{
  "selected_tag": "",
  "bin_dump_file": "",
  "mission_settings": {
    "player": {
      "army": 1,
      "wing": ""
    },
    "player_teamB": {
      "army": 2,
      "wing": ""
    },
    "mission": {
      "level": "levels/berlin.bin",
      "type": "domination",
      "environment": "Day",
      "weather": "hazy",
      "deathPenaltyMulRounds": 0.0,
      "stars": {
        "latitude": 52.5,
        "longitude": 13.0,
        "year": 1945,
        "month": 4,
        "day": 2
      }
    },
    "spectator_points": []
  },
  "imports": {
    "import_record": {
      "file": "gameData/missions/templates/air_templates/gs/assaults_gs_template.blk",
      "importAreas": true,
      "importUnits": true,
      "importTriggers": true,
      "importMissionObjectives": true,
      "importWayPoints": true,
      "showAreas": true,
      "showUnits": true,
      "showTriggers": true,
      "showMissionObjectives": true,
      "showWayPoints": true,
      "excludes": []
    }
  },
  "triggers": {
    "isCategory": true,
    "is_enabled": true
  },
  "mission_objectives": {
    "isCategory": true,
    "is_enabled": true
  },
  "variables": {
    "ai_assaults_saved": 0,
    "ft_helicopters_pad_exclusive": false
  },
  "dialogs": [],
  "airfields": [],
  "effects": [],
  "units": [],
  "areas": {
    "at_area": {
      "type": "Sphere",
      "tm": [
        [5182.69,0.0,-15137.4],
        [0.0,16000.0,0.0],
        [15137.4,0.0,5182.69],
        [18000.0,500.006,-53500.0]
      ],
      "objLayer": 0,
      "props": []
    },
    "at_t2_spawn_01_01": {
      "type": "Point",
      "tm": [
        [0.953194,0.0,0.302365],
        [0.0,1.0,0.0],
        [-0.302365,0.0,0.953194],
        [11368.9,500.006,-57969.4]
      ],
      "objLayer": 0,
      "props": []
    },
    "at_t1_spawn_01_01": {
      "type": "Point",
      "tm": [
        [-0.953194,0.0,-0.302365],
        [0.0,1.0,0.0],
        [0.302365,0.0,-0.953194],
        [25992.3,499.996,-52966.5]
      ],
      "objLayer": 0,
      "props": []
    },
    "at_t2_spawn_01_02": {
      "type": "Point",
      "tm": [
        [0.953194,0.0,0.302365],
        [0.0,1.0,0.0],
        [-0.302365,0.0,0.953194],
        [10019.5,500.006,-54047.5]
      ],
      "objLayer": 0,
      "props": []
    },
    "at_t1_spawn_01_02": {
      "type": "Point",
      "tm": [
        [-0.953194,0.0,-0.302365],
        [0.0,1.0,0.0],
        [0.302365,0.0,-0.953194],
        [24640.1,499.997,-49038.1]
      ],
      "objLayer": 0,
      "props": []
    },
    "at_t2_spawn_02_01": {
      "type": "Point",
      "tm": [
        [0.953194,0.0,0.302365],
        [0.0,1.0,0.0],
        [-0.302365,0.0,0.953194],
        [12586.1,500.006,-59411.8]
      ],
      "objLayer": 0,
      "props": []
    },
    "at_t2_spawn_02_02": {
      "type": "Point",
      "tm": [
        [0.953194,0.0,0.302365],
        [0.0,1.0,0.0],
        [-0.302365,0.0,0.953194],
        [10201.6,500.002,-51980.5]
      ],
      "objLayer": 0,
      "props": []
    },
    "at_t1_spawn_02_01": {
      "type": "Point",
      "tm": [
        [-0.953194,0.0,-0.302365],
        [0.0,1.0,0.0],
        [0.302365,0.0,-0.953194],
        [23266.1,500.003,-47429.0]
      ],
      "objLayer": 0,
      "props": []
    },
    "at_t1_spawn_02_02": {
      "type": "Point",
      "tm": [
        [-0.953194,0.0,-0.302365],
        [0.0,1.0,0.0],
        [0.302365,0.0,-0.953194],
        [25966.4,500.016,-55216.9]
      ],
      "objLayer": 0,
      "props": []
    }
  },
  "objLayers": [],
  "wayPoints": []
}