{
  "selected_tag": "",
  "bin_dump_file": "",
  "mission_settings": {
    "player": {
      "army": 1,
      "wing": "bdt_armada"
    },
    "player_teamB": {
      "army": 2
    },
    "mission": {
      "level": "levels/air_afghan.bin",
      "type": "singleMission",
      "environment": "Day",
      "weather": "hazy",
      "restoreType": "attempts",
      "optionalTakeOff": true
    },
    "spectator_points": {}
  },
  "imports": {
    "import_record": [
      {
        "file": "gameData/missions/templates/enduring_confrontation/bdt_bases_destroy_template.blk",
        "importAreas": true,
        "importUnits": true,
        "importTriggers": true,
        "importMissionObjectives": true,
        "importWayPoints": true,
        "showAreas": true,
        "showUnits": true,
        "showTriggers": true,
        "showMissionObjectives": true,
        "showWayPoints": true,
        "excludes": {}
      },
      {
        "file": "gameData/missions/templates/units_sets/land_sets_aaa_bases/bdt_t1_ussr_rank_01.blk",
        "rankRange": [
          0,
          4
        ],
        "importAreas": true,
        "importUnits": true,
        "importTriggers": true,
        "importMissionObjectives": true,
        "importWayPoints": true,
        "showAreas": true,
        "showUnits": true,
        "showTriggers": true,
        "showMissionObjectives": true,
        "showWayPoints": true,
        "excludes": {}
      },
      {
        "file": "gameData/missions/templates/units_sets/land_sets_aaa_bases/bdt_t1_ussr_rank_02.blk",
        "rankRange": [
          5,
          8
        ],
        "importAreas": true,
        "importUnits": true,
        "importTriggers": true,
        "importMissionObjectives": true,
        "importWayPoints": true,
        "showAreas": true,
        "showUnits": true,
        "showTriggers": true,
        "showMissionObjectives": true,
        "showWayPoints": true,
        "excludes": {}
      },
      {
        "file": "gameData/missions/templates/units_sets/land_sets_aaa_bases/bdt_t1_ussr_rank_03.blk",
        "rankRange": [
          9,
          13
        ],
        "importAreas": true,
        "importUnits": true,
        "importTriggers": true,
        "importMissionObjectives": true,
        "importWayPoints": true,
        "showAreas": true,
        "showUnits": true,
        "showTriggers": true,
        "showMissionObjectives": true,
        "showWayPoints": true,
        "excludes": {}
      },
      {
        "file": "gameData/missions/templates/units_sets/land_sets_aaa_bases/bdt_t1_ussr_rank_04.blk",
        "rankRange": [
          14,
          19
        ],
        "importAreas": true,
        "importUnits": true,
        "importTriggers": true,
        "importMissionObjectives": true,
        "importWayPoints": true,
        "showAreas": true,
        "showUnits": true,
        "showTriggers": true,
        "showMissionObjectives": true,
        "showWayPoints": true,
        "excludes": {}
      },
      {
        "file": "gameData/missions/templates/units_sets/land_sets_aaa_bases/bdt_t1_ussr_rank_05.blk",
        "rankRange": [
          20,
          24
        ],
        "importAreas": true,
        "importUnits": true,
        "importTriggers": true,
        "importMissionObjectives": true,
        "importWayPoints": true,
        "showAreas": true,
        "showUnits": true,
        "showTriggers": true,
        "showMissionObjectives": true,
        "showWayPoints": true,
        "excludes": {}
      },
      {
        "file": "gameData/missions/templates/units_sets/land_sets_aaa_bases/bdt_t1_ussr_rank_06.blk",
        "rankRange": [
          25,
          50
        ],
        "importAreas": true,
        "importUnits": true,
        "importTriggers": true,
        "importMissionObjectives": true,
        "importWayPoints": true,
        "showAreas": true,
        "showUnits": true,
        "showTriggers": true,
        "showMissionObjectives": true,
        "showWayPoints": true,
        "excludes": {}
      },
      {
        "file": "gameData/missions/templates/units_sets/land_sets_aaa_bases/bdt_t2_usa_rank_01.blk",
        "rankRange": [
          0,
          4
        ],
        "importAreas": true,
        "importUnits": true,
        "importTriggers": true,
        "importMissionObjectives": true,
        "importWayPoints": true,
        "showAreas": true,
        "showUnits": true,
        "showTriggers": true,
        "showMissionObjectives": true,
        "showWayPoints": true,
        "excludes": {}
      },
      {
        "file": "gameData/missions/templates/units_sets/land_sets_aaa_bases/bdt_t2_usa_rank_02.blk",
        "rankRange": [
          5,
          8
        ],
        "importAreas": true,
        "importUnits": true,
        "importTriggers": true,
        "importMissionObjectives": true,
        "importWayPoints": true,
        "showAreas": true,
        "showUnits": true,
        "showTriggers": true,
        "showMissionObjectives": true,
        "showWayPoints": true,
        "excludes": {}
      },
      {
        "file": "gameData/missions/templates/units_sets/land_sets_aaa_bases/bdt_t2_usa_rank_03.blk",
        "rankRange": [
          9,
          13
        ],
        "importAreas": true,
        "importUnits": true,
        "importTriggers": true,
        "importMissionObjectives": true,
        "importWayPoints": true,
        "showAreas": true,
        "showUnits": true,
        "showTriggers": true,
        "showMissionObjectives": true,
        "showWayPoints": true,
        "excludes": {}
      },
      {
        "file": "gameData/missions/templates/units_sets/land_sets_aaa_bases/bdt_t2_usa_rank_04.blk",
        "rankRange": [
          14,
          19
        ],
        "importAreas": true,
        "importUnits": true,
        "importTriggers": true,
        "importMissionObjectives": true,
        "importWayPoints": true,
        "showAreas": true,
        "showUnits": true,
        "showTriggers": true,
        "showMissionObjectives": true,
        "showWayPoints": true,
        "excludes": {}
      },
      {
        "file": "gameData/missions/templates/units_sets/land_sets_aaa_bases/bdt_t2_usa_rank_05.blk",
        "rankRange": [
          20,
          24
        ],
        "importAreas": true,
        "importUnits": true,
        "importTriggers": true,
        "importMissionObjectives": true,
        "importWayPoints": true,
        "showAreas": true,
        "showUnits": true,
        "showTriggers": true,
        "showMissionObjectives": true,
        "showWayPoints": true,
        "excludes": {}
      },
      {
        "file": "gameData/missions/templates/units_sets/land_sets_aaa_bases/bdt_t2_usa_rank_06.blk",
        "rankRange": [
          25,
          50
        ],
        "importAreas": true,
        "importUnits": true,
        "importTriggers": true,
        "importMissionObjectives": true,
        "importWayPoints": true,
        "showAreas": true,
        "showUnits": true,
        "showTriggers": true,
        "showMissionObjectives": true,
        "showWayPoints": true,
        "excludes": {}
      }
    ]
  },
  "triggers": {
    "isCategory": true,
    "is_enabled": true,
    "bdt_part_init": {
      "is_enabled": true,
      "comments": "",
      "props": {
        "actionsType": "PERFORM_ONE_BY_ONE",
        "conditionsType": "ALL",
        "enableAfterComplete": false
      },
      "events": {
        "initMission": {}
      },
      "conditions": {},
      "actions": {
        "comment": [
          {
            "value": "set max bases amount +1"
          },
          {
            "value": "enable self restarting for template"
          },
          {
            "value": "increase one-moment bases amount"
          },
          {
            "value": "set min distance between bases"
          }
        ],
        "varSetInt": [
          {
            "value": 21,
            "var": "bdt_t1_total_bases_max_count"
          },
          {
            "value": 21,
            "var": "bdt_t2_total_bases_max_count"
          },
          {
            "value": 5,
            "var": [
              "bdt_t1_active_bases_max_count",
              "bdt_t2_active_bases_max_count"
            ]
          }
        ],
        "varSetBool": {
          "value": true,
          "var": "bdt_self_restart"
        },
        "varSetReal": {
          "value": 15000.0,
          "var": [
            "bdt_t1_min_zone_distance",
            "bdt_t2_min_zone_distance"
          ]
        }
      },
      "else_actions": {}
    }
  },
  "mission_objectives": {
    "isCategory": true,
    "is_enabled": true
  },
  "variables": {},
  "dialogs": {},
  "airfields": {},
  "effects": {},
  "units": {
    "objectGroups": [
      {
        "name": "bdt_t1_bomb_object_01",
        "tm": [
          [
            -0.992548,
            0.0,
            0.121857
          ],
          [
            0.0,
            1.0,
            0.0
          ],
          [
            -0.121857,
            0.0,
            -0.992548
          ],
          [
            1236.9,
            792.188,
            18033.9
          ]
        ],
        "unit_class": "dynBase_small_factory_square",
        "objLayer": 2,
        "props": {
          "army": 1,
          "active": false
        }
      },
      {
        "name": "bdt_t1_bomb_object_02",
        "tm": [
          [
            -0.965927,
            0.0,
            0.258819
          ],
          [
            0.0,
            1.0,
            0.0
          ],
          [
            -0.258819,
            0.0,
            -0.965927
          ],
          [
            23326.6,
            1040.83,
            11687.5
          ]
        ],
        "unit_class": "dynBase_hq_camp_square",
        "objLayer": 2,
        "props": {
          "army": 1,
          "active": false
        }
      },
      {
        "name": "bdt_t1_bomb_object_03",
        "tm": [
          [
            -0.642788,
            0.0,
            0.766044
          ],
          [
            0.0,
            1.0,
            0.0
          ],
          [
            -0.766044,
            0.0,
            -0.642788
          ],
          [
            12028.7,
            1026.28,
            22915.2
          ]
        ],
        "unit_class": "dynBase_petrol_camp_square",
        "objLayer": 2,
        "props": {
          "army": 1,
          "active": false
        }
      },
      {
        "name": "bdt_t1_bomb_object_04",
        "tm": [
          [
            -0.939693,
            0.0,
            0.342021
          ],
          [
            0.0,
            1.0,
            0.0
          ],
          [
            -0.342021,
            0.0,
            -0.939693
          ],
          [
            28775.3,
            1123.67,
            20430.1
          ]
        ],
        "unit_class": "dynBase_field_camp_square",
        "objLayer": 2,
        "props": {
          "army": 1,
          "active": false
        }
      },
      {
        "name": "bdt_t1_bomb_object_05",
        "tm": [
          [
            -0.0871553,
            0.0,
            0.996194
          ],
          [
            0.0,
            1.0,
            0.0
          ],
          [
            -0.996194,
            0.0,
            -0.0871553
          ],
          [
            1311.55,
            771.402,
            6998.7
          ]
        ],
        "unit_class": "dynBase_military_base_square",
        "objLayer": 2,
        "props": {
          "army": 1,
          "active": false
        }
      },
      {
        "name": "bdt_t1_bomb_object_06",
        "tm": [
          [
            -0.999049,
            0.0,
            -0.043619
          ],
          [
            0.0,
            1.0,
            0.0
          ],
          [
            0.043619,
            0.0,
            -0.999049
          ],
          [
            -17334.3,
            137.967,
            7346.21
          ]
        ],
        "unit_class": "dynBase_oil_storage_large_square",
        "objLayer": 2,
        "props": {
          "army": 1,
          "active": false
        }
      },
      {
        "name": "bdt_t1_bomb_object_07",
        "tm": [
          [
            -0.999047,
            0.0,
            -0.0436194
          ],
          [
            0.0,
            1.0,
            0.0
          ],
          [
            0.0436194,
            0.0,
            -0.999047
          ],
          [
            -10602.7,
            518.846,
            20581.0
          ]
        ],
        "unit_class": "dynBase_ammunition_storage_square",
        "objLayer": 2,
        "props": {
          "army": 1,
          "active": false
        }
      },
      {
        "name": "bdt_t1_bomb_object_08",
        "tm": [
          [
            -0.906307,
            0.0,
            -0.422618
          ],
          [
            0.0,
            1.0,
            0.0
          ],
          [
            0.422618,
            0.0,
            -0.906307
          ],
          [
            -19228.3,
            251.043,
            22778.3
          ]
        ],
        "unit_class": "dynBase_oil_storage_small_square",
        "objLayer": 2,
        "props": {
          "army": 1,
          "active": false
        }
      },
      {
        "name": "bdt_t2_bomb_object_01",
        "tm": [
          [
            -0.819153,
            0.0,
            0.573577
          ],
          [
            0.0,
            1.0,
            0.0
          ],
          [
            -0.573577,
            0.0,
            -0.819153
          ],
          [
            -17285.6,
            48.9441,
            -17488.9
          ]
        ],
        "unit_class": "dynBase_hq_camp_square",
        "objLayer": 2,
        "props": {
          "army": 2,
          "active": false
        }
      },
      {
        "name": "bdt_t2_bomb_object_02",
        "tm": [
          [
            -0.505759,
            0.0,
            0.862677
          ],
          [
            0.0,
            1.0,
            0.0
          ],
          [
            -0.862677,
            0.0,
            -0.505759
          ],
          [
            21563.2,
            957.795,
            -21302.2
          ]
        ],
        "unit_class": "dynBase_military_base_square",
        "objLayer": 2,
        "props": {
          "army": 2,
          "active": false
        }
      },
      {
        "name": "bdt_t2_bomb_object_03",
        "tm": [
          [
            0.21644,
            0.0,
            -0.976298
          ],
          [
            0.0,
            1.0,
            0.0
          ],
          [
            0.976298,
            0.0,
            0.21644
          ],
          [
            5616.42,
            1025.69,
            -9752.05
          ]
        ],
        "unit_class": "dynBase_ammunition_camp_square",
        "objLayer": 2,
        "props": {
          "army": 2,
          "active": false
        }
      },
      {
        "name": "bdt_t2_bomb_object_04",
        "tm": [
          [
            -0.923881,
            0.0,
            0.382684
          ],
          [
            0.0,
            1.0,
            0.0
          ],
          [
            -0.382684,
            0.0,
            -0.923881
          ],
          [
            26440.9,
            959.857,
            -15489.4
          ]
        ],
        "unit_class": "dynBase_oil_storage_large_square",
        "objLayer": 2,
        "props": {
          "army": 2,
          "active": false
        }
      },
      {
        "name": "bdt_t2_bomb_object_05",
        "tm": [
          [
            -0.991445,
            0.0,
            0.130526
          ],
          [
            0.0,
            1.0,
            0.0
          ],
          [
            -0.130526,
            0.0,
            -0.991445
          ],
          [
            -2002.52,
            401.71,
            -22531.4
          ]
        ],
        "unit_class": "dynBase_oil_storage_small_square",
        "objLayer": 2,
        "props": {
          "army": 2,
          "active": false
        }
      },
      {
        "name": "bdt_t2_bomb_object_06",
        "tm": [
          [
            -0.866026,
            0.0,
            0.500001
          ],
          [
            0.0,
            1.0,
            0.0
          ],
          [
            -0.500001,
            0.0,
            -0.866026
          ],
          [
            -11196.2,
            156.453,
            -18449.2
          ]
        ],
        "unit_class": "dynBase_petrol_camp_square",
        "objLayer": 2,
        "props": {
          "army": 2,
          "active": false
        }
      },
      {
        "name": "bdt_t2_bomb_object_07",
        "tm": [
          [
            -0.965926,
            0.0,
            0.25882
          ],
          [
            0.0,
            1.0,
            0.0
          ],
          [
            -0.25882,
            0.0,
            -0.965926
          ],
          [
            6535.28,
            941.933,
            -17392.2
          ]
        ],
        "unit_class": "dynBase_ammunition_storage_square",
        "objLayer": 2,
        "props": {
          "army": 2,
          "active": false
        }
      },
      {
        "name": "bdt_t2_bomb_object_08",
        "tm": [
          [
            -0.793353,
            0.0,
            0.608762
          ],
          [
            0.0,
            1.0,
            0.0
          ],
          [
            -0.608762,
            0.0,
            -0.793353
          ],
          [
            -11746.6,
            199.928,
            -8335.2
          ]
        ],
        "unit_class": "dynBase_small_factory_square",
        "objLayer": 2,
        "props": {
          "army": 2,
          "active": false
        }
      },
      {
        "name": "bdt_t1_bomb_object_09",
        "tm": [
          [
            -0.906307,
            0.0,
            -0.422618
          ],
          [
            0.0,
            1.0,
            0.0
          ],
          [
            0.422618,
            0.0,
            -0.906307
          ],
          [
            -7869.24,
            700.94,
            27364.0
          ]
        ],
        "unit_class": "dynBase_oil_storage_small_square",
        "objLayer": 2,
        "props": {
          "army": 1,
          "active": false
        }
      },
      {
        "name": "bdt_t1_bomb_object_10",
        "tm": [
          [
            -0.642788,
            0.0,
            0.766044
          ],
          [
            0.0,
            1.0,
            0.0
          ],
          [
            -0.766044,
            0.0,
            -0.642788
          ],
          [
            -4722.56,
            617.228,
            13841.2
          ]
        ],
        "unit_class": "dynBase_petrol_camp_square",
        "objLayer": 2,
        "props": {
          "army": 1,
          "active": false
        }
      },
      {
        "name": "bdt_t2_bomb_object_09",
        "tm": [
          [
            -0.505759,
            0.0,
            0.862677
          ],
          [
            0.0,
            1.0,
            0.0
          ],
          [
            -0.862677,
            0.0,
            -0.505759
          ],
          [
            29002.7,
            1223.31,
            -25739.0
          ]
        ],
        "unit_class": "dynBase_military_base_square",
        "objLayer": 2,
        "props": {
          "army": 2,
          "active": false
        }
      },
      {
        "name": "bdt_t2_bomb_object_10",
        "tm": [
          [
            -0.991445,
            0.0,
            0.130526
          ],
          [
            0.0,
            1.0,
            0.0
          ],
          [
            -0.130526,
            0.0,
            -0.991445
          ],
          [
            -59533.7,
            210.001,
            -22996.2
          ]
        ],
        "unit_class": "dynBase_oil_storage_small_square",
        "objLayer": 2,
        "props": {
          "army": 2,
          "active": false
        }
      },
      {
        "name": "bdt_t1_bomb_object_11",
        "tm": [
          [
            -0.642788,
            0.0,
            0.766044
          ],
          [
            0.0,
            1.0,
            0.0
          ],
          [
            -0.766044,
            0.0,
            -0.642788
          ],
          [
            13324.1,
            847.631,
            43285.8
          ]
        ],
        "unit_class": "dynBase_petrol_camp_square",
        "objLayer": 2,
        "props": {
          "army": 1,
          "active": false
        }
      },
      {
        "name": "bdt_t1_bomb_object_12",
        "tm": [
          [
            -0.992548,
            0.0,
            0.121857
          ],
          [
            0.0,
            1.0,
            0.0
          ],
          [
            -0.121857,
            0.0,
            -0.992548
          ],
          [
            4533.79,
            810.149,
            39609.4
          ]
        ],
        "unit_class": "dynBase_small_factory_square",
        "objLayer": 2,
        "props": {
          "army": 1,
          "active": false
        }
      },
      {
        "name": "bdt_t1_bomb_object_13",
        "tm": [
          [
            -0.965927,
            0.0,
            0.258819
          ],
          [
            0.0,
            1.0,
            0.0
          ],
          [
            -0.258819,
            0.0,
            -0.965927
          ],
          [
            7438.5,
            890.779,
            27065.9
          ]
        ],
        "unit_class": "dynBase_hq_camp_square",
        "objLayer": 2,
        "props": {
          "army": 1,
          "active": false
        }
      },
      {
        "name": "bdt_t1_bomb_object_14",
        "tm": [
          [
            -0.939693,
            0.0,
            0.342021
          ],
          [
            0.0,
            1.0,
            0.0
          ],
          [
            -0.342021,
            0.0,
            -0.939693
          ],
          [
            28510.4,
            1124.46,
            26555.1
          ]
        ],
        "unit_class": "dynBase_field_camp_square",
        "objLayer": 2,
        "props": {
          "army": 1,
          "active": false
        }
      },
      {
        "name": "bdt_t1_bomb_object_15",
        "tm": [
          [
            -0.642788,
            0.0,
            0.766044
          ],
          [
            0.0,
            1.0,
            0.0
          ],
          [
            -0.766044,
            0.0,
            -0.642788
          ],
          [
            -8629.71,
            643.436,
            39992.4
          ]
        ],
        "unit_class": "dynBase_petrol_camp_square",
        "objLayer": 2,
        "props": {
          "army": 1,
          "active": false
        }
      },
      {
        "name": "bdt_t2_bomb_object_11",
        "tm": [
          [
            -0.991445,
            0.0,
            0.130526
          ],
          [
            0.0,
            1.0,
            0.0
          ],
          [
            -0.130526,
            0.0,
            -0.991445
          ],
          [
            -10723.1,
            38.6398,
            -38726.5
          ]
        ],
        "unit_class": "dynBase_oil_storage_small_square",
        "objLayer": 2,
        "props": {
          "army": 2,
          "active": false
        }
      },
      {
        "name": "bdt_t2_bomb_object_12",
        "tm": [
          [
            -0.965926,
            0.0,
            0.25882
          ],
          [
            0.0,
            1.0,
            0.0
          ],
          [
            -0.25882,
            0.0,
            -0.965926
          ],
          [
            5380.9,
            372.143,
            -41486.9
          ]
        ],
        "unit_class": "dynBase_ammunition_storage_square",
        "objLayer": 2,
        "props": {
          "army": 2,
          "active": false
        }
      },
      {
        "name": "bdt_t2_bomb_object_13",
        "tm": [
          [
            -0.505759,
            0.0,
            0.862677
          ],
          [
            0.0,
            1.0,
            0.0
          ],
          [
            -0.862677,
            0.0,
            -0.505759
          ],
          [
            26828.8,
            1153.36,
            -34397.3
          ]
        ],
        "unit_class": "dynBase_military_base_square",
        "objLayer": 2,
        "props": {
          "army": 2,
          "active": false
        }
      },
      {
        "name": "bdt_t2_bomb_object_14",
        "tm": [
          [
            -0.866026,
            0.0,
            0.500001
          ],
          [
            0.0,
            1.0,
            0.0
          ],
          [
            -0.500001,
            0.0,
            -0.866026
          ],
          [
            -52859.6,
            1225.19,
            -45840.6
          ]
        ],
        "unit_class": "dynBase_petrol_camp_square",
        "objLayer": 2,
        "props": {
          "army": 2,
          "active": false
        }
      },
      {
        "name": "bdt_t2_bomb_object_15",
        "tm": [
          [
            -0.505759,
            0.0,
            0.862677
          ],
          [
            0.0,
            1.0,
            0.0
          ],
          [
            -0.862677,
            0.0,
            -0.505759
          ],
          [
            -14578.7,
            102.687,
            -32214.6
          ]
        ],
        "unit_class": "dynBase_military_base_square",
        "objLayer": 2,
        "props": {
          "army": 2,
          "active": false
        }
      },
      {
        "name": "bdt_t1_bomb_object_16",
        "tm": [
          [
            -0.939693,
            0.0,
            0.342021
          ],
          [
            0.0,
            1.0,
            0.0
          ],
          [
            -0.342021,
            0.0,
            -0.939693
          ],
          [
            -51173.9,
            479.052,
            14534.4
          ]
        ],
        "unit_class": "dynBase_field_camp_square",
        "objLayer": 2,
        "props": {
          "army": 1,
          "active": false
        }
      },
      {
        "name": "bdt_t1_bomb_object_17",
        "tm": [
          [
            -0.939693,
            0.0,
            0.342021
          ],
          [
            0.0,
            1.0,
            0.0
          ],
          [
            -0.342021,
            0.0,
            -0.939693
          ],
          [
            -36070.3,
            105.711,
            45390.5
          ]
        ],
        "unit_class": "dynBase_field_camp_square",
        "objLayer": 2,
        "props": {
          "army": 1,
          "active": false
        }
      },
      {
        "name": "bdt_t1_bomb_object_18",
        "tm": [
          [
            -0.992548,
            0.0,
            0.121857
          ],
          [
            0.0,
            1.0,
            0.0
          ],
          [
            -0.121857,
            0.0,
            -0.992548
          ],
          [
            52621.7,
            885.06,
            26571.2
          ]
        ],
        "unit_class": "dynBase_small_factory_square",
        "objLayer": 2,
        "props": {
          "army": 1,
          "active": false
        }
      },
      {
        "name": "bdt_t1_bomb_object_19",
        "tm": [
          [
            -0.939693,
            0.0,
            0.342021
          ],
          [
            0.0,
            1.0,
            0.0
          ],
          [
            -0.342021,
            0.0,
            -0.939693
          ],
          [
            50736.6,
            964.47,
            10034.9
          ]
        ],
        "unit_class": "dynBase_field_camp_square",
        "objLayer": 2,
        "props": {
          "army": 1,
          "active": false
        }
      },
      {
        "name": "bdt_t1_bomb_object_20",
        "tm": [
          [
            -0.992548,
            0.0,
            0.121857
          ],
          [
            0.0,
            1.0,
            0.0
          ],
          [
            -0.121857,
            0.0,
            -0.992548
          ],
          [
            -38471.9,
            166.385,
            21463.4
          ]
        ],
        "unit_class": "dynBase_small_factory_square",
        "objLayer": 2,
        "props": {
          "army": 1,
          "active": false
        }
      },
      {
        "name": "bdt_t2_bomb_object_16",
        "tm": [
          [
            -0.965926,
            0.0,
            0.25882
          ],
          [
            0.0,
            1.0,
            0.0
          ],
          [
            -0.25882,
            0.0,
            -0.965926
          ],
          [
            -49988.9,
            69.749,
            -24137.0
          ]
        ],
        "unit_class": "dynBase_ammunition_storage_square",
        "objLayer": 2,
        "props": {
          "army": 2,
          "active": false
        }
      },
      {
        "name": "bdt_t2_bomb_object_17",
        "tm": [
          [
            -0.866026,
            0.0,
            0.500001
          ],
          [
            0.0,
            1.0,
            0.0
          ],
          [
            -0.500001,
            0.0,
            -0.866026
          ],
          [
            41720.7,
            1138.64,
            -21916.0
          ]
        ],
        "unit_class": "dynBase_petrol_camp_square",
        "objLayer": 2,
        "props": {
          "army": 2,
          "active": false
        }
      },
      {
        "name": "bdt_t2_bomb_object_18",
        "tm": [
          [
            0.21644,
            0.0,
            -0.976298
          ],
          [
            0.0,
            1.0,
            0.0
          ],
          [
            0.976298,
            0.0,
            0.21644
          ],
          [
            55033.8,
            1267.08,
            -36279.4
          ]
        ],
        "unit_class": "dynBase_ammunition_camp_square",
        "objLayer": 2,
        "props": {
          "army": 2,
          "active": false
        }
      },
      {
        "name": "bdt_t2_bomb_object_19",
        "tm": [
          [
            -0.965926,
            0.0,
            0.25882
          ],
          [
            0.0,
            1.0,
            0.0
          ],
          [
            -0.25882,
            0.0,
            -0.965926
          ],
          [
            56510.6,
            451.028,
            -19848.8
          ]
        ],
        "unit_class": "dynBase_ammunition_storage_square",
        "objLayer": 2,
        "props": {
          "army": 2,
          "active": false
        }
      },
      {
        "name": "bdt_t2_bomb_object_20",
        "tm": [
          [
            -0.505759,
            0.0,
            0.862677
          ],
          [
            0.0,
            1.0,
            0.0
          ],
          [
            -0.862677,
            0.0,
            -0.505759
          ],
          [
            32507.0,
            1021.86,
            -8857.74
          ]
        ],
        "unit_class": "dynBase_military_base_square",
        "objLayer": 2,
        "props": {
          "army": 2,
          "active": false
        }
      }
    ],
    "armada": {
      "name": "bdt_armada",
      "tm": [
        [
          -0.707107,
          0.0,
          0.707106
        ],
        [
          0.0,
          1.0,
          0.0
        ],
        [
          -0.707106,
          0.0,
          -0.707107
        ],
        [
          18651.2,
          5280.21,
          2378.32
        ]
      ],
      "unit_class": "b-17g",
      "objLayer": 1,
      "closed_waypoints": false,
      "isShipSpline": false,
      "shipTurnRadius": 100.0,
      "weapons": "B17G_8x1000lbs",
      "bullets0": "",
      "bullets1": "",
      "bullets2": "",
      "bullets3": "",
      "bulletsCount0": 0,
      "bulletsCount1": 0,
      "bulletsCount2": 0,
      "bulletsCount3": 0,
      "crewSkillK": 0.0,
      "applyAllMods": false,
      "props": {
        "army": 2,
        "count": 1,
        "free_distance": 70.0,
        "floating_distance": 50.0,
        "minimum_distance_to_earth": 20.0,
        "altLimit": 6000.0,
        "attack_type": "fire_at_will",
        "skill": 4,
        "plane": {
          "wing_formation": "Diamond",
          "row_distances": 3.0,
          "col_distances": 3.0,
          "super_formation": "Diamond",
          "super_row_distances": 1.5,
          "super_col_distances": 1.5,
          "ai_skill": "NORMAL",
          "task": "FLY_WAYPOINT"
        }
      },
      "way": {}
    }
  },
  "areas": {
    "bdt_t1_bomb_zone_01": {
      "type": "Sphere",
      "tm": [
        [
          -250.0,
          0.0,
          433.012
        ],
        [
          0.0,
          500.0,
          0.0
        ],
        [
          -433.012,
          0.0,
          -250.0
        ],
        [
          1235.56,
          792.338,
          18043.0
        ]
      ],
      "objLayer": 0,
      "props": {}
    },
    "bdt_t1_bomb_zone_02": {
      "type": "Sphere",
      "tm": [
        [
          -469.847,
          0.0,
          171.01
        ],
        [
          0.0,
          500.0,
          0.0
        ],
        [
          -171.01,
          0.0,
          -469.847
        ],
        [
          23326.3,
          1040.64,
          11684.3
        ]
      ],
      "objLayer": 0,
      "props": {}
    },
    "bdt_t1_bomb_zone_03": {
      "type": "Sphere",
      "tm": [
        [
          -286.788,
          0.0,
          409.576
        ],
        [
          0.0,
          500.0,
          0.0
        ],
        [
          -409.576,
          0.0,
          -286.788
        ],
        [
          12049.2,
          1026.37,
          22920.7
        ]
      ],
      "objLayer": 0,
      "props": {}
    },
    "bdt_t1_bomb_zone_04": {
      "type": "Sphere",
      "tm": [
        [
          -353.554,
          0.0,
          353.554
        ],
        [
          0.0,
          500.0,
          0.0
        ],
        [
          -353.554,
          0.0,
          -353.554
        ],
        [
          28766.6,
          1123.65,
          20433.2
        ]
      ],
      "objLayer": 0,
      "props": {}
    },
    "bdt_t1_bomb_zone_05": {
      "type": "Sphere",
      "tm": [
        [
          171.01,
          0.0,
          469.847
        ],
        [
          0.0,
          500.0,
          0.0
        ],
        [
          -469.847,
          0.0,
          171.01
        ],
        [
          1314.9,
          771.442,
          6998.62
        ]
      ],
      "objLayer": 0,
      "props": {}
    },
    "bdt_t1_bomb_zone_06": {
      "type": "Sphere",
      "tm": [
        [
          -495.722,
          0.0,
          65.2631
        ],
        [
          0.0,
          500.0,
          0.0
        ],
        [
          -65.2631,
          0.0,
          -495.722
        ],
        [
          -17331.2,
          137.867,
          7342.71
        ]
      ],
      "objLayer": 0,
      "props": {}
    },
    "bdt_t1_bomb_zone_07": {
      "type": "Sphere",
      "tm": [
        [
          -409.577,
          0.0,
          286.789
        ],
        [
          0.0,
          500.0,
          0.0
        ],
        [
          -286.789,
          0.0,
          -409.577
        ],
        [
          -10608.6,
          519.016,
          20587.6
        ]
      ],
      "objLayer": 0,
      "props": {}
    },
    "bdt_t1_bomb_zone_08": {
      "type": "Sphere",
      "tm": [
        [
          -488.149,
          0.0,
          108.22
        ],
        [
          0.0,
          500.0,
          0.0
        ],
        [
          -108.22,
          0.0,
          -488.149
        ],
        [
          -19234.2,
          251.293,
          22781.3
        ]
      ],
      "objLayer": 0,
      "props": {}
    },
    "bdt_t2_bomb_zone_01": {
      "type": "Sphere",
      "tm": [
        [
          -150.353,
          0.0,
          476.859
        ],
        [
          0.0,
          500.0,
          0.0
        ],
        [
          -476.859,
          0.0,
          -150.353
        ],
        [
          -17283.2,
          48.9041,
          -17478.6
        ]
      ],
      "objLayer": 0,
      "props": {}
    },
    "bdt_t2_bomb_zone_02": {
      "type": "Sphere",
      "tm": [
        [
          61.9591,
          0.0,
          496.146
        ],
        [
          0.0,
          500.0,
          0.0
        ],
        [
          -496.146,
          0.0,
          61.9591
        ],
        [
          21562.0,
          956.935,
          -21309.6
        ]
      ],
      "objLayer": 0,
      "props": {}
    },
    "bdt_t2_bomb_zone_03": {
      "type": "Sphere",
      "tm": [
        [
          -171.01,
          0.0,
          469.846
        ],
        [
          0.0,
          500.0,
          0.0
        ],
        [
          -469.846,
          0.0,
          -171.01
        ],
        [
          5624.02,
          999.34,
          -9740.95
        ]
      ],
      "objLayer": 0,
      "props": {}
    },
    "bdt_t2_bomb_zone_04": {
      "type": "Sphere",
      "tm": [
        [
          -250.0,
          0.0,
          433.013
        ],
        [
          0.0,
          500.0,
          0.0
        ],
        [
          -433.013,
          0.0,
          -250.0
        ],
        [
          26432.8,
          961.607,
          -15478.9
        ]
      ],
      "objLayer": 0,
      "props": {}
    },
    "bdt_t2_bomb_zone_05": {
      "type": "Sphere",
      "tm": [
        [
          -353.554,
          0.0,
          353.554
        ],
        [
          0.0,
          500.0,
          0.0
        ],
        [
          -353.554,
          0.0,
          -353.554
        ],
        [
          -2009.66,
          400.52,
          -22530.7
        ]
      ],
      "objLayer": 0,
      "props": {}
    },
    "bdt_t2_bomb_zone_06": {
      "type": "Sphere",
      "tm": [
        [
          -86.8242,
          0.0,
          492.403
        ],
        [
          0.0,
          500.0,
          0.0
        ],
        [
          -492.403,
          0.0,
          -86.8242
        ],
        [
          -11204.3,
          157.923,
          -18450.0
        ]
      ],
      "objLayer": 0,
      "props": {}
    },
    "bdt_t2_bomb_zone_07": {
      "type": "Sphere",
      "tm": [
        [
          -353.554,
          0.0,
          353.554
        ],
        [
          0.0,
          500.0,
          0.0
        ],
        [
          -353.554,
          0.0,
          -353.554
        ],
        [
          6527.52,
          939.543,
          -17415.5
        ]
      ],
      "objLayer": 0,
      "props": {}
    },
    "bdt_t2_bomb_zone_08": {
      "type": "Sphere",
      "tm": [
        [
          -353.554,
          0.0,
          353.554
        ],
        [
          0.0,
          500.0,
          0.0
        ],
        [
          -353.554,
          0.0,
          -353.554
        ],
        [
          -11734.2,
          198.038,
          -8340.78
        ]
      ],
      "objLayer": 0,
      "props": {}
    },
    "bdt_center_area": {
      "type": "Box",
      "tm": [
        [
          -124000.0,
          0.0,
          0.0
        ],
        [
          0.0,
          500.0,
          0.0
        ],
        [
          0.0,
          0.0,
          -11000.0
        ],
