{
  "selected_tag": "",
  "bin_dump_file": "",
  "mission_settings": {
    "player": {
      "army": 1
    },
    "player_teamB": {
      "army": 2
    },
    "mission": {
      "type": "singleMission",
      "level": "levels/water.bin",
      "environment": "Day",
      "weather": "hazy"
    }
  },
  "imports": {
    "import_record": [
      {
        "file": "gameData/missions/templates/enduring_confrontation/cnv_convoys_template.blk",
        "importAreas": true,
        "importUnits": true,
        "importTriggers": true,
        "importMissionObjectives": true,
        "importWayPoints": true,
        "showAreas": true,
        "showUnits": true,
        "showTriggers": true,
        "showMissionObjectives": true,
        "showWayPoints": true,
        "excludes": {}
      },
      {
        "file": "gameData/missions/templates/units_sets/land_sets_convoys/cnv_t1_ussr_rank_01.blk",
        "rankRange": [
          0,
          4
        ],
        "importAreas": true,
        "importUnits": true,
        "importTriggers": true,
        "importMissionObjectives": true,
        "importWayPoints": true,
        "showAreas": true,
        "showUnits": true,
        "showTriggers": true,
        "showMissionObjectives": true,
        "showWayPoints": true,
        "excludes": {}
      },
      {
        "file": "gameData/missions/templates/units_sets/land_sets_convoys/cnv_t1_ussr_rank_02.blk",
        "rankRange": [
          5,
          8
        ],
        "importAreas": true,
        "importUnits": true,
        "importTriggers": true,
        "importMissionObjectives": true,
        "importWayPoints": true,
        "showAreas": true,
        "showUnits": true,
        "showTriggers": true,
        "showMissionObjectives": true,
        "showWayPoints": true,
        "excludes": {}
      },
      {
        "file": "gameData/missions/templates/units_sets/land_sets_convoys/cnv_t1_ussr_rank_03.blk",
        "rankRange": [
          9,
          13
        ],
        "importAreas": true,
        "importUnits": true,
        "importTriggers": true,
        "importMissionObjectives": true,
        "importWayPoints": true,
        "showAreas": true,
        "showUnits": true,
        "showTriggers": true,
        "showMissionObjectives": true,
        "showWayPoints": true,
        "excludes": {}
      },
      {
        "file": "gameData/missions/templates/units_sets/land_sets_convoys/cnv_t1_ussr_rank_04.blk",
        "rankRange": [
          14,
          19
        ],
        "importAreas": true,
        "importUnits": true,
        "importTriggers": true,
        "importMissionObjectives": true,
        "importWayPoints": true,
        "showAreas": true,
        "showUnits": true,
        "showTriggers": true,
        "showMissionObjectives": true,
        "showWayPoints": true,
        "excludes": {}
      },
      {
        "file": "gameData/missions/templates/units_sets/land_sets_convoys/cnv_t1_ussr_rank_05.blk",
        "rankRange": [
          20,
          24
        ],
        "importAreas": true,
        "importUnits": true,
        "importTriggers": true,
        "importMissionObjectives": true,
        "importWayPoints": true,
        "showAreas": true,
        "showUnits": true,
        "showTriggers": true,
        "showMissionObjectives": true,
        "showWayPoints": true,
        "excludes": {}
      },
      {
        "file": "gameData/missions/templates/units_sets/land_sets_convoys/cnv_t1_ussr_rank_06.blk",
        "rankRange": [
          25,
          28
        ],
        "importAreas": true,
        "importUnits": true,
        "importTriggers": true,
        "importMissionObjectives": true,
        "importWayPoints": true,
        "showAreas": true,
        "showUnits": true,
        "showTriggers": true,
        "showMissionObjectives": true,
        "showWayPoints": true,
        "excludes": {}
      },
      {
        "file": "gameData/missions/templates/units_sets/land_sets_convoys/cnv_t1_ussr_rank_07.blk",
        "rankRange": [
          29,
          50
        ],
        "importAreas": true,
        "importUnits": true,
        "importTriggers": true,
        "importMissionObjectives": true,
        "importWayPoints": true,
        "showAreas": true,
        "showUnits": true,
        "showTriggers": true,
        "showMissionObjectives": true,
        "showWayPoints": true,
        "excludes": {}
      },
      {
        "file": "gameData/missions/templates/units_sets/land_sets_convoys/cnv_t2_usa_rank_01.blk",
        "rankRange": [
          0,
          4
        ],
        "importAreas": true,
        "importUnits": true,
        "importTriggers": true,
        "importMissionObjectives": true,
        "importWayPoints": true,
        "showAreas": true,
        "showUnits": true,
        "showTriggers": true,
        "showMissionObjectives": true,
        "showWayPoints": true,
        "excludes": {}
      },
      {
        "file": "gameData/missions/templates/units_sets/land_sets_convoys/cnv_t2_usa_rank_02.blk",
        "rankRange": [
          5,
          8
        ],
        "importAreas": true,
        "importUnits": true,
        "importTriggers": true,
        "importMissionObjectives": true,
        "importWayPoints": true,
        "showAreas": true,
        "showUnits": true,
        "showTriggers": true,
        "showMissionObjectives": true,
        "showWayPoints": true,
        "excludes": {}
      },
      {
        "file": "gameData/missions/templates/units_sets/land_sets_convoys/cnv_t2_usa_rank_03.blk",
        "rankRange": [
          9,
          13
        ],
        "importAreas": true,
        "importUnits": true,
        "importTriggers": true,
        "importMissionObjectives": true,
        "importWayPoints": true,
        "showAreas": true,
        "showUnits": true,
        "showTriggers": true,
        "showMissionObjectives": true,
        "showWayPoints": true,
        "excludes": {}
      },
      {
        "file": "gameData/missions/templates/units_sets/land_sets_convoys/cnv_t2_usa_rank_04.blk",
        "rankRange": [
          14,
          19
        ],
        "importAreas": true,
        "importUnits": true,
        "importTriggers": true,
        "importMissionObjectives": true,
        "importWayPoints": true,
        "showAreas": true,
        "showUnits": true,
        "showTriggers": true,
        "showMissionObjectives": true,
        "showWayPoints": true,
        "excludes": {}
      },
      {
        "file": "gameData/missions/templates/units_sets/land_sets_convoys/cnv_t2_usa_rank_05.blk",
        "rankRange": [
          20,
          24
        ],
        "importAreas": true,
        "importUnits": true,
        "importTriggers": true,
        "importMissionObjectives": true,
        "importWayPoints": true,
        "showAreas": true,
        "showUnits": true,
        "showTriggers": true,
        "showMissionObjectives": true,
        "showWayPoints": true,
        "excludes": {}
      },
      {
        "file": "gameData/missions/templates/units_sets/land_sets_convoys/cnv_t2_usa_rank_06.blk",
        "rankRange": [
          25,
          28
        ],
        "importAreas": true,
        "importUnits": true,
        "importTriggers": true,
        "importMissionObjectives": true,
        "importWayPoints": true,
        "showAreas": true,
        "showUnits": true,
        "showTriggers": true,
        "showMissionObjectives": true,
        "showWayPoints": true,
        "excludes": {}
      },
      {
        "file": "gameData/missions/templates/units_sets/land_sets_convoys/cnv_t2_usa_rank_07.blk",
        "rankRange": [
          29,
          50
        ],
        "importAreas": true,
        "importUnits": true,
        "importTriggers": true,
        "importMissionObjectives": true,
        "importWayPoints": true,
        "showAreas": true,
        "showUnits": true,
        "showTriggers": true,
        "showMissionObjectives": true,
        "showWayPoints": true,
        "excludes": {}
      }
    ]
  },
  "triggers": {
    "isCategory": true,
    "is_enabled": true,
    "cnv_part_init": {
      "is_enabled": true,
      "comments": "",
      "props": {
        "actionsType": "PERFORM_ONE_BY_ONE",
        "conditionsType": "ALL",
        "enableAfterComplete": false
      },
      "events": {
        "initMission": {}
      },
      "conditions": {},
      "actions": {
        "comment": [
          {
            "value": "sets 2 convoys for team A"
          },
          {
            "value": "sets 2 convoy to team B"
          },
          {
            "value": "max avaiable road index PLUS ONE"
          },
          {
            "value": "clearing stones"
          }
        ],
        "varSetInt": [
          {
            "value": 2,
            "var": "cnv_t1_max_convoys_num"
          },
          {
            "value": 2,
            "var": "cnv_t2_max_convoys_num"
          },
          {
            "value": 24,
            "var": "cnv_max_roads"
          },
          {
            "value": 24,
            "var": "cnv_t1_max_roads"
          },
          {
            "value": 21,
            "var": "cnv_t2_max_roads"
          }
        ],
        "missionDestroyArea": {
          "target_type": "ALL",
          "area": "clear_stone_areas_squad"
        }
      },
      "else_actions": {}
    }
  },
  "mission_objectives": {
    "isCategory": true,
    "is_enabled": true
  },
  "variables": {},
  "dialogs": {},
  "airfields": {},
  "effects": {},
  "units": {
    "squad": [
      {
        "name": "cnv_all_convoys_squad",
        "tm": [
          [
            1.0,
            0.0,
            0.0
          ],
          [
            0.0,
            1.0,
            0.0
          ],
          [
            0.0,
            0.0,
            1.0
          ],
          [
            51561.9,
            -5.15,
            2806.65
          ]
        ],
        "props": {
          "squad_members": [
            "cnv_t1_all_convoys_squad",
            "cnv_t2_all_convoys_squad"
          ],
          "object_marking": 0
        }
      },
      {
        "name": "bridges_squad",
        "tm": [
          [
            1.0,
            0.0,
            0.0
          ],
          [
            0.0,
            1.0,
            0.0
          ],
          [
            0.0,
            0.0,
            1.0
          ],
          [
            10569.2,
            1.55,
            -13905.0
          ]
        ],
        "props": {
          "squad_members": "fake_bridge",
          "object_marking": 0
        }
      }
    ],
    "structures": {
      "name": "fake_bridge",
      "tm": [
        [
          1.0,
          0.0,
          0.0
        ],
        [
          0.0,
          1.0,
          0.0
        ],
        [
          0.0,
          0.0,
          1.0
        ],
        [
          -46520.9,
          -11645.6,
          823911.0
        ]
      ],
      "unit_class": "dummy_immortal",
      "objLayer": 1,
      "closed_waypoints": false,
      "isShipSpline": false,
      "shipTurnRadius": 100.0,
      "weapons": "",
      "bullets0": "",
      "bullets1": "",
      "bullets2": "",
      "bullets3": "",
      "bulletsCount0": 0,
      "bulletsCount1": 0,
      "bulletsCount2": 0,
      "bulletsCount3": 0,
      "crewSkillK": 0.0,
      "applyAllMods": false,
      "props": {
        "army": 2,
        "count": 1,
        "formation_type": "rows",
        "formation_div": 3,
        "formation_step": [
          2.5,
          2.0
        ],
        "formation_noise": [
          0.1,
          0.1
        ],
        "isDelayed": true,
        "stealthRadius": 0.0,
        "setStealth": true
      },
      "way": {}
    },
    "area_squad": {
      "name": "clear_stone_areas_squad",
      "tm": [
        [
          1.0,
          0.0,
          0.0
        ],
        [
          0.0,
          1.0,
          0.0
        ],
        [
          0.0,
          0.0,
          1.0
        ],
        [
          2977.99,
          637.668,
          258.773
        ]
      ],
      "props": {
        "squad_members": [
          "clear_stone_area_01",
          "clear_stone_area_02",
          "clear_stone_area_03",
          "clear_stone_area_04",
          "clear_stone_area_05",
          "clear_stone_area_06",
          "clear_stone_area_07"
        ]
      }
    }
  },
  "areas": {
    "clear_stone_area_01": {
      "type": "Box",
      "tm": [
        [
          19.0772,
          0.0,
          1.66904
        ],
        [
          0.0,
          7.05739,
          0.0
        ],
        [
          -12.4223,
          0.0,
          141.988
        ],
        [
          1993.95,
          632.316,
          2052.49
        ]
      ],
      "objLayer": 0,
      "props": {}
    },
    "clear_stone_area_02": {
      "type": "Box",
      "tm": [
        [
          19.0772,
          0.0,
          1.66904
        ],
        [
          0.0,
          7.05739,
          0.0
        ],
        [
          -12.4223,
          0.0,
          141.988
        ],
        [
          1928.71,
          628.893,
          2863.09
        ]
      ],
      "objLayer": 0,
      "props": {}
    },
    "clear_stone_area_03": {
      "type": "Box",
      "tm": [
        [
          14.6698,
          0.0,
          -12.3095
        ],
        [
          0.0,
          7.05739,
          0.0
        ],
        [
          91.6168,
          0.0,
          109.185
        ],
        [
          2811.28,
          668.444,
          1656.22
        ]
      ],
      "objLayer": 0,
      "props": {}
    },
    "clear_stone_area_04": {
      "type": "Box",
      "tm": [
        [
          18.8592,
          0.0,
          3.32538
        ],
        [
          0.0,
          7.05739,
          0.0
        ],
        [
          -24.7501,
          0.0,
          140.365
        ],
        [
          2676.08,
          668.444,
          1774.02
        ]
      ],
      "objLayer": 0,
      "props": {}
    },
    "clear_stone_area_05": {
      "type": "Box",
      "tm": [
        [
          14.1189,
          0.0,
          -12.9376
        ],
        [
          0.0,
          7.05739,
          0.0
        ],
        [
          96.2921,
          0.0,
          105.084
        ],
        [
          3998.86,
          693.511,
          2398.7
        ]
      ],
      "objLayer": 0,
      "props": {}
    },
    "clear_stone_area_06": {
      "type": "Box",
      "tm": [
        [
          9.57505,
          0.0,
          -16.5845
        ],
        [
          0.0,
          7.05739,
          0.0
        ],
        [
          123.435,
          0.0,
          71.2652
        ],
        [
          2483.15,
          659.509,
          2421.39
        ]
      ],
      "objLayer": 0,
      "props": {}
    },
    "clear_stone_area_07": {
      "type": "Box",
      "tm": [
        [
          13.5412,
          0.0,
          -13.5412
        ],
        [
          0.0,
          7.05739,
          0.0
        ],
        [
          100.784,
          0.0,
          100.784
        ],
        [
          2598.88,
          668.802,
          2512.36
        ]
      ],
      "objLayer": 0,
      "props": {}
    },
    "cnv_t1_road_01_spawn": {
      "type": "Point",
      "tm": [
        [
          0.300706,
          0.0,
          -0.953717
        ],
        [
          0.0,
          1.0,
          0.0
        ],
        [
          0.953717,
          0.0,
          0.300706
        ],
        [
          -51701.6,
          58.8846,
          53771.0
        ]
      ],
      "objLayer": 0,
      "props": {}
    },
    "cnv_t1_road_02_spawn": {
      "type": "Point",
      "tm": [
        [
          0.173648,
          0.0,
          -0.984808
        ],
        [
          0.0,
          1.0,
          0.0
        ],
        [
          0.984808,
          0.0,
          0.173648
        ],
        [
          -45094.2,
          65.4346,
          54097.2
        ]
      ],
      "objLayer": 0,
      "props": {}
    },
    "cnv_t1_road_03_spawn": {
      "type": "Point",
      "tm": [
        [
          0.793353,
          0.0,
          -0.608761
        ],
        [
          0.0,
          1.0,
          0.0
        ],
        [
          0.608761,
          0.0,
          0.793353
        ],
        [
          -27674.2,
          403.721,
          53533.0
        ]
      ],
      "objLayer": 0,
      "props": {}
    },
    "cnv_t1_road_04_spawn": {
      "type": "Point",
      "tm": [
        [
          7.54979E-08,
          0.0,
          -1.0
        ],
        [
          0.0,
          1.0,
          0.0
        ],
        [
          1.0,
          0.0,
          7.54979E-08
        ],
        [
          -4333.76,
          596.489,
          52839.9
        ]
      ],
      "objLayer": 0,
      "props": {}
    },
    "cnv_t1_road_05_spawn": {
      "type": "Point",
      "tm": [
        [
          0.573576,
          0.0,
          -0.819152
        ],
        [
          0.0,
          1.0,
          0.0
        ],
        [
          0.819152,
          0.0,
          0.573576
        ],
        [
          32785.2,
          755.02,
          52713.5
        ]
      ],
      "objLayer": 0,
      "props": {}
    },
    "cnv_t1_road_06_spawn": {
      "type": "Point",
      "tm": [
        [
          0.0436195,
          0.0,
          -0.999048
        ],
        [
          0.0,
          1.0,
          0.0
        ],
        [
          0.999048,
          0.0,
          0.0436195
        ],
        [
          8113.93,
          690.802,
          51008.8
        ]
      ],
      "objLayer": 0,
      "props": {}
    },
    "cnv_t1_road_07_spawn": {
      "type": "Point",
      "tm": [
        [
          -0.737277,
          0.0,
          -0.67559
        ],
        [
          0.0,
          1.0,
          0.0
        ],
        [
          0.67559,
          0.0,
          -0.737277
        ],
        [
          32217.7,
          877.501,
          40715.1
        ]
      ],
      "objLayer": 0,
      "props": {}
    },
    "cnv_t1_road_08_spawn": {
      "type": "Point",
      "tm": [
        [
          -0.793353,
          0.0,
          -0.608761
        ],
        [
          0.0,
          1.0,
          0.0
        ],
        [
          0.608761,
          0.0,
          -0.793353
        ],
        [
          20527.8,
          926.791,
          40322.1
        ]
      ],
      "objLayer": 0,
      "props": {}
    },
    "cnv_t1_road_09_spawn": {
      "type": "Point",
      "tm": [
        [
          -0.0436193,
          0.0,
          -0.999048
        ],
        [
          0.0,
          1.0,
          0.0
        ],
        [
          0.999048,
          0.0,
          -0.0436193
        ],
        [
          -5141.28,
          721.282,
          38102.4
        ]
      ],
      "objLayer": 0,
      "props": {}
    },
    "cnv_t1_road_10_spawn": {
      "type": "Point",
      "tm": [
        [
          0.173648,
          0.0,
          -0.984808
        ],
        [
          0.0,
          1.0,
          0.0
        ],
        [
          0.984808,
          0.0,
          0.173648
        ],
        [
          -18070.6,
          570.149,
          38317.2
        ]
      ],
      "objLayer": 0,
      "props": {}
    },
    "cnv_t1_road_11_spawn": {
      "type": "Point",
      "tm": [
        [
          0.92388,
          0.0,
          -0.382683
        ],
        [
          0.0,
          1.0,
          0.0
        ],
        [
          0.382683,
          0.0,
          0.92388
        ],
        [
          -35560.5,
          71.991,
          40468.8
        ]
      ],
      "objLayer": 0,
      "props": {}
    },
    "cnv_t1_road_12_spawn": {
      "type": "Point",
      "tm": [
        [
          0.67559,
          0.0,
          -0.737277
        ],
        [
          0.0,
          1.0,
          0.0
        ],
        [
          0.737277,
          0.0,
          0.67559
        ],
        [
          -53190.7,
          75.9935,
          38201.0
        ]
      ],
      "objLayer": 0,
      "props": {}
    },
    "cnv_t1_road_13_spawn": {
      "type": "Point",
      "tm": [
        [
          0.5373,
          0.0,
          -0.843391
        ],
        [
          0.0,
          1.0,
          0.0
        ],
        [
          0.843391,
          0.0,
          0.5373
        ],
        [
          -39415.2,
          78.7679,
          25933.4
        ]
      ],
      "objLayer": 0,
      "props": {}
    },
    "cnv_t1_road_14_spawn": {
      "type": "Point",
      "tm": [
        [
          -0.422618,
          0.0,
          -0.906308
        ],
        [
          0.0,
          1.0,
          0.0
        ],
        [
          0.906308,
          0.0,
          -0.422618
        ],
        [
          -25404.2,
          89.6121,
          24605.4
        ]
      ],
      "objLayer": 0,
      "props": {}
    },
    "cnv_t1_road_15_spawn": {
      "type": "Point",
      "tm": [
        [
          -0.608761,
          0.0,
          -0.793353
        ],
        [
          0.0,
          1.0,
          0.0
        ],
        [
          0.793353,
          0.0,
          -0.608761
        ],
        [
          -14336.1,
          479.971,
          25143.4
        ]
      ],
      "objLayer": 0,
      "props": {}
    },
    "cnv_t1_road_16_spawn": {
      "type": "Point",
      "tm": [
        [
          0.34202,
          0.0,
          -0.939693
        ],
        [
          0.0,
          1.0,
          0.0
        ],
        [
          0.939693,
          0.0,
          0.34202
        ],
        [
          -4029.04,
          686.127,
          23372.6
        ]
      ],
      "objLayer": 0,
      "props": {}
    },
    "cnv_t1_road_17_spawn": {
      "type": "Point",
      "tm": [
        [
          0.130526,
          0.0,
          -0.991445
        ],
        [
          0.0,
          1.0,
          0.0
        ],
        [
          0.991445,
          0.0,
          0.130526
        ],
        [
          20201.8,
          982.363,
          22556.9
        ]
      ],
      "objLayer": 0,
      "props": {}
    },
    "cnv_t1_road_18_spawn": {
      "type": "Point",
      "tm": [
        [
          0.300706,
          0.0,
          -0.953717
        ],
        [
          0.0,
          1.0,
          0.0
        ],
        [
          0.953717,
          0.0,
          0.300706
        ],
        [
          37749.8,
          1003.9,
          22406.3
        ]
      ],
      "objLayer": 0,
      "props": {}
    },
    "cnv_t1_road_19_spawn": {
      "type": "Point",
      "tm": [
        [
          0.965926,
          0.0,
          -0.258819
        ],
        [
          0.0,
          1.0,
          0.0
        ],
        [
          0.258819,
          0.0,
          0.965926
        ],
        [
          42254.0,
          936.798,
          9441.38
        ]
      ],
      "objLayer": 0,
      "props": {}
    },
    "cnv_t1_road_20_spawn": {
      "type": "Point",
      "tm": [
        [
          7.54979E-08,
          0.0,
          -1.0
        ],
        [
          0.0,
          1.0,
          0.0
        ],
        [
          1.0,
          0.0,
          7.54979E-08
        ],
        [
          29836.6,
          1075.28,
          7747.66
        ]
      ],
      "objLayer": 0,
      "props": {}
    },
    "cnv_t1_road_21_spawn": {
      "type": "Point",
      "tm": [
        [
          0.642788,
          0.0,
          -0.766044
        ],
        [
          0.0,
          1.0,
          0.0
        ],
        [
          0.766044,
          0.0,
          0.642788
        ],
        [
          642.712,
          708.188,
          7388.52
        ]
      ],
      "objLayer": 0,
      "props": {}
    },
    "cnv_t1_road_22_spawn": {
      "type": "Point",
      "tm": [
        [
          0.300706,
          0.0,
          -0.953717
        ],
        [
          0.0,
          1.0,
          0.0
        ],
        [
          0.953717,
          0.0,
          0.300706
        ],
        [
          -11636.6,
          306.393,
          7149.53
        ]
      ],
      "objLayer": 0,
      "props": {}
    },
    "cnv_t1_road_23_spawn": {
      "type": "Point",
      "tm": [
        [
          0.173648,
          0.0,
          -0.984808
        ],
        [
          0.0,
          1.0,
          0.0
        ],
        [
          0.984808,
          0.0,
          0.173648
        ],
        [
          -24405.8,
          54.3287,
          5486.8
        ]
      ],
      "objLayer": 0,
      "props": {}
    },
    "cnv_t2_road_01_spawn": {
      "type": "Point",
      "tm": [
        [
          -0.461748,
          0.0,
          0.887011
        ],
        [
          0.0,
          1.0,
          0.0
        ],
        [
          -0.887011,
          0.0,
          -0.461748
        ],
        [
          -44947.5,
          1060.46,
          -53268.4
        ]
      ],
      "objLayer": 0,
      "props": {}
    },
    "cnv_t2_road_02_spawn": {
      "type": "Point",
      "tm": [
        [
          0.21644,
          0.0,
          0.976296
        ],
        [
          0.0,
          1.0,
          0.0
        ],
        [
          -0.976296,
          0.0,
          0.21644
        ],
        [
          -1140.76,
          30.9701,
          -56304.9
        ]
      ],
      "objLayer": 0,
      "props": {}
    },
    "cnv_t2_road_03_spawn": {
      "type": "Point",
      "tm": [
        [
          -0.573576,
          0.0,
          0.819152
        ],
        [
          0.0,
          1.0,
          0.0
        ],
        [
          -0.819152,
          0.0,
          -0.573576
        ],
        [
          18706.3,
          547.903,
          -56777.6
        ]
      ],
      "objLayer": 0,
      "props": {}
    },
    "cnv_t2_road_04_spawn": {
      "type": "Point",
      "tm": [
        [
          0.843391,
          0.0,
          0.5373
        ],
        [
          0.0,
          1.0,
          0.0
        ],
        [
          -0.5373,
          0.0,
          0.843391
        ],
        [
          30357.1,
          770.52,
          -57325.8
        ]
      ],
      "objLayer": 0,
      "props": {}
    },
    "cnv_t2_road_05_spawn": {
      "type": "Point",
      "tm": [
        [
          0.461749,
          0.0,
          0.887011
        ],
        [
          0.0,
          1.0,
          0.0
        ],
        [
          -0.887011,
          0.0,
          0.461749
        ],
        [
          41425.0,
          972.141,
          -59578.7
        ]
      ],
      "objLayer": 0,
      "props": {}
    },
    "cnv_t2_road_06_spawn": {
      "type": "Point",
      "tm": [
        [
          -0.34202,
          0.0,
          0.939693
        ],
        [
          0.0,
          1.0,
          0.0
        ],
        [
          -0.939693,
          0.0,
          -0.34202
        ],
        [
          45739.8,
          1166.04,
          -42872.2
        ]
      ],
      "objLayer": 0,
      "props": {}
    },
    "cnv_t2_road_07_spawn": {
      "type": "Point",
      "tm": [
        [
          0.642788,
          0.0,
          0.766044
        ],
        [
          0.0,
          1.0,
          0.0
        ],
        [
          -0.766044,
          0.0,
          0.642788
        ],
        [
          31766.6,
          1218.45,
          -40912.7
        ]
      ],
      "objLayer": 0,
      "props": {}
    },
    "cnv_t2_road_08_spawn": {
      "type": "Point",
      "tm": [
        [
          0.300706,
          0.0,
          0.953717
        ],
        [
          0.0,
          1.0,
          0.0
        ],
        [
          -0.953717,
          0.0,
          0.300706
        ],
        [
          8013.21,
          408.496,
          -40699.6
        ]
      ],
      "objLayer": 0,
      "props": {}
    },
    "cnv_t2_road_09_spawn": {
      "type": "Point",
      "tm": [
        [
          -0.0871556,
          0.0,
          0.996195
        ],
        [
          0.0,
          1.0,
          0.0
        ],
        [
          -0.996195,
          0.0,
          -0.0871556
        ],
        [
          -6689.34,
          105.335,
          -41971.0
        ]
      ],
      "objLayer": 0,
      "props": {}
    },
    "cnv_t2_road_10_spawn": {
      "type": "Point",
      "tm": [
        [
          -0.130526,
          0.0,
          0.991445
        ],
        [
          0.0,
          1.0,
          0.0
        ],
        [
          -0.991445,
          0.0,
          -0.130526
        ],
        [
          -56559.9,
          788.128,
          -38858.1
        ]
      ],
      "objLayer": 0,
      "props": {}
    },
    "cnv_t2_road_11_spawn": {
      "type": "Point",
      "tm": [
        [
          -0.843391,
          0.0,
          0.5373
        ],
        [
          0.0,
          1.0,
          0.0
        ],
        [
          -0.5373,
          0.0,
          -0.843391
        ],
        [
          -49012.7,
          31.7487,
          -28942.3
        ]
      ],
      "objLayer": 0,
      "props": {}
    },
    "cnv_t2_road_12_spawn": {
      "type": "Point",
      "tm": [
        [
          -0.173648,
          0.0,
          0.984808
        ],
        [
          0.0,
          1.0,
          0.0
        ],
        [
          -0.984808,
          0.0,
          -0.173648
        ],
        [
          -13283.1,
          37.2344,
          -24172.2
        ]
      ],
      "objLayer": 0,
      "props": {}
    },
    "cnv_t2_road_13_spawn": {
      "type": "Point",
      "tm": [
        [
          0.0871558,
          0.0,
          0.996195
        ],
        [
          0.0,
          1.0,
          0.0
        ],
        [
          -0.996195,
          0.0,
          0.0871558
        ],
        [
          3462.75,
          535.225,
          -23327.0
        ]
      ],
      "objLayer": 0,
      "props": {}
    },
    "cnv_t2_road_14_spawn": {
      "type": "Point",
      "tm": [
        [
          0.300706,
          0.0,
          0.953717
        ],
        [
          0.0,
          1.0,
          0.0
        ],
        [
          -0.953717,
          0.0,
          0.300706
        ],
        [
          38822.8,
          1120.67,
          -24701.4
        ]
      ],
      "objLayer": 0,
      "props": {}
    },
    "cnv_t2_road_15_spawn": {
      "type": "Point",
      "tm": [
        [
          0.300706,
          0.0,
          0.953717
        ],
        [
          0.0,
          1.0,
          0.0
        ],
        [
          -0.953717,
          0.0,
          0.300706
        ],
        [
          43184.4,
          976.47,
          -7839.37
        ]
      ],
      "objLayer": 0,
      "props": {}
    },
    "cnv_t2_road_16_spawn": {
      "type": "Point",
      "tm": [
        [
          0.300706,
          0.0,
          0.953717
        ],
        [
          0.0,
          1.0,
          0.0
        ],
        [
          -0.953717,
          0.0,
          0.300706
        ],
        [
          34378.7,
          1019.27,
          -6965.21
        ]
      ],
      "objLayer": 0,
      "props": {}
    },
    "cnv_t2_road_17_spawn": {
      "type": "Point",
      "tm": [
        [
          0.0436195,
          0.0,
          0.999048
        ],
        [
          0.0,
          1.0,
          0.0
        ],
        [
          -0.999048,
          0.0,
          0.0436195
        ],
        [
          2036.81,
          644.193,
          -7783.08
        ]
      ],
      "objLayer": 0,
      "props": {}
    },
    "cnv_t2_road_18_spawn": {
      "type": "Point",
      "tm": [
        [
          7.54979E-08,
          0.0,
          1.0
        ],
        [
          0.0,
          1.0,
          0.0
        ],
        [
          -1.0,
          0.0,
          7.54979E-08
        ],
        [
          -19317.5,
          91.8079,
          -5160.9
        ]
      ],
      "objLayer": 0,
      "props": {}
    },
    "cnv_t2_road_19_spawn": {
      "type": "Point",
      "tm": [
        [
          -0.34202,
          0.0,
          0.939693
        ],
        [
          0.0,
          1.0,
          0.0
        ],
        [
          -0.939693,
          0.0,
          -0.34202
        ],
        [
          -20781.1,
          40.0294,
          -4783.04
        ]
      ],
      "objLayer": 0,
      "props": {}
    },
    "cnv_t2_road_20_spawn": {
      "type": "Point",
      "tm": [
        [
          -0.258819,
          0.0,
          0.965926
        ],
        [
          0.0,
          1.0,
          0.0
        ],
        [
          -0.965926,
          0.0,
          -0.258819
        ],
        [
          -37185.6,
          26.9594,
          -6460.31
        ]
      ],
      "objLayer": 0,
      "props": {}
    }
  },
  "objLayers": {
    "layer": [
      {
        "enabled": true
      },
      {
        "enabled": true
      },
      {
        "enabled": true
      },
      {
        "enabled": false
      }
    ]
  },
  "wayPoints": {
    "cnv_t1_road_01": {
      "closed_waypoints": false,
      "isShipSpline": false,
      "shipTurnRadius": 100.0,
      "way": {
        "way_points_01_wp_01": {
          "type": "normal",
          "tm": [
            [
              1.0,
              0.0,
              0.0
            ],
            [
              0.0,
              1.0,
              0.0
            ],
            [
              0.0,
              0.0,
              1.0
            ],
            [
              -51666.6,
              59.2089,
              53648.8
            ]
          ],
          "props": {
            "speed": 30.0,
            "moveType": "GATHER_TO"
          }
        },
        "cnv_t1_road_01_wp_01": {
          "type": "normal",
          "tm": [
            [
              1.0,
              0.0,
              0.0
            ],
            [
              0.0,
              1.0,
              0.0
            ],
            [
              0.0,
              0.0,
              1.0
            ],
            [
              -52126.0,
              56.7974,
              50835.7
            ]
          ],
          "props": {
            "speed": 30.0,
            "moveType": "USE_SPLINES"
          }
        },
        "cnv_t1_road_01_wp_02": {
          "type": "normal",
          "tm": [
            [
              1.0,
              0.0,
              0.0
            ],
            [
              0.0,
              1.0,
              0.0
            ],
            [
              0.0,
              0.0,
              1.0
            ],
            [
              -41065.6,
              58.3621,
              28789.7
            ]
          ],
          "props": {
            "speed": 30.0,
            "moveType": "USE_SPLINES"
          }
        },
        "cnv_t1_road_01_wp_03": {
          "type": "normal",
          "tm": [
            [
              1.0,
              0.0,
              0.0
            ],
            [
              0.0,
              1.0,
              0.0
            ],
            [
              0.0,
              0.0,
              1.0
            ],
            [
              -38287.4,
              103.39,
              24562.0
            ]
          ],
          "props": {
            "speed": 30.0,
            "moveType": "USE_SPLINES"
          }
        },
        "cnv_t1_road_01_wp_04": {
          "type": "normal",
          "tm": [
            [
              1.0,
              0.0,
              0.0
            ],
            [
              0.0,
              1.0,
              0.0
            ],
            [
              0.0,
              0.0,
              1.0
            ],
            [
              -40401.6,
              217.501,
              21017.3
            ]
          ],
          "props": {
            "speed": 30.0,
            "moveType": "USE_SPLINES"
          }
        },
        "cnv_t1_road_01_wp_05": {
          "type": "normal",
          "tm": [
            [
              1.0,
              0.0,
              0.0
            ],
            [
              0.0,
              1.0,
              0.0
            ],
            [
              0.0,
              0.0,
              1.0
            ],
            [
              -40533.4,
              227.842,
              18382.8
            ]
          ],
          "props": {
            "speed": 30.0,
            "moveType": "USE_SPLINES"
          }
        },
        "cnv_t1_road_01_wp_06": {
          "type": "normal",
          "tm": [
            [
              1.0,
              0.0,
              0.0
            ],
            [
              0.0,
              1.0,
              0.0
            ],
            [
              0.0,
              0.0,
              1.0
            ],
            [
              -38891.1,
              175.046,
              9875.62
            ]
          ],
          "props": {
            "speed": 30.0,
            "moveType": "USE_SPLINES"
          }
        },
        "cnv_t1_road_01_wp_07": {
          "type": "normal",
          "tm": [
            [
              1.0,
              0.0,
              0.0
            ],
            [
              0.0,
              1.0,
              0.0
            ],
            [
              0.0,
              0.0,
              1.0
            ],
            [
              -39105.6,
              52.8645,
              -3490.38
            ]
          ],
          "props": {
            "speed": 30.0,
            "moveType": "USE_SPLINES"
          }
        },
        "cnv_t1_road_01_wp_08": {
          "type": "normal",
          "tm": [
            [
              1.0,
              0.0,
              0.0
            ],
            [
              0.0,
              1.0,
              0.0
            ],
            [
              0.0,
              0.0,
              1.0
            ],
            [
              -50527.2,
              60.8851,
              -24561.6
            ]
          ],
          "props": {
            "speed": 30.0,
            "moveType": "USE_SPLINES"
          }
        },
        "cnv_t1_road_01_wp_09": {
          "type": "normal",
          "tm": [
            [
              1.0,
              0.0,
              0.0
            ],
            [
              0.0,
              1.0,
              0.0
            ],
            [
              0.0,
              0.0,
              1.0
            ],
            [
              -49895.3,
              34.2578,
              -28245.0
            ]
          ],
          "props": {
            "speed": 30.0,
            "moveType": "USE_SPLINES"
          }
        },
        "cnv_t1_road_01_wp_10": {
          "type": "normal",
          "tm": [
            [
              1.0,
              0.0,
              0.0
            ],
            [
              0.0,
              1.0,
              0.0
            ],
            [
              0.0,
              0.0,
              1.0
            ],
            [
              -48397.9,
              1130.31,
              -49375.5
            ]
          ],
          "props": {
            "speed": 30.0,
            "moveType": "USE_SPLINES"
          }
        },
        "cnv_t1_road_01_wp_11": {
          "type": "normal",
          "tm": [
            [
              1.0,
              0.0,
              0.0
            ],
            [
              0.0,
              1.0,
              0.0
            ],
            [
              0.0,
              0.0,
              1.0
            ],
            [
              -48169.9,
