{
  "selected_tag": "",
  "bin_dump_file": "",
  "mission_settings": {
    "player": {
      "army": 1
    },
    "player_teamB": {
      "army": 2
    },
    "mission": {
      "level": "levels/air_smolensk.bin",
      "type": "domination",
      "environment": "Day",
      "weather": "hazy",
      "restoreType": "attempts",
      "optionalTakeOff": false
    }
  },
  "imports": {},
  "triggers": {
    "isCategory": true,
    "is_enabled": true
  },
  "mission_objectives": {
    "isCategory": true,
    "is_enabled": true
  },
  "variables": {},
  "dialogs": {},
  "airfields": {},
  "effects": {},
  "units": {
    "objectGroups": [
      {
        "name": "bdt_t2_bomb_object_01",
        "tm": [
          [
            -0.945053,
            0.0,
            -0.326909
          ],
          [
            0.0,
            1.0,
            0.0
          ],
          [
            0.326909,
            0.0,
            -0.945053
          ],
          [
            21756.4,
            688.442,
            -13811.3
          ]
        ],
        "unit_class": "dynBase_hq_camp_square",
        "objLayer": 2,
        "props": {
          "army": 2,
          "active": false
        }
      },
      {
        "name": "bdt_t2_bomb_object_02",
        "tm": [
          [
            -0.956047,
            0.0,
            0.293222
          ],
          [
            0.0,
            1.0,
            0.0
          ],
          [
            -0.293222,
            0.0,
            -0.956047
          ],
          [
            13844.5,
            771.976,
            -11402.4
          ]
        ],
        "unit_class": "dynBase_fuel_storage_square",
        "objLayer": 2,
        "props": {
          "army": 2,
          "active": false
        }
      },
      {
        "name": "bdt_t2_bomb_object_03",
        "tm": [
          [
            -0.0357847,
            0.0,
            -0.999361
          ],
          [
            0.0,
            1.0,
            0.0
          ],
          [
            0.999361,
            0.0,
            -0.0357847
          ],
          [
            10616.1,
            524.656,
            -12943.4
          ]
        ],
        "unit_class": "dynBase_oil_storage_small_square",
        "objLayer": 2,
        "props": {
          "army": 2,
          "active": false
        }
      },
      {
        "name": "bdt_t1_bomb_object_01",
        "tm": [
          [
            -0.712814,
            0.0,
            -0.701352
          ],
          [
            0.0,
            1.0,
            0.0
          ],
          [
            0.701352,
            0.0,
            -0.712814
          ],
          [
            10880.7,
            85.353,
            -31753.8
          ]
        ],
        "unit_class": "dynBase_fuel_storage_square",
        "objLayer": 2,
        "props": {
          "army": 1,
          "active": false
        }
      },
      {
        "name": "bdt_t1_bomb_object_02",
        "tm": [
          [
            -0.0517129,
            0.0,
            -0.998661
          ],
          [
            0.0,
            1.0,
            0.0
          ],
          [
            0.998661,
            0.0,
            -0.0517129
          ],
          [
            8443.44,
            210.957,
            -30300.5
          ]
        ],
        "unit_class": "dynBase_small_factory_square",
        "objLayer": 2,
        "props": {
          "army": 1,
          "active": false
        }
      },
      {
        "name": "bdt_t1_bomb_object_03",
        "tm": [
          [
            0.0529354,
            0.0,
            -0.998597
          ],
          [
            0.0,
            1.0,
            0.0
          ],
          [
            0.998597,
            0.0,
            0.0529354
          ],
          [
            9646.99,
            340.031,
            -27626.4
          ]
        ],
        "unit_class": "dynBase_oil_storage_small_square",
        "objLayer": 2,
        "props": {
          "army": 1,
          "active": false
        }
      },
      {
        "name": "bdt_t2_bomb_object_04",
        "tm": [
          [
            -0.586633,
            0.0,
            -0.809853
          ],
          [
            0.0,
            1.0,
            0.0
          ],
          [
            0.809853,
            0.0,
            -0.586633
          ],
          [
            25182.0,
            157.044,
            -12979.9
          ]
        ],
        "unit_class": "dynBase_small_factory_square",
        "objLayer": 2,
        "props": {
          "army": 2,
          "active": false
        }
      },
      {
        "name": "bdt_t1_bomb_object_04",
        "tm": [
          [
            -0.299926,
            0.0,
            -0.953963
          ],
          [
            0.0,
            1.0,
            0.0
          ],
          [
            0.953963,
            0.0,
            -0.299926
          ],
          [
            6833.16,
            406.571,
            -20655.3
          ]
        ],
        "unit_class": "dynBase_field_camp_square",
        "objLayer": 2,
        "props": {
          "army": 1,
          "active": false
        }
      },
      {
        "name": "bdt_t1_bomb_object_05",
        "tm": [
          [
            -0.299926,
            0.0,
            -0.953963
          ],
          [
            0.0,
            1.0,
            0.0
          ],
          [
            0.953963,
            0.0,
            -0.299926
          ],
          [
            7239.31,
            770.654,
            -24685.3
          ]
        ],
        "unit_class": "dynBase_military_base_square",
        "objLayer": 2,
        "props": {
          "army": 1,
          "active": false
        }
      },
      {
        "name": "bdt_t1_bomb_object_06",
        "tm": [
          [
            -0.299926,
            0.0,
            -0.953963
          ],
          [
            0.0,
            1.0,
            0.0
          ],
          [
            0.953963,
            0.0,
            -0.299926
          ],
          [
            6220.22,
            599.71,
            -27430.4
          ]
        ],
        "unit_class": "dynBase_oil_storage_large_square",
        "objLayer": 2,
        "props": {
          "army": 1,
          "active": false
        }
      },
      {
        "name": "bdt_t1_bomb_object_07",
        "tm": [
          [
            -0.299926,
            0.0,
            -0.953963
          ],
          [
            0.0,
            1.0,
            0.0
          ],
          [
            0.953963,
            0.0,
            -0.299926
          ],
          [
            3972.13,
            1051.44,
            -23043.2
          ]
        ],
        "unit_class": "dynBase_oil_storage_large_square",
        "objLayer": 2,
        "props": {
          "army": 1,
          "active": false
        }
      },
      {
        "name": "bdt_t1_bomb_object_08",
        "tm": [
          [
            -0.712814,
            0.0,
            -0.701352
          ],
          [
            0.0,
            1.0,
            0.0
          ],
          [
            0.701352,
            0.0,
            -0.712814
          ],
          [
            4930.45,
            715.842,
            -25478.6
          ]
        ],
        "unit_class": "dynBase_small_factory_square",
        "objLayer": 2,
        "props": {
          "army": 1,
          "active": false
        }
      },
      {
        "name": "bdt_t1_bomb_object_09",
        "tm": [
          [
            -0.712814,
            0.0,
            -0.701352
          ],
          [
            0.0,
            1.0,
            0.0
          ],
          [
            0.701352,
            0.0,
            -0.712814
          ],
          [
            12419.0,
            118.797,
            -29478.9
          ]
        ],
        "unit_class": "dynBase_petrol_camp_square",
        "objLayer": 2,
        "props": {
          "army": 1,
          "active": false
        }
      },
      {
        "name": "bdt_t1_bomb_object_10",
        "tm": [
          [
            -0.712814,
            0.0,
            -0.701352
          ],
          [
            0.0,
            1.0,
            0.0
          ],
          [
            0.701352,
            0.0,
            -0.712814
          ],
          [
            8380.89,
            567.061,
            -26203.2
          ]
        ],
        "unit_class": "dynBase_petrol_camp_square",
        "objLayer": 2,
        "props": {
          "army": 1,
          "active": false
        }
      },
      {
        "name": "bdt_t2_bomb_object_05",
        "tm": [
          [
            -0.586633,
            0.0,
            -0.809853
          ],
          [
            0.0,
            1.0,
            0.0
          ],
          [
            0.809853,
            0.0,
            -0.586633
          ],
          [
            23186.1,
            841.316,
            -10745.7
          ]
        ],
        "unit_class": "dynBase_petrol_camp_square",
        "objLayer": 2,
        "props": {
          "army": 2,
          "active": false
        }
      },
      {
        "name": "bdt_t2_bomb_object_06",
        "tm": [
          [
            -0.137979,
            0.0,
            -0.990436
          ],
          [
            0.0,
            1.0,
            0.0
          ],
          [
            0.990436,
            0.0,
            -0.137979
          ],
          [
            17454.4,
            993.005,
            -8620.57
          ]
        ],
        "unit_class": "dynBase_military_base_square",
        "objLayer": 2,
        "props": {
          "army": 2,
          "active": false
        }
      },
      {
        "name": "bdt_t2_bomb_object_07",
        "tm": [
          [
            -0.586633,
            0.0,
            -0.809853
          ],
          [
            0.0,
            1.0,
            0.0
          ],
          [
            0.809853,
            0.0,
            -0.586633
          ],
          [
            19748.2,
            618.651,
            -9061.96
          ]
        ],
        "unit_class": "dynBase_fuel_storage_square",
        "objLayer": 2,
        "props": {
          "army": 2,
          "active": false
        }
      },
      {
        "name": "bdt_t2_bomb_object_08",
        "tm": [
          [
            -0.0357847,
            0.0,
            -0.999361
          ],
          [
            0.0,
            1.0,
            0.0
          ],
          [
            0.999361,
            0.0,
            -0.0357847
          ],
          [
            14740.3,
            953.984,
            -8898.26
          ]
        ],
        "unit_class": "dynBase_ammunition_storage_square",
        "objLayer": 2,
        "props": {
          "army": 2,
          "active": false
        }
      },
      {
        "name": "bdt_t2_bomb_object_09",
        "tm": [
          [
            -0.0357847,
            0.0,
            -0.999361
          ],
          [
            0.0,
            1.0,
            0.0
          ],
          [
            0.999361,
            0.0,
            -0.0357847
          ],
          [
            10937.6,
            664.181,
            -10170.2
          ]
        ],
        "unit_class": "dynBase_field_camp_square",
        "objLayer": 2,
        "props": {
          "army": 2,
          "active": false
        }
      },
      {
        "name": "bdt_t2_bomb_object_10",
        "tm": [
          [
            -0.0357847,
            0.0,
            -0.999361
          ],
          [
            0.0,
            1.0,
            0.0
          ],
          [
            0.999361,
            0.0,
            -0.0357847
          ],
          [
            17591.0,
            812.97,
            -11774.0
          ]
        ],
        "unit_class": "dynBase_oil_storage_small_square",
        "objLayer": 2,
        "props": {
          "army": 2,
          "active": false
        }
      }
    ]
  },
  "areas": {
    "bdt_t2_bomb_zone_01": {
      "type": "Sphere",
      "tm": [
        [
          -425.276,
          0.0,
          -147.111
        ],
        [
          0.0,
          450.0,
          0.0
        ],
        [
          147.111,
          0.0,
          -425.276
        ],
        [
          21756.5,
          690.222,
          -13804.3
        ]
      ],
      "objLayer": 0,
      "props": {}
    },
    "bdt_t2_bomb_zone_02": {
      "type": "Sphere",
      "tm": [
        [
          -406.336,
          0.0,
          -193.37
        ],
        [
          0.0,
          450.0,
          0.0
        ],
        [
          193.37,
          0.0,
          -406.336
        ],
        [
          13844.4,
          759.896,
          -11424.1
        ]
      ],
      "objLayer": 0,
      "props": {}
    },
    "bdt_t2_bomb_zone_03": {
      "type": "Sphere",
      "tm": [
        [
          -16.1041,
          0.0,
          -449.711
        ],
        [
          0.0,
          450.0,
          0.0
        ],
        [
          449.711,
          0.0,
          -16.1041
        ],
        [
          10624.6,
          524.146,
          -12938.4
        ]
      ],
      "objLayer": 0,
      "props": {}
    },
    "bdt_t1_bomb_zone_01": {
      "type": "Sphere",
      "tm": [
        [
          -320.768,
          0.0,
          -315.607
        ],
        [
          0.0,
          450.0,
          0.0
        ],
        [
          315.607,
          0.0,
          -320.768
        ],
        [
          10874.1,
          85.393,
          -31764.8
        ]
      ],
      "objLayer": 0,
      "props": {}
    },
    "bdt_t1_bomb_zone_02": {
      "type": "Sphere",
      "tm": [
        [
          -119.988,
          0.0,
          -433.708
        ],
        [
          0.0,
          450.0,
          0.0
        ],
        [
          433.708,
          0.0,
          -119.988
        ],
        [
          8444.38,
          211.357,
          -30305.1
        ]
      ],
      "objLayer": 0,
      "props": {}
    },
    "bdt_t1_bomb_zone_03": {
      "type": "Sphere",
      "tm": [
        [
          -148.968,
          0.0,
          -424.626
        ],
        [
          0.0,
          450.0,
          0.0
        ],
        [
          424.626,
          0.0,
          -148.968
        ],
        [
          9645.61,
          339.901,
          -27631.9
        ]
      ],
      "objLayer": 0,
      "props": {}
    },
    "bdt_t2_bomb_zone_04": {
      "type": "Sphere",
      "tm": [
        [
          -263.984,
          0.0,
          -364.432
        ],
        [
          0.0,
          450.0,
          0.0
        ],
        [
          364.432,
          0.0,
          -263.984
        ],
        [
          25176.0,
          154.212,
          -12985.1
        ]
      ],
      "objLayer": 0,
      "props": {}
    },
    "bdt_t1_bomb_zone_04": {
      "type": "Sphere",
      "tm": [
        [
          -148.968,
          0.0,
          -424.626
        ],
        [
          0.0,
          450.0,
          0.0
        ],
        [
          424.626,
          0.0,
          -148.968
        ],
        [
          6838.31,
          406.541,
          -20657.5
        ]
      ],
      "objLayer": 0,
      "props": {}
    },
    "bdt_t2_bomb_zone_01_aaa_point_01": {
      "type": "Point",
      "tm": [
        [
          -0.601233,
          0.0,
          -0.799073
        ],
        [
          0.0,
          1.0,
          0.0
        ],
        [
          0.799073,
          0.0,
          -0.601233
        ],
        [
          21561.5,
          680.582,
          -13691.1
        ]
      ],
      "objLayer": 0,
      "props": {}
    },
    "bdt_t2_bomb_zone_01_aaa_point_02": {
      "type": "Point",
      "tm": [
        [
          -0.601233,
          0.0,
          -0.799073
        ],
        [
          0.0,
          1.0,
          0.0
        ],
        [
          0.799073,
          0.0,
          -0.601233
        ],
        [
          22045.1,
          734.252,
          -13850.1
        ]
      ],
      "objLayer": 0,
      "props": {}
    },
    "bdt_t2_bomb_zone_01_aaa_point_03": {
      "type": "Point",
      "tm": [
        [
          -0.601233,
          0.0,
          -0.799073
        ],
        [
          0.0,
          1.0,
          0.0
        ],
        [
          0.799073,
          0.0,
          -0.601233
        ],
        [
          21980.2,
          696.402,
          -13949.9
        ]
      ],
      "objLayer": 0,
      "props": {}
    },
    "bdt_t2_bomb_zone_01_aaa_point_04": {
      "type": "Point",
      "tm": [
        [
          -0.601233,
          0.0,
          -0.799073
        ],
        [
          0.0,
          1.0,
          0.0
        ],
        [
          0.799073,
          0.0,
          -0.601233
        ],
        [
          21410.6,
          665.162,
          -14136.1
        ]
      ],
      "objLayer": 0,
      "props": {}
    },
    "bdt_t2_bomb_zone_02_aaa_point_01": {
      "type": "Point",
      "tm": [
        [
          -0.508899,
          0.0,
          -0.860824
        ],
        [
          0.0,
          1.0,
          0.0
        ],
        [
          0.860824,
          0.0,
          -0.508899
        ],
        [
          13816.9,
          869.106,
          -11177.1
        ]
      ],
      "objLayer": 0,
      "props": {}
    },
    "bdt_t2_bomb_zone_02_aaa_point_02": {
      "type": "Point",
      "tm": [
        [
          -0.508899,
          0.0,
          -0.860824
        ],
        [
          0.0,
          1.0,
          0.0
        ],
        [
          0.860824,
          0.0,
          -0.508899
        ],
        [
          14087.4,
          599.286,
          -11643.3
        ]
      ],
      "objLayer": 0,
      "props": {}
    },
    "bdt_t2_bomb_zone_02_aaa_point_03": {
      "type": "Point",
      "tm": [
        [
          -0.508899,
          0.0,
          -0.860824
        ],
        [
          0.0,
          1.0,
          0.0
        ],
        [
          0.860824,
          0.0,
          -0.508899
        ],
        [
          14069.6,
          759.896,
          -11258.4
        ]
      ],
      "objLayer": 0,
      "props": {}
    },
    "bdt_t2_bomb_zone_02_aaa_point_04": {
      "type": "Point",
      "tm": [
        [
          -0.508899,
          0.0,
          -0.860824
        ],
        [
          0.0,
          1.0,
          0.0
        ],
        [
          0.860824,
          0.0,
          -0.508899
        ],
        [
          13695.7,
          717.446,
          -11598.8
        ]
      ],
      "objLayer": 0,
      "props": {}
    },
    "bdt_t2_bomb_zone_03_aaa_point_01": {
      "type": "Point",
      "tm": [
        [
          -0.508899,
          0.0,
          -0.860824
        ],
        [
          0.0,
          1.0,
          0.0
        ],
        [
          0.860824,
          0.0,
          -0.508899
        ],
        [
          10346.7,
          520.166,
          -12830.9
        ]
      ],
      "objLayer": 0,
      "props": {}
    },
    "bdt_t2_bomb_zone_03_aaa_point_02": {
      "type": "Point",
      "tm": [
        [
          -0.508899,
          0.0,
          -0.860824
        ],
        [
          0.0,
          1.0,
          0.0
        ],
        [
          0.860824,
          0.0,
          -0.508899
        ],
        [
          10801.6,
          387.636,
          -13171.3
        ]
      ],
      "objLayer": 0,
      "props": {}
    },
    "bdt_t2_bomb_zone_03_aaa_point_03": {
      "type": "Point",
      "tm": [
        [
          -0.508899,
          0.0,
          -0.860824
        ],
        [
          0.0,
          1.0,
          0.0
        ],
        [
          0.860824,
          0.0,
          -0.508899
        ],
        [
          10942.4,
          458.046,
          -12898.0
        ]
      ],
      "objLayer": 0,
      "props": {}
    },
    "bdt_t2_bomb_zone_03_aaa_point_04": {
      "type": "Point",
      "tm": [
        [
          -0.508899,
          0.0,
          -0.860824
        ],
        [
          0.0,
          1.0,
          0.0
        ],
        [
          0.860824,
          0.0,
          -0.508899
        ],
        [
          10503.8,
          559.466,
          -12663.8
        ]
      ],
      "objLayer": 0,
      "props": {}
    },
    "bdt_t2_bomb_zone_04_aaa_point_01": {
      "type": "Point",
      "tm": [
        [
          -0.601233,
          0.0,
          -0.799073
        ],
        [
          0.0,
          1.0,
          0.0
        ],
        [
          0.799073,
          0.0,
          -0.601233
        ],
        [
          25216.4,
          87.9818,
          -13314.9
        ]
      ],
      "objLayer": 0,
      "props": {}
    },
    "bdt_t2_bomb_zone_04_aaa_point_02": {
      "type": "Point",
      "tm": [
        [
          -0.601233,
          0.0,
          -0.799073
        ],
        [
          0.0,
          1.0,
          0.0
        ],
        [
          0.799073,
          0.0,
          -0.601233
        ],
        [
          25474.3,
          200.972,
          -12936.5
        ]
      ],
      "objLayer": 0,
      "props": {}
    },
    "bdt_t2_bomb_zone_04_aaa_point_03": {
      "type": "Point",
      "tm": [
        [
          -0.601233,
          0.0,
          -0.799073
        ],
        [
          0.0,
          1.0,
          0.0
        ],
        [
          0.799073,
          0.0,
          -0.601233
        ],
        [
          24914.1,
          145.132,
          -12935.2
        ]
      ],
      "objLayer": 0,
      "props": {}
    },
    "bdt_t2_bomb_zone_04_aaa_point_04": {
      "type": "Point",
      "tm": [
        [
          -0.601233,
          0.0,
          -0.799073
        ],
        [
          0.0,
          1.0,
          0.0
        ],
        [
          0.799073,
          0.0,
          -0.601233
        ],
        [
          25081.4,
          236.533,
          -12757.0
        ]
      ],
      "objLayer": 0,
      "props": {}
    },
    "bdt_t1_bomb_zone_01_aaa_point_01": {
      "type": "Point",
      "tm": [
        [
          -0.199437,
          0.0,
          -0.97991
        ],
        [
          0.0,
          1.0,
          0.0
        ],
        [
          0.97991,
          0.0,
          -0.199437
        ],
        [
          10832.1,
          88.7831,
          -32015.9
        ]
      ],
      "objLayer": 0,
      "props": {}
    },
    "bdt_t1_bomb_zone_01_aaa_point_02": {
      "type": "Point",
      "tm": [
        [
          -0.199437,
          0.0,
          -0.97991
        ],
        [
          0.0,
          1.0,
          0.0
        ],
        [
          0.97991,
          0.0,
          -0.199437
        ],
        [
          10983.0,
          41.0331,
          -31536.2
        ]
      ],
      "objLayer": 0,
      "props": {}
    },
    "bdt_t1_bomb_zone_01_aaa_point_03": {
      "type": "Point",
      "tm": [
        [
          -0.199437,
          0.0,
          -0.97991
        ],
        [
          0.0,
          1.0,
          0.0
        ],
        [
          0.97991,
          0.0,
          -0.199437
        ],
        [
          10653.1,
          98.2631,
          -31690.0
        ]
      ],
      "objLayer": 0,
      "props": {}
    },
    "bdt_t1_bomb_zone_01_aaa_point_04": {
      "type": "Point",
      "tm": [
        [
          -0.199437,
          0.0,
          -0.97991
        ],
        [
          0.0,
          1.0,
          0.0
        ],
        [
          0.97991,
          0.0,
          -0.199437
        ],
        [
          10810.8,
          91.5031,
          -31524.7
        ]
      ],
      "objLayer": 0,
      "props": {}
    },
    "bdt_t1_bomb_zone_02_aaa_point_01": {
      "type": "Point",
      "tm": [
        [
          -0.199437,
          0.0,
          -0.97991
        ],
        [
          0.0,
          1.0,
          0.0
        ],
        [
          0.97991,
          0.0,
          -0.199437
        ],
        [
          8582.41,
          140.547,
          -30537.7
        ]
      ],
      "objLayer": 0,
      "props": {}
    },
    "bdt_t1_bomb_zone_02_aaa_point_02": {
      "type": "Point",
      "tm": [
        [
          -0.199437,
          0.0,
          -0.97991
        ],
        [
          0.0,
          1.0,
          0.0
        ],
        [
          0.97991,
          0.0,
          -0.199437
        ],
        [
          8708.52,
          184.317,
          -30276.4
        ]
      ],
      "objLayer": 0,
      "props": {}
    },
    "bdt_t1_bomb_zone_02_aaa_point_03": {
      "type": "Point",
      "tm": [
        [
          -0.199437,
          0.0,
          -0.97991
        ],
        [
          0.0,
          1.0,
          0.0
        ],
        [
          0.97991,
          0.0,
          -0.199437
        ],
        [
          8020.11,
          126.977,
          -30153.3
        ]
      ],
      "objLayer": 0,
      "props": {}
    },
    "bdt_t1_bomb_zone_02_aaa_point_04": {
      "type": "Point",
      "tm": [
        [
          -0.199437,
          0.0,
          -0.97991
        ],
        [
          0.0,
          1.0,
          0.0
        ],
        [
          0.97991,
          0.0,
          -0.199437
        ],
        [
          8545.17,
          263.387,
          -29991.9
        ]
      ],
      "objLayer": 0,
      "props": {}
    },
    "bdt_t1_bomb_zone_03_aaa_point_01": {
      "type": "Point",
      "tm": [
        [
          -0.306888,
          0.0,
          -0.951747
        ],
        [
          0.0,
          1.0,
          0.0
        ],
        [
          0.951747,
          0.0,
          -0.306888
        ],
        [
          9486.96,
          344.271,
          -27368.2
        ]
      ],
      "objLayer": 0,
      "props": {}
    },
    "bdt_t1_bomb_zone_03_aaa_point_02": {
      "type": "Point",
      "tm": [
        [
          -0.306888,
          0.0,
          -0.951747
        ],
        [
          0.0,
          1.0,
          0.0
        ],
        [
          0.951747,
          0.0,
          -0.306888
        ],
        [
          9782.81,
          336.961,
          -27831.5
        ]
      ],
      "objLayer": 0,
      "props": {}
    },
    "bdt_t1_bomb_zone_03_aaa_point_03": {
      "type": "Point",
      "tm": [
        [
          -0.306888,
          0.0,
          -0.951747
        ],
        [
          0.0,
          1.0,
          0.0
        ],
        [
          0.951747,
          0.0,
          -0.306888
        ],
        [
          9929.79,
          343.721,
          -27593.2
        ]
      ],
      "objLayer": 0,
      "props": {}
    },
    "bdt_t1_bomb_zone_03_aaa_point_04": {
      "type": "Point",
      "tm": [
        [
          -0.306888,
          0.0,
          -0.951747
        ],
        [
          0.0,
          1.0,
          0.0
        ],
        [
          0.951747,
          0.0,
          -0.306888
        ],
        [
          9417.26,
          341.521,
          -27758.2
        ]
      ],
      "objLayer": 0,
      "props": {}
    },
    "bdt_t1_bomb_zone_04_aaa_point_01": {
      "type": "Point",
      "tm": [
        [
          -0.306888,
          0.0,
          -0.951747
        ],
        [
          0.0,
          1.0,
          0.0
        ],
        [
          0.951747,
          0.0,
          -0.306888
        ],
        [
          6622.71,
          408.731,
          -20889.5
        ]
      ],
      "objLayer": 0,
      "props": {}
    },
    "bdt_t1_bomb_zone_04_aaa_point_02": {
      "type": "Point",
      "tm": [
        [
          -0.306888,
          0.0,
          -0.951747
        ],
        [
          0.0,
          1.0,
          0.0
        ],
        [
          0.951747,
          0.0,
          -0.306888
        ],
        [
          6943.85,
          406.661,
          -20887.1
        ]
      ],
      "objLayer": 0,
      "props": {}
    },
    "bdt_t1_bomb_zone_04_aaa_point_03": {
      "type": "Point",
      "tm": [
        [
          -0.306888,
          0.0,
          -0.951747
        ],
        [
          0.0,
          1.0,
          0.0
        ],
        [
          0.951747,
          0.0,
          -0.306888
        ],
        [
          6563.48,
          407.591,
          -20562.4
        ]
      ],
      "objLayer": 0,
      "props": {}
    },
    "bdt_t1_bomb_zone_04_aaa_point_04": {
      "type": "Point",
      "tm": [
        [
          -0.306888,
          0.0,
          -0.951747
        ],
        [
          0.0,
          1.0,
          0.0
        ],
        [
          0.951747,
          0.0,
          -0.306888
        ],
        [
          7145.37,
          406.001,
          -20592.3
        ]
      ],
      "objLayer": 0,
      "props": {}
    },
    "bdt_t1_bomb_zone_05": {
      "type": "Sphere",
      "tm": [
        [
          -148.968,
          0.0,
          -424.626
        ],
        [
          0.0,
          450.0,
          0.0
        ],
        [
          424.626,
          0.0,
          -148.968
        ],
        [
          7244.83,
          768.864,
          -24687.5
        ]
      ],
      "objLayer": 0,
      "props": {}
    },
    "bdt_t1_bomb_zone_06": {
      "type": "Sphere",
      "tm": [
        [
          -148.968,
          0.0,
          -424.626
        ],
        [
          0.0,
          450.0,
          0.0
        ],
        [
          424.626,
          0.0,
          -148.968
        ],
        [
          6225.47,
          599.77,
          -27432.6
        ]
      ],
      "objLayer": 0,
      "props": {}
    },
    "bdt_t1_bomb_zone_07": {
      "type": "Sphere",
      "tm": [
        [
          -148.968,
          0.0,
          -424.626
        ],
        [
          0.0,
          450.0,
          0.0
        ],
        [
          424.626,
          0.0,
          -148.968
        ],
        [
          3977.56,
          1051.56,
          -23045.5
        ]
      ],
      "objLayer": 0,
      "props": {}
    },
    "bdt_t1_bomb_zone_08": {
      "type": "Sphere",
      "tm": [
        [
          -320.768,
          0.0,
          -315.607
        ],
        [
          0.0,
          450.0,
          0.0
        ],
        [
          315.607,
          0.0,
          -320.768
        ],
        [
          4923.77,
          722.392,
          -25489.4
        ]
      ],
      "objLayer": 0,
      "props": {}
    },
    "bdt_t1_bomb_zone_09": {
      "type": "Sphere",
      "tm": [
        [
          -320.768,
          0.0,
          -315.607
        ],
        [
          0.0,
          450.0,
          0.0
        ],
        [
          315.607,
          0.0,
          -320.768
        ],
        [
          12412.4,
          117.747,
          -29489.5
        ]
      ],
      "objLayer": 0,
      "props": {}
    },
    "bdt_t1_bomb_zone_10": {
      "type": "Sphere",
      "tm": [
        [
          -320.768,
          0.0,
          -315.607
        ],
        [
          0.0,
          450.0,
          0.0
        ],
        [
          315.607,
          0.0,
          -320.768
        ],
        [
          8374.26,
          573.261,
          -26214.0
        ]
      ],
      "objLayer": 0,
      "props": {}
    },
    "bdt_t1_bomb_zone_05_aaa_point_01": {
      "type": "Point",
      "tm": [
        [
          -0.306888,
          0.0,
          -0.951747
        ],
        [
          0.0,
          1.0,
          0.0
        ],
        [
          0.951747,
          0.0,
          -0.306888
        ],
        [
          7350.25,
          762.203,
          -24434.6
        ]
      ],
      "objLayer": 0,
      "props": {}
    },
    "bdt_t1_bomb_zone_05_aaa_point_02": {
      "type": "Point",
      "tm": [
        [
          -0.306888,
          0.0,
          -0.951747
        ],
        [
          0.0,
          1.0,
          0.0
        ],
        [
          0.951747,
          0.0,
          -0.306888
        ],
        [
          7195.48,
          797.073,
          -24540.0
        ]
      ],
      "objLayer": 0,
      "props": {}
    },
    "bdt_t1_bomb_zone_05_aaa_point_03": {
      "type": "Point",
      "tm": [
        [
          -0.306888,
          0.0,
          -0.951747
        ],
        [
          0.0,
          1.0,
          0.0
        ],
        [
          0.951747,
          0.0,
          -0.306888
        ],
        [
          7124.04,
          787.724,
          -24948.6
        ]
      ],
      "objLayer": 0,
      "props": {}
    },
    "bdt_t1_bomb_zone_05_aaa_point_04": {
      "type": "Point",
      "tm": [
        [
          -0.306888,
          0.0,
          -0.951747
        ],
        [
          0.0,
          1.0,
          0.0
        ],
        [
          0.951747,
          0.0,
          -0.306888
        ],
        [
          7358.67,
          712.003,
          -24940.7
        ]
      ],
      "objLayer": 0,
      "props": {}
    },
    "bdt_t1_bomb_zone_06_aaa_point_01": {
      "type": "Point",
      "tm": [
        [
          -0.306888,
          0.0,
          -0.951747
        ],
        [
          0.0,
          1.0,
          0.0
        ],
        [
          0.951747,
          0.0,
          -0.306888
        ],
        [
          6009.3,
          595.06,
          -27173.6
        ]
      ],
      "objLayer": 0,
      "props": {}
    },
    "bdt_t1_bomb_zone_06_aaa_point_02": {
      "type": "Point",
      "tm": [
        [
          -0.306888,
          0.0,
          -0.951747
        ],
        [
          0.0,
          1.0,
          0.0
        ],
        [
          0.951747,
          0.0,
          -0.306888
        ],
        [
          6265.05,
          597.32,
          -27110.2
        ]
      ],
      "objLayer": 0,
      "props": {}
    },
    "bdt_t1_bomb_zone_06_aaa_point_03": {
      "type": "Point",
      "tm": [
        [
          -0.306888,
          0.0,
          -0.951747
        ],
        [
          0.0,
          1.0,
          0.0
        ],
        [
          0.951747,
          0.0,
          -0.306888
        ],
        [
          6516.42,
          601.3,
          -27537.1
        ]
      ],
      "objLayer": 0,
      "props": {}
    },
    "bdt_t1_bomb_zone_06_aaa_point_04": {
      "type": "Point",
      "tm": [
        [
          -0.306888,
          0.0,
          -0.951747
        ],
        [
          0.0,
          1.0,
          0.0
        ],
        [
          0.951747,
          0.0,
          -0.306888
        ],
        [
          6019.36,
          597.07,
          -27647.2
        ]
      ],
      "objLayer": 0,
      "props": {}
    },
    "bdt_t1_bomb_zone_07_aaa_point_01": {
      "type": "Point",
      "tm": [
        [
          -0.306888,
          0.0,
          -0.951747
        ],
        [
          0.0,
          1.0,
          0.0
        ],
        [
          0.951747,
          0.0,
          -0.306888
        ],
        [
          4180.72,
          1052.86,
          -23267.9
        ]
      ],
      "objLayer": 0,
      "props": {}
    },
    "bdt_t1_bomb_zone_07_aaa_point_02": {
      "type": "Point",
      "tm": [
        [
          -0.306888,
          0.0,
          -0.951747
        ],
        [
          0.0,
          1.0,
          0.0
        ],
        [
          0.951747,
          0.0,
          -0.306888
        ],
        [
          3745.87,
          1045.57,
          -22784.8
        ]
      ],
      "objLayer": 0,
      "props": {}
    },
    "bdt_t1_bomb_zone_07_aaa_point_03": {
      "type": "Point",
      "tm": [
        [
          -0.306888,
          0.0,
          -0.951747
        ],
        [
          0.0,
          1.0,
          0.0
        ],
        [
          0.951747,
          0.0,
          -0.306888
        ],
        [
          3658.81,
          968.899,
          -22913.1
        ]
      ],
      "objLayer": 0,
      "props": {}
    },
    "bdt_t1_bomb_zone_07_aaa_point_04": {
      "type": "Point",
      "tm": [
        [
          -0.306888,
          0.0,
          -0.951747
        ],
        [
          0.0,
          1.0,
          0.0
        ],
        [
          0.951747,
          0.0,
          -0.306888
        ],
        [
          4202.23,
          1003.41,
          -22521.0
        ]
      ],
      "objLayer": 0,
      "props": {}
    },
    "bdt_t1_bomb_zone_08_aaa_point_01": {
      "type": "Point",
      "tm": [
        [
          -0.199437,
          0.0,
          -0.97991
        ],
        [
          0.0,
          1.0,
          0.0
        ],
        [
          0.97991,
          0.0,
          -0.199437
        ],
        [
          5234.24,
          655.562,
          -25473.4
        ]
      ],
      "objLayer": 0,
      "props": {}
    },
    "bdt_t1_bomb_zone_08_aaa_point_02": {
      "type": "Point",
      "tm": [
        [
          -0.199437,
          0.0,
          -0.97991
        ],
        [
          0.0,
          1.0,
          0.0
        ],
        [
          0.97991,
          0.0,
          -0.199437
        ],
        [
          4869.65,
          601.542,
          -25188.3
        ]
      ],
      "objLayer": 0,
      "props": {}
    },
    "bdt_t1_bomb_zone_08_aaa_point_03": {
      "type": "Point",
      "tm": [
        [
          -0.199437,
          0.0,
          -0.97991
        ],
        [
          0.0,
          1.0,
          0.0
        ],
        [
          0.97991,
          0.0,
          -0.199437
        ],
        [
          4566.23,
          845.606,
          -25479.2
        ]
      ],
      "objLayer": 0,
      "props": {}
    },
    "bdt_t1_bomb_zone_08_aaa_point_04": {
      "type": "Point",
      "tm": [
        [
          -0.199437,
          0.0,
          -0.97991
        ],
        [
          0.0,
          1.0,
          0.0
        ],
        [
          0.97991,
          0.0,
          -0.199437
        ],
        [
          4875.34,
          832.276,
          -25757.3
        ]
      ],
      "objLayer": 0,
      "props": {}
    },
    "bdt_t1_bomb_zone_09_aaa_point_01": {
      "type": "Point",
      "tm": [
        [
          -0.199437,
          0.0,
          -0.97991
        ],
        [
          0.0,
          1.0,
          0.0
        ],
        [
          0.97991,
          0.0,
          -0.199437
        ],
        [
          12582.1,
          56.9574,
          -29074.7
        ]
      ],
      "objLayer": 0,
      "props": {}
    },
    "bdt_t1_bomb_zone_09_aaa_point_02": {
      "type": "Point",
      "tm": [
        [
          -0.199437,
          0.0,
          -0.97991
        ],
        [
          0.0,
          1.0,
          0.0
        ],
        [
          0.97991,
          0.0,
          -0.199437
        ],
        [
          12108.1,
          -38.1426,
          -29214.1
        ]
      ],
      "objLayer": 0,
      "props": {}
    },
    "bdt_t1_bomb_zone_09_aaa_point_03": {
      "type": "Point",
      "tm": [
        [
          -0.199437,
          0.0,
          -0.97991
        ],
        [
          0.0,
          1.0,
          0.0
        ],
        [
          0.97991,
          0.0,
          -0.199437
        ],
        [
          12714.5,
          192.007,
          -29430.0
        ]
      ],
      "objLayer": 0,
      "props": {}
    },
    "bdt_t1_bomb_zone_09_aaa_point_04": {
      "type": "Point",
      "tm": [
        [
          -0.199437,
          0.0,
          -0.97991
        ],
        [
          0.0,
          1.0,
          0.0
