{
  "selected_tag": "",
  "bin_dump_file": "",
  "mission_settings": {
    "player": {
      "army": 1
    },
    "player_teamB": {
      "army": 2
    },
    "mission": {
      "level": "levels/air_smolensk.bin",
      "type": "domination",
      "environment": "Day",
      "weather": "hazy",
      "restoreType": "attempts",
      "optionalTakeOff": false
    }
  },
  "imports": {},
  "triggers": {
    "isCategory": true,
    "is_enabled": true
  },
  "mission_objectives": {
    "isCategory": true,
    "is_enabled": true
  },
  "variables": {},
  "dialogs": {},
  "airfields": {},
  "effects": {},
  "units": {
    "objectGroups": [
      {
        "name": "bdt_t2_bomb_object_01",
        "tm": [
          [
            -0.945053,
            0.0,
            -0.326912
          ],
          [
            0.0,
            1.0,
            0.0
          ],
          [
            0.326912,
            0.0,
            -0.945053
          ],
          [
            23500.9,
            648.28,
            -8915.64
          ]
        ],
        "unit_class": "dynBase_hq_camp_square",
        "objLayer": 2,
        "props": {
          "army": 2,
          "active": false
        }
      },
      {
        "name": "bdt_t2_bomb_object_02",
        "tm": [
          [
            -0.956049,
            0.0,
            0.29322
          ],
          [
            0.0,
            1.0,
            0.0
          ],
          [
            -0.29322,
            0.0,
            -0.956049
          ],
          [
            13319.4,
            987.57,
            -9775.6
          ]
        ],
        "unit_class": "dynBase_fuel_storage_square",
        "objLayer": 2,
        "props": {
          "army": 2,
          "active": false
        }
      },
      {
        "name": "bdt_t2_bomb_object_03",
        "tm": [
          [
            -0.0357841,
            0.0,
            -0.999362
          ],
          [
            0.0,
            1.0,
            0.0
          ],
          [
            0.999362,
            0.0,
            -0.0357841
          ],
          [
            7904.39,
            192.646,
            -13036.8
          ]
        ],
        "unit_class": "dynBase_oil_storage_small_square",
        "objLayer": 2,
        "props": {
          "army": 2,
          "active": false
        }
      },
      {
        "name": "bdt_t1_bomb_object_01",
        "tm": [
          [
            -0.712813,
            0.0,
            -0.701354
          ],
          [
            0.0,
            1.0,
            0.0
          ],
          [
            0.701354,
            0.0,
            -0.712813
          ],
          [
            17501.9,
            109.741,
            -35121.8
          ]
        ],
        "unit_class": "dynBase_fuel_storage_square",
        "objLayer": 2,
        "props": {
          "army": 1,
          "active": false
        }
      },
      {
        "name": "bdt_t1_bomb_object_02",
        "tm": [
          [
            -0.0517119,
            0.0,
            -0.998662
          ],
          [
            0.0,
            1.0,
            0.0
          ],
          [
            0.998662,
            0.0,
            -0.0517119
          ],
          [
            7806.37,
            183.674,
            -32404.0
          ]
        ],
        "unit_class": "dynBase_small_factory_square",
        "objLayer": 2,
        "props": {
          "army": 1,
          "active": false
        }
      },
      {
        "name": "bdt_t1_bomb_object_03",
        "tm": [
          [
            0.0529365,
            0.0,
            -0.998597
          ],
          [
            0.0,
            1.0,
            0.0
          ],
          [
            0.998597,
            0.0,
            0.0529365
          ],
          [
            8994.0,
            177.119,
            -29564.8
          ]
        ],
        "unit_class": "dynBase_oil_storage_small_square",
        "objLayer": 2,
        "props": {
          "army": 1,
          "active": false
        }
      },
      {
        "name": "bdt_t2_bomb_object_04",
        "tm": [
          [
            -0.58663,
            0.0,
            -0.809853
          ],
          [
            0.0,
            1.0,
            0.0
          ],
          [
            0.809853,
            0.0,
            -0.58663
          ],
          [
            27265.0,
            121.766,
            -11601.8
          ]
        ],
        "unit_class": "dynBase_small_factory_square",
        "objLayer": 2,
        "props": {
          "army": 2,
          "active": false
        }
      },
      {
        "name": "bdt_t1_bomb_object_04",
        "tm": [
          [
            -0.299925,
            0.0,
            -0.953963
          ],
          [
            0.0,
            1.0,
            0.0
          ],
          [
            0.953963,
            0.0,
            -0.299925
          ],
          [
            3769.57,
            957.942,
            -19747.9
          ]
        ],
        "unit_class": "dynBase_field_camp_square",
        "objLayer": 2,
        "props": {
          "army": 1,
          "active": false
        }
      },
      {
        "name": "bdt_t1_bomb_object_05",
        "tm": [
          [
            -0.299925,
            0.0,
            -0.953963
          ],
          [
            0.0,
            1.0,
            0.0
          ],
          [
            0.953963,
            0.0,
            -0.299925
          ],
          [
            1597.65,
            516.73,
            -21572.8
          ]
        ],
        "unit_class": "dynBase_military_base_square",
        "objLayer": 2,
        "props": {
          "army": 1,
          "active": false
        }
      },
      {
        "name": "bdt_t1_bomb_object_06",
        "tm": [
          [
            -0.299925,
            0.0,
            -0.953963
          ],
          [
            0.0,
            1.0,
            0.0
          ],
          [
            0.953963,
            0.0,
            -0.299925
          ],
          [
            4834.67,
            571.58,
            -29313.8
          ]
        ],
        "unit_class": "dynBase_oil_storage_large_square",
        "objLayer": 2,
        "props": {
          "army": 1,
          "active": false
        }
      },
      {
        "name": "bdt_t1_bomb_object_07",
        "tm": [
          [
            -0.299925,
            0.0,
            -0.953963
          ],
          [
            0.0,
            1.0,
            0.0
          ],
          [
            0.953963,
            0.0,
            -0.299925
          ],
          [
            5426.38,
            727.327,
            -25115.9
          ]
        ],
        "unit_class": "dynBase_oil_storage_large_square",
        "objLayer": 2,
        "props": {
          "army": 1,
          "active": false
        }
      },
      {
        "name": "bdt_t1_bomb_object_08",
        "tm": [
          [
            -0.712813,
            0.0,
            -0.701354
          ],
          [
            0.0,
            1.0,
            0.0
          ],
          [
            0.701354,
            0.0,
            -0.712813
          ],
          [
            11745.7,
            104.952,
            -34221.1
          ]
        ],
        "unit_class": "dynBase_small_factory_square",
        "objLayer": 2,
        "props": {
          "army": 1,
          "active": false
        }
      },
      {
        "name": "bdt_t1_bomb_object_09",
        "tm": [
          [
            -0.712813,
            0.0,
            -0.701354
          ],
          [
            0.0,
            1.0,
            0.0
          ],
          [
            0.701354,
            0.0,
            -0.712813
          ],
          [
            10888.3,
            87.8464,
            -31379.2
          ]
        ],
        "unit_class": "dynBase_petrol_camp_square",
        "objLayer": 2,
        "props": {
          "army": 1,
          "active": false
        }
      },
      {
        "name": "bdt_t1_bomb_object_10",
        "tm": [
          [
            -0.712813,
            0.0,
            -0.701354
          ],
          [
            0.0,
            1.0,
            0.0
          ],
          [
            0.701354,
            0.0,
            -0.712813
          ],
          [
            14985.1,
            93.5891,
            -32634.4
          ]
        ],
        "unit_class": "dynBase_petrol_camp_square",
        "objLayer": 2,
        "props": {
          "army": 1,
          "active": false
        }
      },
      {
        "name": "bdt_t2_bomb_object_05",
        "tm": [
          [
            -0.58663,
            0.0,
            -0.809853
          ],
          [
            0.0,
            1.0,
            0.0
          ],
          [
            0.809853,
            0.0,
            -0.58663
          ],
          [
            16544.2,
            928.967,
            -9659.42
          ]
        ],
        "unit_class": "dynBase_petrol_camp_square",
        "objLayer": 2,
        "props": {
          "army": 2,
          "active": false
        }
      },
      {
        "name": "bdt_t2_bomb_object_06",
        "tm": [
          [
            -0.137976,
            0.0,
            -0.990436
          ],
          [
            0.0,
            1.0,
            0.0
          ],
          [
            0.990436,
            0.0,
            -0.137976
          ],
          [
            20761.5,
            563.198,
            -7744.69
          ]
        ],
        "unit_class": "dynBase_military_base_square",
        "objLayer": 2,
        "props": {
          "army": 2,
          "active": false
        }
      },
      {
        "name": "bdt_t2_bomb_object_07",
        "tm": [
          [
            -0.58663,
            0.0,
            -0.809853
          ],
          [
            0.0,
            1.0,
            0.0
          ],
          [
            0.809853,
            0.0,
            -0.58663
          ],
          [
            25077.1,
            141.144,
            -13068.9
          ]
        ],
        "unit_class": "dynBase_fuel_storage_square",
        "objLayer": 2,
        "props": {
          "army": 2,
          "active": false
        }
      },
      {
        "name": "bdt_t2_bomb_object_08",
        "tm": [
          [
            -0.0357841,
            0.0,
            -0.999362
          ],
          [
            0.0,
            1.0,
            0.0
          ],
          [
            0.999362,
            0.0,
            -0.0357841
          ],
          [
            15543.1,
            872.366,
            -5481.24
          ]
        ],
        "unit_class": "dynBase_ammunition_storage_square",
        "objLayer": 2,
        "props": {
          "army": 2,
          "active": false
        }
      },
      {
        "name": "bdt_t2_bomb_object_09",
        "tm": [
          [
            -0.0357841,
            0.0,
            -0.999362
          ],
          [
            0.0,
            1.0,
            0.0
          ],
          [
            0.999362,
            0.0,
            -0.0357841
          ],
          [
            8945.07,
            588.161,
            -8262.22
          ]
        ],
        "unit_class": "dynBase_field_camp_square",
        "objLayer": 2,
        "props": {
          "army": 2,
          "active": false
        }
      },
      {
        "name": "bdt_t2_bomb_object_10",
        "tm": [
          [
            -0.0357841,
            0.0,
            -0.999362
          ],
          [
            0.0,
            1.0,
            0.0
          ],
          [
            0.999362,
            0.0,
            -0.0357841
          ],
          [
            20453.8,
            948.689,
            -10701.3
          ]
        ],
        "unit_class": "dynBase_oil_storage_small_square",
        "objLayer": 2,
        "props": {
          "army": 2,
          "active": false
        }
      }
    ]
  },
  "areas": {
    "bdt_t2_bomb_zone_01": {
      "type": "Sphere",
      "tm": [
        [
          -425.277,
          0.0,
          -147.112
        ],
        [
          0.0,
          450.0,
          0.0
        ],
        [
          147.112,
          0.0,
          -425.277
        ],
        [
          23501.0,
          629.188,
          -8908.58
        ]
      ],
      "objLayer": 0,
      "props": {}
    },
    "bdt_t2_bomb_zone_02": {
      "type": "Sphere",
      "tm": [
        [
          -406.336,
          0.0,
          -193.371
        ],
        [
          0.0,
          450.0,
          0.0
        ],
        [
          193.371,
          0.0,
          -406.336
        ],
        [
          13319.1,
          987.89,
          -9797.25
        ]
      ],
      "objLayer": 0,
      "props": {}
    },
    "bdt_t2_bomb_zone_03": {
      "type": "Sphere",
      "tm": [
        [
          -16.1045,
          0.0,
          -449.71
        ],
        [
          0.0,
          450.0,
          0.0
        ],
        [
          449.71,
          0.0,
          -16.1045
        ],
        [
          7912.92,
          192.596,
          -13031.8
        ]
      ],
      "objLayer": 0,
      "props": {}
    },
    "bdt_t1_bomb_zone_01": {
      "type": "Sphere",
      "tm": [
        [
          -320.767,
          0.0,
          -315.607
        ],
        [
          0.0,
          450.0,
          0.0
        ],
        [
          315.607,
          0.0,
          -320.767
        ],
        [
          17495.3,
          115.3,
          -35132.6
        ]
      ],
      "objLayer": 0,
      "props": {}
    },
    "bdt_t1_bomb_zone_02": {
      "type": "Sphere",
      "tm": [
        [
          -119.986,
          0.0,
          -433.707
        ],
        [
          0.0,
          450.0,
          0.0
        ],
        [
          433.707,
          0.0,
          -119.986
        ],
        [
          7807.17,
          181.044,
          -32408.7
        ]
      ],
      "objLayer": 0,
      "props": {}
    },
    "bdt_t1_bomb_zone_03": {
      "type": "Sphere",
      "tm": [
        [
          -148.967,
          0.0,
          -424.627
        ],
        [
          0.0,
          450.0,
          0.0
        ],
        [
          424.627,
          0.0,
          -148.967
        ],
        [
          8992.67,
          176.989,
          -29570.3
        ]
      ],
      "objLayer": 0,
      "props": {}
    },
    "bdt_t2_bomb_zone_04": {
      "type": "Sphere",
      "tm": [
        [
          -263.985,
          0.0,
          -364.432
        ],
        [
          0.0,
          450.0,
          0.0
        ],
        [
          364.432,
          0.0,
          -263.985
        ],
        [
          27259.1,
          119.586,
          -11607.0
        ]
      ],
      "objLayer": 0,
      "props": {}
    },
    "bdt_t1_bomb_zone_04": {
      "type": "Sphere",
      "tm": [
        [
          -148.967,
          0.0,
          -424.627
        ],
        [
          0.0,
          450.0,
          0.0
        ],
        [
          424.627,
          0.0,
          -148.967
        ],
        [
          3774.77,
          956.312,
          -19750.0
        ]
      ],
      "objLayer": 0,
      "props": {}
    },
    "bdt_t2_bomb_zone_01_aaa_point_01": {
      "type": "Point",
      "tm": [
        [
          -0.601231,
          0.0,
          -0.799073
        ],
        [
          0.0,
          1.0,
          0.0
        ],
        [
          0.799073,
          0.0,
          -0.601231
        ],
        [
          23306.0,
          560.42,
          -8795.4
        ]
      ],
      "objLayer": 0,
      "props": {}
    },
    "bdt_t2_bomb_zone_01_aaa_point_02": {
      "type": "Point",
      "tm": [
        [
          -0.601231,
          0.0,
          -0.799073
        ],
        [
          0.0,
          1.0,
          0.0
        ],
        [
          0.799073,
          0.0,
          -0.601231
        ],
        [
          23789.6,
          755.41,
          -8954.42
        ]
      ],
      "objLayer": 0,
      "props": {}
    },
    "bdt_t2_bomb_zone_01_aaa_point_03": {
      "type": "Point",
      "tm": [
        [
          -0.601231,
          0.0,
          -0.799073
        ],
        [
          0.0,
          1.0,
          0.0
        ],
        [
          0.799073,
          0.0,
          -0.601231
        ],
        [
          23724.6,
          740.58,
          -9054.19
        ]
      ],
      "objLayer": 0,
      "props": {}
    },
    "bdt_t2_bomb_zone_01_aaa_point_04": {
      "type": "Point",
      "tm": [
        [
          -0.601231,
          0.0,
          -0.799073
        ],
        [
          0.0,
          1.0,
          0.0
        ],
        [
          0.799073,
          0.0,
          -0.601231
        ],
        [
          23512.1,
          561.78,
          -9375.77
        ]
      ],
      "objLayer": 0,
      "props": {}
    },
    "bdt_t2_bomb_zone_02_aaa_point_01": {
      "type": "Point",
      "tm": [
        [
          -0.508898,
          0.0,
          -0.860826
        ],
        [
          0.0,
          1.0,
          0.0
        ],
        [
          0.860826,
          0.0,
          -0.508898
        ],
        [
          13291.7,
          985.25,
          -9550.24
        ]
      ],
      "objLayer": 0,
      "props": {}
    },
    "bdt_t2_bomb_zone_02_aaa_point_02": {
      "type": "Point",
      "tm": [
        [
          -0.508898,
          0.0,
          -0.860826
        ],
        [
          0.0,
          1.0,
          0.0
        ],
        [
          0.860826,
          0.0,
          -0.508898
        ],
        [
          13562.1,
          987.091,
          -10016.6
        ]
      ],
      "objLayer": 0,
      "props": {}
    },
    "bdt_t2_bomb_zone_02_aaa_point_03": {
      "type": "Point",
      "tm": [
        [
          -0.508898,
          0.0,
          -0.860826
        ],
        [
          0.0,
          1.0,
          0.0
        ],
        [
          0.860826,
          0.0,
          -0.508898
        ],
        [
          13544.4,
          971.24,
          -9631.61
        ]
      ],
      "objLayer": 0,
      "props": {}
    },
    "bdt_t2_bomb_zone_02_aaa_point_04": {
      "type": "Point",
      "tm": [
        [
          -0.508898,
          0.0,
          -0.860826
        ],
        [
          0.0,
          1.0,
          0.0
        ],
        [
          0.860826,
          0.0,
          -0.508898
        ],
        [
          13170.5,
          985.18,
          -9971.97
        ]
      ],
      "objLayer": 0,
      "props": {}
    },
    "bdt_t2_bomb_zone_03_aaa_point_01": {
      "type": "Point",
      "tm": [
        [
          -0.508898,
          0.0,
          -0.860826
        ],
        [
          0.0,
          1.0,
          0.0
        ],
        [
          0.860826,
          0.0,
          -0.508898
        ],
        [
          7634.94,
          195.396,
          -12924.4
        ]
      ],
      "objLayer": 0,
      "props": {}
    },
    "bdt_t2_bomb_zone_03_aaa_point_02": {
      "type": "Point",
      "tm": [
        [
          -0.508898,
          0.0,
          -0.860826
        ],
        [
          0.0,
          1.0,
          0.0
        ],
        [
          0.860826,
          0.0,
          -0.508898
        ],
        [
          8090.05,
          189.336,
          -13264.7
        ]
      ],
      "objLayer": 0,
      "props": {}
    },
    "bdt_t2_bomb_zone_03_aaa_point_03": {
      "type": "Point",
      "tm": [
        [
          -0.508898,
          0.0,
          -0.860826
        ],
        [
          0.0,
          1.0,
          0.0
        ],
        [
          0.860826,
          0.0,
          -0.508898
        ],
        [
          8230.66,
          189.726,
          -12991.4
        ]
      ],
      "objLayer": 0,
      "props": {}
    },
    "bdt_t2_bomb_zone_03_aaa_point_04": {
      "type": "Point",
      "tm": [
        [
          -0.508898,
          0.0,
          -0.860826
        ],
        [
          0.0,
          1.0,
          0.0
        ],
        [
          0.860826,
          0.0,
          -0.508898
        ],
        [
          7792.31,
          195.257,
          -12757.2
        ]
      ],
      "objLayer": 0,
      "props": {}
    },
    "bdt_t2_bomb_zone_04_aaa_point_01": {
      "type": "Point",
      "tm": [
        [
          -0.601231,
          0.0,
          -0.799073
        ],
        [
          0.0,
          1.0,
          0.0
        ],
        [
          0.799073,
          0.0,
          -0.601231
        ],
        [
          27299.4,
          179.266,
          -11936.8
        ]
      ],
      "objLayer": 0,
      "props": {}
    },
    "bdt_t2_bomb_zone_04_aaa_point_02": {
      "type": "Point",
      "tm": [
        [
          -0.601231,
          0.0,
          -0.799073
        ],
        [
          0.0,
          1.0,
          0.0
        ],
        [
          0.799073,
          0.0,
          -0.601231
        ],
        [
          27557.3,
          179.426,
          -11558.5
        ]
      ],
      "objLayer": 0,
      "props": {}
    },
    "bdt_t2_bomb_zone_04_aaa_point_03": {
      "type": "Point",
      "tm": [
        [
          -0.601231,
          0.0,
          -0.799073
        ],
        [
          0.0,
          1.0,
          0.0
        ],
        [
          0.799073,
          0.0,
          -0.601231
        ],
        [
          26997.1,
          -12.7942,
          -11557.1
        ]
      ],
      "objLayer": 0,
      "props": {}
    },
    "bdt_t2_bomb_zone_04_aaa_point_04": {
      "type": "Point",
      "tm": [
        [
          -0.601231,
          0.0,
          -0.799073
        ],
        [
          0.0,
          1.0,
          0.0
        ],
        [
          0.799073,
          0.0,
          -0.601231
        ],
        [
          27164.4,
          45.9558,
          -11378.9
        ]
      ],
      "objLayer": 0,
      "props": {}
    },
    "bdt_t1_bomb_zone_01_aaa_point_01": {
      "type": "Point",
      "tm": [
        [
          -0.199436,
          0.0,
          -0.979909
        ],
        [
          0.0,
          1.0,
          0.0
        ],
        [
          0.979909,
          0.0,
          -0.199436
        ],
        [
          17453.3,
          -65.6598,
          -35383.8
        ]
      ],
      "objLayer": 0,
      "props": {}
    },
    "bdt_t1_bomb_zone_01_aaa_point_02": {
      "type": "Point",
      "tm": [
        [
          -0.199436,
          0.0,
          -0.979909
        ],
        [
          0.0,
          1.0,
          0.0
        ],
        [
          0.979909,
          0.0,
          -0.199436
        ],
        [
          17604.2,
          93.5902,
          -34903.9
        ]
      ],
      "objLayer": 0,
      "props": {}
    },
    "bdt_t1_bomb_zone_01_aaa_point_03": {
      "type": "Point",
      "tm": [
        [
          -0.199436,
          0.0,
          -0.979909
        ],
        [
          0.0,
          1.0,
          0.0
        ],
        [
          0.979909,
          0.0,
          -0.199436
        ],
        [
          17274.3,
          252.05,
          -35057.9
        ]
      ],
      "objLayer": 0,
      "props": {}
    },
    "bdt_t1_bomb_zone_01_aaa_point_04": {
      "type": "Point",
      "tm": [
        [
          -0.199436,
          0.0,
          -0.979909
        ],
        [
          0.0,
          1.0,
          0.0
        ],
        [
          0.979909,
          0.0,
          -0.199436
        ],
        [
          17431.9,
          189.731,
          -34892.5
        ]
      ],
      "objLayer": 0,
      "props": {}
    },
    "bdt_t1_bomb_zone_02_aaa_point_01": {
      "type": "Point",
      "tm": [
        [
          -0.199436,
          0.0,
          -0.979909
        ],
        [
          0.0,
          1.0,
          0.0
        ],
        [
          0.979909,
          0.0,
          -0.199436
        ],
        [
          7945.23,
          183.004,
          -32641.2
        ]
      ],
      "objLayer": 0,
      "props": {}
    },
    "bdt_t1_bomb_zone_02_aaa_point_02": {
      "type": "Point",
      "tm": [
        [
          -0.199436,
          0.0,
          -0.979909
        ],
        [
          0.0,
          1.0,
          0.0
        ],
        [
          0.979909,
          0.0,
          -0.199436
        ],
        [
          8071.45,
          181.374,
          -32379.8
        ]
      ],
      "objLayer": 0,
      "props": {}
    },
    "bdt_t1_bomb_zone_02_aaa_point_03": {
      "type": "Point",
      "tm": [
        [
          -0.199436,
          0.0,
          -0.979909
        ],
        [
          0.0,
          1.0,
          0.0
        ],
        [
          0.979909,
          0.0,
          -0.199436
        ],
        [
          7383.08,
          77.5039,
          -32256.8
        ]
      ],
      "objLayer": 0,
      "props": {}
    },
    "bdt_t1_bomb_zone_02_aaa_point_04": {
      "type": "Point",
      "tm": [
        [
          -0.199436,
          0.0,
          -0.979909
        ],
        [
          0.0,
          1.0,
          0.0
        ],
        [
          0.979909,
          0.0,
          -0.199436
        ],
        [
          7908.02,
          41.6338,
          -32095.5
        ]
      ],
      "objLayer": 0,
      "props": {}
    },
    "bdt_t1_bomb_zone_03_aaa_point_01": {
      "type": "Point",
      "tm": [
        [
          -0.306887,
          0.0,
          -0.951746
        ],
        [
          0.0,
          1.0,
          0.0
        ],
        [
          0.951746,
          0.0,
          -0.306887
        ],
        [
          8834.06,
          329.649,
          -29306.6
        ]
      ],
      "objLayer": 0,
      "props": {}
    },
    "bdt_t1_bomb_zone_03_aaa_point_02": {
      "type": "Point",
      "tm": [
        [
          -0.306887,
          0.0,
          -0.951746
        ],
        [
          0.0,
          1.0,
          0.0
        ],
        [
          0.951746,
          0.0,
          -0.306887
        ],
        [
          9129.91,
          174.039,
          -29769.8
        ]
      ],
      "objLayer": 0,
      "props": {}
    },
    "bdt_t1_bomb_zone_03_aaa_point_03": {
      "type": "Point",
      "tm": [
        [
          -0.306887,
          0.0,
          -0.951746
        ],
        [
          0.0,
          1.0,
          0.0
        ],
        [
          0.951746,
          0.0,
          -0.306887
        ],
        [
          9276.84,
          180.809,
          -29531.6
        ]
      ],
      "objLayer": 0,
      "props": {}
    },
    "bdt_t1_bomb_zone_03_aaa_point_04": {
      "type": "Point",
      "tm": [
        [
          -0.306887,
          0.0,
          -0.951746
        ],
        [
          0.0,
          1.0,
          0.0
        ],
        [
          0.951746,
          0.0,
          -0.306887
        ],
        [
          8764.45,
          178.599,
          -29696.6
        ]
      ],
      "objLayer": 0,
      "props": {}
    },
    "bdt_t1_bomb_zone_04_aaa_point_01": {
      "type": "Point",
      "tm": [
        [
          -0.306887,
          0.0,
          -0.951746
        ],
        [
          0.0,
          1.0,
          0.0
        ],
        [
          0.951746,
          0.0,
          -0.306887
        ],
        [
          3559.13,
          896.252,
          -19982.2
        ]
      ],
      "objLayer": 0,
      "props": {}
    },
    "bdt_t1_bomb_zone_04_aaa_point_02": {
      "type": "Point",
      "tm": [
        [
          -0.306887,
          0.0,
          -0.951746
        ],
        [
          0.0,
          1.0,
          0.0
        ],
        [
          0.951746,
          0.0,
          -0.306887
        ],
        [
          3880.18,
          780.342,
          -19979.7
        ]
      ],
      "objLayer": 0,
      "props": {}
    },
    "bdt_t1_bomb_zone_04_aaa_point_03": {
      "type": "Point",
      "tm": [
        [
          -0.306887,
          0.0,
          -0.951746
        ],
        [
          0.0,
          1.0,
          0.0
        ],
        [
          0.951746,
          0.0,
          -0.306887
        ],
        [
          3499.72,
          1046.37,
          -19655.0
        ]
      ],
      "objLayer": 0,
      "props": {}
    },
    "bdt_t1_bomb_zone_04_aaa_point_04": {
      "type": "Point",
      "tm": [
        [
          -0.306887,
          0.0,
          -0.951746
        ],
        [
          0.0,
          1.0,
          0.0
        ],
        [
          0.951746,
          0.0,
          -0.306887
        ],
        [
          4081.82,
          861.222,
          -19684.8
        ]
      ],
      "objLayer": 0,
      "props": {}
    },
    "bdt_t1_bomb_zone_05": {
      "type": "Sphere",
      "tm": [
        [
          -148.967,
          0.0,
          -424.627
        ],
        [
          0.0,
          450.0,
          0.0
        ],
        [
          424.627,
          0.0,
          -148.967
        ],
        [
          1603.07,
          516.75,
          -21574.9
        ]
      ],
      "objLayer": 0,
      "props": {}
    },
    "bdt_t1_bomb_zone_06": {
      "type": "Sphere",
      "tm": [
        [
          -148.967,
          0.0,
          -424.627
        ],
        [
          0.0,
          450.0,
          0.0
        ],
        [
          424.627,
          0.0,
          -148.967
        ],
        [
          4840.05,
          570.479,
          -29316.0
        ]
      ],
      "objLayer": 0,
      "props": {}
    },
    "bdt_t1_bomb_zone_07": {
      "type": "Sphere",
      "tm": [
        [
          -148.967,
          0.0,
          -424.627
        ],
        [
          0.0,
          450.0,
          0.0
        ],
        [
          424.627,
          0.0,
          -148.967
        ],
        [
          5431.75,
          725.308,
          -25118.1
        ]
      ],
      "objLayer": 0,
      "props": {}
    },
    "bdt_t1_bomb_zone_08": {
      "type": "Sphere",
      "tm": [
        [
          -320.767,
          0.0,
          -315.607
        ],
        [
          0.0,
          450.0,
          0.0
        ],
        [
          315.607,
          0.0,
          -320.767
        ],
        [
          11739.2,
          104.582,
          -34232.0
        ]
      ],
      "objLayer": 0,
      "props": {}
    },
    "bdt_t1_bomb_zone_09": {
      "type": "Sphere",
      "tm": [
        [
          -320.767,
          0.0,
          -315.607
        ],
        [
          0.0,
          450.0,
          0.0
        ],
        [
          315.607,
          0.0,
          -320.767
        ],
        [
          10881.9,
          89.9064,
          -31389.7
        ]
      ],
      "objLayer": 0,
      "props": {}
    },
    "bdt_t1_bomb_zone_10": {
      "type": "Sphere",
      "tm": [
        [
          -320.767,
          0.0,
          -315.607
        ],
        [
          0.0,
          450.0,
          0.0
        ],
        [
          315.607,
          0.0,
          -320.767
        ],
        [
          14978.5,
          93.819,
          -32645.1
        ]
      ],
      "objLayer": 0,
      "props": {}
    },
    "bdt_t1_bomb_zone_05_aaa_point_01": {
      "type": "Point",
      "tm": [
        [
          -0.306887,
          0.0,
          -0.951746
        ],
        [
          0.0,
          1.0,
          0.0
        ],
        [
          0.951746,
          0.0,
          -0.306887
        ],
        [
          1708.63,
          517.01,
          -21322.0
        ]
      ],
      "objLayer": 0,
      "props": {}
    },
    "bdt_t1_bomb_zone_05_aaa_point_02": {
      "type": "Point",
      "tm": [
        [
          -0.306887,
          0.0,
          -0.951746
        ],
        [
          0.0,
          1.0,
          0.0
        ],
        [
          0.951746,
          0.0,
          -0.306887
        ],
        [
          1553.76,
          516.11,
          -21427.5
        ]
      ],
      "objLayer": 0,
      "props": {}
    },
    "bdt_t1_bomb_zone_05_aaa_point_03": {
      "type": "Point",
      "tm": [
        [
          -0.306887,
          0.0,
          -0.951746
        ],
        [
          0.0,
          1.0,
          0.0
        ],
        [
          0.951746,
          0.0,
          -0.306887
        ],
        [
          1482.3,
          517.32,
          -21836.1
        ]
      ],
      "objLayer": 0,
      "props": {}
    },
    "bdt_t1_bomb_zone_05_aaa_point_04": {
      "type": "Point",
      "tm": [
        [
          -0.306887,
          0.0,
          -0.951746
        ],
        [
          0.0,
          1.0,
          0.0
        ],
        [
          0.951746,
          0.0,
          -0.306887
        ],
        [
          1716.96,
          482.0,
          -21828.0
        ]
      ],
      "objLayer": 0,
      "props": {}
    },
    "bdt_t1_bomb_zone_06_aaa_point_01": {
      "type": "Point",
      "tm": [
        [
          -0.306887,
          0.0,
          -0.951746
        ],
        [
          0.0,
          1.0,
          0.0
        ],
        [
          0.951746,
          0.0,
          -0.306887
        ],
        [
          4623.66,
          527.979,
          -29057.0
        ]
      ],
      "objLayer": 0,
      "props": {}
    },
    "bdt_t1_bomb_zone_06_aaa_point_02": {
      "type": "Point",
      "tm": [
        [
          -0.306887,
          0.0,
          -0.951746
        ],
        [
          0.0,
          1.0,
          0.0
        ],
        [
          0.951746,
          0.0,
          -0.306887
        ],
        [
          4879.23,
          564.789,
          -28993.8
        ]
      ],
      "objLayer": 0,
      "props": {}
    },
    "bdt_t1_bomb_zone_06_aaa_point_03": {
      "type": "Point",
      "tm": [
        [
          -0.306887,
          0.0,
          -0.951746
        ],
        [
          0.0,
          1.0,
          0.0
        ],
        [
          0.951746,
          0.0,
          -0.306887
        ],
        [
          5130.73,
          481.549,
          -29420.3
        ]
      ],
      "objLayer": 0,
      "props": {}
    },
    "bdt_t1_bomb_zone_06_aaa_point_04": {
      "type": "Point",
      "tm": [
        [
          -0.306887,
          0.0,
          -0.951746
        ],
        [
          0.0,
          1.0,
          0.0
        ],
        [
          0.951746,
          0.0,
          -0.306887
        ],
        [
          4633.49,
          629.429,
          -29530.6
        ]
      ],
      "objLayer": 0,
      "props": {}
    },
    "bdt_t1_bomb_zone_07_aaa_point_01": {
      "type": "Point",
      "tm": [
        [
          -0.306887,
          0.0,
          -0.951746
        ],
        [
          0.0,
          1.0,
          0.0
        ],
        [
          0.951746,
          0.0,
          -0.306887
        ],
        [
          5634.92,
          698.098,
          -25340.7
        ]
      ],
      "objLayer": 0,
      "props": {}
    },
    "bdt_t1_bomb_zone_07_aaa_point_02": {
      "type": "Point",
      "tm": [
        [
          -0.306887,
          0.0,
          -0.951746
        ],
        [
          0.0,
          1.0,
          0.0
        ],
        [
          0.951746,
          0.0,
          -0.306887
        ],
        [
          5200.07,
          728.287,
          -24857.4
        ]
      ],
      "objLayer": 0,
      "props": {}
    },
    "bdt_t1_bomb_zone_07_aaa_point_03": {
      "type": "Point",
      "tm": [
        [
          -0.306887,
          0.0,
          -0.951746
        ],
        [
          0.0,
          1.0,
          0.0
        ],
        [
          0.951746,
          0.0,
          -0.306887
        ],
        [
          5192.04,
          873.017,
          -25353.6
        ]
      ],
      "objLayer": 0,
      "props": {}
    },
    "bdt_t1_bomb_zone_07_aaa_point_04": {
      "type": "Point",
      "tm": [
        [
          -0.306887,
          0.0,
          -0.951746
        ],
        [
          0.0,
          1.0,
          0.0
        ],
        [
          0.951746,
          0.0,
          -0.306887
        ],
        [
          5826.34,
          718.26,
          -25043.3
        ]
      ],
      "objLayer": 0,
      "props": {}
    },
    "bdt_t1_bomb_zone_08_aaa_point_01": {
      "type": "Point",
      "tm": [
        [
          -0.199436,
          0.0,
          -0.979909
        ],
        [
          0.0,
          1.0,
          0.0
        ],
        [
          0.979909,
          0.0,
          -0.199436
        ],
        [
          12049.4,
          47.4022,
          -34216.1
        ]
      ],
      "objLayer": 0,
      "props": {}
    },
    "bdt_t1_bomb_zone_08_aaa_point_02": {
      "type": "Point",
      "tm": [
        [
          -0.199436,
          0.0,
          -0.979909
        ],
        [
          0.0,
          1.0,
          0.0
        ],
        [
          0.979909,
          0.0,
          -0.199436
        ],
        [
          11684.8,
          119.492,
          -33930.9
        ]
      ],
      "objLayer": 0,
      "props": {}
    },
    "bdt_t1_bomb_zone_08_aaa_point_03": {
      "type": "Point",
      "tm": [
        [
          -0.199436,
          0.0,
          -0.979909
        ],
        [
          0.0,
          1.0,
          0.0
        ],
        [
          0.979909,
          0.0,
          -0.199436
        ],
        [
          11381.4,
          149.262,
          -34221.6
        ]
      ],
      "objLayer": 0,
      "props": {}
    },
    "bdt_t1_bomb_zone_08_aaa_point_04": {
      "type": "Point",
      "tm": [
        [
          -0.199436,
          0.0,
          -0.979909
        ],
        [
          0.0,
          1.0,
          0.0
        ],
        [
          0.979909,
          0.0,
          -0.199436
        ],
        [
          11690.5,
          61.6022,
          -34499.7
        ]
      ],
      "objLayer": 0,
      "props": {}
    },
    "bdt_t1_bomb_zone_09_aaa_point_01": {
      "type": "Point",
      "tm": [
        [
          -0.199436,
          0.0,
          -0.979909
        ],
        [
          0.0,
          1.0,
          0.0
        ],
        [
          0.979909,
          0.0,
          -0.199436
        ],
        [
          11051.5,
          124.229,
          -30975.2
        ]
      ],
      "objLayer": 0,
      "props": {}
    },
    "bdt_t1_bomb_zone_09_aaa_point_02": {
      "type": "Point",
      "tm": [
        [
          -0.199436,
          0.0,
          -0.979909
        ],
        [
          0.0,
          1.0,
          0.0
        ],
        [
          0.979909,
          0.0,
          -0.199436
        ],
        [
          10577.5,
          111.141,
          -31114.4
        ]
      ],
      "objLayer": 0,
      "props": {}
    },
    "bdt_t1_bomb_zone_09_aaa_point_03": {
      "type": "Point",
      "tm": [
        [
          -0.199436,
          0.0,
          -0.979909
        ],
        [
          0.0,
          1.0,
          0.0
        ],
        [
          0.979909,
          0.0,
          -0.199436
        ],
        [
          11378.2,
          123.506,
          -31423.8
        ]
      ],
      "objLayer": 0,
      "props": {}
    },
    "bdt_t1_bomb_zone_09_aaa_point_04": {
      "type": "Point",
      "tm": [
        [
          -0.199436,
          0.0,
          -0.979909
        ],
        [
          0.0,
          1.0,
