{
  "selected_tag": "",
  "bin_dump_file": "",
  "mission_settings": {
    "player": {
      "army": 1
    },
    "player_teamB": {
      "army": 2
    },
    "mission": {
      "level": "levels/air_smolensk.bin",
      "type": "domination",
      "environment": "Day",
      "weather": "hazy",
      "restoreType": "attempts",
      "optionalTakeOff": false
    }
  },
  "imports": {},
  "triggers": {
    "isCategory": true,
    "is_enabled": true
  },
  "mission_objectives": {
    "isCategory": true,
    "is_enabled": true
  },
  "variables": {},
  "dialogs": {},
  "airfields": {},
  "effects": {},
  "units": {
    "objectGroups": [
      {
        "name": "bdt_t2_bomb_object_01",
        "tm": [
          [
            -0.945054,
            0.0,
            -0.326911
          ],
          [
            0.0,
            1.0,
            0.0
          ],
          [
            0.326911,
            0.0,
            -0.945054
          ],
          [
            18653.1,
            851.156,
            -12053.2
          ]
        ],
        "unit_class": "dynBase_hq_camp_square",
        "objLayer": 2,
        "props": {
          "army": 2,
          "active": false
        }
      },
      {
        "name": "bdt_t2_bomb_object_02",
        "tm": [
          [
            -0.956047,
            0.0,
            0.293222
          ],
          [
            0.0,
            1.0,
            0.0
          ],
          [
            -0.293222,
            0.0,
            -0.956047
          ],
          [
            17085.5,
            761.451,
            -13450.3
          ]
        ],
        "unit_class": "dynBase_fuel_storage_square",
        "objLayer": 2,
        "props": {
          "army": 2,
          "active": false
        }
      },
      {
        "name": "bdt_t2_bomb_object_03",
        "tm": [
          [
            -0.0357842,
            0.0,
            -0.999361
          ],
          [
            0.0,
            1.0,
            0.0
          ],
          [
            0.999361,
            0.0,
            -0.0357842
          ],
          [
            13912.6,
            672.055,
            -13906.1
          ]
        ],
        "unit_class": "dynBase_oil_storage_small_square",
        "objLayer": 2,
        "props": {
          "army": 2,
          "active": false
        }
      },
      {
        "name": "bdt_t1_bomb_object_01",
        "tm": [
          [
            -0.712813,
            0.0,
            -0.701353
          ],
          [
            0.0,
            1.0,
            0.0
          ],
          [
            0.701353,
            0.0,
            -0.712813
          ],
          [
            8550.51,
            542.208,
            -26478.6
          ]
        ],
        "unit_class": "dynBase_fuel_storage_square",
        "objLayer": 2,
        "props": {
          "army": 1,
          "active": false
        }
      },
      {
        "name": "bdt_t1_bomb_object_02",
        "tm": [
          [
            -0.0517124,
            0.0,
            -0.998661
          ],
          [
            0.0,
            1.0,
            0.0
          ],
          [
            0.998661,
            0.0,
            -0.0517124
          ],
          [
            10030.9,
            297.387,
            -27900.9
          ]
        ],
        "unit_class": "dynBase_small_factory_square",
        "objLayer": 2,
        "props": {
          "army": 1,
          "active": false
        }
      },
      {
        "name": "bdt_t1_bomb_object_03",
        "tm": [
          [
            0.052936,
            0.0,
            -0.998597
          ],
          [
            0.0,
            1.0,
            0.0
          ],
          [
            0.998597,
            0.0,
            0.052936
          ],
          [
            10787.3,
            476.072,
            -25809.6
          ]
        ],
        "unit_class": "dynBase_oil_storage_small_square",
        "objLayer": 2,
        "props": {
          "army": 1,
          "active": false
        }
      },
      {
        "name": "bdt_t2_bomb_object_04",
        "tm": [
          [
            -0.586632,
            0.0,
            -0.809855
          ],
          [
            0.0,
            1.0,
            0.0
          ],
          [
            0.809855,
            0.0,
            -0.586632
          ],
          [
            23593.1,
            113.385,
            -15644.7
          ]
        ],
        "unit_class": "dynBase_small_factory_square",
        "objLayer": 2,
        "props": {
          "army": 2,
          "active": false
        }
      },
      {
        "name": "bdt_t1_bomb_object_04",
        "tm": [
          [
            -0.299925,
            0.0,
            -0.953964
          ],
          [
            0.0,
            1.0,
            0.0
          ],
          [
            0.953964,
            0.0,
            -0.299925
          ],
          [
            9195.37,
            633.882,
            -23532.9
          ]
        ],
        "unit_class": "dynBase_field_camp_square",
        "objLayer": 2,
        "props": {
          "army": 1,
          "active": false
        }
      },
      {
        "name": "bdt_t1_bomb_object_05",
        "tm": [
          [
            -0.299925,
            0.0,
            -0.953964
          ],
          [
            0.0,
            1.0,
            0.0
          ],
          [
            0.953964,
            0.0,
            -0.299925
          ],
          [
            8872.51,
            396.019,
            -20630.2
          ]
        ],
        "unit_class": "dynBase_military_base_square",
        "objLayer": 2,
        "props": {
          "army": 1,
          "active": false
        }
      },
      {
        "name": "bdt_t1_bomb_object_06",
        "tm": [
          [
            -0.299925,
            0.0,
            -0.953964
          ],
          [
            0.0,
            1.0,
            0.0
          ],
          [
            0.953964,
            0.0,
            -0.299925
          ],
          [
            6825.85,
            764.644,
            -25038.9
          ]
        ],
        "unit_class": "dynBase_oil_storage_large_square",
        "objLayer": 2,
        "props": {
          "army": 1,
          "active": false
        }
      },
      {
        "name": "bdt_t1_bomb_object_07",
        "tm": [
          [
            -0.299925,
            0.0,
            -0.953964
          ],
          [
            0.0,
            1.0,
            0.0
          ],
          [
            0.953964,
            0.0,
            -0.299925
          ],
          [
            6894.24,
            718.729,
            -22635.7
          ]
        ],
        "unit_class": "dynBase_oil_storage_large_square",
        "objLayer": 2,
        "props": {
          "army": 1,
          "active": false
        }
      },
      {
        "name": "bdt_t1_bomb_object_08",
        "tm": [
          [
            -0.712813,
            0.0,
            -0.701353
          ],
          [
            0.0,
            1.0,
            0.0
          ],
          [
            0.701353,
            0.0,
            -0.712813
          ],
          [
            7025.21,
            236.79,
            -19920.3
          ]
        ],
        "unit_class": "dynBase_small_factory_square",
        "objLayer": 2,
        "props": {
          "army": 1,
          "active": false
        }
      },
      {
        "name": "bdt_t1_bomb_object_09",
        "tm": [
          [
            -0.712813,
            0.0,
            -0.701353
          ],
          [
            0.0,
            1.0,
            0.0
          ],
          [
            0.701353,
            0.0,
            -0.712813
          ],
          [
            13711.3,
            238.596,
            -27289.7
          ]
        ],
        "unit_class": "dynBase_petrol_camp_square",
        "objLayer": 2,
        "props": {
          "army": 1,
          "active": false
        }
      },
      {
        "name": "bdt_t1_bomb_object_10",
        "tm": [
          [
            -0.712813,
            0.0,
            -0.701353
          ],
          [
            0.0,
            1.0,
            0.0
          ],
          [
            0.701353,
            0.0,
            -0.712813
          ],
          [
            12680.8,
            129.936,
            -29453.6
          ]
        ],
        "unit_class": "dynBase_petrol_camp_square",
        "objLayer": 2,
        "props": {
          "army": 1,
          "active": false
        }
      },
      {
        "name": "bdt_t2_bomb_object_05",
        "tm": [
          [
            -0.586632,
            0.0,
            -0.809855
          ],
          [
            0.0,
            1.0,
            0.0
          ],
          [
            0.809855,
            0.0,
            -0.586632
          ],
          [
            21544.8,
            709.95,
            -13606.3
          ]
        ],
        "unit_class": "dynBase_petrol_camp_square",
        "objLayer": 2,
        "props": {
          "army": 2,
          "active": false
        }
      },
      {
        "name": "bdt_t2_bomb_object_06",
        "tm": [
          [
            -0.137978,
            0.0,
            -0.990437
          ],
          [
            0.0,
            1.0,
            0.0
          ],
          [
            0.990437,
            0.0,
            -0.137978
          ],
          [
            10564.5,
            525.587,
            -13072.8
          ]
        ],
        "unit_class": "dynBase_military_base_square",
        "objLayer": 2,
        "props": {
          "army": 2,
          "active": false
        }
      },
      {
        "name": "bdt_t2_bomb_object_07",
        "tm": [
          [
            -0.586632,
            0.0,
            -0.809855
          ],
          [
            0.0,
            1.0,
            0.0
          ],
          [
            0.809855,
            0.0,
            -0.586632
          ],
          [
            20910.4,
            474.971,
            -15652.1
          ]
        ],
        "unit_class": "dynBase_fuel_storage_square",
        "objLayer": 2,
        "props": {
          "army": 2,
          "active": false
        }
      },
      {
        "name": "bdt_t2_bomb_object_08",
        "tm": [
          [
            -0.0357842,
            0.0,
            -0.999361
          ],
          [
            0.0,
            1.0,
            0.0
          ],
          [
            0.999361,
            0.0,
            -0.0357842
          ],
          [
            16678.6,
            876.969,
            -11502.0
          ]
        ],
        "unit_class": "dynBase_ammunition_storage_square",
        "objLayer": 2,
        "props": {
          "army": 2,
          "active": false
        }
      },
      {
        "name": "bdt_t2_bomb_object_09",
        "tm": [
          [
            -0.0357842,
            0.0,
            -0.999361
          ],
          [
            0.0,
            1.0,
            0.0
          ],
          [
            0.999361,
            0.0,
            -0.0357842
          ],
          [
            11704.3,
            544.049,
            -15182.8
          ]
        ],
        "unit_class": "dynBase_field_camp_square",
        "objLayer": 2,
        "props": {
          "army": 2,
          "active": false
        }
      },
      {
        "name": "bdt_t2_bomb_object_10",
        "tm": [
          [
            -0.0357842,
            0.0,
            -0.999361
          ],
          [
            0.0,
            1.0,
            0.0
          ],
          [
            0.999361,
            0.0,
            -0.0357842
          ],
          [
            13717.2,
            736.444,
            -11972.1
          ]
        ],
        "unit_class": "dynBase_oil_storage_small_square",
        "objLayer": 2,
        "props": {
          "army": 2,
          "active": false
        }
      }
    ]
  },
  "areas": {
    "bdt_t2_bomb_zone_01": {
      "type": "Sphere",
      "tm": [
        [
          -425.275,
          0.0,
          -147.11
        ],
        [
          0.0,
          450.0,
          0.0
        ],
        [
          147.11,
          0.0,
          -425.275
        ],
        [
          18653.1,
          851.716,
          -12046.1
        ]
      ],
      "objLayer": 0,
      "props": {}
    },
    "bdt_t2_bomb_zone_02": {
      "type": "Sphere",
      "tm": [
        [
          -406.335,
          0.0,
          -193.37
        ],
        [
          0.0,
          450.0,
          0.0
        ],
        [
          193.37,
          0.0,
          -406.335
        ],
        [
          17085.2,
          759.831,
          -13472.0
        ]
      ],
      "objLayer": 0,
      "props": {}
    },
    "bdt_t2_bomb_zone_03": {
      "type": "Sphere",
      "tm": [
        [
          -16.1048,
          0.0,
          -449.711
        ],
        [
          0.0,
          450.0,
          0.0
        ],
        [
          449.711,
          0.0,
          -16.1048
        ],
        [
          13921.0,
          672.755,
          -13901.1
        ]
      ],
      "objLayer": 0,
      "props": {}
    },
    "bdt_t1_bomb_zone_01": {
      "type": "Sphere",
      "tm": [
        [
          -320.767,
          0.0,
          -315.608
        ],
        [
          0.0,
          450.0,
          0.0
        ],
        [
          315.608,
          0.0,
          -320.767
        ],
        [
          8543.94,
          556.868,
          -26489.3
        ]
      ],
      "objLayer": 0,
      "props": {}
    },
    "bdt_t1_bomb_zone_02": {
      "type": "Sphere",
      "tm": [
        [
          -119.988,
          0.0,
          -433.708
        ],
        [
          0.0,
          450.0,
          0.0
        ],
        [
          433.708,
          0.0,
          -119.988
        ],
        [
          10031.9,
          298.378,
          -27905.3
        ]
      ],
      "objLayer": 0,
      "props": {}
    },
    "bdt_t1_bomb_zone_03": {
      "type": "Sphere",
      "tm": [
        [
          -148.967,
          0.0,
          -424.626
        ],
        [
          0.0,
          450.0,
          0.0
        ],
        [
          424.626,
          0.0,
          -148.967
        ],
        [
          10786.0,
          475.403,
          -25815.0
        ]
      ],
      "objLayer": 0,
      "props": {}
    },
    "bdt_t2_bomb_zone_04": {
      "type": "Sphere",
      "tm": [
        [
          -263.984,
          0.0,
          -364.432
        ],
        [
          0.0,
          450.0,
          0.0
        ],
        [
          364.432,
          0.0,
          -263.984
        ],
        [
          23587.1,
          112.455,
          -15650.0
        ]
      ],
      "objLayer": 0,
      "props": {}
    },
    "bdt_t1_bomb_zone_04": {
      "type": "Sphere",
      "tm": [
        [
          -148.967,
          0.0,
          -424.626
        ],
        [
          0.0,
          450.0,
          0.0
        ],
        [
          424.626,
          0.0,
          -148.967
        ],
        [
          9200.75,
          634.542,
          -23535.1
        ]
      ],
      "objLayer": 0,
      "props": {}
    },
    "bdt_t2_bomb_zone_01_aaa_point_01": {
      "type": "Point",
      "tm": [
        [
          -0.601232,
          0.0,
          -0.799073
        ],
        [
          0.0,
          1.0,
          0.0
        ],
        [
          0.799073,
          0.0,
          -0.601232
        ],
        [
          18458.2,
          841.766,
          -11932.9
        ]
      ],
      "objLayer": 0,
      "props": {}
    },
    "bdt_t2_bomb_zone_01_aaa_point_02": {
      "type": "Point",
      "tm": [
        [
          -0.601232,
          0.0,
          -0.799073
        ],
        [
          0.0,
          1.0,
          0.0
        ],
        [
          0.799073,
          0.0,
          -0.601232
        ],
        [
          18941.7,
          880.306,
          -12092.0
        ]
      ],
      "objLayer": 0,
      "props": {}
    },
    "bdt_t2_bomb_zone_01_aaa_point_03": {
      "type": "Point",
      "tm": [
        [
          -0.601232,
          0.0,
          -0.799073
        ],
        [
          0.0,
          1.0,
          0.0
        ],
        [
          0.799073,
          0.0,
          -0.601232
        ],
        [
          18876.7,
          865.296,
          -12191.7
        ]
      ],
      "objLayer": 0,
      "props": {}
    },
    "bdt_t2_bomb_zone_01_aaa_point_04": {
      "type": "Point",
      "tm": [
        [
          -0.601232,
          0.0,
          -0.799073
        ],
        [
          0.0,
          1.0,
          0.0
        ],
        [
          0.799073,
          0.0,
          -0.601232
        ],
        [
          18685.4,
          881.743,
          -12574.3
        ]
      ],
      "objLayer": 0,
      "props": {}
    },
    "bdt_t2_bomb_zone_02_aaa_point_01": {
      "type": "Point",
      "tm": [
        [
          -0.508898,
          0.0,
          -0.860825
        ],
        [
          0.0,
          1.0,
          0.0
        ],
        [
          0.860825,
          0.0,
          -0.508898
        ],
        [
          17057.7,
          793.501,
          -13225.0
        ]
      ],
      "objLayer": 0,
      "props": {}
    },
    "bdt_t2_bomb_zone_02_aaa_point_02": {
      "type": "Point",
      "tm": [
        [
          -0.508898,
          0.0,
          -0.860825
        ],
        [
          0.0,
          1.0,
          0.0
        ],
        [
          0.860825,
          0.0,
          -0.508898
        ],
        [
          17328.2,
          823.751,
          -13691.2
        ]
      ],
      "objLayer": 0,
      "props": {}
    },
    "bdt_t2_bomb_zone_02_aaa_point_03": {
      "type": "Point",
      "tm": [
        [
          -0.508898,
          0.0,
          -0.860825
        ],
        [
          0.0,
          1.0,
          0.0
        ],
        [
          0.860825,
          0.0,
          -0.508898
        ],
        [
          17310.5,
          879.712,
          -13306.3
        ]
      ],
      "objLayer": 0,
      "props": {}
    },
    "bdt_t2_bomb_zone_02_aaa_point_04": {
      "type": "Point",
      "tm": [
        [
          -0.508898,
          0.0,
          -0.860825
        ],
        [
          0.0,
          1.0,
          0.0
        ],
        [
          0.860825,
          0.0,
          -0.508898
        ],
        [
          16936.5,
          732.972,
          -13646.7
        ]
      ],
      "objLayer": 0,
      "props": {}
    },
    "bdt_t2_bomb_zone_03_aaa_point_01": {
      "type": "Point",
      "tm": [
        [
          -0.508898,
          0.0,
          -0.860825
        ],
        [
          0.0,
          1.0,
          0.0
        ],
        [
          0.860825,
          0.0,
          -0.508898
        ],
        [
          13643.1,
          746.135,
          -13793.6
        ]
      ],
      "objLayer": 0,
      "props": {}
    },
    "bdt_t2_bomb_zone_03_aaa_point_02": {
      "type": "Point",
      "tm": [
        [
          -0.508898,
          0.0,
          -0.860825
        ],
        [
          0.0,
          1.0,
          0.0
        ],
        [
          0.860825,
          0.0,
          -0.508898
        ],
        [
          14098.1,
          575.515,
          -14134.0
        ]
      ],
      "objLayer": 0,
      "props": {}
    },
    "bdt_t2_bomb_zone_03_aaa_point_03": {
      "type": "Point",
      "tm": [
        [
          -0.508898,
          0.0,
          -0.860825
        ],
        [
          0.0,
          1.0,
          0.0
        ],
        [
          0.860825,
          0.0,
          -0.508898
        ],
        [
          14238.8,
          661.605,
          -13860.7
        ]
      ],
      "objLayer": 0,
      "props": {}
    },
    "bdt_t2_bomb_zone_03_aaa_point_04": {
      "type": "Point",
      "tm": [
        [
          -0.508898,
          0.0,
          -0.860825
        ],
        [
          0.0,
          1.0,
          0.0
        ],
        [
          0.860825,
          0.0,
          -0.508898
        ],
        [
          13800.3,
          712.655,
          -13626.4
        ]
      ],
      "objLayer": 0,
      "props": {}
    },
    "bdt_t2_bomb_zone_04_aaa_point_01": {
      "type": "Point",
      "tm": [
        [
          -0.601232,
          0.0,
          -0.799073
        ],
        [
          0.0,
          1.0,
          0.0
        ],
        [
          0.799073,
          0.0,
          -0.601232
        ],
        [
          23627.6,
          113.775,
          -15979.7
        ]
      ],
      "objLayer": 0,
      "props": {}
    },
    "bdt_t2_bomb_zone_04_aaa_point_02": {
      "type": "Point",
      "tm": [
        [
          -0.601232,
          0.0,
          -0.799073
        ],
        [
          0.0,
          1.0,
          0.0
        ],
        [
          0.799073,
          0.0,
          -0.601232
        ],
        [
          23885.5,
          155.795,
          -15601.4
        ]
      ],
      "objLayer": 0,
      "props": {}
    },
    "bdt_t2_bomb_zone_04_aaa_point_03": {
      "type": "Point",
      "tm": [
        [
          -0.601232,
          0.0,
          -0.799073
        ],
        [
          0.0,
          1.0,
          0.0
        ],
        [
          0.799073,
          0.0,
          -0.601232
        ],
        [
          23325.3,
          81.5751,
          -15600.0
        ]
      ],
      "objLayer": 0,
      "props": {}
    },
    "bdt_t2_bomb_zone_04_aaa_point_04": {
      "type": "Point",
      "tm": [
        [
          -0.601232,
          0.0,
          -0.799073
        ],
        [
          0.0,
          1.0,
          0.0
        ],
        [
          0.799073,
          0.0,
          -0.601232
        ],
        [
          23492.5,
          102.025,
          -15421.8
        ]
      ],
      "objLayer": 0,
      "props": {}
    },
    "bdt_t1_bomb_zone_01_aaa_point_01": {
      "type": "Point",
      "tm": [
        [
          -0.199436,
          0.0,
          -0.979911
        ],
        [
          0.0,
          1.0,
          0.0
        ],
        [
          0.979911,
          0.0,
          -0.199436
        ],
        [
          8501.96,
          667.078,
          -26740.6
        ]
      ],
      "objLayer": 0,
      "props": {}
    },
    "bdt_t1_bomb_zone_01_aaa_point_02": {
      "type": "Point",
      "tm": [
        [
          -0.199436,
          0.0,
          -0.979911
        ],
        [
          0.0,
          1.0,
          0.0
        ],
        [
          0.979911,
          0.0,
          -0.199436
        ],
        [
          8652.71,
          529.438,
          -26260.9
        ]
      ],
      "objLayer": 0,
      "props": {}
    },
    "bdt_t1_bomb_zone_01_aaa_point_03": {
      "type": "Point",
      "tm": [
        [
          -0.199436,
          0.0,
          -0.979911
        ],
        [
          0.0,
          1.0,
          0.0
        ],
        [
          0.979911,
          0.0,
          -0.199436
        ],
        [
          8322.88,
          460.688,
          -26414.8
        ]
      ],
      "objLayer": 0,
      "props": {}
    },
    "bdt_t1_bomb_zone_01_aaa_point_04": {
      "type": "Point",
      "tm": [
        [
          -0.199436,
          0.0,
          -0.979911
        ],
        [
          0.0,
          1.0,
          0.0
        ],
        [
          0.979911,
          0.0,
          -0.199436
        ],
        [
          8480.54,
          404.178,
          -26249.3
        ]
      ],
      "objLayer": 0,
      "props": {}
    },
    "bdt_t1_bomb_zone_02_aaa_point_01": {
      "type": "Point",
      "tm": [
        [
          -0.199436,
          0.0,
          -0.979911
        ],
        [
          0.0,
          1.0,
          0.0
        ],
        [
          0.979911,
          0.0,
          -0.199436
        ],
        [
          10170.0,
          371.797,
          -28137.8
        ]
      ],
      "objLayer": 0,
      "props": {}
    },
    "bdt_t1_bomb_zone_02_aaa_point_02": {
      "type": "Point",
      "tm": [
        [
          -0.199436,
          0.0,
          -0.979911
        ],
        [
          0.0,
          1.0,
          0.0
        ],
        [
          0.979911,
          0.0,
          -0.199436
        ],
        [
          10296.1,
          364.727,
          -27876.6
        ]
      ],
      "objLayer": 0,
      "props": {}
    },
    "bdt_t1_bomb_zone_02_aaa_point_03": {
      "type": "Point",
      "tm": [
        [
          -0.199436,
          0.0,
          -0.979911
        ],
        [
          0.0,
          1.0,
          0.0
        ],
        [
          0.979911,
          0.0,
          -0.199436
        ],
        [
          9607.84,
          265.277,
          -27753.5
        ]
      ],
      "objLayer": 0,
      "props": {}
    },
    "bdt_t1_bomb_zone_02_aaa_point_04": {
      "type": "Point",
      "tm": [
        [
          -0.199436,
          0.0,
          -0.979911
        ],
        [
          0.0,
          1.0,
          0.0
        ],
        [
          0.979911,
          0.0,
          -0.199436
        ],
        [
          10132.8,
          312.927,
          -27592.0
        ]
      ],
      "objLayer": 0,
      "props": {}
    },
    "bdt_t1_bomb_zone_03_aaa_point_01": {
      "type": "Point",
      "tm": [
        [
          -0.306887,
          0.0,
          -0.951746
        ],
        [
          0.0,
          1.0,
          0.0
        ],
        [
          0.951746,
          0.0,
          -0.306887
        ],
        [
          10627.4,
          512.192,
          -25551.3
        ]
      ],
      "objLayer": 0,
      "props": {}
    },
    "bdt_t1_bomb_zone_03_aaa_point_02": {
      "type": "Point",
      "tm": [
        [
          -0.306887,
          0.0,
          -0.951746
        ],
        [
          0.0,
          1.0,
          0.0
        ],
        [
          0.951746,
          0.0,
          -0.306887
        ],
        [
          10923.3,
          474.643,
          -26014.6
        ]
      ],
      "objLayer": 0,
      "props": {}
    },
    "bdt_t1_bomb_zone_03_aaa_point_03": {
      "type": "Point",
      "tm": [
        [
          -0.306887,
          0.0,
          -0.951746
        ],
        [
          0.0,
          1.0,
          0.0
        ],
        [
          0.951746,
          0.0,
          -0.306887
        ],
        [
          11070.1,
          465.543,
          -25776.3
        ]
      ],
      "objLayer": 0,
      "props": {}
    },
    "bdt_t1_bomb_zone_03_aaa_point_04": {
      "type": "Point",
      "tm": [
        [
          -0.306887,
          0.0,
          -0.951746
        ],
        [
          0.0,
          1.0,
          0.0
        ],
        [
          0.951746,
          0.0,
          -0.306887
        ],
        [
          10557.6,
          499.232,
          -25941.2
        ]
      ],
      "objLayer": 0,
      "props": {}
    },
    "bdt_t1_bomb_zone_04_aaa_point_01": {
      "type": "Point",
      "tm": [
        [
          -0.306887,
          0.0,
          -0.951746
        ],
        [
          0.0,
          1.0,
          0.0
        ],
        [
          0.951746,
          0.0,
          -0.306887
        ],
        [
          8985.06,
          666.302,
          -23767.1
        ]
      ],
      "objLayer": 0,
      "props": {}
    },
    "bdt_t1_bomb_zone_04_aaa_point_02": {
      "type": "Point",
      "tm": [
        [
          -0.306887,
          0.0,
          -0.951746
        ],
        [
          0.0,
          1.0,
          0.0
        ],
        [
          0.951746,
          0.0,
          -0.306887
        ],
        [
          9306.16,
          649.242,
          -23764.8
        ]
      ],
      "objLayer": 0,
      "props": {}
    },
    "bdt_t1_bomb_zone_04_aaa_point_03": {
      "type": "Point",
      "tm": [
        [
          -0.306887,
          0.0,
          -0.951746
        ],
        [
          0.0,
          1.0,
          0.0
        ],
        [
          0.951746,
          0.0,
          -0.306887
        ],
        [
          8925.78,
          656.472,
          -23440.1
        ]
      ],
      "objLayer": 0,
      "props": {}
    },
    "bdt_t1_bomb_zone_04_aaa_point_04": {
      "type": "Point",
      "tm": [
        [
          -0.306887,
          0.0,
          -0.951746
        ],
        [
          0.0,
          1.0,
          0.0
        ],
        [
          0.951746,
          0.0,
          -0.306887
        ],
        [
          9507.8,
          670.352,
          -23469.9
        ]
      ],
      "objLayer": 0,
      "props": {}
    },
    "bdt_t1_bomb_zone_05": {
      "type": "Sphere",
      "tm": [
        [
          -148.967,
          0.0,
          -424.626
        ],
        [
          0.0,
          450.0,
          0.0
        ],
        [
          424.626,
          0.0,
          -148.967
        ],
        [
          8878.02,
          395.749,
          -20632.4
        ]
      ],
      "objLayer": 0,
      "props": {}
    },
    "bdt_t1_bomb_zone_06": {
      "type": "Sphere",
      "tm": [
        [
          -148.967,
          0.0,
          -424.626
        ],
        [
          0.0,
          450.0,
          0.0
        ],
        [
          424.626,
          0.0,
          -148.967
        ],
        [
          6831.26,
          764.654,
          -25041.0
        ]
      ],
      "objLayer": 0,
      "props": {}
    },
    "bdt_t1_bomb_zone_07": {
      "type": "Sphere",
      "tm": [
        [
          -148.967,
          0.0,
          -424.626
        ],
        [
          0.0,
          450.0,
          0.0
        ],
        [
          424.626,
          0.0,
          -148.967
        ],
        [
          6899.71,
          716.639,
          -22637.9
        ]
      ],
      "objLayer": 0,
      "props": {}
    },
    "bdt_t1_bomb_zone_08": {
      "type": "Sphere",
      "tm": [
        [
          -320.767,
          0.0,
          -315.608
        ],
        [
          0.0,
          450.0,
          0.0
        ],
        [
          315.608,
          0.0,
          -320.767
        ],
        [
          7018.6,
          240.12,
          -19931.1
        ]
      ],
      "objLayer": 0,
      "props": {}
    },
    "bdt_t1_bomb_zone_09": {
      "type": "Sphere",
      "tm": [
        [
          -320.767,
          0.0,
          -315.608
        ],
        [
          0.0,
          450.0,
          0.0
        ],
        [
          315.608,
          0.0,
          -320.767
        ],
        [
          13704.8,
          238.886,
          -27300.2
        ]
      ],
      "objLayer": 0,
      "props": {}
    },
    "bdt_t1_bomb_zone_10": {
      "type": "Sphere",
      "tm": [
        [
          -320.767,
          0.0,
          -315.608
        ],
        [
          0.0,
          450.0,
          0.0
        ],
        [
          315.608,
          0.0,
          -320.767
        ],
        [
          12674.2,
          130.736,
          -29464.4
        ]
      ],
      "objLayer": 0,
      "props": {}
    },
    "bdt_t1_bomb_zone_05_aaa_point_01": {
      "type": "Point",
      "tm": [
        [
          -0.306887,
          0.0,
          -0.951746
        ],
        [
          0.0,
          1.0,
          0.0
        ],
        [
          0.951746,
          0.0,
          -0.306887
        ],
        [
          8983.44,
          384.699,
          -20379.5
        ]
      ],
      "objLayer": 0,
      "props": {}
    },
    "bdt_t1_bomb_zone_05_aaa_point_02": {
      "type": "Point",
      "tm": [
        [
          -0.306887,
          0.0,
          -0.951746
        ],
        [
          0.0,
          1.0,
          0.0
        ],
        [
          0.951746,
          0.0,
          -0.306887
        ],
        [
          8828.57,
          395.649,
          -20485.0
        ]
      ],
      "objLayer": 0,
      "props": {}
    },
    "bdt_t1_bomb_zone_05_aaa_point_03": {
      "type": "Point",
      "tm": [
        [
          -0.306887,
          0.0,
          -0.951746
        ],
        [
          0.0,
          1.0,
          0.0
        ],
        [
          0.951746,
          0.0,
          -0.306887
        ],
        [
          8757.11,
          407.839,
          -20893.5
        ]
      ],
      "objLayer": 0,
      "props": {}
    },
    "bdt_t1_bomb_zone_05_aaa_point_04": {
      "type": "Point",
      "tm": [
        [
          -0.306887,
          0.0,
          -0.951746
        ],
        [
          0.0,
          1.0,
          0.0
        ],
        [
          0.951746,
          0.0,
          -0.306887
        ],
        [
          8991.64,
          386.639,
          -20885.6
        ]
      ],
      "objLayer": 0,
      "props": {}
    },
    "bdt_t1_bomb_zone_06_aaa_point_01": {
      "type": "Point",
      "tm": [
        [
          -0.306887,
          0.0,
          -0.951746
        ],
        [
          0.0,
          1.0,
          0.0
        ],
        [
          0.951746,
          0.0,
          -0.306887
        ],
        [
          6614.92,
          765.887,
          -24782.2
        ]
      ],
      "objLayer": 0,
      "props": {}
    },
    "bdt_t1_bomb_zone_06_aaa_point_02": {
      "type": "Point",
      "tm": [
        [
          -0.306887,
          0.0,
          -0.951746
        ],
        [
          0.0,
          1.0,
          0.0
        ],
        [
          0.951746,
          0.0,
          -0.306887
        ],
        [
          6870.76,
          764.599,
          -24718.8
        ]
      ],
      "objLayer": 0,
      "props": {}
    },
    "bdt_t1_bomb_zone_06_aaa_point_03": {
      "type": "Point",
      "tm": [
        [
          -0.306887,
          0.0,
          -0.951746
        ],
        [
          0.0,
          1.0,
          0.0
        ],
        [
          0.951746,
          0.0,
          -0.306887
        ],
        [
          7122.22,
          764.51,
          -25145.5
        ]
      ],
      "objLayer": 0,
      "props": {}
    },
    "bdt_t1_bomb_zone_06_aaa_point_04": {
      "type": "Point",
      "tm": [
        [
          -0.306887,
          0.0,
          -0.951746
        ],
        [
          0.0,
          1.0,
          0.0
        ],
        [
          0.951746,
          0.0,
          -0.306887
        ],
        [
          6624.98,
          764.958,
          -25255.5
        ]
      ],
      "objLayer": 0,
      "props": {}
    },
    "bdt_t1_bomb_zone_07_aaa_point_01": {
      "type": "Point",
      "tm": [
        [
          -0.306887,
          0.0,
          -0.951746
        ],
        [
          0.0,
          1.0,
          0.0
        ],
        [
          0.951746,
          0.0,
          -0.306887
        ],
        [
          7102.82,
          602.269,
          -22860.4
        ]
      ],
      "objLayer": 0,
      "props": {}
    },
    "bdt_t1_bomb_zone_07_aaa_point_02": {
      "type": "Point",
      "tm": [
        [
          -0.306887,
          0.0,
          -0.951746
        ],
        [
          0.0,
          1.0,
          0.0
        ],
        [
          0.951746,
          0.0,
          -0.306887
        ],
        [
          6668.02,
          879.119,
          -22377.2
        ]
      ],
      "objLayer": 0,
      "props": {}
    },
    "bdt_t1_bomb_zone_07_aaa_point_03": {
      "type": "Point",
      "tm": [
        [
          -0.306887,
          0.0,
          -0.951746
        ],
        [
          0.0,
          1.0,
          0.0
        ],
        [
          0.951746,
          0.0,
          -0.306887
        ],
        [
          6659.91,
          706.349,
          -22873.3
        ]
      ],
      "objLayer": 0,
      "props": {}
    },
    "bdt_t1_bomb_zone_07_aaa_point_04": {
      "type": "Point",
      "tm": [
        [
          -0.306887,
          0.0,
          -0.951746
        ],
        [
          0.0,
          1.0,
          0.0
        ],
        [
          0.951746,
          0.0,
          -0.306887
        ],
        [
          7294.43,
          577.509,
          -22563.1
        ]
      ],
      "objLayer": 0,
      "props": {}
    },
    "bdt_t1_bomb_zone_08_aaa_point_01": {
      "type": "Point",
      "tm": [
        [
          -0.199436,
          0.0,
          -0.979911
        ],
        [
          0.0,
          1.0,
          0.0
        ],
        [
          0.979911,
          0.0,
          -0.199436
        ],
        [
          7328.88,
          283.641,
          -19915.2
        ]
      ],
      "objLayer": 0,
      "props": {}
    },
    "bdt_t1_bomb_zone_08_aaa_point_02": {
      "type": "Point",
      "tm": [
        [
          -0.199436,
          0.0,
          -0.979911
        ],
        [
          0.0,
          1.0,
          0.0
        ],
        [
          0.979911,
          0.0,
          -0.199436
        ],
        [
          6964.33,
          214.67,
          -19630.0
        ]
      ],
      "objLayer": 0,
      "props": {}
    },
    "bdt_t1_bomb_zone_08_aaa_point_03": {
      "type": "Point",
      "tm": [
        [
          -0.199436,
          0.0,
          -0.979911
        ],
        [
          0.0,
          1.0,
          0.0
        ],
        [
          0.979911,
          0.0,
          -0.199436
        ],
        [
          6660.85,
          234.62,
          -19920.7
        ]
      ],
      "objLayer": 0,
      "props": {}
    },
    "bdt_t1_bomb_zone_08_aaa_point_04": {
      "type": "Point",
      "tm": [
        [
          -0.199436,
          0.0,
          -0.979911
        ],
        [
          0.0,
          1.0,
          0.0
        ],
        [
          0.979911,
          0.0,
          -0.199436
        ],
        [
          6970.07,
          380.73,
          -20198.8
        ]
      ],
      "objLayer": 0,
      "props": {}
    },
    "bdt_t1_bomb_zone_09_aaa_point_01": {
      "type": "Point",
      "tm": [
        [
          -0.199436,
          0.0,
          -0.979911
        ],
        [
          0.0,
          1.0,
          0.0
        ],
        [
          0.979911,
          0.0,
          -0.199436
        ],
        [
          13874.5,
          238.586,
          -26885.8
        ]
      ],
      "objLayer": 0,
      "props": {}
    },
    "bdt_t1_bomb_zone_09_aaa_point_02": {
      "type": "Point",
      "tm": [
        [
          -0.199436,
          0.0,
          -0.979911
        ],
        [
          0.0,
          1.0,
          0.0
        ],
        [
          0.979911,
          0.0,
          -0.199436
        ],
        [
          13400.6,
          230.066,
          -27025.0
        ]
      ],
      "objLayer": 0,
      "props": {}
    },
    "bdt_t1_bomb_zone_09_aaa_point_03": {
      "type": "Point",
      "tm": [
        [
          -0.199436,
          0.0,
          -0.979911
        ],
        [
          0.0,
          1.0,
          0.0
        ],
        [
          0.979911,
          0.0,
          -0.199436
        ],
        [
          14201.2,
          244.276,
          -27334.6
        ]
      ],
      "objLayer": 0,
      "props": {}
    },
    "bdt_t1_bomb_zone_09_aaa_point_04": {
      "type": "Point",
      "tm": [
        [
          -0.199436,
          0.0,
          -0.979911
        ],
        [
          0.0,
