{
  "entity": [
    {
      "_template": "ri_gpu_object",
      "ri_gpu_object__biom_indexes": [
        24.0,
        1.0,
        2.0,
        -1.0
      ],
      "ri_gpu_object__grid_size": 8,
      "ri_gpu_object__grid_tiling": 1,
      "ri_gpu_object__cell_size": 16.0,
      "ri_gpu_object__incline_delta": 0.0,
      "ri_gpu_object__name": "debris_paper_lists_b",
      "ri_gpu_object__scale_range": [
        0.8,
        1.0
      ],
      "ri_gpu_object__rotate_range": [
        90.0,
        180.0
      ],
      "ri_gpu_object__seed": 25,
      "ri_gpu_object__is_using_normal": true,
      "ri_gpu_object__up_vector": [
        0.0,
        1.0,
        0.0
      ]
    },
    {
      "_template": "ri_gpu_object",
      "ri_gpu_object__biom_indexes": [
        24.0,
        1.0,
        2.0,
        -1.0
      ],
      "ri_gpu_object__grid_size": 8,
      "ri_gpu_object__grid_tiling": 3,
      "ri_gpu_object__cell_size": 16.0,
      "ri_gpu_object__incline_delta": 0.0,
      "ri_gpu_object__name": "debris_trash_con_small_parts_a",
      "ri_gpu_object__scale_range": [
        0.3,
        0.5
      ],
      "ri_gpu_object__rotate_range": [
        90.0,
        180.0
      ],
      "ri_gpu_object__seed": 10,
      "ri_gpu_object__is_using_normal": true,
      "ri_gpu_object__up_vector": [
        0.0,
        1.0,
        0.0
      ],
      "ri_gpu_object__hardness": 1.0
    },
    {
      "_template": "ri_gpu_object",
      "ri_gpu_object__biom_indexes": [
        3.0,
        -1.0,
        -1.0,
        -1.0
      ],
      "ri_gpu_object__grid_size": 6,
      "ri_gpu_object__grid_tiling": 2,
      "ri_gpu_object__cell_size": 16.0,
      "ri_gpu_object__incline_delta": 0.0,
      "ri_gpu_object__name": "generic_tree_dead_small_a",
      "ri_gpu_object__scale_range": [
        0.3,
        0.4
      ],
      "ri_gpu_object__rotate_range": [
        90.0,
        180.0
      ],
      "ri_gpu_object__seed": 11,
      "ri_gpu_object__is_using_normal": true,
      "ri_gpu_object__up_vector": [
        0.0,
        1.0,
        0.0
      ],
      "ri_gpu_object__hardness": 0.2
    },
    {
      "_template": "ri_gpu_object",
      "ri_gpu_object__biom_indexes": [
        3.0,
        -1.0,
        -1.0,
        -1.0
      ],
      "ri_gpu_object__grid_size": 6,
      "ri_gpu_object__grid_tiling": 2,
      "ri_gpu_object__cell_size": 16.0,
      "ri_gpu_object__incline_delta": 0.0,
      "ri_gpu_object__name": "generic_tree_dead_small_b",
      "ri_gpu_object__scale_range": [
        0.3,
        0.4
      ],
      "ri_gpu_object__rotate_range": [
        90.0,
        180.0
      ],
      "ri_gpu_object__seed": 12,
      "ri_gpu_object__is_using_normal": true,
      "ri_gpu_object__up_vector": [
        0.0,
        1.0,
        0.0
      ],
      "ri_gpu_object__hardness": 0.2
    },
    {
      "_template": "ri_gpu_object",
      "ri_gpu_object__biom_indexes": [
        24.0,
        1.0,
        2.0,
        -1.0
      ],
      "ri_gpu_object__map_size": [
        4096.0,
        4096.0
      ],
      "ri_gpu_object__map_offset": [
        0.0,
        0.0
      ],
      "ri_gpu_object__grid_size": 12,
      "ri_gpu_object__grid_tiling": 25,
      "ri_gpu_object__cell_size": 64.0,
      "ri_gpu_object__incline_delta": 30.0,
      "ri_gpu_object__name": "small_debris",
      "ri_gpu_object__rotate_range": [
        0.0,
        360.0
      ],
      "ri_gpu_object__scale_range": [
        0.2,
        0.5
      ],
      "ri_gpu_object__seed": 101,
      "ri_gpu_object__is_using_normal": true,
      "ri_gpu_object__up_vector": [
        0.1,
        1.0,
        0.1
      ],
      "ri_gpu_object__slope_factor": [
        -1.0,
        5.0
      ],
      "ri_gpu_object__multiple_objects:array": {
        "ri_gpu_object__multiple_objects:object": [
          {
            "name": "debris_trash_concrete_small_part_b3_secondlayer",
            "weight": 2.0
          },
          {
            "name": "debris_trash_concrete_small_part_b1_secondlayer",
            "weight": 2.0
          },
          {
            "name": "debris_trash_concrete_small_part_c1_secondlayer",
            "weight": 2.0
          },
          {
            "name": "debris_trash_concrete_small_part_c2_secondlayer",
            "weight": 2.0
          },
          {
            "name": "debris_trash_concrete_small_part_b2_secondlayer",
            "weight": 2.0
          },
          {
            "name": "debris_brick_small_d",
            "weight": 1.0
          },
          {
            "name": "debris_brick_small_f",
            "weight": 1.0
          }
        ]
      }
    },
    {
      "_template": "ri_gpu_object",
      "ri_gpu_object__map_size": [
        4096.0,
        4096.0
      ],
      "ri_gpu_object__map_offset": [
        0.0,
        0.0
      ],
      "ri_gpu_object__grid_size": 12,
      "ri_gpu_object__grid_tiling": 6,
      "ri_gpu_object__cell_size": 64.0,
      "ri_gpu_object__incline_delta": 3.0,
      "ri_gpu_object__name": "debris",
      "ri_gpu_object__rotate_range": [
        0.0,
        360.0
      ],
      "ri_gpu_object__scale_range": [
        0.85,
        1.0
      ],
      "ri_gpu_object__seed": 102,
      "ri_gpu_object__is_using_normal": true,
      "ri_gpu_object__up_vector": [
        0.1,
        1.0,
        0.1
      ],
      "ri_gpu_object__slope_factor": [
        -1.0,
        5.0
      ],
      "ri_gpu_object__biome_params:array": {
        "ri_gpu_object__biome_params": [
          24.0,
          1.0,
          0.0,
          0.0
        ]
      },
      "ri_gpu_object__multiple_objects:array": {
        "ri_gpu_object__multiple_objects:object": [
          {
            "name": "debris_brick_small_a",
            "weight": 1.0
          },
          {
            "name": "debris_brick_small_b",
            "weight": 1.0
          },
          {
            "name": "debris_brick_small_c",
            "weight": 1.0
          },
          {
            "name": "debris_brick_small_d",
            "weight": 1.0
          },
          {
            "name": "debris_trash_concrete_small_part_b1_secondlayer",
            "weight": 1.0
          },
          {
            "name": "debris_trash_concrete_small_part_c1_secondlayer",
            "weight": 1.0
          },
          {
            "name": "debris_trash_concrete_small_part_c2_secondlayer",
            "weight": 1.0
          },
          {
            "name": "debris_auto_cannon_cartridge_case_90mm_a",
            "weight": 3.0
          }
        ]
      }
    },
    {
      "_template": "ri_gpu_object",
      "ri_gpu_object__grid_size": 12,
      "ri_gpu_object__grid_tiling": 6,
      "ri_gpu_object__cell_size": 64.0,
      "ri_gpu_object__incline_delta": 0.0,
      "ri_gpu_object__name": "debris",
      "ri_gpu_object__rotate_range": [
        0.0,
        360.0
      ],
      "ri_gpu_object__scale_range": [
        0.3,
        0.65
      ],
      "ri_gpu_object__seed": 102,
      "ri_gpu_object__is_using_normal": true,
      "ri_gpu_object__up_vector": [
        0.1,
        1.0,
        0.1
      ],
      "ri_gpu_object__slope_factor": [
        -1.0,
        5.0
      ],
      "ri_gpu_object__biome_params:array": {
        "ri_gpu_object__biome_params": [
          [
            0.0,
            0.5,
            0.0,
            0.0
          ],
          [
            9.0,
            0.2,
            0.0,
            0.0
          ]
        ]
      },
      "ri_gpu_object__multiple_objects:array": {
        "ri_gpu_object__multiple_objects:object": [
          {
            "name": "generic_tree_dead_small_a",
            "weight": 2.0
          },
          {
            "name": "generic_tree_dead_small_b",
            "weight": 2.0
          }
        ]
      }
    },
    {
      "_template": "ri_gpu_object",
      "ri_gpu_object__grid_size": 12,
      "ri_gpu_object__grid_tiling": 12,
      "ri_gpu_object__cell_size": 64.0,
      "ri_gpu_object__incline_delta": 0.0,
      "ri_gpu_object__name": "debris",
      "ri_gpu_object__rotate_range": [
        0.0,
        360.0
      ],
      "ri_gpu_object__scale_range": [
        0.15,
        0.4
      ],
      "ri_gpu_object__seed": 103,
      "ri_gpu_object__is_using_normal": true,
      "ri_gpu_object__up_vector": [
        0.1,
        1.0,
        0.1
      ],
      "ri_gpu_object__slope_factor": [
        -1.0,
        5.0
      ],
      "ri_gpu_object__biome_params:array": {
        "ri_gpu_object__biome_params": [
          [
            0.0,
            0.5,
            0.0,
            0.0
          ],
          [
            9.0,
            0.3,
            0.0,
            0.0
          ]
        ]
      },
      "ri_gpu_object__multiple_objects:array": {
        "ri_gpu_object__multiple_objects:object": [
          {
            "name": "small_rock_moss_a_secondlayer",
            "weight": 2.0
          },
          {
            "name": "small_rock_moss_b_secondlayer",
            "weight": 2.0
          }
        ]
      }
    },
    {
      "_template": "ecs_fx",
      "transform": [
        [
          -0.325345,
          0.0,
          -0.945595
        ],
        [
          0.0,
          1.0,
          0.0
        ],
        [
          0.945595,
          0.0,
          -0.325345
        ],
        [
          2115.9,
          4.707,
          2458.61
        ]
      ],
      "ecs_fx__res": "location_blowing_snowstorm_cmps_fx"
    },
    {
      "_template": "ecs_fx",
      "transform": [
        [
          -0.325345,
          0.0,
          -0.945595
        ],
        [
          0.0,
          1.0,
          0.0
        ],
        [
          0.945595,
          0.0,
          -0.325345
        ],
        [
          2095.59,
          4.707,
          2430.28
        ]
      ],
      "ecs_fx__res": "location_blowing_snowstorm_cmps_fx"
    },
    {
      "_template": "ecs_fx",
      "transform": [
        [
          -0.325345,
          0.0,
          -0.945595
        ],
        [
          0.0,
          1.0,
          0.0
        ],
        [
          0.945595,
          0.0,
          -0.325345
        ],
        [
          2010.0,
          4.707,
          2393.22
        ]
      ],
      "ecs_fx__res": "location_blowing_snowstorm_cmps_fx"
    },
    {
      "_template": "ecs_fx",
      "transform": [
        [
          -0.325345,
          0.0,
          -0.945595
        ],
        [
          0.0,
          1.0,
          0.0
        ],
        [
          0.945595,
          0.0,
          -0.325345
        ],
        [
          1933.52,
          5.20185,
          2337.11
        ]
      ],
      "ecs_fx__res": "location_blowing_snowstorm_cmps_fx"
    },
    {
      "_template": "ecs_fx",
      "transform": [
        [
          -0.325345,
          0.0,
          -0.945595
        ],
        [
          0.0,
          1.0,
          0.0
        ],
        [
          0.945595,
          0.0,
          -0.325345
        ],
        [
          1832.7,
          6.42662,
          2355.28
        ]
      ],
      "ecs_fx__res": "location_blowing_snowstorm_cmps_fx"
    },
    {
      "_template": "ecs_fx",
      "transform": [
        [
          -0.325345,
          0.0,
          -0.945595
        ],
        [
          0.0,
          1.0,
          0.0
        ],
        [
          0.945595,
          0.0,
          -0.325345
        ],
        [
          1899.29,
          4.74562,
          2289.78
        ]
      ],
      "ecs_fx__res": "location_blowing_snowstorm_cmps_fx"
    },
    {
      "_template": "ecs_fx",
      "transform": [
        [
          -0.325345,
          0.0,
          -0.945595
        ],
        [
          0.0,
          1.0,
          0.0
        ],
        [
          0.945595,
          0.0,
          -0.325345
        ],
        [
          1888.37,
          5.26556,
          2312.69
        ]
      ],
      "ecs_fx__res": "location_blowing_snowstorm_cmps_fx"
    },
    {
      "_template": "ecs_fx",
      "transform": [
        [
          -0.325345,
          0.0,
          -0.945595
        ],
        [
          0.0,
          1.0,
          0.0
        ],
        [
          0.945595,
          0.0,
          -0.325345
        ],
        [
          2163.93,
          3.65309,
          2156.58
        ]
      ],
      "ecs_fx__res": "location_blowing_snowstorm_cmps_fx"
    },
    {
      "_template": "ecs_fx",
      "transform": [
        [
          -0.325345,
          0.0,
          -0.945595
        ],
        [
          0.0,
          1.0,
          0.0
        ],
        [
          0.945595,
          0.0,
          -0.325345
        ],
        [
          2225.03,
          8.11398,
          2209.12
        ]
      ],
      "ecs_fx__res": "location_blowing_snowstorm_cmps_fx"
    },
    {
      "_template": "ecs_fx",
      "transform": [
        [
          -0.325345,
          0.0,
          -0.945595
        ],
        [
          0.0,
          1.0,
          0.0
        ],
        [
          0.945595,
          0.0,
          -0.325345
        ],
        [
          2039.24,
          4.07714,
          2197.88
        ]
      ],
      "ecs_fx__res": "location_blowing_snowstorm_cmps_fx"
    },
    {
      "_template": "ecs_fx",
      "transform": [
        [
          -0.325345,
          0.0,
          -0.945595
        ],
        [
          0.0,
          1.0,
          0.0
        ],
        [
          0.945595,
          0.0,
          -0.325345
        ],
        [
          2221.78,
          2.85221,
          2092.69
        ]
      ],
      "ecs_fx__res": "location_blowing_snowstorm_cmps_fx"
    },
    {
      "_template": "ecs_fx",
      "transform": [
        [
          -0.325345,
          0.0,
          -0.945595
        ],
        [
          0.0,
          1.0,
          0.0
        ],
        [
          0.945595,
          0.0,
          -0.325345
        ],
        [
          2194.74,
          2.73427,
          1965.18
        ]
      ],
      "ecs_fx__res": "location_blowing_snowstorm_cmps_fx"
    },
    {
      "_template": "ecs_fx",
      "transform": [
        [
          -0.325345,
          0.0,
          -0.945595
        ],
        [
          0.0,
          1.0,
          0.0
        ],
        [
          0.945595,
          0.0,
          -0.325345
        ],
        [
          2202.0,
          1.99142,
          1937.19
        ]
      ],
      "ecs_fx__res": "location_blowing_snowstorm_cmps_fx"
    },
    {
      "_template": "ecs_fx",
      "transform": [
        [
          -0.325345,
          0.0,
          -0.945595
        ],
        [
          0.0,
          1.0,
          0.0
        ],
        [
          0.945595,
          0.0,
          -0.325345
        ],
        [
          2174.49,
          0.919298,
          1901.22
        ]
      ],
      "ecs_fx__res": "location_blowing_snowstorm_cmps_fx"
    },
    {
      "_template": "ecs_fx",
      "transform": [
        [
          -0.325345,
          0.0,
          -0.945595
        ],
        [
          0.0,
          1.0,
          0.0
        ],
        [
          0.945595,
          0.0,
          -0.325345
        ],
        [
          2168.53,
          2.24053,
          1700.01
        ]
      ],
      "ecs_fx__res": "location_blowing_snowstorm_cmps_fx"
    },
    {
      "_template": "ecs_fx",
      "transform": [
        [
          -0.325345,
          0.0,
          -0.945595
        ],
        [
          0.0,
          1.0,
          0.0
        ],
        [
          0.945595,
          0.0,
          -0.325345
        ],
        [
          2101.54,
          5.83138,
          1679.91
        ]
      ],
      "ecs_fx__res": "location_blowing_snowstorm_cmps_fx"
    },
    {
      "_template": "ecs_fx",
      "transform": [
        [
          -0.325345,
          0.0,
          -0.945595
        ],
        [
          0.0,
          1.0,
          0.0
        ],
        [
          0.945595,
          0.0,
          -0.325345
        ],
        [
          2073.24,
          5.83138,
          1627.11
        ]
      ],
      "ecs_fx__res": "location_blowing_snowstorm_cmps_fx"
    },
    {
      "_template": "ecs_fx",
      "transform": [
        [
          -0.325345,
          0.0,
          -0.945595
        ],
        [
          0.0,
          1.0,
          0.0
        ],
        [
          0.945595,
          0.0,
          -0.325345
        ],
        [
          2144.42,
          5.42692,
          1628.7
        ]
      ],
      "ecs_fx__res": "location_blowing_snowstorm_cmps_fx"
    },
    {
      "_template": "ecs_fx",
      "transform": [
        [
          -0.325345,
          0.0,
          -0.945595
        ],
        [
          0.0,
          1.0,
          0.0
        ],
        [
          0.945595,
          0.0,
          -0.325345
        ],
        [
          2035.32,
          4.065,
          1759.55
        ]
      ],
      "ecs_fx__res": "location_blowing_snowstorm_cmps_fx"
    },
    {
      "_template": "ecs_fx",
      "transform": [
        [
          -0.325345,
          0.0,
          -0.945595
        ],
        [
          0.0,
          1.0,
          0.0
        ],
        [
          0.945595,
          0.0,
          -0.325345
        ],
        [
          2039.01,
          3.45076,
          1892.31
        ]
      ],
      "ecs_fx__res": "location_blowing_snowstorm_cmps_fx"
    },
    {
      "_template": "ecs_fx",
      "transform": [
        [
          -0.325345,
          0.0,
          -0.945595
        ],
        [
          0.0,
          1.0,
          0.0
        ],
        [
          0.945595,
          0.0,
          -0.325345
        ],
        [
          1872.31,
          3.45076,
          1831.65
        ]
      ],
      "ecs_fx__res": "location_blowing_snowstorm_cmps_fx"
    },
    {
      "_template": "ecs_fx",
      "transform": [
        [
          -0.325345,
          0.0,
          -0.945595
        ],
        [
          0.0,
          1.0,
          0.0
        ],
        [
          0.945595,
          0.0,
          -0.325345
        ],
        [
          1883.91,
          3.56649,
          1926.89
        ]
      ],
      "ecs_fx__res": "location_blowing_snowstorm_cmps_fx"
    },
    {
      "_template": "ecs_fx",
      "transform": [
        [
          -0.325345,
          0.0,
          -0.945595
        ],
        [
          0.0,
          1.0,
          0.0
        ],
        [
          0.945595,
          0.0,
          -0.325345
        ],
        [
          2270.16,
          1.19567,
          2020.39
        ]
      ],
      "ecs_fx__res": "location_blowing_snowstorm_cmps_fx"
    },
    {
      "_template": "ecs_fx",
      "transform": [
        [
          -0.325345,
          0.0,
          -0.945595
        ],
        [
          0.0,
          1.0,
          0.0
        ],
        [
          0.945595,
          0.0,
          -0.325345
        ],
        [
          2324.13,
          2.96047,
          2118.35
        ]
      ],
      "ecs_fx__res": "location_blowing_snowstorm_cmps_fx"
    },
    {
      "_template": "ecs_fx",
      "transform": [
        [
          -0.325345,
          0.0,
          -0.945595
        ],
        [
          0.0,
          1.0,
          0.0
        ],
        [
          0.945595,
          0.0,
          -0.325345
        ],
        [
          2429.08,
          3.19519,
          2136.06
        ]
      ],
      "ecs_fx__res": "location_blowing_snowstorm_cmps_fx"
    },
    {
      "_template": "ecs_fx",
      "transform": [
        [
          -0.325345,
          0.0,
          -0.945595
        ],
        [
          0.0,
          1.0,
          0.0
        ],
        [
          0.945595,
          0.0,
          -0.325345
        ],
        [
          2544.86,
          3.02115,
          2089.02
        ]
      ],
      "ecs_fx__res": "location_blowing_snowstorm_cmps_fx"
    },
    {
      "_template": "ecs_fx",
      "transform": [
        [
          -0.325345,
          0.0,
          -0.945595
        ],
        [
          0.0,
          1.0,
          0.0
        ],
        [
          0.945595,
          0.0,
          -0.325345
        ],
        [
          2600.04,
          3.2556,
          2086.08
        ]
      ],
      "ecs_fx__res": "location_blowing_snowstorm_cmps_fx"
    },
    {
      "_template": "ecs_fx",
      "transform": [
        [
          -0.325345,
          0.0,
          -0.945595
        ],
        [
          0.0,
          1.0,
          0.0
        ],
        [
          0.945595,
          0.0,
          -0.325345
        ],
        [
          2660.24,
          3.80539,
          1942.9
        ]
      ],
      "ecs_fx__res": "location_blowing_snowstorm_cmps_fx"
    },
    {
      "_template": "ecs_fx",
      "transform": [
        [
          -0.325345,
          0.0,
          -0.945595
        ],
        [
          0.0,
          1.0,
          0.0
        ],
        [
          0.945595,
          0.0,
          -0.325345
        ],
        [
          2536.64,
          3.80539,
          1969.31
        ]
      ],
      "ecs_fx__res": "location_blowing_snowstorm_cmps_fx"
    },
    {
      "_template": "ecs_fx",
      "transform": [
        [
          -0.325345,
          0.0,
          -0.945595
        ],
        [
          0.0,
          1.0,
          0.0
        ],
        [
          0.945595,
          0.0,
          -0.325345
        ],
        [
          2390.14,
          2.52452,
          1991.03
        ]
      ],
      "ecs_fx__res": "location_blowing_snowstorm_cmps_fx"
    },
    {
      "_template": "ecs_fx",
      "transform": [
        [
          -0.325345,
          0.0,
          -0.945595
        ],
        [
          0.0,
          1.0,
          0.0
        ],
        [
          0.945595,
          0.0,
          -0.325345
        ],
        [
          2278.05,
          1.15456,
          1995.36
        ]
      ],
      "ecs_fx__res": "location_blowing_snowstorm_cmps_fx"
    },
    {
      "_template": "ecs_fx",
      "transform": [
        [
          -0.325345,
          0.0,
          -0.945595
        ],
        [
          0.0,
          1.0,
          0.0
        ],
        [
          0.945595,
          0.0,
          -0.325345
        ],
        [
          2246.68,
          0.837149,
          1798.26
        ]
      ],
      "ecs_fx__res": "location_blowing_snowstorm_cmps_fx"
    },
    {
      "_template": "ecs_fx",
      "transform": [
        [
          -0.325345,
          0.0,
          -0.945595
        ],
        [
          0.0,
          1.0,
          0.0
        ],
        [
          0.945595,
          0.0,
          -0.325345
        ],
        [
          2257.91,
          2.27184,
          1937.51
        ]
      ],
      "ecs_fx__res": "location_blowing_snowstorm_cmps_fx"
    },
    {
      "_template": "ecs_fx",
      "transform": [
        [
          -0.325345,
          0.0,
          -0.945595
        ],
        [
          0.0,
          1.0,
          0.0
        ],
        [
          0.945595,
          0.0,
          -0.325345
        ],
        [
          2384.97,
          2.88873,
          2185.52
        ]
      ],
      "ecs_fx__res": "location_blowing_snowstorm_cmps_fx"
    },
    {
      "_template": "ecs_fx",
      "transform": [
        [
          -0.325345,
          0.0,
          -0.945595
        ],
        [
          0.0,
          1.0,
          0.0
        ],
        [
          0.945595,
          0.0,
          -0.325345
        ],
        [
          2497.48,
          3.12,
          2191.99
        ]
      ],
      "ecs_fx__res": "location_blowing_snowstorm_cmps_fx"
    },
    {
      "_template": "ecs_fx",
      "transform": [
        [
          -0.325345,
          0.0,
          -0.945595
        ],
        [
          0.0,
          1.0,
          0.0
        ],
        [
          0.945595,
          0.0,
          -0.325345
        ],
        [
          2566.0,
          4.26053,
          2299.48
        ]
      ],
      "ecs_fx__res": "location_blowing_snowstorm_cmps_fx"
    },
    {
      "_template": "ecs_fx",
      "transform": [
        [
          -0.325345,
          0.0,
          -0.945595
        ],
        [
          0.0,
          1.0,
          0.0
        ],
        [
          0.945595,
          0.0,
          -0.325345
        ],
        [
          2591.25,
          2.02929,
          2378.81
        ]
      ],
      "ecs_fx__res": "location_blowing_snowstorm_cmps_fx"
    },
    {
      "_template": "ecs_fx",
      "transform": [
        [
          -0.325345,
          0.0,
          -0.945595
        ],
        [
          0.0,
          1.0,
          0.0
        ],
        [
          0.945595,
          0.0,
          -0.325345
        ],
        [
          2505.4,
          3.01465,
          2478.02
        ]
      ],
      "ecs_fx__res": "location_blowing_snowstorm_cmps_fx"
    },
    {
      "_template": "ecs_fx",
      "transform": [
        [
          -0.325345,
          0.0,
          -0.945595
        ],
        [
          0.0,
          1.0,
          0.0
        ],
        [
          0.945595,
          0.0,
          -0.325345
        ],
        [
          2738.94,
          2.00215,
          2328.92
        ]
      ],
      "ecs_fx__res": "location_blowing_snowstorm_cmps_fx"
    },
    {
      "_template": "ecs_fx",
      "transform": [
        [
          -0.325345,
          0.0,
          -0.945595
        ],
        [
          0.0,
          1.0,
          0.0
        ],
        [
          0.945595,
          0.0,
          -0.325345
        ],
        [
          2802.39,
          2.26983,
          2232.3
        ]
      ],
      "ecs_fx__res": "location_blowing_snowstorm_cmps_fx"
    },
    {
      "_template": "ecs_fx",
      "transform": [
        [
          -0.325345,
          0.0,
          -0.945595
        ],
        [
          0.0,
          1.0,
          0.0
        ],
        [
          0.945595,
          0.0,
          -0.325345
        ],
        [
          2712.73,
          3.13431,
          2281.53
        ]
      ],
      "ecs_fx__res": "location_blowing_snowstorm_cmps_fx"
    },
    {
      "_template": "ecs_fx",
      "transform": [
        [
          -0.325345,
          0.0,
          -0.945595
        ],
        [
          0.0,
          1.0,
          0.0
        ],
        [
          0.945595,
          0.0,
          -0.325345
        ],
        [
          2842.26,
          2.6412,
          2058.59
        ]
      ],
      "ecs_fx__res": "location_blowing_snowstorm_cmps_fx"
    },
    {
      "_template": "ecs_fx",
      "transform": [
        [
          -0.325345,
          0.0,
          -0.945595
        ],
        [
          0.0,
          1.0,
          0.0
        ],
        [
          0.945595,
          0.0,
          -0.325345
        ],
        [
          2849.33,
          2.97657,
          1950.45
        ]
      ],
      "ecs_fx__res": "location_blowing_snowstorm_cmps_fx"
    },
    {
      "_template": "ecs_fx",
      "transform": [
        [
          -0.325345,
          0.0,
          -0.945595
        ],
        [
          0.0,
          1.0,
          0.0
        ],
        [
          0.945595,
          0.0,
          -0.325345
        ],
        [
          2838.87,
          2.97657,
          1850.66
        ]
      ],
      "ecs_fx__res": "location_blowing_snowstorm_cmps_fx"
    },
    {
      "_template": "ecs_fx",
      "transform": [
        [
          -0.325345,
          0.0,
          -0.945595
        ],
        [
          0.0,
          1.0,
          0.0
        ],
        [
          0.945595,
          0.0,
          -0.325345
        ],
        [
          2800.35,
          2.97657,
          1634.03
        ]
      ],
      "ecs_fx__res": "location_blowing_snowstorm_cmps_fx"
    },
    {
      "_template": "ecs_fx",
      "transform": [
        [
          -0.325345,
          0.0,
          -0.945595
        ],
        [
          0.0,
          1.0,
          0.0
        ],
        [
          0.945595,
          0.0,
          -0.325345
        ],
        [
          2717.43,
          4.03059,
          1654.11
        ]
      ],
      "ecs_fx__res": "location_blowing_snowstorm_cmps_fx"
    },
    {
      "_template": "ecs_fx",
      "transform": [
        [
          -0.325345,
          0.0,
          -0.945595
        ],
        [
          0.0,
          1.0,
          0.0
        ],
        [
          0.945595,
          0.0,
          -0.325345
        ],
        [
          2753.27,
          3.47546,
          1734.08
        ]
      ],
      "ecs_fx__res": "location_blowing_snowstorm_cmps_fx"
    },
    {
      "_template": "ecs_fx",
      "transform": [
        [
          -0.325345,
          0.0,
          -0.945595
        ],
        [
          0.0,
          1.0,
          0.0
        ],
        [
          0.945595,
          0.0,
          -0.325345
        ],
        [
          2557.2,
          3.9053,
          1820.88
        ]
      ],
      "ecs_fx__res": "location_blowing_snowstorm_cmps_fx"
    },
    {
      "_template": "ecs_fx",
      "transform": [
        [
          -0.325345,
          0.0,
          -0.945595
        ],
        [
          0.0,
          1.0,
          0.0
        ],
        [
          0.945595,
          0.0,
          -0.325345
        ],
        [
          2495.16,
          3.9053,
          1810.84
        ]
      ],
      "ecs_fx__res": "location_blowing_snowstorm_cmps_fx"
    },
    {
      "_template": "ecs_fx",
      "transform": [
        [
          -0.325345,
          0.0,
          -0.945595
        ],
        [
          0.0,
          1.0,
          0.0
        ],
        [
          0.945595,
          0.0,
          -0.325345
        ],
        [
          2479.4,
          3.13223,
          1770.47
        ]
      ],
      "ecs_fx__res": "location_blowing_snowstorm_cmps_fx"
    },
    {
      "_template": "ecs_fx",
      "transform": [
        [
          -0.325345,
          0.0,
          -0.945595
        ],
        [
          0.0,
          1.0,
          0.0
        ],
        [
          0.945595,
          0.0,
          -0.325345
        ],
        [
          2581.43,
          3.08835,
          1738.76
        ]
      ],
      "ecs_fx__res": "location_blowing_snowstorm_cmps_fx"
    },
    {
      "_template": "ecs_fx",
      "transform": [
        [
          -0.325345,
          0.0,
          -0.945595
        ],
        [
          0.0,
          1.0,
          0.0
        ],
        [
          0.945595,
          0.0,
          -0.325345
        ],
        [
          2581.77,
          3.91185,
          1779.72
        ]
      ],
      "ecs_fx__res": "location_blowing_snowstorm_cmps_fx"
    },
    {
      "_template": "ecs_fx",
      "transform": [
        [
          -0.325345,
          0.0,
          -0.945595
        ],
        [
          0.0,
          1.0,
          0.0
        ],
        [
          0.945595,
          0.0,
          -0.325345
        ],
        [
          2387.03,
          3.26547,
          1765.66
        ]
      ],
      "ecs_fx__res": "location_blowing_snowstorm_cmps_fx"
    },
    {
      "_template": "ecs_fx",
      "transform": [
        [
          -0.325345,
          0.0,
          -0.945595
        ],
        [
          0.0,
          1.0,
          0.0
        ],
        [
          0.945595,
          0.0,
          -0.325345
        ],
        [
          2295.37,
          3.26547,
          1799.41
        ]
      ],
      "ecs_fx__res": "location_blowing_snowstorm_cmps_fx"
    },
    {
      "_template": "ecs_fx",
      "transform": [
        [
          -0.325345,
          0.0,
          -0.945595
        ],
        [
          0.0,
          1.0,
          0.0
        ],
        [
          0.945595,
          0.0,
          -0.325345
        ],
        [
          2481.06,
          2.71522,
          1554.08
        ]
      ],
      "ecs_fx__res": "location_blowing_snowstorm_cmps_fx"
    },
    {
      "_template": "ecs_fx",
      "transform": [
        [
          -0.325345,
          0.0,
          -0.945595
        ],
        [
          0.0,
          1.0,
          0.0
        ],
        [
          0.945595,
          0.0,
          -0.325345
        ],
        [
          2324.3,
          3.0608,
          1571.05
        ]
      ],
      "ecs_fx__res": "location_blowing_snowstorm_cmps_fx"
    },
    {
      "_template": "ecs_fx",
      "transform": [
        [
          -0.325345,
          0.0,
          -0.945595
        ],
        [
          0.0,
          1.0,
          0.0
        ],
        [
          0.945595,
          0.0,
          -0.325345
        ],
        [
          2232.58,
          2.78162,
          1578.75
        ]
      ],
      "ecs_fx__res": "location_blowing_snowstorm_cmps_fx"
    },
    {
      "_template": "ecs_fx",
      "transform": [
        [
          -0.325345,
          0.0,
          -0.945595
        ],
        [
          0.0,
          1.0,
          0.0
        ],
        [
          0.945595,
          0.0,
          -0.325345
        ],
        [
          1717.21,
          12.2962,
          1929.28
        ]
      ],
      "ecs_fx__res": "location_blowing_snowstorm_cmps_fx"
    },
    {
      "_template": "ecs_fx",
      "transform": [
        [
          -0.325345,
          0.0,
          -0.945595
        ],
        [
          0.0,
          1.0,
          0.0
        ],
        [
          0.945595,
          0.0,
          -0.325345
        ],
        [
          1714.81,
          12.2962,
          2028.47
        ]
      ],
      "ecs_fx__res": "location_blowing_snowstorm_cmps_fx"
    },
    {
      "_template": "ecs_fx",
      "transform": [
        [
          -0.325345,
          0.0,
          -0.945595
        ],
        [
          0.0,
          1.0,
          0.0
        ],
        [
          0.945595,
          0.0,
          -0.325345
        ],
        [
          1710.85,
          11.6333,
          2259.54
        ]
      ],
      "ecs_fx__res": "location_blowing_snowstorm_cmps_fx"
    },
    {
      "_template": "ecs_fx",
      "transform": [
        [
          -0.325345,
          0.0,
          -0.945595
        ],
        [
          0.0,
          1.0,
          0.0
        ],
        [
          0.945595,
          0.0,
          -0.325345
        ],
        [
          1717.64,
          11.1903,
          2368.76
        ]
      ],
      "ecs_fx__res": "location_blowing_snowstorm_cmps_fx"
    },
    {
      "_template": "ecs_fx",
      "transform": [
        [
          -0.325345,
          0.0,
          -0.945595
        ],
        [
          0.0,
          1.0,
          0.0
        ],
        [
          0.945595,
          0.0,
          -0.325345
        ],
        [
          1810.68,
          6.87914,
          2576.45
        ]
      ],
      "ecs_fx__res": "location_blowing_snowstorm_cmps_fx"
    },
    {
      "_template": "ecs_fx",
      "transform": [
        [
          -0.325345,
          0.0,
          -0.945595
        ],
        [
          0.0,
          1.0,
          0.0
        ],
        [
          0.945595,
          0.0,
          -0.325345
        ],
        [
          1947.51,
          3.17482,
          2588.5
        ]
      ],
      "ecs_fx__res": "location_blowing_snowstorm_cmps_fx"
    },
    {
      "_template": "ecs_fx",
      "transform": [
        [
          -0.325345,
          0.0,
          -0.945595
        ],
        [
          0.0,
          1.0,
          0.0
        ],
        [
          0.945595,
          0.0,
          -0.325345
        ],
        [
          2133.25,
          4.61915,
          2581.26
        ]
      ],
      "ecs_fx__res": "location_blowing_snowstorm_cmps_fx"
    }
  ]
}