{
  "entity": [
    {
      "_template": "unit_loader",
      "setting__unitType": "template:rail_wagon",
      "setting__className": "tankModels/germ_railway_tram_a",
      "setting__unit_class": "germ_railway_tram_a",
      "setting__isDead": true,
      "setting__tm": [
        [
          1.0,
          0.0,
          0.0
        ],
        [
          0.0,
          1.0,
          0.0
        ],
        [
          0.0,
          0.0,
          1.0
        ],
        [
          2403.05,
          42.55,
          1435.55
        ]
      ],
      "setting__attack_type": ""
    },
    {
      "_template": "unit_loader",
      "setting__unitType": "template:rail_wagon",
      "setting__className": "tankModels/germ_railway_tram_a",
      "setting__unit_class": "germ_railway_tram_a",
      "setting__isDead": true,
      "setting__tm": [
        [
          1.0,
          0.0,
          0.0
        ],
        [
          0.0,
          1.0,
          0.0
        ],
        [
          0.0,
          0.0,
          1.0
        ],
        [
          2411.4,
          42.55,
          1435.55
        ]
      ],
      "setting__attack_type": ""
    },
    {
      "_template": "unit_loader",
      "setting__unitType": "template:rail_wagon",
      "setting__className": "tankModels/germ_railway_tram_a",
      "setting__unit_class": "germ_railway_tram_a",
      "setting__isDead": true,
      "setting__tm": [
        [
          -0.996194,
          0.0,
          -0.0871555
        ],
        [
          0.0868244,
          0.0871558,
          -0.992404
        ],
        [
          0.00759611,
          -0.996195,
          -0.0868241
        ],
        [
          2282.0,
          42.55,
          1434.3
        ]
      ],
      "setting__attack_type": ""
    },
    {
      "_template": "unit_loader",
      "setting__unitType": "template:rail_wagon",
      "setting__className": "tankModels/germ_railway_tram_a",
      "setting__unit_class": "germ_railway_tram_a",
      "setting__isDead": true,
      "setting__tm": [
        [
          0.750584,
          0.0,
          -0.660775
        ],
        [
          0.0,
          1.0,
          0.0
        ],
        [
          0.660775,
          0.0,
          0.750584
        ],
        [
          2243.2,
          42.55,
          1448.9
        ]
      ],
      "setting__attack_type": ""
    },
    {
      "_template": "unit_loader",
      "setting__unitType": "template:rail_wagon",
      "setting__className": "tankModels/germ_railway_tram_a",
      "setting__unit_class": "germ_railway_tram_a",
      "setting__isDead": true,
      "setting__tm": [
        [
          -0.953717,
          0.0,
          0.300706
        ],
        [
          -0.299561,
          0.0871558,
          -0.950088
        ],
        [
          -0.0262083,
          -0.996195,
          -0.0831219
        ],
        [
          2564.6,
          41.35,
          1274.75
        ]
      ],
      "setting__attack_type": ""
    },
    {
      "_template": "unit_loader",
      "setting__unitType": "template:rail_wagon",
      "setting__className": "tankModels/germ_railway_tram_a",
      "setting__unit_class": "germ_railway_tram_a",
      "setting__isDead": true,
      "setting__tm": [
        [
          -0.228359,
          0.0,
          0.973577
        ],
        [
          0.0,
          1.0,
          0.0
        ],
        [
          -0.973577,
          0.0,
          -0.228359
        ],
        [
          2814.25,
          44.0,
          924.7
        ]
      ],
      "setting__attack_type": ""
    },
    {
      "_template": "unit_loader",
      "setting__unitType": "template:rail_wagon",
      "setting__className": "tankModels/germ_railway_tram_a",
      "setting__unit_class": "germ_railway_tram_a",
      "setting__isDead": true,
      "setting__tm": [
        [
          -0.0259035,
          0.0,
          0.999664
        ],
        [
          0.0,
          1.0,
          0.0
        ],
        [
          -0.999664,
          0.0,
          -0.0259035
        ],
        [
          2801.55,
          44.0,
          1050.1
        ]
      ],
      "setting__attack_type": ""
    },
    {
      "_template": "unit_loader",
      "setting__unitType": "template:rail_wagon",
      "setting__className": "tankModels/germ_railway_tram_a",
      "setting__unit_class": "germ_railway_tram_a",
      "setting__isDead": true,
      "setting__tm": [
        [
          -0.0436193,
          0.0,
          0.999048
        ],
        [
          0.0,
          1.0,
          0.0
        ],
        [
          -0.999048,
          0.0,
          -0.0436193
        ],
        [
          2793.45,
          43.9,
          831.25
        ]
      ],
      "setting__attack_type": ""
    },
    {
      "_template": "unit_loader",
      "setting__unitType": "template:rail_wagon",
      "setting__className": "tankModels/germ_railway_tram_a",
      "setting__unit_class": "germ_railway_tram_a",
      "setting__isDead": true,
      "setting__tm": [
        [
          -0.192996,
          0.0,
          0.981199
        ],
        [
          0.0,
          1.0,
          0.0
        ],
        [
          -0.981199,
          0.0,
          -0.192996
        ],
        [
          2794.35,
          43.9,
          823.25
        ]
      ],
      "setting__attack_type": ""
    },
    {
      "_template": "unit_loader",
      "setting__unitType": "template:rail_wagon",
      "setting__className": "tankModels/germ_railway_tram_a",
      "setting__unit_class": "germ_railway_tram_a",
      "setting__isDead": true,
      "setting__tm": [
        [
          0.422618,
          0.0,
          -0.906307
        ],
        [
          0.0,
          1.0,
          0.0
        ],
        [
          0.906307,
          0.0,
          0.422618
        ],
        [
          2802.9,
          43.9,
          805.25
        ]
      ],
      "setting__attack_type": ""
    },
    {
      "_template": "unit_loader",
      "setting__unitType": "template:rail_wagon",
      "setting__className": "tankModels/germ_railway_tram_a",
      "setting__unit_class": "germ_railway_tram_a",
      "setting__isDead": true,
      "setting__tm": [
        [
          1.0,
          0.0,
          0.0
        ],
        [
          0.0,
          1.0,
          0.0
        ],
        [
          0.0,
          0.0,
          1.0
        ],
        [
          2420.25,
          42.55,
          1435.55
        ]
      ],
      "setting__attack_type": ""
    },
    {
      "_template": "unit_loader",
      "setting__unitType": "template:rail_wagon",
      "setting__className": "tankModels/germ_railway_tram_a",
      "setting__unit_class": "germ_railway_tram_a",
      "setting__isDead": true,
      "setting__tm": [
        [
          -0.0259035,
          0.0,
          0.999664
        ],
        [
          0.0,
          1.0,
          0.0
        ],
        [
          -0.999664,
          0.0,
          -0.0259035
        ],
        [
          2801.65,
          44.0,
          1041.8
        ]
      ],
      "setting__attack_type": ""
    },
    {
      "_template": "unit_loader",
      "setting__unitType": "template:rail_wagon",
      "setting__className": "tankModels/germ_railway_tram_a",
      "setting__unit_class": "germ_railway_tram_a",
      "setting__isDead": true,
      "setting__tm": [
        [
          0.97621,
          0.0,
          0.216828
        ],
        [
          0.206793,
          0.300706,
          -0.931028
        ],
        [
          -0.0652014,
          0.953717,
          0.293552
        ],
        [
          2162.32,
          41.5,
          1509.54
        ]
      ],
      "setting__attack_type": ""
    },
    {
      "_template": "unit_loader",
      "setting__unitType": "template:rail_wagon",
      "setting__className": "tankModels/germ_railway_tram_a",
      "setting__unit_class": "germ_railway_tram_a",
      "setting__isDead": true,
      "setting__tm": [
        [
          -0.41894,
          0.11003,
          -0.901322
        ],
        [
          0.272632,
          0.962074,
          -0.00927427
        ],
        [
          0.866118,
          -0.249614,
          -0.433049
        ],
        [
          2177.3,
          40.5785,
          1521.62
        ]
      ],
      "setting__attack_type": ""
    },
    {
      "_template": "unit_loader",
      "setting__unitType": "template:rail_wagon",
      "setting__className": "tankModels/germ_railway_tram_a",
      "setting__unit_class": "germ_railway_tram_a",
      "setting__isDead": true,
      "setting__tm": [
        [
          -0.34202,
          -0.122654,
          -0.931653
        ],
        [
          0.936117,
          0.0419375,
          -0.34918
        ],
        [
          0.0818996,
          -0.991563,
          0.100476
        ],
        [
          2410.5,
          43.4,
          1288.05
        ]
      ],
      "setting__attack_type": ""
    },
    {
      "_template": "unit_loader",
      "setting__unitType": "template:rail_wagon",
      "setting__className": "tankModels/germ_railway_tram_a",
      "setting__unit_class": "germ_railway_tram_a",
      "setting__isDead": true,
      "setting__tm": [
        [
          -0.984814,
          -0.0658566,
          -0.160633
        ],
        [
          0.168685,
          -0.14417,
          -0.97507
        ],
        [
          0.0410572,
          -0.987359,
          0.15309
        ],
        [
          2485.43,
          40.8427,
          957.738
        ]
      ],
      "setting__attack_type": ""
    },
    {
      "_template": "unit_loader",
      "setting__unitType": "template:rail_wagon",
      "setting__className": "tankModels/germ_railway_tram_a",
      "setting__unit_class": "germ_railway_tram_a",
      "setting__isDead": true,
      "setting__tm": [
        [
          -0.746561,
          0.114301,
          -0.655425
        ],
        [
          0.663348,
          0.203614,
          -0.720077
        ],
        [
          0.0511484,
          -0.972356,
          -0.227831
        ],
        [
          2866.9,
          40.25,
          1184.45
        ]
      ],
      "setting__attack_type": ""
    },
    {
      "_template": "unit_loader",
      "setting__unitType": "template:rail_wagon",
      "setting__className": "tankModels/germ_railway_tram_a",
      "setting__unit_class": "germ_railway_tram_a",
      "setting__isDead": true,
      "setting__tm": [
        [
          0.54472,
          0.264847,
          -0.795698
        ],
        [
          0.826976,
          -0.327193,
          0.457226
        ],
        [
          -0.139252,
          -0.907084,
          -0.397251
        ],
        [
          2183.0,
          41.25,
          1542.95
        ]
      ],
      "setting__attack_type": ""
    },
    {
      "_template": "unit_loader",
      "setting__unitType": "template:rail_wagon",
      "setting__className": "tankModels/germ_railway_tram_a",
      "setting__unit_class": "germ_railway_tram_a",
      "setting__isDead": true,
      "setting__tm": [
        [
          -0.553025,
          0.264847,
          -0.789948
        ],
        [
          0.719064,
          -0.327193,
          -0.6131
        ],
        [
          -0.420844,
          -0.907084,
          -0.00949616
        ],
        [
          2566.51,
          40.5804,
          1569.56
        ]
      ],
      "setting__attack_type": ""
    },
    {
      "_template": "unit_loader",
      "setting__unitType": "template:rail_wagon",
      "setting__className": "tankModels/germ_railway_tram_a",
      "setting__unit_class": "germ_railway_tram_a",
      "setting__isDead": true,
      "setting__tm": [
        [
          0.0596521,
          -0.0421155,
          0.99733
        ],
        [
          0.0361647,
          0.998545,
          0.0400034
        ],
        [
          -0.997564,
          0.0336816,
          0.0610885
        ],
        [
          2633.55,
          40.791,
          1521.85
        ]
      ],
      "setting__attack_type": ""
    },
    {
      "_template": "unit_loader",
      "setting__unitType": "template:rail_wagon",
      "setting__className": "tankModels/germ_railway_tram_a",
      "setting__unit_class": "germ_railway_tram_a",
      "setting__isDead": true,
      "setting__tm": [
        [
          0.903626,
          -0.0739547,
          0.421887
        ],
        [
          0.141157,
          0.981373,
          -0.130308
        ],
        [
          -0.404393,
          0.177302,
          0.897235
        ],
        [
          2649.24,
          40.791,
          1506.08
        ]
      ],
      "setting__attack_type": ""
    },
    {
      "_template": "unit_loader",
      "setting__unitType": "template:rail_wagon",
      "setting__className": "tankModels/germ_railway_tram_a",
      "setting__unit_class": "germ_railway_tram_a",
      "setting__isDead": true,
      "setting__tm": [
        [
          -0.976295,
          0.0,
          0.21644
        ],
        [
          -0.215616,
          0.0871558,
          -0.972581
        ],
        [
          -0.018864,
          -0.996195,
          -0.0850898
        ],
        [
          2491.22,
          42.55,
          1427.49
        ]
      ],
      "setting__attack_type": ""
    }
  ]
}