{
  "entity": [
    {
      "_template": "rendinst_replicated",
      "ri_extra__name": "japan_statue_dragon_a",
      "transform": [
        [
          -0.707107,
          0.0,
          -0.707107
        ],
        [
          0.0,
          1.0,
          0.0
        ],
        [
          0.707107,
          0.0,
          -0.707107
        ],
        [
          -30.2437,
          46.1172,
          -698.196
        ]
      ]
    },
    {
      "_template": "rendinst_replicated",
      "ri_extra__name": "japan_statue_cat_a",
      "transform": [
        [
          -1.45286e-7,
          0.0,
          1.5
        ],
        [
          0.0,
          1.5,
          0.0
        ],
        [
          -1.5,
          0.0,
          -1.45286e-7
        ],
        [
          331.873,
          29.8523,
          551.386
        ]
      ]
    },
    {
      "_template": "rendinst_replicated",
      "ri_extra__name": "vietnam_incense_burner_a",
      "transform": [
        [
          -5.36441e-8,
          0.0,
          -0.9
        ],
        [
          0.0,
          0.9,
          0.0
        ],
        [
          0.9,
          0.0,
          -5.36441e-8
        ],
        [
          364.162,
          30.4819,
          578.986
        ]
      ]
    },
    {
      "_template": "rendinst_replicated",
      "ri_extra__name": "vietnam_incense_burner_b",
      "transform": [
        [
          1.0,
          0.0,
          0.0
        ],
        [
          0.0,
          1.0,
          0.0
        ],
        [
          0.0,
          0.0,
          1.0
        ],
        [
          276.346,
          30.8164,
          582.557
        ]
      ]
    },
    {
      "_template": "rendinst_replicated",
      "ri_extra__name": "vietnam_pot_a",
      "transform": [
        [
          1.0,
          0.0,
          0.0
        ],
        [
          0.0,
          1.0,
          0.0
        ],
        [
          0.0,
          0.0,
          1.0
        ],
        [
          380.167,
          29.8546,
          605.196
        ]
      ]
    },
    {
      "_template": "rendinst_replicated",
      "ri_extra__name": "vietnam_pot_b",
      "transform": [
        [
          1.0,
          0.0,
          0.0
        ],
        [
          0.0,
          1.0,
          0.0
        ],
        [
          0.0,
          0.0,
          1.0
        ],
        [
          380.767,
          29.8566,
          604.142
        ]
      ]
    },
    {
      "_template": "rendinst_replicated",
      "ri_extra__name": "vietnam_pot_d",
      "transform": [
        [
          1.0,
          0.0,
          0.0
        ],
        [
          0.0,
          1.0,
          0.0
        ],
        [
          0.0,
          0.0,
          1.0
        ],
        [
          379.941,
          29.8534,
          602.351
        ]
      ]
    },
    {
      "_template": "rendinst_replicated",
      "ri_extra__name": "vietnam_ricksha_a",
      "transform": [
        [
          0.939692,
          0.0,
          0.342021
        ],
        [
          0.0,
          1.0,
          0.0
        ],
        [
          -0.342021,
          0.0,
          0.939692
        ],
        [
          27.3654,
          45.9677,
          -650.653
        ]
      ]
    },
    {
      "_template": "rendinst_replicated",
      "ri_extra__name": "vietnam_ricksha_b",
      "transform": [
        [
          0.5373,
          0.0,
          -0.843391
        ],
        [
          0.0,
          1.0,
          0.0
        ],
        [
          0.843391,
          0.0,
          0.5373
        ],
        [
          3.08176,
          45.8506,
          -676.721
        ]
      ]
    },
    {
      "_template": "rendinst_replicated",
      "ri_extra__name": "vietnam_ricksha_c",
      "transform": [
        [
          0.5373,
          0.0,
          -0.843391
        ],
        [
          0.0,
          1.0,
          0.0
        ],
        [
          0.843391,
          0.0,
          0.5373
        ],
        [
          -11.4352,
          45.8608,
          -637.551
        ]
      ]
    },
    {
      "_template": "rendinst_replicated",
      "ri_extra__name": "vietnam_table_a",
      "transform": [
        [
          -0.642788,
          0.0,
          -0.766044
        ],
        [
          0.0,
          1.0,
          0.0
        ],
        [
          0.766044,
          0.0,
          -0.642788
        ],
        [
          381.181,
          29.8573,
          604.784
        ]
      ]
    },
    {
      "_template": "rendinst_replicated",
      "ri_extra__name": "japan_lamp_a",
      "transform": [
        [
          6.03983e-8,
          0.0,
          -0.8
        ],
        [
          0.0,
          0.8,
          0.0
        ],
        [
          0.8,
          0.0,
          6.03983e-8
        ],
        [
          363.674,
          29.8519,
          578.974
        ]
      ]
    },
    {
      "_template": "rendinst_replicated",
      "ri_extra__name": "japan_statue_cat_b",
      "transform": [
        [
          -0.98871,
          0.0,
          -0.14984
        ],
        [
          0.0,
          1.0,
          0.0
        ],
        [
          0.14984,
          0.0,
          -0.98871
        ],
        [
          383.725,
          29.8524,
          538.452
        ]
      ]
    },
    {
      "_template": "rendinst_replicated",
      "ri_extra__name": "japan_statue_cat_c",
      "transform": [
        [
          -8.9407e-8,
          0.0,
          1.5
        ],
        [
          0.0,
          1.5,
          0.0
        ],
        [
          -1.5,
          0.0,
          -8.9407e-8
        ],
        [
          331.734,
          29.8524,
          579.53
        ]
      ]
    },
    {
      "_template": "rendinst_replicated",
      "ri_extra__name": "japan_well_a",
      "transform": [
        [
          4.94209e-8,
          0.0,
          1.0
        ],
        [
          0.0,
          1.0,
          0.0
        ],
        [
          -1.0,
          0.0,
          4.94209e-8
        ],
        [
          27.704,
          45.8822,
          -631.421
        ]
      ]
    },
    {
      "_template": "rendinst_replicated",
      "ri_extra__name": "japan_pagoda_foundation_lamp_01",
      "transform": [
        [
          -1.0,
          0.0,
          5.2154e-8
        ],
        [
          0.0,
          1.0,
          0.0
        ],
        [
          -5.2154e-8,
          0.0,
          -1.0
        ],
        [
          417.598,
          29.8517,
          555.281
        ]
      ]
    },
    {
      "_template": "rendinst_replicated",
      "ri_extra__name": "anniversary_gift_confetti_a",
      "transform": [
        [
          0.0871558,
          0.0,
          -0.996195
        ],
        [
          0.0,
          1.0,
          0.0
        ],
        [
          0.996195,
          0.0,
          0.0871558
        ],
        [
          4.09633,
          45.8709,
          -642.669
        ]
      ]
    },
    {
      "_template": "rendinst_replicated",
      "ri_extra__name": "anniversary_gift_pile_a",
      "transform": [
        [
          1.0,
          0.0,
          0.0
        ],
        [
          0.0,
          1.0,
          0.0
        ],
        [
          0.0,
          0.0,
          1.0
        ],
        [
          372.363,
          29.8503,
          611.081
        ]
      ]
    },
    {
      "_template": "rendinst_replicated",
      "ri_extra__name": "anniversary_gift_pile_b",
      "transform": [
        [
          1.0,
          0.0,
          0.0
        ],
        [
          0.0,
          1.0,
          0.0
        ],
        [
          0.0,
          0.0,
          1.0
        ],
        [
          383.306,
          29.8506,
          604.129
        ]
      ]
    },
    {
      "_template": "rendinst_replicated",
      "ri_extra__name": "anniversary_gift_pile_c",
      "transform": [
        [
          0.421696,
          0.0,
          0.26865
        ],
        [
          0.0,
          0.5,
          0.0
        ],
        [
          -0.26865,
          0.0,
          0.421696
        ],
        [
          -11.13,
          46.6878,
          -638.122
        ]
      ]
    },
    {
      "_template": "rendinst_replicated",
      "ri_extra__name": "anniversary_balloons_group_a",
      "transform": [
        [
          1.0,
          0.0,
          0.0
        ],
        [
          0.0,
          1.0,
          0.0
        ],
        [
          0.0,
          0.0,
          1.0
        ],
        [
          378.941,
          30.4738,
          607.366
        ]
      ]
    },
    {
      "_template": "rendinst_replicated",
      "ri_extra__name": "anniversary_balloons_group_b",
      "transform": [
        [
          1.0,
          0.0,
          0.0
        ],
        [
          0.0,
          1.0,
          0.0
        ],
        [
          0.0,
          0.0,
          1.0
        ],
        [
          382.95,
          29.8482,
          604.639
        ]
      ]
    },
    {
      "_template": "rendinst_replicated",
      "ri_extra__name": "anniversary_balloons_group_c",
      "transform": [
        [
          1.0,
          0.0,
          0.0
        ],
        [
          0.0,
          1.0,
          0.0
        ],
        [
          0.0,
          0.0,
          1.0
        ],
        [
          370.995,
          30.7789,
          606.463
        ]
      ]
    },
    {
      "_template": "rendinst_replicated",
      "ri_extra__name": "japan_statue_dragon_a",
      "transform": [
        [
          -0.707107,
          0.0,
          -0.707107
        ],
        [
          0.0,
          1.0,
          0.0
        ],
        [
          0.707107,
          0.0,
          -0.707107
        ],
        [
          -43.0274,
          46.1172,
          -685.636
        ]
      ]
    },
    {
      "_template": "rendinst_replicated",
      "ri_extra__name": "large_pedestal_b",
      "transform": [
        [
          0.804165,
          0.0,
          0.0337045
        ],
        [
          0.0,
          0.804872,
          0.0
        ],
        [
          -0.0337045,
          0.0,
          0.804165
        ],
        [
          -1536.42,
          3.37084,
          171.447
        ]
      ]
    },
    {
      "_template": "rendinst_replicated",
      "ri_extra__name": "china_korea_tower_02",
      "transform": [
        [
          1.24876,
          0.0,
          -0.0540869
        ],
        [
          0.0,
          1.24993,
          0.0
        ],
        [
          0.0540869,
          0.0,
          1.24876
        ],
        [
          -1229.72,
          31.689,
          409.094
        ]
      ]
    },
    {
      "_template": "rendinst_replicated",
      "ri_extra__name": "wood_pier_g_platform_a",
      "transform": [
        [
          1.08953,
          0.0,
          0.762779
        ],
        [
          0.0,
          1.33,
          0.0
        ],
        [
          -0.762779,
          0.0,
          1.08953
        ],
        [
          -1455.09,
          -2.00131,
          56.0119
        ]
      ]
    },
    {
      "_template": "rendinst_replicated",
      "ri_extra__name": "wood_pier_g_platform_a",
      "transform": [
        [
          1.08953,
          0.0,
          0.762779
        ],
        [
          0.0,
          1.33,
          0.0
        ],
        [
          -0.762779,
          0.0,
          1.08953
        ],
        [
          -1442.81,
          -2.00131,
          38.4732
        ]
      ]
    },
    {
      "_template": "rendinst_replicated",
      "ri_extra__name": "wood_pier_g_platform_a",
      "transform": [
        [
          1.08953,
          0.0,
          0.762779
        ],
        [
          0.0,
          1.33,
          0.0
        ],
        [
          -0.762779,
          0.0,
          1.08953
        ],
        [
          -1430.52,
          -2.00131,
          20.9106
        ]
      ]
    },
    {
      "_template": "rendinst_replicated",
      "ri_extra__name": "wood_pier_g_platform_a",
      "transform": [
        [
          1.08953,
          0.0,
          0.762779
        ],
        [
          0.0,
          1.33,
          0.0
        ],
        [
          -0.762779,
          0.0,
          1.08953
        ],
        [
          -1418.22,
          -2.00131,
          3.35041
        ]
      ]
    },
    {
      "_template": "rendinst_replicated",
      "ri_extra__name": "wood_pier_g_platform_a",
      "transform": [
        [
          1.08953,
          0.0,
          0.762779
        ],
        [
          0.0,
          1.33,
          0.0
        ],
        [
          -0.762779,
          0.0,
          1.08953
        ],
        [
          -1405.93,
          -2.00131,
          -14.2055
        ]
      ]
    },
    {
      "_template": "rendinst_replicated",
      "ri_extra__name": "wood_pier_g_platform_a",
      "transform": [
        [
          1.08953,
          0.0,
          0.762779
        ],
        [
          0.0,
          1.33,
          0.0
        ],
        [
          -1.01206,
          0.0,
          1.44559
        ],
        [
          -1391.67,
          -2.00131,
          -34.5668
        ]
      ]
    },
    {
      "_template": "rendinst_replicated",
      "ri_extra__name": "wood_railing_b",
      "transform": [
        [
          -0.573576,
          0.0,
          0.819152
        ],
        [
          0.0,
          1.0,
          0.0
        ],
        [
          -0.819152,
          0.0,
          -0.573576
        ],
        [
          -1452.08,
          1.51791,
          58.95
        ]
      ]
    },
    {
      "_template": "rendinst_replicated",
      "ri_extra__name": "wood_railing_b",
      "transform": [
        [
          -0.573576,
          0.0,
          0.819152
        ],
        [
          0.0,
          1.0,
          0.0
        ],
        [
          -0.819152,
          0.0,
          -0.573576
        ],
        [
          -1449.78,
          1.51791,
          55.665
        ]
      ]
    },
    {
      "_template": "rendinst_replicated",
      "ri_extra__name": "wood_railing_b",
      "transform": [
        [
          -0.573576,
          0.0,
          0.819152
        ],
        [
          0.0,
          1.0,
          0.0
        ],
        [
          -0.819152,
          0.0,
          -0.573576
        ],
        [
          -1456.68,
          1.51791,
          65.5264
        ]
      ]
    },
    {
      "_template": "rendinst_replicated",
      "ri_extra__name": "wood_railing_b",
      "transform": [
        [
          -0.573576,
          0.0,
          0.819152
        ],
        [
          0.0,
          1.0,
          0.0
        ],
        [
          -0.819152,
          0.0,
          -0.573576
        ],
        [
          -1454.38,
          1.51791,
          62.2415
        ]
      ]
    },
    {
      "_template": "rendinst_replicated",
      "ri_extra__name": "wood_railing_b",
      "transform": [
        [
          -0.573576,
          0.0,
          0.819152
        ],
        [
          0.0,
          1.0,
          0.0
        ],
        [
          -0.819152,
          0.0,
          -0.573576
        ],
        [
          -1447.48,
          1.51791,
          52.3866
        ]
      ]
    },
    {
      "_template": "rendinst_replicated",
      "ri_extra__name": "wood_railing_b",
      "transform": [
        [
          -0.573576,
          0.0,
          0.819152
        ],
        [
          0.0,
          1.0,
          0.0
        ],
        [
          -0.819152,
          0.0,
          -0.573576
        ],
        [
          -1445.18,
          1.51791,
          49.1016
        ]
      ]
    },
    {
      "_template": "rendinst_replicated",
      "ri_extra__name": "wood_railing_b",
      "transform": [
        [
          -0.573576,
          0.0,
          0.819152
        ],
        [
          0.0,
          1.0,
          0.0
        ],
        [
          -0.819152,
          0.0,
          -0.573576
        ],
        [
          -1442.88,
          1.51791,
          45.8058
        ]
      ]
    },
    {
      "_template": "rendinst_replicated",
      "ri_extra__name": "wood_railing_b",
      "transform": [
        [
          -0.573576,
          0.0,
          0.819152
        ],
        [
          0.0,
          1.0,
          0.0
        ],
        [
          -0.819152,
          0.0,
          -0.573576
        ],
        [
          -1440.58,
          1.51791,
          42.5208
        ]
      ]
    },
    {
      "_template": "rendinst_replicated",
      "ri_extra__name": "wood_railing_b",
      "transform": [
        [
          -0.573576,
          0.0,
          0.819152
        ],
        [
          0.0,
          1.0,
          0.0
        ],
        [
          -0.819152,
          0.0,
          -0.573576
        ],
        [
          -1438.28,
          1.51791,
          39.2454
        ]
      ]
    },
    {
      "_template": "rendinst_replicated",
      "ri_extra__name": "wood_railing_b",
      "transform": [
        [
          -0.573576,
          0.0,
          0.819152
        ],
        [
          0.0,
          1.0,
          0.0
        ],
        [
          -0.819152,
          0.0,
          -0.573576
        ],
        [
          -1435.98,
          1.51791,
          35.9604
        ]
      ]
    },
    {
      "_template": "rendinst_replicated",
      "ri_extra__name": "wood_railing_b",
      "transform": [
        [
          -0.573576,
          0.0,
          0.819152
        ],
        [
          0.0,
          1.0,
          0.0
        ],
        [
          -0.819152,
          0.0,
          -0.573576
        ],
        [
          -1433.69,
          1.51791,
          32.6839
        ]
      ]
    },
    {
      "_template": "rendinst_replicated",
      "ri_extra__name": "wood_railing_b",
      "transform": [
        [
          -0.573576,
          0.0,
          0.819152
        ],
        [
          0.0,
          1.0,
          0.0
        ],
        [
          -0.819152,
          0.0,
          -0.573576
        ],
        [
          -1431.39,
          1.51791,
          29.3989
        ]
      ]
    },
    {
      "_template": "rendinst_replicated",
      "ri_extra__name": "wood_railing_b",
      "transform": [
        [
          -0.573576,
          0.0,
          0.819152
        ],
        [
          0.0,
          1.0,
          0.0
        ],
        [
          -0.819152,
          0.0,
          -0.573576
        ],
        [
          -1429.09,
          1.51791,
          26.1202
        ]
      ]
    },
    {
      "_template": "rendinst_replicated",
      "ri_extra__name": "wood_railing_b",
      "transform": [
        [
          -0.573576,
          0.0,
          0.819152
        ],
        [
          0.0,
          1.0,
          0.0
        ],
        [
          -0.819152,
          0.0,
          -0.573576
        ],
        [
          -1426.79,
          1.51791,
          22.8352
        ]
      ]
    },
    {
      "_template": "rendinst_replicated",
      "ri_extra__name": "wood_railing_b",
      "transform": [
        [
          -0.573576,
          0.0,
          0.819152
        ],
        [
          0.0,
          1.0,
          0.0
        ],
        [
          -0.819152,
          0.0,
          -0.573576
        ],
        [
          -1424.49,
          1.51791,
          19.5458
        ]
      ]
    },
    {
      "_template": "rendinst_replicated",
      "ri_extra__name": "wood_railing_b",
      "transform": [
        [
          -0.573576,
          0.0,
          0.819152
        ],
        [
          0.0,
          1.0,
          0.0
        ],
        [
          -0.819152,
          0.0,
          -0.573576
        ],
        [
          -1422.19,
          1.51791,
          16.2608
        ]
      ]
    },
    {
      "_template": "rendinst_replicated",
      "ri_extra__name": "wood_railing_b",
      "transform": [
        [
          -0.573576,
          0.0,
          0.819152
        ],
        [
          0.0,
          1.0,
          0.0
        ],
        [
          -0.819152,
          0.0,
          -0.573576
        ],
        [
          -1419.89,
          1.51791,
          12.9832
        ]
      ]
    },
    {
      "_template": "rendinst_replicated",
      "ri_extra__name": "wood_railing_b",
      "transform": [
        [
          -0.573576,
          0.0,
          0.819152
        ],
        [
          0.0,
          1.0,
          0.0
        ],
        [
          -0.819152,
          0.0,
          -0.573576
        ],
        [
          -1417.59,
          1.51791,
          9.69818
        ]
      ]
    },
    {
      "_template": "rendinst_replicated",
      "ri_extra__name": "wood_railing_b",
      "transform": [
        [
          -0.573576,
          0.0,
          0.819152
        ],
        [
          0.0,
          1.0,
          0.0
        ],
        [
          -0.819152,
          0.0,
          -0.573576
        ],
        [
          -1415.3,
          1.51791,
          6.41673
        ]
      ]
    },
    {
      "_template": "rendinst_replicated",
      "ri_extra__name": "wood_railing_b",
      "transform": [
        [
          -0.573576,
          0.0,
          0.819152
        ],
        [
          0.0,
          1.0,
          0.0
        ],
        [
          -0.819152,
          0.0,
          -0.573576
        ],
        [
          -1413.0,
          1.51791,
          3.1317
        ]
      ]
    },
    {
      "_template": "rendinst_replicated",
      "ri_extra__name": "wood_railing_b",
      "transform": [
        [
          -0.573576,
          0.0,
          0.819152
        ],
        [
          0.0,
          1.0,
          0.0
        ],
        [
          -0.819152,
          0.0,
          -0.573576
        ],
        [
          -1410.69,
          1.51791,
          -0.164284
        ]
      ]
    },
    {
      "_template": "rendinst_replicated",
      "ri_extra__name": "wood_railing_b",
      "transform": [
        [
          -0.573576,
          0.0,
          0.819152
        ],
        [
          0.0,
          1.0,
          0.0
        ],
        [
          -0.819152,
          0.0,
          -0.573576
        ],
        [
          -1408.39,
          1.51791,
          -3.44931
        ]
      ]
    },
    {
      "_template": "rendinst_replicated",
      "ri_extra__name": "wood_railing_b",
      "transform": [
        [
          -0.573576,
          0.0,
          0.819152
        ],
        [
          0.0,
          1.0,
          0.0
        ],
        [
          -0.819152,
          0.0,
          -0.573576
        ],
        [
          -1406.1,
          1.51791,
          -6.72115
        ]
      ]
    },
    {
      "_template": "rendinst_replicated",
      "ri_extra__name": "wood_railing_b",
      "transform": [
        [
          -0.573576,
          0.0,
          0.819152
        ],
        [
          0.0,
          1.0,
          0.0
        ],
        [
          -0.819152,
          0.0,
          -0.573576
        ],
        [
          -1403.8,
          1.51791,
          -10.0062
        ]
      ]
    },
    {
      "_template": "rendinst_replicated",
      "ri_extra__name": "wood_railing_b",
      "transform": [
        [
          -0.573576,
          0.0,
          0.819152
        ],
        [
          0.0,
          1.0,
          0.0
        ],
        [
          -0.819152,
          0.0,
          -0.573576
        ],
        [
          -1401.5,
          1.51791,
          -13.2926
        ]
      ]
    },
    {
      "_template": "rendinst_replicated",
      "ri_extra__name": "wood_railing_b",
      "transform": [
        [
          -0.573576,
          0.0,
          0.819152
        ],
        [
          0.0,
          1.0,
          0.0
        ],
        [
          -0.819152,
          0.0,
          -0.573576
        ],
        [
          -1399.2,
          1.51791,
          -16.5777
        ]
      ]
    },
    {
      "_template": "rendinst_replicated",
      "ri_extra__name": "wood_railing_b",
      "transform": [
        [
          -0.573576,
          0.0,
          0.819152
        ],
        [
          0.0,
          1.0,
          0.0
        ],
        [
          -0.819152,
          0.0,
          -0.573576
        ],
        [
          -1396.89,
          1.51791,
          -19.8707
        ]
      ]
    },
    {
      "_template": "rendinst_replicated",
      "ri_extra__name": "wood_railing_b",
      "transform": [
        [
          -0.573576,
          0.0,
          0.819152
        ],
        [
          0.0,
          1.0,
          0.0
        ],
        [
          -0.819152,
          0.0,
          -0.573576
        ],
        [
          -1394.59,
          1.51791,
          -23.1557
        ]
      ]
    },
    {
      "_template": "rendinst_replicated",
      "ri_extra__name": "wood_railing_b",
      "transform": [
        [
          -0.573576,
          0.0,
          0.819152
        ],
        [
          0.0,
          1.0,
          0.0
        ],
        [
          -0.819152,
          0.0,
          -0.573576
        ],
        [
          -1392.3,
          1.51791,
          -26.4346
        ]
      ]
    },
    {
      "_template": "rendinst_replicated",
      "ri_extra__name": "wood_railing_b",
      "transform": [
        [
          -0.573576,
          0.0,
          0.819152
        ],
        [
          0.0,
          1.0,
          0.0
        ],
        [
          -0.819152,
          0.0,
          -0.573576
        ],
        [
          -1390.0,
          1.51791,
          -29.7196
        ]
      ]
    },
    {
      "_template": "rendinst_replicated",
      "ri_extra__name": "wood_railing_b",
      "transform": [
        [
          -0.573576,
          0.0,
          0.819152
        ],
        [
          0.0,
          1.0,
          0.0
        ],
        [
          -0.819152,
          0.0,
          -0.573576
        ],
        [
          -1387.7,
          1.51791,
          -33.0029
        ]
      ]
    },
    {
      "_template": "rendinst_replicated",
      "ri_extra__name": "wood_railing_b",
      "transform": [
        [
          -0.573576,
          0.0,
          0.819152
        ],
        [
          0.0,
          1.0,
          0.0
        ],
        [
          -0.819152,
          0.0,
          -0.573576
        ],
        [
          -1385.4,
          1.51791,
          -36.2879
        ]
      ]
    },
    {
      "_template": "rendinst_replicated",
      "ri_extra__name": "wood_railing_b",
      "transform": [
        [
          -0.573576,
          0.0,
          0.819152
        ],
        [
          0.0,
          1.0,
          0.0
        ],
        [
          -0.819152,
          0.0,
          -0.573576
        ],
        [
          -1383.09,
          1.51791,
          -39.5746
        ]
      ]
    },
    {
      "_template": "rendinst_replicated",
      "ri_extra__name": "wood_railing_b",
      "transform": [
        [
          -0.573576,
          0.0,
          0.819152
        ],
        [
          0.0,
          1.0,
          0.0
        ],
        [
          -0.819152,
          0.0,
          -0.573576
        ],
        [
          -1380.79,
          1.51791,
          -42.8597
        ]
      ]
    },
    {
      "_template": "rendinst_replicated",
      "ri_extra__name": "wood_railing_b",
      "transform": [
        [
          -0.573576,
          0.0,
          0.819152
        ],
        [
          0.0,
          1.0,
          0.0
        ],
        [
          -0.819152,
          0.0,
          -0.573576
        ],
        [
          -1459.08,
          1.51791,
          54.0471
        ]
      ]
    },
    {
      "_template": "rendinst_replicated",
      "ri_extra__name": "wood_railing_b",
      "transform": [
        [
          -0.573576,
          0.0,
          0.819152
        ],
        [
          0.0,
          1.0,
          0.0
        ],
        [
          -0.819152,
          0.0,
          -0.573576
        ],
        [
          -1456.78,
          1.51791,
          50.7621
        ]
      ]
    },
    {
      "_template": "rendinst_replicated",
      "ri_extra__name": "wood_railing_b",
      "transform": [
        [
          -0.573576,
          0.0,
          0.819152
        ],
        [
          0.0,
          1.0,
          0.0
        ],
        [
          -0.819152,
          0.0,
          -0.573576
        ],
        [
          -1463.69,
          1.51791,
          60.6236
        ]
      ]
    },
    {
      "_template": "rendinst_replicated",
      "ri_extra__name": "wood_railing_b",
      "transform": [
        [
          -0.573576,
          0.0,
          0.819152
        ],
        [
          0.0,
          1.0,
          0.0
        ],
        [
          -0.819152,
          0.0,
          -0.573576
        ],
        [
          -1461.39,
          1.51791,
          57.3386
        ]
      ]
    },
    {
      "_template": "rendinst_replicated",
      "ri_extra__name": "wood_railing_b",
      "transform": [
        [
          -0.573576,
          0.0,
          0.819152
        ],
        [
          0.0,
          1.0,
          0.0
        ],
        [
          -0.819152,
          0.0,
          -0.573576
        ],
        [
          -1454.5,
          1.51791,
          47.4767
        ]
      ]
    },
    {
      "_template": "rendinst_replicated",
      "ri_extra__name": "wood_railing_b",
      "transform": [
        [
          -0.573576,
          0.0,
          0.819152
        ],
        [
          0.0,
          1.0,
          0.0
        ],
        [
          -0.819152,
          0.0,
          -0.573576
        ],
        [
          -1452.2,
          1.51791,
          44.1916
        ]
      ]
    },
    {
      "_template": "rendinst_replicated",
      "ri_extra__name": "wood_railing_b",
      "transform": [
        [
          -0.573576,
          0.0,
          0.819152
        ],
        [
          0.0,
          1.0,
          0.0
        ],
        [
          -0.819152,
          0.0,
          -0.573576
        ],
        [
          -1449.89,
          1.51791,
          40.8958
        ]
      ]
    },
    {
      "_template": "rendinst_replicated",
      "ri_extra__name": "wood_railing_b",
      "transform": [
        [
          -0.573576,
          0.0,
          0.819152
        ],
        [
          0.0,
          1.0,
          0.0
        ],
        [
          -0.819152,
          0.0,
          -0.573576
        ],
        [
          -1447.59,
          1.51791,
          37.6108
        ]
      ]
    },
    {
      "_template": "rendinst_replicated",
      "ri_extra__name": "wood_railing_b",
      "transform": [
        [
          -0.573576,
          0.0,
          0.819152
        ],
        [
          0.0,
          1.0,
          0.0
        ],
        [
          -0.819152,
          0.0,
          -0.573576
        ],
        [
          -1445.29,
          1.51791,
          34.3405
        ]
      ]
    },
    {
      "_template": "rendinst_replicated",
      "ri_extra__name": "wood_railing_b",
      "transform": [
        [
          -0.573576,
          0.0,
          0.819152
        ],
        [
          0.0,
          1.0,
          0.0
        ],
        [
          -0.819152,
          0.0,
          -0.573576
        ],
        [
          -1442.99,
          1.51791,
          31.0555
        ]
      ]
    },
    {
      "_template": "rendinst_replicated",
      "ri_extra__name": "wood_railing_b",
      "transform": [
        [
          -0.573576,
          0.0,
          0.819152
        ],
        [
          0.0,
          1.0,
          0.0
        ],
        [
          -0.819152,
          0.0,
          -0.573576
        ],
        [
          -1440.68,
          1.51791,
          27.7884
        ]
      ]
    },
    {
      "_template": "rendinst_replicated",
      "ri_extra__name": "wood_railing_b",
      "transform": [
        [
          -0.573576,
          0.0,
          0.819152
        ],
        [
          0.0,
          1.0,
          0.0
        ],
        [
          -0.819152,
          0.0,
          -0.573576
        ],
        [
          -1438.38,
          1.51791,
          24.5033
        ]
      ]
    },
    {
      "_template": "rendinst_replicated",
      "ri_extra__name": "wood_railing_b",
      "transform": [
        [
          -0.573576,
          0.0,
          0.819152
        ],
        [
          0.0,
          1.0,
          0.0
        ],
        [
          -0.819152,
          0.0,
          -0.573576
        ],
        [
          -1436.09,
          1.51791,
          21.2183
        ]
      ]
    },
    {
      "_template": "rendinst_replicated",
      "ri_extra__name": "wood_railing_b",
      "transform": [
        [
          -0.573576,
          0.0,
          0.819152
        ],
        [
          0.0,
          1.0,
          0.0
        ],
        [
          -0.819152,
          0.0,
          -0.573576
        ],
        [
          -1433.79,
          1.51791,
          17.9332
        ]
      ]
    },
    {
      "_template": "rendinst_replicated",
      "ri_extra__name": "wood_railing_b",
      "transform": [
        [
          -0.573576,
          0.0,
          0.819152
        ],
        [
          0.0,
          1.0,
          0.0
        ],
        [
          -0.819152,
          0.0,
          -0.573576
        ],
        [
          -1431.49,
          1.51791,
          14.6438
        ]
      ]
    },
    {
      "_template": "rendinst_replicated",
      "ri_extra__name": "wood_railing_b",
      "transform": [
        [
          -0.573576,
          0.0,
          0.819152
        ],
        [
          0.0,
          1.0,
          0.0
        ],
        [
          -0.819152,
          0.0,
          -0.573576
        ],
        [
          -1429.17,
          1.51791,
          11.3748
        ]
      ]
    },
    {
      "_template": "rendinst_replicated",
      "ri_extra__name": "wood_railing_b",
      "transform": [
        [
          -0.573576,
          0.0,
          0.819152
        ],
        [
          0.0,
          1.0,
          0.0
        ],
        [
          -0.819152,
          0.0,
          -0.573576
        ],
        [
          -1426.89,
          1.51791,
          8.08506
        ]
      ]
    },
    {
      "_template": "rendinst_replicated",
      "ri_extra__name": "wood_railing_b",
      "transform": [
        [
          -0.573576,
          0.0,
          0.819152
        ],
        [
          0.0,
          1.0,
          0.0
        ],
        [
          -0.819152,
          0.0,
          -0.573576
        ],
        [
          -1424.59,
          1.51791,
          4.80004
        ]
      ]
    },
    {
      "_template": "rendinst_replicated",
      "ri_extra__name": "wood_railing_b",
      "transform": [
        [
          -0.573576,
          0.0,
          0.819152
        ],
        [
          0.0,
          1.0,
          0.0
        ],
        [
          -0.819152,
          0.0,
          -0.573576
        ],
        [
          -1422.29,
          1.51791,
          1.51859
        ]
      ]
    },
    {
      "_template": "rendinst_replicated",
      "ri_extra__name": "wood_railing_b",
      "transform": [
        [
          -0.573576,
          0.0,
          0.819152
        ],
        [
          0.0,
          1.0,
          0.0
        ],
        [
          -0.819152,
          0.0,
          -0.573576
        ],
        [
          -1419.99,
          1.51791,
          -1.76644
        ]
      ]
    },
    {
      "_template": "rendinst_replicated",
      "ri_extra__name": "wood_railing_b",
      "transform": [
        [
          -0.573576,
          0.0,
          0.819152
        ],
        [
          0.0,
          1.0,
          0.0
        ],
        [
          -0.819152,
          0.0,
          -0.573576
        ],
        [
          -1417.68,
          1.51791,
          -5.06242
        ]
      ]
    },
    {
      "_template": "rendinst_replicated",
      "ri_extra__name": "wood_railing_b",
      "transform": [
        [
          -0.573576,
          0.0,
          0.819152
        ],
        [
          0.0,
          1.0,
          0.0
        ],
        [
          -0.819152,
          0.0,
          -0.573576
        ],
        [
          -1415.38,
          1.51791,
          -8.3471
        ]
      ]
    },
    {
      "_template": "rendinst_replicated",
      "ri_extra__name": "wood_railing_b",
      "transform": [
        [
          -0.573576,
          0.0,
          0.819152
        ],
        [
          0.0,
          1.0,
          0.0
        ],
        [
          -0.819152,
          0.0,
          -0.573576
        ],
        [
          -1413.09,
          1.51791,
          -11.6189
        ]
      ]
    },
    {
      "_template": "rendinst_replicated",
      "ri_extra__name": "wood_railing_b",
      "transform": [
        [
          -0.573576,
          0.0,
          0.819152
        ],
        [
          0.0,
          1.0,
          0.0
        ],
        [
          -0.819152,
          0.0,
          -0.573576
        ],
        [
          -1410.79,
          1.51791,
          -14.904
        ]
      ]
    },
    {
      "_template": "rendinst_replicated",
      "ri_extra__name": "wood_railing_b",
      "transform": [
        [
          -0.573576,
          0.0,
          0.819152
        ],
        [
          0.0,
          1.0,
          0.0
        ],
        [
          -0.819152,
          0.0,
          -0.573576
        ],
        [
          -1408.49,
          1.51791,
          -18.1904
        ]
      ]
    },
    {
      "_template": "rendinst_replicated",
      "ri_extra__name": "wood_railing_b",
      "transform": [
        [
          -0.573576,
          0.0,
          0.819152
        ],
        [
          0.0,
          1.0,
          0.0
        ],
        [
          -0.819152,
          0.0,
          -0.573576
        ],
        [
          -1406.19,
          1.51791,
          -21.4755
        ]
      ]
    },
    {
      "_template": "rendinst_replicated",
      "ri_extra__name": "wood_railing_b",
      "transform": [
        [
          -0.573576,
          0.0,
          0.819152
        ],
        [
          0.0,
          1.0,
          0.0
        ],
        [
          -0.819152,
          0.0,
          -0.573576
        ],
        [
          -1403.89,
          1.51791,
          -24.7685
        ]
      ]
    },
    {
      "_template": "rendinst_replicated",
      "ri_extra__name": "wood_railing_b",
      "transform": [
        [
          -0.573576,
          0.0,
          0.819152
        ],
        [
          0.0,
          1.0,
          0.0
        ],
        [
          -0.819152,
          0.0,
          -0.573576
        ],
        [
          -1401.6,
          1.51791,
          -28.0597
        ]
      ]
    },
    {
      "_template": "rendinst_replicated",
      "ri_extra__name": "wood_railing_b",
      "transform": [
        [
          -0.573576,
          0.0,
          0.819152
        ],
        [
          0.0,
          1.0,
          0.0
        ],
        [
          -0.819152,
          0.0,
          -0.573576
        ],
        [
          -1399.3,
          1.51791,
          -31.3385
        ]
      ]
    },
    {
      "_template": "rendinst_replicated",
