{
  "import": [
    {
      "scene": "gamedata/scenes/common/common_scene_inf.blk"
    },
    {
      "scene": "gamedata/scenes/entities/hvg_granitograd_gpu_objects.blk"
    },
    {
      "scene": "gamedata/scenes/entities/hvg_granitograd_vfx_objects.blk"
    },
    {
      "scene": "gamedata/scenes/entities/hvg_granitograd_vfx_biomes.blk"
    }
  ],
  "entity": [
    {
      "_template": "team_one"
    },
    {
      "_template": "team_two"
    },
    {
      "_template": "door_mult_ent_generator",
      "ri_extra_gen__blk": "gameData/modern_conflict_doors.blk"
    },
    {
      "_template": "destroyable_wall_config"
    },
    {
      "_template": "game_object_creator_destr_box_zone",
      "transform": [
        [
          51.263,
          0.0,
          13.3821
        ],
        [
          0.0,
          15.8873,
          -0.0
        ],
        [
          -9.15639,
          0.0,
          35.0756
        ],
        [
          349.368,
          18.2821,
          -287.279
        ]
      ]
    },
    {
      "_template": "game_object_creator_destr_box_zone",
      "transform": [
        [
          14.8349,
          0.0,
          -61.2136
        ],
        [
          0.0,
          10.8066,
          0.0
        ],
        [
          35.4326,
          -0.0,
          8.58696
        ],
        [
          205.202,
          22.2774,
          -246.768
        ]
      ]
    },
    {
      "_template": "game_object_creator_destr_box_zone",
      "transform": [
        [
          10.5143,
          0.0,
          -38.2137
        ],
        [
          0.0,
          16.2403,
          0.0
        ],
        [
          35.1519,
          -0.0,
          9.67185
        ],
        [
          504.99,
          20.6448,
          -284.525
        ]
      ]
    },
    {
      "_template": "wt_sound_step_settings"
    },
    {
      "_template": "granitograd_infantry_skins"
    },
    {
      "_template": "unit_loader",
      "setting__unitType": "template:destroyed_vehicle_decoration",
      "setting__className": "structures/ussr_dumpster_transportable_a_unit",
      "setting__unit_class": "ussr_dumpster_transportable_a_unit",
      "setting__isDead": true,
      "setting__tm": [
        [
          0.583804,
          -0.0130117,
          -0.811791
        ],
        [
          0.0507758,
          0.9985,
          0.0205115
        ],
        [
          0.810305,
          -0.0531939,
          0.58359
        ],
        [
          76.95,
          20.5578,
          -272.4
        ]
      ],
      "setting__attack_type": ""
    },
    {
      "_template": "unit_loader",
      "setting__unitType": "template:destroyed_vehicle_decoration",
      "setting__className": "structures/ussr_dumpster_transportable_a_unit",
      "setting__unit_class": "ussr_dumpster_transportable_a_unit",
      "setting__isDead": true,
      "setting__tm": [
        [
          0.205869,
          -0.0130117,
          -0.978492
        ],
        [
          0.0547339,
          0.9985,
          -0.00176204
        ],
        [
          0.977047,
          -0.0531939,
          0.206273
        ],
        [
          1.75,
          18.5,
          -384.75
        ]
      ],
      "setting__attack_type": ""
    },
    {
      "_template": "unit_loader",
      "setting__unitType": "template:destroyed_vehicle_decoration",
      "setting__className": "structures/ussr_dumpster_transportable_a_unit",
      "setting__unit_class": "ussr_dumpster_transportable_a_unit",
      "setting__isDead": true,
      "setting__tm": [
        [
          -0.116228,
          -0.000542792,
          -0.993222
        ],
        [
          0.0135204,
          0.999906,
          -0.00212862
        ],
        [
          0.99313,
          -0.0136761,
          -0.11621
        ],
        [
          243.119,
          17.1094,
          -496.093
        ]
      ],
      "setting__attack_type": ""
    },
    {
      "_template": "unit_loader",
      "setting__unitType": "template:destroyed_vehicle_decoration",
      "setting__className": "structures/ussr_dumpster_transportable_a_unit",
      "setting__unit_class": "ussr_dumpster_transportable_a_unit",
      "setting__isDead": true,
      "setting__tm": [
        [
          -0.101918,
          -0.000739637,
          -0.994791
        ],
        [
          0.0135204,
          0.999906,
          -0.00212862
        ],
        [
          0.9947,
          -0.0136669,
          -0.101898
        ],
        [
          243.935,
          17.0925,
          -498.965
        ]
      ],
      "setting__attack_type": ""
    },
    {
      "_template": "unit_loader",
      "setting__unitType": "template:destroyed_vehicle_decoration",
      "setting__className": "tankModels/ussr_t_80u_destroyed_unit",
      "setting__unit_class": "ussr_t_80u_destroyed_unit",
      "setting__isDead": true,
      "setting__tm": [
        [
          -0.266377,
          0.0,
          0.963869
        ],
        [
          0.0,
          1.0,
          0.0
        ],
        [
          -0.963869,
          0.0,
          -0.266377
        ],
        [
          299.989,
          14.5319,
          -343.616
        ]
      ],
      "setting__attack_type": ""
    },
    {
      "_template": "unit_loader",
      "setting__unitType": "template:destroyed_vehicle_decoration",
      "setting__className": "structures/ussr_dumpster_transportable_a_unit",
      "setting__unit_class": "ussr_dumpster_transportable_a_unit",
      "setting__isDead": true,
      "setting__tm": [
        [
          -0.999847,
          -0.0130117,
          -0.0117069
        ],
        [
          -0.0123695,
          0.9985,
          -0.053347
        ],
        [
          0.0123851,
          -0.0531939,
          -0.998507
        ],
        [
          243.635,
          15.8,
          -268.678
        ]
      ],
      "setting__attack_type": ""
    },
    {
      "_template": "unit_loader",
      "setting__unitType": "template:destroyed_vehicle_decoration",
      "setting__className": "structures/ussr_dumpster_transportable_a_unit",
      "setting__unit_class": "ussr_dumpster_transportable_a_unit",
      "setting__isDead": true,
      "setting__tm": [
        [
          -0.0498085,
          -0.0130117,
          -0.998673
        ],
        [
          0.0524852,
          0.9985,
          -0.015627
        ],
        [
          0.997378,
          -0.0531939,
          -0.0490496
        ],
        [
          285.65,
          15.8,
          -276.65
        ]
      ],
      "setting__attack_type": ""
    },
    {
      "_template": "unit_loader",
      "setting__unitType": "template:destroyed_vehicle_decoration",
      "setting__className": "tankModels/ussr_bmp_2_destroyed_unit",
      "setting__unit_class": "ussr_bmp_2_destroyed_unit",
      "setting__isDead": true,
      "setting__tm": [
        [
          -0.0976463,
          0.0,
          0.995222
        ],
        [
          0.0,
          1.0,
          0.0
        ],
        [
          -0.995222,
          0.0,
          -0.0976463
        ],
        [
          330.55,
          14.5709,
          -384.3
        ]
      ],
      "setting__attack_type": ""
    },
    {
      "_template": "unit_loader",
      "setting__unitType": "template:destroyed_vehicle_decoration",
      "setting__className": "tankModels/ussr_bmp_2_destroyed_unit",
      "setting__unit_class": "ussr_bmp_2_destroyed_unit",
      "setting__isDead": true,
      "setting__tm": [
        [
          -0.80312,
          0.0,
          0.595818
        ],
        [
          0.0,
          1.0,
          0.0
        ],
        [
          -0.595818,
          0.0,
          -0.80312
        ],
        [
          248.893,
          16.1678,
          -270.541
        ]
      ],
      "setting__attack_type": ""
    },
    {
      "_template": "unit_loader",
      "setting__unitType": "template:destroyed_vehicle_decoration",
      "setting__className": "tankModels/ussr_t_80u_destroyed_unit",
      "setting__unit_class": "ussr_t_80u_destroyed_unit",
      "setting__isDead": true,
      "setting__tm": [
        [
          -0.375022,
          0.0,
          -0.927016
        ],
        [
          0.0,
          1.0,
          0.0
        ],
        [
          0.927016,
          0.0,
          -0.375022
        ],
        [
          160.533,
          14.5319,
          -191.77
        ]
      ],
      "setting__attack_type": ""
    },
    {
      "_template": "unit_loader",
      "setting__unitType": "template:destroyed_vehicle_decoration",
      "setting__className": "tankModels/ussr_t_80u_destroyed_unit",
      "setting__unit_class": "ussr_t_80u_destroyed_unit",
      "setting__isDead": true,
      "setting__tm": [
        [
          -0.349788,
          0.0,
          0.936829
        ],
        [
          0.0,
          1.0,
          0.0
        ],
        [
          -0.936829,
          0.0,
          -0.349788
        ],
        [
          184.85,
          18.9536,
          -262.8
        ]
      ],
      "setting__attack_type": ""
    },
    {
      "_template": "unit_loader",
      "setting__unitType": "template:destroyed_vehicle_decoration",
      "setting__className": "tankModels/ussr_gaz_233034_tiger_burnt_a_destroyed_unit",
      "setting__unit_class": "ussr_gaz_233034_tiger_burnt_a_destroyed_unit",
      "setting__isDead": true,
      "setting__tm": [
        [
          -0.0239632,
          0.0,
          0.999712
        ],
        [
          0.0,
          1.0,
          0.0
        ],
        [
          -0.999712,
          0.0,
          -0.0239632
        ],
        [
          258.325,
          15.7613,
          -377.669
        ]
      ],
      "setting__attack_type": ""
    },
    {
      "_template": "unit_loader",
      "setting__unitType": "template:destroyed_vehicle_decoration",
      "setting__className": "tankModels/ussr_gaz_233034_tiger_burnt_a_destroyed_unit",
      "setting__unit_class": "ussr_gaz_233034_tiger_burnt_a_destroyed_unit",
      "setting__isDead": true,
      "setting__tm": [
        [
          -0.927616,
          0.0,
          0.373535
        ],
        [
          0.0,
          1.0,
          0.0
        ],
        [
          -0.373535,
          0.0,
          -0.927616
        ],
        [
          214.976,
          17.45,
          -325.773
        ]
      ],
      "setting__attack_type": ""
    },
    {
      "_template": "unit_loader",
      "setting__unitType": "template:destroyed_vehicle_decoration",
      "setting__className": "tankModels/ussr_gaz_233034_tiger_burnt_b_destroyed_unit",
      "setting__unit_class": "ussr_gaz_233034_tiger_burnt_b_destroyed_unit",
      "setting__isDead": true,
      "setting__tm": [
        [
          -0.984808,
          0.0,
          -0.173647
        ],
        [
          0.0,
          1.0,
          0.0
        ],
        [
          0.173647,
          0.0,
          -0.984808
        ],
        [
          197.51,
          17.2448,
          -302.653
        ]
      ],
      "setting__attack_type": ""
    },
    {
      "_template": "unit_loader",
      "setting__unitType": "template:destroyed_vehicle_decoration",
      "setting__className": "tankModels/ussr_gaz_233034_tiger_a_destroyed_unit",
      "setting__unit_class": "ussr_gaz_233034_tiger_a_destroyed_unit",
      "setting__isDead": true,
      "setting__tm": [
        [
          0.866026,
          0.0,
          0.499999
        ],
        [
          0.0,
          1.0,
          0.0
        ],
        [
          -0.499999,
          0.0,
          0.866026
        ],
        [
          165.857,
          16.2524,
          -280.258
        ]
      ],
      "setting__attack_type": ""
    },
    {
      "_template": "unit_loader",
      "setting__unitType": "template:destroyed_vehicle_decoration",
      "setting__className": "tankModels/ussr_gaz_233034_tiger_a_destroyed_unit",
      "setting__unit_class": "ussr_gaz_233034_tiger_a_destroyed_unit",
      "setting__isDead": true,
      "setting__tm": [
        [
          0.422617,
          0.0,
          -0.906308
        ],
        [
          0.0,
          1.0,
          0.0
        ],
        [
          0.906308,
          0.0,
          0.422617
        ],
        [
          193.45,
          18.5,
          -320.85
        ]
      ],
      "setting__attack_type": ""
    },
    {
      "_template": "unit_loader",
      "setting__unitType": "template:destroyed_vehicle_decoration",
      "setting__className": "tankModels/ussr_gaz_233034_tiger_a_destroyed_unit",
      "setting__unit_class": "ussr_gaz_233034_tiger_a_destroyed_unit",
      "setting__isDead": true,
      "setting__tm": [
        [
          0.570809,
          0.0,
          -0.821083
        ],
        [
          0.0,
          1.0,
          0.0
        ],
        [
          0.821083,
          0.0,
          0.570809
        ],
        [
          172.45,
          17.9691,
          -206.9
        ]
      ],
      "setting__attack_type": ""
    },
    {
      "_template": "unit_loader",
      "setting__unitType": "template:destroyed_vehicle_decoration",
      "setting__className": "tankModels/ussr_gaz_233034_tiger_a_destroyed_unit",
      "setting__unit_class": "ussr_gaz_233034_tiger_a_destroyed_unit",
      "setting__isDead": true,
      "setting__tm": [
        [
          0.173648,
          0.0,
          -0.984808
        ],
        [
          0.0,
          1.0,
          0.0
        ],
        [
          0.984808,
          0.0,
          0.173648
        ],
        [
          299.95,
          14.55,
          -315.3
        ]
      ],
      "setting__attack_type": ""
    },
    {
      "_template": "unit_loader",
      "setting__unitType": "template:destroyed_vehicle_decoration",
      "setting__className": "tankModels/ussr_gaz_233034_tiger_a_destroyed_unit",
      "setting__unit_class": "ussr_gaz_233034_tiger_a_destroyed_unit",
      "setting__isDead": true,
      "setting__tm": [
        [
          -0.673735,
          0.0,
          0.738973
        ],
        [
          0.0,
          1.0,
          0.0
        ],
        [
          -0.738973,
          0.0,
          -0.673735
        ],
        [
          227.241,
          19.05,
          -387.382
        ]
      ],
      "setting__attack_type": ""
    },
    {
      "_template": "unit_loader",
      "setting__unitType": "template:destroyed_vehicle_decoration",
      "setting__className": "tankModels/ussr_gaz_233034_tiger_a_destroyed_unit",
      "setting__unit_class": "ussr_gaz_233034_tiger_a_destroyed_unit",
      "setting__isDead": true,
      "setting__tm": [
        [
          -0.966086,
          0.0,
          -0.258224
        ],
        [
          0.0,
          1.0,
          0.0
        ],
        [
          0.258224,
          0.0,
          -0.966086
        ],
        [
          258.217,
          17.7,
          -227.068
        ]
      ],
      "setting__attack_type": ""
    },
    {
      "_template": "unit_loader",
      "setting__unitType": "template:destroyed_vehicle_decoration",
      "setting__className": "tankModels/ussr_gaz_233034_tiger_a_destroyed_unit",
      "setting__unit_class": "ussr_gaz_233034_tiger_a_destroyed_unit",
      "setting__isDead": true,
      "setting__tm": [
        [
          0.966086,
          0.0,
          0.258224
        ],
        [
          0.0,
          1.0,
          0.0
        ],
        [
          -0.258224,
          0.0,
          0.966086
        ],
        [
          264.154,
          18.7,
          -248.163
        ]
      ],
      "setting__attack_type": ""
    },
    {
      "_template": "unit_loader",
      "setting__unitType": "template:destroyed_vehicle_decoration",
      "setting__className": "tankModels/ussr_gaz_233034_tiger_a_destroyed_unit",
      "setting__unit_class": "ussr_gaz_233034_tiger_a_destroyed_unit",
      "setting__isDead": true,
      "setting__tm": [
        [
          -0.75,
          0.0,
          0.661438
        ],
        [
          0.0,
          1.0,
          0.0
        ],
        [
          -0.661438,
          0.0,
          -0.75
        ],
        [
          249.3,
          17.45,
          -318.7
        ]
      ],
      "setting__attack_type": ""
    },
    {
      "_template": "unit_loader",
      "setting__unitType": "template:destroyed_vehicle_decoration",
      "setting__className": "tankModels/ussr_gaz_233034_tiger_a_destroyed_unit",
      "setting__unit_class": "ussr_gaz_233034_tiger_a_destroyed_unit",
      "setting__isDead": true,
      "setting__tm": [
        [
          0.97038,
          0.0,
          0.241583
        ],
        [
          0.0,
          1.0,
          0.0
        ],
        [
          -0.241583,
          0.0,
          0.97038
        ],
        [
          205.945,
          18.2458,
          -250.968
        ]
      ],
      "setting__attack_type": ""
    },
    {
      "_template": "unit_loader",
      "setting__unitType": "template:destroyed_vehicle_decoration",
      "setting__className": "tankModels/ussr_gaz_233034_tiger_burnt_a_destroyed_unit",
      "setting__unit_class": "ussr_gaz_233034_tiger_burnt_a_destroyed_unit",
      "setting__isDead": true,
      "setting__tm": [
        [
          -0.97038,
          0.0,
          -0.241583
        ],
        [
          0.0,
          1.0,
          0.0
        ],
        [
          0.241583,
          0.0,
          -0.97038
        ],
        [
          205.657,
          17.2458,
          -242.155
        ]
      ],
      "setting__attack_type": ""
    },
    {
      "_template": "unit_loader",
      "setting__unitType": "template:destroyed_vehicle_decoration",
      "setting__className": "structures/ussr_dumpster_transportable_a_unit",
      "setting__unit_class": "ussr_dumpster_transportable_a_unit",
      "setting__isDead": true,
      "setting__tm": [
        [
          0.857319,
          -0.0130117,
          0.514622
        ],
        [
          -0.0162392,
          0.9985,
          0.0522991
        ],
        [
          -0.514531,
          -0.0531939,
          0.85582
        ],
        [
          372.3,
          13.5706,
          -258.45
        ]
      ],
      "setting__attack_type": ""
    },
    {
      "_template": "unit_loader",
      "setting__unitType": "template:destroyed_vehicle_decoration",
      "setting__className": "structures/ussr_dumpster_transportable_a_unit",
      "setting__unit_class": "ussr_dumpster_transportable_a_unit",
      "setting__isDead": true,
      "setting__tm": [
        [
          -0.986855,
          0.00629673,
          0.161479
        ],
        [
          0.00219491,
          0.999671,
          -0.0255674
        ],
        [
          -0.161587,
          -0.0248769,
          -0.986544
        ],
        [
          213.402,
          14.7841,
          -185.744
        ]
      ],
      "setting__attack_type": ""
    },
    {
      "_template": "unit_loader",
      "setting__unitType": "template:destroyed_vehicle_decoration",
      "setting__className": "structures/ussr_dumpster_transportable_a_unit",
      "setting__unit_class": "ussr_dumpster_transportable_a_unit",
      "setting__isDead": true,
      "setting__tm": [
        [
          -0.989079,
          0.00593791,
          0.147259
        ],
        [
          0.00219491,
          0.999671,
          -0.0255674
        ],
        [
          -0.147362,
          -0.024965,
          -0.988766
        ],
        [
          210.495,
          14.7733,
          -186.428
        ]
      ],
      "setting__attack_type": ""
    },
    {
      "_template": "unit_loader",
      "setting__unitType": "template:destroyed_vehicle_decoration",
      "setting__className": "structures/ussr_dumpster_transportable_a_unit",
      "setting__unit_class": "ussr_dumpster_transportable_a_unit",
      "setting__isDead": true,
      "setting__tm": [
        [
          0.381056,
          0.0167017,
          -0.9244
        ],
        [
          -0.0185398,
          0.999774,
          0.0104211
        ],
        [
          0.924365,
          0.0131672,
          0.381279
        ],
        [
          176.544,
          14.1176,
          -108.336
        ]
      ],
      "setting__attack_type": ""
    },
    {
      "_template": "unit_loader",
      "setting__unitType": "template:destroyed_vehicle_decoration",
      "setting__className": "structures/ussr_dumpster_transportable_a_unit",
      "setting__unit_class": "ussr_dumpster_transportable_a_unit",
      "setting__isDead": true,
      "setting__tm": [
        [
          0.394325,
          0.0168896,
          -0.918814
        ],
        [
          -0.0185398,
          0.999774,
          0.0104211
        ],
        [
          0.918783,
          0.0129254,
          0.394549
        ],
        [
          178.653,
          14.179,
          -110.449
        ]
      ],
      "setting__attack_type": ""
    },
    {
      "_template": "unit_loader",
      "setting__unitType": "template:destroyed_vehicle_decoration",
      "setting__className": "tankModels/ussr_bmp_2_destroyed_unit",
      "setting__unit_class": "ussr_bmp_2_destroyed_unit",
      "setting__isDead": true,
      "setting__tm": [
        [
          0.402809,
          0.0,
          0.915285
        ],
        [
          0.0,
          1.0,
          0.0
        ],
        [
          -0.915285,
          0.0,
          0.402809
        ],
        [
          316.25,
          13.4,
          -302.15
        ]
      ],
      "setting__attack_type": ""
    },
    {
      "_template": "unit_loader",
      "setting__unitType": "template:destroyed_vehicle_decoration",
      "setting__className": "tankModels/ussr_t_80u_destroyed_unit",
      "setting__unit_class": "ussr_t_80u_destroyed_unit",
      "setting__isDead": true,
      "setting__tm": [
        [
          -0.737277,
          0.0,
          -0.675589
        ],
        [
          0.0,
          1.0,
          0.0
        ],
        [
          0.675589,
          0.0,
          -0.737277
        ],
        [
          376.0,
          13.4623,
          -255.3
        ]
      ],
      "setting__attack_type": ""
    },
    {
      "_template": "unit_loader",
      "setting__unitType": "template:destroyed_vehicle_decoration",
      "setting__className": "tankModels/ussr_gaz_233034_tiger_burnt_b_destroyed_unit",
      "setting__unit_class": "ussr_gaz_233034_tiger_burnt_b_destroyed_unit",
      "setting__isDead": true,
      "setting__tm": [
        [
          0.712645,
          0.0,
          0.701525
        ],
        [
          0.0,
          1.0,
          0.0
        ],
        [
          -0.701525,
          0.0,
          0.712645
        ],
        [
          370.728,
          13.4837,
          -305.01
        ]
      ],
      "setting__attack_type": ""
    },
    {
      "_template": "unit_loader",
      "setting__unitType": "template:destroyed_vehicle_decoration",
      "setting__className": "tankModels/ussr_gaz_233034_tiger_burnt_b_destroyed_unit",
      "setting__unit_class": "ussr_gaz_233034_tiger_burnt_b_destroyed_unit",
      "setting__isDead": true,
      "setting__tm": [
        [
          -0.871172,
          0.0,
          0.490978
        ],
        [
          0.0,
          1.0,
          0.0
        ],
        [
          -0.490978,
          0.0,
          -0.871172
        ],
        [
          162.974,
          13.0189,
          -154.601
        ]
      ],
      "setting__attack_type": ""
    },
    {
      "_template": "unit_loader",
      "setting__unitType": "template:destroyed_vehicle_decoration",
      "setting__className": "tankModels/ussr_gaz_233034_tiger_a_destroyed_unit",
      "setting__unit_class": "ussr_gaz_233034_tiger_a_destroyed_unit",
      "setting__isDead": true,
      "setting__tm": [
        [
          0.258817,
          0.0,
          -0.965926
        ],
        [
          0.0,
          1.0,
          0.0
        ],
        [
          0.965926,
          0.0,
          0.258817
        ],
        [
          338.406,
          15.9691,
          -249.159
        ]
      ],
      "setting__attack_type": ""
    },
    {
      "_template": "unit_loader",
      "setting__unitType": "template:destroyed_vehicle_decoration",
      "setting__className": "tankModels/ussr_gaz_233034_tiger_a_destroyed_unit",
      "setting__unit_class": "ussr_gaz_233034_tiger_a_destroyed_unit",
      "setting__isDead": true,
      "setting__tm": [
        [
          0.777812,
          0.0,
          0.628498
        ],
        [
          0.0,
          1.0,
          0.0
        ],
        [
          -0.628498,
          0.0,
          0.777812
        ],
        [
          231.578,
          19.1481,
          -422.862
        ]
      ],
      "setting__attack_type": ""
    },
    {
      "_template": "unit_loader",
      "setting__unitType": "template:destroyed_vehicle_decoration",
      "setting__className": "tankModels/ussr_bmp_2_destroyed_unit",
      "setting__unit_class": "ussr_bmp_2_destroyed_unit",
      "setting__isDead": true,
      "setting__tm": [
        [
          -0.915998,
          0.0,
          -0.401185
        ],
        [
          0.0,
          1.0,
          0.0
        ],
        [
          0.401185,
          0.0,
          -0.915998
        ],
        [
          460.826,
          15.3482,
          -219.43
        ]
      ],
      "setting__attack_type": ""
    },
    {
      "_template": "unit_loader",
      "setting__unitType": "template:destroyed_vehicle_decoration",
      "setting__className": "tankModels/ussr_t_80u_destroyed_unit",
      "setting__unit_class": "ussr_t_80u_destroyed_unit",
      "setting__isDead": true,
      "setting__tm": [
        [
          -0.711751,
          0.0,
          0.702432
        ],
        [
          0.0,
          1.0,
          0.0
        ],
        [
          -0.702432,
          0.0,
          -0.711751
        ],
        [
          539.35,
          13.0501,
          -251.1
        ]
      ],
      "setting__attack_type": ""
    },
    {
      "_template": "unit_loader",
      "setting__unitType": "template:destroyed_vehicle_decoration",
      "setting__className": "tankModels/ussr_gaz_233034_tiger_a_destroyed_unit",
      "setting__unit_class": "ussr_gaz_233034_tiger_a_destroyed_unit",
      "setting__isDead": true,
      "setting__tm": [
        [
          0.0927708,
          0.0,
          -0.995687
        ],
        [
          0.0,
          1.0,
          0.0
        ],
        [
          0.995687,
          0.0,
          0.0927708
        ],
        [
          494.25,
          14.9615,
          -346.8
        ]
      ],
      "setting__attack_type": ""
    },
    {
      "_template": "unit_loader",
      "setting__unitType": "template:destroyed_vehicle_decoration",
      "setting__className": "tankModels/ussr_gaz_233034_tiger_a_destroyed_unit",
      "setting__unit_class": "ussr_gaz_233034_tiger_a_destroyed_unit",
      "setting__isDead": true,
      "setting__tm": [
        [
          0.335637,
          0.0,
          -0.941992
        ],
        [
          0.0,
          1.0,
          0.0
        ],
        [
          0.941992,
          0.0,
          0.335637
        ],
        [
          444.5,
          13.1228,
          -300.35
        ]
      ],
      "setting__attack_type": ""
    },
    {
      "_template": "unit_loader",
      "setting__unitType": "template:destroyed_vehicle_decoration",
      "setting__className": "structures/ussr_dumpster_transportable_a_unit",
      "setting__unit_class": "ussr_dumpster_transportable_a_unit",
      "setting__isDead": true,
      "setting__tm": [
        [
          -0.456945,
          0.0242248,
          0.889165
        ],
        [
          -0.0326356,
          0.9985,
          -0.0439752
        ],
        [
          -0.888894,
          -0.0491126,
          -0.455468
        ],
        [
          428.321,
          15.548,
          -528.284
        ]
      ],
      "setting__attack_type": ""
    },
    {
      "_template": "unit_loader",
      "setting__unitType": "template:destroyed_vehicle_decoration",
      "setting__className": "structures/ussr_dumpster_transportable_a_unit",
      "setting__unit_class": "ussr_dumpster_transportable_a_unit",
      "setting__isDead": true,
      "setting__tm": [
        [
          -0.998457,
          -0.0499035,
          -0.0244529
        ],
        [
          -0.0493229,
          0.9985,
          -0.0237937
        ],
        [
          0.0256038,
          -0.0225508,
          -0.999418
        ],
        [
          548.349,
          12.8664,
          -266.588
        ]
      ],
      "setting__attack_type": ""
    },
    {
      "_template": "unit_loader",
      "setting__unitType": "template:destroyed_vehicle_decoration",
      "setting__className": "tankModels/ussr_t_80u_destroyed_unit",
      "setting__unit_class": "ussr_t_80u_destroyed_unit",
      "setting__isDead": true,
      "setting__tm": [
        [
          0.223078,
          0.0,
          0.974801
        ],
        [
          0.0,
          1.0,
          0.0
        ],
        [
          -0.974801,
          0.0,
          0.223078
        ],
        [
          425.4,
          13.0501,
          -249.65
        ]
      ],
      "setting__attack_type": ""
    },
    {
      "_template": "unit_loader",
      "setting__unitType": "template:destroyed_vehicle_decoration",
      "setting__className": "tankModels/ussr_gaz_233034_tiger_a_destroyed_unit",
      "setting__unit_class": "ussr_gaz_233034_tiger_a_destroyed_unit",
      "setting__isDead": true,
      "setting__tm": [
        [
          0.799585,
          0.0,
          -0.600554
        ],
        [
          0.0,
          1.0,
          0.0
        ],
        [
          0.600554,
          0.0,
          0.799585
        ],
        [
          480.5,
          13.1,
          -270.2
        ]
      ],
      "setting__attack_type": ""
    },
    {
      "_template": "unit_loader",
      "setting__unitType": "template:destroyed_vehicle_decoration",
      "setting__className": "tankModels/ussr_gaz_233034_tiger_a_destroyed_unit",
      "setting__unit_class": "ussr_gaz_233034_tiger_a_destroyed_unit",
      "setting__isDead": true,
      "setting__tm": [
        [
          -0.713944,
          0.0,
          0.700204
        ],
        [
          0.0,
          1.0,
          0.0
        ],
        [
          -0.700204,
          0.0,
          -0.713944
        ],
        [
          531.3,
          13.9338,
          -284.7
        ]
      ],
      "setting__attack_type": ""
    },
    {
      "_template": "unit_loader",
      "setting__unitType": "template:destroyed_vehicle_decoration",
      "setting__className": "structures/ussr_dumpster_transportable_a_unit",
      "setting__unit_class": "ussr_dumpster_transportable_a_unit",
      "setting__isDead": true,
      "setting__tm": [
        [
          -0.159195,
          -0.0130117,
          0.987163
        ],
        [
          -0.0545886,
          0.9985,
          0.0043579
        ],
        [
          -0.985736,
          -0.0531939,
          -0.159667
        ],
        [
          471.9,
          14.3,
          -320.6
        ]
      ],
      "setting__attack_type": ""
    },
    {
      "_template": "unit_loader",
      "setting__unitType": "template:destroyed_vehicle_decoration",
      "setting__className": "structures/ussr_dumpster_transportable_a_unit",
      "setting__unit_class": "ussr_dumpster_transportable_a_unit",
      "setting__isDead": true,
      "setting__tm": [
        [
          -0.995896,
          0.0,
          -0.0905148
        ],
        [
          0.0,
          1.0,
          0.0
        ],
        [
          0.0905148,
          0.0,
          -0.995896
        ],
        [
          -75.1047,
          16.8251,
          -308.873
        ]
      ],
      "setting__attack_type": ""
    },
    {
      "_template": "unit_loader",
      "setting__unitType": "template:destroyed_vehicle_decoration",
      "setting__className": "structures/ussr_dumpster_transportable_a_unit",
      "setting__unit_class": "ussr_dumpster_transportable_a_unit",
      "setting__isDead": true,
      "setting__tm": [
        [
          -0.994489,
          0.0,
          -0.104844
        ],
        [
          0.0,
          1.0,
          0.0
        ],
        [
          0.104844,
          0.0,
          -0.994489
        ],
        [
          -77.7476,
          16.8254,
          -310.263
        ]
      ],
      "setting__attack_type": ""
    },
    {
      "_template": "unit_loader",
      "setting__unitType": "template:destroyed_vehicle_decoration",
      "setting__className": "tankModels/ussr_gaz_233034_tiger_a_destroyed_unit",
      "setting__unit_class": "ussr_gaz_233034_tiger_a_destroyed_unit",
      "setting__isDead": true,
      "setting__tm": [
        [
          0.965926,
          0.0,
          0.258819
        ],
        [
          0.0,
          1.0,
          0.0
        ],
        [
          -0.258819,
          0.0,
          0.965926
        ],
        [
          405.254,
          13.1559,
          -306.527
        ]
      ],
      "setting__attack_type": ""
    },
    {
      "_template": "unit_loader",
      "setting__unitType": "template:destroyed_vehicle_decoration",
      "setting__className": "structures/ussr_dumpster_transportable_a_unit",
      "setting__unit_class": "ussr_dumpster_transportable_a_unit",
      "setting__isDead": true,
      "setting__tm": [
        [
          -0.906791,
          0.183375,
          0.37961
        ],
        [
          0.133428,
          0.978991,
          -0.154188
        ],
        [
          -0.399908,
          -0.0891653,
          -0.912208
        ],
        [
          434.7,
          13.5413,
          -68.3
        ]
      ],
      "setting__attack_type": ""
    },
    {
      "_template": "unit_loader",
      "setting__unitType": "template:destroyed_vehicle_decoration",
      "setting__className": "structures/ussr_dumpster_transportable_a_unit",
      "setting__unit_class": "ussr_dumpster_transportable_a_unit",
      "setting__isDead": true,
      "setting__tm": [
        [
          -0.79171,
          0.183375,
          -0.582725
        ],
        [
          0.200843,
          0.978991,
          0.0352031
        ],
        [
          0.576938,
          -0.0891653,
          -0.811906
        ],
        [
          421.3,
          13.5413,
          -31.05
        ]
      ],
      "setting__attack_type": ""
    },
    {
      "_template": "unit_loader",
      "setting__unitType": "template:destroyed_vehicle_decoration",
      "setting__className": "structures/ussr_dumpster_transportable_a_unit",
      "setting__unit_class": "ussr_dumpster_transportable_a_unit",
      "setting__isDead": true,
      "setting__tm": [
        [
          -0.608731,
          0.183375,
          -0.771893
        ],
        [
          0.184305,
          0.978991,
          0.087228
        ],
        [
          0.771672,
          -0.0891653,
          -0.629739
        ],
        [
          411.35,
          13.5413,
          -39.6
        ]
      ],
      "setting__attack_type": ""
    },
    {
      "_template": "unit_loader",
      "setting__unitType": "template:destroyed_vehicle_decoration",
      "setting__className": "structures/ussr_dumpster_transportable_a_unit",
      "setting__unit_class": "ussr_dumpster_transportable_a_unit",
      "setting__isDead": true,
      "setting__tm": [
        [
          0.314613,
          -0.0130117,
          0.949132
        ],
        [
          -0.0464084,
          0.9985,
          0.0290717
        ],
        [
          -0.948085,
          -0.0531939,
          0.313536
        ],
        [
          245.74,
          14.3,
          -129.465
        ]
      ],
      "setting__attack_type": ""
    },
    {
      "_template": "unit_loader",
      "setting__unitType": "template:destroyed_vehicle_decoration",
      "setting__className": "structures/ussr_dumpster_transportable_a_unit",
      "setting__unit_class": "ussr_dumpster_transportable_a_unit",
      "setting__isDead": true,
      "setting__tm": [
        [
          0.617957,
          -0.0130117,
          -0.786105
        ],
        [
          0.049853,
          0.9985,
          0.0226623
        ],
        [
          0.784629,
          -0.0531939,
          0.617679
        ],
        [
          -51.55,
          15.8503,
          -231.1
        ]
      ],
      "setting__attack_type": ""
    },
    {
      "_template": "unit_loader",
      "setting__unitType": "template:destroyed_vehicle_decoration",
      "setting__className": "tankModels/ussr_gaz_233034_tiger_a_destroyed_unit",
      "setting__unit_class": "ussr_gaz_233034_tiger_a_destroyed_unit",
      "setting__isDead": true,
      "setting__tm": [
        [
          0.590415,
          0.0,
          0.8071
        ],
        [
          0.0,
          1.0,
          0.0
        ],
        [
          -0.8071,
          0.0,
          0.590415
        ],
        [
          365.25,
          15.1,
          -210.75
        ]
      ],
      "setting__attack_type": ""
    },
    {
      "_template": "volfog_nbs",
      "volfog_nbs__rootGraph": "fog_modern_suburban_level.json"
    },
    {
      "_template": "hvg_granitograd_sound_occlusion"
    },
    {
      "_template": "location_fire_window_vertically_med",
      "transform": [
        [
          0.608167,
          0.0,
          -0.793809
        ],
        [
          0.0,
          1.0,
          0.0
        ],
        [
          0.793809,
          0.0,
          0.608167
        ],
        [
          368.29,
          21.234,
          -289.911
        ]
      ]
    },
    {
      "_template": "location_fire_window_horizontally_small",
      "transform": [
        [
          0.268274,
          0.0,
          -0.963343
        ],
        [
          0.0,
          1.0,
          0.0
        ],
        [
          0.963343,
          0.0,
          0.268274
        ],
        [
          365.116,
          24.2776,
          -290.336
        ]
      ]
    },
    {
      "_template": "location_fire_window_vertically_med",
      "transform": [
        [
          -0.10602,
          0.0,
          -0.994364
        ],
        [
          0.0,
          1.0,
          0.0
        ],
        [
          0.994364,
          0.0,
          -0.10602
        ],
        [
          360.74,
          19.684,
          -291.775
        ]
      ]
    },
    {
      "_template": "location_fire_window_horizontally_small",
      "transform": [
        [
          0.254359,
          0.0,
          -0.96711
        ],
        [
          0.0,
          1.0,
          0.0
        ],
        [
          0.96711,
          0.0,
          0.254359
        ],
        [
          326.852,
          20.5098,
          -278.81
        ]
      ]
    },
    {
      "_template": "location_fire_window_vertically_med",
      "transform": [
        [
          0.34509,
          0.0,
          -0.93857
        ],
        [
          0.0,
          1.0,
          0.0
        ],
        [
          0.93857,
          0.0,
          0.34509
        ],
        [
          330.375,
          18.2455,
          -299.757
        ]
      ]
    },
    {
      "_template": "location_fire_window_vertically_big",
      "transform": [
        [
          0.695458,
          0.0,
          -0.718566
        ],
        [
          0.0,
          1.0,
          0.0
        ],
        [
          0.718566,
          0.0,
          0.695458
        ],
        [
          339.259,
          19.6135,
