{
  "entity": [
    {
      "_template": "spot_light",
      "transform": [
        [
          -0.354958,
          -0.556231,
          -0.751407
        ],
        [
          0.743446,
          -0.655263,
          0.133862
        ],
        [
          -1.0038,
          -0.905139,
          1.14422
        ],
        [
          -69.1193,
          48.2978,
          -692.96
        ]
      ],
      "light__nightly": false,
      "light__brightness": 4.0,
      "light__max_radius": 5.0,
      "light__color": [
        116,
        162,
        194,
        250
      ],
      "spot_light__inner_attenuation": 0.1,
      "spot_light__shadows": false,
      "light__affect_volumes": false,
      "shreddableInDarkZone": false
    },
    {
      "_template": "spot_light",
      "transform": [
        [
          -0.0214298,
          -0.999748,
          -0.00666754
        ],
        [
          -0.67012,
          0.0193127,
          -0.742001
        ],
        [
          1.29579,
          -0.0199673,
          -1.17078
        ],
        [
          -85.5654,
          48.5931,
          -705.701
        ]
      ],
      "light__nightly": false,
      "light__brightness": 8.0,
      "light__max_radius": 15.0,
      "light__color": [
        232,
        247,
        255,
        250
      ],
      "spot_light__inner_attenuation": 0.5,
      "spot_light__shadows": true,
      "light__enable_lens_flares": false,
      "light__affect_volumes": true,
      "shreddableInDarkZone": false,
      "spot_light__cone_angle": 100.0
    },
    {
      "_template": "spot_light",
      "transform": [
        [
          -0.250206,
          -0.543392,
          -0.801325
        ],
        [
          0.707731,
          -0.667436,
          0.231617
        ],
        [
          -0.660691,
          -0.50917,
          0.551572
        ],
        [
          -81.8197,
          49.0869,
          -709.593
        ]
      ],
      "light__nightly": false,
      "light__brightness": 10.0,
      "light__max_radius": 10.0,
      "light__color": [
        232,
        247,
        255,
        250
      ],
      "spot_light__inner_attenuation": 0.3,
      "spot_light__shadows": false,
      "light__affect_volumes": false,
      "spot_light__cone_angle": 90.0,
      "shreddableInDarkZone": false
    },
    {
      "_template": "spot_light",
      "transform": [
        [
          -0.684498,
          0.00759324,
          -0.728975
        ],
        [
          0.678962,
          -0.357487,
          -0.64126
        ],
        [
          -0.463241,
          -1.62963,
          0.418002
        ],
        [
          -53.5014,
          49.6931,
          -693.079
        ]
      ],
      "light__nightly": false,
      "light__brightness": 30.0,
      "light__max_radius": 6.9,
      "light__color": [
        255,
        255,
        255,
        250
      ],
      "spot_light__inner_attenuation": 0.2,
      "spot_light__shadows": false,
      "spot_light__dynamic_obj_shadows": false,
      "light__affect_volumes": false,
      "spot_light__contact_shadows": false,
      "shreddableInDarkZone": false,
      "spot_light__cone_angle": 120.0
    },
    {
      "_template": "spot_light",
      "transform": [
        [
          0.926162,
          0.00324243,
          -0.377113
        ],
        [
          0.365474,
          0.238942,
          0.899631
        ],
        [
          0.093025,
          -0.971028,
          0.220114
        ],
        [
          -29.8304,
          56.3438,
          -700.105
        ]
      ],
      "light__nightly": false,
      "light__brightness": 500.0,
      "light__max_radius": 18.0,
      "light__color": [
        255,
        255,
        255,
        255
      ],
      "spot_light__inner_attenuation": 0.3,
      "spot_light__shadows": true
    },
    {
      "_template": "spot_light",
      "transform": [
        [
          0.91332,
          0.187905,
          -0.361302
        ],
        [
          0.321777,
          0.210815,
          0.923048
        ],
        [
          0.249613,
          -0.959295,
          0.132078
        ],
        [
          -44.9574,
          56.3438,
          -685.003
        ]
      ],
      "light__nightly": false,
      "light__brightness": 500.0,
      "light__max_radius": 18.0,
      "light__color": [
        255,
        255,
        255,
        255
      ],
      "spot_light__inner_attenuation": 0.3,
      "spot_light__shadows": true
    },
    {
      "_template": "spot_light",
      "transform": [
        [
          0.701678,
          -0.698037,
          -0.142801
        ],
        [
          0.047002,
          -0.154639,
          0.986853
        ],
        [
          -0.710941,
          -0.699165,
          -0.0756977
        ],
        [
          247.918,
          33.7147,
          571.35
        ]
      ],
      "light__nightly": false,
      "light__brightness": 3.75,
      "light__max_radius": 45.0,
      "light__color": [
        0,
        0,
        249,
        255
      ],
      "spot_light__inner_attenuation": 0.3,
      "spot_light__shadows": true
    },
    {
      "_template": "spot_light",
      "transform": [
        [
          0.701678,
          -0.698037,
          -0.142801
        ],
        [
          0.047002,
          -0.154639,
          0.986853
        ],
        [
          -0.710941,
          -0.699165,
          -0.0756977
        ],
        [
          248.82,
          34.5237,
          557.6
        ]
      ],
      "light__nightly": false,
      "light__brightness": 3.75,
      "light__max_radius": 45.0,
      "light__color": [
        0,
        0,
        249,
        255
      ],
      "spot_light__inner_attenuation": 0.3,
      "spot_light__shadows": true,
      "shreddableInDarkZone": false
    },
    {
      "_template": "spot_light",
      "transform": [
        [
          0.701678,
          -0.698037,
          -0.142801
        ],
        [
          0.047002,
          -0.154639,
          0.986853
        ],
        [
          -0.710941,
          -0.699165,
          -0.0756977
        ],
        [
          258.227,
          33.8037,
          586.586
        ]
      ],
      "light__nightly": false,
      "light__brightness": 4.0,
      "light__max_radius": 4.0,
      "light__color": [
        45,
        45,
        186,
        250
      ],
      "spot_light__inner_attenuation": 0.3,
      "spot_light__shadows": true,
      "light__radius_scale": 10.0,
      "spot_light__cone_angle": 110.0
    },
    {
      "_template": "spot_light",
      "transform": [
        [
          0.00208612,
          -0.706257,
          0.707953
        ],
        [
          -0.999977,
          -0.0060456,
          -0.00308449
        ],
        [
          0.00645844,
          -0.70793,
          -0.706253
        ],
        [
          268.566,
          34.0383,
          541.253
        ]
      ],
      "light__nightly": false,
      "light__brightness": 2.0,
      "light__max_radius": 5.0,
      "light__color": [
        45,
        45,
        186,
        250
      ],
      "spot_light__inner_attenuation": 0.3,
      "spot_light__shadows": false,
      "spot_light__cone_angle": 90.0,
      "light__radius_scale": 10.0
    },
    {
      "_template": "spot_light",
      "transform": [
        [
          -0.119366,
          -0.808505,
          -0.576258
        ],
        [
          0.992849,
          -0.0982862,
          -0.0677613
        ],
        [
          -0.00185289,
          -0.580225,
          0.814454
        ],
        [
          322.472,
          33.9261,
          580.147
        ]
      ],
      "light__nightly": false,
      "light__brightness": 7.5,
      "light__max_radius": 7.0,
      "light__color": [
        45,
        45,
        186,
        250
      ],
      "spot_light__inner_attenuation": 0.5,
      "spot_light__shadows": false,
      "light__affect_volumes": false
    },
    {
      "_template": "spot_light",
      "transform": [
        [
          1.0,
          0.0,
          0.0
        ],
        [
          -0.0,
          -0.00571085,
          0.999984
        ],
        [
          0.0,
          -0.999984,
          -0.00571085
        ],
        [
          183.207,
          37.0563,
          -133.901
        ]
      ],
      "light__radius_scale": 5.0,
      "light__nightly": false,
      "light__affect_volumes": false,
      "light__brightness": 4.5,
      "spot_light__contact_shadows": true,
      "spot_light__dynamic_light": false,
      "spot_light__dynamic_obj_shadows": true,
      "light__color": [
        255,
        255,
        255,
        255
      ],
      "light__max_radius": 3.5
    },
    {
      "_template": "spot_light",
      "transform": [
        [
          0.981803,
          1.16415e-10,
          0.189903
        ],
        [
          -0.1899,
          -0.00571085,
          0.981787
        ],
        [
          0.00108451,
          -0.999984,
          -0.00560693
        ],
        [
          184.064,
          36.301,
          -136.252
        ]
      ],
      "light__radius_scale": 5.0,
      "light__nightly": false,
      "light__affect_volumes": true,
      "light__brightness": 3.0,
      "spot_light__cone_angle": 170.0,
      "light__color": [
        250,
        200,
        100,
        255
      ],
      "light__max_radius": 10.0,
      "light__enable_lens_flares": true
    },
    {
      "_template": "spot_light",
      "transform": [
        [
          0.981803,
          1.16415e-10,
          0.189903
        ],
        [
          -0.1899,
          -0.00571085,
          0.981787
        ],
        [
          0.00108451,
          -0.999984,
          -0.00560693
        ],
        [
          186.221,
          36.3013,
          -135.843
        ]
      ],
      "light__radius_scale": 5.0,
      "light__nightly": false,
      "light__affect_volumes": true,
      "light__brightness": 3.0,
      "spot_light__cone_angle": 170.0,
      "light__color": [
        250,
        200,
        100,
        255
      ],
      "light__max_radius": 10.0,
      "light__enable_lens_flares": true
    },
    {
      "_template": "spot_light",
      "transform": [
        [
          0.981803,
          1.16415e-10,
          0.189903
        ],
        [
          -0.1899,
          -0.00571085,
          0.981787
        ],
        [
          0.00108451,
          -0.999984,
          -0.00560693
        ],
        [
          181.821,
          36.3063,
          -136.622
        ]
      ],
      "light__radius_scale": 5.0,
      "light__nightly": false,
      "light__affect_volumes": true,
      "light__brightness": 3.0,
      "spot_light__cone_angle": 170.0,
      "light__color": [
        250,
        200,
        100,
        255
      ],
      "light__max_radius": 10.0,
      "light__enable_lens_flares": true
    },
    {
      "_template": "spot_light",
      "transform": [
        [
          0.981803,
          1.16415e-10,
          0.189903
        ],
        [
          -0.1899,
          -0.00571085,
          0.981787
        ],
        [
          0.00108451,
          -0.999984,
          -0.00560693
        ],
        [
          187.333,
          35.5781,
          -130.933
        ]
      ],
      "light__radius_scale": 5.0,
      "light__nightly": false,
      "light__affect_volumes": true,
      "light__brightness": 0.95,
      "spot_light__cone_angle": 120.0,
      "light__color": [
        30,
        125,
        250,
        255
      ],
      "spot_light__inner_attenuation": 0.5,
      "light__max_radius": 2.0,
      "spot_light__contact_shadows": true,
      "spot_light__dynamic_obj_shadows": false,
      "spot_light__shadows": false,
      "light__force_affect_volfog": true
    },
    {
      "_template": "spot_light",
      "transform": [
        [
          0.981803,
          -0.0239275,
          0.18839
        ],
        [
          -0.1899,
          -0.129369,
          0.973243
        ],
        [
          0.00108451,
          -0.991308,
          -0.131558
        ],
        [
          182.274,
          36.298,
          -129.461
        ]
      ],
      "light__radius_scale": 5.0,
      "light__nightly": false,
      "light__affect_volumes": true,
      "light__brightness": 0.0,
      "spot_light__cone_angle": 170.0,
      "light__color": [
        50,
        145,
        250,
        255
      ],
      "light__max_radius": 10.0,
      "light__enable_lens_flares": true,
      "spot_light__contact_shadows": false,
      "spot_light__shadows": false,
      "spot_light__shadow_shrink": 0,
      "spot_light__inner_attenuation": 0.1
    },
    {
      "_template": "spot_light",
      "transform": [
        [
          0.981803,
          -0.0239275,
          0.18839
        ],
        [
          -0.1899,
          -0.129369,
          0.973243
        ],
        [
          0.00108451,
          -0.991308,
          -0.131558
        ],
        [
          182.751,
          36.298,
          -129.295
        ]
      ],
      "light__radius_scale": 5.0,
      "light__nightly": false,
      "light__affect_volumes": true,
      "light__brightness": 0.0,
      "spot_light__cone_angle": 170.0,
      "light__color": [
        50,
        145,
        250,
        255
      ],
      "light__max_radius": 10.0,
      "light__enable_lens_flares": true,
      "spot_light__contact_shadows": false,
      "spot_light__shadows": false,
      "spot_light__shadow_shrink": 0,
      "spot_light__inner_attenuation": 0.1
    },
    {
      "_template": "spot_light",
      "transform": [
        [
          0.981803,
          -0.0239275,
          0.18839
        ],
        [
          -0.1899,
          -0.129369,
          0.973243
        ],
        [
          0.00108451,
          -0.991308,
          -0.131558
        ],
        [
          183.298,
          36.298,
          -129.192
        ]
      ],
      "light__radius_scale": 5.0,
      "light__nightly": false,
      "light__affect_volumes": true,
      "light__brightness": 0.0,
      "spot_light__cone_angle": 170.0,
      "light__color": [
        50,
        145,
        250,
        255
      ],
      "light__max_radius": 10.0,
      "light__enable_lens_flares": true,
      "spot_light__contact_shadows": false,
      "spot_light__shadows": false,
      "spot_light__shadow_shrink": 0,
      "spot_light__inner_attenuation": 0.1
    },
    {
      "_template": "spot_light",
      "transform": [
        [
          0.981803,
          -0.0239275,
          0.18839
        ],
        [
          -0.1899,
          -0.129369,
          0.973243
        ],
        [
          0.00108451,
          -0.991308,
          -0.131558
        ],
        [
          185.029,
          36.298,
          -128.931
        ]
      ],
      "light__radius_scale": 5.0,
      "light__nightly": false,
      "light__affect_volumes": true,
      "light__brightness": 0.0,
      "spot_light__cone_angle": 170.0,
      "light__color": [
        250,
        250,
        250,
        255
      ],
      "light__max_radius": 10.0,
      "light__enable_lens_flares": true,
      "spot_light__contact_shadows": false,
      "spot_light__shadows": false,
      "spot_light__shadow_shrink": 0,
      "spot_light__inner_attenuation": 0.1
    },
    {
      "_template": "spot_light",
      "transform": [
        [
          0.981803,
          -0.0239275,
          0.18839
        ],
        [
          -0.1899,
          -0.129369,
          0.973243
        ],
        [
          0.00108451,
          -0.991308,
          -0.131558
        ],
        [
          184.433,
          36.287,
          -129.008
        ]
      ],
      "light__radius_scale": 5.0,
      "light__nightly": false,
      "light__affect_volumes": true,
      "light__brightness": 0.0,
      "spot_light__cone_angle": 170.0,
      "light__color": [
        250,
        250,
        250,
        255
      ],
      "light__max_radius": 10.0,
      "light__enable_lens_flares": true,
      "spot_light__contact_shadows": false,
      "spot_light__shadows": false,
      "spot_light__shadow_shrink": 0,
      "spot_light__inner_attenuation": 0.1
    },
    {
      "_template": "spot_light",
      "transform": [
        [
          0.981803,
          -0.0239275,
          0.18839
        ],
        [
          -0.1899,
          -0.129369,
          0.973243
        ],
        [
          0.00108451,
          -0.991308,
          -0.131558
        ],
        [
          185.611,
          36.298,
          -128.748
        ]
      ],
      "light__radius_scale": 5.0,
      "light__nightly": false,
      "light__affect_volumes": true,
      "light__brightness": 0.0,
      "spot_light__cone_angle": 170.0,
      "light__color": [
        250,
        250,
        250,
        255
      ],
      "light__max_radius": 10.0,
      "light__enable_lens_flares": true,
      "spot_light__contact_shadows": false,
      "spot_light__shadows": false,
      "spot_light__shadow_shrink": 0,
      "spot_light__inner_attenuation": 0.1
    },
    {
      "_template": "spot_light",
      "transform": [
        [
          0.0691655,
          0.189704,
          -0.979402
        ],
        [
          -0.0541917,
          0.981019,
          0.18619
        ],
        [
          0.996133,
          0.0401975,
          0.078133
        ],
        [
          181.324,
          35.3201,
          -131.165
        ]
      ],
      "light__radius_scale": 5.0,
      "light__nightly": false,
      "light__affect_volumes": true,
      "light__brightness": 0.75,
      "spot_light__cone_angle": 150.0,
      "light__color": [
        40,
        100,
        200,
        255
      ],
      "light__max_radius": 7.0,
      "light__enable_lens_flares": false,
      "spot_light__contact_shadows": false,
      "spot_light__shadows": false,
      "spot_light__shadow_shrink": 0,
      "spot_light__inner_attenuation": 0.5,
      "spot_light__dynamic_obj_shadows": false,
      "spot_light__dynamic_light": false
    },
    {
      "_template": "spot_light",
      "transform": [
        [
          0.981803,
          1.16415e-10,
          0.189903
        ],
        [
          -0.1899,
          -0.00571085,
          0.981787
        ],
        [
          0.00108451,
          -0.999984,
          -0.00560693
        ],
        [
          187.214,
          35.5781,
          -130.128
        ]
      ],
      "light__radius_scale": 5.0,
      "light__nightly": false,
      "light__affect_volumes": true,
      "light__brightness": 0.95,
      "spot_light__cone_angle": 120.0,
      "light__color": [
        30,
        125,
        250,
        255
      ],
      "spot_light__inner_attenuation": 0.5,
      "light__max_radius": 2.0,
      "spot_light__contact_shadows": false,
      "spot_light__dynamic_obj_shadows": false,
      "spot_light__shadows": false,
      "light__force_affect_volfog": true
    },
    {
      "_template": "spot_light",
      "transform": [
        [
          0.981803,
          1.16415e-10,
          0.189903
        ],
        [
          -0.1899,
          -0.00571085,
          0.981787
        ],
        [
          0.00108451,
          -0.999984,
          -0.00560693
        ],
        [
          187.464,
          35.5781,
          -131.847
        ]
      ],
      "light__radius_scale": 5.0,
      "light__nightly": false,
      "light__affect_volumes": true,
      "light__brightness": 0.95,
      "spot_light__cone_angle": 120.0,
      "light__color": [
        30,
        125,
        250,
        255
      ],
      "spot_light__inner_attenuation": 0.5,
      "light__max_radius": 2.0,
      "spot_light__contact_shadows": true,
      "spot_light__dynamic_obj_shadows": false,
      "spot_light__shadows": false
    },
    {
      "_template": "spot_light",
      "transform": [
        [
          0.657436,
          0.342908,
          -0.670965
        ],
        [
          0.720887,
          -0.0270545,
          0.692525
        ],
        [
          0.365649,
          -1.56547,
          -0.441782
        ],
        [
          -92.6111,
          53.8377,
          -739.762
        ]
      ],
      "light__nightly": false,
      "light__brightness": 30.0,
      "spot_light__inner_attenuation": 0.4,
      "light__max_radius": 12.0,
      "spot_light__shadows": false,
      "light__color": [
        148,
        134,
        90,
        250
      ],
      "spot_light__cone_angle": 100.0,
      "light__affect_volumes": true
    },
    {
      "_template": "spot_light",
      "transform": [
        [
          0.657436,
          0.285044,
          -0.697517
        ],
        [
          0.720887,
          0.0315023,
          0.692337
        ],
        [
          0.393926,
          -1.72069,
          -0.331877
        ],
        [
          -80.6012,
          51.0189,
          -729.711
        ]
      ],
      "light__nightly": false,
      "light__brightness": 15.0,
      "spot_light__inner_attenuation": 0.1,
      "light__max_radius": 10.0,
      "spot_light__shadows": false,
      "light__color": [
        148,
        134,
        120,
        250
      ],
      "light__dynamic_light": false,
      "light__affect_volumes": true,
      "light__force_max_light_radius": false,
      "light__enable_lens_flares": false,
      "spot_light__cone_angle": 100.0,
      "shreddableInDarkZone": false
    },
    {
      "_template": "spot_light",
      "transform": [
        [
          -0.662082,
          0.342908,
          0.666381
        ],
        [
          -0.740335,
          -0.161138,
          -0.65264
        ],
        [
          -0.209099,
          -1.66222,
          0.6476
        ],
        [
          -75.4201,
          53.9139,
          -738.455
        ]
      ],
      "light__nightly": false,
      "light__brightness": 50.0,
      "spot_light__inner_attenuation": 0.1,
      "light__max_radius": 12.0,
      "spot_light__shadows": false,
      "light__color": [
        148,
        134,
        120,
        250
      ],
      "light__dynamic_light": false,
      "light__affect_volumes": true,
      "light__force_max_light_radius": false,
      "light__enable_lens_flares": false,
      "spot_light__cone_angle": 100.0,
      "shreddableInDarkZone": false
    },
    {
      "_template": "spot_light",
      "transform": [
        [
          -0.662082,
          0.342908,
          0.666381
        ],
        [
          -0.716058,
          -0.0270545,
          -0.697516
        ],
        [
          -0.397222,
          -1.68653,
          0.473197
        ],
        [
          -84.3047,
          53.7465,
          -747.419
        ]
      ],
      "light__nightly": false,
      "light__brightness": 30.0,
      "spot_light__inner_attenuation": 0.1,
      "light__max_radius": 12.0,
      "spot_light__shadows": false,
      "light__color": [
        148,
        134,
        90,
        250
      ],
      "light__dynamic_light": false,
      "light__affect_volumes": true,
      "light__force_max_light_radius": false,
      "light__enable_lens_flares": false,
      "spot_light__cone_angle": 100.0
    },
    {
      "_template": "spot_light",
      "transform": [
        [
          -0.310691,
          -0.191628,
          0.930995
        ],
        [
          -0.67156,
          -0.648903,
          -0.357678
        ],
        [
          0.819299,
          -0.896859,
          0.088814
        ],
        [
          -60.5255,
          50.4787,
          -743.267
        ]
      ],
      "light__nightly": false,
      "light__brightness": 30.0,
      "light__max_radius": 8.0,
      "light__color": [
        255,
        230,
        200,
        250
      ],
      "spot_light__inner_attenuation": 0.45,
      "spot_light__shadows": false,
      "light__affect_volumes": true,
      "light__radius_scale": 5.0,
      "spot_light__cone_angle": 100.0,
      "shreddableInDarkZone": false
    },
    {
      "_template": "spot_light",
      "transform": [
        [
          -0.693688,
          -0.164135,
          -0.701325
        ],
        [
          0.719557,
          -0.201385,
          -0.664591
        ],
        [
          -0.0580636,
          -1.74378,
          0.465538
        ],
        [
          -54.5142,
          57.5935,
          -691.798
        ]
      ],
      "light__nightly": false,
      "light__brightness": 10.0,
      "light__max_radius": 15.0,
      "light__color": [
        155,
        186,
        200,
        250
      ],
      "spot_light__inner_attenuation": 0.85,
      "spot_light__shadows": false,
      "spot_light__dynamic_obj_shadows": false,
      "light__affect_volumes": false,
      "spot_light__contact_shadows": false,
      "spot_light__cone_angle": 110.0,
      "shreddableInDarkZone": false
    },
    {
      "_template": "spot_light",
      "transform": [
        [
          -0.356929,
          -0.924128,
          0.136338
        ],
        [
          -0.523745,
          0.0771255,
          -0.848376
        ],
        [
          0.773494,
          -0.374217,
          -0.511537
        ],
        [
          -63.6463,
          51.0574,
          -710.062
        ]
      ],
      "light__nightly": false,
      "light__brightness": 34.0,
      "light__max_radius": 12.0,
      "light__color": [
        232,
        247,
        255,
        250
      ],
      "spot_light__inner_attenuation": 0.35,
      "spot_light__shadows": false,
      "light__radius_scale": 0.5,
      "spot_light__contact_shadows": false,
      "spot_light__dynamic_light": false,
      "spot_light__cone_angle": 80.0,
      "light__affect_volumes": false,
      "shreddableInDarkZone": false,
      "spot_light__shadow_frustum_offset": 3.0,
      "spot_light__shadow_near_far_planes": [
        3.0,
        0.0
      ]
    },
    {
      "_template": "spot_light",
      "transform": [
        [
          -0.0780844,
          -0.929565,
          0.360295
        ],
        [
          -0.98938,
          0.116694,
          0.086651
        ],
        [
          -0.122592,
          -0.349702,
          -0.928805
        ],
        [
          -57.4947,
          51.055,
          -701.177
        ]
      ],
      "light__nightly": false,
      "light__brightness": 75.0,
      "light__max_radius": 17.0,
      "light__color": [
        232,
        247,
        255,
        250
      ],
      "spot_light__inner_attenuation": 0.3,
      "spot_light__shadows": false,
      "light__radius_scale": 0.5,
      "spot_light__contact_shadows": false,
      "spot_light__dynamic_light": false,
      "spot_light__cone_angle": 65.0,
      "light__affect_volumes": false,
      "shreddableInDarkZone": false,
      "spot_light__shadow_frustum_offset": 6.0,
      "spot_light__shadow_near_far_planes": [
        6.0,
        0.0
      ]
    },
    {
      "_template": "spot_light",
      "transform": [
        [
          0.712348,
          0.103156,
          -0.694628
        ],
        [
          0.704562,
          -0.134035,
          0.70263
        ],
        [
          -0.0214126,
          -1.02775,
          -0.174584
        ],
        [
          -58.6961,
          55.7841,
          -710.956
        ]
      ],
      "light__nightly": false,
      "light__brightness": 300.0,
      "spot_light__inner_attenuation": 0.55,
      "light__max_radius": 30.0,
      "light__color": [
        210,
        230,
        255,
        250
      ],
      "spot_light__shadows": true,
      "light__affect_volumes": false,
      "spot_light__dynamic_obj_shadows": false,
      "spot_light__dynamic_light": false,
      "spot_light__contact_shadows": true,
      "light__render_gpu_objects": false,
      "spot_light__cone_angle": 125.0,
      "light__radius_scale": 5.0,
      "shreddableInDarkZone": false,
      "spot_light__shadow_cone_angle": 125.0,
      "spot_light__shadow_frustum_offset": 5.0,
      "spot_light__shadow_near_far_planes": [
        5.0,
        13.0
      ]
    },
    {
      "_template": "spot_light",
      "transform": [
        [
          0.650491,
          0.0604488,
          -0.757105
        ],
        [
          -0.138692,
          0.989521,
          -0.0401561
        ],
        [
          1.04778,
          0.183987,
          0.914926
        ],
        [
          -42.715,
          46.1225,
          -724.728
        ]
      ],
      "light__nightly": false,
      "light__brightness": 40.0,
      "spot_light__inner_attenuation": 0.3,
      "light__max_radius": 8.0,
      "spot_light__shadows": false,
      "light__color": [
        255,
        230,
        200,
        250
      ],
      "light__dynamic_light": false,
      "light__affect_volumes": true,
      "light__force_max_light_radius": false,
      "light__enable_lens_flares": false,
      "spot_light__cone_angle": 100.0,
      "shreddableInDarkZone": false
    },
    {
      "_template": "spot_light",
      "transform": [
        [
          -0.390745,
          -0.817381,
          0.0594559
        ],
        [
          -0.300033,
          0.208386,
          0.893014
        ],
        [
          -1.3954,
          0.622396,
          -0.61406
        ],
        [
          -74.5331,
          46.2127,
          -702.662
        ]
      ],
      "light__nightly": false,
      "light__brightness": 3.0,
      "spot_light__inner_attenuation": 0.5,
      "light__max_radius": 7.0,
      "light__color": [
        172,
        187,
        133,
        250
      ],
      "spot_light__shadows": false,
      "spot_light__cone_angle": 85.0,
      "light__affect_volumes": true
    },
    {
      "_template": "spot_light",
      "transform": [
        [
          0.300777,
          -0.307147,
          0.903918
        ],
        [
          0.116699,
          0.96379,
          0.28866
        ],
        [
          -1.00223,
          0.0194882,
          0.340111
        ],
        [
          -80.2114,
          46.6902,
          -713.225
        ]
      ],
      "light__nightly": false,
      "light__brightness": 25.0,
      "spot_light__inner_attenuation": 0.7,
      "light__max_radius": 15.0,
      "light__color": [
        116,
        172,
        194,
        250
      ],
      "spot_light__shadows": true,
      "spot_light__cone_angle": 120.0,
      "light__affect_volumes": true,
      "shreddableInDarkZone": false,
      "light__radius_scale": 5.0,
      "spot_light__shadow_cone_angle": 100.0,
      "spot_light__shadow_near_far_planes": [
        0.0,
        0.0
      ],
      "spot_light__contact_shadows": false
    },
    {
      "_template": "spot_light",
      "transform": [
        [
          0.0321205,
          0.182879,
          0.982611
        ],
        [
          -0.135531,
          0.974835,
          -0.177002
        ],
        [
          -0.990253,
          -0.127489,
          0.056098
        ],
        [
          184.49,
          34.6115,
          -133.001
        ]
      ],
      "light__radius_scale": 5.0,
      "light__nightly": false,
      "light__affect_volumes": false,
      "light__brightness": 3.5,
      "spot_light__cone_angle": 70.0,
      "light__color": [
        250,
        200,
        100,
        255
      ],
      "light__max_radius": 6.0,
      "spot_light__inner_attenuation": 0.1,
      "spot_light__shadows": true,
      "spot_light__contact_shadows": true,
      "spot_light__dynamic_obj_shadows": true,
      "spot_light__dynamic_light": false,
      "light__dynamic_light": false,
      "light__enable_lens_flares": false,
      "light__force_affect_volfog": false,
      "light__force_max_light_radius": false,
      "light__render_gpu_objects": false,
      "shreddableInDarkZone": true,
      "spot_light__shadow_shrink": 0,
      "spot_light__shadow_quality": 0,
      "light__texture_name": ""
    },
    {
      "_template": "spot_light",
      "transform": [
        [
          -0.720972,
          0.0100898,
          0.692892
        ],
        [
          -0.484653,
          0.707322,
          -0.514594
        ],
        [
          -0.889606,
          -1.26954,
          -0.907171
        ],
        [
          -63.1413,
          56.1393,
          -738.533
        ]
      ],
      "light__nightly": false,
      "light__brightness": 5.0,
      "spot_light__inner_attenuation": 0.5,
      "light__max_radius": 5.0,
      "spot_light__shadows": false,
      "light__color": [
        148,
        134,
        90,
        250
      ],
      "light__dynamic_light": false,
      "light__affect_volumes": false,
      "light__force_max_light_radius": false,
      "light__enable_lens_flares": false,
      "spot_light__cone_angle": 80.0
    },
    {
      "_template": "spot_light",
      "transform": [
        [
          -0.718176,
          0.00300759,
          -0.6972
        ],
        [
          0.6668,
          -0.327846,
          -0.688276
        ],
        [
          -0.240827,
          -1.00154,
          0.243752
        ],
        [
          -71.3118,
          53.9715,
          -696.016
        ]
      ],
      "light__nightly": false,
      "light__brightness": 25.0,
      "spot_light__inner_attenuation": 0.7,
      "light__max_radius": 6.0,
      "light__color": [
        116,
        172,
        194,
        250
      ],
      "spot_light__shadows": false,
      "spot_light__cone_angle": 95.0,
      "light__affect_volumes": false,
      "shreddableInDarkZone": false
    },
    {
      "_template": "spot_light",
      "transform": [
        [
          0.938362,
          0.0575112,
          0.340834
        ],
        [
          -0.192009,
          -0.7332,
          0.652343
        ],
        [
          0.50154,
          -1.18237,
          -1.1813
        ],
        [
          -69.1902,
          50.7571,
          -701.045
        ]
      ],
      "light__nightly": false,
      "light__brightness": 17.0,
      "light__max_radius": 7.0,
      "light__color": [
        255,
        255,
        255,
        250
      ],
      "spot_light__inner_attenuation": 0.5,
      "spot_light__shadows": false,
      "spot_light__dynamic_obj_shadows": false,
      "light__affect_volumes": false,
      "spot_light__contact_shadows": false,
      "shreddableInDarkZone": false,
      "spot_light__cone_angle": 78.0
    },
    {
      "_template": "spot_light",
      "transform": [
        [
          0.0247582,
          -0.999286,
          0.0285494
        ],
        [
          -0.273334,
          0.0207034,
          0.961696
        ],
        [
          -0.961601,
          -0.0316134,
          -0.272627
        ],
        [
          187.171,
          35.5116,
          -130.19
        ]
      ],
      "light__radius_scale": 5.0,
      "light__nightly": false,
      "light__affect_volumes": true,
      "light__brightness": 0.5,
      "spot_light__cone_angle": 120.0,
      "light__color": [
        30,
        125,
        250,
        255
      ],
      "spot_light__inner_attenuation": 0.5,
      "light__max_radius": 1.0,
      "spot_light__contact_shadows": false,
      "spot_light__dynamic_obj_shadows": false,
      "spot_light__shadows": false,
      "light__force_affect_volfog": true,
      "light__enable_lens_flares": true
    },
    {
      "_template": "spot_light",
      "transform": [
        [
          0.0175747,
          -0.999286,
          0.0334539
        ],
        [
          -0.485978,
          0.0207034,
          0.873726
        ],
        [
          -0.873795,
          -0.0316134,
          -0.485267
        ],
        [
          187.395,
          35.5116,
          -130.854
        ]
      ],
      "light__radius_scale": 5.0,
      "light__nightly": false,
      "light__affect_volumes": true,
      "light__brightness": 0.5,
      "spot_light__cone_angle": 120.0,
      "light__color": [
        30,
        125,
        250,
        255
      ],
      "spot_light__inner_attenuation": 0.5,
      "light__max_radius": 1.0,
      "spot_light__contact_shadows": false,
      "spot_light__dynamic_obj_shadows": false,
      "spot_light__shadows": false,
      "light__force_affect_volfog": true,
      "light__enable_lens_flares": true
    },
    {
      "_template": "spot_light",
      "transform": [
        [
          0.981803,
          0.182666,
          0.0519258
        ],
        [
          -0.1899,
          0.942811,
          0.273946
        ],
        [
          0.00108451,
          -0.278822,
          0.960343
        ],
        [
          182.91,
          34.403,
          -131.688
        ]
      ],
      "light__radius_scale": 5.0,
      "light__nightly": false,
      "light__affect_volumes": true,
      "light__brightness": 0.5,
      "spot_light__cone_angle": 90.0,
      "light__color": [
        250,
        200,
        100,
        255
      ],
      "light__max_radius": 3.5,
      "spot_light__inner_attenuation": 0.5,
      "spot_light__shadows": false,
      "light__force_affect_volfog": false
    },
    {
      "_template": "spot_light",
      "transform": [
        [
          0.0321205,
          0.182879,
          0.982611
        ],
        [
          -0.135531,
          0.974835,
          -0.177002
        ],
        [
          -0.990253,
          -0.127489,
          0.056098
        ],
        [
          184.379,
          35.4367,
          -133.003
        ]
      ],
      "light__radius_scale": 5.0,
      "light__nightly": false,
      "light__affect_volumes": false,
      "light__brightness": 0.5,
      "spot_light__cone_angle": 70.0,
      "light__color": [
        250,
        200,
        100,
        255
      ],
      "light__max_radius": 3.0,
      "spot_light__inner_attenuation": 0.5,
      "spot_light__shadows": false,
      "spot_light__contact_shadows": false,
      "spot_light__dynamic_obj_shadows": false,
      "spot_light__dynamic_light": false,
      "light__dynamic_light": false,
      "light__enable_lens_flares": false,
      "light__force_affect_volfog": false,
      "light__force_max_light_radius": false,
      "light__render_gpu_objects": false,
      "shreddableInDarkZone": true,
      "spot_light__shadow_shrink": 0,
      "spot_light__shadow_quality": 0
    },
    {
      "_template": "spot_light_premium_shadow_a",
      "transform": [
        [
          0.516464,
          -0.851489,
          -0.0907302
        ],
        [
          0.173026,
          -6.70552e-8,
          0.984917
        ],
        [
          -0.838646,
          -0.524373,
          0.14733
        ],
        [
          306.052,
          43.7766,
          563.178
        ]
      ],
      "spot_light__shadows": false,
      "light__max_radius": 5.0,
      "light__color": [
        255,
        230,
        200,
        250
      ],
      "spot_light__cone_angle": 70.0,
      "spot_light__inner_attenuation": 1.0,
      "light__brightness": 30.0
    },
    {
      "_template": "spot_light_premium_shadow_a",
      "transform": [
        [
          0.452987,
          -0.851489,
          -0.264141
        ],
        [
          0.503727,
          -1.3411e-7,
          0.863863
        ],
        [
          -0.73557,
          -0.524373,
          0.428918
        ],
        [
          302.967,
          43.7766,
          554.96
        ]
      ],
      "spot_light__shadows": false,
      "light__max_radius": 5.0,
      "spot_light__cone_angle": 70.0,
      "spot_light__inner_attenuation": 1.0,
      "light__color": [
        255,
        230,
        200,
        250
      ],
      "light__brightness": 30.0
    },
    {
      "_template": "spot_light_premium_shadow_a",
      "transform": [
        [
          0.220191,
          -0.851489,
          -0.475902
        ],
        [
