{
  "entity": [
    {
      "_template": "spot_light",
      "transform": [
        [
          -0.220115,
          -0.0149256,
          0.453939
        ],
        [
          -0.0585421,
          0.501163,
          -0.0119087
        ],
        [
          -0.450395,
          -0.0578463,
          -0.220299
        ],
        [
          418.72,
          33.9312,
          547.607
        ]
      ],
      "light__color": [
        21,
        80,
        255,
        255
      ]
    },
    {
      "_template": "spot_light_large",
      "transform": [
        [
          0.404505,
          -0.000181206,
          -0.914536
        ],
        [
          0.505399,
          0.833471,
          0.223376
        ],
        [
          0.7622,
          -0.552562,
          0.337235
        ],
        [
          350.693,
          52.2589,
          595.112
        ]
      ]
    },
    {
      "_template": "spot_light_large",
      "transform": [
        [
          -0.0056683,
          0.0,
          -0.999984
        ],
        [
          0.490918,
          0.871201,
          -0.00278271
        ],
        [
          0.871187,
          -0.490926,
          -0.00493823
        ],
        [
          396.877,
          52.2589,
          839.871
        ]
      ]
    },
    {
      "_template": "spot_light_large",
      "transform": [
        [
          -0.999946,
          0.0,
          0.0104219
        ],
        [
          -0.00511637,
          0.871201,
          -0.490899
        ],
        [
          -0.00907957,
          -0.490926,
          -0.871154
        ],
        [
          395.177,
          52.2589,
          837.67
        ]
      ]
    },
    {
      "_template": "spot_light_large",
      "transform": [
        [
          -0.917214,
          0.0,
          -0.398394
        ],
        [
          0.0609142,
          0.988242,
          -0.140241
        ],
        [
          0.39371,
          -0.152899,
          -0.906429
        ],
        [
          369.846,
          34.494,
          612.166
        ]
      ]
    },
    {
      "_template": "spot_light_large",
      "transform": [
        [
          -0.0814832,
          0.00628176,
          0.734459
        ],
        [
          -0.0435988,
          0.73762,
          -0.0111459
        ],
        [
          -0.73319,
          -0.0445601,
          -0.0809612
        ],
        [
          419.531,
          34.46,
          589.313
        ]
      ],
      "light__color": [
        20,
        80,
        255,
        255
      ],
      "light__max_radius": 50.0,
      "light__brightness": 200.0
    },
    {
      "_template": "spot_light_large",
      "transform": [
        [
          1.0,
          0.0,
          0.0
        ],
        [
          0.0,
          0.142089,
          0.989854
        ],
        [
          0.0,
          -0.989854,
          0.142089
        ],
        [
          333.41,
          40.5407,
          596.88
        ]
      ]
    },
    {
      "_template": "spot_light_large",
      "transform": [
        [
          1.0,
          0.0,
          0.0
        ],
        [
          0.0,
          -0.154249,
          0.988032
        ],
        [
          0.0,
          -0.988032,
          -0.154249
        ],
        [
          333.498,
          40.5407,
          593.233
        ]
      ]
    },
    {
      "_template": "spot_light_large",
      "transform": [
        [
          -0.335954,
          0.0,
          0.941878
        ],
        [
          -0.567329,
          0.798242,
          -0.202358
        ],
        [
          -0.751847,
          -0.602337,
          -0.268172
        ],
        [
          136.8,
          55.65,
          -160.474
        ]
      ]
    },
    {
      "_template": "spot_light_large",
      "transform": [
        [
          -0.938277,
          0.0,
          -0.345885
        ],
        [
          0.20834,
          0.798242,
          -0.565159
        ],
        [
          0.2761,
          -0.602337,
          -0.748972
        ],
        [
          139.2,
          55.65,
          -161.724
        ]
      ]
    },
    {
      "_template": "spot_light_large",
      "transform": [
        [
          0.169453,
          -0.00803146,
          -0.985503
        ],
        [
          0.95586,
          0.244887,
          0.16236
        ],
        [
          0.240033,
          -0.969519,
          0.0491737
        ],
        [
          -1041.94,
          34.9146,
          869.396
        ]
      ]
    },
    {
      "_template": "spot_light_large",
      "transform": [
        [
          0.0800595,
          -0.00879486,
          -0.996751
        ],
        [
          0.636768,
          0.769778,
          0.0443533
        ],
        [
          0.766889,
          -0.63825,
          0.0672281
        ],
        [
          373.6,
          52.2589,
          526.326
        ]
      ],
      "light__color": [
        20,
        80,
        255,
        255
      ]
    },
    {
      "_template": "spot_light_large",
      "transform": [
        [
          0.998637,
          0.000290245,
          -0.0521953
        ],
        [
          0.0235284,
          0.890123,
          0.455111
        ],
        [
          0.0465923,
          -0.455719,
          0.888903
        ],
        [
          371.45,
          52.2589,
          528.326
        ]
      ],
      "light__color": [
        200,
        250,
        255,
        255
      ],
      "light__max_radius": 100.0,
      "spot_light__cone_angle": 80.0,
      "light__brightness": 300.0
    },
    {
      "_template": "spot_light_large",
      "transform": [
        [
          -0.0082701,
          0.0,
          -0.999966
        ],
        [
          0.490909,
          0.871201,
          -0.00406
        ],
        [
          0.871172,
          -0.490926,
          -0.00720492
        ],
        [
          384.05,
          52.2589,
          672.526
        ]
      ]
    },
    {
      "_template": "spot_light_large",
      "transform": [
        [
          0.999994,
          0.0,
          -0.00351643
        ],
        [
          0.0017263,
          0.871201,
          0.490923
        ],
        [
          0.00306352,
          -0.490926,
          0.871196
        ],
        [
          381.85,
          52.2589,
          674.677
        ]
      ],
      "light__brightness": 300.0
    },
    {
      "_template": "spot_light_large",
      "transform": [
        [
          0.00827025,
          0.0,
          0.999966
        ],
        [
          -0.490909,
          0.871201,
          0.00406007
        ],
        [
          -0.871172,
          -0.490926,
          0.00720505
        ],
        [
          430.5,
          52.25,
          590.177
        ]
      ],
      "light__color": [
        20,
        80,
        255,
        255
      ]
    },
    {
      "_template": "spot_light_large",
      "transform": [
        [
          -1.0,
          -5.05151e-15,
          -8.47504e-8
        ],
        [
          4.93601e-8,
          0.871201,
          -0.490926
        ],
        [
          7.86968e-8,
          -0.490926,
          -0.871202
        ],
        [
          432.75,
          52.25,
          588.427
        ]
      ],
      "light__color": [
        180,
        130,
        70,
        255
      ]
    },
    {
      "_template": "spot_light_large",
      "transform": [
        [
          1.0,
          0.0,
          0.0
        ],
        [
          0.0,
          0.871201,
          0.490926
        ],
        [
          0.0,
          -0.490926,
          0.871201
        ],
        [
          -9.02475,
          68.5131,
          -688.862
        ]
      ],
      "light__color": [
        20,
        80,
        255,
        255
      ]
    },
    {
      "_template": "spot_light_large",
      "transform": [
        [
          -0.00475373,
          0.0,
          -0.999989
        ],
        [
          0.49092,
          0.871201,
          -0.00233373
        ],
        [
          0.871192,
          -0.490926,
          -0.00414146
        ],
        [
          -6.96743,
          68.5131,
          -690.589
        ]
      ]
    },
    {
      "_template": "spot_light_large",
      "transform": [
        [
          -0.000680848,
          0.0,
          1.0
        ],
        [
          -0.490926,
          0.871201,
          -0.000334246
        ],
        [
          -0.871201,
          -0.490926,
          -0.000593155
        ],
        [
          74.1045,
          68.5131,
          -668.625
        ]
      ],
      "light__color": [
        20,
        80,
        255,
        255
      ]
    },
    {
      "_template": "spot_light_large",
      "transform": [
        [
          0.483573,
          0.0,
          -0.875304
        ],
        [
          0.258088,
          0.955542,
          0.142584
        ],
        [
          0.83639,
          -0.294855,
          0.462074
        ],
        [
          -3.116,
          50.6144,
          -653.297
        ]
      ]
    },
    {
      "_template": "spot_light_large",
      "transform": [
        [
          0.999992,
          0.0,
          -0.00407289
        ],
        [
          0.00199949,
          0.871201,
          0.490921
        ],
        [
          0.00354831,
          -0.490926,
          0.871195
        ],
        [
          75.8301,
          68.5131,
          -666.567
        ]
      ]
    },
    {
      "_template": "spot_light_large",
      "transform": [
        [
          0.999972,
          0.0,
          -0.00755017
        ],
        [
          0.00370657,
          0.871201,
          0.490912
        ],
        [
          0.00657771,
          -0.490926,
          0.871176
        ],
        [
          410.802,
          52.2588,
          330.437
        ]
      ]
    },
    {
      "_template": "spot_light_large",
      "transform": [
        [
          -0.0123037,
          0.0,
          -0.999925
        ],
        [
          0.490888,
          0.871201,
          -0.00604019
        ],
        [
          0.871136,
          -0.490926,
          -0.010719
        ],
        [
          412.846,
          52.2588,
          328.695
        ]
      ]
    },
    {
      "_template": "spot_light_large",
      "transform": [
        [
          -0.00628042,
          0.0,
          0.99998
        ],
        [
          -0.490916,
          0.871201,
          -0.00308322
        ],
        [
          -0.871184,
          -0.490926,
          -0.00547151
        ],
        [
          411.75,
          52.2589,
          496.486
        ]
      ],
      "light__color": [
        180,
        130,
        70,
        255
      ]
    },
    {
      "_template": "spot_light_large",
      "transform": [
        [
          0.999999,
          0.0,
          0.00152672
        ],
        [
          -0.000749502,
          0.871201,
          0.490925
        ],
        [
          -0.00133008,
          -0.490926,
          0.871201
        ],
        [
          413.464,
          52.2589,
          498.553
        ]
      ],
      "light__color": [
        180,
        130,
        70,
        255
      ]
    },
    {
      "_template": "spot_light_large",
      "transform": [
        [
          0.999974,
          0.0,
          0.00726276
        ],
        [
          -0.00356548,
          0.871201,
          0.490913
        ],
        [
          -0.00632733,
          -0.490926,
          0.871178
        ],
        [
          348.469,
          52.2589,
          597.348
        ]
      ],
      "light__color": [
        20,
        80,
        255,
        255
      ]
    },
    {
      "_template": "spot_light",
      "transform": [
        [
          1.0,
          0.0,
          0.0
        ],
        [
          0.0,
          -0.473096,
          0.881011
        ],
        [
          0.0,
          -0.881011,
          -0.473096
        ],
        [
          16.137,
          51.3593,
          -681.272
        ]
      ],
      "light__brightness": 40.0
    },
    {
      "_template": "spot_light",
      "transform": [
        [
          0.0413254,
          -0.199898,
          -0.978945
        ],
        [
          0.998164,
          -0.0351671,
          0.0493177
        ],
        [
          -0.0442855,
          -0.979185,
          0.198077
        ],
        [
          -18.05,
          56.5473,
          -644.236
        ]
      ],
      "light__color": [
        20,
        80,
        255,
        255
      ]
    },
    {
      "_template": "spot_light",
      "transform": [
        [
          -0.0360294,
          -0.199898,
          0.979154
        ],
        [
          -0.998416,
          -0.0351671,
          -0.0439176
        ],
        [
          0.0432134,
          -0.979185,
          -0.198314
        ],
        [
          -17.9328,
          56.5473,
          -647.774
        ]
      ],
      "light__color": [
        20,
        80,
        255,
        255
      ]
    },
    {
      "_template": "spot_light",
      "transform": [
        [
          0.0536742,
          -0.199898,
          -0.978346
        ],
        [
          0.997462,
          -0.0351671,
          0.0619083
        ],
        [
          -0.0467813,
          -0.979185,
          0.197503
        ],
        [
          63.7277,
          56.5473,
          -666.832
        ]
      ],
      "light__color": [
        20,
        80,
        255,
        255
      ]
    },
    {
      "_template": "spot_light",
      "transform": [
        [
          -0.0483813,
          -0.199898,
          0.978622
        ],
        [
          -0.997783,
          -0.0351671,
          -0.0565118
        ],
        [
          0.0457123,
          -0.979185,
          -0.197753
        ],
        [
          63.8909,
          56.5473,
          -670.483
        ]
      ],
      "light__color": [
        20,
        80,
        255,
        255
      ]
    },
    {
      "_template": "spot_light",
      "transform": [
        [
          -0.977787,
          -0.199898,
          -0.0630329
        ],
        [
          0.0714496,
          -0.0351671,
          -0.996824
        ],
        [
          0.197046,
          -0.979185,
          0.0486689
        ],
        [
          68.8924,
          56.5473,
          -690.938
        ]
      ]
    },
    {
      "_template": "spot_light",
      "transform": [
        [
          0.977432,
          -0.199898,
          0.0683212
        ],
        [
          -0.0768406,
          -0.0351671,
          0.996423
        ],
        [
          -0.19678,
          -0.979185,
          -0.0497341
        ],
        [
          65.2443,
          56.5473,
          -691.156
        ]
      ]
    },
    {
      "_template": "spot_light",
      "transform": [
        [
          -0.426427,
          0.0,
          0.904522
        ],
        [
          -0.138301,
          0.988242,
          -0.0652004
        ],
        [
          -0.893886,
          -0.152899,
          -0.421412
        ],
        [
          29.4231,
          50.6747,
          -636.208
        ]
      ]
    },
    {
      "_template": "spot_light",
      "transform": [
        [
          -0.874306,
          -0.199898,
          0.442303
        ],
        [
          -0.444721,
          -0.0351671,
          -0.894978
        ],
        [
          0.194458,
          -0.979185,
          -0.0581512
        ],
        [
          -1014.67,
          26.6983,
          -2598.45
        ]
      ]
    },
    {
      "_template": "spot_light",
      "transform": [
        [
          0.8719,
          -0.199898,
          -0.447025
        ],
        [
          0.449555,
          -0.0351671,
          0.89256
        ],
        [
          -0.194141,
          -0.979185,
          0.0592024
        ],
        [
          -1017.92,
          26.6918,
          -2596.76
        ]
      ]
    },
    {
      "_template": "spot_light_blue_extralarge",
      "transform": [
        [
          -2.51647,
          -0.286524,
          -0.907896
        ],
        [
          0.816635,
          -1.96852,
          -1.64226
        ],
        [
          -0.489369,
          -1.81158,
          1.92813
        ],
        [
          -1900.9,
          31.7874,
          264.286
        ]
      ],
      "light__color": [
        255,
        255,
        240,
        255
      ],
      "light__brightness": 100.0
    },
    {
      "_template": "spot_light_blue_extralarge",
      "transform": [
        [
          -2.45733,
          -0.109946,
          -1.09015
        ],
        [
          0.816635,
          -1.96852,
          -1.64226
        ],
        [
          -0.730493,
          -1.8308,
          1.83127
        ],
        [
          -1977.88,
          28.2229,
          223.536
        ]
      ],
      "light__color": [
        255,
        255,
        240,
        255
      ],
      "light__brightness": 100.0
    },
    {
      "_template": "spot_light_orange_extralarge",
      "transform": [
        [
          -2.53915,
          0.0,
          -0.889787
        ],
        [
          0.0,
          2.69054,
          0.0
        ],
        [
          0.889787,
          0.0,
          -2.53915
        ],
        [
          -2017.07,
          5.06542,
          312.659
        ]
      ],
      "light__color": [
        255,
        255,
        240,
        255
      ]
    },
    {
      "_template": "spot_light_orange_extralarge",
      "transform": [
        [
          -2.53915,
          0.0,
          -0.889787
        ],
        [
          0.0,
          2.69054,
          0.0
        ],
        [
          0.889787,
          0.0,
          -2.53915
        ],
        [
          -1936.39,
          5.06542,
          347.313
        ]
      ],
      "light__color": [
        255,
        255,
        240,
        255
      ]
    },
    {
      "_template": "spot_light",
      "transform": [
        [
          -0.979806,
          -0.199898,
          -0.00462573
        ],
        [
          0.0118924,
          -0.0351671,
          -0.999311
        ],
        [
          0.199597,
          -0.979185,
          0.0368346
        ],
        [
          21.2877,
          56.6392,
          -679.053
        ]
      ],
      "light__color": [
        20,
        80,
        255,
        255
      ]
    },
    {
      "_template": "spot_light",
      "transform": [
        [
          0.979767,
          -0.199898,
          0.00992572
        ],
        [
          -0.0172978,
          -0.0351671,
          0.999232
        ],
        [
          -0.199395,
          -0.979185,
          -0.0379137
        ],
        [
          17.6329,
          56.6392,
          -679.053
        ]
      ],
      "light__color": [
        20,
        80,
        255,
        255
      ]
    },
    {
      "_template": "spot_light",
      "transform": [
        [
          0.979767,
          -0.199898,
          0.00992572
        ],
        [
          -0.0172978,
          -0.0351671,
          0.999232
        ],
        [
          -0.199395,
          -0.979185,
          -0.0379137
        ],
        [
          29.2556,
          56.6392,
          -679.053
        ]
      ],
      "light__color": [
        20,
        80,
        255,
        255
      ]
    },
    {
      "_template": "spot_light",
      "transform": [
        [
          -0.979806,
          -0.199898,
          -0.00462573
        ],
        [
          0.0118924,
          -0.0351671,
          -0.999311
        ],
        [
          0.199597,
          -0.979185,
          0.0368346
        ],
        [
          32.9104,
          56.6392,
          -679.053
        ]
      ],
      "light__color": [
        20,
        80,
        255,
        255
      ]
    },
    {
      "_template": "spot_light",
      "transform": [
        [
          1.0,
          0.0,
          0.0
        ],
        [
          0.0,
          -0.473096,
          0.881011
        ],
        [
          0.0,
          -0.881011,
          -0.473096
        ],
        [
          34.4609,
          51.3593,
          -681.272
        ]
      ],
      "light__brightness": 40.0
    },
    {
      "_template": "spot_light",
      "transform": [
        [
          1.0,
          0.0,
          0.0
        ],
        [
          0.0,
          -0.473096,
          0.881011
        ],
        [
          0.0,
          -0.881011,
          -0.473096
        ],
        [
          28.5217,
          51.3593,
          -681.272
        ]
      ],
      "light__brightness": 40.0
    },
    {
      "_template": "field_light_orange",
      "transform": [
        [
          7.54979e-8,
          0.0,
          1.0
        ],
        [
          0.0,
          1.0,
          0.0
        ],
        [
          -1.0,
          0.0,
          7.54979e-8
        ],
        [
          524.95,
          30.197,
          558.091
        ]
      ]
    },
    {
      "_template": "field_light_orange",
      "transform": [
        [
          7.54979e-8,
          0.0,
          1.0
        ],
        [
          0.0,
          1.0,
          0.0
        ],
        [
          -1.0,
          0.0,
          7.54979e-8
        ],
        [
          524.95,
          30.1959,
          578.03
        ]
      ]
    },
    {
      "_template": "field_light_orange",
      "transform": [
        [
          -0.938277,
          0.0,
          -0.345885
        ],
        [
          0.20834,
          0.798242,
          -0.565159
        ],
        [
          0.2761,
          -0.602337,
          -0.748972
        ],
        [
          194.35,
          62.4583,
          -166.35
        ]
      ]
    },
    {
      "_template": "field_light_orange",
      "transform": [
        [
          -0.938277,
          0.0,
          -0.345885
        ],
        [
          0.20834,
          0.798242,
          -0.565159
        ],
        [
          0.2761,
          -0.602337,
          -0.748972
        ],
        [
          196.593,
          62.4583,
          -166.278
        ]
      ]
    },
    {
      "_template": "field_light_orange",
      "transform": [
        [
          -0.938277,
          0.0,
          -0.345885
        ],
        [
          0.20834,
          0.798242,
          -0.565159
        ],
        [
          0.2761,
          -0.602337,
          -0.748972
        ],
        [
          196.675,
          86.9698,
          -164.453
        ]
      ]
    },
    {
      "_template": "field_light_orange",
      "transform": [
        [
          -0.938277,
          0.0,
          -0.345885
        ],
        [
          0.20834,
          0.798242,
          -0.565159
        ],
        [
          0.2761,
          -0.602337,
          -0.748972
        ],
        [
          194.272,
          86.9698,
          -164.486
        ]
      ]
    },
    {
      "_template": "field_light_orange",
      "transform": [
        [
          -0.938277,
          0.0,
          -0.345885
        ],
        [
          0.20834,
          0.798242,
          -0.565159
        ],
        [
          0.2761,
          -0.602337,
          -0.748972
        ],
        [
          194.272,
          86.9698,
          -162.1
        ]
      ]
    },
    {
      "_template": "field_light_orange",
      "transform": [
        [
          -0.938277,
          0.0,
          -0.345885
        ],
        [
          0.20834,
          0.798242,
          -0.565159
        ],
        [
          0.2761,
          -0.602337,
          -0.748972
        ],
        [
          196.675,
          86.9698,
          -162.067
        ]
      ]
    },
    {
      "_template": "field_light_orange",
      "transform": [
        [
          -0.938277,
          0.0,
          -0.345885
        ],
        [
          0.20834,
          0.798242,
          -0.565159
        ],
        [
          0.2761,
          -0.602337,
          -0.748972
        ],
        [
          194.272,
          112.68,
          -162.1
        ]
      ]
    },
    {
      "_template": "field_light_orange",
      "transform": [
        [
          -0.938277,
          0.0,
          -0.345885
        ],
        [
          0.20834,
          0.798242,
          -0.565159
        ],
        [
          0.2761,
          -0.602337,
          -0.748972
        ],
        [
          196.675,
          112.68,
          -162.067
        ]
      ]
    },
    {
      "_template": "field_light_orange",
      "transform": [
        [
          -0.938277,
          0.0,
          -0.345885
        ],
        [
          0.20834,
          0.798242,
          -0.565159
        ],
        [
          0.2761,
          -0.602337,
          -0.748972
        ],
        [
          196.675,
          112.68,
          -164.453
        ]
      ]
    },
    {
      "_template": "field_light_orange",
      "transform": [
        [
          -0.938277,
          0.0,
          -0.345885
        ],
        [
          0.20834,
          0.798242,
          -0.565159
        ],
        [
          0.2761,
          -0.602337,
          -0.748972
        ],
        [
          194.272,
          112.68,
          -164.486
        ]
      ]
    },
    {
      "_template": "field_light_orange",
      "transform": [
        [
          -0.938277,
          0.0,
          -0.345885
        ],
        [
          0.20834,
          0.798242,
          -0.565159
        ],
        [
          0.2761,
          -0.602337,
          -0.748972
        ],
        [
          194.272,
          139.24,
          -162.1
        ]
      ]
    },
    {
      "_template": "field_light_orange",
      "transform": [
        [
          -0.938277,
          0.0,
          -0.345885
        ],
        [
          0.20834,
          0.798242,
          -0.565159
        ],
        [
          0.2761,
          -0.602337,
          -0.748972
        ],
        [
          196.675,
          139.24,
          -162.067
        ]
      ]
    },
    {
      "_template": "field_light_orange",
      "transform": [
        [
          -0.938277,
          0.0,
          -0.345885
        ],
        [
          0.20834,
          0.798242,
          -0.565159
        ],
        [
          0.2761,
          -0.602337,
          -0.748972
        ],
        [
          196.675,
          139.24,
          -164.453
        ]
      ]
    },
    {
      "_template": "field_light_orange",
      "transform": [
        [
          -0.938277,
          0.0,
          -0.345885
        ],
        [
          0.20834,
          0.798242,
          -0.565159
        ],
        [
          0.2761,
          -0.602337,
          -0.748972
        ],
        [
          194.272,
          139.24,
          -164.486
        ]
      ]
    },
    {
      "_template": "field_light_orange",
      "transform": [
        [
          7.54979e-8,
          0.0,
          1.0
        ],
        [
          0.0,
          1.0,
          0.0
        ],
        [
          -1.0,
          0.0,
          7.54979e-8
        ],
        [
          524.95,
          30.1985,
          529.609
        ]
      ]
    },
    {
      "_template": "field_light_orange",
      "transform": [
        [
          7.54979e-8,
          0.0,
          1.0
        ],
        [
          0.0,
          1.0,
          0.0
        ],
        [
          -1.0,
          0.0,
          7.54979e-8
        ],
        [
          524.95,
          30.2,
          501.127
        ]
      ]
    },
    {
      "_template": "field_light_orange",
      "transform": [
        [
          7.54979e-8,
          0.0,
          1.0
        ],
        [
          0.0,
          1.0,
          0.0
        ],
        [
          -1.0,
          0.0,
          7.54979e-8
        ],
        [
          524.95,
          30.1946,
          603.745
        ]
      ]
    },
    {
      "_template": "field_light_blue",
      "transform": [
        [
          1.0,
          0.0,
          0.0
        ],
        [
          0.0,
          1.0,
          0.0
        ],
        [
          0.0,
          0.0,
          1.0
        ],
        [
          407.631,
          30.1428,
          580.413
        ]
      ]
    },
    {
      "_template": "field_light_blue",
      "transform": [
        [
          1.0,
          0.0,
          0.0
        ],
        [
          0.0,
          1.0,
          0.0
        ],
        [
          0.0,
          0.0,
          1.0
        ],
        [
          388.209,
          30.0976,
          637.007
        ]
      ]
    },
    {
      "_template": "field_light_blue",
      "transform": [
        [
          1.0,
          0.0,
          0.0
        ],
        [
          0.0,
          1.0,
          0.0
        ],
        [
          0.0,
          0.0,
          1.0
        ],
        [
          388.209,
          30.1418,
          697.007
        ]
      ]
    },
    {
      "_template": "field_light_blue",
      "transform": [
        [
          1.0,
          0.0,
          0.0
        ],
        [
          0.0,
          1.0,
          0.0
        ],
        [
          0.0,
          0.0,
          1.0
        ],
        [
          388.209,
          30.1146,
          667.007
        ]
      ]
    },
    {
      "_template": "field_light_blue",
      "transform": [
        [
          1.0,
          0.0,
          0.0
        ],
        [
          0.0,
          1.0,
          0.0
        ],
        [
          0.0,
          0.0,
          1.0
        ],
        [
          387.935,
          30.1432,
          496.446
        ]
      ]
    },
    {
      "_template": "field_light_blue",
      "transform": [
        [
          1.0,
          0.0,
          0.0
        ],
        [
          0.0,
          1.0,
          0.0
        ],
        [
          0.0,
          0.0,
          1.0
        ],
        [
          387.935,
          30.0977,
          522.49
        ]
      ]
    },
    {
      "_template": "field_light_blue",
      "transform": [
        [
          7.54979e-8,
          0.0,
          1.0
        ],
        [
          0.0,
          1.0,
          0.0
        ],
        [
          -1.0,
          0.0,
          7.54979e-8
        ],
        [
          467.855,
          30.1447,
          558.091
        ]
      ]
    },
    {
      "_template": "field_light_blue",
      "transform": [
        [
          7.54979e-8,
          0.0,
          1.0
        ],
        [
          0.0,
          1.0,
          0.0
        ],
        [
          -1.0,
          0.0,
          7.54979e-8
        ],
        [
          441.984,
          30.1447,
          558.091
        ]
      ]
    },
    {
      "_template": "field_light_blue",
      "transform": [
        [
          7.54979e-8,
          0.0,
          1.0
        ],
        [
          0.0,
          1.0,
          0.0
        ],
        [
          -1.0,
          0.0,
          7.54979e-8
        ],
        [
          412.83,
          30.1238,
          558.091
        ]
      ]
    },
    {
      "_template": "field_light_blue",
      "transform": [
        [
          1.0,
          0.0,
          0.0
        ],
        [
          0.0,
          1.0,
          0.0
        ],
        [
          0.0,
          0.0,
          1.0
        ],
        [
          387.935,
          31.7759,
          413.658
        ]
      ]
    },
    {
      "_template": "field_light_blue",
      "transform": [
        [
          1.0,
          0.0,
          0.0
        ],
        [
          0.0,
          1.0,
          0.0
        ],
        [
          0.0,
          0.0,
          1.0
        ],
        [
          387.935,
          30.9559,
          442.941
        ]
      ]
    },
    {
      "_template": "field_light_blue",
      "transform": [
        [
          1.0,
          0.0,
          0.0
        ],
        [
          0.0,
          1.0,
          0.0
        ],
        [
          0.0,
          0.0,
          1.0
        ],
        [
          387.935,
          30.1209,
          472.095
        ]
      ]
    },
    {
      "_template": "field_light_blue",
      "transform": [
        [
          7.54979e-8,
          0.0,
          1.0
        ],
        [
          0.0,
          1.0,
          0.0
        ],
        [
          -1.0,
          0.0,
          7.54979e-8
        ],
        [
          495.667,
          30.144,
          558.091
        ]
      ]
    },
    {
      "_template": "field_light_blue",
      "transform": [
        [
          1.0,
          0.0,
          0.0
        ],
        [
          0.0,
          1.0,
          0.0
        ],
        [
          0.0,
          0.0,
          1.0
        ],
        [
          407.765,
          30.0942,
          626.306
        ]
      ]
    },
    {
      "_template": "field_light_blue",
      "transform": [
        [
          1.0,
          0.0,
          0.0
        ],
        [
          0.0,
          1.0,
          0.0
        ],
        [
          0.0,
          0.0,
          1.0
        ],
        [
          407.534,
          30.1342,
          679.579
        ]
      ]
    },
    {
      "_template": "field_light_blue",
      "transform": [
        [
          1.0,
          0.0,
          0.0
        ],
        [
          0.0,
          1.0,
          0.0
        ],
        [
          0.0,
          0.0,
          1.0
        ],
        [
          407.52,
          30.0954,
          653.007
        ]
      ]
    },
    {
      "_template": "field_light_blue",
      "transform": [
        [
          1.0,
          0.0,
          0.0
        ],
        [
          0.0,
          1.0,
          0.0
        ],
        [
          0.0,
          0.0,
          1.0
        ],
        [
          409.052,
          30.1439,
          770.135
        ]
      ]
    },
    {
      "_template": "field_light_blue",
      "transform": [
        [
          1.0,
          0.0,
          0.0
        ],
        [
          0.0,
          1.0,
          0.0
        ],
        [
          0.0,
          0.0,
          1.0
        ],
        [
          407.714,
          30.1444,
          496.446
        ]
      ]
    },
    {
      "_template": "field_light_blue",
      "transform": [
        [
          1.0,
          0.0,
          0.0
        ],
        [
          0.0,
          1.0,
          0.0
        ],
        [
          0.0,
          0.0,
          1.0
        ],
        [
          407.714,
          30.1446,
          522.49
        ]
      ]
    },
    {
      "_template": "field_light_blue",
      "transform": [
        [
          1.0,
          0.0,
          0.0
        ],
        [
          0.0,
          1.0,
          0.0
        ],
        [
          0.0,
          0.0,
          1.0
        ],
        [
          407.714,
          30.1432,
          547.621
        ]
      ]
    },
    {
      "_template": "field_light_blue",
      "transform": [
        [
          1.0,
          0.0,
          0.0
        ],
        [
          0.0,
          1.0,
          0.0
        ],
        [
          0.0,
          0.0,
          1.0
        ],
        [
          407.714,
          31.7759,
          413.658
        ]
      ]
    },
    {
      "_template": "field_light_blue",
      "transform": [
        [
          1.0,
          0.0,
          0.0
        ],
        [
          0.0,
          1.0,
          0.0
        ],
        [
          0.0,
          0.0,
          1.0
        ],
        [
          407.714,
          30.8259,
          442.941
        ]
      ]
    },
    {
      "_template": "field_light_blue",
      "transform": [
        [
          1.0,
          0.0,
          0.0
        ],
        [
          0.0,
          1.0,
          0.0
        ],
        [
          0.0,
          0.0,
          1.0
        ],
        [
          407.714,
          30.1445,
          472.095
        ]
      ]
    },
    {
      "_template": "field_light_blue",
      "transform": [
        [
          7.54979e-8,
          0.0,
          1.0
        ],
        [
          0.0,
          1.0,
          0.0
        ],
        [
          -1.0,
          0.0,
          7.54979e-8
        ],
        [
          467.855,
          30.1443,
          578.03
        ]
      ]
    },
    {
      "_template": "field_light_blue",
      "transform": [
        [
          7.54979e-8,
          0.0,
          1.0
        ],
        [
          0.0,
          1.0,
          0.0
        ],
        [
          -1.0,
          0.0,
          7.54979e-8
        ],
        [
          441.984,
          30.1423,
          578.03
        ]
      ]
    },
    {
      "_template": "field_light_blue",
      "transform": [
        [
          7.54979e-8,
          0.0,
          1.0
        ],
        [
          0.0,
          1.0,
          0.0
        ],
        [
          -1.0,
          0.0,
          7.54979e-8
        ],
        [
          412.83,
          30.1422,
          578.03
        ]
      ]
    },
    {
      "_template": "field_light_blue",
      "transform": [
        [
          7.54979e-8,
          0.0,
          1.0
        ],
        [
          0.0,
          1.0,
          0.0
        ],
        [
          -1.0,
          0.0,
          7.54979e-8
        ],
        [
          495.667,
          30.1447,
          578.03
        ]
      ]
    },
    {
      "_template": "field_light_blue",
      "transform": [
        [
          7.54979e-8,
          0.0,
          1.0
        ],
        [
          0.0,
          1.0,
          0.0
        ],
        [
          -1.0,
          0.0,
          7.54979e-8
        ],
        [
          574.808,
          30.3775,
          603.745
        ]
      ]
    },
    {
      "_template": "field_light_blue",
      "transform": [
        [
          7.54979e-8,
          0.0,
          1.0
        ],
        [
          0.0,
          1.0,
          0.0
        ],
        [
          -1.0,
          0.0,
          7.54979e-8
        ],
        [
          574.808,
          30.3735,
          578.03
        ]
      ]
    },
    {
      "_template": "field_light_blue",
      "transform": [
        [
          7.54979e-8,
          0.0,
          1.0
        ],
        [
          0.0,
          1.0,
          0.0
        ],
        [
          -1.0,
          0.0,
          7.54979e-8
        ],
        [
          574.808,
          30.3703,
          558.091
        ]
      ]
    },
    {
      "_template": "field_light_blue",
      "transform": [
        [
          7.54979e-8,
          0.0,
          1.0
        ],
        [
          0.0,
          1.0,
          0.0
        ],
        [
          -1.0,
          0.0,
          7.54979e-8
        ],
        [
          574.808,
          30.3658,
          529.609
        ]
      ]
    },
    {
      "_template": "field_light_blue",
      "transform": [
        [
          7.54979e-8,
          0.0,
          1.0
        ],
        [
          0.0,
          1.0,
          0.0
        ],
        [
          -1.0,
          0.0,
          7.54979e-8
        ],
        [
          574.808,
          30.3613,
          501.127
        ]
      ]
    },
    {
      "_template": "field_light_blue",
      "transform": [
        [
          1.0,
          0.0,
          0.0
        ],
        [
          0.0,
          1.0,
          0.0
        ],
        [
          0.0,
          0.0,
