{
  "entity": [
    {
      "_template": "spot_light",
      "transform": [
        [
          -0.354958,
          -0.556231,
          -0.751407
        ],
        [
          0.743446,
          -0.655263,
          0.133862
        ],
        [
          -1.0038,
          -0.905139,
          1.14422
        ],
        [
          -69.1193,
          48.2978,
          -692.96
        ]
      ],
      "light__nightly": false,
      "light__brightness": 4.0,
      "light__max_radius": 5.0,
      "light__color": [
        116,
        162,
        194,
        250
      ],
      "spot_light__inner_attenuation": 0.1,
      "spot_light__shadows": false,
      "light__affect_volumes": false
    },
    {
      "_template": "spot_light",
      "transform": [
        [
          -0.0214298,
          -0.999748,
          -0.00666754
        ],
        [
          -0.67012,
          0.0193127,
          -0.742001
        ],
        [
          1.29579,
          -0.0199673,
          -1.17078
        ],
        [
          -85.5654,
          48.5931,
          -705.701
        ]
      ],
      "light__nightly": false,
      "light__brightness": 12.0,
      "light__max_radius": 8.0,
      "light__color": [
        232,
        247,
        255,
        250
      ],
      "spot_light__inner_attenuation": 0.5,
      "spot_light__shadows": true,
      "light__enable_lens_flares": false,
      "light__affect_volumes": true,
      "spot_light__cone_angle": 100.0
    },
    {
      "_template": "spot_light",
      "transform": [
        [
          -0.250206,
          -0.543392,
          -0.801325
        ],
        [
          0.707731,
          -0.667436,
          0.231617
        ],
        [
          -0.660691,
          -0.50917,
          0.551572
        ],
        [
          -81.8197,
          49.0869,
          -709.593
        ]
      ],
      "light__nightly": false,
      "light__brightness": 10.0,
      "light__max_radius": 10.0,
      "light__color": [
        232,
        247,
        255,
        250
      ],
      "spot_light__inner_attenuation": 0.3,
      "spot_light__shadows": false,
      "light__affect_volumes": false,
      "spot_light__cone_angle": 90.0
    },
    {
      "_template": "spot_light",
      "transform": [
        [
          0.926162,
          0.00324243,
          -0.377113
        ],
        [
          0.365474,
          0.238942,
          0.899631
        ],
        [
          0.093025,
          -0.971028,
          0.220114
        ],
        [
          -29.8304,
          56.3438,
          -700.105
        ]
      ],
      "light__nightly": false,
      "light__brightness": 500.0,
      "light__max_radius": 18.0,
      "light__color": [
        255,
        255,
        255,
        255
      ],
      "spot_light__inner_attenuation": 0.3,
      "spot_light__shadows": true
    },
    {
      "_template": "spot_light",
      "transform": [
        [
          0.91332,
          0.187905,
          -0.361302
        ],
        [
          0.321777,
          0.210815,
          0.923048
        ],
        [
          0.249613,
          -0.959295,
          0.132078
        ],
        [
          -44.9574,
          56.3438,
          -685.003
        ]
      ],
      "light__nightly": false,
      "light__brightness": 500.0,
      "light__max_radius": 18.0,
      "light__color": [
        255,
        255,
        255,
        255
      ],
      "spot_light__inner_attenuation": 0.3,
      "spot_light__shadows": true
    },
    {
      "_template": "spot_light",
      "transform": [
        [
          0.701678,
          -0.698037,
          -0.142801
        ],
        [
          0.047002,
          -0.154639,
          0.986853
        ],
        [
          -0.710941,
          -0.699165,
          -0.0756977
        ],
        [
          247.918,
          33.7147,
          571.35
        ]
      ],
      "light__nightly": false,
      "light__brightness": 3.75,
      "light__max_radius": 45.0,
      "light__color": [
        0,
        0,
        249,
        255
      ],
      "spot_light__inner_attenuation": 0.3,
      "spot_light__shadows": true
    },
    {
      "_template": "spot_light",
      "transform": [
        [
          0.701678,
          -0.698037,
          -0.142801
        ],
        [
          0.047002,
          -0.154639,
          0.986853
        ],
        [
          -0.710941,
          -0.699165,
          -0.0756977
        ],
        [
          248.82,
          34.5237,
          557.6
        ]
      ],
      "light__nightly": false,
      "light__brightness": 3.75,
      "light__max_radius": 45.0,
      "light__color": [
        0,
        0,
        249,
        255
      ],
      "spot_light__inner_attenuation": 0.3,
      "spot_light__shadows": true
    },
    {
      "_template": "spot_light",
      "transform": [
        [
          0.701678,
          -0.698037,
          -0.142801
        ],
        [
          0.047002,
          -0.154639,
          0.986853
        ],
        [
          -0.710941,
          -0.699165,
          -0.0756977
        ],
        [
          258.227,
          33.8037,
          586.586
        ]
      ],
      "light__nightly": false,
      "light__brightness": 4.0,
      "light__max_radius": 4.0,
      "light__color": [
        45,
        45,
        186,
        250
      ],
      "spot_light__inner_attenuation": 0.3,
      "spot_light__shadows": true,
      "light__radius_scale": 10.0,
      "spot_light__cone_angle": 110.0
    },
    {
      "_template": "spot_light",
      "transform": [
        [
          0.00208612,
          -0.706257,
          0.707953
        ],
        [
          -0.999977,
          -0.0060456,
          -0.00308449
        ],
        [
          0.00645844,
          -0.70793,
          -0.706253
        ],
        [
          268.566,
          34.0383,
          541.253
        ]
      ],
      "light__nightly": false,
      "light__brightness": 2.0,
      "light__max_radius": 5.0,
      "light__color": [
        45,
        45,
        186,
        250
      ],
      "spot_light__inner_attenuation": 0.3,
      "spot_light__shadows": false,
      "spot_light__cone_angle": 90.0,
      "light__radius_scale": 10.0
    },
    {
      "_template": "spot_light",
      "transform": [
        [
          -0.119366,
          -0.808505,
          -0.576258
        ],
        [
          0.992849,
          -0.0982862,
          -0.0677613
        ],
        [
          -0.00185289,
          -0.580225,
          0.814454
        ],
        [
          322.472,
          33.9261,
          580.147
        ]
      ],
      "light__nightly": false,
      "light__brightness": 7.5,
      "light__max_radius": 7.0,
      "light__color": [
        45,
        45,
        186,
        250
      ],
      "spot_light__inner_attenuation": 0.5,
      "spot_light__shadows": false,
      "light__affect_volumes": false
    },
    {
      "_template": "spot_light",
      "transform": [
        [
          1.0,
          0.0,
          0.0
        ],
        [
          -0.0,
          -0.00571085,
          0.999984
        ],
        [
          0.0,
          -0.999984,
          -0.00571085
        ],
        [
          183.207,
          37.0563,
          -133.901
        ]
      ],
      "light__radius_scale": 5.0,
      "light__nightly": false,
      "light__affect_volumes": false,
      "light__brightness": 4.5,
      "spot_light__contact_shadows": true,
      "spot_light__dynamic_light": false,
      "spot_light__dynamic_obj_shadows": true,
      "light__color": [
        255,
        255,
        255,
        255
      ],
      "light__max_radius": 3.5
    },
    {
      "_template": "spot_light",
      "transform": [
        [
          0.981803,
          1.16415e-10,
          0.189903
        ],
        [
          -0.1899,
          -0.00571085,
          0.981787
        ],
        [
          0.00108451,
          -0.999984,
          -0.00560693
        ],
        [
          184.064,
          36.301,
          -136.252
        ]
      ],
      "light__radius_scale": 5.0,
      "light__nightly": false,
      "light__affect_volumes": true,
      "light__brightness": 3.0,
      "spot_light__cone_angle": 170.0,
      "light__color": [
        250,
        200,
        100,
        255
      ],
      "light__max_radius": 10.0,
      "light__enable_lens_flares": true
    },
    {
      "_template": "spot_light",
      "transform": [
        [
          0.981803,
          1.16415e-10,
          0.189903
        ],
        [
          -0.1899,
          -0.00571085,
          0.981787
        ],
        [
          0.00108451,
          -0.999984,
          -0.00560693
        ],
        [
          186.221,
          36.3013,
          -135.843
        ]
      ],
      "light__radius_scale": 5.0,
      "light__nightly": false,
      "light__affect_volumes": true,
      "light__brightness": 3.0,
      "spot_light__cone_angle": 170.0,
      "light__color": [
        250,
        200,
        100,
        255
      ],
      "light__max_radius": 10.0,
      "light__enable_lens_flares": true
    },
    {
      "_template": "spot_light",
      "transform": [
        [
          0.981803,
          1.16415e-10,
          0.189903
        ],
        [
          -0.1899,
          -0.00571085,
          0.981787
        ],
        [
          0.00108451,
          -0.999984,
          -0.00560693
        ],
        [
          181.821,
          36.3063,
          -136.622
        ]
      ],
      "light__radius_scale": 5.0,
      "light__nightly": false,
      "light__affect_volumes": true,
      "light__brightness": 3.0,
      "spot_light__cone_angle": 170.0,
      "light__color": [
        250,
        200,
        100,
        255
      ],
      "light__max_radius": 10.0,
      "light__enable_lens_flares": true
    },
    {
      "_template": "spot_light",
      "transform": [
        [
          0.981803,
          1.16415e-10,
          0.189903
        ],
        [
          -0.1899,
          -0.00571085,
          0.981787
        ],
        [
          0.00108451,
          -0.999984,
          -0.00560693
        ],
        [
          187.333,
          35.5781,
          -130.933
        ]
      ],
      "light__radius_scale": 5.0,
      "light__nightly": false,
      "light__affect_volumes": true,
      "light__brightness": 0.95,
      "spot_light__cone_angle": 120.0,
      "light__color": [
        30,
        125,
        250,
        255
      ],
      "spot_light__inner_attenuation": 0.5,
      "light__max_radius": 2.0,
      "spot_light__contact_shadows": true,
      "spot_light__dynamic_obj_shadows": false,
      "spot_light__shadows": false,
      "light__force_affect_volfog": true
    },
    {
      "_template": "spot_light",
      "transform": [
        [
          0.981803,
          -0.0239275,
          0.18839
        ],
        [
          -0.1899,
          -0.129369,
          0.973243
        ],
        [
          0.00108451,
          -0.991308,
          -0.131558
        ],
        [
          182.274,
          36.298,
          -129.461
        ]
      ],
      "light__radius_scale": 5.0,
      "light__nightly": false,
      "light__affect_volumes": true,
      "light__brightness": 0.0,
      "spot_light__cone_angle": 170.0,
      "light__color": [
        50,
        145,
        250,
        255
      ],
      "light__max_radius": 10.0,
      "light__enable_lens_flares": true,
      "spot_light__contact_shadows": false,
      "spot_light__shadows": false,
      "spot_light__shadow_shrink": 0,
      "spot_light__inner_attenuation": 0.1
    },
    {
      "_template": "spot_light",
      "transform": [
        [
          0.981803,
          -0.0239275,
          0.18839
        ],
        [
          -0.1899,
          -0.129369,
          0.973243
        ],
        [
          0.00108451,
          -0.991308,
          -0.131558
        ],
        [
          182.751,
          36.298,
          -129.295
        ]
      ],
      "light__radius_scale": 5.0,
      "light__nightly": false,
      "light__affect_volumes": true,
      "light__brightness": 0.0,
      "spot_light__cone_angle": 170.0,
      "light__color": [
        50,
        145,
        250,
        255
      ],
      "light__max_radius": 10.0,
      "light__enable_lens_flares": true,
      "spot_light__contact_shadows": false,
      "spot_light__shadows": false,
      "spot_light__shadow_shrink": 0,
      "spot_light__inner_attenuation": 0.1
    },
    {
      "_template": "spot_light",
      "transform": [
        [
          0.981803,
          -0.0239275,
          0.18839
        ],
        [
          -0.1899,
          -0.129369,
          0.973243
        ],
        [
          0.00108451,
          -0.991308,
          -0.131558
        ],
        [
          183.298,
          36.298,
          -129.192
        ]
      ],
      "light__radius_scale": 5.0,
      "light__nightly": false,
      "light__affect_volumes": true,
      "light__brightness": 0.0,
      "spot_light__cone_angle": 170.0,
      "light__color": [
        50,
        145,
        250,
        255
      ],
      "light__max_radius": 10.0,
      "light__enable_lens_flares": true,
      "spot_light__contact_shadows": false,
      "spot_light__shadows": false,
      "spot_light__shadow_shrink": 0,
      "spot_light__inner_attenuation": 0.1
    },
    {
      "_template": "spot_light",
      "transform": [
        [
          0.981803,
          -0.0239275,
          0.18839
        ],
        [
          -0.1899,
          -0.129369,
          0.973243
        ],
        [
          0.00108451,
          -0.991308,
          -0.131558
        ],
        [
          185.029,
          36.298,
          -128.931
        ]
      ],
      "light__radius_scale": 5.0,
      "light__nightly": false,
      "light__affect_volumes": true,
      "light__brightness": 0.0,
      "spot_light__cone_angle": 170.0,
      "light__color": [
        250,
        250,
        250,
        255
      ],
      "light__max_radius": 10.0,
      "light__enable_lens_flares": true,
      "spot_light__contact_shadows": false,
      "spot_light__shadows": false,
      "spot_light__shadow_shrink": 0,
      "spot_light__inner_attenuation": 0.1
    },
    {
      "_template": "spot_light",
      "transform": [
        [
          0.981803,
          -0.0239275,
          0.18839
        ],
        [
          -0.1899,
          -0.129369,
          0.973243
        ],
        [
          0.00108451,
          -0.991308,
          -0.131558
        ],
        [
          184.433,
          36.287,
          -129.008
        ]
      ],
      "light__radius_scale": 5.0,
      "light__nightly": false,
      "light__affect_volumes": true,
      "light__brightness": 0.0,
      "spot_light__cone_angle": 170.0,
      "light__color": [
        250,
        250,
        250,
        255
      ],
      "light__max_radius": 10.0,
      "light__enable_lens_flares": true,
      "spot_light__contact_shadows": false,
      "spot_light__shadows": false,
      "spot_light__shadow_shrink": 0,
      "spot_light__inner_attenuation": 0.1
    },
    {
      "_template": "spot_light",
      "transform": [
        [
          0.981803,
          -0.0239275,
          0.18839
        ],
        [
          -0.1899,
          -0.129369,
          0.973243
        ],
        [
          0.00108451,
          -0.991308,
          -0.131558
        ],
        [
          185.611,
          36.298,
          -128.748
        ]
      ],
      "light__radius_scale": 5.0,
      "light__nightly": false,
      "light__affect_volumes": true,
      "light__brightness": 0.0,
      "spot_light__cone_angle": 170.0,
      "light__color": [
        250,
        250,
        250,
        255
      ],
      "light__max_radius": 10.0,
      "light__enable_lens_flares": true,
      "spot_light__contact_shadows": false,
      "spot_light__shadows": false,
      "spot_light__shadow_shrink": 0,
      "spot_light__inner_attenuation": 0.1
    },
    {
      "_template": "spot_light",
      "transform": [
        [
          0.0691655,
          0.189704,
          -0.979402
        ],
        [
          -0.0541917,
          0.981019,
          0.18619
        ],
        [
          0.996133,
          0.0401975,
          0.078133
        ],
        [
          181.324,
          35.3201,
          -131.165
        ]
      ],
      "light__radius_scale": 5.0,
      "light__nightly": false,
      "light__affect_volumes": true,
      "light__brightness": 0.75,
      "spot_light__cone_angle": 150.0,
      "light__color": [
        40,
        100,
        200,
        255
      ],
      "light__max_radius": 7.0,
      "light__enable_lens_flares": false,
      "spot_light__contact_shadows": false,
      "spot_light__shadows": false,
      "spot_light__shadow_shrink": 0,
      "spot_light__inner_attenuation": 0.5,
      "spot_light__dynamic_obj_shadows": false,
      "spot_light__dynamic_light": false
    },
    {
      "_template": "spot_light",
      "transform": [
        [
          0.981803,
          1.16415e-10,
          0.189903
        ],
        [
          -0.1899,
          -0.00571085,
          0.981787
        ],
        [
          0.00108451,
          -0.999984,
          -0.00560693
        ],
        [
          187.214,
          35.5781,
          -130.128
        ]
      ],
      "light__radius_scale": 5.0,
      "light__nightly": false,
      "light__affect_volumes": true,
      "light__brightness": 0.95,
      "spot_light__cone_angle": 120.0,
      "light__color": [
        30,
        125,
        250,
        255
      ],
      "spot_light__inner_attenuation": 0.5,
      "light__max_radius": 2.0,
      "spot_light__contact_shadows": false,
      "spot_light__dynamic_obj_shadows": false,
      "spot_light__shadows": false,
      "light__force_affect_volfog": true
    },
    {
      "_template": "spot_light",
      "transform": [
        [
          0.981803,
          1.16415e-10,
          0.189903
        ],
        [
          -0.1899,
          -0.00571085,
          0.981787
        ],
        [
          0.00108451,
          -0.999984,
          -0.00560693
        ],
        [
          187.464,
          35.5781,
          -131.847
        ]
      ],
      "light__radius_scale": 5.0,
      "light__nightly": false,
      "light__affect_volumes": true,
      "light__brightness": 0.95,
      "spot_light__cone_angle": 120.0,
      "light__color": [
        30,
        125,
        250,
        255
      ],
      "spot_light__inner_attenuation": 0.5,
      "light__max_radius": 2.0,
      "spot_light__contact_shadows": true,
      "spot_light__dynamic_obj_shadows": false,
      "spot_light__shadows": false
    },
    {
      "_template": "spot_light",
      "transform": [
        [
          0.0321205,
          0.182879,
          0.982611
        ],
        [
          -0.135531,
          0.974835,
          -0.177002
        ],
        [
          -0.990253,
          -0.127489,
          0.056098
        ],
        [
          184.49,
          34.6115,
          -133.001
        ]
      ],
      "light__radius_scale": 5.0,
      "light__nightly": false,
      "light__affect_volumes": false,
      "light__brightness": 3.5,
      "spot_light__cone_angle": 70.0,
      "light__color": [
        250,
        200,
        100,
        255
      ],
      "light__max_radius": 6.0,
      "spot_light__inner_attenuation": 0.1,
      "spot_light__shadows": true,
      "spot_light__contact_shadows": true,
      "spot_light__dynamic_obj_shadows": true,
      "spot_light__dynamic_light": false,
      "light__dynamic_light": false,
      "light__enable_lens_flares": false,
      "light__force_affect_volfog": false,
      "light__force_max_light_radius": false,
      "light__render_gpu_objects": false,
      "spot_light__shadow_shrink": 0,
      "spot_light__shadow_quality": 0,
      "light__texture_name": ""
    },
    {
      "_template": "spot_light",
      "transform": [
        [
          0.0247582,
          -0.999286,
          0.0285494
        ],
        [
          -0.273334,
          0.0207034,
          0.961696
        ],
        [
          -0.961601,
          -0.0316134,
          -0.272627
        ],
        [
          187.171,
          35.5116,
          -130.19
        ]
      ],
      "light__radius_scale": 5.0,
      "light__nightly": false,
      "light__affect_volumes": true,
      "light__brightness": 0.5,
      "spot_light__cone_angle": 120.0,
      "light__color": [
        30,
        125,
        250,
        255
      ],
      "spot_light__inner_attenuation": 0.5,
      "light__max_radius": 1.0,
      "spot_light__contact_shadows": false,
      "spot_light__dynamic_obj_shadows": false,
      "spot_light__shadows": false,
      "light__force_affect_volfog": true,
      "light__enable_lens_flares": true
    },
    {
      "_template": "spot_light",
      "transform": [
        [
          0.0175747,
          -0.999286,
          0.0334539
        ],
        [
          -0.485978,
          0.0207034,
          0.873726
        ],
        [
          -0.873795,
          -0.0316134,
          -0.485267
        ],
        [
          187.395,
          35.5116,
          -130.854
        ]
      ],
      "light__radius_scale": 5.0,
      "light__nightly": false,
      "light__affect_volumes": true,
      "light__brightness": 0.5,
      "spot_light__cone_angle": 120.0,
      "light__color": [
        30,
        125,
        250,
        255
      ],
      "spot_light__inner_attenuation": 0.5,
      "light__max_radius": 1.0,
      "spot_light__contact_shadows": false,
      "spot_light__dynamic_obj_shadows": false,
      "spot_light__shadows": false,
      "light__force_affect_volfog": true,
      "light__enable_lens_flares": true
    },
    {
      "_template": "spot_light",
      "transform": [
        [
          0.981803,
          0.182666,
          0.0519258
        ],
        [
          -0.1899,
          0.942811,
          0.273946
        ],
        [
          0.00108451,
          -0.278822,
          0.960343
        ],
        [
          182.91,
          34.403,
          -131.688
        ]
      ],
      "light__radius_scale": 5.0,
      "light__nightly": false,
      "light__affect_volumes": true,
      "light__brightness": 0.5,
      "spot_light__cone_angle": 90.0,
      "light__color": [
        250,
        200,
        100,
        255
      ],
      "light__max_radius": 3.5,
      "spot_light__inner_attenuation": 0.5,
      "spot_light__shadows": false,
      "light__force_affect_volfog": false
    },
    {
      "_template": "spot_light",
      "transform": [
        [
          0.0321205,
          0.182879,
          0.982611
        ],
        [
          -0.135531,
          0.974835,
          -0.177002
        ],
        [
          -0.990253,
          -0.127489,
          0.056098
        ],
        [
          184.379,
          35.4367,
          -133.003
        ]
      ],
      "light__radius_scale": 5.0,
      "light__nightly": false,
      "light__affect_volumes": false,
      "light__brightness": 0.5,
      "spot_light__cone_angle": 70.0,
      "light__color": [
        250,
        200,
        100,
        255
      ],
      "light__max_radius": 3.0,
      "spot_light__inner_attenuation": 0.5,
      "spot_light__shadows": false,
      "spot_light__contact_shadows": false,
      "spot_light__dynamic_obj_shadows": false,
      "spot_light__dynamic_light": false,
      "light__dynamic_light": false,
      "light__enable_lens_flares": false,
      "light__force_affect_volfog": false,
      "light__force_max_light_radius": false,
      "light__render_gpu_objects": false,
      "spot_light__shadow_shrink": 0,
      "spot_light__shadow_quality": 0
    },
    {
      "_template": "spot_light_premium_shadow_a",
      "transform": [
        [
          0.516464,
          -0.851489,
          -0.0907302
        ],
        [
          0.173026,
          -6.70552e-8,
          0.984917
        ],
        [
          -0.838646,
          -0.524373,
          0.14733
        ],
        [
          306.052,
          43.7766,
          563.178
        ]
      ],
      "spot_light__shadows": false,
      "light__max_radius": 5.0,
      "light__color": [
        255,
        230,
        200,
        250
      ],
      "spot_light__cone_angle": 70.0,
      "spot_light__inner_attenuation": 1.0,
      "light__brightness": 30.0
    },
    {
      "_template": "spot_light_premium_shadow_a",
      "transform": [
        [
          0.452987,
          -0.851489,
          -0.264141
        ],
        [
          0.503727,
          -1.3411e-7,
          0.863863
        ],
        [
          -0.73557,
          -0.524373,
          0.428918
        ],
        [
          302.967,
          43.7766,
          554.96
        ]
      ],
      "spot_light__shadows": false,
      "light__max_radius": 5.0,
      "spot_light__cone_angle": 70.0,
      "spot_light__inner_attenuation": 1.0,
      "light__color": [
        255,
        230,
        200,
        250
      ],
      "light__brightness": 30.0
    },
    {
      "_template": "spot_light_premium_shadow_a",
      "transform": [
        [
          0.220191,
          -0.851489,
          -0.475902
        ],
        [
          0.907564,
          -1.19209e-7,
          0.419914
        ],
        [
          -0.357552,
          -0.524373,
          0.772781
        ],
        [
          296.36,
          43.7766,
          549.135
        ]
      ],
      "spot_light__shadows": false,
      "light__max_radius": 5.0,
      "spot_light__cone_angle": 70.0,
      "spot_light__inner_attenuation": 1.0,
      "light__color": [
        255,
        230,
        200,
        250
      ],
      "light__brightness": 30.0
    },
    {
      "_template": "spot_light_premium_shadow_a",
      "transform": [
        [
          0.0136064,
          -0.851489,
          -0.524197
        ],
        [
          0.999663,
          -2.14204e-8,
          0.025948
        ],
        [
          -0.0220944,
          -0.524373,
          0.851202
        ],
        [
          287.885,
          43.7766,
          547.071
        ]
      ],
      "spot_light__shadows": false,
      "light__max_radius": 5.0,
      "light__color": [
        255,
        230,
        200,
        250
      ],
      "spot_light__cone_angle": 70.0,
      "spot_light__inner_attenuation": 1.0,
      "light__brightness": 30.0
    },
    {
      "_template": "spot_light_premium_shadow_a",
      "transform": [
        [
          -0.263351,
          -0.851489,
          -0.453446
        ],
        [
          0.86474,
          -2.98023e-8,
          -0.50222
        ],
        [
          0.427635,
          -0.524373,
          0.736317
        ],
        [
          279.361,
          43.7766,
          549.079
        ]
      ],
      "spot_light__shadows": false,
      "light__max_radius": 5.0,
      "light__color": [
        255,
        230,
        200,
        250
      ],
      "spot_light__cone_angle": 70.0,
      "spot_light__inner_attenuation": 5.0,
      "light__brightness": 30.0
    },
    {
      "_template": "spot_light_premium_shadow_a",
      "transform": [
        [
          -0.412718,
          -0.851489,
          -0.323467
        ],
        [
          0.616865,
          -1.49012e-8,
          -0.787069
        ],
        [
          0.670181,
          -0.524373,
          0.525253
        ],
        [
          272.743,
          43.7766,
          554.923
        ]
      ],
      "spot_light__shadows": false,
      "light__max_radius": 5.0,
      "light__color": [
        255,
        230,
        200,
        250
      ],
      "spot_light__cone_angle": 70.0,
      "spot_light__inner_attenuation": 1.0,
      "light__brightness": 30.0
    },
    {
      "_template": "spot_light_premium_shadow_a",
      "transform": [
        [
          -0.515189,
          -0.851489,
          -0.0977107
        ],
        [
          0.186338,
          2.23517e-8,
          -0.982486
        ],
        [
          0.836576,
          -0.524373,
          0.158665
        ],
        [
          269.658,
          43.7766,
          563.123
        ]
      ],
      "spot_light__shadows": false,
      "light__max_radius": 5.0,
      "light__color": [
        255,
        230,
        200,
        250
      ],
      "spot_light__cone_angle": 70.0,
      "spot_light__inner_attenuation": 1.0,
      "light__brightness": 30.0
    },
    {
      "_template": "spot_light_premium_shadow_a",
      "transform": [
        [
          -0.493591,
          -0.851489,
          0.177016
        ],
        [
          -0.337577,
          0.0,
          -0.941298
        ],
        [
          0.801505,
          -0.524373,
          -0.287443
        ],
        [
          270.719,
          43.7766,
          571.852
        ]
      ],
      "spot_light__shadows": false,
      "light__max_radius": 5.0,
      "light__color": [
        255,
        230,
        200,
        250
      ],
      "spot_light__cone_angle": 70.0,
      "spot_light__inner_attenuation": 1.0,
      "light__brightness": 30.0
    },
    {
      "_template": "spot_light_premium_shadow_a",
      "transform": [
        [
          -0.345467,
          -0.851489,
          0.394486
        ],
        [
          -0.752301,
          -5.96046e-8,
          -0.65882
        ],
        [
          0.560978,
          -0.524373,
          -0.640576
        ],
        [
          275.661,
          43.7766,
          579.078
        ]
      ],
      "spot_light__shadows": false,
      "light__max_radius": 5.0,
      "spot_light__cone_angle": 70.0,
      "spot_light__inner_attenuation": 1.0,
      "light__color": [
        255,
        230,
        200,
        250
      ],
      "light__brightness": 30.0
    },
    {
      "_template": "spot_light_premium_shadow_a",
      "transform": [
        [
          -0.138868,
          -0.851489,
          0.505651
        ],
        [
          -0.964296,
          -7.45058e-8,
          -0.264827
        ],
        [
          0.225497,
          -0.524373,
          -0.821087
        ],
        [
          283.426,
          43.7766,
          583.176
        ]
      ],
      "spot_light__shadows": false,
      "light__max_radius": 5.0,
      "light__color": [
        255,
        230,
        200,
        250
      ],
      "spot_light__cone_angle": 70.0,
      "spot_light__inner_attenuation": 1.0,
      "light__brightness": 30.0
    },
    {
      "_template": "spot_light_premium_shadow_a",
      "transform": [
        [
          0.129324,
          -0.851489,
          0.508176
        ],
        [
          -0.969111,
          -8.19563e-8,
          0.246625
        ],
        [
          -0.209999,
          -0.524373,
          -0.825187
        ],
        [
          292.216,
          43.7766,
          583.188
        ]
      ],
      "spot_light__shadows": false,
      "light__max_radius": 5.0,
      "light__color": [
        255,
        230,
        200,
        250
      ],
      "spot_light__inner_attenuation": 1.0,
      "spot_light__cone_angle": 70.0,
      "light__brightness": 30.0
    },
    {
      "_template": "spot_light_premium_shadow_a",
      "transform": [
        [
          0.363307,
          -0.851489,
          0.378121
        ],
        [
          -0.721092,
          -5.96046e-8,
          0.692839
        ],
        [
          -0.589945,
          -0.524373,
          -0.614002
        ],
        [
          299.969,
          43.7766,
          579.165
        ]
      ],
      "spot_light__shadows": false,
      "light__max_radius": 5.0,
      "light__color": [
        255,
        230,
        200,
        250
      ],
      "spot_light__cone_angle": 70.0,
      "spot_light__inner_attenuation": 1.0,
      "light__brightness": 30.0
    },
    {
      "_template": "spot_light_premium_shadow_a",
      "transform": [
        [
          0.485299,
          -0.851489,
          0.198625
        ],
        [
          -0.378787,
          -5.96046e-8,
          0.925484
        ],
        [
          -0.788039,
          -0.524373,
          -0.322532
        ],
        [
          304.996,
          43.7766,
          571.893
        ]
      ],
      "spot_light__shadows": false,
      "light__max_radius": 5.0,
      "light__color": [
        255,
        230,
        200,
        250
      ],
      "spot_light__cone_angle": 70.0,
      "spot_light__inner_attenuation": 1.0,
      "light__brightness": 30.0
    },
    {
      "_template": "spot_light_premium_shadow_a",
      "transform": [
        [
          0.910381,
          0.413449,
          -0.0163576
        ],
        [
          0.00390349,
          0.0309493,
          0.999513
        ],
        [
          0.413754,
          -0.910001,
          0.0265618
        ],
        [
          276.458,
          42.2842,
          565.248
        ]
      ],
      "spot_light__shadows": false,
      "light__max_radius": 15.0,
      "light__affect_volumes": false,
      "light__color": [
        255,
        230,
        200,
        250
      ]
    },
    {
      "_template": "spot_light_premium_shadow_a",
      "transform": [
        [
          0.983281,
          -0.131693,
          -0.125758
        ],
        [
          0.020899,
          -0.604442,
          0.796375
        ],
        [
          -0.18089,
          -0.785689,
          -0.591584
        ],
        [
          288.207,
          42.2842,
          576.182
        ]
      ],
      "spot_light__shadows": false,
      "light__max_radius": 20.0,
      "light__affect_volumes": false,
      "light__brightness": 200.0,
      "light__color": [
        255,
        230,
        200,
        250
      ],
      "spot_light__inner_attenuation": 0.5
    },
    {
      "_template": "spot_light_premium_shadow_a",
      "transform": [
        [
          -0.88532,
          -0.131693,
          -0.445944
        ],
        [
          0.428273,
          -0.604442,
          -0.671738
        ],
        [
          -0.181084,
          -0.785689,
          0.591525
        ],
        [
          288.207,
          42.2842,
          554.283
        ]
      ],
      "spot_light__shadows": false,
      "light__max_radius": 20.0,
      "light__affect_volumes": false,
      "light__brightness": 200.0,
      "light__color": [
        255,
        230,
        200,
        250
      ]
    },
    {
      "_template": "spot_light_premium_shadow_a",
      "transform": [
        [
          0.524333,
          -0.851489,
          0.0065108
        ],
        [
          -0.0124173,
          -6.00703e-7,
          0.999923
        ],
        [
          -0.851423,
          -0.524373,
          -0.0105735
        ],
        [
          328.665,
          44.6156,
          576.416
        ]
      ],
      "spot_light__shadows": false,
      "light__max_radius": 5.0
    },
    {
      "_template": "spot_light_premium_shadow_a",
      "transform": [
        [
          0.524333,
          -0.851489,
          0.0065108
        ],
        [
          -0.0124173,
          -6.00703e-7,
          0.999923
        ],
        [
          -0.851423,
          -0.524373,
          -0.0105735
        ],
        [
          328.662,
          44.6156,
          565.413
        ]
      ],
      "spot_light__shadows": false,
      "light__max_radius": 5.0
    },
    {
      "_template": "spot_light_premium_shadow_a",
      "transform": [
        [
          0.524333,
          -0.851489,
          0.0065108
        ],
        [
          -0.0124173,
          -6.00703e-7,
          0.999923
        ],
        [
          -0.851423,
          -0.524373,
          -0.0105735
        ],
        [
          328.682,
          44.6156,
          554.276
        ]
      ],
      "spot_light__shadows": false,
      "light__max_radius": 5.0
    },
    {
      "_template": "spot_light_premium_shadow_a",
      "transform": [
        [
          -0.228284,
          -0.851489,
          -0.472074
        ],
        [
          0.900263,
          -4.47035e-8,
          -0.435346
        ],
        [
          0.370692,
          -0.524373,
          0.766564
        ],
        [
          308.873,
          47.7787,
          563.661
        ]
      ],
      "spot_light__shadows": false,
      "light__max_radius": 37.0,
      "light__affect_volumes": false,
      "light__color": [
        207,
        101,
        85,
        255
      ],
      "light__brightness": 150.0
    },
    {
      "_template": "spot_light_premium_shadow_a",
      "transform": [
        [
          -0.259736,
          -0.851489,
          0.455527
        ],
        [
          -0.868707,
          -5.96046e-8,
          -0.495326
        ],
        [
          0.421765,
          -0.524373,
          -0.739694
        ],
        [
          308.873,
          47.7787,
          562.381
        ]
      ],
      "spot_light__shadows": false,
      "light__max_radius": 50.0,
      "light__affect_volumes": false,
      "light__color": [
        207,
        101,
        85,
        255
      ],
      "light__brightness": 70.0
    },
    {
      "_template": "spot_light_premium_shadow_a",
      "transform": [
        [
          0.255956,
          -0.851489,
          0.457661
        ],
        [
          -0.872778,
          -7.45058e-8,
          0.488118
        ],
        [
          -0.415627,
          -0.524373,
          -0.743161
        ],
        [
          267.514,
          48.1901,
          565.376
        ]
      ],
      "spot_light__shadows": false,
      "light__max_radius": 50.0,
      "light__affect_volumes": false,
      "light__color": [
        207,
        101,
        85,
        255
      ],
      "light__brightness": 100.0
    },
    {
      "_template": "spot_light_premium_shadow_a",
      "transform": [
        [
          -0.0624608,
          -0.851489,
          0.52064
        ],
        [
          -0.99288,
          -5.2154e-8,
          -0.119115
        ],
        [
          0.101425,
          -0.524373,
          -0.845427
        ],
        [
          295.089,
          43.6542,
          558.262
        ]
      ],
      "spot_light__shadows": false,
      "light__max_radius": 50.0,
      "light__affect_volumes": false,
      "light__color": [
        207,
        101,
        85,
        255
      ],
      "light__brightness": 50.0
    },
    {
      "_template": "spot_light_premium_shadow_a",
      "transform": [
        [
          -0.0624608,
          -0.851489,
          0.52064
        ],
        [
          -0.99288,
          -5.2154e-8,
          -0.119115
        ],
        [
          0.101425,
          -0.524373,
          -0.845427
        ],
        [
          278.829,
          43.6542,
          558.262
        ]
      ],
      "spot_light__shadows": false,
      "light__max_radius": 50.0,
      "light__affect_volumes": false,
      "light__color": [
        207,
        101,
        85,
        255
      ],
      "light__brightness": 50.0
    },
    {
      "_template": "spot_light",
      "transform": [
        [
          -0.543223,
          0.00189105,
          0.839589
        ],
        [
          -0.664133,
          -0.612754,
          -0.428321
        ],
        [
          0.922587,
          -1.41944,
          0.60012
        ],
        [
          -31.8041,
          59.8711,
          -708.939
        ]
      ],
      "light__nightly": false,
      "light__brightness": 5.0,
      "spot_light__inner_attenuation": 0.5,
