{
  "entity": [
    {
      "_template": "spot_light_large_noshadows",
      "transform": [
        [
          0.979767,
          -0.199898,
          0.00992572
        ],
        [
          -0.0172978,
          -0.0351671,
          0.999232
        ],
        [
          -0.199395,
          -0.979185,
          -0.0379137
        ],
        [
          2.86983,
          67.6216,
          -676.601
        ]
      ],
      "light__max_radius": 35.0,
      "spot_light__cone_angle": 70.0,
      "light__affect_volumes": false,
      "spot_light__inner_attenuation": 0.8,
      "light__brightness": 250.0
    },
    {
      "_template": "spot_light_large_noshadows",
      "transform": [
        [
          1.0,
          0.0,
          0.0
        ],
        [
          0.0,
          -0.510368,
          0.859956
        ],
        [
          0.0,
          -0.859956,
          -0.510368
        ],
        [
          15.9135,
          51.3938,
          -680.42
        ]
      ],
      "spot_light__inner_attenuation": 0.1,
      "light__max_radius": 15.0,
      "light__brightness": 250.0,
      "spot_light__cone_angle": 90.0,
      "spot_light__shadows": true,
      "light__affect_volumes": false,
      "spot_light__contact_shadows": false
    },
    {
      "_template": "spot_light_large_noshadows",
      "transform": [
        [
          0.260358,
          0.00848655,
          0.965475
        ],
        [
          -0.475963,
          0.871143,
          0.120695
        ],
        [
          -0.840043,
          -0.490955,
          0.230849
        ],
        [
          411.741,
          52.2589,
          496.459
        ]
      ],
      "light__max_radius": 6.0,
      "light__enable_lens_flares": true
    },
    {
      "_template": "spot_light_large",
      "transform": [
        [
          -0.878738,
          -0.000980458,
          -0.477301
        ],
        [
          0.101707,
          0.976646,
          -0.189255
        ],
        [
          0.46634,
          -0.214851,
          -0.858117
        ],
        [
          370.515,
          34.494,
          606.772
        ]
      ],
      "spot_light__inner_attenuation": 0.4,
      "spot_light__cone_angle": 70.0,
      "light__brightness": 300.0,
      "light__max_radius": 40.0,
      "spot_light__contact_shadows": true,
      "spot_light__shadows": false,
      "spot_light__shadow_near_far_planes": [
        5.0,
        0.0
      ],
      "spot_light__shadow_frustum_offset": 5.0,
      "spot_light__shadow_cone_angle": 80.0,
      "light__affect_volumes": true
    },
    {
      "_template": "spot_light_large",
      "transform": [
        [
          -0.0108648,
          2.32831e-10,
          -0.999941
        ],
        [
          0.294838,
          0.955542,
          -0.00320354
        ],
        [
          0.955486,
          -0.294855,
          -0.0103818
        ],
        [
          -3.116,
          51.907,
          -653.324
        ]
      ],
      "spot_light__inner_attenuation": 0.3,
      "spot_light__contact_shadows": false,
      "light__max_radius": 15.0,
      "spot_light__cone_angle": 150.0,
      "light__brightness": 300.0,
      "spot_light__shadows": false
    },
    {
      "_template": "spot_light_large",
      "transform": [
        [
          -0.0814832,
          0.00628176,
          0.734459
        ],
        [
          -0.0435988,
          0.73762,
          -0.0111459
        ],
        [
          -0.73319,
          -0.0445601,
          -0.0809612
        ],
        [
          420.506,
          33.3746,
          596.56
        ]
      ],
      "light__max_radius": 15.0
    },
    {
      "_template": "spot_light_large_noshadows",
      "transform": [
        [
          -0.335954,
          0.0,
          0.941878
        ],
        [
          -0.567329,
          0.798242,
          -0.202358
        ],
        [
          -0.751847,
          -0.602337,
          -0.268172
        ],
        [
          136.8,
          55.65,
          -160.5
        ]
      ]
    },
    {
      "_template": "spot_light_large_noshadows",
      "transform": [
        [
          -0.938277,
          0.0,
          -0.345885
        ],
        [
          0.20834,
          0.798242,
          -0.565159
        ],
        [
          0.2761,
          -0.602337,
          -0.748972
        ],
        [
          139.2,
          55.65,
          -161.75
        ]
      ]
    },
    {
      "_template": "spot_light_large_noshadows",
      "transform": [
        [
          -0.0214129,
          -0.00803342,
          0.999738
        ],
        [
          -0.969369,
          0.24489,
          -0.0187946
        ],
        [
          -0.244675,
          -0.969518,
          -0.0130312
        ],
        [
          -1145.32,
          35.5664,
          819.855
        ]
      ]
    },
    {
      "_template": "spot_light_large_noshadows",
      "transform": [
        [
          0.0166905,
          -0.00803342,
          -0.999828
        ],
        [
          0.969447,
          0.24489,
          0.0142157
        ],
        [
          0.244734,
          -0.969518,
          0.0118753
        ],
        [
          -1188.01,
          35.5664,
          819.855
        ]
      ]
    },
    {
      "_template": "spot_light_large_noshadows",
      "transform": [
        [
          -0.0214129,
          -0.00803342,
          0.999738
        ],
        [
          -0.969369,
          0.24489,
          -0.0187946
        ],
        [
          -0.244675,
          -0.969518,
          -0.0130312
        ],
        [
          -1145.32,
          35.5664,
          1272.87
        ]
      ]
    },
    {
      "_template": "spot_light_large_noshadows",
      "transform": [
        [
          0.0166905,
          -0.00803342,
          -0.999828
        ],
        [
          0.969447,
          0.24489,
          0.0142157
        ],
        [
          0.244734,
          -0.969518,
          0.0118753
        ],
        [
          -1188.01,
          35.5664,
          1272.87
        ]
      ]
    },
    {
      "_template": "spot_light_large_noshadows",
      "transform": [
        [
          0.0189575,
          -0.0149256,
          0.504134
        ],
        [
          -0.0572738,
          0.501163,
          0.0169914
        ],
        [
          -0.501093,
          -0.0578466,
          0.0171305
        ],
        [
          417.943,
          33.893,
          547.163
        ]
      ],
      "light__max_radius": 15.0,
      "spot_light__cone_angle": 70.0,
      "spot_light__inner_attenuation": 0.7,
      "spot_light__shadows": true,
      "spot_light__contact_shadows": true,
      "light__affect_volumes": false
    },
    {
      "_template": "spot_light_large_noshadows",
      "transform": [
        [
          1.0,
          0.0,
          0.0
        ],
        [
          0.0,
          0.142089,
          0.989854
        ],
        [
          0.0,
          -0.989854,
          0.142089
        ],
        [
          336.417,
          45.2955,
          621.553
        ]
      ],
      "spot_light__inner_attenuation": 0.5,
      "light__affect_volumes": false
    },
    {
      "_template": "spot_light_orange_medium_b",
      "transform": [
        [
          0.49461,
          -0.799039,
          -0.341903
        ],
        [
          0.0293277,
          -0.377824,
          0.925413
        ],
        [
          -0.868621,
          -0.467746,
          -0.163441
        ],
        [
          7.42547,
          55.954,
          -642.978
        ]
      ],
      "light__affect_volumes": false,
      "spot_light__cone_angle": 60.0,
      "light__max_radius": 30.0,
      "light__brightness": 500.0,
      "spot_light__shadows": false,
      "light__radius_scale": 1.0
    },
    {
      "_template": "spot_light_orange_medium_b",
      "transform": [
        [
          0.295465,
          -0.103541,
          0.949726
        ],
        [
          -0.896285,
          0.31409,
          0.313082
        ],
        [
          -0.330716,
          -0.94373,
          -1.49012e-8
        ],
        [
          15.4426,
          54.3887,
          -641.804
        ]
      ],
      "light__max_radius": 18.0,
      "spot_light__shadows": true,
      "spot_light__contact_shadows": false,
      "spot_light__cone_angle": 90.0,
      "light__color": [
        232,
        247,
        255,
        250
      ],
      "light__brightness": 150.0,
      "light__affect_volumes": false
    },
    {
      "_template": "spot_light_orange_medium_b",
      "transform": [
        [
          0.703764,
          0.0944713,
          0.704125
        ],
        [
          -0.7071,
          -0.00276293,
          0.707108
        ],
        [
          0.0687469,
          -0.995525,
          0.0648563
        ],
        [
          378.297,
          43.8973,
          584.053
        ]
      ],
      "spot_light__cone_angle": 100.0,
      "spot_light__shadows": false,
      "light__brightness": 200.0,
      "light__affect_volumes": false,
      "light__color": [
        148,
        144,
        109,
        250
      ],
      "light__max_radius": 15.0,
      "spot_light__inner_attenuation": 0.7
    },
    {
      "_template": "spot_light_orange_medium_b",
      "transform": [
        [
          1.0,
          0.0,
          0.0
        ],
        [
          0.0,
          -4.37114e-8,
          1.0
        ],
        [
          0.0,
          -1.0,
          -4.37114e-8
        ],
        [
          385.411,
          39.4953,
          555.424
        ]
      ],
      "light__max_radius": 17.0,
      "light__affect_volumes": false,
      "light__brightness": 150.0
    },
    {
      "_template": "spot_light_orange_medium_b",
      "transform": [
        [
          1.0,
          -5.96046e-8,
          -2.6054e-15
        ],
        [
          0.0,
          -4.37114e-8,
          1.0
        ],
        [
          -5.96046e-8,
          -1.0,
          -4.37114e-8
        ],
        [
          370.687,
          39.0312,
          619.511
        ]
      ],
      "light__max_radius": 20.0,
      "spot_light__cone_angle": 90.0,
      "light__brightness": 200.0,
      "spot_light__shadows": false
    },
    {
      "_template": "spot_light_orange_medium_b",
      "transform": [
        [
          0.998419,
          0.0555319,
          -0.00871626
        ],
        [
          -0.0155841,
          0.422436,
          0.906259
        ],
        [
          0.0540084,
          -0.90469,
          0.422633
        ],
        [
          379.068,
          41.3911,
          620.132
        ]
      ],
      "light__max_radius": 15.0,
      "light__brightness": 200.0,
      "light__affect_volumes": false,
      "spot_light__shadows": true
    },
    {
      "_template": "spot_light_orange_medium_b",
      "transform": [
        [
          1.0,
          0.0,
          0.0
        ],
        [
          0.0,
          0.377289,
          0.926096
        ],
        [
          0.0,
          -0.926096,
          0.377289
        ],
        [
          5.082,
          55.6776,
          -628.281
        ]
      ],
      "light__max_radius": 14.0,
      "spot_light__cone_angle": 90.0,
      "light__affect_volumes": false,
      "light__brightness": 50.0
    },
    {
      "_template": "spot_light_orange_medium_b",
      "transform": [
        [
          -0.528783,
          -0.751868,
          0.393808
        ],
        [
          -0.300437,
          -0.268133,
          -0.915337
        ],
        [
          0.793805,
          -0.602329,
          -0.0841042
        ],
        [
          24.0,
          50.4366,
          -644.15
        ]
      ],
      "light__max_radius": 18.0,
      "spot_light__cone_angle": 90.0,
      "spot_light__shadows": false,
      "light__affect_volumes": false
    },
    {
      "_template": "spot_light_orange_medium_b",
      "transform": [
        [
          1.0,
          0.0,
          0.0
        ],
        [
          0.0,
          -4.37114e-8,
          1.0
        ],
        [
          0.0,
          -1.0,
          -4.37114e-8
        ],
        [
          48.4575,
          54.7,
          -642.432
        ]
      ],
      "light__max_radius": 15.0,
      "spot_light__cone_angle": 110.0
    },
    {
      "_template": "spot_light_orange_medium_b",
      "transform": [
        [
          1.0,
          -1.77636e-15,
          1.77636e-15
        ],
        [
          9.84075e-8,
          -2.98023e-8,
          1.0
        ],
        [
          7.52887e-7,
          -1.0,
          -2.98023e-8
        ],
        [
          54.5413,
          63.4416,
          -627.697
        ]
      ],
      "spot_light__shadows": false,
      "light__max_radius": 20.0
    },
    {
      "_template": "spot_light_large_noshadows",
      "transform": [
        [
          0.0028636,
          0.0534018,
          0.737054
        ],
        [
          0.481498,
          0.558993,
          -0.0423715
        ],
        [
          -0.560589,
          0.480399,
          -0.0326284
        ],
        [
          393.311,
          30.2908,
          583.709
        ]
      ],
      "light__max_radius": 15.0,
      "spot_light__shadows": false,
      "light__brightness": 200.0,
      "spot_light__cone_angle": 90.0,
      "light__affect_volumes": false
    },
    {
      "_template": "spot_light",
      "transform": [
        [
          0.926333,
          0.0354449,
          -0.375035
        ],
        [
          0.35901,
          0.218489,
          0.9074
        ],
        [
          0.114104,
          -0.975195,
          0.189668
        ],
        [
          -29.6871,
          56.1491,
          -700.25
        ]
      ],
      "light__nightly": true,
      "light__brightness": 500.0,
      "light__max_radius": 15.0,
      "light__color": [
        255,
        255,
        255,
        255
      ],
      "spot_light__inner_attenuation": 0.3,
      "spot_light__shadows": false,
      "light__affect_volumes": false
    },
    {
      "_template": "spot_light",
      "transform": [
        [
          0.92225,
          0.0993533,
          -0.373611
        ],
        [
          0.34348,
          0.232934,
          0.909815
        ],
        [
          0.17742,
          -0.967403,
          0.180697
        ],
        [
          -45.096,
          56.4841,
          -684.8
        ]
      ],
      "light__nightly": true,
      "light__brightness": 500.0,
      "light__max_radius": 13.0,
      "light__color": [
        255,
        255,
        255,
        255
      ],
      "spot_light__inner_attenuation": 0.3,
      "spot_light__shadows": false,
      "light__affect_volumes": false
    },
    {
      "_template": "spot_light",
      "transform": [
        [
          0.981803,
          0.182666,
          0.0519258
        ],
        [
          -0.1899,
          0.942811,
          0.273946
        ],
        [
          0.00108451,
          -0.278822,
          0.960343
        ],
        [
          185.114,
          33.9648,
          -132.361
        ]
      ],
      "light__radius_scale": 5.0,
      "light__nightly": false,
      "light__affect_volumes": true,
      "light__brightness": 0.5,
      "spot_light__cone_angle": 170.0,
      "light__color": [
        250,
        200,
        100,
        255
      ],
      "light__max_radius": 5.0,
      "spot_light__inner_attenuation": 0.5,
      "spot_light__shadows": false,
      "light__force_affect_volfog": false
    },
    {
      "_template": "spot_light",
      "transform": [
        [
          0.894555,
          0.44382,
          -0.0528858
        ],
        [
          0.20423,
          -0.300631,
          0.931618
        ],
        [
          0.714092,
          -1.51627,
          -0.64584
        ],
        [
          -85.3286,
          52.939,
          -733.887
        ]
      ],
      "light__nightly": false,
      "light__brightness": 50.0,
      "spot_light__inner_attenuation": 0.1,
      "light__max_radius": 20.0,
      "spot_light__shadows": false,
      "light__color": [
        148,
        134,
        120,
        250
      ],
      "light__dynamic_light": false,
      "light__affect_volumes": true,
      "light__force_max_light_radius": false,
      "light__enable_lens_flares": false,
      "spot_light__cone_angle": 120.0
    },
    {
      "_template": "spot_light",
      "transform": [
        [
          0.751647,
          0.00278921,
          -0.659562
        ],
        [
          0.659374,
          0.0210163,
          0.751522
        ],
        [
          0.0760537,
          -4.76489,
          0.0665217
        ],
        [
          -105.385,
          52.8441,
          -760.656
        ]
      ],
      "light__nightly": false,
      "light__brightness": 50.0,
      "spot_light__inner_attenuation": 0.4,
      "light__max_radius": 50.0,
      "spot_light__shadows": false,
      "light__color": [
        148,
        144,
        109,
        250
      ],
      "light__affect_volumes": false,
      "spot_light__cone_angle": 160.0
    },
    {
      "_template": "spot_light",
      "transform": [
        [
          -0.662082,
          0.342908,
          0.666381
        ],
        [
          -0.654462,
          0.168678,
          -0.737039
        ],
        [
          -0.655839,
          -1.6598,
          0.202498
        ],
        [
          -75.6734,
          53.3229,
          -738.687
        ]
      ],
      "light__nightly": false,
      "light__brightness": 70.0,
      "spot_light__inner_attenuation": 0.1,
      "light__max_radius": 15.0,
      "spot_light__shadows": false,
      "light__color": [
        148,
        134,
        120,
        250
      ],
      "light__dynamic_light": false,
      "light__affect_volumes": true,
      "light__force_max_light_radius": false,
      "light__enable_lens_flares": false,
      "spot_light__cone_angle": 100.0,
      "light__radius_scale": 1.0
    },
    {
      "_template": "spot_light",
      "transform": [
        [
          0.697219,
          -0.154075,
          -0.701378
        ],
        [
          0.696891,
          -0.133011,
          0.721978
        ],
        [
          -0.212665,
          -1.03162,
          0.0152177
        ],
        [
          -35.459,
          53.4462,
          -710.464
        ]
      ],
      "light__nightly": false,
      "light__brightness": 100.0,
      "spot_light__inner_attenuation": 0.7,
      "light__max_radius": 18.0,
      "light__color": [
        40,
        100,
        255,
        250
      ],
      "spot_light__shadows": false,
      "light__affect_volumes": false,
      "spot_light__cone_angle": 100.0,
      "light__radius_scale": 5.0,
      "spot_light__contact_shadows": false
    },
    {
      "_template": "spot_light",
      "transform": [
        [
          -0.310691,
          -0.191628,
          0.930995
        ],
        [
          -0.67156,
          -0.648903,
          -0.357678
        ],
        [
          0.819299,
          -0.896859,
          0.088814
        ],
        [
          -60.1727,
          50.528,
          -743.655
        ]
      ],
      "light__nightly": false,
      "light__brightness": 50.0,
      "light__max_radius": 8.0,
      "light__color": [
        59,
        130,
        230,
        250
      ],
      "spot_light__inner_attenuation": 0.5,
      "spot_light__shadows": false,
      "light__affect_volumes": true,
      "light__radius_scale": 5.0,
      "spot_light__cone_angle": 100.0
    },
    {
      "_template": "spot_light",
      "transform": [
        [
          -0.356929,
          -0.924128,
          0.136338
        ],
        [
          -0.523745,
          0.0771255,
          -0.848376
        ],
        [
          0.773494,
          -0.374217,
          -0.511537
        ],
        [
          -63.6463,
          51.0858,
          -710.062
        ]
      ],
      "light__nightly": false,
      "light__brightness": 35.0,
      "light__max_radius": 12.0,
      "light__color": [
        232,
        247,
        255,
        250
      ],
      "spot_light__inner_attenuation": 0.3,
      "spot_light__shadows": false,
      "light__radius_scale": 0.5,
      "spot_light__contact_shadows": false,
      "spot_light__dynamic_light": false,
      "spot_light__cone_angle": 80.0,
      "light__affect_volumes": false,
      "spot_light__shadow_frustum_offset": 5.0,
      "spot_light__shadow_near_far_planes": [
        5.0,
        0.0
      ]
    },
    {
      "_template": "spot_light",
      "transform": [
        [
          -0.0780844,
          -0.929565,
          0.360295
        ],
        [
          -0.98938,
          0.116694,
          0.086651
        ],
        [
          -0.122592,
          -0.349702,
          -0.928805
        ],
        [
          -57.4947,
          51.0837,
          -701.177
        ]
      ],
      "light__nightly": false,
      "light__brightness": 75.0,
      "light__max_radius": 17.0,
      "light__color": [
        232,
        247,
        255,
        250
      ],
      "spot_light__inner_attenuation": 0.3,
      "spot_light__shadows": false,
      "light__radius_scale": 0.5,
      "spot_light__contact_shadows": false,
      "spot_light__dynamic_light": false,
      "spot_light__cone_angle": 65.0,
      "light__affect_volumes": false,
      "spot_light__shadow_frustum_offset": 7.0,
      "spot_light__shadow_near_far_planes": [
        7.0,
        0.0
      ]
    },
    {
      "_template": "spot_light",
      "transform": [
        [
          0.399406,
          0.0187847,
          -0.916582
        ],
        [
          -0.138692,
          0.989521,
          -0.0401563
        ],
        [
          1.27155,
          0.200874,
          0.558203
        ],
        [
          -42.713,
          46.2089,
          -724.251
        ]
      ],
      "light__nightly": false,
      "light__brightness": 25.0,
      "spot_light__inner_attenuation": 0.3,
      "light__max_radius": 7.0,
      "spot_light__shadows": false,
      "light__color": [
        22,
        64,
        100,
        250
      ],
      "light__dynamic_light": false,
      "light__affect_volumes": true,
      "light__force_max_light_radius": false,
      "light__enable_lens_flares": false,
      "spot_light__cone_angle": 110.0
    },
    {
      "_template": "spot_light",
      "transform": [
        [
          0.327129,
          0.10574,
          0.940042
        ],
        [
          0.24262,
          0.964239,
          -0.192892
        ],
        [
          -0.967747,
          0.30403,
          0.302572
        ],
        [
          -80.3881,
          46.246,
          -713.163
        ]
      ],
      "light__nightly": false,
      "light__brightness": 20.0,
      "spot_light__inner_attenuation": 0.7,
      "light__max_radius": 12.0,
      "light__color": [
        116,
        172,
        194,
        250
      ],
      "spot_light__shadows": false,
      "spot_light__cone_angle": 100.0,
      "light__affect_volumes": false,
      "light__radius_scale": 5.0,
      "spot_light__contact_shadows": false
    },
    {
      "_template": "spot_light",
      "transform": [
        [
          -0.812338,
          -0.00228201,
          -0.584786
        ],
        [
          0.580608,
          -0.198683,
          -0.805759
        ],
        [
          -0.119397,
          -1.03797,
          0.169907
        ],
        [
          -60.1286,
          54.5313,
          -683.324
        ]
      ],
      "light__nightly": false,
      "light__brightness": 25.0,
      "spot_light__inner_attenuation": 0.1,
      "light__max_radius": 6.0,
      "light__color": [
        40,
        100,
        255,
        250
      ],
      "spot_light__shadows": false,
      "spot_light__cone_angle": 75.0,
      "light__affect_volumes": false
    },
    {
      "_template": "spot_light_premium_shadow_a",
      "transform": [
        [
          0.999855,
          -0.0258075,
          -0.0163629
        ],
        [
          0.0170375,
          0.0261432,
          0.999843
        ],
        [
          -0.0355619,
          -1.40138,
          0.0372484
        ],
        [
          287.74,
          48.1027,
          565.248
        ]
      ],
      "spot_light__shadows": true,
      "light__max_radius": 60.0,
      "light__affect_volumes": false,
      "light__color": [
        255,
        230,
        200,
        250
      ],
      "light__brightness": 250.0,
      "spot_light__inner_attenuation": 0.7,
      "spot_light__shadow_quality": 0,
      "spot_light__cone_angle": 120.0,
      "spot_light__shadow_shrink": 0,
      "spot_light__shadow_near_far_planes": [
        10.0,
        30.0
      ],
      "light__radius_scale": 5.0,
      "spot_light__shadow_cone_angle": 48.0,
      "spot_light__contact_shadows": true,
      "spot_light__dynamic_light": false,
      "spot_light__dynamic_obj_shadows": false
    },
    {
      "_template": "spot_light",
      "transform": [
        [
          -0.647394,
          0.0245175,
          0.761765
        ],
        [
          -0.616354,
          -0.604763,
          -0.50435
        ],
        [
          0.805246,
          -1.42978,
          0.730364
        ],
        [
          -37.4963,
          59.0001,
          -705.893
        ]
      ],
      "light__nightly": false,
      "light__brightness": 15.0,
      "spot_light__inner_attenuation": 0.7,
      "light__max_radius": 17.0,
      "spot_light__shadows": false,
      "light__color": [
        148,
        134,
        90,
        250
      ],
      "light__dynamic_light": false,
      "light__affect_volumes": false,
      "light__force_max_light_radius": false,
      "light__enable_lens_flares": false,
      "spot_light__cone_angle": 90.0
    },
    {
      "_template": "spot_light_premium_shadow_a",
      "transform": [
        [
          -0.629249,
          -0.24828,
          -0.73648
        ],
        [
          0.756842,
          0.0197371,
          -0.6533
        ],
        [
          0.176737,
          -0.968487,
          0.175489
        ],
        [
          315.005,
          41.7104,
          593.459
        ]
      ],
      "spot_light__shadows": false,
      "light__max_radius": 10.0,
      "light__brightness": 50.0,
      "light__color": [
        207,
        101,
        85,
        255
      ],
      "light__affect_volumes": false
    },
    {
      "_template": "spot_light_premium_shadow_a",
      "transform": [
        [
          -0.326691,
          0.890874,
          -0.31562
        ],
        [
          -0.87868,
          -0.163281,
          0.448622
        ],
        [
          0.377489,
          0.459636,
          0.906648
        ],
        [
          287.048,
          30.1444,
          582.136
        ]
      ],
      "spot_light__shadows": false,
      "light__max_radius": 5.0,
      "light__brightness": 30.0,
      "light__color": [
        255,
        255,
        255,
        250
      ],
      "light__affect_volumes": true,
      "spot_light__cone_angle": 110.0,
      "spot_light__contact_shadows": false
    },
    {
      "_template": "spot_light_premium_shadow_a",
      "transform": [
        [
          0.257082,
          0.944543,
          -0.20432
        ],
        [
          -0.583083,
          -0.0169984,
          -0.812235
        ],
        [
          -0.770664,
          0.327947,
          0.546377
        ],
        [
          286.178,
          34.8977,
          592.906
        ]
      ],
      "spot_light__shadows": false,
      "light__max_radius": 10.0,
      "light__brightness": 15.0,
      "light__color": [
        255,
        255,
        255,
        250
      ],
      "light__affect_volumes": false,
      "spot_light__cone_angle": 75.0
    },
    {
      "_template": "spot_light_premium_shadow_a",
      "transform": [
        [
          0.445703,
          0.79541,
          0.410698
        ],
        [
          -0.359897,
          0.579295,
          -0.731363
        ],
        [
          -0.819648,
          0.178161,
          0.544459
        ],
        [
          297.162,
          35.1413,
          592.394
        ]
      ],
      "spot_light__shadows": false,
      "light__max_radius": 7.0,
      "light__brightness": 15.0,
      "light__color": [
        255,
        255,
        255,
        250
      ],
      "light__affect_volumes": false
    },
    {
      "_template": "spot_light_premium_shadow_a",
      "transform": [
        [
          -0.316363,
          -0.507441,
          -1.0321
        ],
        [
          0.865794,
          -0.500095,
          -0.0195105
        ],
        [
          -0.573156,
          -1.01868,
          0.676526
        ],
        [
          326.497,
          34.9595,
          540.984
        ]
      ],
      "spot_light__shadows": false,
      "light__max_radius": 6.0,
      "light__brightness": 10.0,
      "light__color": [
        255,
        255,
        255,
        250
      ],
      "light__affect_volumes": false,
      "spot_light__cone_angle": 100.0
    },
    {
      "_template": "spot_light_premium_shadow_a",
      "transform": [
        [
          -0.207152,
          -0.454633,
          -1.08315
        ],
        [
          0.773526,
          -0.623527,
          0.113778
        ],
        [
          -1.05603,
          -1.18264,
          0.698359
        ],
        [
          328.322,
          44.3822,
          533.058
        ]
      ],
      "spot_light__shadows": true,
      "light__max_radius": 7.0,
      "light__brightness": 10.0,
      "light__color": [
        255,
        255,
        255,
        250
      ],
      "light__affect_volumes": false,
      "spot_light__cone_angle": 120.0
    },
    {
      "_template": "spot_light",
      "transform": [
        [
          0.0717214,
          -0.99734,
          0.0130183
        ],
        [
          -0.997297,
          -0.0719154,
          -0.0150924
        ],
        [
          0.0159884,
          -0.0119007,
          -0.999802
        ],
        [
          268.587,
          33.7657,
          540.847
        ]
      ],
      "light__nightly": false,
      "light__brightness": 1.0,
      "light__max_radius": 3.0,
      "light__color": [
        45,
        45,
        186,
        250
      ],
      "spot_light__inner_attenuation": 0.1,
      "spot_light__shadows": false,
      "spot_light__cone_angle": 70.0,
      "light__radius_scale": 5.0
    },
    {
      "_template": "spot_light",
      "transform": [
        [
          0.0130735,
          -0.99734,
          -0.0717114
        ],
        [
          -0.0158594,
          -0.0719153,
          0.997285
        ],
        [
          -0.999789,
          -0.0119007,
          -0.0167574
        ],
        [
          257.975,
          33.7657,
          586.432
        ]
      ],
      "light__nightly": false,
      "light__brightness": 2.0,
      "light__max_radius": 3.0,
      "light__color": [
        45,
        45,
        186,
        250
      ],
      "spot_light__inner_attenuation": 0.1,
      "spot_light__shadows": false,
      "spot_light__cone_angle": 70.0,
      "light__radius_scale": 3.0
    },
    {
      "_template": "spot_light",
      "transform": [
        [
          -0.217285,
          -0.976098,
          -0.00454395
        ],
        [
          0.975995,
          -0.217329,
          0.0142404
        ],
        [
          -0.0148876,
          -0.00134064,
          0.999888
        ],
        [
          322.374,
          33.5398,
          582.066
        ]
      ],
      "light__nightly": false,
      "light__brightness": 10.0,
      "light__max_radius": 3.0,
      "light__color": [
        45,
        45,
        186,
        250
      ],
      "spot_light__inner_attenuation": 0.1,
      "spot_light__shadows": false,
      "spot_light__cone_angle": 70.0
    },
    {
      "_template": "spot_light_premium_shadow_a",
      "transform": [
        [
          0.00317283,
          0.936235,
          -0.351359
        ],
        [
          -0.994927,
          -0.0323755,
          -0.0952525
        ],
        [
          -0.100554,
          0.349879,
          0.931383
        ],
        [
          267.096,
          35.005,
          590.734
        ]
      ],
      "spot_light__shadows": false,
      "light__max_radius": 8.0,
      "light__brightness": 15.0,
      "light__color": [
        255,
        255,
        255,
        250
      ],
      "light__affect_volumes": false
    },
    {
      "_template": "spot_light_premium_shadow_a",
      "transform": [
        [
          1.01178,
          -0.63093,
          0.032433
        ],
        [
          -0.0094531,
          0.0362117,
          0.999338
        ],
        [
          -0.663319,
          -1.06207,
          0.0322101
        ],
        [
          310.665,
          37.3796,
          537.502
        ]
      ],
      "spot_light__shadows": false,
      "light__max_radius": 5.0,
      "light__brightness": 25.0,
      "light__color": [
        22,
        64,
        100,
        255
      ],
      "light__affect_volumes": false
    },
    {
      "_template": "spot_light_premium_shadow_a",
      "transform": [
        [
          -0.209377,
          -0.256308,
          -1.14598
        ],
        [
          0.906292,
          0.345948,
          -0.242958
        ],
        [
          0.47666,
          -1.13207,
          0.166108
        ],
        [
          319.459,
          34.9922,
          542.148
        ]
      ],
      "spot_light__shadows": false,
      "light__max_radius": 5.3,
      "light__brightness": 15.0,
      "light__color": [
        255,
        255,
        255,
        250
      ],
      "light__affect_volumes": false,
      "spot_light__cone_angle": 100.0,
      "spot_light__inner_attenuation": 0.1
    },
    {
      "_template": "spot_light_premium_shadow_a",
      "transform": [
        [
          1.19229,
          -0.0041224,
          -0.0354849
        ],
        [
          0.0273326,
          -0.300846,
          0.953321
        ],
        [
          -0.0170278,
          -1.32627,
          -0.418053
        ],
        [
          292.499,
          39.5516,
          533.548
        ]
      ],
      "spot_light__shadows": false,
      "light__max_radius": 5.0,
      "light__brightness": 7.0,
      "light__color": [
        22,
        64,
        100,
        255
      ],
      "light__affect_volumes": false,
      "spot_light__cone_angle": 120.0,
      "light__radius_scale": 5.0,
      "spot_light__inner_attenuation": 0.75
    },
    {
      "_template": "spot_light_premium_shadow_a",
      "transform": [
        [
          1.19229,
          -0.0041224,
          -0.0354849
        ],
        [
          0.0273326,
          -0.300846,
          0.953321
        ],
        [
          -0.0169683,
          -1.32164,
          -0.416593
        ],
        [
          320.282,
          39.4834,
          597.932
        ]
      ],
      "spot_light__shadows": false,
      "light__max_radius": 4.0,
      "light__brightness": 5.0,
      "light__color": [
        22,
        64,
        100,
        255
      ],
      "light__affect_volumes": true,
      "light__radius_scale": 5.0,
      "spot_light__cone_angle": 130.0
    },
    {
      "_template": "spot_light",
      "transform": [
        [
          0.439037,
          0.820969,
          -0.367599
        ],
        [
          0.679385,
          -0.027193,
          0.750685
        ],
        [
          0.569687,
          -0.544342,
          -0.535296
        ],
        [
          -47.5755,
          65.0563,
          -720.657
        ]
      ],
      "light__nightly": false,
      "light__brightness": 50.0,
      "spot_light__inner_attenuation": 0.9,
      "light__max_radius": 40.0,
      "light__color": [
        99,
        94,
        47,
        250
      ],
      "spot_light__shadows": false,
      "spot_light__cone_angle": 170.0,
      "light__affect_volumes": true,
      "light__radius_scale": 5.0
    },
    {
      "_template": "spot_light",
      "transform": [
        [
          -0.730335,
          -0.0278229,
          0.682524
        ],
        [
          0.682701,
          0.00402526,
          0.730688
        ],
        [
          -0.0294936,
          1.27754,
          0.0205189
        ],
        [
          -42.3719,
          53.2806,
          -731.85
        ]
      ],
      "light__nightly": false,
      "light__brightness": 2.0,
      "spot_light__inner_attenuation": 0.5,
      "light__max_radius": 4.5,
      "spot_light__shadows": false,
      "light__color": [
        40,
        100,
        255,
        250
      ],
      "light__dynamic_light": false,
      "light__affect_volumes": false,
      "light__force_max_light_radius": false,
      "light__enable_lens_flares": false,
      "spot_light__cone_angle": 60.0,
      "light__radius_scale": 5.0
    },
    {
      "_template": "spot_light",
      "transform": [
        [
          -0.735264,
          -0.0203933,
          -0.678061
        ],
        [
          0.693166,
          -0.0185379,
          -0.751086
        ],
        [
          0.00498922,
          -1.85647,
          0.0504248
        ],
        [
          -44.7769,
          51.3653,
          -738.238
        ]
      ],
      "light__nightly": false,
      "light__brightness": 5.0,
      "light__max_radius": 2.0,
      "light__color": [
        116,
        172,
        194,
        250
      ],
      "spot_light__inner_attenuation": 0.5,
      "light__affect_volumes": true,
      "spot_light__shadows": false,
      "light__radius_scale": 5.0,
      "spot_light__cone_angle": 100.0
    },
    {
      "_template": "spot_light",
      "transform": [
        [
          0.864041,
          -0.378496,
          0.331925
        ],
        [
          -0.345667,
          -0.925397,
          -0.155424
        ],
        [
          0.638649,
          0.0341279,
          -1.62357
        ],
        [
          -69.7491,
          47.6485,
          -699.943
        ]
      ],
      "light__nightly": false,
      "light__brightness": 7.0,
      "light__max_radius": 5.0,
      "light__color": [
        255,
        255,
        255,
        250
      ],
      "spot_light__inner_attenuation": 0.5,
      "spot_light__shadows": false,
      "spot_light__dynamic_obj_shadows": false,
      "light__affect_volumes": false,
      "spot_light__contact_shadows": false,
      "spot_light__cone_angle": 80.0
    },
    {
      "_template": "spot_light",
      "transform": [
        [
          0.715109,
          0.0346251,
          -0.698156
        ],
        [
          -0.256307,
          0.942198,
          -0.215802
        ],
        [
          0.65033,
          0.333264,
          0.682649
        ],
        [
          -61.3481,
          45.8858,
          -716.692
        ]
      ],
      "light__nightly": false,
      "light__brightness": 10.0,
      "light__max_radius": 6.5,
      "light__color": [
        232,
        247,
        255,
        250
      ],
      "spot_light__inner_attenuation": 0.5,
      "spot_light__shadows": false,
      "light__radius_scale": 0.5,
      "spot_light__contact_shadows": false,
      "spot_light__dynamic_light": false,
      "spot_light__cone_angle": 85.0,
      "light__affect_volumes": false
    },
    {
      "_template": "spot_light_premium_shadow_a",
      "transform": [
        [
          -0.0371285,
          -0.0345847,
          -1.19174
        ],
        [
          0.934218,
