{
  "entity": [
    {
      "_template": "spot_light_large_noshadows",
      "transform": [
        [
          0.979767,
          -0.199898,
          0.00992572
        ],
        [
          -0.0172978,
          -0.0351671,
          0.999232
        ],
        [
          -0.199395,
          -0.979185,
          -0.0379137
        ],
        [
          2.86983,
          67.6216,
          -676.601
        ]
      ],
      "light__max_radius": 35.0,
      "spot_light__cone_angle": 70.0,
      "light__affect_volumes": false,
      "shreddableInDarkZone": false,
      "spot_light__inner_attenuation": 0.8,
      "light__brightness": 250.0
    },
    {
      "_template": "spot_light_large_noshadows",
      "transform": [
        [
          1.0,
          0.0,
          0.0
        ],
        [
          0.0,
          -0.510368,
          0.859956
        ],
        [
          0.0,
          -0.859956,
          -0.510368
        ],
        [
          15.9135,
          51.3938,
          -680.42
        ]
      ],
      "spot_light__inner_attenuation": 0.1,
      "light__max_radius": 15.0,
      "light__brightness": 250.0,
      "spot_light__cone_angle": 90.0,
      "shreddableInDarkZone": false,
      "spot_light__shadows": true,
      "light__affect_volumes": false,
      "spot_light__contact_shadows": false
    },
    {
      "_template": "spot_light_large_noshadows",
      "transform": [
        [
          0.260358,
          0.00848655,
          0.965475
        ],
        [
          -0.475963,
          0.871143,
          0.120695
        ],
        [
          -0.840043,
          -0.490955,
          0.230849
        ],
        [
          411.741,
          52.2589,
          496.459
        ]
      ],
      "light__max_radius": 6.0,
      "light__enable_lens_flares": true,
      "shreddableInDarkZone": false
    },
    {
      "_template": "spot_light_large",
      "transform": [
        [
          -0.878738,
          -0.000980458,
          -0.477301
        ],
        [
          0.101707,
          0.976646,
          -0.189255
        ],
        [
          0.46634,
          -0.214851,
          -0.858117
        ],
        [
          370.515,
          34.494,
          606.772
        ]
      ],
      "spot_light__inner_attenuation": 0.4,
      "spot_light__cone_angle": 70.0,
      "light__brightness": 300.0,
      "light__max_radius": 40.0,
      "shreddableInDarkZone": false,
      "spot_light__contact_shadows": true,
      "spot_light__shadows": false,
      "spot_light__shadow_near_far_planes": [
        5.0,
        0.0
      ],
      "spot_light__shadow_frustum_offset": 5.0,
      "spot_light__shadow_cone_angle": 80.0
    },
    {
      "_template": "spot_light_large",
      "transform": [
        [
          -0.0108648,
          2.32831e-10,
          -0.999941
        ],
        [
          0.294838,
          0.955542,
          -0.00320354
        ],
        [
          0.955486,
          -0.294855,
          -0.0103818
        ],
        [
          -3.116,
          51.907,
          -653.324
        ]
      ],
      "spot_light__inner_attenuation": 0.3,
      "spot_light__contact_shadows": false,
      "light__max_radius": 15.0,
      "spot_light__cone_angle": 150.0,
      "light__brightness": 300.0,
      "spot_light__shadows": false,
      "shreddableInDarkZone": false
    },
    {
      "_template": "spot_light_large",
      "transform": [
        [
          -0.0814832,
          0.00628176,
          0.734459
        ],
        [
          -0.0435988,
          0.73762,
          -0.0111459
        ],
        [
          -0.73319,
          -0.0445601,
          -0.0809612
        ],
        [
          420.506,
          33.3746,
          596.56
        ]
      ],
      "light__max_radius": 15.0
    },
    {
      "_template": "spot_light_large_noshadows",
      "transform": [
        [
          -0.335954,
          0.0,
          0.941878
        ],
        [
          -0.567329,
          0.798242,
          -0.202358
        ],
        [
          -0.751847,
          -0.602337,
          -0.268172
        ],
        [
          136.8,
          55.65,
          -160.5
        ]
      ]
    },
    {
      "_template": "spot_light_large_noshadows",
      "transform": [
        [
          -0.938277,
          0.0,
          -0.345885
        ],
        [
          0.20834,
          0.798242,
          -0.565159
        ],
        [
          0.2761,
          -0.602337,
          -0.748972
        ],
        [
          139.2,
          55.65,
          -161.75
        ]
      ]
    },
    {
      "_template": "spot_light_large_noshadows",
      "transform": [
        [
          -0.0214129,
          -0.00803342,
          0.999738
        ],
        [
          -0.969369,
          0.24489,
          -0.0187946
        ],
        [
          -0.244675,
          -0.969518,
          -0.0130312
        ],
        [
          -1145.32,
          35.5664,
          819.855
        ]
      ]
    },
    {
      "_template": "spot_light_large_noshadows",
      "transform": [
        [
          0.0166905,
          -0.00803342,
          -0.999828
        ],
        [
          0.969447,
          0.24489,
          0.0142157
        ],
        [
          0.244734,
          -0.969518,
          0.0118753
        ],
        [
          -1188.01,
          35.5664,
          819.855
        ]
      ]
    },
    {
      "_template": "spot_light_large_noshadows",
      "transform": [
        [
          -0.0214129,
          -0.00803342,
          0.999738
        ],
        [
          -0.969369,
          0.24489,
          -0.0187946
        ],
        [
          -0.244675,
          -0.969518,
          -0.0130312
        ],
        [
          -1145.32,
          35.5664,
          1272.87
        ]
      ]
    },
    {
      "_template": "spot_light_large_noshadows",
      "transform": [
        [
          0.0166905,
          -0.00803342,
          -0.999828
        ],
        [
          0.969447,
          0.24489,
          0.0142157
        ],
        [
          0.244734,
          -0.969518,
          0.0118753
        ],
        [
          -1188.01,
          35.5664,
          1272.87
        ]
      ]
    },
    {
      "_template": "spot_light_large_noshadows",
      "transform": [
        [
          0.0189575,
          -0.0149256,
          0.504134
        ],
        [
          -0.0572738,
          0.501163,
          0.0169914
        ],
        [
          -0.501093,
          -0.0578466,
          0.0171305
        ],
        [
          417.943,
          33.893,
          547.163
        ]
      ],
      "light__max_radius": 15.0,
      "spot_light__cone_angle": 70.0,
      "spot_light__inner_attenuation": 0.7,
      "spot_light__shadows": true,
      "spot_light__contact_shadows": true,
      "shreddableInDarkZone": false,
      "light__affect_volumes": false
    },
    {
      "_template": "spot_light_large_noshadows",
      "transform": [
        [
          1.0,
          0.0,
          0.0
        ],
        [
          0.0,
          0.142089,
          0.989854
        ],
        [
          0.0,
          -0.989854,
          0.142089
        ],
        [
          336.417,
          45.2955,
          621.553
        ]
      ],
      "spot_light__inner_attenuation": 0.5,
      "shreddableInDarkZone": false
    },
    {
      "_template": "spot_light_orange_medium_b",
      "transform": [
        [
          0.49461,
          -0.799039,
          -0.341903
        ],
        [
          0.0293277,
          -0.377824,
          0.925413
        ],
        [
          -0.868621,
          -0.467746,
          -0.163441
        ],
        [
          7.42547,
          55.954,
          -642.978
        ]
      ],
      "shreddableInDarkZone": false,
      "light__affect_volumes": false,
      "spot_light__cone_angle": 60.0,
      "light__max_radius": 30.0,
      "light__brightness": 500.0,
      "spot_light__shadows": false,
      "light__radius_scale": 1.0
    },
    {
      "_template": "spot_light_orange_medium_b",
      "transform": [
        [
          0.295465,
          -0.103541,
          0.949726
        ],
        [
          -0.896285,
          0.31409,
          0.313082
        ],
        [
          -0.330716,
          -0.94373,
          -1.49012e-8
        ],
        [
          15.4426,
          54.3887,
          -641.804
        ]
      ],
      "light__max_radius": 18.0,
      "shreddableInDarkZone": false,
      "spot_light__shadows": true,
      "spot_light__contact_shadows": false,
      "spot_light__cone_angle": 90.0,
      "light__color": [
        232,
        247,
        255,
        250
      ],
      "light__brightness": 150.0,
      "light__affect_volumes": false
    },
    {
      "_template": "spot_light_orange_medium_b",
      "transform": [
        [
          0.703764,
          0.0944713,
          0.704125
        ],
        [
          -0.7071,
          -0.00276293,
          0.707108
        ],
        [
          0.0687469,
          -0.995525,
          0.0648563
        ],
        [
          378.297,
          43.8973,
          584.053
        ]
      ],
      "spot_light__cone_angle": 100.0,
      "spot_light__shadows": false,
      "shreddableInDarkZone": false,
      "light__brightness": 200.0,
      "light__affect_volumes": false,
      "light__color": [
        148,
        144,
        109,
        250
      ],
      "light__max_radius": 15.0,
      "spot_light__inner_attenuation": 0.7
    },
    {
      "_template": "spot_light_orange_medium_b",
      "transform": [
        [
          1.0,
          0.0,
          0.0
        ],
        [
          0.0,
          -4.37114e-8,
          1.0
        ],
        [
          0.0,
          -1.0,
          -4.37114e-8
        ],
        [
          385.411,
          39.4953,
          555.424
        ]
      ],
      "light__max_radius": 17.0,
      "light__affect_volumes": false,
      "light__brightness": 150.0
    },
    {
      "_template": "spot_light_orange_medium_b",
      "transform": [
        [
          1.0,
          -5.96046e-8,
          -2.6054e-15
        ],
        [
          0.0,
          -4.37114e-8,
          1.0
        ],
        [
          -5.96046e-8,
          -1.0,
          -4.37114e-8
        ],
        [
          370.687,
          39.0312,
          619.511
        ]
      ],
      "light__max_radius": 20.0,
      "spot_light__cone_angle": 90.0,
      "light__brightness": 200.0,
      "spot_light__shadows": false
    },
    {
      "_template": "spot_light_orange_medium_b",
      "transform": [
        [
          0.998419,
          0.0555319,
          -0.00871626
        ],
        [
          -0.0155841,
          0.422436,
          0.906259
        ],
        [
          0.0540084,
          -0.90469,
          0.422633
        ],
        [
          379.068,
          41.3911,
          620.132
        ]
      ],
      "light__max_radius": 15.0,
      "light__brightness": 200.0,
      "light__affect_volumes": false,
      "spot_light__shadows": true
    },
    {
      "_template": "spot_light_orange_medium_b",
      "transform": [
        [
          1.0,
          0.0,
          0.0
        ],
        [
          0.0,
          0.377289,
          0.926096
        ],
        [
          0.0,
          -0.926096,
          0.377289
        ],
        [
          5.082,
          55.6776,
          -628.281
        ]
      ],
      "light__max_radius": 14.0,
      "spot_light__cone_angle": 90.0,
      "shreddableInDarkZone": false,
      "light__affect_volumes": false,
      "light__brightness": 50.0
    },
    {
      "_template": "spot_light_orange_medium_b",
      "transform": [
        [
          -0.528783,
          -0.751868,
          0.393808
        ],
        [
          -0.300437,
          -0.268133,
          -0.915337
        ],
        [
          0.793805,
          -0.602329,
          -0.0841042
        ],
        [
          24.0,
          50.4366,
          -644.15
        ]
      ],
      "light__max_radius": 18.0,
      "shreddableInDarkZone": false,
      "spot_light__cone_angle": 90.0,
      "spot_light__shadows": false,
      "light__affect_volumes": false
    },
    {
      "_template": "spot_light_orange_medium_b",
      "transform": [
        [
          1.0,
          0.0,
          0.0
        ],
        [
          0.0,
          -4.37114e-8,
          1.0
        ],
        [
          0.0,
          -1.0,
          -4.37114e-8
        ],
        [
          48.4575,
          54.7,
          -642.432
        ]
      ],
      "light__max_radius": 15.0,
      "spot_light__cone_angle": 110.0,
      "shreddableInDarkZone": false
    },
    {
      "_template": "spot_light_orange_medium_b",
      "transform": [
        [
          1.0,
          -1.77636e-15,
          1.77636e-15
        ],
        [
          9.84075e-8,
          -2.98023e-8,
          1.0
        ],
        [
          7.52887e-7,
          -1.0,
          -2.98023e-8
        ],
        [
          54.5413,
          63.4416,
          -627.697
        ]
      ],
      "spot_light__shadows": false,
      "light__max_radius": 20.0
    },
    {
      "_template": "spot_light_large_noshadows",
      "transform": [
        [
          0.0028636,
          0.0534018,
          0.737054
        ],
        [
          0.481498,
          0.558993,
          -0.0423715
        ],
        [
          -0.560589,
          0.480399,
          -0.0326284
        ],
        [
          393.311,
          30.2908,
          583.709
        ]
      ],
      "light__max_radius": 15.0,
      "shreddableInDarkZone": false,
      "spot_light__shadows": false,
      "light__brightness": 200.0,
      "spot_light__cone_angle": 90.0,
      "light__affect_volumes": false
    },
    {
      "_template": "spot_light",
      "transform": [
        [
          -0.354958,
          -0.556231,
          -0.751407
        ],
        [
          0.743446,
          -0.655263,
          0.133862
        ],
        [
          -1.0038,
          -0.905139,
          1.14422
        ],
        [
          -69.1193,
          48.2978,
          -692.96
        ]
      ],
      "light__nightly": false,
      "light__brightness": 4.0,
      "light__max_radius": 5.0,
      "light__color": [
        116,
        162,
        194,
        250
      ],
      "spot_light__inner_attenuation": 0.1,
      "spot_light__shadows": false,
      "light__affect_volumes": false
    },
    {
      "_template": "spot_light",
      "transform": [
        [
          -0.0214298,
          -0.999748,
          -0.00666754
        ],
        [
          -0.67012,
          0.0193127,
          -0.742001
        ],
        [
          1.29579,
          -0.0199673,
          -1.17078
        ],
        [
          -85.5654,
          48.5931,
          -705.701
        ]
      ],
      "light__nightly": false,
      "light__brightness": 12.0,
      "light__max_radius": 8.0,
      "light__color": [
        232,
        247,
        255,
        250
      ],
      "spot_light__inner_attenuation": 0.5,
      "spot_light__shadows": true,
      "light__enable_lens_flares": false,
      "light__affect_volumes": true,
      "shreddableInDarkZone": false,
      "spot_light__cone_angle": 100.0
    },
    {
      "_template": "spot_light",
      "transform": [
        [
          -0.250206,
          -0.543392,
          -0.801325
        ],
        [
          0.707731,
          -0.667436,
          0.231617
        ],
        [
          -0.660691,
          -0.50917,
          0.551572
        ],
        [
          -81.8197,
          49.0869,
          -709.593
        ]
      ],
      "light__nightly": false,
      "light__brightness": 10.0,
      "light__max_radius": 10.0,
      "light__color": [
        232,
        247,
        255,
        250
      ],
      "spot_light__inner_attenuation": 0.3,
      "spot_light__shadows": false,
      "light__affect_volumes": false,
      "spot_light__cone_angle": 90.0,
      "shreddableInDarkZone": false
    },
    {
      "_template": "spot_light",
      "transform": [
        [
          -0.68031,
          -0.0759799,
          -0.728975
        ],
        [
          0.717507,
          -0.271975,
          -0.64126
        ],
        [
          -0.260947,
          -1.67397,
          0.418003
        ],
        [
          -53.0923,
          50.5897,
          -693.517
        ]
      ],
      "light__nightly": false,
      "light__brightness": 30.0,
      "light__max_radius": 8.5,
      "light__color": [
        255,
        255,
        255,
        250
      ],
      "spot_light__inner_attenuation": 0.2,
      "spot_light__shadows": false,
      "spot_light__dynamic_obj_shadows": false,
      "light__affect_volumes": false,
      "spot_light__contact_shadows": false,
      "shreddableInDarkZone": false,
      "spot_light__cone_angle": 130.0
    },
    {
      "_template": "spot_light",
      "transform": [
        [
          0.926333,
          0.0354449,
          -0.375035
        ],
        [
          0.35901,
          0.218489,
          0.9074
        ],
        [
          0.114104,
          -0.975195,
          0.189668
        ],
        [
          -29.6871,
          56.1491,
          -700.25
        ]
      ],
      "light__nightly": true,
      "light__brightness": 500.0,
      "light__max_radius": 15.0,
      "light__color": [
        255,
        255,
        255,
        255
      ],
      "spot_light__inner_attenuation": 0.3,
      "spot_light__shadows": false,
      "shreddableInDarkZone": false,
      "light__affect_volumes": false
    },
    {
      "_template": "spot_light",
      "transform": [
        [
          0.92225,
          0.0993533,
          -0.373611
        ],
        [
          0.34348,
          0.232934,
          0.909815
        ],
        [
          0.17742,
          -0.967403,
          0.180697
        ],
        [
          -45.096,
          56.4841,
          -684.8
        ]
      ],
      "light__nightly": true,
      "light__brightness": 500.0,
      "light__max_radius": 13.0,
      "light__color": [
        255,
        255,
        255,
        255
      ],
      "spot_light__inner_attenuation": 0.3,
      "spot_light__shadows": false,
      "shreddableInDarkZone": false,
      "light__affect_volumes": false
    },
    {
      "_template": "spot_light",
      "transform": [
        [
          0.701678,
          -0.698037,
          -0.142801
        ],
        [
          0.047002,
          -0.154639,
          0.986853
        ],
        [
          -0.710941,
          -0.699165,
          -0.0756977
        ],
        [
          247.918,
          33.7147,
          571.35
        ]
      ],
      "light__nightly": false,
      "light__brightness": 3.75,
      "light__max_radius": 45.0,
      "light__color": [
        0,
        0,
        249,
        255
      ],
      "spot_light__inner_attenuation": 0.3,
      "spot_light__shadows": true
    },
    {
      "_template": "spot_light",
      "transform": [
        [
          0.701678,
          -0.698037,
          -0.142801
        ],
        [
          0.047002,
          -0.154639,
          0.986853
        ],
        [
          -0.710941,
          -0.699165,
          -0.0756977
        ],
        [
          248.82,
          34.5237,
          557.6
        ]
      ],
      "light__nightly": false,
      "light__brightness": 3.75,
      "light__max_radius": 45.0,
      "light__color": [
        0,
        0,
        249,
        255
      ],
      "spot_light__inner_attenuation": 0.3,
      "spot_light__shadows": true,
      "shreddableInDarkZone": false
    },
    {
      "_template": "spot_light",
      "transform": [
        [
          0.701678,
          -0.698037,
          -0.142801
        ],
        [
          0.047002,
          -0.154639,
          0.986853
        ],
        [
          -0.710941,
          -0.699165,
          -0.0756977
        ],
        [
          258.227,
          33.8037,
          586.586
        ]
      ],
      "light__nightly": false,
      "light__brightness": 4.0,
      "light__max_radius": 4.0,
      "light__color": [
        45,
        45,
        186,
        250
      ],
      "spot_light__inner_attenuation": 0.3,
      "spot_light__shadows": true,
      "light__radius_scale": 10.0,
      "spot_light__cone_angle": 110.0
    },
    {
      "_template": "spot_light",
      "transform": [
        [
          0.00208612,
          -0.706257,
          0.707953
        ],
        [
          -0.999977,
          -0.0060456,
          -0.00308449
        ],
        [
          0.00645844,
          -0.70793,
          -0.706253
        ],
        [
          268.566,
          34.0383,
          541.253
        ]
      ],
      "light__nightly": false,
      "light__brightness": 2.0,
      "light__max_radius": 5.0,
      "light__color": [
        45,
        45,
        186,
        250
      ],
      "spot_light__inner_attenuation": 0.3,
      "spot_light__shadows": false,
      "spot_light__cone_angle": 90.0,
      "light__radius_scale": 10.0
    },
    {
      "_template": "spot_light",
      "transform": [
        [
          -0.119366,
          -0.808505,
          -0.576258
        ],
        [
          0.992849,
          -0.0982862,
          -0.0677613
        ],
        [
          -0.00185289,
          -0.580225,
          0.814454
        ],
        [
          322.475,
          33.9261,
          580.147
        ]
      ],
      "light__nightly": false,
      "light__brightness": 7.5,
      "light__max_radius": 7.0,
      "light__color": [
        45,
        45,
        186,
        250
      ],
      "spot_light__inner_attenuation": 0.5,
      "spot_light__shadows": false,
      "light__affect_volumes": false
    },
    {
      "_template": "spot_light",
      "transform": [
        [
          1.0,
          0.0,
          0.0
        ],
        [
          -0.0,
          -0.00571085,
          0.999984
        ],
        [
          0.0,
          -0.999984,
          -0.00571085
        ],
        [
          183.207,
          37.0563,
          -133.901
        ]
      ],
      "light__radius_scale": 5.0,
      "light__nightly": false,
      "light__affect_volumes": true,
      "light__brightness": 4.5,
      "spot_light__contact_shadows": true,
      "spot_light__dynamic_light": false,
      "spot_light__dynamic_obj_shadows": true,
      "light__color": [
        255,
        255,
        255,
        255
      ],
      "light__max_radius": 3.5
    },
    {
      "_template": "spot_light",
      "transform": [
        [
          0.981803,
          1.16415e-10,
          0.189903
        ],
        [
          -0.1899,
          -0.00571085,
          0.981787
        ],
        [
          0.00108451,
          -0.999984,
          -0.00560693
        ],
        [
          184.064,
          36.301,
          -136.252
        ]
      ],
      "light__radius_scale": 5.0,
      "light__nightly": false,
      "light__affect_volumes": true,
      "light__brightness": 3.0,
      "spot_light__cone_angle": 170.0,
      "light__color": [
        250,
        200,
        100,
        255
      ],
      "light__max_radius": 10.0,
      "light__enable_lens_flares": true
    },
    {
      "_template": "spot_light",
      "transform": [
        [
          0.981803,
          1.16415e-10,
          0.189903
        ],
        [
          -0.1899,
          -0.00571085,
          0.981787
        ],
        [
          0.00108451,
          -0.999984,
          -0.00560693
        ],
        [
          186.221,
          36.3013,
          -135.843
        ]
      ],
      "light__radius_scale": 5.0,
      "light__nightly": false,
      "light__affect_volumes": true,
      "light__brightness": 3.0,
      "spot_light__cone_angle": 170.0,
      "light__color": [
        250,
        200,
        100,
        255
      ],
      "light__max_radius": 10.0,
      "light__enable_lens_flares": true
    },
    {
      "_template": "spot_light",
      "transform": [
        [
          0.981803,
          1.16415e-10,
          0.189903
        ],
        [
          -0.1899,
          -0.00571085,
          0.981787
        ],
        [
          0.00108451,
          -0.999984,
          -0.00560693
        ],
        [
          181.821,
          36.3063,
          -136.622
        ]
      ],
      "light__radius_scale": 5.0,
      "light__nightly": false,
      "light__affect_volumes": true,
      "light__brightness": 3.0,
      "spot_light__cone_angle": 170.0,
      "light__color": [
        250,
        200,
        100,
        255
      ],
      "light__max_radius": 10.0,
      "light__enable_lens_flares": true
    },
    {
      "_template": "spot_light",
      "transform": [
        [
          0.981803,
          1.16415e-10,
          0.189903
        ],
        [
          -0.1899,
          -0.00571085,
          0.981787
        ],
        [
          0.00108451,
          -0.999984,
          -0.00560693
        ],
        [
          187.333,
          35.5781,
          -130.933
        ]
      ],
      "light__radius_scale": 5.0,
      "light__nightly": false,
      "light__affect_volumes": true,
      "light__brightness": 0.95,
      "spot_light__cone_angle": 120.0,
      "light__color": [
        30,
        125,
        250,
        255
      ],
      "spot_light__inner_attenuation": 0.5,
      "light__max_radius": 2.0,
      "spot_light__contact_shadows": true,
      "spot_light__dynamic_obj_shadows": false,
      "spot_light__shadows": false,
      "light__force_affect_volfog": true
    },
    {
      "_template": "spot_light",
      "transform": [
        [
          0.981803,
          -0.0239275,
          0.18839
        ],
        [
          -0.1899,
          -0.129369,
          0.973243
        ],
        [
          0.00108451,
          -0.991308,
          -0.131558
        ],
        [
          182.274,
          36.298,
          -129.461
        ]
      ],
      "light__radius_scale": 5.0,
      "light__nightly": false,
      "light__affect_volumes": true,
      "light__brightness": 0.0,
      "spot_light__cone_angle": 170.0,
      "light__color": [
        50,
        145,
        250,
        255
      ],
      "light__max_radius": 10.0,
      "light__enable_lens_flares": true,
      "spot_light__contact_shadows": false,
      "spot_light__shadows": false,
      "spot_light__shadow_shrink": 0,
      "spot_light__inner_attenuation": 0.1
    },
    {
      "_template": "spot_light",
      "transform": [
        [
          0.981803,
          -0.0239275,
          0.18839
        ],
        [
          -0.1899,
          -0.129369,
          0.973243
        ],
        [
          0.00108451,
          -0.991308,
          -0.131558
        ],
        [
          182.751,
          36.298,
          -129.295
        ]
      ],
      "light__radius_scale": 5.0,
      "light__nightly": false,
      "light__affect_volumes": true,
      "light__brightness": 0.0,
      "spot_light__cone_angle": 170.0,
      "light__color": [
        50,
        145,
        250,
        255
      ],
      "light__max_radius": 10.0,
      "light__enable_lens_flares": true,
      "spot_light__contact_shadows": false,
      "spot_light__shadows": false,
      "spot_light__shadow_shrink": 0,
      "spot_light__inner_attenuation": 0.1
    },
    {
      "_template": "spot_light",
      "transform": [
        [
          0.981803,
          -0.0239275,
          0.18839
        ],
        [
          -0.1899,
          -0.129369,
          0.973243
        ],
        [
          0.00108451,
          -0.991308,
          -0.131558
        ],
        [
          183.298,
          36.298,
          -129.192
        ]
      ],
      "light__radius_scale": 5.0,
      "light__nightly": false,
      "light__affect_volumes": true,
      "light__brightness": 0.0,
      "spot_light__cone_angle": 170.0,
      "light__color": [
        50,
        145,
        250,
        255
      ],
      "light__max_radius": 10.0,
      "light__enable_lens_flares": true,
      "spot_light__contact_shadows": false,
      "spot_light__shadows": false,
      "spot_light__shadow_shrink": 0,
      "spot_light__inner_attenuation": 0.1
    },
    {
      "_template": "spot_light",
      "transform": [
        [
          0.981803,
          -0.0239275,
          0.18839
        ],
        [
          -0.1899,
          -0.129369,
          0.973243
        ],
        [
          0.00108451,
          -0.991308,
          -0.131558
        ],
        [
          185.029,
          36.298,
          -128.931
        ]
      ],
      "light__radius_scale": 5.0,
      "light__nightly": false,
      "light__affect_volumes": true,
      "light__brightness": 0.0,
      "spot_light__cone_angle": 170.0,
      "light__color": [
        250,
        250,
        250,
        255
      ],
      "light__max_radius": 10.0,
      "light__enable_lens_flares": true,
      "spot_light__contact_shadows": false,
      "spot_light__shadows": false,
      "spot_light__shadow_shrink": 0,
      "spot_light__inner_attenuation": 0.1
    },
    {
      "_template": "spot_light",
      "transform": [
        [
          0.981803,
          -0.0239275,
          0.18839
        ],
        [
          -0.1899,
          -0.129369,
          0.973243
        ],
        [
          0.00108451,
          -0.991308,
          -0.131558
        ],
        [
          184.433,
          36.287,
          -129.008
        ]
      ],
      "light__radius_scale": 5.0,
      "light__nightly": false,
      "light__affect_volumes": true,
      "light__brightness": 0.0,
      "spot_light__cone_angle": 170.0,
      "light__color": [
        250,
        250,
        250,
        255
      ],
      "light__max_radius": 10.0,
      "light__enable_lens_flares": true,
      "spot_light__contact_shadows": false,
      "spot_light__shadows": false,
      "spot_light__shadow_shrink": 0,
      "spot_light__inner_attenuation": 0.1
    },
    {
      "_template": "spot_light",
      "transform": [
        [
          0.981803,
          -0.0239275,
          0.18839
        ],
        [
          -0.1899,
          -0.129369,
          0.973243
        ],
        [
          0.00108451,
          -0.991308,
          -0.131558
        ],
        [
          185.611,
          36.298,
          -128.748
        ]
      ],
      "light__radius_scale": 5.0,
      "light__nightly": false,
      "light__affect_volumes": true,
      "light__brightness": 0.0,
      "spot_light__cone_angle": 170.0,
      "light__color": [
        250,
        250,
        250,
        255
      ],
      "light__max_radius": 10.0,
      "light__enable_lens_flares": true,
      "spot_light__contact_shadows": false,
      "spot_light__shadows": false,
      "spot_light__shadow_shrink": 0,
      "spot_light__inner_attenuation": 0.1
    },
    {
      "_template": "spot_light",
      "transform": [
        [
          0.0691655,
          0.189704,
          -0.979402
        ],
        [
          -0.0541917,
          0.981019,
          0.18619
        ],
        [
          0.996133,
          0.0401975,
          0.078133
        ],
        [
          181.324,
          35.3201,
          -131.165
        ]
      ],
      "light__radius_scale": 5.0,
      "light__nightly": false,
      "light__affect_volumes": true,
      "light__brightness": 0.75,
      "spot_light__cone_angle": 150.0,
      "light__color": [
        40,
        100,
        200,
        255
      ],
      "light__max_radius": 7.0,
      "light__enable_lens_flares": false,
      "spot_light__contact_shadows": false,
      "spot_light__shadows": false,
      "spot_light__shadow_shrink": 0,
      "spot_light__inner_attenuation": 0.5,
      "spot_light__dynamic_obj_shadows": false,
      "spot_light__dynamic_light": false
    },
    {
      "_template": "spot_light",
      "transform": [
        [
          0.981803,
          1.16415e-10,
          0.189903
        ],
        [
          -0.1899,
          -0.00571085,
          0.981787
        ],
        [
          0.00108451,
          -0.999984,
          -0.00560693
        ],
        [
          187.214,
          35.5781,
          -130.128
        ]
      ],
      "light__radius_scale": 5.0,
      "light__nightly": false,
      "light__affect_volumes": true,
      "light__brightness": 0.95,
      "spot_light__cone_angle": 120.0,
      "light__color": [
        30,
        125,
        250,
        255
      ],
      "spot_light__inner_attenuation": 0.5,
      "light__max_radius": 2.0,
      "spot_light__contact_shadows": false,
      "spot_light__dynamic_obj_shadows": false,
      "spot_light__shadows": false,
      "light__force_affect_volfog": true
    },
    {
      "_template": "spot_light",
      "transform": [
        [
          0.981803,
          0.182666,
          0.0519258
        ],
        [
          -0.1899,
          0.942811,
          0.273946
        ],
        [
          0.00108451,
          -0.278822,
          0.960343
        ],
        [
          185.114,
          33.9648,
          -132.361
        ]
      ],
      "light__radius_scale": 5.0,
      "light__nightly": false,
      "light__affect_volumes": true,
      "light__brightness": 0.5,
      "spot_light__cone_angle": 170.0,
      "light__color": [
        250,
        200,
        100,
        255
      ],
      "light__max_radius": 5.0,
      "spot_light__inner_attenuation": 0.5,
      "spot_light__shadows": false,
      "light__force_affect_volfog": false
    },
    {
      "_template": "spot_light",
      "transform": [
        [
          0.981803,
          1.16415e-10,
          0.189903
        ],
        [
          -0.1899,
          -0.00571085,
          0.981787
        ],
        [
          0.00108451,
          -0.999984,
          -0.00560693
        ],
        [
          187.464,
          35.5781,
          -131.847
        ]
      ],
      "light__radius_scale": 5.0,
      "light__nightly": false,
      "light__affect_volumes": true,
      "light__brightness": 0.95,
      "spot_light__cone_angle": 120.0,
      "light__color": [
        30,
        125,
        250,
        255
      ],
      "spot_light__inner_attenuation": 0.5,
      "light__max_radius": 2.0,
      "spot_light__contact_shadows": true,
      "spot_light__dynamic_obj_shadows": false,
      "spot_light__shadows": false
    },
    {
      "_template": "spot_light",
      "transform": [
        [
          0.894555,
          0.44382,
          -0.0528858
        ],
        [
          0.20423,
          -0.300631,
          0.931618
        ],
        [
          0.714092,
          -1.51627,
          -0.64584
        ],
        [
          -85.3286,
          52.939,
          -733.887
        ]
      ],
      "light__nightly": false,
      "light__brightness": 50.0,
      "spot_light__inner_attenuation": 0.1,
      "light__max_radius": 20.0,
      "spot_light__shadows": false,
      "light__color": [
        148,
        134,
        120,
        250
      ],
      "light__dynamic_light": false,
      "light__affect_volumes": true,
      "light__force_max_light_radius": false,
      "light__enable_lens_flares": false,
      "spot_light__cone_angle": 120.0
    },
    {
      "_template": "spot_light",
      "transform": [
        [
          0.751647,
          0.00278921,
          -0.659562
        ],
        [
          0.659374,
          0.0210163,
          0.751522
        ],
        [
          0.0760537,
          -4.76489,
          0.0665217
        ],
        [
          -105.385,
          52.8441,
          -760.656
        ]
      ],
      "light__nightly": false,
      "light__brightness": 50.0,
      "spot_light__inner_attenuation": 0.4,
      "light__max_radius": 50.0,
      "spot_light__shadows": false,
      "light__color": [
        148,
        144,
        109,
        250
      ],
      "light__affect_volumes": false,
      "spot_light__cone_angle": 160.0,
      "shreddableInDarkZone": false
    },
    {
      "_template": "spot_light",
      "transform": [
        [
          -0.662082,
          0.342908,
          0.666381
        ],
        [
          -0.654462,
          0.168678,
          -0.737039
        ],
        [
          -0.655839,
          -1.6598,
          0.202498
        ],
        [
          -75.6734,
          53.3229,
          -738.687
        ]
      ],
      "light__nightly": false,
      "light__brightness": 70.0,
      "spot_light__inner_attenuation": 0.1,
      "light__max_radius": 15.0,
      "spot_light__shadows": false,
      "light__color": [
        148,
        134,
        120,
        250
      ],
      "light__dynamic_light": false,
      "light__affect_volumes": true,
      "light__force_max_light_radius": false,
      "light__enable_lens_flares": false,
      "spot_light__cone_angle": 100.0,
      "shreddableInDarkZone": false,
      "light__radius_scale": 1.0
    },
    {
      "_template": "spot_light",
      "transform": [
        [
          0.697219,
          -0.154075,
          -0.701378
        ],
        [
          0.696891,
          -0.133011,
          0.721978
        ],
        [
          -0.212665,
          -1.03162,
          0.0152177
        ],
        [
          -35.459,
          53.4462,
          -710.464
        ]
      ],
      "light__nightly": false,
      "light__brightness": 100.0,
      "spot_light__inner_attenuation": 0.7,
      "light__max_radius": 18.0,
      "light__color": [
        40,
        100,
        255,
        250
      ],
      "spot_light__shadows": false,
      "light__affect_volumes": false,
      "spot_light__cone_angle": 100.0,
      "light__radius_scale": 5.0,
      "shreddableInDarkZone": false,
      "spot_light__contact_shadows": false
    },
    {
      "_template": "spot_light",
      "transform": [
        [
          -0.310691,
          -0.191628,
          0.930995
        ],
        [
          -0.67156,
          -0.648903,
          -0.357678
        ],
        [
          0.819299,
          -0.896859,
          0.088814
        ],
        [
          -60.1727,
          50.528,
          -743.655
        ]
      ],
      "light__nightly": false,
      "light__brightness": 50.0,
      "light__max_radius": 8.0,
      "light__color": [
        59,
        130,
        230,
        250
      ],
      "spot_light__inner_attenuation": 0.5,
      "spot_light__shadows": false,
      "light__affect_volumes": true,
      "light__radius_scale": 5.0,
      "spot_light__cone_angle": 100.0,
      "shreddableInDarkZone": false
    },
    {
      "_template": "spot_light",
      "transform": [
        [
          -0.356929,
          -0.924128,
          0.136338
        ],
        [
          -0.523745,
          0.0771255,
          -0.848376
        ],
        [
          0.773494,
          -0.374217,
          -0.511537
        ],
        [
          -63.6463,
          51.0858,
          -710.062
        ]
      ],
      "light__nightly": false,
      "light__brightness": 35.0,
      "light__max_radius": 12.0,
      "light__color": [
        232,
        247,
        255,
        250
      ],
      "spot_light__inner_attenuation": 0.3,
      "spot_light__shadows": false,
      "light__radius_scale": 0.5,
      "spot_light__contact_shadows": false,
      "spot_light__dynamic_light": false,
      "spot_light__cone_angle": 80.0,
      "light__affect_volumes": false,
      "shreddableInDarkZone": false
    },
    {
      "_template": "spot_light",
      "transform": [
        [
          -0.0780844,
