{
  "selected_tag": "",
  "bin_dump_file": "",
  "mission_settings": {
    "player": {
      "army": 1
    },
    "player_teamB": {
      "army": 2
    },
    "mission": {
      "level": "levels/air_smolensk.bin",
      "type": "domination",
      "environment": "Day",
      "weather": "hazy",
      "restoreType": "attempts",
      "optionalTakeOff": false
    }
  },
  "imports": {},
  "triggers": {
    "isCategory": true,
    "is_enabled": true
  },
  "mission_objectives": {
    "isCategory": true,
    "is_enabled": true
  },
  "variables": {},
  "dialogs": {},
  "airfields": {},
  "effects": {},
  "units": {
    "objectGroups": [
      {
        "name": "bdt_t2_bomb_object_01",
        "tm": [
          [
            0.985488,
            0.0,
            -0.169731
          ],
          [
            0.0,
            1.0,
            0.0
          ],
          [
            0.169731,
            0.0,
            0.985488
          ],
          [
            3105.31,
            122.564,
            -49006.1
          ]
        ],
        "unit_class": "dynBase_hq_camp_square",
        "objLayer": 2,
        "props": {
          "army": 2,
          "active": true
        }
      },
      {
        "name": "bdt_t2_bomb_object_02",
        "tm": [
          [
            0.611912,
            0.0,
            -0.790929
          ],
          [
            0.0,
            1.0,
            0.0
          ],
          [
            0.790929,
            0.0,
            0.611912
          ],
          [
            6497.5,
            118.099,
            -54822.2
          ]
        ],
        "unit_class": "dynBase_fuel_storage_square",
        "objLayer": 2,
        "props": {
          "army": 2,
          "active": true
        }
      },
      {
        "name": "bdt_t2_bomb_object_03",
        "tm": [
          [
            0.605603,
            0.0,
            0.795769
          ],
          [
            0.0,
            1.0,
            0.0
          ],
          [
            -0.795769,
            0.0,
            0.605603
          ],
          [
            11790.0,
            78.0781,
            -57252.8
          ]
        ],
        "unit_class": "dynBase_oil_storage_small_square",
        "objLayer": 2,
        "props": {
          "army": 2,
          "active": true
        }
      },
      {
        "name": "bdt_t1_bomb_object_01",
        "tm": [
          [
            0.986815,
            0.0,
            0.161849
          ],
          [
            0.0,
            1.0,
            0.0
          ],
          [
            -0.161849,
            0.0,
            0.986815
          ],
          [
            16535.3,
            55.3218,
            -35439.9
          ]
        ],
        "unit_class": "dynBase_fuel_storage_square",
        "objLayer": 2,
        "props": {
          "army": 1,
          "active": true
        }
      },
      {
        "name": "bdt_t1_bomb_object_02",
        "tm": [
          [
            0.618213,
            0.0,
            0.786009
          ],
          [
            0.0,
            1.0,
            0.0
          ],
          [
            -0.786009,
            0.0,
            0.618213
          ],
          [
            21847.2,
            75.145,
            -38410.5
          ]
        ],
        "unit_class": "dynBase_small_factory_square",
        "objLayer": 2,
        "props": {
          "army": 1,
          "active": false
        }
      },
      {
        "name": "bdt_t1_bomb_object_03",
        "tm": [
          [
            0.435535,
            0.0,
            0.900173
          ],
          [
            0.0,
            1.0,
            0.0
          ],
          [
            -0.900173,
            0.0,
            0.435535
          ],
          [
            25112.6,
            79.1141,
            -43902.5
          ]
        ],
        "unit_class": "dynBase_oil_storage_small_square",
        "objLayer": 2,
        "props": {
          "army": 1,
          "active": false
        }
      },
      {
        "name": "bdt_t2_bomb_object_04",
        "tm": [
          [
            0.904619,
            0.0,
            0.426219
          ],
          [
            0.0,
            1.0,
            0.0
          ],
          [
            -0.426219,
            0.0,
            0.904619
          ],
          [
            3448.94,
            67.8696,
            -42591.5
          ]
        ],
        "unit_class": "dynBase_small_factory_square",
        "objLayer": 2,
        "props": {
          "army": 2,
          "active": true
        }
      },
      {
        "name": "bdt_t1_bomb_object_04",
        "tm": [
          [
            0.723048,
            0.0,
            0.690798
          ],
          [
            0.0,
            1.0,
            0.0
          ],
          [
            -0.690798,
            0.0,
            0.723048
          ],
          [
            24715.9,
            220.151,
            -50464.1
          ]
        ],
        "unit_class": "dynBase_field_camp_square",
        "objLayer": 2,
        "props": {
          "army": 1,
          "active": false
        }
      },
      {
        "name": "bdt_t1_bomb_object_05",
        "tm": [
          [
            0.723048,
            0.0,
            0.690798
          ],
          [
            0.0,
            1.0,
            0.0
          ],
          [
            -0.690798,
            0.0,
            0.723048
          ],
          [
            22185.0,
            92.3138,
            -51040.8
          ]
        ],
        "unit_class": "dynBase_military_base_square",
        "objLayer": 2,
        "props": {
          "army": 1,
          "active": false
        }
      },
      {
        "name": "bdt_t1_bomb_object_06",
        "tm": [
          [
            0.723048,
            0.0,
            0.690798
          ],
          [
            0.0,
            1.0,
            0.0
          ],
          [
            -0.690798,
            0.0,
            0.723048
          ],
          [
            23336.6,
            128.938,
            -47664.0
          ]
        ],
        "unit_class": "dynBase_oil_storage_large_square",
        "objLayer": 2,
        "props": {
          "army": 1,
          "active": false
        }
      },
      {
        "name": "bdt_t1_bomb_object_07",
        "tm": [
          [
            0.723048,
            0.0,
            0.690798
          ],
          [
            0.0,
            1.0,
            0.0
          ],
          [
            -0.690798,
            0.0,
            0.723048
          ],
          [
            23028.2,
            75.4434,
            -44223.3
          ]
        ],
        "unit_class": "dynBase_oil_storage_large_square",
        "objLayer": 2,
        "props": {
          "army": 1,
          "active": false
        }
      },
      {
        "name": "bdt_t1_bomb_object_08",
        "tm": [
          [
            0.986815,
            0.0,
            0.161849
          ],
          [
            0.0,
            1.0,
            0.0
          ],
          [
            -0.161849,
            0.0,
            0.986815
          ],
          [
            14482.5,
            70.6384,
            -36995.3
          ]
        ],
        "unit_class": "dynBase_small_factory_square",
        "objLayer": 2,
        "props": {
          "army": 1,
          "active": true
        }
      },
      {
        "name": "bdt_t1_bomb_object_09",
        "tm": [
          [
            0.986815,
            0.0,
            0.161849
          ],
          [
            0.0,
            1.0,
            0.0
          ],
          [
            -0.161849,
            0.0,
            0.986815
          ],
          [
            17726.4,
            75.7024,
            -37886.5
          ]
        ],
        "unit_class": "dynBase_hq_camp_square",
        "objLayer": 2,
        "props": {
          "army": 1,
          "active": true
        }
      },
      {
        "name": "bdt_t1_bomb_object_10",
        "tm": [
          [
            0.986815,
            0.0,
            0.161849
          ],
          [
            0.0,
            1.0,
            0.0
          ],
          [
            -0.161849,
            0.0,
            0.986815
          ],
          [
            20447.0,
            73.432,
            -39790.0
          ]
        ],
        "unit_class": "dynBase_petrol_camp_square",
        "objLayer": 2,
        "props": {
          "army": 1,
          "active": true
        }
      },
      {
        "name": "bdt_t2_bomb_object_05",
        "tm": [
          [
            0.904619,
            0.0,
            0.426219
          ],
          [
            0.0,
            1.0,
            0.0
          ],
          [
            -0.426219,
            0.0,
            0.904619
          ],
          [
            6214.4,
            60.4526,
            -41619.3
          ]
        ],
        "unit_class": "dynBase_petrol_camp_square",
        "objLayer": 2,
        "props": {
          "army": 2,
          "active": true
        }
      },
      {
        "name": "bdt_t2_bomb_object_06",
        "tm": [
          [
            0.598806,
            0.0,
            0.800894
          ],
          [
            0.0,
            1.0,
            0.0
          ],
          [
            -0.800894,
            0.0,
            0.598806
          ],
          [
            5129.98,
            74.3149,
            -45558.5
          ]
        ],
        "unit_class": "dynBase_military_base_square",
        "objLayer": 2,
        "props": {
          "army": 2,
          "active": true
        }
      },
      {
        "name": "bdt_t2_bomb_object_07",
        "tm": [
          [
            0.904619,
            0.0,
            0.426219
          ],
          [
            0.0,
            1.0,
            0.0
          ],
          [
            -0.426219,
            0.0,
            0.904619
          ],
          [
            5319.33,
            136.279,
            -48831.5
          ]
        ],
        "unit_class": "dynBase_fuel_storage_square",
        "objLayer": 2,
        "props": {
          "army": 2,
          "active": true
        }
      },
      {
        "name": "bdt_t2_bomb_object_08",
        "tm": [
          [
            0.605603,
            0.0,
            0.795769
          ],
          [
            0.0,
            1.0,
            0.0
          ],
          [
            -0.795769,
            0.0,
            0.605603
          ],
          [
            13867.4,
            183.866,
            -55711.4
          ]
        ],
        "unit_class": "dynBase_ammunition_storage_square",
        "objLayer": 2,
        "props": {
          "army": 2,
          "active": true
        }
      },
      {
        "name": "bdt_t2_bomb_object_09",
        "tm": [
          [
            0.605603,
            0.0,
            0.795769
          ],
          [
            0.0,
            1.0,
            0.0
          ],
          [
            -0.795769,
            0.0,
            0.605603
          ],
          [
            10454.4,
            75.6543,
            -54946.7
          ]
        ],
        "unit_class": "dynBase_field_camp_square",
        "objLayer": 2,
        "props": {
          "army": 2,
          "active": true
        }
      },
      {
        "name": "bdt_t2_bomb_object_10",
        "tm": [
          [
            0.605603,
            0.0,
            0.795769
          ],
          [
            0.0,
            1.0,
            0.0
          ],
          [
            -0.795769,
            0.0,
            0.605603
          ],
          [
            7151.5,
            103.958,
            -52667.5
          ]
        ],
        "unit_class": "dynBase_oil_storage_small_square",
        "objLayer": 2,
        "props": {
          "army": 2,
          "active": true
        }
      }
    ]
  },
  "areas": {
    "bdt_t2_bomb_zone_01": {
      "type": "Sphere",
      "tm": [
        [
          443.472,
          0.0,
          -76.3798
        ],
        [
          0.0,
          450.0,
          0.0
        ],
        [
          76.3798,
          0.0,
          443.472
        ],
        [
          3101.82,
          109.911,
          -49012.4
        ]
      ],
      "objLayer": 0,
      "props": {}
    },
    "bdt_t2_bomb_zone_02": {
      "type": "Sphere",
      "tm": [
        [
          443.472,
          0.0,
          -76.3798
        ],
        [
          0.0,
          450.0,
          0.0
        ],
        [
          76.3798,
          0.0,
          443.472
        ],
        [
          6510.2,
          118.786,
          -54804.7
        ]
      ],
      "objLayer": 0,
      "props": {}
    },
    "bdt_t2_bomb_zone_03": {
      "type": "Sphere",
      "tm": [
        [
          272.523,
          0.0,
          358.095
        ],
        [
          0.0,
          450.0,
          0.0
        ],
        [
          -358.095,
          0.0,
          272.523
        ],
        [
          11780.2,
          78.0831,
          -57252.1
        ]
      ],
      "objLayer": 0,
      "props": {}
    },
    "bdt_t1_bomb_zone_01": {
      "type": "Sphere",
      "tm": [
        [
          444.067,
          0.0,
          72.8318
        ],
        [
          0.0,
          450.0,
          0.0
        ],
        [
          -72.8318,
          0.0,
          444.067
        ],
        [
          16547.0,
          55.2428,
          -35434.8
        ]
      ],
      "objLayer": 0,
      "props": {}
    },
    "bdt_t1_bomb_zone_02": {
      "type": "Sphere",
      "tm": [
        [
          348.157,
          0.0,
          285.108
        ],
        [
          0.0,
          450.0,
          0.0
        ],
        [
          -285.108,
          0.0,
          348.157
        ],
        [
          21849.3,
          75.141,
          -38406.2
        ]
      ],
      "objLayer": 0,
      "props": {}
    },
    "bdt_t1_bomb_zone_03": {
      "type": "Sphere",
      "tm": [
        [
          335.389,
          0.0,
          300.024
        ],
        [
          0.0,
          450.0,
          0.0
        ],
        [
          -300.024,
          0.0,
          335.389
        ],
        [
          25116.4,
          79.023,
          -43898.3
        ]
      ],
      "objLayer": 0,
      "props": {}
    },
    "bdt_t2_bomb_zone_04": {
      "type": "Sphere",
      "tm": [
        [
          407.078,
          0.0,
          191.798
        ],
        [
          0.0,
          450.0,
          0.0
        ],
        [
          -191.798,
          0.0,
          407.078
        ],
        [
          3456.75,
          67.1476,
          -42589.9
        ]
      ],
      "objLayer": 0,
      "props": {}
    },
    "bdt_t1_bomb_zone_04": {
      "type": "Sphere",
      "tm": [
        [
          335.389,
          0.0,
          300.024
        ],
        [
          0.0,
          450.0,
          0.0
        ],
        [
          -300.024,
          0.0,
          335.389
        ],
        [
          24712.2,
          220.076,
          -50459.7
        ]
      ],
      "objLayer": 0,
      "props": {}
    },
    "bdt_t2_bomb_zone_01_aaa_point_01": {
      "type": "Point",
      "tm": [
        [
          0.912204,
          0.0,
          0.409733
        ],
        [
          0.0,
          1.0,
          0.0
        ],
        [
          -0.409733,
          0.0,
          0.912204
        ],
        [
          3218.05,
          94.2264,
          -49205.5
        ]
      ],
      "objLayer": 0,
      "props": {}
    },
    "bdt_t2_bomb_zone_01_aaa_point_02": {
      "type": "Point",
      "tm": [
        [
          0.912204,
          0.0,
          0.409733
        ],
        [
          0.0,
          1.0,
          0.0
        ],
        [
          -0.409733,
          0.0,
          0.912204
        ],
        [
          2871.24,
          105.367,
          -48832.9
        ]
      ],
      "objLayer": 0,
      "props": {}
    },
    "bdt_t2_bomb_zone_01_aaa_point_03": {
      "type": "Point",
      "tm": [
        [
          0.912204,
          0.0,
          0.409733
        ],
        [
          0.0,
          1.0,
          0.0
        ],
        [
          -0.409733,
          0.0,
          0.912204
        ],
        [
          2976.24,
          97.8095,
          -48776.8
        ]
      ],
      "objLayer": 0,
      "props": {}
    },
    "bdt_t2_bomb_zone_01_aaa_point_04": {
      "type": "Point",
      "tm": [
        [
          0.912204,
          0.0,
          0.409733
        ],
        [
          0.0,
          1.0,
          0.0
        ],
        [
          -0.409733,
          0.0,
          0.912204
        ],
        [
          3317.69,
          98.6245,
          -48597.7
        ]
      ],
      "objLayer": 0,
      "props": {}
    },
    "bdt_t2_bomb_zone_02_aaa_point_01": {
      "type": "Point",
      "tm": [
        [
          0.912204,
          0.0,
          0.409733
        ],
        [
          0.0,
          1.0,
          0.0
        ],
        [
          -0.409733,
          0.0,
          0.912204
        ],
        [
          6390.1,
          123.409,
          -55022.4
        ]
      ],
      "objLayer": 0,
      "props": {}
    },
    "bdt_t2_bomb_zone_02_aaa_point_02": {
      "type": "Point",
      "tm": [
        [
          0.912204,
          0.0,
          0.409733
        ],
        [
          0.0,
          1.0,
          0.0
        ],
        [
          -0.409733,
          0.0,
          0.912204
        ],
        [
          6438.2,
          113.793,
          -54485.5
        ]
      ],
      "objLayer": 0,
      "props": {}
    },
    "bdt_t2_bomb_zone_02_aaa_point_03": {
      "type": "Point",
      "tm": [
        [
          0.912204,
          0.0,
          0.409733
        ],
        [
          0.0,
          1.0,
          0.0
        ],
        [
          -0.409733,
          0.0,
          0.912204
        ],
        [
          6230.6,
          115.376,
          -54810.2
        ]
      ],
      "objLayer": 0,
      "props": {}
    },
    "bdt_t2_bomb_zone_02_aaa_point_04": {
      "type": "Point",
      "tm": [
        [
          0.912204,
          0.0,
          0.409733
        ],
        [
          0.0,
          1.0,
          0.0
        ],
        [
          -0.409733,
          0.0,
          0.912204
        ],
        [
          6732.3,
          111.269,
          -54747.8
        ]
      ],
      "objLayer": 0,
      "props": {}
    },
    "bdt_t2_bomb_zone_03_aaa_point_01": {
      "type": "Point",
      "tm": [
        [
          0.912204,
          0.0,
          0.409733
        ],
        [
          0.0,
          1.0,
          0.0
        ],
        [
          -0.409733,
          0.0,
          0.912204
        ],
        [
          12210.0,
          48.1021,
          -57394.3
        ]
      ],
      "objLayer": 0,
      "props": {}
    },
    "bdt_t2_bomb_zone_03_aaa_point_02": {
      "type": "Point",
      "tm": [
        [
          0.912204,
          0.0,
          0.409733
        ],
        [
          0.0,
          1.0,
          0.0
        ],
        [
          -0.409733,
          0.0,
          0.912204
        ],
        [
          11769.8,
          60.9741,
          -56959.7
        ]
      ],
      "objLayer": 0,
      "props": {}
    },
    "bdt_t2_bomb_zone_03_aaa_point_03": {
      "type": "Point",
      "tm": [
        [
          0.912204,
          0.0,
          0.409733
        ],
        [
          0.0,
          1.0,
          0.0
        ],
        [
          -0.409733,
          0.0,
          0.912204
        ],
        [
          11497.2,
          67.6921,
          -57101.7
        ]
      ],
      "objLayer": 0,
      "props": {}
    },
    "bdt_t2_bomb_zone_03_aaa_point_04": {
      "type": "Point",
      "tm": [
        [
          0.912204,
          0.0,
          0.409733
        ],
        [
          0.0,
          1.0,
          0.0
        ],
        [
          -0.409733,
          0.0,
          0.912204
        ],
        [
          11622.2,
          87.0001,
          -57546.3
        ]
      ],
      "objLayer": 0,
      "props": {}
    },
    "bdt_t2_bomb_zone_04_aaa_point_01": {
      "type": "Point",
      "tm": [
        [
          0.912204,
          0.0,
          0.409733
        ],
        [
          0.0,
          1.0,
          0.0
        ],
        [
          -0.409733,
          0.0,
          0.912204
        ],
        [
          3580.51,
          73.2136,
          -42281.5
        ]
      ],
      "objLayer": 0,
      "props": {}
    },
    "bdt_t2_bomb_zone_04_aaa_point_02": {
      "type": "Point",
      "tm": [
        [
          0.912204,
          0.0,
          0.409733
        ],
        [
          0.0,
          1.0,
          0.0
        ],
        [
          -0.409733,
          0.0,
          0.912204
        ],
        [
          3172.16,
          87.3626,
          -42488.4
        ]
      ],
      "objLayer": 0,
      "props": {}
    },
    "bdt_t2_bomb_zone_04_aaa_point_03": {
      "type": "Point",
      "tm": [
        [
          0.912204,
          0.0,
          0.409733
        ],
        [
          0.0,
          1.0,
          0.0
        ],
        [
          -0.409733,
          0.0,
          0.912204
        ],
        [
          3661.97,
          28.9322,
          -42759.9
        ]
      ],
      "objLayer": 0,
      "props": {}
    },
    "bdt_t2_bomb_zone_04_aaa_point_04": {
      "type": "Point",
      "tm": [
        [
          0.912204,
          0.0,
          0.409733
        ],
        [
          0.0,
          1.0,
          0.0
        ],
        [
          -0.409733,
          0.0,
          0.912204
        ],
        [
          3429.57,
          47.8226,
          -42835.3
        ]
      ],
      "objLayer": 0,
      "props": {}
    },
    "bdt_t1_bomb_zone_01_aaa_point_01": {
      "type": "Point",
      "tm": [
        [
          0.728077,
          0.0,
          0.685494
        ],
        [
          0.0,
          1.0,
          0.0
        ],
        [
          -0.685494,
          0.0,
          0.728077
        ],
        [
          16726.2,
          55.0618,
          -35253.7
        ]
      ],
      "objLayer": 0,
      "props": {}
    },
    "bdt_t1_bomb_zone_01_aaa_point_02": {
      "type": "Point",
      "tm": [
        [
          0.728077,
          0.0,
          0.685494
        ],
        [
          0.0,
          1.0,
          0.0
        ],
        [
          -0.685494,
          0.0,
          0.728077
        ],
        [
          16326.2,
          56.4518,
          -35558.7
        ]
      ],
      "objLayer": 0,
      "props": {}
    },
    "bdt_t1_bomb_zone_01_aaa_point_03": {
      "type": "Point",
      "tm": [
        [
          0.728077,
          0.0,
          0.685494
        ],
        [
          0.0,
          1.0,
          0.0
        ],
        [
          -0.685494,
          0.0,
          0.728077
        ],
        [
          16684.3,
          51.8508,
          -35623.3
        ]
      ],
      "objLayer": 0,
      "props": {}
    },
    "bdt_t1_bomb_zone_01_aaa_point_04": {
      "type": "Point",
      "tm": [
        [
          0.728077,
          0.0,
          0.685494
        ],
        [
          0.0,
          1.0,
          0.0
        ],
        [
          -0.685494,
          0.0,
          0.728077
        ],
        [
          16460.2,
          53.8888,
          -35667.5
        ]
      ],
      "objLayer": 0,
      "props": {}
    },
    "bdt_t1_bomb_zone_02_aaa_point_01": {
      "type": "Point",
      "tm": [
        [
          0.728077,
          0.0,
          0.685494
        ],
        [
          0.0,
          1.0,
          0.0
        ],
        [
          -0.685494,
          0.0,
          0.728077
        ],
        [
          21870.6,
          74.922,
          -38136.6
        ]
      ],
      "objLayer": 0,
      "props": {}
    },
    "bdt_t1_bomb_zone_02_aaa_point_02": {
      "type": "Point",
      "tm": [
        [
          0.728077,
          0.0,
          0.685494
        ],
        [
          0.0,
          1.0,
          0.0
        ],
        [
          -0.685494,
          0.0,
          0.728077
        ],
        [
          21616.7,
          75.029,
          -38277.3
        ]
      ],
      "objLayer": 0,
      "props": {}
    },
    "bdt_t1_bomb_zone_02_aaa_point_03": {
      "type": "Point",
      "tm": [
        [
          0.728077,
          0.0,
          0.685494
        ],
        [
          0.0,
          1.0,
          0.0
        ],
        [
          -0.685494,
          0.0,
          0.728077
        ],
        [
          22108.3,
          75.467,
          -38774.9
        ]
      ],
      "objLayer": 0,
      "props": {}
    },
    "bdt_t1_bomb_zone_02_aaa_point_04": {
      "type": "Point",
      "tm": [
        [
          0.728077,
          0.0,
          0.685494
        ],
        [
          0.0,
          1.0,
          0.0
        ],
        [
          -0.685494,
          0.0,
          0.728077
        ],
        [
          21586.2,
          75.279,
          -38604.0
        ]
      ],
      "objLayer": 0,
      "props": {}
    },
    "bdt_t1_bomb_zone_03_aaa_point_01": {
      "type": "Point",
      "tm": [
        [
          0.728077,
          0.0,
          0.685494
        ],
        [
          0.0,
          1.0,
          0.0
        ],
        [
          -0.685494,
          0.0,
          0.728077
        ],
        [
          25128.1,
          89.7827,
          -44205.9
        ]
      ],
      "objLayer": 0,
      "props": {}
    },
    "bdt_t1_bomb_zone_03_aaa_point_02": {
      "type": "Point",
      "tm": [
        [
          0.728077,
          0.0,
          0.685494
        ],
        [
          0.0,
          1.0,
          0.0
        ],
        [
          -0.685494,
          0.0,
          0.728077
        ],
        [
          25092.5,
          69.4285,
          -43657.3
        ]
      ],
      "objLayer": 0,
      "props": {}
    },
    "bdt_t1_bomb_zone_03_aaa_point_03": {
      "type": "Point",
      "tm": [
        [
          0.728077,
          0.0,
          0.685494
        ],
        [
          0.0,
          1.0,
          0.0
        ],
        [
          -0.685494,
          0.0,
          0.728077
        ],
        [
          24848.7,
          70.1058,
          -43795.1
        ]
      ],
      "objLayer": 0,
      "props": {}
    },
    "bdt_t1_bomb_zone_03_aaa_point_04": {
      "type": "Point",
      "tm": [
        [
          0.728077,
          0.0,
          0.685494
        ],
        [
          0.0,
          1.0,
          0.0
        ],
        [
          -0.685494,
          0.0,
          0.728077
        ],
        [
          25377.3,
          80.8054,
          -43897.9
        ]
      ],
      "objLayer": 0,
      "props": {}
    },
    "bdt_t1_bomb_zone_04_aaa_point_01": {
      "type": "Point",
      "tm": [
        [
          0.728077,
          0.0,
          0.685494
        ],
        [
          0.0,
          1.0,
          0.0
        ],
        [
          -0.685494,
          0.0,
          0.728077
        ],
        [
          25013.2,
          225.554,
          -50360.5
        ]
      ],
      "objLayer": 0,
      "props": {}
    },
    "bdt_t1_bomb_zone_04_aaa_point_02": {
      "type": "Point",
      "tm": [
        [
          0.728077,
          0.0,
          0.685494
        ],
        [
          0.0,
          1.0,
          0.0
        ],
        [
          -0.685494,
          0.0,
          0.728077
        ],
        [
          24730.7,
          219.922,
          -50207.6
        ]
      ],
      "objLayer": 0,
      "props": {}
    },
    "bdt_t1_bomb_zone_04_aaa_point_03": {
      "type": "Point",
      "tm": [
        [
          0.728077,
          0.0,
          0.685494
        ],
        [
          0.0,
          1.0,
          0.0
        ],
        [
          -0.685494,
          0.0,
          0.728077
        ],
        [
          24907.2,
          223.979,
          -50675.5
        ]
      ],
      "objLayer": 0,
      "props": {}
    },
    "bdt_t1_bomb_zone_04_aaa_point_04": {
      "type": "Point",
      "tm": [
        [
          0.728077,
          0.0,
          0.685494
        ],
        [
          0.0,
          1.0,
          0.0
        ],
        [
          -0.685494,
          0.0,
          0.728077
        ],
        [
          24411.9,
          227.591,
          -50368.6
        ]
      ],
      "objLayer": 0,
      "props": {}
    },
    "bdt_t1_bomb_zone_05": {
      "type": "Sphere",
      "tm": [
        [
          335.389,
          0.0,
          300.024
        ],
        [
          0.0,
          450.0,
          0.0
        ],
        [
          -300.024,
          0.0,
          335.389
        ],
        [
          22181.3,
          92.297,
          -51036.3
        ]
      ],
      "objLayer": 0,
      "props": {}
    },
    "bdt_t1_bomb_zone_06": {
      "type": "Sphere",
      "tm": [
        [
          335.389,
          0.0,
          300.024
        ],
        [
          0.0,
          450.0,
          0.0
        ],
        [
          -300.024,
          0.0,
          335.389
        ],
        [
          23333.0,
          129.087,
          -47659.5
        ]
      ],
      "objLayer": 0,
      "props": {}
    },
    "bdt_t1_bomb_zone_07": {
      "type": "Sphere",
      "tm": [
        [
          335.389,
          0.0,
          300.024
        ],
        [
          0.0,
          450.0,
          0.0
        ],
        [
          -300.024,
          0.0,
          335.389
        ],
        [
          23024.5,
          75.34,
          -44218.8
        ]
      ],
      "objLayer": 0,
      "props": {}
    },
    "bdt_t1_bomb_zone_08": {
      "type": "Sphere",
      "tm": [
        [
          444.067,
          0.0,
          72.8318
        ],
        [
          0.0,
          450.0,
          0.0
        ],
        [
          -72.8318,
          0.0,
          444.067
        ],
        [
          14494.2,
          70.6384,
          -36990.3
        ]
      ],
      "objLayer": 0,
      "props": {}
    },
    "bdt_t1_bomb_zone_09": {
      "type": "Sphere",
      "tm": [
        [
          444.067,
          0.0,
          72.8318
        ],
        [
          0.0,
          450.0,
          0.0
        ],
        [
          -72.8318,
          0.0,
          444.067
        ],
        [
          17737.9,
          75.7024,
          -37881.5
        ]
      ],
      "objLayer": 0,
      "props": {}
    },
    "bdt_t1_bomb_zone_10": {
      "type": "Sphere",
      "tm": [
        [
          444.067,
          0.0,
          72.8318
        ],
        [
          0.0,
          450.0,
          0.0
        ],
        [
          -72.8318,
          0.0,
          444.067
        ],
        [
          20458.6,
          88.527,
          -39785.0
        ]
      ],
      "objLayer": 0,
      "props": {}
    },
    "bdt_t1_bomb_zone_05_aaa_point_01": {
      "type": "Point",
      "tm": [
        [
          0.728077,
          0.0,
          0.685494
        ],
        [
          0.0,
          1.0,
          0.0
        ],
        [
          -0.685494,
          0.0,
          0.728077
        ],
        [
          21966.9,
          92.4624,
          -51206.9
        ]
      ],
      "objLayer": 0,
      "props": {}
    },
    "bdt_t1_bomb_zone_05_aaa_point_02": {
      "type": "Point",
      "tm": [
        [
          0.728077,
          0.0,
          0.685494
        ],
        [
          0.0,
          1.0,
          0.0
        ],
        [
          -0.685494,
          0.0,
          0.728077
        ],
        [
          22351.0,
          93.1621,
          -51278.3
        ]
      ],
      "objLayer": 0,
      "props": {}
    },
    "bdt_t1_bomb_zone_05_aaa_point_03": {
      "type": "Point",
      "tm": [
        [
          0.728077,
          0.0,
          0.685494
        ],
        [
          0.0,
          1.0,
          0.0
        ],
        [
          -0.685494,
          0.0,
          0.728077
        ],
        [
          22571.3,
          92.2299,
          -50814.5
        ]
      ],
      "objLayer": 0,
      "props": {}
    },
    "bdt_t1_bomb_zone_05_aaa_point_04": {
      "type": "Point",
      "tm": [
        [
          0.728077,
          0.0,
          0.685494
        ],
        [
          0.0,
          1.0,
          0.0
        ],
        [
          -0.685494,
          0.0,
          0.728077
        ],
        [
          22203.8,
          91.596,
          -50759.7
        ]
      ],
      "objLayer": 0,
      "props": {}
    },
    "bdt_t1_bomb_zone_06_aaa_point_01": {
      "type": "Point",
      "tm": [
        [
          0.728077,
          0.0,
          0.685494
        ],
        [
          0.0,
          1.0,
          0.0
        ],
        [
          -0.685494,
          0.0,
          0.728077
        ],
        [
          23397.4,
          113.322,
          -47990.6
        ]
      ],
      "objLayer": 0,
      "props": {}
    },
    "bdt_t1_bomb_zone_06_aaa_point_02": {
      "type": "Point",
      "tm": [
        [
          0.728077,
          0.0,
          0.685494
        ],
        [
          0.0,
          1.0,
          0.0
        ],
        [
          -0.685494,
          0.0,
          0.728077
        ],
        [
          23142.9,
          112.53,
          -47922.7
        ]
      ],
      "objLayer": 0,
      "props": {}
    },
    "bdt_t1_bomb_zone_06_aaa_point_03": {
      "type": "Point",
      "tm": [
        [
          0.728077,
          0.0,
          0.685494
        ],
        [
          0.0,
          1.0,
          0.0
        ],
        [
          -0.685494,
          0.0,
          0.728077
        ],
        [
          23128.5,
          132.892,
          -47427.5
        ]
      ],
      "objLayer": 0,
      "props": {}
    },
    "bdt_t1_bomb_zone_06_aaa_point_04": {
      "type": "Point",
      "tm": [
        [
          0.728077,
          0.0,
          0.685494
        ],
        [
          0.0,
          1.0,
          0.0
        ],
        [
          -0.685494,
          0.0,
          0.728077
        ],
        [
          23617.2,
          136.864,
          -47571.0
        ]
      ],
      "objLayer": 0,
      "props": {}
    },
    "bdt_t1_bomb_zone_07_aaa_point_01": {
      "type": "Point",
      "tm": [
        [
          0.728077,
          0.0,
          0.685494
        ],
        [
          0.0,
          1.0,
          0.0
        ],
        [
          -0.685494,
          0.0,
          0.728077
        ],
        [
          22954.0,
          72.8083,
          -43925.9
        ]
      ],
      "objLayer": 0,
      "props": {}
    },
    "bdt_t1_bomb_zone_07_aaa_point_02": {
      "type": "Point",
      "tm": [
        [
          0.728077,
          0.0,
          0.685494
        ],
        [
          0.0,
          1.0,
          0.0
        ],
        [
          -0.685494,
          0.0,
          0.728077
        ],
        [
          23101.8,
          83.0063,
          -44558.9
        ]
      ],
      "objLayer": 0,
      "props": {}
    },
    "bdt_t1_bomb_zone_07_aaa_point_03": {
      "type": "Point",
      "tm": [
        [
          0.728077,
          0.0,
          0.685494
        ],
        [
          0.0,
          1.0,
          0.0
        ],
        [
          -0.685494,
          0.0,
          0.728077
        ],
        [
          23348.2,
          84.6133,
          -44128.4
        ]
      ],
      "objLayer": 0,
      "props": {}
    },
    "bdt_t1_bomb_zone_07_aaa_point_04": {
      "type": "Point",
      "tm": [
        [
          0.728077,
          0.0,
          0.685494
        ],
        [
          0.0,
          1.0,
          0.0
        ],
        [
          -0.685494,
          0.0,
          0.728077
        ],
        [
          22642.8,
          65.2323,
          -44093.8
        ]
      ],
      "objLayer": 0,
      "props": {}
    },
    "bdt_t1_bomb_zone_08_aaa_point_01": {
      "type": "Point",
      "tm": [
        [
          0.728077,
          0.0,
          0.685494
        ],
        [
          0.0,
          1.0,
          0.0
        ],
        [
          -0.685494,
          0.0,
          0.728077
        ],
        [
          14231.5,
          70.6304,
          -36824.3
        ]
      ],
      "objLayer": 0,
      "props": {}
    },
    "bdt_t1_bomb_zone_08_aaa_point_02": {
      "type": "Point",
      "tm": [
        [
          0.728077,
          0.0,
          0.685494
        ],
        [
          0.0,
          1.0,
          0.0
        ],
        [
          -0.685494,
          0.0,
          0.728077
        ],
        [
          14364.8,
          70.6344,
          -37267.6
        ]
      ],
      "objLayer": 0,
      "props": {}
    },
    "bdt_t1_bomb_zone_08_aaa_point_03": {
      "type": "Point",
      "tm": [
        [
          0.728077,
          0.0,
          0.685494
        ],
        [
          0.0,
          1.0,
          0.0
        ],
        [
          -0.685494,
          0.0,
          0.728077
        ],
        [
          14780.3,
          70.6474,
          -37205.0
        ]
      ],
      "objLayer": 0,
      "props": {}
    },
    "bdt_t1_bomb_zone_08_aaa_point_04": {
      "type": "Point",
      "tm": [
        [
          0.728077,
          0.0,
          0.685494
        ],
        [
          0.0,
          1.0,
          0.0
        ],
        [
          -0.685494,
          0.0,
          0.728077
        ],
        [
          14688.3,
          70.6454,
          -36799.5
        ]
      ],
      "objLayer": 0,
      "props": {}
    },
    "bdt_t1_bomb_zone_09_aaa_point_01": {
      "type": "Point",
      "tm": [
        [
          0.728077,
          0.0,
          0.685494
        ],
        [
          0.0,
          1.0,
          0.0
        ],
        [
          -0.685494,
          0.0,
          0.728077
        ],
        [
          17360.1,
          68.6744,
          -38122.4
        ]
      ],
      "objLayer": 0,
      "props": {}
    },
    "bdt_t1_bomb_zone_09_aaa_point_02": {
      "type": "Point",
      "tm": [
        [
          0.728077,
          0.0,
          0.685494
        ],
        [
          0.0,
          1.0,
          0.0
        ],
        [
          -0.685494,
          0.0,
          0.728077
        ],
        [
          17827.6,
          75.7054,
          -38281.9
        ]
      ],
      "objLayer": 0,
      "props": {}
    },
    "bdt_t1_bomb_zone_09_aaa_point_03": {
      "type": "Point",
      "tm": [
        [
          0.728077,
          0.0,
          0.685494
        ],
        [
          0.0,
          1.0,
          0.0
        ],
        [
          -0.685494,
          0.0,
          0.728077
        ],
        [
          17314.2,
          -33.0582,
          -37523.5
        ]
      ],
      "objLayer": 0,
      "props": {}
    },
    "bdt_t1_bomb_zone_09_aaa_point_04": {
      "type": "Point",
      "tm": [
        [
          0.728077,
          0.0,
          0.685494
        ],
        [
          0.0,
          1.0,
          0.0
        ],
        [
          -0.685494,
          0.0,
          0.728077
        ],
        [
          18136.4,
          75.5764,
          -37947.7
        ]
      ],
