{
  "selected_tag": "",
  "bin_dump_file": "",
  "mission_settings": {
    "player": {
      "army": 1
    },
    "player_teamB": {
      "army": 2
    },
    "mission": {
      "level": "levels/air_smolensk.bin",
      "type": "domination",
      "environment": "Day",
      "weather": "hazy",
      "restoreType": "attempts",
      "optionalTakeOff": false
    }
  },
  "imports": {},
  "triggers": {
    "isCategory": true,
    "is_enabled": true
  },
  "mission_objectives": {
    "isCategory": true,
    "is_enabled": true
  },
  "variables": {},
  "dialogs": {},
  "airfields": {},
  "effects": {},
  "units": {
    "objectGroups": [
      {
        "name": "bdt_t2_bomb_object_01",
        "tm": [
          [
            0.985488,
            0.0,
            -0.169731
          ],
          [
            0.0,
            1.0,
            0.0
          ],
          [
            0.169731,
            0.0,
            0.985488
          ],
          [
            341.135,
            102.71,
            -49879.9
          ]
        ],
        "unit_class": "dynBase_hq_camp_square",
        "objLayer": 2,
        "props": {
          "army": 2,
          "active": false
        }
      },
      {
        "name": "bdt_t2_bomb_object_02",
        "tm": [
          [
            0.611912,
            0.0,
            -0.790929
          ],
          [
            0.0,
            1.0,
            0.0
          ],
          [
            0.790929,
            0.0,
            0.611912
          ],
          [
            3867.3,
            194.509,
            -56407.8
          ]
        ],
        "unit_class": "dynBase_fuel_storage_square",
        "objLayer": 2,
        "props": {
          "army": 2,
          "active": false
        }
      },
      {
        "name": "bdt_t2_bomb_object_03",
        "tm": [
          [
            0.605603,
            0.0,
            0.795769
          ],
          [
            0.0,
            1.0,
            0.0
          ],
          [
            -0.795769,
            0.0,
            0.605603
          ],
          [
            9856.92,
            148.488,
            -59876.3
          ]
        ],
        "unit_class": "dynBase_oil_storage_small_square",
        "objLayer": 2,
        "props": {
          "army": 2,
          "active": false
        }
      },
      {
        "name": "bdt_t1_bomb_object_01",
        "tm": [
          [
            0.986815,
            0.0,
            0.161849
          ],
          [
            0.0,
            1.0,
            0.0
          ],
          [
            -0.161849,
            0.0,
            0.986815
          ],
          [
            17836.9,
            103.247,
            -32693.3
          ]
        ],
        "unit_class": "dynBase_fuel_storage_square",
        "objLayer": 2,
        "props": {
          "army": 1,
          "active": false
        }
      },
      {
        "name": "bdt_t1_bomb_object_02",
        "tm": [
          [
            0.618213,
            0.0,
            0.786009
          ],
          [
            0.0,
            1.0,
            0.0
          ],
          [
            -0.786009,
            0.0,
            0.618213
          ],
          [
            24370.1,
            88.8958,
            -36568.3
          ]
        ],
        "unit_class": "dynBase_small_factory_square",
        "objLayer": 2,
        "props": {
          "army": 1,
          "active": false
        }
      },
      {
        "name": "bdt_t1_bomb_object_03",
        "tm": [
          [
            0.435535,
            0.0,
            0.900173
          ],
          [
            0.0,
            1.0,
            0.0
          ],
          [
            -0.900173,
            0.0,
            0.435535
          ],
          [
            27973.2,
            124.023,
            -42989.7
          ]
        ],
        "unit_class": "dynBase_oil_storage_small_square",
        "objLayer": 2,
        "props": {
          "army": 1,
          "active": false
        }
      },
      {
        "name": "bdt_t2_bomb_object_04",
        "tm": [
          [
            0.904619,
            0.0,
            0.426219
          ],
          [
            0.0,
            1.0,
            0.0
          ],
          [
            -0.426219,
            0.0,
            0.904619
          ],
          [
            686.375,
            89.6057,
            -41687.8
          ]
        ],
        "unit_class": "dynBase_small_factory_square",
        "objLayer": 2,
        "props": {
          "army": 2,
          "active": false
        }
      },
      {
        "name": "bdt_t1_bomb_object_04",
        "tm": [
          [
            0.723048,
            0.0,
            0.690798
          ],
          [
            0.0,
            1.0,
            0.0
          ],
          [
            -0.690798,
            0.0,
            0.723048
          ],
          [
            27781.4,
            78.4301,
            -50203.3
          ]
        ],
        "unit_class": "dynBase_field_camp_square",
        "objLayer": 2,
        "props": {
          "army": 1,
          "active": false
        }
      },
      {
        "name": "bdt_t1_bomb_object_05",
        "tm": [
          [
            0.723048,
            0.0,
            0.690798
          ],
          [
            0.0,
            1.0,
            0.0
          ],
          [
            -0.690798,
            0.0,
            0.723048
          ],
          [
            23669.4,
            107.528,
            -52446.4
          ]
        ],
        "unit_class": "dynBase_military_base_square",
        "objLayer": 2,
        "props": {
          "army": 1,
          "active": false
        }
      },
      {
        "name": "bdt_t1_bomb_object_06",
        "tm": [
          [
            0.723048,
            0.0,
            0.690798
          ],
          [
            0.0,
            1.0,
            0.0
          ],
          [
            -0.690798,
            0.0,
            0.723048
          ],
          [
            25239.4,
            75.7499,
            -47841.3
          ]
        ],
        "unit_class": "dynBase_oil_storage_large_square",
        "objLayer": 2,
        "props": {
          "army": 1,
          "active": false
        }
      },
      {
        "name": "bdt_t1_bomb_object_07",
        "tm": [
          [
            0.723048,
            0.0,
            0.690798
          ],
          [
            0.0,
            1.0,
            0.0
          ],
          [
            -0.690798,
            0.0,
            0.723048
          ],
          [
            25052.8,
            85.0262,
            -43695.5
          ]
        ],
        "unit_class": "dynBase_oil_storage_large_square",
        "objLayer": 2,
        "props": {
          "army": 1,
          "active": false
        }
      },
      {
        "name": "bdt_t1_bomb_object_08",
        "tm": [
          [
            0.986815,
            0.0,
            0.161849
          ],
          [
            0.0,
            1.0,
            0.0
          ],
          [
            -0.161849,
            0.0,
            0.986815
          ],
          [
            14327.5,
            77.4146,
            -35067.4
          ]
        ],
        "unit_class": "dynBase_small_factory_square",
        "objLayer": 2,
        "props": {
          "army": 1,
          "active": false
        }
      },
      {
        "name": "bdt_t1_bomb_object_09",
        "tm": [
          [
            0.986815,
            0.0,
            0.161849
          ],
          [
            0.0,
            1.0,
            0.0
          ],
          [
            -0.161849,
            0.0,
            0.986815
          ],
          [
            18540.1,
            74.5819,
            -36223.5
          ]
        ],
        "unit_class": "dynBase_hq_camp_square",
        "objLayer": 2,
        "props": {
          "army": 1,
          "active": false
        }
      },
      {
        "name": "bdt_t1_bomb_object_10",
        "tm": [
          [
            0.986815,
            0.0,
            0.161849
          ],
          [
            0.0,
            1.0,
            0.0
          ],
          [
            -0.161849,
            0.0,
            0.986815
          ],
          [
            21975.7,
            71.3384,
            -38522.0
          ]
        ],
        "unit_class": "dynBase_petrol_camp_square",
        "objLayer": 2,
        "props": {
          "army": 1,
          "active": false
        }
      },
      {
        "name": "bdt_t2_bomb_object_05",
        "tm": [
          [
            0.904619,
            0.0,
            0.426219
          ],
          [
            0.0,
            1.0,
            0.0
          ],
          [
            -0.426219,
            0.0,
            0.904619
          ],
          [
            4445.8,
            99.7057,
            -40782.9
          ]
        ],
        "unit_class": "dynBase_petrol_camp_square",
        "objLayer": 2,
        "props": {
          "army": 2,
          "active": false
        }
      },
      {
        "name": "bdt_t2_bomb_object_06",
        "tm": [
          [
            0.598806,
            0.0,
            0.800894
          ],
          [
            0.0,
            1.0,
            0.0
          ],
          [
            -0.800894,
            0.0,
            0.598806
          ],
          [
            3118.58,
            55.1417,
            -44492.5
          ]
        ],
        "unit_class": "dynBase_military_base_square",
        "objLayer": 2,
        "props": {
          "army": 2,
          "active": false
        }
      },
      {
        "name": "bdt_t2_bomb_object_07",
        "tm": [
          [
            0.904619,
            0.0,
            0.426219
          ],
          [
            0.0,
            1.0,
            0.0
          ],
          [
            -0.426219,
            0.0,
            0.904619
          ],
          [
            3707.49,
            74.5176,
            -49036.5
          ]
        ],
        "unit_class": "dynBase_fuel_storage_square",
        "objLayer": 2,
        "props": {
          "army": 2,
          "active": false
        }
      },
      {
        "name": "bdt_t2_bomb_object_08",
        "tm": [
          [
            0.605603,
            0.0,
            0.795769
          ],
          [
            0.0,
            1.0,
            0.0
          ],
          [
            -0.795769,
            0.0,
            0.605603
          ],
          [
            13995.3,
            79.4933,
            -57940.1
          ]
        ],
        "unit_class": "dynBase_ammunition_storage_square",
        "objLayer": 2,
        "props": {
          "army": 2,
          "active": false
        }
      },
      {
        "name": "bdt_t2_bomb_object_09",
        "tm": [
          [
            0.605603,
            0.0,
            0.795769
          ],
          [
            0.0,
            1.0,
            0.0
          ],
          [
            -0.795769,
            0.0,
            0.605603
          ],
          [
            9779.52,
            77.3861,
            -56948.2
          ]
        ],
        "unit_class": "dynBase_field_camp_square",
        "objLayer": 2,
        "props": {
          "army": 2,
          "active": false
        }
      },
      {
        "name": "bdt_t2_bomb_object_10",
        "tm": [
          [
            0.605603,
            0.0,
            0.795769
          ],
          [
            0.0,
            1.0,
            0.0
          ],
          [
            -0.795769,
            0.0,
            0.605603
          ],
          [
            6079.81,
            165.657,
            -54297.0
          ]
        ],
        "unit_class": "dynBase_oil_storage_small_square",
        "objLayer": 2,
        "props": {
          "army": 2,
          "active": false
        }
      }
    ]
  },
  "areas": {
    "bdt_t2_bomb_zone_01": {
      "type": "Sphere",
      "tm": [
        [
          443.472,
          0.0,
          -76.3798
        ],
        [
          0.0,
          450.0,
          0.0
        ],
        [
          76.3798,
          0.0,
          443.472
        ],
        [
          337.635,
          90.0556,
          -49886.1
        ]
      ],
      "objLayer": 0,
      "props": {}
    },
    "bdt_t2_bomb_zone_02": {
      "type": "Sphere",
      "tm": [
        [
          443.472,
          0.0,
          -76.3798
        ],
        [
          0.0,
          450.0,
          0.0
        ],
        [
          76.3798,
          0.0,
          443.472
        ],
        [
          3879.92,
          195.196,
          -56390.3
        ]
      ],
      "objLayer": 0,
      "props": {}
    },
    "bdt_t2_bomb_zone_03": {
      "type": "Sphere",
      "tm": [
        [
          272.523,
          0.0,
          358.095
        ],
        [
          0.0,
          450.0,
          0.0
        ],
        [
          -358.095,
          0.0,
          272.523
        ],
        [
          9847.12,
          148.493,
          -59875.5
        ]
      ],
      "objLayer": 0,
      "props": {}
    },
    "bdt_t1_bomb_zone_01": {
      "type": "Sphere",
      "tm": [
        [
          444.067,
          0.0,
          72.8318
        ],
        [
          0.0,
          450.0,
          0.0
        ],
        [
          -72.8318,
          0.0,
          444.067
        ],
        [
          17848.5,
          103.169,
          -32688.3
        ]
      ],
      "objLayer": 0,
      "props": {}
    },
    "bdt_t1_bomb_zone_02": {
      "type": "Sphere",
      "tm": [
        [
          348.157,
          0.0,
          285.108
        ],
        [
          0.0,
          450.0,
          0.0
        ],
        [
          -285.108,
          0.0,
          348.157
        ],
        [
          24372.2,
          88.8918,
          -36564.0
        ]
      ],
      "objLayer": 0,
      "props": {}
    },
    "bdt_t1_bomb_zone_03": {
      "type": "Sphere",
      "tm": [
        [
          335.389,
          0.0,
          300.024
        ],
        [
          0.0,
          450.0,
          0.0
        ],
        [
          -300.024,
          0.0,
          335.389
        ],
        [
          27977.0,
          123.931,
          -42985.4
        ]
      ],
      "objLayer": 0,
      "props": {}
    },
    "bdt_t2_bomb_zone_04": {
      "type": "Sphere",
      "tm": [
        [
          407.078,
          0.0,
          191.798
        ],
        [
          0.0,
          450.0,
          0.0
        ],
        [
          -191.798,
          0.0,
          407.078
        ],
        [
          694.195,
          88.8827,
          -41686.2
        ]
      ],
      "objLayer": 0,
      "props": {}
    },
    "bdt_t1_bomb_zone_04": {
      "type": "Sphere",
      "tm": [
        [
          335.389,
          0.0,
          300.024
        ],
        [
          0.0,
          450.0,
          0.0
        ],
        [
          -300.024,
          0.0,
          335.389
        ],
        [
          27777.7,
          78.3551,
          -50198.9
        ]
      ],
      "objLayer": 0,
      "props": {}
    },
    "bdt_t2_bomb_zone_01_aaa_point_01": {
      "type": "Point",
      "tm": [
        [
          0.912204,
          0.0,
          0.409733
        ],
        [
          0.0,
          1.0,
          0.0
        ],
        [
          -0.409733,
          0.0,
          0.912204
        ],
        [
          453.875,
          74.3716,
          -50079.3
        ]
      ],
      "objLayer": 0,
      "props": {}
    },
    "bdt_t2_bomb_zone_01_aaa_point_02": {
      "type": "Point",
      "tm": [
        [
          0.912204,
          0.0,
          0.409733
        ],
        [
          0.0,
          1.0,
          0.0
        ],
        [
          -0.409733,
          0.0,
          0.912204
        ],
        [
          107.045,
          85.5116,
          -49706.6
        ]
      ],
      "objLayer": 0,
      "props": {}
    },
    "bdt_t2_bomb_zone_01_aaa_point_03": {
      "type": "Point",
      "tm": [
        [
          0.912204,
          0.0,
          0.409733
        ],
        [
          0.0,
          1.0,
          0.0
        ],
        [
          -0.409733,
          0.0,
          0.912204
        ],
        [
          212.105,
          77.9546,
          -49650.7
        ]
      ],
      "objLayer": 0,
      "props": {}
    },
    "bdt_t2_bomb_zone_01_aaa_point_04": {
      "type": "Point",
      "tm": [
        [
          0.912204,
          0.0,
          0.409733
        ],
        [
          0.0,
          1.0,
          0.0
        ],
        [
          -0.409733,
          0.0,
          0.912204
        ],
        [
          553.515,
          78.7696,
          -49471.5
        ]
      ],
      "objLayer": 0,
      "props": {}
    },
    "bdt_t2_bomb_zone_02_aaa_point_01": {
      "type": "Point",
      "tm": [
        [
          0.912204,
          0.0,
          0.409733
        ],
        [
          0.0,
          1.0,
          0.0
        ],
        [
          -0.409733,
          0.0,
          0.912204
        ],
        [
          3759.86,
          199.819,
          -56607.9
        ]
      ],
      "objLayer": 0,
      "props": {}
    },
    "bdt_t2_bomb_zone_02_aaa_point_02": {
      "type": "Point",
      "tm": [
        [
          0.912204,
          0.0,
          0.409733
        ],
        [
          0.0,
          1.0,
          0.0
        ],
        [
          -0.409733,
          0.0,
          0.912204
        ],
        [
          3807.96,
          190.203,
          -56071.0
        ]
      ],
      "objLayer": 0,
      "props": {}
    },
    "bdt_t2_bomb_zone_02_aaa_point_03": {
      "type": "Point",
      "tm": [
        [
          0.912204,
          0.0,
          0.409733
        ],
        [
          0.0,
          1.0,
          0.0
        ],
        [
          -0.409733,
          0.0,
          0.912204
        ],
        [
          3600.36,
          191.786,
          -56395.8
        ]
      ],
      "objLayer": 0,
      "props": {}
    },
    "bdt_t2_bomb_zone_02_aaa_point_04": {
      "type": "Point",
      "tm": [
        [
          0.912204,
          0.0,
          0.409733
        ],
        [
          0.0,
          1.0,
          0.0
        ],
        [
          -0.409733,
          0.0,
          0.912204
        ],
        [
          4102.07,
          187.679,
          -56333.4
        ]
      ],
      "objLayer": 0,
      "props": {}
    },
    "bdt_t2_bomb_zone_03_aaa_point_01": {
      "type": "Point",
      "tm": [
        [
          0.912204,
          0.0,
          0.409733
        ],
        [
          0.0,
          1.0,
          0.0
        ],
        [
          -0.409733,
          0.0,
          0.912204
        ],
        [
          10276.9,
          118.512,
          -60017.7
        ]
      ],
      "objLayer": 0,
      "props": {}
    },
    "bdt_t2_bomb_zone_03_aaa_point_02": {
      "type": "Point",
      "tm": [
        [
          0.912204,
          0.0,
          0.409733
        ],
        [
          0.0,
          1.0,
          0.0
        ],
        [
          -0.409733,
          0.0,
          0.912204
        ],
        [
          9836.72,
          131.384,
          -59583.1
        ]
      ],
      "objLayer": 0,
      "props": {}
    },
    "bdt_t2_bomb_zone_03_aaa_point_03": {
      "type": "Point",
      "tm": [
        [
          0.912204,
          0.0,
          0.409733
        ],
        [
          0.0,
          1.0,
          0.0
        ],
        [
          -0.409733,
          0.0,
          0.912204
        ],
        [
          9564.12,
          138.102,
          -59725.2
        ]
      ],
      "objLayer": 0,
      "props": {}
    },
    "bdt_t2_bomb_zone_03_aaa_point_04": {
      "type": "Point",
      "tm": [
        [
          0.912204,
          0.0,
          0.409733
        ],
        [
          0.0,
          1.0,
          0.0
        ],
        [
          -0.409733,
          0.0,
          0.912204
        ],
        [
          9689.12,
          157.41,
          -60169.7
        ]
      ],
      "objLayer": 0,
      "props": {}
    },
    "bdt_t2_bomb_zone_04_aaa_point_01": {
      "type": "Point",
      "tm": [
        [
          0.912204,
          0.0,
          0.409733
        ],
        [
          0.0,
          1.0,
          0.0
        ],
        [
          -0.409733,
          0.0,
          0.912204
        ],
        [
          817.956,
          94.9487,
          -41377.8
        ]
      ],
      "objLayer": 0,
      "props": {}
    },
    "bdt_t2_bomb_zone_04_aaa_point_02": {
      "type": "Point",
      "tm": [
        [
          0.912204,
          0.0,
          0.409733
        ],
        [
          0.0,
          1.0,
          0.0
        ],
        [
          -0.409733,
          0.0,
          0.912204
        ],
        [
          409.595,
          109.099,
          -41584.7
        ]
      ],
      "objLayer": 0,
      "props": {}
    },
    "bdt_t2_bomb_zone_04_aaa_point_03": {
      "type": "Point",
      "tm": [
        [
          0.912204,
          0.0,
          0.409733
        ],
        [
          0.0,
          1.0,
          0.0
        ],
        [
          -0.409733,
          0.0,
          0.912204
        ],
        [
          899.395,
          50.6678,
          -41856.2
        ]
      ],
      "objLayer": 0,
      "props": {}
    },
    "bdt_t2_bomb_zone_04_aaa_point_04": {
      "type": "Point",
      "tm": [
        [
          0.912204,
          0.0,
          0.409733
        ],
        [
          0.0,
          1.0,
          0.0
        ],
        [
          -0.409733,
          0.0,
          0.912204
        ],
        [
          667.006,
          69.5586,
          -41931.6
        ]
      ],
      "objLayer": 0,
      "props": {}
    },
    "bdt_t1_bomb_zone_01_aaa_point_01": {
      "type": "Point",
      "tm": [
        [
          0.728077,
          0.0,
          0.685494
        ],
        [
          0.0,
          1.0,
          0.0
        ],
        [
          -0.685494,
          0.0,
          0.728077
        ],
        [
          18027.7,
          102.987,
          -32507.2
        ]
      ],
      "objLayer": 0,
      "props": {}
    },
    "bdt_t1_bomb_zone_01_aaa_point_02": {
      "type": "Point",
      "tm": [
        [
          0.728077,
          0.0,
          0.685494
        ],
        [
          0.0,
          1.0,
          0.0
        ],
        [
          -0.685494,
          0.0,
          0.728077
        ],
        [
          17627.7,
          104.378,
          -32812.2
        ]
      ],
      "objLayer": 0,
      "props": {}
    },
    "bdt_t1_bomb_zone_01_aaa_point_03": {
      "type": "Point",
      "tm": [
        [
          0.728077,
          0.0,
          0.685494
        ],
        [
          0.0,
          1.0,
          0.0
        ],
        [
          -0.685494,
          0.0,
          0.728077
        ],
        [
          17985.9,
          99.7762,
          -32876.8
        ]
      ],
      "objLayer": 0,
      "props": {}
    },
    "bdt_t1_bomb_zone_01_aaa_point_04": {
      "type": "Point",
      "tm": [
        [
          0.728077,
          0.0,
          0.685494
        ],
        [
          0.0,
          1.0,
          0.0
        ],
        [
          -0.685494,
          0.0,
          0.728077
        ],
        [
          17761.8,
          101.815,
          -32921.0
        ]
      ],
      "objLayer": 0,
      "props": {}
    },
    "bdt_t1_bomb_zone_02_aaa_point_01": {
      "type": "Point",
      "tm": [
        [
          0.728077,
          0.0,
          0.685494
        ],
        [
          0.0,
          1.0,
          0.0
        ],
        [
          -0.685494,
          0.0,
          0.728077
        ],
        [
          24393.4,
          88.6728,
          -36294.4
        ]
      ],
      "objLayer": 0,
      "props": {}
    },
    "bdt_t1_bomb_zone_02_aaa_point_02": {
      "type": "Point",
      "tm": [
        [
          0.728077,
          0.0,
          0.685494
        ],
        [
          0.0,
          1.0,
          0.0
        ],
        [
          -0.685494,
          0.0,
          0.728077
        ],
        [
          24139.5,
          88.7798,
          -36435.1
        ]
      ],
      "objLayer": 0,
      "props": {}
    },
    "bdt_t1_bomb_zone_02_aaa_point_03": {
      "type": "Point",
      "tm": [
        [
          0.728077,
          0.0,
          0.685494
        ],
        [
          0.0,
          1.0,
          0.0
        ],
        [
          -0.685494,
          0.0,
          0.728077
        ],
        [
          24631.1,
          89.2178,
          -36932.6
        ]
      ],
      "objLayer": 0,
      "props": {}
    },
    "bdt_t1_bomb_zone_02_aaa_point_04": {
      "type": "Point",
      "tm": [
        [
          0.728077,
          0.0,
          0.685494
        ],
        [
          0.0,
          1.0,
          0.0
        ],
        [
          -0.685494,
          0.0,
          0.728077
        ],
        [
          24109.0,
          89.0298,
          -36761.8
        ]
      ],
      "objLayer": 0,
      "props": {}
    },
    "bdt_t1_bomb_zone_03_aaa_point_01": {
      "type": "Point",
      "tm": [
        [
          0.728077,
          0.0,
          0.685494
        ],
        [
          0.0,
          1.0,
          0.0
        ],
        [
          -0.685494,
          0.0,
          0.728077
        ],
        [
          27988.7,
          134.692,
          -43293.0
        ]
      ],
      "objLayer": 0,
      "props": {}
    },
    "bdt_t1_bomb_zone_03_aaa_point_02": {
      "type": "Point",
      "tm": [
        [
          0.728077,
          0.0,
          0.685494
        ],
        [
          0.0,
          1.0,
          0.0
        ],
        [
          -0.685494,
          0.0,
          0.728077
        ],
        [
          27953.1,
          114.337,
          -42744.5
        ]
      ],
      "objLayer": 0,
      "props": {}
    },
    "bdt_t1_bomb_zone_03_aaa_point_03": {
      "type": "Point",
      "tm": [
        [
          0.728077,
          0.0,
          0.685494
        ],
        [
          0.0,
          1.0,
          0.0
        ],
        [
          -0.685494,
          0.0,
          0.728077
        ],
        [
          27709.4,
          115.014,
          -42882.3
        ]
      ],
      "objLayer": 0,
      "props": {}
    },
    "bdt_t1_bomb_zone_03_aaa_point_04": {
      "type": "Point",
      "tm": [
        [
          0.728077,
          0.0,
          0.685494
        ],
        [
          0.0,
          1.0,
          0.0
        ],
        [
          -0.685494,
          0.0,
          0.728077
        ],
        [
          28237.9,
          125.714,
          -42985.1
        ]
      ],
      "objLayer": 0,
      "props": {}
    },
    "bdt_t1_bomb_zone_04_aaa_point_01": {
      "type": "Point",
      "tm": [
        [
          0.728077,
          0.0,
          0.685494
        ],
        [
          0.0,
          1.0,
          0.0
        ],
        [
          -0.685494,
          0.0,
          0.728077
        ],
        [
          28078.7,
          83.8331,
          -50099.7
        ]
      ],
      "objLayer": 0,
      "props": {}
    },
    "bdt_t1_bomb_zone_04_aaa_point_02": {
      "type": "Point",
      "tm": [
        [
          0.728077,
          0.0,
          0.685494
        ],
        [
          0.0,
          1.0,
          0.0
        ],
        [
          -0.685494,
          0.0,
          0.728077
        ],
        [
          27796.2,
          78.2011,
          -49946.8
        ]
      ],
      "objLayer": 0,
      "props": {}
    },
    "bdt_t1_bomb_zone_04_aaa_point_03": {
      "type": "Point",
      "tm": [
        [
          0.728077,
          0.0,
          0.685494
        ],
        [
          0.0,
          1.0,
          0.0
        ],
        [
          -0.685494,
          0.0,
          0.728077
        ],
        [
          27972.7,
          82.2581,
          -50414.8
        ]
      ],
      "objLayer": 0,
      "props": {}
    },
    "bdt_t1_bomb_zone_04_aaa_point_04": {
      "type": "Point",
      "tm": [
        [
          0.728077,
          0.0,
          0.685494
        ],
        [
          0.0,
          1.0,
          0.0
        ],
        [
          -0.685494,
          0.0,
          0.728077
        ],
        [
          27477.3,
          85.8701,
          -50107.9
        ]
      ],
      "objLayer": 0,
      "props": {}
    },
    "bdt_t1_bomb_zone_05": {
      "type": "Sphere",
      "tm": [
        [
          335.389,
          0.0,
          300.024
        ],
        [
          0.0,
          450.0,
          0.0
        ],
        [
          -300.024,
          0.0,
          335.389
        ],
        [
          23665.8,
          107.511,
          -52441.9
        ]
      ],
      "objLayer": 0,
      "props": {}
    },
    "bdt_t1_bomb_zone_06": {
      "type": "Sphere",
      "tm": [
        [
          335.389,
          0.0,
          300.024
        ],
        [
          0.0,
          450.0,
          0.0
        ],
        [
          -300.024,
          0.0,
          335.389
        ],
        [
          25235.8,
          75.8979,
          -47836.8
        ]
      ],
      "objLayer": 0,
      "props": {}
    },
    "bdt_t1_bomb_zone_07": {
      "type": "Sphere",
      "tm": [
        [
          335.389,
          0.0,
          300.024
        ],
        [
          0.0,
          450.0,
          0.0
        ],
        [
          -300.024,
          0.0,
          335.389
        ],
        [
          25049.1,
          84.9228,
          -43691.0
        ]
      ],
      "objLayer": 0,
      "props": {}
    },
    "bdt_t1_bomb_zone_08": {
      "type": "Sphere",
      "tm": [
        [
          444.067,
          0.0,
          72.8318
        ],
        [
          0.0,
          450.0,
          0.0
        ],
        [
          -72.8318,
          0.0,
          444.067
        ],
        [
          14339.1,
          77.4146,
          -35062.3
        ]
      ],
      "objLayer": 0,
      "props": {}
    },
    "bdt_t1_bomb_zone_09": {
      "type": "Sphere",
      "tm": [
        [
          444.067,
          0.0,
          72.8318
        ],
        [
          0.0,
          450.0,
          0.0
        ],
        [
          -72.8318,
          0.0,
          444.067
        ],
        [
          18551.6,
          74.5819,
          -36218.5
        ]
      ],
      "objLayer": 0,
      "props": {}
    },
    "bdt_t1_bomb_zone_10": {
      "type": "Sphere",
      "tm": [
        [
          444.067,
          0.0,
          72.8318
        ],
        [
          0.0,
          450.0,
          0.0
        ],
        [
          -72.8318,
          0.0,
          444.067
        ],
        [
          21987.3,
          86.4334,
          -38516.9
        ]
      ],
      "objLayer": 0,
      "props": {}
    },
    "bdt_t1_bomb_zone_05_aaa_point_01": {
      "type": "Point",
      "tm": [
        [
          0.728077,
          0.0,
          0.685494
        ],
        [
          0.0,
          1.0,
          0.0
        ],
        [
          -0.685494,
          0.0,
          0.728077
        ],
        [
          23451.3,
          107.677,
          -52612.5
        ]
      ],
      "objLayer": 0,
      "props": {}
    },
    "bdt_t1_bomb_zone_05_aaa_point_02": {
      "type": "Point",
      "tm": [
        [
          0.728077,
          0.0,
          0.685494
        ],
        [
          0.0,
          1.0,
          0.0
        ],
        [
          -0.685494,
          0.0,
          0.728077
        ],
        [
          23835.4,
          108.376,
          -52683.8
        ]
      ],
      "objLayer": 0,
      "props": {}
    },
    "bdt_t1_bomb_zone_05_aaa_point_03": {
      "type": "Point",
      "tm": [
        [
          0.728077,
          0.0,
          0.685494
        ],
        [
          0.0,
          1.0,
          0.0
        ],
        [
          -0.685494,
          0.0,
          0.728077
        ],
        [
          24055.7,
          107.444,
          -52220.2
        ]
      ],
      "objLayer": 0,
      "props": {}
    },
    "bdt_t1_bomb_zone_05_aaa_point_04": {
      "type": "Point",
      "tm": [
        [
          0.728077,
          0.0,
          0.685494
        ],
        [
          0.0,
          1.0,
          0.0
        ],
        [
          -0.685494,
          0.0,
          0.728077
        ],
        [
          23688.3,
          106.81,
          -52165.2
        ]
      ],
      "objLayer": 0,
      "props": {}
    },
    "bdt_t1_bomb_zone_06_aaa_point_01": {
      "type": "Point",
      "tm": [
        [
          0.728077,
          0.0,
          0.685494
        ],
        [
          0.0,
          1.0,
          0.0
        ],
        [
          -0.685494,
          0.0,
          0.728077
        ],
        [
          25300.2,
          60.1334,
          -48167.9
        ]
      ],
      "objLayer": 0,
      "props": {}
    },
    "bdt_t1_bomb_zone_06_aaa_point_02": {
      "type": "Point",
      "tm": [
        [
          0.728077,
          0.0,
          0.685494
        ],
        [
          0.0,
          1.0,
          0.0
        ],
        [
          -0.685494,
          0.0,
          0.728077
        ],
        [
          25045.7,
          59.3419,
          -48099.9
        ]
      ],
      "objLayer": 0,
      "props": {}
    },
    "bdt_t1_bomb_zone_06_aaa_point_03": {
      "type": "Point",
      "tm": [
        [
          0.728077,
          0.0,
          0.685494
        ],
        [
          0.0,
          1.0,
          0.0
        ],
        [
          -0.685494,
          0.0,
          0.728077
        ],
        [
          25031.3,
          79.7039,
          -47604.8
        ]
      ],
      "objLayer": 0,
      "props": {}
    },
    "bdt_t1_bomb_zone_06_aaa_point_04": {
      "type": "Point",
      "tm": [
        [
          0.728077,
          0.0,
          0.685494
        ],
        [
          0.0,
          1.0,
          0.0
        ],
        [
          -0.685494,
          0.0,
          0.728077
        ],
        [
          25520.0,
          83.6759,
          -47748.3
        ]
      ],
      "objLayer": 0,
      "props": {}
    },
    "bdt_t1_bomb_zone_07_aaa_point_01": {
      "type": "Point",
      "tm": [
        [
          0.728077,
          0.0,
          0.685494
        ],
        [
          0.0,
          1.0,
          0.0
        ],
        [
          -0.685494,
          0.0,
          0.728077
        ],
        [
          24978.6,
          82.3911,
          -43398.1
        ]
      ],
      "objLayer": 0,
      "props": {}
    },
    "bdt_t1_bomb_zone_07_aaa_point_02": {
      "type": "Point",
      "tm": [
        [
          0.728077,
          0.0,
          0.685494
        ],
        [
          0.0,
          1.0,
          0.0
        ],
        [
          -0.685494,
          0.0,
          0.728077
        ],
        [
          25126.3,
          92.5892,
          -44031.2
        ]
      ],
      "objLayer": 0,
      "props": {}
    },
    "bdt_t1_bomb_zone_07_aaa_point_03": {
      "type": "Point",
      "tm": [
        [
          0.728077,
          0.0,
          0.685494
        ],
        [
          0.0,
          1.0,
          0.0
        ],
        [
          -0.685494,
          0.0,
          0.728077
        ],
        [
          25372.8,
          94.1962,
          -43600.6
        ]
      ],
      "objLayer": 0,
      "props": {}
    },
    "bdt_t1_bomb_zone_07_aaa_point_04": {
      "type": "Point",
      "tm": [
        [
          0.728077,
          0.0,
          0.685494
        ],
        [
          0.0,
          1.0,
          0.0
        ],
        [
          -0.685494,
          0.0,
          0.728077
        ],
        [
          24667.4,
          74.8151,
          -43566.0
        ]
      ],
      "objLayer": 0,
      "props": {}
    },
    "bdt_t1_bomb_zone_08_aaa_point_01": {
      "type": "Point",
      "tm": [
        [
          0.728077,
          0.0,
          0.685494
        ],
        [
          0.0,
          1.0,
          0.0
        ],
        [
          -0.685494,
          0.0,
          0.728077
        ],
        [
          14076.5,
          77.4066,
          -34896.4
        ]
      ],
      "objLayer": 0,
      "props": {}
    },
    "bdt_t1_bomb_zone_08_aaa_point_02": {
      "type": "Point",
      "tm": [
        [
          0.728077,
          0.0,
          0.685494
        ],
        [
          0.0,
          1.0,
          0.0
        ],
        [
          -0.685494,
          0.0,
          0.728077
        ],
        [
          14209.8,
          77.4106,
          -35339.7
        ]
      ],
      "objLayer": 0,
      "props": {}
    },
    "bdt_t1_bomb_zone_08_aaa_point_03": {
      "type": "Point",
      "tm": [
        [
          0.728077,
          0.0,
          0.685494
        ],
        [
          0.0,
          1.0,
          0.0
        ],
        [
          -0.685494,
          0.0,
          0.728077
        ],
        [
          14625.3,
          77.4236,
          -35277.1
        ]
      ],
      "objLayer": 0,
      "props": {}
    },
    "bdt_t1_bomb_zone_08_aaa_point_04": {
      "type": "Point",
      "tm": [
        [
          0.728077,
          0.0,
          0.685494
        ],
        [
          0.0,
          1.0,
          0.0
        ],
        [
          -0.685494,
          0.0,
          0.728077
        ],
        [
          14533.2,
          77.4216,
          -34871.6
        ]
      ],
      "objLayer": 0,
      "props": {}
    },
    "bdt_t1_bomb_zone_09_aaa_point_01": {
      "type": "Point",
      "tm": [
        [
          0.728077,
          0.0,
          0.685494
        ],
        [
          0.0,
          1.0,
          0.0
        ],
        [
          -0.685494,
          0.0,
          0.728077
        ],
        [
          18173.8,
          67.5539,
          -36459.3
        ]
      ],
      "objLayer": 0,
      "props": {}
    },
    "bdt_t1_bomb_zone_09_aaa_point_02": {
      "type": "Point",
      "tm": [
        [
          0.728077,
          0.0,
          0.685494
        ],
        [
          0.0,
          1.0,
          0.0
        ],
        [
          -0.685494,
          0.0,
          0.728077
        ],
        [
          18641.3,
          74.5849,
          -36618.8
        ]
      ],
      "objLayer": 0,
      "props": {}
    },
    "bdt_t1_bomb_zone_09_aaa_point_03": {
      "type": "Point",
      "tm": [
        [
          0.728077,
          0.0,
          0.685494
        ],
        [
          0.0,
          1.0,
          0.0
        ],
        [
          -0.685494,
          0.0,
          0.728077
        ],
        [
          18127.9,
          -34.1782,
          -35860.5
        ]
      ],
      "objLayer": 0,
      "props": {}
    },
    "bdt_t1_bomb_zone_09_aaa_point_04": {
      "type": "Point",
      "tm": [
        [
          0.728077,
          0.0,
          0.685494
        ],
        [
          0.0,
          1.0,
          0.0
        ],
        [
          -0.685494,
          0.0,
          0.728077
        ],
        [
          18950.1,
          74.4559,
          -36284.6
