{
  "selected_tag": "",
  "bin_dump_file": "",
  "mission_settings": {
    "player": {
      "army": 1
    },
    "player_teamB": {
      "army": 2
    },
    "mission": {
      "level": "levels/air_smolensk.bin",
      "type": "domination",
      "environment": "Day",
      "weather": "hazy",
      "restoreType": "attempts",
      "optionalTakeOff": false
    }
  },
  "imports": {},
  "triggers": {
    "isCategory": true,
    "is_enabled": true
  },
  "mission_objectives": {
    "isCategory": true,
    "is_enabled": true
  },
  "variables": {},
  "dialogs": {},
  "airfields": {},
  "effects": {},
  "units": {
    "objectGroups": [
      {
        "name": "bdt_t2_bomb_object_01",
        "tm": [
          [
            0.985488,
            0.0,
            -0.169731
          ],
          [
            0.0,
            1.0,
            0.0
          ],
          [
            0.169731,
            0.0,
            0.985488
          ],
          [
            7005.31,
            122.564,
            -56051.6
          ]
        ],
        "unit_class": "dynBase_hq_camp_square",
        "objLayer": 2,
        "props": {
          "army": 2,
          "active": true
        }
      },
      {
        "name": "bdt_t2_bomb_object_02",
        "tm": [
          [
            0.611912,
            0.0,
            -0.790929
          ],
          [
            0.0,
            1.0,
            0.0
          ],
          [
            0.790929,
            0.0,
            0.611912
          ],
          [
            10397.5,
            118.099,
            -61867.7
          ]
        ],
        "unit_class": "dynBase_fuel_storage_square",
        "objLayer": 2,
        "props": {
          "army": 2,
          "active": true
        }
      },
      {
        "name": "bdt_t2_bomb_object_03",
        "tm": [
          [
            0.605603,
            0.0,
            0.795769
          ],
          [
            0.0,
            1.0,
            0.0
          ],
          [
            -0.795769,
            0.0,
            0.605603
          ],
          [
            15690.0,
            78.0781,
            -64298.3
          ]
        ],
        "unit_class": "dynBase_oil_storage_small_square",
        "objLayer": 2,
        "props": {
          "army": 2,
          "active": true
        }
      },
      {
        "name": "bdt_t1_bomb_object_01",
        "tm": [
          [
            0.986815,
            0.0,
            0.161849
          ],
          [
            0.0,
            1.0,
            0.0
          ],
          [
            -0.161849,
            0.0,
            0.986815
          ],
          [
            20435.3,
            55.3218,
            -42485.4
          ]
        ],
        "unit_class": "dynBase_fuel_storage_square",
        "objLayer": 2,
        "props": {
          "army": 1,
          "active": true
        }
      },
      {
        "name": "bdt_t1_bomb_object_02",
        "tm": [
          [
            0.618213,
            0.0,
            0.786009
          ],
          [
            0.0,
            1.0,
            0.0
          ],
          [
            -0.786009,
            0.0,
            0.618213
          ],
          [
            25747.2,
            75.145,
            -45456.0
          ]
        ],
        "unit_class": "dynBase_small_factory_square",
        "objLayer": 2,
        "props": {
          "army": 1,
          "active": false
        }
      },
      {
        "name": "bdt_t1_bomb_object_03",
        "tm": [
          [
            0.435535,
            0.0,
            0.900173
          ],
          [
            0.0,
            1.0,
            0.0
          ],
          [
            -0.900173,
            0.0,
            0.435535
          ],
          [
            29012.6,
            79.1141,
            -50948.0
          ]
        ],
        "unit_class": "dynBase_oil_storage_small_square",
        "objLayer": 2,
        "props": {
          "army": 1,
          "active": false
        }
      },
      {
        "name": "bdt_t2_bomb_object_04",
        "tm": [
          [
            0.904619,
            0.0,
            0.426219
          ],
          [
            0.0,
            1.0,
            0.0
          ],
          [
            -0.426219,
            0.0,
            0.904619
          ],
          [
            7348.94,
            67.8696,
            -49637.0
          ]
        ],
        "unit_class": "dynBase_small_factory_square",
        "objLayer": 2,
        "props": {
          "army": 2,
          "active": true
        }
      },
      {
        "name": "bdt_t1_bomb_object_04",
        "tm": [
          [
            0.723048,
            0.0,
            0.690798
          ],
          [
            0.0,
            1.0,
            0.0
          ],
          [
            -0.690798,
            0.0,
            0.723048
          ],
          [
            28615.9,
            220.151,
            -57509.6
          ]
        ],
        "unit_class": "dynBase_field_camp_square",
        "objLayer": 2,
        "props": {
          "army": 1,
          "active": false
        }
      },
      {
        "name": "bdt_t1_bomb_object_05",
        "tm": [
          [
            0.723048,
            0.0,
            0.690798
          ],
          [
            0.0,
            1.0,
            0.0
          ],
          [
            -0.690798,
            0.0,
            0.723048
          ],
          [
            26085.0,
            92.3138,
            -58086.3
          ]
        ],
        "unit_class": "dynBase_military_base_square",
        "objLayer": 2,
        "props": {
          "army": 1,
          "active": false
        }
      },
      {
        "name": "bdt_t1_bomb_object_06",
        "tm": [
          [
            0.723048,
            0.0,
            0.690798
          ],
          [
            0.0,
            1.0,
            0.0
          ],
          [
            -0.690798,
            0.0,
            0.723048
          ],
          [
            27236.6,
            128.938,
            -54709.5
          ]
        ],
        "unit_class": "dynBase_oil_storage_large_square",
        "objLayer": 2,
        "props": {
          "army": 1,
          "active": false
        }
      },
      {
        "name": "bdt_t1_bomb_object_07",
        "tm": [
          [
            0.723048,
            0.0,
            0.690798
          ],
          [
            0.0,
            1.0,
            0.0
          ],
          [
            -0.690798,
            0.0,
            0.723048
          ],
          [
            26928.2,
            75.4434,
            -51268.8
          ]
        ],
        "unit_class": "dynBase_oil_storage_large_square",
        "objLayer": 2,
        "props": {
          "army": 1,
          "active": false
        }
      },
      {
        "name": "bdt_t1_bomb_object_08",
        "tm": [
          [
            0.986815,
            0.0,
            0.161849
          ],
          [
            0.0,
            1.0,
            0.0
          ],
          [
            -0.161849,
            0.0,
            0.986815
          ],
          [
            18382.5,
            70.6384,
            -44040.8
          ]
        ],
        "unit_class": "dynBase_small_factory_square",
        "objLayer": 2,
        "props": {
          "army": 1,
          "active": true
        }
      },
      {
        "name": "bdt_t1_bomb_object_09",
        "tm": [
          [
            0.986815,
            0.0,
            0.161849
          ],
          [
            0.0,
            1.0,
            0.0
          ],
          [
            -0.161849,
            0.0,
            0.986815
          ],
          [
            21626.4,
            75.7024,
            -44932.0
          ]
        ],
        "unit_class": "dynBase_hq_camp_square",
        "objLayer": 2,
        "props": {
          "army": 1,
          "active": true
        }
      },
      {
        "name": "bdt_t1_bomb_object_10",
        "tm": [
          [
            0.986815,
            0.0,
            0.161849
          ],
          [
            0.0,
            1.0,
            0.0
          ],
          [
            -0.161849,
            0.0,
            0.986815
          ],
          [
            24347.0,
            73.432,
            -46835.5
          ]
        ],
        "unit_class": "dynBase_petrol_camp_square",
        "objLayer": 2,
        "props": {
          "army": 1,
          "active": true
        }
      },
      {
        "name": "bdt_t2_bomb_object_05",
        "tm": [
          [
            0.904619,
            0.0,
            0.426219
          ],
          [
            0.0,
            1.0,
            0.0
          ],
          [
            -0.426219,
            0.0,
            0.904619
          ],
          [
            10114.4,
            60.4526,
            -48664.8
          ]
        ],
        "unit_class": "dynBase_petrol_camp_square",
        "objLayer": 2,
        "props": {
          "army": 2,
          "active": true
        }
      },
      {
        "name": "bdt_t2_bomb_object_06",
        "tm": [
          [
            0.598806,
            0.0,
            0.800894
          ],
          [
            0.0,
            1.0,
            0.0
          ],
          [
            -0.800894,
            0.0,
            0.598806
          ],
          [
            9029.98,
            74.3149,
            -52604.0
          ]
        ],
        "unit_class": "dynBase_military_base_square",
        "objLayer": 2,
        "props": {
          "army": 2,
          "active": true
        }
      },
      {
        "name": "bdt_t2_bomb_object_07",
        "tm": [
          [
            0.904619,
            0.0,
            0.426219
          ],
          [
            0.0,
            1.0,
            0.0
          ],
          [
            -0.426219,
            0.0,
            0.904619
          ],
          [
            9219.33,
            136.279,
            -55877.0
          ]
        ],
        "unit_class": "dynBase_fuel_storage_square",
        "objLayer": 2,
        "props": {
          "army": 2,
          "active": true
        }
      },
      {
        "name": "bdt_t2_bomb_object_08",
        "tm": [
          [
            0.605603,
            0.0,
            0.795769
          ],
          [
            0.0,
            1.0,
            0.0
          ],
          [
            -0.795769,
            0.0,
            0.605603
          ],
          [
            17767.4,
            183.866,
            -62756.9
          ]
        ],
        "unit_class": "dynBase_ammunition_storage_square",
        "objLayer": 2,
        "props": {
          "army": 2,
          "active": true
        }
      },
      {
        "name": "bdt_t2_bomb_object_09",
        "tm": [
          [
            0.605603,
            0.0,
            0.795769
          ],
          [
            0.0,
            1.0,
            0.0
          ],
          [
            -0.795769,
            0.0,
            0.605603
          ],
          [
            14354.4,
            75.6543,
            -61992.2
          ]
        ],
        "unit_class": "dynBase_field_camp_square",
        "objLayer": 2,
        "props": {
          "army": 2,
          "active": true
        }
      },
      {
        "name": "bdt_t2_bomb_object_10",
        "tm": [
          [
            0.605603,
            0.0,
            0.795769
          ],
          [
            0.0,
            1.0,
            0.0
          ],
          [
            -0.795769,
            0.0,
            0.605603
          ],
          [
            11051.5,
            103.958,
            -59713.0
          ]
        ],
        "unit_class": "dynBase_oil_storage_small_square",
        "objLayer": 2,
        "props": {
          "army": 2,
          "active": true
        }
      }
    ]
  },
  "areas": {
    "bdt_t2_bomb_zone_01": {
      "type": "Sphere",
      "tm": [
        [
          443.472,
          0.0,
          -76.3798
        ],
        [
          0.0,
          450.0,
          0.0
        ],
        [
          76.3798,
          0.0,
          443.472
        ],
        [
          7001.82,
          109.911,
          -56057.9
        ]
      ],
      "objLayer": 0,
      "props": {}
    },
    "bdt_t2_bomb_zone_02": {
      "type": "Sphere",
      "tm": [
        [
          443.472,
          0.0,
          -76.3798
        ],
        [
          0.0,
          450.0,
          0.0
        ],
        [
          76.3798,
          0.0,
          443.472
        ],
        [
          10410.2,
          118.786,
          -61850.2
        ]
      ],
      "objLayer": 0,
      "props": {}
    },
    "bdt_t2_bomb_zone_03": {
      "type": "Sphere",
      "tm": [
        [
          272.523,
          0.0,
          358.095
        ],
        [
          0.0,
          450.0,
          0.0
        ],
        [
          -358.095,
          0.0,
          272.523
        ],
        [
          15680.2,
          78.0831,
          -64297.6
        ]
      ],
      "objLayer": 0,
      "props": {}
    },
    "bdt_t1_bomb_zone_01": {
      "type": "Sphere",
      "tm": [
        [
          444.067,
          0.0,
          72.8318
        ],
        [
          0.0,
          450.0,
          0.0
        ],
        [
          -72.8318,
          0.0,
          444.067
        ],
        [
          20447.0,
          55.2428,
          -42480.3
        ]
      ],
      "objLayer": 0,
      "props": {}
    },
    "bdt_t1_bomb_zone_02": {
      "type": "Sphere",
      "tm": [
        [
          348.157,
          0.0,
          285.108
        ],
        [
          0.0,
          450.0,
          0.0
        ],
        [
          -285.108,
          0.0,
          348.157
        ],
        [
          25749.3,
          75.141,
          -45451.7
        ]
      ],
      "objLayer": 0,
      "props": {}
    },
    "bdt_t1_bomb_zone_03": {
      "type": "Sphere",
      "tm": [
        [
          335.389,
          0.0,
          300.024
        ],
        [
          0.0,
          450.0,
          0.0
        ],
        [
          -300.024,
          0.0,
          335.389
        ],
        [
          29016.4,
          79.023,
          -50943.8
        ]
      ],
      "objLayer": 0,
      "props": {}
    },
    "bdt_t2_bomb_zone_04": {
      "type": "Sphere",
      "tm": [
        [
          407.078,
          0.0,
          191.798
        ],
        [
          0.0,
          450.0,
          0.0
        ],
        [
          -191.798,
          0.0,
          407.078
        ],
        [
          7356.75,
          67.1476,
          -49635.4
        ]
      ],
      "objLayer": 0,
      "props": {}
    },
    "bdt_t1_bomb_zone_04": {
      "type": "Sphere",
      "tm": [
        [
          335.389,
          0.0,
          300.024
        ],
        [
          0.0,
          450.0,
          0.0
        ],
        [
          -300.024,
          0.0,
          335.389
        ],
        [
          28612.2,
          220.076,
          -57505.2
        ]
      ],
      "objLayer": 0,
      "props": {}
    },
    "bdt_t2_bomb_zone_01_aaa_point_01": {
      "type": "Point",
      "tm": [
        [
          0.912204,
          0.0,
          0.409733
        ],
        [
          0.0,
          1.0,
          0.0
        ],
        [
          -0.409733,
          0.0,
          0.912204
        ],
        [
          7118.05,
          94.2264,
          -56251.0
        ]
      ],
      "objLayer": 0,
      "props": {}
    },
    "bdt_t2_bomb_zone_01_aaa_point_02": {
      "type": "Point",
      "tm": [
        [
          0.912204,
          0.0,
          0.409733
        ],
        [
          0.0,
          1.0,
          0.0
        ],
        [
          -0.409733,
          0.0,
          0.912204
        ],
        [
          6771.24,
          105.367,
          -55878.4
        ]
      ],
      "objLayer": 0,
      "props": {}
    },
    "bdt_t2_bomb_zone_01_aaa_point_03": {
      "type": "Point",
      "tm": [
        [
          0.912204,
          0.0,
          0.409733
        ],
        [
          0.0,
          1.0,
          0.0
        ],
        [
          -0.409733,
          0.0,
          0.912204
        ],
        [
          6876.24,
          97.8095,
          -55822.3
        ]
      ],
      "objLayer": 0,
      "props": {}
    },
    "bdt_t2_bomb_zone_01_aaa_point_04": {
      "type": "Point",
      "tm": [
        [
          0.912204,
          0.0,
          0.409733
        ],
        [
          0.0,
          1.0,
          0.0
        ],
        [
          -0.409733,
          0.0,
          0.912204
        ],
        [
          7217.69,
          98.6245,
          -55643.2
        ]
      ],
      "objLayer": 0,
      "props": {}
    },
    "bdt_t2_bomb_zone_02_aaa_point_01": {
      "type": "Point",
      "tm": [
        [
          0.912204,
          0.0,
          0.409733
        ],
        [
          0.0,
          1.0,
          0.0
        ],
        [
          -0.409733,
          0.0,
          0.912204
        ],
        [
          10290.1,
          123.409,
          -62067.9
        ]
      ],
      "objLayer": 0,
      "props": {}
    },
    "bdt_t2_bomb_zone_02_aaa_point_02": {
      "type": "Point",
      "tm": [
        [
          0.912204,
          0.0,
          0.409733
        ],
        [
          0.0,
          1.0,
          0.0
        ],
        [
          -0.409733,
          0.0,
          0.912204
        ],
        [
          10338.2,
          113.793,
          -61531.0
        ]
      ],
      "objLayer": 0,
      "props": {}
    },
    "bdt_t2_bomb_zone_02_aaa_point_03": {
      "type": "Point",
      "tm": [
        [
          0.912204,
          0.0,
          0.409733
        ],
        [
          0.0,
          1.0,
          0.0
        ],
        [
          -0.409733,
          0.0,
          0.912204
        ],
        [
          10130.6,
          115.376,
          -61855.7
        ]
      ],
      "objLayer": 0,
      "props": {}
    },
    "bdt_t2_bomb_zone_02_aaa_point_04": {
      "type": "Point",
      "tm": [
        [
          0.912204,
          0.0,
          0.409733
        ],
        [
          0.0,
          1.0,
          0.0
        ],
        [
          -0.409733,
          0.0,
          0.912204
        ],
        [
          10632.3,
          111.269,
          -61793.3
        ]
      ],
      "objLayer": 0,
      "props": {}
    },
    "bdt_t2_bomb_zone_03_aaa_point_01": {
      "type": "Point",
      "tm": [
        [
          0.912204,
          0.0,
          0.409733
        ],
        [
          0.0,
          1.0,
          0.0
        ],
        [
          -0.409733,
          0.0,
          0.912204
        ],
        [
          16110.0,
          48.1021,
          -64439.8
        ]
      ],
      "objLayer": 0,
      "props": {}
    },
    "bdt_t2_bomb_zone_03_aaa_point_02": {
      "type": "Point",
      "tm": [
        [
          0.912204,
          0.0,
          0.409733
        ],
        [
          0.0,
          1.0,
          0.0
        ],
        [
          -0.409733,
          0.0,
          0.912204
        ],
        [
          15669.8,
          60.9741,
          -64005.2
        ]
      ],
      "objLayer": 0,
      "props": {}
    },
    "bdt_t2_bomb_zone_03_aaa_point_03": {
      "type": "Point",
      "tm": [
        [
          0.912204,
          0.0,
          0.409733
        ],
        [
          0.0,
          1.0,
          0.0
        ],
        [
          -0.409733,
          0.0,
          0.912204
        ],
        [
          15397.2,
          67.6921,
          -64147.2
        ]
      ],
      "objLayer": 0,
      "props": {}
    },
    "bdt_t2_bomb_zone_03_aaa_point_04": {
      "type": "Point",
      "tm": [
        [
          0.912204,
          0.0,
          0.409733
        ],
        [
          0.0,
          1.0,
          0.0
        ],
        [
          -0.409733,
          0.0,
          0.912204
        ],
        [
          15522.2,
          87.0001,
          -64591.8
        ]
      ],
      "objLayer": 0,
      "props": {}
    },
    "bdt_t2_bomb_zone_04_aaa_point_01": {
      "type": "Point",
      "tm": [
        [
          0.912204,
          0.0,
          0.409733
        ],
        [
          0.0,
          1.0,
          0.0
        ],
        [
          -0.409733,
          0.0,
          0.912204
        ],
        [
          7480.51,
          73.2136,
          -49327.0
        ]
      ],
      "objLayer": 0,
      "props": {}
    },
    "bdt_t2_bomb_zone_04_aaa_point_02": {
      "type": "Point",
      "tm": [
        [
          0.912204,
          0.0,
          0.409733
        ],
        [
          0.0,
          1.0,
          0.0
        ],
        [
          -0.409733,
          0.0,
          0.912204
        ],
        [
          7072.16,
          87.3626,
          -49533.9
        ]
      ],
      "objLayer": 0,
      "props": {}
    },
    "bdt_t2_bomb_zone_04_aaa_point_03": {
      "type": "Point",
      "tm": [
        [
          0.912204,
          0.0,
          0.409733
        ],
        [
          0.0,
          1.0,
          0.0
        ],
        [
          -0.409733,
          0.0,
          0.912204
        ],
        [
          7561.97,
          28.9322,
          -49805.4
        ]
      ],
      "objLayer": 0,
      "props": {}
    },
    "bdt_t2_bomb_zone_04_aaa_point_04": {
      "type": "Point",
      "tm": [
        [
          0.912204,
          0.0,
          0.409733
        ],
        [
          0.0,
          1.0,
          0.0
        ],
        [
          -0.409733,
          0.0,
          0.912204
        ],
        [
          7329.57,
          47.8226,
          -49880.8
        ]
      ],
      "objLayer": 0,
      "props": {}
    },
    "bdt_t1_bomb_zone_01_aaa_point_01": {
      "type": "Point",
      "tm": [
        [
          0.728077,
          0.0,
          0.685494
        ],
        [
          0.0,
          1.0,
          0.0
        ],
        [
          -0.685494,
          0.0,
          0.728077
        ],
        [
          20626.2,
          55.0618,
          -42299.2
        ]
      ],
      "objLayer": 0,
      "props": {}
    },
    "bdt_t1_bomb_zone_01_aaa_point_02": {
      "type": "Point",
      "tm": [
        [
          0.728077,
          0.0,
          0.685494
        ],
        [
          0.0,
          1.0,
          0.0
        ],
        [
          -0.685494,
          0.0,
          0.728077
        ],
        [
          20226.2,
          56.4518,
          -42604.2
        ]
      ],
      "objLayer": 0,
      "props": {}
    },
    "bdt_t1_bomb_zone_01_aaa_point_03": {
      "type": "Point",
      "tm": [
        [
          0.728077,
          0.0,
          0.685494
        ],
        [
          0.0,
          1.0,
          0.0
        ],
        [
          -0.685494,
          0.0,
          0.728077
        ],
        [
          20584.3,
          51.8508,
          -42668.8
        ]
      ],
      "objLayer": 0,
      "props": {}
    },
    "bdt_t1_bomb_zone_01_aaa_point_04": {
      "type": "Point",
      "tm": [
        [
          0.728077,
          0.0,
          0.685494
        ],
        [
          0.0,
          1.0,
          0.0
        ],
        [
          -0.685494,
          0.0,
          0.728077
        ],
        [
          20360.2,
          53.8888,
          -42713.0
        ]
      ],
      "objLayer": 0,
      "props": {}
    },
    "bdt_t1_bomb_zone_02_aaa_point_01": {
      "type": "Point",
      "tm": [
        [
          0.728077,
          0.0,
          0.685494
        ],
        [
          0.0,
          1.0,
          0.0
        ],
        [
          -0.685494,
          0.0,
          0.728077
        ],
        [
          25770.6,
          74.922,
          -45182.1
        ]
      ],
      "objLayer": 0,
      "props": {}
    },
    "bdt_t1_bomb_zone_02_aaa_point_02": {
      "type": "Point",
      "tm": [
        [
          0.728077,
          0.0,
          0.685494
        ],
        [
          0.0,
          1.0,
          0.0
        ],
        [
          -0.685494,
          0.0,
          0.728077
        ],
        [
          25516.7,
          75.029,
          -45322.8
        ]
      ],
      "objLayer": 0,
      "props": {}
    },
    "bdt_t1_bomb_zone_02_aaa_point_03": {
      "type": "Point",
      "tm": [
        [
          0.728077,
          0.0,
          0.685494
        ],
        [
          0.0,
          1.0,
          0.0
        ],
        [
          -0.685494,
          0.0,
          0.728077
        ],
        [
          26008.3,
          75.467,
          -45820.4
        ]
      ],
      "objLayer": 0,
      "props": {}
    },
    "bdt_t1_bomb_zone_02_aaa_point_04": {
      "type": "Point",
      "tm": [
        [
          0.728077,
          0.0,
          0.685494
        ],
        [
          0.0,
          1.0,
          0.0
        ],
        [
          -0.685494,
          0.0,
          0.728077
        ],
        [
          25486.2,
          75.279,
          -45649.5
        ]
      ],
      "objLayer": 0,
      "props": {}
    },
    "bdt_t1_bomb_zone_03_aaa_point_01": {
      "type": "Point",
      "tm": [
        [
          0.728077,
          0.0,
          0.685494
        ],
        [
          0.0,
          1.0,
          0.0
        ],
        [
          -0.685494,
          0.0,
          0.728077
        ],
        [
          29028.1,
          89.7827,
          -51251.4
        ]
      ],
      "objLayer": 0,
      "props": {}
    },
    "bdt_t1_bomb_zone_03_aaa_point_02": {
      "type": "Point",
      "tm": [
        [
          0.728077,
          0.0,
          0.685494
        ],
        [
          0.0,
          1.0,
          0.0
        ],
        [
          -0.685494,
          0.0,
          0.728077
        ],
        [
          28992.5,
          69.4285,
          -50702.8
        ]
      ],
      "objLayer": 0,
      "props": {}
    },
    "bdt_t1_bomb_zone_03_aaa_point_03": {
      "type": "Point",
      "tm": [
        [
          0.728077,
          0.0,
          0.685494
        ],
        [
          0.0,
          1.0,
          0.0
        ],
        [
          -0.685494,
          0.0,
          0.728077
        ],
        [
          28748.7,
          70.1058,
          -50840.6
        ]
      ],
      "objLayer": 0,
      "props": {}
    },
    "bdt_t1_bomb_zone_03_aaa_point_04": {
      "type": "Point",
      "tm": [
        [
          0.728077,
          0.0,
          0.685494
        ],
        [
          0.0,
          1.0,
          0.0
        ],
        [
          -0.685494,
          0.0,
          0.728077
        ],
        [
          29277.3,
          80.8054,
          -50943.4
        ]
      ],
      "objLayer": 0,
      "props": {}
    },
    "bdt_t1_bomb_zone_04_aaa_point_01": {
      "type": "Point",
      "tm": [
        [
          0.728077,
          0.0,
          0.685494
        ],
        [
          0.0,
          1.0,
          0.0
        ],
        [
          -0.685494,
          0.0,
          0.728077
        ],
        [
          28913.2,
          225.554,
          -57406.0
        ]
      ],
      "objLayer": 0,
      "props": {}
    },
    "bdt_t1_bomb_zone_04_aaa_point_02": {
      "type": "Point",
      "tm": [
        [
          0.728077,
          0.0,
          0.685494
        ],
        [
          0.0,
          1.0,
          0.0
        ],
        [
          -0.685494,
          0.0,
          0.728077
        ],
        [
          28630.7,
          219.922,
          -57253.1
        ]
      ],
      "objLayer": 0,
      "props": {}
    },
    "bdt_t1_bomb_zone_04_aaa_point_03": {
      "type": "Point",
      "tm": [
        [
          0.728077,
          0.0,
          0.685494
        ],
        [
          0.0,
          1.0,
          0.0
        ],
        [
          -0.685494,
          0.0,
          0.728077
        ],
        [
          28807.2,
          223.979,
          -57721.0
        ]
      ],
      "objLayer": 0,
      "props": {}
    },
    "bdt_t1_bomb_zone_04_aaa_point_04": {
      "type": "Point",
      "tm": [
        [
          0.728077,
          0.0,
          0.685494
        ],
        [
          0.0,
          1.0,
          0.0
        ],
        [
          -0.685494,
          0.0,
          0.728077
        ],
        [
          28311.9,
          227.591,
          -57414.1
        ]
      ],
      "objLayer": 0,
      "props": {}
    },
    "bdt_t1_bomb_zone_05": {
      "type": "Sphere",
      "tm": [
        [
          335.389,
          0.0,
          300.024
        ],
        [
          0.0,
          450.0,
          0.0
        ],
        [
          -300.024,
          0.0,
          335.389
        ],
        [
          26081.3,
          92.297,
          -58081.8
        ]
      ],
      "objLayer": 0,
      "props": {}
    },
    "bdt_t1_bomb_zone_06": {
      "type": "Sphere",
      "tm": [
        [
          335.389,
          0.0,
          300.024
        ],
        [
          0.0,
          450.0,
          0.0
        ],
        [
          -300.024,
          0.0,
          335.389
        ],
        [
          27233.0,
          129.087,
          -54705.0
        ]
      ],
      "objLayer": 0,
      "props": {}
    },
    "bdt_t1_bomb_zone_07": {
      "type": "Sphere",
      "tm": [
        [
          335.389,
          0.0,
          300.024
        ],
        [
          0.0,
          450.0,
          0.0
        ],
        [
          -300.024,
          0.0,
          335.389
        ],
        [
          26924.5,
          75.34,
          -51264.3
        ]
      ],
      "objLayer": 0,
      "props": {}
    },
    "bdt_t1_bomb_zone_08": {
      "type": "Sphere",
      "tm": [
        [
          444.067,
          0.0,
          72.8318
        ],
        [
          0.0,
          450.0,
          0.0
        ],
        [
          -72.8318,
          0.0,
          444.067
        ],
        [
          18394.2,
          70.6384,
          -44035.8
        ]
      ],
      "objLayer": 0,
      "props": {}
    },
    "bdt_t1_bomb_zone_09": {
      "type": "Sphere",
      "tm": [
        [
          444.067,
          0.0,
          72.8318
        ],
        [
          0.0,
          450.0,
          0.0
        ],
        [
          -72.8318,
          0.0,
          444.067
        ],
        [
          21637.9,
          75.7024,
          -44927.0
        ]
      ],
      "objLayer": 0,
      "props": {}
    },
    "bdt_t1_bomb_zone_10": {
      "type": "Sphere",
      "tm": [
        [
          444.067,
          0.0,
          72.8318
        ],
        [
          0.0,
          450.0,
          0.0
        ],
        [
          -72.8318,
          0.0,
          444.067
        ],
        [
          24358.6,
          88.527,
          -46830.5
        ]
      ],
      "objLayer": 0,
      "props": {}
    },
    "bdt_t1_bomb_zone_05_aaa_point_01": {
      "type": "Point",
      "tm": [
        [
          0.728077,
          0.0,
          0.685494
        ],
        [
          0.0,
          1.0,
          0.0
        ],
        [
          -0.685494,
          0.0,
          0.728077
        ],
        [
          25866.9,
          92.4624,
          -58252.4
        ]
      ],
      "objLayer": 0,
      "props": {}
    },
    "bdt_t1_bomb_zone_05_aaa_point_02": {
      "type": "Point",
      "tm": [
        [
          0.728077,
          0.0,
          0.685494
        ],
        [
          0.0,
          1.0,
          0.0
        ],
        [
          -0.685494,
          0.0,
          0.728077
        ],
        [
          26251.0,
          93.1621,
          -58323.8
        ]
      ],
      "objLayer": 0,
      "props": {}
    },
    "bdt_t1_bomb_zone_05_aaa_point_03": {
      "type": "Point",
      "tm": [
        [
          0.728077,
          0.0,
          0.685494
        ],
        [
          0.0,
          1.0,
          0.0
        ],
        [
          -0.685494,
          0.0,
          0.728077
        ],
        [
          26471.3,
          92.2299,
          -57860.0
        ]
      ],
      "objLayer": 0,
      "props": {}
    },
    "bdt_t1_bomb_zone_05_aaa_point_04": {
      "type": "Point",
      "tm": [
        [
          0.728077,
          0.0,
          0.685494
        ],
        [
          0.0,
          1.0,
          0.0
        ],
        [
          -0.685494,
          0.0,
          0.728077
        ],
        [
          26103.8,
          91.596,
          -57805.2
        ]
      ],
      "objLayer": 0,
      "props": {}
    },
    "bdt_t1_bomb_zone_06_aaa_point_01": {
      "type": "Point",
      "tm": [
        [
          0.728077,
          0.0,
          0.685494
        ],
        [
          0.0,
          1.0,
          0.0
        ],
        [
          -0.685494,
          0.0,
          0.728077
        ],
        [
          27297.4,
          113.322,
          -55036.1
        ]
      ],
      "objLayer": 0,
      "props": {}
    },
    "bdt_t1_bomb_zone_06_aaa_point_02": {
      "type": "Point",
      "tm": [
        [
          0.728077,
          0.0,
          0.685494
        ],
        [
          0.0,
          1.0,
          0.0
        ],
        [
          -0.685494,
          0.0,
          0.728077
        ],
        [
          27042.9,
          112.53,
          -54968.2
        ]
      ],
      "objLayer": 0,
      "props": {}
    },
    "bdt_t1_bomb_zone_06_aaa_point_03": {
      "type": "Point",
      "tm": [
        [
          0.728077,
          0.0,
          0.685494
        ],
        [
          0.0,
          1.0,
          0.0
        ],
        [
          -0.685494,
          0.0,
          0.728077
        ],
        [
          27028.5,
          132.892,
          -54473.0
        ]
      ],
      "objLayer": 0,
      "props": {}
    },
    "bdt_t1_bomb_zone_06_aaa_point_04": {
      "type": "Point",
      "tm": [
        [
          0.728077,
          0.0,
          0.685494
        ],
        [
          0.0,
          1.0,
          0.0
        ],
        [
          -0.685494,
          0.0,
          0.728077
        ],
        [
          27517.2,
          136.864,
          -54616.5
        ]
      ],
      "objLayer": 0,
      "props": {}
    },
    "bdt_t1_bomb_zone_07_aaa_point_01": {
      "type": "Point",
      "tm": [
        [
          0.728077,
          0.0,
          0.685494
        ],
        [
          0.0,
          1.0,
          0.0
        ],
        [
          -0.685494,
          0.0,
          0.728077
        ],
        [
          26854.0,
          72.8083,
          -50971.4
        ]
      ],
      "objLayer": 0,
      "props": {}
    },
    "bdt_t1_bomb_zone_07_aaa_point_02": {
      "type": "Point",
      "tm": [
        [
          0.728077,
          0.0,
          0.685494
        ],
        [
          0.0,
          1.0,
          0.0
        ],
        [
          -0.685494,
          0.0,
          0.728077
        ],
        [
          27001.8,
          83.0063,
          -51604.4
        ]
      ],
      "objLayer": 0,
      "props": {}
    },
    "bdt_t1_bomb_zone_07_aaa_point_03": {
      "type": "Point",
      "tm": [
        [
          0.728077,
          0.0,
          0.685494
        ],
        [
          0.0,
          1.0,
          0.0
        ],
        [
          -0.685494,
          0.0,
          0.728077
        ],
        [
          27248.2,
          84.6133,
          -51173.9
        ]
      ],
      "objLayer": 0,
      "props": {}
    },
    "bdt_t1_bomb_zone_07_aaa_point_04": {
      "type": "Point",
      "tm": [
        [
          0.728077,
          0.0,
          0.685494
        ],
        [
          0.0,
          1.0,
          0.0
        ],
        [
          -0.685494,
          0.0,
          0.728077
        ],
        [
          26542.8,
          65.2323,
          -51139.3
        ]
      ],
      "objLayer": 0,
      "props": {}
    },
    "bdt_t1_bomb_zone_08_aaa_point_01": {
      "type": "Point",
      "tm": [
        [
          0.728077,
          0.0,
          0.685494
        ],
        [
          0.0,
          1.0,
          0.0
        ],
        [
          -0.685494,
          0.0,
          0.728077
        ],
        [
          18131.5,
          70.6304,
          -43869.8
        ]
      ],
      "objLayer": 0,
      "props": {}
    },
    "bdt_t1_bomb_zone_08_aaa_point_02": {
      "type": "Point",
      "tm": [
        [
          0.728077,
          0.0,
          0.685494
        ],
        [
          0.0,
          1.0,
          0.0
        ],
        [
          -0.685494,
          0.0,
          0.728077
        ],
        [
          18264.8,
          70.6344,
          -44313.1
        ]
      ],
      "objLayer": 0,
      "props": {}
    },
    "bdt_t1_bomb_zone_08_aaa_point_03": {
      "type": "Point",
      "tm": [
        [
          0.728077,
          0.0,
          0.685494
        ],
        [
          0.0,
          1.0,
          0.0
        ],
        [
          -0.685494,
          0.0,
          0.728077
        ],
        [
          18680.3,
          70.6474,
          -44250.5
        ]
      ],
      "objLayer": 0,
      "props": {}
    },
    "bdt_t1_bomb_zone_08_aaa_point_04": {
      "type": "Point",
      "tm": [
        [
          0.728077,
          0.0,
          0.685494
        ],
        [
          0.0,
          1.0,
          0.0
        ],
        [
          -0.685494,
          0.0,
          0.728077
        ],
        [
          18588.3,
          70.6454,
          -43845.0
        ]
      ],
      "objLayer": 0,
      "props": {}
    },
    "bdt_t1_bomb_zone_09_aaa_point_01": {
      "type": "Point",
      "tm": [
        [
          0.728077,
          0.0,
          0.685494
        ],
        [
          0.0,
          1.0,
          0.0
        ],
        [
          -0.685494,
          0.0,
          0.728077
        ],
        [
          21260.1,
          68.6744,
          -45167.9
        ]
      ],
      "objLayer": 0,
      "props": {}
    },
    "bdt_t1_bomb_zone_09_aaa_point_02": {
      "type": "Point",
      "tm": [
        [
          0.728077,
          0.0,
          0.685494
        ],
        [
          0.0,
          1.0,
          0.0
        ],
        [
          -0.685494,
          0.0,
          0.728077
        ],
        [
          21727.6,
          75.7054,
          -45327.4
        ]
      ],
      "objLayer": 0,
      "props": {}
    },
    "bdt_t1_bomb_zone_09_aaa_point_03": {
      "type": "Point",
      "tm": [
        [
          0.728077,
          0.0,
          0.685494
        ],
        [
          0.0,
          1.0,
          0.0
        ],
        [
          -0.685494,
          0.0,
          0.728077
        ],
        [
          21214.2,
          -33.0582,
          -44569.0
        ]
      ],
      "objLayer": 0,
      "props": {}
    },
    "bdt_t1_bomb_zone_09_aaa_point_04": {
      "type": "Point",
      "tm": [
        [
          0.728077,
          0.0,
          0.685494
        ],
        [
          0.0,
          1.0,
          0.0
        ],
        [
          -0.685494,
          0.0,
          0.728077
        ],
        [
          22036.4,
          75.5764,
          -44993.2
        ]
      ],
