{
  "selected_tag": "",
  "bin_dump_file": "",
  "mission_settings": {
    "player": {
      "army": 1,
      "wing": ""
    },
    "player_teamB": {
      "army": 2
    },
    "mission": {
      "level": "levels/water.bin",
      "type": "singleMission",
      "restoreType": "attempts",
      "optionalTakeOff": false,
      "environment": "Day",
      "weather": "hazy"
    },
    "spectator_points": []
  },
  "imports": [],
  "triggers": {
    "isCategory": true,
    "is_enabled": true,
    "flt_art_part_init": {
      "is_enabled": true,
      "comments": "",
      "props": {
        "actionsType": "PERFORM_ONE_BY_ONE",
        "conditionsType": "ALL",
        "enableAfterComplete": false
      },
      "events": {
        "initMission": []
      },
      "conditions": [],
      "actions": {
        "varSetInt": {
          "value": 246,
          "var": "flt_art_spots_num"
        }
      },
      "else_actions": []
    }
  },
  "mission_objectives": {
    "isCategory": true,
    "is_enabled": true
  },
  "variables": [],
  "dialogs": [],
  "airfields": [],
  "effects": [],
  "units": [],
  "areas": {
    "flt_art_spot_01": {
      "type": "Point",
      "tm": [
        [-0.707107,0.0,0.707107],
        [0.0,1.0,0.0],
        [-0.707107,0.0,-0.707107],
        [-2852.9,-5.09885,-5325.35]
      ],
      "objLayer": 0,
      "props": []
    },
    "flt_art_spot_02": {
      "type": "Point",
      "tm": [
        [-0.707107,0.0,0.707107],
        [0.0,1.0,0.0],
        [-0.707107,0.0,-0.707107],
        [-2365.35,0.911385,-4613.7]
      ],
      "objLayer": 0,
      "props": []
    },
    "flt_art_spot_03": {
      "type": "Point",
      "tm": [
        [-0.707107,0.0,0.707107],
        [0.0,1.0,0.0],
        [-0.707107,0.0,-0.707107],
        [-1725.75,-4.83145,-4053.45]
      ],
      "objLayer": 0,
      "props": []
    },
    "flt_art_spot_04": {
      "type": "Point",
      "tm": [
        [-0.707107,0.0,0.707107],
        [0.0,1.0,0.0],
        [-0.707107,0.0,-0.707107],
        [932.3,77.2243,2789.0]
      ],
      "objLayer": 0,
      "props": []
    },
    "flt_art_spot_05": {
      "type": "Point",
      "tm": [
        [-0.707107,0.0,0.707107],
        [0.0,1.0,0.0],
        [-0.707107,0.0,-0.707107],
        [-1213.3,-5.2979,-3261.95]
      ],
      "objLayer": 0,
      "props": []
    },
    "flt_art_spot_06": {
      "type": "Point",
      "tm": [
        [-0.707107,0.0,0.707107],
        [0.0,1.0,0.0],
        [-0.707107,0.0,-0.707107],
        [-1859.95,47.5654,-2529.8]
      ],
      "objLayer": 0,
      "props": []
    },
    "flt_art_spot_07": {
      "type": "Point",
      "tm": [
        [-0.707107,0.0,0.707107],
        [0.0,1.0,0.0],
        [-0.707107,0.0,-0.707107],
        [-2266.35,55.7909,-3296.85]
      ],
      "objLayer": 0,
      "props": []
    },
    "flt_art_spot_08": {
      "type": "Point",
      "tm": [
        [-0.707107,0.0,0.707107],
        [0.0,1.0,0.0],
        [-0.707107,0.0,-0.707107],
        [-3387.35,20.6822,-4825.65]
      ],
      "objLayer": 0,
      "props": []
    },
    "flt_art_spot_09": {
      "type": "Point",
      "tm": [
        [-0.707107,0.0,0.707107],
        [0.0,1.0,0.0],
        [-0.707107,0.0,-0.707107],
        [-4547.55,5.30575,-6052.85]
      ],
      "objLayer": 0,
      "props": []
    },
    "flt_art_spot_10": {
      "type": "Point",
      "tm": [
        [-0.707107,0.0,0.707107],
        [0.0,1.0,0.0],
        [-0.707107,0.0,-0.707107],
        [-5526.8,35.3444,-6784.6]
      ],
      "objLayer": 0,
      "props": []
    },
    "flt_art_spot_11": {
      "type": "Point",
      "tm": [
        [-0.707107,0.0,0.707107],
        [0.0,1.0,0.0],
        [-0.707107,0.0,-0.707107],
        [-6822.2,-5.69469,-8660.05]
      ],
      "objLayer": 0,
      "props": []
    },
    "flt_art_spot_12": {
      "type": "Point",
      "tm": [
        [-0.707107,0.0,0.707107],
        [0.0,1.0,0.0],
        [-0.707107,0.0,-0.707107],
        [-6510.8,58.1851,-7135.25]
      ],
      "objLayer": 0,
      "props": []
    },
    "flt_art_spot_13": {
      "type": "Point",
      "tm": [
        [-0.707107,0.0,0.707107],
        [0.0,1.0,0.0],
        [-0.707107,0.0,-0.707107],
        [-5772.95,33.9924,-5866.05]
      ],
      "objLayer": 0,
      "props": []
    },
    "flt_art_spot_14": {
      "type": "Point",
      "tm": [
        [-0.707107,0.0,0.707107],
        [0.0,1.0,0.0],
        [-0.707107,0.0,-0.707107],
        [-5130.2,-4.43049,-5490.15]
      ],
      "objLayer": 0,
      "props": []
    },
    "flt_art_spot_15": {
      "type": "Point",
      "tm": [
        [-0.707107,0.0,0.707107],
        [0.0,1.0,0.0],
        [-0.707107,0.0,-0.707107],
        [-4530.75,10.0615,-4553.65]
      ],
      "objLayer": 0,
      "props": []
    },
    "flt_art_spot_16": {
      "type": "Point",
      "tm": [
        [-0.707107,0.0,0.707107],
        [0.0,1.0,0.0],
        [-0.707107,0.0,-0.707107],
        [-3922.6,76.8626,-3849.05]
      ],
      "objLayer": 0,
      "props": []
    },
    "flt_art_spot_17": {
      "type": "Point",
      "tm": [
        [-0.707107,0.0,0.707107],
        [0.0,1.0,0.0],
        [-0.707107,0.0,-0.707107],
        [-3435.5,134.5,-2350.95]
      ],
      "objLayer": 0,
      "props": []
    },
    "flt_art_spot_18": {
      "type": "Point",
      "tm": [
        [-0.707107,0.0,0.707107],
        [0.0,1.0,0.0],
        [-0.707107,0.0,-0.707107],
        [-1855.1,82.5617,-1545.4]
      ],
      "objLayer": 0,
      "props": []
    },
    "flt_art_spot_19": {
      "type": "Point",
      "tm": [
        [-0.707107,0.0,0.707107],
        [0.0,1.0,0.0],
        [-0.707107,0.0,-0.707107],
        [-1235.6,104.674,-396.05]
      ],
      "objLayer": 0,
      "props": []
    },
    "flt_art_spot_20": {
      "type": "Point",
      "tm": [
        [-0.707107,0.0,0.707107],
        [0.0,1.0,0.0],
        [-0.707107,0.0,-0.707107],
        [-759.95,57.634,613.2]
      ],
      "objLayer": 0,
      "props": []
    },
    "flt_art_spot_21": {
      "type": "Point",
      "tm": [
        [-0.707107,0.0,0.707107],
        [0.0,1.0,0.0],
        [-0.707107,0.0,-0.707107],
        [394.1,85.1879,2321.05]
      ],
      "objLayer": 0,
      "props": []
    },
    "flt_art_spot_22": {
      "type": "Point",
      "tm": [
        [-0.707107,0.0,0.707107],
        [0.0,1.0,0.0],
        [-0.707107,0.0,-0.707107],
        [-535.7,-2.06304,-1869.7]
      ],
      "objLayer": 0,
      "props": []
    },
    "flt_art_spot_23": {
      "type": "Point",
      "tm": [
        [-0.707107,0.0,0.707107],
        [0.0,1.0,0.0],
        [-0.707107,0.0,-0.707107],
        [-1013.65,82.5969,-1085.5]
      ],
      "objLayer": 0,
      "props": []
    },
    "flt_art_spot_24": {
      "type": "Point",
      "tm": [
        [-0.707107,0.0,0.707107],
        [0.0,1.0,0.0],
        [-0.707107,0.0,-0.707107],
        [-781.75,62.6,-507.25]
      ],
      "objLayer": 0,
      "props": []
    },
    "flt_art_spot_25": {
      "type": "Point",
      "tm": [
        [-0.707107,0.0,0.707107],
        [0.0,1.0,0.0],
        [-0.707107,0.0,-0.707107],
        [-184.75,43.434,302.75]
      ],
      "objLayer": 0,
      "props": []
    },
    "flt_art_spot_26": {
      "type": "Point",
      "tm": [
        [-0.707107,0.0,0.707107],
        [0.0,1.0,0.0],
        [-0.707107,0.0,-0.707107],
        [811.55,37.9489,1226.0]
      ],
      "objLayer": 0,
      "props": []
    },
    "flt_art_spot_27": {
      "type": "Point",
      "tm": [
        [-0.707107,0.0,0.707107],
        [0.0,1.0,0.0],
        [-0.707107,0.0,-0.707107],
        [174.25,73.9359,1647.6]
      ],
      "objLayer": 0,
      "props": []
    },
    "flt_art_spot_28": {
      "type": "Point",
      "tm": [
        [-0.707107,0.0,0.707107],
        [0.0,1.0,0.0],
        [-0.707107,0.0,-0.707107],
        [411.85,80.7286,2041.05]
      ],
      "objLayer": 0,
      "props": []
    },
    "flt_art_spot_29": {
      "type": "Point",
      "tm": [
        [-0.707107,0.0,0.707107],
        [0.0,1.0,0.0],
        [-0.707107,0.0,-0.707107],
        [874.4,44.6,1814.5]
      ],
      "objLayer": 0,
      "props": []
    },
    "flt_art_spot_30": {
      "type": "Point",
      "tm": [
        [-0.707107,0.0,0.707107],
        [0.0,1.0,0.0],
        [-0.707107,0.0,-0.707107],
        [1873.4,40.6392,2826.6]
      ],
      "objLayer": 0,
      "props": []
    },
    "flt_art_spot_31": {
      "type": "Point",
      "tm": [
        [-0.707107,0.0,0.707107],
        [0.0,1.0,0.0],
        [-0.707107,0.0,-0.707107],
        [1423.95,40.65,1886.35]
      ],
      "objLayer": 0,
      "props": []
    },
    "flt_art_spot_32": {
      "type": "Point",
      "tm": [
        [-0.707107,0.0,0.707107],
        [0.0,1.0,0.0],
        [-0.707107,0.0,-0.707107],
        [1078.15,55.7,2237.45]
      ],
      "objLayer": 0,
      "props": []
    },
    "flt_art_spot_33": {
      "type": "Point",
      "tm": [
        [-0.707107,0.0,0.707107],
        [0.0,1.0,0.0],
        [-0.707107,0.0,-0.707107],
        [774.85,55.7,462.45]
      ],
      "objLayer": 0,
      "props": []
    },
    "flt_art_spot_34": {
      "type": "Point",
      "tm": [
        [-0.707107,0.0,0.707107],
        [0.0,1.0,0.0],
        [-0.707107,0.0,-0.707107],
        [-140.1,94.85,1440.35]
      ],
      "objLayer": 0,
      "props": []
    },
    "flt_art_spot_35": {
      "type": "Point",
      "tm": [
        [-0.707107,0.0,0.707107],
        [0.0,1.0,0.0],
        [-0.707107,0.0,-0.707107],
        [161.55,2.05,-772.25]
      ],
      "objLayer": 0,
      "props": []
    },
    "flt_art_spot_36": {
      "type": "Point",
      "tm": [
        [-0.707107,0.0,0.707107],
        [0.0,1.0,0.0],
        [-0.707107,0.0,-0.707107],
        [137.95,8.75,-379.3]
      ],
      "objLayer": 0,
      "props": []
    },
    "flt_art_spot_37": {
      "type": "Point",
      "tm": [
        [-0.707107,0.0,0.707107],
        [0.0,1.0,0.0],
        [-0.707107,0.0,-0.707107],
        [-268.65,45.0,-112.9]
      ],
      "objLayer": 0,
      "props": []
    },
    "flt_art_spot_38": {
      "type": "Point",
      "tm": [
        [-0.707107,0.0,0.707107],
        [0.0,1.0,0.0],
        [-0.707107,0.0,-0.707107],
        [-176.7,45.0,-981.3]
      ],
      "objLayer": 0,
      "props": []
    },
    "flt_art_spot_39": {
      "type": "Point",
      "tm": [
        [-0.707107,0.0,0.707107],
        [0.0,1.0,0.0],
        [-0.707107,0.0,-0.707107],
        [-1346.9,108.65,-1645.8]
      ],
      "objLayer": 0,
      "props": []
    },
    "flt_art_spot_40": {
      "type": "Point",
      "tm": [
        [-0.707107,0.0,0.707107],
        [0.0,1.0,0.0],
        [-0.707107,0.0,-0.707107],
        [-339.95,54.2,558.3]
      ],
      "objLayer": 0,
      "props": []
    },
    "flt_art_spot_41": {
      "type": "Point",
      "tm": [
        [-0.707107,0.0,0.707107],
        [0.0,1.0,0.0],
        [-0.707107,0.0,-0.707107],
        [5066.4,119.05,21722.0]
      ],
      "objLayer": 0,
      "props": []
    },
    "flt_art_spot_42": {
      "type": "Point",
      "tm": [
        [-0.707107,0.0,0.707107],
        [0.0,1.0,0.0],
        [-0.707107,0.0,-0.707107],
        [4794.95,119.05,22301.5]
      ],
      "objLayer": 0,
      "props": []
    },
    "flt_art_spot_43": {
      "type": "Point",
      "tm": [
        [-0.707107,0.0,0.707107],
        [0.0,1.0,0.0],
        [-0.707107,0.0,-0.707107],
        [4932.45,119.05,22557.8]
      ],
      "objLayer": 0,
      "props": []
    },
    "flt_art_spot_44": {
      "type": "Point",
      "tm": [
        [-0.707107,0.0,0.707107],
        [0.0,1.0,0.0],
        [-0.707107,0.0,-0.707107],
        [5178.9,188.0,20577.2]
      ],
      "objLayer": 0,
      "props": []
    },
    "flt_art_spot_45": {
      "type": "Point",
      "tm": [
        [-0.707107,0.0,0.707107],
        [0.0,1.0,0.0],
        [-0.707107,0.0,-0.707107],
        [8005.0,188.0,20641.1]
      ],
      "objLayer": 0,
      "props": []
    },
    "flt_art_spot_46": {
      "type": "Point",
      "tm": [
        [-0.707107,0.0,0.707107],
        [0.0,1.0,0.0],
        [-0.707107,0.0,-0.707107],
        [8178.35,188.0,21369.0]
      ],
      "objLayer": 0,
      "props": []
    },
    "flt_art_spot_47": {
      "type": "Point",
      "tm": [
        [-0.707107,0.0,0.707107],
        [0.0,1.0,0.0],
        [-0.707107,0.0,-0.707107],
        [7589.2,188.0,22099.1]
      ],
      "objLayer": 0,
      "props": []
    },
    "flt_art_spot_48": {
      "type": "Point",
      "tm": [
        [-0.707107,0.0,0.707107],
        [0.0,1.0,0.0],
        [-0.707107,0.0,-0.707107],
        [7616.1,188.0,21318.4]
      ],
      "objLayer": 0,
      "props": []
    },
    "flt_art_spot_49": {
      "type": "Point",
      "tm": [
        [-0.707107,0.0,0.707107],
        [0.0,1.0,0.0],
        [-0.707107,0.0,-0.707107],
        [7249.15,188.0,20602.0]
      ],
      "objLayer": 0,
      "props": []
    },
    "flt_art_spot_50": {
      "type": "Point",
      "tm": [
        [-0.707107,0.0,0.707107],
        [0.0,1.0,0.0],
        [-0.707107,0.0,-0.707107],
        [6290.8,188.0,22539.6]
      ],
      "objLayer": 0,
      "props": []
    },
    "flt_art_spot_51": {
      "type": "Point",
      "tm": [
        [-0.707107,0.0,0.707107],
        [0.0,1.0,0.0],
        [-0.707107,0.0,-0.707107],
        [2557.95,-7.0,2032.25]
      ],
      "objLayer": 0,
      "props": []
    },
    "flt_art_spot_52": {
      "type": "Point",
      "tm": [
        [-0.707107,0.0,0.707107],
        [0.0,1.0,0.0],
        [-0.707107,0.0,-0.707107],
        [642.7,98.35,3309.45]
      ],
      "objLayer": 0,
      "props": []
    },
    "flt_art_spot_53": {
      "type": "Point",
      "tm": [
        [-0.707107,0.0,0.707107],
        [0.0,1.0,0.0],
        [-0.707107,0.0,-0.707107],
        [203.95,92.2092,2813.95]
      ],
      "objLayer": 0,
      "props": []
    },
    "flt_art_spot_54": {
      "type": "Point",
      "tm": [
        [-0.707107,0.0,0.707107],
        [0.0,1.0,0.0],
        [-0.707107,0.0,-0.707107],
        [-325.4,99.6501,2403.45]
      ],
      "objLayer": 0,
      "props": []
    },
    "flt_art_spot_55": {
      "type": "Point",
      "tm": [
        [-0.707107,0.0,0.707107],
        [0.0,1.0,0.0],
        [-0.707107,0.0,-0.707107],
        [-734.75,87.6924,1099.05]
      ],
      "objLayer": 0,
      "props": []
    },
    "flt_art_spot_56": {
      "type": "Point",
      "tm": [
        [-0.707107,0.0,0.707107],
        [0.0,1.0,0.0],
        [-0.707107,0.0,-0.707107],
        [-1342.75,77.3,504.9]
      ],
      "objLayer": 0,
      "props": []
    },
    "flt_art_spot_57": {
      "type": "Point",
      "tm": [
        [-0.707107,0.0,0.707107],
        [0.0,1.0,0.0],
        [-0.707107,0.0,-0.707107],
        [-1427.2,86.5,380.5]
      ],
      "objLayer": 0,
      "props": []
    },
    "flt_art_spot_58": {
      "type": "Point",
      "tm": [
        [-0.707107,0.0,0.707107],
        [0.0,1.0,0.0],
        [-0.707107,0.0,-0.707107],
        [-1689.65,146.7,-903.8]
      ],
      "objLayer": 0,
      "props": []
    },
    "flt_art_spot_59": {
      "type": "Point",
      "tm": [
        [-0.707107,0.0,0.707107],
        [0.0,1.0,0.0],
        [-0.707107,0.0,-0.707107],
        [-1890.85,61.0,-1946.1]
      ],
      "objLayer": 0,
      "props": []
    },
    "flt_art_spot_60": {
      "type": "Point",
      "tm": [
        [-0.707107,0.0,0.707107],
        [0.0,1.0,0.0],
        [-0.707107,0.0,-0.707107],
        [-5352.05,176.809,-941.35]
      ],
      "objLayer": 0,
      "props": []
    },
    "flt_art_spot_61": {
      "type": "Point",
      "tm": [
        [-0.707107,0.0,0.707107],
        [0.0,1.0,0.0],
        [-0.707107,0.0,-0.707107],
        [-5155.65,176.8,-758.65]
      ],
      "objLayer": 0,
      "props": []
    },
    "flt_art_spot_62": {
      "type": "Point",
      "tm": [
        [-0.707107,0.0,0.707107],
        [0.0,1.0,0.0],
        [-0.707107,0.0,-0.707107],
        [-4925.85,176.8,-674.4]
      ],
      "objLayer": 0,
      "props": []
    },
    "flt_art_spot_63": {
      "type": "Point",
      "tm": [
        [-0.707107,0.0,0.707107],
        [0.0,1.0,0.0],
        [-0.707107,0.0,-0.707107],
        [-4680.7,176.8,-545.2]
      ],
      "objLayer": 0,
      "props": []
    },
    "flt_art_spot_64": {
      "type": "Point",
      "tm": [
        [-0.707107,0.0,0.707107],
        [0.0,1.0,0.0],
        [-0.707107,0.0,-0.707107],
        [-4459.8,176.8,-336.1]
      ],
      "objLayer": 0,
      "props": []
    },
    "flt_art_spot_65": {
      "type": "Point",
      "tm": [
        [-0.707107,0.0,0.707107],
        [0.0,1.0,0.0],
        [-0.707107,0.0,-0.707107],
        [-4103.3,157.337,806.95]
      ],
      "objLayer": 0,
      "props": []
    },
    "flt_art_spot_66": {
      "type": "Point",
      "tm": [
        [-0.707107,0.0,0.707107],
        [0.0,1.0,0.0],
        [-0.707107,0.0,-0.707107],
        [-3858.3,157.35,1031.3]
      ],
      "objLayer": 0,
      "props": []
    },
    "flt_art_spot_67": {
      "type": "Point",
      "tm": [
        [-0.707107,0.0,0.707107],
        [0.0,1.0,0.0],
        [-0.707107,0.0,-0.707107],
        [-3636.85,157.35,1257.65]
      ],
      "objLayer": 0,
      "props": []
    },
    "flt_art_spot_68": {
      "type": "Point",
      "tm": [
        [-0.707107,0.0,0.707107],
        [0.0,1.0,0.0],
        [-0.707107,0.0,-0.707107],
        [-2602.1,157.35,1812.2]
      ],
      "objLayer": 0,
      "props": []
    },
    "flt_art_spot_69": {
      "type": "Point",
      "tm": [
        [1.0,0.0,0.0],
        [0.0,1.0,0.0],
        [0.0,0.0,1.0],
        [-6840.63,156.552,-525.535]
      ],
      "objLayer": 0,
      "props": []
    },
    "flt_art_spot_70": {
      "type": "Point",
      "tm": [
        [1.0,0.0,0.0],
        [0.0,1.0,0.0],
        [0.0,0.0,1.0],
        [-6884.5,154.289,-566.543]
      ],
      "objLayer": 0,
      "props": []
    },
    "flt_art_spot_71": {
      "type": "Point",
      "tm": [
        [1.0,0.0,0.0],
        [0.0,1.0,0.0],
        [0.0,0.0,1.0],
        [-6821.44,156.58,-507.064]
      ],
      "objLayer": 0,
      "props": []
    },
    "flt_art_spot_72": {
      "type": "Point",
      "tm": [
        [1.0,0.0,0.0],
        [0.0,1.0,0.0],
        [0.0,0.0,1.0],
        [-6601.81,165.454,-281.63]
      ],
      "objLayer": 0,
      "props": []
    },
    "flt_art_spot_73": {
      "type": "Point",
      "tm": [
        [1.0,0.0,0.0],
        [0.0,1.0,0.0],
        [0.0,0.0,1.0],
        [-6580.8,166.481,-265.299]
      ],
      "objLayer": 0,
      "props": []
    },
    "flt_art_spot_74": {
      "type": "Point",
      "tm": [
        [1.0,0.0,0.0],
        [0.0,1.0,0.0],
        [0.0,0.0,1.0],
        [-7360.7,226.87,1195.56]
      ],
      "objLayer": 0,
      "props": []
    },
    "flt_art_spot_75": {
      "type": "Point",
      "tm": [
        [1.0,0.0,0.0],
        [0.0,1.0,0.0],
        [0.0,0.0,1.0],
        [-5654.55,151.078,2352.75]
      ],
      "objLayer": 0,
      "props": []
    },
    "flt_art_spot_76": {
      "type": "Point",
      "tm": [
        [1.0,0.0,0.0],
        [0.0,1.0,0.0],
        [0.0,0.0,1.0],
        [-5612.94,151.129,2349.86]
      ],
      "objLayer": 0,
      "props": []
    },
    "flt_art_spot_77": {
      "type": "Point",
      "tm": [
        [1.0,0.0,0.0],
        [0.0,1.0,0.0],
        [0.0,0.0,1.0],
        [-5572.8,151.852,2332.92]
      ],
      "objLayer": 0,
      "props": []
    },
    "flt_art_spot_78": {
      "type": "Point",
      "tm": [
        [1.0,0.0,0.0],
        [0.0,1.0,0.0],
        [0.0,0.0,1.0],
        [-9249.69,142.987,1683.48]
      ],
      "objLayer": 0,
      "props": []
    },
    "flt_art_spot_79": {
      "type": "Point",
      "tm": [
        [1.0,0.0,0.0],
        [0.0,1.0,0.0],
        [0.0,0.0,1.0],
        [-9367.67,139.636,1634.31]
      ],
      "objLayer": 0,
      "props": []
    },
    "flt_art_spot_80": {
      "type": "Point",
      "tm": [
        [1.0,0.0,0.0],
        [0.0,1.0,0.0],
        [0.0,0.0,1.0],
        [-9507.68,135.37,1551.38]
      ],
      "objLayer": 0,
      "props": []
    },
    "flt_art_spot_81": {
      "type": "Point",
      "tm": [
        [1.0,0.0,0.0],
        [0.0,1.0,0.0],
        [0.0,0.0,1.0],
        [-13767.9,242.879,3222.9]
      ],
      "objLayer": 0,
      "props": []
    },
    "flt_art_spot_82": {
      "type": "Point",
      "tm": [
        [1.0,0.0,0.0],
        [0.0,1.0,0.0],
        [0.0,0.0,1.0],
        [-13740.8,242.977,3312.55]
      ],
      "objLayer": 0,
      "props": []
    },
    "flt_art_spot_83": {
      "type": "Point",
      "tm": [
        [1.0,0.0,0.0],
        [0.0,1.0,0.0],
        [0.0,0.0,1.0],
        [-13766.7,246.515,3389.28]
      ],
      "objLayer": 0,
      "props": []
    },
    "flt_art_spot_84": {
      "type": "Point",
      "tm": [
        [1.0,0.0,0.0],
        [0.0,1.0,0.0],
        [0.0,0.0,1.0],
        [-15005.8,243.744,3648.61]
      ],
      "objLayer": 0,
      "props": []
    },
    "flt_art_spot_85": {
      "type": "Point",
      "tm": [
        [1.0,0.0,0.0],
        [0.0,1.0,0.0],
        [0.0,0.0,1.0],
        [-15031.6,240.436,3566.91]
      ],
      "objLayer": 0,
      "props": []
    },
    "flt_art_spot_86": {
      "type": "Point",
      "tm": [
        [1.0,0.0,0.0],
        [0.0,1.0,0.0],
        [0.0,0.0,1.0],
        [-15351.2,239.398,3764.29]
      ],
      "objLayer": 0,
      "props": []
    },
    "flt_art_spot_87": {
      "type": "Point",
      "tm": [
        [1.0,0.0,0.0],
        [0.0,1.0,0.0],
        [0.0,0.0,1.0],
        [-15050.1,239.521,4115.85]
      ],
      "objLayer": 0,
      "props": []
    },
    "flt_art_spot_88": {
      "type": "Point",
      "tm": [
        [1.0,0.0,0.0],
        [0.0,1.0,0.0],
        [0.0,0.0,1.0],
        [-12696.5,139.805,-14708.9]
      ],
      "objLayer": 0,
      "props": []
    },
    "flt_art_spot_89": {
      "type": "Point",
      "tm": [
        [1.0,0.0,0.0],
        [0.0,1.0,0.0],
        [0.0,0.0,1.0],
        [-12579.0,135.017,-14643.5]
      ],
      "objLayer": 0,
      "props": []
    },
    "flt_art_spot_90": {
      "type": "Point",
      "tm": [
        [1.0,0.0,0.0],
        [0.0,1.0,0.0],
        [0.0,0.0,1.0],
        [-12437.9,124.722,-14439.5]
      ],
      "objLayer": 0,
      "props": []
    },
    "flt_art_spot_91": {
      "type": "Point",
      "tm": [
        [1.0,0.0,0.0],
        [0.0,1.0,0.0],
        [0.0,0.0,1.0],
        [-10028.8,160.49,-9837.33]
      ],
      "objLayer": 0,
      "props": []
    },
    "flt_art_spot_92": {
      "type": "Point",
      "tm": [
        [1.0,0.0,0.0],
        [0.0,1.0,0.0],
        [0.0,0.0,1.0],
        [-9892.57,168.777,-9743.2]
      ],
      "objLayer": 0,
      "props": []
    },
    "flt_art_spot_93": {
      "type": "Point",
      "tm": [
        [1.0,0.0,0.0],
        [0.0,1.0,0.0],
        [0.0,0.0,1.0],
        [-9713.71,166.027,-9620.73]
      ],
      "objLayer": 0,
      "props": []
    },
    "flt_art_spot_94": {
      "type": "Point",
      "tm": [
        [1.0,0.0,0.0],
        [0.0,1.0,0.0],
        [0.0,0.0,1.0],
        [-9594.56,158.709,-9521.59]
      ],
      "objLayer": 0,
      "props": []
    },
    "flt_art_spot_95": {
      "type": "Point",
      "tm": [
        [1.0,0.0,0.0],
        [0.0,1.0,0.0],
        [0.0,0.0,1.0],
        [-8208.23,6.22278,-8325.35]
      ],
      "objLayer": 0,
      "props": []
    },
    "flt_art_spot_96": {
      "type": "Point",
      "tm": [
        [1.0,0.0,0.0],
        [0.0,1.0,0.0],
        [0.0,0.0,1.0],
        [-8263.88,11.8534,-8319.6]
      ],
      "objLayer": 0,
      "props": []
    },
    "flt_art_spot_97": {
      "type": "Point",
      "tm": [
        [1.0,0.0,0.0],
        [0.0,1.0,0.0],
        [0.0,0.0,1.0],
        [-8342.65,16.3635,-8285.62]
      ],
      "objLayer": 0,
      "props": []
    },
    "flt_art_spot_98": {
      "type": "Point",
      "tm": [
        [1.0,0.0,0.0],
        [0.0,1.0,0.0],
        [0.0,0.0,1.0],
        [-8446.07,18.6898,-8242.4]
      ],
      "objLayer": 0,
      "props": []
    },
    "flt_art_spot_99": {
      "type": "Point",
      "tm": [
        [1.0,0.0,0.0],
        [0.0,1.0,0.0],
        [0.0,0.0,1.0],
        [-9916.31,72.4996,-11599.9]
      ],
      "objLayer": 0,
      "props": []
    },
    "flt_art_spot_100": {
      "type": "Point",
      "tm": [
        [1.0,0.0,0.0],
        [0.0,1.0,0.0],
        [0.0,0.0,1.0],
        [-10719.2,10.0531,-17132.0]
      ],
      "objLayer": 0,
      "props": []
    },
    "flt_art_spot_101": {
      "type": "Point",
      "tm": [
        [1.0,0.0,0.0],
        [0.0,1.0,0.0],
        [0.0,0.0,1.0],
        [-10922.3,24.3897,-17180.9]
      ],
      "objLayer": 0,
      "props": []
    },
    "flt_art_spot_102": {
      "type": "Point",
      "tm": [
        [1.0,0.0,0.0],
        [0.0,1.0,0.0],
        [0.0,0.0,1.0],
        [-11263.9,55.87,-17230.4]
      ],
      "objLayer": 0,
      "props": []
    },
    "flt_art_spot_103": {
      "type": "Point",
      "tm": [
        [1.0,0.0,0.0],
        [0.0,1.0,0.0],
        [0.0,0.0,1.0],
        [-11481.0,77.9307,-17351.9]
      ],
      "objLayer": 0,
      "props": []
    },
    "flt_art_spot_104": {
      "type": "Point",
      "tm": [
        [1.0,0.0,0.0],
        [0.0,1.0,0.0],
        [0.0,0.0,1.0],
        [-5951.65,-6.06879,-25561.2]
      ],
      "objLayer": 0,
      "props": []
    },
    "flt_art_spot_105": {
      "type": "Point",
      "tm": [
        [1.0,0.0,0.0],
        [0.0,1.0,0.0],
        [0.0,0.0,1.0],
        [-24851.2,-6.47191,-20189.2]
      ],
      "objLayer": 0,
      "props": []
    },
    "flt_art_spot_106": {
      "type": "Point",
      "tm": [
        [1.0,0.0,0.0],
        [0.0,1.0,0.0],
        [0.0,0.0,1.0],
        [-25104.6,-6.81735,-20060.0]
      ],
      "objLayer": 0,
      "props": []
    },
    "flt_art_spot_107": {
      "type": "Point",
      "tm": [
        [1.0,0.0,0.0],
        [0.0,1.0,0.0],
        [0.0,0.0,1.0],
        [-24976.8,-6.48468,-20139.6]
      ],
      "objLayer": 0,
      "props": []
    },
    "flt_art_spot_108": {
      "type": "Point",
      "tm": [
        [1.0,0.0,0.0],
        [0.0,1.0,0.0],
        [0.0,0.0,1.0],
        [-29921.1,107.944,-17911.4]
      ],
      "objLayer": 0,
      "props": []
    },
    "flt_art_spot_109": {
      "type": "Point",
      "tm": [
        [1.0,0.0,0.0],
        [0.0,1.0,0.0],
        [0.0,0.0,1.0],
        [-29959.9,100.545,-17777.2]
      ],
      "objLayer": 0,
      "props": []
    },
    "flt_art_spot_110": {
      "type": "Point",
      "tm": [
        [1.0,0.0,0.0],
        [0.0,1.0,0.0],
        [0.0,0.0,1.0],
        [-30668.9,38.0274,-17773.9]
      ],
      "objLayer": 0,
      "props": []
    },
    "flt_art_spot_111": {
      "type": "Point",
      "tm": [
        [1.0,0.0,0.0],
        [0.0,1.0,0.0],
        [0.0,0.0,1.0],
        [-30407.6,115.074,-18807.4]
      ],
      "objLayer": 0,
      "props": []
    },
    "flt_art_spot_112": {
      "type": "Point",
      "tm": [
        [1.0,0.0,0.0],
        [0.0,1.0,0.0],
        [0.0,0.0,1.0],
        [-28585.5,154.141,-24726.0]
      ],
      "objLayer": 0,
      "props": []
    },
    "flt_art_spot_113": {
      "type": "Point",
      "tm": [
        [1.0,0.0,0.0],
        [0.0,1.0,0.0],
        [0.0,0.0,1.0],
        [-28204.7,161.211,-24900.6]
      ],
      "objLayer": 0,
      "props": []
    },
    "flt_art_spot_114": {
      "type": "Point",
      "tm": [
        [1.0,0.0,0.0],
        [0.0,1.0,0.0],
        [0.0,0.0,1.0],
        [-28234.3,162.104,-24988.2]
      ],
      "objLayer": 0,
      "props": []
    },
    "flt_art_spot_115": {
      "type": "Point",
      "tm": [
        [1.0,0.0,0.0],
        [0.0,1.0,0.0],
        [0.0,0.0,1.0],
        [-28290.2,162.439,-25089.3]
      ],
      "objLayer": 0,
      "props": []
    },
    "flt_art_spot_116": {
      "type": "Point",
      "tm": [
        [1.0,0.0,0.0],
        [0.0,1.0,0.0],
        [0.0,0.0,1.0],
        [-9695.45,17.8669,-21629.3]
      ],
      "objLayer": 0,
      "props": []
    },
    "flt_art_spot_117": {
      "type": "Point",
      "tm": [
        [1.0,0.0,0.0],
        [0.0,1.0,0.0],
        [0.0,0.0,1.0],
        [-9486.93,12.684,-21716.9]
      ],
      "objLayer": 0,
      "props": []
    },
    "flt_art_spot_118": {
      "type": "Point",
      "tm": [
        [1.0,0.0,0.0],
        [0.0,1.0,0.0],
        [0.0,0.0,1.0],
        [-9045.06,13.9971,-21906.7]
      ],
      "objLayer": 0,
      "props": []
    },
    "flt_art_spot_119": {
      "type": "Point",
      "tm": [
        [1.0,0.0,0.0],
        [0.0,1.0,0.0],
        [0.0,0.0,1.0],
        [-6269.04,0.328552,-14197.6]
      ],
      "objLayer": 0,
      "props": []
    },
    "flt_art_spot_120": {
      "type": "Point",
      "tm": [
        [1.0,0.0,0.0],
        [0.0,1.0,0.0],
        [0.0,0.0,1.0],
        [-5464.62,0.260712,-14302.0]
      ],
      "objLayer": 0,
      "props": []
    },
    "flt_art_spot_121": {
      "type": "Point",
      "tm": [
        [1.0,0.0,0.0],
        [0.0,1.0,0.0],
        [0.0,0.0,1.0],
        [-5210.41,0.27063,-13424.8]
      ],
      "objLayer": 0,
      "props": []
    },
    "flt_art_spot_122": {
      "type": "Point",
      "tm": [
        [1.0,0.0,0.0],
        [0.0,1.0,0.0],
        [0.0,0.0,1.0],
        [-4411.49,-3.75562,-14311.5]
      ],
      "objLayer": 0,
      "props": []
    },
    "flt_art_spot_123": {
      "type": "Point",
      "tm": [
        [1.0,0.0,0.0],
        [0.0,1.0,0.0],
        [0.0,0.0,1.0],
        [280.488,-7.49478,-5667.24]
      ],
      "objLayer": 0,
      "props": []
    },
    "flt_art_spot_124": {
      "type": "Point",
      "tm": [
        [1.0,0.0,0.0],
        [0.0,1.0,0.0],
        [0.0,0.0,1.0],
        [324.731,-7.42749,-5464.1]
      ],
      "objLayer": 0,
      "props": []
    },
    "flt_art_spot_125": {
      "type": "Point",
      "tm": [
        [1.0,0.0,0.0],
        [0.0,1.0,0.0],
        [0.0,0.0,1.0],
        [7481.0,0.651733,-1020.28]
      ],
      "objLayer": 0,
      "props": []
    },
    "flt_art_spot_126": {
      "type": "Point",
      "tm": [
        [1.0,0.0,0.0],
        [0.0,1.0,0.0],
        [0.0,0.0,1.0],
        [8146.71,0.531982,-373.05]
      ],
      "objLayer": 0,
      "props": []
    },
    "flt_art_spot_127": {
      "type": "Point",
      "tm": [
        [1.0,0.0,0.0],
        [0.0,1.0,0.0],
        [0.0,0.0,1.0],
        [8130.05,-0.379333,18.2795]
      ],
      "objLayer": 0,
      "props": []
    },
    "flt_art_spot_128": {
      "type": "Point",
      "tm": [
        [1.0,0.0,0.0],
        [0.0,1.0,0.0],
        [0.0,0.0,1.0],
        [20868.8,34.889,2530.41]
      ],
      "objLayer": 0,
      "props": []
    },
    "flt_art_spot_129": {
      "type": "Point",
      "tm": [
        [1.0,0.0,0.0],
        [0.0,1.0,0.0],
        [0.0,0.0,1.0],
        [21272.7,35.6679,2536.05]
      ],
      "objLayer": 0,
      "props": []
    },
    "flt_art_spot_130": {
      "type": "Point",
      "tm": [
        [1.0,0.0,0.0],
        [0.0,1.0,0.0],
        [0.0,0.0,1.0],
        [20636.9,37.7534,3326.34]
      ],
      "objLayer": 0,
      "props": []
    },
    "flt_art_spot_131": {
      "type": "Point",
      "tm": [
        [1.0,0.0,0.0],
        [0.0,1.0,0.0],
        [0.0,0.0,1.0],
        [22600.7,30.6615,1445.79]
      ],
      "objLayer": 0,
      "props": []
    },
    "flt_art_spot_132": {
      "type": "Point",
      "tm": [
        [1.0,0.0,0.0],
        [0.0,1.0,0.0],
        [0.0,0.0,1.0],
        [22764.6,29.7015,935.094]
      ],
      "objLayer": 0,
      "props": []
    },
    "flt_art_spot_133": {
      "type": "Point",
      "tm": [
        [1.0,0.0,0.0],
        [0.0,1.0,0.0],
        [0.0,0.0,1.0],
        [17126.8,34.0663,4271.05]
      ],
      "objLayer": 0,
      "props": []
    },
    "flt_art_spot_134": {
      "type": "Point",
      "tm": [
        [1.0,0.0,0.0],
        [0.0,1.0,0.0],
        [0.0,0.0,1.0],
        [17799.1,37.3193,4709.31]
      ],
      "objLayer": 0,
      "props": []
    },
    "flt_art_spot_135": {
      "type": "Point",
      "tm": [
        [1.0,0.0,0.0],
        [0.0,1.0,0.0],
        [0.0,0.0,1.0],
        [13908.9,3.64227,14333.1]
      ],
      "objLayer": 0,
      "props": []
    },
    "flt_art_spot_136": {
      "type": "Point",
      "tm": [
        [1.0,0.0,0.0],
        [0.0,1.0,0.0],
        [0.0,0.0,1.0],
        [13605.0,-1.56189,14159.1]
      ],
      "objLayer": 0,
      "props": []
    },
    "flt_art_spot_137": {
      "type": "Point",
      "tm": [
        [1.0,0.0,0.0],
        [0.0,1.0,0.0],
        [0.0,0.0,1.0],
        [13318.1,-6.10114,13957.2]
      ],
      "objLayer": 0,
      "props": []
    },
    "flt_art_spot_138": {
      "type": "Point",
      "tm": [
        [1.0,0.0,0.0],
        [0.0,1.0,0.0],
        [0.0,0.0,1.0],
        [23066.7,43.1366,7640.86]
      ],
      "objLayer": 0,
      "props": []
    },
    "flt_art_spot_139": {
      "type": "Point",
      "tm": [
        [1.0,0.0,0.0],
        [0.0,1.0,0.0],
        [0.0,0.0,1.0],
        [23726.7,44.3591,7815.06]
      ],
      "objLayer": 0,
      "props": []
    },
    "flt_art_spot_140": {
      "type": "Point",
      "tm": [
        [1.0,0.0,0.0],
        [0.0,1.0,0.0],
        [0.0,0.0,1.0],
        [24639.9,41.8822,7660.5]
      ],
      "objLayer": 0,
      "props": []
    },
    "flt_art_spot_141": {
      "type": "Point",
      "tm": [
        [1.0,0.0,0.0],
        [0.0,1.0,0.0],
        [0.0,0.0,1.0],
        [25052.6,41.3895,8793.87]
      ],
      "objLayer": 0,
      "props": []
    },
    "flt_art_spot_142": {
      "type": "Point",
      "tm": [
        [1.0,0.0,0.0],
        [0.0,1.0,0.0],
        [0.0,0.0,1.0],
        [23323.3,53.301,5189.81]
      ],
      "objLayer": 0,
      "props": []
    },
    "flt_art_spot_143": {
      "type": "Point",
      "tm": [
        [1.0,0.0,0.0],
        [0.0,1.0,0.0],
        [0.0,0.0,1.0],
        [23632.6,44.0201,5019.81]
      ],
      "objLayer": 0,
      "props": []
    },
    "flt_art_spot_144": {
      "type": "Point",
      "tm": [
        [1.0,0.0,0.0],
        [0.0,1.0,0.0],
        [0.0,0.0,1.0],
        [25792.3,21.8896,-3575.16]
      ],
      "objLayer": 0,
      "props": []
    },
    "flt_art_spot_145": {
      "type": "Point",
      "tm": [
        [1.0,0.0,0.0],
        [0.0,1.0,0.0],
        [0.0,0.0,1.0],
        [25185.1,9.88708,-3732.08]
      ],
      "objLayer": 0,
      "props": []
    },
    "flt_art_spot_146": {
      "type": "Point",
      "tm": [
        [1.0,0.0,0.0],
        [0.0,1.0,0.0],
        [0.0,0.0,1.0],
        [27329.1,18.4158,-5786.48]
      ],
      "objLayer": 0,
      "props": []
    },
    "flt_art_spot_147": {
      "type": "Point",
      "tm": [
        [1.0,0.0,0.0],
        [0.0,1.0,0.0],
        [0.0,0.0,1.0],
        [28689.3,1.75681,-15706.7]
      ],
      "objLayer": 0,
      "props": []
    },
    "flt_art_spot_148": {
      "type": "Point",
      "tm": [
        [1.0,0.0,0.0],
        [0.0,1.0,0.0],
        [0.0,0.0,1.0],
        [28774.8,1.75681,-15707.6]
      ],
      "objLayer": 0,
      "props": []
    },
    "flt_art_spot_149": {
      "type": "Point",
      "tm": [
        [1.0,0.0,0.0],
        [0.0,1.0,0.0],
        [0.0,0.0,1.0],
        [29114.6,1.75681,-15901.4]
      ],
      "objLayer": 0,
      "props": []
    },
    "flt_art_spot_150": {
      "type": "Point",
      "tm": [
        [1.0,0.0,0.0],
        [0.0,1.0,0.0],
        [0.0,0.0,1.0],
        [7963.59,1.75693,-5721.2]
      ],
      "objLayer": 0,
      "props": []
    },
    "flt_art_spot_151": {
      "type": "Point",
      "tm": [
        [1.0,0.0,0.0],
        [0.0,1.0,0.0],
        [0.0,0.0,1.0],
        [8768.41,2.71411,-5084.26]
      ],
      "objLayer": 0,
      "props": []
    },
    "flt_art_spot_152": {
      "type": "Point",
      "tm": [
        [1.0,0.0,0.0],
        [0.0,1.0,0.0],
        [0.0,0.0,1.0],
        [8408.9,1.75684,-5170.59]
      ],
      "objLayer": 0,
      "props": []
    },
    "flt_art_spot_153": {
      "type": "Point",
      "tm": [
        [1.0,0.0,0.0],
        [0.0,1.0,0.0],
        [0.0,0.0,1.0],
        [4204.1,16.5046,4897.21]
      ],
      "objLayer": 0,
      "props": []
    },
    "flt_art_spot_154": {
      "type": "Point",
      "tm": [
        [1.0,0.0,0.0],
        [0.0,1.0,0.0],
        [0.0,0.0,1.0],
        [4314.92,6.69879,4767.39]
      ],
      "objLayer": 0,
      "props": []
    },
    "flt_art_spot_155": {
      "type": "Point",
      "tm": [
        [1.0,0.0,0.0],
        [0.0,1.0,0.0],
        [0.0,0.0,1.0],
        [3773.8,16.6923,5176.47]
      ],
      "objLayer": 0,
      "props": []
    },
    "flt_art_spot_156": {
      "type": "Point",
      "tm": [
        [1.0,0.0,0.0],
        [0.0,1.0,0.0],
        [0.0,0.0,1.0],
        [3848.38,16.6852,5273.57]
      ],
      "objLayer": 0,
      "props": []
    },
    "flt_art_spot_157": {
      "type": "Point",
      "tm": [
        [1.0,0.0,0.0],
        [0.0,1.0,0.0],
        [0.0,0.0,1.0],
        [3446.09,23.0861,5308.0]
      ],
      "objLayer": 0,
      "props": []
    },
    "flt_art_spot_158": {
      "type": "Point",
      "tm": [
        [1.0,0.0,0.0],
        [0.0,1.0,0.0],
        [0.0,0.0,1.0],
        [3518.03,16.7995,4788.47]
      ],
      "objLayer": 0,
      "props": []
    },
    "flt_art_spot_159": {
      "type": "Point",
      "tm": [
        [1.0,0.0,0.0],
        [0.0,1.0,0.0],
        [0.0,0.0,1.0],
        [3571.25,16.6974,4734.01]
      ],
      "objLayer": 0,
      "props": []
    },
    "flt_art_spot_160": {
      "type": "Point",
      "tm": [
        [1.0,0.0,0.0],
        [0.0,1.0,0.0],
        [0.0,0.0,1.0],
        [3565.74,49.6094,6362.5]
      ],
      "objLayer": 0,
      "props": []
    },
    "flt_art_spot_161": {
      "type": "Point",
      "tm": [
        [1.0,0.0,0.0],
        [0.0,1.0,0.0],
        [0.0,0.0,1.0],
        [3771.3,43.1201,6557.93]
      ],
      "objLayer": 0,
      "props": []
    },
    "flt_art_spot_162": {
      "type": "Point",
      "tm": [
        [1.0,0.0,0.0],
        [0.0,1.0,0.0],
        [0.0,0.0,1.0],
        [3923.89,32.2747,6535.04]
      ],
      "objLayer": 0,
      "props": []
    },
    "flt_art_spot_163": {
      "type": "Point",
      "tm": [
        [1.0,0.0,0.0],
        [0.0,1.0,0.0],
        [0.0,0.0,1.0],
        [4710.05,8.06831,8297.95]
      ],
      "objLayer": 0,
      "props": []
    },
    "flt_art_spot_164": {
      "type": "Point",
      "tm": [
        [1.0,0.0,0.0],
        [0.0,1.0,0.0],
        [0.0,0.0,1.0],
        [4563.01,36.6437,8506.04]
      ],
      "objLayer": 0,
      "props": []
    },
    "flt_art_spot_165": {
      "type": "Point",
      "tm": [
        [1.0,0.0,0.0],
        [0.0,1.0,0.0],
        [0.0,0.0,1.0],
        [5960.8,-6.94018,7628.12]
      ],
      "objLayer": 0,
      "props": []
    },
    "flt_art_spot_166": {
      "type": "Point",
      "tm": [
        [1.0,0.0,0.0],
        [0.0,1.0,0.0],
        [0.0,0.0,1.0],
        [6267.26,-6.95319,7660.03]
      ],
      "objLayer": 0,
      "props": []
    },
    "flt_art_spot_167": {
      "type": "Point",
      "tm": [
        [1.0,0.0,0.0],
        [0.0,1.0,0.0],
        [0.0,0.0,1.0],
        [6051.44,-0.163849,8118.57]
      ],
      "objLayer": 0,
      "props": []
    },
    "flt_art_spot_168": {
      "type": "Point",
      "tm": [
        [1.0,0.0,0.0],
        [0.0,1.0,0.0],
        [0.0,0.0,1.0],
        [5475.1,28.5366,8592.36]
      ],
      "objLayer": 0,
      "props": []
    },
    "flt_art_spot_169": {
      "type": "Point",
      "tm": [
        [1.0,0.0,0.0],
        [0.0,1.0,0.0],
        [0.0,0.0,1.0],
        [3572.22,-6.58597,7608.52]
      ],
      "objLayer": 0,
      "props": []
    },
    "flt_art_spot_170": {
      "type": "Point",
      "tm": [
