{
  "selected_tag": "",
  "bin_dump_file": "",
  "mission_settings": {
    "player": {
      "army": 1
    },
    "player_teamB": {
      "army": 2
    },
    "mission": {
      "type": "domination",
      "level": "levels/air_israel.bin",
      "environment": "Day",
      "weather": "hazy"
    }
  },
  "imports": {},
  "triggers": {
    "isCategory": true,
    "is_enabled": true,
    "static_units_rank_06_init": {
      "is_enabled": true,
      "comments": "",
      "props": {
        "actionsType": "PERFORM_ONE_BY_ONE",
        "conditionsType": "ALL",
        "enableAfterComplete": false
      },
      "events": {
        "initMission": {}
      },
      "conditions": {},
      "actions": {
        "comment": [
          {
            "value": "static units"
          },
          {
            "value": "static aaa"
          },
          {
            "value": ""
          }
        ],
        "unitSetProperties": [
          {
            "object": [
              "t1_artillery_squad",
              "t1_bunkers_squad",
              "t2_artillery_squad",
              "t2_bunkers_squad"
            ],
            "accuracy": 0.1,
            "checkVisibilityTarget": false
          },
          {
            "object": [
              "t1_aaa_squad",
              "t2_aaa_squad"
            ],
            "targetGnd": false,
            "accuracy": 0.1,
            "airAccuracy": 0.1,
            "fireRandom": true,
            "targetChangeInterval": 5.0,
            "targetChangeProb": 0.25,
            "DelayAfterShoot": 3.0
          }
        ],
        "missionDestroyArea": {
          "target_type": "ALL",
          "area": [
            "clear_redinst_area_01",
            "clear_redinst_area_02",
            "clear_redinst_area_03",
            "clear_redinst_area_04",
            "clear_redinst_area_05",
            "clear_redinst_area_06",
            "clear_redinst_area_07"
          ]
        }
      },
      "else_actions": {}
    }
  },
  "mission_objectives": {
    "isCategory": true,
    "is_enabled": true
  },
  "variables": {},
  "dialogs": {},
  "airfields": {},
  "effects": {},
  "units": {
    "objectGroups": [
      {
        "name": "t1_trench_rank_06_01",
        "tm": [
          [
            0.538415,
            -0.03236,
            0.842058
          ],
          [
            0.0279344,
            0.999399,
            0.0205461
          ],
          [
            -0.842217,
            0.0124597,
            0.538994
          ],
          [
            17385.4,
            71.1706,
            -19330.8
          ]
        ],
        "unit_class": "dynTrench_small_bunker_axis",
        "objLayer": 2,
        "props": {
          "army": 1,
          "active": true
        }
      },
      {
        "name": "t1_trench_rank_06_02",
        "tm": [
          [
            0.591763,
            0.0167149,
            0.805938
          ],
          [
            -0.0163833,
            0.999828,
            -0.00870547
          ],
          [
            -0.805945,
            -0.00805275,
            0.591934
          ],
          [
            21222.3,
            43.9676,
            -13766.5
          ]
        ],
        "unit_class": "dynTrench_small_bunker_axis",
        "objLayer": 2,
        "props": {
          "army": 1,
          "active": true
        }
      },
      {
        "name": "t1_trench_rank_06_03",
        "tm": [
          [
            0.718746,
            -0.0776898,
            0.690917
          ],
          [
            0.0868785,
            0.995985,
            0.0216141
          ],
          [
            -0.689822,
            0.0444903,
            0.72261
          ],
          [
            16207.4,
            24.2156,
            -20552.2
          ]
        ],
        "unit_class": "dynTrench_small_bunker_axis",
        "objLayer": 2,
        "props": {
          "army": 1,
          "active": true
        }
      },
      {
        "name": "t1_trench_rank_06_04",
        "tm": [
          [
            0.358711,
            -0.0183569,
            0.933268
          ],
          [
            0.0296809,
            0.999525,
            0.00825203
          ],
          [
            -0.932975,
            0.0247401,
            0.359088
          ],
          [
            26220.7,
            13.1686,
            -6026.39
          ]
        ],
        "unit_class": "dynTrench_small_bunker_axis",
        "objLayer": 2,
        "props": {
          "army": 1,
          "active": true
        }
      },
      {
        "name": "t1_trench_rank_06_05",
        "tm": [
          [
            0.44276,
            -0.0140308,
            0.89653
          ],
          [
            0.00902273,
            0.999896,
            0.011192
          ],
          [
            -0.896596,
            0.00313351,
            0.44284
          ],
          [
            24627.3,
            14.8676,
            -8795.1
          ]
        ],
        "unit_class": "dynTrench_small_bunker_axis",
        "objLayer": 2,
        "props": {
          "army": 1,
          "active": true
        }
      },
      {
        "name": "t1_trench_rank_06_06",
        "tm": [
          [
            0.718509,
            0.00217096,
            0.695515
          ],
          [
            0.0109588,
            0.999836,
            -0.014442
          ],
          [
            -0.695432,
            0.0179986,
            0.718367
          ],
          [
            18612.0,
            -8.36728,
            -17355.9
          ]
        ],
        "unit_class": "dynTrench_small_bunker_axis",
        "objLayer": 2,
        "props": {
          "army": 1,
          "active": true
        }
      },
      {
        "name": "t1_trench_rank_06_07",
        "tm": [
          [
            0.66648,
            0.00520152,
            0.745505
          ],
          [
            0.00168116,
            0.999962,
            -0.0084804
          ],
          [
            -0.745521,
            0.00690538,
            0.666446
          ],
          [
            23162.9,
            36.1685,
            -11085.1
          ]
        ],
        "unit_class": "dynTrench_small_bunker_axis",
        "objLayer": 2,
        "props": {
          "army": 1,
          "active": true
        }
      },
      {
        "name": "t1_trench_rank_06_08",
        "tm": [
          [
            0.801116,
            0.0144075,
            0.598336
          ],
          [
            0.0307798,
            0.997395,
            -0.0652279
          ],
          [
            -0.597717,
            0.0706711,
            0.798585
          ],
          [
            13521.9,
            12.5186,
            -23783.9
          ]
        ],
        "unit_class": "dynTrench_small_bunker_axis",
        "objLayer": 2,
        "props": {
          "army": 1,
          "active": true
        }
      },
      {
        "name": "t2_trench_rank_06_01",
        "tm": [
          [
            -0.521761,
            0.00399539,
            -0.853081
          ],
          [
            -0.00356662,
            0.99997,
            0.00686468
          ],
          [
            0.853084,
            0.00662451,
            -0.521732
          ],
          [
            16062.9,
            15.7478,
            -17160.2
          ]
        ],
        "unit_class": "dynTrench_small_bunker_axis",
        "objLayer": 2,
        "props": {
          "army": 2,
          "active": true
        }
      },
      {
        "name": "t2_trench_rank_06_02",
        "tm": [
          [
            -0.520219,
            0.0108512,
            -0.853963
          ],
          [
            0.0217941,
            0.999762,
            -0.000572468
          ],
          [
            0.853753,
            -0.0189096,
            -0.520333
          ],
          [
            17349.8,
            32.0774,
            -15825.4
          ]
        ],
        "unit_class": "dynTrench_small_bunker_axis",
        "objLayer": 2,
        "props": {
          "army": 2,
          "active": true
        }
      },
      {
        "name": "t2_trench_rank_06_03",
        "tm": [
          [
            -0.506238,
            -0.0546513,
            -0.860661
          ],
          [
            -0.01613,
            0.998416,
            -0.0539112
          ],
          [
            0.862244,
            -0.0134093,
            -0.506316
          ],
          [
            12593.8,
            13.6786,
            -23009.3
          ]
        ],
        "unit_class": "dynTrench_small_bunker_axis",
        "objLayer": 2,
        "props": {
          "army": 2,
          "active": true
        }
      },
      {
        "name": "t2_trench_rank_06_04",
        "tm": [
          [
            -0.741469,
            0.00340541,
            -0.670978
          ],
          [
            0.0136606,
            0.999856,
            -0.010021
          ],
          [
            0.670848,
            -0.0165971,
            -0.741408
          ],
          [
            21772.9,
            41.3716,
            -9721.12
          ]
        ],
        "unit_class": "dynTrench_small_bunker_axis",
        "objLayer": 2,
        "props": {
          "army": 2,
          "active": true
        }
      },
      {
        "name": "t2_trench_rank_06_05",
        "tm": [
          [
            -0.782228,
            -0.0195331,
            -0.622685
          ],
          [
            -0.00772453,
            0.999736,
            -0.0216571
          ],
          [
            0.622944,
            -0.0121307,
            -0.782175
          ],
          [
            25182.6,
            19.9337,
            -5466.42
          ]
        ],
        "unit_class": "dynTrench_small_bunker_axis",
        "objLayer": 2,
        "props": {
          "army": 2,
          "active": true
        }
      },
      {
        "name": "t2_trench_rank_06_06",
        "tm": [
          [
            -0.766472,
            -0.000319536,
            -0.642278
          ],
          [
            -0.0169615,
            0.99966,
            0.0197439
          ],
          [
            0.642054,
            0.0260272,
            -0.766218
          ],
          [
            23294.7,
            8.98467,
            -7723.03
          ]
        ],
        "unit_class": "dynTrench_small_bunker_axis",
        "objLayer": 2,
        "props": {
          "army": 2,
          "active": true
        }
      },
      {
        "name": "t2_trench_rank_06_07",
        "tm": [
          [
            -0.475218,
            0.0101144,
            -0.87981
          ],
          [
            -0.0153002,
            0.999687,
            0.0197569
          ],
          [
            0.879735,
            0.022849,
            -0.474914
          ],
          [
            15256.7,
            24.358,
            -18905.3
          ]
        ],
        "unit_class": "dynTrench_small_bunker_axis",
        "objLayer": 2,
        "props": {
          "army": 2,
          "active": true
        }
      },
      {
        "name": "t2_trench_rank_06_08",
        "tm": [
          [
            -0.717152,
            0.0413695,
            -0.695687
          ],
          [
            0.0204402,
            0.999055,
            0.0383391
          ],
          [
            0.696617,
            0.0132753,
            -0.717322
          ],
          [
            20041.8,
            12.0003,
            -12410.5
          ]
        ],
        "unit_class": "dynTrench_small_bunker_axis",
        "objLayer": 2,
        "props": {
          "army": 2,
          "active": true
        }
      }
    ],
    "structures": [
      {
        "name": "t1_bunker_01",
        "tm": [
          [
            -0.912247,
            0.0170838,
            0.409283
          ],
          [
            0.0279344,
            0.999399,
            0.0205461
          ],
          [
            -0.408685,
            0.0301764,
            -0.912176
          ],
          [
            17383.5,
            83.4955,
            -19316.2
          ]
        ],
        "unit_class": "ussr_quest_large_art_noground",
        "objLayer": 1,
        "closed_waypoints": false,
        "isShipSpline": false,
        "shipTurnRadius": 100.0,
        "weapons": "",
        "bullets0": "",
        "bullets1": "",
        "bullets2": "",
        "bullets3": "",
        "bulletsCount0": 0,
        "bulletsCount1": 0,
        "bulletsCount2": 0,
        "bulletsCount3": 0,
        "crewSkillK": 0.0,
        "applyAllMods": false,
        "props": {
          "army": 1,
          "count": 1,
          "formation_type": "rows",
          "formation_div": 3,
          "formation_step": [
            2.5,
            2.0
          ],
          "formation_noise": [
            0.1,
            0.1
          ]
        },
        "way": {}
      },
      {
        "name": "t1_art_01",
        "tm": [
          [
            -0.912247,
            0.0170838,
            0.409283
          ],
          [
            0.0279344,
            0.999399,
            0.0205461
          ],
          [
            -0.408685,
            0.0301764,
            -0.912176
          ],
          [
            17343.3,
            82.7486,
            -19402.0
          ]
        ],
        "unit_class": "ussr_quest_large_art_noground",
        "objLayer": 1,
        "closed_waypoints": false,
        "isShipSpline": false,
        "shipTurnRadius": 100.0,
        "weapons": "",
        "bullets0": "",
        "bullets1": "",
        "bullets2": "",
        "bullets3": "",
        "bulletsCount0": 0,
        "bulletsCount1": 0,
        "bulletsCount2": 0,
        "bulletsCount3": 0,
        "crewSkillK": 0.0,
        "applyAllMods": false,
        "props": {
          "army": 1,
          "count": 1,
          "formation_type": "rows",
          "formation_div": 3,
          "formation_step": [
            2.5,
            2.0
          ],
          "formation_noise": [
            0.1,
            0.1
          ]
        },
        "way": {}
      },
      {
        "name": "t1_art_02",
        "tm": [
          [
            -0.912247,
            0.0170838,
            0.409283
          ],
          [
            0.0279344,
            0.999399,
            0.0205461
          ],
          [
            -0.408685,
            0.0301764,
            -0.912176
          ],
          [
            17406.1,
            74.3326,
            -19245.6
          ]
        ],
        "unit_class": "ussr_quest_large_art_noground",
        "objLayer": 1,
        "closed_waypoints": false,
        "isShipSpline": false,
        "shipTurnRadius": 100.0,
        "weapons": "",
        "bullets0": "",
        "bullets1": "",
        "bullets2": "",
        "bullets3": "",
        "bulletsCount0": 0,
        "bulletsCount1": 0,
        "bulletsCount2": 0,
        "bulletsCount3": 0,
        "crewSkillK": 0.0,
        "applyAllMods": false,
        "props": {
          "army": 1,
          "count": 1,
          "formation_type": "rows",
          "formation_div": 3,
          "formation_step": [
            2.5,
            2.0
          ],
          "formation_noise": [
            0.1,
            0.1
          ]
        },
        "way": {}
      },
      {
        "name": "t1_bunker_02",
        "tm": [
          [
            -0.884217,
            -0.0104238,
            0.46696
          ],
          [
            -0.0163833,
            0.999828,
            -0.00870547
          ],
          [
            -0.46679,
            -0.0153487,
            -0.884237
          ],
          [
            21220.9,
            56.6356,
            -13752.1
          ]
        ],
        "unit_class": "ussr_quest_large_art_noground",
        "objLayer": 1,
        "closed_waypoints": false,
        "isShipSpline": false,
        "shipTurnRadius": 100.0,
        "weapons": "",
        "bullets0": "",
        "bullets1": "",
        "bullets2": "",
        "bullets3": "",
        "bulletsCount0": 0,
        "bulletsCount1": 0,
        "bulletsCount2": 0,
        "bulletsCount3": 0,
        "crewSkillK": 0.0,
        "applyAllMods": false,
        "props": {
          "army": 1,
          "count": 1,
          "formation_type": "rows",
          "formation_div": 3,
          "formation_step": [
            2.5,
            2.0
          ],
          "formation_noise": [
            0.1,
            0.1
          ]
        },
        "way": {}
      },
      {
        "name": "t1_art_03",
        "tm": [
          [
            -0.884217,
            -0.0104238,
            0.46696
          ],
          [
            -0.0163833,
            0.999828,
            -0.00870547
          ],
          [
            -0.46679,
            -0.0153487,
            -0.884237
          ],
          [
            21175.3,
            51.5316,
            -13835.1
          ]
        ],
        "unit_class": "ussr_quest_large_art_noground",
        "objLayer": 1,
        "closed_waypoints": false,
        "isShipSpline": false,
        "shipTurnRadius": 100.0,
        "weapons": "",
        "bullets0": "",
        "bullets1": "",
        "bullets2": "",
        "bullets3": "",
        "bulletsCount0": 0,
        "bulletsCount1": 0,
        "bulletsCount2": 0,
        "bulletsCount3": 0,
        "crewSkillK": 0.0,
        "applyAllMods": false,
        "props": {
          "army": 1,
          "count": 1,
          "formation_type": "rows",
          "formation_div": 3,
          "formation_step": [
            2.5,
            2.0
          ],
          "formation_noise": [
            0.1,
            0.1
          ]
        },
        "way": {}
      },
      {
        "name": "t1_art_04",
        "tm": [
          [
            -0.884217,
            -0.0104238,
            0.46696
          ],
          [
            -0.0163833,
            0.999828,
            -0.00870547
          ],
          [
            -0.46679,
            -0.0153487,
            -0.884237
          ],
          [
            21248.3,
            50.6106,
            -13682.9
          ]
        ],
        "unit_class": "ussr_quest_large_art_noground",
        "objLayer": 1,
        "closed_waypoints": false,
        "isShipSpline": false,
        "shipTurnRadius": 100.0,
        "weapons": "",
        "bullets0": "",
        "bullets1": "",
        "bullets2": "",
        "bullets3": "",
        "bulletsCount0": 0,
        "bulletsCount1": 0,
        "bulletsCount2": 0,
        "bulletsCount3": 0,
        "crewSkillK": 0.0,
        "applyAllMods": false,
        "props": {
          "army": 1,
          "count": 1,
          "formation_type": "rows",
          "formation_div": 3,
          "formation_step": [
            2.5,
            2.0
          ],
          "formation_noise": [
            0.1,
            0.1
          ]
        },
        "way": {}
      },
      {
        "name": "t1_bunker_03",
        "tm": [
          [
            -0.788035,
            0.0554333,
            0.613131
          ],
          [
            0.0868785,
            0.995985,
            0.0216141
          ],
          [
            -0.60947,
            0.0703009,
            -0.789685
          ],
          [
            16209.7,
            36.3195,
            -20537.5
          ]
        ],
        "unit_class": "ussr_quest_large_art_noground",
        "objLayer": 1,
        "closed_waypoints": false,
        "isShipSpline": false,
        "shipTurnRadius": 100.0,
        "weapons": "",
        "bullets0": "",
        "bullets1": "",
        "bullets2": "",
        "bullets3": "",
        "bulletsCount0": 0,
        "bulletsCount1": 0,
        "bulletsCount2": 0,
        "bulletsCount3": 0,
        "crewSkillK": 0.0,
        "applyAllMods": false,
        "props": {
          "army": 1,
          "count": 1,
          "formation_type": "rows",
          "formation_div": 3,
          "formation_step": [
            2.5,
            2.0
          ],
          "formation_noise": [
            0.1,
            0.1
          ]
        },
        "way": {}
      },
      {
        "name": "t1_art_05",
        "tm": [
          [
            -0.788035,
            0.0554333,
            0.613131
          ],
          [
            0.0868785,
            0.995985,
            0.0216141
          ],
          [
            -0.60947,
            0.0703009,
            -0.789685
          ],
          [
            16150.4,
            39.4346,
            -20611.4
          ]
        ],
        "unit_class": "ussr_quest_large_art_noground",
        "objLayer": 1,
        "closed_waypoints": false,
        "isShipSpline": false,
        "shipTurnRadius": 100.0,
        "weapons": "",
        "bullets0": "",
        "bullets1": "",
        "bullets2": "",
        "bullets3": "",
        "bulletsCount0": 0,
        "bulletsCount1": 0,
        "bulletsCount2": 0,
        "bulletsCount3": 0,
        "crewSkillK": 0.0,
        "applyAllMods": false,
        "props": {
          "army": 1,
          "count": 1,
          "formation_type": "rows",
          "formation_div": 3,
          "formation_step": [
            2.5,
            2.0
          ],
          "formation_noise": [
            0.1,
            0.1
          ]
        },
        "way": {}
      },
      {
        "name": "t1_art_06",
        "tm": [
          [
            -0.788035,
            0.0554333,
            0.613131
          ],
          [
            0.0868785,
            0.995985,
            0.0216141
          ],
          [
            -0.60947,
            0.0703009,
            -0.789685
          ],
          [
            16247.7,
            24.5186,
            -20474.3
          ]
        ],
        "unit_class": "ussr_quest_large_art_noground",
        "objLayer": 1,
        "closed_waypoints": false,
        "isShipSpline": false,
        "shipTurnRadius": 100.0,
        "weapons": "",
        "bullets0": "",
        "bullets1": "",
        "bullets2": "",
        "bullets3": "",
        "bulletsCount0": 0,
        "bulletsCount1": 0,
        "bulletsCount2": 0,
        "bulletsCount3": 0,
        "crewSkillK": 0.0,
        "applyAllMods": false,
        "props": {
          "army": 1,
          "count": 1,
          "formation_type": "rows",
          "formation_div": 3,
          "formation_step": [
            2.5,
            2.0
          ],
          "formation_noise": [
            0.1,
            0.1
          ]
        },
        "way": {}
      },
      {
        "name": "t1_bunker_04",
        "tm": [
          [
            -0.975589,
            0.0271711,
            0.217917
          ],
          [
            0.0296809,
            0.999525,
            0.00825203
          ],
          [
            -0.217588,
            0.0145186,
            -0.975933
          ],
          [
            26216.2,
            25.7596,
            -6012.64
          ]
        ],
        "unit_class": "ussr_quest_large_art_noground",
        "objLayer": 1,
        "closed_waypoints": false,
        "isShipSpline": false,
        "shipTurnRadius": 100.0,
        "weapons": "",
        "bullets0": "",
        "bullets1": "",
        "bullets2": "",
        "bullets3": "",
        "bulletsCount0": 0,
        "bulletsCount1": 0,
        "bulletsCount2": 0,
        "bulletsCount3": 0,
        "crewSkillK": 0.0,
        "applyAllMods": false,
        "props": {
          "army": 1,
          "count": 1,
          "formation_type": "rows",
          "formation_div": 3,
          "formation_step": [
            2.5,
            2.0
          ],
          "formation_noise": [
            0.1,
            0.1
          ]
        },
        "way": {}
      },
      {
        "name": "t1_art_07",
        "tm": [
          [
            -0.975589,
            0.0271711,
            0.217917
          ],
          [
            0.0296809,
            0.999525,
            0.00825203
          ],
          [
            -0.217588,
            0.0145186,
            -0.975933
          ],
          [
            26193.8,
            23.5526,
            -6104.85
          ]
        ],
        "unit_class": "ussr_quest_large_art_noground",
        "objLayer": 1,
        "closed_waypoints": false,
        "isShipSpline": false,
        "shipTurnRadius": 100.0,
        "weapons": "",
        "bullets0": "",
        "bullets1": "",
        "bullets2": "",
        "bullets3": "",
        "bulletsCount0": 0,
        "bulletsCount1": 0,
        "bulletsCount2": 0,
        "bulletsCount3": 0,
        "crewSkillK": 0.0,
        "applyAllMods": false,
        "props": {
          "army": 1,
          "count": 1,
          "formation_type": "rows",
          "formation_div": 3,
          "formation_step": [
            2.5,
            2.0
          ],
          "formation_noise": [
            0.1,
            0.1
          ]
        },
        "way": {}
      },
      {
        "name": "t1_art_08",
        "tm": [
          [
            -0.975589,
            0.0271711,
            0.217917
          ],
          [
            0.0296809,
            0.999525,
            0.00825203
          ],
          [
            -0.217588,
            0.0145186,
            -0.975933
          ],
          [
            26224.0,
            17.8356,
            -5938.83
          ]
        ],
        "unit_class": "ussr_quest_large_art_noground",
        "objLayer": 1,
        "closed_waypoints": false,
        "isShipSpline": false,
        "shipTurnRadius": 100.0,
        "weapons": "",
        "bullets0": "",
        "bullets1": "",
        "bullets2": "",
        "bullets3": "",
        "bulletsCount0": 0,
        "bulletsCount1": 0,
        "bulletsCount2": 0,
        "bulletsCount3": 0,
        "crewSkillK": 0.0,
        "applyAllMods": false,
        "props": {
          "army": 1,
          "count": 1,
          "formation_type": "rows",
          "formation_div": 3,
          "formation_step": [
            2.5,
            2.0
          ],
          "formation_noise": [
            0.1,
            0.1
          ]
        },
        "way": {}
      },
      {
        "name": "t1_bunker_05",
        "tm": [
          [
            -0.951966,
            0.00516301,
            0.306162
          ],
          [
            0.00902273,
            0.999896,
            0.011192
          ],
          [
            -0.306073,
            0.0134169,
            -0.951914
          ],
          [
            24623.7,
            27.3076,
            -8780.89
          ]
        ],
        "unit_class": "ussr_quest_large_art_noground",
        "objLayer": 1,
        "closed_waypoints": false,
        "isShipSpline": false,
        "shipTurnRadius": 100.0,
        "weapons": "",
        "bullets0": "",
        "bullets1": "",
        "bullets2": "",
        "bullets3": "",
        "bulletsCount0": 0,
        "bulletsCount1": 0,
        "bulletsCount2": 0,
        "bulletsCount3": 0,
        "crewSkillK": 0.0,
        "applyAllMods": false,
        "props": {
          "army": 1,
          "count": 1,
          "formation_type": "rows",
          "formation_div": 3,
          "formation_step": [
            2.5,
            2.0
          ],
          "formation_noise": [
            0.1,
            0.1
          ]
        },
        "way": {}
      },
      {
        "name": "t1_art_09",
        "tm": [
          [
            -0.951966,
            0.00516301,
            0.306162
          ],
          [
            0.00902273,
            0.999896,
            0.011192
          ],
          [
            -0.306073,
            0.0134169,
            -0.951914
          ],
          [
            24593.1,
            24.9506,
            -8870.67
          ]
        ],
        "unit_class": "ussr_quest_large_art_noground",
        "objLayer": 1,
        "closed_waypoints": false,
        "isShipSpline": false,
        "shipTurnRadius": 100.0,
        "weapons": "",
        "bullets0": "",
        "bullets1": "",
        "bullets2": "",
        "bullets3": "",
        "bulletsCount0": 0,
        "bulletsCount1": 0,
        "bulletsCount2": 0,
        "bulletsCount3": 0,
        "crewSkillK": 0.0,
        "applyAllMods": false,
        "props": {
          "army": 1,
          "count": 1,
          "formation_type": "rows",
          "formation_div": 3,
          "formation_step": [
            2.5,
            2.0
          ],
          "formation_noise": [
            0.1,
            0.1
          ]
        },
        "way": {}
      },
      {
        "name": "t1_art_10",
        "tm": [
          [
            -0.951966,
            0.00516301,
            0.306162
          ],
          [
            0.00902273,
            0.999896,
            0.011192
          ],
          [
            -0.306073,
            0.0134169,
            -0.951914
          ],
          [
            24638.5,
            19.2826,
            -8708.14
          ]
        ],
        "unit_class": "ussr_quest_large_art_noground",
        "objLayer": 1,
        "closed_waypoints": false,
        "isShipSpline": false,
        "shipTurnRadius": 100.0,
        "weapons": "",
        "bullets0": "",
        "bullets1": "",
        "bullets2": "",
        "bullets3": "",
        "bulletsCount0": 0,
        "bulletsCount1": 0,
        "bulletsCount2": 0,
        "bulletsCount3": 0,
        "crewSkillK": 0.0,
        "applyAllMods": false,
        "props": {
          "army": 1,
          "count": 1,
          "formation_type": "rows",
          "formation_div": 3,
          "formation_step": [
            2.5,
            2.0
          ],
          "formation_noise": [
            0.1,
            0.1
          ]
        },
        "way": {}
      },
      {
        "name": "t1_bunker_06",
        "tm": [
          [
            -0.793547,
            0.0174836,
            0.608258
          ],
          [
            0.0109588,
            0.999836,
            -0.014442
          ],
          [
            -0.608411,
            -0.00479407,
            -0.793607
          ],
          [
            18613.4,
            4.38872,
            -17341.6
          ]
        ],
        "unit_class": "ussr_quest_large_art_noground",
        "objLayer": 1,
        "closed_waypoints": false,
        "isShipSpline": false,
        "shipTurnRadius": 100.0,
        "weapons": "",
        "bullets0": "",
        "bullets1": "",
        "bullets2": "",
        "bullets3": "",
        "bulletsCount0": 0,
        "bulletsCount1": 0,
        "bulletsCount2": 0,
        "bulletsCount3": 0,
        "crewSkillK": 0.0,
        "applyAllMods": false,
        "props": {
          "army": 1,
          "count": 1,
          "formation_type": "rows",
          "formation_div": 3,
          "formation_step": [
            2.5,
            2.0
          ],
          "formation_noise": [
            0.1,
            0.1
          ]
        },
        "way": {}
      },
      {
        "name": "t1_art_11",
        "tm": [
          [
            -0.793547,
            0.0174836,
            0.608258
          ],
          [
            0.0109588,
            0.999836,
            -0.014442
          ],
          [
            -0.608411,
            -0.00479407,
            -0.793607
          ],
          [
            18554.4,
            0.330719,
            -17415.8
          ]
        ],
        "unit_class": "ussr_quest_large_art_noground",
        "objLayer": 1,
        "closed_waypoints": false,
        "isShipSpline": false,
        "shipTurnRadius": 100.0,
        "weapons": "",
        "bullets0": "",
        "bullets1": "",
        "bullets2": "",
        "bullets3": "",
        "bulletsCount0": 0,
        "bulletsCount1": 0,
        "bulletsCount2": 0,
        "bulletsCount3": 0,
        "crewSkillK": 0.0,
        "applyAllMods": false,
        "props": {
          "army": 1,
          "count": 1,
          "formation_type": "rows",
          "formation_div": 3,
          "formation_step": [
            2.5,
            2.0
          ],
          "formation_noise": [
            0.1,
            0.1
          ]
        },
        "way": {}
      },
      {
        "name": "t1_art_12",
        "tm": [
          [
            -0.793547,
            0.0174836,
            0.608258
          ],
          [
            0.0109588,
            0.999836,
            -0.014442
          ],
          [
            -0.608411,
            -0.00479407,
            -0.793607
          ],
          [
            18651.8,
            -2.18928,
            -17277.9
          ]
        ],
        "unit_class": "ussr_quest_large_art_noground",
        "objLayer": 1,
        "closed_waypoints": false,
        "isShipSpline": false,
        "shipTurnRadius": 100.0,
        "weapons": "",
        "bullets0": "",
        "bullets1": "",
        "bullets2": "",
        "bullets3": "",
        "bulletsCount0": 0,
        "bulletsCount1": 0,
        "bulletsCount2": 0,
        "bulletsCount3": 0,
        "crewSkillK": 0.0,
        "applyAllMods": false,
        "props": {
          "army": 1,
          "count": 1,
          "formation_type": "rows",
          "formation_div": 3,
          "formation_step": [
            2.5,
            2.0
          ],
          "formation_noise": [
            0.1,
            0.1
          ]
        },
        "way": {}
      },
      {
        "name": "t1_bunker_07",
        "tm": [
          [
            -0.835439,
            0.00606539,
            0.54955
          ],
          [
            0.00168116,
            0.999962,
            -0.0084804
          ],
          [
            -0.549581,
            -0.00616065,
            -0.835417
          ],
          [
            23163.1,
            48.8575,
            -11070.7
          ]
        ],
        "unit_class": "ussr_quest_large_art_noground",
        "objLayer": 1,
        "closed_waypoints": false,
        "isShipSpline": false,
        "shipTurnRadius": 100.0,
        "weapons": "",
        "bullets0": "",
        "bullets1": "",
        "bullets2": "",
        "bullets3": "",
        "bulletsCount0": 0,
        "bulletsCount1": 0,
        "bulletsCount2": 0,
        "bulletsCount3": 0,
        "crewSkillK": 0.0,
        "applyAllMods": false,
        "props": {
          "army": 1,
          "count": 1,
          "formation_type": "rows",
          "formation_div": 3,
          "formation_step": [
            2.5,
            2.0
          ],
          "formation_noise": [
            0.1,
            0.1
          ]
        },
        "way": {}
      },
      {
        "name": "t1_art_13",
        "tm": [
          [
            -0.835439,
            0.00606539,
            0.54955
          ],
          [
            0.00168116,
            0.999962,
            -0.0084804
          ],
          [
            -0.549581,
            -0.00616065,
            -0.835417
          ],
          [
            23109.7,
            44.6436,
            -11148.9
          ]
        ],
        "unit_class": "ussr_quest_large_art_noground",
        "objLayer": 1,
        "closed_waypoints": false,
        "isShipSpline": false,
        "shipTurnRadius": 100.0,
        "weapons": "",
        "bullets0": "",
        "bullets1": "",
        "bullets2": "",
        "bullets3": "",
        "bulletsCount0": 0,
        "bulletsCount1": 0,
        "bulletsCount2": 0,
        "bulletsCount3": 0,
        "crewSkillK": 0.0,
        "applyAllMods": false,
        "props": {
          "army": 1,
          "count": 1,
          "formation_type": "rows",
          "formation_div": 3,
          "formation_step": [
            2.5,
            2.0
          ],
          "formation_noise": [
            0.1,
            0.1
          ]
        },
        "way": {}
      },
      {
        "name": "t1_art_14",
        "tm": [
          [
            -0.835439,
            0.00606539,
            0.54955
          ],
          [
            0.00168116,
            0.999962,
            -0.0084804
          ],
          [
            -0.549581,
            -0.00616065,
            -0.835417
          ],
          [
            23196.9,
            42.2805,
            -11004.4
          ]
        ],
        "unit_class": "ussr_quest_large_art_noground",
        "objLayer": 1,
        "closed_waypoints": false,
        "isShipSpline": false,
        "shipTurnRadius": 100.0,
        "weapons": "",
        "bullets0": "",
        "bullets1": "",
        "bullets2": "",
        "bullets3": "",
        "bulletsCount0": 0,
        "bulletsCount1": 0,
        "bulletsCount2": 0,
        "bulletsCount3": 0,
        "crewSkillK": 0.0,
        "applyAllMods": false,
        "props": {
          "army": 1,
          "count": 1,
          "formation_type": "rows",
          "formation_div": 3,
          "formation_step": [
            2.5,
            2.0
          ],
          "formation_noise": [
            0.1,
            0.1
          ]
        },
        "way": {}
      },
      {
        "name": "t1_bunker_08",
        "tm": [
          [
            -0.709045,
            0.0677836,
            0.701897
          ],
          [
            0.0307798,
            0.997395,
            -0.0652279
          ],
          [
            -0.704489,
            -0.0246456,
            -0.709286
          ],
          [
            13525.4,
            25.8836,
            -23770.6
          ]
        ],
        "unit_class": "ussr_quest_large_art_noground",
        "objLayer": 1,
        "closed_waypoints": false,
        "isShipSpline": false,
        "shipTurnRadius": 100.0,
        "weapons": "",
        "bullets0": "",
        "bullets1": "",
        "bullets2": "",
        "bullets3": "",
        "bulletsCount0": 0,
        "bulletsCount1": 0,
        "bulletsCount2": 0,
        "bulletsCount3": 0,
        "crewSkillK": 0.0,
        "applyAllMods": false,
        "props": {
          "army": 1,
          "count": 1,
          "formation_type": "rows",
          "formation_div": 3,
          "formation_step": [
            2.5,
            2.0
          ],
          "formation_noise": [
            0.1,
            0.1
          ]
        },
        "way": {}
      },
      {
        "name": "t1_art_15",
        "tm": [
          [
            -0.709045,
            0.0677836,
            0.701897
          ],
          [
            0.0307798,
            0.997395,
            -0.0652279
          ],
          [
            -0.704489,
            -0.0246456,
            -0.709286
          ],
          [
            13457.4,
            20.0376,
            -23836.4
          ]
        ],
        "unit_class": "ussr_quest_large_art_noground",
        "objLayer": 1,
        "closed_waypoints": false,
        "isShipSpline": false,
        "shipTurnRadius": 100.0,
        "weapons": "",
        "bullets0": "",
        "bullets1": "",
        "bullets2": "",
        "bullets3": "",
        "bulletsCount0": 0,
        "bulletsCount1": 0,
        "bulletsCount2": 0,
        "bulletsCount3": 0,
        "crewSkillK": 0.0,
        "applyAllMods": false,
        "props": {
          "army": 1,
          "count": 1,
          "formation_type": "rows",
          "formation_div": 3,
          "formation_step": [
            2.5,
            2.0
          ],
          "formation_noise": [
            0.1,
            0.1
          ]
        },
        "way": {}
      },
      {
        "name": "t1_art_16",
        "tm": [
          [
            -0.709045,
            0.0677836,
            0.701897
          ],
          [
            0.0307798,
            0.997395,
            -0.0652279
          ],
          [
