{
  "selected_tag": "",
  "bin_dump_file": "",
  "mission_settings": {
    "player": {
      "army": 1,
      "wing": ""
    },
    "player_teamB": {
      "army": 2,
      "wing": ""
    },
    "mission": {
      "level": "levels/berlin.bin",
      "type": "domination",
      "environment": "Day",
      "weather": "hazy",
      "deathPenaltyMulRounds": 0.0,
      "stars": {
        "latitude": 52.5,
        "longitude": 13.0,
        "year": 1945,
        "month": 4,
        "day": 2
      }
    },
    "spectator_points": {}
  },
  "imports": {
    "import_record": {
      "file": "gameData/missions/templates/air_templates/gs/assaults_gs_template.blk",
      "importAreas": true,
      "importUnits": true,
      "importTriggers": true,
      "importMissionObjectives": true,
      "importWayPoints": true,
      "showAreas": true,
      "showUnits": true,
      "showTriggers": true,
      "showMissionObjectives": true,
      "showWayPoints": true,
      "excludes": {}
    }
  },
  "triggers": {
    "isCategory": true,
    "is_enabled": true
  },
  "mission_objectives": {
    "isCategory": true,
    "is_enabled": true
  },
  "variables": {
    "ai_assaults_saved": 0,
    "ft_helicopters_pad_exclusive": false
  },
  "dialogs": {},
  "airfields": {},
  "effects": {},
  "units": {},
  "areas": {
    "at_area": {
      "type": "Sphere",
      "tm": [
        [
          -15035.2,
          0.0,
          -5472.35
        ],
        [
          0.0,
          16000.0,
          0.0
        ],
        [
          5472.35,
          0.0,
          -15035.2
        ],
        [
          4000.0,
          500.006,
          4000.0
        ]
      ],
      "objLayer": 0,
      "props": {}
    },
    "at_t2_spawn_01_01": {
      "type": "Point",
      "tm": [
        [
          0.308533,
          0.0,
          -0.951215
        ],
        [
          0.0,
          1.0,
          0.0
        ],
        [
          0.951215,
          0.0,
          0.308533
        ],
        [
          -512.229,
          500.006,
          10602.0
        ]
      ],
      "objLayer": 0,
      "props": {}
    },
    "at_t1_spawn_01_01": {
      "type": "Point",
      "tm": [
        [
          -0.308533,
          0.0,
          0.951215
        ],
        [
          0.0,
          1.0,
          0.0
        ],
        [
          -0.951215,
          0.0,
          -0.308533
        ],
        [
          4585.23,
          499.996,
          -3988.68
        ]
      ],
      "objLayer": 0,
      "props": {}
    },
    "at_t2_spawn_01_02": {
      "type": "Point",
      "tm": [
        [
          0.308533,
          0.0,
          -0.951215
        ],
        [
          0.0,
          1.0,
          0.0
        ],
        [
          0.951215,
          0.0,
          0.308533
        ],
        [
          3400.79,
          500.006,
          11976.8
        ]
      ],
      "objLayer": 0,
      "props": {}
    },
    "at_t1_spawn_01_02": {
      "type": "Point",
      "tm": [
        [
          -0.308533,
          0.0,
          0.951215
        ],
        [
          0.0,
          1.0,
          0.0
        ],
        [
          -0.951215,
          0.0,
          -0.308533
        ],
        [
          8504.83,
          499.997,
          -2611.03
        ]
      ],
      "objLayer": 0,
      "props": {}
    },
    "at_t1_spawn_02_01": {
      "type": "Point",
      "tm": [
        [
          -0.308533,
          0.0,
          0.951215
        ],
        [
          0.0,
          1.0,
          0.0
        ],
        [
          -0.951215,
          0.0,
          -0.308533
        ],
        [
          10019.3,
          499.997,
          -1265.04
        ]
      ],
      "objLayer": 0,
      "props": {}
    },
    "at_t1_spawn_02_02": {
      "type": "Point",
      "tm": [
        [
          -0.308533,
          0.0,
          0.951215
        ],
        [
          0.0,
          1.0,
          0.0
        ],
        [
          -0.951215,
          0.0,
          -0.308533
        ],
        [
          2612.67,
          500.0,
          -3877.79
        ]
      ],
      "objLayer": 0,
      "props": {}
    },
    "at_t2_spawn_02_01": {
      "type": "Point",
      "tm": [
        [
          0.308533,
          0.0,
          -0.951215
        ],
        [
          0.0,
          1.0,
          0.0
        ],
        [
          0.951215,
          0.0,
          0.308533
        ],
        [
          5690.27,
          500.012,
          11980.3
        ]
      ],
      "objLayer": 0,
      "props": {}
    },
    "at_t2_spawn_02_02": {
      "type": "Point",
      "tm": [
        [
          0.308533,
          0.0,
          -0.951215
        ],
        [
          0.0,
          1.0,
          0.0
        ],
        [
          0.951215,
          0.0,
          0.308533
        ],
        [
          -2022.9,
          500.008,
          9237.14
        ]
      ],
      "objLayer": 0,
      "props": {}
    }
  },
  "objLayers": {},
  "wayPoints": {}
}