{
  "selected_tag": "",
  "bin_dump_file": "",
  "mission_settings": {
    "player": {
      "army": 1
    },
    "player_teamB": {
      "army": 2
    },
    "mission": {
      "level": "levels/air_smolensk.bin",
      "type": "domination",
      "environment": "Day",
      "weather": "hazy",
      "restoreType": "attempts",
      "optionalTakeOff": false
    }
  },
  "imports": {
    "import_record": [
      {
        "file": "gameData/missions/templates/enduring_confrontation/bdt_bases_destroy_template.blk",
        "importAreas": true,
        "importUnits": true,
        "importTriggers": true,
        "importMissionObjectives": true,
        "importWayPoints": true,
        "showAreas": true,
        "showUnits": true,
        "showTriggers": true,
        "showMissionObjectives": true,
        "showWayPoints": true,
        "excludes": {}
      },
      {
        "file": "gameData/missions/templates/units_sets/land_sets_aaa_bases/bdt_t1_usa_rank_01.blk",
        "rankRange": [
          0,
          4
        ],
        "importAreas": true,
        "importUnits": true,
        "importTriggers": true,
        "importMissionObjectives": true,
        "importWayPoints": true,
        "showAreas": true,
        "showUnits": true,
        "showTriggers": true,
        "showMissionObjectives": true,
        "showWayPoints": true,
        "excludes": {}
      },
      {
        "file": "gameData/missions/templates/units_sets/land_sets_aaa_bases/bdt_t1_usa_rank_02.blk",
        "rankRange": [
          5,
          8
        ],
        "importAreas": true,
        "importUnits": true,
        "importTriggers": true,
        "importMissionObjectives": true,
        "importWayPoints": true,
        "showAreas": true,
        "showUnits": true,
        "showTriggers": true,
        "showMissionObjectives": true,
        "showWayPoints": true,
        "excludes": {}
      },
      {
        "file": "gameData/missions/templates/units_sets/land_sets_aaa_bases/bdt_t1_usa_rank_03.blk",
        "rankRange": [
          9,
          13
        ],
        "importAreas": true,
        "importUnits": true,
        "importTriggers": true,
        "importMissionObjectives": true,
        "importWayPoints": true,
        "showAreas": true,
        "showUnits": true,
        "showTriggers": true,
        "showMissionObjectives": true,
        "showWayPoints": true,
        "excludes": {}
      },
      {
        "file": "gameData/missions/templates/units_sets/land_sets_aaa_bases/bdt_t1_usa_rank_04.blk",
        "rankRange": [
          14,
          19
        ],
        "importAreas": true,
        "importUnits": true,
        "importTriggers": true,
        "importMissionObjectives": true,
        "importWayPoints": true,
        "showAreas": true,
        "showUnits": true,
        "showTriggers": true,
        "showMissionObjectives": true,
        "showWayPoints": true,
        "excludes": {}
      },
      {
        "file": "gameData/missions/templates/units_sets/land_sets_aaa_bases/bdt_t1_usa_rank_05.blk",
        "rankRange": [
          20,
          24
        ],
        "importAreas": true,
        "importUnits": true,
        "importTriggers": true,
        "importMissionObjectives": true,
        "importWayPoints": true,
        "showAreas": true,
        "showUnits": true,
        "showTriggers": true,
        "showMissionObjectives": true,
        "showWayPoints": true,
        "excludes": {}
      },
      {
        "file": "gameData/missions/templates/units_sets/land_sets_aaa_bases/bdt_t1_usa_rank_06.blk",
        "rankRange": [
          25,
          50
        ],
        "importAreas": true,
        "importUnits": true,
        "importTriggers": true,
        "importMissionObjectives": true,
        "importWayPoints": true,
        "showAreas": true,
        "showUnits": true,
        "showTriggers": true,
        "showMissionObjectives": true,
        "showWayPoints": true,
        "excludes": {}
      },
      {
        "file": "gameData/missions/templates/units_sets/land_sets_aaa_bases/bdt_t2_germ_rank_01.blk",
        "rankRange": [
          0,
          4
        ],
        "importAreas": true,
        "importUnits": true,
        "importTriggers": true,
        "importMissionObjectives": true,
        "importWayPoints": true,
        "showAreas": true,
        "showUnits": true,
        "showTriggers": true,
        "showMissionObjectives": true,
        "showWayPoints": true,
        "excludes": {}
      },
      {
        "file": "gameData/missions/templates/units_sets/land_sets_aaa_bases/bdt_t2_germ_rank_02.blk",
        "rankRange": [
          5,
          8
        ],
        "importAreas": true,
        "importUnits": true,
        "importTriggers": true,
        "importMissionObjectives": true,
        "importWayPoints": true,
        "showAreas": true,
        "showUnits": true,
        "showTriggers": true,
        "showMissionObjectives": true,
        "showWayPoints": true,
        "excludes": {}
      },
      {
        "file": "gameData/missions/templates/units_sets/land_sets_aaa_bases/bdt_t2_germ_rank_03.blk",
        "rankRange": [
          9,
          13
        ],
        "importAreas": true,
        "importUnits": true,
        "importTriggers": true,
        "importMissionObjectives": true,
        "importWayPoints": true,
        "showAreas": true,
        "showUnits": true,
        "showTriggers": true,
        "showMissionObjectives": true,
        "showWayPoints": true,
        "excludes": {}
      },
      {
        "file": "gameData/missions/templates/units_sets/land_sets_aaa_bases/bdt_t2_germ_rank_04.blk",
        "rankRange": [
          14,
          19
        ],
        "importAreas": true,
        "importUnits": true,
        "importTriggers": true,
        "importMissionObjectives": true,
        "importWayPoints": true,
        "showAreas": true,
        "showUnits": true,
        "showTriggers": true,
        "showMissionObjectives": true,
        "showWayPoints": true,
        "excludes": {}
      },
      {
        "file": "gameData/missions/templates/units_sets/land_sets_aaa_bases/bdt_t2_germ_rank_05.blk",
        "rankRange": [
          20,
          24
        ],
        "importAreas": true,
        "importUnits": true,
        "importTriggers": true,
        "importMissionObjectives": true,
        "importWayPoints": true,
        "showAreas": true,
        "showUnits": true,
        "showTriggers": true,
        "showMissionObjectives": true,
        "showWayPoints": true,
        "excludes": {}
      },
      {
        "file": "gameData/missions/templates/units_sets/land_sets_aaa_bases/bdt_t2_germ_rank_06.blk",
        "rankRange": [
          25,
          50
        ],
        "importAreas": true,
        "importUnits": true,
        "importTriggers": true,
        "importMissionObjectives": true,
        "importWayPoints": true,
        "showAreas": true,
        "showUnits": true,
        "showTriggers": true,
        "showMissionObjectives": true,
        "showWayPoints": true,
        "excludes": {}
      }
    ]
  },
  "triggers": {
    "isCategory": true,
    "is_enabled": true,
    "bdt_part_init": {
      "is_enabled": true,
      "comments": "",
      "props": {
        "actionsType": "PERFORM_ONE_BY_ONE",
        "conditionsType": "ALL",
        "enableAfterComplete": false
      },
      "events": {
        "initMission": {}
      },
      "conditions": {},
      "actions": {
        "comment": [
          {
            "value": "set max bases amount +1"
          },
          {
            "value": "enable self restarting for template"
          },
          {
            "value": "increase one-moment bases amount"
          },
          {
            "value": ""
          },
          {
            "value": ""
          },
          {
            "value": ""
          },
          {
            "value": ""
          }
        ],
        "varSetInt": [
          {
            "value": 9,
            "var": "bdt_t1_total_bases_max_count"
          },
          {
            "value": 9,
            "var": "bdt_t2_total_bases_max_count"
          },
          {
            "value": 4,
            "var": [
              "bdt_t1_active_bases_max_count",
              "bdt_t2_active_bases_max_count"
            ]
          },
          {
            "value": 1,
            "var": "bdt_delay_timer"
          }
        ],
        "varSetBool": [
          {
            "value": true,
            "var": "bdt_self_restart"
          },
          {
            "value": true,
            "var": "bMirrorSpawn"
          }
        ],
        "varSetString": {
          "value": "bfd",
          "var": "bdt_game_mode"
        },
        "varSetReal": {
          "value": 2000.0,
          "var": [
            "bdt_t1_min_zone_distance",
            "bdt_t2_min_zone_distance"
          ]
        }
      },
      "else_actions": {}
    }
  },
  "mission_objectives": {
    "isCategory": true,
    "is_enabled": true
  },
  "variables": {},
  "dialogs": {},
  "airfields": {},
  "effects": {},
  "units": {
    "objectGroups": [
      {
        "name": "bdt_t2_bomb_object_01",
        "tm": [
          [
            -0.325103,
            0.0,
            -0.945676
          ],
          [
            0.0,
            1.0,
            0.0
          ],
          [
            0.945676,
            0.0,
            -0.325103
          ],
          [
            6731.18,
            36.7516,
            12501.6
          ]
        ],
        "unit_class": "dynBase_hq_camp_square",
        "objLayer": 2,
        "props": {
          "army": 2,
          "active": true
        }
      },
      {
        "name": "bdt_t2_bomb_object_02",
        "tm": [
          [
            -0.820195,
            0.0,
            -0.572088
          ],
          [
            0.0,
            1.0,
            0.0
          ],
          [
            0.572088,
            0.0,
            -0.820195
          ],
          [
            -3032.76,
            29.3232,
            8186.41
          ]
        ],
        "unit_class": "dynBase_fuel_storage_square",
        "objLayer": 2,
        "props": {
          "army": 2,
          "active": true
        }
      },
      {
        "name": "bdt_t2_bomb_object_03",
        "tm": [
          [
            0.764878,
            0.0,
            -0.644179
          ],
          [
            0.0,
            1.0,
            0.0
          ],
          [
            0.644179,
            0.0,
            0.764878
          ],
          [
            -4444.1,
            26.9497,
            6002.63
          ]
        ],
        "unit_class": "dynBase_oil_storage_small_square",
        "objLayer": 2,
        "props": {
          "army": 2,
          "active": true
        }
      },
      {
        "name": "bdt_t1_bomb_object_01",
        "tm": [
          [
            0.112898,
            0.0,
            -0.993606
          ],
          [
            0.0,
            1.0,
            0.0
          ],
          [
            0.993606,
            0.0,
            0.112898
          ],
          [
            12573.9,
            39.4608,
            -2962.36
          ]
        ],
        "unit_class": "dynBase_fuel_storage_square",
        "objLayer": 2,
        "props": {
          "army": 1,
          "active": true
        }
      },
      {
        "name": "bdt_t1_bomb_object_02",
        "tm": [
          [
            0.754508,
            0.0,
            -0.65629
          ],
          [
            0.0,
            1.0,
            0.0
          ],
          [
            0.65629,
            0.0,
            0.754508
          ],
          [
            7551.74,
            59.2355,
            -4349.99
          ]
        ],
        "unit_class": "dynBase_small_factory_square",
        "objLayer": 2,
        "props": {
          "army": 1,
          "active": false
        }
      },
      {
        "name": "bdt_t1_bomb_object_03",
        "tm": [
          [
            0.818963,
            0.0,
            -0.573846
          ],
          [
            0.0,
            1.0,
            0.0
          ],
          [
            0.573846,
            0.0,
            0.818963
          ],
          [
            1101.09,
            41.5981,
            -3372.48
          ]
        ],
        "unit_class": "dynBase_oil_storage_small_square",
        "objLayer": 2,
        "props": {
          "army": 1,
          "active": false
        }
      },
      {
        "name": "bdt_t2_bomb_object_04",
        "tm": [
          [
            0.276112,
            0.0,
            -0.961125
          ],
          [
            0.0,
            1.0,
            0.0
          ],
          [
            0.961125,
            0.0,
            0.276112
          ],
          [
            9352.56,
            27.9683,
            10154.1
          ]
        ],
        "unit_class": "dynBase_small_factory_square",
        "objLayer": 2,
        "props": {
          "army": 2,
          "active": true
        }
      },
      {
        "name": "bdt_t1_bomb_object_04",
        "tm": [
          [
            0.566315,
            0.0,
            -0.824189
          ],
          [
            0.0,
            1.0,
            0.0
          ],
          [
            0.824189,
            0.0,
            0.566315
          ],
          [
            -1356.22,
            65.0363,
            -1987.39
          ]
        ],
        "unit_class": "dynBase_field_camp_square",
        "objLayer": 2,
        "props": {
          "army": 1,
          "active": false
        }
      },
      {
        "name": "bdt_t1_bomb_object_05",
        "tm": [
          [
            0.566315,
            0.0,
            -0.824189
          ],
          [
            0.0,
            1.0,
            0.0
          ],
          [
            0.824189,
            0.0,
            0.566315
          ],
          [
            -2341.67,
            50.8397,
            -3450.92
          ]
        ],
        "unit_class": "dynBase_military_base_square",
        "objLayer": 2,
        "props": {
          "army": 1,
          "active": false
        }
      },
      {
        "name": "bdt_t1_bomb_object_06",
        "tm": [
          [
            0.566315,
            0.0,
            -0.824189
          ],
          [
            0.0,
            1.0,
            0.0
          ],
          [
            0.824189,
            0.0,
            0.566315
          ],
          [
            389.599,
            45.8972,
            -4679.46
          ]
        ],
        "unit_class": "dynBase_oil_storage_large_square",
        "objLayer": 2,
        "props": {
          "army": 1,
          "active": false
        }
      },
      {
        "name": "bdt_t1_bomb_object_07",
        "tm": [
          [
            0.566315,
            0.0,
            -0.824189
          ],
          [
            0.0,
            1.0,
            0.0
          ],
          [
            0.824189,
            0.0,
            0.566315
          ],
          [
            2499.21,
            55.969,
            -5193.01
          ]
        ],
        "unit_class": "dynBase_oil_storage_large_square",
        "objLayer": 2,
        "props": {
          "army": 1,
          "active": false
        }
      },
      {
        "name": "bdt_t1_bomb_object_08",
        "tm": [
          [
            0.112898,
            0.0,
            -0.993606
          ],
          [
            0.0,
            1.0,
            0.0
          ],
          [
            0.993606,
            0.0,
            0.112898
          ],
          [
            12322.8,
            49.5808,
            -1249.48
          ]
        ],
        "unit_class": "dynBase_small_factory_square",
        "objLayer": 2,
        "props": {
          "army": 1,
          "active": true
        }
      },
      {
        "name": "bdt_t1_bomb_object_09",
        "tm": [
          [
            0.112898,
            0.0,
            -0.993606
          ],
          [
            0.0,
            1.0,
            0.0
          ],
          [
            0.993606,
            0.0,
            0.112898
          ],
          [
            9734.6,
            54.9136,
            -2051.18
          ]
        ],
        "unit_class": "dynBase_petrol_camp_square",
        "objLayer": 2,
        "props": {
          "army": 1,
          "active": true
        }
      },
      {
        "name": "bdt_t1_bomb_object_10",
        "tm": [
          [
            0.112898,
            0.0,
            -0.993606
          ],
          [
            0.0,
            1.0,
            0.0
          ],
          [
            0.993606,
            0.0,
            0.112898
          ],
          [
            7002.33,
            43.7487,
            -6148.53
          ]
        ],
        "unit_class": "dynBase_petrol_camp_square",
        "objLayer": 2,
        "props": {
          "army": 1,
          "active": true
        }
      },
      {
        "name": "bdt_t2_bomb_object_05",
        "tm": [
          [
            0.276112,
            0.0,
            -0.961125
          ],
          [
            0.0,
            1.0,
            0.0
          ],
          [
            0.961125,
            0.0,
            0.276112
          ],
          [
            11333.6,
            25.74,
            10123.8
          ]
        ],
        "unit_class": "dynBase_petrol_camp_square",
        "objLayer": 2,
        "props": {
          "army": 2,
          "active": true
        }
      },
      {
        "name": "bdt_t2_bomb_object_06",
        "tm": [
          [
            0.694858,
            0.0,
            -0.719147
          ],
          [
            0.0,
            1.0,
            0.0
          ],
          [
            0.719147,
            0.0,
            0.694858
          ],
          [
            9121.86,
            28.0703,
            11957.4
          ]
        ],
        "unit_class": "dynBase_military_base_square",
        "objLayer": 2,
        "props": {
          "army": 2,
          "active": true
        }
      },
      {
        "name": "bdt_t2_bomb_object_07",
        "tm": [
          [
            0.276112,
            0.0,
            -0.961125
          ],
          [
            0.0,
            1.0,
            0.0
          ],
          [
            0.961125,
            0.0,
            0.276112
          ],
          [
            6565.05,
            33.9037,
            13550.1
          ]
        ],
        "unit_class": "dynBase_fuel_storage_square",
        "objLayer": 2,
        "props": {
          "army": 2,
          "active": true
        }
      },
      {
        "name": "bdt_t2_bomb_object_08",
        "tm": [
          [
            0.764878,
            0.0,
            -0.644179
          ],
          [
            0.0,
            1.0,
            0.0
          ],
          [
            0.644179,
            0.0,
            0.764878
          ],
          [
            -5697.39,
            33.6031,
            5053.22
          ]
        ],
        "unit_class": "dynBase_ammunition_storage_square",
        "objLayer": 2,
        "props": {
          "army": 2,
          "active": true
        }
      },
      {
        "name": "bdt_t2_bomb_object_09",
        "tm": [
          [
            0.764878,
            0.0,
            -0.644179
          ],
          [
            0.0,
            1.0,
            0.0
          ],
          [
            0.644179,
            0.0,
            0.764878
          ],
          [
            -4349.82,
            21.6381,
            9103.88
          ]
        ],
        "unit_class": "dynBase_field_camp_square",
        "objLayer": 2,
        "props": {
          "army": 2,
          "active": true
        }
      },
      {
        "name": "bdt_t2_bomb_object_10",
        "tm": [
          [
            0.764878,
            0.0,
            -0.644179
          ],
          [
            0.0,
            1.0,
            0.0
          ],
          [
            0.644179,
            0.0,
            0.764878
          ],
          [
            -2787.13,
            24.4024,
            10116.6
          ]
        ],
        "unit_class": "dynBase_oil_storage_small_square",
        "objLayer": 2,
        "props": {
          "army": 2,
          "active": true
        }
      }
    ]
  },
  "areas": {
    "bdt_t2_bomb_zone_01": {
      "type": "Sphere",
      "tm": [
        [
          -146.297,
          0.0,
          -425.557
        ],
        [
          0.0,
          450.0,
          0.0
        ],
        [
          425.557,
          0.0,
          -146.297
        ],
        [
          6725.65,
          36.8231,
          12506.0
        ]
      ],
      "objLayer": 0,
      "props": {}
    },
    "bdt_t2_bomb_zone_02": {
      "type": "Sphere",
      "tm": [
        [
          -98.1956,
          0.0,
          -439.157
        ],
        [
          0.0,
          450.0,
          0.0
        ],
        [
          439.157,
          0.0,
          -98.1956
        ],
        [
          -3015.82,
          29.6393,
          8172.86
        ]
      ],
      "objLayer": 0,
      "props": {}
    },
    "bdt_t2_bomb_zone_03": {
      "type": "Sphere",
      "tm": [
        [
          344.193,
          0.0,
          -289.881
        ],
        [
          0.0,
          450.0,
          0.0
        ],
        [
          289.881,
          0.0,
          344.193
        ],
        [
          -4442.83,
          26.8989,
          6012.36
        ]
      ],
      "objLayer": 0,
      "props": {}
    },
    "bdt_t1_bomb_zone_01": {
      "type": "Sphere",
      "tm": [
        [
          50.8028,
          0.0,
          -447.123
        ],
        [
          0.0,
          450.0,
          0.0
        ],
        [
          447.123,
          0.0,
          50.8028
        ],
        [
          12578.4,
          39.5026,
          -2974.29
        ]
      ],
      "objLayer": 0,
      "props": {}
    },
    "bdt_t1_bomb_zone_02": {
      "type": "Sphere",
      "tm": [
        [
          267.559,
          0.0,
          -361.818
        ],
        [
          0.0,
          450.0,
          0.0
        ],
        [
          361.818,
          0.0,
          267.559
        ],
        [
          7555.96,
          57.7515,
          -4352.2
        ]
      ],
      "objLayer": 0,
      "props": {}
    },
    "bdt_t1_bomb_zone_03": {
      "type": "Sphere",
      "tm": [
        [
          242.544,
          0.0,
          -379.04
        ],
        [
          0.0,
          450.0,
          0.0
        ],
        [
          379.04,
          0.0,
          242.544
        ],
        [
          1104.64,
          41.4671,
          -3376.93
        ]
      ],
      "objLayer": 0,
      "props": {}
    },
    "bdt_t2_bomb_zone_04": {
      "type": "Sphere",
      "tm": [
        [
          124.25,
          0.0,
          -432.505
        ],
        [
          0.0,
          450.0,
          0.0
        ],
        [
          432.505,
          0.0,
          124.25
        ],
        [
          9352.99,
          27.9018,
          10146.2
        ]
      ],
      "objLayer": 0,
      "props": {}
    },
    "bdt_t1_bomb_zone_04": {
      "type": "Sphere",
      "tm": [
        [
          242.544,
          0.0,
          -379.04
        ],
        [
          0.0,
          450.0,
          0.0
        ],
        [
          379.04,
          0.0,
          242.544
        ],
        [
          -1351.23,
          65.0026,
          -1984.51
        ]
      ],
      "objLayer": 0,
      "props": {}
    },
    "bdt_t2_bomb_zone_01_aaa_point_01": {
      "type": "Point",
      "tm": [
        [
          0.258624,
          0.0,
          -0.965976
        ],
        [
          0.0,
          1.0,
          0.0
        ],
        [
          0.965976,
          0.0,
          0.258624
        ],
        [
          6516.39,
          38.9554,
          12422.3
        ]
      ],
      "objLayer": 0,
      "props": {}
    },
    "bdt_t2_bomb_zone_01_aaa_point_02": {
      "type": "Point",
      "tm": [
        [
          0.258624,
          0.0,
          -0.965976
        ],
        [
          0.0,
          1.0,
          0.0
        ],
        [
          0.965976,
          0.0,
          0.258624
        ],
        [
          6939.68,
          38.5806,
          12705.0
        ]
      ],
      "objLayer": 0,
      "props": {}
    },
    "bdt_t2_bomb_zone_01_aaa_point_03": {
      "type": "Point",
      "tm": [
        [
          0.258624,
          0.0,
          -0.965976
        ],
        [
          0.0,
          1.0,
          0.0
        ],
        [
          0.965976,
          0.0,
          0.258624
        ],
        [
          6978.2,
          37.164,
          12592.4
        ]
      ],
      "objLayer": 0,
      "props": {}
    },
    "bdt_t2_bomb_zone_01_aaa_point_04": {
      "type": "Point",
      "tm": [
        [
          0.258624,
          0.0,
          -0.965976
        ],
        [
          0.0,
          1.0,
          0.0
        ],
        [
          0.965976,
          0.0,
          0.258624
        ],
        [
          7100.42,
          33.426,
          12226.8
        ]
      ],
      "objLayer": 0,
      "props": {}
    },
    "bdt_t2_bomb_zone_02_aaa_point_01": {
      "type": "Point",
      "tm": [
        [
          0.364165,
          0.0,
          -0.931333
        ],
        [
          0.0,
          1.0,
          0.0
        ],
        [
          0.931333,
          0.0,
          0.364165
        ],
        [
          -3227.28,
          27.0016,
          8303.48
        ]
      ],
      "objLayer": 0,
      "props": {}
    },
    "bdt_t2_bomb_zone_02_aaa_point_02": {
      "type": "Point",
      "tm": [
        [
          0.364165,
          0.0,
          -0.931333
        ],
        [
          0.0,
          1.0,
          0.0
        ],
        [
          0.931333,
          0.0,
          0.364165
        ],
        [
          -2693.4,
          28.843,
          8229.02
        ]
      ],
      "objLayer": 0,
      "props": {}
    },
    "bdt_t2_bomb_zone_02_aaa_point_03": {
      "type": "Point",
      "tm": [
        [
          0.364165,
          0.0,
          -0.931333
        ],
        [
          0.0,
          1.0,
          0.0
        ],
        [
          0.931333,
          0.0,
          0.364165
        ],
        [
          -3007.45,
          32.6476,
          8452.28
        ]
      ],
      "objLayer": 0,
      "props": {}
    },
    "bdt_t2_bomb_zone_02_aaa_point_04": {
      "type": "Point",
      "tm": [
        [
          0.364165,
          0.0,
          -0.931333
        ],
        [
          0.0,
          1.0,
          0.0
        ],
        [
          0.931333,
          0.0,
          0.364165
        ],
        [
          -2969.93,
          26.9288,
          7948.1
        ]
      ],
      "objLayer": 0,
      "props": {}
    },
    "bdt_t2_bomb_zone_03_aaa_point_01": {
      "type": "Point",
      "tm": [
        [
          0.364165,
          0.0,
          -0.931333
        ],
        [
          0.0,
          1.0,
          0.0
        ],
        [
          0.931333,
          0.0,
          0.364165
        ],
        [
          -4606.1,
          29.7015,
          5589.99
        ]
      ],
      "objLayer": 0,
      "props": {}
    },
    "bdt_t2_bomb_zone_03_aaa_point_02": {
      "type": "Point",
      "tm": [
        [
          0.364165,
          0.0,
          -0.931333
        ],
        [
          0.0,
          1.0,
          0.0
        ],
        [
          0.931333,
          0.0,
          0.364165
        ],
        [
          -4150.24,
          23.6381,
          6008.28
        ]
      ],
      "objLayer": 0,
      "props": {}
    },
    "bdt_t2_bomb_zone_03_aaa_point_03": {
      "type": "Point",
      "tm": [
        [
          0.364165,
          0.0,
          -0.931333
        ],
        [
          0.0,
          1.0,
          0.0
        ],
        [
          0.931333,
          0.0,
          0.364165
        ],
        [
          -4278.76,
          24.0283,
          6287.52
        ]
      ],
      "objLayer": 0,
      "props": {}
    },
    "bdt_t2_bomb_zone_03_aaa_point_04": {
      "type": "Point",
      "tm": [
        [
          0.364165,
          0.0,
          -0.931333
        ],
        [
          0.0,
          1.0,
          0.0
        ],
        [
          0.931333,
          0.0,
          0.364165
        ],
        [
          -4733.48,
          29.5563,
          6086.61
        ]
      ],
      "objLayer": 0,
      "props": {}
    },
    "bdt_t2_bomb_zone_04_aaa_point_01": {
      "type": "Point",
      "tm": [
        [
          0.258624,
          0.0,
          -0.965976
        ],
        [
          0.0,
          1.0,
          0.0
        ],
        [
          0.965976,
          0.0,
          0.258624
        ],
        [
          9637.63,
          23.7547,
          9974.78
        ]
      ],
      "objLayer": 0,
      "props": {}
    },
    "bdt_t2_bomb_zone_04_aaa_point_02": {
      "type": "Point",
      "tm": [
        [
          0.258624,
          0.0,
          -0.965976
        ],
        [
          0.0,
          1.0,
          0.0
        ],
        [
          0.965976,
          0.0,
          0.258624
        ],
        [
          9498.58,
          23.5163,
          10411.0
        ]
      ],
      "objLayer": 0,
      "props": {}
    },
    "bdt_t2_bomb_zone_04_aaa_point_03": {
      "type": "Point",
      "tm": [
        [
          0.258624,
          0.0,
          -0.965976
        ],
        [
          0.0,
          1.0,
          0.0
        ],
        [
          0.965976,
          0.0,
          0.258624
        ],
        [
          9152.24,
          23.3592,
          9970.78
        ]
      ],
      "objLayer": 0,
      "props": {}
    },
    "bdt_t2_bomb_zone_04_aaa_point_04": {
      "type": "Point",
      "tm": [
        [
          0.258624,
          0.0,
          -0.965976
        ],
        [
          0.0,
          1.0,
          0.0
        ],
        [
          0.965976,
          0.0,
          0.258624
        ],
        [
          9115.03,
          -16.386,
          10212.3
        ]
      ],
      "objLayer": 0,
      "props": {}
    },
    "bdt_t1_bomb_zone_01_aaa_point_01": {
      "type": "Point",
      "tm": [
        [
          0.648687,
          0.0,
          -0.761055
        ],
        [
          0.0,
          1.0,
          0.0
        ],
        [
          0.761055,
          0.0,
          0.648687
        ],
        [
          12750.4,
          42.8848,
          -3162.18
        ]
      ],
      "objLayer": 0,
      "props": {}
    },
    "bdt_t1_bomb_zone_01_aaa_point_02": {
      "type": "Point",
      "tm": [
        [
          0.648687,
          0.0,
          -0.761055
        ],
        [
          0.0,
          1.0,
          0.0
        ],
        [
          0.761055,
          0.0,
          0.648687
        ],
        [
          12465.5,
          36.8317,
          -2747.67
        ]
      ],
      "objLayer": 0,
      "props": {}
    },
    "bdt_t1_bomb_zone_01_aaa_point_03": {
      "type": "Point",
      "tm": [
        [
          0.648687,
          0.0,
          -0.761055
        ],
        [
          0.0,
          1.0,
          0.0
        ],
        [
          0.761055,
          0.0,
          0.648687
        ],
        [
          12383.3,
          52.3639,
          -3102.23
        ]
      ],
      "objLayer": 0,
      "props": {}
    },
    "bdt_t1_bomb_zone_01_aaa_point_04": {
      "type": "Point",
      "tm": [
        [
          0.648687,
          0.0,
          -0.761055
        ],
        [
          0.0,
          1.0,
          0.0
        ],
        [
          0.761055,
          0.0,
          0.648687
        ],
        [
          12350.3,
          45.6023,
          -2876.12
        ]
      ],
      "objLayer": 0,
      "props": {}
    },
    "bdt_t1_bomb_zone_02_aaa_point_01": {
      "type": "Point",
      "tm": [
        [
          0.648687,
          0.0,
          -0.761055
        ],
        [
          0.0,
          1.0,
          0.0
        ],
        [
          0.761055,
          0.0,
          0.648687
        ],
        [
          7824.15,
          55.4916,
          -4386.82
        ]
      ],
      "objLayer": 0,
      "props": {}
    },
    "bdt_t1_bomb_zone_02_aaa_point_02": {
      "type": "Point",
      "tm": [
        [
          0.648687,
          0.0,
          -0.761055
        ],
        [
          0.0,
          1.0,
          0.0
        ],
        [
          0.761055,
          0.0,
          0.648687
        ],
        [
          7696.09,
          125.053,
          -4126.34
        ]
      ],
      "objLayer": 0,
      "props": {}
    },
    "bdt_t1_bomb_zone_02_aaa_point_03": {
      "type": "Point",
      "tm": [
        [
          0.648687,
          0.0,
          -0.761055
        ],
        [
          0.0,
          1.0,
          0.0
        ],
        [
          0.761055,
          0.0,
          0.648687
        ],
        [
          7174.96,
          86.1747,
          -4592.6
        ]
      ],
      "objLayer": 0,
      "props": {}
    },
    "bdt_t1_bomb_zone_02_aaa_point_04": {
      "type": "Point",
      "tm": [
        [
          0.648687,
          0.0,
          -0.761055
        ],
        [
          0.0,
          1.0,
          0.0
        ],
        [
          0.761055,
          0.0,
          0.648687
        ],
        [
          7371.39,
          133.825,
          -4079.67
        ]
      ],
      "objLayer": 0,
      "props": {}
    },
    "bdt_t1_bomb_zone_03_aaa_point_01": {
      "type": "Point",
      "tm": [
        [
          0.560277,
          0.0,
          -0.828305
        ],
        [
          0.0,
          1.0,
          0.0
        ],
        [
          0.828305,
          0.0,
          0.560277
        ],
        [
          799.202,
          45.8384,
          -3339.3
        ]
      ],
      "objLayer": 0,
      "props": {}
    },
    "bdt_t1_bomb_zone_03_aaa_point_02": {
      "type": "Point",
      "tm": [
        [
          0.560277,
          0.0,
          -0.828305
        ],
        [
          0.0,
          1.0,
          0.0
        ],
        [
          0.828305,
          0.0,
          0.560277
        ],
        [
          1346.33,
          38.5196,
          -3391.84
        ]
      ],
      "objLayer": 0,
      "props": {}
    },
    "bdt_t1_bomb_zone_03_aaa_point_03": {
      "type": "Point",
      "tm": [
        [
          0.560277,
          0.0,
          -0.828305
        ],
        [
          0.0,
          1.0,
          0.0
        ],
        [
          0.828305,
          0.0,
          0.560277
        ],
        [
          1249.27,
          45.2871,
          -3129.29
        ]
      ],
      "objLayer": 0,
      "props": {}
    },
    "bdt_t1_bomb_zone_03_aaa_point_04": {
      "type": "Point",
      "tm": [
        [
          0.560277,
          0.0,
          -0.828305
        ],
        [
          0.0,
          1.0,
          0.0
        ],
        [
          0.828305,
          0.0,
          0.560277
        ],
        [
          1063.33,
          43.0807,
          -3634.53
        ]
      ],
      "objLayer": 0,
      "props": {}
    },
    "bdt_t1_bomb_zone_04_aaa_point_01": {
      "type": "Point",
      "tm": [
        [
          0.560277,
          0.0,
          -0.828305
        ],
        [
          0.0,
          1.0,
          0.0
        ],
        [
          0.828305,
          0.0,
          0.560277
        ],
        [
          -1301.42,
          67.1929,
          -2297.41
        ]
      ],
      "objLayer": 0,
      "props": {}
    },
    "bdt_t1_bomb_zone_04_aaa_point_02": {
      "type": "Point",
      "tm": [
        [
          0.560277,
          0.0,
          -0.828305
        ],
        [
          0.0,
          1.0,
          0.0
        ],
        [
          0.828305,
          0.0,
          0.560277
        ],
        [
          -1105.36,
          65.12,
          -2043.05
        ]
      ],
      "objLayer": 0,
      "props": {}
    },
    "bdt_t1_bomb_zone_04_aaa_point_03": {
      "type": "Point",
      "tm": [
        [
          0.560277,
          0.0,
          -0.828305
        ],
        [
          0.0,
          1.0,
          0.0
        ],
        [
          0.828305,
          0.0,
          0.560277
        ],
        [
          -1595.5,
          66.0482,
          -2142.46
        ]
      ],
      "objLayer": 0,
      "props": {}
    },
    "bdt_t1_bomb_zone_04_aaa_point_04": {
      "type": "Point",
      "tm": [
        [
          0.560277,
          0.0,
          -0.828305
        ],
        [
          0.0,
          1.0,
          0.0
        ],
        [
          0.828305,
          0.0,
          0.560277
        ],
        [
          -1213.32,
          64.4606,
          -1702.54
        ]
      ],
      "objLayer": 0,
      "props": {}
    },
    "bdt_t1_bomb_zone_05": {
      "type": "Sphere",
      "tm": [
        [
          242.544,
          0.0,
          -379.04
        ],
        [
          0.0,
          450.0,
          0.0
        ],
        [
          379.04,
          0.0,
          242.544
        ],
        [
          -2336.67,
          50.8619,
          -3447.96
        ]
      ],
      "objLayer": 0,
