{
  "selected_tag": "",
  "bin_dump_file": "",
  "mission_settings": {
    "player": {
      "army": 1,
      "wing": [
        "t1_player01",
        "t1_player02",
        "t1_player03",
        "t1_player04",
        "t1_player05",
        "t1_player06",
        "t1_player07",
        "t1_player08",
        "t1_player09",
        "t1_player10",
        "t1_player11",
        "t1_player12",
        "t1_player13",
        "t1_player14",
        "t1_player15",
        "t1_player16",
        "t1_player17",
        "t1_player18",
        "t1_player19",
        "t1_player20",
        "t1_player21",
        "t1_player22",
        "t1_player23",
        "t1_player24",
        "t1_player25",
        "t1_player26",
        "t1_player27",
        "t1_player28",
        "t1_player29",
        "t1_player30",
        "t1_player31",
        "t1_player32"
      ]
    },
    "player_teamB": {
      "army": 2,
      "wing": [
        "t2_player01",
        "t2_player02",
        "t2_player03",
        "t2_player04",
        "t2_player05",
        "t2_player06",
        "t2_player07",
        "t2_player08",
        "t2_player09",
        "t2_player10",
        "t2_player11",
        "t2_player12",
        "t2_player13",
        "t2_player14",
        "t2_player15",
        "t2_player16",
        "t2_player17",
        "t2_player18",
        "t2_player19",
        "t2_player20",
        "t2_player21",
        "t2_player22",
        "t2_player23",
        "t2_player24",
        "t2_player25",
        "t2_player26",
        "t2_player27",
        "t2_player28",
        "t2_player29",
        "t2_player30",
        "t2_player31",
        "t2_player32"
      ]
    },
    "mission": {
      "type": "domination",
      "level": "levels/air_south_eastern_city.bin",
      "environment": "Day",
      "weather": "clear",
      "customHUD": "sead",
      "hideHudProgressIcons": true,
      "locNameTeamA": "missions/_sead/defensive;location/air_south_eastern_city",
      "locNameTeamB": "missions/_sead/offensive;location/air_south_eastern_city",
      "locDescTeamA": "missions/_sead/desc/defensive",
      "locDescTeamB": "missions/_sead/desc/offensive",
      "locName": "missions/_sead;location/air_south_eastern_city",
      "scoreLimit": 10000,
      "timeLimit": 25,
      "deathPenaltyMul": 0.0,
      "postfix": "_sead",
      "allowEmptyTeams": false,
      "country_axis": "usa",
      "country_allies": "ussr",
      "restoreType": "attempts",
      "optionalTakeOff": false,
      "allowedUnitTypes": {
        "isAirplanesAllowed": true,
        "isTanksAllowed": false,
        "isShipsAllowed": false,
        "isHelicoptersAllowed": false
      }
    },
    "briefing": {
      "place_loc": "",
      "date_loc": "",
      "objective_loc": "",
      "music": "action_01",
      "part": {
        "event": "",
        "minTime": 0,
        "slide": {
          "map": true,
          "minTime": 4,
          "picture": "",
          "showAirMap": true,
          "icon": [
            {
              "icontype": "fighter",
              "side": "ally",
              "target": "t1_spawn_area_initial_13",
              "lookAt": "t2_spawn_area_initial_13"
            },
            {
              "icontype": "fighter",
              "side": "ally",
              "target": "t1_spawn_area_initial_02",
              "lookAt": "t2_spawn_area_initial_02"
            },
            {
              "icontype": "fighter",
              "side": "ally",
              "target": "t1_spawn_area_initial_20",
              "lookAt": "t2_spawn_area_initial_20"
            },
            {
              "icontype": "fighter",
              "side": "enemy",
              "target": "t2_spawn_area_initial_13",
              "lookAt": "t1_spawn_area_initial_13"
            },
            {
              "icontype": "fighter",
              "side": "enemy",
              "target": "t2_spawn_area_initial_02",
              "lookAt": "t1_spawn_area_initial_02"
            },
            {
              "icontype": "fighter",
              "side": "enemy",
              "target": "t2_spawn_area_initial_20",
              "lookAt": "t1_spawn_area_initial_20"
            },
            {
              "icontype": "sam_launcher",
              "side": "ally",
              "target": "t1_sam_site_area_01"
            },
            {
              "icontype": "sam_launcher",
              "side": "ally",
              "target": "t1_sam_site_area_03"
            },
            {
              "icontype": "sam_launcher",
              "side": "ally",
              "target": "t1_sam_site_area_05"
            },
            {
              "icontype": "sam_launcher",
              "side": "ally",
              "target": "t1_sam_site_area_07"
            }
          ],
          "battleArea": {
            "target": "briefing_area"
          }
        }
      }
    }
  },
  "imports": {
    "import_record": {
      "file": "gameData/missions/templates/air_templates/war_sead_template.blk",
      "importAreas": true,
      "importUnits": true,
      "importTriggers": true,
      "importMissionObjectives": true,
      "importWayPoints": true,
      "importDialogs": true,
      "showAreas": true,
      "showUnits": true,
      "showTriggers": true,
      "showMissionObjectives": true,
      "showWayPoints": true,
      "showDialogs": true,
      "excludes": {}
    }
  },
  "triggers": {
    "isCategory": true,
    "is_enabled": true
  },
  "mission_objectives": {
    "isCategory": true,
    "is_enabled": true
  },
  "variables": {},
  "dialogs": {},
  "airfields": {},
  "effects": {},
  "units": {
    "area_squad": [
      {
        "name": "t2_spawn_area_initial",
        "tm": [
          [
            0.939693,
            3.17042e-17,
            0.34202
          ],
          [
            5.65355e-9,
            1.0,
            -1.5533e-8
          ],
          [
            -0.34202,
            1.65299e-8,
            0.939693
          ],
          [
            9130.97,
            800.0,
            -35702.3
          ]
        ],
        "props": {
          "squad_members": [
            "t2_spawn_area_initial_01",
            "t2_spawn_area_initial_02",
            "t2_spawn_area_initial_03",
            "t2_spawn_area_initial_04",
            "t2_spawn_area_initial_05",
            "t2_spawn_area_initial_06",
            "t2_spawn_area_initial_07",
            "t2_spawn_area_initial_08",
            "t2_spawn_area_initial_09",
            "t2_spawn_area_initial_10",
            "t2_spawn_area_initial_11",
            "t2_spawn_area_initial_12",
            "t2_spawn_area_initial_13",
            "t2_spawn_area_initial_14",
            "t2_spawn_area_initial_15",
            "t2_spawn_area_initial_16",
            "t2_spawn_area_initial_17",
            "t2_spawn_area_initial_18",
            "t2_spawn_area_initial_19",
            "t2_spawn_area_initial_20"
          ]
        }
      },
      {
        "name": "t1_spawn_area_initial",
        "tm": [
          [
            0.939693,
            3.17042e-17,
            0.34202
          ],
          [
            5.65355e-9,
            1.0,
            -1.5533e-8
          ],
          [
            -0.34202,
            1.65299e-8,
            0.939693
          ],
          [
            -16862.6,
            1200.0,
            35714.3
          ]
        ],
        "props": {
          "squad_members": [
            "t1_spawn_area_initial_01",
            "t1_spawn_area_initial_02",
            "t1_spawn_area_initial_03",
            "t1_spawn_area_initial_04",
            "t1_spawn_area_initial_05",
            "t1_spawn_area_initial_06",
            "t1_spawn_area_initial_07",
            "t1_spawn_area_initial_08",
            "t1_spawn_area_initial_09",
            "t1_spawn_area_initial_10",
            "t1_spawn_area_initial_11",
            "t1_spawn_area_initial_12",
            "t1_spawn_area_initial_13",
            "t1_spawn_area_initial_14",
            "t1_spawn_area_initial_15",
            "t1_spawn_area_initial_16",
            "t1_spawn_area_initial_17",
            "t1_spawn_area_initial_18",
            "t1_spawn_area_initial_19",
            "t1_spawn_area_initial_20"
          ]
        }
      },
      {
        "name": "t1_spawn_area_01",
        "tm": [
          [
            0.939693,
            3.17042e-17,
            0.34202
          ],
          [
            5.65355e-9,
            1.0,
            -1.5533e-8
          ],
          [
            -0.34202,
            1.65299e-8,
            0.939693
          ],
          [
            -37850.2,
            100.0,
            28118.0
          ]
        ],
        "props": {
          "squad_members": [
            "t1_spawn_area_01_01",
            "t1_spawn_area_01_02",
            "t1_spawn_area_01_03",
            "t1_spawn_area_01_04",
            "t1_spawn_area_01_05",
            "t1_spawn_area_01_06",
            "t1_spawn_area_01_07",
            "t1_spawn_area_01_08",
            "t1_spawn_area_01_09",
            "t1_spawn_area_01_10",
            "t1_spawn_area_01_11",
            "t1_spawn_area_01_12",
            "t1_spawn_area_01_13",
            "t1_spawn_area_01_14",
            "t1_spawn_area_01_15",
            "t1_spawn_area_01_16",
            "t1_spawn_area_01_17",
            "t1_spawn_area_01_18",
            "t1_spawn_area_01_19",
            "t1_spawn_area_01_20"
          ]
        }
      },
      {
        "name": "t1_spawn_area_02",
        "tm": [
          [
            0.939693,
            3.17042e-17,
            0.34202
          ],
          [
            5.65355e-9,
            1.0,
            -1.5533e-8
          ],
          [
            -0.34202,
            1.65299e-8,
            0.939693
          ],
          [
            -17039.4,
            790.0,
            35586.1
          ]
        ],
        "props": {
          "squad_members": [
            "t1_spawn_area_02_01",
            "t1_spawn_area_02_02",
            "t1_spawn_area_02_03",
            "t1_spawn_area_02_04",
            "t1_spawn_area_02_05",
            "t1_spawn_area_02_06",
            "t1_spawn_area_02_07",
            "t1_spawn_area_02_08",
            "t1_spawn_area_02_09",
            "t1_spawn_area_02_10",
            "t1_spawn_area_02_11",
            "t1_spawn_area_02_12",
            "t1_spawn_area_02_13",
            "t1_spawn_area_02_14",
            "t1_spawn_area_02_15",
            "t1_spawn_area_02_16",
            "t1_spawn_area_02_17",
            "t1_spawn_area_02_18",
            "t1_spawn_area_02_19",
            "t1_spawn_area_02_20"
          ]
        }
      },
      {
        "name": "t1_spawn_area_03",
        "tm": [
          [
            0.939693,
            3.17042e-17,
            0.34202
          ],
          [
            5.65355e-9,
            1.0,
            -1.5533e-8
          ],
          [
            -0.34202,
            1.65299e-8,
            0.939693
          ],
          [
            3964.44,
            510.001,
            43284.1
          ]
        ],
        "props": {
          "squad_members": [
            "t1_spawn_area_03_01",
            "t1_spawn_area_03_02",
            "t1_spawn_area_03_03",
            "t1_spawn_area_03_04",
            "t1_spawn_area_03_05",
            "t1_spawn_area_03_06",
            "t1_spawn_area_03_07",
            "t1_spawn_area_03_08",
            "t1_spawn_area_03_09",
            "t1_spawn_area_03_10",
            "t1_spawn_area_03_11",
            "t1_spawn_area_03_12",
            "t1_spawn_area_03_13",
            "t1_spawn_area_03_14",
            "t1_spawn_area_03_15",
            "t1_spawn_area_03_16",
            "t1_spawn_area_03_17",
            "t1_spawn_area_03_18",
            "t1_spawn_area_03_19",
            "t1_spawn_area_03_20"
          ]
        }
      },
      {
        "name": "t2_spawn_area_01",
        "tm": [
          [
            0.939693,
            3.17042e-17,
            0.34202
          ],
          [
            5.65355e-9,
            1.0,
            -1.5533e-8
          ],
          [
            -0.34202,
            1.65299e-8,
            0.939693
          ],
          [
            -11684.1,
            599.999,
            -43363.5
          ]
        ],
        "props": {
          "squad_members": [
            "t2_spawn_area_01_01",
            "t2_spawn_area_01_02",
            "t2_spawn_area_01_03",
            "t2_spawn_area_01_04",
            "t2_spawn_area_01_05",
            "t2_spawn_area_01_06",
            "t2_spawn_area_01_07",
            "t2_spawn_area_01_08",
            "t2_spawn_area_01_09",
            "t2_spawn_area_01_10",
            "t2_spawn_area_01_11",
            "t2_spawn_area_01_12",
            "t2_spawn_area_01_13",
            "t2_spawn_area_01_14",
            "t2_spawn_area_01_15",
            "t2_spawn_area_01_16",
            "t2_spawn_area_01_17",
            "t2_spawn_area_01_18",
            "t2_spawn_area_01_19",
            "t2_spawn_area_01_20"
          ]
        }
      },
      {
        "name": "t2_spawn_area_02",
        "tm": [
          [
            0.939693,
            3.17042e-17,
            0.34202
          ],
          [
            5.65355e-9,
            1.0,
            -1.5533e-8
          ],
          [
            -0.34202,
            1.65299e-8,
            0.939693
          ],
          [
            9162.58,
            469.999,
            -35701.4
          ]
        ],
        "props": {
          "squad_members": [
            "t2_spawn_area_02_01",
            "t2_spawn_area_02_02",
            "t2_spawn_area_02_03",
            "t2_spawn_area_02_04",
            "t2_spawn_area_02_05",
            "t2_spawn_area_02_06",
            "t2_spawn_area_02_07",
            "t2_spawn_area_02_08",
            "t2_spawn_area_02_09",
            "t2_spawn_area_02_10",
            "t2_spawn_area_02_11",
            "t2_spawn_area_02_12",
            "t2_spawn_area_02_13",
            "t2_spawn_area_02_14",
            "t2_spawn_area_02_15",
            "t2_spawn_area_02_16",
            "t2_spawn_area_02_17",
            "t2_spawn_area_02_18",
            "t2_spawn_area_02_19",
            "t2_spawn_area_02_20"
          ]
        }
      },
      {
        "name": "t2_spawn_area_03",
        "tm": [
          [
            0.939693,
            3.17042e-17,
            0.34202
          ],
          [
            5.65355e-9,
            1.0,
            -1.5533e-8
          ],
          [
            -0.34202,
            1.65299e-8,
            0.939693
          ],
          [
            31071.9,
            359.999,
            -27450.4
          ]
        ],
        "props": {
          "squad_members": [
            "t2_spawn_area_03_01",
            "t2_spawn_area_03_02",
            "t2_spawn_area_03_03",
            "t2_spawn_area_03_04",
            "t2_spawn_area_03_05",
            "t2_spawn_area_03_06",
            "t2_spawn_area_03_07",
            "t2_spawn_area_03_08",
            "t2_spawn_area_03_09",
            "t2_spawn_area_03_10",
            "t2_spawn_area_03_11",
            "t2_spawn_area_03_12",
            "t2_spawn_area_03_13",
            "t2_spawn_area_03_14",
            "t2_spawn_area_03_15",
            "t2_spawn_area_03_16",
            "t2_spawn_area_03_17",
            "t2_spawn_area_03_18",
            "t2_spawn_area_03_19",
            "t2_spawn_area_03_20"
          ]
        }
      },
      {
        "name": "t1_exit_zone_squad",
        "tm": [
          [
            0.939693,
            3.17042e-17,
            0.34202
          ],
          [
            5.65355e-9,
            1.0,
            -1.5533e-8
          ],
          [
            -0.34202,
            1.65299e-8,
            0.939693
          ],
          [
            -17658.4,
            0.000420773,
            37898.9
          ]
        ],
        "props": {
          "squad_members": [
            "t1_exit_zone_01",
            "t1_exit_zone_02",
            "t1_exit_zone_03",
            "t1_exit_zone_04",
            "t1_exit_zone_05",
            "t1_exit_zone_06"
          ]
        }
      },
      {
        "name": "t2_exit_zone_squad",
        "tm": [
          [
            0.939693,
            3.17042e-17,
            0.34202
          ],
          [
            5.65355e-9,
            1.0,
            -1.5533e-8
          ],
          [
            -0.34202,
            1.65299e-8,
            0.939693
          ],
          [
            9584.14,
            -0.000651631,
            -36943.6
          ]
        ],
        "props": {
          "squad_members": [
            "t2_exit_zone_01",
            "t2_exit_zone_02",
            "t2_exit_zone_03",
            "t2_exit_zone_04",
            "t2_exit_zone_05",
            "t2_exit_zone_06"
          ]
        }
      },
      {
        "name": "t2_helicopter_spawn_area_01",
        "tm": [
          [
            0.939693,
            3.17042e-17,
            0.34202
          ],
          [
            5.65355e-9,
            1.0,
            -1.5533e-8
          ],
          [
            -0.34202,
            1.65299e-8,
            0.939693
          ],
          [
            -29520.0,
            549.504,
            -18888.7
          ]
        ],
        "props": {
          "squad_members": [
            "t2_helicopter_spawn_area_01_01",
            "t2_helicopter_spawn_area_01_02",
            "t2_helicopter_spawn_area_01_03",
            "t2_helicopter_spawn_area_01_04",
            "t2_helicopter_spawn_area_01_05",
            "t2_helicopter_spawn_area_01_06",
            "t2_helicopter_spawn_area_01_07",
            "t2_helicopter_spawn_area_01_08",
            "t2_helicopter_spawn_area_01_09",
            "t2_helicopter_spawn_area_01_10",
            "t2_helicopter_spawn_area_01_11",
            "t2_helicopter_spawn_area_01_12",
            "t2_helicopter_spawn_area_01_13",
            "t2_helicopter_spawn_area_01_14",
            "t2_helicopter_spawn_area_01_15",
            "t2_helicopter_spawn_area_01_16",
            "t2_helicopter_spawn_area_01_17",
            "t2_helicopter_spawn_area_01_18",
            "t2_helicopter_spawn_area_01_19",
            "t2_helicopter_spawn_area_01_20"
          ]
        }
      },
      {
        "name": "t2_helicopter_spawn_area_02",
        "tm": [
          [
            0.939693,
            3.17042e-17,
            0.34202
          ],
          [
            5.65355e-9,
            1.0,
            -1.5533e-8
          ],
          [
            -0.34202,
            1.65299e-8,
            0.939693
          ],
          [
            -7157.11,
            450.0,
            -13376.7
          ]
        ],
        "props": {
          "squad_members": [
            "t2_helicopter_spawn_area_02_01",
            "t2_helicopter_spawn_area_02_02",
            "t2_helicopter_spawn_area_02_03",
            "t2_helicopter_spawn_area_02_04",
            "t2_helicopter_spawn_area_02_05",
            "t2_helicopter_spawn_area_02_06",
            "t2_helicopter_spawn_area_02_07",
            "t2_helicopter_spawn_area_02_08",
            "t2_helicopter_spawn_area_02_09",
            "t2_helicopter_spawn_area_02_10",
            "t2_helicopter_spawn_area_02_11",
            "t2_helicopter_spawn_area_02_12",
            "t2_helicopter_spawn_area_02_13",
            "t2_helicopter_spawn_area_02_14",
            "t2_helicopter_spawn_area_02_15",
            "t2_helicopter_spawn_area_02_16",
            "t2_helicopter_spawn_area_02_17",
            "t2_helicopter_spawn_area_02_18",
            "t2_helicopter_spawn_area_02_19",
            "t2_helicopter_spawn_area_02_20"
          ]
        }
      },
      {
        "name": "t2_helicopter_spawn_area_03",
        "tm": [
          [
            0.939693,
            3.17042e-17,
            0.34202
          ],
          [
            5.65355e-9,
            1.0,
            -1.5533e-8
          ],
          [
            -0.34202,
            1.65299e-8,
            0.939693
          ],
          [
            13714.8,
            550.0,
            -1778.67
          ]
        ],
        "props": {
          "squad_members": [
            "t2_helicopter_spawn_area_03_01",
            "t2_helicopter_spawn_area_03_02",
            "t2_helicopter_spawn_area_03_03",
            "t2_helicopter_spawn_area_03_04",
            "t2_helicopter_spawn_area_03_05",
            "t2_helicopter_spawn_area_03_06",
            "t2_helicopter_spawn_area_03_07",
            "t2_helicopter_spawn_area_03_08",
            "t2_helicopter_spawn_area_03_09",
            "t2_helicopter_spawn_area_03_10",
            "t2_helicopter_spawn_area_03_11",
            "t2_helicopter_spawn_area_03_12",
            "t2_helicopter_spawn_area_03_13",
            "t2_helicopter_spawn_area_03_14",
            "t2_helicopter_spawn_area_03_15",
            "t2_helicopter_spawn_area_03_16",
            "t2_helicopter_spawn_area_03_17",
            "t2_helicopter_spawn_area_03_18",
            "t2_helicopter_spawn_area_03_19",
            "t2_helicopter_spawn_area_03_20"
          ]
        }
      },
      {
        "name": "t2_helicopter_spawn_area_04",
        "tm": [
          [
            0.939693,
            3.17042e-17,
            0.34202
          ],
          [
            5.65355e-9,
            1.0,
            -1.5533e-8
          ],
          [
            -0.34202,
            1.65299e-8,
            0.939693
          ],
          [
            25307.2,
            550.0,
            4965.75
          ]
        ],
        "props": {
          "squad_members": [
            "t2_helicopter_spawn_area_04_01",
            "t2_helicopter_spawn_area_04_02",
            "t2_helicopter_spawn_area_04_03",
            "t2_helicopter_spawn_area_04_04",
            "t2_helicopter_spawn_area_04_05",
            "t2_helicopter_spawn_area_04_06",
            "t2_helicopter_spawn_area_04_07",
            "t2_helicopter_spawn_area_04_08",
            "t2_helicopter_spawn_area_04_09",
            "t2_helicopter_spawn_area_04_10",
            "t2_helicopter_spawn_area_04_11",
            "t2_helicopter_spawn_area_04_12",
            "t2_helicopter_spawn_area_04_13",
            "t2_helicopter_spawn_area_04_14",
            "t2_helicopter_spawn_area_04_15",
            "t2_helicopter_spawn_area_04_16",
            "t2_helicopter_spawn_area_04_17",
            "t2_helicopter_spawn_area_04_18",
            "t2_helicopter_spawn_area_04_19",
            "t2_helicopter_spawn_area_04_20"
          ]
        }
      },
      {
        "name": "t2_helicopter_spawn_area_initial",
        "tm": [
          [
            0.939693,
            3.17042e-17,
            0.34202
          ],
          [
            5.65355e-9,
            1.0,
            -1.5533e-8
          ],
          [
            -0.34202,
            1.65299e-8,
            0.939693
          ],
          [
            -7085.32,
            460.0,
            -13457.0
          ]
        ],
        "props": {
          "squad_members": [
            "t2_helicopter_spawn_area_initial_01",
            "t2_helicopter_spawn_area_initial_02",
            "t2_helicopter_spawn_area_initial_03",
            "t2_helicopter_spawn_area_initial_04",
            "t2_helicopter_spawn_area_initial_05",
            "t2_helicopter_spawn_area_initial_06",
            "t2_helicopter_spawn_area_initial_07",
            "t2_helicopter_spawn_area_initial_08",
            "t2_helicopter_spawn_area_initial_09",
            "t2_helicopter_spawn_area_initial_10",
            "t2_helicopter_spawn_area_initial_11",
            "t2_helicopter_spawn_area_initial_12",
            "t2_helicopter_spawn_area_initial_13",
            "t2_helicopter_spawn_area_initial_14",
            "t2_helicopter_spawn_area_initial_15",
            "t2_helicopter_spawn_area_initial_16",
            "t2_helicopter_spawn_area_initial_17",
            "t2_helicopter_spawn_area_initial_18",
            "t2_helicopter_spawn_area_initial_19",
            "t2_helicopter_spawn_area_initial_20"
          ]
        }
      },
      {
        "name": "t2_exit_zone_helicopter_squad",
        "tm": [
          [
            0.939693,
            3.17042e-17,
            0.34202
          ],
          [
            5.65355e-9,
            1.0,
            -1.5533e-8
          ],
          [
            -0.34202,
            1.65299e-8,
            0.939693
          ],
          [
            -5392.53,
            480.0,
            -14511.7
          ]
        ],
        "props": {
          "squad_members": [
            "t2_exit_zone_helicopter_01",
            "t2_exit_zone_helicopter_02",
            "t2_exit_zone_helicopter_03",
            "t2_exit_zone_helicopter_04",
            "t2_exit_zone_helicopter_05",
            "t2_exit_zone_helicopter_06",
            "t2_exit_zone_helicopter_07"
          ]
        }
      }
    ],
    "objectGroups": [
      {
        "name": "t1_sam_site_01",
        "tm": [
          [
            -0.359259,
            -1.24649e-8,
            -0.933238
          ],
          [
            5.65355e-9,
            1.0,
            -1.5533e-8
          ],
          [
            0.933238,
            -1.08565e-8,
            -0.359259
          ],
          [
            -32855.5,
            242.837,
            -11771.3
          ]
        ],
        "unit_class": "dyn_sam_site_s_75_x6",
        "objLayer": 1,
        "props": {
          "army": 1,
          "active": true
        }
      },
      {
        "name": "t1_sam_site_04",
        "tm": [
          [
            -0.359259,
            -1.24649e-8,
            -0.933238
          ],
          [
            5.65355e-9,
            1.0,
            -1.5533e-8
          ],
          [
            0.933238,
            -1.08565e-8,
            -0.359259
          ],
          [
            -23152.5,
            93.4466,
            -8820.25
          ]
        ],
        "unit_class": "dyn_sam_site_s_75_x6",
        "objLayer": 1,
        "props": {
          "army": 1,
          "active": true
        }
      },
      {
        "name": "t1_sam_site_02",
        "tm": [
          [
            -0.359259,
            -1.24649e-8,
            -0.933238
          ],
          [
            5.65355e-9,
            1.0,
            -1.5533e-8
          ],
          [
            0.933238,
            -1.08565e-8,
            -0.359259
          ],
          [
            -32639.3,
            449.185,
            -9191.51
          ]
        ],
        "unit_class": "dyn_sam_site_s_75_x6",
        "objLayer": 1,
        "props": {
          "army": 1,
          "active": true
        }
      },
      {
        "name": "t1_sam_site_03",
        "tm": [
          [
            -0.359259,
            -1.24649e-8,
            -0.933238
          ],
          [
            5.65355e-9,
            1.0,
            -1.5533e-8
          ],
          [
            0.933238,
            -1.08565e-8,
            -0.359259
          ],
          [
            -38794.6,
            54.9232,
            -16116.7
          ]
        ],
        "unit_class": "dyn_sam_site_s_75_x6",
        "objLayer": 1,
        "props": {
          "army": 1,
          "active": true
        }
      },
      {
        "name": "t1_sam_site_05",
        "tm": [
          [
            -0.359259,
            -1.24649e-8,
            -0.933238
          ],
          [
            5.65355e-9,
            1.0,
            -1.5533e-8
          ],
          [
            0.933238,
            -1.08565e-8,
            -0.359259
          ],
          [
            -29021.3,
            57.9977,
            -9725.5
          ]
        ],
        "unit_class": "dyn_sam_site_s_75_x6",
        "objLayer": 1,
        "props": {
          "army": 1,
          "active": true
        }
      },
      {
        "name": "t1_sam_site_06",
        "tm": [
          [
            -0.359259,
            -1.24649e-8,
            -0.933238
          ],
          [
            5.65355e-9,
            1.0,
            -1.5533e-8
          ],
          [
            0.933238,
            -1.08565e-8,
            -0.359259
          ],
          [
            -26333.5,
            92.478,
            -10709.6
          ]
        ],
        "unit_class": "dyn_sam_site_s_75_x6",
        "objLayer": 1,
        "props": {
          "army": 1,
          "active": true
        }
      },
      {
        "name": "t1_sam_site_07",
        "tm": [
          [
            -0.359259,
            -1.24649e-8,
            -0.933238
          ],
          [
            5.65355e-9,
            1.0,
            -1.5533e-8
          ],
          [
            0.933238,
            -1.08565e-8,
            -0.359259
          ],
          [
            -17417.0,
            49.45,
            -1400.7
          ]
        ],
        "unit_class": "dyn_sam_site_s_75_x6",
        "objLayer": 1,
        "props": {
          "army": 1,
          "active": true
        }
      },
      {
        "name": "t1_sam_site_08",
        "tm": [
          [
            -0.359259,
            -1.24649e-8,
            -0.933238
          ],
          [
            5.65355e-9,
            1.0,
            -1.5533e-8
          ],
          [
            0.933238,
            -1.08565e-8,
            -0.359259
          ],
          [
            -19207.2,
            225.123,
            -4238.1
          ]
        ],
        "unit_class": "dyn_sam_site_s_75_x6",
        "objLayer": 1,
        "props": {
          "army": 1,
          "active": true
        }
      },
      {
        "name": "t1_sam_site_09",
        "tm": [
          [
            -0.359259,
            -1.24649e-8,
            -0.933238
          ],
          [
            5.65355e-9,
            1.0,
            -1.5533e-8
          ],
          [
            0.933238,
            -1.08565e-8,
            -0.359259
          ],
          [
            -13722.2,
            136.844,
            606.3
          ]
        ],
        "unit_class": "dyn_sam_site_s_75_x6",
        "objLayer": 1,
        "props": {
          "army": 1,
          "active": true
        }
      },
      {
        "name": "t1_sam_site_10",
        "tm": [
          [
            -0.359259,
            -1.24649e-8,
            -0.933238
          ],
          [
            5.65355e-9,
            1.0,
            -1.5533e-8
          ],
          [
            0.933238,
            -1.08565e-8,
            -0.359259
          ],
          [
            -407.8,
            13.7047,
            1128.05
          ]
        ],
        "unit_class": "dyn_sam_site_s_75_x6",
        "objLayer": 1,
        "props": {
          "army": 1,
          "active": true
        }
      },
      {
        "name": "t1_sam_site_11",
        "tm": [
          [
            -0.359259,
            -1.24649e-8,
            -0.933238
          ],
          [
            5.65355e-9,
            1.0,
            -1.5533e-8
          ],
          [
            0.933238,
            -1.08565e-8,
            -0.359259
          ],
          [
            -7848.75,
            49.0161,
            2701.55
          ]
        ],
        "unit_class": "dyn_sam_site_s_75_x6",
        "objLayer": 1,
        "props": {
          "army": 1,
          "active": true
        }
      },
      {
        "name": "t1_sam_site_12",
        "tm": [
          [
            -0.359259,
            -1.24649e-8,
            -0.933238
          ],
          [
            5.65355e-9,
            1.0,
            -1.5533e-8
          ],
          [
            0.933238,
            -1.08565e-8,
            -0.359259
          ],
          [
            -4986.2,
            21.3153,
            559.2
          ]
        ],
        "unit_class": "dyn_sam_site_s_75_x6",
        "objLayer": 1,
        "props": {
          "army": 1,
          "active": true
        }
      },
      {
        "name": "t1_sam_site_13",
        "tm": [
          [
            -0.359259,
            -1.24649e-8,
            -0.933238
          ],
          [
            5.65355e-9,
            1.0,
            -1.5533e-8
          ],
          [
            0.933238,
            -1.08565e-8,
            -0.359259
          ],
          [
            7106.1,
            64.8175,
            6134.37
          ]
        ],
        "unit_class": "dyn_sam_site_s_75_x6",
        "objLayer": 1,
        "props": {
          "army": 1,
          "active": true
        }
      },
      {
        "name": "t1_sam_site_14",
        "tm": [
          [
            -0.359259,
            -1.24649e-8,
            -0.933238
          ],
          [
            5.65355e-9,
            1.0,
            -1.5533e-8
          ],
          [
            0.933238,
            -1.08565e-8,
            -0.359259
          ],
          [
            6544.55,
            134.55,
            -1731.7
          ]
        ],
        "unit_class": "dyn_sam_site_s_75_x6",
        "objLayer": 1,
        "props": {
          "army": 1,
          "active": true
        }
      },
      {
        "name": "t1_sam_site_15",
        "tm": [
          [
            -0.359259,
            -1.24649e-8,
            -0.933238
          ],
          [
            5.65355e-9,
            1.0,
            -1.5533e-8
          ],
          [
            0.933238,
            -1.08565e-8,
            -0.359259
          ],
          [
            5654.75,
            316.256,
            2505.15
          ]
        ],
        "unit_class": "dyn_sam_site_s_75_x6",
        "objLayer": 1,
        "props": {
          "army": 1,
          "active": true
        }
      },
      {
        "name": "t1_sam_site_16",
        "tm": [
          [
            -0.359259,
            -1.24649e-8,
            -0.933238
          ],
          [
            5.65355e-9,
            1.0,
            -1.5533e-8
          ],
          [
            0.933238,
            -1.08565e-8,
            -0.359259
          ],
          [
            19173.1,
            75.0914,
            5825.37
          ]
        ],
        "unit_class": "dyn_sam_site_s_75_x6",
        "objLayer": 1,
        "props": {
          "army": 1,
          "active": true
        }
      },
      {
        "name": "t1_sam_site_17",
        "tm": [
          [
            -0.359259,
            -1.24649e-8,
            -0.933238
          ],
          [
            5.65355e-9,
            1.0,
            -1.5533e-8
          ],
          [
            0.933238,
            -1.08565e-8,
            -0.359259
          ],
          [
            16191.5,
            70.0562,
            6980.25
          ]
        ],
        "unit_class": "dyn_sam_site_s_75_x6",
        "objLayer": 1,
        "props": {
          "army": 1,
          "active": true
        }
      },
      {
        "name": "t1_sam_site_18",
        "tm": [
          [
            -0.359259,
            -1.24649e-8,
            -0.933238
          ],
          [
            5.65355e-9,
            1.0,
            -1.5533e-8
          ],
          [
            0.933238,
            -1.08565e-8,
            -0.359259
          ],
          [
            21083.8,
            31.0599,
            7550.55
          ]
        ],
        "unit_class": "dyn_sam_site_s_75_x6",
        "objLayer": 1,
        "props": {
          "army": 1,
          "active": true
        }
      },
      {
        "name": "t1_sam_site_19",
        "tm": [
          [
            -0.359259,
            -1.24649e-8,
            -0.933238
          ],
          [
            5.65355e-9,
            1.0,
            -1.5533e-8
          ],
          [
            0.933238,
            -1.08565e-8,
            -0.359259
          ],
          [
            28251.7,
            65.2392,
            9062.53
          ]
        ],
        "unit_class": "dyn_sam_site_s_75_x6",
        "objLayer": 1,
        "props": {
          "army": 1,
          "active": true
        }
      },
      {
        "name": "t1_sam_site_20",
        "tm": [
          [
            -0.359259,
            -1.24649e-8,
            -0.933238
          ],
          [
            5.65355e-9,
            1.0,
            -1.5533e-8
          ],
          [
            0.933238,
            -1.08565e-8,
            -0.359259
          ],
          [
            25426.0,
            73.1143,
            8359.5
          ]
        ],
        "unit_class": "dyn_sam_site_s_75_x6",
        "objLayer": 1,
        "props": {
          "army": 1,
          "active": true
        }
      },
      {
        "name": "t1_sam_site_21",
        "tm": [
          [
            -0.359259,
            -1.24649e-8,
            -0.933238
          ],
          [
            5.65355e-9,
            1.0,
            -1.5533e-8
          ],
          [
            0.933238,
            -1.08565e-8,
            -0.359259
          ],
          [
            30846.3,
            72.8145,
            9438.55
          ]
        ],
        "unit_class": "dyn_sam_site_s_75_x6",
        "objLayer": 1,
        "props": {
          "army": 1,
          "active": true
        }
      },
      {
        "name": "t1_cover_spaa_basis_01",
        "tm": [
          [
            -0.939693,
            1.6597e-15,
            -0.34202
          ],
          [
            5.65355e-9,
            1.0,
            -1.5533e-8
          ],
          [
            0.34202,
            -1.65299e-8,
            -0.939693
          ],
          [
            -32794.1,
            125.549,
            -12432.9
          ]
        ],
        "unit_class": "dyn_foundation_7m",
        "objLayer": 1,
        "props": {
          "army": 1,
          "active": true
        }
      },
      {
        "name": "t1_cover_spaa_basis_02",
        "tm": [
          [
            -0.939693,
            1.6597e-15,
            -0.34202
          ],
          [
            5.65355e-9,
            1.0,
            -1.5533e-8
          ],
          [
            0.34202,
            -1.65299e-8,
            -0.939693
          ],
          [
            -32962.6,
            205.038,
            -12298.0
          ]
        ],
        "unit_class": "dyn_foundation_7m",
        "objLayer": 1,
        "props": {
          "army": 1,
          "active": true
        }
      },
      {
        "name": "t1_cover_spaa_basis_03",
        "tm": [
          [
            -0.939693,
            1.6597e-15,
            -0.34202
          ],
          [
            5.65355e-9,
            1.0,
            -1.5533e-8
          ],
          [
            0.34202,
            -1.65299e-8,
            -0.939693
          ],
          [
            -33076.0,
            211.837,
            -12405.3
          ]
        ],
        "unit_class": "dyn_foundation_7m",
        "objLayer": 1,
        "props": {
          "army": 1,
          "active": true
        }
      },
      {
        "name": "t1_cover_spaa_basis_04",
        "tm": [
          [
            -0.939693,
            1.6597e-15,
            -0.34202
          ],
          [
            5.65355e-9,
            1.0,
            -1.5533e-8
          ],
          [
            0.34202,
            -1.65299e-8,
            -0.939693
          ],
          [
            -32970.8,
            199.458,
            -12058.7
          ]
        ],
        "unit_class": "dyn_foundation_7m",
        "objLayer": 1,
        "props": {
          "army": 1,
          "active": true
        }
      },
      {
        "name": "t1_cover_spaa_basis_05",
        "tm": [
          [
            -0.939693,
            1.6597e-15,
            -0.34202
          ],
          [
            5.65355e-9,
            1.0,
            -1.5533e-8
          ],
