{
  "selected_tag": "",
  "bin_dump_file": "",
  "mission_settings": {
    "player": {
      "army": 1,
      "wing": "bdt_armada"
    },
    "player_teamB": {
      "army": 2
    },
    "mission": {
      "level": "levels/water.bin",
      "type": "domination",
      "environment": "Day",
      "weather": "hazy",
      "restoreType": "attempts",
      "optionalTakeOff": true
    },
    "spectator_points": {}
  },
  "imports": {
    "import_record": [
      {
        "file": "gameData/missions/templates/enduring_confrontation/bdt_bases_destroy_template.blk",
        "importAreas": true,
        "importUnits": true,
        "importTriggers": true,
        "importMissionObjectives": true,
        "importWayPoints": true,
        "showAreas": true,
        "showUnits": true,
        "showTriggers": true,
        "showMissionObjectives": true,
        "showWayPoints": true,
        "excludes": {}
      },
      {
        "file": "gameData/missions/templates/units_sets/land_sets_aaa_bases/bdt_t1_uk_rank_01.blk",
        "rankRange": [
          0,
          4
        ],
        "importAreas": true,
        "importUnits": true,
        "importTriggers": true,
        "importMissionObjectives": true,
        "importWayPoints": true,
        "showAreas": true,
        "showUnits": true,
        "showTriggers": true,
        "showMissionObjectives": true,
        "showWayPoints": true,
        "excludes": {}
      },
      {
        "file": "gameData/missions/templates/units_sets/land_sets_aaa_bases/bdt_t1_uk_rank_02.blk",
        "rankRange": [
          5,
          8
        ],
        "importAreas": true,
        "importUnits": true,
        "importTriggers": true,
        "importMissionObjectives": true,
        "importWayPoints": true,
        "showAreas": true,
        "showUnits": true,
        "showTriggers": true,
        "showMissionObjectives": true,
        "showWayPoints": true,
        "excludes": {}
      },
      {
        "file": "gameData/missions/templates/units_sets/land_sets_aaa_bases/bdt_t1_uk_rank_03.blk",
        "rankRange": [
          9,
          13
        ],
        "importAreas": true,
        "importUnits": true,
        "importTriggers": true,
        "importMissionObjectives": true,
        "importWayPoints": true,
        "showAreas": true,
        "showUnits": true,
        "showTriggers": true,
        "showMissionObjectives": true,
        "showWayPoints": true,
        "excludes": {}
      },
      {
        "file": "gameData/missions/templates/units_sets/land_sets_aaa_bases/bdt_t1_uk_rank_04.blk",
        "rankRange": [
          14,
          19
        ],
        "importAreas": true,
        "importUnits": true,
        "importTriggers": true,
        "importMissionObjectives": true,
        "importWayPoints": true,
        "showAreas": true,
        "showUnits": true,
        "showTriggers": true,
        "showMissionObjectives": true,
        "showWayPoints": true,
        "excludes": {}
      },
      {
        "file": "gameData/missions/templates/units_sets/land_sets_aaa_bases/bdt_t1_uk_rank_05.blk",
        "rankRange": [
          20,
          24
        ],
        "importAreas": true,
        "importUnits": true,
        "importTriggers": true,
        "importMissionObjectives": true,
        "importWayPoints": true,
        "showAreas": true,
        "showUnits": true,
        "showTriggers": true,
        "showMissionObjectives": true,
        "showWayPoints": true,
        "excludes": {}
      },
      {
        "file": "gameData/missions/templates/units_sets/land_sets_aaa_bases/bdt_t1_uk_rank_06.blk",
        "rankRange": [
          25,
          50
        ],
        "importAreas": true,
        "importUnits": true,
        "importTriggers": true,
        "importMissionObjectives": true,
        "importWayPoints": true,
        "showAreas": true,
        "showUnits": true,
        "showTriggers": true,
        "showMissionObjectives": true,
        "showWayPoints": true,
        "excludes": {}
      },
      {
        "file": "gameData/missions/templates/units_sets/land_sets_aaa_bases/bdt_t2_germ_rank_01.blk",
        "rankRange": [
          0,
          4
        ],
        "importAreas": true,
        "importUnits": true,
        "importTriggers": true,
        "importMissionObjectives": true,
        "importWayPoints": true,
        "showAreas": true,
        "showUnits": true,
        "showTriggers": true,
        "showMissionObjectives": true,
        "showWayPoints": true,
        "excludes": {}
      },
      {
        "file": "gameData/missions/templates/units_sets/land_sets_aaa_bases/bdt_t2_germ_rank_02.blk",
        "rankRange": [
          5,
          8
        ],
        "importAreas": true,
        "importUnits": true,
        "importTriggers": true,
        "importMissionObjectives": true,
        "importWayPoints": true,
        "showAreas": true,
        "showUnits": true,
        "showTriggers": true,
        "showMissionObjectives": true,
        "showWayPoints": true,
        "excludes": {}
      },
      {
        "file": "gameData/missions/templates/units_sets/land_sets_aaa_bases/bdt_t2_germ_rank_03.blk",
        "rankRange": [
          9,
          13
        ],
        "importAreas": true,
        "importUnits": true,
        "importTriggers": true,
        "importMissionObjectives": true,
        "importWayPoints": true,
        "showAreas": true,
        "showUnits": true,
        "showTriggers": true,
        "showMissionObjectives": true,
        "showWayPoints": true,
        "excludes": {}
      },
      {
        "file": "gameData/missions/templates/units_sets/land_sets_aaa_bases/bdt_t2_germ_rank_04.blk",
        "rankRange": [
          14,
          19
        ],
        "importAreas": true,
        "importUnits": true,
        "importTriggers": true,
        "importMissionObjectives": true,
        "importWayPoints": true,
        "showAreas": true,
        "showUnits": true,
        "showTriggers": true,
        "showMissionObjectives": true,
        "showWayPoints": true,
        "excludes": {}
      },
      {
        "file": "gameData/missions/templates/units_sets/land_sets_aaa_bases/bdt_t2_germ_rank_05.blk",
        "rankRange": [
          20,
          24
        ],
        "importAreas": true,
        "importUnits": true,
        "importTriggers": true,
        "importMissionObjectives": true,
        "importWayPoints": true,
        "showAreas": true,
        "showUnits": true,
        "showTriggers": true,
        "showMissionObjectives": true,
        "showWayPoints": true,
        "excludes": {}
      },
      {
        "file": "gameData/missions/templates/units_sets/land_sets_aaa_bases/bdt_t2_germ_rank_06.blk",
        "rankRange": [
          25,
          50
        ],
        "importAreas": true,
        "importUnits": true,
        "importTriggers": true,
        "importMissionObjectives": true,
        "importWayPoints": true,
        "showAreas": true,
        "showUnits": true,
        "showTriggers": true,
        "showMissionObjectives": true,
        "showWayPoints": true,
        "excludes": {}
      }
    ]
  },
  "triggers": {
    "isCategory": true,
    "is_enabled": true,
    "bdt_part_init": {
      "is_enabled": true,
      "comments": "",
      "props": {
        "actionsType": "PERFORM_ONE_BY_ONE",
        "conditionsType": "ALL",
        "enableAfterComplete": false
      },
      "events": {
        "initMission": {}
      },
      "conditions": {},
      "actions": {
        "comment": [
          {
            "value": "set max bases amount +1"
          },
          {
            "value": "enable self restarting for template"
          },
          {
            "value": "increase one-moment bases amount"
          }
        ],
        "varSetInt": [
          {
            "value": 21,
            "var": "bdt_t1_total_bases_max_count"
          },
          {
            "value": 21,
            "var": "bdt_t2_total_bases_max_count"
          },
          {
            "value": 5,
            "var": [
              "bdt_t1_active_bases_max_count",
              "bdt_t2_active_bases_max_count"
            ]
          }
        ],
        "varSetBool": {
          "value": true,
          "var": "bdt_self_restart"
        }
      },
      "else_actions": {}
    }
  },
  "mission_objectives": {
    "isCategory": true,
    "is_enabled": true
  },
  "variables": {},
  "dialogs": {},
  "airfields": {},
  "effects": {},
  "units": {
    "objectGroups": [
      {
        "name": "bdt_t1_bomb_object_01",
        "tm": [
          [
            -0.75936,
            0.0,
            0.650672
          ],
          [
            0.0,
            1.0,
            0.0
          ],
          [
            -0.650672,
            0.0,
            -0.75936
          ],
          [
            30288.2,
            135.27,
            -21019.0
          ]
        ],
        "unit_class": "dynBase_ammunition_camp_square",
        "objLayer": 2,
        "props": {
          "army": 1,
          "active": false
        }
      },
      {
        "name": "bdt_t1_bomb_object_02",
        "tm": [
          [
            -0.290833,
            0.0,
            0.956775
          ],
          [
            0.0,
            1.0,
            0.0
          ],
          [
            -0.956775,
            0.0,
            -0.290833
          ],
          [
            24173.8,
            164.115,
            -37275.9
          ]
        ],
        "unit_class": "dynBase_ammunition_camp_square",
        "objLayer": 2,
        "props": {
          "army": 1,
          "active": false
        }
      },
      {
        "name": "bdt_t1_bomb_object_03",
        "tm": [
          [
            -0.787019,
            0.0,
            0.616929
          ],
          [
            0.0,
            1.0,
            0.0
          ],
          [
            -0.616929,
            0.0,
            -0.787019
          ],
          [
            3226.7,
            57.95,
            -45065.6
          ]
        ],
        "unit_class": "dynBase_ammunition_camp_square",
        "objLayer": 2,
        "props": {
          "army": 1,
          "active": false
        }
      },
      {
        "name": "bdt_t1_bomb_object_04",
        "tm": [
          [
            -0.600529,
            0.0,
            0.799603
          ],
          [
            0.0,
            1.0,
            0.0
          ],
          [
            -0.799603,
            0.0,
            -0.600529
          ],
          [
            10317.6,
            158.581,
            -29530.2
          ]
        ],
        "unit_class": "dynBase_ammunition_camp_square",
        "objLayer": 2,
        "props": {
          "army": 1,
          "active": false
        }
      },
      {
        "name": "bdt_t1_bomb_object_05",
        "tm": [
          [
            -0.992526,
            0.0,
            -0.122035
          ],
          [
            0.0,
            1.0,
            0.0
          ],
          [
            0.122035,
            0.0,
            -0.992526
          ],
          [
            -19788.0,
            60.2,
            -45856.0
          ]
        ],
        "unit_class": "dynBase_ammunition_camp_square",
        "objLayer": 2,
        "props": {
          "army": 1,
          "active": false
        }
      },
      {
        "name": "bdt_t1_bomb_object_06",
        "tm": [
          [
            -0.785751,
            0.0,
            0.618543
          ],
          [
            0.0,
            1.0,
            0.0
          ],
          [
            -0.618543,
            0.0,
            -0.785751
          ],
          [
            -7683.7,
            48.5,
            -10807.5
          ]
        ],
        "unit_class": "dynBase_ammunition_camp_square",
        "objLayer": 2,
        "props": {
          "army": 1,
          "active": false
        }
      },
      {
        "name": "bdt_t1_bomb_object_07",
        "tm": [
          [
            -0.759359,
            0.0,
            0.65067
          ],
          [
            0.0,
            1.0,
            0.0
          ],
          [
            -0.65067,
            0.0,
            -0.759359
          ],
          [
            -27288.8,
            39.2,
            -18429.5
          ]
        ],
        "unit_class": "dynBase_ammunition_camp_square",
        "objLayer": 2,
        "props": {
          "army": 1,
          "active": false
        }
      },
      {
        "name": "bdt_t1_bomb_object_08",
        "tm": [
          [
            -0.964177,
            0.0,
            0.265256
          ],
          [
            0.0,
            1.0,
            0.0
          ],
          [
            -0.265256,
            0.0,
            -0.964177
          ],
          [
            -45269.4,
            25.9,
            -18215.2
          ]
        ],
        "unit_class": "dynBase_ammunition_camp_square",
        "objLayer": 2,
        "props": {
          "army": 1,
          "active": false
        }
      },
      {
        "name": "bdt_t2_bomb_object_01",
        "tm": [
          [
            -0.39076,
            0.0,
            0.920494
          ],
          [
            0.0,
            1.0,
            0.0
          ],
          [
            -0.920494,
            0.0,
            -0.39076
          ],
          [
            35515.5,
            46.7656,
            11367.7
          ]
        ],
        "unit_class": "dynBase_ammunition_camp_square",
        "objLayer": 2,
        "props": {
          "army": 2,
          "active": false
        }
      },
      {
        "name": "bdt_t2_bomb_object_02",
        "tm": [
          [
            -0.654063,
            0.0,
            0.756442
          ],
          [
            0.0,
            1.0,
            0.0
          ],
          [
            -0.756442,
            0.0,
            -0.654063
          ],
          [
            -32875.2,
            76.1397,
            19892.7
          ]
        ],
        "unit_class": "dynBase_oil_storage_large_square",
        "objLayer": 2,
        "props": {
          "army": 2,
          "active": false
        }
      },
      {
        "name": "bdt_t2_bomb_object_03",
        "tm": [
          [
            -0.0974717,
            0.0,
            0.99524
          ],
          [
            0.0,
            1.0,
            0.0
          ],
          [
            -0.99524,
            0.0,
            -0.0974717
          ],
          [
            19910.1,
            60.6057,
            6691.44
          ]
        ],
        "unit_class": "dynBase_ammunition_camp_square",
        "objLayer": 2,
        "props": {
          "army": 2,
          "active": false
        }
      },
      {
        "name": "bdt_t2_bomb_object_04",
        "tm": [
          [
            -0.248822,
            0.0,
            0.96855
          ],
          [
            0.0,
            1.0,
            0.0
          ],
          [
            -0.96855,
            0.0,
            -0.248822
          ],
          [
            22885.8,
            58.978,
            20992.5
          ]
        ],
        "unit_class": "dynBase_ammunition_camp_square",
        "objLayer": 2,
        "props": {
          "army": 2,
          "active": false
        }
      },
      {
        "name": "bdt_t2_bomb_object_05",
        "tm": [
          [
            -0.120272,
            0.0,
            0.992743
          ],
          [
            0.0,
            1.0,
            0.0
          ],
          [
            -0.992743,
            0.0,
            -0.120272
          ],
          [
            -16567.3,
            34.9547,
            40963.3
          ]
        ],
        "unit_class": "dynBase_ammunition_camp_square",
        "objLayer": 2,
        "props": {
          "army": 2,
          "active": false
        }
      },
      {
        "name": "bdt_t2_bomb_object_06",
        "tm": [
          [
            -0.893318,
            0.0,
            0.449426
          ],
          [
            0.0,
            1.0,
            0.0
          ],
          [
            -0.449426,
            0.0,
            -0.893318
          ],
          [
            -50623.7,
            88.24,
            27789.0
          ]
        ],
        "unit_class": "dynBase_ammunition_camp_square",
        "objLayer": 2,
        "props": {
          "army": 2,
          "active": false
        }
      },
      {
        "name": "bdt_t2_bomb_object_07",
        "tm": [
          [
            -0.667934,
            0.0,
            0.744221
          ],
          [
            0.0,
            1.0,
            0.0
          ],
          [
            -0.744221,
            0.0,
            -0.667934
          ],
          [
            -26189.6,
            53.65,
            46034.1
          ]
        ],
        "unit_class": "dynBase_small_factory_square",
        "objLayer": 2,
        "props": {
          "army": 2,
          "active": false
        }
      },
      {
        "name": "bdt_t2_bomb_object_08",
        "tm": [
          [
            -0.81318,
            0.0,
            0.582013
          ],
          [
            0.0,
            1.0,
            0.0
          ],
          [
            -0.582013,
            0.0,
            -0.81318
          ],
          [
            4395.65,
            50.2046,
            14320.0
          ]
        ],
        "unit_class": "dynBase_ammunition_camp_square",
        "objLayer": 2,
        "props": {
          "army": 2,
          "active": false
        }
      },
      {
        "name": "bdt_t2_bomb_object_09",
        "tm": [
          [
            -0.56508,
            0.0,
            0.825037
          ],
          [
            0.0,
            1.0,
            0.0
          ],
          [
            -0.825037,
            0.0,
            -0.56508
          ],
          [
            31811.7,
            44.6925,
            5742.31
          ]
        ],
        "unit_class": "dynBase_ammunition_camp_square",
        "objLayer": 2,
        "props": {
          "army": 2,
          "active": false
        }
      },
      {
        "name": "bdt_t2_bomb_object_10",
        "tm": [
          [
            -0.759361,
            0.0,
            0.650672
          ],
          [
            0.0,
            1.0,
            0.0
          ],
          [
            -0.650672,
            0.0,
            -0.759361
          ],
          [
            38837.5,
            58.3219,
            1779.39
          ]
        ],
        "unit_class": "dynBase_ammunition_camp_square",
        "objLayer": 2,
        "props": {
          "army": 2,
          "active": false
        }
      },
      {
        "name": "bdt_t1_bomb_object_09",
        "tm": [
          [
            -0.290832,
            0.0,
            0.956774
          ],
          [
            0.0,
            1.0,
            0.0
          ],
          [
            -0.956774,
            0.0,
            -0.290832
          ],
          [
            1460.75,
            18.35,
            -26825.3
          ]
        ],
        "unit_class": "dynBase_ammunition_camp_square",
        "objLayer": 2,
        "props": {
          "army": 1,
          "active": false
        }
      },
      {
        "name": "bdt_t1_bomb_object_10",
        "tm": [
          [
            0.2553,
            0.0,
            0.966863
          ],
          [
            0.0,
            1.0,
            0.0
          ],
          [
            -0.966863,
            0.0,
            0.2553
          ],
          [
            14951.7,
            164.924,
            -18776.2
          ]
        ],
        "unit_class": "dynBase_oil_storage_large_square",
        "objLayer": 2,
        "props": {
          "army": 1,
          "active": false
        }
      },
      {
        "name": "bdt_t1_bomb_object_11",
        "tm": [
          [
            -0.75936,
            0.0,
            0.650672
          ],
          [
            0.0,
            1.0,
            0.0
          ],
          [
            -0.650672,
            0.0,
            -0.75936
          ],
          [
            49875.2,
            71.15,
            -29834.7
          ]
        ],
        "unit_class": "dynBase_oil_storage_large_square",
        "objLayer": 2,
        "props": {
          "army": 1,
          "active": false
        }
      },
      {
        "name": "bdt_t1_bomb_object_12",
        "tm": [
          [
            -0.75936,
            0.0,
            0.650672
          ],
          [
            0.0,
            1.0,
            0.0
          ],
          [
            -0.650672,
            0.0,
            -0.75936
          ],
          [
            50663.8,
            71.169,
            -39087.6
          ]
        ],
        "unit_class": "dynBase_ammunition_camp_square",
        "objLayer": 2,
        "props": {
          "army": 1,
          "active": false
        }
      },
      {
        "name": "bdt_t1_bomb_object_13",
        "tm": [
          [
            -0.75936,
            0.0,
            0.650672
          ],
          [
            0.0,
            1.0,
            0.0
          ],
          [
            -0.650672,
            0.0,
            -0.75936
          ],
          [
            36119.3,
            84.669,
            -39109.2
          ]
        ],
        "unit_class": "dynBase_ammunition_camp_square",
        "objLayer": 2,
        "props": {
          "army": 1,
          "active": false
        }
      },
      {
        "name": "bdt_t1_bomb_object_14",
        "tm": [
          [
            -0.75936,
            0.0,
            0.650672
          ],
          [
            0.0,
            1.0,
            0.0
          ],
          [
            -0.650672,
            0.0,
            -0.75936
          ],
          [
            27886.3,
            111.069,
            -41075.6
          ]
        ],
        "unit_class": "dynBase_ammunition_camp_square",
        "objLayer": 2,
        "props": {
          "army": 1,
          "active": false
        }
      },
      {
        "name": "bdt_t1_bomb_object_15",
        "tm": [
          [
            -0.75936,
            0.0,
            0.650672
          ],
          [
            0.0,
            1.0,
            0.0
          ],
          [
            -0.650672,
            0.0,
            -0.75936
          ],
          [
            26745.3,
            83.069,
            -29494.5
          ]
        ],
        "unit_class": "dynBase_small_factory_square",
        "objLayer": 2,
        "props": {
          "army": 1,
          "active": false
        }
      },
      {
        "name": "bdt_t1_bomb_object_16",
        "tm": [
          [
            -0.759359,
            0.0,
            0.65067
          ],
          [
            0.0,
            1.0,
            0.0
          ],
          [
            -0.65067,
            0.0,
            -0.759359
          ],
          [
            -34115.8,
            39.2,
            -33599.6
          ]
        ],
        "unit_class": "dynBase_small_factory_square",
        "objLayer": 2,
        "props": {
          "army": 1,
          "active": false
        }
      },
      {
        "name": "bdt_t1_bomb_object_17",
        "tm": [
          [
            -0.759359,
            0.0,
            0.65067
          ],
          [
            0.0,
            1.0,
            0.0
          ],
          [
            -0.65067,
            0.0,
            -0.759359
          ],
          [
            -43389.6,
            58.45,
            -38251.6
          ]
        ],
        "unit_class": "dynBase_ammunition_camp_square",
        "objLayer": 2,
        "props": {
          "army": 1,
          "active": false
        }
      },
      {
        "name": "bdt_t1_bomb_object_18",
        "tm": [
          [
            -0.759359,
            0.0,
            0.65067
          ],
          [
            0.0,
            1.0,
            0.0
          ],
          [
            -0.65067,
            0.0,
            -0.759359
          ],
          [
            -52149.9,
            58.45,
            -32688.9
          ]
        ],
        "unit_class": "dynBase_small_factory_square",
        "objLayer": 2,
        "props": {
          "army": 1,
          "active": false
        }
      },
      {
        "name": "bdt_t1_bomb_object_19",
        "tm": [
          [
            -0.992526,
            0.0,
            -0.122035
          ],
          [
            0.0,
            1.0,
            0.0
          ],
          [
            0.122035,
            0.0,
            -0.992526
          ],
          [
            -28969.4,
            71.9,
            -49537.7
          ]
        ],
        "unit_class": "dynBase_oil_storage_large_square",
        "objLayer": 2,
        "props": {
          "army": 1,
          "active": false
        }
      },
      {
        "name": "bdt_t1_bomb_object_20",
        "tm": [
          [
            -0.992526,
            0.0,
            -0.122035
          ],
          [
            0.0,
            1.0,
            0.0
          ],
          [
            0.122035,
            0.0,
            -0.992526
          ],
          [
            -57421.6,
            115.75,
            -50933.4
          ]
        ],
        "unit_class": "dynBase_ammunition_camp_square",
        "objLayer": 2,
        "props": {
          "army": 1,
          "active": false
        }
      },
      {
        "name": "bdt_t2_bomb_object_11",
        "tm": [
          [
            -0.667934,
            0.0,
            0.744221
          ],
          [
            0.0,
            1.0,
            0.0
          ],
          [
            -0.744221,
            0.0,
            -0.667934
          ],
          [
            -33535.6,
            91.95,
            46324.9
          ]
        ],
        "unit_class": "dynBase_ammunition_camp_square",
        "objLayer": 2,
        "props": {
          "army": 2,
          "active": false
        }
      },
      {
        "name": "bdt_t2_bomb_object_12",
        "tm": [
          [
            -0.667934,
            0.0,
            0.744221
          ],
          [
            0.0,
            1.0,
            0.0
          ],
          [
            -0.744221,
            0.0,
            -0.667934
          ],
          [
            -52183.0,
            86.6,
            47659.4
          ]
        ],
        "unit_class": "dynBase_oil_storage_large_square",
        "objLayer": 2,
        "props": {
          "army": 2,
          "active": false
        }
      },
      {
        "name": "bdt_t2_bomb_object_13",
        "tm": [
          [
            -0.667934,
            0.0,
            0.744221
          ],
          [
            0.0,
            1.0,
            0.0
          ],
          [
            -0.744221,
            0.0,
            -0.667934
          ],
          [
            -40438.6,
            57.6,
            49746.2
          ]
        ],
        "unit_class": "dynBase_ammunition_camp_square",
        "objLayer": 2,
        "props": {
          "army": 2,
          "active": false
        }
      },
      {
        "name": "bdt_t2_bomb_object_14",
        "tm": [
          [
            -0.667934,
            0.0,
            0.744221
          ],
          [
            0.0,
            1.0,
            0.0
          ],
          [
            -0.744221,
            0.0,
            -0.667934
          ],
          [
            39494.8,
            57.617,
            19812.4
          ]
        ],
        "unit_class": "dynBase_oil_storage_large_square",
        "objLayer": 2,
        "props": {
          "army": 2,
          "active": false
        }
      },
      {
        "name": "bdt_t2_bomb_object_15",
        "tm": [
          [
            -0.667934,
            0.0,
            0.744221
          ],
          [
            0.0,
            1.0,
            0.0
          ],
          [
            -0.744221,
            0.0,
            -0.667934
          ],
          [
            51892.9,
            57.6,
            5129.35
          ]
        ],
        "unit_class": "dynBase_oil_storage_large_square",
        "objLayer": 2,
        "props": {
          "army": 2,
          "active": false
        }
      },
      {
        "name": "bdt_t2_bomb_object_16",
        "tm": [
          [
            -0.667934,
            0.0,
            0.744221
          ],
          [
            0.0,
            1.0,
            0.0
          ],
          [
            -0.744221,
            0.0,
            -0.667934
          ],
          [
            55935.9,
            57.617,
            -4557.6
          ]
        ],
        "unit_class": "dynBase_small_factory_square",
        "objLayer": 2,
        "props": {
          "army": 2,
          "active": false
        }
      },
      {
        "name": "bdt_t2_bomb_object_17",
        "tm": [
          [
            -0.667934,
            0.0,
            0.744221
          ],
          [
            0.0,
            1.0,
            0.0
          ],
          [
            -0.744221,
            0.0,
            -0.667934
          ],
          [
            46827.3,
            57.617,
            1663.5
          ]
        ],
        "unit_class": "dynBase_ammunition_camp_square",
        "objLayer": 2,
        "props": {
          "army": 2,
          "active": false
        }
      },
      {
        "name": "bdt_t2_bomb_object_18",
        "tm": [
          [
            -0.667934,
            0.0,
            0.744221
          ],
          [
            0.0,
            1.0,
            0.0
          ],
          [
            -0.744221,
            0.0,
            -0.667934
          ],
          [
            30331.7,
            57.617,
            16779.9
          ]
        ],
        "unit_class": "dynBase_ammunition_camp_square",
        "objLayer": 2,
        "props": {
          "army": 2,
          "active": false
        }
      },
      {
        "name": "bdt_t2_bomb_object_19",
        "tm": [
          [
            -0.667934,
            0.0,
            0.744221
          ],
          [
            0.0,
            1.0,
            0.0
          ],
          [
            -0.744221,
            0.0,
            -0.667934
          ],
          [
            -24080.6,
            57.617,
            50541.8
          ]
        ],
        "unit_class": "dynBase_ammunition_camp_square",
        "objLayer": 2,
        "props": {
          "army": 2,
          "active": false
        }
      },
      {
        "name": "bdt_t2_bomb_object_20",
        "tm": [
          [
            -0.667934,
            0.0,
            0.744221
          ],
          [
            0.0,
            1.0,
            0.0
          ],
          [
            -0.744221,
            0.0,
            -0.667934
          ],
          [
            -58339.5,
            130.617,
            30757.0
          ]
        ],
        "unit_class": "dynBase_small_factory_square",
        "objLayer": 2,
        "props": {
          "army": 2,
          "active": false
        }
      }
    ],
    "armada": {
      "name": "bdt_armada",
      "tm": [
        [
          -0.206338,
          0.0,
          0.978481
        ],
        [
          0.0,
          1.0,
          0.0
        ],
        [
          -0.978481,
          0.0,
          -0.206338
        ],
        [
          4387.1,
          1714.08,
          -804.062
        ]
      ],
      "unit_class": "b-17g",
      "objLayer": 1,
      "closed_waypoints": false,
      "isShipSpline": false,
      "shipTurnRadius": 100.0,
      "weapons": "B17G_8x1000lbs",
      "bullets0": "",
      "bullets1": "",
      "bullets2": "",
      "bullets3": "",
      "bulletsCount0": 0,
      "bulletsCount1": 0,
      "bulletsCount2": 0,
      "bulletsCount3": 0,
      "crewSkillK": 0.0,
      "applyAllMods": false,
      "props": {
        "army": 2,
        "count": 1,
        "free_distance": 70.0,
        "floating_distance": 50.0,
        "minimum_distance_to_earth": 20.0,
        "altLimit": 6000.0,
        "attack_type": "fire_at_will",
        "skill": 4,
        "plane": {
          "wing_formation": "Diamond",
          "row_distances": 3.0,
          "col_distances": 3.0,
          "super_formation": "Diamond",
          "super_row_distances": 1.5,
          "super_col_distances": 1.5,
          "ai_skill": "NORMAL",
          "task": "FLY_WAYPOINT"
        }
      },
      "way": {}
    }
  },
  "areas": {
    "bdt_t1_bomb_zone_01": {
      "type": "Sphere",
      "tm": [
        [
          -349.881,
          0.0,
          357.189
        ],
        [
          0.0,
          500.0,
          0.0
        ],
        [
          -357.189,
          0.0,
          -349.881
        ],
        [
          30286.5,
          71.0735,
          -21022.9
        ]
      ],
      "objLayer": 0,
      "props": {}
    },
    "bdt_t1_bomb_zone_02": {
      "type": "Sphere",
      "tm": [
        [
          -103.168,
          0.0,
          489.24
        ],
        [
          0.0,
          500.0,
          0.0
        ],
        [
          -489.24,
          0.0,
          -103.168
        ],
        [
          24173.1,
          71.8063,
          -37275.8
        ]
      ],
      "objLayer": 0,
      "props": {}
    },
    "bdt_t1_bomb_zone_03": {
      "type": "Sphere",
      "tm": [
        [
          -365.127,
          0.0,
          341.587
        ],
        [
          0.0,
          500.0,
          0.0
        ],
        [
          -341.587,
          0.0,
          -365.127
        ],
        [
          3224.59,
          24.012,
          -45065.4
        ]
      ],
      "objLayer": 0,
      "props": {}
    },
    "bdt_t1_bomb_zone_04": {
      "type": "Sphere",
      "tm": [
        [
          -103.168,
          0.0,
          489.24
        ],
        [
          0.0,
          500.0,
          0.0
        ],
        [
          -489.24,
          0.0,
          -103.168
        ],
        [
          10312.0,
          74.8099,
          -29522.9
        ]
      ],
      "objLayer": 0,
      "props": {}
    },
    "bdt_t1_bomb_zone_05": {
      "type": "Sphere",
      "tm": [
        [
          -475.554,
          0.0,
          154.429
        ],
        [
          0.0,
          500.0,
          0.0
        ],
        [
          -154.429,
          0.0,
          -475.554
        ],
        [
          -19788.0,
          59.9855,
          -45852.8
        ]
      ],
      "objLayer": 0,
      "props": {}
    },
    "bdt_t1_bomb_zone_06": {
      "type": "Sphere",
      "tm": [
        [
          -333.202,
          0.0,
          372.794
        ],
        [
          0.0,
          500.0,
          0.0
        ],
        [
          -372.794,
          0.0,
          -333.202
        ],
        [
          -7683.66,
          48.0269,
          -10812.1
        ]
      ],
      "objLayer": 0,
      "props": {}
    },
    "bdt_t1_bomb_zone_07": {
      "type": "Sphere",
      "tm": [
        [
          -103.168,
          0.0,
          489.24
        ],
        [
          0.0,
          500.0,
          0.0
        ],
        [
          -489.24,
          0.0,
          -103.168
        ],
        [
          -27288.5,
          39.248,
          -18420.5
        ]
      ],
      "objLayer": 0,
      "props": {}
    },
    "bdt_t1_bomb_zone_08": {
      "type": "Sphere",
      "tm": [
        [
          -301.727,
          0.0,
          398.698
        ],
        [
          0.0,
          500.0,
          0.0
        ],
        [
          -398.698,
          0.0,
          -301.727
        ],
        [
          -45272.0,
          25.83,
          -18209.2
        ]
      ],
      "objLayer": 0,
      "props": {}
    },
    "bdt_t2_bomb_zone_01": {
      "type": "Sphere",
      "tm": [
        [
          125.175,
          0.0,
          484.077
        ],
        [
          0.0,
          500.0,
          0.0
        ],
        [
          -484.077,
          0.0,
          125.175
        ],
        [
          35514.9,
          42.0914,
          11369.0
        ]
      ],
      "objLayer": 0,
      "props": {}
    },
    "bdt_t2_bomb_zone_02": {
      "type": "Sphere",
      "tm": [
        [
          -29.205,
          0.0,
          499.146
        ],
        [
          0.0,
          500.0,
          0.0
        ],
        [
          -499.146,
          0.0,
          -29.205
        ],
        [
          -32874.9,
          76.1694,
          19885.2
        ]
      ],
      "objLayer": 0,
      "props": {}
    },
    "bdt_t2_bomb_zone_03": {
      "type": "Sphere",
      "tm": [
        [
          -81.73,
          0.0,
          493.275
        ],
        [
          0.0,
          500.0,
          0.0
        ],
        [
          -493.275,
          0.0,
          -81.73
        ],
        [
          19909.8,
          60.5015,
          6691.51
        ]
      ],
      "objLayer": 0,
      "props": {}
    },
    "bdt_t2_bomb_zone_04": {
      "type": "Sphere",
      "tm": [
        [
          196.106,
          0.0,
          459.937
        ],
        [
          0.0,
          500.0,
          0.0
        ],
        [
          -459.937,
          0.0,
          196.106
        ],
        [
          22889.3,
          58.9749,
          21005.3
        ]
      ],
      "objLayer": 0,
      "props": {}
    },
    "bdt_t2_bomb_zone_05": {
      "type": "Sphere",
      "tm": [
        [
          254.462,
          0.0,
          430.406
        ],
        [
          0.0,
          500.0,
          0.0
        ],
        [
          -430.406,
          0.0,
          254.462
        ],
        [
          -16568.6,
          35.2822,
          40970.2
        ]
      ],
      "objLayer": 0,
      "props": {}
    },
    "bdt_t2_bomb_zone_06": {
      "type": "Sphere",
      "tm": [
        [
          -114.966,
          0.0,
          486.603
        ],
        [
          0.0,
          500.0,
          0.0
        ],
        [
          -486.603,
          0.0,
          -114.966
        ],
        [
          -50631.6,
          -0.361607,
          27787.9
        ]
      ],
      "objLayer": 0,
      "props": {}
    },
    "bdt_t2_bomb_zone_07": {
      "type": "Sphere",
      "tm": [
        [
          -103.168,
          0.0,
          489.24
        ],
        [
          0.0,
          500.0,
          0.0
        ],
        [
          -489.24,
          0.0,
          -103.168
        ],
        [
          -26208.9,
          55.833,
          46018.6
        ]
      ],
      "objLayer": 0,
      "props": {}
    },
    "bdt_t2_bomb_zone_08": {
      "type": "Sphere",
      "tm": [
        [
          -103.168,
          0.0,
          489.24
        ],
        [
          0.0,
          500.0,
          0.0
        ],
        [
          -489.24,
          0.0,
          -103.168
        ],
        [
          4398.16,
          47.7694,
          14322.5
        ]
      ],
      "objLayer": 0,
      "props": {}
    },
    "bdt_t2_bomb_zone_09": {
      "type": "Sphere",
      "tm": [
        [
          26.9722,
          0.0,
          499.272
        ],
        [
          0.0,
          500.0,
          0.0
        ],
        [
          -499.272,
          0.0,
          26.9722
        ],
        [
          31808.7,
          43.5679,
          5727.88
        ]
      ],
      "objLayer": 0,
      "props": {}
    },
    "bdt_t2_bomb_zone_10": {
      "type": "Sphere",
      "tm": [
        [
          -103.168,
          0.0,
          489.24
