{
  "selected_tag": "",
  "bin_dump_file": "",
  "mission_settings": {
    "player": {
      "army": 1,
      "wing": ""
    },
    "player_teamB": {
      "army": 2
    },
    "mission": {
      "level": "levels/water.bin",
      "type": "singleMission",
      "restoreType": "attempts",
      "optionalTakeOff": false,
      "environment": "Day",
      "weather": "hazy"
    },
    "spectator_points": []
  },
  "imports": [],
  "triggers": {
    "isCategory": true,
    "is_enabled": true,
    "flt_art_part_init": {
      "is_enabled": true,
      "comments": "",
      "props": {
        "actionsType": "PERFORM_ONE_BY_ONE",
        "conditionsType": "ALL",
        "enableAfterComplete": false
      },
      "events": {
        "initMission": []
      },
      "conditions": [],
      "actions": {
        "varSetInt": {
          "value": 50,
          "var": "flt_art_spots_num"
        }
      },
      "else_actions": []
    }
  },
  "mission_objectives": {
    "isCategory": true,
    "is_enabled": true
  },
  "variables": [],
  "dialogs": [],
  "airfields": [],
  "effects": [],
  "units": [],
  "areas": {
    "flt_art_spot_01": {
      "type": "Point",
      "tm": [
        [-0.707107,0.0,0.707107],
        [0.0,1.0,0.0],
        [-0.707107,0.0,-0.707107],
        [-2852.9,-5.09885,-5325.35]
      ],
      "objLayer": 0,
      "props": []
    },
    "flt_art_spot_02": {
      "type": "Point",
      "tm": [
        [-0.707107,0.0,0.707107],
        [0.0,1.0,0.0],
        [-0.707107,0.0,-0.707107],
        [-2365.35,0.911385,-4613.7]
      ],
      "objLayer": 0,
      "props": []
    },
    "flt_art_spot_03": {
      "type": "Point",
      "tm": [
        [-0.707107,0.0,0.707107],
        [0.0,1.0,0.0],
        [-0.707107,0.0,-0.707107],
        [-1725.75,-4.83145,-4053.45]
      ],
      "objLayer": 0,
      "props": []
    },
    "flt_art_spot_04": {
      "type": "Point",
      "tm": [
        [-0.707107,0.0,0.707107],
        [0.0,1.0,0.0],
        [-0.707107,0.0,-0.707107],
        [932.3,77.2243,2789.0]
      ],
      "objLayer": 0,
      "props": []
    },
    "flt_art_spot_05": {
      "type": "Point",
      "tm": [
        [-0.707107,0.0,0.707107],
        [0.0,1.0,0.0],
        [-0.707107,0.0,-0.707107],
        [-1213.3,-5.2979,-3261.95]
      ],
      "objLayer": 0,
      "props": []
    },
    "flt_art_spot_06": {
      "type": "Point",
      "tm": [
        [-0.707107,0.0,0.707107],
        [0.0,1.0,0.0],
        [-0.707107,0.0,-0.707107],
        [-1859.95,47.5654,-2529.8]
      ],
      "objLayer": 0,
      "props": []
    },
    "flt_art_spot_07": {
      "type": "Point",
      "tm": [
        [-0.707107,0.0,0.707107],
        [0.0,1.0,0.0],
        [-0.707107,0.0,-0.707107],
        [-2266.35,55.7909,-3296.85]
      ],
      "objLayer": 0,
      "props": []
    },
    "flt_art_spot_08": {
      "type": "Point",
      "tm": [
        [-0.707107,0.0,0.707107],
        [0.0,1.0,0.0],
        [-0.707107,0.0,-0.707107],
        [-3387.35,20.6822,-4825.65]
      ],
      "objLayer": 0,
      "props": []
    },
    "flt_art_spot_09": {
      "type": "Point",
      "tm": [
        [-0.707107,0.0,0.707107],
        [0.0,1.0,0.0],
        [-0.707107,0.0,-0.707107],
        [-4547.55,5.30575,-6052.85]
      ],
      "objLayer": 0,
      "props": []
    },
    "flt_art_spot_10": {
      "type": "Point",
      "tm": [
        [-0.707107,0.0,0.707107],
        [0.0,1.0,0.0],
        [-0.707107,0.0,-0.707107],
        [-5526.8,35.3444,-6784.6]
      ],
      "objLayer": 0,
      "props": []
    },
    "flt_art_spot_11": {
      "type": "Point",
      "tm": [
        [-0.707107,0.0,0.707107],
        [0.0,1.0,0.0],
        [-0.707107,0.0,-0.707107],
        [-6822.2,-5.69469,-8660.05]
      ],
      "objLayer": 0,
      "props": []
    },
    "flt_art_spot_12": {
      "type": "Point",
      "tm": [
        [-0.707107,0.0,0.707107],
        [0.0,1.0,0.0],
        [-0.707107,0.0,-0.707107],
        [-6510.8,58.1851,-7135.25]
      ],
      "objLayer": 0,
      "props": []
    },
    "flt_art_spot_13": {
      "type": "Point",
      "tm": [
        [-0.707107,0.0,0.707107],
        [0.0,1.0,0.0],
        [-0.707107,0.0,-0.707107],
        [-5772.95,33.9924,-5866.05]
      ],
      "objLayer": 0,
      "props": []
    },
    "flt_art_spot_14": {
      "type": "Point",
      "tm": [
        [-0.707107,0.0,0.707107],
        [0.0,1.0,0.0],
        [-0.707107,0.0,-0.707107],
        [-5130.2,-4.43049,-5490.15]
      ],
      "objLayer": 0,
      "props": []
    },
    "flt_art_spot_15": {
      "type": "Point",
      "tm": [
        [-0.707107,0.0,0.707107],
        [0.0,1.0,0.0],
        [-0.707107,0.0,-0.707107],
        [-4530.75,10.0615,-4553.65]
      ],
      "objLayer": 0,
      "props": []
    },
    "flt_art_spot_16": {
      "type": "Point",
      "tm": [
        [-0.707107,0.0,0.707107],
        [0.0,1.0,0.0],
        [-0.707107,0.0,-0.707107],
        [-3922.6,76.8626,-3849.05]
      ],
      "objLayer": 0,
      "props": []
    },
    "flt_art_spot_17": {
      "type": "Point",
      "tm": [
        [-0.707107,0.0,0.707107],
        [0.0,1.0,0.0],
        [-0.707107,0.0,-0.707107],
        [-3435.5,134.5,-2350.95]
      ],
      "objLayer": 0,
      "props": []
    },
    "flt_art_spot_18": {
      "type": "Point",
      "tm": [
        [-0.707107,0.0,0.707107],
        [0.0,1.0,0.0],
        [-0.707107,0.0,-0.707107],
        [-1855.1,82.5617,-1545.4]
      ],
      "objLayer": 0,
      "props": []
    },
    "flt_art_spot_19": {
      "type": "Point",
      "tm": [
        [-0.707107,0.0,0.707107],
        [0.0,1.0,0.0],
        [-0.707107,0.0,-0.707107],
        [-1235.6,104.674,-396.05]
      ],
      "objLayer": 0,
      "props": []
    },
    "flt_art_spot_20": {
      "type": "Point",
      "tm": [
        [-0.707107,0.0,0.707107],
        [0.0,1.0,0.0],
        [-0.707107,0.0,-0.707107],
        [-759.95,57.634,613.2]
      ],
      "objLayer": 0,
      "props": []
    },
    "flt_art_spot_21": {
      "type": "Point",
      "tm": [
        [-0.707107,0.0,0.707107],
        [0.0,1.0,0.0],
        [-0.707107,0.0,-0.707107],
        [394.1,85.1879,2321.05]
      ],
      "objLayer": 0,
      "props": []
    },
    "flt_art_spot_22": {
      "type": "Point",
      "tm": [
        [-0.707107,0.0,0.707107],
        [0.0,1.0,0.0],
        [-0.707107,0.0,-0.707107],
        [-535.7,-2.06304,-1869.7]
      ],
      "objLayer": 0,
      "props": []
    },
    "flt_art_spot_23": {
      "type": "Point",
      "tm": [
        [-0.707107,0.0,0.707107],
        [0.0,1.0,0.0],
        [-0.707107,0.0,-0.707107],
        [-1013.65,82.5969,-1085.5]
      ],
      "objLayer": 0,
      "props": []
    },
    "flt_art_spot_24": {
      "type": "Point",
      "tm": [
        [-0.707107,0.0,0.707107],
        [0.0,1.0,0.0],
        [-0.707107,0.0,-0.707107],
        [-781.75,62.6,-507.25]
      ],
      "objLayer": 0,
      "props": []
    },
    "flt_art_spot_25": {
      "type": "Point",
      "tm": [
        [-0.707107,0.0,0.707107],
        [0.0,1.0,0.0],
        [-0.707107,0.0,-0.707107],
        [-184.75,43.434,302.75]
      ],
      "objLayer": 0,
      "props": []
    },
    "flt_art_spot_26": {
      "type": "Point",
      "tm": [
        [-0.707107,0.0,0.707107],
        [0.0,1.0,0.0],
        [-0.707107,0.0,-0.707107],
        [811.55,37.9489,1226.0]
      ],
      "objLayer": 0,
      "props": []
    },
    "flt_art_spot_27": {
      "type": "Point",
      "tm": [
        [-0.707107,0.0,0.707107],
        [0.0,1.0,0.0],
        [-0.707107,0.0,-0.707107],
        [174.25,73.9359,1647.6]
      ],
      "objLayer": 0,
      "props": []
    },
    "flt_art_spot_28": {
      "type": "Point",
      "tm": [
        [-0.707107,0.0,0.707107],
        [0.0,1.0,0.0],
        [-0.707107,0.0,-0.707107],
        [411.85,80.7286,2041.05]
      ],
      "objLayer": 0,
      "props": []
    },
    "flt_art_spot_29": {
      "type": "Point",
      "tm": [
        [-0.707107,0.0,0.707107],
        [0.0,1.0,0.0],
        [-0.707107,0.0,-0.707107],
        [874.4,44.6,1814.5]
      ],
      "objLayer": 0,
      "props": []
    },
    "flt_art_spot_30": {
      "type": "Point",
      "tm": [
        [-0.707107,0.0,0.707107],
        [0.0,1.0,0.0],
        [-0.707107,0.0,-0.707107],
        [1873.4,40.6392,2826.6]
      ],
      "objLayer": 0,
      "props": []
    },
    "flt_art_spot_31": {
      "type": "Point",
      "tm": [
        [-0.707107,0.0,0.707107],
        [0.0,1.0,0.0],
        [-0.707107,0.0,-0.707107],
        [1423.95,40.65,1886.35]
      ],
      "objLayer": 0,
      "props": []
    },
    "flt_art_spot_32": {
      "type": "Point",
      "tm": [
        [-0.707107,0.0,0.707107],
        [0.0,1.0,0.0],
        [-0.707107,0.0,-0.707107],
        [1078.15,55.7,2237.45]
      ],
      "objLayer": 0,
      "props": []
    },
    "flt_art_spot_33": {
      "type": "Point",
      "tm": [
        [-0.707107,0.0,0.707107],
        [0.0,1.0,0.0],
        [-0.707107,0.0,-0.707107],
        [774.85,55.7,462.45]
      ],
      "objLayer": 0,
      "props": []
    },
    "flt_art_spot_34": {
      "type": "Point",
      "tm": [
        [-0.707107,0.0,0.707107],
        [0.0,1.0,0.0],
        [-0.707107,0.0,-0.707107],
        [-140.1,94.85,1440.35]
      ],
      "objLayer": 0,
      "props": []
    },
    "flt_art_spot_35": {
      "type": "Point",
      "tm": [
        [-0.707107,0.0,0.707107],
        [0.0,1.0,0.0],
        [-0.707107,0.0,-0.707107],
        [161.55,2.05,-772.25]
      ],
      "objLayer": 0,
      "props": []
    },
    "flt_art_spot_36": {
      "type": "Point",
      "tm": [
        [-0.707107,0.0,0.707107],
        [0.0,1.0,0.0],
        [-0.707107,0.0,-0.707107],
        [137.95,8.75,-379.3]
      ],
      "objLayer": 0,
      "props": []
    },
    "flt_art_spot_37": {
      "type": "Point",
      "tm": [
        [-0.707107,0.0,0.707107],
        [0.0,1.0,0.0],
        [-0.707107,0.0,-0.707107],
        [-268.65,45.0,-112.9]
      ],
      "objLayer": 0,
      "props": []
    },
    "flt_art_spot_38": {
      "type": "Point",
      "tm": [
        [-0.707107,0.0,0.707107],
        [0.0,1.0,0.0],
        [-0.707107,0.0,-0.707107],
        [-176.7,45.0,-981.3]
      ],
      "objLayer": 0,
      "props": []
    },
    "flt_art_spot_39": {
      "type": "Point",
      "tm": [
        [-0.707107,0.0,0.707107],
        [0.0,1.0,0.0],
        [-0.707107,0.0,-0.707107],
        [-1346.9,108.65,-1645.8]
      ],
      "objLayer": 0,
      "props": []
    },
    "flt_art_spot_40": {
      "type": "Point",
      "tm": [
        [-0.707107,0.0,0.707107],
        [0.0,1.0,0.0],
        [-0.707107,0.0,-0.707107],
        [-339.95,54.2,558.3]
      ],
      "objLayer": 0,
      "props": []
    },
    "flt_art_spot_41": {
      "type": "Point",
      "tm": [
        [-0.707107,0.0,0.707107],
        [0.0,1.0,0.0],
        [-0.707107,0.0,-0.707107],
        [5066.4,119.05,21722.0]
      ],
      "objLayer": 0,
      "props": []
    },
    "flt_art_spot_42": {
      "type": "Point",
      "tm": [
        [-0.707107,0.0,0.707107],
        [0.0,1.0,0.0],
        [-0.707107,0.0,-0.707107],
        [4794.95,119.05,22301.5]
      ],
      "objLayer": 0,
      "props": []
    },
    "flt_art_spot_43": {
      "type": "Point",
      "tm": [
        [-0.707107,0.0,0.707107],
        [0.0,1.0,0.0],
        [-0.707107,0.0,-0.707107],
        [4932.45,119.05,22557.8]
      ],
      "objLayer": 0,
      "props": []
    },
    "flt_art_spot_44": {
      "type": "Point",
      "tm": [
        [-0.707107,0.0,0.707107],
        [0.0,1.0,0.0],
        [-0.707107,0.0,-0.707107],
        [5178.9,188.0,20577.2]
      ],
      "objLayer": 0,
      "props": []
    },
    "flt_art_spot_45": {
      "type": "Point",
      "tm": [
        [-0.707107,0.0,0.707107],
        [0.0,1.0,0.0],
        [-0.707107,0.0,-0.707107],
        [8005.0,188.0,20641.1]
      ],
      "objLayer": 0,
      "props": []
    },
    "flt_art_spot_46": {
      "type": "Point",
      "tm": [
        [-0.707107,0.0,0.707107],
        [0.0,1.0,0.0],
        [-0.707107,0.0,-0.707107],
        [8178.35,188.0,21369.0]
      ],
      "objLayer": 0,
      "props": []
    },
    "flt_art_spot_47": {
      "type": "Point",
      "tm": [
        [-0.707107,0.0,0.707107],
        [0.0,1.0,0.0],
        [-0.707107,0.0,-0.707107],
        [7589.2,188.0,22099.1]
      ],
      "objLayer": 0,
      "props": []
    },
    "flt_art_spot_48": {
      "type": "Point",
      "tm": [
        [-0.707107,0.0,0.707107],
        [0.0,1.0,0.0],
        [-0.707107,0.0,-0.707107],
        [7616.1,188.0,21318.4]
      ],
      "objLayer": 0,
      "props": []
    },
    "flt_art_spot_49": {
      "type": "Point",
      "tm": [
        [-0.707107,0.0,0.707107],
        [0.0,1.0,0.0],
        [-0.707107,0.0,-0.707107],
        [7249.15,188.0,20602.0]
      ],
      "objLayer": 0,
      "props": []
    },
    "flt_art_spot_50": {
      "type": "Point",
      "tm": [
        [-0.707107,0.0,0.707107],
        [0.0,1.0,0.0],
        [-0.707107,0.0,-0.707107],
        [6290.8,188.0,22539.6]
      ],
      "objLayer": 0,
      "props": []
    },
    "flt_art_spot_51": {
      "type": "Point",
      "tm": [
        [-0.707107,0.0,0.707107],
        [0.0,1.0,0.0],
        [-0.707107,0.0,-0.707107],
        [2557.95,-7.0,2032.25]
      ],
      "objLayer": 0,
      "props": []
    },
    "flt_art_spot_52": {
      "type": "Point",
      "tm": [
        [-0.707107,0.0,0.707107],
        [0.0,1.0,0.0],
        [-0.707107,0.0,-0.707107],
        [642.7,98.35,3309.45]
      ],
      "objLayer": 0,
      "props": []
    },
    "flt_art_spot_53": {
      "type": "Point",
      "tm": [
        [-0.707107,0.0,0.707107],
        [0.0,1.0,0.0],
        [-0.707107,0.0,-0.707107],
        [203.95,92.2092,2813.95]
      ],
      "objLayer": 0,
      "props": []
    },
    "flt_art_spot_54": {
      "type": "Point",
      "tm": [
        [-0.707107,0.0,0.707107],
        [0.0,1.0,0.0],
        [-0.707107,0.0,-0.707107],
        [-325.4,99.6501,2403.45]
      ],
      "objLayer": 0,
      "props": []
    },
    "flt_art_spot_55": {
      "type": "Point",
      "tm": [
        [-0.707107,0.0,0.707107],
        [0.0,1.0,0.0],
        [-0.707107,0.0,-0.707107],
        [-734.75,87.6924,1099.05]
      ],
      "objLayer": 0,
      "props": []
    },
    "flt_art_spot_56": {
      "type": "Point",
      "tm": [
        [-0.707107,0.0,0.707107],
        [0.0,1.0,0.0],
        [-0.707107,0.0,-0.707107],
        [-1342.75,77.3,504.9]
      ],
      "objLayer": 0,
      "props": []
    },
    "flt_art_spot_57": {
      "type": "Point",
      "tm": [
        [-0.707107,0.0,0.707107],
        [0.0,1.0,0.0],
        [-0.707107,0.0,-0.707107],
        [-1427.2,86.5,380.5]
      ],
      "objLayer": 0,
      "props": []
    },
    "flt_art_spot_58": {
      "type": "Point",
      "tm": [
        [-0.707107,0.0,0.707107],
        [0.0,1.0,0.0],
        [-0.707107,0.0,-0.707107],
        [-1689.65,146.7,-903.8]
      ],
      "objLayer": 0,
      "props": []
    },
    "flt_art_spot_59": {
      "type": "Point",
      "tm": [
        [-0.707107,0.0,0.707107],
        [0.0,1.0,0.0],
        [-0.707107,0.0,-0.707107],
        [-1890.85,61.0,-1946.1]
      ],
      "objLayer": 0,
      "props": []
    },
    "flt_art_spot_60": {
      "type": "Point",
      "tm": [
        [-0.707107,0.0,0.707107],
        [0.0,1.0,0.0],
        [-0.707107,0.0,-0.707107],
        [-5352.05,176.809,-941.35]
      ],
      "objLayer": 0,
      "props": []
    },
    "flt_art_spot_61": {
      "type": "Point",
      "tm": [
        [-0.707107,0.0,0.707107],
        [0.0,1.0,0.0],
        [-0.707107,0.0,-0.707107],
        [-5155.65,176.8,-758.65]
      ],
      "objLayer": 0,
      "props": []
    },
    "flt_art_spot_62": {
      "type": "Point",
      "tm": [
        [-0.707107,0.0,0.707107],
        [0.0,1.0,0.0],
        [-0.707107,0.0,-0.707107],
        [-4925.85,176.8,-674.4]
      ],
      "objLayer": 0,
      "props": []
    },
    "flt_art_spot_63": {
      "type": "Point",
      "tm": [
        [-0.707107,0.0,0.707107],
        [0.0,1.0,0.0],
        [-0.707107,0.0,-0.707107],
        [-4680.7,176.8,-545.2]
      ],
      "objLayer": 0,
      "props": []
    },
    "flt_art_spot_64": {
      "type": "Point",
      "tm": [
        [-0.707107,0.0,0.707107],
        [0.0,1.0,0.0],
        [-0.707107,0.0,-0.707107],
        [-4459.8,176.8,-336.1]
      ],
      "objLayer": 0,
      "props": []
    },
    "flt_art_spot_65": {
      "type": "Point",
      "tm": [
        [-0.707107,0.0,0.707107],
        [0.0,1.0,0.0],
        [-0.707107,0.0,-0.707107],
        [-4103.3,157.337,806.95]
      ],
      "objLayer": 0,
      "props": []
    },
    "flt_art_spot_66": {
      "type": "Point",
      "tm": [
        [-0.707107,0.0,0.707107],
        [0.0,1.0,0.0],
        [-0.707107,0.0,-0.707107],
        [-3858.3,157.35,1031.3]
      ],
      "objLayer": 0,
      "props": []
    },
    "flt_art_spot_67": {
      "type": "Point",
      "tm": [
        [-0.707107,0.0,0.707107],
        [0.0,1.0,0.0],
        [-0.707107,0.0,-0.707107],
        [-3636.85,157.35,1257.65]
      ],
      "objLayer": 0,
      "props": []
    },
    "flt_art_spot_68": {
      "type": "Point",
      "tm": [
        [-0.707107,0.0,0.707107],
        [0.0,1.0,0.0],
        [-0.707107,0.0,-0.707107],
        [-2602.1,157.35,1812.2]
      ],
      "objLayer": 0,
      "props": []
    }
  },
  "objLayers": [
    {
      "layer": {
        "enabled": true
      }
    },
    {
      "layer": {
        "enabled": true
      }
    },
    {
      "layer": {
        "enabled": true
      }
    },
    {
      "layer": {
        "enabled": true
      }
    }
  ],
  "wayPoints": []
}