{
  "selected_tag": "",
  "bin_dump_file": "",
  "mission_settings": {
    "player": {
      "army": 1
    },
    "player_teamB": {
      "army": 2
    },
    "mission": {
      "type": "domination",
      "level": "levels/air_israel.bin",
      "environment": "Day",
      "weather": "hazy"
    }
  },
  "imports": {},
  "triggers": {
    "isCategory": true,
    "is_enabled": true,
    "static_units_small_init": {
      "is_enabled": true,
      "comments": "",
      "props": {
        "actionsType": "PERFORM_ONE_BY_ONE",
        "conditionsType": "ALL",
        "enableAfterComplete": false
      },
      "events": {
        "initMission": {}
      },
      "conditions": {},
      "actions": {
        "comment": [
          {
            "value": "static units"
          },
          {
            "value": "static aaa"
          },
          {
            "value": ""
          }
        ],
        "unitSetProperties": [
          {
            "object": [
              "t1_artillery_small_squad",
              "t1_bunkers_small_squad",
              "t2_artillery_small_squad",
              "t2_bunkers_small_squad"
            ],
            "accuracy": 0.1,
            "checkVisibilityTarget": false
          },
          {
            "object": [
              "t1_aaa_static_squad",
              "t2_aaa_static_squad"
            ],
            "targetGnd": false,
            "accuracy": 0.1,
            "airAccuracy": 0.1,
            "fireRandom": true,
            "targetChangeInterval": 5.0,
            "targetChangeProb": 0.25,
            "DelayAfterShoot": 3.0
          }
        ]
      },
      "else_actions": {}
    }
  },
  "mission_objectives": {
    "isCategory": true,
    "is_enabled": true
  },
  "variables": {},
  "dialogs": {},
  "airfields": {},
  "effects": {},
  "units": {
    "objectGroups": [
      {
        "name": "t1_trench_small_01",
        "tm": [
          [
            1.0,
            0.0,
            0.0
          ],
          [
            0.0,
            0.999235,
            -0.0390957
          ],
          [
            0.0,
            0.0390957,
            0.999235
          ],
          [
            -1861.19,
            60.377,
            -17326.7
          ]
        ],
        "unit_class": "dynTrench_small_bunker_axis",
        "objLayer": 2,
        "props": {
          "army": 1,
          "active": true
        }
      },
      {
        "name": "t1_trench_small_02",
        "tm": [
          [
            0.999217,
            0.0395814,
            0.000365641
          ],
          [
            -0.0395829,
            0.999202,
            0.00548261
          ],
          [
            -0.000148339,
            -0.00549279,
            0.999985
          ],
          [
            -5900.07,
            115.45,
            -17320.2
          ]
        ],
        "unit_class": "dynTrench_small_bunker_axis",
        "objLayer": 2,
        "props": {
          "army": 1,
          "active": true
        }
      },
      {
        "name": "t1_trench_small_03",
        "tm": [
          [
            0.999998,
            -0.00177577,
            0.000365641
          ],
          [
            0.00177374,
            0.999983,
            0.00548261
          ],
          [
            -0.00037537,
            -0.00548195,
            0.999985
          ],
          [
            -5431.73,
            112.515,
            -17390.1
          ]
        ],
        "unit_class": "dynTrench_small_bunker_axis",
        "objLayer": 2,
        "props": {
          "army": 1,
          "active": true
        }
      },
      {
        "name": "t1_trench_small_04",
        "tm": [
          [
            0.999998,
            -0.00175253,
            0.000464424
          ],
          [
            0.00177374,
            0.998723,
            -0.0504759
          ],
          [
            -0.00037537,
            0.0504766,
            0.998725
          ],
          [
            -2433.2,
            73.149,
            -17444.3
          ]
        ],
        "unit_class": "dynTrench_small_bunker_axis",
        "objLayer": 2,
        "props": {
          "army": 1,
          "active": true
        }
      },
      {
        "name": "t1_trench_small_05",
        "tm": [
          [
            0.99984,
            0.0178835,
            0.000365641
          ],
          [
            -0.0178853,
            0.999825,
            0.00548261
          ],
          [
            -0.000267528,
            -0.00548827,
            0.999985
          ],
          [
            -2876.55,
            78.399,
            -17535.3
          ]
        ],
        "unit_class": "dynTrench_small_bunker_axis",
        "objLayer": 2,
        "props": {
          "army": 1,
          "active": true
        }
      },
      {
        "name": "t2_trench_small_01",
        "tm": [
          [
            -0.972323,
            0.0099852,
            0.233428
          ],
          [
            0.0294871,
            0.996342,
            0.080206
          ],
          [
            -0.231773,
            0.0848692,
            -0.96906
          ],
          [
            -1840.6,
            86.9,
            -13078.7
          ]
        ],
        "unit_class": "dynTrench_small_bunker_axis",
        "objLayer": 2,
        "props": {
          "army": 2,
          "active": true
        }
      },
      {
        "name": "t2_trench_small_02",
        "tm": [
          [
            -0.953657,
            0.0248516,
            -0.299868
          ],
          [
            0.0265494,
            0.999647,
            -0.00158808
          ],
          [
            0.299722,
            -0.00947571,
            -0.953979
          ],
          [
            -6082.75,
            90.4,
            -13092.8
          ]
        ],
        "unit_class": "dynTrench_small_bunker_axis",
        "objLayer": 2,
        "props": {
          "army": 2,
          "active": true
        }
      },
      {
        "name": "t2_trench_small_03",
        "tm": [
          [
            -0.993024,
            0.00932524,
            0.11754
          ],
          [
            0.0106064,
            0.999891,
            0.0102796
          ],
          [
            -0.117431,
            0.0114545,
            -0.993015
          ],
          [
            -5501.4,
            113.55,
            -13070.1
          ]
        ],
        "unit_class": "dynTrench_small_bunker_axis",
        "objLayer": 2,
        "props": {
          "army": 2,
          "active": true
        }
      },
      {
        "name": "t2_trench_small_04",
        "tm": [
          [
            -0.997824,
            0.0290503,
            0.0591801
          ],
          [
            0.0321159,
            0.998155,
            0.0515256
          ],
          [
            -0.0575741,
            0.0533142,
            -0.996917
          ],
          [
            -2363.84,
            121.808,
            -13013.6
          ]
        ],
        "unit_class": "dynTrench_small_bunker_axis",
        "objLayer": 2,
        "props": {
          "army": 2,
          "active": true
        }
      },
      {
        "name": "t2_trench_small_05",
        "tm": [
          [
            -0.998011,
            0.0317975,
            0.054432
          ],
          [
            0.035536,
            0.996973,
            0.0691505
          ],
          [
            -0.0520685,
            0.0709472,
            -0.996121
          ],
          [
            -4960.48,
            114.244,
            -13009.6
          ]
        ],
        "unit_class": "dynTrench_small_bunker_axis",
        "objLayer": 2,
        "props": {
          "army": 2,
          "active": true
        }
      },
      {
        "name": "t2_trench_small_06",
        "tm": [
          [
            -0.998011,
            0.0317975,
            0.054432
          ],
          [
            0.035536,
            0.996973,
            0.0691505
          ],
          [
            -0.0520685,
            0.0709472,
            -0.996121
          ],
          [
            -2892.46,
            123.62,
            -13009.6
          ]
        ],
        "unit_class": "dynTrench_small_bunker_axis",
        "objLayer": 2,
        "props": {
          "army": 2,
          "active": true
        }
      },
      {
        "name": "t1_trench_small_06",
        "tm": [
          [
            0.999998,
            -0.00177577,
            0.000365641
          ],
          [
            0.00177374,
            0.999983,
            0.00548261
          ],
          [
            -0.00037537,
            -0.00548195,
            0.999985
          ],
          [
            -4905.9,
            114.2,
            -17390.1
          ]
        ],
        "unit_class": "dynTrench_small_bunker_axis",
        "objLayer": 2,
        "props": {
          "army": 1,
          "active": true
        }
      }
    ],
    "structures": [
      {
        "name": "t1_art_small_01",
        "tm": [
          [
            0.00976805,
            0.0390938,
            0.999188
          ],
          [
            0.0,
            0.999235,
            -0.0390957
          ],
          [
            -0.999952,
            0.000381889,
            0.00976058
          ],
          [
            -1778.42,
            66.428,
            -17298.3
          ]
        ],
        "unit_class": "ussr_quest_large_art_noground",
        "objLayer": 1,
        "closed_waypoints": false,
        "isShipSpline": false,
        "shipTurnRadius": 100.0,
        "weapons": "",
        "bullets0": "",
        "bullets1": "",
        "bullets2": "",
        "bullets3": "",
        "bulletsCount0": 0,
        "bulletsCount1": 0,
        "bulletsCount2": 0,
        "bulletsCount3": 0,
        "crewSkillK": 0.0,
        "applyAllMods": false,
        "props": {
          "army": 1,
          "count": 1,
          "formation_type": "rows",
          "formation_div": 3,
          "formation_step": [
            2.5,
            2.0
          ],
          "formation_noise": [
            0.1,
            0.1
          ]
        },
        "way": {}
      },
      {
        "name": "t1_art_small_02",
        "tm": [
          [
            0.00976805,
            0.0390938,
            0.999188
          ],
          [
            0.0,
            0.999235,
            -0.0390957
          ],
          [
            -0.999952,
            0.000381889,
            0.00976058
          ],
          [
            -1943.51,
            68.487,
            -17328.7
          ]
        ],
        "unit_class": "ussr_quest_large_art_noground",
        "objLayer": 1,
        "closed_waypoints": false,
        "isShipSpline": false,
        "shipTurnRadius": 100.0,
        "weapons": "",
        "bullets0": "",
        "bullets1": "",
        "bullets2": "",
        "bullets3": "",
        "bulletsCount0": 0,
        "bulletsCount1": 0,
        "bulletsCount2": 0,
        "bulletsCount3": 0,
        "crewSkillK": 0.0,
        "applyAllMods": false,
        "props": {
          "army": 1,
          "count": 1,
          "formation_type": "rows",
          "formation_div": 3,
          "formation_step": [
            2.5,
            2.0
          ],
          "formation_noise": [
            0.1,
            0.1
          ]
        },
        "way": {}
      },
      {
        "name": "t1_bunker_small_01",
        "tm": [
          [
            -0.0885438,
            0.0389422,
            0.99531
          ],
          [
            0.0,
            0.999235,
            -0.0390957
          ],
          [
            -0.996072,
            -0.00346168,
            -0.0884761
          ],
          [
            -1851.22,
            60.049,
            -17316.8
          ]
        ],
        "unit_class": "ussr_quest_large_art_noground",
        "objLayer": 1,
        "closed_waypoints": false,
        "isShipSpline": false,
        "shipTurnRadius": 100.0,
        "weapons": "",
        "bullets0": "",
        "bullets1": "",
        "bullets2": "",
        "bullets3": "",
        "bulletsCount0": 0,
        "bulletsCount1": 0,
        "bulletsCount2": 0,
        "bulletsCount3": 0,
        "crewSkillK": 0.0,
        "applyAllMods": false,
        "props": {
          "army": 1,
          "count": 1,
          "formation_type": "rows",
          "formation_div": 3,
          "formation_step": [
            2.5,
            2.0
          ],
          "formation_noise": [
            0.1,
            0.1
          ]
        },
        "way": {}
      },
      {
        "name": "t1_art_small_03",
        "tm": [
          [
            0.00961206,
            -0.00510589,
            0.999941
          ],
          [
            -0.0395829,
            0.999202,
            0.00548261
          ],
          [
            -0.99917,
            -0.0396332,
            0.00940228
          ],
          [
            -5817.57,
            116.15,
            -17291.5
          ]
        ],
        "unit_class": "ussr_quest_large_art_noground",
        "objLayer": 1,
        "closed_waypoints": false,
        "isShipSpline": false,
        "shipTurnRadius": 100.0,
        "weapons": "",
        "bullets0": "",
        "bullets1": "",
        "bullets2": "",
        "bullets3": "",
        "bulletsCount0": 0,
        "bulletsCount1": 0,
        "bulletsCount2": 0,
        "bulletsCount3": 0,
        "crewSkillK": 0.0,
        "applyAllMods": false,
        "props": {
          "army": 1,
          "count": 1,
          "formation_type": "rows",
          "formation_div": 3,
          "formation_step": [
            2.5,
            2.0
          ],
          "formation_noise": [
            0.1,
            0.1
          ]
        },
        "way": {}
      },
      {
        "name": "t1_art_small_04",
        "tm": [
          [
            0.00961206,
            -0.00510589,
            0.999941
          ],
          [
            -0.0395829,
            0.999202,
            0.00548261
          ],
          [
            -0.99917,
            -0.0396332,
            0.00940228
          ],
          [
            -5982.66,
            115.75,
            -17321.9
          ]
        ],
        "unit_class": "ussr_quest_large_art_noground",
        "objLayer": 1,
        "closed_waypoints": false,
        "isShipSpline": false,
        "shipTurnRadius": 100.0,
        "weapons": "",
        "bullets0": "",
        "bullets1": "",
        "bullets2": "",
        "bullets3": "",
        "bulletsCount0": 0,
        "bulletsCount1": 0,
        "bulletsCount2": 0,
        "bulletsCount3": 0,
        "crewSkillK": 0.0,
        "applyAllMods": false,
        "props": {
          "army": 1,
          "count": 1,
          "formation_type": "rows",
          "formation_div": 3,
          "formation_step": [
            2.5,
            2.0
          ],
          "formation_noise": [
            0.1,
            0.1
          ]
        },
        "way": {}
      },
      {
        "name": "t1_bunker_small_02",
        "tm": [
          [
            -0.0886221,
            -0.00897591,
            0.996025
          ],
          [
            -0.0395829,
            0.999202,
            0.00548261
          ],
          [
            -0.995279,
            -0.0389397,
            -0.0889066
          ],
          [
            -5890.57,
            116.45,
            -17309.7
          ]
        ],
        "unit_class": "ussr_quest_large_art_noground",
        "objLayer": 1,
        "closed_waypoints": false,
        "isShipSpline": false,
        "shipTurnRadius": 100.0,
        "weapons": "",
        "bullets0": "",
        "bullets1": "",
        "bullets2": "",
        "bullets3": "",
        "bulletsCount0": 0,
        "bulletsCount1": 0,
        "bulletsCount2": 0,
        "bulletsCount3": 0,
        "crewSkillK": 0.0,
        "applyAllMods": false,
        "props": {
          "army": 1,
          "count": 1,
          "formation_type": "rows",
          "formation_div": 3,
          "formation_step": [
            2.5,
            2.0
          ],
          "formation_noise": [
            0.1,
            0.1
          ]
        },
        "way": {}
      },
      {
        "name": "t1_art_small_05",
        "tm": [
          [
            0.00939268,
            -0.00549904,
            0.999941
          ],
          [
            0.00177374,
            0.999983,
            0.00548261
          ],
          [
            -0.999954,
            0.00172214,
            0.00940228
          ],
          [
            -5348.96,
            117.147,
            -17361.4
          ]
        ],
        "unit_class": "ussr_quest_large_art_noground",
        "objLayer": 1,
        "closed_waypoints": false,
        "isShipSpline": false,
        "shipTurnRadius": 100.0,
        "weapons": "",
        "bullets0": "",
        "bullets1": "",
        "bullets2": "",
        "bullets3": "",
        "bulletsCount0": 0,
        "bulletsCount1": 0,
        "bulletsCount2": 0,
        "bulletsCount3": 0,
        "crewSkillK": 0.0,
        "applyAllMods": false,
        "props": {
          "army": 1,
          "count": 1,
          "formation_type": "rows",
          "formation_div": 3,
          "formation_step": [
            2.5,
            2.0
          ],
          "formation_noise": [
            0.1,
            0.1
          ]
        },
        "way": {}
      },
      {
        "name": "t1_art_small_06",
        "tm": [
          [
            0.00939268,
            -0.00549904,
            0.999941
          ],
          [
            0.00177374,
            0.999983,
            0.00548261
          ],
          [
            -0.999954,
            0.00172214,
            0.00940228
          ],
          [
            -5514.04,
            120.854,
            -17391.8
          ]
        ],
        "unit_class": "ussr_quest_large_art_noground",
        "objLayer": 1,
        "closed_waypoints": false,
        "isShipSpline": false,
        "shipTurnRadius": 100.0,
        "weapons": "",
        "bullets0": "",
        "bullets1": "",
        "bullets2": "",
        "bullets3": "",
        "bulletsCount0": 0,
        "bulletsCount1": 0,
        "bulletsCount2": 0,
        "bulletsCount3": 0,
        "crewSkillK": 0.0,
        "applyAllMods": false,
        "props": {
          "army": 1,
          "count": 1,
          "formation_type": "rows",
          "formation_div": 3,
          "formation_step": [
            2.5,
            2.0
          ],
          "formation_noise": [
            0.1,
            0.1
          ]
        },
        "way": {}
      },
      {
        "name": "t1_bunker_small_03",
        "tm": [
          [
            -0.0889175,
            -0.00530319,
            0.996025
          ],
          [
            0.00177374,
            0.999983,
            0.00548261
          ],
          [
            -0.996037,
            0.0022542,
            -0.0889066
          ],
          [
            -5421.74,
            123.892,
            -17379.6
          ]
        ],
        "unit_class": "ussr_quest_large_art_noground",
        "objLayer": 1,
        "closed_waypoints": false,
        "isShipSpline": false,
        "shipTurnRadius": 100.0,
        "weapons": "",
        "bullets0": "",
        "bullets1": "",
        "bullets2": "",
        "bullets3": "",
        "bulletsCount0": 0,
        "bulletsCount1": 0,
        "bulletsCount2": 0,
        "bulletsCount3": 0,
        "crewSkillK": 0.0,
        "applyAllMods": false,
        "props": {
          "army": 1,
          "count": 1,
          "formation_type": "rows",
          "formation_div": 3,
          "formation_step": [
            2.5,
            2.0
          ],
          "formation_noise": [
            0.1,
            0.1
          ]
        },
        "way": {}
      },
      {
        "name": "t1_art_small_07",
        "tm": [
          [
            0.00939268,
            0.0504571,
            0.998682
          ],
          [
            0.00177374,
            0.998723,
            -0.0504759
          ],
          [
            -0.999954,
            0.00224551,
            0.0092912
          ],
          [
            -2350.44,
            72.849,
            -17415.8
          ]
        ],
        "unit_class": "ussr_quest_large_art_noground",
        "objLayer": 1,
        "closed_waypoints": false,
        "isShipSpline": false,
        "shipTurnRadius": 100.0,
        "weapons": "",
        "bullets0": "",
        "bullets1": "",
        "bullets2": "",
        "bullets3": "",
        "bulletsCount0": 0,
        "bulletsCount1": 0,
        "bulletsCount2": 0,
        "bulletsCount3": 0,
        "crewSkillK": 0.0,
        "applyAllMods": false,
        "props": {
          "army": 1,
          "count": 1,
          "formation_type": "rows",
          "formation_div": 3,
          "formation_step": [
            2.5,
            2.0
          ],
          "formation_noise": [
            0.1,
            0.1
          ]
        },
        "way": {}
      },
      {
        "name": "t1_art_small_08",
        "tm": [
          [
            0.00939268,
            0.0504571,
            0.998682
          ],
          [
            0.00177374,
            0.998723,
            -0.0504759
          ],
          [
            -0.999954,
            0.00224551,
            0.0092912
          ],
          [
            -2515.51,
            72.949,
            -17446.4
          ]
        ],
        "unit_class": "ussr_quest_large_art_noground",
        "objLayer": 1,
        "closed_waypoints": false,
        "isShipSpline": false,
        "shipTurnRadius": 100.0,
        "weapons": "",
        "bullets0": "",
        "bullets1": "",
        "bullets2": "",
        "bullets3": "",
        "bulletsCount0": 0,
        "bulletsCount1": 0,
        "bulletsCount2": 0,
        "bulletsCount3": 0,
        "crewSkillK": 0.0,
        "applyAllMods": false,
        "props": {
          "army": 1,
          "count": 1,
          "formation_type": "rows",
          "formation_div": 3,
          "formation_step": [
            2.5,
            2.0
          ],
          "formation_noise": [
            0.1,
            0.1
          ]
        },
        "way": {}
      },
      {
        "name": "t1_bunker_small_04",
        "tm": [
          [
            -0.0889175,
            0.0504336,
            0.994761
          ],
          [
            0.00177374,
            0.998723,
            -0.0504759
          ],
          [
            -0.996037,
            -0.00272373,
            -0.0888935
          ],
          [
            -2423.21,
            75.284,
            -17434.5
          ]
        ],
        "unit_class": "ussr_quest_large_art_noground",
        "objLayer": 1,
        "closed_waypoints": false,
        "isShipSpline": false,
        "shipTurnRadius": 100.0,
        "weapons": "",
        "bullets0": "",
        "bullets1": "",
        "bullets2": "",
        "bullets3": "",
        "bulletsCount0": 0,
        "bulletsCount1": 0,
        "bulletsCount2": 0,
        "bulletsCount3": 0,
        "crewSkillK": 0.0,
        "applyAllMods": false,
        "props": {
          "army": 1,
          "count": 1,
          "formation_type": "rows",
          "formation_div": 3,
          "formation_step": [
            2.5,
            2.0
          ],
          "formation_noise": [
            0.1,
            0.1
          ]
        },
        "way": {}
      },
      {
        "name": "t1_art_small_09",
        "tm": [
          [
            0.00949897,
            -0.00531332,
            0.999941
          ],
          [
            -0.0178853,
            0.999825,
            0.00548261
          ],
          [
            -0.999795,
            -0.0179363,
            0.00940228
          ],
          [
            -2793.89,
            78.699,
            -17506.6
          ]
        ],
        "unit_class": "ussr_quest_large_art_noground",
        "objLayer": 1,
        "closed_waypoints": false,
        "isShipSpline": false,
        "shipTurnRadius": 100.0,
        "weapons": "",
        "bullets0": "",
        "bullets1": "",
        "bullets2": "",
        "bullets3": "",
        "bulletsCount0": 0,
        "bulletsCount1": 0,
        "bulletsCount2": 0,
        "bulletsCount3": 0,
        "crewSkillK": 0.0,
        "applyAllMods": false,
        "props": {
          "army": 1,
          "count": 1,
          "formation_type": "rows",
          "formation_div": 3,
          "formation_step": [
            2.5,
            2.0
          ],
          "formation_noise": [
            0.1,
            0.1
          ]
        },
        "way": {}
      },
      {
        "name": "t1_art_small_10",
        "tm": [
          [
            0.00949897,
            -0.00531332,
            0.999941
          ],
          [
            -0.0178853,
            0.999825,
            0.00548261
          ],
          [
            -0.999795,
            -0.0179363,
            0.00940228
          ],
          [
            -2959.01,
            81.849,
            -17537.0
          ]
        ],
        "unit_class": "ussr_quest_large_art_noground",
        "objLayer": 1,
        "closed_waypoints": false,
        "isShipSpline": false,
        "shipTurnRadius": 100.0,
        "weapons": "",
        "bullets0": "",
        "bullets1": "",
        "bullets2": "",
        "bullets3": "",
        "bulletsCount0": 0,
        "bulletsCount1": 0,
        "bulletsCount2": 0,
        "bulletsCount3": 0,
        "crewSkillK": 0.0,
        "applyAllMods": false,
        "props": {
          "army": 1,
          "count": 1,
          "formation_type": "rows",
          "formation_div": 3,
          "formation_step": [
            2.5,
            2.0
          ],
          "formation_noise": [
            0.1,
            0.1
          ]
        },
        "way": {}
      },
      {
        "name": "t1_bunker_small_05",
        "tm": [
          [
            -0.0887961,
            -0.00705019,
            0.996025
          ],
          [
            -0.0178853,
            0.999825,
            0.00548261
          ],
          [
            -0.995889,
            -0.0173273,
            -0.0889066
          ],
          [
            -2866.79,
            79.199,
            -17524.9
          ]
        ],
        "unit_class": "ussr_quest_large_art_noground",
        "objLayer": 1,
        "closed_waypoints": false,
        "isShipSpline": false,
        "shipTurnRadius": 100.0,
        "weapons": "",
        "bullets0": "",
        "bullets1": "",
        "bullets2": "",
        "bullets3": "",
        "bulletsCount0": 0,
        "bulletsCount1": 0,
        "bulletsCount2": 0,
        "bulletsCount3": 0,
        "crewSkillK": 0.0,
        "applyAllMods": false,
        "props": {
          "army": 1,
          "count": 1,
          "formation_type": "rows",
          "formation_div": 3,
          "formation_step": [
            2.5,
            2.0
          ],
          "formation_noise": [
            0.1,
            0.1
          ]
        },
        "way": {}
      },
      {
        "name": "t2_art_small_01",
        "tm": [
          [
            -0.24126,
            0.0849627,
            -0.966734
          ],
          [
            0.0294871,
            0.996342,
            0.080206
          ],
          [
            0.970012,
            -0.00915578,
            -0.242883
          ],
          [
            -1927.57,
            95.71,
            -13086.7
          ]
        ],
        "unit_class": "ussr_quest_large_art_noground",
        "objLayer": 1,
        "closed_waypoints": false,
        "isShipSpline": false,
        "shipTurnRadius": 100.0,
        "weapons": "",
        "bullets0": "",
        "bullets1": "",
        "bullets2": "",
        "bullets3": "",
        "bulletsCount0": 0,
        "bulletsCount1": 0,
        "bulletsCount2": 0,
        "bulletsCount3": 0,
        "crewSkillK": 0.0,
        "applyAllMods": false,
        "props": {
          "army": 2,
          "count": 1,
          "formation_type": "rows",
          "formation_div": 3,
          "formation_step": [
            2.5,
            2.0
          ],
          "formation_noise": [
            0.1,
            0.1
          ]
        },
        "way": {}
      },
      {
        "name": "t2_art_small_02",
        "tm": [
          [
            -0.24126,
            0.0849627,
            -0.966734
          ],
          [
            0.0294871,
            0.996342,
            0.080206
          ],
          [
            0.970012,
            -0.00915578,
            -0.242883
          ],
          [
            -1759.91,
            86.45,
            -13095.6
          ]
        ],
        "unit_class": "ussr_quest_large_art_noground",
        "objLayer": 1,
        "closed_waypoints": false,
        "isShipSpline": false,
        "shipTurnRadius": 100.0,
        "weapons": "",
        "bullets0": "",
        "bullets1": "",
        "bullets2": "",
        "bullets3": "",
        "bulletsCount0": 0,
        "bulletsCount1": 0,
        "bulletsCount2": 0,
        "bulletsCount3": 0,
        "crewSkillK": 0.0,
        "applyAllMods": false,
        "props": {
          "army": 2,
          "count": 1,
          "formation_type": "rows",
          "formation_div": 3,
          "formation_step": [
            2.5,
            2.0
          ],
          "formation_noise": [
            0.1,
            0.1
          ]
        },
        "way": {}
      },
      {
        "name": "t2_bunker_small_01",
        "tm": [
          [
            -0.14477,
            0.0836517,
            -0.985923
          ],
          [
            0.0294871,
            0.996342,
            0.080206
          ],
          [
            0.989026,
            -0.0174607,
            -0.146707
          ],
          [
            -1852.37,
            87.3,
            -13085.5
          ]
        ],
        "unit_class": "ussr_quest_large_art_noground",
        "objLayer": 1,
        "closed_waypoints": false,
        "isShipSpline": false,
        "shipTurnRadius": 100.0,
        "weapons": "",
        "bullets0": "",
        "bullets1": "",
        "bullets2": "",
        "bullets3": "",
        "bulletsCount0": 0,
        "bulletsCount1": 0,
        "bulletsCount2": 0,
        "bulletsCount3": 0,
        "crewSkillK": 0.0,
        "applyAllMods": false,
        "props": {
          "army": 2,
          "count": 1,
          "formation_type": "rows",
          "formation_div": 3,
          "formation_step": [
            2.5,
            2.0
          ],
          "formation_noise": [
            0.1,
            0.1
          ]
        },
        "way": {}
      },
      {
        "name": "t2_art_small_03",
        "tm": [
          [
            0.290393,
            -0.00923251,
            -0.956863
          ],
          [
            0.0265494,
            0.999647,
            -0.00158808
          ],
          [
            0.956539,
            -0.024943,
            0.290535
          ],
          [
            -6152.98,
            94.906,
            -13144.9
          ]
        ],
        "unit_class": "ussr_quest_large_art_noground",
        "objLayer": 1,
        "closed_waypoints": false,
        "isShipSpline": false,
        "shipTurnRadius": 100.0,
        "weapons": "",
        "bullets0": "",
        "bullets1": "",
        "bullets2": "",
        "bullets3": "",
        "bulletsCount0": 0,
        "bulletsCount1": 0,
        "bulletsCount2": 0,
        "bulletsCount3": 0,
        "crewSkillK": 0.0,
        "applyAllMods": false,
        "props": {
          "army": 2,
          "count": 1,
          "formation_type": "rows",
          "formation_div": 3,
          "formation_step": [
            2.5,
            2.0
          ],
          "formation_noise": [
            0.1,
            0.1
          ]
        },
        "way": {}
      },
      {
        "name": "t2_art_small_04",
        "tm": [
          [
            0.290393,
            -0.00923251,
            -0.956863
          ],
          [
            0.0265494,
            0.999647,
            -0.00158808
          ],
          [
            0.956539,
            -0.024943,
            0.290535
          ],
          [
            -6004.54,
            90.25,
            -13066.5
          ]
        ],
        "unit_class": "ussr_quest_large_art_noground",
        "objLayer": 1,
        "closed_waypoints": false,
        "isShipSpline": false,
        "shipTurnRadius": 100.0,
        "weapons": "",
        "bullets0": "",
        "bullets1": "",
        "bullets2": "",
        "bullets3": "",
        "bulletsCount0": 0,
        "bulletsCount1": 0,
        "bulletsCount2": 0,
        "bulletsCount3": 0,
        "crewSkillK": 0.0,
        "applyAllMods": false,
        "props": {
          "army": 2,
          "count": 1,
          "formation_type": "rows",
          "formation_div": 3,
          "formation_step": [
            2.5,
            2.0
          ],
          "formation_noise": [
            0.1,
            0.1
          ]
        },
        "way": {}
      },
      {
        "name": "t2_bunker_small_02",
        "tm": [
          [
            0.382986,
            -0.011639,
            -0.923681
          ],
          [
            0.0265494,
            0.999647,
            -0.00158808
          ],
          [
            0.923372,
            -0.0239149,
            0.383159
          ],
          [
            -6088.84,
            89.25,
            -13105.7
          ]
        ],
        "unit_class": "ussr_quest_large_art_noground",
        "objLayer": 1,
        "closed_waypoints": false,
        "isShipSpline": false,
        "shipTurnRadius": 100.0,
        "weapons": "",
        "bullets0": "",
        "bullets1": "",
        "bullets2": "",
        "bullets3": "",
        "bulletsCount0": 0,
        "bulletsCount1": 0,
        "bulletsCount2": 0,
        "bulletsCount3": 0,
        "crewSkillK": 0.0,
        "applyAllMods": false,
        "props": {
          "army": 2,
          "count": 1,
          "formation_type": "rows",
          "formation_div": 3,
          "formation_step": [
            2.5,
            2.0
          ],
          "formation_noise": [
            0.1,
            0.1
          ]
        },
        "way": {}
      },
      {
        "name": "t2_art_small_05",
        "tm": [
          [
            -0.127126,
            0.0115451,
            -0.991819
          ],
          [
            0.0106064,
            0.999891,
            0.0102796
          ],
          [
            0.99183,
            -0.00921289,
            -0.127234
          ],
          [
            -5586.9,
            113.05,
            -13088.7
          ]
        ],
        "unit_class": "ussr_quest_large_art_noground",
        "objLayer": 1,
        "closed_waypoints": false,
        "isShipSpline": false,
        "shipTurnRadius": 100.0,
        "weapons": "",
        "bullets0": "",
        "bullets1": "",
        "bullets2": "",
        "bullets3": "",
        "bulletsCount0": 0,
        "bulletsCount1": 0,
        "bulletsCount2": 0,
        "bulletsCount3": 0,
        "crewSkillK": 0.0,
        "applyAllMods": false,
        "props": {
          "army": 2,
          "count": 1,
          "formation_type": "rows",
          "formation_div": 3,
          "formation_step": [
            2.5,
            2.0
          ],
          "formation_noise": [
            0.1,
            0.1
          ]
        },
        "way": {}
      },
      {
        "name": "t2_art_small_06",
        "tm": [
          [
            -0.127126,
            0.0115451,
            -0.991819
          ],
          [
            0.0106064,
            0.999891,
            0.0102796
          ],
          [
            0.99183,
            -0.00921289,
            -0.127234
          ],
          [
            -5419.35,
            115.15,
            -13078.0
          ]
        ],
        "unit_class": "ussr_quest_large_art_noground",
        "objLayer": 1,
        "closed_waypoints": false,
        "isShipSpline": false,
        "shipTurnRadius": 100.0,
        "weapons": "",
        "bullets0": "",
        "bullets1": "",
        "bullets2": "",
        "bullets3": "",
        "bulletsCount0": 0,
        "bulletsCount1": 0,
        "bulletsCount2": 0,
        "bulletsCount3": 0,
        "crewSkillK": 0.0,
        "applyAllMods": false,
        "props": {
          "army": 2,
          "count": 1,
          "formation_type": "rows",
          "formation_div": 3,
          "formation_step": [
            2.5,
            2.0
          ],
          "formation_noise": [
            0.1,
            0.1
          ]
        },
        "way": {}
      },
      {
        "name": "t2_bunker_small_03",
        "tm": [
          [
            -0.0290442,
            0.0105838,
            -0.999522
          ],
          [
            0.0106064,
            0.999891,
            0.0102796
          ],
          [
            0.999522,
            -0.0103027,
            -0.0291533
          ],
          [
            -5512.4,
            114.45,
            -13079.1
          ]
        ],
        "unit_class": "ussr_quest_large_art_noground",
        "objLayer": 1,
        "closed_waypoints": false,
        "isShipSpline": false,
        "shipTurnRadius": 100.0,
        "weapons": "",
        "bullets0": "",
        "bullets1": "",
        "bullets2": "",
        "bullets3": "",
        "bulletsCount0": 0,
        "bulletsCount1": 0,
        "bulletsCount2": 0,
        "bulletsCount3": 0,
        "crewSkillK": 0.0,
        "applyAllMods": false,
        "props": {
          "army": 2,
          "count": 1,
          "formation_type": "rows",
          "formation_div": 3,
          "formation_step": [
            2.5,
            2.0
          ],
          "formation_noise": [
            0.1,
            0.1
          ]
        },
        "way": {}
      },
      {
        "name": "t2_art_small_07",
        "tm": [
          [
            -0.0673182,
            0.0535954,
            -0.996291
          ],
          [
            0.0321159,
            0.998155,
            0.0515256
          ],
          [
            0.997214,
            -0.0285282,
            -0.0689152
          ],
          [
            -2447.91,
            130.665,
            -13037.0
          ]
        ],
        "unit_class": "ussr_quest_large_art_noground",
        "objLayer": 1,
        "closed_waypoints": false,
        "isShipSpline": false,
        "shipTurnRadius": 100.0,
        "weapons": "",
        "bullets0": "",
        "bullets1": "",
        "bullets2": "",
        "bullets3": "",
        "bulletsCount0": 0,
        "bulletsCount1": 0,
        "bulletsCount2": 0,
        "bulletsCount3": 0,
        "crewSkillK": 0.0,
        "applyAllMods": false,
        "props": {
          "army": 2,
          "count": 1,
          "formation_type": "rows",
          "formation_div": 3,
          "formation_step": [
            2.5,
            2.0
          ],
          "formation_noise": [
            0.1,
            0.1
          ]
        },
        "way": {}
      },
      {
        "name": "t2_art_small_08",
        "tm": [
          [
            -0.0673182,
            0.0535954,
            -0.996291
          ],
          [
            0.0321159,
            0.998155,
            0.0515256
          ],
          [
            0.997214,
            -0.0285282,
            -0.0689152
          ],
          [
            -2281.33,
            127.494,
