{
  "selected_tag": "",
  "bin_dump_file": "",
  "mission_settings": {
    "player": {
      "army": 1,
      "wing": "bdt_armada"
    },
    "player_teamB": {
      "army": 2
    },
    "mission": {
      "level": "levels/water.bin",
      "type": "singleMission",
      "environment": "Day",
      "weather": "hazy",
      "restoreType": "attempts",
      "optionalTakeOff": true
    },
    "spectator_points": {}
  },
  "imports": {
    "import_record": [
      {
        "file": "gameData/missions/templates/enduring_confrontation/bdt_bases_destroy_template.blk",
        "importAreas": true,
        "importUnits": true,
        "importTriggers": true,
        "importMissionObjectives": true,
        "importWayPoints": true,
        "showAreas": true,
        "showUnits": true,
        "showTriggers": true,
        "showMissionObjectives": true,
        "showWayPoints": true,
        "excludes": {}
      },
      {
        "file": "gameData/missions/templates/units_sets/land_sets_aaa_bases/bdt_t1_usa_rank_01.blk",
        "rankRange": [
          0,
          4
        ],
        "importAreas": true,
        "importUnits": true,
        "importTriggers": true,
        "importMissionObjectives": true,
        "importWayPoints": true,
        "showAreas": true,
        "showUnits": true,
        "showTriggers": true,
        "showMissionObjectives": true,
        "showWayPoints": true,
        "excludes": {}
      },
      {
        "file": "gameData/missions/templates/units_sets/land_sets_aaa_bases/bdt_t1_usa_rank_02.blk",
        "rankRange": [
          5,
          8
        ],
        "importAreas": true,
        "importUnits": true,
        "importTriggers": true,
        "importMissionObjectives": true,
        "importWayPoints": true,
        "showAreas": true,
        "showUnits": true,
        "showTriggers": true,
        "showMissionObjectives": true,
        "showWayPoints": true,
        "excludes": {}
      },
      {
        "file": "gameData/missions/templates/units_sets/land_sets_aaa_bases/bdt_t1_usa_rank_03.blk",
        "rankRange": [
          9,
          13
        ],
        "importAreas": true,
        "importUnits": true,
        "importTriggers": true,
        "importMissionObjectives": true,
        "importWayPoints": true,
        "showAreas": true,
        "showUnits": true,
        "showTriggers": true,
        "showMissionObjectives": true,
        "showWayPoints": true,
        "excludes": {}
      },
      {
        "file": "gameData/missions/templates/units_sets/land_sets_aaa_bases/bdt_t1_usa_rank_04.blk",
        "rankRange": [
          14,
          19
        ],
        "importAreas": true,
        "importUnits": true,
        "importTriggers": true,
        "importMissionObjectives": true,
        "importWayPoints": true,
        "showAreas": true,
        "showUnits": true,
        "showTriggers": true,
        "showMissionObjectives": true,
        "showWayPoints": true,
        "excludes": {}
      },
      {
        "file": "gameData/missions/templates/units_sets/land_sets_aaa_bases/bdt_t1_usa_rank_05.blk",
        "rankRange": [
          20,
          24
        ],
        "importAreas": true,
        "importUnits": true,
        "importTriggers": true,
        "importMissionObjectives": true,
        "importWayPoints": true,
        "showAreas": true,
        "showUnits": true,
        "showTriggers": true,
        "showMissionObjectives": true,
        "showWayPoints": true,
        "excludes": {}
      },
      {
        "file": "gameData/missions/templates/units_sets/land_sets_aaa_bases/bdt_t1_usa_rank_06.blk",
        "rankRange": [
          25,
          50
        ],
        "importAreas": true,
        "importUnits": true,
        "importTriggers": true,
        "importMissionObjectives": true,
        "importWayPoints": true,
        "showAreas": true,
        "showUnits": true,
        "showTriggers": true,
        "showMissionObjectives": true,
        "showWayPoints": true,
        "excludes": {}
      },
      {
        "file": "gameData/missions/templates/units_sets/land_sets_aaa_bases/bdt_t2_germ_rank_01.blk",
        "rankRange": [
          0,
          4
        ],
        "importAreas": true,
        "importUnits": true,
        "importTriggers": true,
        "importMissionObjectives": true,
        "importWayPoints": true,
        "showAreas": true,
        "showUnits": true,
        "showTriggers": true,
        "showMissionObjectives": true,
        "showWayPoints": true,
        "excludes": {}
      },
      {
        "file": "gameData/missions/templates/units_sets/land_sets_aaa_bases/bdt_t2_germ_rank_02.blk",
        "rankRange": [
          5,
          8
        ],
        "importAreas": true,
        "importUnits": true,
        "importTriggers": true,
        "importMissionObjectives": true,
        "importWayPoints": true,
        "showAreas": true,
        "showUnits": true,
        "showTriggers": true,
        "showMissionObjectives": true,
        "showWayPoints": true,
        "excludes": {}
      },
      {
        "file": "gameData/missions/templates/units_sets/land_sets_aaa_bases/bdt_t2_germ_rank_03.blk",
        "rankRange": [
          9,
          13
        ],
        "importAreas": true,
        "importUnits": true,
        "importTriggers": true,
        "importMissionObjectives": true,
        "importWayPoints": true,
        "showAreas": true,
        "showUnits": true,
        "showTriggers": true,
        "showMissionObjectives": true,
        "showWayPoints": true,
        "excludes": {}
      },
      {
        "file": "gameData/missions/templates/units_sets/land_sets_aaa_bases/bdt_t2_germ_rank_04.blk",
        "rankRange": [
          14,
          19
        ],
        "importAreas": true,
        "importUnits": true,
        "importTriggers": true,
        "importMissionObjectives": true,
        "importWayPoints": true,
        "showAreas": true,
        "showUnits": true,
        "showTriggers": true,
        "showMissionObjectives": true,
        "showWayPoints": true,
        "excludes": {}
      },
      {
        "file": "gameData/missions/templates/units_sets/land_sets_aaa_bases/bdt_t2_germ_rank_05.blk",
        "rankRange": [
          20,
          24
        ],
        "importAreas": true,
        "importUnits": true,
        "importTriggers": true,
        "importMissionObjectives": true,
        "importWayPoints": true,
        "showAreas": true,
        "showUnits": true,
        "showTriggers": true,
        "showMissionObjectives": true,
        "showWayPoints": true,
        "excludes": {}
      },
      {
        "file": "gameData/missions/templates/units_sets/land_sets_aaa_bases/bdt_t2_germ_rank_06.blk",
        "rankRange": [
          25,
          50
        ],
        "importAreas": true,
        "importUnits": true,
        "importTriggers": true,
        "importMissionObjectives": true,
        "importWayPoints": true,
        "showAreas": true,
        "showUnits": true,
        "showTriggers": true,
        "showMissionObjectives": true,
        "showWayPoints": true,
        "excludes": {}
      }
    ]
  },
  "triggers": {
    "isCategory": true,
    "is_enabled": true,
    "bdt_part_init": {
      "is_enabled": true,
      "comments": "",
      "props": {
        "actionsType": "PERFORM_ONE_BY_ONE",
        "conditionsType": "ALL",
        "enableAfterComplete": false
      },
      "events": {
        "initMission": {}
      },
      "conditions": {},
      "actions": {
        "comment": [
          {
            "value": "ukazyvaem maksimal'noe kolichestvo baz +1"
          },
          {
            "value": "govorim chto shablon sam sebya restartit"
          }
        ],
        "varSetInt": [
          {
            "value": 21,
            "var": "bdt_t1_total_bases_max_count"
          },
          {
            "value": 21,
            "var": "bdt_t2_total_bases_max_count"
          }
        ],
        "varSetBool": {
          "value": true,
          "var": "bdt_self_restart"
        }
      },
      "else_actions": {}
    }
  },
  "mission_objectives": {
    "isCategory": true,
    "is_enabled": true
  },
  "variables": {},
  "dialogs": {},
  "airfields": {},
  "effects": {},
  "units": {
    "objectGroups": [
      {
        "name": "bdt_t1_bomb_object_01",
        "tm": [
          [
            -0.422619,
            0.0,
            -0.906308
          ],
          [
            0.0,
            1.0,
            0.0
          ],
          [
            0.906308,
            0.0,
            -0.422619
          ],
          [
            -7523.71,
            191.856,
            21677.0
          ]
        ],
        "unit_class": "dynBase_ammunition_camp_square",
        "objLayer": 2,
        "props": {
          "army": 1,
          "active": false
        }
      },
      {
        "name": "bdt_t1_bomb_object_02",
        "tm": [
          [
            -0.843392,
            0.0,
            -0.5373
          ],
          [
            0.0,
            1.0,
            0.0
          ],
          [
            0.5373,
            0.0,
            -0.843392
          ],
          [
            -12703.0,
            193.254,
            15949.5
          ]
        ],
        "unit_class": "dynBase_ammunition_camp_square",
        "objLayer": 2,
        "props": {
          "army": 1,
          "active": false
        }
      },
      {
        "name": "bdt_t1_bomb_object_03",
        "tm": [
          [
            -0.382684,
            0.0,
            -0.92388
          ],
          [
            0.0,
            1.0,
            0.0
          ],
          [
            0.92388,
            0.0,
            -0.382684
          ],
          [
            -7467.18,
            319.294,
            4868.88
          ]
        ],
        "unit_class": "dynBase_ammunition_camp_square",
        "objLayer": 2,
        "props": {
          "army": 1,
          "active": false
        }
      },
      {
        "name": "bdt_t1_bomb_object_04",
        "tm": [
          [
            -0.608762,
            0.0,
            -0.793353
          ],
          [
            0.0,
            1.0,
            0.0
          ],
          [
            0.793353,
            0.0,
            -0.608762
          ],
          [
            -11561.5,
            275.846,
            983.503
          ]
        ],
        "unit_class": "dynBase_ammunition_camp_square",
        "objLayer": 2,
        "props": {
          "army": 1,
          "active": false
        }
      },
      {
        "name": "bdt_t1_bomb_object_05",
        "tm": [
          [
            0.384324,
            0.0,
            -0.923199
          ],
          [
            0.0,
            1.0,
            0.0
          ],
          [
            0.923199,
            0.0,
            0.384324
          ],
          [
            -13382.5,
            222.844,
            -14795.0
          ]
        ],
        "unit_class": "dynBase_ammunition_camp_square",
        "objLayer": 2,
        "props": {
          "army": 1,
          "active": false
        }
      },
      {
        "name": "bdt_t1_bomb_object_06",
        "tm": [
          [
            -0.384579,
            0.0,
            -0.923092
          ],
          [
            0.0,
            1.0,
            0.0
          ],
          [
            0.923092,
            0.0,
            -0.384579
          ],
          [
            -7223.56,
            244.382,
            -11093.5
          ]
        ],
        "unit_class": "dynBase_ammunition_camp_square",
        "objLayer": 2,
        "props": {
          "army": 1,
          "active": false
        }
      },
      {
        "name": "bdt_t1_bomb_object_07",
        "tm": [
          [
            -0.422618,
            0.0,
            -0.906307
          ],
          [
            0.0,
            1.0,
            0.0
          ],
          [
            0.906307,
            0.0,
            -0.422618
          ],
          [
            -7005.04,
            155.858,
            -27181.4
          ]
        ],
        "unit_class": "dynBase_ammunition_camp_square",
        "objLayer": 2,
        "props": {
          "army": 1,
          "active": false
        }
      },
      {
        "name": "bdt_t1_bomb_object_08",
        "tm": [
          [
            0.00366491,
            0.0,
            -0.999992
          ],
          [
            0.0,
            1.0,
            0.0
          ],
          [
            0.999992,
            0.0,
            0.00366491
          ],
          [
            -13844.9,
            163.95,
            -29244.8
          ]
        ],
        "unit_class": "dynBase_ammunition_camp_square",
        "objLayer": 2,
        "props": {
          "army": 1,
          "active": false
        }
      },
      {
        "name": "bdt_t2_bomb_object_01",
        "tm": [
          [
            -0.781587,
            0.0,
            -0.623798
          ],
          [
            0.0,
            1.0,
            0.0
          ],
          [
            0.623798,
            0.0,
            -0.781587
          ],
          [
            11867.6,
            291.55,
            25901.7
          ]
        ],
        "unit_class": "dynBase_ammunition_camp_square",
        "objLayer": 2,
        "props": {
          "army": 2,
          "active": false
        }
      },
      {
        "name": "bdt_t2_bomb_object_02",
        "tm": [
          [
            -0.5528,
            0.0,
            -0.833316
          ],
          [
            0.0,
            1.0,
            0.0
          ],
          [
            0.833316,
            0.0,
            -0.5528
          ],
          [
            11958.7,
            263.141,
            -1811.42
          ]
        ],
        "unit_class": "dynBase_ammunition_camp_square",
        "objLayer": 2,
        "props": {
          "army": 2,
          "active": false
        }
      },
      {
        "name": "bdt_t2_bomb_object_03",
        "tm": [
          [
            -0.932415,
            0.0,
            -0.361394
          ],
          [
            0.0,
            1.0,
            0.0
          ],
          [
            0.361394,
            0.0,
            -0.932415
          ],
          [
            6391.85,
            217.207,
            -374.638
          ]
        ],
        "unit_class": "dynBase_ammunition_camp_square",
        "objLayer": 2,
        "props": {
          "army": 2,
          "active": false
        }
      },
      {
        "name": "bdt_t2_bomb_object_04",
        "tm": [
          [
            -0.866026,
            0.0,
            -0.5
          ],
          [
            0.0,
            1.0,
            0.0
          ],
          [
            0.5,
            0.0,
            -0.866026
          ],
          [
            15725.2,
            226.693,
            14926.3
          ]
        ],
        "unit_class": "dynBase_ammunition_camp_square",
        "objLayer": 2,
        "props": {
          "army": 2,
          "active": false
        }
      },
      {
        "name": "bdt_t2_bomb_object_05",
        "tm": [
          [
            -0.923881,
            0.0,
            -0.382684
          ],
          [
            0.0,
            1.0,
            0.0
          ],
          [
            0.382684,
            0.0,
            -0.923881
          ],
          [
            6485.29,
            154.697,
            -13187.7
          ]
        ],
        "unit_class": "dynBase_ammunition_camp_square",
        "objLayer": 2,
        "props": {
          "army": 2,
          "active": false
        }
      },
      {
        "name": "bdt_t2_bomb_object_06",
        "tm": [
          [
            -0.5,
            0.0,
            -0.866026
          ],
          [
            0.0,
            1.0,
            0.0
          ],
          [
            0.866026,
            0.0,
            -0.5
          ],
          [
            6468.0,
            203.8,
            -21315.9
          ]
        ],
        "unit_class": "dynBase_ammunition_camp_square",
        "objLayer": 2,
        "props": {
          "army": 2,
          "active": false
        }
      },
      {
        "name": "bdt_t2_bomb_object_07",
        "tm": [
          [
            -0.5373,
            0.0,
            -0.843392
          ],
          [
            0.0,
            1.0,
            0.0
          ],
          [
            0.843392,
            0.0,
            -0.5373
          ],
          [
            10721.4,
            199.444,
            -19778.0
          ]
        ],
        "unit_class": "dynBase_ammunition_camp_square",
        "objLayer": 2,
        "props": {
          "army": 2,
          "active": false
        }
      },
      {
        "name": "bdt_t2_bomb_object_08",
        "tm": [
          [
            -0.342021,
            0.0,
            -0.939693
          ],
          [
            0.0,
            1.0,
            0.0
          ],
          [
            0.939693,
            0.0,
            -0.342021
          ],
          [
            18275.2,
            257.9,
            4556.95
          ]
        ],
        "unit_class": "dynBase_ammunition_camp_square",
        "objLayer": 2,
        "props": {
          "army": 2,
          "active": false
        }
      },
      {
        "name": "bdt_t2_bomb_object_09",
        "tm": [
          [
            -0.642788,
            0.0,
            -0.766045
          ],
          [
            0.0,
            1.0,
            0.0
          ],
          [
            0.766045,
            0.0,
            -0.642788
          ],
          [
            7089.88,
            164.23,
            19030.3
          ]
        ],
        "unit_class": "dynBase_ammunition_camp_square",
        "objLayer": 2,
        "props": {
          "army": 2,
          "active": false
        }
      },
      {
        "name": "bdt_t2_bomb_object_10",
        "tm": [
          [
            -0.422619,
            0.0,
            -0.906309
          ],
          [
            0.0,
            1.0,
            0.0
          ],
          [
            0.906309,
            0.0,
            -0.422619
          ],
          [
            6850.78,
            260.453,
            26893.2
          ]
        ],
        "unit_class": "dynBase_ammunition_camp_square",
        "objLayer": 2,
        "props": {
          "army": 2,
          "active": false
        }
      },
      {
        "name": "bdt_t1_bomb_object_09",
        "tm": [
          [
            -0.843392,
            0.0,
            -0.537299
          ],
          [
            0.0,
            1.0,
            0.0
          ],
          [
            0.537299,
            0.0,
            -0.843392
          ],
          [
            -20775.3,
            199.579,
            -6945.49
          ]
        ],
        "unit_class": "dynBase_ammunition_camp_square",
        "objLayer": 2,
        "props": {
          "army": 1,
          "active": false
        }
      },
      {
        "name": "bdt_t1_bomb_object_10",
        "tm": [
          [
            -0.733199,
            0.0,
            -0.680015
          ],
          [
            0.0,
            1.0,
            0.0
          ],
          [
            0.680015,
            0.0,
            -0.733199
          ],
          [
            -7802.09,
            283.758,
            10101.7
          ]
        ],
        "unit_class": "dynBase_ammunition_camp_square",
        "objLayer": 2,
        "props": {
          "army": 1,
          "active": false
        }
      },
      {
        "name": "bdt_t1_bomb_object_11",
        "tm": [
          [
            -0.422619,
            0.0,
            -0.906308
          ],
          [
            0.0,
            1.0,
            0.0
          ],
          [
            0.906308,
            0.0,
            -0.422619
          ],
          [
            -16713.4,
            162.7,
            30298.8
          ]
        ],
        "unit_class": "dynBase_ammunition_camp_square",
        "objLayer": 2,
        "props": {
          "army": 1,
          "active": false
        }
      },
      {
        "name": "bdt_t1_bomb_object_12",
        "tm": [
          [
            -0.422619,
            0.0,
            -0.906308
          ],
          [
            0.0,
            1.0,
            0.0
          ],
          [
            0.906308,
            0.0,
            -0.422619
          ],
          [
            -24587.1,
            312.096,
            22484.3
          ]
        ],
        "unit_class": "dynBase_ammunition_camp_square",
        "objLayer": 2,
        "props": {
          "army": 1,
          "active": false
        }
      },
      {
        "name": "bdt_t1_bomb_object_13",
        "tm": [
          [
            -0.422619,
            0.0,
            -0.906308
          ],
          [
            0.0,
            1.0,
            0.0
          ],
          [
            0.906308,
            0.0,
            -0.422619
          ],
          [
            -27589.9,
            306.046,
            15959.5
          ]
        ],
        "unit_class": "dynBase_ammunition_camp_square",
        "objLayer": 2,
        "props": {
          "army": 1,
          "active": false
        }
      },
      {
        "name": "bdt_t1_bomb_object_14",
        "tm": [
          [
            -0.422619,
            0.0,
            -0.906308
          ],
          [
            0.0,
            1.0,
            0.0
          ],
          [
            0.906308,
            0.0,
            -0.422619
          ],
          [
            -19698.2,
            283.196,
            7651.9
          ]
        ],
        "unit_class": "dynBase_ammunition_camp_square",
        "objLayer": 2,
        "props": {
          "army": 1,
          "active": false
        }
      },
      {
        "name": "bdt_t1_bomb_object_15",
        "tm": [
          [
            -0.422619,
            0.0,
            -0.906308
          ],
          [
            0.0,
            1.0,
            0.0
          ],
          [
            0.906308,
            0.0,
            -0.422619
          ],
          [
            -16814.6,
            287.246,
            1139.95
          ]
        ],
        "unit_class": "dynBase_ammunition_camp_square",
        "objLayer": 2,
        "props": {
          "army": 1,
          "active": false
        }
      },
      {
        "name": "bdt_t1_bomb_object_16",
        "tm": [
          [
            -0.422619,
            0.0,
            -0.906308
          ],
          [
            0.0,
            1.0,
            0.0
          ],
          [
            0.906308,
            0.0,
            -0.422619
          ],
          [
            -25430.8,
            281.496,
            -687.401
          ]
        ],
        "unit_class": "dynBase_ammunition_camp_square",
        "objLayer": 2,
        "props": {
          "army": 1,
          "active": false
        }
      },
      {
        "name": "bdt_t1_bomb_object_17",
        "tm": [
          [
            -0.422619,
            0.0,
            -0.906308
          ],
          [
            0.0,
            1.0,
            0.0
          ],
          [
            0.906308,
            0.0,
            -0.422619
          ],
          [
            -26661.1,
            220.546,
            -12505.8
          ]
        ],
        "unit_class": "dynBase_ammunition_camp_square",
        "objLayer": 2,
        "props": {
          "army": 1,
          "active": false
        }
      },
      {
        "name": "bdt_t1_bomb_object_18",
        "tm": [
          [
            -0.422619,
            0.0,
            -0.906308
          ],
          [
            0.0,
            1.0,
            0.0
          ],
          [
            0.906308,
            0.0,
            -0.422619
          ],
          [
            -26793.3,
            154.096,
            -19625.2
          ]
        ],
        "unit_class": "dynBase_ammunition_camp_square",
        "objLayer": 2,
        "props": {
          "army": 1,
          "active": false
        }
      },
      {
        "name": "bdt_t1_bomb_object_19",
        "tm": [
          [
            -0.422619,
            0.0,
            -0.906308
          ],
          [
            0.0,
            1.0,
            0.0
          ],
          [
            0.906308,
            0.0,
            -0.422619
          ],
          [
            -15742.6,
            172.296,
            -20223.4
          ]
        ],
        "unit_class": "dynBase_ammunition_camp_square",
        "objLayer": 2,
        "props": {
          "army": 1,
          "active": false
        }
      },
      {
        "name": "bdt_t1_bomb_object_20",
        "tm": [
          [
            -0.422619,
            0.0,
            -0.906308
          ],
          [
            0.0,
            1.0,
            0.0
          ],
          [
            0.906308,
            0.0,
            -0.422619
          ],
          [
            -16074.6,
            271.596,
            -6751.9
          ]
        ],
        "unit_class": "dynBase_ammunition_camp_square",
        "objLayer": 2,
        "props": {
          "army": 1,
          "active": false
        }
      },
      {
        "name": "bdt_t2_bomb_object_11",
        "tm": [
          [
            -0.5,
            0.0,
            -0.866026
          ],
          [
            0.0,
            1.0,
            0.0
          ],
          [
            0.866026,
            0.0,
            -0.5
          ],
          [
            19560.5,
            146.89,
            -19726.5
          ]
        ],
        "unit_class": "dynBase_ammunition_camp_square",
        "objLayer": 2,
        "props": {
          "army": 2,
          "active": false
        }
      },
      {
        "name": "bdt_t2_bomb_object_12",
        "tm": [
          [
            -0.5,
            0.0,
            -0.866026
          ],
          [
            0.0,
            1.0,
            0.0
          ],
          [
            0.866026,
            0.0,
            -0.5
          ],
          [
            16929.0,
            108.99,
            -12557.2
          ]
        ],
        "unit_class": "dynBase_ammunition_camp_square",
        "objLayer": 2,
        "props": {
          "army": 2,
          "active": false
        }
      },
      {
        "name": "bdt_t2_bomb_object_13",
        "tm": [
          [
            -0.5,
            0.0,
            -0.866026
          ],
          [
            0.0,
            1.0,
            0.0
          ],
          [
            0.866026,
            0.0,
            -0.5
          ],
          [
            24236.3,
            220.09,
            4271.9
          ]
        ],
        "unit_class": "dynBase_ammunition_camp_square",
        "objLayer": 2,
        "props": {
          "army": 2,
          "active": false
        }
      },
      {
        "name": "bdt_t2_bomb_object_14",
        "tm": [
          [
            -0.5,
            0.0,
            -0.866026
          ],
          [
            0.0,
            1.0,
            0.0
          ],
          [
            0.866026,
            0.0,
            -0.5
          ],
          [
            24258.9,
            220.09,
            18493.2
          ]
        ],
        "unit_class": "dynBase_ammunition_camp_square",
        "objLayer": 2,
        "props": {
          "army": 2,
          "active": false
        }
      },
      {
        "name": "bdt_t2_bomb_object_15",
        "tm": [
          [
            -0.5,
            0.0,
            -0.866026
          ],
          [
            0.0,
            1.0,
            0.0
          ],
          [
            0.866026,
            0.0,
            -0.5
          ],
          [
            18483.9,
            166.74,
            21758.8
          ]
        ],
        "unit_class": "dynBase_ammunition_camp_square",
        "objLayer": 2,
        "props": {
          "army": 2,
          "active": false
        }
      },
      {
        "name": "bdt_t2_bomb_object_16",
        "tm": [
          [
            -0.5,
            0.0,
            -0.866026
          ],
          [
            0.0,
            1.0,
            0.0
          ],
          [
            0.866026,
            0.0,
            -0.5
          ],
          [
            14688.2,
            300.89,
            25169.6
          ]
        ],
        "unit_class": "dynBase_ammunition_camp_square",
        "objLayer": 2,
        "props": {
          "army": 2,
          "active": false
        }
      },
      {
        "name": "bdt_t2_bomb_object_17",
        "tm": [
          [
            -0.5,
            0.0,
            -0.866026
          ],
          [
            0.0,
            1.0,
            0.0
          ],
          [
            0.866026,
            0.0,
            -0.5
          ],
          [
            23518.2,
            300.89,
            24199.7
          ]
        ],
        "unit_class": "dynBase_ammunition_camp_square",
        "objLayer": 2,
        "props": {
          "army": 2,
          "active": false
        }
      },
      {
        "name": "bdt_t2_bomb_object_18",
        "tm": [
          [
            -0.5,
            0.0,
            -0.866026
          ],
          [
            0.0,
            1.0,
            0.0
          ],
          [
            0.866026,
            0.0,
            -0.5
          ],
          [
            14906.2,
            328.69,
            10594.1
          ]
        ],
        "unit_class": "dynBase_ammunition_camp_square",
        "objLayer": 2,
        "props": {
          "army": 2,
          "active": false
        }
      },
      {
        "name": "bdt_t2_bomb_object_19",
        "tm": [
          [
            -0.5,
            0.0,
            -0.866026
          ],
          [
            0.0,
            1.0,
            0.0
          ],
          [
            0.866026,
            0.0,
            -0.5
          ],
          [
            27892.3,
            138.69,
            -706.101
          ]
        ],
        "unit_class": "dynBase_ammunition_camp_square",
        "objLayer": 2,
        "props": {
          "army": 2,
          "active": false
        }
      },
      {
        "name": "bdt_t2_bomb_object_20",
        "tm": [
          [
            -0.5,
            0.0,
            -0.866026
          ],
          [
            0.0,
            1.0,
            0.0
          ],
          [
            0.866026,
            0.0,
            -0.5
          ],
          [
            23215.5,
            138.69,
            -5989.75
          ]
        ],
        "unit_class": "dynBase_ammunition_camp_square",
        "objLayer": 2,
        "props": {
          "army": 2,
          "active": false
        }
      }
    ],
    "armada": {
      "name": "bdt_armada",
      "tm": [
        [
          -0.887011,
          0.0,
          -0.461749
        ],
        [
          0.0,
          1.0,
          0.0
        ],
        [
          0.461749,
          0.0,
          -0.887011
        ],
        [
          -404.73,
          1388.0,
          4441.77
        ]
      ],
      "unit_class": "b-17g",
      "objLayer": 1,
      "closed_waypoints": false,
      "isShipSpline": false,
      "shipTurnRadius": 100.0,
      "weapons": "B17G_8x1000lbs",
      "bullets0": "",
      "bullets1": "",
      "bullets2": "",
      "bullets3": "",
      "bulletsCount0": 0,
      "bulletsCount1": 0,
      "bulletsCount2": 0,
      "bulletsCount3": 0,
      "crewSkillK": 0.0,
      "applyAllMods": false,
      "props": {
        "army": 2,
        "count": 1,
        "free_distance": 70.0,
        "floating_distance": 50.0,
        "minimum_distance_to_earth": 20.0,
        "altLimit": 6000.0,
        "attack_type": "fire_at_will",
        "skill": 4,
        "plane": {
          "wing_formation": "Diamond",
          "row_distances": 3.0,
          "col_distances": 3.0,
          "super_formation": "Diamond",
          "super_row_distances": 1.5,
          "super_col_distances": 1.5,
          "ai_skill": "NORMAL",
          "task": "FLY_WAYPOINT"
        }
      },
      "way": {}
    }
  },
  "areas": {
    "bdt_t1_bomb_zone_01": {
      "type": "Sphere",
      "tm": [
        [
          -250.0,
          0.0,
          -433.013
        ],
        [
          0.0,
          500.0,
          0.0
        ],
        [
          433.013,
          0.0,
          -250.0
        ],
        [
          -7535.8,
          187.91,
          21653.2
        ]
      ],
      "objLayer": 0,
      "props": {}
    },
    "bdt_t1_bomb_zone_02": {
      "type": "Sphere",
      "tm": [
        [
          -443.505,
          0.0,
          -230.874
        ],
        [
          0.0,
          500.0,
          0.0
        ],
        [
          230.874,
          0.0,
          -443.505
        ],
        [
          -12700.8,
          198.622,
          15947.3
        ]
      ],
      "objLayer": 0,
      "props": {}
    },
    "bdt_t1_bomb_zone_03": {
      "type": "Sphere",
      "tm": [
        [
          -230.874,
          0.0,
          -443.505
        ],
        [
          0.0,
          500.0,
          0.0
        ],
        [
          443.505,
          0.0,
          -230.874
        ],
        [
          -7481.58,
          318.878,
          4884.38
        ]
      ],
      "objLayer": 0,
      "props": {}
    },
    "bdt_t1_bomb_zone_04": {
      "type": "Sphere",
      "tm": [
        [
          -443.505,
          0.0,
          -230.874
        ],
        [
          0.0,
          500.0,
          0.0
        ],
        [
          230.874,
          0.0,
          -443.505
        ],
        [
          -11567.0,
          275.849,
          976.167
        ]
      ],
      "objLayer": 0,
      "props": {}
    },
    "bdt_t1_bomb_zone_05": {
      "type": "Sphere",
      "tm": [
        [
          -20.922,
          0.0,
          -499.562
        ],
        [
          0.0,
          500.0,
          0.0
        ],
        [
          499.562,
          0.0,
          -20.922
        ],
        [
          -13385.7,
          222.74,
          -14796.0
        ]
      ],
      "objLayer": 0,
      "props": {}
    },
    "bdt_t1_bomb_zone_06": {
      "type": "Sphere",
      "tm": [
        [
          -269.514,
          0.0,
          -421.143
        ],
        [
          0.0,
          500.0,
          0.0
        ],
        [
          421.143,
          0.0,
          -269.514
        ],
        [
          -7219.1,
          244.688,
          -11092.2
        ]
      ],
      "objLayer": 0,
      "props": {}
    },
    "bdt_t1_bomb_zone_07": {
      "type": "Sphere",
      "tm": [
        [
          -443.505,
          0.0,
          -230.874
        ],
        [
          0.0,
          500.0,
          0.0
        ],
        [
          230.874,
          0.0,
          -443.505
        ],
        [
          -7013.71,
          153.369,
          -27183.5
        ]
      ],
      "objLayer": 0,
      "props": {}
    },
    "bdt_t1_bomb_zone_08": {
      "type": "Sphere",
      "tm": [
        [
          -302.925,
          0.0,
          -397.789
        ],
        [
          0.0,
          500.0,
          0.0
        ],
        [
          397.789,
          0.0,
          -302.925
        ],
        [
          -13850.0,
          163.779,
          -29249.0
        ]
      ],
      "objLayer": 0,
      "props": {}
    },
    "bdt_t2_bomb_zone_01": {
      "type": "Sphere",
      "tm": [
        [
          -499.908,
          0.0,
          -9.54597
        ],
        [
          0.0,
          500.0,
          0.0
        ],
        [
          9.54597,
          0.0,
          -499.908
        ],
        [
          11862.7,
          292.223,
          25892.1
        ]
      ],
      "objLayer": 0,
      "props": {}
    },
    "bdt_t2_bomb_zone_02": {
      "type": "Sphere",
      "tm": [
        [
          -472.927,
          0.0,
          -162.295
        ],
        [
          0.0,
          500.0,
          0.0
        ],
        [
          162.295,
          0.0,
          -472.927
        ],
        [
          11965.8,
          259.862,
          -1809.08
        ]
      ],
      "objLayer": 0,
      "props": {}
    },
    "bdt_t2_bomb_zone_03": {
      "type": "Sphere",
      "tm": [
        [
          -453.154,
          0.0,
          -211.309
        ],
        [
          0.0,
          500.0,
          0.0
        ],
        [
          211.309,
          0.0,
          -453.154
        ],
        [
          6404.21,
          228.806,
          -363.14
        ]
      ],
      "objLayer": 0,
      "props": {}
    },
    "bdt_t2_bomb_zone_04": {
      "type": "Sphere",
      "tm": [
        [
          -495.722,
          0.0,
          65.2629
        ],
        [
          0.0,
          500.0,
          0.0
        ],
        [
          -65.2629,
          0.0,
          -495.722
        ],
        [
          15711.9,
          228.652,
          14926.2
        ]
      ],
      "objLayer": 0,
      "props": {}
    },
    "bdt_t2_bomb_zone_05": {
      "type": "Sphere",
      "tm": [
        [
          -482.963,
          0.0,
          129.409
        ],
        [
          0.0,
          500.0,
          0.0
        ],
        [
          -129.409,
          0.0,
          -482.963
        ],
        [
          6478.81,
          229.032,
          -13190.8
        ]
      ],
      "objLayer": 0,
      "props": {}
    },
    "bdt_t2_bomb_zone_06": {
      "type": "Sphere",
      "tm": [
        [
          -492.404,
          0.0,
          -86.8238
        ],
        [
          0.0,
          500.0,
          0.0
        ],
        [
          86.8238,
          0.0,
          -492.404
        ],
        [
          6468.69,
          197.41,
          -21324.0
        ]
      ],
      "objLayer": 0,
      "props": {}
    },
    "bdt_t2_bomb_zone_07": {
      "type": "Sphere",
      "tm": [
        [
          -443.505,
          0.0,
          -230.874
        ],
        [
          0.0,
          500.0,
          0.0
        ],
        [
          230.874,
          0.0,
          -443.505
        ],
        [
          10741.5,
          86.7554,
          -19792.5
        ]
      ],
      "objLayer": 0,
      "props": {}
    },
    "bdt_t2_bomb_zone_08": {
      "type": "Sphere",
      "tm": [
        [
          -443.505,
          0.0,
          -230.874
        ],
        [
          0.0,
          500.0,
          0.0
        ],
        [
          230.874,
          0.0,
          -443.505
        ],
        [
          18281.1,
          255.15,
          4529.6
        ]
      ],
      "objLayer": 0,
      "props": {}
    },
    "bdt_t2_bomb_zone_09": {
      "type": "Sphere",
      "tm": [
        [
          -488.148,
          0.0,
          -108.219
        ],
        [
          0.0,
          500.0,
          0.0
        ],
        [
          108.219,
          0.0,
          -488.148
        ],
        [
          7104.55,
          206.26,
          19031.3
        ]
      ],
      "objLayer": 0,
      "props": {}
    },
    "bdt_t2_bomb_zone_10": {
      "type": "Sphere",
      "tm": [
        [
          -443.505,
          0.0,
          -230.874
        ],
        [
          0.0,
          500.0,
          0.0
        ],
        [
          230.874,
          0.0,
          -443.505
        ],
        [
          6857.8,
          262.7,
          26849.4
        ]
      ],
      "objLayer": 0,
      "props": {}
