{
  "selected_tag": "",
  "bin_dump_file": "",
  "mission_settings": {
    "player": {
      "army": 1,
      "wing": ""
    },
    "player_teamB": {
      "army": 2,
      "wing": ""
    },
    "mission": {
      "level": "levels/berlin.bin",
      "type": "domination",
      "environment": "Day",
      "weather": "hazy",
      "deathPenaltyMulRounds": 0.0,
      "stars": {
        "latitude": 52.5,
        "longitude": 13.0,
        "year": 1945,
        "month": 4,
        "day": 2
      }
    },
    "spectator_points": {}
  },
  "imports": {
    "import_record": {
      "file": "gameData/missions/templates/air_templates/gs/assaults_gs_template.blk",
      "importAreas": true,
      "importUnits": true,
      "importTriggers": true,
      "importMissionObjectives": true,
      "importWayPoints": true,
      "showAreas": true,
      "showUnits": true,
      "showTriggers": true,
      "showMissionObjectives": true,
      "showWayPoints": true,
      "excludes": {}
    }
  },
  "triggers": {
    "isCategory": true,
    "is_enabled": true
  },
  "mission_objectives": {
    "isCategory": true,
    "is_enabled": true
  },
  "variables": {
    "ai_assaults_saved": 0,
    "ft_helicopters_pad_exclusive": false
  },
  "dialogs": {},
  "airfields": {},
  "effects": {},
  "units": {},
  "areas": {
    "at_area": {
      "type": "Sphere",
      "tm": [
        [
          -14534.5,
          0.0,
          6689.43
        ],
        [
          0.0,
          16000.0,
          0.0
        ],
        [
          -6689.43,
          0.0,
          -14534.5
        ],
        [
          -5619.06,
          2500.0,
          1317.55
        ]
      ],
      "objLayer": 0,
      "props": {}
    },
    "at_t2_spawn_01_01": {
      "type": "Point",
      "tm": [
        [
          -0.438596,
          0.0,
          -0.898686
        ],
        [
          0.0,
          1.0,
          0.0
        ],
        [
          0.898686,
          0.0,
          -0.438596
        ],
        [
          -4280.84,
          2500.0,
          9201.49
        ]
      ],
      "objLayer": 0,
      "props": {}
    },
    "at_t1_spawn_01_01": {
      "type": "Point",
      "tm": [
        [
          0.438596,
          0.0,
          0.898686
        ],
        [
          0.0,
          1.0,
          0.0
        ],
        [
          -0.898686,
          0.0,
          0.438596
        ],
        [
          -10745.9,
          2499.99,
          -4836.91
        ]
      ],
      "objLayer": 0,
      "props": {}
    },
    "at_t2_spawn_01_02": {
      "type": "Point",
      "tm": [
        [
          -0.438596,
          0.0,
          -0.898686
        ],
        [
          0.0,
          1.0,
          0.0
        ],
        [
          0.898686,
          0.0,
          -0.438596
        ],
        [
          -510.567,
          2500.0,
          7473.16
        ]
      ],
      "objLayer": 0,
      "props": {}
    },
    "at_t1_spawn_01_02": {
      "type": "Point",
      "tm": [
        [
          0.438596,
          0.0,
          0.898686
        ],
        [
          0.0,
          1.0,
          0.0
        ],
        [
          -0.898686,
          0.0,
          0.438596
        ],
        [
          -6968.92,
          2499.99,
          -6567.74
        ]
      ],
      "objLayer": 0,
      "props": {}
    },
    "at_t1_spawn_02_01": {
      "type": "Point",
      "tm": [
        [
          0.438596,
          0.0,
          0.898686
        ],
        [
          0.0,
          1.0,
          0.0
        ],
        [
          -0.898686,
          0.0,
          0.438596
        ],
        [
          -4944.47,
          2499.99,
          -6651.02
        ]
      ],
      "objLayer": 0,
      "props": {}
    },
    "at_t1_spawn_02_02": {
      "type": "Point",
      "tm": [
        [
          0.438596,
          0.0,
          0.898686
        ],
        [
          0.0,
          1.0,
          0.0
        ],
        [
          -0.898686,
          0.0,
          0.438596
        ],
        [
          -12088.2,
          2499.99,
          -3387.24
        ]
      ],
      "objLayer": 0,
      "props": {}
    },
    "at_t2_spawn_02_01": {
      "type": "Point",
      "tm": [
        [
          -0.438596,
          0.0,
          -0.898686
        ],
        [
          0.0,
          1.0,
          0.0
        ],
        [
          0.898686,
          0.0,
          -0.438596
        ],
        [
          1139.22,
          2500.01,
          5885.66
        ]
      ],
      "objLayer": 0,
      "props": {}
    },
    "at_t2_spawn_02_02": {
      "type": "Point",
      "tm": [
        [
          -0.438596,
          0.0,
          -0.898686
        ],
        [
          0.0,
          1.0,
          0.0
        ],
        [
          0.898686,
          0.0,
          -0.438596
        ],
        [
          -6315.61,
          2500.0,
          9268.44
        ]
      ],
      "objLayer": 0,
      "props": {}
    },
    "at_area01": {
      "type": "Sphere",
      "tm": [
        [
          -14534.5,
          0.0,
          6689.43
        ],
        [
          0.0,
          16000.0,
          0.0
        ],
        [
          -6689.43,
          0.0,
          -14534.5
        ],
        [
          -11328.0,
          2500.0,
          3939.4
        ]
      ],
      "objLayer": 0,
      "props": {}
    }
  },
  "objLayers": {},
  "wayPoints": {}
}