{
  "selected_tag": "",
  "bin_dump_file": "",
  "mission_settings": {
    "player": {
      "army": 1,
      "wing": "ft_armada"
    },
    "player_teamB": {
      "army": 2
    },
    "mission": {
      "level": "levels/water.bin",
      "type": "singleMission",
      "environment": "Day",
      "weather": "clear",
      "restoreType": "attempts",
      "optionalTakeOff": false
    },
    "spectator_points": {}
  },
  "imports": {},
  "triggers": {
    "isCategory": true,
    "is_enabled": true,
    "fields_high_start": {
      "is_enabled": true,
      "comments": "",
      "props": {
        "actionsType": "PERFORM_ONE_BY_ONE",
        "conditionsType": "ALL",
        "enableAfterComplete": false
      },
      "events": {
        "initMission": {}
      },
      "conditions": {},
      "actions": {
        "varSetInt": [
          {
            "value": 0,
            "var": [
              "ft_t1_max_near_airfields_count",
              "ft_t2_max_near_airfields_count"
            ]
          },
          {
            "value": 0,
            "var": [
              "ft_t1_max_mid_airfields_count",
              "ft_t2_max_mid_airfields_count"
            ]
          },
          {
            "value": 3,
            "var": [
              "ft_t1_max_far_airfields_count",
              "ft_t2_max_far_airfields_count"
            ]
          }
        ],
        "comment": {
          "value": ""
        },
        "varSetReal": {
          "value": 15000.0,
          "var": "ft_generate_distance_between"
        }
      },
      "else_actions": {}
    }
  },
  "mission_objectives": {
    "isCategory": true,
    "is_enabled": true
  },
  "variables": {},
  "dialogs": {},
  "airfields": {},
  "effects": {},
  "units": {
    "objectGroups": [
      {
        "name": "ft_t1_airfield_01_01",
        "tm": [
          [
            0.0306599,
            0.0,
            0.999529
          ],
          [
            0.0,
            1.0,
            0.0
          ],
          [
            -0.999529,
            0.0,
            0.0306599
          ],
          [
            25188.0,
            142.45,
            24684.5
          ]
        ],
        "unit_class": "dynaf_universal_1line_3000_a_big",
        "objLayer": 2,
        "props": {
          "army": 1,
          "active": false
        }
      },
      {
        "name": "ft_t1_airfield_01_02",
        "tm": [
          [
            -0.685762,
            0.0,
            0.727826
          ],
          [
            0.0,
            1.0,
            0.0
          ],
          [
            -0.727826,
            0.0,
            -0.685762
          ],
          [
            -22571.4,
            65.8,
            25627.5
          ]
        ],
        "unit_class": "dynaf_universal_1line_3000_a_big",
        "objLayer": 2,
        "props": {
          "army": 1,
          "active": false
        }
      },
      {
        "name": "ft_t1_airfield_01_03",
        "tm": [
          [
            -0.0560206,
            0.0,
            0.99843
          ],
          [
            0.0,
            1.0,
            0.0
          ],
          [
            -0.99843,
            0.0,
            -0.0560206
          ],
          [
            -432.5,
            199.95,
            25310.1
          ]
        ],
        "unit_class": "dynaf_universal_1line_3000_a",
        "objLayer": 2,
        "props": {
          "army": 1,
          "active": false
        }
      },
      {
        "name": "ft_t1_airfield_02_01",
        "tm": [
          [
            0.0436192,
            0.0,
            0.999049
          ],
          [
            0.0,
            1.0,
            0.0
          ],
          [
            -0.999049,
            0.0,
            0.0436192
          ],
          [
            25026.5,
            326.2,
            16183.7
          ]
        ],
        "unit_class": "dynaf_universal_1line_a_big",
        "objLayer": 2,
        "props": {
          "army": 1,
          "active": false
        }
      },
      {
        "name": "ft_t1_airfield_02_02",
        "tm": [
          [
            0.0436196,
            0.0,
            0.999048
          ],
          [
            0.0,
            1.0,
            0.0
          ],
          [
            -0.999048,
            0.0,
            0.0436196
          ],
          [
            -13848.0,
            269.499,
            17388.0
          ]
        ],
        "unit_class": "dynaf_universal_1line_a_big",
        "objLayer": 2,
        "props": {
          "army": 1,
          "active": false
        }
      },
      {
        "name": "ft_t1_airfield_03_01",
        "tm": [
          [
            -0.360904,
            0.0,
            0.932603
          ],
          [
            0.0,
            1.0,
            0.0
          ],
          [
            -0.932603,
            0.0,
            -0.360904
          ],
          [
            9173.05,
            137.2,
            13286.2
          ]
        ],
        "unit_class": "dynaf_universal_1line_a_big",
        "objLayer": 2,
        "props": {
          "army": 1,
          "active": false
        }
      },
      {
        "name": "ft_t1_airfield_03_02",
        "tm": [
          [
            -0.461749,
            0.0,
            0.887011
          ],
          [
            0.0,
            1.0,
            0.0
          ],
          [
            -0.887011,
            0.0,
            -0.461749
          ],
          [
            -6480.45,
            262.401,
            13402.4
          ]
        ],
        "unit_class": "dynaf_universal_1line_a_big",
        "objLayer": 2,
        "props": {
          "army": 1,
          "active": false
        }
      },
      {
        "name": "ft_t2_airfield_01_01",
        "tm": [
          [
            -0.479635,
            0.0,
            -0.877467
          ],
          [
            0.0,
            1.0,
            0.0
          ],
          [
            0.877467,
            0.0,
            -0.479635
          ],
          [
            -24108.5,
            363.3,
            -25560.6
          ]
        ],
        "unit_class": "dynaf_universal_1line_3000_a",
        "objLayer": 2,
        "props": {
          "army": 2,
          "active": false
        }
      },
      {
        "name": "ft_t2_airfield_01_02",
        "tm": [
          [
            -0.25882,
            0.0,
            -0.965926
          ],
          [
            0.0,
            1.0,
            0.0
          ],
          [
            0.965926,
            0.0,
            -0.25882
          ],
          [
            15317.5,
            193.35,
            -25896.0
          ]
        ],
        "unit_class": "dynaf_universal_1line_3000_a",
        "objLayer": 2,
        "props": {
          "army": 2,
          "active": false
        }
      },
      {
        "name": "ft_t2_airfield_01_03",
        "tm": [
          [
            0.45413,
            0.0,
            -0.890936
          ],
          [
            0.0,
            1.0,
            0.0
          ],
          [
            0.890936,
            0.0,
            0.45413
          ],
          [
            26018.4,
            295.5,
            -25314.6
          ]
        ],
        "unit_class": "dynaf_universal_1line_3000_a",
        "objLayer": 2,
        "props": {
          "army": 2,
          "active": false
        }
      },
      {
        "name": "ft_t2_airfield_03_02",
        "tm": [
          [
            -0.642788,
            0.0,
            -0.766044
          ],
          [
            0.0,
            1.0,
            0.0
          ],
          [
            0.766044,
            0.0,
            -0.642788
          ],
          [
            -956.197,
            113.098,
            -14600.1
          ]
        ],
        "unit_class": "dynaf_universal_1line_b",
        "objLayer": 2,
        "props": {
          "army": 2,
          "active": false
        }
      },
      {
        "name": "ft_t2_airfield_03_01",
        "tm": [
          [
            0.34202,
            0.0,
            -0.939693
          ],
          [
            0.0,
            1.0,
            0.0
          ],
          [
            0.939693,
            0.0,
            0.34202
          ],
          [
            14016.9,
            278.699,
            -13901.9
          ]
        ],
        "unit_class": "dynaf_universal_1line_b_big",
        "objLayer": 2,
        "props": {
          "army": 2,
          "active": false
        }
      },
      {
        "name": "ft_t2_airfield_02_01",
        "tm": [
          [
            0.0871557,
            0.0,
            -0.996194
          ],
          [
            0.0,
            1.0,
            0.0
          ],
          [
            0.996194,
            0.0,
            0.0871557
          ],
          [
            20850.0,
            174.699,
            -17521.1
          ]
        ],
        "unit_class": "dynaf_universal_1line_b_big",
        "objLayer": 2,
        "props": {
          "army": 2,
          "active": false
        }
      },
      {
        "name": "ft_t2_airfield_02_02",
        "tm": [
          [
            -0.130527,
            0.0,
            -0.991445
          ],
          [
            0.0,
            1.0,
            0.0
          ],
          [
            0.991445,
            0.0,
            -0.130527
          ],
          [
            -12007.5,
            362.524,
            -18750.0
          ]
        ],
        "unit_class": "dynaf_universal_1line_b_big",
        "objLayer": 2,
        "props": {
          "army": 2,
          "active": false
        }
      },
      {
        "name": "ft_t2_airfield_03_03",
        "tm": [
          [
            0.258819,
            0.0,
            -0.965926
          ],
          [
            0.0,
            1.0,
            0.0
          ],
          [
            0.965926,
            0.0,
            0.258819
          ],
          [
            -9591.1,
            333.1,
            -13145.4
          ]
        ],
        "unit_class": "dynaf_universal_1line_b_big",
        "objLayer": 2,
        "props": {
          "army": 2,
          "active": false
        }
      },
      {
        "name": "ft_t2_airfield_02_03",
        "tm": [
          [
            0.0871557,
            0.0,
            -0.996194
          ],
          [
            0.0,
            1.0,
            0.0
          ],
          [
            0.996194,
            0.0,
            0.0871557
          ],
          [
            8331.9,
            214.97,
            -19653.0
          ]
        ],
        "unit_class": "dynaf_universal_1line_b_big",
        "objLayer": 2,
        "props": {
          "army": 2,
          "active": false
        }
      },
      {
        "name": "ft_t1_airfield_02_03",
        "tm": [
          [
            0.300706,
            0.0,
            0.953717
          ],
          [
            0.0,
            1.0,
            0.0
          ],
          [
            -0.953717,
            0.0,
            0.300706
          ],
          [
            -5456.37,
            241.65,
            19855.9
          ]
        ],
        "unit_class": "dynaf_universal_1line_a_big",
        "objLayer": 2,
        "props": {
          "army": 1,
          "active": false
        }
      },
      {
        "name": "ft_t1_airfield_03_03",
        "tm": [
          [
            -0.461749,
            0.0,
            0.887011
          ],
          [
            0.0,
            1.0,
            0.0
          ],
          [
            -0.887011,
            0.0,
            -0.461749
          ],
          [
            -22567.2,
            182.201,
            13845.7
          ]
        ],
        "unit_class": "dynaf_universal_1line_a_big",
        "objLayer": 2,
        "props": {
          "army": 1,
          "active": false
        }
      },
      {
        "name": "ft_t1_airfield_01_04",
        "tm": [
          [
            0.337546,
            0.0,
            0.941308
          ],
          [
            0.0,
            1.0,
            0.0
          ],
          [
            -0.941308,
            0.0,
            0.337546
          ],
          [
            10460.0,
            236.75,
            25239.5
          ]
        ],
        "unit_class": "dynaf_universal_1line_3000_a",
        "objLayer": 2,
        "props": {
          "army": 1,
          "active": false
        }
      },
      {
        "name": "ft_t1_airfield_01_05",
        "tm": [
          [
            0.0611576,
            0.0,
            0.998128
          ],
          [
            0.0,
            1.0,
            0.0
          ],
          [
            -0.998128,
            0.0,
            0.0611576
          ],
          [
            -10387.9,
            210.95,
            24955.8
          ]
        ],
        "unit_class": "dynaf_universal_1line_3000_a_big",
        "objLayer": 2,
        "props": {
          "army": 1,
          "active": false
        }
      },
      {
        "name": "ft_t1_airfield_02_04",
        "tm": [
          [
            0.413017,
            0.0,
            0.910723
          ],
          [
            0.0,
            1.0,
            0.0
          ],
          [
            -0.910723,
            0.0,
            0.413017
          ],
          [
            5546.12,
            130.892,
            19659.2
          ]
        ],
        "unit_class": "dynaf_universal_1line_a_big",
        "objLayer": 2,
        "props": {
          "army": 1,
          "active": false
        }
      },
      {
        "name": "ft_t1_airfield_02_05",
        "tm": [
          [
            -0.378754,
            0.0,
            0.925498
          ],
          [
            0.0,
            1.0,
            0.0
          ],
          [
            -0.925498,
            0.0,
            -0.378754
          ],
          [
            15704.8,
            258.754,
            19268.8
          ]
        ],
        "unit_class": "dynaf_universal_1line_a_big",
        "objLayer": 2,
        "props": {
          "army": 1,
          "active": false
        }
      },
      {
        "name": "ft_t1_airfield_03_04",
        "tm": [
          [
            -0.626494,
            0.0,
            0.779426
          ],
          [
            0.0,
            1.0,
            0.0
          ],
          [
            -0.779426,
            0.0,
            -0.626494
          ],
          [
            818.425,
            286.142,
            12881.2
          ]
        ],
        "unit_class": "dynaf_universal_1line_a_big",
        "objLayer": 2,
        "props": {
          "army": 1,
          "active": false
        }
      },
      {
        "name": "ft_t1_airfield_03_05",
        "tm": [
          [
            0.405155,
            0.0,
            0.914249
          ],
          [
            0.0,
            1.0,
            0.0
          ],
          [
            -0.914249,
            0.0,
            0.405155
          ],
          [
            15683.8,
            322.877,
            12429.5
          ]
        ],
        "unit_class": "dynaf_universal_1line_a_big",
        "objLayer": 2,
        "props": {
          "army": 1,
          "active": false
        }
      },
      {
        "name": "ft_t2_airfield_01_04",
        "tm": [
          [
            -0.215479,
            0.0,
            -0.976509
          ],
          [
            0.0,
            1.0,
            0.0
          ],
          [
            0.976509,
            0.0,
            -0.215479
          ],
          [
            -13421.2,
            352.95,
            -25497.6
          ]
        ],
        "unit_class": "dynaf_universal_1line_3000_a",
        "objLayer": 2,
        "props": {
          "army": 2,
          "active": false
        }
      },
      {
        "name": "ft_t2_airfield_01_05",
        "tm": [
          [
            0.0404491,
            0.0,
            -0.999182
          ],
          [
            0.0,
            1.0,
            0.0
          ],
          [
            0.999182,
            0.0,
            0.0404491
          ],
          [
            -2445.0,
            351.9,
            -25576.5
          ]
        ],
        "unit_class": "dynaf_universal_1line_3000_a",
        "objLayer": 2,
        "props": {
          "army": 2,
          "active": false
        }
      },
      {
        "name": "ft_t2_airfield_02_04",
        "tm": [
          [
            0.0871557,
            0.0,
            -0.996194
          ],
          [
            0.0,
            1.0,
            0.0
          ],
          [
            0.996194,
            0.0,
            0.0871557
          ],
          [
            2839.9,
            193.422,
            -17997.5
          ]
        ],
        "unit_class": "dynaf_universal_1line_b_big",
        "objLayer": 2,
        "props": {
          "army": 2,
          "active": false
        }
      },
      {
        "name": "ft_t2_airfield_02_05",
        "tm": [
          [
            -0.733438,
            0.0,
            -0.679756
          ],
          [
            0.0,
            1.0,
            0.0
          ],
          [
            0.679756,
            0.0,
            -0.733438
          ],
          [
            -19352.5,
            377.466,
            -18505.5
          ]
        ],
        "unit_class": "dynaf_universal_1line_b_big",
        "objLayer": 2,
        "props": {
          "army": 2,
          "active": false
        }
      },
      {
        "name": "ft_t2_airfield_03_04",
        "tm": [
          [
            0.34202,
            0.0,
            -0.939693
          ],
          [
            0.0,
            1.0,
            0.0
          ],
          [
            0.939693,
            0.0,
            0.34202
          ],
          [
            25834.6,
            287.242,
            -14960.3
          ]
        ],
        "unit_class": "dynaf_universal_1line_b_big",
        "objLayer": 2,
        "props": {
          "army": 2,
          "active": false
        }
      },
      {
        "name": "ft_t2_airfield_03_05",
        "tm": [
          [
            0.210642,
            0.0,
            -0.977563
          ],
          [
            0.0,
            1.0,
            0.0
          ],
          [
            0.977563,
            0.0,
            0.210642
          ],
          [
            -20601.2,
            350.264,
            -13587.0
          ]
        ],
        "unit_class": "dynaf_universal_1line_b_big",
        "objLayer": 2,
        "props": {
          "army": 2,
          "active": false
        }
      }
    ],
    "squad": [
      {
        "name": "ft_t1_airfields_squad",
        "tm": [
          [
            -1.49012E-08,
            0.0,
            1.0
          ],
          [
            0.0,
            1.0,
            0.0
          ],
          [
            -1.0,
            0.0,
            -1.49012E-08
          ],
          [
            36385.0,
            3.86328,
            18404.4
          ]
        ],
        "props": {
          "squad_members": [
            "ft_t1_airfield_01_01",
            "ft_t1_airfield_01_02",
            "ft_t1_airfield_01_03",
            "ft_t1_airfield_01_04",
            "ft_t1_airfield_01_05",
            "ft_t1_airfield_02_01",
            "ft_t1_airfield_02_02",
            "ft_t1_airfield_02_03",
            "ft_t1_airfield_02_04",
            "ft_t1_airfield_02_05",
            "ft_t1_airfield_03_01",
            "ft_t1_airfield_03_02",
            "ft_t1_airfield_03_03",
            "ft_t1_airfield_03_04",
            "ft_t1_airfield_03_05"
          ],
          "object_marking": 0
        }
      },
      {
        "name": "ft_t2_airfields_squad",
        "tm": [
          [
            -1.49012E-08,
            0.0,
            1.0
          ],
          [
            0.0,
            1.0,
            0.0
          ],
          [
            -1.0,
            0.0,
            -1.49012E-08
          ],
          [
            34248.2,
            140.355,
            -20120.1
          ]
        ],
        "props": {
          "squad_members": [
            "ft_t2_airfield_01_01",
            "ft_t2_airfield_01_02",
            "ft_t2_airfield_01_03",
            "ft_t2_airfield_01_04",
            "ft_t2_airfield_01_05",
            "ft_t2_airfield_02_01",
            "ft_t2_airfield_02_02",
            "ft_t2_airfield_02_03",
            "ft_t2_airfield_02_04",
            "ft_t2_airfield_02_05",
            "ft_t2_airfield_03_01",
            "ft_t2_airfield_03_02",
            "ft_t2_airfield_03_03",
            "ft_t2_airfield_03_04",
            "ft_t2_airfield_03_05"
          ],
          "object_marking": 0
        }
      }
    ]
  },
  "areas": {
    "ft_t2_airfield_01_01_bomb_zone": {
      "type": "Box",
      "tm": [
        [
          1655.85,
          0.0,
          2738.28
        ],
        [
          0.0,
          1000.0,
          0.0
        ],
        [
          -1026.85,
          0.0,
          620.945
        ],
        [
          -24225.8,
          186.505,
          -25535.1
        ]
      ],
      "objLayer": 0,
      "props": {}
    },
    "ft_t2_airfield_01_02_bomb_zone": {
      "type": "Box",
      "tm": [
        [
          828.23,
          0.0,
          3090.96
        ],
        [
          0.0,
          1000.0,
          0.0
        ],
        [
          -1159.11,
          0.0,
          310.584
        ],
        [
          15231.7,
          -48.0798,
          -25856.8
        ]
      ],
      "objLayer": 0,
      "props": {}
    },
    "ft_t2_airfield_01_03_bomb_zone": {
      "type": "Box",
      "tm": [
        [
          1453.22,
          0.0,
          -2850.99
        ],
        [
          0.0,
          1000.0,
          0.0
        ],
        [
          1069.12,
          0.0,
          544.958
        ],
        [
          26019.5,
          210.7,
          -25321.6
        ]
      ],
      "objLayer": 0,
      "props": {}
    },
    "ft_t2_airfield_03_02_bomb_zone": {
      "type": "Box",
      "tm": [
        [
          1948.03,
          0.0,
          2538.74
        ],
        [
          0.0,
          1000.0,
          0.0
        ],
        [
          -952.023,
          0.0,
          730.513
        ],
        [
          -1011.35,
          39.989,
          -14643.2
        ]
      ],
      "objLayer": 0,
      "props": {}
    },
    "ft_t2_airfield_02_02_bomb_zone": {
      "type": "Box",
      "tm": [
        [
          278.898,
          0.0,
          3187.82
        ],
        [
          0.0,
          1000.0,
          0.0
        ],
        [
          -1195.43,
          0.0,
          104.586
        ],
        [
          -11996.3,
          252.439,
          -18727.2
        ]
      ],
      "objLayer": 0,
      "props": {}
    },
    "ft_t2_airfield_03_01_bomb_zone": {
      "type": "Box",
      "tm": [
        [
          -1224.59,
          0.0,
          2956.41
        ],
        [
          0.0,
          1000.0,
          0.0
        ],
        [
          -1108.65,
          0.0,
          -459.219
        ],
        [
          13981.2,
          220.861,
          -13828.0
        ]
      ],
      "objLayer": 0,
      "props": {}
    },
    "ft_t2_airfield_02_01_bomb_zone": {
      "type": "Box",
      "tm": [
        [
          -417.689,
          0.0,
          3172.62
        ],
        [
          0.0,
          1000.0,
          0.0
        ],
        [
          -1189.73,
          0.0,
          -156.632
        ],
        [
          20797.9,
          110.939,
          -17602.8
        ]
      ],
      "objLayer": 0,
      "props": {}
    },
    "ft_t1_airfield_01_01_bomb_zone": {
      "type": "Box",
      "tm": [
        [
          103.392,
          0.0,
          3398.43
        ],
        [
          0.0,
          1000.0,
          0.0
        ],
        [
          -1399.35,
          0.0,
          42.5745
        ],
        [
          25382.6,
          50.3,
          24738.9
        ]
      ],
      "objLayer": 0,
      "props": {}
    },
    "ft_t1_airfield_01_03_bomb_zone": {
      "type": "Box",
      "tm": [
        [
          -192.671,
          0.0,
          3394.54
        ],
        [
          0.0,
          1000.0,
          0.0
        ],
        [
          -1397.75,
          0.0,
          -79.3342
        ],
        [
          -447.621,
          130.469,
          25342.0
        ]
      ],
      "objLayer": 0,
      "props": {}
    },
    "ft_t1_airfield_01_02_bomb_zone": {
      "type": "Box",
      "tm": [
        [
          -2331.78,
          0.0,
          2474.43
        ],
        [
          0.0,
          1000.0,
          0.0
        ],
        [
          -1018.88,
          0.0,
          -960.144
        ],
        [
          -22553.2,
          45.45,
          25827.7
        ]
      ],
      "objLayer": 0,
      "props": {}
    },
    "ft_t1_airfield_02_01_bomb_zone": {
      "type": "Box",
      "tm": [
        [
          139.585,
          0.0,
          3196.95
        ],
        [
          0.0,
          1000.0,
          0.0
        ],
        [
          -1198.86,
          0.0,
          52.343
        ],
        [
          24945.3,
          254.239,
          16273.5
        ]
      ],
      "objLayer": 0,
      "props": {}
    },
    "ft_t1_airfield_02_02_bomb_zone": {
      "type": "Box",
      "tm": [
        [
          0.000781251,
          0.0,
          3200.0
        ],
        [
          0.0,
          1000.0,
          0.0
        ],
        [
          -1200.0,
          0.0,
          0.000137329
        ],
        [
          -13872.5,
          209.539,
          17434.8
        ]
      ],
      "objLayer": 0,
      "props": {}
    },
    "ft_t1_airfield_03_01_bomb_zone": {
      "type": "Box",
      "tm": [
        [
          -1154.89,
          0.0,
          2984.33
        ],
        [
          0.0,
          1000.0,
          0.0
        ],
        [
          -1119.12,
          0.0,
          -433.085
        ],
        [
          9165.29,
          78.453,
          13234.5
        ]
      ],
      "objLayer": 0,
      "props": {}
    },
    "ft_t1_airfield_03_02_bomb_zone": {
      "type": "Box",
      "tm": [
        [
          -1477.61,
          0.0,
          2838.43
        ],
        [
          0.0,
          1000.0,
          0.0
        ],
        [
          -1064.41,
          0.0,
          -554.1
        ],
        [
          -6493.95,
          199.099,
          13404.2
        ]
      ],
      "objLayer": 0,
      "props": {}
    },
    "ft_t1_airfield_01_01_spawn_01": {
      "type": "Point",
      "tm": [
        [
          0.526104,
          0.0,
          0.85042
        ],
        [
          0.0,
          1.0,
          0.0
        ],
        [
          -0.85042,
          0.0,
          0.526104
        ],
        [
          26043.4,
          137.443,
          25679.2
        ]
      ],
      "objLayer": 0,
      "props": {}
    },
    "ft_t1_airfield_01_01_spawn_02": {
      "type": "Point",
      "tm": [
        [
          0.526104,
          0.0,
          0.85042
        ],
        [
          0.0,
          1.0,
          0.0
        ],
        [
          -0.85042,
          0.0,
          0.526104
        ],
        [
          25889.3,
          189.037,
          23397.4
        ]
      ],
      "objLayer": 0,
      "props": {}
    },
    "ft_t1_airfield_01_01_spawn_03": {
      "type": "Point",
      "tm": [
        [
          0.526104,
          0.0,
          0.85042
        ],
        [
          0.0,
          1.0,
          0.0
        ],
        [
          -0.85042,
          0.0,
          0.526104
        ],
        [
          24648.8,
          194.378,
          24392.0
        ]
      ],
      "objLayer": 0,
      "props": {}
    },
    "ft_t1_airfield_01_01_spawn_04": {
      "type": "Point",
      "tm": [
        [
          0.526104,
          0.0,
          0.85042
        ],
        [
          0.0,
          1.0,
          0.0
        ],
        [
          -0.85042,
          0.0,
          0.526104
        ],
        [
          24629.5,
          190.227,
          23642.3
        ]
      ],
      "objLayer": 0,
      "props": {}
    },
    "ft_t1_airfield_01_01_spawn_05": {
      "type": "Point",
      "tm": [
        [
          0.526104,
          0.0,
          0.85042
        ],
        [
          0.0,
          1.0,
          0.0
        ],
        [
          -0.85042,
          0.0,
          0.526104
        ],
        [
          25921.5,
          197.338,
          23894.6
        ]
      ],
      "objLayer": 0,
      "props": {}
    },
    "ft_t1_airfield_01_01_spawn_06": {
      "type": "Point",
      "tm": [
        [
          0.526104,
          0.0,
          0.85042
        ],
        [
          0.0,
          1.0,
          0.0
        ],
        [
          -0.85042,
          0.0,
          0.526104
        ],
        [
          25945.7,
          191.71,
          24334.0
        ]
      ],
      "objLayer": 0,
      "props": {}
    },
    "ft_t1_airfield_01_01_spawn_07": {
      "type": "Point",
      "tm": [
        [
          0.526104,
          0.0,
          0.85042
        ],
        [
          0.0,
          1.0,
          0.0
        ],
        [
          -0.85042,
          0.0,
          0.526104
        ],
        [
          25956.9,
          184.559,
          24935.2
        ]
      ],
      "objLayer": 0,
      "props": {}
    },
    "ft_t1_airfield_01_01_spawn_08": {
      "type": "Point",
      "tm": [
        [
          0.526104,
          0.0,
          0.85042
        ],
        [
          0.0,
          1.0,
          0.0
        ],
        [
          -0.85042,
          0.0,
          0.526104
        ],
        [
          26028.3,
          157.408,
          25337.6
        ]
      ],
      "objLayer": 0,
      "props": {}
    },
    "ft_t1_airfield_01_01_spawn_09": {
      "type": "Point",
      "tm": [
        [
          0.526104,
          0.0,
          0.85042
        ],
        [
          0.0,
          1.0,
          0.0
        ],
        [
          -0.85042,
          0.0,
          0.526104
        ],
        [
          24605.3,
          160.64,
          25119.4
        ]
      ],
      "objLayer": 0,
      "props": {}
    },
    "ft_t1_airfield_01_01_spawn_10": {
      "type": "Point",
      "tm": [
        [
          0.526104,
          0.0,
          0.85042
        ],
        [
          0.0,
          1.0,
          0.0
        ],
        [
          -0.85042,
          0.0,
          0.526104
        ],
        [
          24628.6,
          171.069,
          24792.7
        ]
      ],
      "objLayer": 0,
      "props": {}
    },
    "ft_t1_airfield_01_01_spawn_11": {
      "type": "Point",
      "tm": [
        [
          0.526104,
          0.0,
          0.85042
        ],
        [
          0.0,
          1.0,
          0.0
        ],
        [
          -0.85042,
          0.0,
          0.526104
        ],
        [
          24561.8,
          99.0525,
          25964.4
        ]
      ],
      "objLayer": 0,
      "props": {}
    },
    "ft_t1_airfield_01_01_spawn_12": {
      "type": "Point",
      "tm": [
        [
          0.526104,
          0.0,
          0.85042
        ],
        [
          0.0,
          1.0,
          0.0
        ],
        [
          -0.85042,
          0.0,
          0.526104
        ],
        [
          26050.3,
          100.224,
          26050.7
        ]
      ],
      "objLayer": 0,
      "props": {}
    },
    "ft_t1_airfield_01_01_spawn_13": {
      "type": "Point",
      "tm": [
        [
          0.526104,
          0.0,
          0.85042
        ],
        [
          0.0,
          1.0,
          0.0
        ],
        [
          -0.85042,
          0.0,
          0.526104
        ],
        [
          24567.8,
          117.217,
          25544.8
        ]
      ],
      "objLayer": 0,
      "props": {}
    },
    "ft_t1_airfield_01_01_spawn_14": {
      "type": "Point",
      "tm": [
        [
          0.526104,
          0.0,
          0.85042
        ],
        [
          0.0,
          1.0,
          0.0
        ],
        [
          -0.85042,
          0.0,
          0.526104
        ],
        [
          24631.1,
          196.084,
          23981.3
        ]
      ],
      "objLayer": 0,
      "props": {}
    },
    "ft_t1_airfield_01_02_spawn_01": {
      "type": "Point",
      "tm": [
        [
          -0.0575614,
          0.0,
          0.998342
        ],
        [
          0.0,
          1.0,
          0.0
        ],
        [
          -0.998342,
          0.0,
          -0.0575614
        ],
        [
          -22459.1,
          44.143,
          24532.2
        ]
      ],
      "objLayer": 0,
      "props": {}
    },
    "ft_t1_airfield_01_02_spawn_02": {
      "type": "Point",
      "tm": [
        [
          -0.0575614,
          0.0,
          0.998342
        ],
        [
          0.0,
          1.0,
          0.0
        ],
        [
          -0.998342,
          0.0,
          -0.0575614
        ],
        [
          -22949.0,
          95.907,
          27126.5
        ]
      ],
      "objLayer": 0,
      "props": {}
    },
    "ft_t1_airfield_01_02_spawn_03": {
      "type": "Point",
      "tm": [
        [
          -0.0575614,
          0.0,
          0.998342
        ],
        [
          0.0,
          1.0,
          0.0
        ],
        [
          -0.998342,
          0.0,
          -0.0575614
        ],
        [
          -22394.6,
          96.631,
          26669.8
        ]
      ],
      "objLayer": 0,
      "props": {}
    },
    "ft_t1_airfield_01_02_spawn_04": {
      "type": "Point",
      "tm": [
        [
          -0.0575614,
          0.0,
          0.998342
        ],
        [
          0.0,
          1.0,
          0.0
        ],
        [
          -0.998342,
          0.0,
          -0.0575614
        ],
        [
          -22180.1,
          98.289,
          26405.6
        ]
      ],
      "objLayer": 0,
      "props": {}
    },
    "ft_t1_airfield_01_02_spawn_05": {
      "type": "Point",
      "tm": [
        [
          -0.0575614,
          0.0,
          0.998342
        ],
        [
          0.0,
          1.0,
          0.0
        ],
        [
          -0.998342,
          0.0,
          -0.0575614
        ],
        [
          -23493.3,
          87.624,
          25699.7
        ]
      ],
      "objLayer": 0,
      "props": {}
    },
    "ft_t1_airfield_01_02_spawn_06": {
      "type": "Point",
      "tm": [
        [
          -0.0575614,
          0.0,
          0.998342
        ],
        [
          0.0,
          1.0,
          0.0
        ],
        [
          -0.998342,
          0.0,
          -0.0575614
        ],
        [
          -23020.3,
          78.949,
          25203.7
        ]
      ],
      "objLayer": 0,
      "props": {}
    },
    "ft_t1_airfield_01_02_spawn_07": {
      "type": "Point",
      "tm": [
        [
          -0.0575614,
          0.0,
          0.998342
        ],
        [
          0.0,
          1.0,
          0.0
        ],
        [
          -0.998342,
          0.0,
          -0.0575614
        ],
        [
          -21526.0,
          104.636,
          25570.0
        ]
      ],
      "objLayer": 0,
      "props": {}
    },
    "ft_t1_airfield_01_02_spawn_08": {
      "type": "Point",
      "tm": [
        [
          -0.0575614,
          0.0,
          0.998342
        ],
        [
          0.0,
          1.0,
          0.0
        ],
        [
          -0.998342,
          0.0,
          -0.0575614
        ],
        [
          -21783.2,
          95.782,
          25909.0
        ]
      ],
      "objLayer": 0,
      "props": {}
    },
    "ft_t1_airfield_01_02_spawn_09": {
      "type": "Point",
      "tm": [
        [
          -0.0575614,
          0.0,
          0.998342
        ],
        [
          0.0,
          1.0,
          0.0
        ],
        [
          -0.998342,
          0.0,
          -0.0575614
        ],
        [
          -23697.4,
          79.366,
          25908.2
        ]
      ],
      "objLayer": 0,
      "props": {}
    },
    "ft_t1_airfield_01_02_spawn_10": {
      "type": "Point",
      "tm": [
        [
          -0.0575614,
          0.0,
          0.998342
        ],
        [
          0.0,
          1.0,
          0.0
        ],
        [
          -0.998342,
          0.0,
          -0.0575614
        ],
        [
          -22762.4,
          70.921,
          24888.7
        ]
      ],
      "objLayer": 0,
      "props": {}
    },
    "ft_t1_airfield_01_02_spawn_11": {
      "type": "Point",
      "tm": [
        [
          -0.0575614,
          0.0,
          0.998342
        ],
        [
          0.0,
          1.0,
          0.0
        ],
        [
          -0.998342,
          0.0,
          -0.0575614
        ],
        [
          -22018.9,
          95.936,
          26147.4
        ]
      ],
      "objLayer": 0,
      "props": {}
    },
    "ft_t1_airfield_01_02_spawn_12": {
      "type": "Point",
      "tm": [
        [
          -0.0575614,
          0.0,
          0.998342
        ],
        [
          0.0,
          1.0,
          0.0
        ],
        [
          -0.998342,
          0.0,
          -0.0575614
        ],
        [
          -22600.7,
          106.855,
          26909.8
        ]
      ],
      "objLayer": 0,
      "props": {}
    },
    "ft_t1_airfield_01_02_spawn_13": {
      "type": "Point",
      "tm": [
        [
          -0.0575614,
          0.0,
          0.998342
        ],
        [
          0.0,
          1.0,
          0.0
        ],
        [
          -0.998342,
          0.0,
          -0.0575614
        ],
        [
          -23262.1,
          79.271,
          25440.3
        ]
      ],
      "objLayer": 0,
      "props": {}
    },
    "ft_t1_airfield_01_02_spawn_14": {
      "type": "Point",
      "tm": [
        [
          -0.0575614,
          0.0,
          0.998342
        ],
        [
          0.0,
          1.0,
          0.0
        ],
        [
          -0.998342,
          0.0,
          -0.0575614
        ],
        [
          -23874.4,
          90.186,
          26117.5
        ]
      ],
      "objLayer": 0,
      "props": {}
    },
    "ft_t1_airfield_01_03_spawn_01": {
      "type": "Point",
      "tm": [
        [
          -0.906307,
          0.0,
          0.422618
        ],
        [
          0.0,
          1.0,
          0.0
        ],
        [
          -0.422618,
          0.0,
          -0.906307
        ],
        [
          127.106,
          182.301,
          24472.6
        ]
      ],
      "objLayer": 0,
      "props": {}
    },
    "ft_t1_airfield_01_03_spawn_02": {
      "type": "Point",
      "tm": [
        [
          -0.906307,
          0.0,
          0.422618
        ],
        [
          0.0,
          1.0,
          0.0
        ],
        [
          -0.422618,
          0.0,
          -0.906307
        ],
        [
          163.256,
          169.395,
          24151.1
        ]
      ],
      "objLayer": 0,
      "props": {}
    },
    "ft_t1_airfield_01_03_spawn_03": {
      "type": "Point",
      "tm": [
        [
          -0.906307,
          0.0,
          0.422618
        ],
        [
          0.0,
          1.0,
          0.0
        ],
        [
          -0.422618,
          0.0,
          -0.906307
        ],
        [
          78.5555,
