{
  "selected_tag": "",
  "bin_dump_file": "",
  "mission_settings": {
    "player": {
      "army": 1,
      "wing": "ft_armada"
    },
    "player_teamB": {
      "army": 2
    },
    "mission": {
      "level": "levels/water.bin",
      "type": "singleMission",
      "environment": "Day",
      "weather": "clear",
      "restoreType": "attempts",
      "optionalTakeOff": false
    },
    "spectator_points": []
  },
  "imports": [],
  "triggers": {
    "isCategory": true,
    "is_enabled": true,
    "fields_mid_start": {
      "is_enabled": true,
      "comments": "",
      "props": {
        "actionsType": "PERFORM_ONE_BY_ONE",
        "conditionsType": "ALL",
        "enableAfterComplete": false
      },
      "events": {
        "initMission": []
      },
      "conditions": [],
      "actions": [
        {
          "varSetInt": [
            {
              "value": 0
            },
            {
              "var": "ft_t1_max_near_airfields_count"
            },
            {
              "var": "ft_t2_max_near_airfields_count"
            }
          ]
        },
        {
          "varSetInt": [
            {
              "value": 3
            },
            {
              "var": "ft_t1_max_mid_airfields_count"
            },
            {
              "var": "ft_t2_max_mid_airfields_count"
            }
          ]
        },
        {
          "varSetInt": [
            {
              "value": 2
            },
            {
              "var": "ft_t1_max_far_airfields_count"
            },
            {
              "var": "ft_t2_max_far_airfields_count"
            }
          ]
        },
        {
          "comment": {
            "value": ""
          }
        },
        {
          "varSetReal": {
            "value": 12000.0,
            "var": "ft_generate_distance_between"
          }
        }
      ],
      "else_actions": []
    }
  },
  "mission_objectives": {
    "isCategory": true,
    "is_enabled": true
  },
  "variables": [],
  "dialogs": [],
  "airfields": [],
  "effects": [],
  "units": [
    {
      "objectGroups": {
        "name": "ft_t1_airfield_01_01",
        "tm": [
          [-0.170026,0.0,0.985439],
          [0.0,1.0,0.0],
          [-0.985439,0.0,-0.170026],
          [24777.0,193.426,25436.2]
        ],
        "unit_class": "dynaf_universal_1line_a",
        "objLayer": 2,
        "props": {
          "army": 1,
          "active": false
        }
      }
    },
    {
      "objectGroups": {
        "name": "ft_t1_airfield_01_02",
        "tm": [
          [-0.651665,0.0,0.758507],
          [0.0,1.0,0.0],
          [-0.758507,0.0,-0.651665],
          [-23407.8,121.533,26041.7]
        ],
        "unit_class": "dynaf_universal_1line_a",
        "objLayer": 2,
        "props": {
          "army": 1,
          "active": false
        }
      }
    },
    {
      "objectGroups": {
        "name": "ft_t1_airfield_01_03",
        "tm": [
          [-0.0560206,0.0,0.99843],
          [0.0,1.0,0.0],
          [-0.99843,0.0,-0.0560206],
          [-432.497,206.897,25753.2]
        ],
        "unit_class": "dynaf_universal_1line_a",
        "objLayer": 2,
        "props": {
          "army": 1,
          "active": false
        }
      }
    },
    {
      "objectGroups": {
        "name": "ft_t1_airfield_02_01",
        "tm": [
          [0.0436192,0.0,0.999049],
          [0.0,1.0,0.0],
          [-0.999049,0.0,0.0436192],
          [25026.5,326.2,16183.7]
        ],
        "unit_class": "dynaf_universal_1line_a_big",
        "objLayer": 2,
        "props": {
          "army": 1,
          "active": false
        }
      }
    },
    {
      "objectGroups": {
        "name": "ft_t1_airfield_02_02",
        "tm": [
          [0.0436196,0.0,0.999048],
          [0.0,1.0,0.0],
          [-0.999048,0.0,0.0436196],
          [-13848.0,269.499,17388.0]
        ],
        "unit_class": "dynaf_universal_1line_a_big",
        "objLayer": 2,
        "props": {
          "army": 1,
          "active": false
        }
      }
    },
    {
      "objectGroups": {
        "name": "ft_t1_airfield_03_01",
        "tm": [
          [-0.360904,0.0,0.932603],
          [0.0,1.0,0.0],
          [-0.932603,0.0,-0.360904],
          [9173.05,137.2,13286.2]
        ],
        "unit_class": "dynaf_universal_1line_a_big",
        "objLayer": 2,
        "props": {
          "army": 1,
          "active": false
        }
      }
    },
    {
      "objectGroups": {
        "name": "ft_t1_airfield_03_02",
        "tm": [
          [-0.461749,0.0,0.887011],
          [0.0,1.0,0.0],
          [-0.887011,0.0,-0.461749],
          [-6480.45,262.401,13402.4]
        ],
        "unit_class": "dynaf_universal_1line_a_big",
        "objLayer": 2,
        "props": {
          "army": 1,
          "active": false
        }
      }
    },
    {
      "objectGroups": {
        "name": "ft_t2_airfield_01_01",
        "tm": [
          [-0.479635,0.0,-0.877467],
          [0.0,1.0,0.0],
          [0.877467,0.0,-0.479635],
          [-25459.0,363.308,-26280.9]
        ],
        "unit_class": "dynaf_universal_1line_a",
        "objLayer": 2,
        "props": {
          "army": 2,
          "active": false
        }
      }
    },
    {
      "objectGroups": {
        "name": "ft_t2_airfield_01_02",
        "tm": [
          [-0.25882,0.0,-0.965926],
          [0.0,1.0,0.0],
          [0.965926,0.0,-0.25882],
          [4599.36,308.165,-27268.4]
        ],
        "unit_class": "dynaf_universal_1line_a",
        "objLayer": 2,
        "props": {
          "army": 2,
          "active": false
        }
      }
    },
    {
      "objectGroups": {
        "name": "ft_t2_airfield_01_03",
        "tm": [
          [0.45413,0.0,-0.890936],
          [0.0,1.0,0.0],
          [0.890936,0.0,0.45413],
          [26679.1,295.477,-25443.3]
        ],
        "unit_class": "dynaf_universal_1line_a",
        "objLayer": 2,
        "props": {
          "army": 2,
          "active": false
        }
      }
    },
    {
      "objectGroups": {
        "name": "ft_t2_airfield_03_02",
        "tm": [
          [-0.642788,0.0,-0.766044],
          [0.0,1.0,0.0],
          [0.766044,0.0,-0.642788],
          [-956.197,113.098,-14600.1]
        ],
        "unit_class": "dynaf_universal_1line_b",
        "objLayer": 2,
        "props": {
          "army": 2,
          "active": false
        }
      }
    },
    {
      "objectGroups": {
        "name": "ft_t2_airfield_03_01",
        "tm": [
          [0.34202,0.0,-0.939693],
          [0.0,1.0,0.0],
          [0.939693,0.0,0.34202],
          [14016.9,278.699,-13901.9]
        ],
        "unit_class": "dynaf_universal_1line_b_big",
        "objLayer": 2,
        "props": {
          "army": 2,
          "active": false
        }
      }
    },
    {
      "objectGroups": {
        "name": "ft_t2_airfield_02_01",
        "tm": [
          [0.0871557,0.0,-0.996194],
          [0.0,1.0,0.0],
          [0.996194,0.0,0.0871557],
          [20850.0,174.699,-17521.1]
        ],
        "unit_class": "dynaf_universal_1line_b_big",
        "objLayer": 2,
        "props": {
          "army": 2,
          "active": false
        }
      }
    },
    {
      "objectGroups": {
        "name": "ft_t2_airfield_02_02",
        "tm": [
          [-0.130527,0.0,-0.991445],
          [0.0,1.0,0.0],
          [0.991445,0.0,-0.130527],
          [-12007.5,362.524,-18750.0]
        ],
        "unit_class": "dynaf_universal_1line_b_big",
        "objLayer": 2,
        "props": {
          "army": 2,
          "active": false
        }
      }
    },
    {
      "objectGroups": {
        "name": "ft_t2_airfield_03_03",
        "tm": [
          [0.258819,0.0,-0.965926],
          [0.0,1.0,0.0],
          [0.965926,0.0,0.258819],
          [-9591.1,333.1,-13145.4]
        ],
        "unit_class": "dynaf_universal_1line_b_big",
        "objLayer": 2,
        "props": {
          "army": 2,
          "active": false
        }
      }
    },
    {
      "objectGroups": {
        "name": "ft_t2_airfield_02_03",
        "tm": [
          [0.0871557,0.0,-0.996194],
          [0.0,1.0,0.0],
          [0.996194,0.0,0.0871557],
          [8331.9,214.97,-19653.0]
        ],
        "unit_class": "dynaf_universal_1line_b_big",
        "objLayer": 2,
        "props": {
          "army": 2,
          "active": false
        }
      }
    },
    {
      "objectGroups": {
        "name": "ft_t1_airfield_02_03",
        "tm": [
          [0.300706,0.0,0.953717],
          [0.0,1.0,0.0],
          [-0.953717,0.0,0.300706],
          [-5456.37,241.65,19855.9]
        ],
        "unit_class": "dynaf_universal_1line_a_big",
        "objLayer": 2,
        "props": {
          "army": 1,
          "active": false
        }
      }
    },
    {
      "objectGroups": {
        "name": "ft_t1_airfield_03_03",
        "tm": [
          [-0.461749,0.0,0.887011],
          [0.0,1.0,0.0],
          [-0.887011,0.0,-0.461749],
          [-22567.2,182.201,13845.7]
        ],
        "unit_class": "dynaf_universal_1line_a_big",
        "objLayer": 2,
        "props": {
          "army": 1,
          "active": false
        }
      }
    },
    {
      "objectGroups": {
        "name": "ft_t1_airfield_01_04",
        "tm": [
          [0.337546,0.0,0.941308],
          [0.0,1.0,0.0],
          [-0.941308,0.0,0.337546],
          [10468.9,246.159,25704.3]
        ],
        "unit_class": "dynaf_universal_1line_a",
        "objLayer": 2,
        "props": {
          "army": 1,
          "active": false
        }
      }
    },
    {
      "objectGroups": {
        "name": "ft_t1_airfield_01_05",
        "tm": [
          [0.0611576,0.0,0.998128],
          [0.0,1.0,0.0],
          [-0.998128,0.0,0.0611576],
          [-10588.8,214.463,25277.6]
        ],
        "unit_class": "dynaf_universal_1line_a",
        "objLayer": 2,
        "props": {
          "army": 1,
          "active": false
        }
      }
    },
    {
      "objectGroups": {
        "name": "ft_t1_airfield_02_04",
        "tm": [
          [0.413017,0.0,0.910723],
          [0.0,1.0,0.0],
          [-0.910723,0.0,0.413017],
          [5546.12,130.892,19659.2]
        ],
        "unit_class": "dynaf_universal_1line_a_big",
        "objLayer": 2,
        "props": {
          "army": 1,
          "active": false
        }
      }
    },
    {
      "objectGroups": {
        "name": "ft_t1_airfield_02_05",
        "tm": [
          [-0.378754,0.0,0.925498],
          [0.0,1.0,0.0],
          [-0.925498,0.0,-0.378754],
          [15704.8,258.754,19268.8]
        ],
        "unit_class": "dynaf_universal_1line_a_big",
        "objLayer": 2,
        "props": {
          "army": 1,
          "active": false
        }
      }
    },
    {
      "objectGroups": {
        "name": "ft_t1_airfield_03_04",
        "tm": [
          [-0.626494,0.0,0.779426],
          [0.0,1.0,0.0],
          [-0.779426,0.0,-0.626494],
          [818.425,286.142,12881.2]
        ],
        "unit_class": "dynaf_universal_1line_a_big",
        "objLayer": 2,
        "props": {
          "army": 1,
          "active": false
        }
      }
    },
    {
      "objectGroups": {
        "name": "ft_t1_airfield_03_05",
        "tm": [
          [0.405155,0.0,0.914249],
          [0.0,1.0,0.0],
          [-0.914249,0.0,0.405155],
          [15683.8,322.877,12429.5]
        ],
        "unit_class": "dynaf_universal_1line_a_big",
        "objLayer": 2,
        "props": {
          "army": 1,
          "active": false
        }
      }
    },
    {
      "objectGroups": {
        "name": "ft_t2_airfield_01_04",
        "tm": [
          [-0.215479,0.0,-0.976509],
          [0.0,1.0,0.0],
          [0.976509,0.0,-0.215479],
          [-13620.9,352.97,-26182.0]
        ],
        "unit_class": "dynaf_universal_1line_a",
        "objLayer": 2,
        "props": {
          "army": 2,
          "active": false
        }
      }
    },
    {
      "objectGroups": {
        "name": "ft_t2_airfield_01_05",
        "tm": [
          [0.0404491,0.0,-0.999182],
          [0.0,1.0,0.0],
          [0.999182,0.0,0.0404491],
          [-4239.96,351.914,-26479.8]
        ],
        "unit_class": "dynaf_universal_1line_a",
        "objLayer": 2,
        "props": {
          "army": 2,
          "active": false
        }
      }
    },
    {
      "objectGroups": {
        "name": "ft_t2_airfield_02_04",
        "tm": [
          [0.0871557,0.0,-0.996194],
          [0.0,1.0,0.0],
          [0.996194,0.0,0.0871557],
          [2839.9,193.422,-17997.5]
        ],
        "unit_class": "dynaf_universal_1line_b_big",
        "objLayer": 2,
        "props": {
          "army": 2,
          "active": false
        }
      }
    },
    {
      "objectGroups": {
        "name": "ft_t2_airfield_02_05",
        "tm": [
          [-0.733438,0.0,-0.679756],
          [0.0,1.0,0.0],
          [0.679756,0.0,-0.733438],
          [-19352.5,377.466,-18505.5]
        ],
        "unit_class": "dynaf_universal_1line_b_big",
        "objLayer": 2,
        "props": {
          "army": 2,
          "active": false
        }
      }
    },
    {
      "objectGroups": {
        "name": "ft_t2_airfield_03_04",
        "tm": [
          [0.34202,0.0,-0.939693],
          [0.0,1.0,0.0],
          [0.939693,0.0,0.34202],
          [25834.6,287.242,-14960.3]
        ],
        "unit_class": "dynaf_universal_1line_b_big",
        "objLayer": 2,
        "props": {
          "army": 2,
          "active": false
        }
      }
    },
    {
      "objectGroups": {
        "name": "ft_t2_airfield_03_05",
        "tm": [
          [0.210642,0.0,-0.977563],
          [0.0,1.0,0.0],
          [0.977563,0.0,0.210642],
          [-20601.2,350.264,-13587.0]
        ],
        "unit_class": "dynaf_universal_1line_b_big",
        "objLayer": 2,
        "props": {
          "army": 2,
          "active": false
        }
      }
    },
    {
      "squad": {
        "name": "ft_t1_airfields_squad",
        "tm": [
          [-1.49012e-08,0.0,1.0],
          [0.0,1.0,0.0],
          [-1.0,0.0,-1.49012e-08],
          [36385.0,3.86328,18404.4]
        ],
        "props": [
          {
            "object_marking": 0
          },
          {
            "squad_members": "ft_t1_airfield_01_01"
          },
          {
            "squad_members": "ft_t1_airfield_01_02"
          },
          {
            "squad_members": "ft_t1_airfield_01_03"
          },
          {
            "squad_members": "ft_t1_airfield_01_04"
          },
          {
            "squad_members": "ft_t1_airfield_01_05"
          },
          {
            "squad_members": "ft_t1_airfield_02_01"
          },
          {
            "squad_members": "ft_t1_airfield_02_02"
          },
          {
            "squad_members": "ft_t1_airfield_02_03"
          },
          {
            "squad_members": "ft_t1_airfield_02_04"
          },
          {
            "squad_members": "ft_t1_airfield_02_05"
          },
          {
            "squad_members": "ft_t1_airfield_03_01"
          },
          {
            "squad_members": "ft_t1_airfield_03_02"
          },
          {
            "squad_members": "ft_t1_airfield_03_03"
          },
          {
            "squad_members": "ft_t1_airfield_03_04"
          },
          {
            "squad_members": "ft_t1_airfield_03_05"
          }
        ]
      }
    },
    {
      "squad": {
        "name": "ft_t2_airfields_squad",
        "tm": [
          [-1.49012e-08,0.0,1.0],
          [0.0,1.0,0.0],
          [-1.0,0.0,-1.49012e-08],
          [34248.2,140.355,-20120.1]
        ],
        "props": [
          {
            "object_marking": 0
          },
          {
            "squad_members": "ft_t2_airfield_01_01"
          },
          {
            "squad_members": "ft_t2_airfield_01_02"
          },
          {
            "squad_members": "ft_t2_airfield_01_03"
          },
          {
            "squad_members": "ft_t2_airfield_01_04"
          },
          {
            "squad_members": "ft_t2_airfield_01_05"
          },
          {
            "squad_members": "ft_t2_airfield_02_01"
          },
          {
            "squad_members": "ft_t2_airfield_02_02"
          },
          {
            "squad_members": "ft_t2_airfield_02_03"
          },
          {
            "squad_members": "ft_t2_airfield_02_04"
          },
          {
            "squad_members": "ft_t2_airfield_02_05"
          },
          {
            "squad_members": "ft_t2_airfield_03_01"
          },
          {
            "squad_members": "ft_t2_airfield_03_02"
          },
          {
            "squad_members": "ft_t2_airfield_03_03"
          },
          {
            "squad_members": "ft_t2_airfield_03_04"
          },
          {
            "squad_members": "ft_t2_airfield_03_05"
          }
        ]
      }
    },
    {
      "squad": {
        "name": "all_bomb_targets_squad",
        "tm": [
          [-0.766044,0.0,0.642788],
          [0.0,1.0,0.0],
          [-0.642788,0.0,-0.766044],
          [37581.6,171.734,786.934]
        ],
        "props": [
          {
            "object_marking": 0
          },
          {
            "squad_members": "ft_t1_airfield_01_01_bomb_target"
          },
          {
            "squad_members": "ft_t1_airfield_02_01_bomb_target"
          },
          {
            "squad_members": "ft_t1_airfield_03_01_bomb_target"
          },
          {
            "squad_members": "ft_t1_airfield_01_02_bomb_target"
          },
          {
            "squad_members": "ft_t1_airfield_02_02_bomb_target"
          },
          {
            "squad_members": "ft_t1_airfield_03_02_bomb_target"
          },
          {
            "squad_members": "ft_t1_airfield_01_03_bomb_target"
          },
          {
            "squad_members": "ft_t1_airfield_02_03_bomb_target"
          },
          {
            "squad_members": "ft_t1_airfield_03_03_bomb_target"
          },
          {
            "squad_members": "ft_t1_airfield_01_04_bomb_target"
          },
          {
            "squad_members": "ft_t1_airfield_02_04_bomb_target"
          },
          {
            "squad_members": "ft_t1_airfield_03_04_bomb_target"
          },
          {
            "squad_members": "ft_t1_airfield_01_05_bomb_target"
          },
          {
            "squad_members": "ft_t1_airfield_02_05_bomb_target"
          },
          {
            "squad_members": "ft_t1_airfield_03_05_bomb_target"
          },
          {
            "squad_members": "ft_t2_airfield_01_01_bomb_target"
          },
          {
            "squad_members": "ft_t2_airfield_02_01_bomb_target"
          },
          {
            "squad_members": "ft_t2_airfield_03_01_bomb_target"
          },
          {
            "squad_members": "ft_t2_airfield_01_02_bomb_target"
          },
          {
            "squad_members": "ft_t2_airfield_02_02_bomb_target"
          },
          {
            "squad_members": "ft_t2_airfield_03_02_bomb_target"
          },
          {
            "squad_members": "ft_t2_airfield_01_03_bomb_target"
          },
          {
            "squad_members": "ft_t2_airfield_02_03_bomb_target"
          },
          {
            "squad_members": "ft_t2_airfield_03_03_bomb_target"
          },
          {
            "squad_members": "ft_t2_airfield_01_04_bomb_target"
          },
          {
            "squad_members": "ft_t2_airfield_02_04_bomb_target"
          },
          {
            "squad_members": "ft_t2_airfield_03_04_bomb_target"
          },
          {
            "squad_members": "ft_t2_airfield_01_05_bomb_target"
          },
          {
            "squad_members": "ft_t2_airfield_02_05_bomb_target"
          },
          {
            "squad_members": "ft_t2_airfield_03_05_bomb_target"
          }
        ]
      }
    },
    {
      "structures": {
        "name": "ft_t1_airfield_03_01_bomb_target",
        "tm": [
          [-0.360904,0.0,0.932603],
          [0.0,1.0,0.0],
          [-0.932603,0.0,-0.360904],
          [9173.05,137.2,13286.2]
        ],
        "unit_class": "dummy_immortal",
        "objLayer": 2,
        "closed_waypoints": false,
        "isShipSpline": false,
        "shipTurnRadius": 100.0,
        "weapons": "",
        "bullets0": "",
        "bullets1": "",
        "bullets2": "",
        "bullets3": "",
        "bulletsCount0": 0,
        "bulletsCount1": 0,
        "bulletsCount2": 0,
        "bulletsCount3": 0,
        "crewSkillK": 0.0,
        "applyAllMods": false,
        "props": {
          "army": 1,
          "count": 1,
          "formation_type": "rows",
          "formation_div": 3,
          "formation_step": [2.5,2.0],
          "formation_noise": [0.1,0.1],
          "uniqueName": "",
          "attack_type": "fire_at_will",
          "stealthRadius": 0.0,
          "setStealth": true,
          "targetableByAi": false
        },
        "way": []
      }
    },
    {
      "structures": {
        "name": "ft_t1_airfield_01_01_bomb_target",
        "tm": [
          [-0.170026,0.0,0.985439],
          [0.0,1.0,0.0],
          [-0.985439,0.0,-0.170026],
          [24777.0,193.426,25436.2]
        ],
        "unit_class": "dummy_immortal",
        "objLayer": 2,
        "closed_waypoints": false,
        "isShipSpline": false,
        "shipTurnRadius": 100.0,
        "weapons": "",
        "bullets0": "",
        "bullets1": "",
        "bullets2": "",
        "bullets3": "",
        "bulletsCount0": 0,
        "bulletsCount1": 0,
        "bulletsCount2": 0,
        "bulletsCount3": 0,
        "crewSkillK": 0.0,
        "applyAllMods": false,
        "props": {
          "army": 1,
          "count": 1,
          "formation_type": "rows",
          "formation_div": 3,
          "formation_step": [2.5,2.0],
          "formation_noise": [0.1,0.1],
          "uniqueName": "",
          "attack_type": "fire_at_will",
          "stealthRadius": 0.0,
          "setStealth": true,
          "targetableByAi": false
        },
        "way": []
      }
    },
    {
      "structures": {
        "name": "ft_t1_airfield_02_01_bomb_target",
        "tm": [
          [0.0436192,0.0,0.999049],
          [0.0,1.0,0.0],
          [-0.999049,0.0,0.0436192],
          [25019.5,326.2,16180.9]
        ],
        "unit_class": "dummy_immortal",
        "objLayer": 2,
        "closed_waypoints": false,
        "isShipSpline": false,
        "shipTurnRadius": 100.0,
        "weapons": "",
        "bullets0": "",
        "bullets1": "",
        "bullets2": "",
        "bullets3": "",
        "bulletsCount0": 0,
        "bulletsCount1": 0,
        "bulletsCount2": 0,
        "bulletsCount3": 0,
        "crewSkillK": 0.0,
        "applyAllMods": false,
        "props": {
          "army": 1,
          "count": 1,
          "formation_type": "rows",
          "formation_div": 3,
          "formation_step": [2.5,2.0],
          "formation_noise": [0.1,0.1],
          "uniqueName": "",
          "attack_type": "fire_at_will",
          "stealthRadius": 0.0,
          "setStealth": true,
          "targetableByAi": false
        },
        "way": []
      }
    },
    {
      "structures": {
        "name": "ft_t1_airfield_03_02_bomb_target",
        "tm": [
          [-0.461749,0.0,0.887011],
          [0.0,1.0,0.0],
          [-0.887011,0.0,-0.461749],
          [-6480.45,262.401,13402.4]
        ],
        "unit_class": "dummy_immortal",
        "objLayer": 2,
        "closed_waypoints": false,
        "isShipSpline": false,
        "shipTurnRadius": 100.0,
        "weapons": "",
        "bullets0": "",
        "bullets1": "",
        "bullets2": "",
        "bullets3": "",
        "bulletsCount0": 0,
        "bulletsCount1": 0,
        "bulletsCount2": 0,
        "bulletsCount3": 0,
        "crewSkillK": 0.0,
        "applyAllMods": false,
        "props": {
          "army": 1,
          "count": 1,
          "formation_type": "rows",
          "formation_div": 3,
          "formation_step": [2.5,2.0],
          "formation_noise": [0.1,0.1],
          "uniqueName": "",
          "attack_type": "fire_at_will",
          "stealthRadius": 0.0,
          "setStealth": true,
          "targetableByAi": false
        },
        "way": []
      }
    },
    {
      "structures": {
        "name": "ft_t1_airfield_01_03_bomb_target",
        "tm": [
          [-0.0560206,0.0,0.99843],
          [0.0,1.0,0.0],
          [-0.99843,0.0,-0.0560206],
          [-432.497,183.868,25753.2]
        ],
        "unit_class": "dummy_immortal",
        "objLayer": 2,
        "closed_waypoints": false,
        "isShipSpline": false,
        "shipTurnRadius": 100.0,
        "weapons": "",
        "bullets0": "",
        "bullets1": "",
        "bullets2": "",
        "bullets3": "",
        "bulletsCount0": 0,
        "bulletsCount1": 0,
        "bulletsCount2": 0,
        "bulletsCount3": 0,
        "crewSkillK": 0.0,
        "applyAllMods": false,
        "props": {
          "army": 1,
          "count": 1,
          "formation_type": "rows",
          "formation_div": 3,
          "formation_step": [2.5,2.0],
          "formation_noise": [0.1,0.1],
          "uniqueName": "",
          "attack_type": "fire_at_will",
          "stealthRadius": 0.0,
          "setStealth": true,
          "targetableByAi": false
        },
        "way": []
      }
    },
    {
      "structures": {
        "name": "ft_t1_airfield_02_02_bomb_target",
        "tm": [
          [0.0436196,0.0,0.999048],
          [0.0,1.0,0.0],
          [-0.999048,0.0,0.0436196],
          [-13848.0,269.499,17388.0]
        ],
        "unit_class": "dummy_immortal",
        "objLayer": 2,
        "closed_waypoints": false,
        "isShipSpline": false,
        "shipTurnRadius": 100.0,
        "weapons": "",
        "bullets0": "",
        "bullets1": "",
        "bullets2": "",
        "bullets3": "",
        "bulletsCount0": 0,
        "bulletsCount1": 0,
        "bulletsCount2": 0,
        "bulletsCount3": 0,
        "crewSkillK": 0.0,
        "applyAllMods": false,
        "props": {
          "army": 1,
          "count": 1,
          "formation_type": "rows",
          "formation_div": 3,
          "formation_step": [2.5,2.0],
          "formation_noise": [0.1,0.1],
          "uniqueName": "",
          "attack_type": "fire_at_will",
          "stealthRadius": 0.0,
          "setStealth": true,
          "targetableByAi": false
        },
        "way": []
      }
    },
    {
      "structures": {
        "name": "ft_t1_airfield_01_02_bomb_target",
        "tm": [
          [-0.651665,0.0,0.758507],
          [0.0,1.0,0.0],
          [-0.758507,0.0,-0.651665],
          [-23407.8,105.094,26041.7]
        ],
        "unit_class": "dummy_immortal",
        "objLayer": 2,
        "closed_waypoints": false,
        "isShipSpline": false,
        "shipTurnRadius": 100.0,
        "weapons": "",
        "bullets0": "",
        "bullets1": "",
        "bullets2": "",
        "bullets3": "",
        "bulletsCount0": 0,
        "bulletsCount1": 0,
        "bulletsCount2": 0,
        "bulletsCount3": 0,
        "crewSkillK": 0.0,
        "applyAllMods": false,
        "props": {
          "army": 1,
          "count": 1,
          "formation_type": "rows",
          "formation_div": 3,
          "formation_step": [2.5,2.0],
          "formation_noise": [0.1,0.1],
          "uniqueName": "",
          "attack_type": "fire_at_will",
          "stealthRadius": 0.0,
          "setStealth": true,
          "targetableByAi": false
        },
        "way": []
      }
    },
    {
      "structures": {
        "name": "ft_t2_airfield_01_01_bomb_target",
        "tm": [
          [-0.479635,0.0,-0.877467],
          [0.0,1.0,0.0],
          [0.877467,0.0,-0.479635],
          [-25459.0,363.308,-26280.9]
        ],
        "unit_class": "dummy_immortal",
        "objLayer": 2,
        "closed_waypoints": false,
        "isShipSpline": false,
        "shipTurnRadius": 100.0,
        "weapons": "",
        "bullets0": "",
        "bullets1": "",
        "bullets2": "",
        "bullets3": "",
        "bulletsCount0": 0,
        "bulletsCount1": 0,
        "bulletsCount2": 0,
        "bulletsCount3": 0,
        "crewSkillK": 0.0,
        "applyAllMods": false,
        "props": {
          "army": 2,
          "count": 1,
          "formation_type": "rows",
          "formation_div": 3,
          "formation_step": [2.5,2.0],
          "formation_noise": [0.1,0.1],
          "uniqueName": "",
          "attack_type": "fire_at_will",
          "stealthRadius": 0.0,
          "setStealth": true,
          "targetableByAi": false
        },
        "way": []
      }
    },
    {
      "structures": {
        "name": "ft_t2_airfield_03_02_bomb_target",
        "tm": [
          [-0.766045,0.0,-0.642787],
          [0.0,1.0,0.0],
          [0.642787,0.0,-0.766045],
          [-956.192,113.098,-14600.1]
        ],
        "unit_class": "dummy_immortal",
        "objLayer": 2,
        "closed_waypoints": false,
        "isShipSpline": false,
        "shipTurnRadius": 100.0,
        "weapons": "",
        "bullets0": "",
        "bullets1": "",
        "bullets2": "",
        "bullets3": "",
        "bulletsCount0": 0,
        "bulletsCount1": 0,
        "bulletsCount2": 0,
        "bulletsCount3": 0,
        "crewSkillK": 0.0,
        "applyAllMods": false,
        "props": {
          "army": 2,
          "count": 1,
          "formation_type": "rows",
          "formation_div": 3,
          "formation_step": [2.5,2.0],
          "formation_noise": [0.1,0.1],
          "uniqueName": "",
          "attack_type": "fire_at_will",
          "stealthRadius": 0.0,
          "setStealth": true,
          "targetableByAi": false
        },
        "way": []
      }
    },
    {
      "structures": {
        "name": "ft_t2_airfield_03_01_bomb_target",
        "tm": [
          [0.34202,0.0,-0.939693],
          [0.0,1.0,0.0],
          [0.939693,0.0,0.34202],
          [14016.9,278.699,-13901.9]
        ],
        "unit_class": "dummy_immortal",
        "objLayer": 2,
        "closed_waypoints": false,
        "isShipSpline": false,
        "shipTurnRadius": 100.0,
        "weapons": "",
        "bullets0": "",
        "bullets1": "",
        "bullets2": "",
        "bullets3": "",
        "bulletsCount0": 0,
        "bulletsCount1": 0,
        "bulletsCount2": 0,
        "bulletsCount3": 0,
        "crewSkillK": 0.0,
        "applyAllMods": false,
        "props": {
          "army": 2,
          "count": 1,
          "formation_type": "rows",
          "formation_div": 3,
          "formation_step": [2.5,2.0],
          "formation_noise": [0.1,0.1],
          "uniqueName": "",
          "attack_type": "fire_at_will",
          "stealthRadius": 0.0,
          "setStealth": true,
          "targetableByAi": false
        },
        "way": []
      }
    },
    {
      "structures": {
        "name": "ft_t2_airfield_02_02_bomb_target",
        "tm": [
          [-0.130527,0.0,-0.991445],
          [0.0,1.0,0.0],
          [0.991445,0.0,-0.130527],
          [-12003.8,362.521,-18738.3]
        ],
        "unit_class": "dummy_immortal",
        "objLayer": 2,
        "closed_waypoints": false,
        "isShipSpline": false,
        "shipTurnRadius": 100.0,
        "weapons": "",
        "bullets0": "",
        "bullets1": "",
        "bullets2": "",
        "bullets3": "",
        "bulletsCount0": 0,
        "bulletsCount1": 0,
        "bulletsCount2": 0,
        "bulletsCount3": 0,
        "crewSkillK": 0.0,
        "applyAllMods": false,
        "props": {
          "army": 2,
          "count": 1,
          "formation_type": "rows",
          "formation_div": 3,
          "formation_step": [2.5,2.0],
          "formation_noise": [0.1,0.1],
          "uniqueName": "",
          "attack_type": "fire_at_will",
          "stealthRadius": 0.0,
          "setStealth": true,
          "targetableByAi": false
        },
        "way": []
      }
    },
    {
      "structures": {
        "name": "ft_t2_airfield_01_02_bomb_target",
        "tm": [
          [-0.25882,0.0,-0.965926],
          [0.0,1.0,0.0],
          [0.965926,0.0,-0.25882],
          [4599.36,300.056,-27268.4]
        ],
        "unit_class": "dummy_immortal",
        "objLayer": 2,
        "closed_waypoints": false,
        "isShipSpline": false,
        "shipTurnRadius": 100.0,
        "weapons": "",
        "bullets0": "",
        "bullets1": "",
        "bullets2": "",
        "bullets3": "",
        "bulletsCount0": 0,
        "bulletsCount1": 0,
        "bulletsCount2": 0,
        "bulletsCount3": 0,
        "crewSkillK": 0.0,
        "applyAllMods": false,
        "props": {
          "army": 2,
          "count": 1,
          "formation_type": "rows",
          "formation_div": 3,
          "formation_step": [2.5,2.0],
          "formation_noise": [0.1,0.1],
          "uniqueName": "",
          "attack_type": "fire_at_will",
          "stealthRadius": 0.0,
          "setStealth": true,
          "targetableByAi": false
        },
        "way": []
      }
    },
    {
      "structures": {
        "name": "ft_t2_airfield_02_01_bomb_target",
        "tm": [
          [0.0871557,0.0,-0.996194],
          [0.0,1.0,0.0],
          [0.996194,0.0,0.0871557],
          [20850.0,174.699,-17521.1]
        ],
        "unit_class": "dummy_immortal",
        "objLayer": 2,
        "closed_waypoints": false,
        "isShipSpline": false,
        "shipTurnRadius": 100.0,
        "weapons": "",
        "bullets0": "",
        "bullets1": "",
        "bullets2": "",
        "bullets3": "",
        "bulletsCount0": 0,
        "bulletsCount1": 0,
        "bulletsCount2": 0,
        "bulletsCount3": 0,
        "crewSkillK": 0.0,
        "applyAllMods": false,
        "props": {
          "army": 2,
          "count": 1,
          "formation_type": "rows",
          "formation_div": 3,
          "formation_step": [2.5,2.0],
          "formation_noise": [0.1,0.1],
          "uniqueName": "",
          "attack_type": "fire_at_will",
          "stealthRadius": 0.0,
          "setStealth": true,
          "targetableByAi": false
        },
        "way": []
      }
    },
    {
      "structures": {
        "name": "ft_t2_airfield_01_03_bomb_target",
        "tm": [
          [0.45413,0.0,-0.890936],
          [0.0,1.0,0.0],
          [0.890936,0.0,0.45413],
          [26679.1,295.477,-25443.3]
        ],
        "unit_class": "dummy_immortal",
        "objLayer": 2,
        "closed_waypoints": false,
        "isShipSpline": false,
        "shipTurnRadius": 100.0,
        "weapons": "",
        "bullets0": "",
        "bullets1": "",
        "bullets2": "",
        "bullets3": "",
        "bulletsCount0": 0,
        "bulletsCount1": 0,
        "bulletsCount2": 0,
        "bulletsCount3": 0,
        "crewSkillK": 0.0,
        "applyAllMods": false,
        "props": {
          "army": 2,
          "count": 1,
          "formation_type": "rows",
          "formation_div": 3,
          "formation_step": [2.5,2.0],
          "formation_noise": [0.1,0.1],
          "uniqueName": "",
          "attack_type": "fire_at_will",
          "stealthRadius": 0.0,
          "setStealth": true,
          "targetableByAi": false
        },
        "way": []
      }
    },
    {
      "structures": {
        "name": "ft_t2_airfield_03_03_bomb_target",
        "tm": [
          [-0.766045,0.0,-0.642787],
          [0.0,1.0,0.0],
          [0.642787,0.0,-0.766045],
          [-9591.1,333.1,-13145.4]
        ],
        "unit_class": "dummy_immortal",
        "objLayer": 2,
        "closed_waypoints": false,
        "isShipSpline": false,
        "shipTurnRadius": 100.0,
        "weapons": "",
        "bullets0": "",
        "bullets1": "",
        "bullets2": "",
        "bullets3": "",
        "bulletsCount0": 0,
        "bulletsCount1": 0,
        "bulletsCount2": 0,
        "bulletsCount3": 0,
        "crewSkillK": 0.0,
        "applyAllMods": false,
        "props": {
          "army": 2,
          "count": 1,
          "formation_type": "rows",
          "formation_div": 3,
          "formation_step": [2.5,2.0],
          "formation_noise": [0.1,0.1],
          "uniqueName": "",
          "attack_type": "fire_at_will",
          "stealthRadius": 0.0,
          "setStealth": true,
          "targetableByAi": false
        },
        "way": []
      }
    },
    {
      "structures": {
        "name": "ft_t2_airfield_02_03_bomb_target",
        "tm": [
          [0.0871557,0.0,-0.996194],
          [0.0,1.0,0.0],
          [0.996194,0.0,0.0871557],
          [8331.9,215.0,-19653.0]
        ],
        "unit_class": "dummy_immortal",
        "objLayer": 2,
        "closed_waypoints": false,
        "isShipSpline": false,
        "shipTurnRadius": 100.0,
        "weapons": "",
        "bullets0": "",
        "bullets1": "",
        "bullets2": "",
        "bullets3": "",
        "bulletsCount0": 0,
        "bulletsCount1": 0,
        "bulletsCount2": 0,
        "bulletsCount3": 0,
        "crewSkillK": 0.0,
        "applyAllMods": false,
        "props": {
          "army": 2,
          "count": 1,
          "formation_type": "rows",
          "formation_div": 3,
          "formation_step": [2.5,2.0],
          "formation_noise": [0.1,0.1],
          "uniqueName": "",
          "attack_type": "fire_at_will",
          "stealthRadius": 0.0,
          "setStealth": true,
          "targetableByAi": false
        },
        "way": []
      }
    },
    {
      "structures": {
        "name": "ft_t1_airfield_02_03_bomb_target",
        "tm": [
          [0.0436196,0.0,0.999048],
          [0.0,1.0,0.0],
          [-0.999048,0.0,0.0436196],
          [-5456.37,233.6,19855.9]
        ],
        "unit_class": "dummy_immortal",
        "objLayer": 2,
        "closed_waypoints": false,
        "isShipSpline": false,
        "shipTurnRadius": 100.0,
        "weapons": "",
        "bullets0": "",
        "bullets1": "",
        "bullets2": "",
        "bullets3": "",
        "bulletsCount0": 0,
        "bulletsCount1": 0,
        "bulletsCount2": 0,
        "bulletsCount3": 0,
        "crewSkillK": 0.0,
        "applyAllMods": false,
        "props": {
          "army": 1,
          "count": 1,
          "formation_type": "rows",
          "formation_div": 3,
          "formation_step": [2.5,2.0],
          "formation_noise": [0.1,0.1],
          "uniqueName": "",
          "attack_type": "fire_at_will",
          "stealthRadius": 0.0,
          "setStealth": true,
          "targetableByAi": false
        },
        "way": []
      }
    },
    {
      "structures": {
        "name": "ft_t1_airfield_03_03_bomb_target",
        "tm": [
          [-0.461749,0.0,0.887011],
          [0.0,1.0,0.0],
          [-0.887011,0.0,-0.461749],
          [-22567.2,182.201,13845.7]
        ],
        "unit_class": "dummy_immortal",
        "objLayer": 2,
        "closed_waypoints": false,
        "isShipSpline": false,
        "shipTurnRadius": 100.0,
        "weapons": "",
        "bullets0": "",
        "bullets1": "",
        "bullets2": "",
        "bullets3": "",
        "bulletsCount0": 0,
        "bulletsCount1": 0,
        "bulletsCount2": 0,
        "bulletsCount3": 0,
        "crewSkillK": 0.0,
        "applyAllMods": false,
        "props": {
          "army": 1,
          "count": 1,
          "formation_type": "rows",
          "formation_div": 3,
          "formation_step": [2.5,2.0],
          "formation_noise": [0.1,0.1],
          "uniqueName": "",
          "attack_type": "fire_at_will",
          "stealthRadius": 0.0,
          "setStealth": true,
          "targetableByAi": false
        },
        "way": []
      }
    },
    {
      "structures": {
        "name": "ft_t1_airfield_01_04_bomb_target",
        "tm": [
          [0.337546,0.0,0.941308],
