{
  "selected_tag": "",
  "bin_dump_file": "",
  "mission_settings": {
    "player": [
      {
        "army": 1
      },
      {
        "wing": "t1_player01"
      },
      {
        "wing": "t1_player02"
      },
      {
        "wing": "t1_player03"
      },
      {
        "wing": "t1_player04"
      },
      {
        "wing": "t1_player05"
      },
      {
        "wing": "t1_player06"
      },
      {
        "wing": "t1_player07"
      },
      {
        "wing": "t1_player08"
      },
      {
        "wing": "t1_player09"
      },
      {
        "wing": "t1_player10"
      },
      {
        "wing": "t1_player11"
      },
      {
        "wing": "t1_player12"
      },
      {
        "wing": "t1_player13"
      },
      {
        "wing": "t1_player14"
      },
      {
        "wing": "t1_player15"
      },
      {
        "wing": "t1_player16"
      },
      {
        "wing": "t1_player17"
      },
      {
        "wing": "t1_player18"
      },
      {
        "wing": "t1_player19"
      },
      {
        "wing": "t1_player20"
      },
      {
        "wing": "t1_player21"
      },
      {
        "wing": "t1_player22"
      },
      {
        "wing": "t1_player23"
      },
      {
        "wing": "t1_player24"
      },
      {
        "wing": "t1_player25"
      },
      {
        "wing": "t1_player26"
      },
      {
        "wing": "t1_player27"
      },
      {
        "wing": "t1_player28"
      },
      {
        "wing": "t1_player29"
      },
      {
        "wing": "t1_player30"
      },
      {
        "wing": "t1_player31"
      },
      {
        "wing": "t1_player32"
      }
    ],
    "player_teamB": [
      {
        "army": 2
      },
      {
        "wing": "t2_player01"
      },
      {
        "wing": "t2_player02"
      },
      {
        "wing": "t2_player03"
      },
      {
        "wing": "t2_player04"
      },
      {
        "wing": "t2_player05"
      },
      {
        "wing": "t2_player06"
      },
      {
        "wing": "t2_player07"
      },
      {
        "wing": "t2_player08"
      },
      {
        "wing": "t2_player09"
      },
      {
        "wing": "t2_player10"
      },
      {
        "wing": "t2_player11"
      },
      {
        "wing": "t2_player12"
      },
      {
        "wing": "t2_player13"
      },
      {
        "wing": "t2_player14"
      },
      {
        "wing": "t2_player15"
      },
      {
        "wing": "t2_player16"
      },
      {
        "wing": "t2_player17"
      },
      {
        "wing": "t2_player18"
      },
      {
        "wing": "t2_player19"
      },
      {
        "wing": "t2_player20"
      },
      {
        "wing": "t2_player21"
      },
      {
        "wing": "t2_player22"
      },
      {
        "wing": "t2_player23"
      },
      {
        "wing": "t2_player24"
      },
      {
        "wing": "t2_player25"
      },
      {
        "wing": "t2_player26"
      },
      {
        "wing": "t2_player27"
      },
      {
        "wing": "t2_player28"
      },
      {
        "wing": "t2_player29"
      },
      {
        "wing": "t2_player30"
      },
      {
        "wing": "t2_player31"
      },
      {
        "wing": "t2_player32"
      },
      {
        "wing": "t2_player33"
      }
    ],
    "mission": {
      "level": "levels/avg_poland.bin",
      "type": "domination",
      "environment": "Day",
      "weather": "clear",
      "locName": "missions/_CnvA;poland/name",
      "locDesc": "poland/desc;missions/_Cnv/desc",
      "scoreLimit": 10000,
      "timeLimit": 25,
      "deathPenaltyMul": 0.0,
      "postfix": "_CnvA",
      "allowedKillStreaks": true,
      "randomSpawnTeams": false,
      "remapAiTankModels": true,
      "country_axis": "germany",
      "country_allies": "ussr",
      "restoreType": "attempts",
      "optionalTakeOff": false,
      "showTacticalMapCellSize": true,
      "allowedUnitTypes": {
        "isAirplanesAllowed": true,
        "isTanksAllowed": true,
        "isShipsAllowed": false,
        "isHelicoptersAllowed": true
      }
    },
    "spectator_points": [],
    "briefing": {
      "place_loc": "",
      "date_loc": "",
      "objective_loc": "",
      "music": "action_01",
      "part": {
        "event": "",
        "minTime": 0,
        "slide": [
          {
            "map": true
          },
          {
            "minTime": 4
          },
          {
            "picture": ""
          },
          {
            "showAirMap": false
          },
          {
            "arrow": [
              {
                "width": 1
              },
              {
                "side": "ally"
              },
              {
                "point": "briefing_tanks"
              },
              {
                "point": "convoy_waypoint01"
              },
              {
                "point": "convoy_waypoint02"
              },
              {
                "point": "convoy_waypoint03"
              },
              {
                "point": "convoy_waypoint04"
              },
              {
                "point": "convoy_waypoint04"
              }
            ]
          },
          {
            "icon": {
              "icontype": "bomber",
              "side": "enemy",
              "target": "briefing_bombers",
              "lookAt": "briefing_tanks"
            }
          },
          {
            "icon": {
              "icontype": "tank",
              "side": "ally",
              "target": "briefing_tanks"
            }
          },
          {
            "icon": {
              "icontype": "tank",
              "side": "enemy",
              "target": "t2_tanks_spawn"
            }
          }
        ]
      }
    }
  },
  "imports": [
    {
      "import_record": {
        "file": "gameData/missions/templates/tank_templates/tank_base_logic_template.blk",
        "importAreas": true,
        "importUnits": true,
        "importTriggers": true,
        "importMissionObjectives": true,
        "importWayPoints": true,
        "showAreas": true,
        "showUnits": true,
        "showTriggers": true,
        "showMissionObjectives": true,
        "showWayPoints": true,
        "excludes": []
      }
    },
    {
      "import_record": {
        "file": "gameData/missions/templates/tank_convoy_template.blk",
        "importAreas": true,
        "importUnits": true,
        "importTriggers": true,
        "importMissionObjectives": true,
        "importWayPoints": true,
        "showAreas": true,
        "showUnits": true,
        "showTriggers": true,
        "showMissionObjectives": true,
        "showWayPoints": true,
        "excludes": []
      }
    },
    {
      "import_record": {
        "file": "gameData/missions/cta/tanks/poland/template_poland_air_spawns.blk",
        "importAreas": true,
        "importUnits": true,
        "importTriggers": true,
        "importMissionObjectives": true,
        "importWayPoints": true,
        "showAreas": true,
        "showUnits": true,
        "showTriggers": true,
        "showMissionObjectives": true,
        "showWayPoints": true,
        "excludes": []
      }
    },
    {
      "import_record": {
        "file": "gameData/missions/templates/ww_no_attackers_template.blk",
        "importAreas": true,
        "importUnits": true,
        "importTriggers": true,
        "importMissionObjectives": true,
        "importWayPoints": true,
        "showAreas": true,
        "showUnits": true,
        "showTriggers": true,
        "showMissionObjectives": true,
        "showWayPoints": true,
        "excludes": []
      }
    }
  ],
  "triggers": {
    "isCategory": true,
    "is_enabled": true,
    "poland_CnvA_init": {
      "is_enabled": true,
      "comments": "",
      "props": {
        "actionsType": "PERFORM_ONE_BY_ONE",
        "conditionsType": "ALL",
        "enableAfterComplete": false
      },
      "events": {
        "initMission": []
      },
      "conditions": [],
      "actions": [
        {
          "missionMarkAsRespawnPoint": {
            "loc_name": "missions/spawn",
            "spawnEffect": false,
            "isStrictSpawn": false,
            "isAirfield": false,
            "isUnit": false,
            "useExisting": false,
            "isIndividual": true,
            "removeAreas": false,
            "canSpawnOnNeutral": false,
            "showOnMap": true,
            "radius": 50.0,
            "onlyOnePlayerPerSpawnPoint": false,
            "resetStrictSpawnIndex": false,
            "forceCreate": false,
            "replaceAreas": false,
            "target": "t1_tanks_spawn00",
            "team": "A",
            "tags": {
              "tank": true,
              "type_heavy_tank": true,
              "type_medium_tank": true,
              "type_light_tank": true,
              "type_tank_destroyer": true,
              "type_spaa": true
            }
          }
        },
        {
          "missionMarkAsRespawnPoint": {
            "loc_name": "missions/spawn",
            "spawnEffect": false,
            "isStrictSpawn": false,
            "isAirfield": false,
            "isUnit": false,
            "useExisting": false,
            "isIndividual": true,
            "removeAreas": false,
            "canSpawnOnNeutral": false,
            "showOnMap": true,
            "radius": -1.0,
            "onlyOnePlayerPerSpawnPoint": false,
            "resetStrictSpawnIndex": false,
            "forceCreate": false,
            "replaceAreas": false,
            "target": "t2_tanks_spawn",
            "team": "B",
            "offset": [0.0,0.0,0.0],
            "tags": {
              "tank": true,
              "type_heavy_tank": true,
              "type_medium_tank": true,
              "type_light_tank": true,
              "type_tank_destroyer": true,
              "type_spaa": true
            }
          }
        }
      ],
      "else_actions": []
    }
  },
  "mission_objectives": {
    "isCategory": true,
    "is_enabled": true
  },
  "variables": {
    "defenseMissionTeam": "teamA",
    "waypoints_num": 4
  },
  "dialogs": [],
  "airfields": [],
  "effects": [],
  "units": [
    {
      "tankModels": {
        "name": "t1_player01",
        "tm": [
          [1.0,0.0,0.0],
          [0.0,1.0,0.0],
          [0.0,0.0,1.0],
          [2346.43,48.7277,2709.35]
        ],
        "unit_class": "aaa_dummy",
        "objLayer": 1,
        "closed_waypoints": false,
        "isShipSpline": false,
        "shipTurnRadius": 100.0,
        "weapons": "",
        "bullets0": "",
        "bullets1": "",
        "bullets2": "",
        "bullets3": "",
        "bulletsCount0": 0,
        "bulletsCount1": 0,
        "bulletsCount2": 0,
        "bulletsCount3": 0,
        "props": {
          "army": 2,
          "count": 1,
          "formation_type": "rows",
          "formation_div": 3,
          "formation_step": [2.5,2.0],
          "formation_noise": [0.1,0.1],
          "uniqueName": "",
          "attack_type": "fire_at_will"
        },
        "way": []
      }
    },
    {
      "objectGroups": {
        "name": "notree02",
        "tm": [
          [0.985012,0.0,-0.172487],
          [0.0,1.0,0.0],
          [0.172487,0.0,0.985012],
          [2305.7,0.0,2307.45]
        ],
        "unit_class": "noTreeObjectGroup100",
        "objLayer": 2,
        "props": {
          "army": 2,
          "active": true
        }
      }
    },
    {
      "objectGroups": {
        "name": "notree04",
        "tm": [
          [0.999459,0.0,0.032903],
          [0.0,1.0,0.0],
          [-0.032903,0.0,0.999459],
          [2179.75,0.0,2326.4]
        ],
        "unit_class": "noTreeObjectGroup100",
        "objLayer": 2,
        "props": {
          "army": 2,
          "active": true
        }
      }
    },
    {
      "objectGroups": {
        "name": "notree07",
        "tm": [
          [0.850839,0.0,0.525426],
          [0.0,1.0,0.0],
          [-0.525426,0.0,0.850839],
          [1706.75,0.0,2560.05]
        ],
        "unit_class": "noTreeObjectGroup100",
        "objLayer": 2,
        "props": {
          "army": 2,
          "active": true
        }
      }
    },
    {
      "objectGroups": {
        "name": "notree10",
        "tm": [
          [0.850839,0.0,0.525426],
          [0.0,1.0,0.0],
          [-0.525426,0.0,0.850839],
          [1425.3,0.0,3152.85]
        ],
        "unit_class": "noTreeObjectGroup100",
        "objLayer": 2,
        "props": {
          "army": 2,
          "active": true
        }
      }
    },
    {
      "objectGroups": {
        "name": "notree13",
        "tm": [
          [0.7002,0.0,0.713947],
          [0.0,1.0,0.0],
          [-0.713947,0.0,0.7002],
          [1486.2,0.0,3107.7]
        ],
        "unit_class": "noTreeObjectGroup100",
        "objLayer": 2,
        "props": {
          "army": 2,
          "active": true
        }
      }
    },
    {
      "objectGroups": {
        "name": "notree16",
        "tm": [
          [0.156736,0.0,0.987641],
          [0.0,1.0,0.0],
          [-0.987641,0.0,0.156736],
          [1041.05,0.0,3300.45]
        ],
        "unit_class": "noTreeObjectGroup100",
        "objLayer": 2,
        "props": {
          "army": 2,
          "active": true
        }
      }
    },
    {
      "objectGroups": {
        "name": "notree19",
        "tm": [
          [0.156736,0.0,0.987641],
          [0.0,1.0,0.0],
          [-0.987641,0.0,0.156736],
          [946.6,0.0,3315.1]
        ],
        "unit_class": "noTreeObjectGroup100",
        "objLayer": 2,
        "props": {
          "army": 2,
          "active": true
        }
      }
    },
    {
      "objectGroups": {
        "name": "notree22",
        "tm": [
          [0.156736,0.0,0.987641],
          [0.0,1.0,0.0],
          [-0.987641,0.0,0.156736],
          [849.65,0.0,3330.35]
        ],
        "unit_class": "noTreeObjectGroup100",
        "objLayer": 2,
        "props": {
          "army": 2,
          "active": true
        }
      }
    },
    {
      "objectGroups": {
        "name": "notree25",
        "tm": [
          [0.156736,0.0,0.987641],
          [0.0,1.0,0.0],
          [-0.987641,0.0,0.156736],
          [755.8,0.0,3345.9]
        ],
        "unit_class": "noTreeObjectGroup100",
        "objLayer": 2,
        "props": {
          "army": 2,
          "active": true
        }
      }
    },
    {
      "objectGroups": {
        "name": "notree28",
        "tm": [
          [0.156736,0.0,0.987641],
          [0.0,1.0,0.0],
          [-0.987641,0.0,0.156736],
          [764.3,0.0,3441.6]
        ],
        "unit_class": "noTreeObjectGroup100",
        "objLayer": 2,
        "props": {
          "army": 2,
          "active": true
        }
      }
    },
    {
      "objectGroups": {
        "name": "notree31",
        "tm": [
          [0.156736,0.0,0.987641],
          [0.0,1.0,0.0],
          [-0.987641,0.0,0.156736],
          [778.85,0.0,3540.65]
        ],
        "unit_class": "noTreeObjectGroup100",
        "objLayer": 2,
        "props": {
          "army": 2,
          "active": true
        }
      }
    },
    {
      "objectGroups": {
        "name": "notree34",
        "tm": [
          [0.156736,0.0,0.987641],
          [0.0,1.0,0.0],
          [-0.987641,0.0,0.156736],
          [778.25,0.0,3638.85]
        ],
        "unit_class": "noTreeObjectGroup100",
        "objLayer": 2,
        "props": {
          "army": 2,
          "active": true
        }
      }
    },
    {
      "objectGroups": {
        "name": "notree37",
        "tm": [
          [0.156736,0.0,0.987641],
          [0.0,1.0,0.0],
          [-0.987641,0.0,0.156736],
          [787.35,0.0,3726.25]
        ],
        "unit_class": "noTreeObjectGroup100",
        "objLayer": 2,
        "props": {
          "army": 2,
          "active": true
        }
      }
    },
    {
      "objectGroups": {
        "name": "notree40",
        "tm": [
          [0.156736,0.0,0.987641],
          [0.0,1.0,0.0],
          [-0.987641,0.0,0.156736],
          [782.65,0.0,3819.4]
        ],
        "unit_class": "noTreeObjectGroup100",
        "objLayer": 2,
        "props": {
          "army": 2,
          "active": true
        }
      }
    },
    {
      "objectGroups": {
        "name": "notree43",
        "tm": [
          [0.156736,0.0,0.987641],
          [0.0,1.0,0.0],
          [-0.987641,0.0,0.156736],
          [781.45,0.0,3914.65]
        ],
        "unit_class": "noTreeObjectGroup100",
        "objLayer": 2,
        "props": {
          "army": 2,
          "active": true
        }
      }
    },
    {
      "objectGroups": {
        "name": "notree46",
        "tm": [
          [0.156736,0.0,0.987641],
          [0.0,1.0,0.0],
          [-0.987641,0.0,0.156736],
          [781.85,0.0,4014.1]
        ],
        "unit_class": "noTreeObjectGroup100",
        "objLayer": 2,
        "props": {
          "army": 2,
          "active": true
        }
      }
    },
    {
      "objectGroups": {
        "name": "notree49",
        "tm": [
          [0.156736,0.0,0.987641],
          [0.0,1.0,0.0],
          [-0.987641,0.0,0.156736],
          [791.1,0.0,4107.85]
        ],
        "unit_class": "noTreeObjectGroup100",
        "objLayer": 2,
        "props": {
          "army": 2,
          "active": true
        }
      }
    },
    {
      "area_squad": {
        "name": "t1_tanks_spawn00",
        "tm": [
          [0.766708,0.0,0.641996],
          [0.0,1.0,0.0],
          [-0.641996,0.0,0.766708],
          [3407.89,19.5023,1680.08]
        ],
        "props": [
          {
            "squad_members": "t1_tanks_spawn00_01"
          },
          {
            "squad_members": "t1_tanks_spawn00_02"
          },
          {
            "squad_members": "t1_tanks_spawn00_03"
          },
          {
            "squad_members": "t1_tanks_spawn00_04"
          },
          {
            "squad_members": "t1_tanks_spawn00_05"
          },
          {
            "squad_members": "t1_tanks_spawn00_06"
          },
          {
            "squad_members": "t1_tanks_spawn00_07"
          },
          {
            "squad_members": "t1_tanks_spawn00_08"
          },
          {
            "squad_members": "t1_tanks_spawn00_09"
          },
          {
            "squad_members": "t1_tanks_spawn00_10"
          },
          {
            "squad_members": "t1_tanks_spawn00_11"
          },
          {
            "squad_members": "t1_tanks_spawn00_12"
          },
          {
            "squad_members": "t1_tanks_spawn00_13"
          },
          {
            "squad_members": "t1_tanks_spawn00_14"
          },
          {
            "squad_members": "t1_tanks_spawn00_15"
          },
          {
            "squad_members": "t1_tanks_spawn00_16"
          },
          {
            "squad_members": "t1_tanks_spawn00_17"
          },
          {
            "squad_members": "t1_tanks_spawn00_18"
          },
          {
            "squad_members": "t1_tanks_spawn00_19"
          },
          {
            "squad_members": "t1_tanks_spawn00_20"
          }
        ]
      }
    },
    {
      "area_squad": {
        "name": "t1_tanks_spawn01",
        "tm": [
          [0.184973,0.0,-0.982743],
          [0.0,1.0,0.0],
          [0.982743,0.0,0.184973],
          [2593.08,5.06236,1959.42]
        ],
        "props": [
          {
            "squad_members": "t1_tanks_spawn01_01"
          },
          {
            "squad_members": "t1_tanks_spawn01_02"
          },
          {
            "squad_members": "t1_tanks_spawn01_03"
          },
          {
            "squad_members": "t1_tanks_spawn01_04"
          },
          {
            "squad_members": "t1_tanks_spawn01_05"
          },
          {
            "squad_members": "t1_tanks_spawn01_06"
          },
          {
            "squad_members": "t1_tanks_spawn01_07"
          },
          {
            "squad_members": "t1_tanks_spawn01_08"
          },
          {
            "squad_members": "t1_tanks_spawn01_09"
          },
          {
            "squad_members": "t1_tanks_spawn01_10"
          },
          {
            "squad_members": "t1_tanks_spawn01_11"
          },
          {
            "squad_members": "t1_tanks_spawn01_12"
          },
          {
            "squad_members": "t1_tanks_spawn01_13"
          },
          {
            "squad_members": "t1_tanks_spawn01_14"
          },
          {
            "squad_members": "t1_tanks_spawn01_15"
          },
          {
            "squad_members": "t1_tanks_spawn01_16"
          },
          {
            "squad_members": "t1_tanks_spawn01_17"
          },
          {
            "squad_members": "t1_tanks_spawn01_18"
          },
          {
            "squad_members": "t1_tanks_spawn01_19"
          },
          {
            "squad_members": "t1_tanks_spawn01_20"
          }
        ]
      }
    },
    {
      "area_squad": {
        "name": "t1_tanks_spawn02",
        "tm": [
          [-0.99621,0.0,-0.0869831],
          [0.0,1.0,0.0],
          [0.0869831,0.0,-0.99621],
          [1752.82,6.61547,2346.79]
        ],
        "props": [
          {
            "squad_members": "t1_tanks_spawn02_01"
          },
          {
            "squad_members": "t1_tanks_spawn02_02"
          },
          {
            "squad_members": "t1_tanks_spawn02_03"
          },
          {
            "squad_members": "t1_tanks_spawn02_04"
          },
          {
            "squad_members": "t1_tanks_spawn02_05"
          },
          {
            "squad_members": "t1_tanks_spawn02_06"
          },
          {
            "squad_members": "t1_tanks_spawn02_07"
          },
          {
            "squad_members": "t1_tanks_spawn02_08"
          },
          {
            "squad_members": "t1_tanks_spawn02_09"
          },
          {
            "squad_members": "t1_tanks_spawn02_10"
          },
          {
            "squad_members": "t1_tanks_spawn02_11"
          },
          {
            "squad_members": "t1_tanks_spawn02_12"
          },
          {
            "squad_members": "t1_tanks_spawn02_13"
          },
          {
            "squad_members": "t1_tanks_spawn02_14"
          },
          {
            "squad_members": "t1_tanks_spawn02_15"
          },
          {
            "squad_members": "t1_tanks_spawn02_16"
          },
          {
            "squad_members": "t1_tanks_spawn02_17"
          },
          {
            "squad_members": "t1_tanks_spawn02_18"
          },
          {
            "squad_members": "t1_tanks_spawn02_19"
          },
          {
            "squad_members": "t1_tanks_spawn02_20"
          }
        ]
      }
    },
    {
      "area_squad": {
        "name": "t1_tanks_spawn03",
        "tm": [
          [-0.811774,0.0,-0.583972],
          [0.0,1.0,0.0],
          [0.583972,0.0,-0.811774],
          [1423.01,17.0821,2868.3]
        ],
        "props": [
          {
            "squad_members": "t1_tanks_spawn03_01"
          },
          {
            "squad_members": "t1_tanks_spawn03_02"
          },
          {
            "squad_members": "t1_tanks_spawn03_03"
          },
          {
            "squad_members": "t1_tanks_spawn03_04"
          },
          {
            "squad_members": "t1_tanks_spawn03_05"
          },
          {
            "squad_members": "t1_tanks_spawn03_06"
          },
          {
            "squad_members": "t1_tanks_spawn03_07"
          },
          {
            "squad_members": "t1_tanks_spawn03_08"
          },
          {
            "squad_members": "t1_tanks_spawn03_09"
          },
          {
            "squad_members": "t1_tanks_spawn03_10"
          },
          {
            "squad_members": "t1_tanks_spawn03_11"
          },
          {
            "squad_members": "t1_tanks_spawn03_12"
          },
          {
            "squad_members": "t1_tanks_spawn03_13"
          },
          {
            "squad_members": "t1_tanks_spawn03_14"
          },
          {
            "squad_members": "t1_tanks_spawn03_15"
          },
          {
            "squad_members": "t1_tanks_spawn03_16"
          },
          {
            "squad_members": "t1_tanks_spawn03_17"
          },
          {
            "squad_members": "t1_tanks_spawn03_18"
          },
          {
            "squad_members": "t1_tanks_spawn03_19"
          },
          {
            "squad_members": "t1_tanks_spawn03_20"
          }
        ]
      }
    },
    {
      "area_squad": {
        "name": "t1_tanks_spawn04",
        "tm": [
          [0.228261,0.0,0.9736],
          [0.0,1.0,0.0],
          [-0.9736,0.0,0.228261],
          [674.069,12.472,3446.48]
        ],
        "props": [
          {
            "squad_members": "t1_tanks_spawn04_01"
          },
          {
            "squad_members": "t1_tanks_spawn04_02"
          },
          {
            "squad_members": "t1_tanks_spawn04_03"
          },
          {
            "squad_members": "t1_tanks_spawn04_04"
          },
          {
            "squad_members": "t1_tanks_spawn04_05"
          },
          {
            "squad_members": "t1_tanks_spawn04_06"
          },
          {
            "squad_members": "t1_tanks_spawn04_07"
          },
          {
            "squad_members": "t1_tanks_spawn04_08"
          },
          {
            "squad_members": "t1_tanks_spawn04_09"
          },
          {
            "squad_members": "t1_tanks_spawn04_10"
          },
          {
            "squad_members": "t1_tanks_spawn04_11"
          },
          {
            "squad_members": "t1_tanks_spawn04_12"
          },
          {
            "squad_members": "t1_tanks_spawn04_13"
          },
          {
            "squad_members": "t1_tanks_spawn04_14"
          },
          {
            "squad_members": "t1_tanks_spawn04_15"
          },
          {
            "squad_members": "t1_tanks_spawn04_16"
          },
          {
            "squad_members": "t1_tanks_spawn04_17"
          },
          {
            "squad_members": "t1_tanks_spawn04_18"
          },
          {
            "squad_members": "t1_tanks_spawn04_19"
          },
          {
            "squad_members": "t1_tanks_spawn04_20"
          }
        ]
      }
    },
    {
      "area_squad": {
        "name": "t2_tanks_spawn",
        "tm": [
          [-0.80718,0.0,0.590306],
          [0.0,1.0,0.0],
          [-0.590306,0.0,-0.80718],
          [2898.67,4.53232,3198.13]
        ],
        "props": [
          {
            "squad_members": "t2_tanks_spawn01"
          },
          {
            "squad_members": "t2_tanks_spawn02"
          },
          {
            "squad_members": "t2_tanks_spawn03"
          },
          {
            "squad_members": "t2_tanks_spawn04"
          },
          {
            "squad_members": "t2_tanks_spawn05"
          },
          {
            "squad_members": "t2_tanks_spawn06"
          },
          {
            "squad_members": "t2_tanks_spawn07"
          },
          {
            "squad_members": "t2_tanks_spawn08"
          },
          {
            "squad_members": "t2_tanks_spawn09"
          },
          {
            "squad_members": "t2_tanks_spawn10"
          },
          {
            "squad_members": "t2_tanks_spawn11"
          },
          {
            "squad_members": "t2_tanks_spawn12"
          },
          {
            "squad_members": "t2_tanks_spawn13"
          },
          {
            "squad_members": "t2_tanks_spawn14"
          },
          {
            "squad_members": "t2_tanks_spawn15"
          },
          {
            "squad_members": "t2_tanks_spawn16"
          },
          {
            "squad_members": "t2_tanks_spawn17"
          },
          {
            "squad_members": "t2_tanks_spawn18"
          },
          {
            "squad_members": "t2_tanks_spawn19"
          },
          {
            "squad_members": "t2_tanks_spawn20"
          }
        ]
      }
    },
    {
      "objectGroups": {
        "name": "notree15",
        "tm": [
          [0.850839,0.0,0.525426],
          [0.0,1.0,0.0],
          [-0.525426,0.0,0.850839],
          [1706.91,0.0,2619.45]
        ],
        "unit_class": "noTreeObjectGroup100",
        "objLayer": 2,
        "props": {
          "army": 2,
          "active": true
        }
      }
    },
    {
      "objectGroups": {
        "name": "notree39",
        "tm": [
          [0.156736,0.0,0.987641],
          [0.0,1.0,0.0],
          [-0.987641,0.0,0.156736],
          [703.894,0.0,3360.96]
        ],
        "unit_class": "noTreeObjectGroup100",
        "objLayer": 2,
        "props": {
          "army": 2,
          "active": true
        }
      }
    },
    {
      "objectGroups": {
        "name": "notree09",
        "tm": [
          [0.985012,0.0,-0.172487],
          [0.0,1.0,0.0],
          [0.172487,0.0,0.985012],
          [3546.51,16.5172,1532.71]
        ],
        "unit_class": "noTreeObjectGroup100",
        "objLayer": 2,
        "props": {
          "army": 2,
          "active": true
        }
      }
    },
    {
      "objectGroups": {
        "name": "notree42",
        "tm": [
          [0.985012,0.0,-0.172487],
          [0.0,1.0,0.0],
          [0.172487,0.0,0.985012],
          [3455.81,16.5172,1549.09]
        ],
        "unit_class": "noTreeObjectGroup100",
        "objLayer": 2,
        "props": {
          "army": 2,
          "active": true
        }
      }
    },
    {
      "objectGroups": {
        "name": "notree51",
        "tm": [
          [0.985012,0.0,-0.172487],
          [0.0,1.0,0.0],
          [0.172487,0.0,0.985012],
          [3367.66,16.5171,1583.71]
        ],
        "unit_class": "noTreeObjectGroup100",
        "objLayer": 2,
        "props": {
          "army": 2,
          "active": true
        }
      }
    },
    {
      "objectGroups": {
        "name": "notree54",
        "tm": [
          [0.985012,0.0,-0.172487],
          [0.0,1.0,0.0],
          [0.172487,0.0,0.985012],
          [3280.43,16.5171,1604.95]
        ],
        "unit_class": "noTreeObjectGroup100",
        "objLayer": 2,
        "props": {
          "army": 2,
          "active": true
        }
      }
    },
    {
      "objectGroups": {
        "name": "notree57",
        "tm": [
          [0.985012,0.0,-0.172487],
          [0.0,1.0,0.0],
          [0.172487,0.0,0.985012],
          [3193.6,16.5171,1628.13]
        ],
        "unit_class": "noTreeObjectGroup100",
        "objLayer": 2,
        "props": {
          "army": 2,
          "active": true
        }
      }
    },
    {
      "objectGroups": {
        "name": "notree60",
        "tm": [
          [0.985012,0.0,-0.172487],
          [0.0,1.0,0.0],
          [0.172487,0.0,0.985012],
          [3101.7,16.5171,1649.89]
        ],
        "unit_class": "noTreeObjectGroup100",
        "objLayer": 2,
        "props": {
          "army": 2,
          "active": true
        }
      }
    },
    {
      "objectGroups": {
        "name": "notree63",
        "tm": [
          [0.985012,0.0,-0.172487],
          [0.0,1.0,0.0],
          [0.172487,0.0,0.985012],
          [3035.56,16.5171,1684.82]
        ],
        "unit_class": "noTreeObjectGroup100",
        "objLayer": 2,
        "props": {
          "army": 2,
          "active": true
        }
      }
    },
    {
      "objectGroups": {
        "name": "notree66",
        "tm": [
          [0.9942,0.0,0.10755],
          [0.0,1.0,0.0],
          [-0.10755,0.0,0.9942],
          [2957.06,10.514,1688.32]
        ],
        "unit_class": "noTreeObjectGroup100",
        "objLayer": 2,
        "props": {
          "army": 2,
          "active": true
        }
      }
    },
    {
      "objectGroups": {
        "name": "notree69",
        "tm": [
          [0.9942,0.0,0.10755],
          [0.0,1.0,0.0],
          [-0.10755,0.0,0.9942],
          [2883.08,8.32328,1663.84]
        ],
        "unit_class": "noTreeObjectGroup100",
        "objLayer": 2,
        "props": {
          "army": 2,
          "active": true
        }
      }
    },
    {
      "objectGroups": {
        "name": "notree72",
        "tm": [
          [0.9942,0.0,0.10755],
          [0.0,1.0,0.0],
          [-0.10755,0.0,0.9942],
          [2828.28,8.32327,1688.73]
        ],
        "unit_class": "noTreeObjectGroup100",
        "objLayer": 2,
        "props": {
          "army": 2,
          "active": true
        }
      }
    },
    {
      "objectGroups": {
        "name": "notree75",
        "tm": [
          [0.964849,0.0,0.262805],
          [0.0,1.0,0.0],
          [-0.262805,0.0,0.964849],
          [2808.1,8.32327,1767.99]
        ],
        "unit_class": "noTreeObjectGroup100",
        "objLayer": 2,
        "props": {
          "army": 2,
          "active": true
        }
      }
    },
    {
      "objectGroups": {
        "name": "notree78",
        "tm": [
          [0.964849,0.0,0.262805],
          [0.0,1.0,0.0],
          [-0.262805,0.0,0.964849],
          [2784.85,8.32327,1853.65]
        ],
        "unit_class": "noTreeObjectGroup100",
        "objLayer": 2,
        "props": {
          "army": 2,
          "active": true
        }
      }
    },
    {
      "objectGroups": {
        "name": "notree81",
        "tm": [
          [0.831915,0.0,0.554904],
          [0.0,1.0,0.0],
          [-0.554904,0.0,0.831915],
          [2750.52,8.32327,1926.89]
        ],
        "unit_class": "noTreeObjectGroup100",
        "objLayer": 2,
        "props": {
          "army": 2,
          "active": true
        }
      }
    },
    {
      "objectGroups": {
        "name": "notree84",
        "tm": [
          [0.67568,0.0,0.737196],
          [0.0,1.0,0.0],
          [-0.737196,0.0,0.67568],
          [2695.56,8.32327,1990.83]
        ],
        "unit_class": "noTreeObjectGroup100",
        "objLayer": 2,
        "props": {
          "army": 2,
          "active": true
        }
      }
    },
    {
      "objectGroups": {
        "name": "notree87",
        "tm": [
          [0.67568,0.0,0.737196],
          [0.0,1.0,0.0],
          [-0.737196,0.0,0.67568],
          [2623.24,8.32327,2049.43]
        ],
        "unit_class": "noTreeObjectGroup100",
        "objLayer": 2,
        "props": {
          "army": 2,
          "active": true
        }
      }
    },
    {
      "objectGroups": {
        "name": "notree90",
        "tm": [
          [0.67568,0.0,0.737196],
          [0.0,1.0,0.0],
          [-0.737196,0.0,0.67568],
          [2545.74,8.32327,2082.48]
        ],
        "unit_class": "noTreeObjectGroup100",
        "objLayer": 2,
        "props": {
          "army": 2,
          "active": true
        }
      }
    },
    {
      "objectGroups": {
        "name": "notree93",
        "tm": [
          [0.67568,0.0,0.737196],
          [0.0,1.0,0.0],
          [-0.737196,0.0,0.67568],
          [2454.77,8.32327,2116.65]
        ],
        "unit_class": "noTreeObjectGroup100",
        "objLayer": 2,
        "props": {
          "army": 2,
          "active": true
        }
      }
    },
    {
      "area_squad": {
        "name": "t1_rearm_zone",
        "tm": [
          [1.0,0.0,0.0],
          [0.0,1.0,0.0],
          [0.0,0.0,1.0],
          [-822.154,23.2117,-95.1837]
        ],
        "props": [
          {
            "squad_members": "t1_rearm_zone_01"
          },
          {
            "squad_members": "t1_rearm_zone_02"
          }
        ]
      }
    },
    {
      "area_squad": {
        "name": "t2_rearm_zone",
        "tm": [
          [1.0,0.0,0.0],
          [0.0,1.0,0.0],
          [0.0,0.0,1.0],
          [562.478,23.2117,-501.735]
        ],
        "props": [
          {
            "squad_members": "t2_rearm_zone_01"
          },
          {
            "squad_members": "t2_rearm_zone_02"
          }
        ]
      }
    }
  ],
  "areas": {
    "briefing_bombers": {
      "type": "Point",
      "tm": [
        [1.0,0.0,0.0],
        [0.0,1.0,0.0],
        [0.0,0.0,1.0],
        [528.304,41.1797,508.002]
      ],
      "objLayer": 0,
      "props": []
    },
    "briefing_tanks": {
      "type": "Point",
      "tm": [
        [1.0,0.0,0.0],
        [0.0,1.0,0.0],
        [0.0,0.0,1.0],
        [3556.22,41.1796,1539.88]
      ],
      "objLayer": 0,
      "props": []
    },
    "convoy_waypoint01": {
      "type": "Point",
      "tm": [
        [-61.6334,0.0,78.7483],
        [0.0,100.0,0.0],
        [-78.7483,0.0,-61.6334],
        [2533.7,9.70001,1997.04]
      ],
      "objLayer": 0,
      "props": []
    },
    "convoy_waypoint02": {
      "type": "Point",
      "tm": [
        [-10.0505,0.0,99.4937],
        [0.0,100.0,0.0],
        [-99.4937,0.0,-10.0505],
        [1943.33,8.73993,2474.2]
      ],
      "objLayer": 0,
      "props": []
    },
    "convoy_waypoint03": {
      "type": "Point",
      "tm": [
        [85.1512,0.0,52.4334],
        [0.0,100.0,0.0],
        [-52.4334,0.0,85.1512],
        [1478.27,17.5495,2875.01]
      ],
      "objLayer": 0,
      "props": []
    },
    "convoy_waypoint04": {
      "type": "Point",
      "tm": [
        [88.4421,0.0,-46.6687],
        [0.0,100.0,0.0],
        [46.6687,0.0,88.4421],
        [791.19,19.6094,3666.8]
      ],
      "objLayer": 0,
      "props": []
    },
    "convoy_waypoint00": {
      "type": "Point",
      "tm": [
        [-97.3788,0.0,22.7459],
        [0.0,100.0,0.0],
        [-22.7459,0.0,-97.3788],
        [3426.22,19.563,1564.51]
      ],
      "objLayer": 0,
      "props": []
    },
    "convoy_starting_point": {
      "type": "Point",
      "tm": [
        [-0.947834,0.0,0.318763],
        [0.0,1.0,0.0],
        [-0.318763,0.0,-0.947834],
        [3604.03,16.5436,1513.37]
      ],
      "objLayer": 0,
      "props": []
    },
    "cnv_battle_area": {
      "type": "Box",
      "tm": [
        [4096.0,0.0,0.0],
        [0.0,931.89,0.0],
        [0.0,0.0,4096.0],
        [2048.0,12.1382,2048.0]
      ],
      "objLayer": 0,
      "props": []
    },
    "area_03": {
      "type": "Sphere",
      "tm": [
        [2200.0,0.0,0.0],
        [0.0,2200.0,0.0],
        [0.0,0.0,2200.0],
        [2849.57,18.4395,3160.91]
      ],
      "objLayer": 0,
      "props": []
    },
    "area_04": {
      "type": "Sphere",
      "tm": [
        [1400.0,0.0,0.0],
        [0.0,1400.0,0.0],
        [0.0,0.0,1400.0],
        [763.85,17.45,3102.85]
      ],
      "objLayer": 0,
      "props": []
    },
    "notree01": {
      "type": "Box",
      "tm": [
        [98.5012,0.0,-17.2487],
        [0.0,50.0,0.0],
        [17.2487,0.0,98.5012],
        [2305.7,0.0,2307.45]
      ],
      "objLayer": 0,
      "props": []
    },
    "notree05": {
      "type": "Box",
      "tm": [
        [99.9459,0.0,3.2903],
        [0.0,50.0,0.0],
        [-3.2903,0.0,99.9459],
        [2179.75,0.0,2326.4]
      ],
      "objLayer": 0,
      "props": []
    },
    "notree08": {
      "type": "Box",
      "tm": [
        [85.0839,0.0,52.5426],
        [0.0,50.0,0.0],
        [-52.5426,0.0,85.0839],
        [1706.75,0.0,2560.05]
      ],
      "objLayer": 0,
      "props": []
    },
    "notree11": {
      "type": "Box",
      "tm": [
        [85.0839,0.0,52.5426],
        [0.0,50.0,0.0],
        [-52.5426,0.0,85.0839],
        [1425.3,0.0,3152.85]
      ],
      "objLayer": 0,
      "props": []
    },
    "notree14": {
      "type": "Box",
      "tm": [
        [70.02,0.0,71.3947],
        [0.0,50.0,0.0],
        [-71.3947,0.0,70.02],
        [1486.2,0.0,3107.7]
      ],
      "objLayer": 0,
      "props": []
    },
    "notree17": {
      "type": "Box",
      "tm": [
        [15.6736,0.0,98.7641],
        [0.0,50.0,0.0],
        [-98.7641,0.0,15.6736],
        [1041.05,0.0,3300.45]
      ],
      "objLayer": 0,
      "props": []
    },
    "notree20": {
      "type": "Box",
      "tm": [
        [15.6736,0.0,98.7641],
        [0.0,50.0,0.0],
        [-98.7641,0.0,15.6736],
        [946.6,0.0,3315.1]
      ],
      "objLayer": 0,
