{
  "selected_tag": "",
  "bin_dump_file": "",
  "mission_settings": {
    "player": {
      "army": 1
    },
    "player_teamB": {
      "army": 2
    },
    "mission": {
      "type": "domination",
      "level": "levels/avg_poland.bin",
      "environment": "Day",
      "weather": "hazy"
    }
  },
  "imports": {},
  "triggers": {
    "isCategory": true,
    "is_enabled": true
  },
  "mission_objectives": {
    "isCategory": true,
    "is_enabled": true
  },
  "variables": {},
  "dialogs": {},
  "airfields": {},
  "effects": {},
  "units": {
    "area_squad": [
      {
        "name": "spawn_t1b02",
        "tm": [
          [
            0.499999,
            0.0,
            0.866026
          ],
          [
            0.0,
            1.0,
            0.0
          ],
          [
            -0.866026,
            0.0,
            0.499999
          ],
          [
            2805.8,
            8.55,
            2040.7
          ]
        ],
        "props": {
          "squad_members": [
            "spawn_point_01",
            "spawn_point_02",
            "spawn_point_03",
            "spawn_point_04",
            "spawn_point_05",
            "spawn_point_06",
            "spawn_point_07",
            "spawn_point_08",
            "spawn_point_09",
            "spawn_point_10",
            "spawn_point_11",
            "spawn_point_12",
            "spawn_point_13",
            "spawn_point_14",
            "spawn_point_15",
            "spawn_point_16",
            "spawn_point_17",
            "spawn_point_18",
            "spawn_point_19",
            "spawn_point_20"
          ]
        }
      },
      {
        "name": "spawn_t1b01",
        "tm": [
          [
            0.131503,
            0.0,
            0.991316
          ],
          [
            0.0,
            1.0,
            0.0
          ],
          [
            -0.991316,
            0.0,
            0.131503
          ],
          [
            2314.35,
            13.2767,
            2024.68
          ]
        ],
        "props": {
          "squad_members": [
            "spawn_point_33",
            "spawn_point_34",
            "spawn_point_35",
            "spawn_point_36",
            "spawn_point_37",
            "spawn_point_38",
            "spawn_point_39",
            "spawn_point_40",
            "spawn_point_41",
            "spawn_point_42",
            "spawn_point_43",
            "spawn_point_44",
            "spawn_point_45",
            "spawn_point_46",
            "spawn_point_47",
            "spawn_point_32",
            "spawn_point_48",
            "spawn_point_49",
            "spawn_point_50",
            "spawn_point_51"
          ]
        }
      },
      {
        "name": "spawn_t2b02",
        "tm": [
          [
            0.342021,
            0.0,
            0.939693
          ],
          [
            0.0,
            1.0,
            0.0
          ],
          [
            -0.939693,
            0.0,
            0.342021
          ],
          [
            1523.69,
            13.6049,
            1956.14
          ]
        ],
        "props": {
          "squad_members": [
            "spawn_point_64",
            "spawn_point_65",
            "spawn_point_66",
            "spawn_point_67",
            "spawn_point_68",
            "spawn_point_69",
            "spawn_point_70",
            "spawn_point_71",
            "spawn_point_72",
            "spawn_point_73",
            "spawn_point_74",
            "spawn_point_75",
            "spawn_point_76",
            "spawn_point_77",
            "spawn_point_78",
            "spawn_point_63",
            "spawn_point_79",
            "spawn_point_80",
            "spawn_point_81",
            "spawn_point_82"
          ]
        }
      },
      {
        "name": "spawn_t1a02",
        "tm": [
          [
            -0.458738,
            0.0,
            0.888571
          ],
          [
            0.0,
            1.0,
            0.0
          ],
          [
            -0.888571,
            0.0,
            -0.458738
          ],
          [
            2335.47,
            27.012,
            1955.64
          ]
        ],
        "props": {
          "squad_members": [
            "spawn_point_126",
            "spawn_point_127",
            "spawn_point_128",
            "spawn_point_129",
            "spawn_point_130",
            "spawn_point_131",
            "spawn_point_132",
            "spawn_point_133",
            "spawn_point_134",
            "spawn_point_135",
            "spawn_point_136",
            "spawn_point_137",
            "spawn_point_138",
            "spawn_point_139",
            "spawn_point_140",
            "spawn_point_125",
            "spawn_point_177",
            "spawn_point_178",
            "spawn_point_179",
            "spawn_point_180"
          ]
        }
      },
      {
        "name": "spawn_t2a01",
        "tm": [
          [
            -0.951599,
            0.0,
            0.307343
          ],
          [
            0.0,
            1.0,
            0.0
          ],
          [
            -0.307343,
            0.0,
            -0.951599
          ],
          [
            1590.26,
            15.7581,
            1935.33
          ]
        ],
        "props": {
          "squad_members": [
            "spawn_point_95",
            "spawn_point_96",
            "spawn_point_97",
            "spawn_point_98",
            "spawn_point_99",
            "spawn_point_100",
            "spawn_point_101",
            "spawn_point_102",
            "spawn_point_103",
            "spawn_point_104",
            "spawn_point_105",
            "spawn_point_106",
            "spawn_point_107",
            "spawn_point_108",
            "spawn_point_109",
            "spawn_point_94",
            "spawn_point_110",
            "spawn_point_111",
            "spawn_point_112",
            "spawn_point_113"
          ]
        }
      },
      {
        "name": "spawn_t2a02",
        "tm": [
          [
            -0.954895,
            0.0,
            0.296945
          ],
          [
            0.0,
            1.0,
            0.0
          ],
          [
            -0.296945,
            0.0,
            -0.954895
          ],
          [
            956.95,
            22.7,
            1940.15
          ]
        ],
        "props": {
          "squad_members": [
            "spawn_point_157",
            "spawn_point_158",
            "spawn_point_159",
            "spawn_point_160",
            "spawn_point_161",
            "spawn_point_162",
            "spawn_point_163",
            "spawn_point_164",
            "spawn_point_165",
            "spawn_point_166",
            "spawn_point_167",
            "spawn_point_168",
            "spawn_point_169",
            "spawn_point_170",
            "spawn_point_171",
            "spawn_point_156",
            "spawn_point_181",
            "spawn_point_182",
            "spawn_point_183",
            "spawn_point_184"
          ]
        }
      },
      {
        "name": "t2b_pit_1st_sq",
        "tm": [
          [
            0.939693,
            0.0,
            0.34202
          ],
          [
            0.0,
            1.0,
            0.0
          ],
          [
            -0.34202,
            0.0,
            0.939693
          ],
          [
            1610.73,
            28.0268,
            2153.25
          ]
        ],
        "props": {
          "squad_members": [
            "t2b_pit_01",
            "t2b_pit_02",
            "t2b_pit_03",
            "t2b_pit_04",
            "t2b_pit_05"
          ]
        }
      },
      {
        "name": "t2a_pit_2nd_sq",
        "tm": [
          [
            -0.654185,
            0.0,
            0.756335
          ],
          [
            0.0,
            1.0,
            0.0
          ],
          [
            -0.756335,
            0.0,
            -0.654185
          ],
          [
            1448.38,
            25.962,
            2091.66
          ]
        ],
        "props": {
          "squad_members": [
            "t2a_pit_06",
            "t2a_pit_07",
            "t2a_pit_08",
            "t2a_pit_09",
            "t2a_pit_10",
            "t2a_pit_11",
            "t2a_pit_12",
            "t2a_pit_13",
            "t2a_pit_14",
            "t2a_pit_15"
          ]
        }
      },
      {
        "name": "t2a_pit_1st_sq",
        "tm": [
          [
            -0.426187,
            0.0,
            0.904635
          ],
          [
            0.0,
            1.0,
            0.0
          ],
          [
            -0.904635,
            0.0,
            -0.426187
          ],
          [
            2028.55,
            6.5,
            2025.1
          ]
        ],
        "props": {
          "squad_members": [
            "t2a_pit_01",
            "t2a_pit_02",
            "t2a_pit_03",
            "t2a_pit_04",
            "t2a_pit_05"
          ]
        }
      },
      {
        "name": "t2b_pit_2nd_sq",
        "tm": [
          [
            0.939693,
            0.0,
            0.34202
          ],
          [
            0.0,
            1.0,
            0.0
          ],
          [
            -0.34202,
            0.0,
            0.939693
          ],
          [
            2244.26,
            1.62677,
            1885.83
          ]
        ],
        "props": {
          "squad_members": [
            "t2b_pit_06",
            "t2b_pit_07",
            "t2b_pit_08",
            "t2b_pit_09",
            "t2b_pit_10",
            "t2b_pit_11",
            "t2b_pit_12",
            "t2b_pit_13",
            "t2b_pit_14",
            "t2b_pit_15"
          ]
        }
      },
      {
        "name": "spawn_t1a01",
        "tm": [
          [
            -0.934844,
            0.0,
            0.355059
          ],
          [
            0.0,
            1.0,
            0.0
          ],
          [
            -0.355059,
            0.0,
            -0.934844
          ],
          [
            2880.73,
            11.2521,
            1677.85
          ]
        ],
        "props": {
          "squad_members": [
            "spawn_point_142",
            "spawn_point_143",
            "spawn_point_144",
            "spawn_point_145",
            "spawn_point_146",
            "spawn_point_147",
            "spawn_point_148",
            "spawn_point_149",
            "spawn_point_150",
            "spawn_point_151",
            "spawn_point_152",
            "spawn_point_153",
            "spawn_point_154",
            "spawn_point_155",
            "spawn_point_172",
            "spawn_point_141",
            "spawn_point_173",
            "spawn_point_174",
            "spawn_point_175",
            "spawn_point_176"
          ]
        }
      },
      {
        "name": "spawn_t2b01",
        "tm": [
          [
            0.21644,
            0.0,
            0.976296
          ],
          [
            0.0,
            1.0,
            0.0
          ],
          [
            -0.976296,
            0.0,
            0.21644
          ],
          [
            806.55,
            11.8,
            2011.75
          ]
        ],
        "props": {
          "squad_members": [
            "spawn_point_189",
            "spawn_point_190",
            "spawn_point_191",
            "spawn_point_192",
            "spawn_point_193",
            "spawn_point_194",
            "spawn_point_195",
            "spawn_point_196",
            "spawn_point_197",
            "spawn_point_198",
            "spawn_point_199",
            "spawn_point_200",
            "spawn_point_201",
            "spawn_point_202",
            "spawn_point_203",
            "spawn_point_188",
            "spawn_point_204",
            "spawn_point_205",
            "spawn_point_206",
            "spawn_point_207"
          ]
        }
      }
    ],
    "tankModels": {
      "name": "t1_player01",
      "tm": [
        [
          0.998301,
          0.0,
          0.0582725
        ],
        [
          0.0,
          1.0,
          0.0
        ],
        [
          -0.0582725,
          0.0,
          0.998301
        ],
        [
          2241.0,
          89.6,
          482.15
        ]
      ],
      "unit_class": "germ_at_gun_pak38",
      "objLayer": 1,
      "closed_waypoints": false,
      "isShipSpline": false,
      "shipTurnRadius": 100.0,
      "weapons": "",
      "bullets0": "",
      "bullets1": "",
      "bullets2": "",
      "bullets3": "",
      "bulletsCount0": 0,
      "bulletsCount1": 0,
      "bulletsCount2": 0,
      "bulletsCount3": 0,
      "crewSkillK": 0.0,
      "applyAllMods": false,
      "props": {
        "army": 2,
        "count": 1,
        "formation_type": "rows",
        "formation_div": 3,
        "formation_step": [
          2.5,
          2.0
        ],
        "formation_noise": [
          0.1,
          0.1
        ],
        "isDelayed": true
      },
      "way": {}
    },
    "objectGroups": [
      {
        "name": "objectGroups_62",
        "tm": [
          [
            0.173648,
            0.0,
            0.984807
          ],
          [
            0.0,
            1.0,
            0.0
          ],
          [
            -0.984807,
            0.0,
            0.173648
          ],
          [
            2409.33,
            21.55,
            1490.2
          ]
        ],
        "unit_class": "czech_hedgehog_dynamic",
        "objLayer": 2,
        "props": {
          "army": 0,
          "active": true
        }
      },
      {
        "name": "objectGroups_63",
        "tm": [
          [
            0.422617,
            0.0,
            -0.906308
          ],
          [
            0.0,
            1.0,
            0.0
          ],
          [
            0.906308,
            0.0,
            0.422617
          ],
          [
            2407.45,
            21.55,
            1487.25
          ]
        ],
        "unit_class": "czech_hedgehog_dynamic",
        "objLayer": 2,
        "props": {
          "army": 0,
          "active": true
        }
      },
      {
        "name": "objectGroups_64",
        "tm": [
          [
            0.866025,
            0.0,
            -0.499999
          ],
          [
            0.0,
            1.0,
            0.0
          ],
          [
            0.499999,
            0.0,
            0.866025
          ],
          [
            2405.84,
            21.55,
            1490.36
          ]
        ],
        "unit_class": "czech_hedgehog_dynamic",
        "objLayer": 2,
        "props": {
          "army": 0,
          "active": true
        }
      },
      {
        "name": "objectGroups_65",
        "tm": [
          [
            0.216447,
            0.0,
            -0.976295
          ],
          [
            0.0,
            1.0,
            0.0
          ],
          [
            0.976295,
            0.0,
            0.216447
          ],
          [
            2407.72,
            21.55,
            1493.31
          ]
        ],
        "unit_class": "czech_hedgehog_dynamic",
        "objLayer": 2,
        "props": {
          "army": 0,
          "active": true
        }
      },
      {
        "name": "objectGroups_66",
        "tm": [
          [
            -0.976297,
            0.0,
            0.216435
          ],
          [
            0.0,
            1.0,
            0.0
          ],
          [
            -0.216435,
            0.0,
            -0.976297
          ],
          [
            2404.22,
            21.55,
            1493.46
          ]
        ],
        "unit_class": "czech_hedgehog_dynamic",
        "objLayer": 2,
        "props": {
          "army": 0,
          "active": true
        }
      },
      {
        "name": "objectGroups_73",
        "tm": [
          [
            0.5,
            0.0,
            0.866025
          ],
          [
            0.0,
            1.0,
            0.0
          ],
          [
            -0.866025,
            0.0,
            0.5
          ],
          [
            2416.25,
            21.55,
            1477.85
          ]
        ],
        "unit_class": "czech_hedgehog_dynamic",
        "objLayer": 2,
        "props": {
          "army": 0,
          "active": true
        }
      },
      {
        "name": "objectGroups_74",
        "tm": [
          [
            0.173648,
            0.0,
            0.984807
          ],
          [
            0.0,
            1.0,
            0.0
          ],
          [
            -0.984807,
            0.0,
            0.173648
          ],
          [
            2414.63,
            21.55,
            1480.95
          ]
        ],
        "unit_class": "czech_hedgehog_dynamic",
        "objLayer": 2,
        "props": {
          "army": 0,
          "active": true
        }
      },
      {
        "name": "objectGroups_75",
        "tm": [
          [
            0.422617,
            0.0,
            -0.906308
          ],
          [
            0.0,
            1.0,
            0.0
          ],
          [
            0.906308,
            0.0,
            0.422617
          ],
          [
            2412.75,
            21.55,
            1478.0
          ]
        ],
        "unit_class": "czech_hedgehog_dynamic",
        "objLayer": 2,
        "props": {
          "army": 0,
          "active": true
        }
      },
      {
        "name": "objectGroups_84",
        "tm": [
          [
            0.5,
            0.0,
            0.866025
          ],
          [
            0.0,
            1.0,
            0.0
          ],
          [
            -0.866025,
            0.0,
            0.5
          ],
          [
            2420.1,
            21.55,
            1468.2
          ]
        ],
        "unit_class": "czech_hedgehog_dynamic",
        "objLayer": 2,
        "props": {
          "army": 0,
          "active": true
        }
      },
      {
        "name": "objectGroups_85",
        "tm": [
          [
            0.173648,
            0.0,
            0.984807
          ],
          [
            0.0,
            1.0,
            0.0
          ],
          [
            -0.984807,
            0.0,
            0.173648
          ],
          [
            2418.48,
            21.55,
            1471.3
          ]
        ],
        "unit_class": "czech_hedgehog_dynamic",
        "objLayer": 2,
        "props": {
          "army": 0,
          "active": true
        }
      },
      {
        "name": "objectGroups_86",
        "tm": [
          [
            0.422617,
            0.0,
            -0.906308
          ],
          [
            0.0,
            1.0,
            0.0
          ],
          [
            0.906308,
            0.0,
            0.422617
          ],
          [
            2416.6,
            21.55,
            1468.35
          ]
        ],
        "unit_class": "czech_hedgehog_dynamic",
        "objLayer": 2,
        "props": {
          "army": 0,
          "active": true
        }
      },
      {
        "name": "objectGroups_87",
        "tm": [
          [
            0.866025,
            0.0,
            -0.499999
          ],
          [
            0.0,
            1.0,
            0.0
          ],
          [
            0.499999,
            0.0,
            0.866025
          ],
          [
            2414.99,
            21.55,
            1471.46
          ]
        ],
        "unit_class": "czech_hedgehog_dynamic",
        "objLayer": 2,
        "props": {
          "army": 0,
          "active": true
        }
      },
      {
        "name": "objectGroups_88",
        "tm": [
          [
            0.216447,
            0.0,
            -0.976295
          ],
          [
            0.0,
            1.0,
            0.0
          ],
          [
            0.976295,
            0.0,
            0.216447
          ],
          [
            2416.87,
            21.55,
            1474.41
          ]
        ],
        "unit_class": "czech_hedgehog_dynamic",
        "objLayer": 2,
        "props": {
          "army": 0,
          "active": true
        }
      },
      {
        "name": "objectGroups_83",
        "tm": [
          [
            -0.976297,
            0.0,
            0.216435
          ],
          [
            0.0,
            1.0,
            0.0
          ],
          [
            -0.216435,
            0.0,
            -0.976297
          ],
          [
            2413.37,
            21.55,
            1474.56
          ]
        ],
        "unit_class": "czech_hedgehog_dynamic",
        "objLayer": 2,
        "props": {
          "army": 0,
          "active": true
        }
      },
      {
        "name": "objectGroups_95",
        "tm": [
          [
            0.67559,
            0.0,
            0.737277
          ],
          [
            0.0,
            1.0,
            0.0
          ],
          [
            -0.737277,
            0.0,
            0.67559
          ],
          [
            2422.9,
            21.55,
            1457.2
          ]
        ],
        "unit_class": "czech_hedgehog_dynamic",
        "objLayer": 2,
        "props": {
          "army": 0,
          "active": true
        }
      },
      {
        "name": "objectGroups_96",
        "tm": [
          [
            0.382683,
            0.0,
            0.923879
          ],
          [
            0.0,
            1.0,
            0.0
          ],
          [
            -0.923879,
            0.0,
            0.382683
          ],
          [
            2421.99,
            21.55,
            1460.58
          ]
        ],
        "unit_class": "czech_hedgehog_dynamic",
        "objLayer": 2,
        "props": {
          "army": 0,
          "active": true
        }
      },
      {
        "name": "objectGroups_97",
        "tm": [
          [
            0.216438,
            0.0,
            -0.976296
          ],
          [
            0.0,
            1.0,
            0.0
          ],
          [
            0.976296,
            0.0,
            0.216438
          ],
          [
            2419.52,
            21.55,
            1458.11
          ]
        ],
        "unit_class": "czech_hedgehog_dynamic",
        "objLayer": 2,
        "props": {
          "army": 0,
          "active": true
        }
      },
      {
        "name": "objectGroups_98",
        "tm": [
          [
            0.737277,
            0.0,
            -0.675589
          ],
          [
            0.0,
            1.0,
            0.0
          ],
          [
            0.675589,
            0.0,
            0.737277
          ],
          [
            2418.61,
            21.55,
            1461.49
          ]
        ],
        "unit_class": "czech_hedgehog_dynamic",
        "objLayer": 2,
        "props": {
          "army": 0,
          "active": true
        }
      },
      {
        "name": "objectGroups_99",
        "tm": [
          [
            7.21216E-06,
            0.0,
            -1.0
          ],
          [
            0.0,
            1.0,
            0.0
          ],
          [
            1.0,
            0.0,
            7.21216E-06
          ],
          [
            2421.09,
            21.55,
            1463.96
          ]
        ],
        "unit_class": "czech_hedgehog_dynamic",
        "objLayer": 2,
        "props": {
          "army": 0,
          "active": true
        }
      },
      {
        "name": "objectGroups_94",
        "tm": [
          [
            -0.906309,
            0.0,
            0.422614
          ],
          [
            0.0,
            1.0,
            0.0
          ],
          [
            -0.422614,
            0.0,
            -0.906309
          ],
          [
            2417.71,
            21.55,
            1464.87
          ]
        ],
        "unit_class": "czech_hedgehog_dynamic",
        "objLayer": 2,
        "props": {
          "army": 0,
          "active": true
        }
      },
      {
        "name": "objectGroups_106",
        "tm": [
          [
            0.573576,
            0.0,
            0.819152
          ],
          [
            0.0,
            1.0,
            0.0
          ],
          [
            -0.819152,
            0.0,
            0.573576
          ],
          [
            2427.45,
            21.55,
            1447.2
          ]
        ],
        "unit_class": "czech_hedgehog_dynamic",
        "objLayer": 2,
        "props": {
          "army": 0,
          "active": true
        }
      },
      {
        "name": "objectGroups_107",
        "tm": [
          [
            0.258819,
            0.0,
            0.965925
          ],
          [
            0.0,
            1.0,
            0.0
          ],
          [
            -0.965925,
            0.0,
            0.258819
          ],
          [
            2426.11,
            21.55,
            1450.43
          ]
        ],
        "unit_class": "czech_hedgehog_dynamic",
        "objLayer": 2,
        "props": {
          "army": 0,
          "active": true
        }
      },
      {
        "name": "objectGroups_108",
        "tm": [
          [
            0.342019,
            0.0,
            -0.939693
          ],
          [
            0.0,
            1.0,
            0.0
          ],
          [
            0.939693,
            0.0,
            0.342019
          ],
          [
            2423.98,
            21.55,
            1447.66
          ]
        ],
        "unit_class": "czech_hedgehog_dynamic",
        "objLayer": 2,
        "props": {
          "army": 0,
          "active": true
        }
      },
      {
        "name": "objectGroups_109",
        "tm": [
          [
            0.819152,
            0.0,
            -0.573575
          ],
          [
            0.0,
            1.0,
            0.0
          ],
          [
            0.573575,
            0.0,
            0.819152
          ],
          [
            2422.64,
            21.55,
            1450.89
          ]
        ],
        "unit_class": "czech_hedgehog_dynamic",
        "objLayer": 2,
        "props": {
          "army": 0,
          "active": true
        }
      },
      {
        "name": "objectGroups_110",
        "tm": [
          [
            0.130533,
            0.0,
            -0.991444
          ],
          [
            0.0,
            1.0,
            0.0
          ],
          [
            0.991444,
            0.0,
            0.130533
          ],
          [
            2424.77,
            21.55,
            1453.67
          ]
        ],
        "unit_class": "czech_hedgehog_dynamic",
        "objLayer": 2,
        "props": {
          "army": 0,
          "active": true
        }
      },
      {
        "name": "objectGroups_105",
        "tm": [
          [
            -0.953718,
            0.0,
            0.300702
          ],
          [
            0.0,
            1.0,
            0.0
          ],
          [
            -0.300702,
            0.0,
            -0.953718
          ],
          [
            2421.3,
            21.55,
            1454.12
          ]
        ],
        "unit_class": "czech_hedgehog_dynamic",
        "objLayer": 2,
        "props": {
          "army": 0,
          "active": true
        }
      },
      {
        "name": "objectGroups_117",
        "tm": [
          [
            0.573576,
            0.0,
            0.819152
          ],
          [
            0.0,
            1.0,
            0.0
          ],
          [
            -0.819152,
            0.0,
            0.573576
          ],
          [
            2431.0,
            21.55,
            1436.95
          ]
        ],
        "unit_class": "czech_hedgehog_dynamic",
        "objLayer": 2,
        "props": {
          "army": 0,
          "active": true
        }
      },
      {
        "name": "objectGroups_118",
        "tm": [
          [
            0.258819,
            0.0,
            0.965925
          ],
          [
            0.0,
            1.0,
            0.0
          ],
          [
            -0.965925,
            0.0,
            0.258819
          ],
          [
            2429.66,
            21.55,
            1440.18
          ]
        ],
        "unit_class": "czech_hedgehog_dynamic",
        "objLayer": 2,
        "props": {
          "army": 0,
          "active": true
        }
      },
      {
        "name": "objectGroups_119",
        "tm": [
          [
            0.342019,
            0.0,
            -0.939693
          ],
          [
            0.0,
            1.0,
            0.0
          ],
          [
            0.939693,
            0.0,
            0.342019
          ],
          [
            2427.53,
            21.55,
            1437.41
          ]
        ],
        "unit_class": "czech_hedgehog_dynamic",
        "objLayer": 2,
        "props": {
          "army": 0,
          "active": true
        }
      },
      {
        "name": "objectGroups_120",
        "tm": [
          [
            0.819152,
            0.0,
            -0.573575
          ],
          [
            0.0,
            1.0,
            0.0
          ],
          [
            0.573575,
            0.0,
            0.819152
          ],
          [
            2426.19,
            21.55,
            1440.64
          ]
        ],
        "unit_class": "czech_hedgehog_dynamic",
        "objLayer": 2,
        "props": {
          "army": 0,
          "active": true
        }
      },
      {
        "name": "objectGroups_121",
        "tm": [
          [
            0.130533,
            0.0,
            -0.991444
          ],
          [
            0.0,
            1.0,
            0.0
          ],
          [
            0.991444,
            0.0,
            0.130533
          ],
          [
            2428.32,
            21.55,
            1443.42
          ]
        ],
        "unit_class": "czech_hedgehog_dynamic",
        "objLayer": 2,
        "props": {
          "army": 0,
          "active": true
        }
      },
      {
        "name": "objectGroups_116",
        "tm": [
          [
            -0.953718,
            0.0,
            0.300702
          ],
          [
            0.0,
            1.0,
            0.0
          ],
          [
            -0.300702,
            0.0,
            -0.953718
          ],
          [
            2424.85,
            21.55,
            1443.87
          ]
        ],
        "unit_class": "czech_hedgehog_dynamic",
        "objLayer": 2,
        "props": {
          "army": 0,
          "active": true
        }
      },
      {
        "name": "objectGroups_128",
        "tm": [
          [
            0.461748,
            0.0,
            0.887011
          ],
          [
            0.0,
            1.0,
            0.0
          ],
          [
            -0.887011,
            0.0,
            0.461748
          ],
          [
            2435.7,
            21.55,
            1427.3
          ]
        ],
        "unit_class": "czech_hedgehog_dynamic",
        "objLayer": 2,
        "props": {
          "army": 0,
          "active": true
        }
      },
      {
        "name": "objectGroups_127",
        "tm": [
          [
            -0.984808,
            0.0,
            0.173644
          ],
          [
            0.0,
            1.0,
            0.0
          ],
          [
            -0.173644,
            0.0,
            -0.984808
          ],
          [
            2428.7,
            21.55,
            1433.36
          ]
        ],
        "unit_class": "czech_hedgehog_dynamic",
        "objLayer": 2,
        "props": {
          "army": 0,
          "active": true
        }
      },
      {
        "name": "objectGroups_139",
        "tm": [
          [
            0.34202,
            0.0,
            0.939693
          ],
          [
            0.0,
            1.0,
            0.0
          ],
          [
            -0.939693,
            0.0,
            0.34202
          ],
          [
            2442.13,
            21.55,
            1419.65
          ]
        ],
        "unit_class": "czech_hedgehog_dynamic",
        "objLayer": 2,
        "props": {
          "army": 0,
          "active": true
        }
      },
      {
        "name": "objectGroups_140",
        "tm": [
          [
            -4.47035E-08,
            0.0,
            1.0
          ],
          [
            0.0,
            1.0,
            0.0
          ],
          [
            -1.0,
            0.0,
            -4.47035E-08
          ],
          [
            2440.0,
            21.55,
            1422.43
          ]
        ],
        "unit_class": "czech_hedgehog_dynamic",
        "objLayer": 2,
        "props": {
          "army": 0,
          "active": true
        }
      },
      {
        "name": "objectGroups_141",
        "tm": [
          [
            0.573575,
            0.0,
            -0.819153
          ],
          [
            0.0,
            1.0,
            0.0
          ],
          [
            0.819153,
            0.0,
            0.573575
          ],
          [
            2438.66,
            21.55,
            1419.2
          ]
        ],
        "unit_class": "czech_hedgehog_dynamic",
        "objLayer": 2,
        "props": {
          "army": 0,
          "active": true
        }
      },
      {
        "name": "objectGroups_142",
        "tm": [
          [
            0.939692,
            0.0,
            -0.342019
          ],
          [
            0.0,
            1.0,
            0.0
          ],
          [
            0.342019,
            0.0,
            0.939692
          ],
          [
            2436.53,
            21.55,
            1421.97
          ]
        ],
        "unit_class": "czech_hedgehog_dynamic",
        "objLayer": 2,
        "props": {
          "army": 0,
          "active": true
        }
      },
      {
        "name": "objectGroups_143",
        "tm": [
          [
            0.38269,
            0.0,
            -0.923877
          ],
          [
            0.0,
            1.0,
            0.0
          ],
          [
            0.923877,
            0.0,
            0.38269
          ],
          [
            2437.87,
            21.55,
            1425.21
          ]
        ],
        "unit_class": "czech_hedgehog_dynamic",
        "objLayer": 2,
        "props": {
          "army": 0,
          "active": true
        }
      },
      {
        "name": "objectGroups_138",
        "tm": [
          [
            -0.999048,
            0.0,
            0.0436151
          ],
          [
            0.0,
            1.0,
            0.0
          ],
          [
            -0.0436151,
            0.0,
            -0.999048
          ],
          [
            2434.4,
            21.55,
            1424.75
          ]
        ],
        "unit_class": "czech_hedgehog_dynamic",
        "objLayer": 2,
        "props": {
          "army": 0,
          "active": true
        }
      },
      {
        "name": "objectGroups_150",
        "tm": [
          [
            -0.999048,
            0.0,
            0.0436151
          ],
          [
            0.0,
            1.0,
            0.0
          ],
          [
            -0.0436151,
            0.0,
            -0.999048
          ],
          [
            2440.91,
            21.55,
            1416.3
          ]
        ],
        "unit_class": "czech_hedgehog_dynamic",
        "objLayer": 2,
        "props": {
          "army": 0,
          "active": true
        }
      },
      {
        "name": "objectGroups_151",
        "tm": [
          [
            0.38269,
            0.0,
            -0.923877
          ],
          [
            0.0,
            1.0,
            0.0
          ],
          [
            0.923877,
            0.0,
            0.38269
          ],
          [
            2444.38,
            21.55,
            1416.75
          ]
        ],
        "unit_class": "czech_hedgehog_dynamic",
        "objLayer": 2,
        "props": {
          "army": 0,
          "active": true
        }
      },
      {
        "name": "objectGroups_152",
        "tm": [
          [
            0.939692,
            0.0,
            -0.342019
          ],
          [
            0.0,
            1.0,
            0.0
          ],
          [
            0.342019,
            0.0,
            0.939692
          ],
          [
            2443.04,
            21.55,
            1413.52
          ]
        ],
        "unit_class": "czech_hedgehog_dynamic",
        "objLayer": 2,
        "props": {
          "army": 0,
          "active": true
        }
      },
      {
        "name": "objectGroups_153",
        "tm": [
          [
            0.573575,
            0.0,
            -0.819153
          ],
          [
            0.0,
            1.0,
            0.0
          ],
          [
            0.819153,
            0.0,
            0.573575
          ],
          [
            2445.17,
            21.55,
            1410.74
          ]
        ],
        "unit_class": "czech_hedgehog_dynamic",
        "objLayer": 2,
        "props": {
          "army": 0,
          "active": true
        }
      },
      {
        "name": "objectGroups_154",
        "tm": [
          [
            -4.47035E-08,
            0.0,
            1.0
          ],
          [
            0.0,
            1.0,
            0.0
          ],
          [
            -1.0,
            0.0,
            -4.47035E-08
          ],
          [
            2446.51,
            21.55,
            1413.98
          ]
        ],
        "unit_class": "czech_hedgehog_dynamic",
        "objLayer": 2,
        "props": {
          "army": 0,
          "active": true
        }
      },
      {
        "name": "objectGroups_149",
        "tm": [
          [
            0.34202,
            0.0,
            0.939693
          ],
          [
            0.0,
            1.0,
            0.0
          ],
          [
            -0.939693,
            0.0,
            0.34202
          ],
          [
            2448.64,
            21.55,
            1411.2
          ]
        ],
        "unit_class": "czech_hedgehog_dynamic",
        "objLayer": 2,
        "props": {
          "army": 0,
          "active": true
        }
      },
      {
        "name": "objectGroups_161",
        "tm": [
          [
            -0.991444,
            0.0,
            -0.13053
          ],
          [
            0.0,
            1.0,
            0.0
          ],
          [
            0.13053,
            0.0,
            -0.991444
          ],
          [
            2447.13,
            21.55,
            1407.03
          ]
        ],
        "unit_class": "czech_hedgehog_dynamic",
        "objLayer": 2,
        "props": {
          "army": 0,
          "active": true
        }
      },
      {
        "name": "objectGroups_162",
        "tm": [
          [
            0.537306,
            0.0,
            -0.843388
          ],
          [
            0.0,
            1.0,
            0.0
          ],
          [
            0.843388,
            0.0,
            0.537306
          ],
          [
            2450.47,
            21.55,
            1408.09
          ]
        ],
        "unit_class": "czech_hedgehog_dynamic",
        "objLayer": 2,
        "props": {
          "army": 0,
          "active": true
        }
      },
      {
        "name": "objectGroups_163",
        "tm": [
          [
            0.984807,
            0.0,
            -0.173647
          ],
          [
            0.0,
            1.0,
            0.0
          ],
          [
            0.173647,
            0.0,
