{
  "selected_tag": "",
  "bin_dump_file": "",
  "mission_settings": {
    "player": {
      "army": 1
    },
    "player_teamB": {
      "army": 2
    },
    "mission": {
      "type": "domination",
      "level": "levels/air_israel.bin",
      "environment": "Day",
      "weather": "hazy"
    }
  },
  "imports": {},
  "triggers": {
    "isCategory": true,
    "is_enabled": true,
    "static_units_rank_02_init": {
      "is_enabled": true,
      "comments": "",
      "props": {
        "actionsType": "PERFORM_ONE_BY_ONE",
        "conditionsType": "ALL",
        "enableAfterComplete": false
      },
      "events": {
        "initMission": {}
      },
      "conditions": {},
      "actions": {
        "comment": [
          {
            "value": "static units"
          },
          {
            "value": "static aaa"
          },
          {
            "value": ""
          }
        ],
        "unitSetProperties": [
          {
            "object": [
              "t1_artillery_squad",
              "t1_bunkers_squad",
              "t2_artillery_squad",
              "t2_bunkers_squad"
            ],
            "accuracy": 0.1,
            "checkVisibilityTarget": false
          },
          {
            "object": [
              "t1_aaa_squad",
              "t2_aaa_squad"
            ],
            "targetGnd": false,
            "accuracy": 0.1,
            "airAccuracy": 0.1,
            "fireRandom": true,
            "targetChangeInterval": 5.0,
            "targetChangeProb": 0.25,
            "DelayAfterShoot": 3.0
          }
        ]
      },
      "else_actions": {}
    }
  },
  "mission_objectives": {
    "isCategory": true,
    "is_enabled": true
  },
  "variables": {},
  "dialogs": {},
  "airfields": {},
  "effects": {},
  "units": {
    "objectGroups": [
      {
        "name": "t1_trench_small_01",
        "tm": [
          [
            0.650515,
            0.0396452,
            -0.758458
          ],
          [
            0.0343796,
            0.996076,
            0.0815524
          ],
          [
            0.758714,
            -0.0791267,
            0.646599
          ],
          [
            6776.2,
            675.55,
            -9826.2
          ]
        ],
        "unit_class": "dynTrench_small_bunker_axis",
        "objLayer": 2,
        "props": {
          "army": 1,
          "active": true
        }
      },
      {
        "name": "t1_trench_small_02",
        "tm": [
          [
            0.365146,
            0.0564,
            -0.92924
          ],
          [
            0.0137532,
            0.997727,
            0.0659604
          ],
          [
            0.930848,
            -0.0368653,
            0.363541
          ],
          [
            6607.25,
            651.3,
            -9376.2
          ]
        ],
        "unit_class": "dynTrench_small_bunker_axis",
        "objLayer": 2,
        "props": {
          "army": 1,
          "active": true
        }
      },
      {
        "name": "t1_trench_small_03",
        "tm": [
          [
            0.592419,
            -0.0530256,
            -0.803882
          ],
          [
            0.0463187,
            0.998423,
            -0.0317234
          ],
          [
            0.804297,
            -0.0184412,
            0.593941
          ],
          [
            7899.9,
            649.05,
            -11553.7
          ]
        ],
        "unit_class": "dynTrench_small_bunker_axis",
        "objLayer": 2,
        "props": {
          "army": 1,
          "active": true
        }
      },
      {
        "name": "t1_trench_small_04",
        "tm": [
          [
            0.788372,
            -0.00283356,
            -0.615192
          ],
          [
            -0.0217798,
            0.999234,
            -0.0325134
          ],
          [
            0.614813,
            0.0390313,
            0.787706
          ],
          [
            10838.3,
            653.8,
            -14993.2
          ]
        ],
        "unit_class": "dynTrench_small_bunker_axis",
        "objLayer": 2,
        "props": {
          "army": 1,
          "active": true
        }
      },
      {
        "name": "t1_trench_small_05",
        "tm": [
          [
            0.728677,
            0.0284512,
            -0.684267
          ],
          [
            -0.0261194,
            0.999564,
            0.0137469
          ],
          [
            0.68436,
            0.00785547,
            0.729103
          ],
          [
            10122.9,
            648.65,
            -14357.4
          ]
        ],
        "unit_class": "dynTrench_small_bunker_axis",
        "objLayer": 2,
        "props": {
          "army": 1,
          "active": true
        }
      },
      {
        "name": "t1_trench_small_06",
        "tm": [
          [
            0.668824,
            -0.0197671,
            -0.743158
          ],
          [
            0.0295421,
            0.999564,
            0.0
          ],
          [
            0.742834,
            -0.0219545,
            0.669116
          ],
          [
            8947.3,
            661.05,
            -13071.2
          ]
        ],
        "unit_class": "dynTrench_small_bunker_axis",
        "objLayer": 2,
        "props": {
          "army": 1,
          "active": true
        }
      },
      {
        "name": "t1_trench_small_07",
        "tm": [
          [
            0.773552,
            -0.00905029,
            -0.633669
          ],
          [
            0.0200944,
            0.999746,
            0.0102525
          ],
          [
            0.633414,
            -0.0206642,
            0.773537
          ],
          [
            9443.5,
            659.15,
            -13733.8
          ]
        ],
        "unit_class": "dynTrench_small_bunker_axis",
        "objLayer": 2,
        "props": {
          "army": 1,
          "active": true
        }
      },
      {
        "name": "t1_trench_small_08",
        "tm": [
          [
            0.352113,
            0.0257022,
            -0.935605
          ],
          [
            0.12026,
            0.990095,
            0.0724588
          ],
          [
            0.928198,
            -0.13803,
            0.345534
          ],
          [
            7351.5,
            704.968,
            -11074.7
          ]
        ],
        "unit_class": "dynTrench_small_bunker_axis",
        "objLayer": 2,
        "props": {
          "army": 1,
          "active": true
        }
      },
      {
        "name": "t2_trench_small_01",
        "tm": [
          [
            -0.669665,
            0.0235532,
            0.742289
          ],
          [
            0.0611863,
            0.997849,
            0.0235378
          ],
          [
            -0.740139,
            0.0611804,
            -0.669665
          ],
          [
            9841.5,
            639.2,
            -10519.2
          ]
        ],
        "unit_class": "dynTrench_small_bunker_axis",
        "objLayer": 2,
        "props": {
          "army": 2,
          "active": true
        }
      },
      {
        "name": "t2_trench_small_02",
        "tm": [
          [
            -0.666026,
            -0.0534798,
            0.74401
          ],
          [
            -0.0361199,
            0.998568,
            0.0394429
          ],
          [
            -0.745054,
            -0.000603639,
            -0.667004
          ],
          [
            8833.7,
            641.8,
            -9513.35
          ]
        ],
        "unit_class": "dynTrench_small_bunker_axis",
        "objLayer": 2,
        "props": {
          "army": 2,
          "active": true
        }
      },
      {
        "name": "t2_trench_small_03",
        "tm": [
          [
            -0.667972,
            -0.0339854,
            0.74341
          ],
          [
            -0.0446649,
            0.998987,
            0.00553679
          ],
          [
            -0.742844,
            -0.0295059,
            -0.668813
          ],
          [
            8491.95,
            610.9,
            -9089.5
          ]
        ],
        "unit_class": "dynTrench_small_bunker_axis",
        "objLayer": 2,
        "props": {
          "army": 2,
          "active": true
        }
      },
      {
        "name": "t2_trench_small_04",
        "tm": [
          [
            -0.670969,
            0.0084807,
            0.741436
          ],
          [
            -0.0289346,
            0.998872,
            -0.0376098
          ],
          [
            -0.74092,
            -0.0466887,
            -0.669969
          ],
          [
            7973.7,
            593.6,
            -8577.1
          ]
        ],
        "unit_class": "dynTrench_small_bunker_axis",
        "objLayer": 2,
        "props": {
          "army": 2,
          "active": true
        }
      },
      {
        "name": "t2_trench_small_05",
        "tm": [
          [
            -0.377511,
            -0.023951,
            0.925695
          ],
          [
            0.00701211,
            0.999562,
            0.0287217
          ],
          [
            -0.925979,
            0.0173339,
            -0.377178
          ],
          [
            12266.9,
            691.65,
            -13910.3
          ]
        ],
        "unit_class": "dynTrench_small_bunker_axis",
        "objLayer": 2,
        "props": {
          "army": 2,
          "active": true
        }
      },
      {
        "name": "t2_trench_small_06",
        "tm": [
          [
            -0.541555,
            -0.00339169,
            0.840659
          ],
          [
            0.0244754,
            0.999504,
            0.0198
          ],
          [
            -0.840309,
            0.0312981,
            -0.541204
          ],
          [
            11794.2,
            659.95,
            -13014.8
          ]
        ],
        "unit_class": "dynTrench_small_bunker_axis",
        "objLayer": 2,
        "props": {
          "army": 2,
          "active": true
        }
      },
      {
        "name": "t2_trench_small_07",
        "tm": [
          [
            -0.500551,
            0.018018,
            0.86552
          ],
          [
            0.00820586,
            0.999836,
            -0.0160684
          ],
          [
            -0.865668,
            -0.000940775,
            -0.500617
          ],
          [
            11315.2,
            645.05,
            -12340.8
          ]
        ],
        "unit_class": "dynTrench_small_bunker_axis",
        "objLayer": 2,
        "props": {
          "army": 2,
          "active": true
        }
      },
      {
        "name": "t2_trench_small_08",
        "tm": [
          [
            -0.670538,
            -0.00680413,
            0.741845
          ],
          [
            0.0235504,
            0.999258,
            0.0304518
          ],
          [
            -0.741502,
            0.0378898,
            -0.669881
          ],
          [
            10899.8,
            650.7,
            -11607.0
          ]
        ],
        "unit_class": "dynTrench_small_bunker_axis",
        "objLayer": 2,
        "props": {
          "army": 2,
          "active": true
        }
      }
    ],
    "structures": [
      {
        "name": "t1_bunker_01",
        "tm": [
          [
            0.654785,
            -0.084097,
            0.751122
          ],
          [
            0.0343796,
            0.996076,
            0.0815524
          ],
          [
            -0.755032,
            -0.0275761,
            0.655107
          ],
          [
            6791.0,
            687.734,
            -9827.2
          ]
        ],
        "unit_class": "ussr_quest_large_art_noground",
        "objLayer": 1,
        "closed_waypoints": false,
        "isShipSpline": false,
        "shipTurnRadius": 100.0,
        "weapons": "",
        "bullets0": "",
        "bullets1": "",
        "bullets2": "",
        "bullets3": "",
        "bulletsCount0": 0,
        "bulletsCount1": 0,
        "bulletsCount2": 0,
        "bulletsCount3": 0,
        "crewSkillK": 0.0,
        "applyAllMods": false,
        "props": {
          "army": 1,
          "count": 1,
          "formation_type": "rows",
          "formation_div": 3,
          "formation_step": [
            2.5,
            2.0
          ],
          "formation_noise": [
            0.1,
            0.1
          ]
        },
        "way": {}
      },
      {
        "name": "t1_art_small_01",
        "tm": [
          [
            0.654785,
            -0.084097,
            0.751122
          ],
          [
            0.0343796,
            0.996076,
            0.0815524
          ],
          [
            -0.755032,
            -0.0275761,
            0.655107
          ],
          [
            6720.39,
            681.373,
            -9764.28
          ]
        ],
        "unit_class": "ussr_quest_large_art_noground",
        "objLayer": 1,
        "closed_waypoints": false,
        "isShipSpline": false,
        "shipTurnRadius": 100.0,
        "weapons": "",
        "bullets0": "",
        "bullets1": "",
        "bullets2": "",
        "bullets3": "",
        "bulletsCount0": 0,
        "bulletsCount1": 0,
        "bulletsCount2": 0,
        "bulletsCount3": 0,
        "crewSkillK": 0.0,
        "applyAllMods": false,
        "props": {
          "army": 1,
          "count": 1,
          "formation_type": "rows",
          "formation_div": 3,
          "formation_step": [
            2.5,
            2.0
          ],
          "formation_noise": [
            0.1,
            0.1
          ]
        },
        "way": {}
      },
      {
        "name": "t1_art_small_02",
        "tm": [
          [
            0.654785,
            -0.084097,
            0.751122
          ],
          [
            0.0343796,
            0.996076,
            0.0815524
          ],
          [
            -0.755032,
            -0.0275761,
            0.655107
          ],
          [
            6851.87,
            682.041,
            -9870.08
          ]
        ],
        "unit_class": "ussr_quest_large_art_noground",
        "objLayer": 1,
        "closed_waypoints": false,
        "isShipSpline": false,
        "shipTurnRadius": 100.0,
        "weapons": "",
        "bullets0": "",
        "bullets1": "",
        "bullets2": "",
        "bullets3": "",
        "bulletsCount0": 0,
        "bulletsCount1": 0,
        "bulletsCount2": 0,
        "bulletsCount3": 0,
        "crewSkillK": 0.0,
        "applyAllMods": false,
        "props": {
          "army": 1,
          "count": 1,
          "formation_type": "rows",
          "formation_div": 3,
          "formation_step": [
            2.5,
            2.0
          ],
          "formation_noise": [
            0.1,
            0.1
          ]
        },
        "way": {}
      },
      {
        "name": "t1_bunker_02",
        "tm": [
          [
            0.867019,
            -0.0447599,
            0.49626
          ],
          [
            0.0137532,
            0.997727,
            0.0659604
          ],
          [
            -0.498085,
            -0.0503644,
            0.865664
          ],
          [
            6620.33,
            664.1,
            -9382.07
          ]
        ],
        "unit_class": "ussr_quest_large_art_noground",
        "objLayer": 1,
        "closed_waypoints": false,
        "isShipSpline": false,
        "shipTurnRadius": 100.0,
        "weapons": "",
        "bullets0": "",
        "bullets1": "",
        "bullets2": "",
        "bullets3": "",
        "bulletsCount0": 0,
        "bulletsCount1": 0,
        "bulletsCount2": 0,
        "bulletsCount3": 0,
        "crewSkillK": 0.0,
        "applyAllMods": false,
        "props": {
          "army": 1,
          "count": 1,
          "formation_type": "rows",
          "formation_div": 3,
          "formation_step": [
            2.5,
            2.0
          ],
          "formation_noise": [
            0.1,
            0.1
          ]
        },
        "way": {}
      },
      {
        "name": "t1_art_small_03",
        "tm": [
          [
            0.867019,
            -0.0447599,
            0.49626
          ],
          [
            0.0137532,
            0.997727,
            0.0659604
          ],
          [
            -0.498085,
            -0.0503644,
            0.865664
          ],
          [
            6574.47,
            655.629,
            -9299.49
          ]
        ],
        "unit_class": "ussr_quest_large_art_noground",
        "objLayer": 1,
        "closed_waypoints": false,
        "isShipSpline": false,
        "shipTurnRadius": 100.0,
        "weapons": "",
        "bullets0": "",
        "bullets1": "",
        "bullets2": "",
        "bullets3": "",
        "bulletsCount0": 0,
        "bulletsCount1": 0,
        "bulletsCount2": 0,
        "bulletsCount3": 0,
        "crewSkillK": 0.0,
        "applyAllMods": false,
        "props": {
          "army": 1,
          "count": 1,
          "formation_type": "rows",
          "formation_div": 3,
          "formation_step": [
            2.5,
            2.0
          ],
          "formation_noise": [
            0.1,
            0.1
          ]
        },
        "way": {}
      },
      {
        "name": "t1_art_small_04",
        "tm": [
          [
            0.867019,
            -0.0447599,
            0.49626
          ],
          [
            0.0137532,
            0.997727,
            0.0659604
          ],
          [
            -0.498085,
            -0.0503644,
            0.865664
          ],
          [
            6664.08,
            660.397,
            -9442.47
          ]
        ],
        "unit_class": "ussr_quest_large_art_noground",
        "objLayer": 1,
        "closed_waypoints": false,
        "isShipSpline": false,
        "shipTurnRadius": 100.0,
        "weapons": "",
        "bullets0": "",
        "bullets1": "",
        "bullets2": "",
        "bullets3": "",
        "bulletsCount0": 0,
        "bulletsCount1": 0,
        "bulletsCount2": 0,
        "bulletsCount3": 0,
        "crewSkillK": 0.0,
        "applyAllMods": false,
        "props": {
          "army": 1,
          "count": 1,
          "formation_type": "rows",
          "formation_div": 3,
          "formation_step": [
            2.5,
            2.0
          ],
          "formation_noise": [
            0.1,
            0.1
          ]
        },
        "way": {}
      },
      {
        "name": "t1_bunker_03",
        "tm": [
          [
            0.708417,
            -0.0104416,
            0.705717
          ],
          [
            0.0463187,
            0.998423,
            -0.0317234
          ],
          [
            -0.704273,
            0.0551612,
            0.707783
          ],
          [
            7914.66,
            660.846,
            -11557.1
          ]
        ],
        "unit_class": "ussr_quest_large_art_noground",
        "objLayer": 1,
        "closed_waypoints": false,
        "isShipSpline": false,
        "shipTurnRadius": 100.0,
        "weapons": "",
        "bullets0": "",
        "bullets1": "",
        "bullets2": "",
        "bullets3": "",
        "bulletsCount0": 0,
        "bulletsCount1": 0,
        "bulletsCount2": 0,
        "bulletsCount3": 0,
        "crewSkillK": 0.0,
        "applyAllMods": false,
        "props": {
          "army": 1,
          "count": 1,
          "formation_type": "rows",
          "formation_div": 3,
          "formation_step": [
            2.5,
            2.0
          ],
          "formation_noise": [
            0.1,
            0.1
          ]
        },
        "way": {}
      },
      {
        "name": "t1_art_small_05",
        "tm": [
          [
            0.708417,
            -0.0104416,
            0.705717
          ],
          [
            0.0463187,
            0.998423,
            -0.0317234
          ],
          [
            -0.704273,
            0.0551612,
            0.707783
          ],
          [
            7848.91,
            662.42,
            -11488.9
          ]
        ],
        "unit_class": "ussr_quest_large_art_noground",
        "objLayer": 1,
        "closed_waypoints": false,
        "isShipSpline": false,
        "shipTurnRadius": 100.0,
        "weapons": "",
        "bullets0": "",
        "bullets1": "",
        "bullets2": "",
        "bullets3": "",
        "bulletsCount0": 0,
        "bulletsCount1": 0,
        "bulletsCount2": 0,
        "bulletsCount3": 0,
        "crewSkillK": 0.0,
        "applyAllMods": false,
        "props": {
          "army": 1,
          "count": 1,
          "formation_type": "rows",
          "formation_div": 3,
          "formation_step": [
            2.5,
            2.0
          ],
          "formation_noise": [
            0.1,
            0.1
          ]
        },
        "way": {}
      },
      {
        "name": "t1_art_small_06",
        "tm": [
          [
            0.708417,
            -0.0104416,
            0.705717
          ],
          [
            0.0463187,
            0.998423,
            -0.0317234
          ],
          [
            -0.704273,
            0.0551612,
            0.707783
          ],
          [
            7972.13,
            649.613,
            -11603.5
          ]
        ],
        "unit_class": "ussr_quest_large_art_noground",
        "objLayer": 1,
        "closed_waypoints": false,
        "isShipSpline": false,
        "shipTurnRadius": 100.0,
        "weapons": "",
        "bullets0": "",
        "bullets1": "",
        "bullets2": "",
        "bullets3": "",
        "bulletsCount0": 0,
        "bulletsCount1": 0,
        "bulletsCount2": 0,
        "bulletsCount3": 0,
        "crewSkillK": 0.0,
        "applyAllMods": false,
        "props": {
          "army": 1,
          "count": 1,
          "formation_type": "rows",
          "formation_div": 3,
          "formation_step": [
            2.5,
            2.0
          ],
          "formation_noise": [
            0.1,
            0.1
          ]
        },
        "way": {}
      },
      {
        "name": "t1_bunker_04",
        "tm": [
          [
            0.492173,
            0.0390237,
            0.869622
          ],
          [
            -0.0217798,
            0.999234,
            -0.0325134
          ],
          [
            -0.870225,
            -0.00293787,
            0.492646
          ],
          [
            10852.5,
            666.691,
            -14993.0
          ]
        ],
        "unit_class": "ussr_quest_large_art_noground",
        "objLayer": 1,
        "closed_waypoints": false,
        "isShipSpline": false,
        "shipTurnRadius": 100.0,
        "weapons": "",
        "bullets0": "",
        "bullets1": "",
        "bullets2": "",
        "bullets3": "",
        "bulletsCount0": 0,
        "bulletsCount1": 0,
        "bulletsCount2": 0,
        "bulletsCount3": 0,
        "crewSkillK": 0.0,
        "applyAllMods": false,
        "props": {
          "army": 1,
          "count": 1,
          "formation_type": "rows",
          "formation_div": 3,
          "formation_step": [
            2.5,
            2.0
          ],
          "formation_noise": [
            0.1,
            0.1
          ]
        },
        "way": {}
      },
      {
        "name": "t1_art_small_07",
        "tm": [
          [
            0.492173,
            0.0390237,
            0.869622
          ],
          [
            -0.0217798,
            0.999234,
            -0.0325134
          ],
          [
            -0.870225,
            -0.00293787,
            0.492646
          ],
          [
            10770.9,
            662.849,
            -14944.6
          ]
        ],
        "unit_class": "ussr_quest_large_art_noground",
        "objLayer": 1,
        "closed_waypoints": false,
        "isShipSpline": false,
        "shipTurnRadius": 100.0,
        "weapons": "",
        "bullets0": "",
        "bullets1": "",
        "bullets2": "",
        "bullets3": "",
        "bulletsCount0": 0,
        "bulletsCount1": 0,
        "bulletsCount2": 0,
        "bulletsCount3": 0,
        "crewSkillK": 0.0,
        "applyAllMods": false,
        "props": {
          "army": 1,
          "count": 1,
          "formation_type": "rows",
          "formation_div": 3,
          "formation_step": [
            2.5,
            2.0
          ],
          "formation_noise": [
            0.1,
            0.1
          ]
        },
        "way": {}
      },
      {
        "name": "t1_art_small_08",
        "tm": [
          [
            0.492173,
            0.0390237,
            0.869622
          ],
          [
            -0.0217798,
            0.999234,
            -0.0325134
          ],
          [
            -0.870225,
            -0.00293787,
            0.492646
          ],
          [
            10921.0,
            660.154,
            -15022.0
          ]
        ],
        "unit_class": "ussr_quest_large_art_noground",
        "objLayer": 1,
        "closed_waypoints": false,
        "isShipSpline": false,
        "shipTurnRadius": 100.0,
        "weapons": "",
        "bullets0": "",
        "bullets1": "",
        "bullets2": "",
        "bullets3": "",
        "bulletsCount0": 0,
        "bulletsCount1": 0,
        "bulletsCount2": 0,
        "bulletsCount3": 0,
        "crewSkillK": 0.0,
        "applyAllMods": false,
        "props": {
          "army": 1,
          "count": 1,
          "formation_type": "rows",
          "formation_div": 3,
          "formation_step": [
            2.5,
            2.0
          ],
          "formation_noise": [
            0.1,
            0.1
          ]
        },
        "way": {}
      },
      {
        "name": "t1_bunker_05",
        "tm": [
          [
            0.569743,
            0.00358541,
            0.821815
          ],
          [
            -0.0261194,
            0.999564,
            0.0137469
          ],
          [
            -0.821407,
            -0.0292975,
            0.569589
          ],
          [
            10137.1,
            661.597,
            -14357.8
          ]
        ],
        "unit_class": "ussr_quest_large_art_noground",
        "objLayer": 1,
        "closed_waypoints": false,
        "isShipSpline": false,
        "shipTurnRadius": 100.0,
        "weapons": "",
        "bullets0": "",
        "bullets1": "",
        "bullets2": "",
        "bullets3": "",
        "bulletsCount0": 0,
        "bulletsCount1": 0,
        "bulletsCount2": 0,
        "bulletsCount3": 0,
        "crewSkillK": 0.0,
        "applyAllMods": false,
        "props": {
          "army": 1,
          "count": 1,
          "formation_type": "rows",
          "formation_div": 3,
          "formation_step": [
            2.5,
            2.0
          ],
          "formation_noise": [
            0.1,
            0.1
          ]
        },
        "way": {}
      },
      {
        "name": "t1_art_small_09",
        "tm": [
          [
            0.569743,
            0.00358541,
            0.821815
          ],
          [
            -0.0261194,
            0.999564,
            0.0137469
          ],
          [
            -0.821407,
            -0.0292975,
            0.569589
          ],
          [
            10060.3,
            655.189,
            -14302.5
          ]
        ],
        "unit_class": "ussr_quest_large_art_noground",
        "objLayer": 1,
        "closed_waypoints": false,
        "isShipSpline": false,
        "shipTurnRadius": 100.0,
        "weapons": "",
        "bullets0": "",
        "bullets1": "",
        "bullets2": "",
        "bullets3": "",
        "bulletsCount0": 0,
        "bulletsCount1": 0,
        "bulletsCount2": 0,
        "bulletsCount3": 0,
        "crewSkillK": 0.0,
        "applyAllMods": false,
        "props": {
          "army": 1,
          "count": 1,
          "formation_type": "rows",
          "formation_div": 3,
          "formation_step": [
            2.5,
            2.0
          ],
          "formation_noise": [
            0.1,
            0.1
          ]
        },
        "way": {}
      },
      {
        "name": "t1_art_small_10",
        "tm": [
          [
            0.569743,
            0.00358541,
            0.821815
          ],
          [
            -0.0261194,
            0.999564,
            0.0137469
          ],
          [
            -0.821407,
            -0.0292975,
            0.569589
          ],
          [
            10202.6,
            656.716,
            -14393.3
          ]
        ],
        "unit_class": "ussr_quest_large_art_noground",
        "objLayer": 1,
        "closed_waypoints": false,
        "isShipSpline": false,
        "shipTurnRadius": 100.0,
        "weapons": "",
        "bullets0": "",
        "bullets1": "",
        "bullets2": "",
        "bullets3": "",
        "bulletsCount0": 0,
        "bulletsCount1": 0,
        "bulletsCount2": 0,
        "bulletsCount3": 0,
        "crewSkillK": 0.0,
        "applyAllMods": false,
        "props": {
          "army": 1,
          "count": 1,
          "formation_type": "rows",
          "formation_div": 3,
          "formation_step": [
            2.5,
            2.0
          ],
          "formation_noise": [
            0.1,
            0.1
          ]
        },
        "way": {}
      },
      {
        "name": "t1_bunker_06",
        "tm": [
          [
            0.636385,
            -0.0188084,
            0.771142
          ],
          [
            0.0295421,
            0.999564,
            0.0
          ],
          [
            -0.770806,
            0.0227812,
            0.636663
          ],
          [
            8962.11,
            673.181,
            -13073.0
          ]
        ],
        "unit_class": "ussr_quest_large_art_noground",
        "objLayer": 1,
        "closed_waypoints": false,
        "isShipSpline": false,
        "shipTurnRadius": 100.0,
        "weapons": "",
        "bullets0": "",
        "bullets1": "",
        "bullets2": "",
        "bullets3": "",
        "bulletsCount0": 0,
        "bulletsCount1": 0,
        "bulletsCount2": 0,
        "bulletsCount3": 0,
        "crewSkillK": 0.0,
        "applyAllMods": false,
        "props": {
          "army": 1,
          "count": 1,
          "formation_type": "rows",
          "formation_div": 3,
          "formation_step": [
            2.5,
            2.0
          ],
          "formation_noise": [
            0.1,
            0.1
          ]
        },
        "way": {}
      },
      {
        "name": "t1_art_small_11",
        "tm": [
          [
            0.636385,
            -0.0188084,
            0.771142
          ],
          [
            0.0295421,
            0.999564,
            0.0
          ],
          [
            -0.770806,
            0.0227812,
            0.636663
          ],
          [
            8889.98,
            671.679,
            -13011.5
          ]
        ],
        "unit_class": "ussr_quest_large_art_noground",
        "objLayer": 1,
        "closed_waypoints": false,
        "isShipSpline": false,
        "shipTurnRadius": 100.0,
        "weapons": "",
        "bullets0": "",
        "bullets1": "",
        "bullets2": "",
        "bullets3": "",
        "bulletsCount0": 0,
        "bulletsCount1": 0,
        "bulletsCount2": 0,
        "bulletsCount3": 0,
        "crewSkillK": 0.0,
        "applyAllMods": false,
        "props": {
          "army": 1,
          "count": 1,
          "formation_type": "rows",
          "formation_div": 3,
          "formation_step": [
            2.5,
            2.0
          ],
          "formation_noise": [
            0.1,
            0.1
          ]
        },
        "way": {}
      },
      {
        "name": "t1_art_small_12",
        "tm": [
          [
            0.636385,
            -0.0188084,
            0.771142
          ],
          [
            0.0295421,
            0.999564,
            0.0
          ],
          [
            -0.770806,
            0.0227812,
            0.636663
          ],
          [
            9024.03,
            664.272,
            -13113.8
          ]
        ],
        "unit_class": "ussr_quest_large_art_noground",
        "objLayer": 1,
        "closed_waypoints": false,
        "isShipSpline": false,
        "shipTurnRadius": 100.0,
        "weapons": "",
        "bullets0": "",
        "bullets1": "",
        "bullets2": "",
        "bullets3": "",
        "bulletsCount0": 0,
        "bulletsCount1": 0,
        "bulletsCount2": 0,
        "bulletsCount3": 0,
        "crewSkillK": 0.0,
        "applyAllMods": false,
        "props": {
          "army": 1,
          "count": 1,
          "formation_type": "rows",
          "formation_div": 3,
          "formation_step": [
            2.5,
            2.0
          ],
          "formation_noise": [
            0.1,
            0.1
          ]
        },
        "way": {}
      },
      {
        "name": "t1_bunker_07",
        "tm": [
          [
            0.512751,
            -0.0191084,
            0.858325
          ],
          [
            0.0200944,
            0.999746,
            0.0102525
          ],
          [
            -0.858302,
            0.011991,
            0.513005
          ],
          [
            9458.29,
            671.414,
            -13733.2
          ]
        ],
        "unit_class": "ussr_quest_large_art_noground",
        "objLayer": 1,
        "closed_waypoints": false,
        "isShipSpline": false,
        "shipTurnRadius": 100.0,
        "weapons": "",
        "bullets0": "",
        "bullets1": "",
        "bullets2": "",
        "bullets3": "",
        "bulletsCount0": 0,
        "bulletsCount1": 0,
        "bulletsCount2": 0,
        "bulletsCount3": 0,
        "crewSkillK": 0.0,
        "applyAllMods": false,
        "props": {
          "army": 1,
          "count": 1,
          "formation_type": "rows",
          "formation_div": 3,
          "formation_step": [
            2.5,
            2.0
          ],
          "formation_noise": [
            0.1,
            0.1
          ]
        },
        "way": {}
      },
      {
        "name": "t1_art_small_13",
        "tm": [
          [
            0.512751,
            -0.0191084,
            0.858325
          ],
          [
            0.0200944,
            0.999746,
            0.0102525
          ],
          [
            -0.858302,
            0.011991,
            0.513005
          ],
          [
            9377.7,
            668.884,
            -13683.3
          ]
        ],
        "unit_class": "ussr_quest_large_art_noground",
        "objLayer": 1,
        "closed_waypoints": false,
        "isShipSpline": false,
        "shipTurnRadius": 100.0,
        "weapons": "",
        "bullets0": "",
        "bullets1": "",
        "bullets2": "",
        "bullets3": "",
        "bulletsCount0": 0,
        "bulletsCount1": 0,
        "bulletsCount2": 0,
        "bulletsCount3": 0,
        "crewSkillK": 0.0,
        "applyAllMods": false,
        "props": {
          "army": 1,
          "count": 1,
          "formation_type": "rows",
          "formation_div": 3,
          "formation_step": [
            2.5,
            2.0
          ],
          "formation_noise": [
            0.1,
            0.1
          ]
        },
        "way": {}
      },
      {
        "name": "t1_art_small_14",
        "tm": [
          [
            0.512751,
            -0.0191084,
            0.858325
          ],
          [
            0.0200944,
            0.999746,
            0.0102525
          ],
          [
            -0.858302,
            0.011991,
            0.513005
          ],
          [
            9525.74,
            663.295,
            -13764.2
          ]
        ],
        "unit_class": "ussr_quest_large_art_noground",
        "objLayer": 1,
        "closed_waypoints": false,
        "isShipSpline": false,
        "shipTurnRadius": 100.0,
        "weapons": "",
        "bullets0": "",
        "bullets1": "",
        "bullets2": "",
        "bullets3": "",
        "bulletsCount0": 0,
        "bulletsCount1": 0,
        "bulletsCount2": 0,
        "bulletsCount3": 0,
        "crewSkillK": 0.0,
        "applyAllMods": false,
        "props": {
          "army": 1,
          "count": 1,
          "formation_type": "rows",
          "formation_div": 3,
          "formation_step": [
            2.5,
            2.0
          ],
          "formation_noise": [
            0.1,
            0.1
          ]
        },
        "way": {}
      },
      {
        "name": "t1_bunker_08",
        "tm": [
          [
            0.866316,
            -0.14031,
            0.479384
          ],
          [
            0.12026,
            0.990095,
            0.0724588
          ],
          [
            -0.484803,
            -0.00512131,
            0.874608
          ],
          [
            7365.75,
            716.368,
            -11080.7
          ]
        ],
        "unit_class": "ussr_quest_large_art_noground",
        "objLayer": 1,
        "closed_waypoints": false,
        "isShipSpline": false,
        "shipTurnRadius": 100.0,
        "weapons": "",
        "bullets0": "",
        "bullets1": "",
        "bullets2": "",
        "bullets3": "",
        "bulletsCount0": 0,
        "bulletsCount1": 0,
        "bulletsCount2": 0,
        "bulletsCount3": 0,
        "crewSkillK": 0.0,
        "applyAllMods": false,
        "props": {
          "army": 1,
          "count": 1,
          "formation_type": "rows",
          "formation_div": 3,
          "formation_step": [
            2.5,
            2.0
          ],
          "formation_noise": [
            0.1,
            0.1
          ]
        },
        "way": {}
      },
      {
        "name": "t1_art_small_15",
        "tm": [
          [
            0.866316,
            -0.14031,
            0.479384
          ],
          [
            0.12026,
            0.990095,
            0.0724588
          ],
          [
            -0.484803,
            -0.00512131,
            0.874608
          ],
          [
            7320.76,
            712.069,
            -10997.4
          ]
        ],
        "unit_class": "ussr_quest_large_art_noground",
        "objLayer": 1,
        "closed_waypoints": false,
        "isShipSpline": false,
        "shipTurnRadius": 100.0,
        "weapons": "",
        "bullets0": "",
        "bullets1": "",
        "bullets2": "",
        "bullets3": "",
        "bulletsCount0": 0,
        "bulletsCount1": 0,
        "bulletsCount2": 0,
        "bulletsCount3": 0,
        "crewSkillK": 0.0,
        "applyAllMods": false,
        "props": {
          "army": 1,
          "count": 1,
          "formation_type": "rows",
          "formation_div": 3,
          "formation_step": [
            2.5,
            2.0
          ],
          "formation_noise": [
            0.1,
            0.1
          ]
        },
        "way": {}
      },
      {
        "name": "t1_art_small_16",
        "tm": [
          [
            0.866316,
            -0.14031,
            0.479384
          ],
          [
            0.12026,
            0.990095,
            0.0724588
          ],
          [
            -0.484803,
            -0.00512131,
            0.874608
          ],
          [
            7407.77,
            708.608,
            -11142.0
          ]
        ],
        "unit_class": "ussr_quest_large_art_noground",
        "objLayer": 1,
        "closed_waypoints": false,
        "isShipSpline": false,
        "shipTurnRadius": 100.0,
        "weapons": "",
        "bullets0": "",
        "bullets1": "",
