{
  "selected_tag": "",
  "bin_dump_file": "",
  "mission_settings": {
    "player": {
      "army": 1
    },
    "player_teamB": {
      "army": 2
    },
    "mission": {
      "type": "domination",
      "level": "levels/air_israel.bin",
      "environment": "Day",
      "weather": "hazy"
    }
  },
  "imports": {},
  "triggers": {
    "isCategory": true,
    "is_enabled": true,
    "static_units_rank_01_init": {
      "is_enabled": true,
      "comments": "",
      "props": {
        "actionsType": "PERFORM_ONE_BY_ONE",
        "conditionsType": "ALL",
        "enableAfterComplete": false
      },
      "events": {
        "initMission": {}
      },
      "conditions": {},
      "actions": {
        "comment": [
          {
            "value": "static units"
          },
          {
            "value": "static aaa"
          },
          {
            "value": ""
          }
        ],
        "unitSetProperties": [
          {
            "object": [
              "t1_artillery_squad",
              "t1_bunkers_squad",
              "t2_artillery_squad",
              "t2_bunkers_squad"
            ],
            "accuracy": 0.1,
            "checkVisibilityTarget": false
          },
          {
            "object": [
              "t1_aaa_squad",
              "t2_aaa_squad"
            ],
            "targetGnd": false,
            "accuracy": 0.1,
            "airAccuracy": 0.1,
            "fireRandom": true,
            "targetChangeInterval": 5.0,
            "targetChangeProb": 0.25,
            "DelayAfterShoot": 3.0
          }
        ]
      },
      "else_actions": {}
    }
  },
  "mission_objectives": {
    "isCategory": true,
    "is_enabled": true
  },
  "variables": {},
  "dialogs": {},
  "airfields": {},
  "effects": {},
  "units": {
    "objectGroups": [
      {
        "name": "t1_trench_small_01",
        "tm": [
          [
            0.64964,
            -0.0708466,
            -0.756934
          ],
          [
            0.0744902,
            0.996789,
            -0.0293649
          ],
          [
            0.756583,
            -0.0373077,
            0.652831
          ],
          [
            7186.9,
            634.8,
            -9904.2
          ]
        ],
        "unit_class": "dynTrench_small_bunker_axis",
        "objLayer": 2,
        "props": {
          "army": 1,
          "active": true
        }
      },
      {
        "name": "t1_trench_small_02",
        "tm": [
          [
            0.365146,
            0.0600795,
            -0.929009
          ],
          [
            0.0137532,
            0.997458,
            0.069911
          ],
          [
            0.930848,
            -0.0383047,
            0.363392
          ],
          [
            6785.0,
            649.55,
            -9319.3
          ]
        ],
        "unit_class": "dynTrench_small_bunker_axis",
        "objLayer": 2,
        "props": {
          "army": 1,
          "active": true
        }
      },
      {
        "name": "t1_trench_small_03",
        "tm": [
          [
            0.592419,
            -0.0502007,
            -0.804064
          ],
          [
            0.0463187,
            0.998528,
            -0.0282151
          ],
          [
            0.804297,
            -0.0205279,
            0.593873
          ],
          [
            8036.25,
            638.0,
            -11317.8
          ]
        ],
        "unit_class": "dynTrench_small_bunker_axis",
        "objLayer": 2,
        "props": {
          "army": 1,
          "active": true
        }
      },
      {
        "name": "t1_trench_small_04",
        "tm": [
          [
            0.788361,
            0.00504137,
            -0.615192
          ],
          [
            -0.0317598,
            0.998967,
            -0.0325134
          ],
          [
            0.614392,
            0.0451706,
            0.787706
          ],
          [
            10917.0,
            665.05,
            -14731.2
          ]
        ],
        "unit_class": "dynTrench_small_bunker_axis",
        "objLayer": 2,
        "props": {
          "army": 1,
          "active": true
        }
      },
      {
        "name": "t1_trench_small_05",
        "tm": [
          [
            0.735004,
            0.0449237,
            -0.676574
          ],
          [
            -0.0360379,
            0.99898,
            0.0271815
          ],
          [
            0.677105,
            0.00440373,
            0.735874
          ],
          [
            10121.3,
            646.95,
            -14166.0
          ]
        ],
        "unit_class": "dynTrench_small_bunker_axis",
        "objLayer": 2,
        "props": {
          "army": 1,
          "active": true
        }
      },
      {
        "name": "t1_trench_small_06",
        "tm": [
          [
            0.668824,
            -0.0197671,
            -0.743158
          ],
          [
            0.0295421,
            0.999564,
            0.0
          ],
          [
            0.742834,
            -0.0219545,
            0.669116
          ],
          [
            8983.6,
            653.05,
            -12743.8
          ]
        ],
        "unit_class": "dynTrench_small_bunker_axis",
        "objLayer": 2,
        "props": {
          "army": 1,
          "active": true
        }
      },
      {
        "name": "t1_trench_small_07",
        "tm": [
          [
            0.775193,
            -0.00859113,
            -0.631667
          ],
          [
            0.024275,
            0.999574,
            0.0161967
          ],
          [
            0.631258,
            -0.0278895,
            0.775072
          ],
          [
            9540.15,
            658.2,
            -13446.7
          ]
        ],
        "unit_class": "dynTrench_small_bunker_axis",
        "objLayer": 2,
        "props": {
          "army": 1,
          "active": true
        }
      },
      {
        "name": "t1_trench_small_08",
        "tm": [
          [
            0.583144,
            0.0178363,
            -0.812173
          ],
          [
            0.0472593,
            0.997321,
            0.0558349
          ],
          [
            0.810992,
            -0.0709431,
            0.580739
          ],
          [
            7689.25,
            655.8,
            -10712.4
          ]
        ],
        "unit_class": "dynTrench_small_bunker_axis",
        "objLayer": 2,
        "props": {
          "army": 1,
          "active": true
        }
      },
      {
        "name": "t2_trench_small_01",
        "tm": [
          [
            -0.670205,
            0.0356522,
            0.741319
          ],
          [
            0.05697,
            0.99837,
            0.00349057
          ],
          [
            -0.739987,
            0.0445724,
            -0.671143
          ],
          [
            9646.4,
            650.25,
            -10717.4
          ]
        ],
        "unit_class": "dynTrench_small_bunker_axis",
        "objLayer": 2,
        "props": {
          "army": 2,
          "active": true
        }
      },
      {
        "name": "t2_trench_small_02",
        "tm": [
          [
            -0.666026,
            -0.0687863,
            0.742751
          ],
          [
            -0.0361199,
            0.997545,
            0.0599933
          ],
          [
            -0.745054,
            0.0131289,
            -0.666875
          ],
          [
            8741.8,
            646.4,
            -9627.65
          ]
        ],
        "unit_class": "dynTrench_small_bunker_axis",
        "objLayer": 2,
        "props": {
          "army": 2,
          "active": true
        }
      },
      {
        "name": "t2_trench_small_03",
        "tm": [
          [
            -0.66822,
            -0.0125804,
            0.743858
          ],
          [
            -0.0304279,
            0.999483,
            -0.0104302
          ],
          [
            -0.743341,
            -0.0296037,
            -0.668256
          ],
          [
            8346.45,
            606.9,
            -9192.0
          ]
        ],
        "unit_class": "dynTrench_small_bunker_axis",
        "objLayer": 2,
        "props": {
          "army": 2,
          "active": true
        }
      },
      {
        "name": "t2_trench_small_04",
        "tm": [
          [
            -0.670969,
            -0.00749022,
            0.741447
          ],
          [
            -0.0289346,
            0.99945,
            -0.0160875
          ],
          [
            -0.74092,
            -0.0322482,
            -0.670819
          ],
          [
            7873.1,
            588.85,
            -8688.2
          ]
        ],
        "unit_class": "dynTrench_small_bunker_axis",
        "objLayer": 2,
        "props": {
          "army": 2,
          "active": true
        }
      },
      {
        "name": "t2_trench_small_05",
        "tm": [
          [
            -0.377511,
            -0.0137737,
            0.925902
          ],
          [
            0.00701211,
            0.999818,
            0.0177321
          ],
          [
            -0.925979,
            0.0131867,
            -0.377346
          ],
          [
            12038.7,
            690.95,
            -14066.5
          ]
        ],
        "unit_class": "dynTrench_small_bunker_axis",
        "objLayer": 2,
        "props": {
          "army": 2,
          "active": true
        }
      },
      {
        "name": "t2_trench_small_06",
        "tm": [
          [
            -0.541555,
            -0.0477522,
            0.839308
          ],
          [
            0.0244754,
            0.997066,
            0.0725207
          ],
          [
            -0.840309,
            0.0598162,
            -0.538798
          ],
          [
            11521.8,
            665.9,
            -13228.8
          ]
        ],
        "unit_class": "dynTrench_small_bunker_axis",
        "objLayer": 2,
        "props": {
          "army": 2,
          "active": true
        }
      },
      {
        "name": "t2_trench_small_07",
        "tm": [
          [
            -0.500551,
            0.018018,
            0.86552
          ],
          [
            0.00820586,
            0.999836,
            -0.0160684
          ],
          [
            -0.865668,
            -0.000940775,
            -0.500617
          ],
          [
            11046.3,
            661.85,
            -12518.9
          ]
        ],
        "unit_class": "dynTrench_small_bunker_axis",
        "objLayer": 2,
        "props": {
          "army": 2,
          "active": true
        }
      },
      {
        "name": "t2_trench_small_08",
        "tm": [
          [
            -0.668745,
            0.0300708,
            0.742884
          ],
          [
            0.0292987,
            0.999471,
            -0.0140822
          ],
          [
            -0.742915,
            0.0123481,
            -0.669273
          ],
          [
            10579.6,
            659.05,
            -11857.2
          ]
        ],
        "unit_class": "dynTrench_small_bunker_axis",
        "objLayer": 2,
        "props": {
          "army": 2,
          "active": true
        }
      }
    ],
    "structures": [
      {
        "name": "t1_bunker_01",
        "tm": [
          [
            0.652806,
            -0.0264817,
            0.757062
          ],
          [
            0.0744902,
            0.996789,
            -0.0293649
          ],
          [
            -0.753853,
            0.0755634,
            0.652683
          ],
          [
            7202.17,
            646.195,
            -9906.52
          ]
        ],
        "unit_class": "ussr_quest_large_art_noground",
        "objLayer": 1,
        "closed_waypoints": false,
        "isShipSpline": false,
        "shipTurnRadius": 100.0,
        "weapons": "",
        "bullets0": "",
        "bullets1": "",
        "bullets2": "",
        "bullets3": "",
        "bulletsCount0": 0,
        "bulletsCount1": 0,
        "bulletsCount2": 0,
        "bulletsCount3": 0,
        "crewSkillK": 0.0,
        "applyAllMods": false,
        "props": {
          "army": 1,
          "count": 1,
          "formation_type": "rows",
          "formation_div": 3,
          "formation_step": [
            2.5,
            2.0
          ],
          "formation_noise": [
            0.1,
            0.1
          ]
        },
        "way": {}
      },
      {
        "name": "t1_art_small_01",
        "tm": [
          [
            0.652806,
            -0.0264817,
            0.757062
          ],
          [
            0.0744902,
            0.996789,
            -0.0293649
          ],
          [
            -0.753853,
            0.0755634,
            0.652683
          ],
          [
            7131.53,
            649.688,
            -9843.42
          ]
        ],
        "unit_class": "ussr_quest_large_art_noground",
        "objLayer": 1,
        "closed_waypoints": false,
        "isShipSpline": false,
        "shipTurnRadius": 100.0,
        "weapons": "",
        "bullets0": "",
        "bullets1": "",
        "bullets2": "",
        "bullets3": "",
        "bulletsCount0": 0,
        "bulletsCount1": 0,
        "bulletsCount2": 0,
        "bulletsCount3": 0,
        "crewSkillK": 0.0,
        "applyAllMods": false,
        "props": {
          "army": 1,
          "count": 1,
          "formation_type": "rows",
          "formation_div": 3,
          "formation_step": [
            2.5,
            2.0
          ],
          "formation_noise": [
            0.1,
            0.1
          ]
        },
        "way": {}
      },
      {
        "name": "t1_art_small_02",
        "tm": [
          [
            0.652806,
            -0.0264817,
            0.757062
          ],
          [
            0.0744902,
            0.996789,
            -0.0293649
          ],
          [
            -0.753853,
            0.0755634,
            0.652683
          ],
          [
            7262.65,
            633.344,
            -9948.39
          ]
        ],
        "unit_class": "ussr_quest_large_art_noground",
        "objLayer": 1,
        "closed_waypoints": false,
        "isShipSpline": false,
        "shipTurnRadius": 100.0,
        "weapons": "",
        "bullets0": "",
        "bullets1": "",
        "bullets2": "",
        "bullets3": "",
        "bulletsCount0": 0,
        "bulletsCount1": 0,
        "bulletsCount2": 0,
        "bulletsCount3": 0,
        "crewSkillK": 0.0,
        "applyAllMods": false,
        "props": {
          "army": 1,
          "count": 1,
          "formation_type": "rows",
          "formation_div": 3,
          "formation_step": [
            2.5,
            2.0
          ],
          "formation_noise": [
            0.1,
            0.1
          ]
        },
        "way": {}
      },
      {
        "name": "t1_bunker_02",
        "tm": [
          [
            0.867019,
            -0.0467248,
            0.496079
          ],
          [
            0.0137532,
            0.997458,
            0.069911
          ],
          [
            -0.498085,
            -0.0537922,
            0.865458
          ],
          [
            6798.08,
            662.373,
            -9325.12
          ]
        ],
        "unit_class": "ussr_quest_large_art_noground",
        "objLayer": 1,
        "closed_waypoints": false,
        "isShipSpline": false,
        "shipTurnRadius": 100.0,
        "weapons": "",
        "bullets0": "",
        "bullets1": "",
        "bullets2": "",
        "bullets3": "",
        "bulletsCount0": 0,
        "bulletsCount1": 0,
        "bulletsCount2": 0,
        "bulletsCount3": 0,
        "crewSkillK": 0.0,
        "applyAllMods": false,
        "props": {
          "army": 1,
          "count": 1,
          "formation_type": "rows",
          "formation_div": 3,
          "formation_step": [
            2.5,
            2.0
          ],
          "formation_noise": [
            0.1,
            0.1
          ]
        },
        "way": {}
      },
      {
        "name": "t1_art_small_03",
        "tm": [
          [
            0.867019,
            -0.0467248,
            0.496079
          ],
          [
            0.0137532,
            0.997458,
            0.069911
          ],
          [
            -0.498085,
            -0.0537922,
            0.865458
          ],
          [
            6752.22,
            653.575,
            -9242.56
          ]
        ],
        "unit_class": "ussr_quest_large_art_noground",
        "objLayer": 1,
        "closed_waypoints": false,
        "isShipSpline": false,
        "shipTurnRadius": 100.0,
        "weapons": "",
        "bullets0": "",
        "bullets1": "",
        "bullets2": "",
        "bullets3": "",
        "bulletsCount0": 0,
        "bulletsCount1": 0,
        "bulletsCount2": 0,
        "bulletsCount3": 0,
        "crewSkillK": 0.0,
        "applyAllMods": false,
        "props": {
          "army": 1,
          "count": 1,
          "formation_type": "rows",
          "formation_div": 3,
          "formation_step": [
            2.5,
            2.0
          ],
          "formation_noise": [
            0.1,
            0.1
          ]
        },
        "way": {}
      },
      {
        "name": "t1_art_small_04",
        "tm": [
          [
            0.867019,
            -0.0467248,
            0.496079
          ],
          [
            0.0137532,
            0.997458,
            0.069911
          ],
          [
            -0.498085,
            -0.0537922,
            0.865458
          ],
          [
            6841.83,
            658.91,
            -9385.53
          ]
        ],
        "unit_class": "ussr_quest_large_art_noground",
        "objLayer": 1,
        "closed_waypoints": false,
        "isShipSpline": false,
        "shipTurnRadius": 100.0,
        "weapons": "",
        "bullets0": "",
        "bullets1": "",
        "bullets2": "",
        "bullets3": "",
        "bulletsCount0": 0,
        "bulletsCount1": 0,
        "bulletsCount2": 0,
        "bulletsCount3": 0,
        "crewSkillK": 0.0,
        "applyAllMods": false,
        "props": {
          "army": 1,
          "count": 1,
          "formation_type": "rows",
          "formation_div": 3,
          "formation_step": [
            2.5,
            2.0
          ],
          "formation_noise": [
            0.1,
            0.1
          ]
        },
        "way": {}
      },
      {
        "name": "t1_bunker_03",
        "tm": [
          [
            0.708417,
            -0.0129212,
            0.705676
          ],
          [
            0.0463187,
            0.998528,
            -0.0282151
          ],
          [
            -0.704273,
            0.052674,
            0.707972
          ],
          [
            8051.01,
            649.807,
            -11321.2
          ]
        ],
        "unit_class": "ussr_quest_large_art_noground",
        "objLayer": 1,
        "closed_waypoints": false,
        "isShipSpline": false,
        "shipTurnRadius": 100.0,
        "weapons": "",
        "bullets0": "",
        "bullets1": "",
        "bullets2": "",
        "bullets3": "",
        "bulletsCount0": 0,
        "bulletsCount1": 0,
        "bulletsCount2": 0,
        "bulletsCount3": 0,
        "crewSkillK": 0.0,
        "applyAllMods": false,
        "props": {
          "army": 1,
          "count": 1,
          "formation_type": "rows",
          "formation_div": 3,
          "formation_step": [
            2.5,
            2.0
          ],
          "formation_noise": [
            0.1,
            0.1
          ]
        },
        "way": {}
      },
      {
        "name": "t1_art_small_05",
        "tm": [
          [
            0.708417,
            -0.0129212,
            0.705676
          ],
          [
            0.0463187,
            0.998528,
            -0.0282151
          ],
          [
            -0.704273,
            0.052674,
            0.707972
          ],
          [
            7985.26,
            651.142,
            -11253.0
          ]
        ],
        "unit_class": "ussr_quest_large_art_noground",
        "objLayer": 1,
        "closed_waypoints": false,
        "isShipSpline": false,
        "shipTurnRadius": 100.0,
        "weapons": "",
        "bullets0": "",
        "bullets1": "",
        "bullets2": "",
        "bullets3": "",
        "bulletsCount0": 0,
        "bulletsCount1": 0,
        "bulletsCount2": 0,
        "bulletsCount3": 0,
        "crewSkillK": 0.0,
        "applyAllMods": false,
        "props": {
          "army": 1,
          "count": 1,
          "formation_type": "rows",
          "formation_div": 3,
          "formation_step": [
            2.5,
            2.0
          ],
          "formation_noise": [
            0.1,
            0.1
          ]
        },
        "way": {}
      },
      {
        "name": "t1_art_small_06",
        "tm": [
          [
            0.708417,
            -0.0129212,
            0.705676
          ],
          [
            0.0463187,
            0.998528,
            -0.0282151
          ],
          [
            -0.704273,
            0.052674,
            0.707972
          ],
          [
            8108.48,
            638.738,
            -11367.6
          ]
        ],
        "unit_class": "ussr_quest_large_art_noground",
        "objLayer": 1,
        "closed_waypoints": false,
        "isShipSpline": false,
        "shipTurnRadius": 100.0,
        "weapons": "",
        "bullets0": "",
        "bullets1": "",
        "bullets2": "",
        "bullets3": "",
        "bulletsCount0": 0,
        "bulletsCount1": 0,
        "bulletsCount2": 0,
        "bulletsCount3": 0,
        "crewSkillK": 0.0,
        "applyAllMods": false,
        "props": {
          "army": 1,
          "count": 1,
          "formation_type": "rows",
          "formation_div": 3,
          "formation_step": [
            2.5,
            2.0
          ],
          "formation_noise": [
            0.1,
            0.1
          ]
        },
        "way": {}
      },
      {
        "name": "t1_bunker_04",
        "tm": [
          [
            0.491758,
            0.0439379,
            0.869622
          ],
          [
            -0.0317598,
            0.998967,
            -0.0325134
          ],
          [
            -0.870152,
            -0.0116301,
            0.492646
          ],
          [
            10931.1,
            678.083,
            -14731.0
          ]
        ],
        "unit_class": "ussr_quest_large_art_noground",
        "objLayer": 1,
        "closed_waypoints": false,
        "isShipSpline": false,
        "shipTurnRadius": 100.0,
        "weapons": "",
        "bullets0": "",
        "bullets1": "",
        "bullets2": "",
        "bullets3": "",
        "bulletsCount0": 0,
        "bulletsCount1": 0,
        "bulletsCount2": 0,
        "bulletsCount3": 0,
        "crewSkillK": 0.0,
        "applyAllMods": false,
        "props": {
          "army": 1,
          "count": 1,
          "formation_type": "rows",
          "formation_div": 3,
          "formation_step": [
            2.5,
            2.0
          ],
          "formation_noise": [
            0.1,
            0.1
          ]
        },
        "way": {}
      },
      {
        "name": "t1_art_small_07",
        "tm": [
          [
            0.491758,
            0.0439379,
            0.869622
          ],
          [
            -0.0317598,
            0.998967,
            -0.0325134
          ],
          [
            -0.870152,
            -0.0116301,
            0.492646
          ],
          [
            10849.5,
            673.426,
            -14682.6
          ]
        ],
        "unit_class": "ussr_quest_large_art_noground",
        "objLayer": 1,
        "closed_waypoints": false,
        "isShipSpline": false,
        "shipTurnRadius": 100.0,
        "weapons": "",
        "bullets0": "",
        "bullets1": "",
        "bullets2": "",
        "bullets3": "",
        "bulletsCount0": 0,
        "bulletsCount1": 0,
        "bulletsCount2": 0,
        "bulletsCount3": 0,
        "crewSkillK": 0.0,
        "applyAllMods": false,
        "props": {
          "army": 1,
          "count": 1,
          "formation_type": "rows",
          "formation_div": 3,
          "formation_step": [
            2.5,
            2.0
          ],
          "formation_noise": [
            0.1,
            0.1
          ]
        },
        "way": {}
      },
      {
        "name": "t1_art_small_08",
        "tm": [
          [
            0.491758,
            0.0439379,
            0.869622
          ],
          [
            -0.0317598,
            0.998967,
            -0.0325134
          ],
          [
            -0.870152,
            -0.0116301,
            0.492646
          ],
          [
            10999.7,
            672.23,
            -14760.0
          ]
        ],
        "unit_class": "ussr_quest_large_art_noground",
        "objLayer": 1,
        "closed_waypoints": false,
        "isShipSpline": false,
        "shipTurnRadius": 100.0,
        "weapons": "",
        "bullets0": "",
        "bullets1": "",
        "bullets2": "",
        "bullets3": "",
        "bulletsCount0": 0,
        "bulletsCount1": 0,
        "bulletsCount2": 0,
        "bulletsCount3": 0,
        "crewSkillK": 0.0,
        "applyAllMods": false,
        "props": {
          "army": 1,
          "count": 1,
          "formation_type": "rows",
          "formation_div": 3,
          "formation_step": [
            2.5,
            2.0
          ],
          "formation_noise": [
            0.1,
            0.1
          ]
        },
        "way": {}
      },
      {
        "name": "t1_bunker_05",
        "tm": [
          [
            0.561637,
            -0.0022516,
            0.827381
          ],
          [
            -0.0360379,
            0.99898,
            0.0271815
          ],
          [
            -0.826598,
            -0.0450833,
            0.560984
          ],
          [
            10135.4,
            660.037,
            -14166.1
          ]
        ],
        "unit_class": "ussr_quest_large_art_noground",
        "objLayer": 1,
        "closed_waypoints": false,
        "isShipSpline": false,
        "shipTurnRadius": 100.0,
        "weapons": "",
        "bullets0": "",
        "bullets1": "",
        "bullets2": "",
        "bullets3": "",
        "bulletsCount0": 0,
        "bulletsCount1": 0,
        "bulletsCount2": 0,
        "bulletsCount3": 0,
        "crewSkillK": 0.0,
        "applyAllMods": false,
        "props": {
          "army": 1,
          "count": 1,
          "formation_type": "rows",
          "formation_div": 3,
          "formation_step": [
            2.5,
            2.0
          ],
          "formation_noise": [
            0.1,
            0.1
          ]
        },
        "way": {}
      },
      {
        "name": "t1_art_small_09",
        "tm": [
          [
            0.561637,
            -0.0022516,
            0.827381
          ],
          [
            -0.0360379,
            0.99898,
            0.0271815
          ],
          [
            -0.826598,
            -0.0450833,
            0.560984
          ],
          [
            10058.1,
            652.126,
            -14111.6
          ]
        ],
        "unit_class": "ussr_quest_large_art_noground",
        "objLayer": 1,
        "closed_waypoints": false,
        "isShipSpline": false,
        "shipTurnRadius": 100.0,
        "weapons": "",
        "bullets0": "",
        "bullets1": "",
        "bullets2": "",
        "bullets3": "",
        "bulletsCount0": 0,
        "bulletsCount1": 0,
        "bulletsCount2": 0,
        "bulletsCount3": 0,
        "crewSkillK": 0.0,
        "applyAllMods": false,
        "props": {
          "army": 1,
          "count": 1,
          "formation_type": "rows",
          "formation_div": 3,
          "formation_step": [
            2.5,
            2.0
          ],
          "formation_noise": [
            0.1,
            0.1
          ]
        },
        "way": {}
      },
      {
        "name": "t1_art_small_10",
        "tm": [
          [
            0.561637,
            -0.0022516,
            0.827381
          ],
          [
            -0.0360379,
            0.99898,
            0.0271815
          ],
          [
            -0.826598,
            -0.0450833,
            0.560984
          ],
          [
            10201.3,
            656.28,
            -14200.9
          ]
        ],
        "unit_class": "ussr_quest_large_art_noground",
        "objLayer": 1,
        "closed_waypoints": false,
        "isShipSpline": false,
        "shipTurnRadius": 100.0,
        "weapons": "",
        "bullets0": "",
        "bullets1": "",
        "bullets2": "",
        "bullets3": "",
        "bulletsCount0": 0,
        "bulletsCount1": 0,
        "bulletsCount2": 0,
        "bulletsCount3": 0,
        "crewSkillK": 0.0,
        "applyAllMods": false,
        "props": {
          "army": 1,
          "count": 1,
          "formation_type": "rows",
          "formation_div": 3,
          "formation_step": [
            2.5,
            2.0
          ],
          "formation_noise": [
            0.1,
            0.1
          ]
        },
        "way": {}
      },
      {
        "name": "t1_bunker_06",
        "tm": [
          [
            0.636385,
            -0.0188084,
            0.771142
          ],
          [
            0.0295421,
            0.999564,
            0.0
          ],
          [
            -0.770806,
            0.0227812,
            0.636663
          ],
          [
            8998.41,
            665.181,
            -12745.6
          ]
        ],
        "unit_class": "ussr_quest_large_art_noground",
        "objLayer": 1,
        "closed_waypoints": false,
        "isShipSpline": false,
        "shipTurnRadius": 100.0,
        "weapons": "",
        "bullets0": "",
        "bullets1": "",
        "bullets2": "",
        "bullets3": "",
        "bulletsCount0": 0,
        "bulletsCount1": 0,
        "bulletsCount2": 0,
        "bulletsCount3": 0,
        "crewSkillK": 0.0,
        "applyAllMods": false,
        "props": {
          "army": 1,
          "count": 1,
          "formation_type": "rows",
          "formation_div": 3,
          "formation_step": [
            2.5,
            2.0
          ],
          "formation_noise": [
            0.1,
            0.1
          ]
        },
        "way": {}
      },
      {
        "name": "t1_art_small_11",
        "tm": [
          [
            0.636385,
            -0.0188084,
            0.771142
          ],
          [
            0.0295421,
            0.999564,
            0.0
          ],
          [
            -0.770806,
            0.0227812,
            0.636663
          ],
          [
            8926.28,
            663.679,
            -12684.0
          ]
        ],
        "unit_class": "ussr_quest_large_art_noground",
        "objLayer": 1,
        "closed_waypoints": false,
        "isShipSpline": false,
        "shipTurnRadius": 100.0,
        "weapons": "",
        "bullets0": "",
        "bullets1": "",
        "bullets2": "",
        "bullets3": "",
        "bulletsCount0": 0,
        "bulletsCount1": 0,
        "bulletsCount2": 0,
        "bulletsCount3": 0,
        "crewSkillK": 0.0,
        "applyAllMods": false,
        "props": {
          "army": 1,
          "count": 1,
          "formation_type": "rows",
          "formation_div": 3,
          "formation_step": [
            2.5,
            2.0
          ],
          "formation_noise": [
            0.1,
            0.1
          ]
        },
        "way": {}
      },
      {
        "name": "t1_art_small_12",
        "tm": [
          [
            0.636385,
            -0.0188084,
            0.771142
          ],
          [
            0.0295421,
            0.999564,
            0.0
          ],
          [
            -0.770806,
            0.0227812,
            0.636663
          ],
          [
            9060.33,
            656.272,
            -12786.4
          ]
        ],
        "unit_class": "ussr_quest_large_art_noground",
        "objLayer": 1,
        "closed_waypoints": false,
        "isShipSpline": false,
        "shipTurnRadius": 100.0,
        "weapons": "",
        "bullets0": "",
        "bullets1": "",
        "bullets2": "",
        "bullets3": "",
        "bulletsCount0": 0,
        "bulletsCount1": 0,
        "bulletsCount2": 0,
        "bulletsCount3": 0,
        "crewSkillK": 0.0,
        "applyAllMods": false,
        "props": {
          "army": 1,
          "count": 1,
          "formation_type": "rows",
          "formation_div": 3,
          "formation_step": [
            2.5,
            2.0
          ],
          "formation_noise": [
            0.1,
            0.1
          ]
        },
        "way": {}
      },
      {
        "name": "t1_bunker_07",
        "tm": [
          [
            0.510377,
            -0.0263226,
            0.859548
          ],
          [
            0.024275,
            0.999574,
            0.0161967
          ],
          [
            -0.859608,
            0.0125995,
            0.510799
          ],
          [
            9554.99,
            670.398,
            -13445.9
          ]
        ],
        "unit_class": "ussr_quest_large_art_noground",
        "objLayer": 1,
        "closed_waypoints": false,
        "isShipSpline": false,
        "shipTurnRadius": 100.0,
        "weapons": "",
        "bullets0": "",
        "bullets1": "",
        "bullets2": "",
        "bullets3": "",
        "bulletsCount0": 0,
        "bulletsCount1": 0,
        "bulletsCount2": 0,
        "bulletsCount3": 0,
        "crewSkillK": 0.0,
        "applyAllMods": false,
        "props": {
          "army": 1,
          "count": 1,
          "formation_type": "rows",
          "formation_div": 3,
          "formation_step": [
            2.5,
            2.0
          ],
          "formation_noise": [
            0.1,
            0.1
          ]
        },
        "way": {}
      },
      {
        "name": "t1_art_small_13",
        "tm": [
          [
            0.510377,
            -0.0263226,
            0.859548
          ],
          [
            0.024275,
            0.999574,
            0.0161967
          ],
          [
            -0.859608,
            0.0125995,
            0.510799
          ],
          [
            9474.26,
            667.915,
            -13396.3
          ]
        ],
        "unit_class": "ussr_quest_large_art_noground",
        "objLayer": 1,
        "closed_waypoints": false,
        "isShipSpline": false,
        "shipTurnRadius": 100.0,
        "weapons": "",
        "bullets0": "",
        "bullets1": "",
        "bullets2": "",
        "bullets3": "",
        "bulletsCount0": 0,
        "bulletsCount1": 0,
        "bulletsCount2": 0,
        "bulletsCount3": 0,
        "crewSkillK": 0.0,
        "applyAllMods": false,
        "props": {
          "army": 1,
          "count": 1,
          "formation_type": "rows",
          "formation_div": 3,
          "formation_step": [
            2.5,
            2.0
          ],
          "formation_noise": [
            0.1,
            0.1
          ]
        },
        "way": {}
      },
      {
        "name": "t1_art_small_14",
        "tm": [
          [
            0.510377,
            -0.0263226,
            0.859548
          ],
          [
            0.024275,
            0.999574,
            0.0161967
          ],
          [
            -0.859608,
            0.0125995,
            0.510799
          ],
          [
            9622.49,
            662.176,
            -13476.8
          ]
        ],
        "unit_class": "ussr_quest_large_art_noground",
        "objLayer": 1,
        "closed_waypoints": false,
        "isShipSpline": false,
        "shipTurnRadius": 100.0,
        "weapons": "",
        "bullets0": "",
        "bullets1": "",
        "bullets2": "",
        "bullets3": "",
        "bulletsCount0": 0,
        "bulletsCount1": 0,
        "bulletsCount2": 0,
        "bulletsCount3": 0,
        "crewSkillK": 0.0,
        "applyAllMods": false,
        "props": {
          "army": 1,
          "count": 1,
          "formation_type": "rows",
          "formation_div": 3,
          "formation_step": [
            2.5,
            2.0
          ],
          "formation_noise": [
            0.1,
            0.1
          ]
        },
        "way": {}
      },
      {
        "name": "t1_bunker_08",
        "tm": [
          [
            0.716404,
            -0.0727949,
            0.693877
          ],
          [
            0.0472593,
            0.997321,
            0.0558349
          ],
          [
            -0.696083,
            -0.00720827,
            0.717925
          ],
          [
            7703.99,
            667.846,
            -10715.0
          ]
        ],
        "unit_class": "ussr_quest_large_art_noground",
        "objLayer": 1,
        "closed_waypoints": false,
        "isShipSpline": false,
        "shipTurnRadius": 100.0,
        "weapons": "",
        "bullets0": "",
        "bullets1": "",
        "bullets2": "",
        "bullets3": "",
        "bulletsCount0": 0,
        "bulletsCount1": 0,
        "bulletsCount2": 0,
        "bulletsCount3": 0,
        "crewSkillK": 0.0,
        "applyAllMods": false,
        "props": {
          "army": 1,
          "count": 1,
          "formation_type": "rows",
          "formation_div": 3,
          "formation_step": [
            2.5,
            2.0
          ],
          "formation_noise": [
            0.1,
            0.1
          ]
        },
        "way": {}
      },
      {
        "name": "t1_art_small_15",
        "tm": [
          [
            0.716404,
            -0.0727949,
            0.693877
          ],
          [
            0.0472593,
            0.997321,
            0.0558349
          ],
          [
            -0.696083,
            -0.00720827,
            0.717925
          ],
          [
            7639.02,
            663.429,
            -10646.2
          ]
        ],
        "unit_class": "ussr_quest_large_art_noground",
        "objLayer": 1,
        "closed_waypoints": false,
        "isShipSpline": false,
        "shipTurnRadius": 100.0,
        "weapons": "",
        "bullets0": "",
        "bullets1": "",
        "bullets2": "",
        "bullets3": "",
        "bulletsCount0": 0,
        "bulletsCount1": 0,
        "bulletsCount2": 0,
        "bulletsCount3": 0,
        "crewSkillK": 0.0,
        "applyAllMods": false,
        "props": {
          "army": 1,
          "count": 1,
          "formation_type": "rows",
          "formation_div": 3,
          "formation_step": [
            2.5,
            2.0
          ],
          "formation_noise": [
            0.1,
            0.1
          ]
        },
        "way": {}
      },
      {
        "name": "t1_art_small_16",
        "tm": [
          [
            0.716404,
            -0.0727949,
            0.693877
          ],
          [
            0.0472593,
            0.997321,
            0.0558349
          ],
          [
            -0.696083,
            -0.00720827,
            0.717925
          ],
          [
            7760.94,
            660.736,
            -10762.9
          ]
        ],
        "unit_class": "ussr_quest_large_art_noground",
        "objLayer": 1,
        "closed_waypoints": false,
        "isShipSpline": false,
        "shipTurnRadius": 100.0,
        "weapons": "",
        "bullets0": "",
