{
  "selected_tag": "",
  "bin_dump_file": "",
  "mission_settings": {
    "player": {
      "army": 1
    },
    "player_teamB": {
      "army": 2
    },
    "mission": {
      "level": "levels/air_smolensk.bin",
      "type": "domination",
      "environment": "Day",
      "weather": "hazy",
      "restoreType": "attempts",
      "optionalTakeOff": false
    }
  },
  "imports": {
    "import_record": {
      "file": "gameData/missions/templates/air_templates/jip/air_bdt_bases_destroy_template.blk",
      "importAreas": true,
      "importUnits": true,
      "importTriggers": true,
      "importMissionObjectives": true,
      "importWayPoints": true,
      "showAreas": true,
      "showUnits": true,
      "showTriggers": true,
      "showMissionObjectives": true,
      "showWayPoints": true,
      "excludes": []
    }
  },
  "triggers": {
    "isCategory": true,
    "is_enabled": true
  },
  "mission_objectives": {
    "isCategory": true,
    "is_enabled": true
  },
  "variables": [],
  "dialogs": [],
  "airfields": [],
  "effects": [],
  "units": [
    {
      "objectGroups": {
        "name": "bdt_t2_bomb_object_01",
        "tm": [
          [0.826885,0.0,-0.562372],
          [0.0,1.0,0.0],
          [0.562372,0.0,0.826885],
          [-11968.6,104.891,6424.48]
        ],
        "unit_class": "dynBase_hq_camp_square",
        "objLayer": 2,
        "props": {
          "army": 2,
          "active": true
        }
      }
    },
    {
      "objectGroups": {
        "name": "bdt_t2_bomb_object_02",
        "tm": [
          [0.22971,0.0,-0.97326],
          [0.0,1.0,0.0],
          [0.97326,0.0,0.22971],
          [-13327.7,100.612,446.1]
        ],
        "unit_class": "dynBase_fuel_storage_square",
        "objLayer": 2,
        "props": {
          "army": 2,
          "active": true
        }
      }
    },
    {
      "objectGroups": {
        "name": "bdt_t2_bomb_object_03",
        "tm": [
          [0.880642,0.0,0.473782],
          [0.0,1.0,0.0],
          [-0.473782,0.0,0.880642],
          [-12489.7,190.211,-2056.41]
        ],
        "unit_class": "dynBase_oil_storage_small_square",
        "objLayer": 2,
        "props": {
          "army": 2,
          "active": true
        }
      }
    },
    {
      "objectGroups": {
        "name": "bdt_t1_bomb_object_01",
        "tm": [
          [0.965319,0.0,-0.261069],
          [0.0,1.0,0.0],
          [0.261069,0.0,0.965319],
          [-1229.92,25.0721,8530.59]
        ],
        "unit_class": "dynBase_fuel_storage_square",
        "objLayer": 2,
        "props": {
          "army": 1,
          "active": true
        }
      }
    },
    {
      "objectGroups": {
        "name": "bdt_t1_bomb_object_02",
        "tm": [
          [0.888084,0.0,0.45968],
          [0.0,1.0,0.0],
          [-0.45968,0.0,0.888084],
          [1620.44,45.6292,5628.27]
        ],
        "unit_class": "dynBase_small_factory_square",
        "objLayer": 2,
        "props": {
          "army": 1,
          "active": false
        }
      }
    },
    {
      "objectGroups": {
        "name": "bdt_t1_bomb_object_03",
        "tm": [
          [0.769032,0.0,0.639211],
          [0.0,1.0,0.0],
          [-0.639211,0.0,0.769032],
          [1035.7,94.3306,-2325.19]
        ],
        "unit_class": "dynBase_oil_storage_small_square",
        "objLayer": 2,
        "props": {
          "army": 1,
          "active": false
        }
      }
    },
    {
      "objectGroups": {
        "name": "bdt_t2_bomb_object_04",
        "tm": [
          [0.999907,0.0,0.0136143],
          [0.0,1.0,0.0],
          [-0.0136143,0.0,0.999907],
          [-9709.27,96.1702,8790.31]
        ],
        "unit_class": "dynBase_small_factory_square",
        "objLayer": 2,
        "props": {
          "army": 2,
          "active": true
        }
      }
    },
    {
      "objectGroups": {
        "name": "bdt_t1_bomb_object_04",
        "tm": [
          [0.944114,0.0,0.329617],
          [0.0,1.0,0.0],
          [-0.329617,0.0,0.944114],
          [-594.616,271.677,-4362.92]
        ],
        "unit_class": "dynBase_field_camp_square",
        "objLayer": 2,
        "props": {
          "army": 1,
          "active": false
        }
      }
    },
    {
      "structures": {
        "name": "bdt_t2_bomb_zone_01_bomb_target",
        "tm": [
          [0.826885,0.0,-0.562372],
          [0.0,1.0,0.0],
          [0.562372,0.0,0.826885],
          [-11968.6,104.891,6424.48]
        ],
        "unit_class": "dummy_immortal",
        "objLayer": 2,
        "closed_waypoints": false,
        "isShipSpline": false,
        "shipTurnRadius": 100.0,
        "weapons": "",
        "bullets0": "",
        "bullets1": "",
        "bullets2": "",
        "bullets3": "",
        "bulletsCount0": 0,
        "bulletsCount1": 0,
        "bulletsCount2": 0,
        "bulletsCount3": 0,
        "props": {
          "army": 2,
          "count": 1,
          "formation_type": "rows",
          "formation_div": 3,
          "formation_step": [2.5,2.0],
          "formation_noise": [0.1,0.1],
          "uniqueName": "",
          "attack_type": "fire_at_will",
          "isDelayed": false,
          "stealthRadius": 0.0,
          "setStealth": true,
          "targetableByAi": false
        },
        "way": []
      }
    },
    {
      "structures": {
        "name": "bdt_t2_bomb_zone_02_bomb_target",
        "tm": [
          [0.22971,0.0,-0.97326],
          [0.0,1.0,0.0],
          [0.97326,0.0,0.22971],
          [-13327.7,100.613,446.1]
        ],
        "unit_class": "dummy_immortal",
        "objLayer": 2,
        "closed_waypoints": false,
        "isShipSpline": false,
        "shipTurnRadius": 100.0,
        "weapons": "",
        "bullets0": "",
        "bullets1": "",
        "bullets2": "",
        "bullets3": "",
        "bulletsCount0": 0,
        "bulletsCount1": 0,
        "bulletsCount2": 0,
        "bulletsCount3": 0,
        "props": {
          "army": 2,
          "count": 1,
          "formation_type": "rows",
          "formation_div": 3,
          "formation_step": [2.5,2.0],
          "formation_noise": [0.1,0.1],
          "uniqueName": "",
          "attack_type": "fire_at_will",
          "isDelayed": false,
          "stealthRadius": 0.0,
          "setStealth": true,
          "targetableByAi": false
        },
        "way": []
      }
    },
    {
      "structures": {
        "name": "bdt_t2_bomb_zone_03_bomb_target",
        "tm": [
          [0.880642,0.0,0.473782],
          [0.0,1.0,0.0],
          [-0.473782,0.0,0.880642],
          [-12489.7,190.211,-2056.41]
        ],
        "unit_class": "dummy_immortal",
        "objLayer": 2,
        "closed_waypoints": false,
        "isShipSpline": false,
        "shipTurnRadius": 100.0,
        "weapons": "",
        "bullets0": "",
        "bullets1": "",
        "bullets2": "",
        "bullets3": "",
        "bulletsCount0": 0,
        "bulletsCount1": 0,
        "bulletsCount2": 0,
        "bulletsCount3": 0,
        "props": {
          "army": 2,
          "count": 1,
          "formation_type": "rows",
          "formation_div": 3,
          "formation_step": [2.5,2.0],
          "formation_noise": [0.1,0.1],
          "uniqueName": "",
          "attack_type": "fire_at_will",
          "isDelayed": false,
          "stealthRadius": 0.0,
          "setStealth": true,
          "targetableByAi": false
        },
        "way": []
      }
    },
    {
      "structures": {
        "name": "bdt_t2_bomb_zone_04_bomb_target",
        "tm": [
          [0.999907,0.0,0.0136143],
          [0.0,1.0,0.0],
          [-0.0136143,0.0,0.999907],
          [-9709.27,96.1702,8790.31]
        ],
        "unit_class": "dummy_immortal",
        "objLayer": 2,
        "closed_waypoints": false,
        "isShipSpline": false,
        "shipTurnRadius": 100.0,
        "weapons": "",
        "bullets0": "",
        "bullets1": "",
        "bullets2": "",
        "bullets3": "",
        "bulletsCount0": 0,
        "bulletsCount1": 0,
        "bulletsCount2": 0,
        "bulletsCount3": 0,
        "props": {
          "army": 2,
          "count": 1,
          "formation_type": "rows",
          "formation_div": 3,
          "formation_step": [2.5,2.0],
          "formation_noise": [0.1,0.1],
          "uniqueName": "",
          "attack_type": "fire_at_will",
          "isDelayed": false,
          "stealthRadius": 0.0,
          "setStealth": true,
          "targetableByAi": false
        },
        "way": []
      }
    },
    {
      "structures": {
        "name": "bdt_t1_bomb_zone_01_bomb_target",
        "tm": [
          [0.965319,0.0,-0.261069],
          [0.0,1.0,0.0],
          [0.261069,0.0,0.965319],
          [-1229.92,25.0721,8530.59]
        ],
        "unit_class": "dummy_immortal",
        "objLayer": 2,
        "closed_waypoints": false,
        "isShipSpline": false,
        "shipTurnRadius": 100.0,
        "weapons": "",
        "bullets0": "",
        "bullets1": "",
        "bullets2": "",
        "bullets3": "",
        "bulletsCount0": 0,
        "bulletsCount1": 0,
        "bulletsCount2": 0,
        "bulletsCount3": 0,
        "props": {
          "army": 1,
          "count": 1,
          "formation_type": "rows",
          "formation_div": 3,
          "formation_step": [2.5,2.0],
          "formation_noise": [0.1,0.1],
          "uniqueName": "",
          "attack_type": "fire_at_will",
          "stealthRadius": 0.0,
          "setStealth": true,
          "targetableByAi": false
        },
        "way": []
      }
    },
    {
      "structures": {
        "name": "bdt_t1_bomb_zone_02_bomb_target",
        "tm": [
          [0.888084,0.0,0.45968],
          [0.0,1.0,0.0],
          [-0.45968,0.0,0.888084],
          [1620.44,45.6292,5628.27]
        ],
        "unit_class": "dummy_immortal",
        "objLayer": 2,
        "closed_waypoints": false,
        "isShipSpline": false,
        "shipTurnRadius": 100.0,
        "weapons": "",
        "bullets0": "",
        "bullets1": "",
        "bullets2": "",
        "bullets3": "",
        "bulletsCount0": 0,
        "bulletsCount1": 0,
        "bulletsCount2": 0,
        "bulletsCount3": 0,
        "props": {
          "army": 1,
          "count": 1,
          "formation_type": "rows",
          "formation_div": 3,
          "formation_step": [2.5,2.0],
          "formation_noise": [0.1,0.1],
          "uniqueName": "",
          "attack_type": "fire_at_will",
          "stealthRadius": 0.0,
          "setStealth": true,
          "targetableByAi": false
        },
        "way": []
      }
    },
    {
      "structures": {
        "name": "bdt_t1_bomb_zone_03_bomb_target",
        "tm": [
          [0.769032,0.0,0.639211],
          [0.0,1.0,0.0],
          [-0.639211,0.0,0.769032],
          [1035.7,94.3306,-2325.19]
        ],
        "unit_class": "dummy_immortal",
        "objLayer": 2,
        "closed_waypoints": false,
        "isShipSpline": false,
        "shipTurnRadius": 100.0,
        "weapons": "",
        "bullets0": "",
        "bullets1": "",
        "bullets2": "",
        "bullets3": "",
        "bulletsCount0": 0,
        "bulletsCount1": 0,
        "bulletsCount2": 0,
        "bulletsCount3": 0,
        "props": {
          "army": 1,
          "count": 1,
          "formation_type": "rows",
          "formation_div": 3,
          "formation_step": [2.5,2.0],
          "formation_noise": [0.1,0.1],
          "uniqueName": "",
          "attack_type": "fire_at_will",
          "stealthRadius": 0.0,
          "setStealth": true,
          "targetableByAi": false
        },
        "way": []
      }
    },
    {
      "structures": {
        "name": "bdt_t1_bomb_zone_04_bomb_target",
        "tm": [
          [0.944114,0.0,0.329617],
          [0.0,1.0,0.0],
          [-0.329617,0.0,0.944114],
          [-594.616,271.677,-4362.92]
        ],
        "unit_class": "dummy_immortal",
        "objLayer": 2,
        "closed_waypoints": false,
        "isShipSpline": false,
        "shipTurnRadius": 100.0,
        "weapons": "",
        "bullets0": "",
        "bullets1": "",
        "bullets2": "",
        "bullets3": "",
        "bulletsCount0": 0,
        "bulletsCount1": 0,
        "bulletsCount2": 0,
        "bulletsCount3": 0,
        "props": {
          "army": 1,
          "count": 1,
          "formation_type": "rows",
          "formation_div": 3,
          "formation_step": [2.5,2.0],
          "formation_noise": [0.1,0.1],
          "uniqueName": "",
          "attack_type": "fire_at_will",
          "stealthRadius": 0.0,
          "setStealth": true,
          "targetableByAi": false
        },
        "way": []
      }
    },
    {
      "squad": {
        "name": "bdt_t1_targets_squad",
        "tm": [
          [0.946498,0.0,0.322709],
          [0.0,1.0,0.0],
          [-0.322709,0.0,0.946498],
          [2228.74,99.743,3041.47]
        ],
        "props": [
          {
            "object_marking": 0
          },
          {
            "squad_members": "bdt_t2_bomb_zone_01_bomb_target"
          },
          {
            "squad_members": "bdt_t2_bomb_zone_02_bomb_target"
          },
          {
            "squad_members": "bdt_t2_bomb_zone_03_bomb_target"
          },
          {
            "squad_members": "bdt_t2_bomb_zone_04_bomb_target"
          },
          {
            "squad_members": "bdt_t2_bomb_zone_05_bomb_target"
          }
        ]
      }
    },
    {
      "squad": {
        "name": "bdt_t2_targets_squad",
        "tm": [
          [0.99999,0.0,-0.0045311],
          [0.0,1.0,0.0],
          [0.0045311,0.0,0.99999],
          [-13015.4,98.5945,2801.98]
        ],
        "props": [
          {
            "object_marking": 0
          },
          {
            "squad_members": "bdt_t2_bomb_zone_01_bomb_target"
          },
          {
            "squad_members": "bdt_t2_bomb_zone_02_bomb_target"
          },
          {
            "squad_members": "bdt_t2_bomb_zone_03_bomb_target"
          },
          {
            "squad_members": "bdt_t2_bomb_zone_04_bomb_target"
          },
          {
            "squad_members": "bdt_t2_bomb_zone_05_bomb_target"
          },
          {
            "squad_members": "bdt_t2_bomb_zone_06_bomb_target"
          },
          {
            "squad_members": "bdt_t2_bomb_zone_07_bomb_target"
          },
          {
            "squad_members": "bdt_t2_bomb_zone_08_bomb_target"
          },
          {
            "squad_members": "bdt_t2_bomb_zone_09_bomb_target"
          },
          {
            "squad_members": "bdt_t2_bomb_zone_10_bomb_target"
          }
        ]
      }
    },
    {
      "air_defence": {
        "name": "bdt_t2_aaa",
        "tm": [
          [-0.637303,0.0,0.770613],
          [0.0,1.0,0.0],
          [-0.770613,0.0,-0.637303],
          [10339.8,145.794,7381.85]
        ],
        "unit_class": "germ_88mm_flak36",
        "objLayer": 1,
        "closed_waypoints": false,
        "isShipSpline": false,
        "shipTurnRadius": 100.0,
        "weapons": "",
        "bullets0": "",
        "bullets1": "",
        "bullets2": "",
        "bullets3": "",
        "bulletsCount0": 0,
        "bulletsCount1": 0,
        "bulletsCount2": 0,
        "bulletsCount3": 0,
        "props": {
          "army": 2,
          "count": 16,
          "formation_type": "rows",
          "formation_div": 3,
          "formation_step": [2.5,2.0],
          "formation_noise": [0.1,0.1],
          "uniqueName": "",
          "attack_type": "fire_at_will",
          "isDelayed": true,
          "stealthRadius": 0.0,
          "setStealth": true,
          "calmDetection": true,
          "targetableByAi": false
        },
        "way": []
      }
    },
    {
      "air_defence": {
        "name": "bdt_t1_aaa",
        "tm": [
          [-0.637303,0.0,0.770613],
          [0.0,1.0,0.0],
          [-0.770613,0.0,-0.637303],
          [9470.94,145.794,8432.45]
        ],
        "unit_class": "ussr_85mm_52k",
        "objLayer": 1,
        "closed_waypoints": false,
        "isShipSpline": false,
        "shipTurnRadius": 100.0,
        "weapons": "",
        "bullets0": "",
        "bullets1": "",
        "bullets2": "",
        "bullets3": "",
        "bulletsCount0": 0,
        "bulletsCount1": 0,
        "bulletsCount2": 0,
        "bulletsCount3": 0,
        "props": {
          "army": 1,
          "count": 16,
          "formation_type": "rows",
          "formation_div": 3,
          "formation_step": [2.5,2.0],
          "formation_noise": [0.1,0.1],
          "uniqueName": "",
          "attack_type": "fire_at_will",
          "isDelayed": true,
          "stealthRadius": 0.0,
          "setStealth": true,
          "calmDetection": true,
          "targetableByAi": false
        },
        "way": []
      }
    },
    {
      "squad": {
        "name": "bdt_t2_aaa_squad",
        "tm": [
          [-0.637303,0.0,0.770613],
          [0.0,1.0,0.0],
          [-0.770613,0.0,-0.637303],
          [10801.0,145.794,9505.5]
        ],
        "props": {
          "object_marking": 0,
          "squad_members": "bdt_t2_aaa"
        }
      }
    },
    {
      "squad": {
        "name": "bdt_t1_aaa_squad",
        "tm": [
          [-0.637303,0.0,0.770613],
          [0.0,1.0,0.0],
          [-0.770613,0.0,-0.637303],
          [9595.45,145.794,10619.7]
        ],
        "props": {
          "object_marking": 0,
          "squad_members": "bdt_t1_aaa"
        }
      }
    },
    {
      "structures": {
        "name": "bdt_t1_bomb_zone_05_bomb_target",
        "tm": [
          [0.944114,0.0,0.329617],
          [0.0,1.0,0.0],
          [-0.329617,0.0,0.944114],
          [254.797,230.672,-5438.9]
        ],
        "unit_class": "dummy_immortal",
        "objLayer": 2,
        "closed_waypoints": false,
        "isShipSpline": false,
        "shipTurnRadius": 100.0,
        "weapons": "",
        "bullets0": "",
        "bullets1": "",
        "bullets2": "",
        "bullets3": "",
        "bulletsCount0": 0,
        "bulletsCount1": 0,
        "bulletsCount2": 0,
        "bulletsCount3": 0,
        "props": {
          "army": 1,
          "count": 1,
          "formation_type": "rows",
          "formation_div": 3,
          "formation_step": [2.5,2.0],
          "formation_noise": [0.1,0.1],
          "uniqueName": "",
          "attack_type": "fire_at_will",
          "stealthRadius": 0.0,
          "setStealth": true,
          "targetableByAi": false
        },
        "way": []
      }
    },
    {
      "objectGroups": {
        "name": "bdt_t1_bomb_object_05",
        "tm": [
          [0.944114,0.0,0.329617],
          [0.0,1.0,0.0],
          [-0.329617,0.0,0.944114],
          [254.797,230.672,-5438.9]
        ],
        "unit_class": "dynBase_military_base_square",
        "objLayer": 2,
        "props": {
          "army": 1,
          "active": false
        }
      }
    },
    {
      "structures": {
        "name": "bdt_t1_bomb_zone_06_bomb_target",
        "tm": [
          [0.944114,0.0,0.329617],
          [0.0,1.0,0.0],
          [-0.329617,0.0,0.944114],
          [1754.03,99.9888,-3511.05]
        ],
        "unit_class": "dummy_immortal",
        "objLayer": 2,
        "closed_waypoints": false,
        "isShipSpline": false,
        "shipTurnRadius": 100.0,
        "weapons": "",
        "bullets0": "",
        "bullets1": "",
        "bullets2": "",
        "bullets3": "",
        "bulletsCount0": 0,
        "bulletsCount1": 0,
        "bulletsCount2": 0,
        "bulletsCount3": 0,
        "props": {
          "army": 1,
          "count": 1,
          "formation_type": "rows",
          "formation_div": 3,
          "formation_step": [2.5,2.0],
          "formation_noise": [0.1,0.1],
          "uniqueName": "",
          "attack_type": "fire_at_will",
          "stealthRadius": 0.0,
          "setStealth": true,
          "targetableByAi": false
        },
        "way": []
      }
    },
    {
      "objectGroups": {
        "name": "bdt_t1_bomb_object_06",
        "tm": [
          [0.944114,0.0,0.329617],
          [0.0,1.0,0.0],
          [-0.329617,0.0,0.944114],
          [1754.03,99.9888,-3511.05]
        ],
        "unit_class": "dynBase_oil_storage_large_square",
        "objLayer": 2,
        "props": {
          "army": 1,
          "active": false
        }
      }
    },
    {
      "structures": {
        "name": "bdt_t1_bomb_zone_07_bomb_target",
        "tm": [
          [0.944114,0.0,0.329617],
          [0.0,1.0,0.0],
          [-0.329617,0.0,0.944114],
          [3017.01,77.8299,-1820.28]
        ],
        "unit_class": "dummy_immortal",
        "objLayer": 2,
        "closed_waypoints": false,
        "isShipSpline": false,
        "shipTurnRadius": 100.0,
        "weapons": "",
        "bullets0": "",
        "bullets1": "",
        "bullets2": "",
        "bullets3": "",
        "bulletsCount0": 0,
        "bulletsCount1": 0,
        "bulletsCount2": 0,
        "bulletsCount3": 0,
        "props": {
          "army": 1,
          "count": 1,
          "formation_type": "rows",
          "formation_div": 3,
          "formation_step": [2.5,2.0],
          "formation_noise": [0.1,0.1],
          "uniqueName": "",
          "attack_type": "fire_at_will",
          "stealthRadius": 0.0,
          "setStealth": true,
          "targetableByAi": false
        },
        "way": []
      }
    },
    {
      "objectGroups": {
        "name": "bdt_t1_bomb_object_07",
        "tm": [
          [0.944114,0.0,0.329617],
          [0.0,1.0,0.0],
          [-0.329617,0.0,0.944114],
          [3017.01,77.8299,-1820.28]
        ],
        "unit_class": "dynBase_oil_storage_large_square",
        "objLayer": 2,
        "props": {
          "army": 1,
          "active": false
        }
      }
    },
    {
      "objectGroups": {
        "name": "bdt_t1_bomb_object_08",
        "tm": [
          [0.965319,0.0,-0.261069],
          [0.0,1.0,0.0],
          [0.261069,0.0,0.965319],
          [-716.85,26.2419,9660.87]
        ],
        "unit_class": "dynBase_small_factory_square",
        "objLayer": 2,
        "props": {
          "army": 1,
          "active": true
        }
      }
    },
    {
      "structures": {
        "name": "bdt_t1_bomb_zone_08_bomb_target",
        "tm": [
          [0.965319,0.0,-0.261069],
          [0.0,1.0,0.0],
          [0.261069,0.0,0.965319],
          [-716.85,26.2419,9660.87]
        ],
        "unit_class": "dummy_immortal",
        "objLayer": 2,
        "closed_waypoints": false,
        "isShipSpline": false,
        "shipTurnRadius": 100.0,
        "weapons": "",
        "bullets0": "",
        "bullets1": "",
        "bullets2": "",
        "bullets3": "",
        "bulletsCount0": 0,
        "bulletsCount1": 0,
        "bulletsCount2": 0,
        "bulletsCount3": 0,
        "props": {
          "army": 1,
          "count": 1,
          "formation_type": "rows",
          "formation_div": 3,
          "formation_step": [2.5,2.0],
          "formation_noise": [0.1,0.1],
          "uniqueName": "",
          "attack_type": "fire_at_will",
          "stealthRadius": 0.0,
          "setStealth": true,
          "targetableByAi": false
        },
        "way": []
      }
    },
    {
      "objectGroups": {
        "name": "bdt_t1_bomb_object_09",
        "tm": [
          [0.965319,0.0,-0.261069],
          [0.0,1.0,0.0],
          [0.261069,0.0,0.965319],
          [1158.96,27.1995,7845.49]
        ],
        "unit_class": "dynBase_hq_camp_square",
        "objLayer": 2,
        "props": {
          "army": 1,
          "active": true
        }
      }
    },
    {
      "structures": {
        "name": "bdt_t1_bomb_zone_09_bomb_target",
        "tm": [
          [0.965319,0.0,-0.261069],
          [0.0,1.0,0.0],
          [0.261069,0.0,0.965319],
          [1158.96,27.1995,7845.49]
        ],
        "unit_class": "dummy_immortal",
        "objLayer": 2,
        "closed_waypoints": false,
        "isShipSpline": false,
        "shipTurnRadius": 100.0,
        "weapons": "",
        "bullets0": "",
        "bullets1": "",
        "bullets2": "",
        "bullets3": "",
        "bulletsCount0": 0,
        "bulletsCount1": 0,
        "bulletsCount2": 0,
        "bulletsCount3": 0,
        "props": {
          "army": 1,
          "count": 1,
          "formation_type": "rows",
          "formation_div": 3,
          "formation_step": [2.5,2.0],
          "formation_noise": [0.1,0.1],
          "uniqueName": "",
          "attack_type": "fire_at_will",
          "stealthRadius": 0.0,
          "setStealth": true,
          "targetableByAi": false
        },
        "way": []
      }
    },
    {
      "structures": {
        "name": "bdt_t1_bomb_zone_10_bomb_target",
        "tm": [
          [0.965319,0.0,-0.261069],
          [0.0,1.0,0.0],
          [0.261069,0.0,0.965319],
          [2636.35,127.844,6110.26]
        ],
        "unit_class": "dummy_immortal",
        "objLayer": 2,
        "closed_waypoints": false,
        "isShipSpline": false,
        "shipTurnRadius": 100.0,
        "weapons": "",
        "bullets0": "",
        "bullets1": "",
        "bullets2": "",
        "bullets3": "",
        "bulletsCount0": 0,
        "bulletsCount1": 0,
        "bulletsCount2": 0,
        "bulletsCount3": 0,
        "props": {
          "army": 1,
          "count": 1,
          "formation_type": "rows",
          "formation_div": 3,
          "formation_step": [2.5,2.0],
          "formation_noise": [0.1,0.1],
          "uniqueName": "",
          "attack_type": "fire_at_will",
          "stealthRadius": 0.0,
          "setStealth": true,
          "targetableByAi": false
        },
        "way": []
      }
    },
    {
      "objectGroups": {
        "name": "bdt_t1_bomb_object_10",
        "tm": [
          [0.965319,0.0,-0.261069],
          [0.0,1.0,0.0],
          [0.261069,0.0,0.965319],
          [2636.35,127.844,6110.26]
        ],
        "unit_class": "dynBase_petrol_camp_square",
        "objLayer": 2,
        "props": {
          "army": 1,
          "active": true
        }
      }
    },
    {
      "objectGroups": {
        "name": "bdt_t2_bomb_object_05",
        "tm": [
          [0.999907,0.0,0.0136143],
          [0.0,1.0,0.0],
          [-0.0136143,0.0,0.999907],
          [-9660.17,30.1046,9956.77]
        ],
        "unit_class": "dynBase_petrol_camp_square",
        "objLayer": 2,
        "props": {
          "army": 2,
          "active": true
        }
      }
    },
    {
      "structures": {
        "name": "bdt_t2_bomb_zone_05_bomb_target",
        "tm": [
          [0.999907,0.0,0.0136143],
          [0.0,1.0,0.0],
          [-0.0136143,0.0,0.999907],
          [-9660.17,30.1046,9956.77]
        ],
        "unit_class": "dummy_immortal",
        "objLayer": 2,
        "closed_waypoints": false,
        "isShipSpline": false,
        "shipTurnRadius": 100.0,
        "weapons": "",
        "bullets0": "",
        "bullets1": "",
        "bullets2": "",
        "bullets3": "",
        "bulletsCount0": 0,
        "bulletsCount1": 0,
        "bulletsCount2": 0,
        "bulletsCount3": 0,
        "props": {
          "army": 2,
          "count": 1,
          "formation_type": "rows",
          "formation_div": 3,
          "formation_step": [2.5,2.0],
          "formation_noise": [0.1,0.1],
          "uniqueName": "",
          "attack_type": "fire_at_will",
          "isDelayed": false,
          "stealthRadius": 0.0,
          "setStealth": true,
          "targetableByAi": false
        },
        "way": []
      }
    },
    {
      "objectGroups": {
        "name": "bdt_t2_bomb_object_06",
        "tm": [
          [0.876577,0.0,0.481261],
          [0.0,1.0,0.0],
          [-0.481261,0.0,0.876577],
          [-11401.1,51.3372,8650.09]
        ],
        "unit_class": "dynBase_military_base_square",
        "objLayer": 2,
        "props": {
          "army": 2,
          "active": true
        }
      }
    },
    {
      "structures": {
        "name": "bdt_t2_bomb_zone_06_bomb_target",
        "tm": [
          [0.876577,0.0,0.481261],
          [0.0,1.0,0.0],
          [-0.481261,0.0,0.876577],
          [-11401.1,51.3401,8650.09]
        ],
        "unit_class": "dummy_immortal",
        "objLayer": 2,
        "closed_waypoints": false,
        "isShipSpline": false,
        "shipTurnRadius": 100.0,
        "weapons": "",
        "bullets0": "",
        "bullets1": "",
        "bullets2": "",
        "bullets3": "",
        "bulletsCount0": 0,
        "bulletsCount1": 0,
        "bulletsCount2": 0,
        "bulletsCount3": 0,
        "props": {
          "army": 2,
          "count": 1,
          "formation_type": "rows",
          "formation_div": 3,
          "formation_step": [2.5,2.0],
          "formation_noise": [0.1,0.1],
          "uniqueName": "",
          "attack_type": "fire_at_will",
          "isDelayed": false,
          "stealthRadius": 0.0,
          "setStealth": true,
          "targetableByAi": false
        },
        "way": []
      }
    },
    {
      "objectGroups": {
        "name": "bdt_t2_bomb_object_07",
        "tm": [
          [0.999907,0.0,0.0136143],
          [0.0,1.0,0.0],
          [-0.0136143,0.0,0.999907],
          [-13162.9,204.577,6804.22]
        ],
        "unit_class": "dynBase_fuel_storage_square",
        "objLayer": 2,
        "props": {
          "army": 2,
          "active": true
        }
      }
    },
    {
      "structures": {
        "name": "bdt_t2_bomb_zone_07_bomb_target",
        "tm": [
          [0.999907,0.0,0.0136143],
          [0.0,1.0,0.0],
          [-0.0136143,0.0,0.999907],
          [-13162.9,204.58,6804.22]
        ],
        "unit_class": "dummy_immortal",
        "objLayer": 2,
        "closed_waypoints": false,
        "isShipSpline": false,
        "shipTurnRadius": 100.0,
        "weapons": "",
        "bullets0": "",
        "bullets1": "",
        "bullets2": "",
        "bullets3": "",
        "bulletsCount0": 0,
        "bulletsCount1": 0,
        "bulletsCount2": 0,
        "bulletsCount3": 0,
        "props": {
          "army": 2,
          "count": 1,
          "formation_type": "rows",
          "formation_div": 3,
          "formation_step": [2.5,2.0],
          "formation_noise": [0.1,0.1],
          "uniqueName": "",
          "attack_type": "fire_at_will",
          "isDelayed": false,
          "stealthRadius": 0.0,
          "setStealth": true,
          "targetableByAi": false
        },
        "way": []
      }
    },
    {
      "objectGroups": {
        "name": "bdt_t2_bomb_object_08",
        "tm": [
          [0.880642,0.0,0.473782],
          [0.0,1.0,0.0],
          [-0.473782,0.0,0.880642],
          [-12903.1,154.204,-3343.71]
        ],
        "unit_class": "dynBase_ammunition_storage_square",
        "objLayer": 2,
        "props": {
          "army": 2,
          "active": true
        }
      }
    },
    {
      "structures": {
        "name": "bdt_t2_bomb_zone_08_bomb_target",
        "tm": [
          [0.880642,0.0,0.473782],
          [0.0,1.0,0.0],
          [-0.473782,0.0,0.880642],
          [-12903.1,154.204,-3343.71]
        ],
        "unit_class": "dummy_immortal",
        "objLayer": 2,
        "closed_waypoints": false,
        "isShipSpline": false,
        "shipTurnRadius": 100.0,
        "weapons": "",
        "bullets0": "",
        "bullets1": "",
        "bullets2": "",
        "bullets3": "",
        "bulletsCount0": 0,
        "bulletsCount1": 0,
        "bulletsCount2": 0,
        "bulletsCount3": 0,
        "props": {
          "army": 2,
          "count": 1,
          "formation_type": "rows",
          "formation_div": 3,
          "formation_step": [2.5,2.0],
          "formation_noise": [0.1,0.1],
          "uniqueName": "",
          "attack_type": "fire_at_will",
          "isDelayed": false,
          "stealthRadius": 0.0,
          "setStealth": true,
          "targetableByAi": false
        },
        "way": []
      }
    },
    {
      "objectGroups": {
        "name": "bdt_t2_bomb_object_09",
        "tm": [
          [0.880642,0.0,0.473782],
          [0.0,1.0,0.0],
          [-0.473782,0.0,0.880642],
          [-13851.4,189.797,-1768.33]
        ],
        "unit_class": "dynBase_field_camp_square",
        "objLayer": 2,
        "props": {
          "army": 2,
          "active": true
        }
      }
    },
    {
      "structures": {
        "name": "bdt_t2_bomb_zone_09_bomb_target",
        "tm": [
          [0.880642,0.0,0.473782],
          [0.0,1.0,0.0],
          [-0.473782,0.0,0.880642],
          [-13851.4,189.798,-1768.33]
        ],
        "unit_class": "dummy_immortal",
        "objLayer": 2,
        "closed_waypoints": false,
        "isShipSpline": false,
        "shipTurnRadius": 100.0,
        "weapons": "",
        "bullets0": "",
        "bullets1": "",
        "bullets2": "",
        "bullets3": "",
        "bulletsCount0": 0,
        "bulletsCount1": 0,
        "bulletsCount2": 0,
        "bulletsCount3": 0,
        "props": {
          "army": 2,
          "count": 1,
          "formation_type": "rows",
          "formation_div": 3,
          "formation_step": [2.5,2.0],
          "formation_noise": [0.1,0.1],
          "uniqueName": "",
          "attack_type": "fire_at_will",
          "isDelayed": false,
          "stealthRadius": 0.0,
          "setStealth": true,
          "targetableByAi": false
        },
        "way": []
      }
    },
    {
      "objectGroups": {
        "name": "bdt_t2_bomb_object_10",
        "tm": [
          [0.880642,0.0,0.473782],
          [0.0,1.0,0.0],
          [-0.473782,0.0,0.880642],
          [-14610.0,111.798,172.328]
        ],
        "unit_class": "dynBase_oil_storage_small_square",
        "objLayer": 2,
        "props": {
          "army": 2,
          "active": true
        }
      }
    },
    {
      "structures": {
        "name": "bdt_t2_bomb_zone_10_bomb_target",
        "tm": [
          [0.880642,0.0,0.473782],
          [0.0,1.0,0.0],
          [-0.473782,0.0,0.880642],
          [-14610.0,111.798,172.328]
        ],
        "unit_class": "dummy_immortal",
        "objLayer": 2,
        "closed_waypoints": false,
        "isShipSpline": false,
        "shipTurnRadius": 100.0,
        "weapons": "",
        "bullets0": "",
        "bullets1": "",
        "bullets2": "",
        "bullets3": "",
        "bulletsCount0": 0,
        "bulletsCount1": 0,
        "bulletsCount2": 0,
        "bulletsCount3": 0,
        "props": {
          "army": 2,
          "count": 1,
          "formation_type": "rows",
          "formation_div": 3,
          "formation_step": [2.5,2.0],
          "formation_noise": [0.1,0.1],
          "uniqueName": "",
          "attack_type": "fire_at_will",
          "isDelayed": false,
          "stealthRadius": 0.0,
          "setStealth": true,
          "targetableByAi": false
        },
        "way": []
      }
    }
  ],
  "areas": {
    "bdt_t2_bomb_zone_01": {
      "type": "Sphere",
      "tm": [
        [372.099,0.0,-253.067],
        [0.0,450.0,0.0],
        [253.067,0.0,372.099],
        [-11974.3,92.2368,6420.37]
      ],
      "objLayer": 0,
      "props": []
    },
    "bdt_t2_bomb_zone_02": {
      "type": "Sphere",
      "tm": [
        [372.099,0.0,-253.067],
        [0.0,450.0,0.0],
        [253.067,0.0,372.099],
        [-13309.0,101.299,456.853]
      ],
      "objLayer": 0,
      "props": []
    },
    "bdt_t2_bomb_zone_03": {
      "type": "Sphere",
      "tm": [
        [396.29,0.0,213.201],
        [0.0,450.0,0.0],
        [-213.201,0.0,396.29],
        [-12498.3,190.216,-2051.62]
      ],
      "objLayer": 0,
      "props": []
    },
    "bdt_t1_bomb_zone_01": {
      "type": "Sphere",
      "tm": [
        [434.394,0.0,-117.481],
        [0.0,450.0,0.0],
        [117.481,0.0,434.394],
        [-1217.26,25.0725,8530.32]
      ],
      "objLayer": 0,
      "props": []
    },
    "bdt_t1_bomb_zone_02": {
      "type": "Sphere",
      "tm": [
        [434.938,0.0,115.456],
        [0.0,450.0,0.0],
        [-115.456,0.0,434.938],
        [1624.12,45.6258,5631.39]
      ],
      "objLayer": 0,
      "props": []
    },
    "bdt_t1_bomb_zone_03": {
      "type": "Sphere",
      "tm": [
        [429.487,0.0,134.318],
        [0.0,450.0,0.0],
        [-134.318,0.0,429.487],
        [1040.95,64.2942,-2322.93]
      ],
      "objLayer": 0,
      "props": []
    },
    "bdt_t2_bomb_zone_04": {
      "type": "Sphere",
      "tm": [
        [449.958,0.0,6.12623],
        [0.0,450.0,0.0],
        [-6.12623,0.0,449.958],
        [-9701.6,96.1943,8788.53]
      ],
      "objLayer": 0,
      "props": []
    },
    "bdt_t1_bomb_zone_04": {
      "type": "Sphere",
      "tm": [
        [429.487,0.0,134.318],
        [0.0,450.0,0.0],
        [-134.318,0.0,429.487],
        [-596.124,271.602,-4357.27]
      ],
      "objLayer": 0,
      "props": []
    },
    "bdt_t2_bomb_zone_01_aaa_point_01": {
      "type": "Point",
      "tm": [
        [0.99999,0.0,-0.0045311],
        [0.0,1.0,0.0],
        [0.0045311,0.0,0.99999],
        [-11948.4,76.5528,6196.37]
      ],
      "objLayer": 0,
      "props": []
    },
    "bdt_t2_bomb_zone_01_aaa_point_02": {
      "type": "Point",
      "tm": [
        [0.99999,0.0,-0.0045311],
        [0.0,1.0,0.0],
        [0.0045311,0.0,0.99999],
        [-12110.0,87.6928,6679.21]
      ],
      "objLayer": 0,
      "props": []
    },
    "bdt_t2_bomb_zone_01_aaa_point_03": {
      "type": "Point",
      "tm": [
        [0.99999,0.0,-0.0045311],
        [0.0,1.0,0.0],
        [0.0045311,0.0,0.99999],
        [-11991.2,80.1358,6686.77]
      ],
      "objLayer": 0,
      "props": []
    },
    "bdt_t2_bomb_zone_01_aaa_point_04": {
      "type": "Point",
      "tm": [
        [0.99999,0.0,-0.0045311],
        [0.0,1.0,0.0],
        [0.0045311,0.0,0.99999],
        [-11606.3,80.9508,6708.43]
      ],
      "objLayer": 0,
      "props": []
    },
    "bdt_t2_bomb_zone_02_aaa_point_01": {
      "type": "Point",
      "tm": [
        [0.99999,0.0,-0.0045311],
        [0.0,1.0,0.0],
        [0.0045311,0.0,0.99999],
        [-13508.3,105.922,308.396]
      ],
      "objLayer": 0,
      "props": []
    },
    "bdt_t2_bomb_zone_02_aaa_point_02": {
      "type": "Point",
      "tm": [
        [0.99999,0.0,-0.0045311],
        [0.0,1.0,0.0],
        [0.0045311,0.0,0.99999],
        [-13242.3,96.3063,777.263]
      ],
      "objLayer": 0,
      "props": []
    },
    "bdt_t2_bomb_zone_02_aaa_point_03": {
      "type": "Point",
      "tm": [
        [0.99999,0.0,-0.0045311],
        [0.0,1.0,0.0],
        [0.0045311,0.0,0.99999],
        [-13565.6,97.8893,567.568]
      ],
      "objLayer": 0,
      "props": []
    },
    "bdt_t2_bomb_zone_02_aaa_point_04": {
      "type": "Point",
      "tm": [
        [0.99999,0.0,-0.0045311],
        [0.0,1.0,0.0],
        [0.0045311,0.0,0.99999],
        [-13083.2,93.7823,416.717]
      ],
      "objLayer": 0,
      "props": []
    },
    "bdt_t2_bomb_zone_03_aaa_point_01": {
      "type": "Point",
      "tm": [
        [0.99999,0.0,-0.0045311],
        [0.0,1.0,0.0],
        [0.0045311,0.0,0.99999],
        [-12165.8,160.235,-2359.02]
      ],
      "objLayer": 0,
      "props": []
    },
    "bdt_t2_bomb_zone_03_aaa_point_02": {
      "type": "Point",
      "tm": [
        [0.99999,0.0,-0.0045311],
        [0.0,1.0,0.0],
        [0.0045311,0.0,0.99999],
        [-12386.8,173.107,-1781.18]
      ],
      "objLayer": 0,
      "props": []
    },
    "bdt_t2_bomb_zone_03_aaa_point_03": {
      "type": "Point",
      "tm": [
        [0.99999,0.0,-0.0045311],
        [0.0,1.0,0.0],
        [0.0045311,0.0,0.99999],
        [-12693.7,179.825,-1797.73]
      ],
      "objLayer": 0,
      "props": []
    },
    "bdt_t2_bomb_zone_03_aaa_point_04": {
      "type": "Point",
