{
  "selected_tag": "",
  "bin_dump_file": "",
  "mission_settings": {
    "player": {
      "army": 1
    },
    "player_teamB": {
      "army": 2
    },
    "mission": {
      "level": "levels/avg_guadalcanal.bin",
      "type": "domination",
      "environment": "Day",
      "weather": "hazy"
    },
    "atmosphere": {
      "pressure": 760.0,
      "temperature": 30.0
    }
  },
  "imports": {
    "import_record": {
      "file": "gameData/missions/cta/tanks/rheinland/mainareas/template_rheinland_defence_spawn.blk",
      "importAreas": true,
      "importUnits": true,
      "importTriggers": true,
      "importMissionObjectives": true,
      "importWayPoints": true,
      "showAreas": true,
      "showUnits": true,
      "showTriggers": true,
      "showMissionObjectives": true,
      "showWayPoints": true,
      "excludes": {}
    }
  },
  "triggers": {
    "isCategory": true,
    "is_enabled": true
  },
  "mission_objectives": {
    "isCategory": true,
    "is_enabled": true
  },
  "variables": {},
  "dialogs": {},
  "airfields": {},
  "effects": {},
  "units": {},
  "areas": {
    "dbttl_t1_capture_area": {
      "type": "Cylinder",
      "tm": [
        [
          31.1664,
          0.0,
          26.9652
        ],
        [
          0.0,
          75.0,
          0.0
        ],
        [
          -26.9652,
          0.0,
          31.1664
        ],
        [
          3483.9,
          9.82617,
          1911.4
        ]
      ],
      "objLayer": 0,
      "props": {}
    },
    "dbttl_t2_capture_area": {
      "type": "Cylinder",
      "tm": [
        [
          32.696,
          0.0,
          -25.0885
        ],
        [
          0.0,
          75.0,
          0.0
        ],
        [
          25.0885,
          0.0,
          32.696
        ],
        [
          3518.42,
          9.8262,
          2239.7
        ]
      ],
      "objLayer": 0,
      "props": {}
    },
    "area_03a": {
      "type": "Sphere",
      "tm": [
        [
          214.475,
          0.0,
          337.64
        ],
        [
          0.0,
          400.0,
          0.0
        ],
        [
          -337.64,
          0.0,
          214.475
        ],
        [
          3503.61,
          50.1941,
          2164.7
        ]
      ],
      "objLayer": 0,
      "props": {}
    },
    "area_04": {
      "type": "Sphere",
      "tm": [
        [
          268.094,
          0.0,
          422.049
        ],
        [
          0.0,
          500.0,
          0.0
        ],
        [
          -422.049,
          0.0,
          268.094
        ],
        [
          3465.9,
          59.6558,
          2345.94
        ]
      ],
      "objLayer": 0,
      "props": {}
    },
    "area_05": {
      "type": "Sphere",
      "tm": [
        [
          268.094,
          0.0,
          422.049
        ],
        [
          0.0,
          500.0,
          0.0
        ],
        [
          -422.049,
          0.0,
          268.094
        ],
        [
          3457.38,
          9.82617,
          1890.52
        ]
      ],
      "objLayer": 0,
      "props": {}
    },
    "t1_gun_pit_01": {
      "type": "Cylinder",
      "tm": [
        [
          0.632371,
          0.0,
          0.774665
        ],
        [
          0.0,
          1.0,
          0.0
        ],
        [
          -0.774665,
          0.0,
          0.632371
        ],
        [
          3165.8,
          9.8231,
          1953.45
        ]
      ],
      "objLayer": 0,
      "props": {}
    },
    "t1_gun_pit_02": {
      "type": "Cylinder",
      "tm": [
        [
          -0.480979,
          0.0,
          0.876731
        ],
        [
          0.0,
          1.0,
          0.0
        ],
        [
          -0.876731,
          0.0,
          -0.480979
        ],
        [
          3252.09,
          9.82507,
          1954.32
        ]
      ],
      "objLayer": 0,
      "props": {}
    },
    "t1_gun_pit_03": {
      "type": "Cylinder",
      "tm": [
        [
          0.452462,
          0.0,
          0.891784
        ],
        [
          0.0,
          1.0,
          0.0
        ],
        [
          -0.891784,
          0.0,
          0.452462
        ],
        [
          3240.15,
          9.85,
          1879.14
        ]
      ],
      "objLayer": 0,
      "props": {}
    },
    "t1_gun_pit_04": {
      "type": "Cylinder",
      "tm": [
        [
          0.985875,
          0.00554646,
          0.167387
        ],
        [
          -0.00553468,
          0.999985,
          -0.000536838
        ],
        [
          -0.167389,
          -0.000397191,
          0.98589
        ],
        [
          3303.76,
          9.82593,
          1923.32
        ]
      ],
      "objLayer": 0,
      "props": {}
    },
    "t1_gun_pit_05": {
      "type": "Cylinder",
      "tm": [
        [
          0.879341,
          0.0,
          0.476189
        ],
        [
          0.0,
          1.0,
          0.0
        ],
        [
          -0.476189,
          0.0,
          0.879341
        ],
        [
          3425.81,
          9.82619,
          1942.95
        ]
      ],
      "objLayer": 0,
      "props": {}
    },
    "t1_gun_pit_06": {
      "type": "Cylinder",
      "tm": [
        [
          0.403778,
          0.0,
          0.914857
        ],
        [
          0.0,
          1.0,
          0.0
        ],
        [
          -0.914857,
          0.0,
          0.403778
        ],
        [
          3472.71,
          9.82621,
          1980.59
        ]
      ],
      "objLayer": 0,
      "props": {}
    },
    "t1_gun_pit_07": {
      "type": "Cylinder",
      "tm": [
        [
          0.0155658,
          0.0,
          0.999879
        ],
        [
          0.0,
          1.0,
          0.0
        ],
        [
          -0.999879,
          0.0,
          0.0155658
        ],
        [
          3504.27,
          9.99648,
          1959.88
        ]
      ],
      "objLayer": 0,
      "props": {}
    },
    "t1_gun_pit_08": {
      "type": "Cylinder",
      "tm": [
        [
          -0.575911,
          0.0,
          0.817512
        ],
        [
          0.0,
          1.0,
          0.0
        ],
        [
          -0.817512,
          0.0,
          -0.575911
        ],
        [
          3541.5,
          9.85,
          1977.59
        ]
      ],
      "objLayer": 0,
      "props": {}
    },
    "t1_gun_pit_09": {
      "type": "Cylinder",
      "tm": [
        [
          0.7554,
          0.0,
          0.655264
        ],
        [
          0.0,
          1.0,
          0.0
        ],
        [
          -0.655264,
          0.0,
          0.7554
        ],
        [
          3558.6,
          9.82628,
          1973.08
        ]
      ],
      "objLayer": 0,
      "props": {}
    },
    "t1_gun_pit_10": {
      "type": "Cylinder",
      "tm": [
        [
          0.159728,
          0.0,
          0.98716
        ],
        [
          0.0,
          1.0,
          0.0
        ],
        [
          -0.98716,
          0.0,
          0.159728
        ],
        [
          3591.89,
          9.82628,
          1953.26
        ]
      ],
      "objLayer": 0,
      "props": {}
    },
    "t1_gun_pit_11": {
      "type": "Cylinder",
      "tm": [
        [
          0.790679,
          0.0,
          0.612229
        ],
        [
          0.0,
          1.0,
          0.0
        ],
        [
          -0.612229,
          0.0,
          0.790679
        ],
        [
          3619.39,
          9.82625,
          1958.67
        ]
      ],
      "objLayer": 0,
      "props": {}
    },
    "t1_gun_pit_12": {
      "type": "Cylinder",
      "tm": [
        [
          -0.0179967,
          0.0,
          0.999837
        ],
        [
          0.0,
          1.0,
          0.0
        ],
        [
          -0.999837,
          0.0,
          -0.0179967
        ],
        [
          3626.94,
          9.82623,
          1919.52
        ]
      ],
      "objLayer": 0,
      "props": {}
    },
    "t1_gun_pit_13": {
      "type": "Cylinder",
      "tm": [
        [
          0.753617,
          0.0,
          0.657311
        ],
        [
          0.0,
          1.0,
          0.0
        ],
        [
          -0.657311,
          0.0,
          0.753617
        ],
        [
          3646.95,
          9.82562,
          1910.89
        ]
      ],
      "objLayer": 0,
      "props": {}
    },
    "t1_gun_pit_14": {
      "type": "Cylinder",
      "tm": [
        [
          -0.0106537,
          0.0,
          0.999941
        ],
        [
          0.0,
          1.0,
          0.0
        ],
        [
          -0.999941,
          0.0,
          -0.0106537
        ],
        [
          3698.25,
          9.82562,
          1862.39
        ]
      ],
      "objLayer": 0,
      "props": {}
    },
    "t1_gun_pit_15": {
      "type": "Cylinder",
      "tm": [
        [
          -0.828629,
          0.0,
          0.559798
        ],
        [
          0.0,
          1.0,
          0.0
        ],
        [
          -0.559798,
          0.0,
          -0.828629
        ],
        [
          3803.9,
          9.85,
          1819.69
        ]
      ],
      "objLayer": 0,
      "props": {}
    },
    "t1_gun_pit_16": {
      "type": "Cylinder",
      "tm": [
        [
          0.170851,
          0.0,
          0.985296
        ],
        [
          0.0,
          1.0,
          0.0
        ],
        [
          -0.985296,
          0.0,
          0.170851
        ],
        [
          3828.9,
          9.85,
          1807.89
        ]
      ],
      "objLayer": 0,
      "props": {}
    },
    "t1_gun_pit_17": {
      "type": "Cylinder",
      "tm": [
        [
          0.497095,
          0.0,
          0.867695
        ],
        [
          0.0,
          1.0,
          0.0
        ],
        [
          -0.867695,
          0.0,
          0.497095
        ],
        [
          3822.85,
          9.85,
          1811.14
        ]
      ],
      "objLayer": 0,
      "props": {}
    },
    "t1_gun_pit_18": {
      "type": "Cylinder",
      "tm": [
        [
          0.88421,
          0.0,
          0.467084
        ],
        [
          0.0,
          1.0,
          0.0
        ],
        [
          -0.467084,
          0.0,
          0.88421
        ],
        [
          3683.35,
          9.85,
          1877.29
        ]
      ],
      "objLayer": 0,
      "props": {}
    },
    "t1_gun_pit_19": {
      "type": "Cylinder",
      "tm": [
        [
          0.567227,
          0.0,
          0.823561
        ],
        [
          0.0,
          1.0,
          0.0
        ],
        [
          -0.823561,
          0.0,
          0.567227
        ],
        [
          3553.8,
          9.85,
          1943.94
        ]
      ],
      "objLayer": 0,
      "props": {}
    },
    "t1_gun_pit_20": {
      "type": "Cylinder",
      "tm": [
        [
          0.972623,
          0.0,
          0.23239
        ],
        [
          0.0,
          1.0,
          0.0
        ],
        [
          -0.23239,
          0.0,
          0.972623
        ],
        [
          3203.9,
          9.85,
          1910.99
        ]
      ],
      "objLayer": 0,
      "props": {}
    },
    "t2_gun_pit_01": {
      "type": "Cylinder",
      "tm": [
        [
          -0.0906057,
          0.0,
          -0.995887
        ],
        [
          0.0,
          1.0,
          0.0
        ],
        [
          0.995887,
          0.0,
          -0.0906057
        ],
        [
          3925.85,
          9.85,
          2222.64
        ]
      ],
      "objLayer": 0,
      "props": {}
    },
    "t2_gun_pit_02": {
      "type": "Cylinder",
      "tm": [
        [
          0.250901,
          0.0,
          -0.96801
        ],
        [
          0.0,
          1.0,
          0.0
        ],
        [
          0.96801,
          0.0,
          0.250901
        ],
        [
          3669.72,
          9.85001,
          2243.2
        ]
      ],
      "objLayer": 0,
      "props": {}
    },
    "t2_gun_pit_03": {
      "type": "Cylinder",
      "tm": [
        [
          -0.0134251,
          0.0,
          -0.999909
        ],
        [
          0.0,
          1.0,
          0.0
        ],
        [
          0.999909,
          0.0,
          -0.0134251
        ],
        [
          3692.16,
          9.82615,
          2213.84
        ]
      ],
      "objLayer": 0,
      "props": {}
    },
    "t2_gun_pit_04": {
      "type": "Cylinder",
      "tm": [
        [
          0.586571,
          0.0,
          -0.809897
        ],
        [
          0.0,
          1.0,
          0.0
        ],
        [
          0.809897,
          0.0,
          0.586571
        ],
        [
          3634.95,
          9.85,
          2208.09
        ]
      ],
      "objLayer": 0,
      "props": {}
    },
    "t2_gun_pit_05": {
      "type": "Cylinder",
      "tm": [
        [
          -0.329914,
          0.0,
          -0.94401
        ],
        [
          0.0,
          1.0,
          0.0
        ],
        [
          0.94401,
          0.0,
          -0.329914
        ],
        [
          3614.45,
          9.85,
          2209.19
        ]
      ],
      "objLayer": 0,
      "props": {}
    },
    "t2_gun_pit_06": {
      "type": "Cylinder",
      "tm": [
        [
          0.648037,
          0.0,
          -0.76161
        ],
        [
          0.0,
          1.0,
          0.0
        ],
        [
          0.76161,
          0.0,
          0.648037
        ],
        [
          3598.9,
          9.85,
          2177.64
        ]
      ],
      "objLayer": 0,
      "props": {}
    },
    "t2_gun_pit_07": {
      "type": "Cylinder",
      "tm": [
        [
          -0.694854,
          0.0,
          -0.719149
        ],
        [
          0.0,
          1.0,
          0.0
        ],
        [
          0.719149,
          0.0,
          -0.694854
        ],
        [
          3580.9,
          9.85,
          2119.29
        ]
      ],
      "objLayer": 0,
      "props": {}
    },
    "t2_gun_pit_08": {
      "type": "Cylinder",
      "tm": [
        [
          -0.029174,
          0.0,
          -0.999572
        ],
        [
          0.0,
          1.0,
          0.0
        ],
        [
          0.999572,
          0.0,
          -0.029174
        ],
        [
          3521.06,
          9.82618,
          2187.34
        ]
      ],
      "objLayer": 0,
      "props": {}
    },
    "t2_gun_pit_09": {
      "type": "Cylinder",
      "tm": [
        [
          -0.484094,
          0.0,
          -0.875016
        ],
        [
          0.0,
          1.0,
          0.0
        ],
        [
          0.875016,
          0.0,
          -0.484094
        ],
        [
          3495.65,
          9.85,
          2187.74
        ]
      ],
      "objLayer": 0,
      "props": {}
    },
    "t2_gun_pit_10": {
      "type": "Cylinder",
      "tm": [
        [
          0.569489,
          0.0,
          -0.821999
        ],
        [
          0.0,
          1.0,
          0.0
        ],
        [
          0.821999,
          0.0,
          0.569489
        ],
        [
          3451.6,
          9.85,
          2179.44
        ]
      ],
      "objLayer": 0,
      "props": {}
    },
    "t2_gun_pit_11": {
      "type": "Cylinder",
      "tm": [
        [
          0.606706,
          0.0,
          -0.794923
        ],
        [
          0.0,
          1.0,
          0.0
        ],
        [
          0.794923,
          0.0,
          0.606706
        ],
        [
          3211.65,
          9.8,
          2147.69
        ]
      ],
      "objLayer": 0,
      "props": {}
    },
    "t2_gun_pit_12": {
      "type": "Cylinder",
      "tm": [
        [
          0.444452,
          0.0,
          -0.895801
        ],
        [
          0.0,
          1.0,
          0.0
        ],
        [
          0.895801,
          0.0,
          0.444452
        ],
        [
          3255.65,
          9.8,
          2191.99
        ]
      ],
      "objLayer": 0,
      "props": {}
    },
    "t2_gun_pit_13": {
      "type": "Cylinder",
      "tm": [
        [
          -0.385594,
          0.0,
          -0.922668
        ],
        [
          0.0,
          1.0,
          0.0
        ],
        [
          0.922668,
          0.0,
          -0.385594
        ],
        [
          3380.95,
          9.85,
          2177.24
        ]
      ],
      "objLayer": 0,
      "props": {}
    },
    "t2_gun_pit_14": {
      "type": "Cylinder",
      "tm": [
        [
          0.0789998,
          0.0,
          -0.996874
        ],
        [
          0.0,
          1.0,
          0.0
        ],
        [
          0.996874,
          0.0,
          0.0789998
        ],
        [
          3350.85,
          9.85,
          2194.69
        ]
      ],
      "objLayer": 0,
      "props": {}
    },
    "t2_gun_pit_15": {
      "type": "Cylinder",
      "tm": [
        [
          -0.065022,
          0.0,
          -0.997883
        ],
        [
          0.0,
          1.0,
          0.0
        ],
        [
          0.997883,
          0.0,
          -0.065022
        ],
        [
          3314.4,
          9.85,
          2215.14
        ]
      ],
      "objLayer": 0,
      "props": {}
    },
    "t2_gun_pit_16": {
      "type": "Cylinder",
      "tm": [
        [
          0.461248,
          0.0,
          -0.887271
        ],
        [
          0.0,
          1.0,
          0.0
        ],
        [
          0.887271,
          0.0,
          0.461248
        ],
        [
          3275.15,
          9.8,
          2241.54
        ]
      ],
      "objLayer": 0,
      "props": {}
    },
    "t2_gun_pit_17": {
      "type": "Cylinder",
      "tm": [
        [
          -0.460998,
          0.0,
          -0.887401
        ],
        [
          0.0,
          1.0,
          0.0
        ],
        [
          0.887401,
          0.0,
          -0.460998
        ],
        [
          3247.35,
          9.8,
          2246.94
        ]
      ],
      "objLayer": 0,
      "props": {}
    },
    "t2_gun_pit_18": {
      "type": "Cylinder",
      "tm": [
        [
          -0.110206,
          0.0,
          -0.993909
        ],
        [
          0.0,
          1.0,
          0.0
        ],
        [
          0.993909,
          0.0,
          -0.110206
        ],
        [
          3910.9,
          9.85,
          2236.79
        ]
      ],
      "objLayer": 0,
      "props": {}
    },
    "t2_gun_pit_19": {
      "type": "Cylinder",
      "tm": [
        [
          -0.320361,
          0.0,
          -0.947297
        ],
        [
          0.0,
          1.0,
          0.0
        ],
        [
          0.947297,
          0.0,
          -0.320361
        ],
        [
          3619.45,
          9.85,
          2175.64
        ]
      ],
      "objLayer": 0,
      "props": {}
    },
    "t2_gun_pit_20": {
      "type": "Cylinder",
      "tm": [
        [
          -0.0036934,
          0.0,
          -0.999993
        ],
        [
          0.0,
          1.0,
          0.0
        ],
        [
          0.999993,
          0.0,
          -0.0036934
        ],
        [
          3473.95,
          9.85,
          2208.19
        ]
      ],
      "objLayer": 0,
      "props": {}
    },
    "terraform_exclude_zone": {
      "type": "Box",
      "tm": [
        [
          1054.0,
          0.0,
          0.0
        ],
        [
          0.0,
          48.521,
          0.0
        ],
        [
          0.0,
          0.0,
          1054.0
        ],
        [
          3567.0,
          4.42923,
          2118.04
        ]
      ],
      "objLayer": 0,
      "props": {}
    }
  },
  "objLayers": {
    "layer": [
      {
        "enabled": true
      },
      {
        "enabled": true
      },
      {
        "enabled": true
      },
      {
        "enabled": true
      },
      {
        "enabled": true
      }
    ]
  },
  "wayPoints": {}
}