{
  "selected_tag": "",
  "bin_dump_file": "",
  "mission_settings": {
    "player": {
      "army": 1
    },
    "player_teamB": {
      "army": 2
    },
    "mission": {
      "type": "singleMission",
      "level": "levels/water.bin",
      "environment": "Day",
      "weather": "hazy"
    }
  },
  "imports": {
    "import_record": [
      {
        "file": "gameData/missions/templates/enduring_confrontation/bdt_bases_destroy_template.blk",
        "importAreas": true,
        "importUnits": true,
        "importTriggers": true,
        "importMissionObjectives": true,
        "importWayPoints": true,
        "showAreas": true,
        "showUnits": true,
        "showTriggers": true,
        "showMissionObjectives": true,
        "showWayPoints": true,
        "excludes": {}
      },
      {
        "file": "gameData/missions/templates/units_sets/land_sets_aaa_bases/bdt_t1_usa_rank_01.blk",
        "rankRange": [
          0,
          4
        ],
        "importAreas": true,
        "importUnits": true,
        "importTriggers": true,
        "importMissionObjectives": true,
        "importWayPoints": true,
        "showAreas": true,
        "showUnits": true,
        "showTriggers": true,
        "showMissionObjectives": true,
        "showWayPoints": true,
        "excludes": {}
      },
      {
        "file": "gameData/missions/templates/units_sets/land_sets_aaa_bases/bdt_t1_usa_rank_02.blk",
        "rankRange": [
          5,
          8
        ],
        "importAreas": true,
        "importUnits": true,
        "importTriggers": true,
        "importMissionObjectives": true,
        "importWayPoints": true,
        "showAreas": true,
        "showUnits": true,
        "showTriggers": true,
        "showMissionObjectives": true,
        "showWayPoints": true,
        "excludes": {}
      },
      {
        "file": "gameData/missions/templates/units_sets/land_sets_aaa_bases/bdt_t1_usa_rank_03.blk",
        "rankRange": [
          9,
          13
        ],
        "importAreas": true,
        "importUnits": true,
        "importTriggers": true,
        "importMissionObjectives": true,
        "importWayPoints": true,
        "showAreas": true,
        "showUnits": true,
        "showTriggers": true,
        "showMissionObjectives": true,
        "showWayPoints": true,
        "excludes": {}
      },
      {
        "file": "gameData/missions/templates/units_sets/land_sets_aaa_bases/bdt_t1_usa_rank_04.blk",
        "rankRange": [
          14,
          19
        ],
        "importAreas": true,
        "importUnits": true,
        "importTriggers": true,
        "importMissionObjectives": true,
        "importWayPoints": true,
        "showAreas": true,
        "showUnits": true,
        "showTriggers": true,
        "showMissionObjectives": true,
        "showWayPoints": true,
        "excludes": {}
      },
      {
        "file": "gameData/missions/templates/units_sets/land_sets_aaa_bases/bdt_t1_usa_rank_05.blk",
        "rankRange": [
          20,
          24
        ],
        "importAreas": true,
        "importUnits": true,
        "importTriggers": true,
        "importMissionObjectives": true,
        "importWayPoints": true,
        "showAreas": true,
        "showUnits": true,
        "showTriggers": true,
        "showMissionObjectives": true,
        "showWayPoints": true,
        "excludes": {}
      },
      {
        "file": "gameData/missions/templates/units_sets/land_sets_aaa_bases/bdt_t1_usa_rank_06.blk",
        "rankRange": [
          25,
          50
        ],
        "importAreas": true,
        "importUnits": true,
        "importTriggers": true,
        "importMissionObjectives": true,
        "importWayPoints": true,
        "showAreas": true,
        "showUnits": true,
        "showTriggers": true,
        "showMissionObjectives": true,
        "showWayPoints": true,
        "excludes": {}
      },
      {
        "file": "gameData/missions/templates/units_sets/land_sets_aaa_bases/bdt_t2_jpn_rank_01.blk",
        "rankRange": [
          0,
          4
        ],
        "importAreas": true,
        "importUnits": true,
        "importTriggers": true,
        "importMissionObjectives": true,
        "importWayPoints": true,
        "showAreas": true,
        "showUnits": true,
        "showTriggers": true,
        "showMissionObjectives": true,
        "showWayPoints": true,
        "excludes": {}
      },
      {
        "file": "gameData/missions/templates/units_sets/land_sets_aaa_bases/bdt_t2_jpn_rank_02.blk",
        "rankRange": [
          5,
          8
        ],
        "importAreas": true,
        "importUnits": true,
        "importTriggers": true,
        "importMissionObjectives": true,
        "importWayPoints": true,
        "showAreas": true,
        "showUnits": true,
        "showTriggers": true,
        "showMissionObjectives": true,
        "showWayPoints": true,
        "excludes": {}
      },
      {
        "file": "gameData/missions/templates/units_sets/land_sets_aaa_bases/bdt_t2_jpn_rank_03.blk",
        "rankRange": [
          9,
          13
        ],
        "importAreas": true,
        "importUnits": true,
        "importTriggers": true,
        "importMissionObjectives": true,
        "importWayPoints": true,
        "showAreas": true,
        "showUnits": true,
        "showTriggers": true,
        "showMissionObjectives": true,
        "showWayPoints": true,
        "excludes": {}
      },
      {
        "file": "gameData/missions/templates/units_sets/land_sets_aaa_bases/bdt_t2_jpn_rank_04.blk",
        "rankRange": [
          14,
          19
        ],
        "importAreas": true,
        "importUnits": true,
        "importTriggers": true,
        "importMissionObjectives": true,
        "importWayPoints": true,
        "showAreas": true,
        "showUnits": true,
        "showTriggers": true,
        "showMissionObjectives": true,
        "showWayPoints": true,
        "excludes": {}
      },
      {
        "file": "gameData/missions/templates/units_sets/land_sets_aaa_bases/bdt_t2_jpn_rank_05.blk",
        "rankRange": [
          20,
          24
        ],
        "importAreas": true,
        "importUnits": true,
        "importTriggers": true,
        "importMissionObjectives": true,
        "importWayPoints": true,
        "showAreas": true,
        "showUnits": true,
        "showTriggers": true,
        "showMissionObjectives": true,
        "showWayPoints": true,
        "excludes": {}
      },
      {
        "file": "gameData/missions/templates/units_sets/land_sets_aaa_bases/bdt_t2_jpn_rank_06.blk",
        "rankRange": [
          25,
          50
        ],
        "importAreas": true,
        "importUnits": true,
        "importTriggers": true,
        "importMissionObjectives": true,
        "importWayPoints": true,
        "showAreas": true,
        "showUnits": true,
        "showTriggers": true,
        "showMissionObjectives": true,
        "showWayPoints": true,
        "excludes": {}
      }
    ]
  },
  "triggers": {
    "isCategory": true,
    "is_enabled": true,
    "bdt_part_init": {
      "is_enabled": true,
      "comments": "",
      "props": {
        "actionsType": "PERFORM_ONE_BY_ONE",
        "conditionsType": "ALL",
        "enableAfterComplete": false
      },
      "events": {
        "initMission": {}
      },
      "conditions": {},
      "actions": {
        "comment": [
          {
            "value": "set max bases count as +1"
          },
          {
            "value": "set template as self-restarting"
          }
        ],
        "varSetInt": [
          {
            "value": 21,
            "var": "bdt_t1_total_bases_max_count"
          },
          {
            "value": 21,
            "var": "bdt_t2_total_bases_max_count"
          }
        ],
        "varSetBool": {
          "value": true,
          "var": "bdt_self_restart"
        }
      },
      "else_actions": {}
    }
  },
  "mission_objectives": {
    "isCategory": true,
    "is_enabled": true
  },
  "variables": {},
  "dialogs": {},
  "airfields": {},
  "effects": {},
  "units": {
    "objectGroups": [
      {
        "name": "bdt_t1_bomb_object_01",
        "tm": [
          [
            0.707107,
            0.0,
            0.707107
          ],
          [
            0.0,
            1.0,
            0.0
          ],
          [
            -0.707107,
            0.0,
            0.707107
          ],
          [
            -21261.8,
            89.905,
            3528.16
          ]
        ],
        "unit_class": "dynBase_field_camp_square",
        "objLayer": 1,
        "props": {
          "army": 1,
          "active": false
        }
      },
      {
        "name": "bdt_t1_bomb_object_02",
        "tm": [
          [
            0.707107,
            0.0,
            0.707107
          ],
          [
            0.0,
            1.0,
            0.0
          ],
          [
            -0.707107,
            0.0,
            0.707107
          ],
          [
            1282.91,
            62.3873,
            16130.4
          ]
        ],
        "unit_class": "dynBase_field_camp_square",
        "objLayer": 1,
        "props": {
          "army": 1,
          "active": false
        }
      },
      {
        "name": "bdt_t1_bomb_object_03",
        "tm": [
          [
            0.707107,
            0.0,
            0.707107
          ],
          [
            0.0,
            1.0,
            0.0
          ],
          [
            -0.707107,
            0.0,
            0.707107
          ],
          [
            -7808.38,
            123.284,
            14028.8
          ]
        ],
        "unit_class": "dynBase_field_camp_square",
        "objLayer": 1,
        "props": {
          "army": 1,
          "active": false
        }
      },
      {
        "name": "bdt_t1_bomb_object_06",
        "tm": [
          [
            0.707107,
            0.0,
            0.707107
          ],
          [
            0.0,
            1.0,
            0.0
          ],
          [
            -0.707107,
            0.0,
            0.707107
          ],
          [
            -8951.03,
            117.561,
            27585.1
          ]
        ],
        "unit_class": "dynBase_field_camp_square",
        "objLayer": 1,
        "props": {
          "army": 1,
          "active": false
        }
      },
      {
        "name": "bdt_t1_bomb_object_05",
        "tm": [
          [
            0.707107,
            0.0,
            0.707107
          ],
          [
            0.0,
            1.0,
            0.0
          ],
          [
            -0.707107,
            0.0,
            0.707107
          ],
          [
            -17496.7,
            56.2778,
            22776.4
          ]
        ],
        "unit_class": "dynBase_field_camp_square",
        "objLayer": 1,
        "props": {
          "army": 1,
          "active": false
        }
      },
      {
        "name": "bdt_t1_bomb_object_04",
        "tm": [
          [
            0.707107,
            0.0,
            0.707107
          ],
          [
            0.0,
            1.0,
            0.0
          ],
          [
            -0.707107,
            0.0,
            0.707107
          ],
          [
            -15636.2,
            81.7861,
            11317.8
          ]
        ],
        "unit_class": "dynBase_field_camp_square",
        "objLayer": 1,
        "props": {
          "army": 1,
          "active": false
        }
      },
      {
        "name": "bdt_t1_bomb_object_12",
        "tm": [
          [
            0.707107,
            0.0,
            0.707107
          ],
          [
            0.0,
            1.0,
            0.0
          ],
          [
            -0.707107,
            0.0,
            0.707107
          ],
          [
            -14260.4,
            57.7538,
            3499.62
          ]
        ],
        "unit_class": "dynBase_field_camp_square",
        "objLayer": 1,
        "props": {
          "army": 1,
          "active": false
        }
      },
      {
        "name": "bdt_t1_bomb_object_08",
        "tm": [
          [
            0.707107,
            0.0,
            0.707107
          ],
          [
            0.0,
            1.0,
            0.0
          ],
          [
            -0.707107,
            0.0,
            0.707107
          ],
          [
            -12013.9,
            86.9728,
            16811.1
          ]
        ],
        "unit_class": "dynBase_field_camp_square",
        "objLayer": 1,
        "props": {
          "army": 1,
          "active": false
        }
      },
      {
        "name": "bdt_t1_bomb_object_07",
        "tm": [
          [
            0.707107,
            0.0,
            0.707107
          ],
          [
            0.0,
            1.0,
            0.0
          ],
          [
            -0.707107,
            0.0,
            0.707107
          ],
          [
            -668.25,
            51.8359,
            26662.2
          ]
        ],
        "unit_class": "dynBase_field_camp_square",
        "objLayer": 1,
        "props": {
          "army": 1,
          "active": false
        }
      },
      {
        "name": "bdt_t1_bomb_object_10",
        "tm": [
          [
            0.707107,
            0.0,
            0.707107
          ],
          [
            0.0,
            1.0,
            0.0
          ],
          [
            -0.707107,
            0.0,
            0.707107
          ],
          [
            -5235.21,
            38.0626,
            23982.7
          ]
        ],
        "unit_class": "dynBase_field_camp_square",
        "objLayer": 1,
        "props": {
          "army": 1,
          "active": false
        }
      },
      {
        "name": "bdt_t1_bomb_object_09",
        "tm": [
          [
            0.707107,
            0.0,
            0.707107
          ],
          [
            0.0,
            1.0,
            0.0
          ],
          [
            -0.707107,
            0.0,
            0.707107
          ],
          [
            3228.14,
            142.091,
            20866.2
          ]
        ],
        "unit_class": "dynBase_field_camp_square",
        "objLayer": 1,
        "props": {
          "army": 1,
          "active": false
        }
      },
      {
        "name": "bdt_t1_bomb_object_11",
        "tm": [
          [
            0.707107,
            0.0,
            0.707107
          ],
          [
            0.0,
            1.0,
            0.0
          ],
          [
            -0.707107,
            0.0,
            0.707107
          ],
          [
            -23376.0,
            55.9628,
            17108.6
          ]
        ],
        "unit_class": "dynBase_field_camp_square",
        "objLayer": 1,
        "props": {
          "army": 1,
          "active": false
        }
      },
      {
        "name": "bdt_t2_bomb_object_01",
        "tm": [
          [
            0.707107,
            0.0,
            0.707107
          ],
          [
            0.0,
            1.0,
            0.0
          ],
          [
            -0.707107,
            0.0,
            0.707107
          ],
          [
            16769.2,
            113.398,
            -16163.2
          ]
        ],
        "unit_class": "dynBase_field_camp_square",
        "objLayer": 1,
        "props": {
          "army": 2,
          "active": false
        }
      },
      {
        "name": "bdt_t2_bomb_object_02",
        "tm": [
          [
            0.707107,
            0.0,
            0.707107
          ],
          [
            0.0,
            1.0,
            0.0
          ],
          [
            -0.707107,
            0.0,
            0.707107
          ],
          [
            19620.9,
            249.976,
            -15141.9
          ]
        ],
        "unit_class": "dynBase_field_camp_square",
        "objLayer": 1,
        "props": {
          "army": 2,
          "active": false
        }
      },
      {
        "name": "bdt_t2_bomb_object_03",
        "tm": [
          [
            0.707107,
            0.0,
            0.707107
          ],
          [
            0.0,
            1.0,
            0.0
          ],
          [
            -0.707107,
            0.0,
            0.707107
          ],
          [
            17039.2,
            629.068,
            -480.196
          ]
        ],
        "unit_class": "dynBase_field_camp_square",
        "objLayer": 1,
        "props": {
          "army": 2,
          "active": false
        }
      },
      {
        "name": "bdt_t2_bomb_object_04",
        "tm": [
          [
            0.707107,
            0.0,
            0.707107
          ],
          [
            0.0,
            1.0,
            0.0
          ],
          [
            -0.707107,
            0.0,
            0.707107
          ],
          [
            23194.1,
            296.99,
            -17815.1
          ]
        ],
        "unit_class": "dynBase_field_camp_square",
        "objLayer": 1,
        "props": {
          "army": 2,
          "active": false
        }
      },
      {
        "name": "bdt_t2_bomb_object_05",
        "tm": [
          [
            0.707107,
            0.0,
            0.707107
          ],
          [
            0.0,
            1.0,
            0.0
          ],
          [
            -0.707107,
            0.0,
            0.707107
          ],
          [
            15188.8,
            93.7571,
            -12163.3
          ]
        ],
        "unit_class": "dynBase_field_camp_square",
        "objLayer": 1,
        "props": {
          "army": 2,
          "active": false
        }
      },
      {
        "name": "bdt_t2_bomb_object_06",
        "tm": [
          [
            0.707107,
            0.0,
            0.707107
          ],
          [
            0.0,
            1.0,
            0.0
          ],
          [
            -0.707107,
            0.0,
            0.707107
          ],
          [
            23252.3,
            952.45,
            -12651.7
          ]
        ],
        "unit_class": "dynBase_field_camp_square",
        "objLayer": 1,
        "props": {
          "army": 2,
          "active": false
        }
      },
      {
        "name": "bdt_t2_bomb_object_07",
        "tm": [
          [
            0.707107,
            0.0,
            0.707107
          ],
          [
            0.0,
            1.0,
            0.0
          ],
          [
            -0.707107,
            0.0,
            0.707107
          ],
          [
            10309.1,
            42.2805,
            -14785.2
          ]
        ],
        "unit_class": "dynBase_field_camp_square",
        "objLayer": 1,
        "props": {
          "army": 2,
          "active": false
        }
      },
      {
        "name": "bdt_t2_bomb_object_08",
        "tm": [
          [
            0.707107,
            0.0,
            0.707107
          ],
          [
            0.0,
            1.0,
            0.0
          ],
          [
            -0.707107,
            0.0,
            0.707107
          ],
          [
            12705.3,
            140.116,
            -9593.0
          ]
        ],
        "unit_class": "dynBase_field_camp_square",
        "objLayer": 1,
        "props": {
          "army": 2,
          "active": false
        }
      },
      {
        "name": "bdt_t2_bomb_object_12",
        "tm": [
          [
            0.707107,
            0.0,
            0.707107
          ],
          [
            0.0,
            1.0,
            0.0
          ],
          [
            -0.707107,
            0.0,
            0.707107
          ],
          [
            25468.4,
            644.798,
            -1987.6
          ]
        ],
        "unit_class": "dynBase_field_camp_square",
        "objLayer": 1,
        "props": {
          "army": 2,
          "active": false
        }
      },
      {
        "name": "bdt_t2_bomb_object_10",
        "tm": [
          [
            0.707107,
            0.0,
            0.707107
          ],
          [
            0.0,
            1.0,
            0.0
          ],
          [
            -0.707107,
            0.0,
            0.707107
          ],
          [
            28254.4,
            667.609,
            4721.42
          ]
        ],
        "unit_class": "dynBase_field_camp_square",
        "objLayer": 1,
        "props": {
          "army": 2,
          "active": false
        }
      },
      {
        "name": "bdt_t2_bomb_object_09",
        "tm": [
          [
            0.707107,
            0.0,
            0.707107
          ],
          [
            0.0,
            1.0,
            0.0
          ],
          [
            -0.707107,
            0.0,
            0.707107
          ],
          [
            23540.0,
            668.566,
            5920.32
          ]
        ],
        "unit_class": "dynBase_field_camp_square",
        "objLayer": 1,
        "props": {
          "army": 2,
          "active": false
        }
      },
      {
        "name": "bdt_t2_bomb_object_11",
        "tm": [
          [
            0.707107,
            0.0,
            0.707107
          ],
          [
            0.0,
            1.0,
            0.0
          ],
          [
            -0.707107,
            0.0,
            0.707107
          ],
          [
            26551.6,
            630.885,
            -10080.6
          ]
        ],
        "unit_class": "dynBase_field_camp_square",
        "objLayer": 1,
        "props": {
          "army": 2,
          "active": false
        }
      },
      {
        "name": "bdt_t1_bomb_object_13",
        "tm": [
          [
            0.707107,
            0.0,
            0.707107
          ],
          [
            0.0,
            1.0,
            0.0
          ],
          [
            -0.707107,
            0.0,
            0.707107
          ],
          [
            9820.45,
            258.515,
            24153.0
          ]
        ],
        "unit_class": "dynBase_field_camp_square",
        "objLayer": 1,
        "props": {
          "army": 1,
          "active": false
        }
      },
      {
        "name": "bdt_t1_bomb_object_14",
        "tm": [
          [
            0.707107,
            0.0,
            0.707107
          ],
          [
            0.0,
            1.0,
            0.0
          ],
          [
            -0.707107,
            0.0,
            0.707107
          ],
          [
            14875.4,
            184.765,
            26795.1
          ]
        ],
        "unit_class": "dynBase_field_camp_square",
        "objLayer": 1,
        "props": {
          "army": 1,
          "active": false
        }
      },
      {
        "name": "bdt_t1_bomb_object_15",
        "tm": [
          [
            0.707107,
            0.0,
            0.707107
          ],
          [
            0.0,
            1.0,
            0.0
          ],
          [
            -0.707107,
            0.0,
            0.707107
          ],
          [
            9298.63,
            179.269,
            21089.4
          ]
        ],
        "unit_class": "dynBase_field_camp_square",
        "objLayer": 1,
        "props": {
          "army": 1,
          "active": false
        }
      },
      {
        "name": "bdt_t1_bomb_object_16",
        "tm": [
          [
            0.707107,
            0.0,
            0.707107
          ],
          [
            0.0,
            1.0,
            0.0
          ],
          [
            -0.707107,
            0.0,
            0.707107
          ],
          [
            -7093.33,
            49.5454,
            18711.5
          ]
        ],
        "unit_class": "dynBase_field_camp_square",
        "objLayer": 1,
        "props": {
          "army": 1,
          "active": false
        }
      },
      {
        "name": "bdt_t1_bomb_object_17",
        "tm": [
          [
            0.707107,
            0.0,
            0.707107
          ],
          [
            0.0,
            1.0,
            0.0
          ],
          [
            -0.707107,
            0.0,
            0.707107
          ],
          [
            -20364.6,
            107.997,
            9337.54
          ]
        ],
        "unit_class": "dynBase_field_camp_square",
        "objLayer": 1,
        "props": {
          "army": 1,
          "active": false
        }
      },
      {
        "name": "bdt_t1_bomb_object_18",
        "tm": [
          [
            0.707107,
            0.0,
            0.707107
          ],
          [
            0.0,
            1.0,
            0.0
          ],
          [
            -0.707107,
            0.0,
            0.707107
          ],
          [
            -15388.8,
            83.7141,
            -3800.13
          ]
        ],
        "unit_class": "dynBase_field_camp_square",
        "objLayer": 1,
        "props": {
          "army": 1,
          "active": false
        }
      },
      {
        "name": "bdt_t1_bomb_object_19",
        "tm": [
          [
            0.707107,
            0.0,
            0.707107
          ],
          [
            0.0,
            1.0,
            0.0
          ],
          [
            -0.707107,
            0.0,
            0.707107
          ],
          [
            -9468.94,
            83.7144,
            1834.95
          ]
        ],
        "unit_class": "dynBase_field_camp_square",
        "objLayer": 1,
        "props": {
          "army": 1,
          "active": false
        }
      },
      {
        "name": "bdt_t1_bomb_object_20",
        "tm": [
          [
            0.707107,
            0.0,
            0.707107
          ],
          [
            0.0,
            1.0,
            0.0
          ],
          [
            -0.707107,
            0.0,
            0.707107
          ],
          [
            -3931.89,
            48.4524,
            7305.84
          ]
        ],
        "unit_class": "dynBase_field_camp_square",
        "objLayer": 1,
        "props": {
          "army": 1,
          "active": false
        }
      },
      {
        "name": "bdt_t2_bomb_object_13",
        "tm": [
          [
            0.707107,
            0.0,
            0.707107
          ],
          [
            0.0,
            1.0,
            0.0
          ],
          [
            -0.707107,
            0.0,
            0.707107
          ],
          [
            9728.26,
            39.4705,
            -6584.97
          ]
        ],
        "unit_class": "dynBase_field_camp_square",
        "objLayer": 1,
        "props": {
          "army": 2,
          "active": false
        }
      },
      {
        "name": "bdt_t2_bomb_object_14",
        "tm": [
          [
            0.707107,
            0.0,
            0.707107
          ],
          [
            0.0,
            1.0,
            0.0
          ],
          [
            -0.707107,
            0.0,
            0.707107
          ],
          [
            663.41,
            39.47,
            -9132.07
          ]
        ],
        "unit_class": "dynBase_field_camp_square",
        "objLayer": 1,
        "props": {
          "army": 2,
          "active": false
        }
      },
      {
        "name": "bdt_t2_bomb_object_15",
        "tm": [
          [
            0.707107,
            0.0,
            0.707107
          ],
          [
            0.0,
            1.0,
            0.0
          ],
          [
            -0.707107,
            0.0,
            0.707107
          ],
          [
            5720.33,
            81.2918,
            -3698.17
          ]
        ],
        "unit_class": "dynBase_field_camp_square",
        "objLayer": 1,
        "props": {
          "army": 2,
          "active": false
        }
      },
      {
        "name": "bdt_t2_bomb_object_16",
        "tm": [
          [
            0.707107,
            0.0,
            0.707107
          ],
          [
            0.0,
            1.0,
            0.0
          ],
          [
            -0.707107,
            0.0,
            0.707107
          ],
          [
            25926.3,
            298.187,
            16322.7
          ]
        ],
        "unit_class": "dynBase_field_camp_square",
        "objLayer": 1,
        "props": {
          "army": 2,
          "active": false
        }
      },
      {
        "name": "bdt_t2_bomb_object_17",
        "tm": [
          [
            0.707107,
            0.0,
            0.707107
          ],
          [
            0.0,
            1.0,
            0.0
          ],
          [
            -0.707107,
            0.0,
            0.707107
          ],
          [
            19325.7,
            321.722,
            9139.67
          ]
        ],
        "unit_class": "dynBase_field_camp_square",
        "objLayer": 1,
        "props": {
          "army": 2,
          "active": false
        }
      },
      {
        "name": "bdt_t2_bomb_object_18",
        "tm": [
          [
            0.707107,
            0.0,
            0.707107
          ],
          [
            0.0,
            1.0,
            0.0
          ],
          [
            -0.707107,
            0.0,
            0.707107
          ],
          [
            10720.0,
            177.982,
            914.516
          ]
        ],
        "unit_class": "dynBase_field_camp_square",
        "objLayer": 1,
        "props": {
          "army": 2,
          "active": false
        }
      },
      {
        "name": "bdt_t2_bomb_object_19",
        "tm": [
          [
            0.707107,
            0.0,
            0.707107
          ],
          [
            0.0,
            1.0,
            0.0
          ],
          [
            -0.707107,
            0.0,
            0.707107
          ],
          [
            21013.2,
            633.278,
            -2815.54
          ]
        ],
        "unit_class": "dynBase_field_camp_square",
        "objLayer": 1,
        "props": {
          "army": 2,
          "active": false
        }
      },
      {
        "name": "bdt_t2_bomb_object_20",
        "tm": [
          [
            0.707107,
            0.0,
            0.707107
          ],
          [
            0.0,
            1.0,
            0.0
          ],
          [
            -0.707107,
            0.0,
            0.707107
          ],
          [
            19893.5,
            958.966,
            -8758.97
          ]
        ],
        "unit_class": "dynBase_field_camp_square",
        "objLayer": 1,
        "props": {
          "army": 2,
          "active": false
        }
      }
    ]
  },
  "areas": {
    "bdt_t1_bomb_zone_01_aaa_point_01": {
      "type": "Point",
      "tm": [
        [
          0.707107,
          0.0,
          0.707107
        ],
        [
          0.0,
          1.0,
          0.0
        ],
        [
          -0.707107,
          0.0,
          0.707107
        ],
        [
          -21327.0,
          84.977,
          3326.15
        ]
      ],
      "objLayer": 0,
      "props": {}
    },
    "bdt_t1_bomb_zone_01_aaa_point_02": {
      "type": "Point",
      "tm": [
        [
          0.707107,
          0.0,
          0.707107
        ],
        [
          0.0,
          1.0,
          0.0
        ],
        [
          -0.707107,
          0.0,
          0.707107
        ],
        [
          -21454.3,
          75.3559,
          3443.45
        ]
      ],
      "objLayer": 0,
      "props": {}
    },
    "bdt_t1_bomb_zone_01_aaa_point_03": {
      "type": "Point",
      "tm": [
        [
          0.707107,
          0.0,
          0.707107
        ],
        [
          0.0,
          1.0,
          0.0
        ],
        [
          -0.707107,
          0.0,
          0.707107
        ],
        [
          -21225.9,
          83.3394,
          3743.27
        ]
      ],
      "objLayer": 0,
      "props": {}
    },
    "bdt_t1_bomb_zone_01_aaa_point_04": {
      "type": "Point",
      "tm": [
        [
          0.707107,
          0.0,
          0.707107
        ],
        [
          0.0,
          1.0,
          0.0
        ],
        [
          -0.707107,
          0.0,
          0.707107
        ],
        [
          -21075.8,
          73.077,
          3606.45
        ]
      ],
      "objLayer": 0,
      "props": {}
    },
    "bdt_t1_bomb_zone_02_aaa_point_01": {
      "type": "Point",
      "tm": [
        [
          0.707107,
          0.0,
          0.707107
        ],
        [
          0.0,
          1.0,
          0.0
        ],
        [
          -0.707107,
          0.0,
          0.707107
        ],
        [
          1125.58,
          61.586,
          16097.3
        ]
      ],
      "objLayer": 0,
      "props": {}
    },
    "bdt_t1_bomb_zone_02_aaa_point_02": {
      "type": "Point",
      "tm": [
        [
          0.707107,
          0.0,
          0.707107
        ],
        [
          0.0,
          1.0,
          0.0
        ],
        [
          -0.707107,
          0.0,
          0.707107
        ],
        [
          1217.15,
          62.3877,
          16008.9
        ]
      ],
      "objLayer": 0,
      "props": {}
    },
    "bdt_t1_bomb_zone_02_aaa_point_03": {
      "type": "Point",
      "tm": [
        [
          0.707107,
          0.0,
          0.707107
        ],
        [
          0.0,
          1.0,
          0.0
        ],
        [
          -0.707107,
          0.0,
          0.707107
        ],
        [
          1393.13,
          60.0811,
          16189.7
        ]
      ],
      "objLayer": 0,
      "props": {}
    },
    "bdt_t1_bomb_zone_02_aaa_point_04": {
      "type": "Point",
      "tm": [
        [
          0.707107,
          0.0,
          0.707107
        ],
        [
          0.0,
          1.0,
          0.0
        ],
        [
          -0.707107,
          0.0,
          0.707107
        ],
        [
          1310.11,
          59.5609,
          16271.4
        ]
      ],
      "objLayer": 0,
      "props": {}
    },
    "bdt_t1_bomb_zone_03_aaa_point_01": {
      "type": "Point",
      "tm": [
        [
          0.707107,
          0.0,
          0.707107
        ],
        [
          0.0,
          1.0,
          0.0
        ],
        [
          -0.707107,
          0.0,
          0.707107
        ],
        [
          -8007.0,
          122.993,
          13982.5
        ]
      ],
      "objLayer": 0,
      "props": {}
    },
    "bdt_t1_bomb_zone_03_aaa_point_02": {
      "type": "Point",
      "tm": [
        [
          0.707107,
          0.0,
          0.707107
        ],
        [
          0.0,
          1.0,
          0.0
        ],
        [
          -0.707107,
          0.0,
          0.707107
        ],
        [
          -7923.99,
          126.106,
          13784.1
        ]
      ],
      "objLayer": 0,
      "props": {}
    },
    "bdt_t1_bomb_zone_03_aaa_point_03": {
      "type": "Point",
      "tm": [
        [
          0.707107,
          0.0,
          0.707107
        ],
        [
          0.0,
          1.0,
          0.0
        ],
        [
          -0.707107,
          0.0,
          0.707107
        ],
        [
          -7663.42,
          123.743,
          14077.9
        ]
      ],
      "objLayer": 0,
      "props": {}
    },
    "bdt_t1_bomb_zone_03_aaa_point_04": {
      "type": "Point",
      "tm": [
        [
          0.707107,
          0.0,
          0.707107
        ],
        [
          0.0,
          1.0,
          0.0
        ],
        [
          -0.707107,
          0.0,
          0.707107
        ],
        [
          -7788.08,
          126.156,
          14197.8
        ]
      ],
      "objLayer": 0,
      "props": {}
    },
    "bdt_t1_bomb_zone_04_aaa_point_01": {
      "type": "Point",
      "tm": [
        [
          0.707107,
          0.0,
          0.707107
        ],
        [
          0.0,
          1.0,
          0.0
        ],
        [
          -0.707107,
          0.0,
          0.707107
        ],
        [
          -15391.0,
          91.4945,
          11265.6
        ]
      ],
      "objLayer": 0,
      "props": {}
    },
    "bdt_t1_bomb_zone_04_aaa_point_02": {
      "type": "Point",
      "tm": [
        [
          0.707107,
          0.0,
          0.707107
        ],
        [
          0.0,
          1.0,
          0.0
        ],
        [
          -0.707107,
          0.0,
          0.707107
        ],
        [
          -15502.1,
          95.6246,
          11622.0
        ]
      ],
      "objLayer": 0,
      "props": {}
    },
    "bdt_t1_bomb_zone_04_aaa_point_03": {
      "type": "Point",
      "tm": [
        [
          0.707107,
          0.0,
          0.707107
        ],
        [
          0.0,
          1.0,
          0.0
        ],
        [
          -0.707107,
          0.0,
          0.707107
        ],
        [
          -15871.1,
          85.9142,
          11175.1
        ]
      ],
      "objLayer": 0,
      "props": {}
    },
    "bdt_t1_bomb_zone_04_aaa_point_04": {
      "type": "Point",
      "tm": [
        [
          0.707107,
          0.0,
          0.707107
        ],
        [
          0.0,
          1.0,
          0.0
        ],
        [
          -0.707107,
          0.0,
          0.707107
        ],
        [
          -15646.9,
          88.6849,
          11051.8
        ]
      ],
      "objLayer": 0,
      "props": {}
    },
    "bdt_t1_bomb_zone_05_aaa_point_01": {
      "type": "Point",
      "tm": [
        [
          0.707107,
          0.0,
          0.707107
        ],
        [
          0.0,
          1.0,
          0.0
        ],
        [
          -0.707107,
          0.0,
          0.707107
        ],
        [
          -17635.0,
          63.1305,
          22589.2
        ]
      ],
      "objLayer": 0,
      "props": {}
    },
    "bdt_t1_bomb_zone_05_aaa_point_02": {
      "type": "Point",
      "tm": [
        [
          0.707107,
          0.0,
          0.707107
        ],
        [
          0.0,
          1.0,
          0.0
        ],
        [
          -0.707107,
          0.0,
          0.707107
        ],
        [
          -17689.6,
          60.8513,
          22661.3
        ]
      ],
      "objLayer": 0,
      "props": {}
    },
    "bdt_t1_bomb_zone_05_aaa_point_03": {
      "type": "Point",
      "tm": [
        [
          0.707107,
          0.0,
          0.707107
        ],
        [
          0.0,
          1.0,
          0.0
        ],
        [
          -0.707107,
          0.0,
          0.707107
        ],
        [
          -17431.0,
          62.3323,
          22961.4
        ]
      ],
      "objLayer": 0,
      "props": {}
    },
    "bdt_t1_bomb_zone_05_aaa_point_04": {
      "type": "Point",
      "tm": [
        [
          0.707107,
          0.0,
          0.707107
        ],
        [
          0.0,
          1.0,
          0.0
        ],
        [
          -0.707107,
          0.0,
          0.707107
        ],
        [
          -17307.2,
          53.6649,
          22867.2
        ]
      ],
      "objLayer": 0,
      "props": {}
    },
    "bdt_t1_bomb_zone_06_aaa_point_01": {
      "type": "Point",
      "tm": [
        [
          0.707107,
          0.0,
          0.707107
        ],
        [
          0.0,
          1.0,
          0.0
        ],
        [
          -0.707107,
          0.0,
          0.707107
        ],
        [
          -9023.86,
          115.933,
          27371.2
        ]
      ],
      "objLayer": 0,
      "props": {}
    },
    "bdt_t1_bomb_zone_06_aaa_point_02": {
      "type": "Point",
      "tm": [
        [
          0.707107,
          0.0,
          0.707107
        ],
