{
  "selected_tag": "",
  "bin_dump_file": "",
  "mission_settings": {
    "player": {
      "army": 1,
      "wing": [
        "t1_player01",
        "t1_player02",
        "t1_player03",
        "t1_player04",
        "t1_player05",
        "t1_player06",
        "t1_player07",
        "t1_player08",
        "t1_player09",
        "t1_player10",
        "t1_player11",
        "t1_player12",
        "t1_player13",
        "t1_player14",
        "t1_player15",
        "t1_player16"
      ]
    },
    "player_teamB": {
      "army": 2,
      "wing": [
        "t2_player01",
        "t2_player02",
        "t2_player03",
        "t2_player04",
        "t2_player05",
        "t2_player06",
        "t2_player07",
        "t2_player08",
        "t2_player09",
        "t2_player10",
        "t2_player11",
        "t2_player12",
        "t2_player13",
        "t2_player14",
        "t2_player15",
        "t2_player16",
        "t2_player17"
      ]
    },
    "mission": {
      "level": "levels/air_falklands.bin",
      "type": "domination",
      "environment": "Day",
      "weather": "clear",
      "locName": "missions/_GS/heavy_tank;location/air_falklands",
      "locDesc": "missions/_GS/desc",
      "scoreLimit": 5400,
      "timeLimit": 25,
      "deathPenaltyMul": 0.2,
      "country_axis": "germany",
      "country_allies": "usa",
      "restoreType": "attempts",
      "optionalTakeOff": false,
      "allowedUnitTypes": {
        "isAirplanesAllowed": true,
        "isTanksAllowed": false,
        "isShipsAllowed": false,
        "isHelicoptersAllowed": false
      }
    },
    "atmosphere": {
      "pressure": 760.0,
      "temperature": 24.0
    },
    "spectator_points": {
      "spectatorPoint": [
        "spectator_point_01",
        "spectator_point_02",
        "spectator_point_03",
        "spectator_point_04"
      ]
    },
    "briefing": {
      "place_loc": "",
      "date_loc": "",
      "objective_loc": "",
      "music": "action_01",
      "part": {
        "event": "",
        "minTime": 0,
        "slide": {
          "map": true,
          "minTime": 4,
          "picture": "",
          "showAirMap": true,
          "icon": [
            {
              "icontype": "fighter",
              "side": "ally",
              "target": "briefing_t1_spawn",
              "lookAt": "briefing_t2_spawn"
            },
            {
              "icontype": "fighter",
              "side": "enemy",
              "target": "briefing_t2_spawn",
              "lookAt": "briefing_t1_spawn"
            },
            {
              "icontype": "tank",
              "side": "ally",
              "target": "t1_tank_01"
            },
            {
              "icontype": "tank",
              "side": "ally",
              "target": "t1_tank_02"
            },
            {
              "icontype": "tank",
              "side": "enemy",
              "target": "t2_tank_02"
            },
            {
              "icontype": "tank",
              "side": "enemy",
              "target": "t2_tank_01"
            }
          ]
        }
      }
    }
  },
  "imports": {
    "import_record": [
      {
        "file": "gameData/missions/templates/land_units_death_template.blk",
        "importAreas": true,
        "importUnits": true,
        "importTriggers": true,
        "importMissionObjectives": true,
        "importWayPoints": true,
        "importDialogs": true,
        "showAreas": true,
        "showUnits": true,
        "showTriggers": true,
        "showMissionObjectives": true,
        "showWayPoints": true,
        "showDialogs": true,
        "excludes": {}
      },
      {
        "file": "gameData/missions/templates/base_logic_template.blk",
        "importAreas": true,
        "importUnits": true,
        "importTriggers": true,
        "importMissionObjectives": true,
        "importWayPoints": true,
        "importDialogs": true,
        "showAreas": true,
        "showUnits": true,
        "showTriggers": true,
        "showMissionObjectives": true,
        "showWayPoints": true,
        "showDialogs": true,
        "excludes": {}
      },
      {
        "file": "gameData/missions/templates/gs_objectives_template.blk",
        "importAreas": true,
        "importUnits": true,
        "importTriggers": true,
        "importMissionObjectives": true,
        "importWayPoints": true,
        "importDialogs": true,
        "showAreas": true,
        "showUnits": true,
        "showTriggers": true,
        "showMissionObjectives": true,
        "showWayPoints": true,
        "showDialogs": true,
        "excludes": {}
      },
      {
        "file": "gameData/missions/templates/destroy_bomb_areas_template.blk",
        "importAreas": true,
        "importUnits": true,
        "importTriggers": true,
        "importMissionObjectives": true,
        "importWayPoints": true,
        "importDialogs": true,
        "showAreas": true,
        "showUnits": true,
        "showTriggers": true,
        "showMissionObjectives": true,
        "showWayPoints": true,
        "showDialogs": true,
        "excludes": {}
      },
      {
        "file": "gameData/missions/templates/destroy_airfield_zone_template.blk",
        "importAreas": true,
        "importUnits": true,
        "importTriggers": true,
        "importMissionObjectives": true,
        "importWayPoints": true,
        "importDialogs": true,
        "showAreas": true,
        "showUnits": true,
        "showTriggers": true,
        "showMissionObjectives": true,
        "showWayPoints": true,
        "showDialogs": true,
        "excludes": {}
      },
      {
        "file": "gameData/missions/templates/air_templates/gs/assaults_gs_template.blk",
        "importAreas": true,
        "importUnits": true,
        "importTriggers": true,
        "importMissionObjectives": true,
        "importWayPoints": true,
        "importDialogs": true,
        "showAreas": true,
        "showUnits": true,
        "showTriggers": true,
        "showMissionObjectives": true,
        "showWayPoints": true,
        "showDialogs": true,
        "excludes": {}
      },
      {
        "file": "gameData/missions/templates/air_templates/gs/template_at_gs_planeset.blk",
        "importAreas": true,
        "importUnits": true,
        "importTriggers": true,
        "importMissionObjectives": true,
        "importWayPoints": true,
        "importDialogs": true,
        "showAreas": true,
        "showUnits": true,
        "showTriggers": true,
        "showMissionObjectives": true,
        "showWayPoints": true,
        "showDialogs": true,
        "excludes": {}
      },
      {
        "file": "gameData/missions/templates/air_templates/aat_aaa_template.blk",
        "importAreas": true,
        "importUnits": true,
        "importTriggers": true,
        "importMissionObjectives": true,
        "importWayPoints": true,
        "importDialogs": true,
        "showAreas": true,
        "showUnits": true,
        "showTriggers": true,
        "showMissionObjectives": true,
        "showWayPoints": true,
        "showDialogs": true,
        "excludes": {}
      },
      {
        "file": "gamedata/missions/cta/planes/arcade/GS/air_falklands/as_air_spawns_template.blk",
        "importAreas": true,
        "importUnits": true,
        "importTriggers": true,
        "importMissionObjectives": true,
        "importWayPoints": true,
        "importDialogs": true,
        "showAreas": true,
        "showUnits": true,
        "showTriggers": true,
        "showMissionObjectives": true,
        "showWayPoints": true,
        "showDialogs": true,
        "excludes": {}
      }
    ]
  },
  "triggers": {
    "isCategory": true,
    "is_enabled": true,
    "start_mission": {
      "is_enabled": true,
      "comments": "",
      "props": {
        "actionsType": "PERFORM_ONE_BY_ONE",
        "conditionsType": "ALL",
        "enableAfterComplete": false
      },
      "events": {
        "initMission": {}
      },
      "conditions": {},
      "actions": {
        "varSetBool": [
          {
            "value": false,
            "var": "barabashka_enabled"
          },
          {
            "value": true,
            "var": "isBombingZonesAffect"
          }
        ],
        "varSetInt": [
          {
            "value": 4,
            "var": "max_bomb_areas"
          },
          {
            "value": 600,
            "var": "long_time_is"
          },
          {
            "value": 900,
            "var": "long_time_arcade_timer"
          },
          {
            "value": 64000,
            "var": "long_time_arcade_distance"
          }
        ],
        "comment": [
          {
            "value": ""
          },
          {
            "value": ""
          },
          {
            "value": ""
          }
        ],
        "varSetReal": [
          {
            "value": 1800.0,
            "var": [
              "arcade_destroy_timer",
              "historical_destroy_timer"
            ]
          },
          {
            "value": 250.0,
            "var": "nearDamageDistance"
          }
        ],
        "unitSetIndication": [
          {
            "set": true,
            "target": "t1_quest_units_squad",
            "target_marking": 0,
            "object_var_name": "",
            "object_var_comp_op": "equal",
            "object_var_value": 0,
            "team": "B"
          },
          {
            "set": true,
            "target": "t2_quest_units_squad",
            "target_marking": 0,
            "object_var_name": "",
            "object_var_comp_op": "equal",
            "object_var_value": 0,
            "team": "A"
          }
        ],
        "unitSetProperties": [
          {
            "object": [
              "t1_tanks_squad",
              "t2_tanks_squad",
              "t1_bunkers_squad",
              "t2_bunkers_squad"
            ],
            "object_marking": 0,
            "object_var_name": "",
            "object_var_comp_op": "equal",
            "object_var_value": 0,
            "accuracy": 0.0,
            "effShootingRate": 0.0
          },
          {
            "object": [
              "t1_aaa_squad",
              "t2_aaa_squad"
            ],
            "object_marking": 0,
            "object_var_name": "",
            "object_var_comp_op": "equal",
            "object_var_value": 0,
            "targetGnd": false,
            "accuracy": 0.1,
            "effShootingRate": 0.0,
            "airEffShootingRate": 0.1
          }
        ]
      },
      "else_actions": {}
    },
    "update_indicators": {
      "is_enabled": false,
      "comments": "",
      "props": {
        "actionsType": "PERFORM_ONE_BY_ONE",
        "conditionsType": "ALL",
        "enableAfterComplete": true
      },
      "events": {
        "periodicEvent": {
          "time": 1.0
        }
      },
      "conditions": {},
      "actions": {
        "missionSetTargetsIndicator": [
          {
            "target_type": "isActive",
            "target_marking": 0,
            "delta": 0,
            "icon": "tank",
            "icon army": 1,
            "set": true,
            "object_var_name": "",
            "object_var_comp_op": "equal",
            "object_var_value": 0,
            "target": "t1_quest_units_squad"
          },
          {
            "target_type": "isActive",
            "target_marking": 0,
            "delta": 0,
            "icon": "tank",
            "icon army": 2,
            "set": true,
            "object_var_name": "",
            "object_var_comp_op": "equal",
            "object_var_value": 0,
            "target": "t2_quest_units_squad"
          }
        ]
      },
      "else_actions": {}
    }
  },
  "mission_objectives": {
    "isCategory": true,
    "is_enabled": true
  },
  "variables": {},
  "dialogs": {},
  "airfields": {},
  "effects": {},
  "units": {
    "objectGroups": [
      {
        "name": "t2_airfield",
        "tm": [
          [
            -1.04371,
            0.0,
            -0.59217
          ],
          [
            0.0,
            1.2,
            0.0
          ],
          [
            0.59217,
            0.0,
            -1.04371
          ],
          [
            23183.2,
            -59.9014,
            -6128.0
          ]
        ],
        "unit_class": "dynaf_pg_1line_ground",
        "props": {
          "army": 2,
          "active": true
        }
      },
      {
        "name": "t1_trench_01",
        "tm": [
          [
            0.0147602,
            0.0320635,
            0.999375
          ],
          [
            -0.0356491,
            0.998866,
            -0.0315206
          ],
          [
            -0.999256,
            -0.0351617,
            0.0158873
          ],
          [
            35034.1,
            226.448,
            -2135.45
          ]
        ],
        "unit_class": "dynTrench_small_bunker_axis",
        "props": {
          "army": 1,
          "active": true
        }
      },
      {
        "name": "t1_bomb_target_01",
        "tm": [
          [
            0.407709,
            0.0436194,
            -0.912069
          ],
          [
            -0.0576058,
            0.998097,
            0.0219831
          ],
          [
            0.911294,
            0.0435779,
            0.409446
          ],
          [
            38480.7,
            167.9,
            -4091.8
          ]
        ],
        "unit_class": "dynBase_small_factory_square",
        "props": {
          "army": 1,
          "active": true
        }
      },
      {
        "name": "t1_bomb_target_02",
        "tm": [
          [
            0.408096,
            0.0,
            -0.912939
          ],
          [
            0.0,
            1.0,
            0.0
          ],
          [
            0.912939,
            0.0,
            0.408096
          ],
          [
            34318.0,
            282.3,
            4587.51
          ]
        ],
        "unit_class": "dynBase_oil_storage_small_square",
        "props": {
          "army": 1,
          "active": true
        }
      },
      {
        "name": "t1_bomb_target_03",
        "tm": [
          [
            0.407709,
            0.0436194,
            -0.912069
          ],
          [
            -0.0576058,
            0.998097,
            0.0219831
          ],
          [
            0.911294,
            0.0435779,
            0.409446
          ],
          [
            38517.2,
            120.499,
            9621.22
          ]
        ],
        "unit_class": "dynBase_field_camp_square",
        "props": {
          "army": 1,
          "active": true
        }
      },
      {
        "name": "t2_bomb_target_01",
        "tm": [
          [
            0.408096,
            0.0,
            -0.912939
          ],
          [
            0.0,
            1.0,
            0.0
          ],
          [
            0.912939,
            0.0,
            0.408096
          ],
          [
            31237.6,
            110.85,
            -7009.9
          ]
        ],
        "unit_class": "dynBase_ammunition_camp_square",
        "props": {
          "army": 2,
          "active": true
        }
      },
      {
        "name": "t2_bomb_target_02",
        "tm": [
          [
            0.408096,
            0.0,
            -0.912939
          ],
          [
            0.0,
            1.0,
            0.0
          ],
          [
            0.912939,
            0.0,
            0.408096
          ],
          [
            26810.7,
            95.2,
            3109.7
          ]
        ],
        "unit_class": "dynBase_fuel_storage_square",
        "props": {
          "army": 2,
          "active": true
        }
      },
      {
        "name": "t2_bomb_target_03",
        "tm": [
          [
            0.408096,
            0.0,
            -0.912939
          ],
          [
            0.0,
            1.0,
            0.0
          ],
          [
            0.912939,
            0.0,
            0.408096
          ],
          [
            22592.8,
            161.5,
            1538.1
          ]
        ],
        "unit_class": "dynBase_oil_storage_large_square",
        "props": {
          "army": 2,
          "active": true
        }
      },
      {
        "name": "t1_airfield",
        "tm": [
          [
            0.795182,
            0.0,
            0.60637
          ],
          [
            0.0,
            1.0,
            0.0
          ],
          [
            -0.60637,
            0.0,
            0.795182
          ],
          [
            42867.9,
            119.298,
            2294.15
          ]
        ],
        "unit_class": "dynaf_pg_1line_ground",
        "objLayer": 2,
        "props": {
          "army": 1,
          "active": true
        }
      },
      {
        "name": "t2_bomb_target_04",
        "tm": [
          [
            0.408096,
            0.0,
            -0.912939
          ],
          [
            0.0,
            1.0,
            0.0
          ],
          [
            0.912939,
            0.0,
            0.408096
          ],
          [
            27153.7,
            96.45,
            -10759.7
          ]
        ],
        "unit_class": "dynBase_petrol_camp_square",
        "props": {
          "army": 2,
          "active": true
        }
      },
      {
        "name": "t1_bomb_target_04",
        "tm": [
          [
            0.74461,
            0.0436194,
            -0.666072
          ],
          [
            -0.0615609,
            0.998097,
            -0.00345665
          ],
          [
            0.664655,
            0.0435779,
            0.745879
          ],
          [
            43506.1,
            204.0,
            -2220.9
          ]
        ],
        "unit_class": "dynBase_ammunition_storage_square",
        "props": {
          "army": 1,
          "active": true
        }
      },
      {
        "name": "t1_trench_02",
        "tm": [
          [
            0.454981,
            0.0128992,
            0.890406
          ],
          [
            -0.03411,
            0.999413,
            0.00295123
          ],
          [
            -0.889847,
            -0.0317146,
            0.455155
          ],
          [
            35134.1,
            494.4,
            -3111.1
          ]
        ],
        "unit_class": "dynTrench_small_bunker_axis",
        "props": {
          "army": 1,
          "active": true
        }
      },
      {
        "name": "t1_trench_03",
        "tm": [
          [
            -0.341749,
            0.0320635,
            0.939243
          ],
          [
            -0.0221027,
            0.998866,
            -0.0421411
          ],
          [
            -0.939531,
            -0.0351617,
            -0.340654
          ],
          [
            34434.6,
            171.3,
            -352.25
          ]
        ],
        "unit_class": "dynTrench_small_bunker_axis",
        "props": {
          "army": 1,
          "active": true
        }
      },
      {
        "name": "t1_trench_04",
        "tm": [
          [
            -0.341749,
            0.0320635,
            0.939243
          ],
          [
            -0.0221027,
            0.998866,
            -0.0421411
          ],
          [
            -0.939531,
            -0.0351617,
            -0.340654
          ],
          [
            33673.6,
            343.85,
            1768.1
          ]
        ],
        "unit_class": "dynTrench_small_bunker_axis",
        "props": {
          "army": 1,
          "active": true
        }
      },
      {
        "name": "t1_trench_05",
        "tm": [
          [
            -0.618579,
            -0.0208303,
            0.785444
          ],
          [
            -0.0512274,
            0.99859,
            -0.0138614
          ],
          [
            -0.78405,
            -0.0488108,
            -0.618776
          ],
          [
            33657.3,
            251.55,
            3348.8
          ]
        ],
        "unit_class": "dynTrench_small_bunker_axis",
        "props": {
          "army": 1,
          "active": true
        }
      },
      {
        "name": "t1_trench_06",
        "tm": [
          [
            -0.697212,
            0.00976673,
            0.716796
          ],
          [
            0.0107909,
            0.999936,
            -0.00312851
          ],
          [
            -0.716783,
            0.0055536,
            -0.697275
          ],
          [
            34338.8,
            123.05,
            570.0
          ]
        ],
        "unit_class": "dynTrench_small_bunker_axis",
        "props": {
          "army": 1,
          "active": true
        }
      },
      {
        "name": "t2_trench_01",
        "tm": [
          [
            0.327043,
            -0.0290312,
            -0.944561
          ],
          [
            0.187738,
            0.9816,
            0.0348332
          ],
          [
            0.926172,
            -0.188723,
            0.326477
          ],
          [
            30950.2,
            145.55,
            1172.95
          ]
        ],
        "unit_class": "dynTrench_small_bunker_axis",
        "props": {
          "army": 2,
          "active": true
        }
      },
      {
        "name": "t2_trench_02",
        "tm": [
          [
            0.328629,
            0.128912,
            -0.935618
          ],
          [
            0.121573,
            0.976624,
            0.177264
          ],
          [
            0.936602,
            -0.172001,
            0.305276
          ],
          [
            31020.5,
            144.45,
            63.9
          ]
        ],
        "unit_class": "dynTrench_small_bunker_axis",
        "props": {
          "army": 2,
          "active": true
        }
      },
      {
        "name": "t2_trench_03",
        "tm": [
          [
            0.36464,
            0.00121793,
            -0.931146
          ],
          [
            0.0383218,
            0.999131,
            0.0163139
          ],
          [
            0.93036,
            -0.0416321,
            0.364278
          ],
          [
            31473.2,
            280.3,
            -1273.2
          ]
        ],
        "unit_class": "dynTrench_small_bunker_axis",
        "props": {
          "army": 2,
          "active": true
        }
      },
      {
        "name": "t2_trench_04",
        "tm": [
          [
            0.553302,
            -0.00415554,
            -0.832968
          ],
          [
            0.0328743,
            0.999316,
            0.0168515
          ],
          [
            0.832331,
            -0.0367074,
            0.553061
          ],
          [
            32209.7,
            436.15,
            -2747.95
          ]
        ],
        "unit_class": "dynTrench_small_bunker_axis",
        "props": {
          "army": 2,
          "active": true
        }
      },
      {
        "name": "t2_trench_05",
        "tm": [
          [
            0.592108,
            0.0398183,
            -0.804873
          ],
          [
            0.0343531,
            0.996622,
            0.0745764
          ],
          [
            0.805126,
            -0.0718073,
            0.588742
          ],
          [
            32535.7,
            340.4,
            -4741.9
          ]
        ],
        "unit_class": "dynTrench_small_bunker_axis",
        "props": {
          "army": 2,
          "active": true
        }
      },
      {
        "name": "t2_trench_06",
        "tm": [
          [
            0.856525,
            0.0100815,
            -0.516005
          ],
          [
            0.0183261,
            0.998583,
            0.0499298
          ],
          [
            0.515778,
            -0.0522227,
            0.85513
          ],
          [
            32492.6,
            218.1,
            -5474.0
          ]
        ],
        "unit_class": "dynTrench_small_bunker_axis",
        "props": {
          "army": 2,
          "active": true
        }
      },
      {
        "name": "t1_trench_07",
        "tm": [
          [
            -0.697212,
            0.00976673,
            0.716796
          ],
          [
            0.0107909,
            0.999936,
            -0.00312851
          ],
          [
            -0.716783,
            0.0055536,
            -0.697275
          ],
          [
            35475.2,
            112.5,
            -73.2994
          ]
        ],
        "unit_class": "dynTrench_small_bunker_axis",
        "props": {
          "army": 1,
          "active": true
        }
      },
      {
        "name": "t1_trench_08",
        "tm": [
          [
            -0.658911,
            0.00862034,
            0.75217
          ],
          [
            -0.0121868,
            0.99968,
            -0.0221327
          ],
          [
            -0.752123,
            -0.0237501,
            -0.658596
          ],
          [
            35427.5,
            478.79,
            -2687.7
          ]
        ],
        "unit_class": "dynTrench_small_bunker_axis",
        "props": {
          "army": 1,
          "active": true
        }
      },
      {
        "name": "t2_trench_07",
        "tm": [
          [
            0.364628,
            0.00544565,
            -0.931136
          ],
          [
            0.0343891,
            0.999221,
            0.0193105
          ],
          [
            0.930519,
            -0.0390622,
            0.364157
          ],
          [
            31140.8,
            281.55,
            -1916.35
          ]
        ],
        "unit_class": "dynTrench_small_bunker_axis",
        "props": {
          "army": 2,
          "active": true
        }
      },
      {
        "name": "t2_trench_08",
        "tm": [
          [
            0.342298,
            -0.324116,
            -0.881917
          ],
          [
            0.118406,
            0.946015,
            -0.301716
          ],
          [
            0.932101,
            -0.00114831,
            0.362198
          ],
          [
            30172.4,
            171.55,
            898.86
          ]
        ],
        "unit_class": "dynTrench_small_bunker_axis",
        "props": {
          "army": 2,
          "active": true
        }
      },
      {
        "name": "t2_trench_09",
        "tm": [
          [
            0.322721,
            -0.00654742,
            -0.94647
          ],
          [
            -0.0300557,
            0.999399,
            -0.0171618
          ],
          [
            0.946018,
            0.0339855,
            0.322331
          ],
          [
            31867.5,
            523.15,
            -3477.8
          ]
        ],
        "unit_class": "dynTrench_small_bunker_axis",
        "props": {
          "army": 2,
          "active": true
        }
      },
      {
        "name": "t1_trench_09",
        "tm": [
          [
            -0.313769,
            0.242825,
            0.917924
          ],
          [
            0.177761,
            0.964674,
            -0.194429
          ],
          [
            -0.932711,
            0.102165,
            -0.34585
          ],
          [
            33726.6,
            345.9,
            2338.89
          ]
        ],
        "unit_class": "dynTrench_small_bunker_axis",
        "props": {
          "army": 1,
          "active": true
        }
      }
    ],
    "tankModels": [
      {
        "name": "t1_tank_01",
        "tm": [
          [
            -0.968478,
            0.0107356,
            0.248865
          ],
          [
            0.0254906,
            0.998097,
            0.0561419
          ],
          [
            -0.24779,
            0.0607159,
            -0.966908
          ],
          [
            37305.3,
            220.213,
            -2134.9
          ]
        ],
        "unit_class": "germ_pzkpfw_III_ausf_J",
        "closed_waypoints": false,
        "isShipSpline": false,
        "shipTurnRadius": 100.0,
        "weapons": "",
        "bullets0": "",
        "bullets1": "",
        "bullets2": "",
        "bullets3": "",
        "bulletsCount0": 0,
        "bulletsCount1": 0,
        "bulletsCount2": 0,
        "bulletsCount3": 0,
        "crewSkillK": 0.0,
        "applyAllMods": false,
        "props": {
          "army": 1,
          "count": 2,
          "formation_type": "rows",
          "formation_div": 3,
          "formation_step": [
            12.0,
            8.0
          ],
          "formation_noise": [
            0.3,
            0.4
          ],
          "uniqueName": "",
          "attack_type": "fire_at_will"
        },
        "way": {}
      },
      {
        "name": "t1_tank_02",
        "tm": [
          [
            -0.923665,
            0.0,
            -0.3832
          ],
          [
            0.0,
            1.0,
            0.0
          ],
          [
            0.3832,
            0.0,
            -0.923665
          ],
          [
            35916.3,
            529.2,
            3115.03
          ]
        ],
        "unit_class": "germ_pzkpfw_III_ausf_J",
        "closed_waypoints": false,
        "isShipSpline": false,
        "shipTurnRadius": 100.0,
        "weapons": "",
        "bullets0": "",
        "bullets1": "",
        "bullets2": "",
        "bullets3": "",
        "bulletsCount0": 0,
        "bulletsCount1": 0,
        "bulletsCount2": 0,
        "bulletsCount3": 0,
        "crewSkillK": 0.0,
        "applyAllMods": false,
        "props": {
          "army": 1,
          "count": 2,
          "formation_type": "rows",
          "formation_div": 3,
          "formation_step": [
            12.0,
            8.0
          ],
          "formation_noise": [
            0.3,
            0.4
          ],
          "uniqueName": "",
          "attack_type": "fire_at_will"
        },
        "way": {}
      },
      {
        "name": "t1_tank_03",
        "tm": [
          [
            -0.942521,
            -0.0106779,
            -0.333975
          ],
          [
            -0.0303293,
            0.998097,
            0.0536825
          ],
          [
            0.332765,
            0.0607261,
            -0.941052
          ],
          [
            36099.3,
            498.68,
            -2145.3
          ]
        ],
        "unit_class": "germ_pzkpfw_III_ausf_J",
        "closed_waypoints": false,
        "isShipSpline": false,
        "shipTurnRadius": 100.0,
        "weapons": "",
        "bullets0": "",
        "bullets1": "",
        "bullets2": "",
        "bullets3": "",
        "bulletsCount0": 0,
        "bulletsCount1": 0,
        "bulletsCount2": 0,
        "bulletsCount3": 0,
        "crewSkillK": 0.0,
        "applyAllMods": false,
        "props": {
          "army": 1,
          "count": 2,
          "formation_type": "rows",
          "formation_div": 3,
          "formation_step": [
            12.0,
            8.0
          ],
          "formation_noise": [
            0.3,
            0.4
          ],
          "uniqueName": "",
          "attack_type": "fire_at_will"
        },
        "way": {}
      },
      {
        "name": "t1_tank_04",
        "tm": [
          [
            -0.988245,
            0.0,
            -0.15288
          ],
          [
            0.0,
            1.0,
            0.0
          ],
          [
            0.15288,
            0.0,
            -0.988245
          ],
          [
            34188.0,
            451.191,
            2744.17
          ]
        ],
        "unit_class": "germ_pzkpfw_III_ausf_J",
        "closed_waypoints": false,
        "isShipSpline": false,
        "shipTurnRadius": 100.0,
        "weapons": "",
        "bullets0": "",
        "bullets1": "",
        "bullets2": "",
        "bullets3": "",
        "bulletsCount0": 0,
        "bulletsCount1": 0,
        "bulletsCount2": 0,
        "bulletsCount3": 0,
        "crewSkillK": 0.0,
        "applyAllMods": false,
        "props": {
          "army": 1,
          "count": 2,
          "formation_type": "rows",
          "formation_div": 3,
          "formation_step": [
            12.0,
            8.0
          ],
          "formation_noise": [
            0.3,
            0.4
          ],
          "uniqueName": "",
          "attack_type": "fire_at_will"
        },
        "way": {}
      },
      {
        "name": "t2_tank_01",
        "tm": [
          [
            0.999998,
            0.0,
            0.00165993
          ],
          [
            0.0,
            1.0,
            0.0
          ],
          [
            -0.00165993,
            0.0,
            0.999998
          ],
          [
            26512.0,
            238.499,
            71.6
          ]
        ],
        "unit_class": "germ_pzkpfw_III_ausf_J",
        "closed_waypoints": false,
        "isShipSpline": false,
        "shipTurnRadius": 100.0,
        "weapons": "",
        "bullets0": "",
        "bullets1": "",
        "bullets2": "",
        "bullets3": "",
        "bulletsCount0": 0,
        "bulletsCount1": 0,
        "bulletsCount2": 0,
        "bulletsCount3": 0,
        "crewSkillK": 0.0,
        "applyAllMods": false,
        "props": {
          "army": 2,
          "count": 2,
          "formation_type": "rows",
          "formation_div": 3,
          "formation_step": [
            12.0,
            8.0
          ],
          "formation_noise": [
            0.3,
            0.4
          ],
          "uniqueName": "",
          "attack_type": "fire_at_will"
        },
        "way": {}
      },
      {
        "name": "t2_tank_02",
        "tm": [
          [
            0.972777,
            0.0,
            0.231739
          ],
          [
            0.0,
            1.0,
            0.0
          ],
          [
            -0.231739,
            0.0,
            0.972777
          ],
          [
            28161.9,
            259.067,
            -3924.8
          ]
        ],
        "unit_class": "germ_pzkpfw_III_ausf_J",
        "closed_waypoints": false,
        "isShipSpline": false,
        "shipTurnRadius": 100.0,
        "weapons": "",
        "bullets0": "",
        "bullets1": "",
        "bullets2": "",
        "bullets3": "",
        "bulletsCount0": 0,
        "bulletsCount1": 0,
        "bulletsCount2": 0,
        "bulletsCount3": 0,
        "crewSkillK": 0.0,
        "applyAllMods": false,
        "props": {
          "army": 2,
          "count": 2,
          "formation_type": "rows",
          "formation_div": 3,
          "formation_step": [
            12.0,
            8.0
          ],
          "formation_noise": [
            0.3,
            0.4
          ],
          "uniqueName": "",
          "attack_type": "fire_at_will"
        },
        "way": {}
      },
      {
        "name": "t2_tank_04",
        "tm": [
          [
            0.979497,
            0.0,
            0.201461
          ],
          [
            0.0,
            1.0,
            0.0
          ],
          [
            -0.201461,
            0.0,
            0.979497
          ],
          [
            29925.5,
            403.754,
            -3331.0
          ]
        ],
        "unit_class": "germ_pzkpfw_III_ausf_J",
        "closed_waypoints": false,
        "isShipSpline": false,
        "shipTurnRadius": 100.0,
        "weapons": "",
        "bullets0": "",
        "bullets1": "",
        "bullets2": "",
        "bullets3": "",
        "bulletsCount0": 0,
        "bulletsCount1": 0,
        "bulletsCount2": 0,
        "bulletsCount3": 0,
        "crewSkillK": 0.0,
        "applyAllMods": false,
        "props": {
          "army": 2,
          "count": 2,
          "formation_type": "rows",
          "formation_div": 3,
          "formation_step": [
            12.0,
            8.0
          ],
          "formation_noise": [
            0.3,
            0.4
          ],
          "uniqueName": "",
          "attack_type": "fire_at_will"
        },
        "way": {}
      },
      {
        "name": "t2_tank_03",
        "tm": [
          [
            0.747967,
            0.0,
            0.663733
          ],
          [
            0.0,
            1.0,
            0.0
          ],
          [
            -0.663733,
            0.0,
            0.747967
          ],
          [
            28638.4,
            163.748,
            1196.81
          ]
        ],
        "unit_class": "germ_pzkpfw_III_ausf_J",
        "closed_waypoints": false,
        "isShipSpline": false,
        "shipTurnRadius": 100.0,
        "weapons": "",
        "bullets0": "",
        "bullets1": "",
        "bullets2": "",
        "bullets3": "",
        "bulletsCount0": 0,
        "bulletsCount1": 0,
        "bulletsCount2": 0,
        "bulletsCount3": 0,
        "crewSkillK": 0.0,
        "applyAllMods": false,
        "props": {
          "army": 2,
          "count": 2,
          "formation_type": "rows",
          "formation_div": 3,
          "formation_step": [
            12.0,
            8.0
          ],
          "formation_noise": [
            0.3,
            0.4
          ],
          "uniqueName": "",
          "attack_type": "fire_at_will"
        },
        "way": {}
      }
    ],
    "squad": [
      {
        "name": "t1_tanks_squad",
        "tm": [
          [
            0.407709,
            0.0436194,
            -0.912069
          ],
          [
            -0.0576058,
            0.998097,
            0.0219831
          ],
          [
            0.911294,
            0.0435779,
            0.409446
          ],
          [
            39585.8,
            1502.85,
            3439.06
          ]
        ],
        "props": {
          "squad_members": [
            "t1_tank_01",
            "t1_tank_02",
            "t1_tank_03",
            "t1_tank_04"
          ],
          "object_marking": 0
        }
      },
      {
        "name": "t1_land_squad",
        "tm": [
          [
            0.407709,
            0.0436194,
            -0.912069
          ],
          [
            -0.0576058,
            0.998097,
            0.0219831
          ],
          [
            0.911294,
            0.0435779,
            0.409446
          ],
          [
            49438.0,
            126.899,
            6084.86
          ]
        ],
        "props": {
          "squad_members": [
            "t1_aaa_squad",
            "t1_artillery_squad"
          ],
          "object_marking": 0
        }
      },
      {
        "name": "t2_land_squad",
        "tm": [
          [
            0.630477,
            0.0,
            -0.776208
          ],
          [
            0.0,
            1.0,
            0.0
          ],
          [
            0.776208,
            0.0,
            0.630477
          ],
          [
            26885.9,
            217.598,
            -12090.6
          ]
        ],
        "props": {
          "squad_members": [
            "t2_aaa_squad",
            "t2_artillery_squad"
          ],
          "object_marking": 0
        }
      },
      {
        "name": "t2_base_01_tanks_squad",
        "tm": [
          [
            0.630477,
            0.0,
            -0.776208
          ],
          [
            0.0,
            1.0,
            0.0
          ],
          [
            0.776208,
            0.0,
            0.630477
          ],
          [
            26231.5,
            2492.52,
            -4106.6
          ]
        ],
        "props": {
          "squad_members": [
            "t2_tank_01",
            "t2_tank_02"
          ],
          "object_marking": 0
        }
      },
      {
        "name": "t2_tanks_squad",
        "tm": [
          [
            0.630477,
            0.0,
