{
  "selected_tag": "",
  "bin_dump_file": "",
  "mission_settings": {
    "player": [
      {
        "army": 1
      },
      {
        "wing": "t1_player01"
      },
      {
        "wing": "t1_player02"
      },
      {
        "wing": "t1_player03"
      },
      {
        "wing": "t1_player04"
      },
      {
        "wing": "t1_player05"
      },
      {
        "wing": "t1_player06"
      },
      {
        "wing": "t1_player07"
      },
      {
        "wing": "t1_player08"
      },
      {
        "wing": "t1_player09"
      },
      {
        "wing": "t1_player10"
      },
      {
        "wing": "t1_player11"
      },
      {
        "wing": "t1_player12"
      },
      {
        "wing": "t1_player13"
      },
      {
        "wing": "t1_player14"
      },
      {
        "wing": "t1_player15"
      },
      {
        "wing": "t1_player16"
      }
    ],
    "player_teamB": [
      {
        "army": 2
      },
      {
        "wing": "t2_player01"
      },
      {
        "wing": "t2_player02"
      },
      {
        "wing": "t2_player03"
      },
      {
        "wing": "t2_player04"
      },
      {
        "wing": "t2_player05"
      },
      {
        "wing": "t2_player06"
      },
      {
        "wing": "t2_player07"
      },
      {
        "wing": "t2_player08"
      },
      {
        "wing": "t2_player09"
      },
      {
        "wing": "t2_player10"
      },
      {
        "wing": "t2_player11"
      },
      {
        "wing": "t2_player12"
      },
      {
        "wing": "t2_player13"
      },
      {
        "wing": "t2_player14"
      },
      {
        "wing": "t2_player15"
      },
      {
        "wing": "t2_player16"
      },
      {
        "wing": "t2_player17"
      }
    ],
    "mission": {
      "level": "levels/arcade_asia_4roads.bin",
      "type": "domination",
      "environment": "Day",
      "weather": "hazy",
      "locName": "missions/_frontline_GS;location/arcade_asia_4roads",
      "locDesc": "missions/_frontline_GS/desc",
      "scoreLimit": 8500,
      "timeLimit": 25,
      "deathPenaltyMul": 0.2,
      "country_axis": "germany",
      "country_allies": "ussr",
      "restoreType": "attempts",
      "optionalTakeOff": false,
      "allowedUnitTypes": {
        "isAirplanesAllowed": true,
        "isTanksAllowed": false,
        "isShipsAllowed": false,
        "isHelicoptersAllowed": false
      }
    },
    "atmosphere": {
      "pressure": 760.0,
      "temperature": -5.0
    },
    "spectator_points": [],
    "briefing": {
      "place_loc": "",
      "date_loc": "",
      "objective_loc": "",
      "music": "action_01",
      "part": {
        "event": "",
        "minTime": 0,
        "slide": [
          {
            "map": true
          },
          {
            "minTime": 4
          },
          {
            "picture": ""
          },
          {
            "showAirMap": false
          },
          {
            "icon": {
              "icontype": "fighter",
              "side": "ally",
              "target": "t1_bombers_spawn",
              "lookAt": "small_matching_area"
            }
          },
          {
            "icon": {
              "icontype": "fighter",
              "side": "enemy",
              "target": "t2_bombers_spawn",
              "lookAt": "small_matching_area"
            }
          },
          {
            "icon": {
              "icontype": "artillery",
              "side": "ally",
              "target": "t1_briefing_art"
            }
          },
          {
            "icon": {
              "icontype": "artillery",
              "side": "enemy",
              "target": "t2_briefing_art_01"
            }
          },
          {
            "icon": {
              "icontype": "artillery",
              "side": "enemy",
              "target": "t2_briefing_art_02"
            }
          }
        ]
      }
    }
  },
  "imports": [
    {
      "import_record": {
        "file": "gameData/missions/templates/air_templates/air_frontline_base_logic_template.blk",
        "importAreas": true,
        "importUnits": true,
        "importTriggers": true,
        "importMissionObjectives": true,
        "importWayPoints": true,
        "showAreas": true,
        "showUnits": true,
        "showTriggers": true,
        "showMissionObjectives": true,
        "showWayPoints": true,
        "excludes": []
      }
    },
    {
      "import_record": {
        "file": "gameData/missions/templates/arcade_spawner.blk",
        "importAreas": true,
        "importUnits": true,
        "importTriggers": true,
        "importMissionObjectives": true,
        "importWayPoints": true,
        "showAreas": true,
        "showUnits": true,
        "showTriggers": true,
        "showMissionObjectives": true,
        "showWayPoints": true,
        "excludes": []
      }
    },
    {
      "import_record": {
        "file": "gameData/missions/templates/gs_objectives_template.blk",
        "importAreas": true,
        "importUnits": true,
        "importTriggers": true,
        "importMissionObjectives": true,
        "importWayPoints": true,
        "showAreas": true,
        "showUnits": true,
        "showTriggers": true,
        "showMissionObjectives": true,
        "showWayPoints": true,
        "excludes": []
      }
    },
    {
      "import_record": {
        "file": "gameData/missions/templates/air_templates/air_frontline_units_death_template.blk",
        "importAreas": true,
        "importUnits": true,
        "importTriggers": true,
        "importMissionObjectives": true,
        "importWayPoints": true,
        "showAreas": true,
        "showUnits": true,
        "showTriggers": true,
        "showMissionObjectives": true,
        "showWayPoints": true,
        "excludes": []
      }
    },
    {
      "import_record": {
        "file": "gameData/missions/templates/destroy_bomb_areas_template.blk",
        "importAreas": true,
        "importUnits": true,
        "importTriggers": true,
        "importMissionObjectives": true,
        "importWayPoints": true,
        "showAreas": true,
        "showUnits": true,
        "showTriggers": true,
        "showMissionObjectives": true,
        "showWayPoints": true,
        "excludes": []
      }
    },
    {
      "import_record": {
        "file": "gameData/missions/templates/destroy_airfield_zone_template.blk",
        "importAreas": true,
        "importUnits": true,
        "importTriggers": true,
        "importMissionObjectives": true,
        "importWayPoints": true,
        "showAreas": true,
        "showUnits": true,
        "showTriggers": true,
        "showMissionObjectives": true,
        "showWayPoints": true,
        "excludes": []
      }
    }
  ],
  "triggers": {
    "isCategory": true,
    "is_enabled": true,
    "start_mission": {
      "is_enabled": true,
      "comments": "",
      "props": {
        "actionsType": "PERFORM_ONE_BY_ONE",
        "conditionsType": "ALL",
        "enableAfterComplete": false
      },
      "events": {
        "initMission": []
      },
      "conditions": [],
      "actions": [
        {
          "varSetInt": {
            "value": 4,
            "var": "max_bomb_areas"
          }
        },
        {
          "varSetBool": {
            "value": true,
            "var": "isBombingZonesAffect"
          }
        },
        {
          "comment": {
            "value": "задаем начальную скорость уничтожения наземки"
          }
        },
        {
          "varSetReal": [
            {
              "value": 1800.0
            },
            {
              "var": "arcade_destroy_timer"
            },
            {
              "var": "historical_destroy_timer"
            }
          ]
        },
        {
          "comment": {
            "value": "задаем значения для предотвращения длинных сессий"
          }
        },
        {
          "varSetInt": {
            "value": 600,
            "var": "long_time_is"
          }
        },
        {
          "varSetInt": {
            "value": 900,
            "var": "long_time_arcade_timer"
          }
        },
        {
          "varSetInt": {
            "value": 64000,
            "var": "long_time_arcade_distance"
          }
        },
        {
          "comment": {
            "value": "начинается логика миссии"
          }
        },
        {
          "varSetReal": {
            "value": 250.0,
            "var": "nearDamageDistance"
          }
        },
        {
          "unitSetProperties": [
            {
              "object_marking": 0
            },
            {
              "object_var_name": ""
            },
            {
              "object_var_comp_op": "equal"
            },
            {
              "object_var_value": 0
            },
            {
              "object": "t1_mguns_squad"
            },
            {
              "object": "t2_mguns_squad"
            },
            {
              "object": "t1_artillery_squad"
            },
            {
              "object": "t2_artillery_squad"
            },
            {
              "object": "t1_soldiers_squad"
            },
            {
              "object": "t2_soldiers_squad"
            },
            {
              "object": "t1_bunkers_squad"
            },
            {
              "object": "t2_bunkers_squad"
            },
            {
              "accuracy": 0.0
            },
            {
              "effShootingRate": 0.0
            }
          ]
        },
        {
          "unitSetProperties": [
            {
              "object_marking": 0
            },
            {
              "object_var_name": ""
            },
            {
              "object_var_comp_op": "equal"
            },
            {
              "object_var_value": 0
            },
            {
              "object": "t1_small_aaa_squad"
            },
            {
              "object": "t1_big_aaa_squad"
            },
            {
              "object": "t2_small_aaa_squad"
            },
            {
              "object": "t2_big_aaa_squad"
            },
            {
              "accuracy": 0.1
            },
            {
              "effShootingRate": 0.0
            },
            {
              "airEffShootingRate": 0.1
            }
          ]
        },
        {
          "__missionMarkAsRespawnPoint": {
            "loc_name": "missions/bombers_spawn",
            "spawnEffect": false,
            "isStrictSpawn": false,
            "isAirfield": false,
            "isUnit": false,
            "useExisting": false,
            "isIndividual": false,
            "removeAreas": false,
            "canSpawnOnNeutral": false,
            "showOnMap": true,
            "radius": -1.0,
            "onlyOnePlayerPerSpawnPoint": false,
            "resetStrictSpawnIndex": false,
            "forceCreate": false,
            "replaceAreas": false,
            "target": "t1_bombers_spawn",
            "team": "A",
            "offset": [0.0,0.0,0.0],
            "tags": {
              "type_bomber": true,
              "tank": false
            }
          }
        },
        {
          "__missionMarkAsRespawnPoint": {
            "loc_name": "missions/bombers_spawn",
            "spawnEffect": false,
            "isStrictSpawn": false,
            "isAirfield": false,
            "isUnit": false,
            "useExisting": false,
            "isIndividual": false,
            "removeAreas": false,
            "canSpawnOnNeutral": false,
            "showOnMap": true,
            "radius": -1.0,
            "onlyOnePlayerPerSpawnPoint": false,
            "resetStrictSpawnIndex": false,
            "forceCreate": false,
            "replaceAreas": false,
            "target": "t2_bombers_spawn",
            "team": "B",
            "offset": [0.0,0.0,0.0],
            "tags": {
              "type_bomber": true,
              "tank": false
            }
          }
        }
      ],
      "else_actions": []
    },
    "mguns_retarget": {
      "is_enabled": true,
      "comments": "",
      "props": {
        "actionsType": "PERFORM_ONE_BY_ONE",
        "conditionsType": "ALL",
        "enableAfterComplete": true
      },
      "events": {
        "periodicEvent": {
          "time": 5.0
        }
      },
      "conditions": [],
      "actions": [
        {
          "unitAttackTarget": {
            "playerAttracted": false,
            "object": "t1_mguns_squad",
            "target": "t2_mguns_squad",
            "fireRandom": true
          }
        },
        {
          "unitAttackTarget": {
            "playerAttracted": false,
            "object": "t2_mguns_squad",
            "target": "t1_mguns_squad",
            "fireRandom": true
          }
        }
      ],
      "else_actions": []
    }
  },
  "mission_objectives": {
    "isCategory": true,
    "is_enabled": true
  },
  "variables": [],
  "dialogs": [],
  "airfields": [],
  "effects": [],
  "units": [
    {
      "objectGroups": {
        "name": "t1_trench_01",
        "tm": [
          [0.793353,0.0,-0.608761],
          [0.0,1.0,0.0],
          [0.608761,0.0,0.793353],
          [-4268.25,298.81,91.1]
        ],
        "unit_class": "dynTrench_long_a",
        "objLayer": 2,
        "props": {
          "army": 1,
          "active": true
        }
      }
    },
    {
      "objectGroups": {
        "name": "t1_trench_02",
        "tm": [
          [0.965926,0.0,-0.258819],
          [0.0,1.0,0.0],
          [0.258819,0.0,0.965926],
          [-3914.3,298.81,-89.8]
        ],
        "unit_class": "dynTrench_long_a",
        "objLayer": 2,
        "props": {
          "army": 1,
          "active": true
        }
      }
    },
    {
      "objectGroups": {
        "name": "t1_trench_03",
        "tm": [
          [0.92388,0.0,0.382683],
          [0.0,1.0,0.0],
          [-0.382683,0.0,0.92388],
          [-3640.15,298.81,-116.8]
        ],
        "unit_class": "dynTrench_long_b",
        "objLayer": 2,
        "props": {
          "army": 1,
          "active": true
        }
      }
    },
    {
      "objectGroups": {
        "name": "t1_trench_04",
        "tm": [
          [0.737277,0.0,0.67559],
          [0.0,1.0,0.0],
          [-0.67559,0.0,0.737277],
          [-3409.3,298.81,48.8]
        ],
        "unit_class": "dynTrench_long_a",
        "objLayer": 2,
        "props": {
          "army": 1,
          "active": true
        }
      }
    },
    {
      "objectGroups": {
        "name": "t1_trench_05",
        "tm": [
          [0.866025,0.0,0.5],
          [0.0,1.0,0.0],
          [-0.5,0.0,0.866025],
          [-3063.9,298.81,297.65]
        ],
        "unit_class": "dynTrench_long_a",
        "objLayer": 2,
        "props": {
          "army": 1,
          "active": true
        }
      }
    },
    {
      "objectGroups": {
        "name": "t1_trench_06",
        "tm": [
          [0.766044,0.0,0.642788],
          [0.0,1.0,0.0],
          [-0.642788,0.0,0.766044],
          [-2724.8,298.81,528.55]
        ],
        "unit_class": "dynTrench_long_a",
        "objLayer": 2,
        "props": {
          "army": 1,
          "active": true
        }
      }
    },
    {
      "objectGroups": {
        "name": "t1_trench_07",
        "tm": [
          [0.866025,0.0,0.5],
          [0.0,1.0,0.0],
          [-0.5,0.0,0.866025],
          [-2491.0,298.81,697.75]
        ],
        "unit_class": "dynTrench_long_b",
        "objLayer": 2,
        "props": {
          "army": 1,
          "active": true
        }
      }
    },
    {
      "objectGroups": {
        "name": "t1_trench_08",
        "tm": [
          [0.984808,0.0,-0.173648],
          [0.0,1.0,0.0],
          [0.173648,0.0,0.984808],
          [-2344.65,298.81,716.6]
        ],
        "unit_class": "dynTrench_long_b",
        "objLayer": 2,
        "props": {
          "army": 1,
          "active": true
        }
      }
    },
    {
      "objectGroups": {
        "name": "t1_trench_09",
        "tm": [
          [0.887011,0.0,-0.461749],
          [0.0,1.0,0.0],
          [0.461749,0.0,0.887011],
          [-2080.8,298.81,640.65]
        ],
        "unit_class": "dynTrench_long_b",
        "objLayer": 2,
        "props": {
          "army": 1,
          "active": true
        }
      }
    },
    {
      "objectGroups": {
        "name": "t1_trench_10",
        "tm": [
          [0.965926,0.0,-0.258819],
          [0.0,1.0,0.0],
          [0.258819,0.0,0.965926],
          [-1813.85,298.81,544.55]
        ],
        "unit_class": "dynTrench_long_a",
        "objLayer": 2,
        "props": {
          "army": 1,
          "active": true
        }
      }
    },
    {
      "objectGroups": {
        "name": "t1_trench_11",
        "tm": [
          [0.984808,0.0,0.173648],
          [0.0,1.0,0.0],
          [-0.173648,0.0,0.984808],
          [-1401.2,298.81,521.6]
        ],
        "unit_class": "dynTrench_long_a",
        "objLayer": 2,
        "props": {
          "army": 1,
          "active": true
        }
      }
    },
    {
      "objectGroups": {
        "name": "t1_trench_12",
        "tm": [
          [0.996195,0.0,-0.0871556],
          [0.0,1.0,0.0],
          [0.0871556,0.0,0.996195],
          [-740.95,298.81,486.5]
        ],
        "unit_class": "dynTrench_long_a",
        "objLayer": 2,
        "props": {
          "army": 1,
          "active": true
        }
      }
    },
    {
      "objectGroups": {
        "name": "t1_trench_13",
        "tm": [
          [0.939692,0.0,-0.34202],
          [0.0,1.0,0.0],
          [0.34202,0.0,0.939692],
          [-362.55,298.81,397.35]
        ],
        "unit_class": "dynTrench_long_a",
        "objLayer": 2,
        "props": {
          "army": 1,
          "active": true
        }
      }
    },
    {
      "objectGroups": {
        "name": "t1_trench_14",
        "tm": [
          [0.976296,0.0,-0.216439],
          [0.0,1.0,0.0],
          [0.216439,0.0,0.976296],
          [122.7,298.81,257.4]
        ],
        "unit_class": "dynTrench_long_a",
        "objLayer": 2,
        "props": {
          "army": 1,
          "active": true
        }
      }
    },
    {
      "objectGroups": {
        "name": "t1_trench_15",
        "tm": [
          [0.996194,0.0,0.0871558],
          [0.0,1.0,0.0],
          [-0.0871558,0.0,0.996194],
          [502.85,298.81,229.55]
        ],
        "unit_class": "dynTrench_long_a",
        "objLayer": 2,
        "props": {
          "army": 1,
          "active": true
        }
      }
    },
    {
      "objectGroups": {
        "name": "t1_trench_16",
        "tm": [
          [0.996194,0.0,0.0871558],
          [0.0,1.0,0.0],
          [-0.0871558,0.0,0.996194],
          [1414.9,298.81,222.65]
        ],
        "unit_class": "dynTrench_long_a",
        "objLayer": 2,
        "props": {
          "army": 1,
          "active": true
        }
      }
    },
    {
      "objectGroups": {
        "name": "t1_trench_17",
        "tm": [
          [0.923879,0.0,0.382683],
          [0.0,1.0,0.0],
          [-0.382683,0.0,0.923879],
          [1814.8,298.81,316.0]
        ],
        "unit_class": "dynTrench_long_a",
        "objLayer": 2,
        "props": {
          "army": 1,
          "active": true
        }
      }
    },
    {
      "objectGroups": {
        "name": "t1_trench_18",
        "tm": [
          [0.737277,0.0,0.67559],
          [0.0,1.0,0.0],
          [-0.67559,0.0,0.737277],
          [2261.15,298.81,667.45]
        ],
        "unit_class": "dynTrench_long_a",
        "objLayer": 2,
        "props": {
          "army": 1,
          "active": true
        }
      }
    },
    {
      "objectGroups": {
        "name": "t1_trench_19",
        "tm": [
          [0.991445,0.0,0.130526],
          [0.0,1.0,0.0],
          [-0.130526,0.0,0.991445],
          [2617.2,298.81,825.7]
        ],
        "unit_class": "dynTrench_long_a",
        "objLayer": 2,
        "props": {
          "army": 1,
          "active": true
        }
      }
    },
    {
      "objectGroups": {
        "name": "t1_trench_20",
        "tm": [
          [0.906308,0.0,-0.422618],
          [0.0,1.0,0.0],
          [0.422618,0.0,0.906308],
          [3010.75,298.81,759.25]
        ],
        "unit_class": "dynTrench_long_a",
        "objLayer": 2,
        "props": {
          "army": 1,
          "active": true
        }
      }
    },
    {
      "objectGroups": {
        "name": "t1_trench_21",
        "tm": [
          [0.906308,0.0,-0.422618],
          [0.0,1.0,0.0],
          [0.422618,0.0,0.906308],
          [3402.3,298.81,574.35]
        ],
        "unit_class": "dynTrench_long_a",
        "objLayer": 2,
        "props": {
          "army": 1,
          "active": true
        }
      }
    },
    {
      "objectGroups": {
        "name": "t1_trench_22",
        "tm": [
          [0.608761,0.0,0.793353],
          [0.0,1.0,0.0],
          [-0.793353,0.0,0.608761],
          [4091.5,298.81,780.6]
        ],
        "unit_class": "dynTrench_long_a",
        "objLayer": 2,
        "props": {
          "army": 1,
          "active": true
        }
      }
    },
    {
      "objectGroups": {
        "name": "t1_trench_23",
        "tm": [
          [0.608761,0.0,0.793353],
          [0.0,1.0,0.0],
          [-0.793353,0.0,0.608761],
          [4361.3,298.81,1122.7]
        ],
        "unit_class": "dynTrench_long_a",
        "objLayer": 2,
        "props": {
          "army": 1,
          "active": true
        }
      }
    },
    {
      "objectGroups": {
        "name": "t1_trench_24",
        "tm": [
          [0.843391,0.0,0.5373],
          [0.0,1.0,0.0],
          [-0.5373,0.0,0.843391],
          [4668.65,298.81,1397.8]
        ],
        "unit_class": "dynTrench_long_a",
        "objLayer": 2,
        "props": {
          "army": 1,
          "active": true
        }
      }
    },
    {
      "objectGroups": {
        "name": "t1_trench_25",
        "tm": [
          [0.996194,0.0,0.0871558],
          [0.0,1.0,0.0],
          [-0.0871558,0.0,0.996194],
          [5058.4,298.81,1526.9]
        ],
        "unit_class": "dynTrench_long_a",
        "objLayer": 2,
        "props": {
          "army": 1,
          "active": true
        }
      }
    },
    {
      "objectGroups": {
        "name": "t1_trench_26",
        "tm": [
          [0.976296,0.0,-0.216439],
          [0.0,1.0,0.0],
          [0.216439,0.0,0.976296],
          [5481.15,298.81,1491.65]
        ],
        "unit_class": "dynTrench_long_a",
        "objLayer": 2,
        "props": {
          "army": 1,
          "active": true
        }
      }
    },
    {
      "objectGroups": {
        "name": "t2_trench_01",
        "tm": [
          [0.793353,0.0,-0.608761],
          [0.0,1.0,0.0],
          [0.608761,0.0,0.793353],
          [-4659.45,298.99,-537.45]
        ],
        "unit_class": "dynTrench_long_a",
        "objLayer": 2,
        "props": {
          "army": 2,
          "active": true
        }
      }
    },
    {
      "objectGroups": {
        "name": "t2_trench_02",
        "tm": [
          [0.88701,0.0,-0.461748],
          [0.0,1.0,0.0],
          [0.461748,0.0,0.88701],
          [-4318.15,298.99,-761.15]
        ],
        "unit_class": "dynTrench_long_a",
        "objLayer": 2,
        "props": {
          "army": 2,
          "active": true
        }
      }
    },
    {
      "objectGroups": {
        "name": "t2_trench_03",
        "tm": [
          [0.976296,0.0,-0.216439],
          [0.0,1.0,0.0],
          [0.216439,0.0,0.976296],
          [-3938.5,298.99,-905.9]
        ],
        "unit_class": "dynTrench_long_a",
        "objLayer": 2,
        "props": {
          "army": 2,
          "active": true
        }
      }
    },
    {
      "objectGroups": {
        "name": "t2_trench_04",
        "tm": [
          [0.984807,0.0,0.173648],
          [0.0,1.0,0.0],
          [-0.173648,0.0,0.984807],
          [-3532.0,298.99,-918.0]
        ],
        "unit_class": "dynTrench_long_a",
        "objLayer": 2,
        "props": {
          "army": 2,
          "active": true
        }
      }
    },
    {
      "objectGroups": {
        "name": "t2_trench_05",
        "tm": [
          [0.843391,0.0,0.537299],
          [0.0,1.0,0.0],
          [-0.537299,0.0,0.843391],
          [-3167.0,298.99,-784.35]
        ],
        "unit_class": "dynTrench_long_a",
        "objLayer": 2,
        "props": {
          "army": 2,
          "active": true
        }
      }
    },
    {
      "objectGroups": {
        "name": "t2_trench_06",
        "tm": [
          [0.707106,0.0,0.707107],
          [0.0,1.0,0.0],
          [-0.707107,0.0,0.707106],
          [-2860.9,298.99,-541.55]
        ],
        "unit_class": "dynTrench_long_a",
        "objLayer": 2,
        "props": {
          "army": 2,
          "active": true
        }
      }
    },
    {
      "objectGroups": {
        "name": "t2_trench_07",
        "tm": [
          [0.939692,0.0,0.34202],
          [0.0,1.0,0.0],
          [-0.34202,0.0,0.939692],
          [-2644.4,298.99,-379.6]
        ],
        "unit_class": "dynTrench_long_b",
        "objLayer": 2,
        "props": {
          "army": 2,
          "active": true
        }
      }
    },
    {
      "objectGroups": {
        "name": "t2_trench_08",
        "tm": [
          [0.991444,0.0,-0.130526],
          [0.0,1.0,0.0],
          [0.130526,0.0,0.991444],
          [-1980.55,298.99,-302.25]
        ],
        "unit_class": "dynTrench_long_a",
        "objLayer": 2,
        "props": {
          "army": 2,
          "active": true
        }
      }
    },
    {
      "objectGroups": {
        "name": "t2_trench_09",
        "tm": [
          [0.991444,0.0,0.130526],
          [0.0,1.0,0.0],
          [-0.130526,0.0,0.991444],
          [-1580.35,298.99,-308.4]
        ],
        "unit_class": "dynTrench_long_a",
        "objLayer": 2,
        "props": {
          "army": 2,
          "active": true
        }
      }
    },
    {
      "objectGroups": {
        "name": "t2_trench_10",
        "tm": [
          [0.906307,0.0,0.422618],
          [0.0,1.0,0.0],
          [-0.422618,0.0,0.906307],
          [-1301.1,298.99,-251.6]
        ],
        "unit_class": "dynTrench_long_b",
        "objLayer": 2,
        "props": {
          "army": 2,
          "active": true
        }
      }
    },
    {
      "objectGroups": {
        "name": "t2_trench_11",
        "tm": [
          [0.923879,0.0,0.382683],
          [0.0,1.0,0.0],
          [-0.382683,0.0,0.923879],
          [-920.0,298.99,-73.65]
        ],
        "unit_class": "dynTrench_long_a",
        "objLayer": 2,
        "props": {
          "army": 2,
          "active": true
        }
      }
    },
    {
      "objectGroups": {
        "name": "t2_trench_12",
        "tm": [
          [0.996194,0.0,-0.0871556],
          [0.0,1.0,0.0],
          [0.0871556,0.0,0.996194],
          [-522.5,298.99,-18.05]
        ],
        "unit_class": "dynTrench_long_a",
        "objLayer": 2,
        "props": {
          "army": 2,
          "active": true
        }
      }
    },
    {
      "objectGroups": {
        "name": "t2_trench_13",
        "tm": [
          [0.996194,0.0,0.0871558],
          [0.0,1.0,0.0],
          [-0.0871558,0.0,0.996194],
          [-118.85,298.99,-23.65]
        ],
        "unit_class": "dynTrench_long_a",
        "objLayer": 2,
        "props": {
          "army": 2,
          "active": true
        }
      }
    },
    {
      "objectGroups": {
        "name": "t2_trench_14",
        "tm": [
          [0.996194,0.0,0.0871558],
          [0.0,1.0,0.0],
          [-0.0871558,0.0,0.996194],
          [295.25,298.99,6.0]
        ],
        "unit_class": "dynTrench_long_a",
        "objLayer": 2,
        "props": {
          "army": 2,
          "active": true
        }
      }
    },
    {
      "objectGroups": {
        "name": "t2_trench_15",
        "tm": [
          [0.996194,0.0,0.0871558],
          [0.0,1.0,0.0],
          [-0.0871558,0.0,0.996194],
          [1384.95,298.99,-79.15]
        ],
        "unit_class": "dynTrench_long_a",
        "objLayer": 2,
        "props": {
          "army": 2,
          "active": true
        }
      }
    },
    {
      "objectGroups": {
        "name": "t2_trench_16",
        "tm": [
          [0.953717,0.0,0.300706],
          [0.0,1.0,0.0],
          [-0.300706,0.0,0.953717],
          [1811.95,298.99,0.7]
        ],
        "unit_class": "dynTrench_long_a",
        "objLayer": 2,
        "props": {
          "army": 2,
          "active": true
        }
      }
    },
    {
      "objectGroups": {
        "name": "t2_trench_17",
        "tm": [
          [0.923879,0.0,-0.382683],
          [0.0,1.0,0.0],
          [0.382683,0.0,0.923879],
          [2472.8,298.99,11.6]
        ],
        "unit_class": "dynTrench_long_a",
        "objLayer": 2,
        "props": {
          "army": 2,
          "active": true
        }
      }
    },
    {
      "objectGroups": {
        "name": "t2_trench_18",
        "tm": [
          [0.976296,0.0,-0.216439],
          [0.0,1.0,0.0],
          [0.216439,0.0,0.976296],
          [2869.75,298.99,-119.4]
        ],
        "unit_class": "dynTrench_long_a",
        "objLayer": 2,
        "props": {
          "army": 2,
          "active": true
        }
      }
    },
    {
      "objectGroups": {
        "name": "t2_trench_19",
        "tm": [
          [0.939692,0.0,-0.34202],
          [0.0,1.0,0.0],
          [0.34202,0.0,0.939692],
          [3273.4,298.99,-242.6]
        ],
        "unit_class": "dynTrench_long_a",
        "objLayer": 2,
        "props": {
          "army": 2,
          "active": true
        }
      }
    },
    {
      "objectGroups": {
        "name": "t2_trench_20",
        "tm": [
          [0.793353,0.0,0.608761],
          [0.0,1.0,0.0],
          [-0.608761,0.0,0.793353],
          [4189.65,298.99,-221.2]
        ],
        "unit_class": "dynTrench_long_a",
        "objLayer": 2,
        "props": {
          "army": 2,
          "active": true
        }
      }
    },
    {
      "objectGroups": {
        "name": "t2_trench_21",
        "tm": [
          [0.573576,0.0,0.819152],
          [0.0,1.0,0.0],
          [-0.819152,0.0,0.573576],
          [4482.2,298.99,75.8]
        ],
        "unit_class": "dynTrench_long_a",
        "objLayer": 2,
        "props": {
          "army": 2,
          "active": true
        }
      }
    },
    {
      "objectGroups": {
        "name": "t2_trench_22",
        "tm": [
          [0.608761,0.0,0.793353],
          [0.0,1.0,0.0],
          [-0.793353,0.0,0.608761],
          [4731.15,298.99,404.1]
        ],
        "unit_class": "dynTrench_long_a",
        "objLayer": 2,
        "props": {
          "army": 2,
          "active": true
        }
      }
    },
    {
      "objectGroups": {
        "name": "t2_trench_23",
        "tm": [
          [0.866025,0.0,0.5],
          [0.0,1.0,0.0],
          [-0.5,0.0,0.866025],
          [5039.1,298.99,665.3]
        ],
        "unit_class": "dynTrench_long_a",
        "objLayer": 2,
        "props": {
          "army": 2,
          "active": true
        }
      }
    },
    {
      "objectGroups": {
        "name": "t2_trench_24",
        "tm": [
          [0.965925,0.0,-0.258819],
          [0.0,1.0,0.0],
          [0.258819,0.0,0.965925],
          [5395.3,298.99,707.35]
        ],
        "unit_class": "dynTrench_long_a",
        "objLayer": 2,
        "props": {
          "army": 2,
          "active": true
        }
      }
    },
    {
      "armada": {
        "name": "t1_player01",
        "tm": [
          [-1.0,0.0,-5.96046e-08],
          [0.0,1.0,0.0],
          [5.96046e-08,0.0,-1.0],
          [3515.9,1641.7,431.0]
        ],
        "unit_class": "yak-1_early",
        "objLayer": 1,
        "closed_waypoints": false,
        "isShipSpline": false,
        "shipTurnRadius": 100.0,
        "weapons": "",
        "bullets0": "",
        "bullets1": "",
        "bullets2": "",
        "bullets3": "",
        "bulletsCount0": 0,
        "bulletsCount1": 0,
        "bulletsCount2": 0,
        "bulletsCount3": 0,
        "props": {
          "army": 2,
          "count": 1,
          "free_distance": 70.0,
          "floating_distance": 50.0,
          "minimum_distance_to_earth": 20.0,
          "altLimit": 6000.0,
          "attack_type": "fire_at_will",
          "skill": 4,
          "plane": {
            "wing_formation": "Diamond",
            "row_distances": 3.0,
            "col_distances": 3.0,
            "super_formation": "Diamond",
            "super_row_distances": 1.5,
            "super_col_distances": 1.5,
            "ai_skill": "NORMAL",
            "task": "FLY_WAYPOINT"
          }
        },
        "way": []
      }
    },
    {
      "objectGroups": {
        "name": "t2_airfield",
        "tm": [
          [1.2,0.0,1.4067e-07],
          [0.0,1.2,0.0],
          [-1.4067e-07,0.0,1.2],
          [0.0,1077.37,-3771.8]
        ],
        "unit_class": "dynAF_tazirstan_snow_ally",
        "objLayer": 2,
        "props": {
          "army": 2,
          "active": true
        }
      }
    },
    {
      "air_defence": {
        "name": "t1_mgun_01",
        "tm": [
          [-0.21644,0.0,-0.976296],
          [0.0,1.0,0.0],
          [0.976296,0.0,-0.21644],
          [5554.0,301.9,1474.1]
        ],
        "unit_class": "us_ground_12mm_m2_noground",
        "objLayer": 1,
        "closed_waypoints": false,
        "isShipSpline": false,
        "shipTurnRadius": 100.0,
        "weapons": "",
        "bullets0": "",
        "bullets1": "",
        "bullets2": "",
        "bullets3": "",
        "bulletsCount0": 0,
        "bulletsCount1": 0,
        "bulletsCount2": 0,
        "bulletsCount3": 0,
        "props": {
          "army": 1,
          "count": 1,
          "formation_type": "rows",
          "formation_div": 3,
          "formation_step": [2.5,2.0],
          "formation_noise": [0.1,0.1],
          "uniqueName": "",
          "attack_type": "fire_at_will"
        },
        "way": []
      }
    },
    {
      "air_defence": {
        "name": "t1_mgun_02",
        "tm": [
          [-0.0436193,0.0,-0.999048],
          [0.0,1.0,0.0],
          [0.999048,0.0,-0.0436193],
          [5082.7,301.9,1528.1]
        ],
        "unit_class": "us_ground_12mm_m2_noground",
        "objLayer": 1,
        "closed_waypoints": false,
        "isShipSpline": false,
        "shipTurnRadius": 100.0,
        "weapons": "",
        "bullets0": "",
        "bullets1": "",
        "bullets2": "",
        "bullets3": "",
        "bulletsCount0": 0,
        "bulletsCount1": 0,
        "bulletsCount2": 0,
        "bulletsCount3": 0,
        "props": {
          "army": 1,
          "count": 1,
          "formation_type": "rows",
          "formation_div": 3,
          "formation_step": [2.5,2.0],
          "formation_noise": [0.1,0.1],
          "uniqueName": "",
          "attack_type": "fire_at_will"
        },
        "way": []
      }
    },
    {
      "air_defence": {
        "name": "t1_mgun_03",
        "tm": [
          [0.461749,0.0,-0.887011],
          [0.0,1.0,0.0],
          [0.887011,0.0,0.461749],
          [4689.95,301.9,1410.1]
        ],
        "unit_class": "us_ground_12mm_m2_noground",
        "objLayer": 1,
        "closed_waypoints": false,
        "isShipSpline": false,
        "shipTurnRadius": 100.0,
        "weapons": "",
        "bullets0": "",
        "bullets1": "",
        "bullets2": "",
        "bullets3": "",
        "bulletsCount0": 0,
        "bulletsCount1": 0,
        "bulletsCount2": 0,
        "bulletsCount3": 0,
        "props": {
          "army": 1,
          "count": 1,
          "formation_type": "rows",
          "formation_div": 3,
          "formation_step": [2.5,2.0],
          "formation_noise": [0.1,0.1],
          "uniqueName": "",
          "attack_type": "fire_at_will"
        },
        "way": []
      }
    },
    {
      "air_defence": {
        "name": "t1_mgun_04",
        "tm": [
          [0.793353,0.0,-0.608761],
          [0.0,1.0,0.0],
          [0.608761,0.0,0.793353],
          [4344.85,301.9,1102.6]
        ],
        "unit_class": "us_ground_12mm_m2_noground",
        "objLayer": 1,
        "closed_waypoints": false,
        "isShipSpline": false,
        "shipTurnRadius": 100.0,
        "weapons": "",
        "bullets0": "",
        "bullets1": "",
        "bullets2": "",
        "bullets3": "",
        "bulletsCount0": 0,
        "bulletsCount1": 0,
        "bulletsCount2": 0,
        "bulletsCount3": 0,
        "props": {
          "army": 1,
          "count": 1,
          "formation_type": "rows",
          "formation_div": 3,
          "formation_step": [2.5,2.0],
          "formation_noise": [0.1,0.1],
          "uniqueName": "",
          "attack_type": "fire_at_will"
        },
        "way": []
      }
    },
    {
      "air_defence": {
        "name": "t1_mgun_05",
        "tm": [
          [0.793353,0.0,-0.608761],
          [0.0,1.0,0.0],
          [0.608761,0.0,0.793353],
          [3992.35,301.9,642.7]
        ],
        "unit_class": "us_ground_12mm_m2_noground",
        "objLayer": 1,
        "closed_waypoints": false,
        "isShipSpline": false,
        "shipTurnRadius": 100.0,
        "weapons": "",
        "bullets0": "",
        "bullets1": "",
        "bullets2": "",
        "bullets3": "",
        "bulletsCount0": 0,
        "bulletsCount1": 0,
        "bulletsCount2": 0,
        "bulletsCount3": 0,
        "props": {
          "army": 1,
          "count": 1,
          "formation_type": "rows",
          "formation_div": 3,
          "formation_step": [2.5,2.0],
          "formation_noise": [0.1,0.1],
          "uniqueName": "",
          "attack_type": "fire_at_will"
        },
        "way": []
      }
    },
    {
      "air_defence": {
        "name": "t1_mgun_06",
        "tm": [
          [0.0436195,0.0,-0.999048],
          [0.0,1.0,0.0],
          [0.999048,0.0,0.0436195],
          [3538.15,301.9,515.9]
        ],
        "unit_class": "us_ground_12mm_m2_noground",
        "objLayer": 1,
        "closed_waypoints": false,
        "isShipSpline": false,
        "shipTurnRadius": 100.0,
        "weapons": "",
        "bullets0": "",
        "bullets1": "",
        "bullets2": "",
        "bullets3": "",
        "bulletsCount0": 0,
        "bulletsCount1": 0,
        "bulletsCount2": 0,
        "bulletsCount3": 0,
        "props": {
          "army": 1,
          "count": 1,
          "formation_type": "rows",
          "formation_div": 3,
          "formation_step": [2.5,2.0],
          "formation_noise": [0.1,0.1],
          "uniqueName": "",
          "attack_type": "fire_at_will"
        },
        "way": []
      }
    },
    {
      "air_defence": {
        "name": "t1_mgun_07",
        "tm": [
          [-0.216439,0.0,-0.976296],
          [0.0,1.0,0.0],
          [0.976296,0.0,-0.216439],
          [3033.25,301.9,747.8]
        ],
        "unit_class": "us_ground_12mm_m2_noground",
        "objLayer": 1,
        "closed_waypoints": false,
        "isShipSpline": false,
        "shipTurnRadius": 100.0,
        "weapons": "",
        "bullets0": "",
        "bullets1": "",
        "bullets2": "",
        "bullets3": "",
        "bulletsCount0": 0,
        "bulletsCount1": 0,
        "bulletsCount2": 0,
        "bulletsCount3": 0,
        "props": {
          "army": 1,
          "count": 1,
          "formation_type": "rows",
          "formation_div": 3,
          "formation_step": [2.5,2.0],
          "formation_noise": [0.1,0.1],
          "uniqueName": "",
          "attack_type": "fire_at_will"
        },
        "way": []
      }
    },
    {
      "air_defence": {
        "name": "t1_mgun_08",
        "tm": [
          [0.0436196,0.0,-0.999048],
          [0.0,1.0,0.0],
