{
  "selected_tag": "",
  "bin_dump_file": "",
  "mission_settings": {
    "player": [
      {
        "army": 1
      },
      {
        "wing": "t1_player01"
      },
      {
        "wing": "t1_player02"
      },
      {
        "wing": "t1_player03"
      },
      {
        "wing": "t1_player04"
      },
      {
        "wing": "t1_player05"
      },
      {
        "wing": "t1_player06"
      },
      {
        "wing": "t1_player07"
      },
      {
        "wing": "t1_player08"
      },
      {
        "wing": "t1_player09"
      },
      {
        "wing": "t1_player10"
      },
      {
        "wing": "t1_player11"
      },
      {
        "wing": "t1_player12"
      },
      {
        "wing": "t1_player13"
      },
      {
        "wing": "t1_player14"
      },
      {
        "wing": "t1_player15"
      },
      {
        "wing": "t1_player16"
      }
    ],
    "player_teamB": [
      {
        "army": 2
      },
      {
        "wing": "t2_player01"
      },
      {
        "wing": "t2_player02"
      },
      {
        "wing": "t2_player03"
      },
      {
        "wing": "t2_player04"
      },
      {
        "wing": "t2_player05"
      },
      {
        "wing": "t2_player06"
      },
      {
        "wing": "t2_player07"
      },
      {
        "wing": "t2_player08"
      },
      {
        "wing": "t2_player09"
      },
      {
        "wing": "t2_player10"
      },
      {
        "wing": "t2_player11"
      },
      {
        "wing": "t2_player12"
      },
      {
        "wing": "t2_player13"
      },
      {
        "wing": "t2_player14"
      },
      {
        "wing": "t2_player15"
      },
      {
        "wing": "t2_player16"
      },
      {
        "wing": "t2_player17"
      }
    ],
    "mission": {
      "level": "levels/stalingrad.bin",
      "type": "domination",
      "environment": "Day",
      "weather": "hazy",
      "locName": "missions/_frontline_GS;location/stalingrad",
      "locDesc": "missions/_frontline_GS/desc",
      "scoreLimit": 8500,
      "timeLimit": 25,
      "deathPenaltyMul": 0.2,
      "country_axis": "germany",
      "country_allies": "ussr",
      "restoreType": "attempts",
      "optionalTakeOff": false,
      "allowedUnitTypes": {
        "isAirplanesAllowed": true,
        "isTanksAllowed": false,
        "isShipsAllowed": false,
        "isHelicoptersAllowed": false
      }
    },
    "spectator_points": [],
    "briefing": {
      "place_loc": "",
      "date_loc": "",
      "objective_loc": "",
      "music": "action_01",
      "part": {
        "event": "",
        "minTime": 0,
        "slide": [
          {
            "map": true
          },
          {
            "minTime": 4
          },
          {
            "picture": ""
          },
          {
            "showAirMap": false
          },
          {
            "icon": {
              "icontype": "fighter",
              "side": "ally",
              "target": "t1_bombers_spawn",
              "lookAt": "t2_bombers_spawn"
            }
          },
          {
            "icon": {
              "icontype": "fighter",
              "side": "enemy",
              "target": "t2_bombers_spawn",
              "lookAt": "t1_bombers_spawn"
            }
          },
          {
            "icon": {
              "icontype": "artillery",
              "side": "ally",
              "target": "t1_briefing_art_01"
            }
          },
          {
            "icon": {
              "icontype": "artillery",
              "side": "ally",
              "target": "t1_briefing_art_02"
            }
          },
          {
            "icon": {
              "icontype": "artillery",
              "side": "enemy",
              "target": "t2_briefing_art_01"
            }
          },
          {
            "icon": {
              "icontype": "artillery",
              "side": "enemy",
              "target": "t2_briefing_art_02"
            }
          }
        ]
      }
    }
  },
  "imports": [
    {
      "import_record": {
        "file": "gameData/missions/templates/air_templates/air_frontline_base_logic_template.blk",
        "importAreas": true,
        "importUnits": true,
        "importTriggers": true,
        "importMissionObjectives": true,
        "importWayPoints": true,
        "showAreas": true,
        "showUnits": true,
        "showTriggers": true,
        "showMissionObjectives": true,
        "showWayPoints": true,
        "excludes": []
      }
    },
    {
      "import_record": {
        "file": "gameData/missions/templates/arcade_spawner.blk",
        "importAreas": true,
        "importUnits": true,
        "importTriggers": true,
        "importMissionObjectives": true,
        "importWayPoints": true,
        "showAreas": true,
        "showUnits": true,
        "showTriggers": true,
        "showMissionObjectives": true,
        "showWayPoints": true,
        "excludes": []
      }
    },
    {
      "import_record": {
        "file": "gameData/missions/templates/gs_objectives_template.blk",
        "importAreas": true,
        "importUnits": true,
        "importTriggers": true,
        "importMissionObjectives": true,
        "importWayPoints": true,
        "showAreas": true,
        "showUnits": true,
        "showTriggers": true,
        "showMissionObjectives": true,
        "showWayPoints": true,
        "excludes": []
      }
    },
    {
      "import_record": {
        "file": "gameData/missions/templates/air_templates/air_frontline_units_death_template.blk",
        "importAreas": true,
        "importUnits": true,
        "importTriggers": true,
        "importMissionObjectives": true,
        "importWayPoints": true,
        "showAreas": true,
        "showUnits": true,
        "showTriggers": true,
        "showMissionObjectives": true,
        "showWayPoints": true,
        "excludes": []
      }
    },
    {
      "import_record": {
        "file": "gameData/missions/templates/destroy_airfield_zone_template.blk",
        "importAreas": true,
        "importUnits": true,
        "importTriggers": true,
        "importMissionObjectives": true,
        "importWayPoints": true,
        "showAreas": true,
        "showUnits": true,
        "showTriggers": true,
        "showMissionObjectives": true,
        "showWayPoints": true,
        "excludes": []
      }
    },
    {
      "import_record": {
        "file": "gameData/missions/templates/destroy_bomb_areas_template.blk",
        "importAreas": true,
        "importUnits": true,
        "importTriggers": true,
        "importMissionObjectives": true,
        "importWayPoints": true,
        "showAreas": true,
        "showUnits": true,
        "showTriggers": true,
        "showMissionObjectives": true,
        "showWayPoints": true,
        "excludes": []
      }
    },
    {
      "import_record": {
        "file": "gameData/missions/bridges/stalingrad_bridges.blk",
        "importAreas": true,
        "importUnits": true,
        "importTriggers": true,
        "importMissionObjectives": true,
        "importWayPoints": true,
        "showAreas": true,
        "showUnits": true,
        "showTriggers": true,
        "showMissionObjectives": true,
        "showWayPoints": true,
        "excludes": []
      }
    }
  ],
  "triggers": {
    "isCategory": true,
    "is_enabled": true,
    "mission_start": {
      "is_enabled": true,
      "comments": "",
      "props": {
        "actionsType": "PERFORM_ONE_BY_ONE",
        "conditionsType": "ALL",
        "enableAfterComplete": false
      },
      "events": {
        "initMission": []
      },
      "conditions": [],
      "actions": [
        {
          "varSetInt": {
            "value": 4,
            "var": "max_bomb_areas"
          }
        },
        {
          "comment": {
            "value": "задаем значения для предотвращения длинных сессий"
          }
        },
        {
          "varSetReal": {
            "value": 1800.0,
            "var": "arcade_destroy_timer"
          }
        },
        {
          "varSetInt": {
            "value": 600,
            "var": "long_time_is"
          }
        },
        {
          "varSetInt": {
            "value": 900,
            "var": "long_time_arcade_timer"
          }
        },
        {
          "varSetInt": {
            "value": 64000,
            "var": "long_time_arcade_distance"
          }
        },
        {
          "comment": {
            "value": "начинается логика миссии"
          }
        },
        {
          "varSetReal": {
            "value": 250.0,
            "var": "nearDamageDistance"
          }
        },
        {
          "varSetBool": {
            "value": true,
            "var": "isBombingZonesAffect"
          }
        },
        {
          "unitSetProperties": [
            {
              "object_marking": 0
            },
            {
              "object_var_name": ""
            },
            {
              "object_var_comp_op": "equal"
            },
            {
              "object_var_value": 0
            },
            {
              "object": "t1_mguns_squad"
            },
            {
              "object": "t2_mguns_squad"
            },
            {
              "object": "t1_artillery_squad"
            },
            {
              "object": "t2_artillery_squad"
            },
            {
              "object": "t1_tanks_squad"
            },
            {
              "object": "t2_tanks_squad"
            },
            {
              "object": "t1_bunkers_squad"
            },
            {
              "object": "t2_bunkers_squad"
            },
            {
              "accuracy": 0.0
            },
            {
              "effShootingRate": 0.0
            },
            {
              "airEffShootingRate": 0.0
            }
          ]
        },
        {
          "__missionMarkAsRespawnPoint": {
            "loc_name": "missions/bombers_spawn",
            "spawnEffect": false,
            "isStrictSpawn": false,
            "isAirfield": false,
            "isUnit": false,
            "useExisting": false,
            "radius": -1.0,
            "canSpawnOnNeutral": false,
            "isIndividual": false,
            "removeAreas": false,
            "showOnMap": true,
            "onlyOnePlayerPerSpawnPoint": false,
            "resetStrictSpawnIndex": false,
            "forceCreate": false,
            "replaceAreas": false,
            "target": "t1_bombers_spawn",
            "team": "A",
            "offset": [0.0,0.0,0.0],
            "tags": {
              "type_bomber": true,
              "tank": false,
              "artillery": false,
              "aaa": false
            }
          }
        },
        {
          "__missionMarkAsRespawnPoint": {
            "loc_name": "missions/bombers_spawn",
            "spawnEffect": false,
            "isStrictSpawn": false,
            "isAirfield": false,
            "isUnit": false,
            "useExisting": false,
            "radius": -1.0,
            "canSpawnOnNeutral": false,
            "isIndividual": false,
            "removeAreas": false,
            "showOnMap": true,
            "onlyOnePlayerPerSpawnPoint": false,
            "resetStrictSpawnIndex": false,
            "forceCreate": false,
            "replaceAreas": false,
            "target": "t2_bombers_spawn",
            "team": "B",
            "offset": [0.0,0.0,0.0],
            "tags": {
              "type_bomber": true,
              "tank": false,
              "artillery": false,
              "aaa": false
            }
          }
        }
      ],
      "else_actions": []
    }
  },
  "mission_objectives": {
    "isCategory": true,
    "is_enabled": true
  },
  "variables": [],
  "dialogs": [],
  "airfields": [],
  "effects": [],
  "units": [
    {
      "objectGroups": {
        "name": "t1_trench_01",
        "tm": [
          [0.422618,0.0,-0.906308],
          [0.0,1.0,0.0],
          [0.906308,0.0,0.422618],
          [-12882.8,149.378,-16820.7]
        ],
        "unit_class": "dynTrench_long_a",
        "objLayer": 2,
        "props": {
          "army": 1,
          "active": true
        }
      }
    },
    {
      "objectGroups": {
        "name": "t1_trench_02",
        "tm": [
          [0.300706,0.0,-0.953717],
          [0.0,1.0,0.0],
          [0.953717,0.0,0.300706],
          [-13025.0,149.378,-16437.1]
        ],
        "unit_class": "dynTrench_long_a",
        "objLayer": 2,
        "props": {
          "army": 1,
          "active": true
        }
      }
    },
    {
      "objectGroups": {
        "name": "t1_trench_03",
        "tm": [
          [0.5,0.0,-0.866025],
          [0.0,1.0,0.0],
          [0.866025,0.0,0.5],
          [-13175.9,149.378,-16082.1]
        ],
        "unit_class": "dynTrench_long_a",
        "objLayer": 2,
        "props": {
          "army": 1,
          "active": true
        }
      }
    },
    {
      "objectGroups": {
        "name": "t1_trench_04",
        "tm": [
          [0.642788,0.0,-0.766044],
          [0.0,1.0,0.0],
          [0.766044,0.0,0.642788],
          [-13323.1,149.378,-15838.0]
        ],
        "unit_class": "dynTrench_long_b",
        "objLayer": 2,
        "props": {
          "army": 1,
          "active": true
        }
      }
    },
    {
      "objectGroups": {
        "name": "t1_trench_05",
        "tm": [
          [0.92388,0.0,-0.382683],
          [0.0,1.0,0.0],
          [0.382683,0.0,0.92388],
          [-13713.2,157.163,-15507.3]
        ],
        "unit_class": "dynTrench_long_a",
        "objLayer": 2,
        "props": {
          "army": 1,
          "active": true
        }
      }
    },
    {
      "objectGroups": {
        "name": "t1_trench_06",
        "tm": [
          [0.996195,0.0,0.0871557],
          [0.0,1.0,0.0],
          [-0.0871557,0.0,0.996195],
          [-14091.5,159.658,-15446.0]
        ],
        "unit_class": "dynTrench_long_a",
        "objLayer": 2,
        "props": {
          "army": 1,
          "active": true
        }
      }
    },
    {
      "objectGroups": {
        "name": "t1_trench_07",
        "tm": [
          [0.923879,0.0,-0.382683],
          [0.0,1.0,0.0],
          [0.382683,0.0,0.923879],
          [-14383.3,161.814,-15426.8]
        ],
        "unit_class": "dynTrench_long_b",
        "objLayer": 2,
        "props": {
          "army": 1,
          "active": true
        }
      }
    },
    {
      "objectGroups": {
        "name": "t1_trench_08",
        "tm": [
          [-0.67559,0.0,0.737277],
          [0.0,1.0,0.0],
          [-0.737277,0.0,-0.67559],
          [-14514.4,161.951,-15325.7]
        ],
        "unit_class": "dynTrench_long_b",
        "objLayer": 2,
        "props": {
          "army": 1,
          "active": true
        }
      }
    },
    {
      "objectGroups": {
        "name": "t1_trench_09",
        "tm": [
          [-0.5,0.0,0.866025],
          [0.0,1.0,0.0],
          [-0.866025,0.0,-0.5],
          [-14608.1,162.307,-15187.5]
        ],
        "unit_class": "dynTrench_long_b",
        "objLayer": 2,
        "props": {
          "army": 1,
          "active": true
        }
      }
    },
    {
      "objectGroups": {
        "name": "t1_trench_10",
        "tm": [
          [-0.5,0.0,0.866025],
          [0.0,1.0,0.0],
          [-0.866025,0.0,-0.5],
          [-15507.2,162.4,-12633.5]
        ],
        "unit_class": "dynTrench_long_a",
        "objLayer": 2,
        "props": {
          "army": 1,
          "active": true
        }
      }
    },
    {
      "objectGroups": {
        "name": "t1_trench_11",
        "tm": [
          [-0.737277,0.0,0.67559],
          [0.0,1.0,0.0],
          [-0.67559,0.0,-0.737277],
          [-15853.0,162.996,-12168.6]
        ],
        "unit_class": "dynTrench_long_b",
        "objLayer": 2,
        "props": {
          "army": 1,
          "active": true
        }
      }
    },
    {
      "objectGroups": {
        "name": "t1_trench_12",
        "tm": [
          [-0.642788,0.0,0.766044],
          [0.0,1.0,0.0],
          [-0.766044,0.0,-0.642788],
          [-16124.5,163.749,-11872.0]
        ],
        "unit_class": "dynTrench_long_a",
        "objLayer": 2,
        "props": {
          "army": 1,
          "active": true
        }
      }
    },
    {
      "objectGroups": {
        "name": "t1_trench_13",
        "tm": [
          [-0.5373,0.0,0.843391],
          [0.0,1.0,0.0],
          [-0.843391,0.0,-0.5373],
          [-16357.5,162.185,-11544.8]
        ],
        "unit_class": "dynTrench_long_a",
        "objLayer": 2,
        "props": {
          "army": 1,
          "active": true
        }
      }
    },
    {
      "objectGroups": {
        "name": "t1_trench_14",
        "tm": [
          [-0.573576,0.0,0.819152],
          [0.0,1.0,0.0],
          [-0.819152,0.0,-0.573576],
          [-16672.7,161.68,-11084.3]
        ],
        "unit_class": "dynTrench_long_a",
        "objLayer": 2,
        "props": {
          "army": 1,
          "active": true
        }
      }
    },
    {
      "objectGroups": {
        "name": "t1_trench_15",
        "tm": [
          [-0.819152,0.0,0.573577],
          [0.0,1.0,0.0],
          [-0.573577,0.0,-0.819152],
          [-16952.8,161.68,-10794.6]
        ],
        "unit_class": "dynTrench_long_a",
        "objLayer": 2,
        "props": {
          "army": 1,
          "active": true
        }
      }
    },
    {
      "objectGroups": {
        "name": "t1_trench_16",
        "tm": [
          [-0.819152,0.0,0.573577],
          [0.0,1.0,0.0],
          [-0.573577,0.0,-0.819152],
          [-16808.2,161.68,-10675.5]
        ],
        "unit_class": "dynTrench_long_a",
        "objLayer": 2,
        "props": {
          "army": 1,
          "active": true
        }
      }
    },
    {
      "objectGroups": {
        "name": "t1_trench_17",
        "tm": [
          [-0.608761,0.0,-0.793353],
          [0.0,1.0,0.0],
          [0.793353,0.0,-0.608761],
          [-16962.4,161.68,-10686.7]
        ],
        "unit_class": "dynTrench_long_b",
        "objLayer": 2,
        "props": {
          "army": 1,
          "active": true
        }
      }
    },
    {
      "objectGroups": {
        "name": "t1_trench_18",
        "tm": [
          [-0.737277,0.0,0.67559],
          [0.0,1.0,0.0],
          [-0.67559,0.0,-0.737277],
          [-16580.0,161.68,-10856.8]
        ],
        "unit_class": "dynTrench_long_b",
        "objLayer": 2,
        "props": {
          "army": 1,
          "active": true
        }
      }
    },
    {
      "objectGroups": {
        "name": "t1_trench_19",
        "tm": [
          [-0.843391,0.0,-0.5373],
          [0.0,1.0,0.0],
          [0.5373,0.0,-0.843391],
          [-16370.3,162.185,-11382.7]
        ],
        "unit_class": "dynTrench_long_b",
        "objLayer": 2,
        "props": {
          "army": 1,
          "active": true
        }
      }
    },
    {
      "objectGroups": {
        "name": "t1_trench_20",
        "tm": [
          [-0.5373,0.0,0.843391],
          [0.0,1.0,0.0],
          [-0.843391,0.0,-0.5373],
          [-16287.7,162.185,-11341.1]
        ],
        "unit_class": "dynTrench_long_a",
        "objLayer": 2,
        "props": {
          "army": 1,
          "active": true
        }
      }
    },
    {
      "objectGroups": {
        "name": "t1_trench_21",
        "tm": [
          [-0.608761,0.0,0.793353],
          [0.0,1.0,0.0],
          [-0.793353,0.0,-0.608761],
          [-16050.8,163.749,-11683.7]
        ],
        "unit_class": "dynTrench_long_a",
        "objLayer": 2,
        "props": {
          "army": 1,
          "active": true
        }
      }
    },
    {
      "objectGroups": {
        "name": "t1_trench_22",
        "tm": [
          [-0.843391,0.0,-0.5373],
          [0.0,1.0,0.0],
          [0.5373,0.0,-0.843391],
          [-16099.3,163.749,-11769.1]
        ],
        "unit_class": "dynTrench_long_b",
        "objLayer": 2,
        "props": {
          "army": 1,
          "active": true
        }
      }
    },
    {
      "objectGroups": {
        "name": "t1_trench_23",
        "tm": [
          [-0.737277,0.0,0.67559],
          [0.0,1.0,0.0],
          [-0.67559,0.0,-0.737277],
          [-15769.1,162.996,-12008.8]
        ],
        "unit_class": "dynTrench_long_b",
        "objLayer": 2,
        "props": {
          "army": 1,
          "active": true
        }
      }
    },
    {
      "objectGroups": {
        "name": "t1_trench_24",
        "tm": [
          [-0.5373,0.0,-0.843391],
          [0.0,1.0,0.0],
          [0.843391,0.0,-0.5373],
          [-15824.5,162.996,-12086.7]
        ],
        "unit_class": "dynTrench_long_b",
        "objLayer": 2,
        "props": {
          "army": 1,
          "active": true
        }
      }
    },
    {
      "objectGroups": {
        "name": "t1_trench_25",
        "tm": [
          [0.5,0.0,-0.866025],
          [0.0,1.0,0.0],
          [0.866025,0.0,0.5],
          [-13067.9,149.378,-15905.8]
        ],
        "unit_class": "dynTrench_long_a",
        "objLayer": 2,
        "props": {
          "army": 1,
          "active": true
        }
      }
    },
    {
      "objectGroups": {
        "name": "t1_trench_26",
        "tm": [
          [0.939693,0.0,0.34202],
          [0.0,1.0,0.0],
          [-0.34202,0.0,0.939693],
          [-13139.1,149.378,-15954.5]
        ],
        "unit_class": "dynTrench_long_b",
        "objLayer": 2,
        "props": {
          "army": 1,
          "active": true
        }
      }
    },
    {
      "objectGroups": {
        "name": "t1_trench_27",
        "tm": [
          [-0.953717,0.0,-0.300706],
          [0.0,1.0,0.0],
          [0.300706,0.0,-0.953717],
          [-12950.5,149.378,-16336.5]
        ],
        "unit_class": "dynTrench_long_b",
        "objLayer": 2,
        "props": {
          "army": 1,
          "active": true
        }
      }
    },
    {
      "objectGroups": {
        "name": "t1_trench_28",
        "tm": [
          [-0.953717,0.0,-0.300706],
          [0.0,1.0,0.0],
          [0.300706,0.0,-0.953717],
          [-12818.8,149.378,-16725.9]
        ],
        "unit_class": "dynTrench_long_b",
        "objLayer": 2,
        "props": {
          "army": 1,
          "active": true
        }
      }
    },
    {
      "objectGroups": {
        "name": "t1_trench_29",
        "tm": [
          [0.382683,0.0,-0.92388],
          [0.0,1.0,0.0],
          [0.92388,0.0,0.382683],
          [-12894.5,149.378,-16270.5]
        ],
        "unit_class": "dynTrench_long_a",
        "objLayer": 2,
        "props": {
          "army": 1,
          "active": true
        }
      }
    },
    {
      "objectGroups": {
        "name": "t1_trench_30",
        "tm": [
          [0.300706,0.0,-0.953717],
          [0.0,1.0,0.0],
          [0.953717,0.0,0.300706],
          [-12763.5,149.378,-16645.3]
        ],
        "unit_class": "dynTrench_long_a",
        "objLayer": 2,
        "props": {
          "army": 1,
          "active": true
        }
      }
    },
    {
      "objectGroups": {
        "name": "t1_trench_31",
        "tm": [
          [0.642788,0.0,-0.766044],
          [0.0,1.0,0.0],
          [0.766044,0.0,0.642788],
          [-12655.4,149.378,-16904.8]
        ],
        "unit_class": "dynTrench_long_b",
        "objLayer": 2,
        "props": {
          "army": 1,
          "active": true
        }
      }
    },
    {
      "objectGroups": {
        "name": "t2_trench_01",
        "tm": [
          [-0.819152,0.0,0.573577],
          [0.0,1.0,0.0],
          [-0.573577,0.0,-0.819152],
          [-17430.5,162.113,-11061.4]
        ],
        "unit_class": "dynTrench_long_a",
        "objLayer": 2,
        "props": {
          "army": 2,
          "active": true
        }
      }
    },
    {
      "objectGroups": {
        "name": "t2_trench_02",
        "tm": [
          [-0.573577,0.0,-0.819152],
          [0.0,1.0,0.0],
          [0.819152,0.0,-0.573577],
          [-17489.1,162.113,-11133.9]
        ],
        "unit_class": "dynTrench_long_b",
        "objLayer": 2,
        "props": {
          "army": 2,
          "active": true
        }
      }
    },
    {
      "objectGroups": {
        "name": "t2_trench_03",
        "tm": [
          [-0.819152,0.0,0.573577],
          [0.0,1.0,0.0],
          [-0.573577,0.0,-0.819152],
          [-17571.1,162.113,-11176.1]
        ],
        "unit_class": "dynTrench_long_a",
        "objLayer": 2,
        "props": {
          "army": 2,
          "active": true
        }
      }
    },
    {
      "objectGroups": {
        "name": "t2_trench_04",
        "tm": [
          [-0.707107,0.0,0.707107],
          [0.0,1.0,0.0],
          [-0.707107,0.0,-0.707107],
          [-17109.4,162.113,-11337.8]
        ],
        "unit_class": "dynTrench_long_a",
        "objLayer": 2,
        "props": {
          "army": 2,
          "active": true
        }
      }
    },
    {
      "objectGroups": {
        "name": "t2_trench_05",
        "tm": [
          [-0.537299,0.0,0.843392],
          [0.0,1.0,0.0],
          [-0.843392,0.0,-0.537299],
          [-16912.6,162.113,-11569.6]
        ],
        "unit_class": "dynTrench_long_b",
        "objLayer": 2,
        "props": {
          "army": 2,
          "active": true
        }
      }
    },
    {
      "objectGroups": {
        "name": "t2_trench_06",
        "tm": [
          [-0.707107,0.0,0.707107],
          [0.0,1.0,0.0],
          [-0.707107,0.0,-0.707107],
          [-17244.1,162.113,-11455.2]
        ],
        "unit_class": "dynTrench_long_a",
        "objLayer": 2,
        "props": {
          "army": 2,
          "active": true
        }
      }
    },
    {
      "objectGroups": {
        "name": "t2_trench_07",
        "tm": [
          [-0.537299,0.0,0.843392],
          [0.0,1.0,0.0],
          [-0.843392,0.0,-0.537299],
          [-17057.1,162.113,-11675.8]
        ],
        "unit_class": "dynTrench_long_b",
        "objLayer": 2,
        "props": {
          "army": 2,
          "active": true
        }
      }
    },
    {
      "objectGroups": {
        "name": "t2_trench_08",
        "tm": [
          [-0.843392,0.0,-0.537299],
          [0.0,1.0,0.0],
          [0.537299,0.0,-0.843392],
          [-17142.7,162.113,-11443.7]
        ],
        "unit_class": "dynTrench_long_b",
        "objLayer": 2,
        "props": {
          "army": 2,
          "active": true
        }
      }
    },
    {
      "objectGroups": {
        "name": "t2_trench_09",
        "tm": [
          [-0.608761,0.0,0.793354],
          [0.0,1.0,0.0],
          [-0.793354,0.0,-0.608761],
          [-16582.1,162.113,-12063.0]
        ],
        "unit_class": "dynTrench_long_a",
        "objLayer": 2,
        "props": {
          "army": 2,
          "active": true
        }
      }
    },
    {
      "objectGroups": {
        "name": "t2_trench_10",
        "tm": [
          [-0.67559,0.0,0.737278],
          [0.0,1.0,0.0],
          [-0.737278,0.0,-0.67559],
          [-16309.8,162.113,-12396.1]
        ],
        "unit_class": "dynTrench_long_a",
        "objLayer": 2,
        "props": {
          "army": 2,
          "active": true
        }
      }
    },
    {
      "objectGroups": {
        "name": "t2_trench_11",
        "tm": [
          [-0.67559,0.0,0.737278],
          [0.0,1.0,0.0],
          [-0.737278,0.0,-0.67559],
          [-16047.7,162.113,-12671.0]
        ],
        "unit_class": "dynTrench_long_b",
        "objLayer": 2,
        "props": {
          "army": 2,
          "active": true
        }
      }
    },
    {
      "objectGroups": {
        "name": "t2_trench_12",
        "tm": [
          [-0.382683,0.0,0.92388],
          [0.0,1.0,0.0],
          [-0.92388,0.0,-0.382683],
          [-15829.3,162.113,-13112.4]
        ],
        "unit_class": "dynTrench_long_a",
        "objLayer": 2,
        "props": {
          "army": 2,
          "active": true
        }
      }
    },
    {
      "objectGroups": {
        "name": "t2_trench_13",
        "tm": [
          [-0.382683,0.0,0.92388],
          [0.0,1.0,0.0],
          [-0.92388,0.0,-0.382683],
          [-15724.8,162.113,-13380.7]
        ],
        "unit_class": "dynTrench_long_b",
        "objLayer": 2,
        "props": {
          "army": 2,
          "active": true
        }
      }
    },
    {
      "objectGroups": {
        "name": "t1_trench_32",
        "tm": [
          [0.382684,0.0,-0.92388],
          [0.0,1.0,0.0],
          [0.92388,0.0,0.382684],
          [-14722.0,163.043,-14932.4]
        ],
        "unit_class": "dynTrench_long_a",
        "objLayer": 2,
        "props": {
          "army": 1,
          "active": true
        }
      }
    },
    {
      "objectGroups": {
        "name": "t1_trench_33",
        "tm": [
          [0.707107,0.0,-0.707107],
          [0.0,1.0,0.0],
          [0.707107,0.0,0.707107],
          [-14941.8,163.613,-14593.5]
        ],
        "unit_class": "dynTrench_long_a",
        "objLayer": 2,
        "props": {
          "army": 1,
          "active": true
        }
      }
    },
    {
      "objectGroups": {
        "name": "t1_trench_34",
        "tm": [
          [-0.173648,0.0,0.984807],
          [0.0,1.0,0.0],
          [-0.984807,0.0,-0.173648],
          [-15085.1,161.476,-14378.9]
        ],
        "unit_class": "dynTrench_long_b",
        "objLayer": 2,
        "props": {
          "army": 1,
          "active": true
        }
      }
    },
    {
      "objectGroups": {
        "name": "t2_trench_14",
        "tm": [
          [-0.216439,0.0,0.976296],
          [0.0,1.0,0.0],
          [-0.976296,0.0,-0.216439],
          [-15472.2,162.113,-14411.9]
        ],
        "unit_class": "dynTrench_long_a",
        "objLayer": 2,
        "props": {
          "army": 2,
          "active": true
        }
      }
    },
    {
      "objectGroups": {
        "name": "t2_trench_15",
        "tm": [
          [-0.608761,0.0,0.793354],
          [0.0,1.0,0.0],
          [-0.793354,0.0,-0.608761],
          [-15303.3,162.113,-14787.0]
        ],
        "unit_class": "dynTrench_long_a",
        "objLayer": 2,
        "props": {
          "army": 2,
          "active": true
        }
      }
    },
    {
      "objectGroups": {
        "name": "t2_trench_16",
        "tm": [
          [-0.216439,0.0,0.976296],
          [0.0,1.0,0.0],
          [-0.976296,0.0,-0.216439],
          [-15144.9,162.113,-15150.5]
        ],
        "unit_class": "dynTrench_long_a",
        "objLayer": 2,
        "props": {
          "army": 2,
          "active": true
        }
      }
    },
    {
      "objectGroups": {
        "name": "t2_trench_17",
        "tm": [
          [-0.537299,0.0,0.843392],
          [0.0,1.0,0.0],
          [-0.843392,0.0,-0.537299],
          [-15057.8,162.113,-15432.3]
        ],
        "unit_class": "dynTrench_long_b",
        "objLayer": 2,
        "props": {
          "army": 2,
          "active": true
        }
      }
    },
    {
      "objectGroups": {
        "name": "t2_trench_18",
        "tm": [
          [-0.67559,0.0,0.737278],
          [0.0,1.0,0.0],
          [-0.737278,0.0,-0.67559],
          [-14886.9,162.113,-15647.8]
        ],
        "unit_class": "dynTrench_long_a",
        "objLayer": 2,
        "props": {
          "army": 2,
          "active": true
        }
      }
    },
    {
      "objectGroups": {
        "name": "t2_trench_19",
        "tm": [
          [-0.965926,0.0,0.25882],
          [0.0,1.0,0.0],
          [-0.25882,0.0,-0.965926],
          [-14431.0,162.113,-15859.5]
        ],
        "unit_class": "dynTrench_long_a",
        "objLayer": 2,
        "props": {
          "army": 2,
          "active": true
        }
      }
    },
    {
      "objectGroups": {
        "name": "t2_trench_20",
        "tm": [
          [-0.939693,0.0,0.342021],
          [0.0,1.0,0.0],
          [-0.342021,0.0,-0.939693],
          [-14041.8,162.113,-15988.5]
        ],
        "unit_class": "dynTrench_long_a",
        "objLayer": 2,
        "props": {
          "army": 2,
          "active": true
        }
      }
    },
    {
      "objectGroups": {
        "name": "t2_trench_21",
        "tm": [
          [-0.793353,0.0,0.608762],
          [0.0,1.0,0.0],
          [-0.608762,0.0,-0.793353],
          [-13768.2,162.113,-16122.9]
        ],
        "unit_class": "dynTrench_long_b",
        "objLayer": 2,
        "props": {
          "army": 2,
          "active": true
        }
      }
    },
    {
      "objectGroups": {
        "name": "t2_trench_22",
        "tm": [
          [-0.5,0.0,0.866026],
          [0.0,1.0,0.0],
          [-0.866026,0.0,-0.5],
          [-13594.1,162.113,-16366.0]
        ],
        "unit_class": "dynTrench_long_a",
        "objLayer": 2,
        "props": {
          "army": 2,
          "active": true
        }
      }
    },
    {
      "objectGroups": {
        "name": "t2_trench_23",
        "tm": [
          [-0.461748,0.0,0.887011],
          [0.0,1.0,0.0],
          [-0.887011,0.0,-0.461748],
          [-13403.3,162.113,-16727.4]
        ],
        "unit_class": "dynTrench_long_a",
        "objLayer": 2,
        "props": {
          "army": 2,
          "active": true
        }
      }
    },
    {
      "objectGroups": {
        "name": "t2_trench_24",
        "tm": [
          [-0.34202,0.0,0.939693],
          [0.0,1.0,0.0],
          [-0.939693,0.0,-0.34202],
          [-13243.5,162.113,-17108.4]
        ],
        "unit_class": "dynTrench_long_a",
        "objLayer": 2,
        "props": {
          "army": 2,
          "active": true
        }
      }
    },
    {
      "objectGroups": {
        "name": "t2_trench_25",
        "tm": [
          [-0.843392,0.0,-0.537299],
          [0.0,1.0,0.0],
          [0.537299,0.0,-0.843392],
          [-16623.2,162.113,-12175.0]
        ],
        "unit_class": "dynTrench_long_b",
        "objLayer": 2,
        "props": {
          "army": 2,
          "active": true
        }
      }
    },
    {
      "objectGroups": {
        "name": "t2_trench_26",
        "tm": [
          [-0.843392,0.0,-0.537299],
          [0.0,1.0,0.0],
          [0.537299,0.0,-0.843392],
          [-16305.0,162.113,-12541.8]
        ],
        "unit_class": "dynTrench_long_b",
        "objLayer": 2,
        "props": {
          "army": 2,
          "active": true
        }
      }
    },
    {
      "objectGroups": {
        "name": "t2_trench_27",
        "tm": [
          [-0.608761,0.0,0.793354],
          [0.0,1.0,0.0],
          [-0.793354,0.0,-0.608761],
          [-16804.4,162.113,-12085.2]
        ],
        "unit_class": "dynTrench_long_a",
        "objLayer": 2,
        "props": {
          "army": 2,
          "active": true
        }
      }
    },
    {
      "objectGroups": {
        "name": "t2_trench_28",
        "tm": [
          [-0.67559,0.0,0.737278],
          [0.0,1.0,0.0],
          [-0.737278,0.0,-0.67559],
          [-16552.8,162.113,-12392.4]
        ],
        "unit_class": "dynTrench_long_a",
        "objLayer": 2,
        "props": {
          "army": 2,
          "active": true
        }
      }
    },
    {
      "objectGroups": {
        "name": "t2_trench_29",
        "tm": [
          [-0.766044,0.0,0.642788],
          [0.0,1.0,0.0],
          [-0.642788,0.0,-0.766044],
          [-16358.7,162.113,-12599.4]
        ],
        "unit_class": "dynTrench_long_b",
        "objLayer": 2,
        "props": {
          "army": 2,
          "active": true
        }
      }
    },
    {
      "objectGroups": {
        "name": "t2_trench_30",
        "tm": [
          [-0.906308,0.0,0.422619],
          [0.0,1.0,0.0],
          [-0.422619,0.0,-0.906308],
          [-16129.9,162.113,-12807.7]
        ],
        "unit_class": "dynTrench_long_b",
        "objLayer": 2,
        "props": {
          "army": 2,
          "active": true
        }
      }
    },
    {
      "objectGroups": {
        "name": "t2_trench_31",
        "tm": [
          [-0.843392,0.0,-0.537299],
          [0.0,1.0,0.0],
          [0.537299,0.0,-0.843392],
          [-15891.9,162.113,-13227.9]
        ],
        "unit_class": "dynTrench_long_b",
        "objLayer": 2,
        "props": {
          "army": 2,
          "active": true
        }
      }
    },
    {
      "objectGroups": {
        "name": "t2_trench_32",
        "tm": [
          [-0.737277,0.0,0.675591],
          [0.0,1.0,0.0],
          [-0.675591,0.0,-0.737277],
          [-16027.2,162.113,-13212.4]
        ],
        "unit_class": "dynTrench_long_b",
        "objLayer": 2,
        "props": {
          "army": 2,
          "active": true
        }
      }
    },
    {
      "objectGroups": {
        "name": "t2_trench_33",
        "tm": [
          [-0.608761,0.0,0.793354],
          [0.0,1.0,0.0],
          [-0.793354,0.0,-0.608761],
          [-15918.4,162.113,-13340.6]
        ],
        "unit_class": "dynTrench_long_b",
        "objLayer": 2,
        "props": {
          "army": 2,
          "active": true
        }
      }
    },
    {
      "objectGroups": {
        "name": "t2_trench_34",
        "tm": [
          [-0.216439,0.0,0.976296],
          [0.0,1.0,0.0],
          [-0.976296,0.0,-0.216439],
          [-15654.2,162.113,-14488.3]
        ],
        "unit_class": "dynTrench_long_a",
        "objLayer": 2,
        "props": {
          "army": 2,
          "active": true
        }
      }
    },
    {
      "objectGroups": {
        "name": "t2_trench_35",
        "tm": [
          [-0.984808,0.0,-0.173647],
          [0.0,1.0,0.0],
          [0.173647,0.0,-0.984808],
          [-15560.6,162.113,-14500.2]
        ],
        "unit_class": "dynTrench_long_b",
        "objLayer": 2,
        "props": {
          "army": 2,
          "active": true
        }
      }
    },
    {
      "objectGroups": {
        "name": "t2_trench_36",
        "tm": [
          [-0.707106,0.0,0.707107],
          [0.0,1.0,0.0],
          [-0.707107,0.0,-0.707106],
          [-15471.3,162.113,-14834.9]
        ],
        "unit_class": "dynTrench_long_a",
        "objLayer": 2,
        "props": {
          "army": 2,
          "active": true
        }
      }
    },
    {
      "objectGroups": {
        "name": "t2_trench_37",
        "tm": [
          [-0.130526,0.0,0.991445],
          [0.0,1.0,0.0],
          [-0.991445,0.0,-0.130526],
          [-15311.7,162.113,-15179.3]
        ],
        "unit_class": "dynTrench_long_a",
        "objLayer": 2,
        "props": {
          "army": 2,
          "active": true
        }
      }
    },
    {
      "objectGroups": {
        "name": "t2_trench_38",
        "tm": [
          [-0.965926,0.0,-0.258818],
          [0.0,1.0,0.0],
          [0.258818,0.0,-0.965926],
          [-15268.3,162.113,-14960.2]
        ],
        "unit_class": "dynTrench_long_b",
        "objLayer": 2,
        "props": {
          "army": 2,
          "active": true
        }
      }
    },
    {
      "objectGroups": {
        "name": "t2_trench_39",
        "tm": [
          [-0.537299,0.0,0.843392],
          [0.0,1.0,0.0],
          [-0.843392,0.0,-0.537299],
          [-15241.2,162.113,-15463.8]
        ],
        "unit_class": "dynTrench_long_b",
        "objLayer": 2,
        "props": {
          "army": 2,
          "active": true
        }
      }
    },
    {
      "objectGroups": {
        "name": "t2_trench_40",
        "tm": [
          [0.843392,0.0,0.537299],
          [0.0,1.0,0.0],
          [-0.537299,0.0,0.843392],
          [-15118.0,162.113,-15494.7]
        ],
        "unit_class": "dynTrench_long_b",
        "objLayer": 2,
        "props": {
          "army": 2,
          "active": true
        }
      }
    },
    {
      "objectGroups": {
        "name": "t2_trench_41",
        "tm": [
          [-0.67559,0.0,0.737278],
          [0.0,1.0,0.0],
          [-0.737278,0.0,-0.67559],
