{
  "selected_tag": "",
  "bin_dump_file": "",
  "mission_settings": {
    "player": {
      "army": 1,
      "wing": [
        "t1_player01",
        "t1_player02",
        "t1_player03",
        "t1_player04",
        "t1_player05",
        "t1_player06",
        "t1_player07",
        "t1_player08",
        "t1_player09",
        "t1_player10",
        "t1_player11",
        "t1_player12",
        "t1_player13",
        "t1_player14",
        "t1_player15",
        "t1_player16",
        "t1_player17",
        "t1_player18",
        "t1_player19",
        "t1_player20",
        "t1_player21",
        "t1_player22",
        "t1_player23",
        "t1_player24",
        "t1_player25",
        "t1_player26",
        "t1_player27",
        "t1_player28",
        "t1_player29",
        "t1_player30",
        "t1_player31",
        "t1_player32"
      ]
    },
    "player_teamB": {
      "army": 2,
      "wing": [
        "t2_player01",
        "t2_player02",
        "t2_player03",
        "t2_player04",
        "t2_player05",
        "t2_player06",
        "t2_player07",
        "t2_player08",
        "t2_player09",
        "t2_player10",
        "t2_player11",
        "t2_player12",
        "t2_player13",
        "t2_player14",
        "t2_player15",
        "t2_player16",
        "t2_player17",
        "t2_player18",
        "t2_player19",
        "t2_player20",
        "t2_player21",
        "t2_player22",
        "t2_player23",
        "t2_player24",
        "t2_player25",
        "t2_player26",
        "t2_player27",
        "t2_player28",
        "t2_player29",
        "t2_player30",
        "t2_player31",
        "t2_player32",
        "t2_player33"
      ]
    },
    "mission": {
      "level": "levels/avg_northern_india.bin",
      "type": "domination",
      "environment": "Day",
      "weather": "clear",
      "locName": "missions/_Dom1;location/avg_northern_india",
      "locDesc": "missions/_Dom/desc",
      "scoreLimit": 14000,
      "timeLimit": 25,
      "deathPenaltyMul": 1.0,
      "postfix": "_Dom",
      "ctaCaptureZoneEqualPenaltyMul": 0.0,
      "useAlternativeMapCoord": false,
      "allowedKillStreaks": true,
      "randomSpawnTeams": false,
      "remapAiTankModels": true,
      "battleAreaColorPreset": "battleArea",
      "showTacticalMapCellSize": true,
      "country_axis": "germany",
      "country_allies": "ussr",
      "restoreType": "attempts",
      "optionalTakeOff": false,
      "allowedUnitTypes": {
        "isAirplanesAllowed": true,
        "isTanksAllowed": true,
        "isShipsAllowed": false,
        "isHelicoptersAllowed": true
      },
      "mission": [
        {
          "difficulty": "realistic",
          "useAlternativeMapCoord": false,
          "scoreLimit": 18000,
          "randomSpawnTeams": true,
          "remapAiTankModels": true
        },
        {
          "difficulty": "hardcore",
          "useAlternativeMapCoord": false,
          "scoreLimit": 20000,
          "randomSpawnTeams": true,
          "remapAiTankModels": true
        }
      ]
    },
    "spectator_points": {},
    "briefing": {
      "place_loc": "",
      "date_loc": "",
      "objective_loc": "",
      "music": "action_01",
      "part": {
        "event": "",
        "minTime": 0,
        "slide": {
          "map": true,
          "minTime": 4,
          "picture": "",
          "showAirMap": false,
          "icon": [
            {
              "icontype": "tank",
              "side": "ally",
              "target": "briefing_t1_resp01"
            },
            {
              "icontype": "tank",
              "side": "ally",
              "target": "briefing_t1_resp02"
            },
            {
              "icontype": "tank",
              "side": "enemy",
              "target": "briefing_t2_resp01"
            },
            {
              "icontype": "tank",
              "side": "enemy",
              "target": "briefing_t2_resp02"
            },
            {
              "icontype": "basezone_A",
              "side": "neutral",
              "target": "briefing_capturezone_01"
            },
            {
              "icontype": "basezone_B",
              "side": "neutral",
              "target": "briefing_capturezone_02"
            },
            {
              "icontype": "basezone_C",
              "side": "neutral",
              "target": "briefing_capturezone_03"
            }
          ],
          "battleArea": {
            "target": "brief_dom_battle_area"
          }
        }
      }
    }
  },
  "imports": {
    "import_record": [
      {
        "file": "gameData/missions/templates/tank_templates/tank_base_logic_template.blk",
        "importAreas": true,
        "importUnits": true,
        "importTriggers": true,
        "importMissionObjectives": true,
        "importWayPoints": true,
        "showAreas": true,
        "showUnits": true,
        "showTriggers": true,
        "showMissionObjectives": true,
        "showWayPoints": true,
        "excludes": {}
      },
      {
        "file": "gameData/missions/cta/tanks/northern_india/template_northern_india_air_spawns.blk",
        "importAreas": true,
        "importUnits": true,
        "importTriggers": true,
        "importMissionObjectives": true,
        "importWayPoints": true,
        "showAreas": true,
        "showUnits": true,
        "showTriggers": true,
        "showMissionObjectives": true,
        "showWayPoints": true,
        "excludes": {}
      },
      {
        "file": "gameData/missions/cta/tanks/northern_india/battleareas/template_northern_india_02_Dom_battlearea.blk",
        "importAreas": true,
        "importUnits": true,
        "importTriggers": true,
        "importMissionObjectives": true,
        "importWayPoints": true,
        "showAreas": true,
        "showUnits": true,
        "showTriggers": true,
        "showMissionObjectives": true,
        "showWayPoints": true,
        "excludes": {}
      },
      {
        "file": "gameData/missions/templates/tank_templates/dom_template.blk",
        "importAreas": true,
        "importUnits": true,
        "importTriggers": true,
        "importMissionObjectives": true,
        "importWayPoints": true,
        "showAreas": true,
        "showUnits": true,
        "showTriggers": true,
        "showMissionObjectives": true,
        "showWayPoints": true,
        "excludes": {}
      }
    ]
  },
  "triggers": {
    "isCategory": true,
    "is_enabled": true
  },
  "mission_objectives": {
    "isCategory": true,
    "is_enabled": true
  },
  "variables": {},
  "dialogs": {},
  "airfields": {},
  "effects": {},
  "units": {
    "tankModels": {
      "name": "t1_player01",
      "tm": [
        [
          -0.258819,
          0.0,
          -0.965926
        ],
        [
          0.0,
          1.0,
          0.0
        ],
        [
          0.965926,
          0.0,
          -0.258819
        ],
        [
          366.08,
          112.808,
          38.01
        ]
      ],
      "unit_class": "aaa_dummy",
      "objLayer": 1,
      "closed_waypoints": false,
      "isShipSpline": false,
      "shipTurnRadius": 100.0,
      "weapons": "",
      "bullets0": "",
      "bullets1": "",
      "bullets2": "",
      "bullets3": "",
      "bulletsCount0": 0,
      "bulletsCount1": 0,
      "bulletsCount2": 0,
      "bulletsCount3": 0,
      "crewSkillK": 0.0,
      "applyAllMods": false,
      "props": {
        "army": 2,
        "count": 1,
        "formation_type": "rows",
        "formation_div": 3,
        "formation_step": [
          2.5,
          2.0
        ],
        "formation_noise": [
          0.1,
          0.1
        ],
        "uniqueName": "",
        "attack_type": "fire_at_will"
      },
      "way": {}
    }
  },
  "areas": {
    "briefing_t1_resp01": {
      "type": "Point",
      "tm": [
        [
          0.5373,
          0.0,
          -0.843392
        ],
        [
          0.0,
          1.0,
          0.0
        ],
        [
          0.843392,
          0.0,
          0.5373
        ],
        [
          154.17,
          985.171,
          1386.16
        ]
      ],
      "objLayer": 0,
      "props": {}
    },
    "briefing_t1_resp02": {
      "type": "Point",
      "tm": [
        [
          0.5373,
          0.0,
          -0.843392
        ],
        [
          0.0,
          1.0,
          0.0
        ],
        [
          0.843392,
          0.0,
          0.5373
        ],
        [
          -233.258,
          984.217,
          1128.92
        ]
      ],
      "objLayer": 0,
      "props": {}
    },
    "briefing_t2_resp01": {
      "type": "Point",
      "tm": [
        [
          0.382683,
          0.0,
          -0.92388
        ],
        [
          0.0,
          1.0,
          0.0
        ],
        [
          0.92388,
          0.0,
          0.382683
        ],
        [
          372.573,
          979.296,
          -1153.77
        ]
      ],
      "objLayer": 0,
      "props": {}
    },
    "briefing_t2_resp02": {
      "type": "Point",
      "tm": [
        [
          0.371699,
          0.0,
          0.928354
        ],
        [
          0.0,
          1.0,
          0.0
        ],
        [
          -0.928354,
          0.0,
          0.371699
        ],
        [
          -271.698,
          1026.5,
          -1222.39
        ]
      ],
      "objLayer": 0,
      "props": {}
    },
    "briefing_capturezone_02": {
      "type": "Point",
      "tm": [
        [
          0.642788,
          0.0,
          -0.766044
        ],
        [
          0.0,
          1.0,
          0.0
        ],
        [
          0.766044,
          0.0,
          0.642788
        ],
        [
          -238.151,
          965.825,
          0.543125
        ]
      ],
      "objLayer": 0,
      "props": {}
    },
    "briefing_capturezone_03": {
      "type": "Point",
      "tm": [
        [
          0.642788,
          0.0,
          -0.766044
        ],
        [
          0.0,
          1.0,
          0.0
        ],
        [
          0.766044,
          0.0,
          0.642788
        ],
        [
          480.671,
          967.879,
          -13.1176
        ]
      ],
      "objLayer": 0,
      "props": {}
    },
    "briefing_capturezone_01": {
      "type": "Point",
      "tm": [
        [
          0.642788,
          0.0,
          -0.766044
        ],
        [
          0.0,
          1.0,
          0.0
        ],
        [
          0.766044,
          0.0,
          0.642788
        ],
        [
          -660.571,
          1024.82,
          -1.40005
        ]
      ],
      "objLayer": 0,
      "props": {}
    },
    "briefing_t1_rb_resp02": {
      "type": "Point",
      "tm": [
        [
          0.5373,
          0.0,
          -0.843392
        ],
        [
          0.0,
          1.0,
          0.0
        ],
        [
          0.843392,
          0.0,
          0.5373
        ],
        [
          -229.767,
          984.362,
          1129.08
        ]
      ],
      "objLayer": 0,
      "props": {}
    },
    "briefing_t1_rb_resp01": {
      "type": "Point",
      "tm": [
        [
          0.5373,
          0.0,
          -0.843392
        ],
        [
          0.0,
          1.0,
          0.0
        ],
        [
          0.843392,
          0.0,
          0.5373
        ],
        [
          143.19,
          985.163,
          1382.0
        ]
      ],
      "objLayer": 0,
      "props": {}
    },
    "briefing_t2_rb_resp01": {
      "type": "Point",
      "tm": [
        [
          0.382683,
          0.0,
          -0.92388
        ],
        [
          0.0,
          1.0,
          0.0
        ],
        [
          0.92388,
          0.0,
          0.382683
        ],
        [
          374.323,
          979.446,
          -1158.35
        ]
      ],
      "objLayer": 0,
      "props": {}
    },
    "briefing_t2_rb_resp02": {
      "type": "Point",
      "tm": [
        [
          0.36933,
          0.0,
          0.929299
        ],
        [
          0.0,
          1.0,
          0.0
        ],
        [
          -0.929299,
          0.0,
          0.36933
        ],
        [
          -273.897,
          1026.49,
          -1222.84
        ]
      ],
      "objLayer": 0,
      "props": {}
    },
    "briefing_rb_capturezone_02": {
      "type": "Point",
      "tm": [
        [
          -0.258819,
          0.0,
          -0.965926
        ],
        [
          0.0,
          1.0,
          0.0
        ],
        [
          0.965926,
          0.0,
          -0.258819
        ],
        [
          -241.309,
          965.827,
          -1.02688
        ]
      ],
      "objLayer": 0,
      "props": {}
    },
    "briefing_rb_capturezone_03": {
      "type": "Point",
      "tm": [
        [
          -0.258819,
          0.0,
          -0.965926
        ],
        [
          0.0,
          1.0,
          0.0
        ],
        [
          0.965926,
          0.0,
          -0.258819
        ],
        [
          476.951,
          967.879,
          -13.3916
        ]
      ],
      "objLayer": 0,
      "props": {}
    },
    "briefing_rb_capturezone_01": {
      "type": "Point",
      "tm": [
        [
          -0.258819,
          0.0,
          -0.965926
        ],
        [
          0.0,
          1.0,
          0.0
        ],
        [
          0.965926,
          0.0,
          -0.258819
        ],
        [
          -667.121,
          1024.82,
          3.81695
        ]
      ],
      "objLayer": 0,
      "props": {}
    },
    "brief_dom_battle_area": {
      "type": "Box",
      "tm": [
        [
          -0.000198232,
          0.0,
          3072.0
        ],
        [
          0.0,
          400.0,
          0.0
        ],
        [
          -2048.0,
          0.0,
          -0.000132155
        ],
        [
          -312.0,
          900.0,
          0.0
        ]
      ],
      "objLayer": 4,
      "props": {}
    }
  },
  "objLayers": {
    "layer": [
      {
        "enabled": true
      },
      {
        "enabled": true
      },
      {
        "enabled": true
      },
      {
        "enabled": true
      }
    ]
  },
  "wayPoints": {}
}