{
  "selected_tag": "",
  "bin_dump_file": "",
  "mission_settings": {
    "player": {
      "army": 1,
      "wing": ""
    },
    "player_teamB": {
      "army": 2,
      "wing": ""
    },
    "mission": {
      "level": "levels/berlin.bin",
      "type": "domination",
      "environment": "Day",
      "weather": "hazy",
      "deathPenaltyMulRounds": 0.0,
      "stars": {
        "latitude": 52.5,
        "longitude": 13.0,
        "year": 1945,
        "month": 4,
        "day": 2
      }
    },
    "spectator_points": {}
  },
  "imports": {
    "import_record": {
      "file": "gameData/missions/templates/air_templates/gs/assaults_gs_template.blk",
      "importAreas": true,
      "importUnits": true,
      "importTriggers": true,
      "importMissionObjectives": true,
      "importWayPoints": true,
      "showAreas": true,
      "showUnits": true,
      "showTriggers": true,
      "showMissionObjectives": true,
      "showWayPoints": true,
      "excludes": {}
    }
  },
  "triggers": {
    "isCategory": true,
    "is_enabled": true
  },
  "mission_objectives": {
    "isCategory": true,
    "is_enabled": true
  },
  "variables": {
    "ai_assaults_saved": 0,
    "ft_helicopters_pad_exclusive": false
  },
  "dialogs": {},
  "airfields": {},
  "effects": {},
  "units": {},
  "areas": {
    "at_area": {
      "type": "Sphere",
      "tm": [
        [
          -15867.4,
          0.0,
          -2056.96
        ],
        [
          0.0,
          16000.0,
          0.0
        ],
        [
          2056.96,
          0.0,
          -15867.4
        ],
        [
          -18377.3,
          750.0,
          7875.0
        ]
      ],
      "objLayer": 0,
      "props": {}
    },
    "at_t2_spawn_01_01": {
      "type": "Point",
      "tm": [
        [
          0.0933639,
          0.0,
          -0.995634
        ],
        [
          0.0,
          1.0,
          0.0
        ],
        [
          0.995634,
          0.0,
          0.0933639
        ],
        [
          -21338.9,
          750.0,
          15303.0
        ]
      ],
      "objLayer": 0,
      "props": {}
    },
    "at_t1_spawn_01_01": {
      "type": "Point",
      "tm": [
        [
          -0.0933639,
          0.0,
          0.995634
        ],
        [
          0.0,
          1.0,
          0.0
        ],
        [
          -0.995634,
          0.0,
          -0.0933639
        ],
        [
          -19550.7,
          749.99,
          -48.6699
        ]
      ],
      "objLayer": 0,
      "props": {}
    },
    "at_t2_spawn_01_02": {
      "type": "Point",
      "tm": [
        [
          0.0933639,
          0.0,
          -0.995634
        ],
        [
          0.0,
          1.0,
          0.0
        ],
        [
          0.995634,
          0.0,
          0.0933639
        ],
        [
          -17220.1,
          750.0,
          15790.1
        ]
      ],
      "objLayer": 0,
      "props": {}
    },
    "at_t1_spawn_01_02": {
      "type": "Point",
      "tm": [
        [
          -0.0933639,
          0.0,
          0.995634
        ],
        [
          0.0,
          1.0,
          0.0
        ],
        [
          -0.995634,
          0.0,
          -0.0933639
        ],
        [
          -15424.9,
          749.991,
          439.78
        ]
      ],
      "objLayer": 0,
      "props": {}
    },
    "at_t1_spawn_02_01": {
      "type": "Point",
      "tm": [
        [
          -0.0933639,
          0.0,
          0.995634
        ],
        [
          0.0,
          1.0,
          0.0
        ],
        [
          -0.995634,
          0.0,
          -0.0933639
        ],
        [
          -13653.0,
          749.991,
          1422.52
        ]
      ],
      "objLayer": 0,
      "props": {}
    },
    "at_t1_spawn_02_02": {
      "type": "Point",
      "tm": [
        [
          -0.0933639,
          0.0,
          0.995634
        ],
        [
          0.0,
          1.0,
          0.0
        ],
        [
          -0.995634,
          0.0,
          -0.0933639
        ],
        [
          -21451.5,
          749.994,
          490.31
        ]
      ],
      "objLayer": 0,
      "props": {}
    },
    "at_t2_spawn_02_01": {
      "type": "Point",
      "tm": [
        [
          0.0933639,
          0.0,
          -0.995634
        ],
        [
          0.0,
          1.0,
          0.0
        ],
        [
          0.995634,
          0.0,
          0.0933639
        ],
        [
          -14985.1,
          750.006,
          15293.6
        ]
      ],
      "objLayer": 0,
      "props": {}
    },
    "at_t2_spawn_02_02": {
      "type": "Point",
      "tm": [
        [
          0.0933639,
          0.0,
          -0.995634
        ],
        [
          0.0,
          1.0,
          0.0
        ],
        [
          0.995634,
          0.0,
          0.0933639
        ],
        [
          -23111.2,
          750.002,
          14301.0
        ]
      ],
      "objLayer": 0,
      "props": {}
    }
  },
  "objLayers": {},
  "wayPoints": {}
}