{
  "selected_tag": "",
  "bin_dump_file": "",
  "mission_settings": {
    "player": [
      {
        "army": 1
      },
      {
        "wing": "t1_player01"
      },
      {
        "wing": "t1_player02"
      },
      {
        "wing": "t1_player03"
      },
      {
        "wing": "t1_player04"
      },
      {
        "wing": "t1_player05"
      },
      {
        "wing": "t1_player06"
      },
      {
        "wing": "t1_player07"
      },
      {
        "wing": "t1_player08"
      },
      {
        "wing": "t1_player09"
      },
      {
        "wing": "t1_player10"
      },
      {
        "wing": "t1_player11"
      },
      {
        "wing": "t1_player12"
      },
      {
        "wing": "t1_player13"
      },
      {
        "wing": "t1_player14"
      },
      {
        "wing": "t1_player15"
      },
      {
        "wing": "t1_player16"
      }
    ],
    "player_teamB": [
      {
        "army": 2
      },
      {
        "wing": "t2_player01"
      },
      {
        "wing": "t2_player02"
      },
      {
        "wing": "t2_player03"
      },
      {
        "wing": "t2_player04"
      },
      {
        "wing": "t2_player05"
      },
      {
        "wing": "t2_player06"
      },
      {
        "wing": "t2_player07"
      },
      {
        "wing": "t2_player08"
      },
      {
        "wing": "t2_player09"
      },
      {
        "wing": "t2_player10"
      },
      {
        "wing": "t2_player11"
      },
      {
        "wing": "t2_player12"
      },
      {
        "wing": "t2_player13"
      },
      {
        "wing": "t2_player14"
      },
      {
        "wing": "t2_player15"
      },
      {
        "wing": "t2_player16"
      },
      {
        "wing": "t2_player17"
      }
    ],
    "mission": {
      "level": "levels/arcade_norway_plain.bin",
      "type": "domination",
      "environment": "Day",
      "weather": "good",
      "locName": "missions/_frontline_GS;location/arcade_norway_plain",
      "locDesc": "missions/_frontline_GS/desc",
      "scoreLimit": 8500,
      "timeLimit": 25,
      "deathPenaltyMul": 0.2,
      "country_axis": "germany",
      "country_allies": "ussr",
      "restoreType": "attempts",
      "optionalTakeOff": false,
      "allowedUnitTypes": {
        "isAirplanesAllowed": true,
        "isTanksAllowed": false,
        "isShipsAllowed": false,
        "isHelicoptersAllowed": false
      }
    },
    "spectator_points": [],
    "briefing": {
      "place_loc": "",
      "date_loc": "",
      "objective_loc": "",
      "music": "action_01",
      "part": {
        "event": "",
        "minTime": 0,
        "slide": [
          {
            "map": true
          },
          {
            "minTime": 4
          },
          {
            "picture": ""
          },
          {
            "showAirMap": true
          },
          {
            "icon": {
              "icontype": "fighter",
              "side": "ally",
              "target": "t1_fighters_spawn_huge",
              "lookAt": "small_matching_area"
            }
          },
          {
            "icon": {
              "icontype": "fighter",
              "side": "enemy",
              "target": "t2_fighters_spawn_huge",
              "lookAt": "small_matching_area"
            }
          },
          {
            "icon": {
              "icontype": "artillery",
              "side": "ally",
              "target": "briefing_t1_defence_01"
            }
          },
          {
            "icon": {
              "icontype": "artillery",
              "side": "ally",
              "target": "briefing_t1_defence_02"
            }
          },
          {
            "icon": {
              "icontype": "artillery",
              "side": "enemy",
              "target": "briefing_t2_defence_01"
            }
          },
          {
            "icon": {
              "icontype": "artillery",
              "side": "enemy",
              "target": "briefing_t2_defence_02"
            }
          }
        ]
      }
    }
  },
  "imports": [
    {
      "import_record": {
        "file": "gameData/missions/templates/arcade_spawner.blk",
        "importAreas": true,
        "importUnits": true,
        "importTriggers": true,
        "importMissionObjectives": true,
        "importWayPoints": true,
        "showAreas": true,
        "showUnits": true,
        "showTriggers": true,
        "showMissionObjectives": true,
        "showWayPoints": true,
        "excludes": []
      }
    },
    {
      "import_record": {
        "file": "gameData/missions/templates/air_templates/air_frontline_units_death_template.blk",
        "importAreas": true,
        "importUnits": true,
        "importTriggers": true,
        "importMissionObjectives": true,
        "importWayPoints": true,
        "showAreas": true,
        "showUnits": true,
        "showTriggers": true,
        "showMissionObjectives": true,
        "showWayPoints": true,
        "excludes": []
      }
    },
    {
      "import_record": {
        "file": "gameData/missions/templates/air_templates/air_frontline_base_logic_template.blk",
        "importAreas": true,
        "importUnits": true,
        "importTriggers": true,
        "importMissionObjectives": true,
        "importWayPoints": true,
        "showAreas": true,
        "showUnits": true,
        "showTriggers": true,
        "showMissionObjectives": true,
        "showWayPoints": true,
        "excludes": []
      }
    },
    {
      "import_record": {
        "file": "gameData/missions/templates/gs_objectives_template.blk",
        "importAreas": true,
        "importUnits": true,
        "importTriggers": true,
        "importMissionObjectives": true,
        "importWayPoints": true,
        "showAreas": true,
        "showUnits": true,
        "showTriggers": true,
        "showMissionObjectives": true,
        "showWayPoints": true,
        "excludes": []
      }
    },
    {
      "import_record": {
        "file": "gameData/missions/templates/destroy_bomb_areas_template.blk",
        "importAreas": true,
        "importUnits": true,
        "importTriggers": true,
        "importMissionObjectives": true,
        "importWayPoints": true,
        "showAreas": true,
        "showUnits": true,
        "showTriggers": true,
        "showMissionObjectives": true,
        "showWayPoints": true,
        "excludes": []
      }
    },
    {
      "import_record": {
        "file": "gameData/missions/templates/destroy_airfield_zone_template.blk",
        "importAreas": true,
        "importUnits": true,
        "importTriggers": true,
        "importMissionObjectives": true,
        "importWayPoints": true,
        "showAreas": true,
        "showUnits": true,
        "showTriggers": true,
        "showMissionObjectives": true,
        "showWayPoints": true,
        "excludes": []
      }
    }
  ],
  "triggers": {
    "isCategory": true,
    "is_enabled": true,
    "start_mission": {
      "is_enabled": true,
      "comments": "",
      "props": {
        "actionsType": "PERFORM_ONE_BY_ONE",
        "conditionsType": "ALL",
        "enableAfterComplete": false
      },
      "events": {
        "initMission": []
      },
      "conditions": [],
      "actions": [
        {
          "varSetInt": {
            "value": 4,
            "var": "max_bomb_areas"
          }
        },
        {
          "varSetBool": {
            "value": true,
            "var": "isBombingZonesAffect"
          }
        },
        {
          "comment": {
            "value": "задаем значения для предотвращения длинных сессий"
          }
        },
        {
          "varSetReal": {
            "value": 1800.0,
            "var": "arcade_destroy_timer"
          }
        },
        {
          "varSetInt": {
            "value": 600,
            "var": "long_time_is"
          }
        },
        {
          "varSetInt": {
            "value": 900,
            "var": "long_time_arcade_timer"
          }
        },
        {
          "varSetInt": {
            "value": 64000,
            "var": "long_time_arcade_distance"
          }
        },
        {
          "comment": {
            "value": "начинается логика миссии"
          }
        },
        {
          "varSetReal": {
            "value": 250.0,
            "var": "nearDamageDistance"
          }
        },
        {
          "unitSetProperties": [
            {
              "object_marking": 0
            },
            {
              "object_var_name": ""
            },
            {
              "object_var_comp_op": "equal"
            },
            {
              "object_var_value": 0
            },
            {
              "object": "t1_mguns_squad"
            },
            {
              "object": "t2_mguns_squad"
            },
            {
              "object": "t1_artillery_squad"
            },
            {
              "object": "t2_artillery_squad"
            },
            {
              "object": "t1_bunkers_squad"
            },
            {
              "object": "t2_bunkers_squad"
            },
            {
              "object": "t1_tanks_squad"
            },
            {
              "object": "t2_tanks_squad"
            },
            {
              "accuracy": 0.0
            },
            {
              "effShootingRate": 0.0
            }
          ]
        },
        {
          "__missionMarkAsRespawnPoint": {
            "loc_name": "missions/bombers_spawn",
            "spawnEffect": false,
            "isStrictSpawn": false,
            "isAirfield": false,
            "isUnit": false,
            "useExisting": false,
            "isIndividual": false,
            "removeAreas": false,
            "canSpawnOnNeutral": false,
            "showOnMap": true,
            "radius": -1.0,
            "onlyOnePlayerPerSpawnPoint": false,
            "resetStrictSpawnIndex": false,
            "forceCreate": false,
            "replaceAreas": false,
            "target": "t1_bombers_spawn",
            "team": "A",
            "offset": [0.0,0.0,0.0],
            "tags": {
              "type_bomber": true,
              "tank": false
            }
          }
        },
        {
          "__missionMarkAsRespawnPoint": {
            "loc_name": "missions/bombers_spawn",
            "spawnEffect": false,
            "isStrictSpawn": false,
            "isAirfield": false,
            "isUnit": false,
            "useExisting": false,
            "isIndividual": false,
            "removeAreas": false,
            "canSpawnOnNeutral": false,
            "showOnMap": true,
            "radius": -1.0,
            "onlyOnePlayerPerSpawnPoint": false,
            "resetStrictSpawnIndex": false,
            "forceCreate": false,
            "replaceAreas": false,
            "target": "t2_bombers_spawn",
            "team": "B",
            "offset": [0.0,0.0,0.0],
            "tags": {
              "type_bomber": true,
              "tank": false
            }
          }
        }
      ],
      "else_actions": []
    }
  },
  "mission_objectives": {
    "isCategory": true,
    "is_enabled": true
  },
  "variables": [],
  "dialogs": [],
  "airfields": [],
  "effects": [],
  "units": [
    {
      "armada": {
        "name": "t1_player01",
        "tm": [
          [1.0,0.0,0.0],
          [0.0,1.0,0.0],
          [0.0,0.0,1.0],
          [-2739.15,1547.5,-706.2]
        ],
        "unit_class": "yak-9u",
        "objLayer": 1,
        "closed_waypoints": false,
        "isShipSpline": false,
        "shipTurnRadius": 100.0,
        "weapons": "",
        "bullets0": "",
        "bullets1": "",
        "bullets2": "",
        "bullets3": "",
        "bulletsCount0": 0,
        "bulletsCount1": 0,
        "bulletsCount2": 0,
        "bulletsCount3": 0,
        "props": {
          "army": 2,
          "count": 1,
          "free_distance": 70.0,
          "floating_distance": 50.0,
          "minimum_distance_to_earth": 20.0,
          "altLimit": 6000.0,
          "attack_type": "fire_at_will",
          "skill": 4,
          "player": true,
          "plane": {
            "wing_formation": "Diamond",
            "row_distances": 3.0,
            "col_distances": 3.0,
            "super_formation": "Diamond",
            "super_row_distances": 1.5,
            "super_col_distances": 1.5,
            "ai_skill": "NORMAL",
            "task": "FLY_WAYPOINT"
          }
        },
        "way": []
      }
    },
    {
      "objectGroups": {
        "name": "t1_bomb_target_01",
        "tm": [
          [1.0,0.0,0.0],
          [0.0,1.0,0.0],
          [0.0,0.0,1.0],
          [-3218.5,256.97,5342.8]
        ],
        "unit_class": "dynBase_ammunition_storage_square",
        "objLayer": 2,
        "props": {
          "army": 1,
          "active": true
        }
      }
    },
    {
      "objectGroups": {
        "name": "t1_bomb_target_02",
        "tm": [
          [0.906308,0.0,0.422618],
          [0.0,1.0,0.0],
          [-0.422618,0.0,0.906308],
          [5150.55,107.901,-1955.7]
        ],
        "unit_class": "dynBase_fuel_storage_square",
        "objLayer": 2,
        "props": {
          "army": 1,
          "active": true
        }
      }
    },
    {
      "objectGroups": {
        "name": "t1_bomb_target_03",
        "tm": [
          [0.819152,0.0,-0.573576],
          [0.0,1.0,0.0],
          [0.573576,0.0,0.819152],
          [992.55,32.05,1990.85]
        ],
        "unit_class": "dynBase_ammunition_storage_square",
        "objLayer": 2,
        "props": {
          "army": 1,
          "active": true
        }
      }
    },
    {
      "objectGroups": {
        "name": "t2_bomb_target_01",
        "tm": [
          [0.737277,0.0,0.67559],
          [0.0,1.0,0.0],
          [-0.67559,0.0,0.737277],
          [-8472.6,264.424,1974.75]
        ],
        "unit_class": "dynBase_small_factory_square",
        "objLayer": 2,
        "props": {
          "army": 2,
          "active": true
        }
      }
    },
    {
      "objectGroups": {
        "name": "t2_bomb_target_02",
        "tm": [
          [0.866025,0.0,-0.5],
          [0.0,1.0,0.0],
          [0.5,0.0,0.866025],
          [-4294.57,159.773,-2181.4]
        ],
        "unit_class": "dynBase_petrol_camp_square",
        "objLayer": 2,
        "props": {
          "army": 2,
          "active": true
        }
      }
    },
    {
      "objectGroups": {
        "name": "t2_bomb_target_03",
        "tm": [
          [1.0,0.0,0.0],
          [0.0,1.0,0.0],
          [0.0,0.0,1.0],
          [-1220.29,965.604,-6561.55]
        ],
        "unit_class": "dynBase_hq_camp_square",
        "objLayer": 2,
        "props": {
          "army": 2,
          "active": true
        }
      }
    },
    {
      "objectGroups": {
        "name": "t1_airfield",
        "tm": [
          [0.952024,0.0,0.730514],
          [0.0,1.2,0.0],
          [-0.730514,0.0,0.952024],
          [3701.43,245.726,6735.69]
        ],
        "unit_class": "dynAF_britain_ally",
        "props": {
          "army": 1,
          "active": true
        }
      }
    },
    {
      "objectGroups": {
        "name": "t2_airfield",
        "tm": [
          [-1.18973,0.0,0.156632],
          [0.0,1.2,0.0],
          [-0.156632,0.0,-1.18973],
          [-8130.13,251.297,-1559.31]
        ],
        "unit_class": "dynAF_britain_ally",
        "objLayer": 2,
        "props": {
          "army": 2,
          "active": true
        }
      }
    },
    {
      "objectGroups": {
        "name": "t1_trench_02",
        "tm": [
          [0.996195,0.0,0.0871557],
          [0.0,1.0,0.0],
          [-0.0871557,0.0,0.996195],
          [-5992.7,139.898,3461.9]
        ],
        "unit_class": "dynTrench_long_b",
        "objLayer": 2,
        "props": {
          "army": 1,
          "active": true
        }
      }
    },
    {
      "objectGroups": {
        "name": "t1_trench_03",
        "tm": [
          [0.793353,0.0,-0.608761],
          [0.0,1.0,0.0],
          [0.608761,0.0,0.793353],
          [-4994.9,148.741,2995.7]
        ],
        "unit_class": "dynTrench_long_a",
        "objLayer": 2,
        "props": {
          "army": 1,
          "active": true
        }
      }
    },
    {
      "objectGroups": {
        "name": "t1_trench_04",
        "tm": [
          [0.793353,0.0,-0.608761],
          [0.0,1.0,0.0],
          [0.608761,0.0,0.793353],
          [-4777.0,149.414,2820.75]
        ],
        "unit_class": "dynTrench_long_b",
        "objLayer": 2,
        "props": {
          "army": 1,
          "active": true
        }
      }
    },
    {
      "objectGroups": {
        "name": "t1_trench_05",
        "tm": [
          [0.642788,0.0,-0.766044],
          [0.0,1.0,0.0],
          [0.766044,0.0,0.642788],
          [-4678.1,149.414,2718.3]
        ],
        "unit_class": "dynTrench_long_b",
        "objLayer": 2,
        "props": {
          "army": 1,
          "active": true
        }
      }
    },
    {
      "objectGroups": {
        "name": "t1_trench_06",
        "tm": [
          [0.5,0.0,-0.866025],
          [0.0,1.0,0.0],
          [0.866025,0.0,0.5],
          [-4449.9,143.701,2375.1]
        ],
        "unit_class": "dynTrench_long_a",
        "objLayer": 2,
        "props": {
          "army": 1,
          "active": true
        }
      }
    },
    {
      "objectGroups": {
        "name": "t1_trench_07",
        "tm": [
          [0.382672,0.0079128,-0.923851],
          [-0.0030281,0.999969,0.00731047],
          [0.92388,0.0,0.382684],
          [-4273.35,143.606,2003.15]
        ],
        "unit_class": "dynTrench_long_a",
        "objLayer": 2,
        "props": {
          "army": 1,
          "active": true
        }
      }
    },
    {
      "objectGroups": {
        "name": "t1_trench_08",
        "tm": [
          [0.173648,0.0,-0.984808],
          [0.0,1.0,0.0],
          [0.984808,0.0,0.173648],
          [-4189.3,147.492,1738.8]
        ],
        "unit_class": "dynTrench_long_b",
        "objLayer": 2,
        "props": {
          "army": 1,
          "active": true
        }
      }
    },
    {
      "objectGroups": {
        "name": "t1_trench_09",
        "tm": [
          [0.382684,0.0,-0.92388],
          [0.0,1.0,0.0],
          [0.92388,0.0,0.382684],
          [-4016.05,147.454,1219.65]
        ],
        "unit_class": "dynTrench_long_a",
        "objLayer": 2,
        "props": {
          "army": 1,
          "active": true
        }
      }
    },
    {
      "objectGroups": {
        "name": "t1_trench_10",
        "tm": [
          [0.5,0.0,-0.866025],
          [0.0,1.0,0.0],
          [0.866025,0.0,0.5],
          [-3843.55,147.676,863.8]
        ],
        "unit_class": "dynTrench_long_a",
        "objLayer": 2,
        "props": {
          "army": 1,
          "active": true
        }
      }
    },
    {
      "objectGroups": {
        "name": "t1_trench_11",
        "tm": [
          [0.608762,0.0,-0.793353],
          [0.0,1.0,0.0],
          [0.793353,0.0,0.608762],
          [-3564.1,149.262,382.35]
        ],
        "unit_class": "dynTrench_long_a",
        "objLayer": 2,
        "props": {
          "army": 1,
          "active": true
        }
      }
    },
    {
      "objectGroups": {
        "name": "t1_trench_12",
        "tm": [
          [0.819152,0.0,-0.573576],
          [0.0,1.0,0.0],
          [0.573576,0.0,0.819152],
          [-3279.65,147.887,81.95]
        ],
        "unit_class": "dynTrench_long_b",
        "objLayer": 2,
        "props": {
          "army": 1,
          "active": true
        }
      }
    },
    {
      "objectGroups": {
        "name": "t1_trench_13",
        "tm": [
          [0.865831,-0.0211932,-0.499888],
          [0.0183538,0.999775,-0.0105966],
          [0.5,0.0,0.866026],
          [-3057.35,151.33,-48.95]
        ],
        "unit_class": "dynTrench_long_b",
        "objLayer": 2,
        "props": {
          "army": 1,
          "active": true
        }
      }
    },
    {
      "objectGroups": {
        "name": "t1_trench_14",
        "tm": [
          [0.866026,0.0,-0.5],
          [0.0,1.0,0.0],
          [0.5,0.0,0.866026],
          [-2812.25,151.598,-197.05]
        ],
        "unit_class": "dynTrench_long_a",
        "objLayer": 2,
        "props": {
          "army": 1,
          "active": true
        }
      }
    },
    {
      "objectGroups": {
        "name": "t1_trench_15",
        "tm": [
          [0.887011,0.0,-0.461749],
          [0.0,1.0,0.0],
          [0.461749,0.0,0.887011],
          [-2452.0,150.418,-401.2]
        ],
        "unit_class": "dynTrench_long_a",
        "objLayer": 2,
        "props": {
          "army": 1,
          "active": true
        }
      }
    },
    {
      "objectGroups": {
        "name": "t1_trench_16",
        "tm": [
          [0.886918,-0.0144645,-0.461701],
          [0.0128302,0.999895,-0.00667896],
          [0.461749,0.0,0.887011],
          [-2120.3,147.591,-570.85]
        ],
        "unit_class": "dynTrench_long_a",
        "objLayer": 2,
        "props": {
          "army": 1,
          "active": true
        }
      }
    },
    {
      "objectGroups": {
        "name": "t1_trench_17",
        "tm": [
          [0.965926,0.0,-0.258819],
          [0.0,1.0,0.0],
          [0.258819,0.0,0.965926],
          [-6014.05,148.276,3645.0]
        ],
        "unit_class": "dynTrench_long_a",
        "objLayer": 2,
        "props": {
          "army": 1,
          "active": true
        }
      }
    },
    {
      "objectGroups": {
        "name": "t1_trench_18",
        "tm": [
          [0.642788,0.0,-0.766044],
          [0.0,1.0,0.0],
          [0.766044,0.0,0.642788],
          [-5581.35,146.625,3468.1]
        ],
        "unit_class": "dynTrench_long_b",
        "objLayer": 2,
        "props": {
          "army": 1,
          "active": true
        }
      }
    },
    {
      "objectGroups": {
        "name": "t1_trench_19",
        "tm": [
          [0.793353,0.0,-0.608761],
          [0.0,1.0,0.0],
          [0.608761,0.0,0.793353],
          [-4861.8,148.741,3083.7]
        ],
        "unit_class": "dynTrench_long_a",
        "objLayer": 2,
        "props": {
          "army": 1,
          "active": true
        }
      }
    },
    {
      "objectGroups": {
        "name": "t1_trench_20",
        "tm": [
          [0.819152,0.0,0.573576],
          [0.0,1.0,0.0],
          [-0.573576,0.0,0.819152],
          [-4649.95,149.414,2817.15]
        ],
        "unit_class": "dynTrench_long_b",
        "objLayer": 2,
        "props": {
          "army": 1,
          "active": true
        }
      }
    },
    {
      "objectGroups": {
        "name": "t1_trench_21",
        "tm": [
          [0.793353,0.0,-0.608761],
          [0.0,1.0,0.0],
          [0.608761,0.0,0.793353],
          [-4633.65,149.414,2902.95]
        ],
        "unit_class": "dynTrench_long_b",
        "objLayer": 2,
        "props": {
          "army": 1,
          "active": true
        }
      }
    },
    {
      "objectGroups": {
        "name": "t1_trench_22",
        "tm": [
          [0.819152,0.0,0.573576],
          [0.0,1.0,0.0],
          [-0.573576,0.0,0.819152],
          [-4402.05,143.701,2493.8]
        ],
        "unit_class": "dynTrench_long_b",
        "objLayer": 2,
        "props": {
          "army": 1,
          "active": true
        }
      }
    },
    {
      "objectGroups": {
        "name": "t1_trench_23",
        "tm": [
          [-0.92388,0.0,-0.382684],
          [0.0,1.0,0.0],
          [0.382684,0.0,-0.92388],
          [-4136.1,148.392,1935.2]
        ],
        "unit_class": "dynTrench_long_b",
        "objLayer": 2,
        "props": {
          "army": 1,
          "active": true
        }
      }
    },
    {
      "objectGroups": {
        "name": "t1_trench_24",
        "tm": [
          [0.5,0.0,-0.866025],
          [0.0,1.0,0.0],
          [0.866025,0.0,0.5],
          [-4366.65,143.701,2600.85]
        ],
        "unit_class": "dynTrench_long_a",
        "objLayer": 2,
        "props": {
          "army": 1,
          "active": true
        }
      }
    },
    {
      "objectGroups": {
        "name": "t1_trench_25",
        "tm": [
          [0.422618,0.0,-0.906308],
          [0.0,1.0,0.0],
          [0.906308,0.0,0.422618],
          [-4185.85,141.098,2241.65]
        ],
        "unit_class": "dynTrench_long_a",
        "objLayer": 2,
        "props": {
          "army": 1,
          "active": true
        }
      }
    },
    {
      "objectGroups": {
        "name": "t1_trench_26",
        "tm": [
          [0.382684,0.0,-0.92388],
          [0.0,1.0,0.0],
          [0.92388,0.0,0.382684],
          [-4027.35,147.492,1867.35]
        ],
        "unit_class": "dynTrench_long_a",
        "objLayer": 2,
        "props": {
          "army": 1,
          "active": true
        }
      }
    },
    {
      "objectGroups": {
        "name": "t1_trench_27",
        "tm": [
          [-0.92388,0.0,-0.382684],
          [0.0,1.0,0.0],
          [0.382684,0.0,-0.92388],
          [-3972.0,148.354,1376.6]
        ],
        "unit_class": "dynTrench_long_b",
        "objLayer": 2,
        "props": {
          "army": 1,
          "active": true
        }
      }
    },
    {
      "objectGroups": {
        "name": "t1_trench_28",
        "tm": [
          [0.258819,0.0,-0.965926],
          [0.0,1.0,0.0],
          [0.965926,0.0,0.258819],
          [-3901.2,147.454,1480.4]
        ],
        "unit_class": "dynTrench_long_a",
        "objLayer": 2,
        "props": {
          "army": 1,
          "active": true
        }
      }
    },
    {
      "objectGroups": {
        "name": "t1_trench_29",
        "tm": [
          [-0.92388,0.0,-0.382684],
          [0.0,1.0,0.0],
          [0.382684,0.0,-0.92388],
          [-3801.3,148.576,989.3]
        ],
        "unit_class": "dynTrench_long_b",
        "objLayer": 2,
        "props": {
          "army": 1,
          "active": true
        }
      }
    },
    {
      "objectGroups": {
        "name": "t1_trench_30",
        "tm": [
          [0.422618,0.0,-0.906308],
          [0.0,1.0,0.0],
          [0.906308,0.0,0.422618],
          [-3771.4,147.676,1106.2]
        ],
        "unit_class": "dynTrench_long_a",
        "objLayer": 2,
        "props": {
          "army": 1,
          "active": true
        }
      }
    },
    {
      "objectGroups": {
        "name": "t1_trench_31",
        "tm": [
          [0.573577,0.0,-0.819152],
          [0.0,1.0,0.0],
          [0.819152,0.0,0.573577],
          [-3638.8,148.415,842.95]
        ],
        "unit_class": "dynTrench_long_b",
        "objLayer": 2,
        "props": {
          "army": 1,
          "active": true
        }
      }
    },
    {
      "objectGroups": {
        "name": "t1_trench_32",
        "tm": [
          [0.608762,0.0,-0.793353],
          [0.0,1.0,0.0],
          [0.793353,0.0,0.608762],
          [-3399.75,148.914,390.7]
        ],
        "unit_class": "dynTrench_long_b",
        "objLayer": 2,
        "props": {
          "army": 1,
          "active": true
        }
      }
    },
    {
      "objectGroups": {
        "name": "t1_trench_33",
        "tm": [
          [0.819127,0.00787733,-0.573558],
          [-0.00645273,0.999969,0.00451825],
          [0.573576,0.0,0.819152],
          [-3152.05,149.236,206.15]
        ],
        "unit_class": "dynTrench_long_b",
        "objLayer": 2,
        "props": {
          "army": 1,
          "active": true
        }
      }
    },
    {
      "objectGroups": {
        "name": "t1_trench_34",
        "tm": [
          [0.886925,-0.0139283,-0.461704],
          [0.0123546,0.999903,-0.00643139],
          [0.461749,0.0,0.887011],
          [-2906.05,152.491,58.2]
        ],
        "unit_class": "dynTrench_long_a",
        "objLayer": 2,
        "props": {
          "army": 1,
          "active": true
        }
      }
    },
    {
      "objectGroups": {
        "name": "t1_trench_35",
        "tm": [
          [0.422618,0.0,0.906308],
          [0.0,1.0,0.0],
          [-0.906308,0.0,0.422618],
          [-2879.25,151.098,-50.3]
        ],
        "unit_class": "dynTrench_long_b",
        "objLayer": 2,
        "props": {
          "army": 1,
          "active": true
        }
      }
    },
    {
      "objectGroups": {
        "name": "t1_trench_36",
        "tm": [
          [0.866026,0.0,-0.5],
          [0.0,1.0,0.0],
          [0.5,0.0,0.866026],
          [-2564.13,152.298,-132.493]
        ],
        "unit_class": "dynTrench_long_a",
        "objLayer": 2,
        "props": {
          "army": 1,
          "active": true
        }
      }
    },
    {
      "objectGroups": {
        "name": "t1_trench_37",
        "tm": [
          [0.422618,0.0,0.906308],
          [0.0,1.0,0.0],
          [-0.906308,0.0,0.422618],
          [-2367.55,151.468,-340.25]
        ],
        "unit_class": "dynTrench_long_b",
        "objLayer": 2,
        "props": {
          "army": 1,
          "active": true
        }
      }
    },
    {
      "objectGroups": {
        "name": "t1_trench_38",
        "tm": [
          [0.737278,0.0,-0.67559],
          [0.0,1.0,0.0],
          [0.67559,0.0,0.737278],
          [-2267.1,151.287,-343.4]
        ],
        "unit_class": "dynTrench_long_a",
        "objLayer": 2,
        "props": {
          "army": 1,
          "active": true
        }
      }
    },
    {
      "objectGroups": {
        "name": "t2_trench_01",
        "tm": [
          [0.92388,0.0,-0.382683],
          [0.0,1.0,0.0],
          [0.382683,0.0,0.92388],
          [-6196.45,152.0,3139.1]
        ],
        "unit_class": "dynTrench_long_b",
        "objLayer": 2,
        "props": {
          "army": 2,
          "active": true
        }
      }
    },
    {
      "objectGroups": {
        "name": "t2_trench_02",
        "tm": [
          [0.991445,0.0,-0.130526],
          [0.0,1.0,0.0],
          [0.130526,0.0,0.991445],
          [-5967.0,152.087,3066.95]
        ],
        "unit_class": "dynTrench_long_b",
        "objLayer": 2,
        "props": {
          "army": 2,
          "active": true
        }
      }
    },
    {
      "objectGroups": {
        "name": "t2_trench_03",
        "tm": [
          [0.766044,0.0,-0.642788],
          [0.0,1.0,0.0],
          [0.642788,0.0,0.766044],
          [-5588.15,150.915,2879.95]
        ],
        "unit_class": "dynTrench_long_a",
        "objLayer": 2,
        "props": {
          "army": 2,
          "active": true
        }
      }
    },
    {
      "objectGroups": {
        "name": "t2_trench_04",
        "tm": [
          [0.461749,0.0,-0.887011],
          [0.0,1.0,0.0],
          [0.887011,0.0,0.461749],
          [-5244.2,149.344,2505.1]
        ],
        "unit_class": "dynTrench_long_b",
        "objLayer": 2,
        "props": {
          "army": 2,
          "active": true
        }
      }
    },
    {
      "objectGroups": {
        "name": "t2_trench_05",
        "tm": [
          [0.707107,0.0,-0.707107],
          [0.0,1.0,0.0],
          [0.707107,0.0,0.707107],
          [-5076.85,151.697,2299.55]
        ],
        "unit_class": "dynTrench_long_a",
        "objLayer": 2,
        "props": {
          "army": 2,
          "active": true
        }
      }
    },
    {
      "objectGroups": {
        "name": "t2_trench_06",
        "tm": [
          [0.461749,0.0,-0.887011],
          [0.0,1.0,0.0],
          [0.887011,0.0,0.461749],
          [-4901.75,150.453,2081.9]
        ],
        "unit_class": "dynTrench_long_b",
        "objLayer": 2,
        "props": {
          "army": 2,
          "active": true
        }
      }
    },
    {
      "objectGroups": {
        "name": "t2_trench_07",
        "tm": [
          [0.793353,0.0,-0.608761],
          [0.0,1.0,0.0],
          [0.608761,0.0,0.793353],
          [-4734.85,150.367,1889.75]
        ],
        "unit_class": "dynTrench_long_b",
        "objLayer": 2,
        "props": {
          "army": 2,
          "active": true
        }
      }
    },
    {
      "objectGroups": {
        "name": "t2_trench_08",
        "tm": [
          [0.461749,0.0,-0.887011],
          [0.0,1.0,0.0],
          [0.887011,0.0,0.461749],
          [-4524.25,154.108,1642.4]
        ],
        "unit_class": "dynTrench_long_a",
        "objLayer": 2,
        "props": {
          "army": 2,
          "active": true
        }
      }
    },
    {
      "objectGroups": {
        "name": "t2_trench_09",
        "tm": [
          [0.461749,0.0,-0.887011],
          [0.0,1.0,0.0],
          [0.887011,0.0,0.461749],
          [-4308.5,151.575,1193.0]
        ],
        "unit_class": "dynTrench_long_a",
        "objLayer": 2,
        "props": {
          "army": 2,
          "active": true
        }
      }
    },
    {
      "objectGroups": {
        "name": "t2_trench_10",
        "tm": [
          [0.258819,0.0,-0.965926],
          [0.0,1.0,0.0],
          [0.965926,0.0,0.258819],
          [-4196.1,149.826,927.95]
        ],
        "unit_class": "dynTrench_long_b",
        "objLayer": 2,
        "props": {
          "army": 2,
          "active": true
        }
      }
    },
    {
      "objectGroups": {
        "name": "t2_trench_11",
        "tm": [
          [0.382683,0.0,-0.92388],
          [0.0,1.0,0.0],
          [0.92388,0.0,0.382683],
          [-4071.1,150.77,547.95]
        ],
        "unit_class": "dynTrench_long_a",
        "objLayer": 2,
        "props": {
          "army": 2,
          "active": true
        }
      }
    },
    {
      "objectGroups": {
        "name": "t2_trench_12",
        "tm": [
          [0.642788,0.0,-0.766044],
          [0.0,1.0,0.0],
          [0.766044,0.0,0.642788],
          [-3866.45,151.817,198.55]
        ],
        "unit_class": "dynTrench_long_a",
        "objLayer": 2,
        "props": {
          "army": 2,
          "active": true
        }
      }
    },
    {
      "objectGroups": {
        "name": "t2_trench_13",
        "tm": [
          [0.608761,0.0,-0.793353],
          [0.0,1.0,0.0],
          [0.793353,0.0,0.608761],
          [-3616.85,151.058,-121.55]
        ],
        "unit_class": "dynTrench_long_a",
        "objLayer": 2,
        "props": {
          "army": 2,
          "active": true
        }
      }
    },
    {
      "objectGroups": {
        "name": "t2_trench_14",
        "tm": [
          [0.793353,0.0,-0.608761],
          [0.0,1.0,0.0],
          [0.608761,0.0,0.793353],
          [-3333.65,152.346,-410.35]
        ],
        "unit_class": "dynTrench_long_a",
        "objLayer": 2,
        "props": {
          "army": 2,
          "active": true
        }
      }
    },
    {
      "objectGroups": {
        "name": "t2_trench_15",
        "tm": [
          [0.906308,0.0,-0.422618],
          [0.0,1.0,0.0],
          [0.422618,0.0,0.906308],
          [-2985.05,152.399,-627.35]
        ],
        "unit_class": "dynTrench_long_a",
        "objLayer": 2,
        "props": {
          "army": 2,
          "active": true
        }
      }
    },
    {
      "objectGroups": {
        "name": "t2_trench_16",
        "tm": [
          [0.906308,0.0,-0.422618],
          [0.0,1.0,0.0],
          [0.422618,0.0,0.906308],
          [-2638.9,150.449,-785.95]
        ],
        "unit_class": "dynTrench_long_a",
        "objLayer": 2,
        "props": {
          "army": 2,
          "active": true
        }
      }
    },
    {
      "objectGroups": {
        "name": "t2_trench_17",
        "tm": [
          [0.92388,0.0,-0.382683],
          [0.0,1.0,0.0],
          [0.382683,0.0,0.92388],
          [-6221.75,152.0,2950.75]
        ],
        "unit_class": "dynTrench_long_b",
        "objLayer": 2,
        "props": {
          "army": 2,
          "active": true
        }
      }
    },
    {
      "objectGroups": {
        "name": "t2_trench_18",
        "tm": [
          [0.766044,0.0,-0.642788],
          [0.0,1.0,0.0],
          [0.642788,0.0,0.766044],
          [-5707.2,150.915,2752.4]
        ],
        "unit_class": "dynTrench_long_a",
        "objLayer": 2,
        "props": {
          "army": 2,
          "active": true
        }
      }
    },
    {
      "objectGroups": {
        "name": "t2_trench_19",
        "tm": [
          [0.766044,0.0,0.642788],
          [0.0,1.0,0.0],
          [-0.642788,0.0,0.766044],
          [-5633.4,150.915,2809.85]
        ],
        "unit_class": "dynTrench_long_b",
        "objLayer": 2,
        "props": {
          "army": 2,
          "active": true
        }
      }
    },
    {
      "objectGroups": {
        "name": "t2_trench_20",
        "tm": [
          [0.461749,0.0,-0.887011],
          [0.0,1.0,0.0],
          [0.887011,0.0,0.461749],
          [-5388.15,148.486,2463.4]
        ],
        "unit_class": "dynTrench_long_b",
        "objLayer": 2,
        "props": {
          "army": 2,
          "active": true
        }
      }
    },
    {
      "objectGroups": {
        "name": "t2_trench_21",
        "tm": [
          [0.793353,0.0,-0.608761],
          [0.0,1.0,0.0],
          [0.608761,0.0,0.793353],
          [-4787.15,151.367,1765.55]
        ],
        "unit_class": "dynTrench_long_b",
        "objLayer": 2,
        "props": {
          "army": 2,
          "active": true
        }
      }
    },
    {
      "objectGroups": {
        "name": "t2_trench_22",
        "tm": [
          [0.608761,0.0,-0.793353],
          [0.0,1.0,0.0],
          [0.793353,0.0,0.608761],
          [-4619.8,155.108,1582.45]
        ],
        "unit_class": "dynTrench_long_b",
        "objLayer": 2,
        "props": {
          "army": 2,
          "active": true
        }
      }
    },
    {
      "objectGroups": {
        "name": "t2_trench_23",
        "tm": [
          [0.866025,0.0,0.5],
          [0.0,1.0,0.0],
          [-0.5,0.0,0.866025],
          [-4397.6,151.575,1189.35]
        ],
        "unit_class": "dynTrench_long_b",
        "objLayer": 2,
        "props": {
          "army": 2,
          "active": true
        }
      }
    },
    {
      "objectGroups": {
        "name": "t2_trench_24",
        "tm": [
          [0.21644,0.0,-0.976296],
          [0.0,1.0,0.0],
          [0.976296,0.0,0.21644],
          [-4489.9,151.575,1195.95]
        ],
        "unit_class": "dynTrench_long_a",
        "objLayer": 2,
        "props": {
          "army": 2,
          "active": true
        }
      }
    },
    {
      "objectGroups": {
        "name": "t2_trench_25",
        "tm": [
          [0.461749,0.0,-0.887011],
          [0.0,1.0,0.0],
          [0.887011,0.0,0.461749],
          [-4408.05,149.826,912.35]
        ],
        "unit_class": "dynTrench_long_b",
        "objLayer": 2,
        "props": {
          "army": 2,
          "active": true
        }
      }
    },
    {
      "objectGroups": {
        "name": "t2_trench_26",
        "tm": [
          [0.92388,0.0,0.382683],
          [0.0,1.0,0.0],
          [-0.382683,0.0,0.92388],
          [-4162.5,150.77,560.55]
        ],
        "unit_class": "dynTrench_long_b",
        "objLayer": 2,
        "props": {
          "army": 2,
          "active": true
        }
      }
    },
    {
      "objectGroups": {
        "name": "t2_trench_27",
        "tm": [
          [0.382683,0.0,-0.92388],
          [0.0,1.0,0.0],
          [0.92388,0.0,0.382683],
          [-4251.25,150.77,533.6]
        ],
        "unit_class": "dynTrench_long_a",
        "objLayer": 2,
        "props": {
          "army": 2,
          "active": true
        }
      }
    },
    {
      "objectGroups": {
        "name": "t2_trench_28",
        "tm": [
          [0.461749,0.0,-0.887011],
          [0.0,1.0,0.0],
          [0.887011,0.0,0.461749],
          [-4086.4,151.817,165.25]
        ],
        "unit_class": "dynTrench_long_a",
        "objLayer": 2,
        "props": {
          "army": 2,
          "active": true
        }
      }
    },
    {
