{
  "selected_tag": "",
  "bin_dump_file": "",
  "mission_settings": {
    "player": [
      {
        "army": 1
      },
      {
        "wing": "t1_player01"
      },
      {
        "wing": "t1_player02"
      },
      {
        "wing": "t1_player03"
      },
      {
        "wing": "t1_player04"
      },
      {
        "wing": "t1_player05"
      },
      {
        "wing": "t1_player06"
      },
      {
        "wing": "t1_player07"
      },
      {
        "wing": "t1_player08"
      },
      {
        "wing": "t1_player09"
      },
      {
        "wing": "t1_player10"
      },
      {
        "wing": "t1_player11"
      },
      {
        "wing": "t1_player12"
      },
      {
        "wing": "t1_player13"
      },
      {
        "wing": "t1_player14"
      },
      {
        "wing": "t1_player15"
      },
      {
        "wing": "t1_player16"
      }
    ],
    "player_teamB": [
      {
        "army": 2
      },
      {
        "wing": "t2_player01"
      },
      {
        "wing": "t2_player02"
      },
      {
        "wing": "t2_player03"
      },
      {
        "wing": "t2_player04"
      },
      {
        "wing": "t2_player05"
      },
      {
        "wing": "t2_player06"
      },
      {
        "wing": "t2_player07"
      },
      {
        "wing": "t2_player08"
      },
      {
        "wing": "t2_player09"
      },
      {
        "wing": "t2_player10"
      },
      {
        "wing": "t2_player11"
      },
      {
        "wing": "t2_player12"
      },
      {
        "wing": "t2_player13"
      },
      {
        "wing": "t2_player14"
      },
      {
        "wing": "t2_player15"
      },
      {
        "wing": "t2_player16"
      },
      {
        "wing": "t2_player17"
      }
    ],
    "mission": {
      "level": "levels/stalingrad_w.bin",
      "type": "domination",
      "environment": "Day",
      "weather": "hazy",
      "locName": "missions/_frontline_GS;location/stalingrad_w",
      "locDesc": "missions/_frontline_GS/desc",
      "scoreLimit": 8500,
      "timeLimit": 25,
      "deathPenaltyMul": 0.2,
      "country_axis": "germany",
      "country_allies": "ussr",
      "restoreType": "attempts",
      "optionalTakeOff": false,
      "allowedUnitTypes": {
        "isAirplanesAllowed": true,
        "isTanksAllowed": false,
        "isShipsAllowed": false,
        "isHelicoptersAllowed": false
      }
    },
    "spectator_points": [],
    "briefing": {
      "place_loc": "",
      "date_loc": "",
      "objective_loc": "",
      "music": "action_01",
      "part": {
        "event": "",
        "minTime": 0,
        "slide": [
          {
            "map": true
          },
          {
            "minTime": 4
          },
          {
            "picture": ""
          },
          {
            "showAirMap": false
          },
          {
            "icon": {
              "icontype": "fighter",
              "side": "ally",
              "target": "t1_bombers_spawn",
              "lookAt": "t2_bombers_spawn"
            }
          },
          {
            "icon": {
              "icontype": "fighter",
              "side": "enemy",
              "target": "t2_bombers_spawn",
              "lookAt": "t1_bombers_spawn"
            }
          },
          {
            "icon": {
              "icontype": "artillery",
              "side": "ally",
              "target": "t1_briefing_art_01"
            }
          },
          {
            "icon": {
              "icontype": "artillery",
              "side": "ally",
              "target": "t1_briefing_art_02"
            }
          },
          {
            "icon": {
              "icontype": "artillery",
              "side": "enemy",
              "target": "t2_briefing_art_01"
            }
          },
          {
            "icon": {
              "icontype": "artillery",
              "side": "enemy",
              "target": "t2_briefing_art_02"
            }
          }
        ]
      }
    }
  },
  "imports": [
    {
      "import_record": {
        "file": "gameData/missions/templates/air_templates/air_frontline_base_logic_template.blk",
        "importAreas": true,
        "importUnits": true,
        "importTriggers": true,
        "importMissionObjectives": true,
        "importWayPoints": true,
        "showAreas": true,
        "showUnits": true,
        "showTriggers": true,
        "showMissionObjectives": true,
        "showWayPoints": true,
        "excludes": []
      }
    },
    {
      "import_record": {
        "file": "gameData/missions/templates/arcade_spawner.blk",
        "importAreas": true,
        "importUnits": true,
        "importTriggers": true,
        "importMissionObjectives": true,
        "importWayPoints": true,
        "showAreas": true,
        "showUnits": true,
        "showTriggers": true,
        "showMissionObjectives": true,
        "showWayPoints": true,
        "excludes": []
      }
    },
    {
      "import_record": {
        "file": "gameData/missions/templates/gs_objectives_template.blk",
        "importAreas": true,
        "importUnits": true,
        "importTriggers": true,
        "importMissionObjectives": true,
        "importWayPoints": true,
        "showAreas": true,
        "showUnits": true,
        "showTriggers": true,
        "showMissionObjectives": true,
        "showWayPoints": true,
        "excludes": []
      }
    },
    {
      "import_record": {
        "file": "gameData/missions/templates/air_templates/air_frontline_units_death_template.blk",
        "importAreas": true,
        "importUnits": true,
        "importTriggers": true,
        "importMissionObjectives": true,
        "importWayPoints": true,
        "showAreas": true,
        "showUnits": true,
        "showTriggers": true,
        "showMissionObjectives": true,
        "showWayPoints": true,
        "excludes": []
      }
    },
    {
      "import_record": {
        "file": "gameData/missions/templates/destroy_airfield_zone_template.blk",
        "importAreas": true,
        "importUnits": true,
        "importTriggers": true,
        "importMissionObjectives": true,
        "importWayPoints": true,
        "showAreas": true,
        "showUnits": true,
        "showTriggers": true,
        "showMissionObjectives": true,
        "showWayPoints": true,
        "excludes": []
      }
    },
    {
      "import_record": {
        "file": "gameData/missions/templates/destroy_bomb_areas_template.blk",
        "importAreas": true,
        "importUnits": true,
        "importTriggers": true,
        "importMissionObjectives": true,
        "importWayPoints": true,
        "showAreas": true,
        "showUnits": true,
        "showTriggers": true,
        "showMissionObjectives": true,
        "showWayPoints": true,
        "excludes": []
      }
    },
    {
      "import_record": {
        "file": "gameData/missions/bridges/stalingrad_bridges.blk",
        "importAreas": true,
        "importUnits": true,
        "importTriggers": true,
        "importMissionObjectives": true,
        "importWayPoints": true,
        "showAreas": true,
        "showUnits": true,
        "showTriggers": true,
        "showMissionObjectives": true,
        "showWayPoints": true,
        "excludes": []
      }
    }
  ],
  "triggers": {
    "isCategory": true,
    "is_enabled": true,
    "mission_start": {
      "is_enabled": true,
      "comments": "",
      "props": {
        "actionsType": "PERFORM_ONE_BY_ONE",
        "conditionsType": "ALL",
        "enableAfterComplete": false
      },
      "events": {
        "initMission": []
      },
      "conditions": [],
      "actions": [
        {
          "varSetInt": {
            "value": 4,
            "var": "max_bomb_areas"
          }
        },
        {
          "comment": {
            "value": "задаем значения для предотвращения длинных сессий"
          }
        },
        {
          "varSetReal": {
            "value": 1800.0,
            "var": "arcade_destroy_timer"
          }
        },
        {
          "varSetInt": {
            "value": 600,
            "var": "long_time_is"
          }
        },
        {
          "varSetInt": {
            "value": 900,
            "var": "long_time_arcade_timer"
          }
        },
        {
          "varSetInt": {
            "value": 64000,
            "var": "long_time_arcade_distance"
          }
        },
        {
          "comment": {
            "value": "начинается логика миссии"
          }
        },
        {
          "varSetReal": {
            "value": 250.0,
            "var": "nearDamageDistance"
          }
        },
        {
          "varSetBool": {
            "value": true,
            "var": "isBombingZonesAffect"
          }
        },
        {
          "unitSetProperties": [
            {
              "object_marking": 0
            },
            {
              "object_var_name": ""
            },
            {
              "object_var_comp_op": "equal"
            },
            {
              "object_var_value": 0
            },
            {
              "object": "t1_mguns_squad"
            },
            {
              "object": "t2_mguns_squad"
            },
            {
              "object": "t1_artillery_squad"
            },
            {
              "object": "t2_artillery_squad"
            },
            {
              "object": "t1_tanks_squad"
            },
            {
              "object": "t2_tanks_squad"
            },
            {
              "object": "t1_bunkers_squad"
            },
            {
              "object": "t2_bunkers_squad"
            },
            {
              "accuracy": 0.0
            },
            {
              "effShootingRate": 0.0
            },
            {
              "airEffShootingRate": 0.0
            }
          ]
        },
        {
          "__missionMarkAsRespawnPoint": {
            "loc_name": "missions/bombers_spawn",
            "spawnEffect": false,
            "isStrictSpawn": false,
            "isAirfield": false,
            "isUnit": false,
            "useExisting": false,
            "radius": -1.0,
            "canSpawnOnNeutral": false,
            "isIndividual": false,
            "removeAreas": false,
            "showOnMap": true,
            "onlyOnePlayerPerSpawnPoint": false,
            "resetStrictSpawnIndex": false,
            "forceCreate": false,
            "replaceAreas": false,
            "target": "t1_bombers_spawn",
            "team": "A",
            "separate_fuel_time": false,
            "modular_airfield": false,
            "offset": [0.0,0.0,0.0],
            "tags": {
              "type_bomber": true,
              "tank": false,
              "artillery": false,
              "aaa": false
            }
          }
        },
        {
          "__missionMarkAsRespawnPoint": {
            "loc_name": "missions/bombers_spawn",
            "spawnEffect": false,
            "isStrictSpawn": false,
            "isAirfield": false,
            "isUnit": false,
            "useExisting": false,
            "radius": -1.0,
            "canSpawnOnNeutral": false,
            "isIndividual": false,
            "removeAreas": false,
            "showOnMap": true,
            "onlyOnePlayerPerSpawnPoint": false,
            "resetStrictSpawnIndex": false,
            "forceCreate": false,
            "replaceAreas": false,
            "target": "t2_bombers_spawn",
            "team": "B",
            "separate_fuel_time": false,
            "modular_airfield": false,
            "offset": [0.0,0.0,0.0],
            "tags": {
              "type_bomber": true,
              "tank": false,
              "artillery": false,
              "aaa": false
            }
          }
        }
      ],
      "else_actions": []
    }
  },
  "mission_objectives": {
    "isCategory": true,
    "is_enabled": true
  },
  "variables": [],
  "dialogs": [],
  "airfields": [],
  "effects": [],
  "units": [
    {
      "objectGroups": {
        "name": "t1_trench_01",
        "tm": [
          [0.422518,0.0217286,-0.906094],
          [0.0436819,0.998063,0.0443032],
          [0.905301,-0.0582988,0.42075],
          [-12893.2,156.83,-16826.4]
        ],
        "unit_class": "dynTrench_long_a",
        "objLayer": 2,
        "props": {
          "army": 1,
          "active": true
        }
      }
    },
    {
      "objectGroups": {
        "name": "t1_trench_02",
        "tm": [
          [0.299476,-0.0903539,-0.949816],
          [0.0271699,0.99591,-0.086172],
          [0.953717,0.0,0.300706],
          [-13025.0,133.061,-16437.1]
        ],
        "unit_class": "dynTrench_long_a",
        "objLayer": 2,
        "props": {
          "army": 1,
          "active": true
        }
      }
    },
    {
      "objectGroups": {
        "name": "t1_trench_03",
        "tm": [
          [0.5,0.0,-0.866025],
          [0.0,1.0,0.0],
          [0.866025,0.0,0.5],
          [-13238.2,186.499,-15957.2]
        ],
        "unit_class": "dynTrench_long_a",
        "objLayer": 2,
        "props": {
          "army": 1,
          "active": true
        }
      }
    },
    {
      "objectGroups": {
        "name": "t1_trench_04",
        "tm": [
          [0.399233,-0.111492,-0.910045],
          [0.0746325,0.993237,-0.0889435],
          [0.913807,-0.0324098,0.404853],
          [-13104.7,159.446,-16210.9]
        ],
        "unit_class": "dynTrench_long_b",
        "objLayer": 2,
        "props": {
          "army": 1,
          "active": true
        }
      }
    },
    {
      "objectGroups": {
        "name": "t1_trench_05",
        "tm": [
          [0.922957,0.0446852,-0.382301],
          [-0.0412837,0.999001,0.0171003],
          [0.382683,0.0,0.92388],
          [-13713.2,163.674,-15507.3]
        ],
        "unit_class": "dynTrench_long_a",
        "objLayer": 2,
        "props": {
          "army": 1,
          "active": true
        }
      }
    },
    {
      "objectGroups": {
        "name": "t1_trench_06",
        "tm": [
          [0.996195,0.0,0.0871557],
          [0.0,1.0,0.0],
          [-0.0871557,0.0,0.996195],
          [-14091.5,166.222,-15446.0]
        ],
        "unit_class": "dynTrench_long_a",
        "objLayer": 2,
        "props": {
          "army": 1,
          "active": true
        }
      }
    },
    {
      "objectGroups": {
        "name": "t1_trench_07",
        "tm": [
          [0.923879,0.0,-0.382683],
          [0.0220313,0.998341,0.0531882],
          [0.382048,-0.0575704,0.922347],
          [-14383.3,167.97,-15426.8]
        ],
        "unit_class": "dynTrench_long_b",
        "objLayer": 2,
        "props": {
          "army": 1,
          "active": true
        }
      }
    },
    {
      "objectGroups": {
        "name": "t1_trench_08",
        "tm": [
          [-0.67559,0.0,0.737277],
          [0.0,1.0,0.0],
          [-0.737277,0.0,-0.67559],
          [-14514.4,166.755,-15325.7]
        ],
        "unit_class": "dynTrench_long_b",
        "objLayer": 2,
        "props": {
          "army": 1,
          "active": true
        }
      }
    },
    {
      "objectGroups": {
        "name": "t1_trench_09",
        "tm": [
          [-0.498908,0.0660535,0.864134],
          [0.0146356,0.997591,-0.067805],
          [-0.866531,-0.0211813,-0.498673],
          [-14608.1,170.3,-15187.5]
        ],
        "unit_class": "dynTrench_long_b",
        "objLayer": 2,
        "props": {
          "army": 1,
          "active": true
        }
      }
    },
    {
      "objectGroups": {
        "name": "t1_trench_10",
        "tm": [
          [-0.5,0.0,0.866025],
          [0.0,1.0,0.0],
          [-0.866025,0.0,-0.5],
          [-15507.2,222.305,-12633.5]
        ],
        "unit_class": "dynTrench_long_a",
        "objLayer": 2,
        "props": {
          "army": 1,
          "active": true
        }
      }
    },
    {
      "objectGroups": {
        "name": "t1_trench_11",
        "tm": [
          [-0.737277,0.0,0.67559],
          [0.0,1.0,0.0],
          [-0.67559,0.0,-0.737277],
          [-15853.0,210.281,-12168.6]
        ],
        "unit_class": "dynTrench_long_b",
        "objLayer": 2,
        "props": {
          "army": 1,
          "active": true
        }
      }
    },
    {
      "objectGroups": {
        "name": "t1_trench_12",
        "tm": [
          [-0.642155,-0.0443591,0.76529],
          [-0.0285135,0.999016,0.033981],
          [-0.766044,0.0,-0.642788],
          [-16124.5,204.219,-11872.0]
        ],
        "unit_class": "dynTrench_long_a",
        "objLayer": 2,
        "props": {
          "army": 1,
          "active": true
        }
      }
    },
    {
      "objectGroups": {
        "name": "t1_trench_13",
        "tm": [
          [-0.537061,-0.0297979,0.843017],
          [-0.0160104,0.999556,0.0251313],
          [-0.843391,0.0,-0.5373],
          [-16357.5,189.846,-11544.8]
        ],
        "unit_class": "dynTrench_long_a",
        "objLayer": 2,
        "props": {
          "army": 1,
          "active": true
        }
      }
    },
    {
      "objectGroups": {
        "name": "t1_trench_14",
        "tm": [
          [-0.572567,-0.0634129,0.817402],
          [-0.0447903,0.997935,0.0460441],
          [-0.818633,-0.0102483,-0.574225],
          [-16672.7,167.875,-11084.3]
        ],
        "unit_class": "dynTrench_long_a",
        "objLayer": 2,
        "props": {
          "army": 1,
          "active": true
        }
      }
    },
    {
      "objectGroups": {
        "name": "t1_trench_15",
        "tm": [
          [-0.811629,-0.135221,0.568309],
          [-0.150801,0.988366,0.0198009],
          [-0.564375,-0.0696305,-0.822577],
          [-16952.8,132.891,-10794.6]
        ],
        "unit_class": "dynTrench_long_a",
        "objLayer": 2,
        "props": {
          "army": 1,
          "active": true
        }
      }
    },
    {
      "objectGroups": {
        "name": "t1_trench_16",
        "tm": [
          [-0.811629,-0.135221,0.568309],
          [-0.110766,0.990816,0.0775593],
          [-0.573577,0.0,-0.819152],
          [-16808.2,140.154,-10675.5]
        ],
        "unit_class": "dynTrench_long_a",
        "objLayer": 2,
        "props": {
          "army": 1,
          "active": true
        }
      }
    },
    {
      "objectGroups": {
        "name": "t1_trench_17",
        "tm": [
          [-0.615713,0.0149197,-0.787828],
          [-0.121521,0.986062,0.113646],
          [0.778543,0.165711,-0.605318],
          [-16962.4,122.591,-10686.7]
        ],
        "unit_class": "dynTrench_long_b",
        "objLayer": 2,
        "props": {
          "army": 1,
          "active": true
        }
      }
    },
    {
      "objectGroups": {
        "name": "t1_trench_18",
        "tm": [
          [-0.73636,-0.0367534,0.67559],
          [-0.0498501,0.998757,0.0],
          [-0.67475,-0.0336783,-0.737277],
          [-16580.0,167.296,-10856.8]
        ],
        "unit_class": "dynTrench_long_b",
        "objLayer": 2,
        "props": {
          "army": 1,
          "active": true
        }
      }
    },
    {
      "objectGroups": {
        "name": "t1_trench_19",
        "tm": [
          [-0.843962,-0.0150685,-0.536191],
          [-0.0181277,0.999836,0.000434592],
          [0.536097,0.0100867,-0.844096],
          [-16370.3,186.595,-11382.7]
        ],
        "unit_class": "dynTrench_long_b",
        "objLayer": 2,
        "props": {
          "army": 1,
          "active": true
        }
      }
    },
    {
      "objectGroups": {
        "name": "t1_trench_20",
        "tm": [
          [-0.535777,-0.0347059,0.843646],
          [-0.0404216,0.999063,0.0154288],
          [-0.843391,-0.0258351,-0.536678],
          [-16287.7,190.982,-11341.1]
        ],
        "unit_class": "dynTrench_long_a",
        "objLayer": 2,
        "props": {
          "army": 1,
          "active": true
        }
      }
    },
    {
      "objectGroups": {
        "name": "t1_trench_21",
        "tm": [
          [-0.608761,-0.0261142,0.792923],
          [0.0,0.999458,0.0329162],
          [-0.793353,0.0200381,-0.608431],
          [-16050.8,203.985,-11683.7]
        ],
        "unit_class": "dynTrench_long_a",
        "objLayer": 2,
        "props": {
          "army": 1,
          "active": true
        }
      }
    },
    {
      "objectGroups": {
        "name": "t1_trench_22",
        "tm": [
          [-0.843065,-0.0234417,-0.5373],
          [-0.0277945,0.999614,0.0],
          [0.537092,0.014934,-0.843391],
          [-16099.3,201.594,-11769.1]
        ],
        "unit_class": "dynTrench_long_b",
        "objLayer": 2,
        "props": {
          "army": 1,
          "active": true
        }
      }
    },
    {
      "objectGroups": {
        "name": "t1_trench_23",
        "tm": [
          [-0.737277,0.0,0.67559],
          [0.0,1.0,0.0],
          [-0.67559,0.0,-0.737277],
          [-15769.1,207.029,-12008.8]
        ],
        "unit_class": "dynTrench_long_b",
        "objLayer": 2,
        "props": {
          "army": 1,
          "active": true
        }
      }
    },
    {
      "objectGroups": {
        "name": "t1_trench_24",
        "tm": [
          [-0.537058,0.0299853,-0.843012],
          [0.0161111,0.99955,0.0252893],
          [0.843391,0.0,-0.5373],
          [-15824.5,210.059,-12086.7]
        ],
        "unit_class": "dynTrench_long_b",
        "objLayer": 2,
        "props": {
          "army": 1,
          "active": true
        }
      }
    },
    {
      "objectGroups": {
        "name": "t1_trench_25",
        "tm": [
          [0.499807,-0.0278133,-0.86569],
          [0.0139067,0.999613,-0.024087],
          [0.866025,0.0,0.5],
          [-13088.3,184.348,-15866.1]
        ],
        "unit_class": "dynTrench_long_a",
        "objLayer": 2,
        "props": {
          "army": 1,
          "active": true
        }
      }
    },
    {
      "objectGroups": {
        "name": "t1_trench_26",
        "tm": [
          [0.939693,0.0,0.34202],
          [0.0,1.0,0.0],
          [-0.34202,0.0,0.939693],
          [-13139.1,185.136,-15954.5]
        ],
        "unit_class": "dynTrench_long_b",
        "objLayer": 2,
        "props": {
          "army": 1,
          "active": true
        }
      }
    },
    {
      "objectGroups": {
        "name": "t1_trench_27",
        "tm": [
          [-0.953717,0.0,-0.300706],
          [0.0,1.0,0.0],
          [0.300706,0.0,-0.953717],
          [-12950.5,123.425,-16336.5]
        ],
        "unit_class": "dynTrench_long_b",
        "objLayer": 2,
        "props": {
          "army": 1,
          "active": true
        }
      }
    },
    {
      "objectGroups": {
        "name": "t1_trench_28",
        "tm": [
          [-0.952105,0.0827594,-0.29436],
          [0.0554332,0.993441,0.100008],
          [0.300706,0.0789004,-0.950448],
          [-12833.2,147.175,-16731.6]
        ],
        "unit_class": "dynTrench_long_b",
        "objLayer": 2,
        "props": {
          "army": 1,
          "active": true
        }
      }
    },
    {
      "objectGroups": {
        "name": "t1_trench_29",
        "tm": [
          [0.37822,-0.152277,-0.913106],
          [0.0582737,0.988338,-0.140685],
          [0.92388,0.0,0.382683],
          [-12894.5,141.553,-16270.5]
        ],
        "unit_class": "dynTrench_long_a",
        "objLayer": 2,
        "props": {
          "army": 1,
          "active": true
        }
      }
    },
    {
      "objectGroups": {
        "name": "t1_trench_30",
        "tm": [
          [0.300091,0.063912,-0.951767],
          [0.0653015,0.994036,0.0873399],
          [0.951673,-0.0883617,0.294128],
          [-12763.5,134.269,-16645.3]
        ],
        "unit_class": "dynTrench_long_a",
        "objLayer": 2,
        "props": {
          "army": 1,
          "active": true
        }
      }
    },
    {
      "objectGroups": {
        "name": "t1_trench_31",
        "tm": [
          [0.635075,-0.103383,-0.765501],
          [0.168099,0.985749,0.00632958],
          [0.753938,-0.1327,0.643403],
          [-12655.4,137.249,-16904.8]
        ],
        "unit_class": "dynTrench_long_b",
        "objLayer": 2,
        "props": {
          "army": 1,
          "active": true
        }
      }
    },
    {
      "objectGroups": {
        "name": "t2_trench_01",
        "tm": [
          [-0.805553,-0.224061,0.548527],
          [-0.150844,0.972794,0.175838],
          [-0.573001,0.0589045,-0.817435],
          [-17430.5,96.4776,-11061.4]
        ],
        "unit_class": "dynTrench_long_a",
        "objLayer": 2,
        "props": {
          "army": 2,
          "active": true
        }
      }
    },
    {
      "objectGroups": {
        "name": "t2_trench_02",
        "tm": [
          [-0.582746,0.111064,-0.80503],
          [-0.162999,0.954512,0.249678],
          [0.79614,0.276718,-0.538134],
          [-17488.5,100.912,-11134.4]
        ],
        "unit_class": "dynTrench_long_b",
        "objLayer": 2,
        "props": {
          "army": 2,
          "active": true
        }
      }
    },
    {
      "objectGroups": {
        "name": "t2_trench_03",
        "tm": [
          [-0.805553,-0.224061,0.548527],
          [-0.150844,0.972794,0.175838],
          [-0.573001,0.0589045,-0.817435],
          [-17566.9,93.8608,-11180.6]
        ],
        "unit_class": "dynTrench_long_a",
        "objLayer": 2,
        "props": {
          "army": 2,
          "active": true
        }
      }
    },
    {
      "objectGroups": {
        "name": "t2_trench_04",
        "tm": [
          [-0.704218,-0.0774651,0.705745],
          [-0.0772192,0.99649,0.0323262],
          [-0.705772,-0.0317324,-0.707728],
          [-17109.4,147.492,-11337.8]
        ],
        "unit_class": "dynTrench_long_a",
        "objLayer": 2,
        "props": {
          "army": 2,
          "active": true
        }
      }
    },
    {
      "objectGroups": {
        "name": "t2_trench_05",
        "tm": [
          [-0.537299,0.0,0.843392],
          [0.0,1.0,0.0],
          [-0.843392,0.0,-0.537299],
          [-16912.6,156.849,-11569.6]
        ],
        "unit_class": "dynTrench_long_b",
        "objLayer": 2,
        "props": {
          "army": 2,
          "active": true
        }
      }
    },
    {
      "objectGroups": {
        "name": "t2_trench_06",
        "tm": [
          [-0.704218,-0.0774651,0.705745],
          [-0.0772192,0.99649,0.0323262],
          [-0.705772,-0.0317324,-0.707728],
          [-17243.6,150.466,-11455.4]
        ],
        "unit_class": "dynTrench_long_a",
        "objLayer": 2,
        "props": {
          "army": 2,
          "active": true
        }
      }
    },
    {
      "objectGroups": {
        "name": "t2_trench_07",
        "tm": [
          [-0.537299,0.0,0.843392],
          [0.0,1.0,0.0],
          [-0.843392,0.0,-0.537299],
          [-17057.1,153.759,-11675.8]
        ],
        "unit_class": "dynTrench_long_b",
        "objLayer": 2,
        "props": {
          "army": 2,
          "active": true
        }
      }
    },
    {
      "objectGroups": {
        "name": "t2_trench_08",
        "tm": [
          [-0.841464,-0.0477468,-0.5382],
          [-0.0772192,0.99649,0.0323262],
          [0.534768,0.0687607,-0.842197],
          [-17143.0,153.357,-11443.6]
        ],
        "unit_class": "dynTrench_long_b",
        "objLayer": 2,
        "props": {
          "army": 2,
          "active": true
        }
      }
    },
    {
      "objectGroups": {
        "name": "t2_trench_09",
        "tm": [
          [-0.608957,-0.021701,0.792907],
          [-0.000943931,0.999645,0.0266343],
          [-0.793203,0.0154707,-0.608761],
          [-16582.1,191.982,-12063.0]
        ],
        "unit_class": "dynTrench_long_a",
        "objLayer": 2,
        "props": {
          "army": 2,
          "active": true
        }
      }
    },
    {
      "objectGroups": {
        "name": "t2_trench_10",
        "tm": [
          [-0.67559,-0.0221219,0.736946],
          [0.0,0.99955,0.0300049],
          [-0.737278,0.020271,-0.675286],
          [-16309.8,200.473,-12396.1]
        ],
        "unit_class": "dynTrench_long_a",
        "objLayer": 2,
        "props": {
          "army": 2,
          "active": true
        }
      }
    },
    {
      "objectGroups": {
        "name": "t2_trench_11",
        "tm": [
          [-0.67559,0.0,0.737278],
          [0.0,1.0,0.0],
          [-0.737278,0.0,-0.67559],
          [-16047.7,205.248,-12671.0]
        ],
        "unit_class": "dynTrench_long_b",
        "objLayer": 2,
        "props": {
          "army": 2,
          "active": true
        }
      }
    },
    {
      "objectGroups": {
        "name": "t2_trench_12",
        "tm": [
          [-0.382683,-0.0289282,0.923427],
          [0.0,0.99951,0.0313116],
          [-0.92388,0.0119824,-0.382495],
          [-15829.3,216.058,-13112.4]
        ],
        "unit_class": "dynTrench_long_a",
        "objLayer": 2,
        "props": {
          "army": 2,
          "active": true
        }
      }
    },
    {
      "objectGroups": {
        "name": "t2_trench_13",
        "tm": [
          [-0.382683,0.0,0.92388],
          [0.0,1.0,0.0],
          [-0.92388,0.0,-0.382683],
          [-15724.8,222.545,-13380.7]
        ],
        "unit_class": "dynTrench_long_b",
        "objLayer": 2,
        "props": {
          "army": 2,
          "active": true
        }
      }
    },
    {
      "objectGroups": {
        "name": "t1_trench_32",
        "tm": [
          [0.380972,-0.094479,-0.919747],
          [0.0361555,0.995527,-0.0872871],
          [0.92388,0.0,0.382684],
          [-14722.0,197.82,-14932.4]
        ],
        "unit_class": "dynTrench_long_a",
        "objLayer": 2,
        "props": {
          "army": 1,
          "active": true
        }
      }
    },
    {
      "objectGroups": {
        "name": "t1_trench_33",
        "tm": [
          [0.706535,-0.0402068,-0.706535],
          [0.0284305,0.999191,-0.0284305],
          [0.707107,0.0,0.707107],
          [-14941.8,225.825,-14593.5]
        ],
        "unit_class": "dynTrench_long_a",
        "objLayer": 2,
        "props": {
          "army": 1,
          "active": true
        }
      }
    },
    {
      "objectGroups": {
        "name": "t1_trench_34",
        "tm": [
          [-0.173648,0.0,0.984807],
          [0.0,1.0,0.0],
          [-0.984807,0.0,-0.173648],
          [-15085.1,231.112,-14378.9]
        ],
        "unit_class": "dynTrench_long_b",
        "objLayer": 2,
        "props": {
          "army": 1,
          "active": true
        }
      }
    },
    {
      "objectGroups": {
        "name": "t2_trench_14",
        "tm": [
          [-0.216439,0.0,0.976296],
          [0.0,1.0,0.0],
          [-0.976296,0.0,-0.216439],
          [-15472.2,230.966,-14411.9]
        ],
        "unit_class": "dynTrench_long_a",
        "objLayer": 2,
        "props": {
          "army": 2,
          "active": true
        }
      }
    },
    {
      "objectGroups": {
        "name": "t2_trench_15",
        "tm": [
          [-0.608311,0.038439,0.792768],
          [0.0234002,0.999261,-0.0304957],
          [-0.793354,0.0,-0.608761],
          [-15303.3,223.089,-14787.0]
        ],
        "unit_class": "dynTrench_long_a",
        "objLayer": 2,
        "props": {
          "army": 2,
          "active": true
        }
      }
    },
    {
      "objectGroups": {
        "name": "t2_trench_16",
        "tm": [
          [-0.216675,0.0248872,0.975926],
          [0.0205107,0.99957,-0.0209364],
          [-0.976028,0.0154805,-0.217092],
          [-15148.3,208.587,-15150.5]
        ],
        "unit_class": "dynTrench_long_a",
        "objLayer": 2,
        "props": {
          "army": 2,
          "active": true
        }
      }
    },
    {
      "objectGroups": {
        "name": "t2_trench_17",
        "tm": [
          [-0.537299,0.0,0.843392],
          [0.0,1.0,0.0],
          [-0.843392,0.0,-0.537299],
          [-15057.8,204.088,-15432.3]
        ],
        "unit_class": "dynTrench_long_b",
        "objLayer": 2,
        "props": {
          "army": 2,
          "active": true
        }
      }
    },
    {
      "objectGroups": {
        "name": "t2_trench_18",
        "tm": [
          [-0.67559,0.0,0.737278],
          [0.0,1.0,0.0],
          [-0.737278,0.0,-0.67559],
          [-14886.9,207.037,-15647.8]
        ],
        "unit_class": "dynTrench_long_a",
        "objLayer": 2,
        "props": {
          "army": 2,
          "active": true
        }
      }
    },
    {
      "objectGroups": {
        "name": "t2_trench_19",
        "tm": [
          [-0.965921,0.00306266,0.25882],
          [0.0031707,0.999995,0.0],
          [-0.258819,0.00082064,-0.965926],
          [-14431.0,196.457,-15859.5]
        ],
        "unit_class": "dynTrench_long_a",
        "objLayer": 2,
        "props": {
          "army": 2,
          "active": true
        }
      }
    },
    {
      "objectGroups": {
        "name": "t2_trench_20",
        "tm": [
          [-0.939487,-0.0196966,0.342021],
          [-0.0209607,0.99978,0.0],
          [-0.341946,-0.00716898,-0.939693],
          [-14041.8,197.093,-15988.5]
        ],
        "unit_class": "dynTrench_long_a",
        "objLayer": 2,
        "props": {
          "army": 2,
          "active": true
        }
      }
    },
    {
      "objectGroups": {
        "name": "t2_trench_21",
        "tm": [
          [-0.793353,0.0,0.608762],
          [0.0,1.0,0.0],
          [-0.608762,0.0,-0.793353],
          [-13768.2,199.14,-16122.9]
        ],
        "unit_class": "dynTrench_long_b",
        "objLayer": 2,
        "props": {
          "army": 2,
          "active": true
        }
      }
    },
    {
      "objectGroups": {
        "name": "t2_trench_22",
        "tm": [
          [-0.499819,0.0579898,0.864187],
          [0.0134517,0.998156,-0.0591995],
          [-0.866026,-0.0179642,-0.499677],
          [-13594.1,191.444,-16366.0]
        ],
        "unit_class": "dynTrench_long_a",
        "objLayer": 2,
        "props": {
          "army": 2,
          "active": true
        }
      }
    },
    {
      "objectGroups": {
        "name": "t2_trench_23",
        "tm": [
          [-0.461646,0.0209916,0.886816],
          [0.00969283,0.99978,-0.0186198],
          [-0.887011,0.0,-0.461748],
          [-13403.3,174.399,-16727.4]
        ],
        "unit_class": "dynTrench_long_a",
        "objLayer": 2,
        "props": {
          "army": 2,
          "active": true
        }
      }
    },
    {
      "objectGroups": {
        "name": "t2_trench_24",
        "tm": [
          [-0.341831,0.0332067,0.939175],
          [0.0113574,0.999448,-0.0312041],
          [-0.939693,0.0,-0.34202],
          [-13243.5,166.133,-17108.4]
        ],
        "unit_class": "dynTrench_long_a",
        "objLayer": 2,
        "props": {
          "army": 2,
          "active": true
        }
      }
    },
    {
      "objectGroups": {
        "name": "t2_trench_25",
        "tm": [
          [-0.843392,0.0,-0.537299],
          [0.0,1.0,0.0],
          [0.537299,0.0,-0.843392],
          [-16623.2,192.447,-12175.0]
        ],
        "unit_class": "dynTrench_long_b",
        "objLayer": 2,
        "props": {
          "army": 2,
          "active": true
        }
      }
    },
    {
      "objectGroups": {
        "name": "t2_trench_26",
        "tm": [
          [-0.843392,0.0,-0.537299],
          [0.0,1.0,0.0],
          [0.537299,0.0,-0.843392],
          [-16305.0,203.46,-12541.8]
        ],
        "unit_class": "dynTrench_long_b",
        "objLayer": 2,
        "props": {
          "army": 2,
          "active": true
        }
      }
    },
    {
      "objectGroups": {
        "name": "t2_trench_27",
        "tm": [
          [-0.608305,-0.0138998,0.793582],
          [-0.0235538,0.999722,-0.000544289],
          [-0.793354,-0.019023,-0.608464],
          [-16804.4,189.35,-12085.2]
        ],
        "unit_class": "dynTrench_long_a",
        "objLayer": 2,
        "props": {
          "army": 2,
          "active": true
        }
      }
    },
    {
      "objectGroups": {
        "name": "t2_trench_28",
        "tm": [
          [-0.67559,-0.00992629,0.737211],
          [0.0,0.999909,0.0134634],
          [-0.737278,0.00909576,-0.675529],
          [-16552.8,198.067,-12392.4]
        ],
        "unit_class": "dynTrench_long_a",
        "objLayer": 2,
        "props": {
          "army": 2,
          "active": true
        }
      }
    },
    {
      "objectGroups": {
        "name": "t2_trench_29",
        "tm": [
          [-0.766044,0.0,0.642788],
          [0.0,1.0,0.0],
          [-0.642788,0.0,-0.766044],
          [-16358.7,201.815,-12599.4]
        ],
        "unit_class": "dynTrench_long_b",
        "objLayer": 2,
        "props": {
          "army": 2,
          "active": true
        }
      }
    },
    {
      "objectGroups": {
        "name": "t2_trench_30",
        "tm": [
          [-0.906308,0.0,0.422619],
          [0.0,1.0,0.0],
          [-0.422619,0.0,-0.906308],
          [-16129.9,206.966,-12807.7]
        ],
        "unit_class": "dynTrench_long_b",
        "objLayer": 2,
        "props": {
          "army": 2,
          "active": true
        }
      }
    },
    {
      "objectGroups": {
        "name": "t2_trench_31",
        "tm": [
          [-0.843392,0.0,-0.537299],
          [0.0,1.0,0.0],
          [0.537299,0.0,-0.843392],
          [-15891.9,217.339,-13227.9]
        ],
        "unit_class": "dynTrench_long_b",
        "objLayer": 2,
        "props": {
          "army": 2,
          "active": true
        }
      }
    },
    {
      "objectGroups": {
        "name": "t2_trench_32",
        "tm": [
          [-0.737277,0.0,0.675591],
          [0.0,1.0,0.0],
          [-0.675591,0.0,-0.737277],
          [-16027.2,216.144,-13212.4]
        ],
        "unit_class": "dynTrench_long_b",
        "objLayer": 2,
        "props": {
          "army": 2,
          "active": true
        }
      }
    },
    {
      "objectGroups": {
        "name": "t2_trench_33",
        "tm": [
          [-0.608761,0.0,0.793354],
          [0.0,1.0,0.0],
          [-0.793354,0.0,-0.608761],
          [-15918.4,222.224,-13340.6]
        ],
        "unit_class": "dynTrench_long_b",
        "objLayer": 2,
        "props": {
          "army": 2,
          "active": true
        }
      }
    },
    {
      "objectGroups": {
        "name": "t2_trench_34",
        "tm": [
          [-0.216439,0.0,0.976296],
          [0.0,1.0,0.0],
          [-0.976296,0.0,-0.216439],
          [-15654.2,227.775,-14488.3]
        ],
        "unit_class": "dynTrench_long_a",
        "objLayer": 2,
        "props": {
          "army": 2,
          "active": true
        }
      }
    },
    {
      "objectGroups": {
        "name": "t2_trench_35",
        "tm": [
          [-0.984808,0.0,-0.173647],
          [0.0,1.0,0.0],
          [0.173647,0.0,-0.984808],
          [-15560.6,228.643,-14500.2]
        ],
        "unit_class": "dynTrench_long_b",
        "objLayer": 2,
        "props": {
          "army": 2,
          "active": true
        }
      }
    },
    {
      "objectGroups": {
        "name": "t2_trench_36",
        "tm": [
          [-0.658439,0.0339656,0.751867],
          [0.0240699,0.99942,-0.0240699],
          [-0.752248,0.00224876,-0.658875],
          [-15471.3,221.221,-14834.9]
        ],
        "unit_class": "dynTrench_long_a",
        "objLayer": 2,
        "props": {
          "army": 2,
          "active": true
        }
      }
    },
    {
      "objectGroups": {
        "name": "t2_trench_37",
        "tm": [
          [-0.134002,0.0160489,0.990851],
          [0.0450013,0.998936,-0.0100939],
          [-0.989959,0.043237,-0.134581],
          [-15311.7,209.682,-15179.3]
        ],
        "unit_class": "dynTrench_long_a",
