{
  "selected_tag": "",
  "bin_dump_file": "",
  "mission_settings": {
    "player": {
      "army": 1,
      "wing": ""
    },
    "player_teamB": {
      "army": 2
    },
    "mission": {
      "type": "singleMission",
      "level": "levels/water.bin",
      "environment": "Day",
      "weather": "hazy",
      "restoreType": "attempts",
      "optionalTakeOff": false
    },
    "atmosphere": {
      "pressure": 761.0,
      "temperature": 18.0
    },
    "spectator_points": {}
  },
  "imports": {
    "import_record": [
      {
        "file": "gameData/missions/templates/enduring_confrontation/bt_bombers_template.blk",
        "importAreas": true,
        "importUnits": true,
        "importTriggers": true,
        "importMissionObjectives": true,
        "importWayPoints": true,
        "showAreas": true,
        "showUnits": true,
        "showTriggers": true,
        "showMissionObjectives": true,
        "showWayPoints": true,
        "excludes": {}
      },
      {
        "file": "gameData/missions/templates/units_sets/heli_plane_sets_bombers/bt_t1_usa_rank_04.blk",
        "rankRange": [
          0,
          50
        ],
        "importAreas": true,
        "importUnits": true,
        "importTriggers": true,
        "importMissionObjectives": true,
        "importWayPoints": true,
        "showAreas": true,
        "showUnits": true,
        "showTriggers": true,
        "showMissionObjectives": true,
        "showWayPoints": true,
        "excludes": {}
      },
      {
        "file": "gameData/missions/templates/units_sets/heli_plane_sets_bombers/bt_t2_usa_rank_04.blk",
        "rankRange": [
          0,
          50
        ],
        "importAreas": true,
        "importUnits": true,
        "importTriggers": true,
        "importMissionObjectives": true,
        "importWayPoints": true,
        "showAreas": true,
        "showUnits": true,
        "showTriggers": true,
        "showMissionObjectives": true,
        "showWayPoints": true,
        "excludes": {}
      }
    ]
  },
  "triggers": {
    "isCategory": true,
    "is_enabled": true,
    "bt_startup": {
      "is_enabled": true,
      "comments": "",
      "props": {
        "actionsType": "PERFORM_ONE_BY_ONE",
        "conditionsType": "ALL",
        "enableAfterComplete": false
      },
      "events": {
        "periodicEvent": {
          "time": 1.0
        }
      },
      "conditions": {},
      "actions": {
        "comment": [
          {
            "value": "setting pve mode on"
          },
          {
            "value": "disabling army swapping"
          }
        ],
        "varSetBool": [
          {
            "value": true,
            "var": "bt_bombers_pve_mode"
          },
          {
            "value": false,
            "var": "bt_is_army_swapping"
          }
        ]
      },
      "else_actions": {}
    }
  },
  "mission_objectives": {
    "isCategory": true,
    "is_enabled": true
  },
  "variables": {},
  "dialogs": {},
  "airfields": {},
  "effects": {},
  "units": {},
  "areas": {
    "bt_t1_bombers_spawn_01": {
      "type": "Point",
      "tm": [
        [
          0.320672,
          0.0,
          -0.94719
        ],
        [
          0.0,
          1.0,
          0.0
        ],
        [
          0.94719,
          0.0,
          0.320672
        ],
        [
          -13366.0,
          3340.55,
          10000.0
        ]
      ],
      "objLayer": 0,
      "props": {}
    },
    "bt_t1_bombers_spawn_02": {
      "type": "Point",
      "tm": [
        [
          -0.326448,
          0.0,
          -0.945215
        ],
        [
          0.0,
          1.0,
          0.0
        ],
        [
          0.945215,
          0.0,
          -0.326448
        ],
        [
          -9096.0,
          3340.55,
          10000.0
        ]
      ],
      "objLayer": 0,
      "props": {}
    },
    "bt_t1_bombers_spawn_03": {
      "type": "Point",
      "tm": [
        [
          -0.394418,
          0.0,
          -0.918931
        ],
        [
          0.0,
          1.0,
          0.0
        ],
        [
          0.918931,
          0.0,
          -0.394418
        ],
        [
          904.0,
          3340.55,
          10000.0
        ]
      ],
      "objLayer": 0,
      "props": {}
    },
    "bt_t2_bombers_spawn_01": {
      "type": "Point",
      "tm": [
        [
          -0.240551,
          0.0,
          0.970636
        ],
        [
          0.0,
          1.0,
          0.0
        ],
        [
          -0.970636,
          0.0,
          -0.240551
        ],
        [
          -13366.0,
          3340.55,
          -10000.0
        ]
      ],
      "objLayer": 0,
      "props": {}
    },
    "bt_t2_bombers_spawn_02": {
      "type": "Point",
      "tm": [
        [
          0.0342156,
          0.0,
          0.999414
        ],
        [
          0.0,
          1.0,
          0.0
        ],
        [
          -0.999414,
          0.0,
          0.0342156
        ],
        [
          -9096.0,
          3340.55,
          -10000.0
        ]
      ],
      "objLayer": 0,
      "props": {}
    },
    "bt_t2_bombers_spawn_03": {
      "type": "Point",
      "tm": [
        [
          -0.16983,
          0.0,
          0.985473
        ],
        [
          0.0,
          1.0,
          0.0
        ],
        [
          -0.985473,
          0.0,
          -0.16983
        ],
        [
          904.0,
          3340.55,
          -10000.0
        ]
      ],
      "objLayer": 0,
      "props": {}
    },
    "bt_t1_bombers_spawn_04": {
      "type": "Point",
      "tm": [
        [
          -0.394418,
          0.0,
          -0.918931
        ],
        [
          0.0,
          1.0,
          0.0
        ],
        [
          0.918931,
          0.0,
          -0.394418
        ],
        [
          4634.04,
          3340.55,
          10000.0
        ]
      ],
      "objLayer": 0,
      "props": {}
    },
    "bt_t2_bombers_spawn_04": {
      "type": "Point",
      "tm": [
        [
          -0.16983,
          0.0,
          0.985473
        ],
        [
          0.0,
          1.0,
          0.0
        ],
        [
          -0.985473,
          0.0,
          -0.16983
        ],
        [
          4634.04,
          3340.55,
          -10000.0
        ]
      ],
      "objLayer": 0,
      "props": {}
    },
    "bt_t2_retreat_point": {
      "type": "Point",
      "tm": [
        [
          -0.16983,
          0.0,
          0.985473
        ],
        [
          0.0,
          1.0,
          0.0
        ],
        [
          -0.985473,
          0.0,
          -0.16983
        ],
        [
          -4096.0,
          3340.55,
          -14000.0
        ]
      ],
      "objLayer": 0,
      "props": {}
    },
    "bt_t1_retreat_point": {
      "type": "Point",
      "tm": [
        [
          -0.16983,
          0.0,
          0.985473
        ],
        [
          0.0,
          1.0,
          0.0
        ],
        [
          -0.985473,
          0.0,
          -0.16983
        ],
        [
          -4096.0,
          3340.55,
          14000.0
        ]
      ],
      "objLayer": 0,
      "props": {}
    },
    "bt_border": {
      "type": "Box",
      "tm": [
        [
          0.00260417,
          0.0,
          28672.0
        ],
        [
          0.0,
          3200.0,
          0.0
        ],
        [
          -28672.0,
          0.0,
          0.00260417
        ],
        [
          -4096.0,
          -43.7285,
          0.0
        ]
      ],
      "objLayer": 3,
      "props": {}
    }
  },
  "objLayers": {
    "layer": [
      {
        "enabled": true
      },
      {
        "enabled": true
      },
      {
        "enabled": true
      }
    ]
  },
  "wayPoints": {}
}