{
  "selected_tag": "",
  "bin_dump_file": "",
  "mission_settings": {
    "player": {
      "army": 1,
      "wing": ""
    },
    "player_teamB": {
      "army": 2,
      "wing": ""
    },
    "mission": {
      "level": "levels/berlin.bin",
      "type": "domination",
      "environment": "Day",
      "weather": "hazy",
      "deathPenaltyMulRounds": 0.0,
      "stars": {
        "latitude": 52.5,
        "longitude": 13.0,
        "year": 1945,
        "month": 4,
        "day": 2
      }
    },
    "spectator_points": {}
  },
  "imports": {
    "import_record": {
      "file": "gameData/missions/templates/air_templates/gs/assaults_gs_template.blk",
      "importAreas": true,
      "importUnits": true,
      "importTriggers": true,
      "importMissionObjectives": true,
      "importWayPoints": true,
      "showAreas": true,
      "showUnits": true,
      "showTriggers": true,
      "showMissionObjectives": true,
      "showWayPoints": true,
      "excludes": {}
    }
  },
  "triggers": {
    "isCategory": true,
    "is_enabled": true
  },
  "mission_objectives": {
    "isCategory": true,
    "is_enabled": true
  },
  "variables": {
    "ai_assaults_saved": 0,
    "ft_helicopters_pad_exclusive": false
  },
  "dialogs": {},
  "airfields": {},
  "effects": {},
  "units": {},
  "areas": {
    "at_area": {
      "type": "Sphere",
      "tm": [
        [
          7732.54,
          0.0,
          -14007.5
        ],
        [
          0.0,
          16000.0,
          0.0
        ],
        [
          14007.5,
          0.0,
          7732.54
        ],
        [
          14100.0,
          500.006,
          -46454.5
        ]
      ],
      "objLayer": 0,
      "props": {}
    },
    "at_t2_spawn_01_01": {
      "type": "Point",
      "tm": [
        [
          0.886208,
          0.0,
          0.463292
        ],
        [
          0.0,
          1.0,
          0.0
        ],
        [
          -0.463292,
          0.0,
          0.886208
        ],
        [
          8345.75,
          500.006,
          -52007.5
        ]
      ],
      "objLayer": 0,
      "props": {}
    },
    "at_t1_spawn_01_01": {
      "type": "Point",
      "tm": [
        [
          -0.886208,
          0.0,
          -0.463292
        ],
        [
          0.0,
          1.0,
          0.0
        ],
        [
          0.463292,
          0.0,
          -0.886208
        ],
        [
          21878.2,
          499.996,
          -44541.2
        ]
      ],
      "objLayer": 0,
      "props": {}
    },
    "at_t2_spawn_01_02": {
      "type": "Point",
      "tm": [
        [
          0.886208,
          0.0,
          0.463292
        ],
        [
          0.0,
          1.0,
          0.0
        ],
        [
          -0.463292,
          0.0,
          0.886208
        ],
        [
          6335.81,
          500.006,
          -48379.5
        ]
      ],
      "objLayer": 0,
      "props": {}
    },
    "at_t1_spawn_01_02": {
      "type": "Point",
      "tm": [
        [
          -0.886208,
          0.0,
          -0.463292
        ],
        [
          0.0,
          1.0,
          0.0
        ],
        [
          0.463292,
          0.0,
          -0.886208
        ],
        [
          19864.4,
          499.997,
          -40907.4
        ]
      ],
      "objLayer": 0,
      "props": {}
    },
    "at_t2_spawn_02_01": {
      "type": "Point",
      "tm": [
        [
          0.886208,
          0.0,
          0.463292
        ],
        [
          0.0,
          1.0,
          0.0
        ],
        [
          -0.463292,
          0.0,
          0.886208
        ],
        [
          9794.93,
          500.006,
          -53216.6
        ]
      ],
      "objLayer": 0,
      "props": {}
    },
    "at_t2_spawn_02_02": {
      "type": "Point",
      "tm": [
        [
          0.886208,
          0.0,
          0.463292
        ],
        [
          0.0,
          1.0,
          0.0
        ],
        [
          -0.463292,
          0.0,
          0.886208
        ],
        [
          6156.21,
          500.002,
          -46312.2
        ]
      ],
      "objLayer": 0,
      "props": {}
    },
    "at_t1_spawn_02_01": {
      "type": "Point",
      "tm": [
        [
          -0.886208,
          0.0,
          -0.463292
        ],
        [
          0.0,
          1.0,
          0.0
        ],
        [
          0.463292,
          0.0,
          -0.886208
        ],
        [
          18231.9,
          500.003,
          -39561.3
        ]
      ],
      "objLayer": 0,
      "props": {}
    },
    "at_t1_spawn_02_02": {
      "type": "Point",
      "tm": [
        [
          -0.886208,
          0.0,
          -0.463292
        ],
        [
          0.0,
          1.0,
          0.0
        ],
        [
          0.463292,
          0.0,
          -0.886208
        ],
        [
          22243.5,
          500.016,
          -46762.0
        ]
      ],
      "objLayer": 0,
      "props": {}
    }
  },
  "objLayers": {},
  "wayPoints": {}
}