{
  "selected_tag": "",
  "bin_dump_file": "",
  "mission_settings": {
    "player": {
      "army": 1
    },
    "player_teamB": {
      "army": 2
    },
    "mission": {
      "level": "levels/avg_kursk.bin",
      "type": "domination",
      "environment": "Day",
      "weather": "hazy",
      "scoreLimit": 6400,
      "timeLimit": 25,
      "deathPenaltyMul": 1.0,
      "randomSpawnTeams": true,
      "remapAiTankModels": true,
      "country_axis": "germany",
      "country_allies": "ussr",
      "restoreType": "attempts",
      "optionalTakeOff": false
    }
  },
  "imports": {
    "import_record": {
      "file": "gameData/missions/templates/tank_templates/ai_base_defense_template.blk",
      "importAreas": true,
      "importUnits": true,
      "importTriggers": true,
      "importMissionObjectives": true,
      "importWayPoints": true,
      "showAreas": true,
      "showUnits": true,
      "showTriggers": true,
      "showMissionObjectives": true,
      "showWayPoints": true,
      "excludes": []
    }
  },
  "triggers": {
    "isCategory": true,
    "is_enabled": true
  },
  "mission_objectives": {
    "isCategory": true,
    "is_enabled": true
  },
  "variables": [],
  "dialogs": [],
  "airfields": [],
  "effects": [],
  "units": [
    {
      "objectGroups": {
        "name": "t2_trench01",
        "tm": [
          [0.880323,0.0,-0.474376],
          [0.0,1.0,0.0],
          [0.474376,0.0,0.880323],
          [1821.27,27.5955,2963.8]
        ],
        "unit_class": "rendinst_fortification_sandbags_onground_a",
        "objLayer": 2,
        "props": {
          "army": 1,
          "active": true
        }
      }
    },
    {
      "objectGroups": {
        "name": "t2_trench02",
        "tm": [
          [0.770057,0.0,-0.637974],
          [0.0,1.0,0.0],
          [0.637974,0.0,0.770057],
          [1849.79,25.8064,3012.75]
        ],
        "unit_class": "rendinst_fortification_sandbags_onground_a",
        "objLayer": 2,
        "props": {
          "army": 1,
          "active": true
        }
      }
    },
    {
      "objectGroups": {
        "name": "t2_trench03",
        "tm": [
          [0.719695,0.0,-0.69429],
          [0.0,1.0,0.0],
          [0.69429,0.0,0.719695],
          [1832.2,28.1997,2993.23]
        ],
        "unit_class": "rendinst_fortification_sandbags_onground_a",
        "objLayer": 2,
        "props": {
          "army": 1,
          "active": true
        }
      }
    },
    {
      "objectGroups": {
        "name": "t2_trench04",
        "tm": [
          [0.0630828,0.0,0.998008],
          [0.0,1.0,0.0],
          [-0.998008,0.0,0.0630828],
          [2376.65,17.2982,3217.44]
        ],
        "unit_class": "rendinst_fortification_sand_trench_onground_a",
        "objLayer": 2,
        "props": {
          "army": 1,
          "active": true
        }
      }
    },
    {
      "objectGroups": {
        "name": "t2_trench05",
        "tm": [
          [0.0656721,0.0,-0.997841],
          [0.0,1.0,0.0],
          [0.997841,0.0,0.0656721],
          [2391.34,15.5364,3215.94]
        ],
        "unit_class": "rendinst_fortification_sandbags_onground_a",
        "objLayer": 2,
        "props": {
          "army": 1,
          "active": true
        }
      }
    },
    {
      "objectGroups": {
        "name": "t2_trench06",
        "tm": [
          [0.490543,0.0,0.871416],
          [0.0,1.0,0.0],
          [-0.871416,0.0,0.490543],
          [2476.3,9.83362,3189.39]
        ],
        "unit_class": "rendinst_fortification_sand_trench_onground_a",
        "objLayer": 2,
        "props": {
          "army": 1,
          "active": true
        }
      }
    },
    {
      "objectGroups": {
        "name": "t2_trench07",
        "tm": [
          [-0.31024,0.0,-0.950658],
          [0.0,1.0,0.0],
          [0.950658,0.0,-0.31024],
          [2460.46,10.6182,3195.81]
        ],
        "unit_class": "rendinst_fortification_sandbags_onground_a",
        "objLayer": 2,
        "props": {
          "army": 1,
          "active": true
        }
      }
    },
    {
      "objectGroups": {
        "name": "t2_trench08",
        "tm": [
          [-0.734299,0.0,0.678828],
          [0.0,1.0,0.0],
          [-0.678828,0.0,-0.734299],
          [1843.03,26.7715,3001.76]
        ],
        "unit_class": "rendinst_fortification_sand_trench_onground_a",
        "objLayer": 2,
        "props": {
          "army": 1,
          "active": true
        }
      }
    },
    {
      "objectGroups": {
        "name": "t2_trench09",
        "tm": [
          [-0.444043,0.0,0.896005],
          [0.0,1.0,0.0],
          [-0.896005,0.0,-0.444043],
          [2962.76,8.79028,3301.7]
        ],
        "unit_class": "rendinst_fortification_sand_trench_onground_a",
        "objLayer": 2,
        "props": {
          "army": 1,
          "active": true
        }
      }
    },
    {
      "objectGroups": {
        "name": "t2_trench10",
        "tm": [
          [-0.320461,0.0,0.947261],
          [0.0,1.0,0.0],
          [-0.947261,0.0,-0.320461],
          [3021.48,7.37012,3318.94]
        ],
        "unit_class": "rendinst_fortification_sand_trench_onground_a",
        "objLayer": 2,
        "props": {
          "army": 1,
          "active": true
        }
      }
    },
    {
      "objectGroups": {
        "name": "t2_trench11",
        "tm": [
          [0.369803,0.0,-0.929109],
          [0.0,1.0,0.0],
          [0.929109,0.0,0.369803],
          [3037.23,7.5025,3323.07]
        ],
        "unit_class": "rendinst_fortification_sandbags_onground_a",
        "objLayer": 2,
        "props": {
          "army": 1,
          "active": true
        }
      }
    },
    {
      "objectGroups": {
        "name": "t2_trench12",
        "tm": [
          [0.436379,0.0,-0.899763],
          [0.0,1.0,0.0],
          [0.899763,0.0,0.436379],
          [3006.97,7.10773,3312.3]
        ],
        "unit_class": "rendinst_fortification_sandbags_onground_a",
        "objLayer": 2,
        "props": {
          "army": 1,
          "active": true
        }
      }
    },
    {
      "objectGroups": {
        "name": "t2_trench13",
        "tm": [
          [-0.138964,0.0,0.990298],
          [0.0,1.0,0.0],
          [-0.990298,0.0,-0.138964],
          [2989.55,7.36304,3312.13]
        ],
        "unit_class": "rendinst_fortification_sand_trench_onground_a",
        "objLayer": 2,
        "props": {
          "army": 1,
          "active": true
        }
      }
    },
    {
      "tankModels": {
        "name": "t2_antiTankGun01",
        "tm": [
          [0.859935,0.0,-0.5104],
          [0.0,1.0,0.0],
          [0.5104,0.0,0.859935],
          [1820.42,27.6295,2964.33]
        ],
        "unit_class": "uk_at_gun_qf6pounder",
        "objLayer": 1,
        "closed_waypoints": false,
        "isShipSpline": false,
        "shipTurnRadius": 100.0,
        "weapons": "",
        "bullets0": "",
        "bullets1": "",
        "bullets2": "",
        "bullets3": "",
        "bulletsCount0": 0,
        "bulletsCount1": 0,
        "bulletsCount2": 0,
        "bulletsCount3": 0,
        "props": {
          "army": 1,
          "count": 1,
          "formation_type": "rows",
          "formation_div": 3,
          "formation_step": [2.5,2.0],
          "formation_noise": [0.1,0.1],
          "uniqueName": "",
          "attack_type": "fire_at_will",
          "unitReplacementType": "antiTankGun"
        },
        "way": []
      }
    },
    {
      "tankModels": {
        "name": "t2_antiTankGun02",
        "tm": [
          [0.783688,0.0,-0.621152],
          [0.0,1.0,0.0],
          [0.621152,0.0,0.783688],
          [1848.63,26.0209,3013.14]
        ],
        "unit_class": "uk_at_gun_qf6pounder",
        "objLayer": 1,
        "closed_waypoints": false,
        "isShipSpline": false,
        "shipTurnRadius": 100.0,
        "weapons": "",
        "bullets0": "",
        "bullets1": "",
        "bullets2": "",
        "bullets3": "",
        "bulletsCount0": 0,
        "bulletsCount1": 0,
        "bulletsCount2": 0,
        "bulletsCount3": 0,
        "props": {
          "army": 1,
          "count": 1,
          "formation_type": "rows",
          "formation_div": 3,
          "formation_step": [2.5,2.0],
          "formation_noise": [0.1,0.1],
          "uniqueName": "",
          "attack_type": "fire_at_will",
          "unitReplacementType": "antiTankGun"
        },
        "way": []
      }
    },
    {
      "tankModels": {
        "name": "t2_antiTankGun03",
        "tm": [
          [0.74647,0.0,-0.665417],
          [0.0,1.0,0.0],
          [0.665417,0.0,0.74647],
          [1831.27,28.3731,2993.81]
        ],
        "unit_class": "uk_at_gun_qf6pounder",
        "objLayer": 1,
        "closed_waypoints": false,
        "isShipSpline": false,
        "shipTurnRadius": 100.0,
        "weapons": "",
        "bullets0": "",
        "bullets1": "",
        "bullets2": "",
        "bullets3": "",
        "bulletsCount0": 0,
        "bulletsCount1": 0,
        "bulletsCount2": 0,
        "bulletsCount3": 0,
        "props": {
          "army": 1,
          "count": 1,
          "formation_type": "rows",
          "formation_div": 3,
          "formation_step": [2.5,2.0],
          "formation_noise": [0.1,0.1],
          "uniqueName": "",
          "attack_type": "fire_at_will",
          "unitReplacementType": "antiTankGun"
        },
        "way": []
      }
    },
    {
      "tankModels": {
        "name": "t2_antiTankGun04",
        "tm": [
          [-0.115121,0.0,-0.993351],
          [0.0,1.0,0.0],
          [0.993351,0.0,-0.115121],
          [2365.92,17.0725,3221.64]
        ],
        "unit_class": "uk_at_gun_qf6pounder",
        "objLayer": 1,
        "closed_waypoints": false,
        "isShipSpline": false,
        "shipTurnRadius": 100.0,
        "weapons": "",
        "bullets0": "",
        "bullets1": "",
        "bullets2": "",
        "bullets3": "",
        "bulletsCount0": 0,
        "bulletsCount1": 0,
        "bulletsCount2": 0,
        "bulletsCount3": 0,
        "props": {
          "army": 1,
          "count": 1,
          "formation_type": "rows",
          "formation_div": 3,
          "formation_step": [2.5,2.0],
          "formation_noise": [0.1,0.1],
          "uniqueName": "",
          "attack_type": "fire_at_will",
          "unitReplacementType": "antiTankGun"
        },
        "way": []
      }
    },
    {
      "tankModels": {
        "name": "t2_antiTankGun05",
        "tm": [
          [-0.977105,0.0,-0.212758],
          [0.0,1.0,0.0],
          [0.212758,0.0,-0.977105],
          [1098.62,12.8087,2864.55]
        ],
        "unit_class": "uk_at_gun_qf6pounder",
        "objLayer": 1,
        "closed_waypoints": false,
        "isShipSpline": false,
        "shipTurnRadius": 100.0,
        "weapons": "",
        "bullets0": "",
        "bullets1": "",
        "bullets2": "",
        "bullets3": "",
        "bulletsCount0": 0,
        "bulletsCount1": 0,
        "bulletsCount2": 0,
        "bulletsCount3": 0,
        "props": {
          "army": 1,
          "count": 1,
          "formation_type": "rows",
          "formation_div": 3,
          "formation_step": [2.5,2.0],
          "formation_noise": [0.1,0.1],
          "uniqueName": "",
          "attack_type": "fire_at_will",
          "unitReplacementType": "antiTankGun"
        },
        "way": []
      }
    },
    {
      "tankModels": {
        "name": "t2_antiTankGun06",
        "tm": [
          [0.103468,0.0,-0.994632],
          [0.0,1.0,0.0],
          [0.994632,0.0,0.103468],
          [2391.06,15.5603,3217.25]
        ],
        "unit_class": "uk_at_gun_qf6pounder",
        "objLayer": 1,
        "closed_waypoints": false,
        "isShipSpline": false,
        "shipTurnRadius": 100.0,
        "weapons": "",
        "bullets0": "",
        "bullets1": "",
        "bullets2": "",
        "bullets3": "",
        "bulletsCount0": 0,
        "bulletsCount1": 0,
        "bulletsCount2": 0,
        "bulletsCount3": 0,
        "props": {
          "army": 1,
          "count": 1,
          "formation_type": "rows",
          "formation_div": 3,
          "formation_step": [2.5,2.0],
          "formation_noise": [0.1,0.1],
          "uniqueName": "",
          "attack_type": "fire_at_will",
          "unitReplacementType": "antiTankGun"
        },
        "way": []
      }
    },
    {
      "tankModels": {
        "name": "t2_antiTankGun07",
        "tm": [
          [-0.575844,0.0,-0.817559],
          [0.0,1.0,0.0],
          [0.817559,0.0,-0.575844],
          [1511.84,7.50128,3424.64]
        ],
        "unit_class": "uk_at_gun_qf6pounder",
        "objLayer": 1,
        "closed_waypoints": false,
        "isShipSpline": false,
        "shipTurnRadius": 100.0,
        "weapons": "",
        "bullets0": "",
        "bullets1": "",
        "bullets2": "",
        "bullets3": "",
        "bulletsCount0": 0,
        "bulletsCount1": 0,
        "bulletsCount2": 0,
        "bulletsCount3": 0,
        "props": {
          "army": 1,
          "count": 1,
          "formation_type": "rows",
          "formation_div": 3,
          "formation_step": [2.5,2.0],
          "formation_noise": [0.1,0.1],
          "uniqueName": "",
          "attack_type": "fire_at_will",
          "unitReplacementType": "antiTankGun"
        },
        "way": []
      }
    },
    {
      "tankModels": {
        "name": "t2_antiTankGun08",
        "tm": [
          [-0.0773663,0.0,-0.997003],
          [0.0,1.0,0.0],
          [0.997003,0.0,-0.0773663],
          [1579.49,5.64716,3379.13]
        ],
        "unit_class": "uk_at_gun_qf6pounder",
        "objLayer": 1,
        "closed_waypoints": false,
        "isShipSpline": false,
        "shipTurnRadius": 100.0,
        "weapons": "",
        "bullets0": "",
        "bullets1": "",
        "bullets2": "",
        "bullets3": "",
        "bulletsCount0": 0,
        "bulletsCount1": 0,
        "bulletsCount2": 0,
        "bulletsCount3": 0,
        "props": {
          "army": 1,
          "count": 1,
          "formation_type": "rows",
          "formation_div": 3,
          "formation_step": [2.5,2.0],
          "formation_noise": [0.1,0.1],
          "uniqueName": "",
          "attack_type": "fire_at_will",
          "unitReplacementType": "antiTankGun"
        },
        "way": []
      }
    },
    {
      "tankModels": {
        "name": "t2_antiTankGun09",
        "tm": [
          [-0.327822,0.0,-0.944739],
          [0.0,1.0,0.0],
          [0.944739,0.0,-0.327822],
          [2460.76,10.6683,3196.52]
        ],
        "unit_class": "uk_at_gun_qf6pounder",
        "objLayer": 1,
        "closed_waypoints": false,
        "isShipSpline": false,
        "shipTurnRadius": 100.0,
        "weapons": "",
        "bullets0": "",
        "bullets1": "",
        "bullets2": "",
        "bullets3": "",
        "bulletsCount0": 0,
        "bulletsCount1": 0,
        "bulletsCount2": 0,
        "bulletsCount3": 0,
        "props": {
          "army": 1,
          "count": 1,
          "formation_type": "rows",
          "formation_div": 3,
          "formation_step": [2.5,2.0],
          "formation_noise": [0.1,0.1],
          "uniqueName": "",
          "attack_type": "fire_at_will",
          "unitReplacementType": "antiTankGun"
        },
        "way": []
      }
    },
    {
      "tankModels": {
        "name": "t2_antiTankGun10",
        "tm": [
          [-0.661985,0.0,-0.749514],
          [0.0,1.0,0.0],
          [0.749514,0.0,-0.661985],
          [1493.07,8.71918,3439.4]
        ],
        "unit_class": "uk_at_gun_qf6pounder",
        "objLayer": 1,
        "closed_waypoints": false,
        "isShipSpline": false,
        "shipTurnRadius": 100.0,
        "weapons": "",
        "bullets0": "",
        "bullets1": "",
        "bullets2": "",
        "bullets3": "",
        "bulletsCount0": 0,
        "bulletsCount1": 0,
        "bulletsCount2": 0,
        "bulletsCount3": 0,
        "props": {
          "army": 1,
          "count": 1,
          "formation_type": "rows",
          "formation_div": 3,
          "formation_step": [2.5,2.0],
          "formation_noise": [0.1,0.1],
          "uniqueName": "",
          "attack_type": "fire_at_will",
          "unitReplacementType": "antiTankGun"
        },
        "way": []
      }
    },
    {
      "tankModels": {
        "name": "t2_antiTankGun11",
        "tm": [
          [0.35034,0.0,-0.936621],
          [0.0,1.0,0.0],
          [0.936621,0.0,0.35034],
          [3036.84,7.57336,3323.77]
        ],
        "unit_class": "uk_at_gun_qf6pounder",
        "objLayer": 1,
        "closed_waypoints": false,
        "isShipSpline": false,
        "shipTurnRadius": 100.0,
        "weapons": "",
        "bullets0": "",
        "bullets1": "",
        "bullets2": "",
        "bullets3": "",
        "bulletsCount0": 0,
        "bulletsCount1": 0,
        "bulletsCount2": 0,
        "bulletsCount3": 0,
        "props": {
          "army": 1,
          "count": 1,
          "formation_type": "rows",
          "formation_div": 3,
          "formation_step": [2.5,2.0],
          "formation_noise": [0.1,0.1],
          "uniqueName": "",
          "attack_type": "fire_at_will",
          "unitReplacementType": "antiTankGun"
        },
        "way": []
      }
    },
    {
      "tankModels": {
        "name": "t2_antiTankGun12",
        "tm": [
          [0.471953,0.0,-0.881623],
          [0.0,1.0,0.0],
          [0.881623,0.0,0.471953],
          [3006.44,7.12665,3312.93]
        ],
        "unit_class": "uk_at_gun_qf6pounder",
        "objLayer": 1,
        "closed_waypoints": false,
        "isShipSpline": false,
        "shipTurnRadius": 100.0,
        "weapons": "",
        "bullets0": "",
        "bullets1": "",
        "bullets2": "",
        "bullets3": "",
        "bulletsCount0": 0,
        "bulletsCount1": 0,
        "bulletsCount2": 0,
        "bulletsCount3": 0,
        "props": {
          "army": 1,
          "count": 1,
          "formation_type": "rows",
          "formation_div": 3,
          "formation_step": [2.5,2.0],
          "formation_noise": [0.1,0.1],
          "uniqueName": "",
          "attack_type": "fire_at_will",
          "unitReplacementType": "antiTankGun"
        },
        "way": []
      }
    },
    {
      "tankModels": {
        "name": "t2_antiTankGun13",
        "tm": [
          [0.367151,0.0,-0.93016],
          [0.0,1.0,0.0],
          [0.93016,0.0,0.367151],
          [501.644,57.2641,2825.86]
        ],
        "unit_class": "uk_at_gun_qf6pounder",
        "objLayer": 1,
        "closed_waypoints": false,
        "isShipSpline": false,
        "shipTurnRadius": 100.0,
        "weapons": "",
        "bullets0": "",
        "bullets1": "",
        "bullets2": "",
        "bullets3": "",
        "bulletsCount0": 0,
        "bulletsCount1": 0,
        "bulletsCount2": 0,
        "bulletsCount3": 0,
        "props": {
          "army": 1,
          "count": 1,
          "formation_type": "rows",
          "formation_div": 3,
          "formation_step": [2.5,2.0],
          "formation_noise": [0.1,0.1],
          "uniqueName": "",
          "attack_type": "fire_at_will",
          "unitReplacementType": "antiTankGun"
        },
        "way": []
      }
    },
    {
      "tankModels": {
        "name": "t2_antiTankGun14",
        "tm": [
          [0.52373,0.0,-0.851884],
          [0.0,1.0,0.0],
          [0.851884,0.0,0.52373],
          [2973.31,7.96008,3311.49]
        ],
        "unit_class": "uk_at_gun_qf6pounder",
        "objLayer": 1,
        "closed_waypoints": false,
        "isShipSpline": false,
        "shipTurnRadius": 100.0,
        "weapons": "",
        "bullets0": "",
        "bullets1": "",
        "bullets2": "",
        "bullets3": "",
        "bulletsCount0": 0,
        "bulletsCount1": 0,
        "bulletsCount2": 0,
        "bulletsCount3": 0,
        "props": {
          "army": 1,
          "count": 1,
          "formation_type": "rows",
          "formation_div": 3,
          "formation_step": [2.5,2.0],
          "formation_noise": [0.1,0.1],
          "uniqueName": "",
          "attack_type": "fire_at_will",
          "unitReplacementType": "antiTankGun"
        },
        "way": []
      }
    },
    {
      "tankModels": {
        "name": "t2_antiTankGun15",
        "tm": [
          [-0.361327,0.0,-0.932439],
          [0.0,1.0,0.0],
          [0.932439,0.0,-0.361327],
          [1446.62,11.4917,3480.33]
        ],
        "unit_class": "uk_at_gun_qf6pounder",
        "objLayer": 1,
        "closed_waypoints": false,
        "isShipSpline": false,
        "shipTurnRadius": 100.0,
        "weapons": "",
        "bullets0": "",
        "bullets1": "",
        "bullets2": "",
        "bullets3": "",
        "bulletsCount0": 0,
        "bulletsCount1": 0,
        "bulletsCount2": 0,
        "bulletsCount3": 0,
        "props": {
          "army": 1,
          "count": 1,
          "formation_type": "rows",
          "formation_div": 3,
          "formation_step": [2.5,2.0],
          "formation_noise": [0.1,0.1],
          "uniqueName": "",
          "attack_type": "fire_at_will",
          "unitReplacementType": "antiTankGun"
        },
        "way": []
      }
    },
    {
      "tankModels": {
        "name": "t2_antiTankGun16",
        "tm": [
          [0.496051,0.0,-0.868293],
          [0.0,1.0,0.0],
          [0.868293,0.0,0.496051],
          [2884.78,25.1545,3272.1]
        ],
        "unit_class": "uk_at_gun_qf6pounder",
        "objLayer": 1,
        "closed_waypoints": false,
        "isShipSpline": false,
        "shipTurnRadius": 100.0,
        "weapons": "",
        "bullets0": "",
        "bullets1": "",
        "bullets2": "",
        "bullets3": "",
        "bulletsCount0": 0,
        "bulletsCount1": 0,
        "bulletsCount2": 0,
        "bulletsCount3": 0,
        "props": {
          "army": 1,
          "count": 1,
          "formation_type": "rows",
          "formation_div": 3,
          "formation_step": [2.5,2.0],
          "formation_noise": [0.1,0.1],
          "uniqueName": "",
          "attack_type": "fire_at_will",
          "unitReplacementType": "antiTankGun"
        },
        "way": []
      }
    },
    {
      "squad": {
        "name": "t2_zoneDef_sq",
        "tm": [
          [0.843391,0.0,-0.5373],
          [0.0,1.0,0.0],
          [0.5373,0.0,0.843391],
          [1937.23,5.6438,3726.43]
        ],
        "props": [
          {
            "object_marking": 0
          },
          {
            "squad_members": "t1_antiTankGun01"
          },
          {
            "squad_members": "t1_antiTankGun02"
          },
          {
            "squad_members": "t1_antiTankGun03"
          },
          {
            "squad_members": "t1_antiTankGun04"
          },
          {
            "squad_members": "t1_antiTankGun05"
          },
          {
            "squad_members": "t1_antiTankGun06"
          },
          {
            "squad_members": "t1_antiTankGun07"
          },
          {
            "squad_members": "t1_antiTankGun08"
          },
          {
            "squad_members": "t1_antiTankGun09"
          },
          {
            "squad_members": "t1_antiTankGun10"
          },
          {
            "squad_members": "t1_antiTankGun11"
          },
          {
            "squad_members": "t1_antiTankGun12"
          },
          {
            "squad_members": "t1_antiTankGun13"
          },
          {
            "squad_members": "t1_antiTankGun14"
          },
          {
            "squad_members": "t1_antiTankGun15"
          },
          {
            "squad_members": "t1_antiTankGun16"
          },
          {
            "squad_members": "t1_antiTankGun17"
          },
          {
            "squad_members": "t1_antiTankGun18"
          },
          {
            "squad_members": "t1_antiTankGun19"
          },
          {
            "squad_members": "t1_antiTankGun20"
          }
        ]
      }
    },
    {
      "squad": {
        "name": "t2_trench_sq",
        "tm": [
          [1.0,0.0,0.0],
          [0.0,1.0,0.0],
          [0.0,0.0,1.0],
          [1959.64,5.23596,3618.92]
        ],
        "props": [
          {
            "object_marking": 0
          },
          {
            "squad_members": "t1_trench01"
          },
          {
            "squad_members": "t1_trench02"
          },
          {
            "squad_members": "t1_trench03"
          },
          {
            "squad_members": "t1_trench04"
          },
          {
            "squad_members": "t1_trench05"
          },
          {
            "squad_members": "t1_trench06"
          },
          {
            "squad_members": "t1_trench07"
          },
          {
            "squad_members": "t1_trench08"
          },
          {
            "squad_members": "t1_trench09"
          },
          {
            "squad_members": "t1_trench10"
          },
          {
            "squad_members": "t1_trench11"
          },
          {
            "squad_members": "t1_trench12"
          },
          {
            "squad_members": "t1_trench13"
          },
          {
            "squad_members": "t1_trench14"
          },
          {
            "squad_members": "t1_trench15"
          },
          {
            "squad_members": "t1_trench16"
          },
          {
            "squad_members": "t1_trench17"
          },
          {
            "squad_members": "t1_trench18"
          },
          {
            "squad_members": "t1_trench19"
          },
          {
            "squad_members": "t1_trench20"
          },
          {
            "squad_members": "t1_trench21"
          },
          {
            "squad_members": "t1_trench22"
          },
          {
            "squad_members": "t1_trench23"
          },
          {
            "squad_members": "t1_trench24"
          },
          {
            "squad_members": "t1_trench25"
          },
          {
            "squad_members": "t1_trench26"
          }
        ]
      }
    },
    {
      "objectGroups": {
        "name": "t2_trench14",
        "tm": [
          [0.428814,0.0,-0.903392],
          [0.0,1.0,0.0],
          [0.903392,0.0,0.428814],
          [2885.28,25.1422,3271.19]
        ],
        "unit_class": "rendinst_fortification_sandbags_onground_a",
        "objLayer": 2,
        "props": {
          "army": 1,
          "active": true
        }
      }
    },
    {
      "objectGroups": {
        "name": "t2_trench15",
        "tm": [
          [0.508067,0.0,-0.861317],
          [0.0,1.0,0.0],
          [0.861317,0.0,0.508067],
          [2860.18,28.9916,3255.1]
        ],
        "unit_class": "rendinst_fortification_sandbags_onground_a",
        "objLayer": 2,
        "props": {
          "army": 1,
          "active": true
        }
      }
    },
    {
      "objectGroups": {
        "name": "t2_trench16",
        "tm": [
          [-0.522519,0.0,0.852627],
          [0.0,1.0,0.0],
          [-0.852627,0.0,-0.522519],
          [2872.44,27.6581,3265.6]
        ],
        "unit_class": "rendinst_fortification_sand_trench_onground_a",
        "objLayer": 2,
        "props": {
          "army": 1,
          "active": true
        }
      }
    },
    {
      "objectGroups": {
        "name": "t2_trench17",
        "tm": [
          [0.924607,0.0,0.380923],
          [0.0,1.0,0.0],
          [-0.380923,0.0,0.924607],
          [1100.0,13.4797,2854.37]
        ],
        "unit_class": "rendinst_fortification_sand_trench_onground_a",
        "objLayer": 2,
        "props": {
          "army": 1,
          "active": true
        }
      }
    },
    {
      "objectGroups": {
        "name": "t2_trench18",
        "tm": [
          [0.350568,0.0,-0.936537],
          [0.0,1.0,0.0],
          [0.936537,0.0,0.350568],
          [502.096,57.0721,2824.94]
        ],
        "unit_class": "rendinst_fortification_sandbags_onground_a",
        "objLayer": 2,
        "props": {
          "army": 1,
          "active": true
        }
      }
    },
    {
      "objectGroups": {
        "name": "t2_trench19",
        "tm": [
          [0.455345,0.0,0.890314],
          [0.0,1.0,0.0],
          [-0.890314,0.0,0.455345],
          [1423.78,12.033,3456.28]
        ],
        "unit_class": "rendinst_fortification_sand_trench_onground_a",
        "objLayer": 2,
        "props": {
          "army": 1,
          "active": true
        }
      }
    },
    {
      "objectGroups": {
        "name": "t2_trench20",
        "tm": [
          [-0.999811,0.0,0.0194189],
          [0.0,1.0,0.0],
          [-0.0194189,0.0,-0.999811],
          [1103.63,14.7861,2840.07]
        ],
        "unit_class": "rendinst_fortification_sandbags_onground_a",
        "objLayer": 2,
        "props": {
          "army": 1,
          "active": true
        }
      }
    },
    {
      "objectGroups": {
        "name": "t2_trench21",
        "tm": [
          [0.894691,0.0,0.446687],
          [0.0,1.0,0.0],
          [-0.446687,0.0,0.894691],
          [1109.8,16.1803,2827.19]
        ],
        "unit_class": "rendinst_fortification_sand_trench_onground_a",
        "objLayer": 2,
        "props": {
          "army": 1,
          "active": true
        }
      }
    },
    {
      "objectGroups": {
        "name": "t2_trench22",
        "tm": [
          [0.612793,0.0,0.790244],
          [0.0,1.0,0.0],
          [-0.790244,0.0,0.612793],
          [1500.43,8.03418,3429.2]
        ],
        "unit_class": "rendinst_fortification_sand_trench_onground_a",
        "objLayer": 2,
        "props": {
          "army": 1,
          "active": true
        }
      }
    },
    {
      "objectGroups": {
        "name": "t2_trench23",
        "tm": [
          [0.0639344,0.0,-0.997955],
          [0.0,1.0,0.0],
          [0.997955,0.0,0.0639344],
          [551.0,57.9555,2836.44]
        ],
        "unit_class": "rendinst_fortification_sandbags_onground_a",
        "objLayer": 2,
        "props": {
          "army": 1,
          "active": true
        }
      }
    },
    {
      "objectGroups": {
        "name": "t2_trench24",
        "tm": [
          [-0.189367,0.0,0.981905],
          [0.0,1.0,0.0],
          [-0.981905,0.0,-0.189367],
          [534.596,61.5507,2840.69]
        ],
        "unit_class": "rendinst_fortification_sand_trench_onground_a",
        "objLayer": 2,
        "props": {
          "army": 1,
          "active": true
        }
      }
    },
    {
      "objectGroups": {
        "name": "t2_trench25",
        "tm": [
          [0.176214,0.0,-0.984351],
          [0.0,1.0,0.0],
          [0.984351,0.0,0.176214],
          [522.105,59.9967,2832.02]
        ],
        "unit_class": "rendinst_fortification_sandbags_onground_a",
        "objLayer": 2,
        "props": {
          "army": 1,
          "active": true
        }
      }
    },
    {
      "objectGroups": {
        "name": "t2_trench26",
        "tm": [
          [0.453512,0.0,0.891251],
          [0.0,1.0,0.0],
          [-0.891251,0.0,0.453512],
          [1382.64,12.872,3470.72]
        ],
        "unit_class": "rendinst_fortification_sand_trench_onground_a",
        "objLayer": 2,
        "props": {
          "army": 1,
          "active": true
        }
      }
    },
    {
      "tankModels": {
        "name": "t2_antiTankGun17",
        "tm": [
          [0.523063,0.0,-0.852292],
          [0.0,1.0,0.0],
          [0.852292,0.0,0.523063],
          [2859.43,29.0879,3255.9]
        ],
        "unit_class": "uk_at_gun_qf6pounder",
        "objLayer": 1,
        "closed_waypoints": false,
        "isShipSpline": false,
        "shipTurnRadius": 100.0,
        "weapons": "",
        "bullets0": "",
        "bullets1": "",
        "bullets2": "",
        "bullets3": "",
        "bulletsCount0": 0,
        "bulletsCount1": 0,
        "bulletsCount2": 0,
        "bulletsCount3": 0,
        "props": {
          "army": 1,
          "count": 1,
          "formation_type": "rows",
          "formation_div": 3,
          "formation_step": [2.5,2.0],
          "formation_noise": [0.1,0.1],
          "uniqueName": "",
          "attack_type": "fire_at_will",
          "unitReplacementType": "antiTankGun"
        },
        "way": []
      }
    },
    {
      "tankModels": {
        "name": "t2_antiTankGun18",
        "tm": [
          [-0.998896,0.0,0.0469713],
          [0.0,1.0,0.0],
          [-0.0469713,0.0,-0.998896],
          [1104.58,14.8035,2840.2]
        ],
        "unit_class": "uk_at_gun_qf6pounder",
        "objLayer": 1,
        "closed_waypoints": false,
        "isShipSpline": false,
        "shipTurnRadius": 100.0,
        "weapons": "",
        "bullets0": "",
        "bullets1": "",
        "bullets2": "",
        "bullets3": "",
        "bulletsCount0": 0,
        "bulletsCount1": 0,
        "bulletsCount2": 0,
        "bulletsCount3": 0,
        "props": {
          "army": 1,
          "count": 1,
          "formation_type": "rows",
          "formation_div": 3,
          "formation_step": [2.5,2.0],
          "formation_noise": [0.1,0.1],
          "uniqueName": "",
          "attack_type": "fire_at_will",
          "unitReplacementType": "antiTankGun"
        },
        "way": []
      }
    },
    {
      "tankModels": {
        "name": "t2_antiTankGun19",
        "tm": [
          [0.157688,0.0,-0.987488],
          [0.0,1.0,0.0],
          [0.987488,0.0,0.157688],
          [550.788,58.2325,2837.38]
        ],
        "unit_class": "uk_at_gun_qf6pounder",
        "objLayer": 1,
        "closed_waypoints": false,
        "isShipSpline": false,
        "shipTurnRadius": 100.0,
        "weapons": "",
        "bullets0": "",
        "bullets1": "",
        "bullets2": "",
        "bullets3": "",
        "bulletsCount0": 0,
        "bulletsCount1": 0,
        "bulletsCount2": 0,
        "bulletsCount3": 0,
        "props": {
          "army": 1,
          "count": 1,
          "formation_type": "rows",
          "formation_div": 3,
          "formation_step": [2.5,2.0],
          "formation_noise": [0.1,0.1],
          "uniqueName": "",
          "attack_type": "fire_at_will",
          "unitReplacementType": "antiTankGun"
        },
        "way": []
      }
    },
    {
      "tankModels": {
        "name": "t2_antiTankGun20",
        "tm": [
          [0.174265,0.0,-0.984698],
          [0.0,1.0,0.0],
          [0.984698,0.0,0.174265],
          [521.72,60.1927,2833.0]
        ],
        "unit_class": "uk_at_gun_qf6pounder",
        "objLayer": 1,
        "closed_waypoints": false,
        "isShipSpline": false,
        "shipTurnRadius": 100.0,
        "weapons": "",
        "bullets0": "",
        "bullets1": "",
        "bullets2": "",
        "bullets3": "",
        "bulletsCount0": 0,
        "bulletsCount1": 0,
        "bulletsCount2": 0,
        "bulletsCount3": 0,
        "props": {
          "army": 1,
          "count": 1,
          "formation_type": "rows",
          "formation_div": 3,
          "formation_step": [2.5,2.0],
          "formation_noise": [0.1,0.1],
          "uniqueName": "",
          "attack_type": "fire_at_will",
          "unitReplacementType": "antiTankGun"
        },
        "way": []
      }
    },
    {
      "objectGroups": {
        "name": "t1_trench01",
        "tm": [
          [0.0211011,0.0,0.999778],
          [0.0,1.0,0.0],
          [-0.999777,0.0,0.0211016],
          [2578.7,32.5392,623.826]
        ],
        "unit_class": "rendinst_fortification_sandbags_onground_a",
        "objLayer": 2,
        "props": {
          "army": 2,
          "active": true
        }
      }
    },
    {
      "objectGroups": {
        "name": "t1_trench02",
        "tm": [
          [0.140498,0.0,0.990081],
          [0.0,1.0,0.0],
          [-0.990081,0.0,0.140498],
          [2435.8,7.85791,614.544]
        ],
        "unit_class": "rendinst_fortification_sandbags_onground_a",
        "objLayer": 2,
        "props": {
          "army": 2,
          "active": true
        }
      }
    },
    {
      "objectGroups": {
        "name": "t1_trench03",
        "tm": [
          [-0.135117,0.0,0.99083],
          [0.0,1.0,0.0],
          [-0.99083,0.0,-0.135117],
          [2464.22,11.5626,617.954]
        ],
        "unit_class": "rendinst_fortification_sandbags_onground_a",
        "objLayer": 2,
        "props": {
          "army": 2,
          "active": true
        }
      }
    },
    {
      "objectGroups": {
        "name": "t1_trench04",
        "tm": [
          [0.402986,0.0,0.915207],
          [0.0,1.0,0.0],
          [-0.915207,0.0,0.402986],
          [1759.61,36.1844,940.615]
        ],
        "unit_class": "rendinst_fortification_sandbags_onground_a",
        "objLayer": 2,
        "props": {
          "army": 2,
          "active": true
        }
      }
    },
    {
      "objectGroups": {
        "name": "t1_trench05",
        "tm": [
          [0.319098,0.0,0.947722],
          [0.0,1.0,0.0],
          [-0.947722,0.0,0.319098],
          [2622.7,35.807,633.335]
        ],
        "unit_class": "rendinst_fortification_sandbags_onground_a",
        "objLayer": 2,
        "props": {
          "army": 2,
          "active": true
        }
      }
    },
    {
      "objectGroups": {
        "name": "t1_trench06",
        "tm": [
          [0.345493,0.0,0.938421],
          [0.0,1.0,0.0],
          [-0.938421,0.0,0.345493],
          [2547.59,29.7511,614.845]
        ],
        "unit_class": "rendinst_fortification_sandbags_onground_a",
        "objLayer": 2,
        "props": {
          "army": 2,
          "active": true
        }
      }
    },
    {
      "objectGroups": {
        "name": "t1_trench07",
        "tm": [
          [-0.314869,0.0,-0.949135],
          [0.0,1.0,0.0],
          [0.949135,0.0,-0.314869],
          [2507.63,19.9308,614.163]
        ],
        "unit_class": "rendinst_fortification_sand_trench_onground_a",
        "objLayer": 2,
        "props": {
          "army": 2,
          "active": true
        }
      }
    },
    {
      "objectGroups": {
        "name": "t1_trench08",
        "tm": [
          [0.20764,0.0,0.978206],
          [0.0,1.0,0.0],
          [-0.978206,0.0,0.20764],
          [2490.46,16.475,618.886]
        ],
        "unit_class": "rendinst_fortification_sandbags_onground_a",
        "objLayer": 2,
        "props": {
          "army": 2,
          "active": true
        }
      }
    },
    {
      "objectGroups": {
        "name": "t1_trench09",
        "tm": [
          [-0.276468,0.0,-0.961023],
          [0.0,1.0,0.0],
          [0.961023,0.0,-0.276468],
          [1748.22,37.6649,947.33]
        ],
        "unit_class": "rendinst_fortification_sand_trench_onground_a",
        "objLayer": 2,
        "props": {
          "army": 2,
          "active": true
        }
      }
    },
    {
      "objectGroups": {
        "name": "t1_trench10",
        "tm": [
          [0.15235,0.0,-0.988326],
          [0.0,1.0,0.0],
          [0.988326,0.0,0.15235],
          [2450.44,9.31738,612.414]
        ],
        "unit_class": "rendinst_fortification_sand_trench_onground_a",
        "objLayer": 2,
        "props": {
          "army": 2,
          "active": true
        }
      }
    },
    {
      "objectGroups": {
        "name": "t1_trench11",
        "tm": [
          [0.147146,0.0,0.989114],
          [0.0,1.0,0.0],
          [-0.989114,0.0,0.147146],
          [1691.95,42.2094,958.463]
        ],
        "unit_class": "rendinst_fortification_sandbags_onground_a",
        "objLayer": 2,
        "props": {
          "army": 2,
          "active": true
        }
      }
    },
    {
      "objectGroups": {
        "name": "t1_trench12",
        "tm": [
          [-0.324867,0.0,-0.94576],
          [0.0,1.0,0.0],
          [0.94576,0.0,-0.324867],
          [1705.99,41.1531,955.003]
        ],
