{
  "selected_tag": "",
  "bin_dump_file": "",
  "mission_settings": {
    "player": {
      "army": 1
    },
    "player_teamB": {
      "army": 2
    },
    "mission": {
      "level": "levels/avg_tunisia_desert.bin",
      "type": "domination",
      "environment": "Day",
      "weather": "hazy"
    }
  },
  "imports": {
    "import_record": {
      "file": "gameData/missions/templates/tank_templates/dbttl_template.blk",
      "importAreas": true,
      "importUnits": true,
      "importTriggers": true,
      "importMissionObjectives": true,
      "importWayPoints": true,
      "showAreas": true,
      "showUnits": true,
      "showTriggers": true,
      "showMissionObjectives": true,
      "showWayPoints": true,
      "excludes": []
    }
  },
  "triggers": {
    "isCategory": true,
    "is_enabled": true
  },
  "mission_objectives": {
    "isCategory": true,
    "is_enabled": true
  },
  "variables": [],
  "dialogs": [],
  "airfields": [],
  "effects": [],
  "units": [
    {
      "tankModels": {
        "name": "t1_player01",
        "tm": [
          [-0.706339,0.0429567,0.706568],
          [0.0357307,0.999049,-0.0250194],
          [-0.706972,0.00757444,-0.707202],
          [2715.58,5.33691,3064.02]
        ],
        "unit_class": "germ_flakpanzer_I_ausf_A",
        "objLayer": 0,
        "closed_waypoints": false,
        "isShipSpline": false,
        "shipTurnRadius": 100.0,
        "weapons": "",
        "bullets0": "",
        "bullets1": "",
        "bullets2": "",
        "bullets3": "",
        "bulletsCount0": 0,
        "bulletsCount1": 0,
        "bulletsCount2": 0,
        "bulletsCount3": 0,
        "props": {
          "army": 2,
          "count": 1,
          "formation_type": "rows",
          "formation_div": 3,
          "formation_step": [2.5,2.0],
          "formation_noise": [0.1,0.1],
          "uniqueName": "",
          "attack_type": "fire_at_will"
        },
        "way": []
      }
    },
    {
      "area_squad": {
        "name": "dbttl_t1_spawn_01",
        "tm": [
          [0.113948,0.0,0.993487],
          [0.0,1.0,0.0],
          [-0.993487,0.0,0.113948],
          [2870.08,671.245,2751.96]
        ],
        "props": [
          {
            "squad_members": "dbttl_t1_spawn_01_01"
          },
          {
            "squad_members": "dbttl_t1_spawn_01_02"
          },
          {
            "squad_members": "dbttl_t1_spawn_01_03"
          },
          {
            "squad_members": "dbttl_t1_spawn_01_04"
          },
          {
            "squad_members": "dbttl_t1_spawn_01_05"
          },
          {
            "squad_members": "dbttl_t1_spawn_01_06"
          },
          {
            "squad_members": "dbttl_t1_spawn_01_07"
          },
          {
            "squad_members": "dbttl_t1_spawn_01_08"
          },
          {
            "squad_members": "dbttl_t1_spawn_01_09"
          },
          {
            "squad_members": "dbttl_t1_spawn_01_10"
          },
          {
            "squad_members": "dbttl_t1_spawn_01_11"
          },
          {
            "squad_members": "dbttl_t1_spawn_01_12"
          },
          {
            "squad_members": "dbttl_t1_spawn_01_13"
          },
          {
            "squad_members": "dbttl_t1_spawn_01_14"
          },
          {
            "squad_members": "dbttl_t1_spawn_01_15"
          },
          {
            "squad_members": "dbttl_t1_spawn_01_16"
          },
          {
            "squad_members": "dbttl_t1_spawn_01_17"
          },
          {
            "squad_members": "dbttl_t1_spawn_01_18"
          },
          {
            "squad_members": "dbttl_t1_spawn_01_19"
          },
          {
            "squad_members": "dbttl_t1_spawn_01_20"
          }
        ]
      }
    },
    {
      "area_squad": {
        "name": "dbttl_t1_spawn_02",
        "tm": [
          [0.692879,0.0,-0.721054],
          [0.0,1.0,0.0],
          [0.721054,0.0,0.692879],
          [3536.01,681.19,2612.99]
        ],
        "props": [
          {
            "squad_members": "dbttl_t1_spawn_02_01"
          },
          {
            "squad_members": "dbttl_t1_spawn_02_02"
          },
          {
            "squad_members": "dbttl_t1_spawn_02_03"
          },
          {
            "squad_members": "dbttl_t1_spawn_02_04"
          },
          {
            "squad_members": "dbttl_t1_spawn_02_05"
          },
          {
            "squad_members": "dbttl_t1_spawn_02_06"
          },
          {
            "squad_members": "dbttl_t1_spawn_02_07"
          },
          {
            "squad_members": "dbttl_t1_spawn_02_08"
          },
          {
            "squad_members": "dbttl_t1_spawn_02_09"
          },
          {
            "squad_members": "dbttl_t1_spawn_02_10"
          },
          {
            "squad_members": "dbttl_t1_spawn_02_11"
          },
          {
            "squad_members": "dbttl_t1_spawn_02_12"
          },
          {
            "squad_members": "dbttl_t1_spawn_02_13"
          },
          {
            "squad_members": "dbttl_t1_spawn_02_14"
          },
          {
            "squad_members": "dbttl_t1_spawn_02_15"
          },
          {
            "squad_members": "dbttl_t1_spawn_02_16"
          },
          {
            "squad_members": "dbttl_t1_spawn_02_17"
          },
          {
            "squad_members": "dbttl_t1_spawn_02_18"
          },
          {
            "squad_members": "dbttl_t1_spawn_02_19"
          },
          {
            "squad_members": "dbttl_t1_spawn_02_20"
          }
        ]
      }
    },
    {
      "area_squad": {
        "name": "dbttl_t2_spawn_01",
        "tm": [
          [-0.996709,0.0,0.0810665],
          [0.0,1.0,0.0],
          [-0.0810665,0.0,-0.996709],
          [2716.07,661.134,1568.97]
        ],
        "props": [
          {
            "squad_members": "dbttl_t2_spawn_01_01"
          },
          {
            "squad_members": "dbttl_t2_spawn_01_02"
          },
          {
            "squad_members": "dbttl_t2_spawn_01_03"
          },
          {
            "squad_members": "dbttl_t2_spawn_01_04"
          },
          {
            "squad_members": "dbttl_t2_spawn_01_05"
          },
          {
            "squad_members": "dbttl_t2_spawn_01_06"
          },
          {
            "squad_members": "dbttl_t2_spawn_01_07"
          },
          {
            "squad_members": "dbttl_t2_spawn_01_08"
          },
          {
            "squad_members": "dbttl_t2_spawn_01_09"
          },
          {
            "squad_members": "dbttl_t2_spawn_01_10"
          },
          {
            "squad_members": "dbttl_t2_spawn_01_11"
          },
          {
            "squad_members": "dbttl_t2_spawn_01_12"
          },
          {
            "squad_members": "dbttl_t2_spawn_01_13"
          },
          {
            "squad_members": "dbttl_t2_spawn_01_14"
          },
          {
            "squad_members": "dbttl_t2_spawn_01_15"
          },
          {
            "squad_members": "dbttl_t2_spawn_01_16"
          },
          {
            "squad_members": "dbttl_t2_spawn_01_17"
          },
          {
            "squad_members": "dbttl_t2_spawn_01_18"
          },
          {
            "squad_members": "dbttl_t2_spawn_01_19"
          },
          {
            "squad_members": "dbttl_t2_spawn_01_20"
          }
        ]
      }
    },
    {
      "area_squad": {
        "name": "dbttl_t2_spawn_02",
        "tm": [
          [-0.430188,0.0,0.90274],
          [0.0,1.0,0.0],
          [-0.90274,0.0,-0.430188],
          [3390.81,690.283,1571.86]
        ],
        "props": [
          {
            "squad_members": "dbttl_t2_spawn_02_01"
          },
          {
            "squad_members": "dbttl_t2_spawn_02_02"
          },
          {
            "squad_members": "dbttl_t2_spawn_02_03"
          },
          {
            "squad_members": "dbttl_t2_spawn_02_04"
          },
          {
            "squad_members": "dbttl_t2_spawn_02_05"
          },
          {
            "squad_members": "dbttl_t2_spawn_02_06"
          },
          {
            "squad_members": "dbttl_t2_spawn_02_07"
          },
          {
            "squad_members": "dbttl_t2_spawn_02_08"
          },
          {
            "squad_members": "dbttl_t2_spawn_02_09"
          },
          {
            "squad_members": "dbttl_t2_spawn_02_10"
          },
          {
            "squad_members": "dbttl_t2_spawn_02_11"
          },
          {
            "squad_members": "dbttl_t2_spawn_02_12"
          },
          {
            "squad_members": "dbttl_t2_spawn_02_13"
          },
          {
            "squad_members": "dbttl_t2_spawn_02_14"
          },
          {
            "squad_members": "dbttl_t2_spawn_02_15"
          },
          {
            "squad_members": "dbttl_t2_spawn_02_16"
          },
          {
            "squad_members": "dbttl_t2_spawn_02_17"
          },
          {
            "squad_members": "dbttl_t2_spawn_02_18"
          },
          {
            "squad_members": "dbttl_t2_spawn_02_19"
          },
          {
            "squad_members": "dbttl_t2_spawn_02_20"
          }
        ]
      }
    },
    {
      "objectGroups": {
        "name": "t1_trench01",
        "tm": [
          [-0.106869,0.0,-0.994273],
          [0.0,1.0,0.0],
          [0.994273,0.0,-0.106869],
          [463.655,19.905,1139.33]
        ],
        "unit_class": "rendinst_fortification_sand_trench_onground_a",
        "objLayer": 2,
        "props": {
          "army": 1,
          "active": true
        }
      }
    },
    {
      "objectGroups": {
        "name": "t1_trench02",
        "tm": [
          [0.023824,0.0,-0.999716],
          [0.0,1.0,0.0],
          [0.999716,0.0,0.023824],
          [2419.51,6.20245,1095.42]
        ],
        "unit_class": "rendinst_fortification_sand_trench_onground_a",
        "objLayer": 2,
        "props": {
          "army": 1,
          "active": true
        }
      }
    },
    {
      "objectGroups": {
        "name": "t1_trench03",
        "tm": [
          [-0.235734,0.0,-0.971818],
          [0.0,1.0,0.0],
          [0.971818,0.0,-0.235734],
          [2062.76,23.8382,972.8]
        ],
        "unit_class": "rendinst_fortification_sand_trench_onground_a",
        "objLayer": 2,
        "props": {
          "army": 1,
          "active": true
        }
      }
    },
    {
      "objectGroups": {
        "name": "t1_trench04",
        "tm": [
          [-0.235734,0.0,-0.971818],
          [0.0,1.0,0.0],
          [0.971818,0.0,-0.235734],
          [542.883,31.0509,1045.75]
        ],
        "unit_class": "rendinst_fortification_sand_trench_onground_a",
        "objLayer": 2,
        "props": {
          "army": 1,
          "active": true
        }
      }
    },
    {
      "objectGroups": {
        "name": "t1_trench05",
        "tm": [
          [0.364311,0.0,-0.931278],
          [0.0,1.0,0.0],
          [0.931278,0.0,0.364311],
          [2676.3,13.4,1101.05]
        ],
        "unit_class": "rendinst_fortification_sand_trench_onground_a",
        "objLayer": 2,
        "props": {
          "army": 1,
          "active": true
        }
      }
    },
    {
      "objectGroups": {
        "name": "t1_trench06",
        "tm": [
          [-0.235734,0.0,-0.971818],
          [0.0,1.0,0.0],
          [0.971818,0.0,-0.235734],
          [802.95,11.5309,1041.65]
        ],
        "unit_class": "rendinst_fortification_sand_trench_onground_a",
        "objLayer": 2,
        "props": {
          "army": 1,
          "active": true
        }
      }
    },
    {
      "objectGroups": {
        "name": "t1_trench07",
        "tm": [
          [0.154109,0.0,-0.988054],
          [0.0,1.0,0.0],
          [0.988054,0.0,0.154109],
          [1842.27,8.01392,1203.45]
        ],
        "unit_class": "rendinst_fortification_sand_trench_onground_a",
        "objLayer": 2,
        "props": {
          "army": 1,
          "active": true
        }
      }
    },
    {
      "objectGroups": {
        "name": "t1_trench08",
        "tm": [
          [-0.0633975,0.0,-0.997988],
          [0.0,1.0,0.0],
          [0.997988,0.0,-0.0633975],
          [1997.25,5.9881,1205.5]
        ],
        "unit_class": "rendinst_fortification_sand_trench_onground_a",
        "objLayer": 2,
        "props": {
          "army": 1,
          "active": true
        }
      }
    },
    {
      "objectGroups": {
        "name": "t1_trench09",
        "tm": [
          [0.0198056,0.0,0.999804],
          [0.0,1.0,0.0],
          [-0.999804,0.0,0.0198056],
          [886.55,33.3026,783.15]
        ],
        "unit_class": "rendinst_fortification_sandbags_onground_a",
        "objLayer": 2,
        "props": {
          "army": 1,
          "active": true
        }
      }
    },
    {
      "objectGroups": {
        "name": "t1_trench10",
        "tm": [
          [-0.154109,0.0,0.988054],
          [0.0,1.0,0.0],
          [-0.988054,0.0,-0.154109],
          [899.352,34.4065,784.59]
        ],
        "unit_class": "rendinst_fortification_sandbags_onground_a",
        "objLayer": 2,
        "props": {
          "army": 1,
          "active": true
        }
      }
    },
    {
      "objectGroups": {
        "name": "t2_trench01",
        "tm": [
          [0.895255,0.0,0.445554],
          [0.0,1.0,0.0],
          [-0.445554,0.0,0.895255],
          [2029.33,5.44415,3569.04]
        ],
        "unit_class": "rendinst_fortification_sand_trench_onground_a",
        "objLayer": 2,
        "props": {
          "army": 2,
          "active": true
        }
      }
    },
    {
      "objectGroups": {
        "name": "t2_trench02",
        "tm": [
          [-0.406079,0.0,0.913838],
          [0.0,1.0,0.0],
          [-0.913838,0.0,-0.406079],
          [944.85,13.577,2948.95]
        ],
        "unit_class": "rendinst_fortification_sand_trench_onground_a",
        "objLayer": 2,
        "props": {
          "army": 2,
          "active": true
        }
      }
    },
    {
      "objectGroups": {
        "name": "t2_trench03",
        "tm": [
          [0.20251,0.0,0.97928],
          [0.0,1.0,0.0],
          [-0.97928,0.0,0.20251],
          [2194.0,26.6148,3124.1]
        ],
        "unit_class": "rendinst_fortification_sand_trench_onground_a",
        "objLayer": 2,
        "props": {
          "army": 2,
          "active": true
        }
      }
    },
    {
      "objectGroups": {
        "name": "t2_trench04",
        "tm": [
          [0.272553,0.0,-0.962141],
          [0.0,1.0,0.0],
          [0.962141,0.0,0.272553],
          [1396.61,8.04258,3101.45]
        ],
        "unit_class": "rendinst_fortification_sandbags_onground_a",
        "objLayer": 2,
        "props": {
          "army": 2,
          "active": true
        }
      }
    },
    {
      "objectGroups": {
        "name": "t2_trench05",
        "tm": [
          [0.328599,0.0,0.944469],
          [0.0,1.0,0.0],
          [-0.944469,0.0,0.328599],
          [2278.87,9.6915,2808.0]
        ],
        "unit_class": "rendinst_fortification_sand_trench_onground_a",
        "objLayer": 2,
        "props": {
          "army": 2,
          "active": true
        }
      }
    },
    {
      "objectGroups": {
        "name": "t2_trench06",
        "tm": [
          [0.126839,0.0,0.991923],
          [0.0,1.0,0.0],
          [-0.991923,0.0,0.126839],
          [1315.57,19.4808,3070.93]
        ],
        "unit_class": "rendinst_fortification_sand_trench_onground_a",
        "objLayer": 2,
        "props": {
          "army": 2,
          "active": true
        }
      }
    },
    {
      "objectGroups": {
        "name": "t2_trench07",
        "tm": [
          [-0.861304,0.0,-0.508092],
          [0.0,1.0,0.0],
          [0.508092,0.0,-0.861304],
          [868.178,46.1531,3101.99]
        ],
        "unit_class": "rendinst_fortification_sand_trench_onground_a",
        "objLayer": 2,
        "props": {
          "army": 2,
          "active": true
        }
      }
    },
    {
      "objectGroups": {
        "name": "t2_trench08",
        "tm": [
          [-0.0389689,0.0,0.999241],
          [0.0,1.0,0.0],
          [-0.999241,0.0,-0.0389689],
          [1385.37,9.03538,2991.96]
        ],
        "unit_class": "rendinst_fortification_sand_trench_onground_a",
        "objLayer": 2,
        "props": {
          "army": 2,
          "active": true
        }
      }
    },
    {
      "objectGroups": {
        "name": "t2_trench09",
        "tm": [
          [-0.263312,0.0,-0.964711],
          [0.0,1.0,0.0],
          [0.964711,0.0,-0.263312],
          [1150.4,25.9515,3164.51]
        ],
        "unit_class": "rendinst_fortification_sandbags_onground_a",
        "objLayer": 2,
        "props": {
          "army": 2,
          "active": true
        }
      }
    },
    {
      "objectGroups": {
        "name": "t2_trench10",
        "tm": [
          [-0.487889,0.0,-0.872906],
          [0.0,1.0,0.0],
          [0.872906,0.0,-0.487889],
          [2007.62,10.2703,2793.16]
        ],
        "unit_class": "rendinst_fortification_sandbags_onground_a",
        "objLayer": 2,
        "props": {
          "army": 2,
          "active": true
        }
      }
    },
    {
      "squad": {
        "name": "t1_trench_sq",
        "tm": [
          [1.0,0.0,0.0],
          [0.0,1.0,0.0],
          [0.0,0.0,1.0],
          [3111.04,314.089,467.57]
        ],
        "props": [
          {
            "object_marking": 0
          },
          {
            "squad_members": "t1_trench01"
          },
          {
            "squad_members": "t1_trench02"
          },
          {
            "squad_members": "t1_trench03"
          },
          {
            "squad_members": "t1_trench04"
          },
          {
            "squad_members": "t1_trench05"
          },
          {
            "squad_members": "t1_trench06"
          },
          {
            "squad_members": "t1_trench07"
          },
          {
            "squad_members": "t1_trench08"
          },
          {
            "squad_members": "t1_trench09"
          },
          {
            "squad_members": "t1_trench10"
          }
        ]
      }
    },
    {
      "squad": {
        "name": "t2_trench_sq",
        "tm": [
          [1.0,0.0,0.0],
          [0.0,1.0,0.0],
          [0.0,0.0,1.0],
          [2956.54,695.993,1829.83]
        ],
        "props": [
          {
            "object_marking": 0
          },
          {
            "squad_members": "t2_trench01"
          },
          {
            "squad_members": "t2_trench02"
          },
          {
            "squad_members": "t2_trench03"
          },
          {
            "squad_members": "t2_trench04"
          },
          {
            "squad_members": "t2_trench05"
          },
          {
            "squad_members": "t2_trench06"
          },
          {
            "squad_members": "t2_trench07"
          },
          {
            "squad_members": "t2_trench08"
          },
          {
            "squad_members": "t2_trench09"
          },
          {
            "squad_members": "t2_trench10"
          },
          {
            "squad_members": "t2_trench11"
          },
          {
            "squad_members": "t2_trench12"
          },
          {
            "squad_members": "t2_trench13"
          },
          {
            "squad_members": "t2_trench14"
          },
          {
            "squad_members": "t2_trench15"
          },
          {
            "squad_members": "t2_trench16"
          },
          {
            "squad_members": "t2_trench17"
          },
          {
            "squad_members": "t2_trench18"
          },
          {
            "squad_members": "t2_trench19"
          },
          {
            "squad_members": "t2_trench20"
          }
        ]
      }
    },
    {
      "tankModels": {
        "name": "t1_antiTankGun01",
        "tm": [
          [0.165388,0.0,0.986229],
          [0.0,1.0,0.0],
          [-0.986229,0.0,0.165388],
          [473.65,20.7006,1135.0]
        ],
        "unit_class": "germ_at_gun_pak38",
        "objLayer": 1,
        "closed_waypoints": false,
        "isShipSpline": false,
        "shipTurnRadius": 100.0,
        "weapons": "",
        "bullets0": "",
        "bullets1": "",
        "bullets2": "",
        "bullets3": "",
        "bulletsCount0": 0,
        "bulletsCount1": 0,
        "bulletsCount2": 0,
        "bulletsCount3": 0,
        "props": {
          "army": 1,
          "count": 1,
          "formation_type": "rows",
          "formation_div": 3,
          "formation_step": [2.5,2.0],
          "formation_noise": [0.1,0.1],
          "uniqueName": "",
          "attack_type": "fire_at_will",
          "targetableByAi": false,
          "unitReplacementType": "antiTankGun"
        },
        "way": []
      }
    },
    {
      "tankModels": {
        "name": "t1_antiTankGun02",
        "tm": [
          [0.00757354,0.0,0.999971],
          [0.0,1.0,0.0],
          [-0.999971,0.0,0.00757354],
          [487.434,22.0432,1132.88]
        ],
        "unit_class": "germ_at_gun_pak38",
        "objLayer": 1,
        "closed_waypoints": false,
        "isShipSpline": false,
        "shipTurnRadius": 100.0,
        "weapons": "",
        "bullets0": "",
        "bullets1": "",
        "bullets2": "",
        "bullets3": "",
        "bulletsCount0": 0,
        "bulletsCount1": 0,
        "bulletsCount2": 0,
        "bulletsCount3": 0,
        "props": {
          "army": 1,
          "count": 1,
          "formation_type": "rows",
          "formation_div": 3,
          "formation_step": [2.5,2.0],
          "formation_noise": [0.1,0.1],
          "uniqueName": "",
          "attack_type": "fire_at_will",
          "targetableByAi": false,
          "unitReplacementType": "antiTankGun"
        },
        "way": []
      }
    },
    {
      "tankModels": {
        "name": "t1_antiTankGun03",
        "tm": [
          [-0.0360518,0.0,0.99935],
          [0.0,1.0,0.0],
          [-0.99935,0.0,-0.0360518],
          [825.41,10.5528,1038.66]
        ],
        "unit_class": "germ_at_gun_pak38",
        "objLayer": 1,
        "closed_waypoints": false,
        "isShipSpline": false,
        "shipTurnRadius": 100.0,
        "weapons": "",
        "bullets0": "",
        "bullets1": "",
        "bullets2": "",
        "bullets3": "",
        "bulletsCount0": 0,
        "bulletsCount1": 0,
        "bulletsCount2": 0,
        "bulletsCount3": 0,
        "props": {
          "army": 1,
          "count": 1,
          "formation_type": "rows",
          "formation_div": 3,
          "formation_step": [2.5,2.0],
          "formation_noise": [0.1,0.1],
          "uniqueName": "",
          "attack_type": "fire_at_will",
          "targetableByAi": false,
          "unitReplacementType": "antiTankGun"
        },
        "way": []
      }
    },
    {
      "tankModels": {
        "name": "t1_antiTankGun04",
        "tm": [
          [0.0986528,0.0,0.995122],
          [0.0,1.0,0.0],
          [-0.995122,0.0,0.0986528],
          [813.65,11.0165,1037.16]
        ],
        "unit_class": "germ_at_gun_pak38",
        "objLayer": 1,
        "closed_waypoints": false,
        "isShipSpline": false,
        "shipTurnRadius": 100.0,
        "weapons": "",
        "bullets0": "",
        "bullets1": "",
        "bullets2": "",
        "bullets3": "",
        "bulletsCount0": 0,
        "bulletsCount1": 0,
        "bulletsCount2": 0,
        "bulletsCount3": 0,
        "props": {
          "army": 1,
          "count": 1,
          "formation_type": "rows",
          "formation_div": 3,
          "formation_step": [2.5,2.0],
          "formation_noise": [0.1,0.1],
          "uniqueName": "",
          "attack_type": "fire_at_will",
          "targetableByAi": false,
          "unitReplacementType": "antiTankGun"
        },
        "way": []
      }
    },
    {
      "tankModels": {
        "name": "t1_antiTankGun05",
        "tm": [
          [-0.157684,0.0,0.987489],
          [0.0,1.0,0.0],
          [-0.987489,0.0,-0.157684],
          [1853.6,8.03412,1202.23]
        ],
        "unit_class": "germ_at_gun_pak38",
        "objLayer": 1,
        "closed_waypoints": false,
        "isShipSpline": false,
        "shipTurnRadius": 100.0,
        "weapons": "",
        "bullets0": "",
        "bullets1": "",
        "bullets2": "",
        "bullets3": "",
        "bulletsCount0": 0,
        "bulletsCount1": 0,
        "bulletsCount2": 0,
        "bulletsCount3": 0,
        "props": {
          "army": 1,
          "count": 1,
          "formation_type": "rows",
          "formation_div": 3,
          "formation_step": [2.5,2.0],
          "formation_noise": [0.1,0.1],
          "uniqueName": "",
          "attack_type": "fire_at_will",
          "targetableByAi": false,
          "unitReplacementType": "antiTankGun"
        },
        "way": []
      }
    },
    {
      "tankModels": {
        "name": "t1_antiTankGun06",
        "tm": [
          [-0.0360517,0.0,0.99935],
          [0.0,1.0,0.0],
          [-0.99935,0.0,-0.0360517],
          [1864.27,8.00655,1203.58]
        ],
        "unit_class": "germ_at_gun_pak38",
        "objLayer": 1,
        "closed_waypoints": false,
        "isShipSpline": false,
        "shipTurnRadius": 100.0,
        "weapons": "",
        "bullets0": "",
        "bullets1": "",
        "bullets2": "",
        "bullets3": "",
        "bulletsCount0": 0,
        "bulletsCount1": 0,
        "bulletsCount2": 0,
        "bulletsCount3": 0,
        "props": {
          "army": 1,
          "count": 1,
          "formation_type": "rows",
          "formation_div": 3,
          "formation_step": [2.5,2.0],
          "formation_noise": [0.1,0.1],
          "uniqueName": "",
          "attack_type": "fire_at_will",
          "targetableByAi": false,
          "unitReplacementType": "antiTankGun"
        },
        "way": []
      }
    },
    {
      "tankModels": {
        "name": "t1_antiTankGun07",
        "tm": [
          [-0.166185,0.0,0.986095],
          [0.0,1.0,0.0],
          [-0.986095,0.0,-0.166185],
          [2012.53,5.96759,1207.53]
        ],
        "unit_class": "germ_at_gun_pak38",
        "objLayer": 1,
        "closed_waypoints": false,
        "isShipSpline": false,
        "shipTurnRadius": 100.0,
        "weapons": "",
        "bullets0": "",
        "bullets1": "",
        "bullets2": "",
        "bullets3": "",
        "bulletsCount0": 0,
        "bulletsCount1": 0,
        "bulletsCount2": 0,
        "bulletsCount3": 0,
        "props": {
          "army": 1,
          "count": 1,
          "formation_type": "rows",
          "formation_div": 3,
          "formation_step": [2.5,2.0],
          "formation_noise": [0.1,0.1],
          "uniqueName": "",
          "attack_type": "fire_at_will",
          "targetableByAi": false,
          "unitReplacementType": "antiTankGun"
        },
        "way": []
      }
    },
    {
      "tankModels": {
        "name": "t1_antiTankGun08",
        "tm": [
          [-0.157684,0.0,0.987489],
          [0.0,1.0,0.0],
          [-0.987489,0.0,-0.157684],
          [1875.17,8.05995,1197.77]
        ],
        "unit_class": "germ_at_gun_pak38",
        "objLayer": 1,
        "closed_waypoints": false,
        "isShipSpline": false,
        "shipTurnRadius": 100.0,
        "weapons": "",
        "bullets0": "",
        "bullets1": "",
        "bullets2": "",
        "bullets3": "",
        "bulletsCount0": 0,
        "bulletsCount1": 0,
        "bulletsCount2": 0,
        "bulletsCount3": 0,
        "props": {
          "army": 1,
          "count": 1,
          "formation_type": "rows",
          "formation_div": 3,
          "formation_step": [2.5,2.0],
          "formation_noise": [0.1,0.1],
          "uniqueName": "",
          "attack_type": "fire_at_will",
          "targetableByAi": false,
          "unitReplacementType": "antiTankGun"
        },
        "way": []
      }
    },
    {
      "tankModels": {
        "name": "t1_antiTankGun09",
        "tm": [
          [-0.0274417,0.0,0.999623],
          [0.0,1.0,0.0],
          [-0.999623,0.0,-0.0274417],
          [886.589,33.2141,781.54]
        ],
        "unit_class": "germ_at_gun_pak38",
        "objLayer": 1,
        "closed_waypoints": false,
        "isShipSpline": false,
        "shipTurnRadius": 100.0,
        "weapons": "",
        "bullets0": "",
        "bullets1": "",
        "bullets2": "",
        "bullets3": "",
        "bulletsCount0": 0,
        "bulletsCount1": 0,
        "bulletsCount2": 0,
        "bulletsCount3": 0,
        "props": {
          "army": 1,
          "count": 1,
          "formation_type": "rows",
          "formation_div": 3,
          "formation_step": [2.5,2.0],
          "formation_noise": [0.1,0.1],
          "uniqueName": "",
          "attack_type": "fire_at_will",
          "targetableByAi": false,
          "unitReplacementType": "antiTankGun"
        },
        "way": []
      }
    },
    {
      "tankModels": {
        "name": "t1_antiTankGun10",
        "tm": [
          [-0.630303,0.0,0.776349],
          [0.0,1.0,0.0],
          [-0.776349,0.0,-0.630303],
          [2723.54,9.35429,1112.62]
        ],
        "unit_class": "germ_at_gun_pak38",
        "objLayer": 1,
        "closed_waypoints": false,
        "isShipSpline": false,
        "shipTurnRadius": 100.0,
        "weapons": "",
        "bullets0": "",
        "bullets1": "",
        "bullets2": "",
        "bullets3": "",
        "bulletsCount0": 0,
        "bulletsCount1": 0,
        "bulletsCount2": 0,
        "bulletsCount3": 0,
        "props": {
          "army": 1,
          "count": 1,
          "formation_type": "rows",
          "formation_div": 3,
          "formation_step": [2.5,2.0],
          "formation_noise": [0.1,0.1],
          "uniqueName": "",
          "attack_type": "fire_at_will",
          "targetableByAi": false,
          "unitReplacementType": "antiTankGun"
        },
        "way": []
      }
    },
    {
      "tankModels": {
        "name": "t1_antiTankGun11",
        "tm": [
          [-0.157684,0.0,0.987489],
          [0.0,1.0,0.0],
          [-0.987489,0.0,-0.157684],
          [899.965,34.2555,781.31]
        ],
        "unit_class": "germ_at_gun_pak38",
        "objLayer": 1,
        "closed_waypoints": false,
        "isShipSpline": false,
        "shipTurnRadius": 100.0,
        "weapons": "",
        "bullets0": "",
        "bullets1": "",
        "bullets2": "",
        "bullets3": "",
        "bulletsCount0": 0,
        "bulletsCount1": 0,
        "bulletsCount2": 0,
        "bulletsCount3": 0,
        "props": {
          "army": 1,
          "count": 1,
          "formation_type": "rows",
          "formation_div": 3,
          "formation_step": [2.5,2.0],
          "formation_noise": [0.1,0.1],
          "uniqueName": "",
          "attack_type": "fire_at_will",
          "targetableByAi": false,
          "unitReplacementType": "antiTankGun"
        },
        "way": []
      }
    },
    {
      "tankModels": {
        "name": "t1_antiTankGun12",
        "tm": [
          [-0.326764,0.0,0.945105],
          [0.0,1.0,0.0],
          [-0.945105,0.0,-0.326764],
          [2757.99,6.52834,1120.28]
        ],
        "unit_class": "germ_at_gun_pak38",
        "objLayer": 1,
        "closed_waypoints": false,
        "isShipSpline": false,
        "shipTurnRadius": 100.0,
        "weapons": "",
        "bullets0": "",
        "bullets1": "",
        "bullets2": "",
        "bullets3": "",
        "bulletsCount0": 0,
        "bulletsCount1": 0,
        "bulletsCount2": 0,
        "bulletsCount3": 0,
        "props": {
          "army": 1,
          "count": 1,
          "formation_type": "rows",
          "formation_div": 3,
          "formation_step": [2.5,2.0],
          "formation_noise": [0.1,0.1],
          "uniqueName": "",
          "attack_type": "fire_at_will",
          "targetableByAi": false,
          "unitReplacementType": "antiTankGun"
        },
        "way": []
      }
    },
    {
      "tankModels": {
        "name": "t1_antiTankGun13",
        "tm": [
          [0.212213,0.0,0.977224],
          [0.0,1.0,0.0],
          [-0.977224,0.0,0.212213],
          [2073.05,23.3164,968.554]
        ],
        "unit_class": "germ_at_gun_pak38",
        "objLayer": 1,
        "closed_waypoints": false,
        "isShipSpline": false,
        "shipTurnRadius": 100.0,
        "weapons": "",
        "bullets0": "",
        "bullets1": "",
        "bullets2": "",
        "bullets3": "",
        "bulletsCount0": 0,
        "bulletsCount1": 0,
        "bulletsCount2": 0,
        "bulletsCount3": 0,
        "props": {
          "army": 1,
          "count": 1,
          "formation_type": "rows",
          "formation_div": 3,
          "formation_step": [2.5,2.0],
          "formation_noise": [0.1,0.1],
          "uniqueName": "",
          "attack_type": "fire_at_will",
          "targetableByAi": false,
          "unitReplacementType": "antiTankGun"
        },
        "way": []
      }
    },
    {
      "tankModels": {
        "name": "t1_antiTankGun14",
        "tm": [
          [-0.210273,0.0,0.977643],
          [0.0,1.0,0.0],
          [-0.977643,0.0,-0.210273],
          [2456.01,9.52385,1097.43]
        ],
        "unit_class": "germ_at_gun_pak38",
        "objLayer": 1,
        "closed_waypoints": false,
        "isShipSpline": false,
        "shipTurnRadius": 100.0,
        "weapons": "",
        "bullets0": "",
        "bullets1": "",
        "bullets2": "",
        "bullets3": "",
        "bulletsCount0": 0,
        "bulletsCount1": 0,
        "bulletsCount2": 0,
        "bulletsCount3": 0,
        "props": {
          "army": 1,
          "count": 1,
          "formation_type": "rows",
          "formation_div": 3,
          "formation_step": [2.5,2.0],
          "formation_noise": [0.1,0.1],
          "uniqueName": "",
          "attack_type": "fire_at_will",
          "targetableByAi": false,
          "unitReplacementType": "antiTankGun"
        },
        "way": []
      }
    },
    {
      "tankModels": {
        "name": "t1_antiTankGun15",
        "tm": [
          [-0.293474,0.0,0.955967],
          [0.0,1.0,0.0],
          [-0.955967,0.0,-0.293474],
          [2023.46,5.96027,1204.25]
        ],
        "unit_class": "germ_at_gun_pak38",
        "objLayer": 1,
        "closed_waypoints": false,
        "isShipSpline": false,
        "shipTurnRadius": 100.0,
        "weapons": "",
        "bullets0": "",
        "bullets1": "",
        "bullets2": "",
        "bullets3": "",
        "bulletsCount0": 0,
        "bulletsCount1": 0,
        "bulletsCount2": 0,
        "bulletsCount3": 0,
        "props": {
          "army": 1,
          "count": 1,
          "formation_type": "rows",
          "formation_div": 3,
          "formation_step": [2.5,2.0],
          "formation_noise": [0.1,0.1],
          "uniqueName": "",
          "attack_type": "fire_at_will",
          "targetableByAi": false,
          "unitReplacementType": "antiTankGun"
        },
        "way": []
      }
    },
    {
      "tankModels": {
        "name": "t1_antiTankGun16",
        "tm": [
          [-0.669987,0.0,0.742373],
          [0.0,1.0,0.0],
          [-0.742373,0.0,-0.669987],
          [2704.39,10.6487,1102.23]
        ],
        "unit_class": "germ_at_gun_pak38",
        "objLayer": 1,
        "closed_waypoints": false,
        "isShipSpline": false,
        "shipTurnRadius": 100.0,
        "weapons": "",
        "bullets0": "",
        "bullets1": "",
        "bullets2": "",
        "bullets3": "",
        "bulletsCount0": 0,
        "bulletsCount1": 0,
        "bulletsCount2": 0,
        "bulletsCount3": 0,
        "props": {
          "army": 1,
          "count": 1,
          "formation_type": "rows",
          "formation_div": 3,
          "formation_step": [2.5,2.0],
          "formation_noise": [0.1,0.1],
          "uniqueName": "",
          "attack_type": "fire_at_will",
          "targetableByAi": false,
          "unitReplacementType": "antiTankGun"
        },
        "way": []
      }
    },
    {
      "tankModels": {
        "name": "t1_antiTankGun17",
        "tm": [
          [-0.123014,0.0,0.992405],
          [0.0,1.0,0.0],
          [-0.992405,0.0,-0.123014],
          [2687.41,12.2929,1100.6]
        ],
        "unit_class": "germ_at_gun_pak38",
        "objLayer": 1,
        "closed_waypoints": false,
        "isShipSpline": false,
        "shipTurnRadius": 100.0,
        "weapons": "",
        "bullets0": "",
        "bullets1": "",
        "bullets2": "",
        "bullets3": "",
        "bulletsCount0": 0,
        "bulletsCount1": 0,
        "bulletsCount2": 0,
        "bulletsCount3": 0,
        "props": {
          "army": 1,
          "count": 1,
          "formation_type": "rows",
          "formation_div": 3,
          "formation_step": [2.5,2.0],
          "formation_noise": [0.1,0.1],
          "uniqueName": "",
          "attack_type": "fire_at_will",
          "targetableByAi": false,
          "unitReplacementType": "antiTankGun"
        },
        "way": []
      }
    },
    {
      "tankModels": {
        "name": "t1_antiTankGun18",
        "tm": [
          [-0.293474,0.0,0.955967],
          [0.0,1.0,0.0],
          [-0.955967,0.0,-0.293474],
          [2049.94,28.2796,846.91]
        ],
        "unit_class": "germ_at_gun_pak38",
        "objLayer": 1,
        "closed_waypoints": false,
        "isShipSpline": false,
        "shipTurnRadius": 100.0,
        "weapons": "",
        "bullets0": "",
        "bullets1": "",
        "bullets2": "",
        "bullets3": "",
        "bulletsCount0": 0,
        "bulletsCount1": 0,
        "bulletsCount2": 0,
        "bulletsCount3": 0,
        "props": {
          "army": 1,
          "count": 1,
          "formation_type": "rows",
          "formation_div": 3,
          "formation_step": [2.5,2.0],
          "formation_noise": [0.1,0.1],
          "uniqueName": "",
          "attack_type": "fire_at_will",
          "targetableByAi": false,
          "unitReplacementType": "antiTankGun"
        },
        "way": []
      }
    },
    {
      "tankModels": {
        "name": "t1_antiTankGun19",
        "tm": [
          [0.252938,0.0,0.967483],
          [0.0,1.0,0.0],
          [-0.967483,0.0,0.252938],
          [553.621,32.5438,1041.12]
        ],
        "unit_class": "germ_at_gun_pak38",
        "objLayer": 1,
        "closed_waypoints": false,
        "isShipSpline": false,
        "shipTurnRadius": 100.0,
        "weapons": "",
        "bullets0": "",
        "bullets1": "",
        "bullets2": "",
        "bullets3": "",
        "bulletsCount0": 0,
        "bulletsCount1": 0,
        "bulletsCount2": 0,
        "bulletsCount3": 0,
        "props": {
          "army": 1,
          "count": 1,
          "formation_type": "rows",
          "formation_div": 3,
          "formation_step": [2.5,2.0],
          "formation_noise": [0.1,0.1],
          "uniqueName": "",
          "attack_type": "fire_at_will",
          "targetableByAi": false,
          "unitReplacementType": "antiTankGun"
        },
        "way": []
      }
    },
    {
      "tankModels": {
        "name": "t1_antiTankGun20",
        "tm": [
          [-0.052775,0.0,0.998607],
          [0.0,1.0,0.0],
          [-0.998607,0.0,-0.052775],
          [2430.65,6.64798,1093.01]
        ],
        "unit_class": "germ_at_gun_pak38",
        "objLayer": 1,
        "closed_waypoints": false,
        "isShipSpline": false,
        "shipTurnRadius": 100.0,
        "weapons": "",
        "bullets0": "",
        "bullets1": "",
        "bullets2": "",
        "bullets3": "",
        "bulletsCount0": 0,
        "bulletsCount1": 0,
        "bulletsCount2": 0,
        "bulletsCount3": 0,
        "props": {
          "army": 1,
          "count": 1,
