{
  "selected_tag": "",
  "bin_dump_file": "",
  "mission_settings": {
    "player": {
      "army": 1,
      "wing": "bdt_armada"
    },
    "player_teamB": {
      "army": 2
    },
    "mission": {
      "level": "levels/air_vietnam.bin",
      "type": "singleMission",
      "environment": "Day",
      "weather": "hazy",
      "restoreType": "attempts",
      "optionalTakeOff": true
    },
    "spectator_points": {}
  },
  "imports": {
    "import_record": [
      {
        "file": "gameData/missions/templates/enduring_confrontation/bdt_bases_destroy_template.blk",
        "importAreas": true,
        "importUnits": true,
        "importTriggers": true,
        "importMissionObjectives": true,
        "importWayPoints": true,
        "showAreas": true,
        "showUnits": true,
        "showTriggers": true,
        "showMissionObjectives": true,
        "showWayPoints": true,
        "excludes": {}
      },
      {
        "file": "gameData/missions/templates/units_sets/land_sets_aaa_bases/bdt_t1_ussr_rank_01.blk",
        "rankRange": [
          0,
          3
        ],
        "importAreas": true,
        "importUnits": true,
        "importTriggers": true,
        "importMissionObjectives": true,
        "importWayPoints": true,
        "showAreas": true,
        "showUnits": true,
        "showTriggers": true,
        "showMissionObjectives": true,
        "showWayPoints": true,
        "excludes": {}
      },
      {
        "file": "gameData/missions/templates/units_sets/land_sets_aaa_bases/bdt_t1_ussr_rank_02.blk",
        "rankRange": [
          4,
          7
        ],
        "importAreas": true,
        "importUnits": true,
        "importTriggers": true,
        "importMissionObjectives": true,
        "importWayPoints": true,
        "showAreas": true,
        "showUnits": true,
        "showTriggers": true,
        "showMissionObjectives": true,
        "showWayPoints": true,
        "excludes": {}
      },
      {
        "file": "gameData/missions/templates/units_sets/land_sets_aaa_bases/bdt_t1_ussr_rank_03.blk",
        "rankRange": [
          8,
          11
        ],
        "importAreas": true,
        "importUnits": true,
        "importTriggers": true,
        "importMissionObjectives": true,
        "importWayPoints": true,
        "showAreas": true,
        "showUnits": true,
        "showTriggers": true,
        "showMissionObjectives": true,
        "showWayPoints": true,
        "excludes": {}
      },
      {
        "file": "gameData/missions/templates/units_sets/land_sets_aaa_bases/bdt_t1_ussr_rank_04.blk",
        "rankRange": [
          12,
          16
        ],
        "importAreas": true,
        "importUnits": true,
        "importTriggers": true,
        "importMissionObjectives": true,
        "importWayPoints": true,
        "showAreas": true,
        "showUnits": true,
        "showTriggers": true,
        "showMissionObjectives": true,
        "showWayPoints": true,
        "excludes": {}
      },
      {
        "file": "gameData/missions/templates/units_sets/land_sets_aaa_bases/bdt_t1_ussr_rank_05.blk",
        "rankRange": [
          17,
          20
        ],
        "importAreas": true,
        "importUnits": true,
        "importTriggers": true,
        "importMissionObjectives": true,
        "importWayPoints": true,
        "showAreas": true,
        "showUnits": true,
        "showTriggers": true,
        "showMissionObjectives": true,
        "showWayPoints": true,
        "excludes": {}
      },
      {
        "file": "gameData/missions/templates/units_sets/land_sets_aaa_bases/bdt_t1_ussr_rank_06.blk",
        "rankRange": [
          21,
          50
        ],
        "importAreas": true,
        "importUnits": true,
        "importTriggers": true,
        "importMissionObjectives": true,
        "importWayPoints": true,
        "showAreas": true,
        "showUnits": true,
        "showTriggers": true,
        "showMissionObjectives": true,
        "showWayPoints": true,
        "excludes": {}
      },
      {
        "file": "gameData/missions/templates/units_sets/land_sets_aaa_bases/bdt_t2_usa_rank_01.blk",
        "rankRange": [
          0,
          3
        ],
        "importAreas": true,
        "importUnits": true,
        "importTriggers": true,
        "importMissionObjectives": true,
        "importWayPoints": true,
        "showAreas": true,
        "showUnits": true,
        "showTriggers": true,
        "showMissionObjectives": true,
        "showWayPoints": true,
        "excludes": {}
      },
      {
        "file": "gameData/missions/templates/units_sets/land_sets_aaa_bases/bdt_t2_usa_rank_02.blk",
        "rankRange": [
          4,
          7
        ],
        "importAreas": true,
        "importUnits": true,
        "importTriggers": true,
        "importMissionObjectives": true,
        "importWayPoints": true,
        "showAreas": true,
        "showUnits": true,
        "showTriggers": true,
        "showMissionObjectives": true,
        "showWayPoints": true,
        "excludes": {}
      },
      {
        "file": "gameData/missions/templates/units_sets/land_sets_aaa_bases/bdt_t2_usa_rank_03.blk",
        "rankRange": [
          8,
          11
        ],
        "importAreas": true,
        "importUnits": true,
        "importTriggers": true,
        "importMissionObjectives": true,
        "importWayPoints": true,
        "showAreas": true,
        "showUnits": true,
        "showTriggers": true,
        "showMissionObjectives": true,
        "showWayPoints": true,
        "excludes": {}
      },
      {
        "file": "gameData/missions/templates/units_sets/land_sets_aaa_bases/bdt_t2_usa_rank_04.blk",
        "rankRange": [
          12,
          16
        ],
        "importAreas": true,
        "importUnits": true,
        "importTriggers": true,
        "importMissionObjectives": true,
        "importWayPoints": true,
        "showAreas": true,
        "showUnits": true,
        "showTriggers": true,
        "showMissionObjectives": true,
        "showWayPoints": true,
        "excludes": {}
      },
      {
        "file": "gameData/missions/templates/units_sets/land_sets_aaa_bases/bdt_t2_usa_rank_05.blk",
        "rankRange": [
          17,
          20
        ],
        "importAreas": true,
        "importUnits": true,
        "importTriggers": true,
        "importMissionObjectives": true,
        "importWayPoints": true,
        "showAreas": true,
        "showUnits": true,
        "showTriggers": true,
        "showMissionObjectives": true,
        "showWayPoints": true,
        "excludes": {}
      },
      {
        "file": "gameData/missions/templates/units_sets/land_sets_aaa_bases/bdt_t2_usa_rank_06.blk",
        "rankRange": [
          21,
          50
        ],
        "importAreas": true,
        "importUnits": true,
        "importTriggers": true,
        "importMissionObjectives": true,
        "importWayPoints": true,
        "showAreas": true,
        "showUnits": true,
        "showTriggers": true,
        "showMissionObjectives": true,
        "showWayPoints": true,
        "excludes": {}
      }
    ]
  },
  "triggers": {
    "isCategory": true,
    "is_enabled": true,
    "bdt_part_init": {
      "is_enabled": true,
      "comments": "",
      "props": {
        "actionsType": "PERFORM_ONE_BY_ONE",
        "conditionsType": "ALL",
        "enableAfterComplete": false
      },
      "events": {
        "initMission": {}
      },
      "conditions": {},
      "actions": {
        "comment": [
          {
            "value": "set max bases amount +1"
          },
          {
            "value": "enable self restarting for template"
          },
          {
            "value": "increase one-moment bases amount"
          },
          {
            "value": "set min distance between bases"
          }
        ],
        "varSetInt": [
          {
            "value": 21,
            "var": "bdt_t1_total_bases_max_count"
          },
          {
            "value": 21,
            "var": "bdt_t2_total_bases_max_count"
          },
          {
            "value": 5,
            "var": [
              "bdt_t1_active_bases_max_count",
              "bdt_t2_active_bases_max_count"
            ]
          }
        ],
        "varSetBool": {
          "value": true,
          "var": "bdt_self_restart"
        },
        "varSetReal": {
          "value": 15000.0,
          "var": [
            "bdt_t1_min_zone_distance",
            "bdt_t2_min_zone_distance"
          ]
        }
      },
      "else_actions": {}
    }
  },
  "mission_objectives": {
    "isCategory": true,
    "is_enabled": true
  },
  "variables": {},
  "dialogs": {},
  "airfields": {},
  "effects": {},
  "units": {
    "objectGroups": [
      {
        "name": "bdt_t1_bomb_object_01",
        "tm": [
          [
            -0.992548,
            0.0,
            0.121857
          ],
          [
            0.0,
            1.0,
            0.0
          ],
          [
            -0.121857,
            0.0,
            -0.992548
          ],
          [
            1653.2,
            139.774,
            17403.0
          ]
        ],
        "unit_class": "dynBase_small_factory_square",
        "objLayer": 2,
        "props": {
          "army": 1,
          "active": false
        }
      },
      {
        "name": "bdt_t1_bomb_object_02",
        "tm": [
          [
            -0.965927,
            0.0,
            0.258819
          ],
          [
            0.0,
            1.0,
            0.0
          ],
          [
            -0.258819,
            0.0,
            -0.965927
          ],
          [
            23326.6,
            407.268,
            11687.5
          ]
        ],
        "unit_class": "dynBase_hq_camp_square",
        "objLayer": 2,
        "props": {
          "army": 1,
          "active": false
        }
      },
      {
        "name": "bdt_t1_bomb_object_03",
        "tm": [
          [
            -0.642788,
            0.0,
            0.766044
          ],
          [
            0.0,
            1.0,
            0.0
          ],
          [
            -0.766044,
            0.0,
            -0.642788
          ],
          [
            12099.0,
            399.321,
            22919.7
          ]
        ],
        "unit_class": "dynBase_petrol_camp_square",
        "objLayer": 2,
        "props": {
          "army": 1,
          "active": false
        }
      },
      {
        "name": "bdt_t1_bomb_object_04",
        "tm": [
          [
            -0.939693,
            0.0,
            0.342021
          ],
          [
            0.0,
            1.0,
            0.0
          ],
          [
            -0.342021,
            0.0,
            -0.939693
          ],
          [
            33193.6,
            537.674,
            21346.1
          ]
        ],
        "unit_class": "dynBase_field_camp_square",
        "objLayer": 2,
        "props": {
          "army": 1,
          "active": false
        }
      },
      {
        "name": "bdt_t1_bomb_object_05",
        "tm": [
          [
            -0.0871553,
            0.0,
            0.996194
          ],
          [
            0.0,
            1.0,
            0.0
          ],
          [
            -0.996194,
            0.0,
            -0.0871553
          ],
          [
            1192.51,
            434.91,
            6907.65
          ]
        ],
        "unit_class": "dynBase_military_base_square",
        "objLayer": 2,
        "props": {
          "army": 1,
          "active": false
        }
      },
      {
        "name": "bdt_t1_bomb_object_06",
        "tm": [
          [
            -0.999049,
            0.0,
            -0.043619
          ],
          [
            0.0,
            1.0,
            0.0
          ],
          [
            0.043619,
            0.0,
            -0.999049
          ],
          [
            -19209.2,
            485.565,
            7327.93
          ]
        ],
        "unit_class": "dynBase_oil_storage_large_square",
        "objLayer": 2,
        "props": {
          "army": 1,
          "active": false
        }
      },
      {
        "name": "bdt_t1_bomb_object_07",
        "tm": [
          [
            -0.999047,
            0.0,
            -0.0436194
          ],
          [
            0.0,
            1.0,
            0.0
          ],
          [
            0.0436194,
            0.0,
            -0.999047
          ],
          [
            -11459.5,
            322.494,
            20808.8
          ]
        ],
        "unit_class": "dynBase_ammunition_storage_square",
        "objLayer": 2,
        "props": {
          "army": 1,
          "active": false
        }
      },
      {
        "name": "bdt_t1_bomb_object_08",
        "tm": [
          [
            -0.906307,
            0.0,
            -0.422618
          ],
          [
            0.0,
            1.0,
            0.0
          ],
          [
            0.422618,
            0.0,
            -0.906307
          ],
          [
            -19920.5,
            430.772,
            21780.0
          ]
        ],
        "unit_class": "dynBase_oil_storage_small_square",
        "objLayer": 2,
        "props": {
          "army": 1,
          "active": false
        }
      },
      {
        "name": "bdt_t2_bomb_object_01",
        "tm": [
          [
            -0.819153,
            0.0,
            0.573577
          ],
          [
            0.0,
            1.0,
            0.0
          ],
          [
            -0.573577,
            0.0,
            -0.819153
          ],
          [
            -16276.4,
            473.632,
            -18843.1
          ]
        ],
        "unit_class": "dynBase_hq_camp_square",
        "objLayer": 2,
        "props": {
          "army": 2,
          "active": false
        }
      },
      {
        "name": "bdt_t2_bomb_object_02",
        "tm": [
          [
            -0.505759,
            0.0,
            0.862677
          ],
          [
            0.0,
            1.0,
            0.0
          ],
          [
            -0.862677,
            0.0,
            -0.505759
          ],
          [
            20663.5,
            243.818,
            -21386.0
          ]
        ],
        "unit_class": "dynBase_military_base_square",
        "objLayer": 2,
        "props": {
          "army": 2,
          "active": false
        }
      },
      {
        "name": "bdt_t2_bomb_object_03",
        "tm": [
          [
            0.21644,
            0.0,
            -0.976298
          ],
          [
            0.0,
            1.0,
            0.0
          ],
          [
            0.976298,
            0.0,
            0.21644
          ],
          [
            4525.4,
            589.528,
            -10295.1
          ]
        ],
        "unit_class": "dynBase_ammunition_camp_square",
        "objLayer": 2,
        "props": {
          "army": 2,
          "active": false
        }
      },
      {
        "name": "bdt_t2_bomb_object_04",
        "tm": [
          [
            -0.923881,
            0.0,
            0.382684
          ],
          [
            0.0,
            1.0,
            0.0
          ],
          [
            -0.382684,
            0.0,
            -0.923881
          ],
          [
            27730.6,
            237.967,
            -17463.6
          ]
        ],
        "unit_class": "dynBase_oil_storage_large_square",
        "objLayer": 2,
        "props": {
          "army": 2,
          "active": false
        }
      },
      {
        "name": "bdt_t2_bomb_object_05",
        "tm": [
          [
            -0.991445,
            0.0,
            0.130526
          ],
          [
            0.0,
            1.0,
            0.0
          ],
          [
            -0.130526,
            0.0,
            -0.991445
          ],
          [
            -2134.97,
            616.326,
            -23618.9
          ]
        ],
        "unit_class": "dynBase_oil_storage_small_square",
        "objLayer": 2,
        "props": {
          "army": 2,
          "active": false
        }
      },
      {
        "name": "bdt_t2_bomb_object_06",
        "tm": [
          [
            -0.866026,
            0.0,
            0.500001
          ],
          [
            0.0,
            1.0,
            0.0
          ],
          [
            -0.500001,
            0.0,
            -0.866026
          ],
          [
            -3950.08,
            561.941,
            -16178.2
          ]
        ],
        "unit_class": "dynBase_petrol_camp_square",
        "objLayer": 2,
        "props": {
          "army": 2,
          "active": false
        }
      },
      {
        "name": "bdt_t2_bomb_object_07",
        "tm": [
          [
            -0.965926,
            0.0,
            0.25882
          ],
          [
            0.0,
            1.0,
            0.0
          ],
          [
            -0.25882,
            0.0,
            -0.965926
          ],
          [
            7043.58,
            557.501,
            -18722.7
          ]
        ],
        "unit_class": "dynBase_ammunition_storage_square",
        "objLayer": 2,
        "props": {
          "army": 2,
          "active": false
        }
      },
      {
        "name": "bdt_t2_bomb_object_08",
        "tm": [
          [
            -0.793353,
            0.0,
            0.608762
          ],
          [
            0.0,
            1.0,
            0.0
          ],
          [
            -0.608762,
            0.0,
            -0.793353
          ],
          [
            -4206.11,
            558.482,
            -7719.93
          ]
        ],
        "unit_class": "dynBase_small_factory_square",
        "objLayer": 2,
        "props": {
          "army": 2,
          "active": false
        }
      },
      {
        "name": "bdt_t1_bomb_object_09",
        "tm": [
          [
            -0.906307,
            0.0,
            -0.422618
          ],
          [
            0.0,
            1.0,
            0.0
          ],
          [
            0.422618,
            0.0,
            -0.906307
          ],
          [
            -12076.6,
            386.021,
            28577.4
          ]
        ],
        "unit_class": "dynBase_oil_storage_small_square",
        "objLayer": 2,
        "props": {
          "army": 1,
          "active": false
        }
      },
      {
        "name": "bdt_t1_bomb_object_10",
        "tm": [
          [
            -0.642788,
            0.0,
            0.766044
          ],
          [
            0.0,
            1.0,
            0.0
          ],
          [
            -0.766044,
            0.0,
            -0.642788
          ],
          [
            -8626.21,
            173.757,
            11633.2
          ]
        ],
        "unit_class": "dynBase_petrol_camp_square",
        "objLayer": 2,
        "props": {
          "army": 1,
          "active": false
        }
      },
      {
        "name": "bdt_t2_bomb_object_09",
        "tm": [
          [
            -0.505759,
            0.0,
            0.862677
          ],
          [
            0.0,
            1.0,
            0.0
          ],
          [
            -0.862677,
            0.0,
            -0.505759
          ],
          [
            27148.4,
            515.93,
            -29602.4
          ]
        ],
        "unit_class": "dynBase_military_base_square",
        "objLayer": 2,
        "props": {
          "army": 2,
          "active": false
        }
      },
      {
        "name": "bdt_t2_bomb_object_10",
        "tm": [
          [
            -0.991445,
            0.0,
            0.130526
          ],
          [
            0.0,
            1.0,
            0.0
          ],
          [
            -0.130526,
            0.0,
            -0.991445
          ],
          [
            -24441.1,
            448.023,
            -22466.8
          ]
        ],
        "unit_class": "dynBase_oil_storage_small_square",
        "objLayer": 2,
        "props": {
          "army": 2,
          "active": false
        }
      },
      {
        "name": "bdt_t1_bomb_object_11",
        "tm": [
          [
            -0.642788,
            0.0,
            0.766044
          ],
          [
            0.0,
            1.0,
            0.0
          ],
          [
            -0.766044,
            0.0,
            -0.642788
          ],
          [
            25360.0,
            654.494,
            43199.3
          ]
        ],
        "unit_class": "dynBase_petrol_camp_square",
        "objLayer": 2,
        "props": {
          "army": 1,
          "active": false
        }
      },
      {
        "name": "bdt_t1_bomb_object_12",
        "tm": [
          [
            -0.992548,
            0.0,
            0.121857
          ],
          [
            0.0,
            1.0,
            0.0
          ],
          [
            -0.121857,
            0.0,
            -0.992548
          ],
          [
            355.917,
            79.0095,
            46069.4
          ]
        ],
        "unit_class": "dynBase_small_factory_square",
        "objLayer": 2,
        "props": {
          "army": 1,
          "active": false
        }
      },
      {
        "name": "bdt_t1_bomb_object_13",
        "tm": [
          [
            -0.965927,
            0.0,
            0.258819
          ],
          [
            0.0,
            1.0,
            0.0
          ],
          [
            -0.258819,
            0.0,
            -0.965927
          ],
          [
            5227.52,
            531.801,
            25670.6
          ]
        ],
        "unit_class": "dynBase_hq_camp_square",
        "objLayer": 2,
        "props": {
          "army": 1,
          "active": false
        }
      },
      {
        "name": "bdt_t1_bomb_object_14",
        "tm": [
          [
            -0.939693,
            0.0,
            0.342021
          ],
          [
            0.0,
            1.0,
            0.0
          ],
          [
            -0.342021,
            0.0,
            -0.939693
          ],
          [
            30648.1,
            215.984,
            28120.0
          ]
        ],
        "unit_class": "dynBase_field_camp_square",
        "objLayer": 2,
        "props": {
          "army": 1,
          "active": false
        }
      },
      {
        "name": "bdt_t1_bomb_object_15",
        "tm": [
          [
            -0.642788,
            0.0,
            0.766044
          ],
          [
            0.0,
            1.0,
            0.0
          ],
          [
            -0.766044,
            0.0,
            -0.642788
          ],
          [
            -10758.3,
            283.874,
            41677.7
          ]
        ],
        "unit_class": "dynBase_petrol_camp_square",
        "objLayer": 2,
        "props": {
          "army": 1,
          "active": false
        }
      },
      {
        "name": "bdt_t2_bomb_object_11",
        "tm": [
          [
            -0.991445,
            0.0,
            0.130526
          ],
          [
            0.0,
            1.0,
            0.0
          ],
          [
            -0.130526,
            0.0,
            -0.991445
          ],
          [
            -15977.3,
            545.647,
            -40485.2
          ]
        ],
        "unit_class": "dynBase_oil_storage_small_square",
        "objLayer": 2,
        "props": {
          "army": 2,
          "active": false
        }
      },
      {
        "name": "bdt_t2_bomb_object_12",
        "tm": [
          [
            -0.965926,
            0.0,
            0.25882
          ],
          [
            0.0,
            1.0,
            0.0
          ],
          [
            -0.25882,
            0.0,
            -0.965926
          ],
          [
            5043.85,
            553.602,
            -41319.1
          ]
        ],
        "unit_class": "dynBase_ammunition_storage_square",
        "objLayer": 2,
        "props": {
          "army": 2,
          "active": false
        }
      },
      {
        "name": "bdt_t2_bomb_object_13",
        "tm": [
          [
            -0.505759,
            0.0,
            0.862677
          ],
          [
            0.0,
            1.0,
            0.0
          ],
          [
            -0.862677,
            0.0,
            -0.505759
          ],
          [
            21622.2,
            455.515,
            -33911.9
          ]
        ],
        "unit_class": "dynBase_military_base_square",
        "objLayer": 2,
        "props": {
          "army": 2,
          "active": false
        }
      },
      {
        "name": "bdt_t2_bomb_object_14",
        "tm": [
          [
            -0.866026,
            0.0,
            0.500001
          ],
          [
            0.0,
            1.0,
            0.0
          ],
          [
            -0.500001,
            0.0,
            -0.866026
          ],
          [
            -39596.5,
            417.457,
            -45679.8
          ]
        ],
        "unit_class": "dynBase_petrol_camp_square",
        "objLayer": 2,
        "props": {
          "army": 2,
          "active": false
        }
      },
      {
        "name": "bdt_t2_bomb_object_15",
        "tm": [
          [
            -0.505759,
            0.0,
            0.862677
          ],
          [
            0.0,
            1.0,
            0.0
          ],
          [
            -0.862677,
            0.0,
            -0.505759
          ],
          [
            -18845.2,
            475.406,
            -32279.6
          ]
        ],
        "unit_class": "dynBase_military_base_square",
        "objLayer": 2,
        "props": {
          "army": 2,
          "active": false
        }
      },
      {
        "name": "bdt_t1_bomb_object_16",
        "tm": [
          [
            -0.939693,
            0.0,
            0.342021
          ],
          [
            0.0,
            1.0,
            0.0
          ],
          [
            -0.342021,
            0.0,
            -0.939693
          ],
          [
            -49309.6,
            886.96,
            14523.3
          ]
        ],
        "unit_class": "dynBase_field_camp_square",
        "objLayer": 2,
        "props": {
          "army": 1,
          "active": false
        }
      },
      {
        "name": "bdt_t1_bomb_object_17",
        "tm": [
          [
            -0.939693,
            0.0,
            0.342021
          ],
          [
            0.0,
            1.0,
            0.0
          ],
          [
            -0.342021,
            0.0,
            -0.939693
          ],
          [
            -35147.1,
            486.265,
            45104.3
          ]
        ],
        "unit_class": "dynBase_field_camp_square",
        "objLayer": 2,
        "props": {
          "army": 1,
          "active": false
        }
      },
      {
        "name": "bdt_t1_bomb_object_18",
        "tm": [
          [
            -0.992548,
            0.0,
            0.121857
          ],
          [
            0.0,
            1.0,
            0.0
          ],
          [
            -0.121857,
            0.0,
            -0.992548
          ],
          [
            53949.3,
            564.647,
            25821.2
          ]
        ],
        "unit_class": "dynBase_small_factory_square",
        "objLayer": 2,
        "props": {
          "army": 1,
          "active": false
        }
      },
      {
        "name": "bdt_t1_bomb_object_19",
        "tm": [
          [
            -0.939693,
            0.0,
            0.342021
          ],
          [
            0.0,
            1.0,
            0.0
          ],
          [
            -0.342021,
            0.0,
            -0.939693
          ],
          [
            50895.4,
            480.276,
            8442.63
          ]
        ],
        "unit_class": "dynBase_field_camp_square",
        "objLayer": 2,
        "props": {
          "army": 1,
          "active": false
        }
      },
      {
        "name": "bdt_t1_bomb_object_20",
        "tm": [
          [
            -0.992548,
            0.0,
            0.121857
          ],
          [
            0.0,
            1.0,
            0.0
          ],
          [
            -0.121857,
            0.0,
            -0.992548
          ],
          [
            -37338.1,
            347.29,
            21868.4
          ]
        ],
        "unit_class": "dynBase_small_factory_square",
        "objLayer": 2,
        "props": {
          "army": 1,
          "active": false
        }
      },
      {
        "name": "bdt_t2_bomb_object_16",
        "tm": [
          [
            -0.965926,
            0.0,
            0.25882
          ],
          [
            0.0,
            1.0,
            0.0
          ],
          [
            -0.25882,
            0.0,
            -0.965926
          ],
          [
            -36083.1,
            384.7,
            -24224.4
          ]
        ],
        "unit_class": "dynBase_ammunition_storage_square",
        "objLayer": 2,
        "props": {
          "army": 2,
          "active": false
        }
      },
      {
        "name": "bdt_t2_bomb_object_17",
        "tm": [
          [
            -0.866026,
            0.0,
            0.500001
          ],
          [
            0.0,
            1.0,
            0.0
          ],
          [
            -0.500001,
            0.0,
            -0.866026
          ],
          [
            41384.3,
            406.658,
            -23195.7
          ]
        ],
        "unit_class": "dynBase_petrol_camp_square",
        "objLayer": 2,
        "props": {
          "army": 2,
          "active": false
        }
      },
      {
        "name": "bdt_t2_bomb_object_18",
        "tm": [
          [
            0.21644,
            0.0,
            -0.976298
          ],
          [
            0.0,
            1.0,
            0.0
          ],
          [
            0.976298,
            0.0,
            0.21644
          ],
          [
            53359.0,
            377.939,
            -36637.8
          ]
        ],
        "unit_class": "dynBase_ammunition_camp_square",
        "objLayer": 2,
        "props": {
          "army": 2,
          "active": false
        }
      },
      {
        "name": "bdt_t2_bomb_object_19",
        "tm": [
          [
            -0.965926,
            0.0,
            0.25882
          ],
          [
            0.0,
            1.0,
            0.0
          ],
          [
            -0.25882,
            0.0,
            -0.965926
          ],
          [
            56759.8,
            370.491,
            -19221.3
          ]
        ],
        "unit_class": "dynBase_ammunition_storage_square",
        "objLayer": 2,
        "props": {
          "army": 2,
          "active": false
        }
      },
      {
        "name": "bdt_t2_bomb_object_20",
        "tm": [
          [
            -0.505759,
            0.0,
            0.862677
          ],
          [
            0.0,
            1.0,
            0.0
          ],
          [
            -0.862677,
            0.0,
            -0.505759
          ],
          [
            32527.5,
            536.148,
            -8792.13
          ]
        ],
        "unit_class": "dynBase_military_base_square",
        "objLayer": 2,
        "props": {
          "army": 2,
          "active": false
        }
      }
    ],
    "armada": {
      "name": "bdt_armada",
      "tm": [
        [
          -0.707107,
          0.0,
          0.707106
        ],
        [
          0.0,
          1.0,
          0.0
        ],
        [
          -0.707106,
          0.0,
          -0.707107
        ],
        [
          18651.2,
          5280.21,
          2378.32
        ]
      ],
      "unit_class": "b-17g",
      "objLayer": 1,
      "closed_waypoints": false,
      "isShipSpline": false,
      "shipTurnRadius": 100.0,
      "weapons": "B17G_8x1000lbs",
      "bullets0": "",
      "bullets1": "",
      "bullets2": "",
      "bullets3": "",
      "bulletsCount0": 0,
      "bulletsCount1": 0,
      "bulletsCount2": 0,
      "bulletsCount3": 0,
      "crewSkillK": 0.0,
      "applyAllMods": false,
      "props": {
        "army": 2,
        "count": 1,
        "free_distance": 70.0,
        "floating_distance": 50.0,
        "minimum_distance_to_earth": 20.0,
        "altLimit": 6000.0,
        "attack_type": "fire_at_will",
        "skill": 4,
        "plane": {
          "wing_formation": "Diamond",
          "row_distances": 3.0,
          "col_distances": 3.0,
          "super_formation": "Diamond",
          "super_row_distances": 1.5,
          "super_col_distances": 1.5,
          "ai_skill": "NORMAL",
          "task": "FLY_WAYPOINT"
        }
      },
      "way": {}
    }
  },
  "areas": {
    "bdt_t1_bomb_zone_01": {
      "type": "Sphere",
      "tm": [
        [
          -250.0,
          0.0,
          433.012
        ],
        [
          0.0,
          500.0,
          0.0
        ],
        [
          -433.012,
          0.0,
          -250.0
        ],
        [
          1651.86,
          139.924,
          17412.1
        ]
      ],
      "objLayer": 0,
      "props": {}
    },
    "bdt_t1_bomb_zone_02": {
      "type": "Sphere",
      "tm": [
        [
          -469.847,
          0.0,
          171.01
        ],
        [
          0.0,
          500.0,
          0.0
        ],
        [
          -171.01,
          0.0,
          -469.847
        ],
        [
          23326.3,
          407.078,
          11684.3
        ]
      ],
      "objLayer": 0,
      "props": {}
    },
    "bdt_t1_bomb_zone_03": {
      "type": "Sphere",
      "tm": [
        [
          -286.788,
          0.0,
          409.576
        ],
        [
          0.0,
          500.0,
          0.0
        ],
        [
          -409.576,
          0.0,
          -286.788
        ],
        [
          12119.5,
          399.411,
          22925.2
        ]
      ],
      "objLayer": 0,
      "props": {}
    },
    "bdt_t1_bomb_zone_04": {
      "type": "Sphere",
      "tm": [
        [
          -353.554,
          0.0,
          353.554
        ],
        [
          0.0,
          500.0,
          0.0
        ],
        [
          -353.554,
          0.0,
          -353.554
        ],
        [
          33184.8,
          537.654,
          21349.2
        ]
      ],
      "objLayer": 0,
      "props": {}
    },
    "bdt_t1_bomb_zone_05": {
      "type": "Sphere",
      "tm": [
        [
          171.01,
          0.0,
          469.847
        ],
        [
          0.0,
          500.0,
          0.0
        ],
        [
          -469.847,
          0.0,
          171.01
        ],
        [
          1195.86,
          434.95,
          6907.57
        ]
      ],
      "objLayer": 0,
      "props": {}
    },
    "bdt_t1_bomb_zone_06": {
      "type": "Sphere",
      "tm": [
        [
          -495.722,
          0.0,
          65.2631
        ],
        [
          0.0,
          500.0,
          0.0
        ],
        [
          -65.2631,
          0.0,
          -495.722
        ],
        [
          -19206.1,
          485.464,
          7324.43
        ]
      ],
      "objLayer": 0,
      "props": {}
    },
    "bdt_t1_bomb_zone_07": {
      "type": "Sphere",
      "tm": [
        [
          -409.577,
          0.0,
          286.789
        ],
        [
          0.0,
          500.0,
          0.0
        ],
        [
          -286.789,
          0.0,
          -409.577
        ],
        [
          -11465.4,
          322.664,
          20815.4
        ]
      ],
      "objLayer": 0,
      "props": {}
    },
    "bdt_t1_bomb_zone_08": {
      "type": "Sphere",
      "tm": [
        [
          -488.149,
          0.0,
          108.22
        ],
        [
          0.0,
          500.0,
          0.0
        ],
        [
          -108.22,
          0.0,
          -488.149
        ],
        [
          -19926.4,
          431.022,
          21783.0
        ]
      ],
      "objLayer": 0,
      "props": {}
    },
    "bdt_t2_bomb_zone_01": {
      "type": "Sphere",
      "tm": [
        [
          -150.353,
          0.0,
          476.859
        ],
        [
          0.0,
          500.0,
          0.0
        ],
        [
          -476.859,
          0.0,
          -150.353
        ],
        [
          -16274.0,
          473.592,
          -18832.8
        ]
      ],
      "objLayer": 0,
      "props": {}
    },
    "bdt_t2_bomb_zone_02": {
      "type": "Sphere",
      "tm": [
        [
          61.9591,
          0.0,
          496.146
        ],
        [
          0.0,
          500.0,
          0.0
        ],
        [
          -496.146,
          0.0,
          61.9591
        ],
        [
          20662.3,
          242.958,
          -21393.4
        ]
      ],
      "objLayer": 0,
      "props": {}
    },
    "bdt_t2_bomb_zone_03": {
      "type": "Sphere",
      "tm": [
        [
          -171.01,
          0.0,
          469.846
        ],
        [
          0.0,
          500.0,
          0.0
        ],
        [
          -469.846,
          0.0,
          -171.01
        ],
        [
          4533.0,
          563.178,
          -10284.0
        ]
      ],
      "objLayer": 0,
      "props": {}
    },
    "bdt_t2_bomb_zone_04": {
      "type": "Sphere",
      "tm": [
        [
          -250.0,
          0.0,
          433.013
        ],
        [
          0.0,
          500.0,
          0.0
        ],
        [
          -433.013,
          0.0,
          -250.0
        ],
        [
          27722.5,
          239.717,
          -17453.2
        ]
      ],
      "objLayer": 0,
      "props": {}
    },
    "bdt_t2_bomb_zone_05": {
      "type": "Sphere",
      "tm": [
        [
          -353.554,
          0.0,
          353.554
        ],
        [
          0.0,
          500.0,
          0.0
        ],
        [
          -353.554,
          0.0,
          -353.554
        ],
        [
          -2142.11,
          615.136,
          -23618.2
        ]
      ],
      "objLayer": 0,
      "props": {}
    },
    "bdt_t2_bomb_zone_06": {
      "type": "Sphere",
      "tm": [
        [
          -86.8242,
          0.0,
          492.403
        ],
        [
          0.0,
          500.0,
          0.0
        ],
        [
          -492.403,
          0.0,
          -86.8242
        ],
        [
          -3958.17,
          563.411,
          -16179.0
        ]
      ],
      "objLayer": 0,
      "props": {}
    },
    "bdt_t2_bomb_zone_07": {
      "type": "Sphere",
      "tm": [
        [
          -353.554,
          0.0,
          353.554
        ],
        [
          0.0,
          500.0,
          0.0
        ],
        [
          -353.554,
          0.0,
          -353.554
        ],
        [
          7035.82,
          555.111,
          -18746.0
        ]
      ],
      "objLayer": 0,
      "props": {}
    },
    "bdt_t2_bomb_zone_08": {
      "type": "Sphere",
      "tm": [
        [
          -353.554,
          0.0,
          353.554
        ],
        [
          0.0,
          500.0,
          0.0
        ],
        [
          -353.554,
          0.0,
          -353.554
        ],
        [
          -4193.71,
          556.592,
          -7725.51
        ]
      ],
      "objLayer": 0,
      "props": {}
    },
    "bdt_center_area": {
      "type": "Box",
      "tm": [
        [
          -124000.0,
          0.0,
          0.0
        ],
        [
          0.0,
          500.0,
          0.0
        ],
        [
          0.0,
          0.0,
          -11000.0
        ],
