{
  "selected_tag": "",
  "bin_dump_file": "",
  "mission_settings": {
    "player": {
      "army": 1,
      "wing": ""
    },
    "player_teamB": {
      "army": 2,
      "wing": ""
    },
    "mission": {
      "level": "levels/berlin.bin",
      "type": "domination",
      "environment": "Day",
      "weather": "hazy",
      "deathPenaltyMulRounds": 0.0,
      "stars": {
        "latitude": 52.5,
        "longitude": 13.0,
        "year": 1945,
        "month": 4,
        "day": 2
      }
    },
    "spectator_points": {}
  },
  "imports": {},
  "triggers": {
    "isCategory": true,
    "is_enabled": true
  },
  "mission_objectives": {
    "isCategory": true,
    "is_enabled": true
  },
  "variables": {},
  "dialogs": {},
  "airfields": {},
  "effects": {},
  "units": {},
  "areas": {
    "at_area": {
      "type": "Sphere",
      "tm": [
        [
          27091.3,
          0.0,
          34670.8
        ],
        [
          0.0,
          44000.0,
          0.0
        ],
        [
          -34670.8,
          0.0,
          27091.3
        ],
        [
          715.0,
          500.006,
          -46182.9
        ]
      ],
      "objLayer": 0,
      "props": {}
    },
    "at_t2_spawn_01_01": {
      "type": "Point",
      "tm": [
        [
          -0.100175,
          0.0,
          0.994971
        ],
        [
          0.0,
          1.0,
          0.0
        ],
        [
          -0.994971,
          0.0,
          -0.100175
        ],
        [
          20828.0,
          500.004,
          -55057.4
        ]
      ],
      "objLayer": 0,
      "props": {}
    },
    "at_t1_spawn_01_01": {
      "type": "Point",
      "tm": [
        [
          0.100175,
          0.0,
          -0.994971
        ],
        [
          0.0,
          1.0,
          0.0
        ],
        [
          0.994971,
          0.0,
          0.100175
        ],
        [
          -12403.9,
          499.996,
          -28503.2
        ]
      ],
      "objLayer": 0,
      "props": {}
    },
    "at_t2_spawn_01_02": {
      "type": "Point",
      "tm": [
        [
          -0.100175,
          0.0,
          0.994971
        ],
        [
          0.0,
          1.0,
          0.0
        ],
        [
          -0.994971,
          0.0,
          -0.100175
        ],
        [
          14047.4,
          500.012,
          -63795.4
        ]
      ],
      "objLayer": 0,
      "props": {}
    },
    "at_t1_spawn_01_02": {
      "type": "Point",
      "tm": [
        [
          0.100175,
          0.0,
          -0.994971
        ],
        [
          0.0,
          1.0,
          0.0
        ],
        [
          0.994971,
          0.0,
          0.100175
        ],
        [
          -19559.6,
          499.998,
          -37532.9
        ]
      ],
      "objLayer": 0,
      "props": {}
    },
    "at_t1_spawn_02_01": {
      "type": "Point",
      "tm": [
        [
          0.100175,
          0.0,
          -0.994971
        ],
        [
          0.0,
          1.0,
          0.0
        ],
        [
          0.994971,
          0.0,
          0.100175
        ],
        [
          -21036.3,
          499.998,
          -43197.2
        ]
      ],
      "objLayer": 0,
      "props": {}
    },
    "at_t1_spawn_02_02": {
      "type": "Point",
      "tm": [
        [
          0.100175,
          0.0,
          -0.994971
        ],
        [
          0.0,
          1.0,
          0.0
        ],
        [
          0.994971,
          0.0,
          0.100175
        ],
        [
          -7241.82,
          500.0,
          -25617.1
        ]
      ],
      "objLayer": 0,
      "props": {}
    },
    "at_t2_spawn_02_01": {
      "type": "Point",
      "tm": [
        [
          -0.100175,
          0.0,
          0.994971
        ],
        [
          0.0,
          1.0,
          0.0
        ],
        [
          -0.994971,
          0.0,
          -0.100175
        ],
        [
          9153.9,
          500.02,
          -66510.8
        ]
      ],
      "objLayer": 0,
      "props": {}
    },
    "at_t2_spawn_02_02": {
      "type": "Point",
      "tm": [
        [
          -0.100175,
          0.0,
          0.994971
        ],
        [
          0.0,
          1.0,
          0.0
        ],
        [
          -0.994971,
          0.0,
          -0.100175
        ],
        [
          22424.2,
          499.994,
          -49345.0
        ]
      ],
      "objLayer": 0,
      "props": {}
    }
  },
  "objLayers": {},
  "wayPoints": {}
}