{
  "selected_tag": "",
  "bin_dump_file": "",
  "mission_settings": {
    "player": {
      "army": 1,
      "wing": "bdt_armada"
    },
    "player_teamB": {
      "army": 2
    },
    "mission": {
      "level": "levels/water.bin",
      "type": "singleMission",
      "environment": "Day",
      "weather": "hazy",
      "restoreType": "attempts",
      "optionalTakeOff": true
    },
    "spectator_points": {}
  },
  "imports": {
    "import_record": [
      {
        "file": "gameData/missions/templates/enduring_confrontation/bdt_bases_destroy_template.blk",
        "importAreas": true,
        "importUnits": true,
        "importTriggers": true,
        "importMissionObjectives": true,
        "importWayPoints": true,
        "showAreas": true,
        "showUnits": true,
        "showTriggers": true,
        "showMissionObjectives": true,
        "showWayPoints": true,
        "excludes": {}
      },
      {
        "file": "gameData/missions/templates/units_sets/land_sets_aaa_bases/bdt_t1_uk_rank_01.blk",
        "rankRange": [
          0,
          4
        ],
        "importAreas": true,
        "importUnits": true,
        "importTriggers": true,
        "importMissionObjectives": true,
        "importWayPoints": true,
        "showAreas": true,
        "showUnits": true,
        "showTriggers": true,
        "showMissionObjectives": true,
        "showWayPoints": true,
        "excludes": {}
      },
      {
        "file": "gameData/missions/templates/units_sets/land_sets_aaa_bases/bdt_t1_uk_rank_02.blk",
        "rankRange": [
          5,
          8
        ],
        "importAreas": true,
        "importUnits": true,
        "importTriggers": true,
        "importMissionObjectives": true,
        "importWayPoints": true,
        "showAreas": true,
        "showUnits": true,
        "showTriggers": true,
        "showMissionObjectives": true,
        "showWayPoints": true,
        "excludes": {}
      },
      {
        "file": "gameData/missions/templates/units_sets/land_sets_aaa_bases/bdt_t1_uk_rank_03.blk",
        "rankRange": [
          9,
          13
        ],
        "importAreas": true,
        "importUnits": true,
        "importTriggers": true,
        "importMissionObjectives": true,
        "importWayPoints": true,
        "showAreas": true,
        "showUnits": true,
        "showTriggers": true,
        "showMissionObjectives": true,
        "showWayPoints": true,
        "excludes": {}
      },
      {
        "file": "gameData/missions/templates/units_sets/land_sets_aaa_bases/bdt_t1_uk_rank_04.blk",
        "rankRange": [
          14,
          19
        ],
        "importAreas": true,
        "importUnits": true,
        "importTriggers": true,
        "importMissionObjectives": true,
        "importWayPoints": true,
        "showAreas": true,
        "showUnits": true,
        "showTriggers": true,
        "showMissionObjectives": true,
        "showWayPoints": true,
        "excludes": {}
      },
      {
        "file": "gameData/missions/templates/units_sets/land_sets_aaa_bases/bdt_t1_uk_rank_05.blk",
        "rankRange": [
          20,
          24
        ],
        "importAreas": true,
        "importUnits": true,
        "importTriggers": true,
        "importMissionObjectives": true,
        "importWayPoints": true,
        "showAreas": true,
        "showUnits": true,
        "showTriggers": true,
        "showMissionObjectives": true,
        "showWayPoints": true,
        "excludes": {}
      },
      {
        "file": "gameData/missions/templates/units_sets/land_sets_aaa_bases/bdt_t1_uk_rank_06.blk",
        "rankRange": [
          25,
          50
        ],
        "importAreas": true,
        "importUnits": true,
        "importTriggers": true,
        "importMissionObjectives": true,
        "importWayPoints": true,
        "showAreas": true,
        "showUnits": true,
        "showTriggers": true,
        "showMissionObjectives": true,
        "showWayPoints": true,
        "excludes": {}
      },
      {
        "file": "gameData/missions/templates/units_sets/land_sets_aaa_bases/bdt_t2_germ_rank_01.blk",
        "rankRange": [
          0,
          4
        ],
        "importAreas": true,
        "importUnits": true,
        "importTriggers": true,
        "importMissionObjectives": true,
        "importWayPoints": true,
        "showAreas": true,
        "showUnits": true,
        "showTriggers": true,
        "showMissionObjectives": true,
        "showWayPoints": true,
        "excludes": {}
      },
      {
        "file": "gameData/missions/templates/units_sets/land_sets_aaa_bases/bdt_t2_germ_rank_02.blk",
        "rankRange": [
          5,
          8
        ],
        "importAreas": true,
        "importUnits": true,
        "importTriggers": true,
        "importMissionObjectives": true,
        "importWayPoints": true,
        "showAreas": true,
        "showUnits": true,
        "showTriggers": true,
        "showMissionObjectives": true,
        "showWayPoints": true,
        "excludes": {}
      },
      {
        "file": "gameData/missions/templates/units_sets/land_sets_aaa_bases/bdt_t2_germ_rank_03.blk",
        "rankRange": [
          9,
          13
        ],
        "importAreas": true,
        "importUnits": true,
        "importTriggers": true,
        "importMissionObjectives": true,
        "importWayPoints": true,
        "showAreas": true,
        "showUnits": true,
        "showTriggers": true,
        "showMissionObjectives": true,
        "showWayPoints": true,
        "excludes": {}
      },
      {
        "file": "gameData/missions/templates/units_sets/land_sets_aaa_bases/bdt_t2_germ_rank_04.blk",
        "rankRange": [
          14,
          19
        ],
        "importAreas": true,
        "importUnits": true,
        "importTriggers": true,
        "importMissionObjectives": true,
        "importWayPoints": true,
        "showAreas": true,
        "showUnits": true,
        "showTriggers": true,
        "showMissionObjectives": true,
        "showWayPoints": true,
        "excludes": {}
      },
      {
        "file": "gameData/missions/templates/units_sets/land_sets_aaa_bases/bdt_t2_germ_rank_05.blk",
        "rankRange": [
          20,
          24
        ],
        "importAreas": true,
        "importUnits": true,
        "importTriggers": true,
        "importMissionObjectives": true,
        "importWayPoints": true,
        "showAreas": true,
        "showUnits": true,
        "showTriggers": true,
        "showMissionObjectives": true,
        "showWayPoints": true,
        "excludes": {}
      },
      {
        "file": "gameData/missions/templates/units_sets/land_sets_aaa_bases/bdt_t2_germ_rank_06.blk",
        "rankRange": [
          25,
          50
        ],
        "importAreas": true,
        "importUnits": true,
        "importTriggers": true,
        "importMissionObjectives": true,
        "importWayPoints": true,
        "showAreas": true,
        "showUnits": true,
        "showTriggers": true,
        "showMissionObjectives": true,
        "showWayPoints": true,
        "excludes": {}
      }
    ]
  },
  "triggers": {
    "isCategory": true,
    "is_enabled": true,
    "bdt_part_init": {
      "is_enabled": true,
      "comments": "",
      "props": {
        "actionsType": "PERFORM_ONE_BY_ONE",
        "conditionsType": "ALL",
        "enableAfterComplete": false
      },
      "events": {
        "initMission": {}
      },
      "conditions": {},
      "actions": {
        "comment": [
          {
            "value": "ukazyvaem maksimal'noe kolichestvo baz +1"
          },
          {
            "value": "govorim chto shablon sam sebya restartit"
          }
        ],
        "varSetInt": [
          {
            "value": 21,
            "var": "bdt_t1_total_bases_max_count"
          },
          {
            "value": 21,
            "var": "bdt_t2_total_bases_max_count"
          }
        ],
        "varSetBool": {
          "value": true,
          "var": "bdt_self_restart"
        }
      },
      "else_actions": {}
    }
  },
  "mission_objectives": {
    "isCategory": true,
    "is_enabled": true
  },
  "variables": {},
  "dialogs": {},
  "airfields": {},
  "effects": {},
  "units": {
    "objectGroups": [
      {
        "name": "bdt_t2_bomb_object_01",
        "tm": [
          [
            -0.999048,
            0.0,
            -0.0436189
          ],
          [
            0.0,
            1.0,
            0.0
          ],
          [
            0.0436189,
            0.0,
            -0.999048
          ],
          [
            -7474.86,
            139.784,
            10965.3
          ]
        ],
        "unit_class": "dynBase_ammunition_camp_square",
        "objLayer": 2,
        "props": {
          "army": 2,
          "active": false
        }
      },
      {
        "name": "bdt_t2_bomb_object_02",
        "tm": [
          [
            -0.0871555,
            0.0,
            0.996195
          ],
          [
            0.0,
            1.0,
            0.0
          ],
          [
            -0.996195,
            0.0,
            -0.0871555
          ],
          [
            6708.48,
            32.7493,
            16814.8
          ]
        ],
        "unit_class": "dynBase_ammunition_camp_square",
        "objLayer": 2,
        "props": {
          "army": 2,
          "active": false
        }
      },
      {
        "name": "bdt_t2_bomb_object_03",
        "tm": [
          [
            0.130526,
            0.0,
            0.991445
          ],
          [
            0.0,
            1.0,
            0.0
          ],
          [
            -0.991445,
            0.0,
            0.130526
          ],
          [
            533.018,
            59.8159,
            6085.24
          ]
        ],
        "unit_class": "dynBase_ammunition_camp_square",
        "objLayer": 2,
        "props": {
          "army": 2,
          "active": false
        }
      },
      {
        "name": "bdt_t2_bomb_object_04",
        "tm": [
          [
            -0.422618,
            0.0,
            0.906308
          ],
          [
            0.0,
            1.0,
            0.0
          ],
          [
            -0.906308,
            0.0,
            -0.422618
          ],
          [
            98.6047,
            79.4141,
            9198.15
          ]
        ],
        "unit_class": "dynBase_ammunition_camp_square",
        "objLayer": 2,
        "props": {
          "army": 2,
          "active": false
        }
      },
      {
        "name": "bdt_t2_bomb_object_05",
        "tm": [
          [
            -0.906308,
            0.0,
            0.422619
          ],
          [
            0.0,
            1.0,
            0.0
          ],
          [
            -0.422619,
            0.0,
            -0.906308
          ],
          [
            2013.5,
            11.65,
            15473.3
          ]
        ],
        "unit_class": "dynBase_ammunition_camp_square",
        "objLayer": 2,
        "props": {
          "army": 2,
          "active": false
        }
      },
      {
        "name": "bdt_t2_bomb_object_06",
        "tm": [
          [
            -0.173648,
            0.0,
            0.984808
          ],
          [
            0.0,
            1.0,
            0.0
          ],
          [
            -0.984808,
            0.0,
            -0.173648
          ],
          [
            -21061.1,
            20.268,
            6551.55
          ]
        ],
        "unit_class": "dynBase_ammunition_camp_square",
        "objLayer": 2,
        "props": {
          "army": 2,
          "active": false
        }
      },
      {
        "name": "bdt_t2_bomb_object_07",
        "tm": [
          [
            -0.608761,
            0.0,
            0.793353
          ],
          [
            0.0,
            1.0,
            0.0
          ],
          [
            -0.793353,
            0.0,
            -0.608761
          ],
          [
            -21840.7,
            113.8,
            15870.7
          ]
        ],
        "unit_class": "dynBase_ammunition_camp_square",
        "objLayer": 2,
        "props": {
          "army": 2,
          "active": false
        }
      },
      {
        "name": "bdt_t2_bomb_object_08",
        "tm": [
          [
            0.087156,
            0.0,
            0.996194
          ],
          [
            0.0,
            1.0,
            0.0
          ],
          [
            -0.996194,
            0.0,
            0.087156
          ],
          [
            -7638.9,
            23.2259,
            7030.3
          ]
        ],
        "unit_class": "dynBase_ammunition_camp_square",
        "objLayer": 2,
        "props": {
          "army": 2,
          "active": false
        }
      },
      {
        "name": "bdt_t1_bomb_object_01",
        "tm": [
          [
            -0.887012,
            0.0,
            0.461749
          ],
          [
            0.0,
            1.0,
            0.0
          ],
          [
            -0.461749,
            0.0,
            -0.887012
          ],
          [
            -1875.35,
            151.727,
            -10906.0
          ]
        ],
        "unit_class": "dynBase_ammunition_camp_square",
        "objLayer": 2,
        "props": {
          "army": 1,
          "active": false
        }
      },
      {
        "name": "bdt_t1_bomb_object_02",
        "tm": [
          [
            -0.608762,
            0.0,
            0.793354
          ],
          [
            0.0,
            1.0,
            0.0
          ],
          [
            -0.793354,
            0.0,
            -0.608762
          ],
          [
            3385.71,
            22.2699,
            -6770.25
          ]
        ],
        "unit_class": "dynBase_ammunition_camp_square",
        "objLayer": 2,
        "props": {
          "army": 1,
          "active": false
        }
      },
      {
        "name": "bdt_t1_bomb_object_03",
        "tm": [
          [
            -0.793354,
            0.0,
            0.608762
          ],
          [
            0.0,
            1.0,
            0.0
          ],
          [
            -0.608762,
            0.0,
            -0.793354
          ],
          [
            1943.75,
            38.3289,
            -10976.3
          ]
        ],
        "unit_class": "dynBase_ammunition_camp_square",
        "objLayer": 2,
        "props": {
          "army": 1,
          "active": false
        }
      },
      {
        "name": "bdt_t1_bomb_object_04",
        "tm": [
          [
            -0.608762,
            0.0,
            0.793354
          ],
          [
            0.0,
            1.0,
            0.0
          ],
          [
            -0.793354,
            0.0,
            -0.608762
          ],
          [
            -12017.9,
            69.6138,
            -6648.65
          ]
        ],
        "unit_class": "dynBase_ammunition_camp_square",
        "objLayer": 2,
        "props": {
          "army": 1,
          "active": false
        }
      },
      {
        "name": "bdt_t1_bomb_object_05",
        "tm": [
          [
            -0.608762,
            0.0,
            0.793354
          ],
          [
            0.0,
            1.0,
            0.0
          ],
          [
            -0.793354,
            0.0,
            -0.608762
          ],
          [
            -2919.15,
            39.5214,
            -6837.25
          ]
        ],
        "unit_class": "dynBase_ammunition_camp_square",
        "objLayer": 2,
        "props": {
          "army": 1,
          "active": false
        }
      },
      {
        "name": "bdt_t1_bomb_object_06",
        "tm": [
          [
            -0.0871559,
            0.0,
            0.996195
          ],
          [
            0.0,
            1.0,
            0.0
          ],
          [
            -0.996195,
            0.0,
            -0.0871559
          ],
          [
            8830.84,
            25.373,
            -16465.2
          ]
        ],
        "unit_class": "dynBase_ammunition_camp_square",
        "objLayer": 2,
        "props": {
          "army": 1,
          "active": false
        }
      },
      {
        "name": "bdt_t1_bomb_object_07",
        "tm": [
          [
            -0.258819,
            0.0,
            0.965926
          ],
          [
            0.0,
            1.0,
            0.0
          ],
          [
            -0.965926,
            0.0,
            -0.258819
          ],
          [
            -25337.8,
            98.6537,
            -6450.35
          ]
        ],
        "unit_class": "dynBase_ammunition_camp_square",
        "objLayer": 2,
        "props": {
          "army": 1,
          "active": false
        }
      },
      {
        "name": "bdt_t1_bomb_object_08",
        "tm": [
          [
            -0.67559,
            0.0,
            0.737278
          ],
          [
            0.0,
            1.0,
            0.0
          ],
          [
            -0.737278,
            0.0,
            -0.67559
          ],
          [
            -9649.17,
            134.077,
            -13744.6
          ]
        ],
        "unit_class": "dynBase_ammunition_camp_square",
        "objLayer": 2,
        "props": {
          "army": 1,
          "active": false
        }
      },
      {
        "name": "bdt_t1_bomb_object_09",
        "tm": [
          [
            -0.67559,
            0.0,
            0.737278
          ],
          [
            0.0,
            1.0,
            0.0
          ],
          [
            -0.737278,
            0.0,
            -0.67559
          ],
          [
            -19422.8,
            134.1,
            -17324.8
          ]
        ],
        "unit_class": "dynBase_ammunition_camp_square",
        "objLayer": 2,
        "props": {
          "army": 1,
          "active": false
        }
      },
      {
        "name": "bdt_t1_bomb_object_10",
        "tm": [
          [
            -0.67559,
            0.0,
            0.737278
          ],
          [
            0.0,
            1.0,
            0.0
          ],
          [
            -0.737278,
            0.0,
            -0.67559
          ],
          [
            -4645.86,
            269.95,
            -22697.6
          ]
        ],
        "unit_class": "dynBase_ammunition_camp_square",
        "objLayer": 2,
        "props": {
          "army": 1,
          "active": false
        }
      },
      {
        "name": "bdt_t2_bomb_object_09",
        "tm": [
          [
            -0.906308,
            0.0,
            0.422619
          ],
          [
            0.0,
            1.0,
            0.0
          ],
          [
            -0.422619,
            0.0,
            -0.906308
          ],
          [
            -9903.7,
            97.1279,
            22488.1
          ]
        ],
        "unit_class": "dynBase_ammunition_camp_square",
        "objLayer": 2,
        "props": {
          "army": 2,
          "active": false
        }
      },
      {
        "name": "bdt_t2_bomb_object_10",
        "tm": [
          [
            -0.906308,
            0.0,
            0.422619
          ],
          [
            0.0,
            1.0,
            0.0
          ],
          [
            -0.422619,
            0.0,
            -0.906308
          ],
          [
            6039.75,
            17.3496,
            23429.0
          ]
        ],
        "unit_class": "dynBase_ammunition_camp_square",
        "objLayer": 2,
        "props": {
          "army": 2,
          "active": false
        }
      },
      {
        "name": "bdt_t2_bomb_object_11",
        "tm": [
          [
            0.130526,
            0.0,
            0.991445
          ],
          [
            0.0,
            1.0,
            0.0
          ],
          [
            -0.991445,
            0.0,
            0.130526
          ],
          [
            -2856.57,
            161.171,
            7613.96
          ]
        ],
        "unit_class": "dynBase_ammunition_camp_square",
        "objLayer": 2,
        "props": {
          "army": 2,
          "active": false
        }
      },
      {
        "name": "bdt_t2_bomb_object_12",
        "tm": [
          [
            0.130526,
            0.0,
            0.991445
          ],
          [
            0.0,
            1.0,
            0.0
          ],
          [
            -0.991445,
            0.0,
            0.130526
          ],
          [
            -14237.6,
            161.17,
            8999.46
          ]
        ],
        "unit_class": "dynBase_ammunition_camp_square",
        "objLayer": 2,
        "props": {
          "army": 2,
          "active": false
        }
      },
      {
        "name": "bdt_t2_bomb_object_13",
        "tm": [
          [
            0.130526,
            0.0,
            0.991445
          ],
          [
            0.0,
            1.0,
            0.0
          ],
          [
            -0.991445,
            0.0,
            0.130526
          ],
          [
            -14891.4,
            97.6863,
            16494.7
          ]
        ],
        "unit_class": "dynBase_ammunition_camp_square",
        "objLayer": 2,
        "props": {
          "army": 2,
          "active": false
        }
      },
      {
        "name": "bdt_t2_bomb_object_14",
        "tm": [
          [
            0.130526,
            0.0,
            0.991445
          ],
          [
            0.0,
            1.0,
            0.0
          ],
          [
            -0.991445,
            0.0,
            0.130526
          ],
          [
            -8757.74,
            97.6861,
            16499.9
          ]
        ],
        "unit_class": "dynBase_ammunition_camp_square",
        "objLayer": 2,
        "props": {
          "army": 2,
          "active": false
        }
      },
      {
        "name": "bdt_t2_bomb_object_15",
        "tm": [
          [
            0.130526,
            0.0,
            0.991445
          ],
          [
            0.0,
            1.0,
            0.0
          ],
          [
            -0.991445,
            0.0,
            0.130526
          ],
          [
            -16697.2,
            64.7649,
            26345.0
          ]
        ],
        "unit_class": "dynBase_ammunition_camp_square",
        "objLayer": 2,
        "props": {
          "army": 2,
          "active": false
        }
      },
      {
        "name": "bdt_t2_bomb_object_16",
        "tm": [
          [
            0.130526,
            0.0,
            0.991445
          ],
          [
            0.0,
            1.0,
            0.0
          ],
          [
            -0.991445,
            0.0,
            0.130526
          ],
          [
            -23724.3,
            93.4571,
            20214.5
          ]
        ],
        "unit_class": "dynBase_ammunition_camp_square",
        "objLayer": 2,
        "props": {
          "army": 2,
          "active": false
        }
      },
      {
        "name": "bdt_t2_bomb_object_17",
        "tm": [
          [
            0.130526,
            0.0,
            0.991445
          ],
          [
            0.0,
            1.0,
            0.0
          ],
          [
            -0.991445,
            0.0,
            0.130526
          ],
          [
            -25422.9,
            101.716,
            8665.58
          ]
        ],
        "unit_class": "dynBase_ammunition_camp_square",
        "objLayer": 2,
        "props": {
          "army": 2,
          "active": false
        }
      },
      {
        "name": "bdt_t2_bomb_object_18",
        "tm": [
          [
            0.130526,
            0.0,
            0.991445
          ],
          [
            0.0,
            1.0,
            0.0
          ],
          [
            -0.991445,
            0.0,
            0.130526
          ],
          [
            -26804.5,
            77.3564,
            16332.7
          ]
        ],
        "unit_class": "dynBase_ammunition_camp_square",
        "objLayer": 2,
        "props": {
          "army": 2,
          "active": false
        }
      },
      {
        "name": "bdt_t2_bomb_object_19",
        "tm": [
          [
            0.130526,
            0.0,
            0.991445
          ],
          [
            0.0,
            1.0,
            0.0
          ],
          [
            -0.991445,
            0.0,
            0.130526
          ],
          [
            -23073.3,
            107.261,
            11354.1
          ]
        ],
        "unit_class": "dynBase_ammunition_camp_square",
        "objLayer": 2,
        "props": {
          "army": 2,
          "active": false
        }
      },
      {
        "name": "bdt_t2_bomb_object_20",
        "tm": [
          [
            0.130526,
            0.0,
            0.991445
          ],
          [
            0.0,
            1.0,
            0.0
          ],
          [
            -0.991445,
            0.0,
            0.130526
          ],
          [
            -1645.34,
            494.484,
            17472.6
          ]
        ],
        "unit_class": "dynBase_ammunition_camp_square",
        "objLayer": 2,
        "props": {
          "army": 2,
          "active": false
        }
      },
      {
        "name": "bdt_t1_bomb_object_11",
        "tm": [
          [
            -0.258819,
            0.0,
            0.965926
          ],
          [
            0.0,
            1.0,
            0.0
          ],
          [
            -0.965926,
            0.0,
            -0.258819
          ],
          [
            -17617.6,
            45.1173,
            -8244.83
          ]
        ],
        "unit_class": "dynBase_ammunition_camp_square",
        "objLayer": 2,
        "props": {
          "army": 1,
          "active": false
        }
      },
      {
        "name": "bdt_t1_bomb_object_12",
        "tm": [
          [
            -0.258819,
            0.0,
            0.965926
          ],
          [
            0.0,
            1.0,
            0.0
          ],
          [
            -0.965926,
            0.0,
            -0.258819
          ],
          [
            -24971.7,
            83.8059,
            -23037.0
          ]
        ],
        "unit_class": "dynBase_ammunition_camp_square",
        "objLayer": 2,
        "props": {
          "army": 1,
          "active": false
        }
      },
      {
        "name": "bdt_t1_bomb_object_13",
        "tm": [
          [
            -0.258819,
            0.0,
            0.965926
          ],
          [
            0.0,
            1.0,
            0.0
          ],
          [
            -0.965926,
            0.0,
            -0.258819
          ],
          [
            -15276.0,
            90.9184,
            -22122.5
          ]
        ],
        "unit_class": "dynBase_ammunition_camp_square",
        "objLayer": 2,
        "props": {
          "army": 1,
          "active": false
        }
      },
      {
        "name": "bdt_t1_bomb_object_14",
        "tm": [
          [
            -0.258819,
            0.0,
            0.965926
          ],
          [
            0.0,
            1.0,
            0.0
          ],
          [
            -0.965926,
            0.0,
            -0.258819
          ],
          [
            -4463.2,
            263.355,
            -16990.3
          ]
        ],
        "unit_class": "dynBase_ammunition_camp_square",
        "objLayer": 2,
        "props": {
          "army": 1,
          "active": false
        }
      },
      {
        "name": "bdt_t1_bomb_object_15",
        "tm": [
          [
            -0.258819,
            0.0,
            0.965926
          ],
          [
            0.0,
            1.0,
            0.0
          ],
          [
            -0.965926,
            0.0,
            -0.258819
          ],
          [
            4608.27,
            50.0881,
            -17354.5
          ]
        ],
        "unit_class": "dynBase_ammunition_camp_square",
        "objLayer": 2,
        "props": {
          "army": 1,
          "active": false
        }
      },
      {
        "name": "bdt_t1_bomb_object_16",
        "tm": [
          [
            -0.258819,
            0.0,
            0.965926
          ],
          [
            0.0,
            1.0,
            0.0
          ],
          [
            -0.965926,
            0.0,
            -0.258819
          ],
          [
            7779.56,
            46.5808,
            -24570.5
          ]
        ],
        "unit_class": "dynBase_ammunition_camp_square",
        "objLayer": 2,
        "props": {
          "army": 1,
          "active": false
        }
      },
      {
        "name": "bdt_t1_bomb_object_17",
        "tm": [
          [
            -0.258819,
            0.0,
            0.965926
          ],
          [
            0.0,
            1.0,
            0.0
          ],
          [
            -0.965926,
            0.0,
            -0.258819
          ],
          [
            -17019.6,
            83.5198,
            -25873.0
          ]
        ],
        "unit_class": "dynBase_ammunition_camp_square",
        "objLayer": 2,
        "props": {
          "army": 1,
          "active": false
        }
      },
      {
        "name": "bdt_t1_bomb_object_18",
        "tm": [
          [
            -0.258819,
            0.0,
            0.965926
          ],
          [
            0.0,
            1.0,
            0.0
          ],
          [
            -0.965926,
            0.0,
            -0.258819
          ],
          [
            -26050.7,
            67.6799,
            -17133.2
          ]
        ],
        "unit_class": "dynBase_ammunition_camp_square",
        "objLayer": 2,
        "props": {
          "army": 1,
          "active": false
        }
      },
      {
        "name": "bdt_t1_bomb_object_19",
        "tm": [
          [
            -0.258819,
            0.0,
            0.965926
          ],
          [
            0.0,
            1.0,
            0.0
          ],
          [
            -0.965926,
            0.0,
            -0.258819
          ],
          [
            -12861.2,
            94.4604,
            -17385.2
          ]
        ],
        "unit_class": "dynBase_ammunition_camp_square",
        "objLayer": 2,
        "props": {
          "army": 1,
          "active": false
        }
      },
      {
        "name": "bdt_t1_bomb_object_20",
        "tm": [
          [
            -0.258819,
            0.0,
            0.965926
          ],
          [
            0.0,
            1.0,
            0.0
          ],
          [
            -0.965926,
            0.0,
            -0.258819
          ],
          [
            -1679.85,
            376.795,
            -19073.6
          ]
        ],
        "unit_class": "dynBase_ammunition_camp_square",
        "objLayer": 2,
        "props": {
          "army": 1,
          "active": false
        }
      }
    ],
    "armada": {
      "name": "bdt_armada",
      "tm": [
        [
          2.52327E-07,
          0.0,
          1.0
        ],
        [
          0.0,
          1.0,
          0.0
        ],
        [
          -1.0,
          0.0,
          2.52327E-07
        ],
        [
          4126.78,
          1388.0,
          -1691.98
        ]
      ],
      "unit_class": "b-17g",
      "objLayer": 1,
      "closed_waypoints": false,
      "isShipSpline": false,
      "shipTurnRadius": 100.0,
      "weapons": "B17G_8x1000lbs",
      "bullets0": "",
      "bullets1": "",
      "bullets2": "",
      "bullets3": "",
      "bulletsCount0": 0,
      "bulletsCount1": 0,
      "bulletsCount2": 0,
      "bulletsCount3": 0,
      "crewSkillK": 0.0,
      "applyAllMods": false,
      "props": {
        "army": 1,
        "count": 1,
        "free_distance": 70.0,
        "floating_distance": 50.0,
        "minimum_distance_to_earth": 20.0,
        "altLimit": 6000.0,
        "attack_type": "fire_at_will",
        "skill": 4,
        "plane": {
          "wing_formation": "Diamond",
          "row_distances": 3.0,
          "col_distances": 3.0,
          "super_formation": "Diamond",
          "super_row_distances": 1.5,
          "super_col_distances": 1.5,
          "ai_skill": "NORMAL",
          "task": "FLY_WAYPOINT"
        }
      },
      "way": {}
    }
  },
  "areas": {
    "bdt_t2_bomb_zone_01": {
      "type": "Sphere",
      "tm": [
        [
          -499.524,
          0.0,
          21.8102
        ],
        [
          0.0,
          500.0,
          0.0
        ],
        [
          -21.8102,
          0.0,
          -499.524
        ],
        [
          -7501.66,
          139.561,
          10965.0
        ]
      ],
      "objLayer": 0,
      "props": {}
    },
    "bdt_t2_bomb_zone_02": {
      "type": "Sphere",
      "tm": [
        [
          0.000143926,
          0.0,
          500.0
        ],
        [
          0.0,
          500.0,
          0.0
        ],
        [
          -500.0,
          0.0,
          0.000143926
        ],
        [
          6705.58,
          32.7631,
          16814.0
        ]
      ],
      "objLayer": 0,
      "props": {}
    },
    "bdt_t2_bomb_zone_03": {
      "type": "Sphere",
      "tm": [
        [
          108.22,
          0.0,
          488.148
        ],
        [
          0.0,
          500.0,
          0.0
        ],
        [
          -488.148,
          0.0,
          108.22
        ],
        [
          550.917,
          59.8398,
          6073.99
        ]
      ],
      "objLayer": 0,
      "props": {}
    },
    "bdt_t2_bomb_zone_04": {
      "type": "Sphere",
      "tm": [
        [
          0.000143926,
          0.0,
          500.0
        ],
        [
          0.0,
          500.0,
          0.0
        ],
        [
          -500.0,
          0.0,
          0.000143926
        ],
        [
          94.656,
          79.3033,
          9206.45
        ]
      ],
      "objLayer": 0,
      "props": {}
    },
    "bdt_t2_bomb_zone_05": {
      "type": "Sphere",
      "tm": [
        [
          -321.394,
          0.0,
          383.022
        ],
        [
          0.0,
          500.0,
          0.0
        ],
        [
          -383.022,
          0.0,
          -321.394
        ],
        [
          2015.24,
          26.978,
          15476.2
        ]
      ],
      "objLayer": 0,
      "props": {}
    },
    "bdt_t2_bomb_zone_06": {
      "type": "Sphere",
      "tm": [
        [
          0.000143926,
          0.0,
          500.0
        ],
        [
          0.0,
          500.0,
          0.0
        ],
        [
          -500.0,
          0.0,
          0.000143926
        ],
        [
          -21064.1,
          126.164,
          6548.05
        ]
      ],
      "objLayer": 0,
      "props": {}
    },
    "bdt_t2_bomb_zone_07": {
      "type": "Sphere",
      "tm": [
        [
          0.000143926,
          0.0,
          500.0
        ],
        [
          0.0,
          500.0,
          0.0
        ],
        [
          -500.0,
          0.0,
          0.000143926
        ],
        [
          -21838.5,
          113.914,
          15879.3
        ]
      ],
      "objLayer": 0,
      "props": {}
    },
    "bdt_t2_bomb_zone_08": {
      "type": "Sphere",
      "tm": [
        [
          337.795,
          0.0,
          368.639
        ],
        [
          0.0,
          500.0,
          0.0
        ],
        [
          -368.639,
          0.0,
          337.795
        ],
        [
          -7633.4,
          101.849,
          7033.94
        ]
      ],
      "objLayer": 0,
      "props": {}
    },
    "bdt_t1_bomb_zone_01": {
      "type": "Sphere",
      "tm": [
        [
          -211.309,
          0.0,
          453.154
        ],
        [
          0.0,
          500.0,
          0.0
        ],
        [
          -453.154,
          0.0,
          -211.309
        ],
        [
          -1874.25,
          151.613,
          -10895.6
        ]
      ],
      "objLayer": 0,
      "props": {}
    },
    "bdt_t1_bomb_zone_02": {
      "type": "Sphere",
      "tm": [
        [
          0.000143926,
          0.0,
          500.0
        ],
        [
          0.0,
          500.0,
          0.0
        ],
        [
          -500.0,
          0.0,
          0.000143926
        ],
        [
          3385.61,
          22.2969,
          -6777.65
        ]
      ],
      "objLayer": 0,
      "props": {}
    },
    "bdt_t1_bomb_zone_03": {
      "type": "Sphere",
      "tm": [
        [
          -129.409,
          0.0,
          482.963
        ],
        [
          0.0,
          500.0,
          0.0
        ],
        [
          -482.963,
          0.0,
          -129.409
        ],
        [
          1952.38,
          38.2018,
          -10965.8
        ]
      ],
      "objLayer": 0,
      "props": {}
    },
    "bdt_t1_bomb_zone_04": {
      "type": "Sphere",
      "tm": [
        [
          0.000143926,
          0.0,
          500.0
        ],
        [
          0.0,
          500.0,
          0.0
        ],
        [
          -500.0,
          0.0,
          0.000143926
        ],
        [
          -12019.5,
          110.645,
          -6635.55
        ]
      ],
      "objLayer": 0,
      "props": {}
    },
    "bdt_t1_bomb_zone_05": {
      "type": "Sphere",
      "tm": [
        [
          0.000143926,
          0.0,
          500.0
        ],
        [
          0.0,
          500.0,
          0.0
        ],
        [
          -500.0,
          0.0,
          0.000143926
        ],
        [
          -2923.75,
          276.489,
          -6831.75
        ]
      ],
      "objLayer": 0,
      "props": {}
    },
    "bdt_t1_bomb_zone_06": {
      "type": "Sphere",
      "tm": [
        [
          353.553,
          0.0,
          353.553
        ],
        [
          0.0,
          500.0,
          0.0
        ],
        [
          -353.553,
          0.0,
          353.553
        ],
        [
          8825.44,
          25.4153,
          -16458.9
        ]
      ],
      "objLayer": 0,
      "props": {}
    },
    "bdt_t1_bomb_zone_07": {
      "type": "Sphere",
      "tm": [
        [
          129.41,
          0.0,
          482.963
        ],
        [
          0.0,
          500.0,
          0.0
        ],
        [
          -482.963,
          0.0,
          129.41
        ],
        [
          -25332.5,
          109.483,
          -6451.0
        ]
      ],
      "objLayer": 0,
      "props": {}
    },
    "bdt_t1_bomb_zone_08": {
      "type": "Sphere",
      "tm": [
        [
          0.000143926,
          0.0,
          500.0
        ],
        [
          0.0,
          500.0,
          0.0
        ],
        [
          -500.0,
          0.0,
          0.000143926
        ],
        [
          -9636.47,
          134.07,
          -13703.3
        ]
      ],
      "objLayer": 0,
      "props": {}
    },
    "bdt_center_area": {
      "type": "Box",
      "tm": [
        [
          0.000480825,
          0.0,
          11000.0
        ],
        [
          0.0,
          500.1,
          0.0
        ],
        [
          -64000.0,
          0.0,
          0.00279753
        ],
        [
          0.0,
          57.1,
          0.0
        ]
      ],
      "objLayer": 3,
      "props": {}
    },
    "bdt_t1_bomb_zone_09": {
      "type": "Sphere",
      "tm": [
        [
          129.41,
          0.0,
          482.963
        ],
        [
          0.0,
          500.0,
          0.0
        ],
        [
          -482.963,
          0.0,
          129.41
        ],
        [
