{
  "selected_tag": "",
  "bin_dump_file": "",
  "mission_settings": {
    "player": {
      "army": 1
    },
    "player_teamB": {
      "army": 2
    },
    "mission": {
      "type": "singleMission",
      "level": "levels/water.bin",
      "environment": "Day",
      "weather": "good"
    }
  },
  "imports": {},
  "triggers": {
    "isCategory": true,
    "is_enabled": true
  },
  "mission_objectives": {
    "isCategory": true,
    "is_enabled": true
  },
  "variables": {},
  "dialogs": {},
  "airfields": {},
  "effects": {},
  "units": {
    "objectGroups": [
      {
        "name": "land_rover_fc_boxes_a_snow_01",
        "tm": [
          [
            0.898509,
            -0.0410415,
            0.437034
          ],
          [
            0.056441,
            0.998156,
            -0.0223023
          ],
          [
            -0.435313,
            0.0447053,
            0.899168
          ],
          [
            1911.36,
            300.35,
            1693.34
          ]
        ],
        "unit_class": "land_rover_fc_boxes_a_snow",
        "objLayer": 1,
        "props": {
          "army": 2,
          "active": true
        }
      },
      {
        "name": "land_rover_fc_boxes_a_snow_02",
        "tm": [
          [
            0.419926,
            0.0514721,
            -0.906099
          ],
          [
            -0.0269942,
            0.998657,
            0.0442195
          ],
          [
            0.907156,
            0.00589054,
            0.420751
          ],
          [
            1613.46,
            301.955,
            1564.52
          ]
        ],
        "unit_class": "land_rover_fc_boxes_a_snow",
        "objLayer": 1,
        "props": {
          "army": 2,
          "active": true
        }
      },
      {
        "name": "land_rover_fc_boxes_a_snow_03",
        "tm": [
          [
            0.958862,
            -0.105683,
            -0.263468
          ],
          [
            0.128398,
            0.989214,
            0.0704914
          ],
          [
            0.253176,
            -0.10142,
            0.96209
          ],
          [
            1381.75,
            301.868,
            1551.81
          ]
        ],
        "unit_class": "land_rover_fc_boxes_a_snow",
        "objLayer": 1,
        "props": {
          "army": 2,
          "active": true
        }
      },
      {
        "name": "land_rover_fc_boxes_a_snow_04",
        "tm": [
          [
            0.300706,
            0.0,
            -0.953717
          ],
          [
            -0.014029,
            0.999892,
            -0.00442334
          ],
          [
            0.953614,
            0.0147099,
            0.300673
          ],
          [
            1076.5,
            297.006,
            2483.3
          ]
        ],
        "unit_class": "land_rover_fc_boxes_a_snow",
        "objLayer": 1,
        "props": {
          "army": 2,
          "active": true
        }
      },
      {
        "name": "land_rover_fc_boxes_a_snow_05",
        "tm": [
          [
            0.98368,
            0.00897386,
            -0.179701
          ],
          [
            -0.00882777,
            0.99996,
            0.00161267
          ],
          [
            0.179708,
            0.0,
            0.98372
          ],
          [
            1029.0,
            297.308,
            2418.48
          ]
        ],
        "unit_class": "land_rover_fc_boxes_a_snow",
        "objLayer": 1,
        "props": {
          "army": 2,
          "active": true
        }
      },
      {
        "name": "land_rover_fc_boxes_a_snow_06",
        "tm": [
          [
            0.956572,
            0.0,
            0.291497
          ],
          [
            0.0051813,
            0.999842,
            -0.0170029
          ],
          [
            -0.291451,
            0.0177749,
            0.956421
          ],
          [
            1713.89,
            298.185,
            2049.98
          ]
        ],
        "unit_class": "land_rover_fc_boxes_a_snow",
        "objLayer": 1,
        "props": {
          "army": 2,
          "active": true
        }
      },
      {
        "name": "land_rover_fc_boxes_a_snow_07",
        "tm": [
          [
            0.426855,
            0.0196197,
            -0.904107
          ],
          [
            0.0610938,
            0.996855,
            0.0504765
          ],
          [
            0.902254,
            -0.0767814,
            0.424314
          ],
          [
            1123.95,
            296.057,
            2233.0
          ]
        ],
        "unit_class": "land_rover_fc_boxes_a_snow",
        "objLayer": 1,
        "props": {
          "army": 2,
          "active": true
        }
      },
      {
        "name": "land_rover_fc_boxes_a_snow_08",
        "tm": [
          [
            -0.608761,
            0.0,
            -0.793353
          ],
          [
            0.0691453,
            0.996195,
            -0.0530571
          ],
          [
            0.790334,
            -0.0871557,
            -0.606445
          ],
          [
            1005.11,
            298.35,
            1997.49
          ]
        ],
        "unit_class": "land_rover_fc_boxes_a_snow",
        "objLayer": 1,
        "props": {
          "army": 2,
          "active": true
        }
      },
      {
        "name": "land_rover_fc_boxes_a_snow_09",
        "tm": [
          [
            0.380748,
            -0.0248391,
            -0.924347
          ],
          [
            -0.00270353,
            0.999604,
            -0.0279752
          ],
          [
            0.924675,
            0.0131505,
            0.380529
          ],
          [
            1353.95,
            311.523,
            1422.99
          ]
        ],
        "unit_class": "land_rover_fc_boxes_a_snow",
        "objLayer": 1,
        "props": {
          "army": 2,
          "active": true
        }
      },
      {
        "name": "land_rover_fc_boxes_a_snow_10",
        "tm": [
          [
            -0.463606,
            -0.004539,
            -0.886032
          ],
          [
            0.00307615,
            0.999972,
            -0.00673247
          ],
          [
            0.886036,
            -0.00584673,
            -0.463578
          ],
          [
            1410.4,
            311.0,
            1435.45
          ]
        ],
        "unit_class": "land_rover_fc_boxes_a_snow",
        "objLayer": 1,
        "props": {
          "army": 2,
          "active": true
        }
      },
      {
        "name": "land_rover_fc_boxes_a_snow_11",
        "tm": [
          [
            -0.300706,
            0.0,
            0.953717
          ],
          [
            0.0,
            1.0,
            0.0
          ],
          [
            -0.953717,
            0.0,
            -0.300706
          ],
          [
            1198.7,
            318.956,
            1228.9
          ]
        ],
        "unit_class": "land_rover_fc_boxes_a_snow",
        "objLayer": 1,
        "props": {
          "army": 2,
          "active": true
        }
      },
      {
        "name": "land_rover_fc_boxes_a_snow_12",
        "tm": [
          [
            -0.574458,
            0.130058,
            0.808136
          ],
          [
            0.00552123,
            0.98789,
            -0.155062
          ],
          [
            -0.818516,
            -0.0846147,
            -0.568219
          ],
          [
            662.5,
            292.503,
            1895.67
          ]
        ],
        "unit_class": "land_rover_fc_boxes_a_snow",
        "objLayer": 1,
        "props": {
          "army": 2,
          "active": true
        }
      },
      {
        "name": "land_rover_fc_boxes_a_snow_13",
        "tm": [
          [
            -0.479723,
            0.0435782,
            -0.876338
          ],
          [
            -0.0173198,
            0.998101,
            0.0591143
          ],
          [
            0.877249,
            0.0435365,
            -0.478057
          ],
          [
            648.25,
            308.669,
            287.55
          ]
        ],
        "unit_class": "land_rover_fc_boxes_a_snow",
        "objLayer": 1,
        "props": {
          "army": 2,
          "active": true
        }
      },
      {
        "name": "land_rover_fc_boxes_a_snow_14",
        "tm": [
          [
            -0.675724,
            0.128618,
            0.725847
          ],
          [
            0.0547819,
            0.9907,
            -0.124551
          ],
          [
            -0.735117,
            -0.0443985,
            -0.676485
          ],
          [
            2417.93,
            303.534,
            795.771
          ]
        ],
        "unit_class": "land_rover_fc_boxes_a_snow",
        "objLayer": 1,
        "props": {
          "army": 2,
          "active": true
        }
      },
      {
        "name": "land_rover_fc_boxes_a_snow_15",
        "tm": [
          [
            0.424864,
            0.0795435,
            0.901755
          ],
          [
            0.00903002,
            0.99571,
            -0.0920857
          ],
          [
            -0.905211,
            0.0472668,
            0.422324
          ],
          [
            1968.02,
            300.617,
            911.349
          ]
        ],
        "unit_class": "land_rover_fc_boxes_a_snow",
        "objLayer": 1,
        "props": {
          "army": 2,
          "active": true
        }
      },
      {
        "name": "land_rover_fc_boxes_a_snow_16",
        "tm": [
          [
            -0.996782,
            0.0,
            -0.0801647
          ],
          [
            0.00329247,
            0.999156,
            -0.040939
          ],
          [
            0.0800969,
            -0.0410712,
            -0.995941
          ],
          [
            2831.9,
            308.537,
            982.415
          ]
        ],
        "unit_class": "land_rover_fc_boxes_a_snow",
        "objLayer": 1,
        "props": {
          "army": 2,
          "active": true
        }
      },
      {
        "name": "land_rover_fc_boxes_a_snow_17",
        "tm": [
          [
            -0.987211,
            0.0942917,
            -0.128553
          ],
          [
            0.0825776,
            0.992179,
            0.0936022
          ],
          [
            0.136374,
            0.0817895,
            -0.987276
          ],
          [
            3160.74,
            294.866,
            1295.67
          ]
        ],
        "unit_class": "land_rover_fc_boxes_a_snow",
        "objLayer": 1,
        "props": {
          "army": 2,
          "active": true
        }
      },
      {
        "name": "land_rover_fc_boxes_a_snow_18",
        "tm": [
          [
            -0.183207,
            0.175483,
            -0.967284
          ],
          [
            -0.0572748,
            0.980362,
            0.188704
          ],
          [
            0.981404,
            0.0899731,
            -0.169559
          ],
          [
            3317.01,
            294.014,
            1312.36
          ]
        ],
        "unit_class": "land_rover_fc_boxes_a_snow",
        "objLayer": 1,
        "props": {
          "army": 2,
          "active": true
        }
      },
      {
        "name": "land_rover_fc_boxes_a_snow_19",
        "tm": [
          [
            0.998887,
            0.0,
            0.0471824
          ],
          [
            0.000120331,
            0.999997,
            -0.00254755
          ],
          [
            -0.0471821,
            0.00255049,
            0.998883
          ],
          [
            2858.53,
            287.204,
            1953.84
          ]
        ],
        "unit_class": "land_rover_fc_boxes_a_snow",
        "objLayer": 1,
        "props": {
          "army": 2,
          "active": true
        }
      },
      {
        "name": "land_rover_fc_boxes_a_snow_20",
        "tm": [
          [
            -0.272659,
            -0.00576748,
            -0.962093
          ],
          [
            0.0381525,
            0.999131,
            -0.0168019
          ],
          [
            0.961354,
            -0.0412874,
            -0.272201
          ],
          [
            2946.15,
            284.6,
            569.0
          ]
        ],
        "unit_class": "land_rover_fc_boxes_a_snow",
        "objLayer": 1,
        "props": {
          "army": 2,
          "active": true
        }
      },
      {
        "name": "land_rover_fc_boxes_a_snow_21",
        "tm": [
          [
            -0.847959,
            0.0372021,
            0.528755
          ],
          [
            0.00930759,
            0.998425,
            -0.0553206
          ],
          [
            -0.52998,
            -0.0419881,
            -0.84697
          ],
          [
            2975.7,
            280.458,
            465.397
          ]
        ],
        "unit_class": "land_rover_fc_boxes_a_snow",
        "objLayer": 1,
        "props": {
          "army": 2,
          "active": true
        }
      },
      {
        "name": "land_rover_fc_boxes_a_snow_22",
        "tm": [
          [
            0.999048,
            0.0436194,
            0.0
          ],
          [
            -0.0436194,
            0.999048,
            0.0
          ],
          [
            0.0,
            0.0,
            1.0
          ],
          [
            2833.9,
            277.75,
            2177.35
          ]
        ],
        "unit_class": "land_rover_fc_boxes_a_snow",
        "objLayer": 1,
        "props": {
          "army": 2,
          "active": true
        }
      },
      {
        "name": "land_rover_fc_boxes_a_snow_23",
        "tm": [
          [
            0.997751,
            -0.0670224,
            0.0
          ],
          [
            0.0670224,
            0.997751,
            0.0
          ],
          [
            0.0,
            0.0,
            1.0
          ],
          [
            1394.0,
            296.857,
            2237.75
          ]
        ],
        "unit_class": "land_rover_fc_boxes_a_snow",
        "objLayer": 1,
        "props": {
          "army": 2,
          "active": true
        }
      },
      {
        "name": "land_rover_fc_boxes_a_snow_24",
        "tm": [
          [
            0.999896,
            -0.0144087,
            0.0
          ],
          [
            0.014394,
            0.99887,
            -0.0452929
          ],
          [
            0.000652614,
            0.0452882,
            0.998974
          ],
          [
            1395.17,
            294.0,
            2141.05
          ]
        ],
        "unit_class": "land_rover_fc_boxes_a_snow",
        "objLayer": 1,
        "props": {
          "army": 2,
          "active": true
        }
      },
      {
        "name": "land_rover_fc_boxes_a_snow_25",
        "tm": [
          [
            -0.171849,
            -0.0207601,
            1.0863
          ],
          [
            0.0321786,
            1.09922,
            0.0260977
          ],
          [
            -1.08602,
            0.0358548,
            -0.17112
          ],
          [
            857.5,
            293.284,
            2365.7
          ]
        ],
        "unit_class": "land_rover_fc_boxes_a_snow",
        "objLayer": 1,
        "props": {
          "army": 2,
          "active": true
        }
      },
      {
        "name": "land_rover_fc_boxes_a_snow_26",
        "tm": [
          [
            0.608761,
            0.0,
            0.793354
          ],
          [
            0.0289271,
            0.999335,
            -0.0221966
          ],
          [
            -0.792826,
            0.0364619,
            0.608356
          ],
          [
            831.151,
            292.894,
            2530.98
          ]
        ],
        "unit_class": "land_rover_fc_boxes_a_snow",
        "objLayer": 1,
        "props": {
          "army": 2,
          "active": true
        }
      },
      {
        "name": "land_rover_fc_boxes_a_snow_27",
        "tm": [
          [
            0.780678,
            -0.0114489,
            0.624828
          ],
          [
            0.0273499,
            0.9995,
            -0.0158578
          ],
          [
            -0.624334,
            0.0294688,
            0.780601
          ],
          [
            920.786,
            297.933,
            2890.69
          ]
        ],
        "unit_class": "land_rover_fc_boxes_a_snow",
        "objLayer": 1,
        "props": {
          "army": 2,
          "active": true
        }
      },
      {
        "name": "land_rover_fc_boxes_a_snow_28",
        "tm": [
          [
            -0.470212,
            0.0799213,
            0.878928
          ],
          [
            0.0102102,
            0.996318,
            -0.0851336
          ],
          [
            -0.882496,
            -0.0310563,
            -0.469296
          ],
          [
            758.608,
            292.55,
            2249.48
          ]
        ],
        "unit_class": "land_rover_fc_boxes_a_snow",
        "objLayer": 1,
        "props": {
          "army": 2,
          "active": true
        }
      },
      {
        "name": "land_rover_fc_boxes_a_snow_29",
        "tm": [
          [
            0.341459,
            0.0206554,
            0.93967
          ],
          [
            -0.00705449,
            0.999787,
            -0.0194134
          ],
          [
            -0.93987,
            0.0,
            0.341532
          ],
          [
            1081.88,
            292.238,
            2748.19
          ]
        ],
        "unit_class": "land_rover_fc_boxes_a_snow",
        "objLayer": 1,
        "props": {
          "army": 2,
          "active": true
        }
      },
      {
        "name": "land_rover_fc_boxes_a_snow_30",
        "tm": [
          [
            0.553245,
            -0.0334879,
            -0.832347
          ],
          [
            0.00249136,
            0.999253,
            -0.0385472
          ],
          [
            0.833015,
            0.0192524,
            0.552914
          ],
          [
            883.933,
            298.336,
            2881.06
          ]
        ],
        "unit_class": "land_rover_fc_boxes_a_snow",
        "objLayer": 1,
        "props": {
          "army": 2,
          "active": true
        }
      },
      {
        "name": "land_rover_fc_boxes_a_snow_31",
        "tm": [
          [
            -0.8412,
            0.125233,
            -0.526019
          ],
          [
            0.138268,
            0.990287,
            0.0146501
          ],
          [
            0.522745,
            -0.0604077,
            -0.850346
          ],
          [
            464.531,
            302.213,
            2289.36
          ]
        ],
        "unit_class": "land_rover_fc_boxes_a_snow",
        "objLayer": 1,
        "props": {
          "army": 2,
          "active": true
        }
      },
      {
        "name": "land_rover_fc_boxes_a_snow_32",
        "tm": [
          [
            0.575744,
            0.0411887,
            -0.81659
          ],
          [
            -0.0192015,
            0.999137,
            0.0368582
          ],
          [
            0.817404,
            -0.00554114,
            0.576038
          ],
          [
            750.383,
            299.607,
            3102.3
          ]
        ],
        "unit_class": "land_rover_fc_boxes_a_snow",
        "objLayer": 1,
        "props": {
          "army": 2,
          "active": true
        }
      },
      {
        "name": "land_rover_fc_boxes_a_snow_33",
        "tm": [
          [
            -0.99995,
            0.0101187,
            0.000524539
          ],
          [
            0.0100979,
            0.999484,
            -0.03046
          ],
          [
            -0.000832616,
            -0.0304531,
            -0.999535
          ],
          [
            727.894,
            294.879,
            2627.24
          ]
        ],
        "unit_class": "land_rover_fc_boxes_a_snow",
        "objLayer": 1,
        "props": {
          "army": 2,
          "active": true
        }
      },
      {
        "name": "land_rover_fc_boxes_a_snow_34",
        "tm": [
          [
            -0.729621,
            0.0440084,
            0.682435
          ],
          [
            -0.0280315,
            0.995164,
            -0.0941451
          ],
          [
            -0.683277,
            -0.0878197,
            -0.724858
          ],
          [
            1120.8,
            294.8,
            2628.13
          ]
        ],
        "unit_class": "land_rover_fc_boxes_a_snow",
        "objLayer": 1,
        "props": {
          "army": 2,
          "active": true
        }
      },
      {
        "name": "m198_155_mm_a_snow_01",
        "tm": [
          [
            -0.0816296,
            0.0890375,
            -0.992678
          ],
          [
            0.063719,
            0.99443,
            0.083955
          ],
          [
            0.994624,
            -0.0563992,
            -0.0868483
          ],
          [
            649.668,
            293.648,
            2069.58
          ]
        ],
        "unit_class": "m198_155_mm_a_snow",
        "objLayer": 1,
        "props": {
          "army": 2,
          "active": true
        }
      },
      {
        "name": "m198_155_mm_a_snow_02",
        "tm": [
          [
            0.202656,
            0.0,
            0.97925
          ],
          [
            0.0,
            1.0,
            0.0
          ],
          [
            -0.97925,
            0.0,
            0.202656
          ],
          [
            646.803,
            288.786,
            2154.22
          ]
        ],
        "unit_class": "m198_155_mm_a_snow",
        "objLayer": 1,
        "props": {
          "army": 2,
          "active": true
        }
      },
      {
        "name": "m198_155_mm_a_snow_03",
        "tm": [
          [
            -0.83061,
            0.0,
            0.556854
          ],
          [
            0.0,
            1.0,
            0.0
          ],
          [
            -0.556854,
            0.0,
            -0.83061
          ],
          [
            813.286,
            293.3,
            2531.11
          ]
        ],
        "unit_class": "m198_155_mm_a_snow",
        "objLayer": 1,
        "props": {
          "army": 2,
          "active": true
        }
      },
      {
        "name": "m198_155_mm_a_snow_04",
        "tm": [
          [
            -0.608762,
            0.0,
            -0.793353
          ],
          [
            0.0,
            1.0,
            0.0
          ],
          [
            0.793353,
            0.0,
            -0.608762
          ],
          [
            1836.87,
            304.317,
            1741.17
          ]
        ],
        "unit_class": "m198_155_mm_a_snow",
        "objLayer": 1,
        "props": {
          "army": 2,
          "active": true
        }
      },
      {
        "name": "m198_155_mm_a_snow_05",
        "tm": [
          [
            -0.938799,
            0.0436194,
            -0.341694
          ],
          [
            0.0409888,
            0.999048,
            0.0149187
          ],
          [
            0.34202,
            0.0,
            -0.939693
          ],
          [
            1903.6,
            300.559,
            1593.98
          ]
        ],
        "unit_class": "m198_155_mm_a_snow",
        "objLayer": 1,
        "props": {
          "army": 2,
          "active": true
        }
      },
      {
        "name": "m198_155_mm_a_snow_06",
        "tm": [
          [
            0.938816,
            -0.043186,
            -0.341701
          ],
          [
            0.0432005,
            0.999038,
            -0.00757128
          ],
          [
            0.341699,
            -0.00765362,
            0.939779
          ],
          [
            1975.68,
            298.19,
            1620.07
          ]
        ],
        "unit_class": "m198_155_mm_a_snow",
        "objLayer": 1,
        "props": {
          "army": 2,
          "active": true
        }
      },
      {
        "name": "m198_155_mm_a_snow_07",
        "tm": [
          [
            0.497156,
            -0.0636496,
            0.865323
          ],
          [
            0.0737303,
            0.996798,
            0.0309598
          ],
          [
            -0.864523,
            0.0484087,
            0.500256
          ],
          [
            1912.8,
            300.1,
            1771.24
          ]
        ],
        "unit_class": "m198_155_mm_a_snow",
        "objLayer": 1,
        "props": {
          "army": 2,
          "active": true
        }
      },
      {
        "name": "m198_155_mm_a_snow_08",
        "tm": [
          [
            0.456847,
            -0.0610742,
            0.887447
          ],
          [
            0.103721,
            0.994493,
            0.0150467
          ],
          [
            -0.883478,
            0.0851731,
            0.460665
          ],
          [
            1402.72,
            295.867,
            2246.16
          ]
        ],
        "unit_class": "m198_155_mm_a_snow",
        "objLayer": 1,
        "props": {
          "army": 2,
          "active": true
        }
      },
      {
        "name": "m198_155_mm_a_snow_09",
        "tm": [
          [
            0.984759,
            -0.151091,
            -0.0861549
          ],
          [
            0.150516,
            0.98852,
            -0.0131684
          ],
          [
            0.0871555,
            0.0,
            0.996195
          ],
          [
            1516.63,
            293.429,
            2199.73
          ]
        ],
        "unit_class": "m198_155_mm_a_snow",
        "objLayer": 1,
        "props": {
          "army": 2,
          "active": true
        }
      },
      {
        "name": "m198_155_mm_a_snow_10",
        "tm": [
          [
            0.087156,
            0.0,
            -0.996195
          ],
          [
            0.0,
            1.0,
            0.0
          ],
          [
            0.996195,
            0.0,
            0.087156
          ],
          [
            1451.0,
            293.899,
            2062.46
          ]
        ],
        "unit_class": "m198_155_mm_a_snow",
        "objLayer": 1,
        "props": {
          "army": 2,
          "active": true
        }
      },
      {
        "name": "m198_155_mm_a_snow_11",
        "tm": [
          [
            -0.965802,
            -0.0110749,
            -0.259043
          ],
          [
            -0.0165123,
            0.999687,
            0.0188239
          ],
          [
            0.258753,
            0.0224575,
            -0.965683
          ],
          [
            1383.43,
            293.978,
            2146.89
          ]
        ],
        "unit_class": "m198_155_mm_a_snow",
        "objLayer": 1,
        "props": {
          "army": 2,
          "active": true
        }
      },
      {
        "name": "m198_155_mm_a_snow_12",
        "tm": [
          [
            0.461888,
            0.0145045,
            -0.88682
          ],
          [
            -0.0367152,
            0.999322,
            -0.00277814
          ],
          [
            0.886178,
            0.033843,
            0.462108
          ],
          [
            1108.33,
            298.066,
            2452.01
          ]
        ],
        "unit_class": "m198_155_mm_a_snow",
        "objLayer": 1,
        "props": {
          "army": 2,
          "active": true
        }
      },
      {
        "name": "m198_155_mm_a_snow_13",
        "tm": [
          [
            0.965171,
            -0.0395247,
            0.258617
          ],
          [
            0.0381779,
            0.999219,
            0.0102297
          ],
          [
            -0.258819,
            0.0,
            0.965926
          ],
          [
            1048.68,
            293.322,
            2697.55
          ]
        ],
        "unit_class": "m198_155_mm_a_snow",
        "objLayer": 1,
        "props": {
          "army": 2,
          "active": true
        }
      },
      {
        "name": "m198_155_mm_a_snow_14",
        "tm": [
          [
            -0.960137,
            0.0131494,
            0.279222
          ],
          [
            0.016768,
            0.999803,
            0.0105751
          ],
          [
            -0.279028,
            0.0148355,
            -0.960169
          ],
          [
            896.969,
            297.952,
            2874.4
          ]
        ],
        "unit_class": "m198_155_mm_a_snow",
        "objLayer": 1,
        "props": {
          "army": 2,
          "active": true
        }
      },
      {
        "name": "m198_155_mm_a_snow_15",
        "tm": [
          [
            0.755139,
            -0.0364759,
            0.654548
          ],
          [
            0.0627509,
            0.997888,
            -0.0167854
          ],
          [
            -0.652553,
            0.0537488,
            0.755833
          ],
          [
            999.356,
            296.401,
            2830.35
          ]
        ],
        "unit_class": "m198_155_mm_a_snow",
        "objLayer": 1,
        "props": {
          "army": 2,
          "active": true
        }
      },
      {
        "name": "land_rover_fc_a_snow_01",
        "tm": [
          [
            -0.426458,
            0.0,
            -0.904508
          ],
          [
            0.00317389,
            0.999994,
            -0.00149643
          ],
          [
            0.904502,
            -0.00350897,
            -0.426455
          ],
          [
            1441.37,
            294.0,
            2168.31
          ]
        ],
        "unit_class": "land_rover_fc_a_snow",
        "objLayer": 1,
        "props": {
          "army": 2,
          "active": true
        }
      },
      {
        "name": "land_rover_fc_a_snow_02",
        "tm": [
          [
            -0.603636,
            -0.00932544,
            -0.797205
          ],
          [
            -0.00562942,
            0.999956,
            -0.00743462
          ],
          [
            0.79724,
            0.0,
            -0.603662
          ],
          [
            1425.65,
            294.08,
            2177.6
          ]
        ],
        "unit_class": "land_rover_fc_a_snow",
        "objLayer": 1,
        "props": {
          "army": 2,
          "active": true
        }
      },
      {
        "name": "land_rover_fc_a_snow_03",
        "tm": [
          [
            -0.0511385,
            0.0,
            0.998691
          ],
          [
            0.0,
            1.0,
            0.0
          ],
          [
            -0.998691,
            0.0,
            -0.0511385
          ],
          [
            1088.25,
            294.22,
            2579.72
          ]
        ],
        "unit_class": "land_rover_fc_a_snow",
        "objLayer": 1,
        "props": {
          "army": 2,
          "active": true
        }
      },
      {
        "name": "land_rover_fc_a_snow_04",
        "tm": [
          [
            0.603135,
            -0.0181205,
            -0.797433
          ],
          [
            0.0501778,
            0.998624,
            0.0152596
          ],
          [
            0.796059,
            -0.049217,
            0.603214
          ],
          [
            1110.6,
            294.251,
            2607.72
          ]
        ],
        "unit_class": "land_rover_fc_a_snow",
        "objLayer": 1,
        "props": {
          "army": 2,
          "active": true
        }
      },
      {
        "name": "land_rover_fc_a_snow_05",
        "tm": [
          [
            0.691654,
            0.0487021,
            -0.720585
          ],
          [
            -0.028517,
            0.998787,
            0.0401329
          ],
          [
            0.721666,
            -0.00720909,
            0.692204
          ],
          [
            2805.65,
            271.8,
            2381.55
          ]
        ],
        "unit_class": "land_rover_fc_a_snow",
        "objLayer": 1,
        "props": {
          "army": 2,
          "active": true
        }
      },
      {
        "name": "land_rover_fc_a_snow_06",
        "tm": [
          [
            0.134846,
            0.0435779,
            0.989908
          ],
          [
            0.0805397,
            0.995245,
            -0.054784
          ],
          [
            -0.987588,
            0.0871142,
            0.130695
          ],
          [
            2157.24,
            292.41,
            3404.25
          ]
        ],
        "unit_class": "land_rover_fc_a_snow",
        "objLayer": 1,
        "props": {
          "army": 2,
          "active": true
        }
      },
      {
        "name": "land_rover_fc_a_snow_07",
        "tm": [
          [
            -0.992266,
            -0.0432462,
            -0.116357
          ],
          [
            -0.0273677,
            0.990501,
            -0.134753
          ],
          [
            0.121079,
            -0.130526,
            -0.984024
          ],
          [
            2537.65,
            277.613,
            3395.25
          ]
        ],
        "unit_class": "land_rover_fc_a_snow",
        "objLayer": 1,
        "props": {
          "army": 2,
          "active": true
        }
      },
      {
        "name": "land_rover_fc_a_snow_08",
        "tm": [
          [
            0.737277,
            0.0,
            -0.67559
          ],
          [
            0.0,
            1.0,
            0.0
          ],
          [
            0.67559,
            0.0,
            0.737277
          ],
          [
            1112.26,
            296.392,
            3497.42
          ]
        ],
        "unit_class": "land_rover_fc_a_snow",
        "objLayer": 1,
        "props": {
          "army": 2,
          "active": true
        }
      },
      {
        "name": "land_rover_fc_abandoned_a_snow_01",
        "tm": [
          [
            -0.315941,
            -0.0480404,
            -0.947562
          ],
          [
            -0.0151955,
            0.998845,
            -0.0455739
          ],
          [
            0.948657,
            0.0,
            -0.316306
          ],
          [
            2823.2,
            269.35,
            2450.45
          ]
        ],
        "unit_class": "land_rover_fc_abandoned_a_snow",
        "objLayer": 1,
        "props": {
          "army": 2,
          "active": true
        }
      },
      {
        "name": "land_rover_fc_abandoned_a_snow_02",
        "tm": [
          [
            0.76276,
            0.0,
            -0.646682
          ],
          [
            0.0,
            1.0,
            0.0
          ],
          [
            0.646682,
            0.0,
            0.76276
          ],
          [
            2808.35,
            272.0,
            2380.15
          ]
        ],
        "unit_class": "land_rover_fc_abandoned_a_snow",
        "objLayer": 1,
        "props": {
          "army": 2,
          "active": true
        }
      },
      {
        "name": "land_rover_fc_abandoned_a_snow_03",
        "tm": [
          [
            0.5,
            0.0,
            -0.866025
          ],
          [
            0.0,
            1.0,
            0.0
          ],
          [
            0.866025,
            0.0,
            0.5
          ],
          [
            1532.3,
            296.95,
            2697.8
          ]
        ],
        "unit_class": "land_rover_fc_abandoned_a_snow",
        "objLayer": 1,
        "props": {
          "army": 2,
          "active": true
        }
      },
      {
        "name": "land_rover_fc_abandoned_a_snow_04",
        "tm": [
          [
            -0.894656,
            0.120742,
            0.43013
          ],
          [
            0.10356,
            0.992611,
            -0.0632337
          ],
          [
            -0.434586,
            -0.0120281,
            -0.90055
          ],
          [
            1207.2,
            293.95,
            2684.73
          ]
        ],
        "unit_class": "land_rover_fc_abandoned_a_snow",
        "objLayer": 1,
        "props": {
          "army": 2,
          "active": true
        }
      },
      {
        "name": "land_rover_fc_abandoned_a_snow_05",
        "tm": [
          [
            0.990036,
            -0.111423,
            0.0861064
          ],
          [
            0.119094,
            0.988816,
            -0.0897798
          ],
          [
            -0.0751398,
            0.09914,
            0.992233
          ],
          [
            1210.6,
            293.4,
            2681.15
          ]
        ],
        "unit_class": "land_rover_fc_abandoned_a_snow",
        "objLayer": 1,
        "props": {
          "army": 2,
          "active": true
        }
      },
      {
        "name": "land_rover_fc_abandoned_a_snow_06",
        "tm": [
          [
            0.976005,
            0.0,
            0.217746
          ],
          [
            0.0,
            1.0,
            0.0
          ],
          [
            -0.217746,
            0.0,
            0.976005
          ],
          [
            1023.95,
            295.8,
            2874.45
          ]
        ],
        "unit_class": "land_rover_fc_abandoned_a_snow",
        "objLayer": 1,
        "props": {
          "army": 2,
          "active": true
        }
      },
      {
        "name": "land_rover_fc_abandoned_a_snow_07",
        "tm": [
          [
            0.461749,
            0.0,
            -0.887011
          ],
          [
            0.0,
            1.0,
            0.0
          ],
          [
            0.887011,
            0.0,
            0.461749
          ],
          [
            1116.37,
            296.45,
            3496.75
          ]
        ],
        "unit_class": "land_rover_fc_abandoned_a_snow",
        "objLayer": 1,
        "props": {
          "army": 2,
          "active": true
        }
      },
      {
        "name": "land_rover_fc_dmg_a_snow_01",
        "tm": [
          [
            -0.870142,
            0.14465,
            -0.471094
          ],
          [
            0.116613,
            0.98924,
            0.0883552
          ],
          [
            0.478806,
            0.0219458,
            -0.877647
          ],
          [
            1924.01,
            299.693,
            1665.36
          ]
        ],
        "unit_class": "land_rover_fc_dmg_a_snow",
        "objLayer": 1,
        "props": {
          "army": 2,
          "active": true
        }
      },
      {
        "name": "land_rover_fc_dmg_a_snow_02",
        "tm": [
          [
            0.554464,
            0.080327,
            0.828322
          ],
          [
            -0.0808883,
            0.99582,
            -0.0424251
          ],
          [
            -0.828268,
            -0.0434784,
            0.558643
          ],
          [
            983.119,
            296.25,
            2430.87
          ]
        ],
        "unit_class": "land_rover_fc_dmg_a_snow",
        "objLayer": 1,
        "props": {
          "army": 2,
          "active": true
        }
      },
      {
        "name": "land_rover_fc_dmg_a_snow_03",
        "tm": [
          [
            0.939692,
            0.0,
            -0.34202
          ],
          [
            0.0,
            1.0,
            0.0
          ],
          [
            0.34202,
