{
  "selected_tag": "",
  "bin_dump_file": "",
  "mission_settings": {
    "player": {
      "army": 1
    },
    "player_teamB": {
      "army": 2
    },
    "mission": {
      "type": "singleMission",
      "level": "levels/water.bin",
      "environment": "Day",
      "weather": "good"
    }
  },
  "imports": {},
  "triggers": {
    "isCategory": true,
    "is_enabled": true
  },
  "mission_objectives": {
    "isCategory": true,
    "is_enabled": true
  },
  "variables": {},
  "dialogs": {},
  "airfields": {},
  "effects": {},
  "units": {
    "objectGroups": [
      {
        "name": "opel_blitz_kfz_305_box_snow_01",
        "tm": [
          [
            0.898509,
            -0.0410415,
            0.437034
          ],
          [
            0.0445845,
            0.999002,
            0.00215315
          ],
          [
            -0.436687,
            0.0175502,
            0.899442
          ],
          [
            1912.19,
            300.254,
            1693.74
          ]
        ],
        "unit_class": "opel_blitz_kfz_305_box_snow",
        "objLayer": 1,
        "props": {
          "army": 2,
          "active": true
        }
      },
      {
        "name": "opel_blitz_kfz_305_box_snow_02",
        "tm": [
          [
            0.420702,
            -0.0334879,
            -0.906582
          ],
          [
            0.00215976,
            0.999352,
            -0.0359126
          ],
          [
            0.907196,
            0.0131505,
            0.420501
          ],
          [
            1613.46,
            301.9,
            1564.52
          ]
        ],
        "unit_class": "opel_blitz_kfz_305_box_snow",
        "objLayer": 1,
        "props": {
          "army": 2,
          "active": true
        }
      },
      {
        "name": "opel_blitz_kfz_305_box_snow_03",
        "tm": [
          [
            0.964514,
            -0.0435779,
            -0.260411
          ],
          [
            0.0625446,
            0.995923,
            0.0649932
          ],
          [
            0.256517,
            -0.0789742,
            0.963309
          ],
          [
            1381.75,
            301.714,
            1551.8
          ]
        ],
        "unit_class": "opel_blitz_kfz_305_box_snow",
        "objLayer": 1,
        "props": {
          "army": 2,
          "active": true
        }
      },
      {
        "name": "opel_blitz_kfz_305_box_snow_04",
        "tm": [
          [
            0.300706,
            0.0,
            -0.953717
          ],
          [
            -0.0347743,
            0.999335,
            -0.0109643
          ],
          [
            0.953083,
            0.0364619,
            0.300506
          ],
          [
            1076.5,
            296.95,
            2483.3
          ]
        ],
        "unit_class": "opel_blitz_kfz_305_box_snow",
        "objLayer": 1,
        "props": {
          "army": 2,
          "active": true
        }
      },
      {
        "name": "opel_blitz_kfz_305_box_snow_05",
        "tm": [
          [
            0.98347,
            0.0176283,
            -0.180213
          ],
          [
            -0.0126238,
            0.999503,
            0.0288794
          ],
          [
            0.180632,
            -0.0261271,
            0.983204
          ],
          [
            1028.89,
            297.198,
            2418.5
          ]
        ],
        "unit_class": "opel_blitz_kfz_305_box_snow",
        "objLayer": 1,
        "props": {
          "army": 2,
          "active": true
        }
      },
      {
        "name": "opel_blitz_kfz_305_box_snow_06",
        "tm": [
          [
            0.799528,
            0.00669322,
            0.600592
          ],
          [
            0.00571291,
            0.999808,
            -0.0187474
          ],
          [
            -0.600602,
            0.0184202,
            0.799336
          ],
          [
            1713.89,
            298.077,
            2049.99
          ]
        ],
        "unit_class": "opel_blitz_kfz_305_box_snow",
        "objLayer": 1,
        "props": {
          "army": 2,
          "active": true
        }
      },
      {
        "name": "opel_blitz_kfz_305_box_snow_07",
        "tm": [
          [
            0.427538,
            0.0558555,
            -0.90227
          ],
          [
            0.0483961,
            0.995244,
            0.0845434
          ],
          [
            0.902701,
            -0.0798118,
            0.422801
          ],
          [
            1123.95,
            296.002,
            2233.0
          ]
        ],
        "unit_class": "opel_blitz_kfz_305_box_snow",
        "objLayer": 1,
        "props": {
          "army": 2,
          "active": true
        }
      },
      {
        "name": "opel_blitz_kfz_305_box_snow_08",
        "tm": [
          [
            -0.608761,
            0.0,
            -0.793353
          ],
          [
            0.0797233,
            0.994938,
            -0.0611739
          ],
          [
            0.789337,
            -0.100489,
            -0.60568
          ],
          [
            1005.1,
            298.155,
            1997.5
          ]
        ],
        "unit_class": "opel_blitz_kfz_305_box_snow",
        "objLayer": 1,
        "props": {
          "army": 2,
          "active": true
        }
      },
      {
        "name": "opel_blitz_kfz_305_box_snow_09",
        "tm": [
          [
            0.380757,
            -0.0334879,
            -0.92407
          ],
          [
            0.000591219,
            0.999352,
            -0.0359726
          ],
          [
            0.924675,
            0.0131505,
            0.380529
          ],
          [
            1353.95,
            311.372,
            1423.0
          ]
        ],
        "unit_class": "opel_blitz_kfz_305_box_snow",
        "objLayer": 1,
        "props": {
          "army": 2,
          "active": true
        }
      },
      {
        "name": "opel_blitz_kfz_305_box_snow_10",
        "tm": [
          [
            -0.461317,
            0.0724657,
            -0.884273
          ],
          [
            0.0587998,
            0.996964,
            0.0510252
          ],
          [
            0.885285,
            -0.0284562,
            -0.464176
          ],
          [
            1409.85,
            310.925,
            1434.66
          ]
        ],
        "unit_class": "opel_blitz_kfz_305_box_snow",
        "objLayer": 1,
        "props": {
          "army": 2,
          "active": true
        }
      },
      {
        "name": "opel_blitz_kfz_305_box_snow_11",
        "tm": [
          [
            -0.300586,
            -0.0463116,
            0.95263
          ],
          [
            -0.0273166,
            0.998829,
            0.0399382
          ],
          [
            -0.953364,
            -0.0140177,
            -0.301499
          ],
          [
            1198.7,
            318.874,
            1228.9
          ]
        ],
        "unit_class": "opel_blitz_kfz_305_box_snow",
        "objLayer": 1,
        "props": {
          "army": 2,
          "active": true
        }
      },
      {
        "name": "opel_blitz_kfz_305_box_snow_12",
        "tm": [
          [
            -0.552663,
            0.0339014,
            0.832715
          ],
          [
            -0.0234513,
            0.998144,
            -0.0562007
          ],
          [
            -0.833075,
            -0.0505882,
            -0.550843
          ],
          [
            662.152,
            292.542,
            1896.19
          ]
        ],
        "unit_class": "opel_blitz_kfz_305_box_snow",
        "objLayer": 1,
        "props": {
          "army": 2,
          "active": true
        }
      },
      {
        "name": "opel_blitz_kfz_305_box_snow_13",
        "tm": [
          [
            -0.481091,
            0.0514008,
            -0.875163
          ],
          [
            -0.0265755,
            0.996965,
            0.0731635
          ],
          [
            0.876268,
            0.0584563,
            -0.478265
          ],
          [
            648.265,
            308.527,
            287.554
          ]
        ],
        "unit_class": "opel_blitz_kfz_305_box_snow",
        "objLayer": 1,
        "props": {
          "army": 2,
          "active": true
        }
      },
      {
        "name": "opel_blitz_kfz_305_box_snow_14",
        "tm": [
          [
            -0.670294,
            0.10055,
            0.735252
          ],
          [
            0.0336014,
            0.993875,
            -0.105285
          ],
          [
            -0.741334,
            -0.0458662,
            -0.669567
          ],
          [
            2417.93,
            303.517,
            795.773
          ]
        ],
        "unit_class": "opel_blitz_kfz_305_box_snow",
        "objLayer": 1,
        "props": {
          "army": 2,
          "active": true
        }
      },
      {
        "name": "opel_blitz_kfz_305_box_snow_15",
        "tm": [
          [
            0.425169,
            0.033271,
            0.904501
          ],
          [
            0.00327033,
            0.999261,
            -0.0382938
          ],
          [
            -0.905107,
            0.0192394,
            0.424747
          ],
          [
            1968.02,
            300.46,
            911.363
          ]
        ],
        "unit_class": "opel_blitz_kfz_305_box_snow",
        "objLayer": 1,
        "props": {
          "army": 2,
          "active": true
        }
      },
      {
        "name": "opel_blitz_kfz_305_box_snow_16",
        "tm": [
          [
            -0.974212,
            -0.00798303,
            -0.225496
          ],
          [
            0.00435672,
            0.998522,
            -0.0541722
          ],
          [
            0.225595,
            -0.0537576,
            -0.972737
          ],
          [
            2832.34,
            308.358,
            982.016
          ]
        ],
        "unit_class": "opel_blitz_kfz_305_box_snow",
        "objLayer": 1,
        "props": {
          "army": 2,
          "active": true
        }
      },
      {
        "name": "opel_blitz_kfz_305_box_snow_17",
        "tm": [
          [
            -0.997837,
            0.0472121,
            -0.0457507
          ],
          [
            0.0422188,
            0.993623,
            0.104556
          ],
          [
            0.050395,
            0.102398,
            -0.993467
          ],
          [
            3160.73,
            294.739,
            1295.66
          ]
        ],
        "unit_class": "opel_blitz_kfz_305_box_snow",
        "objLayer": 1,
        "props": {
          "army": 2,
          "active": true
        }
      },
      {
        "name": "opel_blitz_kfz_305_box_snow_18",
        "tm": [
          [
            -0.183229,
            0.131918,
            -0.974178
          ],
          [
            -0.0547297,
            0.98805,
            0.144091
          ],
          [
            0.981545,
            0.0797181,
            -0.17382
          ],
          [
            3317.01,
            293.94,
            1312.35
          ]
        ],
        "unit_class": "opel_blitz_kfz_305_box_snow",
        "objLayer": 1,
        "props": {
          "army": 2,
          "active": true
        }
      },
      {
        "name": "opel_blitz_kfz_305_box_snow_19",
        "tm": [
          [
            0.998887,
            0.0,
            0.0471824
          ],
          [
            -0.000702476,
            0.999889,
            0.014872
          ],
          [
            -0.047177,
            -0.0148884,
            0.998775
          ],
          [
            2858.53,
            287.076,
            1953.85
          ]
        ],
        "unit_class": "opel_blitz_kfz_305_box_snow",
        "objLayer": 1,
        "props": {
          "army": 2,
          "active": true
        }
      },
      {
        "name": "opel_blitz_kfz_305_box_snow_20",
        "tm": [
          [
            -0.316171,
            0.0,
            -0.948702
          ],
          [
            0.0214908,
            0.999743,
            -0.00716219
          ],
          [
            0.948459,
            -0.0226529,
            -0.31609
          ],
          [
            2945.85,
            284.468,
            568.2
          ]
        ],
        "unit_class": "opel_blitz_kfz_305_box_snow",
        "objLayer": 1,
        "props": {
          "army": 2,
          "active": true
        }
      },
      {
        "name": "opel_blitz_kfz_305_box_snow_21",
        "tm": [
          [
            -0.848304,
            0.0,
            0.529509
          ],
          [
            -0.0205003,
            0.99925,
            -0.0328426
          ],
          [
            -0.529112,
            -0.0387156,
            -0.847668
          ],
          [
            2975.7,
            280.429,
            465.398
          ]
        ],
        "unit_class": "opel_blitz_kfz_305_box_snow",
        "objLayer": 1,
        "props": {
          "army": 2,
          "active": true
        }
      },
      {
        "name": "opel_blitz_kfz_305_box_snow_22",
        "tm": [
          [
            1.0,
            0.0,
            0.0
          ],
          [
            0.0,
            1.0,
            0.0
          ],
          [
            0.0,
            0.0,
            1.0
          ],
          [
            2833.9,
            277.69,
            2177.35
          ]
        ],
        "unit_class": "opel_blitz_kfz_305_box_snow",
        "objLayer": 1,
        "props": {
          "army": 2,
          "active": true
        }
      },
      {
        "name": "opel_blitz_kfz_305_box_snow_23",
        "tm": [
          [
            0.998513,
            -0.0544936,
            -0.00133558
          ],
          [
            0.0545093,
            0.998078,
            0.0294677
          ],
          [
            -0.000272783,
            -0.0294967,
            0.999565
          ],
          [
            1394.0,
            296.701,
            2237.75
          ]
        ],
        "unit_class": "opel_blitz_kfz_305_box_snow",
        "objLayer": 1,
        "props": {
          "army": 2,
          "active": true
        }
      },
      {
        "name": "opel_blitz_kfz_305_box_snow_24",
        "tm": [
          [
            1.0,
            0.0,
            0.0
          ],
          [
            0.0,
            0.99975,
            -0.022355
          ],
          [
            0.0,
            0.022355,
            0.99975
          ],
          [
            1395.17,
            293.972,
            2141.05
          ]
        ],
        "unit_class": "opel_blitz_kfz_305_box_snow",
        "objLayer": 1,
        "props": {
          "army": 2,
          "active": true
        }
      },
      {
        "name": "opel_blitz_kfz_305_box_snow_25",
        "tm": [
          [
            0.11625,
            0.0,
            1.09384
          ],
          [
            0.0196813,
            1.09982,
            -0.00209167
          ],
          [
            -1.09366,
            0.0197921,
            0.116231
          ],
          [
            857.046,
            293.177,
            2365.71
          ]
        ],
        "unit_class": "opel_blitz_kfz_305_box_snow",
        "objLayer": 1,
        "props": {
          "army": 2,
          "active": true
        }
      },
      {
        "name": "opel_blitz_kfz_305_box_snow_26",
        "tm": [
          [
            0.608761,
            0.0,
            0.793354
          ],
          [
            0.0289271,
            0.999335,
            -0.0221966
          ],
          [
            -0.792826,
            0.0364619,
            0.608356
          ],
          [
            831.15,
            292.85,
            2530.98
          ]
        ],
        "unit_class": "opel_blitz_kfz_305_box_snow",
        "objLayer": 1,
        "props": {
          "army": 2,
          "active": true
        }
      },
      {
        "name": "opel_blitz_kfz_305_box_snow_27",
        "tm": [
          [
            0.781394,
            0.020356,
            0.623706
          ],
          [
            -0.0144704,
            0.99979,
            -0.0145014
          ],
          [
            -0.62387,
            0.00230602,
            0.781525
          ],
          [
            920.787,
            297.856,
            2890.7
          ]
        ],
        "unit_class": "opel_blitz_kfz_305_box_snow",
        "objLayer": 1,
        "props": {
          "army": 2,
          "active": true
        }
      },
      {
        "name": "opel_blitz_kfz_305_box_snow_28",
        "tm": [
          [
            -0.468825,
            0.042688,
            0.882259
          ],
          [
            -0.0458601,
            0.996309,
            -0.0725761
          ],
          [
            -0.882101,
            -0.0744855,
            -0.465136
          ],
          [
            758.611,
            292.554,
            2249.48
          ]
        ],
        "unit_class": "opel_blitz_kfz_305_box_snow",
        "objLayer": 1,
        "props": {
          "army": 2,
          "active": true
        }
      },
      {
        "name": "opel_blitz_kfz_305_box_snow_29",
        "tm": [
          [
            0.341532,
            0.0,
            0.93987
          ],
          [
            0.0,
            1.0,
            0.0
          ],
          [
            -0.93987,
            0.0,
            0.341532
          ],
          [
            1081.88,
            292.15,
            2748.19
          ]
        ],
        "unit_class": "opel_blitz_kfz_305_box_snow",
        "objLayer": 1,
        "props": {
          "army": 2,
          "active": true
        }
      },
      {
        "name": "opel_blitz_kfz_305_box_snow_30",
        "tm": [
          [
            0.553245,
            -0.0334879,
            -0.832347
          ],
          [
            0.00757776,
            0.999352,
            -0.0351704
          ],
          [
            0.832984,
            0.0131505,
            0.553139
          ],
          [
            883.932,
            298.203,
            2881.06
          ]
        ],
        "unit_class": "opel_blitz_kfz_305_box_snow",
        "objLayer": 1,
        "props": {
          "army": 2,
          "active": true
        }
      },
      {
        "name": "opel_blitz_kfz_305_box_snow_31",
        "tm": [
          [
            -0.848384,
            0.0608955,
            -0.525865
          ],
          [
            0.0835487,
            0.996315,
            -0.0194162
          ],
          [
            0.522745,
            -0.0604077,
            -0.850346
          ],
          [
            464.516,
            302.099,
            2289.36
          ]
        ],
        "unit_class": "opel_blitz_kfz_305_box_snow",
        "objLayer": 1,
        "props": {
          "army": 2,
          "active": true
        }
      },
      {
        "name": "opel_blitz_kfz_305_box_snow_32",
        "tm": [
          [
            0.844725,
            0.0359329,
            -0.533991
          ],
          [
            -0.0192015,
            0.999137,
            0.0368582
          ],
          [
            0.534855,
            -0.0208816,
            0.844686
          ],
          [
            750.386,
            299.445,
            3102.29
          ]
        ],
        "unit_class": "opel_blitz_kfz_305_box_snow",
        "objLayer": 1,
        "props": {
          "army": 2,
          "active": true
        }
      },
      {
        "name": "opel_blitz_kfz_305_box_snow_33",
        "tm": [
          [
            -0.999815,
            -0.0192369,
            0.00147859
          ],
          [
            -0.0192692,
            0.999469,
            -0.0262436
          ],
          [
            -0.000973094,
            -0.0262672,
            -0.999654
          ],
          [
            727.9,
            294.74,
            2627.24
          ]
        ],
        "unit_class": "opel_blitz_kfz_305_box_snow",
        "objLayer": 1,
        "props": {
          "army": 2,
          "active": true
        }
      },
      {
        "name": "opel_blitz_kfz_305_box_snow_34",
        "tm": [
          [
            -0.728118,
            0.0153342,
            0.685281
          ],
          [
            -0.0506879,
            0.995808,
            -0.0761391
          ],
          [
            -0.683576,
            -0.0901736,
            -0.724288
          ],
          [
            1120.8,
            294.777,
            2628.14
          ]
        ],
        "unit_class": "opel_blitz_kfz_305_box_snow",
        "objLayer": 1,
        "props": {
          "army": 2,
          "active": true
        }
      },
      {
        "name": "88mm_flak_36_canon_c_01",
        "tm": [
          [
            -0.0815048,
            0.107184,
            -0.990893
          ],
          [
            0.0283113,
            0.994048,
            0.105196
          ],
          [
            0.996271,
            -0.0194795,
            -0.0840542
          ],
          [
            649.668,
            293.707,
            2069.58
          ]
        ],
        "unit_class": "88mm_flak_36_canon_c",
        "objLayer": 1,
        "props": {
          "army": 2,
          "active": true
        }
      },
      {
        "name": "88mm_flak_36_canon_c_02",
        "tm": [
          [
            0.202656,
            0.0,
            0.97925
          ],
          [
            0.0445718,
            0.998964,
            -0.00922414
          ],
          [
            -0.978235,
            0.0455163,
            0.202446
          ],
          [
            646.803,
            288.938,
            2154.22
          ]
        ],
        "unit_class": "88mm_flak_36_canon_c",
        "objLayer": 1,
        "props": {
          "army": 2,
          "active": true
        }
      },
      {
        "name": "88mm_flak_36_canon_c_03",
        "tm": [
          [
            -0.82925,
            0.0571996,
            0.555942
          ],
          [
            0.0475106,
            0.998363,
            -0.0318519
          ],
          [
            -0.556854,
            0.0,
            -0.83061
          ],
          [
            813.286,
            293.417,
            2531.11
          ]
        ],
        "unit_class": "88mm_flak_36_canon_c",
        "objLayer": 1,
        "props": {
          "army": 2,
          "active": true
        }
      },
      {
        "name": "88mm_flak_36_canon_c_04",
        "tm": [
          [
            -0.608762,
            0.0,
            -0.793353
          ],
          [
            0.0135727,
            0.999854,
            -0.0104147
          ],
          [
            0.793237,
            -0.017108,
            -0.608673
          ],
          [
            1836.87,
            304.333,
            1741.17
          ]
        ],
        "unit_class": "88mm_flak_36_canon_c",
        "objLayer": 1,
        "props": {
          "army": 2,
          "active": true
        }
      },
      {
        "name": "88mm_flak_36_canon_c_05",
        "tm": [
          [
            -0.937365,
            0.0584975,
            -0.343403
          ],
          [
            0.0628048,
            0.998025,
            -0.00142408
          ],
          [
            0.342641,
            -0.0229022,
            -0.939187
          ],
          [
            1903.6,
            300.551,
            1593.98
          ]
        ],
        "unit_class": "88mm_flak_36_canon_c",
        "objLayer": 1,
        "props": {
          "army": 2,
          "active": true
        }
      },
      {
        "name": "88mm_flak_36_canon_c_06",
        "tm": [
          [
            0.939053,
            -0.0368956,
            -0.341787
          ],
          [
            0.0346705,
            0.999319,
            -0.012619
          ],
          [
            0.34202,
            0.0,
            0.939693
          ],
          [
            1975.68,
            298.19,
            1620.07
          ]
        ],
        "unit_class": "88mm_flak_36_canon_c",
        "objLayer": 1,
        "props": {
          "army": 2,
          "active": true
        }
      },
      {
        "name": "88mm_flak_36_canon_c_07",
        "tm": [
          [
            0.498458,
            -0.040036,
            0.865988
          ],
          [
            0.0559751,
            0.998335,
            0.0139356
          ],
          [
            -0.865105,
            0.0415275,
            0.499869
          ],
          [
            1912.8,
            300.126,
            1771.24
          ]
        ],
        "unit_class": "88mm_flak_36_canon_c",
        "objLayer": 1,
        "props": {
          "army": 2,
          "active": true
        }
      },
      {
        "name": "88mm_flak_36_canon_c_08",
        "tm": [
          [
            0.458891,
            -0.0417957,
            0.887509
          ],
          [
            0.0778433,
            0.996943,
            0.00669996
          ],
          [
            -0.885076,
            0.0660121,
            0.460742
          ],
          [
            1402.72,
            295.88,
            2246.16
          ]
        ],
        "unit_class": "88mm_flak_36_canon_c",
        "objLayer": 1,
        "props": {
          "army": 2,
          "active": true
        }
      },
      {
        "name": "88mm_flak_36_canon_c_09",
        "tm": [
          [
            0.980768,
            -0.175303,
            -0.0858058
          ],
          [
            0.174636,
            0.984514,
            -0.0152786
          ],
          [
            0.0871555,
            0.0,
            0.996195
          ],
          [
            1516.63,
            293.441,
            2199.73
          ]
        ],
        "unit_class": "88mm_flak_36_canon_c",
        "objLayer": 1,
        "props": {
          "army": 2,
          "active": true
        }
      },
      {
        "name": "88mm_flak_36_canon_c_10",
        "tm": [
          [
            0.087156,
            0.0,
            -0.996195
          ],
          [
            0.0,
            1.0,
            0.0
          ],
          [
            0.996195,
            0.0,
            0.087156
          ],
          [
            1451.0,
            293.899,
            2062.46
          ]
        ],
        "unit_class": "88mm_flak_36_canon_c",
        "objLayer": 1,
        "props": {
          "army": 2,
          "active": true
        }
      },
      {
        "name": "88mm_flak_36_canon_c_11",
        "tm": [
          [
            -0.965926,
            0.0,
            -0.258819
          ],
          [
            0.0,
            1.0,
            0.0
          ],
          [
            0.258819,
            0.0,
            -0.965926
          ],
          [
            1383.43,
            293.978,
            2146.89
          ]
        ],
        "unit_class": "88mm_flak_36_canon_c",
        "objLayer": 1,
        "props": {
          "army": 2,
          "active": true
        }
      },
      {
        "name": "88mm_flak_36_canon_c_12",
        "tm": [
          [
            0.461749,
            0.0,
            -0.887011
          ],
          [
            -0.0274087,
            0.999523,
            -0.0142681
          ],
          [
            0.886587,
            0.0309001,
            0.461529
          ],
          [
            1108.33,
            298.117,
            2452.01
          ]
        ],
        "unit_class": "88mm_flak_36_canon_c",
        "objLayer": 1,
        "props": {
          "army": 2,
          "active": true
        }
      },
      {
        "name": "88mm_flak_36_canon_c_13",
        "tm": [
          [
            0.965208,
            -0.0385602,
            0.258626
          ],
          [
            0.0372463,
            0.999256,
            0.00998011
          ],
          [
            -0.258819,
            0.0,
            0.965926
          ],
          [
            1048.68,
            293.38,
            2697.55
          ]
        ],
        "unit_class": "88mm_flak_36_canon_c",
        "objLayer": 1,
        "props": {
          "army": 2,
          "active": true
        }
      },
      {
        "name": "88mm_flak_36_canon_c_14",
        "tm": [
          [
            -0.960083,
            0.0094806,
            0.279557
          ],
          [
            0.0190391,
            0.999323,
            0.031496
          ],
          [
            -0.279069,
            0.0355612,
            -0.959613
          ],
          [
            896.969,
            297.895,
            2874.4
          ]
        ],
        "unit_class": "88mm_flak_36_canon_c",
        "objLayer": 1,
        "props": {
          "army": 2,
          "active": true
        }
      },
      {
        "name": "88mm_flak_36_canon_c_15",
        "tm": [
          [
            0.753408,
            -0.0449715,
            0.656013
          ],
          [
            0.0949421,
            0.994644,
            -0.0408522
          ],
          [
            -0.650662,
            0.0930616,
            0.753642
          ],
          [
            999.355,
            296.382,
            2830.35
          ]
        ],
        "unit_class": "88mm_flak_36_canon_c",
        "objLayer": 1,
        "props": {
          "army": 2,
          "active": true
        }
      },
      {
        "name": "opel_blitz_kfz_305_a_snow_01",
        "tm": [
          [
            -0.426458,
            0.0,
            -0.904508
          ],
          [
            0.0,
            1.0,
            0.0
          ],
          [
            0.904508,
            0.0,
            -0.426458
          ],
          [
            1441.37,
            293.995,
            2168.31
          ]
        ],
        "unit_class": "opel_blitz_kfz_305_a_snow",
        "objLayer": 1,
        "props": {
          "army": 2,
          "active": true
        }
      },
      {
        "name": "opel_blitz_kfz_305_a_snow_02",
        "tm": [
          [
            -0.603662,
            0.0,
            -0.79724
          ],
          [
            0.0,
            1.0,
            0.0
          ],
          [
            0.79724,
            0.0,
            -0.603662
          ],
          [
            1426.43,
            294.136,
            2179.66
          ]
        ],
        "unit_class": "opel_blitz_kfz_305_a_snow",
        "objLayer": 1,
        "props": {
          "army": 2,
          "active": true
        }
      },
      {
        "name": "opel_blitz_kfz_305_a_snow_03",
        "tm": [
          [
            -0.0511385,
            0.0,
            0.998691
          ],
          [
            0.0,
            1.0,
            0.0
          ],
          [
            -0.998691,
            0.0,
            -0.0511385
          ],
          [
            1088.25,
            294.22,
            2579.72
          ]
        ],
        "unit_class": "opel_blitz_kfz_305_a_snow",
        "objLayer": 1,
        "props": {
          "army": 2,
          "active": true
        }
      },
      {
        "name": "opel_blitz_kfz_305_a_snow_04",
        "tm": [
          [
            0.603234,
            0.0,
            -0.797564
          ],
          [
            0.0,
            1.0,
            0.0
          ],
          [
            0.797564,
            0.0,
            0.603234
          ],
          [
            1110.6,
            294.251,
            2607.72
          ]
        ],
        "unit_class": "opel_blitz_kfz_305_a_snow",
        "objLayer": 1,
        "props": {
          "army": 2,
          "active": true
        }
      },
      {
        "name": "opel_blitz_kfz_305_a_snow_05",
        "tm": [
          [
            0.692869,
            0.0422768,
            -0.719823
          ],
          [
            -0.00817372,
            0.998676,
            0.0507868
          ],
          [
            0.721017,
            -0.029305,
            0.692297
          ],
          [
            2805.65,
            271.788,
            2381.55
          ]
        ],
        "unit_class": "opel_blitz_kfz_305_a_snow",
        "objLayer": 1,
        "props": {
          "army": 2,
          "active": true
        }
      },
      {
        "name": "opel_blitz_kfz_305_a_snow_06",
        "tm": [
          [
            0.134528,
            0.0382463,
            0.990171
          ],
          [
            0.09025,
            0.994629,
            -0.0506802
          ],
          [
            -0.986791,
            0.0961809,
            0.130354
          ],
          [
            2157.23,
            292.482,
            3404.25
          ]
        ],
        "unit_class": "opel_blitz_kfz_305_a_snow",
        "objLayer": 1,
        "props": {
          "army": 2,
          "active": true
        }
      },
      {
        "name": "opel_blitz_kfz_305_a_snow_07",
        "tm": [
          [
            -0.992098,
            -0.051987,
            -0.114191
          ],
          [
            -0.0340329,
            0.987501,
            -0.153893
          ],
          [
            0.120765,
            -0.148791,
            -0.981467
          ],
          [
            2537.47,
            277.53,
            3395.23
          ]
        ],
        "unit_class": "opel_blitz_kfz_305_a_snow",
        "objLayer": 1,
        "props": {
          "army": 2,
          "active": true
        }
      },
      {
        "name": "opel_blitz_kfz_305_a_snow_08",
        "tm": [
          [
            0.737277,
            0.0,
            -0.67559
          ],
          [
            0.0,
            1.0,
            0.0
          ],
          [
            0.67559,
            0.0,
            0.737277
          ],
          [
            1112.26,
            296.363,
            3497.42
          ]
        ],
        "unit_class": "opel_blitz_kfz_305_a_snow",
        "objLayer": 1,
        "props": {
          "army": 2,
          "active": true
        }
      },
      {
        "name": "opel_blitz_kfz_305_abandoned_a_snow_01",
        "tm": [
          [
            -0.316306,
            0.0,
            -0.948657
          ],
          [
            0.0,
            1.0,
            0.0
          ],
          [
            0.948657,
            0.0,
            -0.316306
          ],
          [
            2823.2,
            269.8,
            2450.45
          ]
        ],
        "unit_class": "opel_blitz_kfz_305_abandoned_a_snow",
        "objLayer": 1,
        "props": {
          "army": 2,
          "active": true
        }
      },
      {
        "name": "opel_blitz_kfz_305_abandoned_a_snow_02",
        "tm": [
          [
            0.76276,
            0.0,
            -0.646682
          ],
          [
            0.0,
            1.0,
            0.0
          ],
          [
            0.646682,
            0.0,
            0.76276
          ],
          [
            2808.35,
            272.0,
            2380.15
          ]
        ],
        "unit_class": "opel_blitz_kfz_305_abandoned_a_snow",
        "objLayer": 1,
        "props": {
          "army": 2,
          "active": true
        }
      },
      {
        "name": "opel_blitz_kfz_305_abandoned_a_snow_03",
        "tm": [
          [
            0.5,
            0.0,
            -0.866025
          ],
          [
            0.0,
            1.0,
            0.0
          ],
          [
            0.866025,
            0.0,
            0.5
          ],
          [
            1532.3,
            297.431,
            2697.8
          ]
        ],
        "unit_class": "opel_blitz_kfz_305_abandoned_a_snow",
        "objLayer": 1,
        "props": {
          "army": 2,
          "active": true
        }
      },
      {
        "name": "opel_blitz_kfz_305_abandoned_a_snow_04",
        "tm": [
          [
            -0.900871,
            0.0,
            0.434087
          ],
          [
            0.0,
            1.0,
            0.0
          ],
          [
            -0.434087,
            0.0,
            -0.900871
          ],
          [
            1207.2,
            293.988,
            2684.73
          ]
        ],
        "unit_class": "opel_blitz_kfz_305_abandoned_a_snow",
        "objLayer": 1,
        "props": {
          "army": 2,
          "active": true
        }
      },
      {
        "name": "opel_blitz_kfz_305_abandoned_a_snow_05",
        "tm": [
          [
            0.997145,
            0.0,
            0.0755118
          ],
          [
            0.0,
            1.0,
            0.0
          ],
          [
            -0.0755118,
            0.0,
            0.997145
          ],
          [
            1210.25,
            293.988,
            2681.11
          ]
        ],
        "unit_class": "opel_blitz_kfz_305_abandoned_a_snow",
        "objLayer": 1,
        "props": {
          "army": 2,
          "active": true
        }
      },
      {
        "name": "opel_blitz_kfz_305_abandoned_a_snow_06",
        "tm": [
          [
            0.976005,
            0.0,
            0.217746
          ],
          [
            0.0,
            1.0,
            0.0
          ],
          [
            -0.217746,
            0.0,
            0.976005
          ],
          [
            1023.83,
            295.834,
            2874.89
          ]
        ],
        "unit_class": "opel_blitz_kfz_305_abandoned_a_snow",
        "objLayer": 1,
        "props": {
          "army": 2,
          "active": true
        }
      },
      {
        "name": "opel_blitz_kfz_305_abandoned_a_snow_07",
        "tm": [
          [
            0.461749,
            0.0,
            -0.887011
          ],
          [
            0.0,
            1.0,
            0.0
          ],
          [
            0.887011,
            0.0,
            0.461749
          ],
          [
            1116.37,
            296.392,
            3496.75
          ]
        ],
        "unit_class": "opel_blitz_kfz_305_abandoned_a_snow",
        "objLayer": 1,
        "props": {
          "army": 2,
          "active": true
        }
      },
      {
        "name": "opel_blitz_kfz_305_dmg_a_snow_01",
        "tm": [
          [
            -0.825431,
            0.210523,
            -0.523778
          ],
          [
            0.169718,
            0.97748,
            0.125417
          ],
          [
            0.538386,
            0.0146281,
            -0.842572
          ],
          [
            1924.06,
            299.685,
            1665.04
          ]
        ],
        "unit_class": "opel_blitz_kfz_305_dmg_a_snow",
        "objLayer": 1,
        "props": {
          "army": 2,
          "active": true
        }
      },
      {
        "name": "opel_blitz_kfz_305_dmg_a_snow_02",
        "tm": [
          [
            0.693545,
            0.136565,
            0.707351
          ],
          [
            -0.145307,
            0.988206,
            -0.0483177
          ],
          [
            -0.705607,
            -0.0692723,
            0.705209
          ],
          [
            981.762,
            295.767,
            2432.22
          ]
        ],
        "unit_class": "opel_blitz_kfz_305_dmg_a_snow",
        "objLayer": 1,
        "props": {
          "army": 2,
          "active": true
        }
      },
      {
        "name": "opel_blitz_kfz_305_dmg_a_snow_03",
        "tm": [
