{
  "selected_tag": "",
  "bin_dump_file": "",
  "mission_settings": {
    "player": {
      "army": 1
    },
    "player_teamB": {
      "army": 2
    },
    "mission": {
      "type": "singleMission",
      "level": "levels/water.bin",
      "environment": "Day",
      "weather": "good"
    }
  },
  "imports": {},
  "triggers": {
    "isCategory": true,
    "is_enabled": true
  },
  "mission_objectives": {
    "isCategory": true,
    "is_enabled": true
  },
  "variables": {},
  "dialogs": {},
  "airfields": {},
  "effects": {},
  "units": {
    "objectGroups": [
      {
        "name": "opel_blitz_kfz_305_box_snow_01",
        "tm": [
          [
            0.898509,
            -0.0410415,
            0.437034
          ],
          [
            0.056441,
            0.998156,
            -0.0223023
          ],
          [
            -0.435313,
            0.0447053,
            0.899168
          ],
          [
            1911.8,
            300.276,
            1693.55
          ]
        ],
        "unit_class": "opel_blitz_kfz_305_box_snow",
        "objLayer": 1,
        "props": {
          "army": 2,
          "active": true
        }
      },
      {
        "name": "opel_blitz_kfz_305_box_snow_02",
        "tm": [
          [
            0.420702,
            -0.0334879,
            -0.906582
          ],
          [
            0.00215976,
            0.999352,
            -0.0359126
          ],
          [
            0.907196,
            0.0131505,
            0.420501
          ],
          [
            1613.46,
            301.9,
            1564.52
          ]
        ],
        "unit_class": "opel_blitz_kfz_305_box_snow",
        "objLayer": 1,
        "props": {
          "army": 2,
          "active": true
        }
      },
      {
        "name": "opel_blitz_kfz_305_box_snow_03",
        "tm": [
          [
            0.964514,
            -0.0435779,
            -0.260411
          ],
          [
            0.0534119,
            0.998097,
            0.0308035
          ],
          [
            0.258573,
            -0.0436194,
            0.965007
          ],
          [
            1381.75,
            301.758,
            1551.8
          ]
        ],
        "unit_class": "opel_blitz_kfz_305_box_snow",
        "objLayer": 1,
        "props": {
          "army": 2,
          "active": true
        }
      },
      {
        "name": "opel_blitz_kfz_305_box_snow_04",
        "tm": [
          [
            0.300706,
            0.0,
            -0.953717
          ],
          [
            -0.0347743,
            0.999335,
            -0.0109643
          ],
          [
            0.953083,
            0.0364619,
            0.300506
          ],
          [
            1076.5,
            296.95,
            2483.3
          ]
        ],
        "unit_class": "opel_blitz_kfz_305_box_snow",
        "objLayer": 1,
        "props": {
          "army": 2,
          "active": true
        }
      },
      {
        "name": "opel_blitz_kfz_305_box_snow_05",
        "tm": [
          [
            0.98372,
            0.0,
            -0.179708
          ],
          [
            0.0,
            1.0,
            0.0
          ],
          [
            0.179708,
            0.0,
            0.98372
          ],
          [
            1029.0,
            297.157,
            2418.48
          ]
        ],
        "unit_class": "opel_blitz_kfz_305_box_snow",
        "objLayer": 1,
        "props": {
          "army": 2,
          "active": true
        }
      },
      {
        "name": "opel_blitz_kfz_305_box_snow_06",
        "tm": [
          [
            0.956572,
            0.0,
            0.291497
          ],
          [
            0.0134576,
            0.998934,
            -0.0441623
          ],
          [
            -0.291186,
            0.0461673,
            0.955552
          ],
          [
            1713.89,
            298.06,
            2049.99
          ]
        ],
        "unit_class": "opel_blitz_kfz_305_box_snow",
        "objLayer": 1,
        "props": {
          "army": 2,
          "active": true
        }
      },
      {
        "name": "opel_blitz_kfz_305_box_snow_07",
        "tm": [
          [
            0.425429,
            0.0,
            -0.904992
          ],
          [
            0.0251877,
            0.999613,
            0.0118405
          ],
          [
            0.904641,
            -0.0278319,
            0.425264
          ],
          [
            1123.95,
            295.944,
            2233.0
          ]
        ],
        "unit_class": "opel_blitz_kfz_305_box_snow",
        "objLayer": 1,
        "props": {
          "army": 2,
          "active": true
        }
      },
      {
        "name": "opel_blitz_kfz_305_box_snow_08",
        "tm": [
          [
            -0.608761,
            0.0,
            -0.793353
          ],
          [
            0.0691453,
            0.996195,
            -0.0530571
          ],
          [
            0.790334,
            -0.0871557,
            -0.606445
          ],
          [
            1005.1,
            298.2,
            1997.5
          ]
        ],
        "unit_class": "opel_blitz_kfz_305_box_snow",
        "objLayer": 1,
        "props": {
          "army": 2,
          "active": true
        }
      },
      {
        "name": "opel_blitz_kfz_305_box_snow_09",
        "tm": [
          [
            0.380757,
            -0.0334879,
            -0.92407
          ],
          [
            0.000591219,
            0.999352,
            -0.0359726
          ],
          [
            0.924675,
            0.0131505,
            0.380529
          ],
          [
            1353.95,
            311.372,
            1423.0
          ]
        ],
        "unit_class": "opel_blitz_kfz_305_box_snow",
        "objLayer": 1,
        "props": {
          "army": 2,
          "active": true
        }
      },
      {
        "name": "opel_blitz_kfz_305_box_snow_10",
        "tm": [
          [
            -0.463133,
            -0.0334879,
            -0.885658
          ],
          [
            -0.0271766,
            0.999352,
            -0.0235757
          ],
          [
            0.885872,
            0.0131505,
            -0.463742
          ],
          [
            1409.85,
            310.969,
            1434.65
          ]
        ],
        "unit_class": "opel_blitz_kfz_305_box_snow",
        "objLayer": 1,
        "props": {
          "army": 2,
          "active": true
        }
      },
      {
        "name": "opel_blitz_kfz_305_box_snow_11",
        "tm": [
          [
            -0.300706,
            0.0,
            0.953717
          ],
          [
            0.0,
            1.0,
            0.0
          ],
          [
            -0.953717,
            0.0,
            -0.300706
          ],
          [
            1198.7,
            318.874,
            1228.9
          ]
        ],
        "unit_class": "opel_blitz_kfz_305_box_snow",
        "objLayer": 1,
        "props": {
          "army": 2,
          "active": true
        }
      },
      {
        "name": "opel_blitz_kfz_305_box_snow_12",
        "tm": [
          [
            -0.570264,
            0.0,
            0.821462
          ],
          [
            0.0379246,
            0.998934,
            0.0263275
          ],
          [
            -0.820586,
            0.0461673,
            -0.569656
          ],
          [
            662.15,
            292.531,
            1896.2
          ]
        ],
        "unit_class": "opel_blitz_kfz_305_box_snow",
        "objLayer": 1,
        "props": {
          "army": 2,
          "active": true
        }
      },
      {
        "name": "opel_blitz_kfz_305_box_snow_13",
        "tm": [
          [
            -0.476388,
            -0.0435779,
            -0.878155
          ],
          [
            0.0176176,
            0.998097,
            -0.0590873
          ],
          [
            0.879059,
            -0.0436194,
            -0.474714
          ],
          [
            648.25,
            308.669,
            287.55
          ]
        ],
        "unit_class": "opel_blitz_kfz_305_box_snow",
        "objLayer": 1,
        "props": {
          "army": 2,
          "active": true
        }
      },
      {
        "name": "opel_blitz_kfz_305_box_snow_14",
        "tm": [
          [
            -0.677153,
            0.0,
            0.735842
          ],
          [
            0.0339718,
            0.998934,
            0.0312623
          ],
          [
            -0.735058,
            0.0461673,
            -0.676431
          ],
          [
            2417.93,
            303.534,
            795.771
          ]
        ],
        "unit_class": "opel_blitz_kfz_305_box_snow",
        "objLayer": 1,
        "props": {
          "army": 2,
          "active": true
        }
      },
      {
        "name": "opel_blitz_kfz_305_box_snow_15",
        "tm": [
          [
            0.424864,
            0.0795435,
            0.901755
          ],
          [
            0.00903002,
            0.99571,
            -0.0920857
          ],
          [
            -0.905211,
            0.0472668,
            0.422324
          ],
          [
            1968.02,
            300.46,
            911.363
          ]
        ],
        "unit_class": "opel_blitz_kfz_305_box_snow",
        "objLayer": 1,
        "props": {
          "army": 2,
          "active": true
        }
      },
      {
        "name": "opel_blitz_kfz_305_box_snow_16",
        "tm": [
          [
            -0.996782,
            0.0,
            -0.0801647
          ],
          [
            -0.00370097,
            0.998934,
            0.0460187
          ],
          [
            0.0800791,
            0.0461673,
            -0.995719
          ],
          [
            2831.9,
            308.419,
            982.42
          ]
        ],
        "unit_class": "opel_blitz_kfz_305_box_snow",
        "objLayer": 1,
        "props": {
          "army": 2,
          "active": true
        }
      },
      {
        "name": "opel_blitz_kfz_305_box_snow_17",
        "tm": [
          [
            -0.998749,
            0.0,
            -0.0500155
          ],
          [
            -0.00230907,
            0.998934,
            0.0461095
          ],
          [
            0.049962,
            0.0461673,
            -0.997684
          ],
          [
            3160.73,
            294.75,
            1295.66
          ]
        ],
        "unit_class": "opel_blitz_kfz_305_box_snow",
        "objLayer": 1,
        "props": {
          "army": 2,
          "active": true
        }
      },
      {
        "name": "opel_blitz_kfz_305_box_snow_18",
        "tm": [
          [
            -0.18094,
            0.0795435,
            -0.980271
          ],
          [
            -0.0322072,
            0.99571,
            0.0867411
          ],
          [
            0.982966,
            0.0472668,
            -0.177603
          ],
          [
            3317.01,
            293.939,
            1312.35
          ]
        ],
        "unit_class": "opel_blitz_kfz_305_box_snow",
        "objLayer": 1,
        "props": {
          "army": 2,
          "active": true
        }
      },
      {
        "name": "opel_blitz_kfz_305_box_snow_19",
        "tm": [
          [
            0.998887,
            0.0,
            0.0471824
          ],
          [
            0.00217827,
            0.998934,
            -0.0461158
          ],
          [
            -0.0471319,
            0.0461673,
            0.997821
          ],
          [
            2858.53,
            287.072,
            1953.85
          ]
        ],
        "unit_class": "opel_blitz_kfz_305_box_snow",
        "objLayer": 1,
        "props": {
          "army": 2,
          "active": true
        }
      },
      {
        "name": "opel_blitz_kfz_305_box_snow_20",
        "tm": [
          [
            -0.316171,
            0.0,
            -0.948702
          ],
          [
            0.0,
            1.0,
            0.0
          ],
          [
            0.948702,
            0.0,
            -0.316171
          ],
          [
            2945.85,
            284.5,
            568.2
          ]
        ],
        "unit_class": "opel_blitz_kfz_305_box_snow",
        "objLayer": 1,
        "props": {
          "army": 2,
          "active": true
        }
      },
      {
        "name": "opel_blitz_kfz_305_box_snow_21",
        "tm": [
          [
            -0.848304,
            0.0,
            0.529509
          ],
          [
            0.0,
            1.0,
            0.0
          ],
          [
            -0.529509,
            0.0,
            -0.848304
          ],
          [
            2975.7,
            280.369,
            465.4
          ]
        ],
        "unit_class": "opel_blitz_kfz_305_box_snow",
        "objLayer": 1,
        "props": {
          "army": 2,
          "active": true
        }
      },
      {
        "name": "opel_blitz_kfz_305_box_snow_22",
        "tm": [
          [
            1.0,
            0.0,
            0.0
          ],
          [
            0.0,
            1.0,
            0.0
          ],
          [
            0.0,
            0.0,
            1.0
          ],
          [
            2833.9,
            277.69,
            2177.35
          ]
        ],
        "unit_class": "opel_blitz_kfz_305_box_snow",
        "objLayer": 1,
        "props": {
          "army": 2,
          "active": true
        }
      },
      {
        "name": "opel_blitz_kfz_305_box_snow_23",
        "tm": [
          [
            1.0,
            0.0,
            0.0
          ],
          [
            0.0,
            1.0,
            0.0
          ],
          [
            0.0,
            0.0,
            1.0
          ],
          [
            1394.0,
            296.75,
            2237.75
          ]
        ],
        "unit_class": "opel_blitz_kfz_305_box_snow",
        "objLayer": 1,
        "props": {
          "army": 2,
          "active": true
        }
      },
      {
        "name": "opel_blitz_kfz_305_box_snow_24",
        "tm": [
          [
            1.0,
            0.0,
            0.0
          ],
          [
            0.0,
            1.0,
            0.0
          ],
          [
            0.0,
            0.0,
            1.0
          ],
          [
            1395.17,
            293.952,
            2141.05
          ]
        ],
        "unit_class": "opel_blitz_kfz_305_box_snow",
        "objLayer": 1,
        "props": {
          "army": 2,
          "active": true
        }
      },
      {
        "name": "opel_blitz_kfz_305_box_snow_25",
        "tm": [
          [
            0.11625,
            0.0,
            1.09384
          ],
          [
            0.0,
            1.1,
            0.0
          ],
          [
            -1.09384,
            0.0,
            0.11625
          ],
          [
            857.046,
            293.177,
            2365.71
          ]
        ],
        "unit_class": "opel_blitz_kfz_305_box_snow",
        "objLayer": 1,
        "props": {
          "army": 2,
          "active": true
        }
      },
      {
        "name": "opel_blitz_kfz_305_box_snow_26",
        "tm": [
          [
            0.608761,
            0.0,
            0.793354
          ],
          [
            0.0289271,
            0.999335,
            -0.0221966
          ],
          [
            -0.792826,
            0.0364619,
            0.608356
          ],
          [
            831.15,
            292.85,
            2530.98
          ]
        ],
        "unit_class": "opel_blitz_kfz_305_box_snow",
        "objLayer": 1,
        "props": {
          "army": 2,
          "active": true
        }
      },
      {
        "name": "opel_blitz_kfz_305_box_snow_27",
        "tm": [
          [
            0.781128,
            0.0321596,
            0.623542
          ],
          [
            -0.00672883,
            0.999048,
            -0.0430973
          ],
          [
            -0.624334,
            0.0294688,
            0.780601
          ],
          [
            920.788,
            297.8,
            2890.7
          ]
        ],
        "unit_class": "opel_blitz_kfz_305_box_snow",
        "objLayer": 1,
        "props": {
          "army": 2,
          "active": true
        }
      },
      {
        "name": "opel_blitz_kfz_305_box_snow_28",
        "tm": [
          [
            -0.465957,
            -0.00701689,
            0.88478
          ],
          [
            -0.0691674,
            0.997198,
            -0.0285178
          ],
          [
            -0.882101,
            -0.0744855,
            -0.465136
          ],
          [
            758.65,
            292.0,
            2249.5
          ]
        ],
        "unit_class": "opel_blitz_kfz_305_box_snow",
        "objLayer": 1,
        "props": {
          "army": 2,
          "active": true
        }
      },
      {
        "name": "opel_blitz_kfz_305_box_snow_29",
        "tm": [
          [
            0.341532,
            0.0,
            0.93987
          ],
          [
            0.0,
            1.0,
            0.0
          ],
          [
            -0.93987,
            0.0,
            0.341532
          ],
          [
            1081.88,
            292.15,
            2748.19
          ]
        ],
        "unit_class": "opel_blitz_kfz_305_box_snow",
        "objLayer": 1,
        "props": {
          "army": 2,
          "active": true
        }
      },
      {
        "name": "opel_blitz_kfz_305_box_snow_30",
        "tm": [
          [
            0.553245,
            -0.0334879,
            -0.832347
          ],
          [
            0.00757776,
            0.999352,
            -0.0351704
          ],
          [
            0.832984,
            0.0131505,
            0.553139
          ],
          [
            883.932,
            298.203,
            2881.06
          ]
        ],
        "unit_class": "opel_blitz_kfz_305_box_snow",
        "objLayer": 1,
        "props": {
          "army": 2,
          "active": true
        }
      },
      {
        "name": "opel_blitz_kfz_305_box_snow_31",
        "tm": [
          [
            -0.848384,
            0.0608955,
            -0.525865
          ],
          [
            0.0835487,
            0.996315,
            -0.0194162
          ],
          [
            0.522745,
            -0.0604077,
            -0.850346
          ],
          [
            464.509,
            302.012,
            2289.36
          ]
        ],
        "unit_class": "opel_blitz_kfz_305_box_snow",
        "objLayer": 1,
        "props": {
          "army": 2,
          "active": true
        }
      },
      {
        "name": "opel_blitz_kfz_305_box_snow_32",
        "tm": [
          [
            0.844725,
            0.0359329,
            -0.533991
          ],
          [
            -0.0192015,
            0.999137,
            0.0368582
          ],
          [
            0.534855,
            -0.0208816,
            0.844686
          ],
          [
            750.386,
            299.445,
            3102.29
          ]
        ],
        "unit_class": "opel_blitz_kfz_305_box_snow",
        "objLayer": 1,
        "props": {
          "army": 2,
          "active": true
        }
      },
      {
        "name": "opel_blitz_kfz_305_box_snow_33",
        "tm": [
          [
            -0.999439,
            -0.0334879,
            0.00185269
          ],
          [
            -0.0334606,
            0.999352,
            0.0132199
          ],
          [
            -0.00229433,
            0.0131505,
            -0.99991
          ],
          [
            727.896,
            294.845,
            2627.24
          ]
        ],
        "unit_class": "opel_blitz_kfz_305_box_snow",
        "objLayer": 1,
        "props": {
          "army": 2,
          "active": true
        }
      },
      {
        "name": "opel_blitz_kfz_305_box_snow_34",
        "tm": [
          [
            -0.727113,
            0.000642546,
            0.686518
          ],
          [
            -0.073361,
            0.994201,
            -0.0786295
          ],
          [
            -0.682587,
            -0.107536,
            -0.722849
          ],
          [
            1120.79,
            294.9,
            2628.13
          ]
        ],
        "unit_class": "opel_blitz_kfz_305_box_snow",
        "objLayer": 1,
        "props": {
          "army": 2,
          "active": true
        }
      },
      {
        "name": "88mm_flak_36_canon_c_01",
        "tm": [
          [
            -0.0816296,
            0.0890375,
            -0.992678
          ],
          [
            0.063719,
            0.99443,
            0.083955
          ],
          [
            0.994624,
            -0.0563992,
            -0.0868483
          ],
          [
            649.668,
            293.648,
            2069.58
          ]
        ],
        "unit_class": "88mm_flak_36_canon_c",
        "objLayer": 1,
        "props": {
          "army": 2,
          "active": true
        }
      },
      {
        "name": "88mm_flak_36_canon_c_02",
        "tm": [
          [
            0.202656,
            0.0,
            0.97925
          ],
          [
            0.0,
            1.0,
            0.0
          ],
          [
            -0.97925,
            0.0,
            0.202656
          ],
          [
            646.803,
            288.786,
            2154.22
          ]
        ],
        "unit_class": "88mm_flak_36_canon_c",
        "objLayer": 1,
        "props": {
          "army": 2,
          "active": true
        }
      },
      {
        "name": "88mm_flak_36_canon_c_03",
        "tm": [
          [
            -0.83061,
            0.0,
            0.556854
          ],
          [
            0.0,
            1.0,
            0.0
          ],
          [
            -0.556854,
            0.0,
            -0.83061
          ],
          [
            813.286,
            293.3,
            2531.11
          ]
        ],
        "unit_class": "88mm_flak_36_canon_c",
        "objLayer": 1,
        "props": {
          "army": 2,
          "active": true
        }
      },
      {
        "name": "88mm_flak_36_canon_c_04",
        "tm": [
          [
            -0.608762,
            0.0,
            -0.793353
          ],
          [
            0.0,
            1.0,
            0.0
          ],
          [
            0.793353,
            0.0,
            -0.608762
          ],
          [
            1836.87,
            304.317,
            1741.17
          ]
        ],
        "unit_class": "88mm_flak_36_canon_c",
        "objLayer": 1,
        "props": {
          "army": 2,
          "active": true
        }
      },
      {
        "name": "88mm_flak_36_canon_c_05",
        "tm": [
          [
            -0.939693,
            0.0,
            -0.34202
          ],
          [
            0.0,
            1.0,
            0.0
          ],
          [
            0.34202,
            0.0,
            -0.939693
          ],
          [
            1903.6,
            300.559,
            1593.98
          ]
        ],
        "unit_class": "88mm_flak_36_canon_c",
        "objLayer": 1,
        "props": {
          "army": 2,
          "active": true
        }
      },
      {
        "name": "88mm_flak_36_canon_c_06",
        "tm": [
          [
            0.939693,
            0.0,
            -0.34202
          ],
          [
            0.0,
            1.0,
            0.0
          ],
          [
            0.34202,
            0.0,
            0.939693
          ],
          [
            1975.68,
            298.19,
            1620.07
          ]
        ],
        "unit_class": "88mm_flak_36_canon_c",
        "objLayer": 1,
        "props": {
          "army": 2,
          "active": true
        }
      },
      {
        "name": "88mm_flak_36_canon_c_07",
        "tm": [
          [
            0.5,
            0.0,
            0.866025
          ],
          [
            0.0,
            1.0,
            0.0
          ],
          [
            -0.866025,
            0.0,
            0.5
          ],
          [
            1912.8,
            300.1,
            1771.24
          ]
        ],
        "unit_class": "88mm_flak_36_canon_c",
        "objLayer": 1,
        "props": {
          "army": 2,
          "active": true
        }
      },
      {
        "name": "88mm_flak_36_canon_c_08",
        "tm": [
          [
            0.461749,
            0.0,
            0.887011
          ],
          [
            0.0,
            1.0,
            0.0
          ],
          [
            -0.887011,
            0.0,
            0.461749
          ],
          [
            1402.72,
            295.867,
            2246.16
          ]
        ],
        "unit_class": "88mm_flak_36_canon_c",
        "objLayer": 1,
        "props": {
          "army": 2,
          "active": true
        }
      },
      {
        "name": "88mm_flak_36_canon_c_09",
        "tm": [
          [
            0.996195,
            0.0,
            -0.0871555
          ],
          [
            0.0,
            1.0,
            0.0
          ],
          [
            0.0871555,
            0.0,
            0.996195
          ],
          [
            1516.63,
            293.429,
            2199.73
          ]
        ],
        "unit_class": "88mm_flak_36_canon_c",
        "objLayer": 1,
        "props": {
          "army": 2,
          "active": true
        }
      },
      {
        "name": "88mm_flak_36_canon_c_10",
        "tm": [
          [
            0.087156,
            0.0,
            -0.996195
          ],
          [
            0.0,
            1.0,
            0.0
          ],
          [
            0.996195,
            0.0,
            0.087156
          ],
          [
            1451.0,
            293.899,
            2062.46
          ]
        ],
        "unit_class": "88mm_flak_36_canon_c",
        "objLayer": 1,
        "props": {
          "army": 2,
          "active": true
        }
      },
      {
        "name": "88mm_flak_36_canon_c_11",
        "tm": [
          [
            -0.965926,
            0.0,
            -0.258819
          ],
          [
            0.0,
            1.0,
            0.0
          ],
          [
            0.258819,
            0.0,
            -0.965926
          ],
          [
            1383.43,
            293.978,
            2146.89
          ]
        ],
        "unit_class": "88mm_flak_36_canon_c",
        "objLayer": 1,
        "props": {
          "army": 2,
          "active": true
        }
      },
      {
        "name": "88mm_flak_36_canon_c_12",
        "tm": [
          [
            0.461749,
            0.0,
            -0.887011
          ],
          [
            0.0,
            1.0,
            0.0
          ],
          [
            0.887011,
            0.0,
            0.461749
          ],
          [
            1108.33,
            298.152,
            2452.01
          ]
        ],
        "unit_class": "88mm_flak_36_canon_c",
        "objLayer": 1,
        "props": {
          "army": 2,
          "active": true
        }
      },
      {
        "name": "88mm_flak_36_canon_c_13",
        "tm": [
          [
            0.965926,
            0.0,
            0.258819
          ],
          [
            0.0,
            1.0,
            0.0
          ],
          [
            -0.258819,
            0.0,
            0.965926
          ],
          [
            1048.68,
            293.322,
            2697.55
          ]
        ],
        "unit_class": "88mm_flak_36_canon_c",
        "objLayer": 1,
        "props": {
          "army": 2,
          "active": true
        }
      },
      {
        "name": "88mm_flak_36_canon_c_14",
        "tm": [
          [
            -0.96022,
            0.0,
            0.279246
          ],
          [
            0.0,
            1.0,
            0.0
          ],
          [
            -0.279246,
            0.0,
            -0.96022
          ],
          [
            896.969,
            297.854,
            2874.4
          ]
        ],
        "unit_class": "88mm_flak_36_canon_c",
        "objLayer": 1,
        "props": {
          "army": 2,
          "active": true
        }
      },
      {
        "name": "88mm_flak_36_canon_c_15",
        "tm": [
          [
            0.756927,
            0.0,
            0.653498
          ],
          [
            0.0,
            1.0,
            0.0
          ],
          [
            -0.653498,
            0.0,
            0.756927
          ],
          [
            999.356,
            296.401,
            2830.35
          ]
        ],
        "unit_class": "88mm_flak_36_canon_c",
        "objLayer": 1,
        "props": {
          "army": 2,
          "active": true
        }
      },
      {
        "name": "opel_blitz_kfz_305_a_snow_01",
        "tm": [
          [
            -0.426458,
            0.0,
            -0.904508
          ],
          [
            0.0,
            1.0,
            0.0
          ],
          [
            0.904508,
            0.0,
            -0.426458
          ],
          [
            1441.37,
            293.903,
            2168.31
          ]
        ],
        "unit_class": "opel_blitz_kfz_305_a_snow",
        "objLayer": 1,
        "props": {
          "army": 2,
          "active": true
        }
      },
      {
        "name": "opel_blitz_kfz_305_a_snow_02",
        "tm": [
          [
            -0.603662,
            0.0,
            -0.79724
          ],
          [
            0.0,
            1.0,
            0.0
          ],
          [
            0.79724,
            0.0,
            -0.603662
          ],
          [
            1426.43,
            293.9,
            2179.66
          ]
        ],
        "unit_class": "opel_blitz_kfz_305_a_snow",
        "objLayer": 1,
        "props": {
          "army": 2,
          "active": true
        }
      },
      {
        "name": "opel_blitz_kfz_305_a_snow_03",
        "tm": [
          [
            -0.0511385,
            0.0,
            0.998691
          ],
          [
            0.0,
            1.0,
            0.0
          ],
          [
            -0.998691,
            0.0,
            -0.0511385
          ],
          [
            1088.25,
            294.22,
            2579.72
          ]
        ],
        "unit_class": "opel_blitz_kfz_305_a_snow",
        "objLayer": 1,
        "props": {
          "army": 2,
          "active": true
        }
      },
      {
        "name": "opel_blitz_kfz_305_a_snow_04",
        "tm": [
          [
            0.603234,
            0.0,
            -0.797564
          ],
          [
            0.0,
            1.0,
            0.0
          ],
          [
            0.797564,
            0.0,
            0.603234
          ],
          [
            1110.6,
            294.251,
            2607.72
          ]
        ],
        "unit_class": "opel_blitz_kfz_305_a_snow",
        "objLayer": 1,
        "props": {
          "army": 2,
          "active": true
        }
      },
      {
        "name": "opel_blitz_kfz_305_a_snow_05",
        "tm": [
          [
            0.692628,
            0.0,
            -0.721295
          ],
          [
            0.0,
            1.0,
            0.0
          ],
          [
            0.721295,
            0.0,
            0.692628
          ],
          [
            2805.65,
            271.258,
            2381.55
          ]
        ],
        "unit_class": "opel_blitz_kfz_305_a_snow",
        "objLayer": 1,
        "props": {
          "army": 2,
          "active": true
        }
      },
      {
        "name": "opel_blitz_kfz_305_a_snow_06",
        "tm": [
          [
            0.133087,
            0.0,
            0.991104
          ],
          [
            0.0,
            1.0,
            0.0
          ],
          [
            -0.991104,
            0.0,
            0.133087
          ],
          [
            2157.24,
            292.649,
            3404.25
          ]
        ],
        "unit_class": "opel_blitz_kfz_305_a_snow",
        "objLayer": 1,
        "props": {
          "army": 2,
          "active": true
        }
      },
      {
        "name": "opel_blitz_kfz_305_a_snow_07",
        "tm": [
          [
            -0.992515,
            0.0,
            -0.122124
          ],
          [
            0.0,
            1.0,
            0.0
          ],
          [
            0.122124,
            0.0,
            -0.992515
          ],
          [
            2537.47,
            277.694,
            3395.21
          ]
        ],
        "unit_class": "opel_blitz_kfz_305_a_snow",
        "objLayer": 1,
        "props": {
          "army": 2,
          "active": true
        }
      },
      {
        "name": "opel_blitz_kfz_305_a_snow_08",
        "tm": [
          [
            0.737277,
            0.0,
            -0.67559
          ],
          [
            0.0,
            1.0,
            0.0
          ],
          [
            0.67559,
            0.0,
            0.737277
          ],
          [
            1112.26,
            296.392,
            3497.42
          ]
        ],
        "unit_class": "opel_blitz_kfz_305_a_snow",
        "objLayer": 1,
        "props": {
          "army": 2,
          "active": true
        }
      },
      {
        "name": "opel_blitz_kfz_305_abandoned_a_snow_01",
        "tm": [
          [
            -0.316306,
            0.0,
            -0.948657
          ],
          [
            0.0,
            1.0,
            0.0
          ],
          [
            0.948657,
            0.0,
            -0.316306
          ],
          [
            2823.2,
            269.8,
            2450.45
          ]
        ],
        "unit_class": "opel_blitz_kfz_305_abandoned_a_snow",
        "objLayer": 1,
        "props": {
          "army": 2,
          "active": true
        }
      },
      {
        "name": "opel_blitz_kfz_305_abandoned_a_snow_02",
        "tm": [
          [
            0.76276,
            0.0,
            -0.646682
          ],
          [
            0.0,
            1.0,
            0.0
          ],
          [
            0.646682,
            0.0,
            0.76276
          ],
          [
            2808.35,
            272.0,
            2380.15
          ]
        ],
        "unit_class": "opel_blitz_kfz_305_abandoned_a_snow",
        "objLayer": 1,
        "props": {
          "army": 2,
          "active": true
        }
      },
      {
        "name": "opel_blitz_kfz_305_abandoned_a_snow_03",
        "tm": [
          [
            0.5,
            0.0,
            -0.866025
          ],
          [
            0.0,
            1.0,
            0.0
          ],
          [
            0.866025,
            0.0,
            0.5
          ],
          [
            1532.3,
            297.431,
            2697.8
          ]
        ],
        "unit_class": "opel_blitz_kfz_305_abandoned_a_snow",
        "objLayer": 1,
        "props": {
          "army": 2,
          "active": true
        }
      },
      {
        "name": "opel_blitz_kfz_305_abandoned_a_snow_04",
        "tm": [
          [
            -0.900871,
            0.0,
            0.434087
          ],
          [
            0.0,
            1.0,
            0.0
          ],
          [
            -0.434087,
            0.0,
            -0.900871
          ],
          [
            1207.2,
            293.988,
            2684.73
          ]
        ],
        "unit_class": "opel_blitz_kfz_305_abandoned_a_snow",
        "objLayer": 1,
        "props": {
          "army": 2,
          "active": true
        }
      },
      {
        "name": "opel_blitz_kfz_305_abandoned_a_snow_05",
        "tm": [
          [
            0.997145,
            0.0,
            0.0755118
          ],
          [
            0.0,
            1.0,
            0.0
          ],
          [
            -0.0755118,
            0.0,
            0.997145
          ],
          [
            1210.25,
            293.988,
            2681.11
          ]
        ],
        "unit_class": "opel_blitz_kfz_305_abandoned_a_snow",
        "objLayer": 1,
        "props": {
          "army": 2,
          "active": true
        }
      },
      {
        "name": "opel_blitz_kfz_305_abandoned_a_snow_06",
        "tm": [
          [
            0.976005,
            0.0,
            0.217746
          ],
          [
            0.0,
            1.0,
            0.0
          ],
          [
            -0.217746,
            0.0,
            0.976005
          ],
          [
            1023.83,
            295.834,
            2874.89
          ]
        ],
        "unit_class": "opel_blitz_kfz_305_abandoned_a_snow",
        "objLayer": 1,
        "props": {
          "army": 2,
          "active": true
        }
      },
      {
        "name": "opel_blitz_kfz_305_abandoned_a_snow_07",
        "tm": [
          [
            0.461749,
            0.0,
            -0.887011
          ],
          [
            0.0,
            1.0,
            0.0
          ],
          [
            0.887011,
            0.0,
            0.461749
          ],
          [
            1116.37,
            296.392,
            3496.75
          ]
        ],
        "unit_class": "opel_blitz_kfz_305_abandoned_a_snow",
        "objLayer": 1,
        "props": {
          "army": 2,
          "active": true
        }
      },
      {
        "name": "opel_blitz_kfz_305_dmg_a_snow_01",
        "tm": [
          [
            -0.953717,
            0.0,
            -0.300706
          ],
          [
            0.0,
            1.0,
            0.0
          ],
          [
            0.300706,
            0.0,
            -0.953717
          ],
          [
            1924.0,
            299.6,
            1665.35
          ]
        ],
        "unit_class": "opel_blitz_kfz_305_dmg_a_snow",
        "objLayer": 1,
        "props": {
          "army": 2,
          "active": true
        }
      },
      {
        "name": "opel_blitz_kfz_305_dmg_a_snow_02",
        "tm": [
          [
            0.778736,
            0.0,
            0.627352
          ],
          [
            0.0,
            1.0,
            0.0
          ],
          [
            -0.627352,
            0.0,
            0.778736
          ],
          [
            981.959,
            295.753,
            2432.7
          ]
        ],
        "unit_class": "opel_blitz_kfz_305_dmg_a_snow",
        "objLayer": 1,
        "props": {
          "army": 2,
          "active": true
        }
      },
      {
        "name": "opel_blitz_kfz_305_dmg_a_snow_03",
        "tm": [
          [
            0.866025,
            0.0,
            -0.5
          ],
          [
            0.0,
            1.0,
            0.0
          ],
          [
            0.5,
            0.0,
            0.866025
          ],
          [
            1532.35,
            297.431,
            2694.2
          ]
        ],
        "unit_class": "opel_blitz_kfz_305_dmg_a_snow",
        "objLayer": 1,
        "props": {
          "army": 2,
          "active": true
        }
      },
      {
        "name": "opel_blitz_kfz_305_dmg_a_snow_04",
        "tm": [
          [
            0.96184,
            0.0,
            0.273613
          ],
          [
            0.0,
            1.0,
            0.0
          ],
          [
