{
  "selected_tag": "",
  "bin_dump_file": "",
  "mission_settings": {
    "player": [
      {
        "army": 1
      },
      {
        "wing": "t1_player01"
      },
      {
        "wing": "t1_player02"
      },
      {
        "wing": "t1_player03"
      },
      {
        "wing": "t1_player04"
      },
      {
        "wing": "t1_player05"
      },
      {
        "wing": "t1_player06"
      },
      {
        "wing": "t1_player07"
      },
      {
        "wing": "t1_player08"
      },
      {
        "wing": "t1_player09"
      },
      {
        "wing": "t1_player10"
      },
      {
        "wing": "t1_player11"
      },
      {
        "wing": "t1_player12"
      },
      {
        "wing": "t1_player13"
      },
      {
        "wing": "t1_player14"
      },
      {
        "wing": "t1_player15"
      },
      {
        "wing": "t1_player16"
      }
    ],
    "player_teamB": [
      {
        "army": 2
      },
      {
        "wing": "t2_player01"
      },
      {
        "wing": "t2_player02"
      },
      {
        "wing": "t2_player03"
      },
      {
        "wing": "t2_player04"
      },
      {
        "wing": "t2_player05"
      },
      {
        "wing": "t2_player06"
      },
      {
        "wing": "t2_player07"
      },
      {
        "wing": "t2_player08"
      },
      {
        "wing": "t2_player09"
      },
      {
        "wing": "t2_player10"
      },
      {
        "wing": "t2_player11"
      },
      {
        "wing": "t2_player12"
      },
      {
        "wing": "t2_player13"
      },
      {
        "wing": "t2_player14"
      },
      {
        "wing": "t2_player15"
      },
      {
        "wing": "t2_player16"
      },
      {
        "wing": "t2_player17"
      }
    ],
    "mission": {
      "level": "levels/avn_new_zeland_cape.bin",
      "type": "domination",
      "restoreType": "attempts",
      "optionalTakeOff": true,
      "environment": "Day",
      "weather": "hazy",
      "locName": "missions/_NDom;new_zeland_cape/name",
      "locDesc": "new_zeland_cape/desc;missions/_NDom/desc",
      "scoreLimit": 10000,
      "timeLimit": 30,
      "deathPenaltyMul": 0.5,
      "ctaCaptureZoneEqualPenaltyMul": 0.0,
      "country_axis": "germany",
      "country_allies": "ussr",
      "showTacticalMapCellSize": true,
      "allowedUnitTypes": {
        "isAirplanesAllowed": true,
        "isTanksAllowed": false,
        "isShipsAllowed": true,
        "isHelicoptersAllowed": false
      }
    },
    "spectator_points": [],
    "briefing": {
      "place_loc": "",
      "date_loc": "",
      "objective_loc": "",
      "music": "action_01",
      "part": {
        "event": "",
        "minTime": 0,
        "slide": [
          {
            "map": true
          },
          {
            "minTime": 4
          },
          {
            "picture": ""
          },
          {
            "showAirMap": false
          },
          {
            "icon": {
              "icontype": "ship",
              "side": "ally",
              "target": "t1_briefing_spawnpoint_boat"
            }
          },
          {
            "icon": {
              "icontype": "ship",
              "side": "enemy",
              "target": "t2_briefing_spawnpoint_boat"
            }
          },
          {
            "icon": {
              "icontype": "destroyer",
              "side": "ally",
              "target": "t1_briefing_spawnpoint_destr01"
            }
          },
          {
            "icon": {
              "icontype": "destroyer",
              "side": "ally",
              "target": "t1_briefing_spawnpoint_destr02"
            }
          },
          {
            "icon": {
              "icontype": "destroyer",
              "side": "enemy",
              "target": "t2_briefing_spawnpoint_destr01"
            }
          },
          {
            "icon": {
              "icontype": "destroyer",
              "side": "enemy",
              "target": "t2_briefing_spawnpoint_destr02"
            }
          },
          {
            "icon": {
              "icontype": "destroyer",
              "side": "ally",
              "target": "t1_briefing_spawnpoint_cruiser01"
            }
          },
          {
            "icon": {
              "icontype": "destroyer",
              "side": "ally",
              "target": "t1_briefing_spawnpoint_cruiser02"
            }
          },
          {
            "icon": {
              "icontype": "destroyer",
              "side": "enemy",
              "target": "t2_briefing_spawnpoint_cruiser01"
            }
          },
          {
            "icon": {
              "icontype": "destroyer",
              "side": "enemy",
              "target": "t2_briefing_spawnpoint_cruiser02"
            }
          },
          {
            "icon": {
              "icontype": "basezone_A",
              "side": "neutral",
              "target": "briefing_point_01"
            }
          },
          {
            "icon": {
              "icontype": "basezone_B",
              "side": "neutral",
              "target": "briefing_point_02"
            }
          },
          {
            "icon": {
              "icontype": "basezone_C",
              "side": "neutral",
              "target": "briefing_point_03"
            }
          }
        ]
      }
    }
  },
  "imports": [
    {
      "import_record": {
        "file": "gameData/missions/templates/navy_templates/ship_base_logic.blk",
        "importAreas": true,
        "importUnits": true,
        "importTriggers": true,
        "importMissionObjectives": true,
        "importWayPoints": true,
        "showAreas": true,
        "showUnits": true,
        "showTriggers": true,
        "showMissionObjectives": true,
        "showWayPoints": true,
        "excludes": []
      }
    },
    {
      "import_record": {
        "file": "gameData/missions/templates/navy_templates/ndom_template.blk",
        "importAreas": true,
        "importUnits": true,
        "importTriggers": true,
        "importMissionObjectives": true,
        "importWayPoints": true,
        "showAreas": true,
        "showUnits": true,
        "showTriggers": true,
        "showMissionObjectives": true,
        "showWayPoints": true,
        "excludes": []
      }
    },
    {
      "import_record": {
        "file": "gameData/missions/cta/ships/new_zeland_cape/template_new_zeland_cape_air_spawn.blk",
        "importAreas": true,
        "importUnits": true,
        "importTriggers": true,
        "importMissionObjectives": true,
        "importWayPoints": true,
        "showAreas": true,
        "showUnits": true,
        "showTriggers": true,
        "showMissionObjectives": true,
        "showWayPoints": true,
        "excludes": []
      }
    },
    {
      "import_record": {
        "file": "gameData/missions/cta/ships/new_zeland_cape/spotareas/new_zeland_cape_NDom_spotareas_template.blk",
        "importAreas": true,
        "importUnits": true,
        "importTriggers": true,
        "importMissionObjectives": true,
        "importWayPoints": true,
        "showAreas": true,
        "showUnits": true,
        "showTriggers": true,
        "showMissionObjectives": true,
        "showWayPoints": true,
        "excludes": []
      }
    }
  ],
  "triggers": {
    "isCategory": true,
    "is_enabled": true
  },
  "mission_objectives": {
    "isCategory": true,
    "is_enabled": true
  },
  "variables": [],
  "dialogs": [],
  "airfields": [],
  "effects": [],
  "units": {
    "armada": {
      "name": "t1_player01",
      "tm": [
        [1.0,0.0,0.0],
        [0.0,1.0,0.0],
        [0.0,0.0,1.0],
        [-4764.84,400.0,-3307.37]
      ],
      "unit_class": "a-20g",
      "objLayer": 1,
      "closed_waypoints": false,
      "isShipSpline": false,
      "shipTurnRadius": 100.0,
      "weapons": "",
      "bullets0": "",
      "bullets1": "",
      "bullets2": "",
      "bullets3": "",
      "bulletsCount0": 0,
      "bulletsCount1": 0,
      "bulletsCount2": 0,
      "bulletsCount3": 0,
      "props": {
        "army": 2,
        "count": 1,
        "free_distance": 70.0,
        "floating_distance": 50.0,
        "minimum_distance_to_earth": 20.0,
        "altLimit": 6000.0,
        "attack_type": "fire_at_will",
        "skill": 4,
        "plane": {
          "wing_formation": "Diamond",
          "row_distances": 3.0,
          "col_distances": 3.0,
          "super_formation": "Diamond",
          "super_row_distances": 1.5,
          "super_col_distances": 1.5,
          "ai_skill": "NORMAL",
          "task": "FLY_WAYPOINT"
        }
      },
      "way": []
    },
    "objectGroups": {
      "name": "objectGroups_01",
      "tm": [
        [0.850002,-0.28816,0.440976],
        [0.257515,0.957575,0.129364],
        [-0.459545,0.00359794,0.888147],
        [-1625.53,-2.28882e-05,7471.33]
      ],
      "unit_class": "det_container_ship_triple_e_class_b",
      "objLayer": 2,
      "props": {
        "army": 0,
        "active": true
      }
    }
  },
  "areas": {
    "t1_briefing_spawnpoint_destr01": {
      "type": "Point",
      "tm": [
        [-0.0436193,0.0,0.999048],
        [0.0,1.0,0.0],
        [-0.999048,0.0,-0.0436193],
        [-5360.67,0.00195313,12742.9]
      ],
      "objLayer": 3,
      "props": []
    },
    "t2_briefing_spawnpoint_destr01": {
      "type": "Point",
      "tm": [
        [-0.0436193,0.0,0.999048],
        [0.0,1.0,0.0],
        [-0.999048,0.0,-0.0436193],
        [5444.94,-0.00390625,12757.5]
      ],
      "objLayer": 3,
      "props": []
    },
    "briefing_point_02": {
      "type": "Point",
      "tm": [
        [-0.0436193,0.0,0.999048],
        [0.0,1.0,0.0],
        [-0.999048,0.0,-0.0436193],
        [-1.39877,0.0,7864.97]
      ],
      "objLayer": 0,
      "props": []
    },
    "briefing_point_01": {
      "type": "Point",
      "tm": [
        [-0.0436193,0.0,0.999048],
        [0.0,1.0,0.0],
        [-0.999048,0.0,-0.0436193],
        [33.9565,0.0,12871.3]
      ],
      "objLayer": 0,
      "props": []
    },
    "briefing_point_03": {
      "type": "Point",
      "tm": [
        [-0.0436193,0.0,0.999048],
        [0.0,1.0,0.0],
        [-0.999048,0.0,-0.0436193],
        [-1.59345,0.0,2800.71]
      ],
      "objLayer": 0,
      "props": []
    },
    "t2_briefing_spawnpoint_destr02": {
      "type": "Point",
      "tm": [
        [-0.0436193,0.0,0.999048],
        [0.0,1.0,0.0],
        [-0.999048,0.0,-0.0436193],
        [6306.79,-0.00390625,8635.53]
      ],
      "objLayer": 3,
      "props": []
    },
    "t1_briefing_spawnpoint_destr02": {
      "type": "Point",
      "tm": [
        [-0.0436193,0.0,0.999048],
        [0.0,1.0,0.0],
        [-0.999048,0.0,-0.0436193],
        [-6308.51,0.00390625,8706.04]
      ],
      "objLayer": 3,
      "props": []
    },
    "t1_briefing_spawnpoint_cruiser01": {
      "type": "Point",
      "tm": [
        [-0.0436193,0.0,0.999048],
        [0.0,1.0,0.0],
        [-0.999048,0.0,-0.0436193],
        [-7122.21,0.00195313,5321.12]
      ],
      "objLayer": 3,
      "props": []
    },
    "t1_briefing_spawnpoint_cruiser02": {
      "type": "Point",
      "tm": [
        [-0.0436193,0.0,0.999048],
        [0.0,1.0,0.0],
        [-0.999048,0.0,-0.0436193],
        [-4998.09,0.00195313,-2899.69]
      ],
      "objLayer": 3,
      "props": []
    },
    "t2_briefing_spawnpoint_cruiser01": {
      "type": "Point",
      "tm": [
        [-0.0436193,0.0,0.999048],
        [0.0,1.0,0.0],
        [-0.999048,0.0,-0.0436193],
        [6828.33,0.00292969,5389.79]
      ],
      "objLayer": 3,
      "props": []
    },
    "t2_briefing_spawnpoint_cruiser02": {
      "type": "Point",
      "tm": [
        [-0.0436193,0.0,0.999048],
        [0.0,1.0,0.0],
        [-0.999048,0.0,-0.0436193],
        [5627.59,-0.00976563,-2160.77]
      ],
      "objLayer": 3,
      "props": []
    },
    "t1_briefing_spawnpoint_boat": {
      "type": "Point",
      "tm": [
        [-0.0436193,0.0,0.999048],
        [0.0,1.0,0.0],
        [-0.999048,0.0,-0.0436193],
        [-4376.0,0.00292969,10507.9]
      ],
      "objLayer": 3,
      "props": []
    },
    "t2_briefing_spawnpoint_boat": {
      "type": "Point",
      "tm": [
        [-0.0436193,0.0,0.999048],
        [0.0,1.0,0.0],
        [-0.999048,0.0,-0.0436193],
        [4163.62,0.0126953,10727.3]
      ],
      "objLayer": 3,
      "props": []
    }
  },
  "objLayers": [
    {
      "layer": {
        "enabled": true
      }
    },
    {
      "layer": {
        "enabled": true
      }
    },
    {
      "layer": {
        "enabled": true
      }
    },
    {
      "layer": {
        "enabled": true
      }
    }
  ],
  "wayPoints": []
}