{
  "selected_tag": "",
  "bin_dump_file": "",
  "mission_settings": {
    "player": {
      "army": 1,
      "wing": ""
    },
    "player_teamB": {
      "army": 2
    },
    "mission": {
      "type": "singleMission",
      "level": "levels/water.bin",
      "environment": "Day",
      "weather": "hazy",
      "restoreType": "attempts",
      "optionalTakeOff": false
    },
    "spectator_points": {}
  },
  "imports": {
    "import_record": [
      {
        "file": "gameData/missions/templates/enduring_confrontation/cnv_convoys_template.blk",
        "importAreas": true,
        "importUnits": true,
        "importTriggers": true,
        "importMissionObjectives": true,
        "importWayPoints": true,
        "showAreas": true,
        "showUnits": true,
        "showTriggers": true,
        "showMissionObjectives": true,
        "showWayPoints": true,
        "excludes": {}
      },
      {
        "file": "gameData/missions/templates/units_sets/land_sets_convoys/cnv_t1_ussr_rank_01.blk",
        "rankRange": [
          0,
          3
        ],
        "importAreas": true,
        "importUnits": true,
        "importTriggers": true,
        "importMissionObjectives": true,
        "importWayPoints": true,
        "showAreas": true,
        "showUnits": true,
        "showTriggers": true,
        "showMissionObjectives": true,
        "showWayPoints": true,
        "excludes": {}
      },
      {
        "file": "gameData/missions/templates/units_sets/land_sets_convoys/cnv_t1_ussr_rank_02.blk",
        "rankRange": [
          4,
          7
        ],
        "importAreas": true,
        "importUnits": true,
        "importTriggers": true,
        "importMissionObjectives": true,
        "importWayPoints": true,
        "showAreas": true,
        "showUnits": true,
        "showTriggers": true,
        "showMissionObjectives": true,
        "showWayPoints": true,
        "excludes": {}
      },
      {
        "file": "gameData/missions/templates/units_sets/land_sets_convoys/cnv_t1_ussr_rank_03.blk",
        "rankRange": [
          8,
          11
        ],
        "importAreas": true,
        "importUnits": true,
        "importTriggers": true,
        "importMissionObjectives": true,
        "importWayPoints": true,
        "showAreas": true,
        "showUnits": true,
        "showTriggers": true,
        "showMissionObjectives": true,
        "showWayPoints": true,
        "excludes": {}
      },
      {
        "file": "gameData/missions/templates/units_sets/land_sets_convoys/cnv_t1_ussr_rank_04.blk",
        "rankRange": [
          12,
          16
        ],
        "importAreas": true,
        "importUnits": true,
        "importTriggers": true,
        "importMissionObjectives": true,
        "importWayPoints": true,
        "showAreas": true,
        "showUnits": true,
        "showTriggers": true,
        "showMissionObjectives": true,
        "showWayPoints": true,
        "excludes": {}
      },
      {
        "file": "gameData/missions/templates/units_sets/land_sets_convoys/cnv_t1_ussr_rank_05.blk",
        "rankRange": [
          17,
          20
        ],
        "importAreas": true,
        "importUnits": true,
        "importTriggers": true,
        "importMissionObjectives": true,
        "importWayPoints": true,
        "showAreas": true,
        "showUnits": true,
        "showTriggers": true,
        "showMissionObjectives": true,
        "showWayPoints": true,
        "excludes": {}
      },
      {
        "file": "gameData/missions/templates/units_sets/land_sets_convoys/cnv_t1_ussr_rank_06.blk",
        "rankRange": [
          21,
          25
        ],
        "importAreas": true,
        "importUnits": true,
        "importTriggers": true,
        "importMissionObjectives": true,
        "importWayPoints": true,
        "showAreas": true,
        "showUnits": true,
        "showTriggers": true,
        "showMissionObjectives": true,
        "showWayPoints": true,
        "excludes": {}
      },
      {
        "file": "gameData/missions/templates/units_sets/land_sets_convoys/cnv_t1_ussr_rank_07.blk",
        "rankRange": [
          26,
          50
        ],
        "importAreas": true,
        "importUnits": true,
        "importTriggers": true,
        "importMissionObjectives": true,
        "importWayPoints": true,
        "showAreas": true,
        "showUnits": true,
        "showTriggers": true,
        "showMissionObjectives": true,
        "showWayPoints": true,
        "excludes": {}
      },
      {
        "file": "gameData/missions/templates/units_sets/land_sets_convoys/cnv_t2_usa_rank_01.blk",
        "rankRange": [
          0,
          3
        ],
        "importAreas": true,
        "importUnits": true,
        "importTriggers": true,
        "importMissionObjectives": true,
        "importWayPoints": true,
        "showAreas": true,
        "showUnits": true,
        "showTriggers": true,
        "showMissionObjectives": true,
        "showWayPoints": true,
        "excludes": {}
      },
      {
        "file": "gameData/missions/templates/units_sets/land_sets_convoys/cnv_t2_usa_rank_02.blk",
        "rankRange": [
          4,
          7
        ],
        "importAreas": true,
        "importUnits": true,
        "importTriggers": true,
        "importMissionObjectives": true,
        "importWayPoints": true,
        "showAreas": true,
        "showUnits": true,
        "showTriggers": true,
        "showMissionObjectives": true,
        "showWayPoints": true,
        "excludes": {}
      },
      {
        "file": "gameData/missions/templates/units_sets/land_sets_convoys/cnv_t2_usa_rank_03.blk",
        "rankRange": [
          8,
          11
        ],
        "importAreas": true,
        "importUnits": true,
        "importTriggers": true,
        "importMissionObjectives": true,
        "importWayPoints": true,
        "showAreas": true,
        "showUnits": true,
        "showTriggers": true,
        "showMissionObjectives": true,
        "showWayPoints": true,
        "excludes": {}
      },
      {
        "file": "gameData/missions/templates/units_sets/land_sets_convoys/cnv_t2_usa_rank_04.blk",
        "rankRange": [
          12,
          16
        ],
        "importAreas": true,
        "importUnits": true,
        "importTriggers": true,
        "importMissionObjectives": true,
        "importWayPoints": true,
        "showAreas": true,
        "showUnits": true,
        "showTriggers": true,
        "showMissionObjectives": true,
        "showWayPoints": true,
        "excludes": {}
      },
      {
        "file": "gameData/missions/templates/units_sets/land_sets_convoys/cnv_t2_usa_rank_05.blk",
        "rankRange": [
          17,
          20
        ],
        "importAreas": true,
        "importUnits": true,
        "importTriggers": true,
        "importMissionObjectives": true,
        "importWayPoints": true,
        "showAreas": true,
        "showUnits": true,
        "showTriggers": true,
        "showMissionObjectives": true,
        "showWayPoints": true,
        "excludes": {}
      },
      {
        "file": "gameData/missions/templates/units_sets/land_sets_convoys/cnv_t2_usa_rank_06.blk",
        "rankRange": [
          21,
          25
        ],
        "importAreas": true,
        "importUnits": true,
        "importTriggers": true,
        "importMissionObjectives": true,
        "importWayPoints": true,
        "showAreas": true,
        "showUnits": true,
        "showTriggers": true,
        "showMissionObjectives": true,
        "showWayPoints": true,
        "excludes": {}
      },
      {
        "file": "gameData/missions/templates/units_sets/land_sets_convoys/cnv_t2_usa_rank_07.blk",
        "rankRange": [
          26,
          50
        ],
        "importAreas": true,
        "importUnits": true,
        "importTriggers": true,
        "importMissionObjectives": true,
        "importWayPoints": true,
        "showAreas": true,
        "showUnits": true,
        "showTriggers": true,
        "showMissionObjectives": true,
        "showWayPoints": true,
        "excludes": {}
      }
    ]
  },
  "triggers": {
    "isCategory": true,
    "is_enabled": true,
    "cnv_part_init": {
      "is_enabled": true,
      "comments": "",
      "props": {
        "actionsType": "PERFORM_ONE_BY_ONE",
        "conditionsType": "ALL",
        "enableAfterComplete": false
      },
      "events": {
        "initMission": {}
      },
      "conditions": {},
      "actions": {
        "comment": [
          {
            "value": "sets 2 convoys for team A"
          },
          {
            "value": "sets 2 convoy to team B"
          },
          {
            "value": "max avaiable road index PLUS ONE"
          }
        ],
        "varSetInt": [
          {
            "value": 2,
            "var": "cnv_t1_max_convoys_num"
          },
          {
            "value": 2,
            "var": "cnv_t2_max_convoys_num"
          },
          {
            "value": 21,
            "var": "cnv_max_roads"
          },
          {
            "value": 21,
            "var": "cnv_t1_max_roads"
          },
          {
            "value": 21,
            "var": "cnv_t2_max_roads"
          }
        ]
      },
      "else_actions": {}
    }
  },
  "mission_objectives": {
    "isCategory": true,
    "is_enabled": true
  },
  "variables": {},
  "dialogs": {},
  "airfields": {},
  "effects": {},
  "units": {
    "squad": [
      {
        "name": "cnv_all_convoys_squad",
        "tm": [
          [
            1.0,
            0.0,
            0.0
          ],
          [
            0.0,
            1.0,
            0.0
          ],
          [
            0.0,
            0.0,
            1.0
          ],
          [
            51561.9,
            -5.15,
            2806.65
          ]
        ],
        "props": {
          "object_marking": 0,
          "squad_members": [
            "cnv_t1_all_convoys_squad",
            "cnv_t2_all_convoys_squad"
          ]
        }
      },
      {
        "name": "bridges_squad",
        "tm": [
          [
            1.0,
            0.0,
            0.0
          ],
          [
            0.0,
            1.0,
            0.0
          ],
          [
            0.0,
            0.0,
            1.0
          ],
          [
            10569.2,
            1.55,
            -13905.0
          ]
        ],
        "props": {
          "object_marking": 0,
          "squad_members": "air_afghan_bridges_squad"
        }
      }
    ],
    "armada": {
      "name": "cnv_armada",
      "tm": [
        [
          -0.793353,
          0.0,
          0.608761
        ],
        [
          0.0,
          1.0,
          0.0
        ],
        [
          -0.608761,
          0.0,
          -0.793353
        ],
        [
          14338.3,
          1388.0,
          3195.95
        ]
      ],
      "unit_class": "yak-1b",
      "objLayer": 1,
      "closed_waypoints": false,
      "isShipSpline": false,
      "shipTurnRadius": 100.0,
      "weapons": "",
      "bullets0": "",
      "bullets1": "",
      "bullets2": "",
      "bullets3": "",
      "bulletsCount0": 0,
      "bulletsCount1": 0,
      "bulletsCount2": 0,
      "bulletsCount3": 0,
      "crewSkillK": 0.0,
      "applyAllMods": false,
      "props": {
        "army": 2,
        "count": 1,
        "free_distance": 70.0,
        "floating_distance": 50.0,
        "minimum_distance_to_earth": 20.0,
        "altLimit": 6000.0,
        "attack_type": "fire_at_will",
        "skill": 4,
        "plane": {
          "wing_formation": "Diamond",
          "row_distances": 3.0,
          "col_distances": 3.0,
          "super_formation": "Diamond",
          "super_row_distances": 1.5,
          "super_col_distances": 1.5,
          "ai_skill": "NORMAL",
          "task": "FLY_WAYPOINT"
        }
      },
      "way": {}
    }
  },
  "areas": {
    "cnv_t1_road_01_spawn": {
      "type": "Point",
      "tm": [
        [
          0.488948,
          0.0,
          -0.872313
        ],
        [
          0.0,
          1.0,
          0.0
        ],
        [
          0.872313,
          0.0,
          0.488948
        ],
        [
          -34749.8,
          3478.21,
          51252.2
        ]
      ],
      "objLayer": 0,
      "props": {}
    },
    "cnv_t1_road_02_spawn": {
      "type": "Point",
      "tm": [
        [
          0.27958,
          0.0,
          -0.960122
        ],
        [
          0.0,
          1.0,
          0.0
        ],
        [
          0.960122,
          0.0,
          0.27958
        ],
        [
          -25470.7,
          3350.29,
          51696.0
        ]
      ],
      "objLayer": 0,
      "props": {}
    },
    "cnv_t1_road_03_spawn": {
      "type": "Point",
      "tm": [
        [
          -0.230072,
          0.0,
          -0.973174
        ],
        [
          0.0,
          1.0,
          0.0
        ],
        [
          0.973174,
          0.0,
          -0.230072
        ],
        [
          -13317.5,
          2543.06,
          52074.6
        ]
      ],
      "objLayer": 0,
      "props": {}
    },
    "cnv_t1_road_04_spawn": {
      "type": "Point",
      "tm": [
        [
          0.935523,
          0.0,
          -0.353265
        ],
        [
          0.0,
          1.0,
          0.0
        ],
        [
          0.353265,
          0.0,
          0.935523
        ],
        [
          6160.67,
          4409.5,
          53005.3
        ]
      ],
      "objLayer": 0,
      "props": {}
    },
    "cnv_t1_road_05_spawn": {
      "type": "Point",
      "tm": [
        [
          0.133173,
          0.0,
          -0.991093
        ],
        [
          0.0,
          1.0,
          0.0
        ],
        [
          0.991093,
          0.0,
          0.133173
        ],
        [
          6572.94,
          3534.1,
          50803.8
        ]
      ],
      "objLayer": 0,
      "props": {}
    },
    "cnv_t1_road_06_spawn": {
      "type": "Point",
      "tm": [
        [
          -0.44226,
          0.0,
          -0.896887
        ],
        [
          0.0,
          1.0,
          0.0
        ],
        [
          0.896887,
          0.0,
          -0.44226
        ],
        [
          2103.99,
          3521.78,
          52632.3
        ]
      ],
      "objLayer": 0,
      "props": {}
    },
    "cnv_t1_road_07_spawn": {
      "type": "Point",
      "tm": [
        [
          -0.340551,
          0.0,
          -0.940226
        ],
        [
          0.0,
          1.0,
          0.0
        ],
        [
          0.940226,
          0.0,
          -0.340551
        ],
        [
          20171.1,
          2006.36,
          50636.7
        ]
      ],
      "objLayer": 0,
      "props": {}
    },
    "cnv_t1_road_08_spawn": {
      "type": "Point",
      "tm": [
        [
          0.215439,
          0.0,
          -0.976517
        ],
        [
          0.0,
          1.0,
          0.0
        ],
        [
          0.976517,
          0.0,
          0.215439
        ],
        [
          25664.4,
          2110.22,
          51206.1
        ]
      ],
      "objLayer": 0,
      "props": {}
    },
    "cnv_t1_road_09_spawn": {
      "type": "Point",
      "tm": [
        [
          -0.960868,
          0.0,
          0.277006
        ],
        [
          0.0,
          1.0,
          0.0
        ],
        [
          -0.277006,
          0.0,
          -0.960868
        ],
        [
          52379.6,
          3836.27,
          44993.6
        ]
      ],
      "objLayer": 0,
      "props": {}
    },
    "cnv_t2_road_01_spawn": {
      "type": "Point",
      "tm": [
        [
          -0.145331,
          0.0,
          0.989383
        ],
        [
          0.0,
          1.0,
          0.0
        ],
        [
          -0.989383,
          0.0,
          -0.145331
        ],
        [
          -38981.0,
          2199.39,
          -53010.8
        ]
      ],
      "objLayer": 0,
      "props": {}
    },
    "cnv_t2_road_02_spawn": {
      "type": "Point",
      "tm": [
        [
          -0.84385,
          0.0,
          0.536579
        ],
        [
          0.0,
          1.0,
          0.0
        ],
        [
          -0.536579,
          0.0,
          -0.84385
        ],
        [
          -26954.2,
          2659.31,
          -52072.7
        ]
      ],
      "objLayer": 0,
      "props": {}
    },
    "cnv_t2_road_03_spawn": {
      "type": "Point",
      "tm": [
        [
          0.491391,
          0.0,
          0.870939
        ],
        [
          0.0,
          1.0,
          0.0
        ],
        [
          -0.870939,
          0.0,
          0.491391
        ],
        [
          -20258.1,
          2055.84,
          -52525.4
        ]
      ],
      "objLayer": 0,
      "props": {}
    },
    "cnv_t2_road_04_spawn": {
      "type": "Point",
      "tm": [
        [
          -0.110831,
          0.0,
          0.993839
        ],
        [
          0.0,
          1.0,
          0.0
        ],
        [
          -0.993839,
          0.0,
          -0.110831
        ],
        [
          -15045.5,
          1883.88,
          -51174.5
        ]
      ],
      "objLayer": 0,
      "props": {}
    },
    "cnv_t2_road_05_spawn": {
      "type": "Point",
      "tm": [
        [
          -0.0693539,
          0.0,
          0.997592
        ],
        [
          0.0,
          1.0,
          0.0
        ],
        [
          -0.997592,
          0.0,
          -0.0693539
        ],
        [
          -8803.69,
          1849.19,
          -50317.4
        ]
      ],
      "objLayer": 0,
      "props": {}
    },
    "cnv_t2_road_06_spawn": {
      "type": "Point",
      "tm": [
        [
          0.460575,
          0.0,
          0.887621
        ],
        [
          0.0,
          1.0,
          0.0
        ],
        [
          -0.887621,
          0.0,
          0.460575
        ],
        [
          5784.66,
          2305.1,
          -51121.7
        ]
      ],
      "objLayer": 0,
      "props": {}
    },
    "cnv_t2_road_07_spawn": {
      "type": "Point",
      "tm": [
        [
          0.953311,
          0.0,
          0.301992
        ],
        [
          0.0,
          1.0,
          0.0
        ],
        [
          -0.301992,
          0.0,
          0.953311
        ],
        [
          11360.5,
          2557.61,
          -51363.2
        ]
      ],
      "objLayer": 0,
      "props": {}
    },
    "cnv_t2_road_08_spawn": {
      "type": "Point",
      "tm": [
        [
          -0.16661,
          0.0,
          0.986023
        ],
        [
          0.0,
          1.0,
          0.0
        ],
        [
          -0.986023,
          0.0,
          -0.16661
        ],
        [
          22079.8,
          2439.58,
          -52292.0
        ]
      ],
      "objLayer": 0,
      "props": {}
    },
    "cnv_t2_road_09_spawn": {
      "type": "Point",
      "tm": [
        [
          -0.929335,
          0.0,
          0.369239
        ],
        [
          0.0,
          1.0,
          0.0
        ],
        [
          -0.369239,
          0.0,
          -0.929335
        ],
        [
          42297.6,
          2036.78,
          -50152.3
        ]
      ],
      "objLayer": 0,
      "props": {}
    },
    "cnv_t1_road_10_spawn": {
      "type": "Point",
      "tm": [
        [
          -0.184207,
          0.0,
          -0.982888
        ],
        [
          0.0,
          1.0,
          0.0
        ],
        [
          0.982888,
          0.0,
          -0.184207
        ],
        [
          -34969.9,
          3746.71,
          42635.8
        ]
      ],
      "objLayer": 0,
      "props": {}
    },
    "cnv_t1_road_11_spawn": {
      "type": "Point",
      "tm": [
        [
          -0.471092,
          0.0,
          -0.882084
        ],
        [
          0.0,
          1.0,
          0.0
        ],
        [
          0.882084,
          0.0,
          -0.471092
        ],
        [
          -25529.1,
          3701.08,
          44112.8
        ]
      ],
      "objLayer": 0,
      "props": {}
    },
    "cnv_t1_road_12_spawn": {
      "type": "Point",
      "tm": [
        [
          0.391721,
          0.0,
          -0.920084
        ],
        [
          0.0,
          1.0,
          0.0
        ],
        [
          0.920084,
          0.0,
          0.391721
        ],
        [
          -9275.6,
          2247.66,
          39786.3
        ]
      ],
      "objLayer": 0,
      "props": {}
    },
    "cnv_t1_road_13_spawn": {
      "type": "Point",
      "tm": [
        [
          -0.96086,
          0.0,
          0.277033
        ],
        [
          0.0,
          1.0,
          0.0
        ],
        [
          -0.277033,
          0.0,
          -0.96086
        ],
        [
          4280.92,
          1830.59,
          39199.5
        ]
      ],
      "objLayer": 0,
      "props": {}
    },
    "cnv_t1_road_14_spawn": {
      "type": "Point",
      "tm": [
        [
          -0.971067,
          0.0,
          -0.238808
        ],
        [
          0.0,
          1.0,
          0.0
        ],
        [
          0.238808,
          0.0,
          -0.971067
        ],
        [
          24778.5,
          2699.78,
          41055.6
        ]
      ],
      "objLayer": 0,
      "props": {}
    },
    "cnv_t1_road_15_spawn": {
      "type": "Point",
      "tm": [
        [
          0.971804,
          0.0,
          0.23579
        ],
        [
          0.0,
          1.0,
          0.0
        ],
        [
          -0.23579,
          0.0,
          0.971804
        ],
        [
          34157.8,
          2514.76,
          41154.8
        ]
      ],
      "objLayer": 0,
      "props": {}
    },
    "cnv_t1_road_16_spawn": {
      "type": "Point",
      "tm": [
        [
          -0.986603,
          0.0,
          0.163138
        ],
        [
          0.0,
          1.0,
          0.0
        ],
        [
          -0.163138,
          0.0,
          -0.986603
        ],
        [
          -25154.0,
          1779.75,
          19806.0
        ]
      ],
      "objLayer": 0,
      "props": {}
    },
    "cnv_t1_road_17_spawn": {
      "type": "Point",
      "tm": [
        [
          0.469636,
          0.0,
          -0.88286
        ],
        [
          0.0,
          1.0,
          0.0
        ],
        [
          0.88286,
          0.0,
          0.469636
        ],
        [
          -10325.6,
          1616.43,
          18759.9
        ]
      ],
      "objLayer": 0,
      "props": {}
    },
    "cnv_t1_road_18_spawn": {
      "type": "Point",
      "tm": [
        [
          -0.936812,
          0.0,
          -0.349835
        ],
        [
          0.0,
          1.0,
          0.0
        ],
        [
          0.349835,
          0.0,
          -0.936812
        ],
        [
          -1830.27,
          1536.69,
          20252.9
        ]
      ],
      "objLayer": 0,
      "props": {}
    },
    "cnv_t1_road_19_spawn": {
      "type": "Point",
      "tm": [
        [
          0.0440704,
          0.0,
          -0.999028
        ],
        [
          0.0,
          1.0,
          0.0
        ],
        [
          0.999028,
          0.0,
          0.0440704
        ],
        [
          3906.92,
          1649.61,
          22813.9
        ]
      ],
      "objLayer": 0,
      "props": {}
    },
    "cnv_t1_road_20_spawn": {
      "type": "Point",
      "tm": [
        [
          -0.231028,
          0.0,
          -0.972947
        ],
        [
          0.0,
          1.0,
          0.0
        ],
        [
          0.972947,
          0.0,
          -0.231028
        ],
        [
          25647.5,
          2060.35,
          20226.4
        ]
      ],
      "objLayer": 0,
      "props": {}
    },
    "cnv_t2_road_10_spawn": {
      "type": "Point",
      "tm": [
        [
          0.247921,
          0.0,
          0.96878
        ],
        [
          0.0,
          1.0,
          0.0
        ],
        [
          -0.96878,
          0.0,
          0.247921
        ],
        [
          -35073.4,
          2505.15,
          -42758.2
        ]
      ],
      "objLayer": 0,
      "props": {}
    },
    "cnv_t2_road_11_spawn": {
      "type": "Point",
      "tm": [
        [
          -0.0552388,
          0.0,
          0.998473
        ],
        [
          0.0,
          1.0,
          0.0
        ],
        [
          -0.998473,
          0.0,
          -0.0552388
        ],
        [
          -18400.5,
          1635.77,
          -38916.5
        ]
      ],
      "objLayer": 0,
      "props": {}
    },
    "cnv_t2_road_12_spawn": {
      "type": "Point",
      "tm": [
        [
          -0.242125,
          0.0,
          0.970245
        ],
        [
          0.0,
          1.0,
          0.0
        ],
        [
          -0.970245,
          0.0,
          -0.242125
        ],
        [
          -13790.3,
          1514.5,
          -37983.4
        ]
      ],
      "objLayer": 0,
      "props": {}
    },
    "cnv_t2_road_13_spawn": {
      "type": "Point",
      "tm": [
        [
          -0.177874,
          0.0,
          0.984053
        ],
        [
          0.0,
          1.0,
          0.0
        ],
        [
          -0.984053,
          0.0,
          -0.177874
        ],
        [
          2365.5,
          1683.02,
          -36553.2
        ]
      ],
      "objLayer": 0,
      "props": {}
    },
    "cnv_t2_road_14_spawn": {
      "type": "Point",
      "tm": [
        [
          0.997939,
          0.0,
          0.0641702
        ],
        [
          0.0,
          1.0,
          0.0
        ],
        [
          -0.0641702,
          0.0,
          0.997939
        ],
        [
          26299.3,
          2249.81,
          -34858.6
        ]
      ],
      "objLayer": 0,
      "props": {}
    },
    "cnv_t2_road_15_spawn": {
      "type": "Point",
      "tm": [
        [
          0.422618,
          0.0,
          0.906308
        ],
        [
          0.0,
          1.0,
          0.0
        ],
        [
          -0.906308,
          0.0,
          0.422618
        ],
        [
          35690.7,
          2034.08,
          -37209.6
        ]
      ],
      "objLayer": 0,
      "props": {}
    },
    "cnv_t2_road_16_spawn": {
      "type": "Point",
      "tm": [
        [
          -0.707107,
          0.0,
          0.707107
        ],
        [
          0.0,
          1.0,
          0.0
        ],
        [
          -0.707107,
          0.0,
          -0.707107
        ],
        [
          -19956.4,
          1951.78,
          -22626.3
        ]
      ],
      "objLayer": 0,
      "props": {}
    },
    "cnv_t2_road_17_spawn": {
      "type": "Point",
      "tm": [
        [
          0.793353,
          0.0,
          -0.608761
        ],
        [
          0.0,
          1.0,
          0.0
        ],
        [
          0.608761,
          0.0,
          0.793353
        ],
        [
          -33370.4,
          2555.84,
          -24452.8
        ]
      ],
      "objLayer": 0,
      "props": {}
    },
    "cnv_t2_road_18_spawn": {
      "type": "Point",
      "tm": [
        [
          -0.707107,
          0.0,
          0.707107
        ],
        [
          0.0,
          1.0,
          0.0
        ],
        [
          -0.707107,
          0.0,
          -0.707107
        ],
        [
          -2060.56,
          1764.75,
          -22829.0
        ]
      ],
      "objLayer": 0,
      "props": {}
    },
    "cnv_t2_road_19_spawn": {
      "type": "Point",
      "tm": [
        [
          -0.92388,
          0.0,
          0.382683
        ],
        [
          0.0,
          1.0,
          0.0
        ],
        [
          -0.382683,
          0.0,
          -0.92388
        ],
        [
          22600.1,
          1696.95,
          -26528.8
        ]
      ],
      "objLayer": 0,
      "props": {}
    },
    "cnv_t2_road_20_spawn": {
      "type": "Point",
      "tm": [
        [
          -0.5,
          0.0,
          0.866026
        ],
        [
          0.0,
          1.0,
          0.0
        ],
        [
          -0.866026,
          0.0,
          -0.5
        ],
        [
          29602.8,
          1507.54,
          -25273.8
        ]
      ],
      "objLayer": 0,
      "props": {}
    }
  },
  "objLayers": {
    "layer": [
      {
        "enabled": true
      },
      {
        "enabled": true
      },
      {
        "enabled": true
      },
      {
        "enabled": false
      }
    ]
  },
  "wayPoints": {
    "cnv_t1_road_01": {
      "closed_waypoints": false,
      "isShipSpline": false,
      "shipTurnRadius": 100.0,
      "way": {
        "cnv_t1_road_01_wp_01": {
          "type": "normal",
          "tm": [
            [
              1.0,
              0.0,
              0.0
            ],
            [
              0.0,
              1.0,
              0.0
            ],
            [
              0.0,
              0.0,
              1.0
            ],
            [
              -34588.4,
              3511.64,
              50899.0
            ]
          ],
          "props": {
            "speed": 30.0,
            "tas": false,
            "moveType": "GATHER_TO",
            "shouldKeepFormation": false,
            "canUsePathFinder": false
          }
        },
        "cnv_t1_road_01_wp_55": {
          "type": "normal",
          "tm": [
            [
              1.0,
              0.0,
              0.0
            ],
            [
              0.0,
              1.0,
              0.0
            ],
            [
              0.0,
              0.0,
              1.0
            ],
            [
              -28086.5,
              3702.31,
              37887.2
            ]
          ],
          "props": {
            "speed": 30.0,
            "tas": false,
            "moveType": "USE_SPLINES",
            "shouldKeepFormation": false,
            "canUsePathFinder": false
          }
        },
        "cnv_t1_road_01_wp_02": {
          "type": "normal",
          "tm": [
            [
              1.0,
              0.0,
              0.0
            ],
            [
              0.0,
              1.0,
              0.0
            ],
            [
              0.0,
              0.0,
              1.0
            ],
            [
              -20449.9,
              1823.0,
              21466.3
            ]
          ],
          "props": {
            "speed": 30.0,
            "tas": false,
            "moveType": "USE_SPLINES",
            "shouldKeepFormation": false,
            "canUsePathFinder": false
          }
        },
        "cnv_t1_road_01_wp_03": {
          "type": "normal",
          "tm": [
            [
              1.0,
              0.0,
              0.0
            ],
            [
              0.0,
              1.0,
              0.0
            ],
            [
              0.0,
              0.0,
              1.0
            ],
            [
              -25671.1,
              1732.55,
              19718.4
            ]
          ],
          "props": {
            "speed": 30.0,
            "tas": false,
            "moveType": "USE_SPLINES",
            "shouldKeepFormation": false,
            "canUsePathFinder": false
          }
        },
        "cnv_t1_road_01_wp_04": {
          "type": "normal",
          "tm": [
            [
              1.0,
              0.0,
              0.0
            ],
            [
              0.0,
              1.0,
              0.0
            ],
            [
              0.0,
              0.0,
              1.0
            ],
            [
              -25887.1,
              1741.75,
              19737.7
            ]
          ],
          "props": {
            "speed": 30.0,
            "tas": false,
            "moveType": "USE_SPLINES",
            "shouldKeepFormation": false,
            "canUsePathFinder": false
          }
        },
        "cnv_t1_road_01_wp_05": {
          "type": "normal",
          "tm": [
            [
              1.0,
              0.0,
              0.0
            ],
            [
              0.0,
              1.0,
              0.0
            ],
            [
              0.0,
              0.0,
              1.0
            ],
            [
              -25976.6,
              1746.1,
              19747.1
            ]
          ],
          "props": {
            "speed": 30.0,
            "tas": false,
            "moveType": "USE_SPLINES",
            "shouldKeepFormation": false,
            "canUsePathFinder": false
          }
        },
        "cnv_t1_road_01_wp_07": {
          "type": "normal",
          "tm": [
            [
              1.0,
              0.0,
              0.0
            ],
            [
              0.0,
              1.0,
              0.0
            ],
            [
              0.0,
              0.0,
              1.0
            ],
            [
              -26477.3,
              1767.75,
              19745.9
            ]
          ],
          "props": {
            "speed": 30.0,
            "tas": false,
            "moveType": "USE_SPLINES",
            "shouldKeepFormation": false,
            "canUsePathFinder": false
          }
        },
        "cnv_t1_road_01_wp_08": {
          "type": "normal",
          "tm": [
            [
              1.0,
              0.0,
              0.0
            ],
            [
              0.0,
              1.0,
              0.0
            ],
            [
              0.0,
              0.0,
              1.0
            ],
            [
              -26852.6,
              1676.8,
              19777.4
            ]
          ],
          "props": {
            "speed": 30.0,
            "tas": false,
            "moveType": "USE_SPLINES",
            "shouldKeepFormation": false,
            "canUsePathFinder": false
          }
        },
        "cnv_t1_road_01_wp_09": {
          "type": "normal",
          "tm": [
            [
              1.0,
              0.0,
              0.0
            ],
            [
              0.0,
              1.0,
              0.0
            ],
            [
              0.0,
              0.0,
              1.0
            ],
            [
              -22006.5,
              2126.44,
              10592.3
            ]
          ],
          "props": {
            "speed": 30.0,
            "tas": false,
            "moveType": "USE_SPLINES",
            "shouldKeepFormation": false,
            "canUsePathFinder": false
          }
        },
        "cnv_t1_road_01_wp_10": {
          "type": "normal",
          "tm": [
            [
              1.0,
              0.0,
              0.0
            ],
            [
              0.0,
              1.0,
              0.0
            ],
            [
              0.0,
              0.0,
              1.0
            ],
            [
              -16922.7,
              1601.95,
              10280.9
            ]
          ],
          "props": {
            "speed": 30.0,
            "tas": false,
            "moveType": "USE_SPLINES",
            "shouldKeepFormation": false,
            "canUsePathFinder": false
          }
        },
        "cnv_t1_road_01_wp_11": {
          "type": "normal",
          "tm": [
            [
              1.0,
              0.0,
              0.0
            ],
            [
              0.0,
              1.0,
              0.0
            ],
            [
              0.0,
              0.0,
              1.0
            ],
            [
              -16241.8,
              1625.85,
              9641.2
            ]
          ],
          "props": {
            "speed": 30.0,
            "tas": false,
            "moveType": "USE_SPLINES",
            "shouldKeepFormation": false,
            "canUsePathFinder": false
          }
        },
        "cnv_t1_road_01_wp_12": {
          "type": "normal",
          "tm": [
            [
              1.0,
              0.0,
              0.0
            ],
            [
              0.0,
              1.0,
              0.0
            ],
            [
              0.0,
              0.0,
              1.0
            ],
            [
              -17256.6,
              1790.0,
              8140.45
            ]
          ],
          "props": {
            "speed": 30.0,
            "tas": false,
            "moveType": "USE_SPLINES",
            "shouldKeepFormation": false,
            "canUsePathFinder": false
          }
        },
        "cnv_t1_road_01_wp_13": {
          "type": "normal",
          "tm": [
            [
              1.0,
              0.0,
              0.0
            ],
            [
              0.0,
              1.0,
              0.0
            ],
            [
              0.0,
              0.0,
              1.0
            ],
            [
              -17359.7,
              1860.6,
              6108.95
            ]
          ],
          "props": {
            "speed": 30.0,
            "tas": false,
            "moveType": "USE_SPLINES",
            "shouldKeepFormation": false,
            "canUsePathFinder": false
          }
        },
        "cnv_t1_road_01_wp_14": {
          "type": "normal",
          "tm": [
            [
              1.0,
              0.0,
              0.0
            ],
            [
              0.0,
              1.0,
              0.0
            ],
            [
              0.0,
              0.0,
              1.0
            ],
            [
              -18269.4,
              1860.35,
              2651.5
            ]
          ],
          "props": {
            "speed": 30.0,
            "tas": false,
            "moveType": "USE_SPLINES",
            "shouldKeepFormation": false,
            "canUsePathFinder": false
          }
        },
        "cnv_t1_road_01_wp_15": {
          "type": "normal",
          "tm": [
            [
              1.0,
              0.0,
              0.0
            ],
            [
              0.0,
              1.0,
              0.0
            ],
            [
              0.0,
              0.0,
              1.0
            ],
            [
              -18420.9,
              1779.7,
              -541.25
            ]
          ],
          "props": {
            "speed": 30.0,
            "tas": false,
            "moveType": "USE_SPLINES",
            "shouldKeepFormation": false,
            "canUsePathFinder": false
          }
        },
        "cnv_t1_road_01_wp_16": {
          "type": "normal",
          "tm": [
            [
              1.0,
              0.0,
              0.0
            ],
            [
              0.0,
              1.0,
              0.0
            ],
            [
              0.0,
              0.0,
              1.0
            ],
            [
              -20455.6,
              1948.95,
              -1882.0
            ]
          ],
          "props": {
            "speed": 30.0,
            "tas": false,
            "moveType": "USE_SPLINES",
            "shouldKeepFormation": false,
            "canUsePathFinder": false
          }
        },
        "cnv_t1_road_01_wp_17": {
          "type": "normal",
          "tm": [
            [
              1.0,
              0.0,
              0.0
            ],
            [
              0.0,
              1.0,
              0.0
            ],
            [
              0.0,
              0.0,
              1.0
            ],
            [
              -20652.1,
              1984.85,
              -3402.6
            ]
          ],
          "props": {
            "speed": 30.0,
