{
  "selected_tag": "",
  "bin_dump_file": "",
  "mission_settings": {
    "player": {
      "army": 1
    },
    "player_teamB": {
      "army": 2
    },
    "mission": {
      "level": "levels/air_afghan.bin",
      "type": "domination",
      "environment": "Day",
      "weather": "hazy",
      "restoreType": "attempts",
      "optionalTakeOff": false
    }
  },
  "imports": {},
  "triggers": {
    "isCategory": true,
    "is_enabled": true
  },
  "mission_objectives": {
    "isCategory": true,
    "is_enabled": true
  },
  "variables": {},
  "dialogs": {},
  "airfields": {},
  "effects": {},
  "units": {
    "objectGroups": [
      {
        "name": "bdt_t2_bomb_object_01",
        "tm": [
          [
            0.776358,
            0.0,
            0.630288
          ],
          [
            0.0,
            1.0,
            0.0
          ],
          [
            -0.630288,
            0.0,
            0.776358
          ],
          [
            -30387.6,
            1039.24,
            -6188.41
          ]
        ],
        "unit_class": "dynBase_hq_camp_square",
        "objLayer": 2,
        "props": {
          "army": 2,
          "active": false
        }
      },
      {
        "name": "bdt_t2_bomb_object_02",
        "tm": [
          [
            0.998687,
            0.0,
            0.0512764
          ],
          [
            0.0,
            1.0,
            0.0
          ],
          [
            -0.0512764,
            0.0,
            0.998687
          ],
          [
            -17678.3,
            1055.31,
            -9810.03
          ]
        ],
        "unit_class": "dynBase_fuel_storage_square",
        "objLayer": 2,
        "props": {
          "army": 2,
          "active": false
        }
      },
      {
        "name": "bdt_t2_bomb_object_03",
        "tm": [
          [
            -0.30801,
            0.0,
            0.951384
          ],
          [
            0.0,
            1.0,
            0.0
          ],
          [
            -0.951384,
            0.0,
            -0.30801
          ],
          [
            -13334.1,
            1044.06,
            -5915.58
          ]
        ],
        "unit_class": "dynBase_oil_storage_small_square",
        "objLayer": 2,
        "props": {
          "army": 2,
          "active": false
        }
      },
      {
        "name": "bdt_t1_bomb_object_01",
        "tm": [
          [
            0.430105,
            0.0,
            0.902778
          ],
          [
            0.0,
            1.0,
            0.0
          ],
          [
            -0.902778,
            0.0,
            0.430105
          ],
          [
            -28274.2,
            1065.89,
            13160.5
          ]
        ],
        "unit_class": "dynBase_fuel_storage_square",
        "objLayer": 2,
        "props": {
          "army": 1,
          "active": false
        }
      },
      {
        "name": "bdt_t1_bomb_object_02",
        "tm": [
          [
            -0.292802,
            0.0,
            0.956171
          ],
          [
            0.0,
            1.0,
            0.0
          ],
          [
            -0.956171,
            0.0,
            -0.292802
          ],
          [
            -32104.0,
            1056.34,
            6083.26
          ]
        ],
        "unit_class": "dynBase_small_factory_square",
        "objLayer": 2,
        "props": {
          "army": 1,
          "active": false
        }
      },
      {
        "name": "bdt_t1_bomb_object_03",
        "tm": [
          [
            -0.391124,
            0.0,
            0.920337
          ],
          [
            0.0,
            1.0,
            0.0
          ],
          [
            -0.920337,
            0.0,
            -0.391124
          ],
          [
            -17134.9,
            1033.8,
            9694.26
          ]
        ],
        "unit_class": "dynBase_oil_storage_small_square",
        "objLayer": 2,
        "props": {
          "army": 1,
          "active": false
        }
      },
      {
        "name": "bdt_t2_bomb_object_04",
        "tm": [
          [
            0.274434,
            0.0,
            0.961606
          ],
          [
            0.0,
            1.0,
            0.0
          ],
          [
            -0.961606,
            0.0,
            0.274434
          ],
          [
            -29962.5,
            1006.51,
            -12051.8
          ]
        ],
        "unit_class": "dynBase_small_factory_square",
        "objLayer": 2,
        "props": {
          "army": 2,
          "active": false
        }
      },
      {
        "name": "bdt_t1_bomb_object_04",
        "tm": [
          [
            -0.0442636,
            0.0,
            0.99902
          ],
          [
            0.0,
            1.0,
            0.0
          ],
          [
            -0.99902,
            0.0,
            -0.0442636
          ],
          [
            -13430.2,
            890.734,
            5029.12
          ]
        ],
        "unit_class": "dynBase_field_camp_square",
        "objLayer": 2,
        "props": {
          "army": 1,
          "active": false
        }
      },
      {
        "name": "bdt_t1_bomb_object_05",
        "tm": [
          [
            -0.0442636,
            0.0,
            0.99902
          ],
          [
            0.0,
            1.0,
            0.0
          ],
          [
            -0.99902,
            0.0,
            -0.0442636
          ],
          [
            -11734.5,
            952.991,
            8155.21
          ]
        ],
        "unit_class": "dynBase_military_base_square",
        "objLayer": 2,
        "props": {
          "army": 1,
          "active": false
        }
      },
      {
        "name": "bdt_t1_bomb_object_06",
        "tm": [
          [
            -0.0442636,
            0.0,
            0.99902
          ],
          [
            0.0,
            1.0,
            0.0
          ],
          [
            -0.99902,
            0.0,
            -0.0442636
          ],
          [
            -14785.0,
            1017.27,
            11851.2
          ]
        ],
        "unit_class": "dynBase_oil_storage_large_square",
        "objLayer": 2,
        "props": {
          "army": 1,
          "active": false
        }
      },
      {
        "name": "bdt_t1_bomb_object_07",
        "tm": [
          [
            -0.0442636,
            0.0,
            0.99902
          ],
          [
            0.0,
            1.0,
            0.0
          ],
          [
            -0.99902,
            0.0,
            -0.0442636
          ],
          [
            -15280.2,
            1018.2,
            7956.79
          ]
        ],
        "unit_class": "dynBase_oil_storage_large_square",
        "objLayer": 2,
        "props": {
          "army": 1,
          "active": false
        }
      },
      {
        "name": "bdt_t1_bomb_object_08",
        "tm": [
          [
            0.430105,
            0.0,
            0.902778
          ],
          [
            0.0,
            1.0,
            0.0
          ],
          [
            -0.902778,
            0.0,
            0.430105
          ],
          [
            -33639.8,
            1056.32,
            9285.91
          ]
        ],
        "unit_class": "dynBase_small_factory_square",
        "objLayer": 2,
        "props": {
          "army": 1,
          "active": false
        }
      },
      {
        "name": "bdt_t1_bomb_object_09",
        "tm": [
          [
            0.430105,
            0.0,
            0.902778
          ],
          [
            0.0,
            1.0,
            0.0
          ],
          [
            -0.902778,
            0.0,
            0.430105
          ],
          [
            -24374.7,
            1058.69,
            11792.5
          ]
        ],
        "unit_class": "dynBase_petrol_camp_square",
        "objLayer": 2,
        "props": {
          "army": 1,
          "active": false
        }
      },
      {
        "name": "bdt_t1_bomb_object_10",
        "tm": [
          [
            0.430105,
            0.0,
            0.902778
          ],
          [
            0.0,
            1.0,
            0.0
          ],
          [
            -0.902778,
            0.0,
            0.430105
          ],
          [
            -28520.6,
            1062.61,
            8528.67
          ]
        ],
        "unit_class": "dynBase_petrol_camp_square",
        "objLayer": 2,
        "props": {
          "army": 1,
          "active": false
        }
      },
      {
        "name": "bdt_t2_bomb_object_05",
        "tm": [
          [
            0.274434,
            0.0,
            0.961606
          ],
          [
            0.0,
            1.0,
            0.0
          ],
          [
            -0.961606,
            0.0,
            0.274434
          ],
          [
            -35729.1,
            1045.58,
            -4786.27
          ]
        ],
        "unit_class": "dynBase_petrol_camp_square",
        "objLayer": 2,
        "props": {
          "army": 2,
          "active": false
        }
      },
      {
        "name": "bdt_t2_bomb_object_06",
        "tm": [
          [
            -0.208923,
            0.0,
            0.977932
          ],
          [
            0.0,
            1.0,
            0.0
          ],
          [
            -0.977932,
            0.0,
            -0.208923
          ],
          [
            -33412.6,
            1049.82,
            -2255.09
          ]
        ],
        "unit_class": "dynBase_military_base_square",
        "objLayer": 2,
        "props": {
          "army": 2,
          "active": false
        }
      },
      {
        "name": "bdt_t2_bomb_object_07",
        "tm": [
          [
            0.274434,
            0.0,
            0.961606
          ],
          [
            0.0,
            1.0,
            0.0
          ],
          [
            -0.961606,
            0.0,
            0.274434
          ],
          [
            -26877.2,
            1078.43,
            -10395.0
          ]
        ],
        "unit_class": "dynBase_fuel_storage_square",
        "objLayer": 2,
        "props": {
          "army": 2,
          "active": false
        }
      },
      {
        "name": "bdt_t2_bomb_object_08",
        "tm": [
          [
            -0.30801,
            0.0,
            0.951384
          ],
          [
            0.0,
            1.0,
            0.0
          ],
          [
            -0.951384,
            0.0,
            -0.30801
          ],
          [
            -19706.4,
            1042.57,
            -13860.5
          ]
        ],
        "unit_class": "dynBase_ammunition_storage_square",
        "objLayer": 2,
        "props": {
          "army": 2,
          "active": false
        }
      },
      {
        "name": "bdt_t2_bomb_object_09",
        "tm": [
          [
            -0.30801,
            0.0,
            0.951384
          ],
          [
            0.0,
            1.0,
            0.0
          ],
          [
            -0.951384,
            0.0,
            -0.30801
          ],
          [
            -13309.6,
            1021.15,
            -9746.53
          ]
        ],
        "unit_class": "dynBase_field_camp_square",
        "objLayer": 2,
        "props": {
          "army": 2,
          "active": false
        }
      },
      {
        "name": "bdt_t2_bomb_object_10",
        "tm": [
          [
            -0.30801,
            0.0,
            0.951384
          ],
          [
            0.0,
            1.0,
            0.0
          ],
          [
            -0.951384,
            0.0,
            -0.30801
          ],
          [
            -21828.7,
            1045.55,
            -10283.7
          ]
        ],
        "unit_class": "dynBase_oil_storage_small_square",
        "objLayer": 2,
        "props": {
          "army": 2,
          "active": false
        }
      }
    ]
  },
  "areas": {
    "bdt_t2_bomb_zone_01": {
      "type": "Sphere",
      "tm": [
        [
          349.363,
          0.0,
          283.632
        ],
        [
          0.0,
          450.0,
          0.0
        ],
        [
          -283.632,
          0.0,
          349.363
        ],
        [
          -30385.4,
          1039.81,
          -6195.07
        ]
      ],
      "objLayer": 0,
      "props": {}
    },
    "bdt_t2_bomb_zone_02": {
      "type": "Sphere",
      "tm": [
        [
          315.75,
          0.0,
          320.629
        ],
        [
          0.0,
          450.0,
          0.0
        ],
        [
          -320.629,
          0.0,
          315.75
        ],
        [
          -17685.6,
          1055.61,
          -9789.44
        ]
      ],
      "objLayer": 0,
      "props": {}
    },
    "bdt_t2_bomb_zone_03": {
      "type": "Sphere",
      "tm": [
        [
          -138.601,
          0.0,
          428.122
        ],
        [
          0.0,
          450.0,
          0.0
        ],
        [
          -428.122,
          0.0,
          -138.601
        ],
        [
          -13340.2,
          1044.07,
          -5923.19
        ]
      ],
      "objLayer": 0,
      "props": {}
    },
    "bdt_t1_bomb_zone_01": {
      "type": "Sphere",
      "tm": [
        [
          193.548,
          0.0,
          406.249
        ],
        [
          0.0,
          450.0,
          0.0
        ],
        [
          -406.249,
          0.0,
          193.548
        ],
        [
          -28271.7,
          1065.91,
          13173.0
        ]
      ],
      "objLayer": 0,
      "props": {}
    },
    "bdt_t1_bomb_zone_02": {
      "type": "Sphere",
      "tm": [
        [
          -35.5079,
          0.0,
          448.597
        ],
        [
          0.0,
          450.0,
          0.0
        ],
        [
          -448.597,
          0.0,
          -35.5079
        ],
        [
          -32106.5,
          1056.34,
          6087.24
        ]
      ],
      "objLayer": 0,
      "props": {}
    },
    "bdt_t1_bomb_zone_03": {
      "type": "Sphere",
      "tm": [
        [
          -5.16983,
          0.0,
          449.969
        ],
        [
          0.0,
          450.0,
          0.0
        ],
        [
          -449.969,
          0.0,
          -5.16983
        ],
        [
          -17135.6,
          1033.82,
          9699.85
        ]
      ],
      "objLayer": 0,
      "props": {}
    },
    "bdt_t2_bomb_zone_04": {
      "type": "Sphere",
      "tm": [
        [
          123.496,
          0.0,
          432.721
        ],
        [
          0.0,
          450.0,
          0.0
        ],
        [
          -432.721,
          0.0,
          123.496
        ],
        [
          -29958.7,
          1006.77,
          -12044.9
        ]
      ],
      "objLayer": 0,
      "props": {}
    },
    "bdt_t1_bomb_zone_04": {
      "type": "Sphere",
      "tm": [
        [
          -5.16983,
          0.0,
          449.969
        ],
        [
          0.0,
          450.0,
          0.0
        ],
        [
          -449.969,
          0.0,
          -5.16983
        ],
        [
          -13435.8,
          890.052,
          5029.45
        ]
      ],
      "objLayer": 0,
      "props": {}
    },
    "bdt_t2_bomb_zone_01_aaa_point_01": {
      "type": "Point",
      "tm": [
        [
          0.29184,
          0.0,
          0.956466
        ],
        [
          0.0,
          1.0,
          0.0
        ],
        [
          -0.956466,
          0.0,
          0.29184
        ],
        [
          -30163.4,
          1039.19,
          -6234.82
        ]
      ],
      "objLayer": 0,
      "props": {}
    },
    "bdt_t2_bomb_zone_01_aaa_point_02": {
      "type": "Point",
      "tm": [
        [
          0.29184,
          0.0,
          0.956466
        ],
        [
          0.0,
          1.0,
          0.0
        ],
        [
          -0.956466,
          0.0,
          0.29184
        ],
        [
          -30672.2,
          1041.19,
          -6250.68
        ]
      ],
      "objLayer": 0,
      "props": {}
    },
    "bdt_t2_bomb_zone_01_aaa_point_03": {
      "type": "Point",
      "tm": [
        [
          0.29184,
          0.0,
          0.956466
        ],
        [
          0.0,
          1.0,
          0.0
        ],
        [
          -0.956466,
          0.0,
          0.29184
        ],
        [
          -30645.3,
          1036.39,
          -6134.75
        ]
      ],
      "objLayer": 0,
      "props": {}
    },
    "bdt_t2_bomb_zone_01_aaa_point_04": {
      "type": "Point",
      "tm": [
        [
          0.29184,
          0.0,
          0.956466
        ],
        [
          0.0,
          1.0,
          0.0
        ],
        [
          -0.956466,
          0.0,
          0.29184
        ],
        [
          -30555.6,
          1014.73,
          -5759.85
        ]
      ],
      "objLayer": 0,
      "props": {}
    },
    "bdt_t2_bomb_zone_02_aaa_point_01": {
      "type": "Point",
      "tm": [
        [
          0.183958,
          0.0,
          0.982932
        ],
        [
          0.0,
          1.0,
          0.0
        ],
        [
          -0.982932,
          0.0,
          0.183958
        ],
        [
          -17575.1,
          1052.47,
          -10012.2
        ]
      ],
      "objLayer": 0,
      "props": {}
    },
    "bdt_t2_bomb_zone_02_aaa_point_02": {
      "type": "Point",
      "tm": [
        [
          0.183958,
          0.0,
          0.982932
        ],
        [
          0.0,
          1.0,
          0.0
        ],
        [
          -0.982932,
          0.0,
          0.183958
        ],
        [
          -17988.8,
          1056.75,
          -9666.58
        ]
      ],
      "objLayer": 0,
      "props": {}
    },
    "bdt_t2_bomb_zone_02_aaa_point_03": {
      "type": "Point",
      "tm": [
        [
          0.183958,
          0.0,
          0.982932
        ],
        [
          0.0,
          1.0,
          0.0
        ],
        [
          -0.982932,
          0.0,
          0.183958
        ],
        [
          -17840.5,
          1051.67,
          -10022.2
        ]
      ],
      "objLayer": 0,
      "props": {}
    },
    "bdt_t2_bomb_zone_02_aaa_point_04": {
      "type": "Point",
      "tm": [
        [
          0.183958,
          0.0,
          0.982932
        ],
        [
          0.0,
          1.0,
          0.0
        ],
        [
          -0.982932,
          0.0,
          0.183958
        ],
        [
          -17605.4,
          1059.09,
          -9574.55
        ]
      ],
      "objLayer": 0,
      "props": {}
    },
    "bdt_t2_bomb_zone_03_aaa_point_01": {
      "type": "Point",
      "tm": [
        [
          0.183958,
          0.0,
          0.982932
        ],
        [
          0.0,
          1.0,
          0.0
        ],
        [
          -0.982932,
          0.0,
          0.183958
        ],
        [
          -13097.1,
          1044.13,
          -5818.62
        ]
      ],
      "objLayer": 0,
      "props": {}
    },
    "bdt_t2_bomb_zone_03_aaa_point_02": {
      "type": "Point",
      "tm": [
        [
          0.183958,
          0.0,
          0.982932
        ],
        [
          0.0,
          1.0,
          0.0
        ],
        [
          -0.982932,
          0.0,
          0.183958
        ],
        [
          -13586.3,
          1042.86,
          -5764.93
        ]
      ],
      "objLayer": 0,
      "props": {}
    },
    "bdt_t2_bomb_zone_03_aaa_point_03": {
      "type": "Point",
      "tm": [
        [
          0.183958,
          0.0,
          0.982932
        ],
        [
          0.0,
          1.0,
          0.0
        ],
        [
          -0.982932,
          0.0,
          0.183958
        ],
        [
          -13481.7,
          1044.11,
          -6124.45
        ]
      ],
      "objLayer": 0,
      "props": {}
    },
    "bdt_t2_bomb_zone_03_aaa_point_04": {
      "type": "Point",
      "tm": [
        [
          0.183958,
          0.0,
          0.982932
        ],
        [
          0.0,
          1.0,
          0.0
        ],
        [
          -0.982932,
          0.0,
          0.183958
        ],
        [
          -13133.1,
          1044.42,
          -6139.96
        ]
      ],
      "objLayer": 0,
      "props": {}
    },
    "bdt_t2_bomb_zone_04_aaa_point_01": {
      "type": "Point",
      "tm": [
        [
          0.29184,
          0.0,
          0.956466
        ],
        [
          0.0,
          1.0,
          0.0
        ],
        [
          -0.956466,
          0.0,
          0.29184
        ],
        [
          -30109.6,
          1031.47,
          -11748.7
        ]
      ],
      "objLayer": 0,
      "props": {}
    },
    "bdt_t2_bomb_zone_04_aaa_point_02": {
      "type": "Point",
      "tm": [
        [
          0.29184,
          0.0,
          0.956466
        ],
        [
          0.0,
          1.0,
          0.0
        ],
        [
          -0.956466,
          0.0,
          0.29184
        ],
        [
          -30119.2,
          996.822,
          -12288.9
        ]
      ],
      "objLayer": 0,
      "props": {}
    },
    "bdt_t2_bomb_zone_04_aaa_point_03": {
      "type": "Point",
      "tm": [
        [
          0.29184,
          0.0,
          0.956466
        ],
        [
          0.0,
          1.0,
          0.0
        ],
        [
          -0.956466,
          0.0,
          0.29184
        ],
        [
          -29695.7,
          1015.58,
          -12002.2
        ]
      ],
      "objLayer": 0,
      "props": {}
    },
    "bdt_t2_bomb_zone_04_aaa_point_04": {
      "type": "Point",
      "tm": [
        [
          0.29184,
          0.0,
          0.956466
        ],
        [
          0.0,
          1.0,
          0.0
        ],
        [
          -0.956466,
          0.0,
          0.29184
        ],
        [
          -29791.8,
          1007.98,
          -12226.9
        ]
      ],
      "objLayer": 0,
      "props": {}
    },
    "bdt_t1_bomb_zone_01_aaa_point_01": {
      "type": "Point",
      "tm": [
        [
          -0.147568,
          0.0,
          0.989051
        ],
        [
          0.0,
          1.0,
          0.0
        ],
        [
          -0.989051,
          0.0,
          -0.147568
        ],
        [
          -28318.1,
          1065.99,
          13423.4
        ]
      ],
      "objLayer": 0,
      "props": {}
    },
    "bdt_t1_bomb_zone_01_aaa_point_02": {
      "type": "Point",
      "tm": [
        [
          -0.147568,
          0.0,
          0.989051
        ],
        [
          0.0,
          1.0,
          0.0
        ],
        [
          -0.989051,
          0.0,
          -0.147568
        ],
        [
          -28295.9,
          1065.72,
          12920.9
        ]
      ],
      "objLayer": 0,
      "props": {}
    },
    "bdt_t1_bomb_zone_01_aaa_point_03": {
      "type": "Point",
      "tm": [
        [
          -0.147568,
          0.0,
          0.989051
        ],
        [
          0.0,
          1.0,
          0.0
        ],
        [
          -0.989051,
          0.0,
          -0.147568
        ],
        [
          -28038.6,
          1066.23,
          13178.3
        ]
      ],
      "objLayer": 0,
      "props": {}
    },
    "bdt_t1_bomb_zone_01_aaa_point_04": {
      "type": "Point",
      "tm": [
        [
          -0.147568,
          0.0,
          0.989051
        ],
        [
          0.0,
          1.0,
          0.0
        ],
        [
          -0.989051,
          0.0,
          -0.147568
        ],
        [
          -28130.1,
          1065.98,
          12969.0
        ]
      ],
      "objLayer": 0,
      "props": {}
    },
    "bdt_t1_bomb_zone_02_aaa_point_01": {
      "type": "Point",
      "tm": [
        [
          -0.147568,
          0.0,
          0.989051
        ],
        [
          0.0,
          1.0,
          0.0
        ],
        [
          -0.989051,
          0.0,
          -0.147568
        ],
        [
          -32315.7,
          1056.15,
          6258.66
        ]
      ],
      "objLayer": 0,
      "props": {}
    },
    "bdt_t1_bomb_zone_02_aaa_point_02": {
      "type": "Point",
      "tm": [
        [
          -0.147568,
          0.0,
          0.989051
        ],
        [
          0.0,
          1.0,
          0.0
        ],
        [
          -0.989051,
          0.0,
          -0.147568
        ],
        [
          -32344.9,
          1055.94,
          5969.93
        ]
      ],
      "objLayer": 0,
      "props": {}
    },
    "bdt_t1_bomb_zone_02_aaa_point_03": {
      "type": "Point",
      "tm": [
        [
          -0.147568,
          0.0,
          0.989051
        ],
        [
          0.0,
          1.0,
          0.0
        ],
        [
          -0.989051,
          0.0,
          -0.147568
        ],
        [
          -31656.0,
          1056.95,
          6089.56
        ]
      ],
      "objLayer": 0,
      "props": {}
    },
    "bdt_t1_bomb_zone_02_aaa_point_04": {
      "type": "Point",
      "tm": [
        [
          -0.147568,
          0.0,
          0.989051
        ],
        [
          0.0,
          1.0,
          0.0
        ],
        [
          -0.989051,
          0.0,
          -0.147568
        ],
        [
          -32094.1,
          1056.16,
          5758.41
        ]
      ],
      "objLayer": 0,
      "props": {}
    },
    "bdt_t1_bomb_zone_03_aaa_point_01": {
      "type": "Point",
      "tm": [
        [
          -0.0369633,
          0.0,
          0.999315
        ],
        [
          0.0,
          1.0,
          0.0
        ],
        [
          -0.999315,
          0.0,
          -0.0369633
        ],
        [
          -16896.4,
          1030.85,
          9506.27
        ]
      ],
      "objLayer": 0,
      "props": {}
    },
    "bdt_t1_bomb_zone_03_aaa_point_02": {
      "type": "Point",
      "tm": [
        [
          -0.0369633,
          0.0,
          0.999315
        ],
        [
          0.0,
          1.0,
          0.0
        ],
        [
          -0.999315,
          0.0,
          -0.0369633
        ],
        [
          -17332.9,
          1036.23,
          9840.37
        ]
      ],
      "objLayer": 0,
      "props": {}
    },
    "bdt_t1_bomb_zone_03_aaa_point_03": {
      "type": "Point",
      "tm": [
        [
          -0.0369633,
          0.0,
          0.999315
        ],
        [
          0.0,
          1.0,
          0.0
        ],
        [
          -0.999315,
          0.0,
          -0.0369633
        ],
        [
          -17389.5,
          1036.14,
          9566.34
        ]
      ],
      "objLayer": 0,
      "props": {}
    },
    "bdt_t1_bomb_zone_03_aaa_point_04": {
      "type": "Point",
      "tm": [
        [
          -0.0369633,
          0.0,
          0.999315
        ],
        [
          0.0,
          1.0,
          0.0
        ],
        [
          -0.999315,
          0.0,
          -0.0369633
        ],
        [
          -16964.2,
          1032.52,
          9896.62
        ]
      ],
      "objLayer": 0,
      "props": {}
    },
    "bdt_t1_bomb_zone_04_aaa_point_01": {
      "type": "Point",
      "tm": [
        [
          -0.0369633,
          0.0,
          0.999315
        ],
        [
          0.0,
          1.0,
          0.0
        ],
        [
          -0.999315,
          0.0,
          -0.0369633
        ],
        [
          -13312.5,
          891.406,
          5321.19
        ]
      ],
      "objLayer": 0,
      "props": {}
    },
    "bdt_t1_bomb_zone_04_aaa_point_02": {
      "type": "Point",
      "tm": [
        [
          -0.0369633,
          0.0,
          0.999315
        ],
        [
          0.0,
          1.0,
          0.0
        ],
        [
          -0.999315,
          0.0,
          -0.0369633
        ],
        [
          -13613.5,
          887.868,
          5209.2
        ]
      ],
      "objLayer": 0,
      "props": {}
    },
    "bdt_t1_bomb_zone_04_aaa_point_03": {
      "type": "Point",
      "tm": [
        [
          -0.0369633,
          0.0,
          0.999315
        ],
        [
          0.0,
          1.0,
          0.0
        ],
        [
          -0.999315,
          0.0,
          -0.0369633
        ],
        [
          -13145.0,
          892.127,
          5034.09
        ]
      ],
      "objLayer": 0,
      "props": {}
    },
    "bdt_t1_bomb_zone_04_aaa_point_04": {
      "type": "Point",
      "tm": [
        [
          -0.0369633,
          0.0,
          0.999315
        ],
        [
          0.0,
          1.0,
          0.0
        ],
        [
          -0.999315,
          0.0,
          -0.0369633
        ],
        [
          -13702.2,
          901.537,
          4863.15
        ]
      ],
      "objLayer": 0,
      "props": {}
    },
    "bdt_t1_bomb_zone_05": {
      "type": "Sphere",
      "tm": [
        [
          -5.16983,
          0.0,
          449.969
        ],
        [
          0.0,
          450.0,
          0.0
        ],
        [
          -449.969,
          0.0,
          -5.16983
        ],
        [
          -11740.4,
          953.767,
          8155.38
        ]
      ],
      "objLayer": 0,
      "props": {}
    },
    "bdt_t1_bomb_zone_06": {
      "type": "Sphere",
      "tm": [
        [
          -5.16983,
          0.0,
          449.969
        ],
        [
          0.0,
          450.0,
          0.0
        ],
        [
          -449.969,
          0.0,
          -5.16983
        ],
        [
          -14790.7,
          1017.2,
          11851.6
        ]
      ],
      "objLayer": 0,
      "props": {}
    },
    "bdt_t1_bomb_zone_07": {
      "type": "Sphere",
      "tm": [
        [
          -5.16983,
          0.0,
          449.969
        ],
        [
          0.0,
          450.0,
          0.0
        ],
        [
          -449.969,
          0.0,
          -5.16983
        ],
        [
          -15286.1,
          1018.36,
          7957.03
        ]
      ],
      "objLayer": 0,
      "props": {}
    },
    "bdt_t1_bomb_zone_08": {
      "type": "Sphere",
      "tm": [
        [
          193.548,
          0.0,
          406.249
        ],
        [
          0.0,
          450.0,
          0.0
        ],
        [
          -406.249,
          0.0,
          193.548
        ],
        [
          -33637.2,
          1056.33,
          9298.31
        ]
      ],
      "objLayer": 0,
      "props": {}
    },
    "bdt_t1_bomb_zone_09": {
      "type": "Sphere",
      "tm": [
        [
          193.548,
          0.0,
          406.249
        ],
        [
          0.0,
          450.0,
          0.0
        ],
        [
          -406.249,
          0.0,
          193.548
        ],
        [
          -24372.1,
          1058.71,
          11804.7
        ]
      ],
      "objLayer": 0,
      "props": {}
    },
    "bdt_t1_bomb_zone_10": {
      "type": "Sphere",
      "tm": [
        [
          193.548,
          0.0,
          406.249
        ],
        [
          0.0,
          450.0,
          0.0
        ],
        [
          -406.249,
          0.0,
          193.548
        ],
        [
          -28517.9,
          1062.64,
          8541.09
        ]
      ],
      "objLayer": 0,
      "props": {}
    },
    "bdt_t1_bomb_zone_05_aaa_point_01": {
      "type": "Point",
      "tm": [
        [
          -0.0369633,
          0.0,
          0.999315
        ],
        [
          0.0,
          1.0,
          0.0
        ],
        [
          -0.999315,
          0.0,
          -0.0369633
        ],
        [
          -11753.3,
          955.706,
          7881.57
        ]
      ],
      "objLayer": 0,
      "props": {}
    },
    "bdt_t1_bomb_zone_05_aaa_point_02": {
      "type": "Point",
      "tm": [
        [
          -0.0369633,
          0.0,
          0.999315
        ],
        [
          0.0,
          1.0,
          0.0
        ],
        [
          -0.999315,
          0.0,
          -0.0369633
        ],
        [
          -11643.7,
          971.289,
          8033.74
        ]
      ],
      "objLayer": 0,
      "props": {}
    },
    "bdt_t1_bomb_zone_05_aaa_point_03": {
      "type": "Point",
      "tm": [
        [
          -0.0369633,
          0.0,
          0.999315
        ],
        [
          0.0,
          1.0,
          0.0
        ],
        [
          -0.999315,
          0.0,
          -0.0369633
        ],
        [
          -11716.3,
          937.201,
          8442.01
        ]
      ],
      "objLayer": 0,
      "props": {}
    },
    "bdt_t1_bomb_zone_05_aaa_point_04": {
      "type": "Point",
      "tm": [
        [
          -0.0369633,
          0.0,
          0.999315
        ],
        [
          0.0,
          1.0,
          0.0
        ],
        [
          -0.999315,
          0.0,
          -0.0369633
        ],
        [
          -11934.0,
          937.306,
          8354.38
        ]
      ],
      "objLayer": 0,
      "props": {}
    },
    "bdt_t1_bomb_zone_06_aaa_point_01": {
      "type": "Point",
      "tm": [
        [
          -0.0369633,
          0.0,
          0.999315
        ],
        [
          0.0,
          1.0,
          0.0
        ],
        [
          -0.999315,
          0.0,
          -0.0369633
        ],
        [
          -14498.9,
          1021.99,
          11682.1
        ]
      ],
      "objLayer": 0,
      "props": {}
    },
    "bdt_t1_bomb_zone_06_aaa_point_02": {
      "type": "Point",
      "tm": [
        [
          -0.0369633,
          0.0,
          0.999315
        ],
        [
          0.0,
          1.0,
          0.0
        ],
        [
          -0.999315,
          0.0,
          -0.0369633
        ],
        [
          -14717.6,
          1020.11,
          11535.1
        ]
      ],
      "objLayer": 0,
      "props": {}
    },
    "bdt_t1_bomb_zone_06_aaa_point_03": {
      "type": "Point",
      "tm": [
        [
          -0.0369633,
          0.0,
          0.999315
        ],
        [
          0.0,
          1.0,
          0.0
        ],
        [
          -0.999315,
          0.0,
          -0.0369633
        ],
        [
          -15099.8,
          1016.65,
          11850.2
        ]
      ],
      "objLayer": 0,
      "props": {}
    },
    "bdt_t1_bomb_zone_06_aaa_point_04": {
      "type": "Point",
      "tm": [
        [
          -0.0369633,
          0.0,
          0.999315
        ],
        [
          0.0,
          1.0,
          0.0
        ],
        [
          -0.999315,
          0.0,
          -0.0369633
        ],
        [
          -14670.2,
          1017.04,
          12123.6
        ]
      ],
      "objLayer": 0,
      "props": {}
    },
    "bdt_t1_bomb_zone_07_aaa_point_01": {
      "type": "Point",
      "tm": [
        [
          -0.0369633,
          0.0,
          0.999315
        ],
        [
          0.0,
          1.0,
          0.0
        ],
        [
          -0.999315,
          0.0,
          -0.0369633
        ],
        [
          -15423.9,
          1027.06,
          8166.52
        ]
      ],
      "objLayer": 0,
      "props": {}
    },
    "bdt_t1_bomb_zone_07_aaa_point_02": {
      "type": "Point",
      "tm": [
        [
          -0.0369633,
          0.0,
          0.999315
        ],
        [
          0.0,
          1.0,
          0.0
        ],
        [
          -0.999315,
          0.0,
          -0.0369633
        ],
        [
          -14907.1,
          1011.0,
          7907.62
        ]
      ],
      "objLayer": 0,
      "props": {}
    },
    "bdt_t1_bomb_zone_07_aaa_point_03": {
      "type": "Point",
      "tm": [
        [
          -0.0369633,
          0.0,
          0.999315
        ],
        [
          0.0,
          1.0,
          0.0
        ],
        [
          -0.999315,
          0.0,
          -0.0369633
        ],
        [
          -15141.2,
          1018.91,
          8260.15
        ]
      ],
      "objLayer": 0,
      "props": {}
    },
    "bdt_t1_bomb_zone_07_aaa_point_04": {
      "type": "Point",
      "tm": [
        [
          -0.0369633,
          0.0,
          0.999315
        ],
        [
          0.0,
          1.0,
          0.0
        ],
        [
          -0.999315,
          0.0,
          -0.0369633
        ],
        [
          -15575.2,
          1024.24,
          7716.73
        ]
      ],
      "objLayer": 0,
      "props": {}
    },
    "bdt_t1_bomb_zone_08_aaa_point_01": {
      "type": "Point",
      "tm": [
        [
          -0.147568,
          0.0,
          0.989051
        ],
        [
          0.0,
          1.0,
          0.0
        ],
        [
          -0.989051,
          0.0,
          -0.147568
        ],
        [
          -33923.5,
          1055.87,
          9177.29
        ]
      ],
      "objLayer": 0,
      "props": {}
    },
    "bdt_t1_bomb_zone_08_aaa_point_02": {
      "type": "Point",
      "tm": [
        [
          -0.147568,
          0.0,
          0.989051
        ],
        [
          0.0,
          1.0,
          0.0
        ],
        [
          -0.989051,
          0.0,
          -0.147568
        ],
        [
          -33483.4,
          1056.39,
          9033.85
        ]
      ],
      "objLayer": 0,
      "props": {}
    },
    "bdt_t1_bomb_zone_08_aaa_point_03": {
      "type": "Point",
      "tm": [
        [
          -0.147568,
          0.0,
          0.989051
        ],
        [
          0.0,
          1.0,
          0.0
        ],
        [
          -0.989051,
          0.0,
          -0.147568
        ],
        [
          -33297.5,
          1056.86,
          9410.86
        ]
      ],
      "objLayer": 0,
      "props": {}
    },
    "bdt_t1_bomb_zone_08_aaa_point_04": {
      "type": "Point",
      "tm": [
        [
          -0.147568,
          0.0,
          0.989051
        ],
        [
          0.0,
          1.0,
          0.0
        ],
        [
          -0.989051,
          0.0,
          -0.147568
        ],
        [
          -33683.2,
          1056.43,
          9566.54
        ]
      ],
      "objLayer": 0,
      "props": {}
    },
    "bdt_t1_bomb_zone_09_aaa_point_01": {
      "type": "Point",
      "tm": [
        [
          -0.147568,
          0.0,
          0.989051
        ],
        [
          0.0,
          1.0,
          0.0
        ],
        [
          -0.989051,
          0.0,
          -0.147568
        ],
        [
          -24389.8,
          1057.74,
          11357.1
        ]
      ],
      "objLayer": 0,
      "props": {}
    },
    "bdt_t1_bomb_zone_09_aaa_point_02": {
      "type": "Point",
      "tm": [
        [
          -0.147568,
          0.0,
          0.989051
        ],
        [
          0.0,
          1.0,
          0.0
        ],
        [
          -0.989051,
          0.0,
          -0.147568
        ],
        [
          -23992.1,
          1057.46,
          11650.0
        ]
      ],
      "objLayer": 0,
      "props": {}
    },
    "bdt_t1_bomb_zone_09_aaa_point_03": {
      "type": "Point",
      "tm": [
        [
          -0.147568,
          0.0,
          0.989051
        ],
        [
          0.0,
          1.0,
          0.0
        ],
        [
          -0.989051,
          0.0,
          -0.147568
        ],
        [
          -24850.4,
          1059.53,
          11667.1
        ]
      ],
      "objLayer": 0,
      "props": {}
    },
    "bdt_t1_bomb_zone_09_aaa_point_04": {
      "type": "Point",
      "tm": [
        [
          -0.147568,
          0.0,
          0.989051
        ],
        [
          0.0,
          1.0,
          0.0
