{
  "entity": [
    {
      "_template": "trench_still_obstacles"
    },
    {
      "_template": "trench_bot_timed_storm",
      "trench_bot_timed_storm__minInterval": 90.0,
      "trench_bot_timed_storm__spawnerIdPairs:list<ip2>": {
        "item": [
          [
            200,
            300
          ],
          [
            900,
            1400
          ]
        ]
      },
      "trench_bot_timed_storm__stormAt:list<r>": {}
    },
    {
      "_template": "trench_bot_spawner_team_germ",
      "team": 2,
      "trench_bot_spawner__id": 200,
      "trench_bot_spawner__maxBotCount": 10,
      "trench_bot_spawner__spawnDelay": [
        3.0,
        3.0
      ],
      "trench_bot_spawner__stormedSpawnerId": 300,
      "transform": [
        [
          -0.90827,
          0.0,
          0.418385
        ],
        [
          0.0,
          1.0,
          0.0
        ],
        [
          -0.418385,
          0.0,
          -0.90827
        ],
        [
          1224.22,
          2.46017,
          888.757
        ]
      ],
      "trench_bot_spawner__gridDetectorAreaIds:list<i>": {
        "item": [
          200,
          201
        ]
      }
    },
    {
      "_template": "grid_detector_area",
      "transform": [
        [
          -6.48882,
          0.0,
          -166.596
        ],
        [
          0.0,
          10.0,
          0.0
        ],
        [
          186.26,
          0.0,
          -7.25472
        ],
        [
          1252.5,
          2.62094,
          880.064
        ]
      ],
      "grid_detector_area__gridType": "humans",
      "grid_detector_area__id": 201
    },
    {
      "_template": "grid_detector_area",
      "transform": [
        [
          158.333,
          0.0,
          -6.48836
        ],
        [
          0.0,
          13.4693,
          0.0
        ],
        [
          3.46327,
          -0.0,
          84.513
        ],
        [
          1252.5,
          2.62094,
          880.064
        ]
      ],
      "grid_detector_area__gridType": "vehicles",
      "grid_detector_area__id": 200
    },
    {
      "_template": "trench_cover",
      "trench_cover__spawnerId": 200,
      "transform": [
        [
          -0.998698,
          0.000176183,
          0.0510175
        ],
        [
          0.000172717,
          1.0,
          -0.0000723506
        ],
        [
          -0.0510175,
          -0.0000634449,
          -0.998698
        ],
        [
          1211.53,
          2.6256,
          892.594
        ]
      ],
      "trench_cover__id": 0
    },
    {
      "_template": "trench_cover",
      "trench_cover__spawnerId": 200,
      "transform": [
        [
          0.736888,
          0.0,
          -0.676015
        ],
        [
          0.0,
          1.0,
          0.0
        ],
        [
          0.676015,
          -0.0,
          0.736888
        ],
        [
          1215.23,
          2.6256,
          891.139
        ]
      ],
      "trench_cover__id": 1
    },
    {
      "_template": "trench_cover",
      "trench_cover__spawnerId": 200,
      "transform": [
        [
          0.916777,
          0.0,
          -0.3994
        ],
        [
          0.0,
          1.0,
          0.0
        ],
        [
          0.3994,
          -0.0,
          0.916777
        ],
        [
          1228.01,
          2.62513,
          885.868
        ]
      ],
      "trench_cover__id": 2
    },
    {
      "_template": "trench_cover",
      "trench_cover__spawnerId": 200,
      "transform": [
        [
          0.916777,
          0.0,
          -0.3994
        ],
        [
          0.0,
          1.0,
          0.0
        ],
        [
          0.3994,
          -0.0,
          0.916777
        ],
        [
          1231.04,
          2.62513,
          884.652
        ]
      ],
      "trench_cover__id": 3
    },
    {
      "_template": "trench_cover",
      "trench_cover__spawnerId": 200,
      "transform": [
        [
          0.974128,
          0.0,
          -0.225999
        ],
        [
          0.0,
          1.0,
          0.0
        ],
        [
          0.225999,
          -0.0,
          0.974128
        ],
        [
          1234.5,
          2.6256,
          883.174
        ]
      ],
      "trench_cover__id": 4
    },
    {
      "_template": "trench_cover",
      "trench_cover__spawnerId": 200,
      "transform": [
        [
          0.991525,
          0.0,
          0.12992
        ],
        [
          0.0,
          1.0,
          -0.0
        ],
        [
          -0.12992,
          0.0,
          0.991525
        ],
        [
          1241.63,
          2.53965,
          882.426
        ]
      ],
      "trench_cover__id": 5
    },
    {
      "_template": "trench_cover",
      "trench_cover__spawnerId": 200,
      "transform": [
        [
          0.991525,
          0.0,
          0.12992
        ],
        [
          0.0,
          1.0,
          -0.0
        ],
        [
          -0.12992,
          0.0,
          0.991525
        ],
        [
          1245.49,
          2.53965,
          882.911
        ]
      ],
      "trench_cover__id": 6
    },
    {
      "_template": "trench_cover",
      "trench_cover__spawnerId": 200,
      "transform": [
        [
          0.991525,
          0.0,
          0.12992
        ],
        [
          0.0,
          1.0,
          -0.0
        ],
        [
          -0.12992,
          0.0,
          0.991525
        ],
        [
          1251.59,
          2.53966,
          883.63
        ]
      ],
      "trench_cover__id": 7
    },
    {
      "_template": "trench_cover",
      "trench_cover__spawnerId": 200,
      "transform": [
        [
          0.991525,
          0.0,
          0.12992
        ],
        [
          0.0,
          1.0,
          -0.0
        ],
        [
          -0.12992,
          0.0,
          0.991525
        ],
        [
          1254.76,
          2.52403,
          884.095
        ]
      ],
      "trench_cover__id": 8
    },
    {
      "_template": "trench_cover",
      "trench_cover__spawnerId": 200,
      "transform": [
        [
          0.991525,
          0.0,
          0.12992
        ],
        [
          0.0,
          1.0,
          -0.0
        ],
        [
          -0.12992,
          0.0,
          0.991525
        ],
        [
          1258.67,
          2.5253,
          884.644
        ]
      ],
      "trench_cover__id": 9
    },
    {
      "_template": "trench_cover",
      "trench_cover__spawnerId": 200,
      "transform": [
        [
          1.0,
          0.0,
          0.0
        ],
        [
          0.0,
          1.0,
          0.0
        ],
        [
          0.0,
          0.0,
          1.0
        ],
        [
          1263.65,
          2.52403,
          885.27
        ]
      ],
      "trench_cover__id": 10
    },
    {
      "_template": "trench_cover",
      "trench_cover__spawnerId": 200,
      "transform": [
        [
          1.0,
          0.0,
          0.0
        ],
        [
          0.0,
          1.0,
          0.0
        ],
        [
          0.0,
          0.0,
          1.0
        ],
        [
          1267.24,
          2.52403,
          885.802
        ]
      ],
      "trench_cover__id": 11
    },
    {
      "_template": "trench_cover",
      "trench_cover__spawnerId": 200,
      "transform": [
        [
          1.0,
          0.0,
          0.0
        ],
        [
          0.0,
          1.0,
          0.0
        ],
        [
          0.0,
          0.0,
          1.0
        ],
        [
          1269.74,
          2.52403,
          886.097
        ]
      ],
      "trench_cover__id": 12
    },
    {
      "_template": "trench_cover",
      "trench_cover__spawnerId": 200,
      "transform": [
        [
          0.926059,
          0.0,
          -0.377378
        ],
        [
          0.0,
          1.0,
          0.0
        ],
        [
          0.377378,
          -0.0,
          0.926059
        ],
        [
          1274.62,
          2.52403,
          885.819
        ]
      ],
      "trench_cover__id": 13
    },
    {
      "_template": "trench_cover",
      "trench_cover__spawnerId": 200,
      "transform": [
        [
          0.926059,
          0.0,
          -0.377378
        ],
        [
          0.0,
          1.0,
          0.0
        ],
        [
          0.377378,
          -0.0,
          0.926059
        ],
        [
          1278.75,
          2.52403,
          885.146
        ]
      ],
      "trench_cover__id": 14
    },
    {
      "_template": "trench_cover",
      "trench_cover__spawnerId": 200,
      "transform": [
        [
          0.926059,
          0.0,
          -0.377378
        ],
        [
          0.0,
          1.0,
          0.0
        ],
        [
          0.377378,
          -0.0,
          0.926059
        ],
        [
          1281.67,
          2.53966,
          884.718
        ]
      ],
      "trench_cover__id": 15
    },
    {
      "_template": "trench_cover",
      "trench_cover__spawnerId": 200,
      "transform": [
        [
          0.926059,
          0.0,
          -0.377378
        ],
        [
          0.0,
          1.0,
          0.0
        ],
        [
          0.377378,
          -0.0,
          0.926059
        ],
        [
          1285.58,
          2.53966,
          884.084
        ]
      ],
      "trench_cover__id": 16
    },
    {
      "_template": "trench_cover",
      "trench_cover__spawnerId": 200,
      "transform": [
        [
          0.926059,
          0.0,
          -0.377378
        ],
        [
          0.0,
          1.0,
          0.0
        ],
        [
          0.377378,
          -0.0,
          0.926059
        ],
        [
          1289.7,
          2.53966,
          883.273
        ]
      ],
      "trench_cover__id": 17
    },
    {
      "_template": "trench_cover",
      "trench_cover__spawnerId": 200,
      "transform": [
        [
          0.926059,
          0.0,
          -0.377378
        ],
        [
          0.0,
          1.0,
          0.0
        ],
        [
          0.377378,
          -0.0,
          0.926059
        ],
        [
          1293.84,
          2.42701,
          882.642
        ]
      ],
      "trench_cover__id": 18
    },
    {
      "_template": "trench_target",
      "transform": [
        [
          1.0,
          0.0,
          0.0
        ],
        [
          0.0,
          1.0,
          0.0
        ],
        [
          0.0,
          0.0,
          1.0
        ],
        [
          499.527,
          3.61279,
          1010.88
        ]
      ],
      "trench_target__id": 1000,
      "trench_target__isInverted": true
    },
    {
      "_template": "trench_bot_spawner_team_uk",
      "team": 1,
      "trench_bot_spawner__id": 300,
      "trench_bot_spawner__maxBotCount": 10,
      "trench_bot_spawner__spawnDelay": [
        3.0,
        3.0
      ],
      "trench_bot_spawner__stormedSpawnerId": 200,
      "transform": [
        [
          0.984552,
          0.0,
          -0.175093
        ],
        [
          -0.0,
          1.0,
          0.0
        ],
        [
          0.175093,
          0.0,
          0.984552
        ],
        [
          1269.4,
          2.37869,
          1140.7
        ]
      ],
      "trench_bot_spawner__gridDetectorAreaIds:list<i>": {
        "item": [
          300,
          301
        ]
      }
    },
    {
      "_template": "grid_detector_area",
      "transform": [
        [
          13.373,
          0.0,
          -166.185
        ],
        [
          0.0,
          10.0,
          0.0
        ],
        [
          185.8,
          -0.0,
          14.9515
        ],
        [
          1270.79,
          2.65643,
          1142.0
        ]
      ],
      "grid_detector_area__gridType": "humans",
      "grid_detector_area__id": 301
    },
    {
      "_template": "grid_detector_area",
      "transform": [
        [
          168.511,
          0.0,
          13.2748
        ],
        [
          0.0,
          13.4693,
          -0.0
        ],
        [
          -6.41281,
          0.0,
          81.4049
        ],
        [
          1270.79,
          2.65643,
          1142.0
        ]
      ],
      "grid_detector_area__gridType": "vehicles",
      "grid_detector_area__id": 300
    },
    {
      "_template": "trench_cover",
      "trench_cover__spawnerId": 300,
      "transform": [
        [
          0.981448,
          0.0,
          -0.19173
        ],
        [
          0.0,
          1.0,
          0.0
        ],
        [
          0.19173,
          -0.0,
          0.981448
        ],
        [
          1264.73,
          2.56987,
          1142.86
        ]
      ],
      "trench_cover__id": 10
    },
    {
      "_template": "trench_cover",
      "trench_cover__spawnerId": 300,
      "transform": [
        [
          0.994201,
          0.0,
          -0.107538
        ],
        [
          0.0,
          1.0,
          0.0
        ],
        [
          0.107538,
          -0.0,
          0.994201
        ],
        [
          1276.7,
          2.55573,
          1140.36
        ]
      ],
      "trench_cover__id": 11
    },
    {
      "_template": "trench_cover",
      "trench_cover__spawnerId": 300,
      "transform": [
        [
          0.952624,
          0.0,
          0.304149
        ],
        [
          0.0,
          1.0,
          -0.0
        ],
        [
          -0.304149,
          0.0,
          0.952624
        ],
        [
          1278.77,
          2.55573,
          1139.96
        ]
      ],
      "trench_cover__id": 12
    },
    {
      "_template": "trench_cover",
      "trench_cover__spawnerId": 300,
      "transform": [
        [
          0.696734,
          0.0,
          0.71733
        ],
        [
          0.0,
          1.0,
          -0.0
        ],
        [
          -0.71733,
          0.0,
          0.696734
        ],
        [
          1226.19,
          2.64247,
          1127.41
        ]
      ],
      "trench_cover__id": 13
    },
    {
      "_template": "trench_cover",
      "trench_cover__spawnerId": 300,
      "transform": [
        [
          -0.710501,
          0.0,
          -0.703696
        ],
        [
          0.0,
          1.0,
          0.0
        ],
        [
          0.703696,
          0.0,
          -0.710501
        ],
        [
          1224.51,
          2.4683,
          1125.68
        ]
      ],
      "trench_cover__id": 14
    },
    {
      "_template": "trench_cover",
      "trench_cover__spawnerId": 300,
      "transform": [
        [
          0.755476,
          0.0,
          0.655176
        ],
        [
          0.0,
          1.0,
          -0.0
        ],
        [
          -0.655176,
          0.0,
          0.755476
        ],
        [
          1227.93,
          2.48393,
          1129.01
        ]
      ],
      "trench_cover__id": 15
    },
    {
      "_template": "trench_cover",
      "trench_cover__spawnerId": 300,
      "transform": [
        [
          -0.716533,
          0.0,
          -0.697553
        ],
        [
          0.0,
          1.0,
          0.0
        ],
        [
          0.697553,
          0.0,
          -0.716533
        ],
        [
          1229.55,
          2.48393,
          1130.52
        ]
      ],
      "trench_cover__id": 16
    },
    {
      "_template": "trench_cover",
      "trench_cover__spawnerId": 300,
      "transform": [
        [
          0.712053,
          0.0,
          0.702125
        ],
        [
          0.0,
          1.0,
          -0.0
        ],
        [
          -0.702126,
          0.0,
          0.712053
        ],
        [
          1231.07,
          2.48393,
          1131.97
        ]
      ],
      "trench_cover__id": 17
    },
    {
      "_template": "trench_cover",
      "trench_cover__spawnerId": 300,
      "transform": [
        [
          0.745424,
          0.0,
          0.66659
        ],
        [
          0.0,
          1.0,
          -0.0
        ],
        [
          -0.66659,
          0.0,
          0.745424
        ],
        [
          1232.69,
          2.48393,
          1133.54
        ]
      ],
      "trench_cover__id": 18
    },
    {
      "_template": "trench_cover",
      "trench_cover__spawnerId": 300,
      "transform": [
        [
          0.976725,
          0.0,
          -0.214497
        ],
        [
          0.0,
          1.0,
          0.0
        ],
        [
          0.214497,
          -0.0,
          0.976725
        ],
        [
          1260.79,
          2.56987,
          1142.65
        ]
      ],
      "trench_cover__id": 9
    },
    {
      "_template": "trench_cover",
      "trench_cover__spawnerId": 300,
      "transform": [
        [
          -0.9996,
          0.0,
          -0.0282913
        ],
        [
          0.0,
          1.0,
          0.0
        ],
        [
          0.0282913,
          0.0,
          -0.9996
        ],
        [
          1257.66,
          2.59699,
          1142.39
        ]
      ],
      "trench_cover__id": 8
    },
    {
      "_template": "trench_cover",
      "trench_cover__spawnerId": 300,
      "transform": [
        [
          0.848568,
          0.0,
          0.529086
        ],
        [
          0.0,
          1.0,
          -0.0
        ],
        [
          -0.529086,
          0.0,
          0.848568
        ],
        [
          1254.3,
          2.59699,
          1142.02
        ]
      ],
      "trench_cover__id": 7
    },
    {
      "_template": "trench_cover",
      "trench_cover__spawnerId": 300,
      "transform": [
        [
          0.998134,
          0.0,
          0.0610679
        ],
        [
          0.0,
          1.0,
          -0.0
        ],
        [
          -0.0610679,
          0.0,
          0.998134
        ],
        [
          1251.34,
          2.59699,
          1141.73
        ]
      ],
      "trench_cover__id": 6
    },
    {
      "_template": "trench_cover",
      "trench_cover__spawnerId": 300,
      "transform": [
        [
          -0.995503,
          0.0,
          -0.0947331
        ],
        [
          0.0,
          1.0,
          0.0
        ],
        [
          0.0947331,
          0.0,
          -0.995503
        ],
        [
          1248.08,
          2.59699,
          1141.52
        ]
      ],
      "trench_cover__id": 5
    },
    {
      "_template": "trench_cover",
      "trench_cover__spawnerId": 300,
      "transform": [
        [
          0.848568,
          0.0,
          0.529086
        ],
        [
          0.0,
          1.0,
          -0.0
        ],
        [
          -0.529086,
          0.0,
          0.848568
        ],
        [
          1245.62,
          2.56987,
          1141.2
        ]
      ],
      "trench_cover__id": 4
    },
    {
      "_template": "trench_cover",
      "trench_cover__spawnerId": 300,
      "transform": [
        [
          0.998992,
          0.0,
          0.0448976
        ],
        [
          0.0,
          1.0,
          -0.0
        ],
        [
          -0.0448976,
          0.0,
          0.998992
        ],
        [
          1243.71,
          2.4683,
          1141.0
        ]
      ],
      "trench_cover__id": 3
    },
    {
      "_template": "trench_cover",
      "trench_cover__spawnerId": 300,
      "transform": [
        [
          0.848568,
          0.0,
          0.529086
        ],
        [
          0.0,
          1.0,
          -0.0
        ],
        [
          -0.529086,
          0.0,
          0.848568
        ],
        [
          1241.44,
          2.4683,
          1140.82
        ]
      ],
      "trench_cover__id": 2
    },
    {
      "_template": "trench_cover",
      "trench_cover__spawnerId": 300,
      "transform": [
        [
          -0.992526,
          0.0,
          -0.122035
        ],
        [
          0.0,
          1.0,
          0.0
        ],
        [
          0.122035,
          0.0,
          -0.992526
        ],
        [
          1238.75,
          2.4683,
          1139.39
        ]
      ],
      "trench_cover__id": 1
    },
    {
      "_template": "trench_cover",
      "trench_cover__spawnerId": 300,
      "transform": [
        [
          -0.781034,
          0.0,
          -0.624488
        ],
        [
          0.0,
          1.0,
          0.0
        ],
        [
          0.624488,
          0.0,
          -0.781034
        ],
        [
          1236.86,
          2.5694,
          1137.48
        ]
      ]
    },
    {
      "_template": "trench_bot_spawner_team_germ",
      "team": 2,
      "trench_bot_spawner__id": 400,
      "trench_bot_spawner__maxBotCount": 10,
      "trench_bot_spawner__spawnDelay": [
        3.0,
        3.0
      ],
      "trench_bot_spawner__stormedSpawnerId": 100,
      "transform": [
        [
          -0.946898,
          0.0,
          -0.321537
        ],
        [
          0.0,
          1.0,
          0.0
        ],
        [
          0.321537,
          0.0,
          -0.946898
        ],
        [
          1102.99,
          2.52297,
          880.983
        ]
      ],
      "trench_bot_spawner__stormOnCapturedAreaNames:list<t>": {
        "item": [
          "dom_capture_area_02_arcade",
          "dom_capture_area_02_hardcore"
        ]
      },
      "trench_bot_spawner__gridDetectorAreaIds:list<i>": {
        "item": [
          400,
          401
        ]
      }
    },
    {
      "_template": "trench_cover",
      "trench_cover__id": 0,
      "trench_cover__spawnerId": 400,
      "transform": [
        [
          0.712274,
          0.000326725,
          0.701901
        ],
        [
          -0.000311067,
          1.0,
          -0.000149821
        ],
        [
          -0.701901,
          -0.000111625,
          0.712274
        ],
        [
          1082.82,
          2.65037,
          868.271
        ]
      ]
    },
    {
      "_template": "trench_cover",
      "trench_cover__id": 1,
      "trench_cover__spawnerId": 400,
      "transform": [
        [
          -0.917295,
          0.0,
          -0.398207
        ],
        [
          0.0,
          1.0,
          0.0
        ],
        [
          0.398207,
          0.0,
          -0.917295
        ],
        [
          1085.52,
          2.65084,
          871.566
        ]
      ]
    },
    {
      "_template": "trench_cover",
      "trench_cover__id": 2,
      "trench_cover__spawnerId": 400,
      "transform": [
        [
          0.98736,
          0.0,
          0.158494
        ],
        [
          0.0,
          1.0,
          -0.0
        ],
        [
          -0.158494,
          0.0,
          0.98736
        ],
        [
          1054.74,
          2.666,
          844.31
        ]
      ]
    },
    {
      "_template": "trench_cover",
      "trench_cover__id": 3,
      "trench_cover__spawnerId": 400,
      "transform": [
        [
          0.968957,
          0.0,
          0.24723
        ],
        [
          0.0,
          1.0,
          -0.0
        ],
        [
          -0.24723,
          0.0,
          0.968957
        ],
        [
          1096.68,
          2.62104,
          877.745
        ]
      ]
    },
    {
      "_template": "trench_cover",
      "trench_cover__id": 4,
      "trench_cover__spawnerId": 400,
      "transform": [
        [
          0.991515,
          0.0,
          0.129991
        ],
        [
          0.0,
          1.0,
          -0.0
        ],
        [
          -0.129991,
          0.0,
          0.991515
        ],
        [
          1094.5,
          2.62512,
          877.218
        ]
      ]
    },
    {
      "_template": "trench_cover",
      "trench_cover__id": 5,
      "trench_cover__spawnerId": 400,
      "transform": [
        [
          1.0,
          0.0,
          0.0
        ],
        [
          0.0,
          1.0,
          0.0
        ],
        [
          0.0,
          0.0,
          1.0
        ],
        [
          1035.92,
          2.63474,
          843.359
        ]
      ],
      "trench_cover__waypointId": 3
    },
    {
      "_template": "trench_cover",
      "trench_cover__id": 6,
      "trench_cover__spawnerId": 400,
      "transform": [
        [
          1.0,
          0.0,
          0.0
        ],
        [
          0.0,
          1.0,
          0.0
        ],
        [
          0.0,
          0.0,
          1.0
        ],
        [
          1039.9,
          2.54193,
          843.282
        ]
      ],
      "trench_cover__waypointId": 2
    },
    {
      "_template": "trench_cover",
      "trench_cover__id": 7,
      "trench_cover__spawnerId": 400,
      "transform": [
        [
          -0.906864,
          0.0,
          -0.421424
        ],
        [
          0.0,
          1.0,
          0.0
        ],
        [
          0.421424,
          0.0,
          -0.906864
        ],
        [
          1050.45,
          2.65818,
          843.018
        ]
      ]
    },
    {
      "_template": "trench_cover",
      "trench_cover__id": 8,
      "trench_cover__spawnerId": 400,
      "transform": [
        [
          -0.952575,
          0.0,
          -0.304305
        ],
        [
          0.0,
          1.0,
          0.0
        ],
        [
          0.304305,
          0.0,
          -0.952575
        ],
        [
          1044.97,
          2.54974,
          843.231
        ]
      ],
      "trench_cover__waypointId": 2
    },
    {
      "_template": "trench_cover",
      "trench_cover__id": 9,
      "trench_cover__spawnerId": 400,
      "transform": [
        [
          -0.924313,
          0.0,
          -0.381635
        ],
        [
          0.0,
          1.0,
          0.0
        ],
        [
          0.381635,
          0.0,
          -0.924313
        ],
        [
          1090.99,
          2.65084,
          876.191
        ]
      ]
    },
    {
      "_template": "trench_cover",
      "trench_cover__id": 10,
      "trench_cover__spawnerId": 400,
      "transform": [
        [
          1.0,
          0.0,
          0.0
        ],
        [
          0.0,
          1.0,
          0.0
        ],
        [
          0.0,
          0.0,
          1.0
        ],
        [
          1087.58,
          2.65084,
          874.191
        ]
      ]
    },
    {
      "_template": "trench_cover",
      "trench_cover__id": 11,
      "trench_cover__spawnerId": 400,
      "transform": [
        [
          1.0,
          0.0,
          0.0
        ],
        [
          0.0,
          1.0,
          0.0
        ],
        [
          0.0,
          0.0,
          1.0
        ],
        [
          1080.22,
          2.65037,
          865.243
        ]
      ]
    },
    {
      "_template": "trench_cover",
      "trench_cover__id": 12,
      "trench_cover__spawnerId": 400,
      "transform": [
        [
          1.0,
          0.0,
          0.0
        ],
        [
          0.0,
          1.0,
          0.0
        ],
        [
          0.0,
          0.0,
          1.0
        ],
        [
          1076.2,
          2.5649,
          860.584
        ]
      ]
    },
    {
      "_template": "trench_cover",
      "trench_cover__id": 13,
      "trench_cover__spawnerId": 400,
      "transform": [
        [
          1.0,
          0.0,
          0.0
        ],
        [
          0.0,
          1.0,
          0.0
        ],
        [
          0.0,
          0.0,
          1.0
        ],
        [
          1031.88,
          2.55662,
          843.544
        ]
      ]
    },
    {
      "_template": "trench_cover",
      "trench_cover__id": 14,
      "trench_cover__spawnerId": 400,
      "transform": [
        [
          1.0,
          0.0,
          0.0
        ],
        [
          0.0,
          1.0,
          0.0
        ],
        [
          0.0,
          0.0,
          1.0
        ],
        [
          1072.94,
          2.5649,
          856.704
        ]
      ]
    },
    {
      "_template": "trench_cover",
      "trench_cover__id": 15,
      "trench_cover__spawnerId": 400,
      "transform": [
        [
          1.0,
          0.0,
          0.0
        ],
        [
          0.0,
          1.0,
          0.0
        ],
        [
          0.0,
          0.0,
          1.0
        ],
        [
          1026.95,
          2.54881,
          843.659
        ]
      ]
    },
    {
      "_template": "trench_cover",
      "trench_cover__id": 16,
      "trench_cover__spawnerId": 400,
      "transform": [
        [
          1.0,
          0.0,
          0.0
        ],
        [
          0.0,
          1.0,
          0.0
        ],
        [
          0.0,
          0.0,
          1.0
        ],
        [
          1070.42,
          2.5649,
          853.602
        ]
      ]
    },
    {
      "_template": "trench_cover",
      "trench_cover__id": 17,
      "trench_cover__spawnerId": 400,
      "transform": [
        [
          1.0,
          0.0,
          0.0
        ],
        [
          0.0,
          1.0,
          0.0
        ],
        [
          0.0,
          0.0,
          1.0
        ],
        [
          1066.66,
          2.54927,
          850.243
        ]
      ]
    },
    {
      "_template": "trench_cover",
      "trench_cover__id": 18,
      "trench_cover__spawnerId": 400,
      "transform": [
        [
          1.0,
          0.0,
          0.0
        ],
        [
          0.0,
          1.0,
          0.0
        ],
        [
          0.0,
          0.0,
          1.0
        ],
        [
          1062.94,
          2.54927,
          848.337
        ]
      ]
    },
    {
      "_template": "trench_cover",
      "trench_cover__id": 19,
      "trench_cover__spawnerId": 400,
      "transform": [
        [
          1.0,
          0.0,
          0.0
        ],
        [
          0.0,
          1.0,
          0.0
        ],
        [
          0.0,
          0.0,
          1.0
        ],
        [
          1058.47,
          2.54927,
          846.166
        ]
      ]
    },
    {
      "_template": "grid_detector_area",
      "transform": [
        [
          62.4051,
          0.0,
          -154.603
        ],
        [
          0.0,
          10.0,
          0.0
        ],
        [
          172.851,
          -0.0,
          69.7709
        ],
        [
          1068.41,
          3.68301,
          859.082
        ]
      ],
      "grid_detector_area__gridType": "humans",
      "grid_detector_area__id": 401
    },
    {
      "_template": "grid_detector_area",
      "transform": [
        [
          113.998,
          0.0,
          46.5677
        ],
        [
          0.0,
          13.4693,
          -0.0
        ],
        [
          -34.7131,
          0.0,
          84.9774
        ],
        [
          1071.27,
          3.66442,
          861.161
        ]
      ],
      "grid_detector_area__gridType": "vehicles",
      "grid_detector_area__id": 400
    },
    {
      "_template": "trench_bot_spawner",
      "team": -1,
      "trench_bot_spawner__id": 100,
      "transform": [
        [
          -0.276922,
          0.0,
          0.960892
        ],
        [
          0.0,
          1.0,
          0.0
        ],
        [
          -0.960892,
          0.0,
          -0.276922
        ],
        [
          1029.72,
          3.77863,
          1011.49
        ]
      ],
      "trench_bot_spawner__gridDetectorAreaIds:list<i>": {
        "item": [
          100,
          101
        ]
      }
    },
    {
      "_template": "trench_cover",
      "transform": [
        [
          1.0,
          0.0,
          0.0
        ],
        [
          0.0,
          1.0,
          0.0
        ],
        [
          0.0,
          0.0,
          1.0
        ],
        [
          1044.21,
          2.80911,
          1042.49
        ]
      ],
      "trench_cover__id": 0,
      "trench_cover__spawnerId": 100,
      "trench_cover__lookAtTargetId": 101,
      "trench_cover__sideDirMode": 1
    },
    {
      "_template": "trench_cover",
      "transform": [
        [
          1.0,
          0.0,
          0.0
        ],
        [
          0.0,
          1.0,
          0.0
        ],
        [
          0.0,
          0.0,
          1.0
        ],
        [
          1034.79,
          2.52158,
          1044.3
        ]
      ],
      "trench_cover__id": 2,
      "trench_cover__spawnerId": 100,
      "trench_cover__lookAtTargetId": 101,
      "trench_cover__sideDirMode": 1
    },
    {
      "_template": "trench_cover",
      "transform": [
        [
          -0.964159,
          0.0,
          0.265325
        ],
        [
          0.0,
          1.0,
          0.0
        ],
        [
          -0.265325,
          0.0,
          -0.964159
        ],
        [
          1026.46,
          2.52201,
          1045.9
        ]
      ],
      "trench_cover__id": 4,
      "trench_cover__spawnerId": 100,
      "trench_cover__lookAtTargetId": 101,
      "trench_cover__sideDirMode": 1
    },
    {
      "_template": "trench_cover",
      "transform": [
        [
          1.0,
          0.0,
          0.0
        ],
        [
          0.0,
          1.0,
          0.0
        ],
        [
          0.0,
          0.0,
          1.0
        ],
        [
          1007.51,
          2.83263,
          1042.46
        ]
      ],
      "trench_cover__id": 6,
      "trench_cover__spawnerId": 100,
      "trench_cover__lookAtTargetId": 101,
      "trench_cover__sideDirMode": 1
    },
    {
      "_template": "trench_cover",
      "transform": [
        [
          1.0,
          0.0,
          0.0
        ],
        [
          0.0,
          1.0,
          0.0
        ],
        [
          0.0,
          0.0,
          1.0
        ],
        [
          1003.27,
          2.83265,
          1037.88
        ]
      ],
      "trench_cover__id": 8,
      "trench_cover__spawnerId": 100,
      "trench_cover__lookAtTargetId": 101,
      "trench_cover__sideDirMode": 1
    },
    {
      "_template": "trench_cover",
      "transform": [
        [
          1.0,
          0.0,
          0.0
        ],
        [
          0.0,
          1.0,
          0.0
        ],
        [
          0.0,
          0.0,
          1.0
        ],
        [
          997.966,
          2.89179,
          1032.47
        ]
      ],
      "trench_cover__id": 10,
      "trench_cover__spawnerId": 100,
      "trench_cover__lookAtTargetId": 101,
      "trench_cover__sideDirMode": 1
    },
    {
      "_template": "trench_cover",
      "transform": [
        [
          1.0,
          0.0,
          0.0
        ],
        [
          0.0,
          1.0,
          0.0
        ],
        [
          0.0,
          0.0,
          1.0
        ],
        [
          992.633,
          2.89483,
          1027.22
        ]
      ],
      "trench_cover__id": 12,
      "trench_cover__spawnerId": 100,
      "trench_cover__lookAtTargetId": 101,
      "trench_cover__sideDirMode": 1
    },
    {
      "_template": "trench_cover",
      "transform": [
        [
          1.0,
          0.0,
          0.0
        ],
        [
          0.0,
          1.0,
          0.0
        ],
        [
          0.0,
          0.0,
          1.0
        ],
        [
          987.876,
          3.12812,
          1011.61
        ]
      ],
      "trench_cover__id": 14,
      "trench_cover__spawnerId": 100,
      "trench_cover__lookAtTargetId": 101,
      "trench_cover__sideDirMode": 1
    },
    {
      "_template": "trench_cover",
      "transform": [
        [
          1.0,
          0.0,
          0.0
        ],
        [
          0.0,
          1.0,
          0.0
        ],
        [
          0.0,
          0.0,
          1.0
        ],
        [
          990.314,
          3.72819,
          1005.28
        ]
      ],
      "trench_cover__id": 17,
      "trench_cover__spawnerId": 100,
      "trench_cover__lookAtTargetId": 101,
      "trench_cover__sideDirMode": 1
    },
    {
      "_template": "trench_cover",
      "transform": [
        [
          1.0,
          0.0,
          0.0
        ],
        [
          0.0,
          1.0,
          0.0
        ],
        [
          0.0,
          0.0,
          1.0
        ],
        [
          992.846,
          3.34305,
          998.774
        ]
      ],
      "trench_cover__id": 19,
      "trench_cover__spawnerId": 100,
      "trench_cover__lookAtTargetId": 101,
      "trench_cover__sideDirMode": 1
    },
    {
      "_template": "trench_cover",
      "transform": [
        [
          -0.52212,
          0.0,
          0.852872
        ],
        [
          0.0,
          1.0,
          0.0
        ],
        [
          -0.852872,
          0.0,
          -0.52212
        ],
        [
          1050.89,
          2.65226,
          1020.6
        ]
      ],
      "trench_cover__id": 1,
      "trench_cover__spawnerId": 100,
      "trench_cover__lookAtTargetId": 100,
      "trench_cover__sideDirMode": 1
    },
    {
      "_template": "trench_cover",
      "transform": [
        [
          1.0,
          0.0,
          0.0
        ],
        [
          0.0,
          1.0,
          0.0
        ],
        [
          0.0,
          0.0,
          1.0
        ],
        [
          1046.52,
          2.52465,
          983.236
        ]
      ],
      "trench_cover__id": 3,
      "trench_cover__spawnerId": 100,
      "trench_cover__lookAtTargetId": 100,
      "trench_cover__sideDirMode": 1
    },
    {
      "_template": "trench_cover",
      "transform": [
        [
          1.0,
          0.0,
          0.0
        ],
        [
          0.0,
          1.0,
          0.0
        ],
        [
          0.0,
          0.0,
          1.0
        ],
        [
          1053.56,
          2.52434,
          1010.93
        ]
      ],
      "trench_cover__id": 5,
      "trench_cover__spawnerId": 100,
      "trench_cover__lookAtTargetId": 100,
      "trench_cover__sideDirMode": 1
    },
    {
      "_template": "trench_cover",
      "transform": [
        [
          1.0,
          0.0,
          0.0
        ],
        [
          0.0,
          1.0,
          0.0
        ],
        [
          0.0,
          0.0,
          1.0
        ],
        [
          1053.09,
          2.52232,
          1000.68
        ]
      ],
      "trench_cover__id": 7,
      "trench_cover__spawnerId": 100,
      "trench_cover__lookAtTargetId": 100,
      "trench_cover__sideDirMode": 1
    },
    {
      "_template": "trench_cover",
      "transform": [
        [
          1.0,
          0.0,
          0.0
        ],
        [
          0.0,
          1.0,
          0.0
        ],
        [
          0.0,
          0.0,
          1.0
        ],
        [
          1048.62,
          2.52587,
          993.119
        ]
      ],
      "trench_cover__id": 9,
      "trench_cover__spawnerId": 100,
      "trench_cover__lookAtTargetId": 100,
      "trench_cover__sideDirMode": 1
    },
    {
      "_template": "trench_cover",
      "transform": [
        [
          1.0,
          0.0,
          0.0
        ],
        [
          0.0,
          1.0,
          0.0
        ],
        [
          0.0,
          0.0,
          1.0
        ],
        [
          1039.29,
          2.52447,
          986.721
        ]
      ],
      "trench_cover__id": 11,
      "trench_cover__spawnerId": 100,
      "trench_cover__lookAtTargetId": 100,
      "trench_cover__sideDirMode": 1
    },
    {
      "_template": "trench_cover",
      "transform": [
        [
          1.0,
          0.0,
          0.0
        ],
        [
          0.0,
          1.0,
          0.0
        ],
        [
          0.0,
          0.0,
          1.0
        ],
        [
          1031.47,
