{
  "import": [
    {
      "scene": "gamedata/scenes/common/common_scene_inf.blk"
    },
    {
      "scene": "gamedata/scenes/entities/hvg_al_massa_gpu_objects.blk"
    },
    {
      "scene": "gamedata/scenes/entities/hvg_al_massa_vfx_biomes.blk"
    },
    {
      "scene": "gamedata/scenes/entities/hvg_al_massa_vfx_objects.blk"
    }
  ],
  "entity": [
    {
      "_template": "team_one"
    },
    {
      "_template": "team_two"
    },
    {
      "_template": "door_mult_ent_generator",
      "ri_extra_gen__blk": "gameData/modern_conflict_doors.blk"
    },
    {
      "_template": "destroyable_wall_config"
    },
    {
      "_template": "sound_step_settings"
    },
    {
      "_template": "game_object_creator_destr_box_zone",
      "transform": [
        [
          60.8871,
          0.0,
          -7.6797
        ],
        [
          0.0,
          15.6686,
          0.0
        ],
        [
          10.6239,
          -0.0,
          84.2295
        ],
        [
          53.3044,
          13.8616,
          -106.181
        ]
      ]
    },
    {
      "_template": "game_object_creator_destr_box_zone",
      "transform": [
        [
          44.0295,
          0.0,
          -2.2888
        ],
        [
          0.0,
          15.6686,
          0.0
        ],
        [
          4.16189,
          -0.0,
          80.062
        ],
        [
          202.06,
          13.8616,
          -147.956
        ]
      ]
    },
    {
      "_template": "game_object_creator_destr_box_zone",
      "transform": [
        [
          67.737,
          0.0,
          -7.90197
        ],
        [
          0.0,
          15.6686,
          0.0
        ],
        [
          7.76898,
          -0.0,
          66.597
        ],
        [
          -100.695,
          13.8616,
          -52.1611
        ]
      ]
    },
    {
      "_template": "fire_ground_building_background_long_cmps_fx",
      "transform": [
        [
          -0.948737,
          0.0,
          -0.316067
        ],
        [
          0.0,
          1.0,
          0.0
        ],
        [
          0.316067,
          0.0,
          -0.948737
        ],
        [
          -111.924,
          67.0558,
          -2290.0
        ]
      ]
    },
    {
      "_template": "fire_ground_building_background_long_cmps_fx",
      "transform": [
        [
          -0.948737,
          0.0,
          -0.316067
        ],
        [
          0.0,
          1.0,
          0.0
        ],
        [
          0.316067,
          0.0,
          -0.948737
        ],
        [
          -480.174,
          91.2403,
          -2154.68
        ]
      ]
    },
    {
      "_template": "fire_ground_building_background_long_cmps_fx",
      "transform": [
        [
          -1.12024,
          0.0,
          -0.373202
        ],
        [
          0.0,
          1.18077,
          0.0
        ],
        [
          0.373202,
          0.0,
          -1.12024
        ],
        [
          -341.855,
          65.7543,
          -2178.11
        ]
      ]
    },
    {
      "_template": "volfog_nbs",
      "volfog_nbs__rootGraph": "fog_middle_east.json"
    },
    {
      "_template": "hvg_al_massa_sound_occlusion"
    },
    {
      "_template": "al_massa_infantry_skins"
    },
    {
      "_template": "unit_loader",
      "setting__unitType": "template:destroyed_vehicle_decoration",
      "setting__className": "tankModels/us_m1a1_abrams_destroyed_unit",
      "setting__unit_class": "us_m1a1_abrams_destroyed_unit",
      "setting__isDead": true,
      "setting__tm": [
        [
          0.760477,
          0.0739855,
          -0.645137
        ],
        [
          -0.0968311,
          0.995301,
          0.0
        ],
        [
          0.642105,
          0.0624694,
          0.764067
        ],
        [
          -78.3271,
          8.71154,
          -200.95
        ]
      ],
      "setting__attack_type": ""
    },
    {
      "_template": "unit_loader",
      "setting__unitType": "template:destroyed_vehicle_decoration",
      "setting__className": "tankModels/us_m1a1_abrams_destroyed_unit",
      "setting__unit_class": "us_m1a1_abrams_destroyed_unit",
      "setting__isDead": true,
      "setting__tm": [
        [
          -0.300706,
          0.0,
          -0.953717
        ],
        [
          0.0,
          1.0,
          0.0
        ],
        [
          0.953717,
          0.0,
          -0.300706
        ],
        [
          -240.5,
          9.95332,
          69.95
        ]
      ],
      "setting__attack_type": ""
    },
    {
      "_template": "unit_loader",
      "setting__unitType": "template:destroyed_vehicle_decoration",
      "setting__className": "tankModels/us_m1a1_abrams_destroyed_unit",
      "setting__unit_class": "us_m1a1_abrams_destroyed_unit",
      "setting__isDead": true,
      "setting__tm": [
        [
          -0.699503,
          0.0,
          -0.714629
        ],
        [
          0.0,
          1.0,
          0.0
        ],
        [
          0.714629,
          0.0,
          -0.699503
        ],
        [
          -89.7,
          10.0015,
          30.1
        ]
      ],
      "setting__attack_type": ""
    },
    {
      "_template": "unit_loader",
      "setting__unitType": "template:destroyed_vehicle_decoration",
      "setting__className": "tankModels/us_m1a1_abrams_destroyed_unit",
      "setting__unit_class": "us_m1a1_abrams_destroyed_unit",
      "setting__isDead": true,
      "setting__tm": [
        [
          -0.956878,
          0.0,
          0.290488
        ],
        [
          0.0,
          1.0,
          0.0
        ],
        [
          -0.290488,
          0.0,
          -0.956878
        ],
        [
          -115.8,
          10.0015,
          77.05
        ]
      ],
      "setting__attack_type": ""
    },
    {
      "_template": "unit_loader",
      "setting__unitType": "template:destroyed_vehicle_decoration",
      "setting__className": "tankModels/us_m1a1_abrams_destroyed_unit",
      "setting__unit_class": "us_m1a1_abrams_destroyed_unit",
      "setting__isDead": true,
      "setting__tm": [
        [
          0.906308,
          0.0,
          -0.422618
        ],
        [
          0.0,
          1.0,
          0.0
        ],
        [
          0.422618,
          0.0,
          0.906308
        ],
        [
          195.25,
          9.24702,
          -294.3
        ]
      ],
      "setting__attack_type": ""
    },
    {
      "_template": "unit_loader",
      "setting__unitType": "template:destroyed_vehicle_decoration",
      "setting__className": "tankModels/us_m1a1_abrams_destroyed_unit",
      "setting__unit_class": "us_m1a1_abrams_destroyed_unit",
      "setting__isDead": true,
      "setting__tm": [
        [
          0.761223,
          0.0,
          0.64849
        ],
        [
          0.0,
          1.0,
          0.0
        ],
        [
          -0.64849,
          0.0,
          0.761223
        ],
        [
          25.5,
          7.65,
          -148.65
        ]
      ],
      "setting__attack_type": ""
    },
    {
      "_template": "unit_loader",
      "setting__unitType": "template:destroyed_vehicle_decoration",
      "setting__className": "tankModels/us_m1a1_abrams_destroyed_unit",
      "setting__unit_class": "us_m1a1_abrams_destroyed_unit",
      "setting__isDead": true,
      "setting__tm": [
        [
          0.698638,
          0.0,
          -0.715475
        ],
        [
          0.0,
          1.0,
          0.0
        ],
        [
          0.715475,
          0.0,
          0.698638
        ],
        [
          23.0781,
          8.69152,
          -57.2797
        ]
      ],
      "setting__attack_type": ""
    },
    {
      "_template": "unit_loader",
      "setting__unitType": "template:destroyed_vehicle_decoration",
      "setting__className": "tankModels/us_m1a1_abrams_destroyed_unit",
      "setting__unit_class": "us_m1a1_abrams_destroyed_unit",
      "setting__isDead": true,
      "setting__tm": [
        [
          -0.749798,
          0.0,
          -0.661668
        ],
        [
          0.0,
          1.0,
          0.0
        ],
        [
          0.661668,
          0.0,
          -0.749798
        ],
        [
          131.561,
          8.8,
          -46.9
        ]
      ],
      "setting__attack_type": ""
    },
    {
      "_template": "unit_loader",
      "setting__unitType": "template:destroyed_vehicle_decoration",
      "setting__className": "tankModels/us_m1a1_abrams_destroyed_unit",
      "setting__unit_class": "us_m1a1_abrams_destroyed_unit",
      "setting__isDead": true,
      "setting__tm": [
        [
          0.698638,
          0.0,
          -0.715475
        ],
        [
          0.0,
          1.0,
          0.0
        ],
        [
          0.715475,
          0.0,
          0.698638
        ],
        [
          7.5,
          12.5,
          226.0
        ]
      ],
      "setting__attack_type": ""
    },
    {
      "_template": "unit_loader",
      "setting__unitType": "template:destroyed_vehicle_decoration",
      "setting__className": "tankModels/ussr_t_80u_destroyed_unit",
      "setting__unit_class": "ussr_t_80u_destroyed_unit",
      "setting__isDead": true,
      "setting__tm": [
        [
          -0.536131,
          0.0366032,
          0.843341
        ],
        [
          0.0379569,
          0.999094,
          -0.0192333
        ],
        [
          -0.843282,
          0.021699,
          -0.537035
        ],
        [
          -51.7341,
          8.82949,
          165.731
        ]
      ],
      "setting__attack_type": ""
    },
    {
      "_template": "unit_loader",
      "setting__unitType": "template:destroyed_vehicle_decoration",
      "setting__className": "tankModels/ussr_t_80u_destroyed_unit",
      "setting__unit_class": "ussr_t_80u_destroyed_unit",
      "setting__isDead": true,
      "setting__tm": [
        [
          0.982486,
          0.0425488,
          -0.18141
        ],
        [
          -0.0419307,
          0.999094,
          0.00724322
        ],
        [
          0.181554,
          0.000490242,
          0.983383
        ],
        [
          96.7213,
          10.45,
          -233.554
        ]
      ],
      "setting__attack_type": ""
    },
    {
      "_template": "unit_loader",
      "setting__unitType": "template:destroyed_vehicle_decoration",
      "setting__className": "tankModels/ussr_t_80u_destroyed_unit",
      "setting__unit_class": "ussr_t_80u_destroyed_unit",
      "setting__isDead": true,
      "setting__tm": [
        [
          -0.663718,
          0.0366032,
          0.747087
        ],
        [
          0.0405375,
          0.999094,
          -0.0129363
        ],
        [
          -0.746885,
          0.021699,
          -0.664601
        ],
        [
          219.529,
          10.4576,
          -36.4956
        ]
      ],
      "setting__attack_type": ""
    },
    {
      "_template": "unit_loader",
      "setting__unitType": "template:destroyed_vehicle_decoration",
      "setting__className": "structures/ussr_dumpster_transportable_a_unit",
      "setting__unit_class": "ussr_dumpster_transportable_a_unit",
      "setting__isDead": true,
      "setting__tm": [
        [
          0.99972,
          0.0,
          -0.0236562
        ],
        [
          0.0,
          1.0,
          0.0
        ],
        [
          0.0236562,
          0.0,
          0.99972
        ],
        [
          -147.518,
          12.2858,
          90.7
        ]
      ],
      "setting__attack_type": ""
    },
    {
      "_template": "unit_loader",
      "setting__unitType": "template:destroyed_vehicle_decoration",
      "setting__className": "structures/ussr_dumpster_transportable_a_unit",
      "setting__unit_class": "ussr_dumpster_transportable_a_unit",
      "setting__isDead": true,
      "setting__tm": [
        [
          0.0224535,
          0.0,
          -0.999749
        ],
        [
          0.0,
          1.0,
          0.0
        ],
        [
          0.999749,
          0.0,
          0.0224535
        ],
        [
          -99.9,
          10.15,
          19.15
        ]
      ],
      "setting__attack_type": ""
    },
    {
      "_template": "unit_loader",
      "setting__unitType": "template:destroyed_vehicle_decoration",
      "setting__className": "structures/ussr_dumpster_transportable_a_unit",
      "setting__unit_class": "ussr_dumpster_transportable_a_unit",
      "setting__isDead": true,
      "setting__tm": [
        [
          0.288686,
          0.0,
          0.957425
        ],
        [
          0.0,
          1.0,
          0.0
        ],
        [
          -0.957425,
          0.0,
          0.288686
        ],
        [
          -83.75,
          8.40753,
          -128.7
        ]
      ],
      "setting__attack_type": ""
    },
    {
      "_template": "unit_loader",
      "setting__unitType": "template:destroyed_vehicle_decoration",
      "setting__className": "structures/ussr_dumpster_transportable_a_unit",
      "setting__unit_class": "ussr_dumpster_transportable_a_unit",
      "setting__isDead": true,
      "setting__tm": [
        [
          -0.760965,
          0.0,
          -0.648795
        ],
        [
          0.0,
          1.0,
          0.0
        ],
        [
          0.648795,
          0.0,
          -0.760965
        ],
        [
          -72.15,
          9.97011,
          -2.55
        ]
      ],
      "setting__attack_type": ""
    },
    {
      "_template": "unit_loader",
      "setting__unitType": "template:destroyed_vehicle_decoration",
      "setting__className": "structures/ussr_dumpster_transportable_a_unit",
      "setting__unit_class": "ussr_dumpster_transportable_a_unit",
      "setting__isDead": true,
      "setting__tm": [
        [
          0.288686,
          0.0,
          0.957425
        ],
        [
          0.0,
          1.0,
          0.0
        ],
        [
          -0.957425,
          0.0,
          0.288686
        ],
        [
          -130.0,
          12.65,
          124.2
        ]
      ],
      "setting__attack_type": ""
    },
    {
      "_template": "unit_loader",
      "setting__unitType": "template:destroyed_vehicle_decoration",
      "setting__className": "structures/ussr_dumpster_transportable_a_unit",
      "setting__unit_class": "ussr_dumpster_transportable_a_unit",
      "setting__isDead": true,
      "setting__tm": [
        [
          0.973497,
          0.0,
          0.228703
        ],
        [
          0.0,
          1.0,
          0.0
        ],
        [
          -0.228703,
          0.0,
          0.973497
        ],
        [
          -206.2,
          10.2,
          -67.1
        ]
      ],
      "setting__attack_type": ""
    },
    {
      "_template": "unit_loader",
      "setting__unitType": "template:destroyed_vehicle_decoration",
      "setting__className": "structures/ussr_dumpster_transportable_a_unit",
      "setting__unit_class": "ussr_dumpster_transportable_a_unit",
      "setting__isDead": true,
      "setting__tm": [
        [
          -0.996658,
          0.0,
          0.0816877
        ],
        [
          0.0,
          1.0,
          0.0
        ],
        [
          -0.0816877,
          0.0,
          -0.996658
        ],
        [
          117.369,
          8.8,
          -117.981
        ]
      ],
      "setting__attack_type": ""
    },
    {
      "_template": "unit_loader",
      "setting__unitType": "template:destroyed_vehicle_decoration",
      "setting__className": "structures/ussr_dumpster_transportable_a_unit",
      "setting__unit_class": "ussr_dumpster_transportable_a_unit",
      "setting__isDead": true,
      "setting__tm": [
        [
          -0.999548,
          0.0,
          -0.0300301
        ],
        [
          0.0,
          1.0,
          0.0
        ],
        [
          0.0300301,
          0.0,
          -0.999548
        ],
        [
          157.35,
          8.35,
          -310.125
        ]
      ],
      "setting__attack_type": ""
    },
    {
      "_template": "unit_loader",
      "setting__unitType": "template:destroyed_vehicle_decoration",
      "setting__className": "structures/ussr_dumpster_transportable_a_unit",
      "setting__unit_class": "ussr_dumpster_transportable_a_unit",
      "setting__isDead": true,
      "setting__tm": [
        [
          0.994917,
          0.0,
          -0.100694
        ],
        [
          0.0,
          1.0,
          0.0
        ],
        [
          0.100694,
          0.0,
          0.994917
        ],
        [
          5.2522,
          9.79739,
          -11.4482
        ]
      ],
      "setting__attack_type": ""
    },
    {
      "_template": "unit_loader",
      "setting__unitType": "template:destroyed_vehicle_decoration",
      "setting__className": "structures/ussr_dumpster_transportable_a_unit",
      "setting__unit_class": "ussr_dumpster_transportable_a_unit",
      "setting__isDead": true,
      "setting__tm": [
        [
          -0.99365,
          0.0,
          0.112513
        ],
        [
          0.0,
          1.0,
          0.0
        ],
        [
          -0.112513,
          0.0,
          -0.99365
        ],
        [
          -10.9639,
          9.02649,
          -181.221
        ]
      ],
      "setting__attack_type": ""
    },
    {
      "_template": "unit_loader",
      "setting__unitType": "template:destroyed_vehicle_decoration",
      "setting__className": "structures/ussr_dumpster_transportable_a_unit",
      "setting__unit_class": "ussr_dumpster_transportable_a_unit",
      "setting__isDead": true,
      "setting__tm": [
        [
          -0.99972,
          0.0,
          0.0236564
        ],
        [
          0.0,
          1.0,
          0.0
        ],
        [
          -0.0236564,
          0.0,
          -0.99972
        ],
        [
          301.727,
          8.5,
          -322.693
        ]
      ],
      "setting__attack_type": ""
    },
    {
      "_template": "unit_loader",
      "setting__unitType": "template:destroyed_vehicle_decoration",
      "setting__className": "structures/ussr_dumpster_transportable_a_unit",
      "setting__unit_class": "ussr_dumpster_transportable_a_unit",
      "setting__isDead": true,
      "setting__tm": [
        [
          0.0125787,
          -4.28408e-8,
          -0.999923
        ],
        [
          -6.18877e-10,
          1.0,
          1.75791e-9
        ],
        [
          0.999923,
          -1.62981e-8,
          0.0125787
        ],
        [
          -66.65,
          10.8981,
          199.1
        ]
      ],
      "setting__attack_type": ""
    },
    {
      "_template": "unit_loader",
      "setting__unitType": "template:destroyed_vehicle_decoration",
      "setting__className": "structures/ussr_dumpster_transportable_a_unit",
      "setting__unit_class": "ussr_dumpster_transportable_a_unit",
      "setting__isDead": true,
      "setting__tm": [
        [
          -0.99365,
          0.0,
          0.112513
        ],
        [
          0.0,
          1.0,
          0.0
        ],
        [
          -0.112513,
          0.0,
          -0.99365
        ],
        [
          2.99869,
          7.25,
          -400.475
        ]
      ],
      "setting__attack_type": ""
    },
    {
      "_template": "unit_loader",
      "setting__unitType": "template:destroyed_vehicle_decoration",
      "setting__className": "structures/ussr_dumpster_transportable_a_unit",
      "setting__unit_class": "ussr_dumpster_transportable_a_unit",
      "setting__isDead": true,
      "setting__tm": [
        [
          -0.99365,
          0.0,
          0.112513
        ],
        [
          0.0,
          1.0,
          0.0
        ],
        [
          -0.112513,
          0.0,
          -0.99365
        ],
        [
          -10.3801,
          7.25,
          -415.828
        ]
      ],
      "setting__attack_type": ""
    },
    {
      "_template": "unit_loader",
      "setting__unitType": "template:destroyed_vehicle_decoration",
      "setting__className": "tankModels/us_hummer_hmmwv_burned_b_destroyed_unit",
      "setting__unit_class": "us_hummer_hmmwv_burned_b_destroyed_unit",
      "setting__isDead": true,
      "setting__tm": [
        [
          -0.559347,
          0.0383329,
          0.828047
        ],
        [
          -0.0340565,
          0.997024,
          -0.0691605
        ],
        [
          -0.828234,
          -0.0668851,
          -0.556377
        ],
        [
          70.2,
          6.66534,
          -217.95
        ]
      ],
      "setting__attack_type": ""
    },
    {
      "_template": "unit_loader",
      "setting__unitType": "template:destroyed_vehicle_decoration",
      "setting__className": "tankModels/us_hummer_hmmwv_burned_b_destroyed_unit",
      "setting__unit_class": "us_hummer_hmmwv_burned_b_destroyed_unit",
      "setting__isDead": true,
      "setting__tm": [
        [
          -0.437702,
          0.000178832,
          0.899121
        ],
        [
          0.0107835,
          0.999929,
          0.00505066
        ],
        [
          -0.899056,
          0.0119064,
          -0.437673
        ],
        [
          151.86,
          9.09147,
          55.1004
        ]
      ],
      "setting__attack_type": ""
    },
    {
      "_template": "unit_loader",
      "setting__unitType": "template:destroyed_vehicle_decoration",
      "setting__className": "tankModels/us_hummer_hmmwv_damaged_a_destroyed_unit",
      "setting__unit_class": "us_hummer_hmmwv_damaged_a_destroyed_unit",
      "setting__isDead": true,
      "setting__tm": [
        [
          0.467694,
          0.00605476,
          0.883872
        ],
        [
          -0.000742137,
          0.999979,
          -0.00645743
        ],
        [
          -0.883892,
          0.00236415,
          0.467689
        ],
        [
          213.8,
          9.09512,
          1.9
        ]
      ],
      "setting__attack_type": ""
    },
    {
      "_template": "unit_loader",
      "setting__unitType": "template:destroyed_vehicle_decoration",
      "setting__className": "tankModels/us_hummer_hmmwv_damaged_a_destroyed_unit",
      "setting__unit_class": "us_hummer_hmmwv_damaged_a_destroyed_unit",
      "setting__isDead": true,
      "setting__tm": [
        [
          -0.719475,
          0.0441553,
          0.693114
        ],
        [
          0.0365046,
          0.999002,
          -0.0257491
        ],
        [
          -0.693559,
          0.00677596,
          -0.720369
        ],
        [
          135.995,
          7.34986,
          -147.619
        ]
      ],
      "setting__attack_type": ""
    },
    {
      "_template": "unit_loader",
      "setting__unitType": "template:destroyed_vehicle_decoration",
      "setting__className": "tankModels/us_hummer_hmmwv_damaged_a_destroyed_unit",
      "setting__unit_class": "us_hummer_hmmwv_damaged_a_destroyed_unit",
      "setting__isDead": true,
      "setting__tm": [
        [
          -0.286247,
          -0.00656774,
          0.958134
        ],
        [
          -0.00952431,
          0.999946,
          0.00400891
        ],
        [
          -0.958109,
          -0.00797802,
          -0.286295
        ],
        [
          63.6293,
          6.78884,
          -169.095
        ]
      ],
      "setting__attack_type": ""
    },
    {
      "_template": "unit_loader",
      "setting__unitType": "template:destroyed_vehicle_decoration",
      "setting__className": "tankModels/us_hummer_hmmwv_burned_b_destroyed_unit",
      "setting__unit_class": "us_hummer_hmmwv_burned_b_destroyed_unit",
      "setting__isDead": true,
      "setting__tm": [
        [
          0.156566,
          0.0143098,
          -0.987566
        ],
        [
          -0.0359081,
          0.999316,
          0.0087873
        ],
        [
          0.987016,
          0.0340858,
          0.156973
        ],
        [
          147.865,
          8.45354,
          -300.882
        ]
      ],
      "setting__attack_type": ""
    },
    {
      "_template": "unit_loader",
      "setting__unitType": "template:destroyed_vehicle_decoration",
      "setting__className": "tankModels/us_hummer_hmmwv_burned_b_destroyed_unit",
      "setting__unit_class": "us_hummer_hmmwv_burned_b_destroyed_unit",
      "setting__isDead": true,
      "setting__tm": [
        [
          0.786341,
          0.0,
          0.617793
        ],
        [
          0.0,
          1.0,
          0.0
        ],
        [
          -0.617793,
          0.0,
          0.786341
        ],
        [
          66.9,
          8.66333,
          29.9
        ]
      ],
      "setting__attack_type": ""
    },
    {
      "_template": "unit_loader",
      "setting__unitType": "template:destroyed_vehicle_decoration",
      "setting__className": "tankModels/us_hummer_hmmwv_damaged_a_destroyed_unit",
      "setting__unit_class": "us_hummer_hmmwv_damaged_a_destroyed_unit",
      "setting__isDead": true,
      "setting__tm": [
        [
          -0.190256,
          -0.0223256,
          -0.981481
        ],
        [
          0.0217259,
          0.999401,
          -0.0269447
        ],
        [
          0.981495,
          -0.02645,
          -0.189657
        ],
        [
          -48.8601,
          8.66558,
          -51.4178
        ]
      ],
      "setting__attack_type": ""
    },
    {
      "_template": "unit_loader",
      "setting__unitType": "template:destroyed_vehicle_decoration",
      "setting__className": "tankModels/us_hummer_hmmwv_burned_b_destroyed_unit",
      "setting__unit_class": "us_hummer_hmmwv_burned_b_destroyed_unit",
      "setting__isDead": true,
      "setting__tm": [
        [
          -0.413938,
          0.0168025,
          0.91015
        ],
        [
          0.00497136,
          0.999856,
          -0.0161976
        ],
        [
          -0.910291,
          -0.00218013,
          -0.413962
        ],
        [
          154.6,
          10.8574,
          -214.25
        ]
      ],
      "setting__attack_type": ""
    },
    {
      "_template": "unit_loader",
      "setting__unitType": "template:destroyed_vehicle_decoration",
      "setting__className": "tankModels/us_hummer_hmmwv_damaged_a_destroyed_unit",
      "setting__unit_class": "us_hummer_hmmwv_damaged_a_destroyed_unit",
      "setting__isDead": true,
      "setting__tm": [
        [
          -0.853914,
          0.0450977,
          0.518457
        ],
        [
          0.00902046,
          0.997371,
          -0.0718987
        ],
        [
          -0.520337,
          -0.0567186,
          -0.852076
        ],
        [
          295.752,
          10.6745,
          -234.778
        ]
      ],
      "setting__attack_type": ""
    },
    {
      "_template": "unit_loader",
      "setting__unitType": "template:destroyed_vehicle_decoration",
      "setting__className": "tankModels/us_hummer_hmmwv_burned_b_destroyed_unit",
      "setting__unit_class": "us_hummer_hmmwv_burned_b_destroyed_unit",
      "setting__isDead": true,
      "setting__tm": [
        [
          0.91448,
          -0.0406161,
          -0.402591
        ],
        [
          0.0111674,
          0.997104,
          -0.075228
        ],
        [
          0.404481,
          0.0642985,
          0.912285
        ],
        [
          255.75,
          9.88019,
          -254.4
        ]
      ],
      "setting__attack_type": ""
    },
    {
      "_template": "unit_loader",
      "setting__unitType": "template:destroyed_vehicle_decoration",
      "setting__className": "tankModels/us_hummer_hmmwv_burned_b_destroyed_unit",
      "setting__unit_class": "us_hummer_hmmwv_burned_b_destroyed_unit",
      "setting__isDead": true,
      "setting__tm": [
        [
          0.724676,
          0.0379466,
          -0.688046
        ],
        [
          -0.0428791,
          0.999031,
          0.00993595
        ],
        [
          0.687756,
          0.0223024,
          0.725601
        ],
        [
          226.723,
          10.2641,
          174.219
        ]
      ],
      "setting__attack_type": ""
    },
    {
      "_template": "unit_loader",
      "setting__unitType": "template:destroyed_vehicle_decoration",
      "setting__className": "tankModels/us_hummer_hmmwv_damaged_a_destroyed_unit",
      "setting__unit_class": "us_hummer_hmmwv_damaged_a_destroyed_unit",
      "setting__isDead": true,
      "setting__tm": [
        [
          0.953718,
          0.0010535,
          0.3007
        ],
        [
          0.00197783,
          0.99995,
          -0.00977632
        ],
        [
          -0.300696,
          0.00991859,
          0.953668
        ],
        [
          -96.213,
          10.482,
          122.17
        ]
      ],
      "setting__attack_type": ""
    },
    {
      "_template": "unit_loader",
      "setting__unitType": "template:destroyed_vehicle_decoration",
      "setting__className": "tankModels/us_hummer_hmmwv_damaged_a_destroyed_unit",
      "setting__unit_class": "us_hummer_hmmwv_damaged_a_destroyed_unit",
      "setting__isDead": true,
      "setting__tm": [
        [
          -0.115191,
          -0.0395605,
          -0.992554
        ],
        [
          -0.00605775,
          0.999216,
          -0.0391229
        ],
        [
          0.993324,
          0.00150605,
          -0.11534
        ],
        [
          -186.85,
          10.126,
          62.0
        ]
      ],
      "setting__attack_type": ""
    },
    {
      "_template": "unit_loader",
      "setting__unitType": "template:destroyed_vehicle_decoration",
      "setting__className": "tankModels/us_hummer_hmmwv_damaged_a_destroyed_unit",
      "setting__unit_class": "us_hummer_hmmwv_damaged_a_destroyed_unit",
      "setting__isDead": true,
      "setting__tm": [
        [
          -0.326719,
          -0.000143414,
          -0.945121
        ],
        [
          -0.00315134,
          0.999995,
          0.000937648
        ],
        [
          0.945116,
          0.00328475,
          -0.326718
        ],
        [
          -193.857,
          10.3742,
          -11.5971
        ]
      ],
      "setting__attack_type": ""
    },
    {
      "_template": "unit_loader",
      "setting__unitType": "template:destroyed_vehicle_decoration",
      "setting__className": "tankModels/us_hummer_hmmwv_burned_b_destroyed_unit",
      "setting__unit_class": "us_hummer_hmmwv_burned_b_destroyed_unit",
      "setting__isDead": true,
      "setting__tm": [
        [
          0.216161,
          -0.0114544,
          -0.976291
        ],
        [
          -0.00678006,
          0.99989,
          -0.0132324
        ],
        [
          0.976334,
          0.00947964,
          0.216059
        ],
        [
          -136.3,
          10.0065,
          -75.6
        ]
      ],
      "setting__attack_type": ""
    },
    {
      "_template": "unit_loader",
      "setting__unitType": "template:destroyed_vehicle_decoration",
      "setting__className": "tankModels/us_hummer_hmmwv_damaged_a_destroyed_unit",
      "setting__unit_class": "us_hummer_hmmwv_damaged_a_destroyed_unit",
      "setting__isDead": true,
      "setting__tm": [
        [
          -0.903634,
          -0.0052545,
          -0.428275
        ],
        [
          0.0146274,
          0.998963,
          -0.0431193
        ],
        [
          0.428058,
          -0.0452286,
          -0.90262
        ],
        [
          -200.015,
          9.65132,
          -43.3911
        ]
      ],
      "setting__attack_type": ""
    },
    {
      "_template": "unit_loader",
      "setting__unitType": "template:destroyed_vehicle_decoration",
      "setting__className": "tankModels/us_hummer_hmmwv_damaged_a_destroyed_unit",
      "setting__unit_class": "us_hummer_hmmwv_damaged_a_destroyed_unit",
      "setting__isDead": true,
      "setting__tm": [
        [
          0.388036,
          -0.0836127,
          -0.917844
        ],
        [
          0.013311,
          0.996281,
          -0.0851306
        ],
        [
          0.921548,
          0.0208163,
          0.387706
        ],
        [
          -72.75,
          7.3057,
          -143.1
        ]
      ],
      "setting__attack_type": ""
    },
    {
      "_template": "unit_loader",
      "setting__unitType": "template:destroyed_vehicle_decoration",
      "setting__className": "tankModels/us_hummer_hmmwv_damaged_a_destroyed_unit",
      "setting__unit_class": "us_hummer_hmmwv_damaged_a_destroyed_unit",
      "setting__isDead": true,
      "setting__tm": [
        [
          -0.0371531,
          0.00445347,
          -0.9993
        ],
        [
          0.00598937,
          0.999973,
          0.00423379
        ],
        [
          0.999292,
          -0.00582788,
          -0.0371788
        ],
        [
          -201.15,
          9.61255,
          -123.95
        ]
      ],
      "setting__attack_type": ""
    }
  ]
}