{
  "import": [
    {
      "scene": "gamedata/scenes/common/common_scene_inf.blk"
    },
    {
      "scene": "gamedata/scenes/entities/hvg_amaddu_gpu_objects.blk"
    },
    {
      "scene": "gamedata/scenes/entities/hvg_amaddu_vfx_biomes.blk"
    }
  ],
  "entity": [
    {
      "_template": "team_one"
    },
    {
      "_template": "team_two"
    },
    {
      "_template": "door_mult_ent_generator",
      "ri_extra_gen__blk": "gameData/modern_conflict_doors.blk"
    },
    {
      "_template": "destroyable_wall_config"
    },
    {
      "_template": "sound_step_settings"
    },
    {
      "_template": "game_object_creator_destr_box_zone",
      "transform": [
        [
          49.1717,
          0.0,
          74.4884
        ],
        [
          0.0,
          23.1268,
          -0.0
        ],
        [
          -48.0157,
          0.0,
          31.6964
        ],
        [
          148.369,
          29.3679,
          -1002.46
        ]
      ]
    },
    {
      "_template": "game_object_creator_destr_box_zone",
      "transform": [
        [
          -0.644397,
          0.0,
          49.8805
        ],
        [
          0.0,
          23.1268,
          0.0
        ],
        [
          -57.5293,
          0.0,
          -0.743211
        ],
        [
          574.074,
          35.8108,
          -727.75
        ]
      ]
    },
    {
      "_template": "game_object_creator_destr_box_zone",
      "transform": [
        [
          18.842,
          0.0,
          72.2671
        ],
        [
          0.0,
          23.1268,
          -0.0
        ],
        [
          -46.6522,
          0.0,
          12.1635
        ],
        [
          379.677,
          33.349,
          -884.467
        ]
      ]
    },
    {
      "_template": "game_object_creator_destr_box_zone",
      "transform": [
        [
          18.842,
          0.0,
          72.2671
        ],
        [
          0.0,
          23.1268,
          -0.0
        ],
        [
          -46.6522,
          0.0,
          12.1635
        ],
        [
          379.677,
          33.349,
          -884.467
        ]
      ]
    },
    {
      "_template": "game_object_creator_destr_box_zone",
      "transform": [
        [
          19.2155,
          0.0,
          46.0352
        ],
        [
          0.0,
          23.1268,
          -0.0
        ],
        [
          -53.0944,
          0.0,
          22.1621
        ],
        [
          576.827,
          35.8108,
          -718.455
        ]
      ]
    },
    {
      "_template": "game_object_creator_destr_box_zone",
      "transform": [
        [
          49.1717,
          0.0,
          74.4884
        ],
        [
          0.0,
          23.1268,
          -0.0
        ],
        [
          -48.0157,
          0.0,
          31.6964
        ],
        [
          148.369,
          29.3679,
          -1002.46
        ]
      ]
    },
    {
      "_template": "amaddu_infantry_skins"
    },
    {
      "_template": "unit_loader",
      "setting__unitType": "template:destroyed_vehicle_decoration",
      "setting__className": "tankModels/us_m1a1_abrams_destroyed_unit",
      "setting__unit_class": "us_m1a1_abrams_destroyed_unit",
      "setting__isDead": true,
      "setting__tm": [
        [
          -0.939693,
          0.0,
          -0.34202
        ],
        [
          0.0,
          1.0,
          0.0
        ],
        [
          0.34202,
          0.0,
          -0.939693
        ],
        [
          163.509,
          27.5349,
          -957.293
        ]
      ],
      "setting__attack_type": ""
    },
    {
      "_template": "unit_loader",
      "setting__unitType": "template:destroyed_vehicle_decoration",
      "setting__className": "tankModels/us_m1a1_abrams_destroyed_unit",
      "setting__unit_class": "us_m1a1_abrams_destroyed_unit",
      "setting__isDead": true,
      "setting__tm": [
        [
          0.766044,
          0.0,
          -0.642788
        ],
        [
          0.0,
          1.0,
          0.0
        ],
        [
          0.642788,
          0.0,
          0.766044
        ],
        [
          116.3,
          25.9867,
          -1028.35
        ]
      ],
      "setting__attack_type": ""
    },
    {
      "_template": "unit_loader",
      "setting__unitType": "template:destroyed_vehicle_decoration",
      "setting__className": "tankModels/us_m1a1_abrams_destroyed_unit",
      "setting__unit_class": "us_m1a1_abrams_destroyed_unit",
      "setting__isDead": true,
      "setting__tm": [
        [
          0.924283,
          0.0,
          -0.381709
        ],
        [
          0.0,
          1.0,
          0.0
        ],
        [
          0.381709,
          0.0,
          0.924283
        ],
        [
          321.168,
          32.6471,
          -914.882
        ]
      ],
      "setting__attack_type": ""
    },
    {
      "_template": "unit_loader",
      "setting__unitType": "template:destroyed_vehicle_decoration",
      "setting__className": "tankModels/us_m1a1_abrams_destroyed_unit",
      "setting__unit_class": "us_m1a1_abrams_destroyed_unit",
      "setting__isDead": true,
      "setting__tm": [
        [
          -0.737278,
          0.0,
          -0.67559
        ],
        [
          0.0,
          1.0,
          0.0
        ],
        [
          0.67559,
          0.0,
          -0.737278
        ],
        [
          221.197,
          25.2656,
          -980.887
        ]
      ],
      "setting__attack_type": ""
    },
    {
      "_template": "unit_loader",
      "setting__unitType": "template:destroyed_vehicle_decoration",
      "setting__className": "tankModels/us_m1a1_abrams_destroyed_unit",
      "setting__unit_class": "us_m1a1_abrams_destroyed_unit",
      "setting__isDead": true,
      "setting__tm": [
        [
          0.965926,
          0.0,
          0.258818
        ],
        [
          0.0,
          1.0,
          0.0
        ],
        [
          -0.258818,
          0.0,
          0.965926
        ],
        [
          63.4486,
          7.26507,
          -1411.42
        ]
      ],
      "setting__attack_type": ""
    },
    {
      "_template": "unit_loader",
      "setting__unitType": "template:destroyed_vehicle_decoration",
      "setting__className": "tankModels/us_m1a1_abrams_destroyed_unit",
      "setting__unit_class": "us_m1a1_abrams_destroyed_unit",
      "setting__isDead": true,
      "setting__tm": [
        [
          0.737278,
          0.0,
          0.67559
        ],
        [
          0.0,
          1.0,
          0.0
        ],
        [
          -0.67559,
          0.0,
          0.737278
        ],
        [
          76.5451,
          6.83012,
          -1365.41
        ]
      ],
      "setting__attack_type": ""
    },
    {
      "_template": "unit_loader",
      "setting__unitType": "template:destroyed_vehicle_decoration",
      "setting__className": "tankModels/us_m1a1_abrams_destroyed_unit",
      "setting__unit_class": "us_m1a1_abrams_destroyed_unit",
      "setting__isDead": true,
      "setting__tm": [
        [
          -0.717313,
          0.0,
          -0.696751
        ],
        [
          0.0,
          1.0,
          0.0
        ],
        [
          0.696751,
          0.0,
          -0.717313
        ],
        [
          257.073,
          32.6376,
          -847.444
        ]
      ],
      "setting__attack_type": ""
    },
    {
      "_template": "unit_loader",
      "setting__unitType": "template:destroyed_vehicle_decoration",
      "setting__className": "tankModels/us_m1a1_abrams_destroyed_unit",
      "setting__unit_class": "us_m1a1_abrams_destroyed_unit",
      "setting__isDead": true,
      "setting__tm": [
        [
          -0.242115,
          3.46945e-18,
          -0.970248
        ],
        [
          2.53587e-7,
          1.0,
          3.39216e-7
        ],
        [
          0.970248,
          -7.45058e-9,
          -0.242114
        ],
        [
          603.27,
          33.9,
          -747.583
        ]
      ],
      "setting__attack_type": ""
    },
    {
      "_template": "unit_loader",
      "setting__unitType": "template:destroyed_vehicle_decoration",
      "setting__className": "tankModels/ussr_bmp_2_destroyed_unit",
      "setting__unit_class": "ussr_bmp_2_destroyed_unit",
      "setting__isDead": true,
      "setting__tm": [
        [
          -0.0127617,
          0.0,
          0.999918
        ],
        [
          0.0,
          1.0,
          0.0
        ],
        [
          -0.999918,
          0.0,
          -0.0127617
        ],
        [
          205.595,
          31.3579,
          -905.555
        ]
      ],
      "setting__attack_type": ""
    },
    {
      "_template": "unit_loader",
      "setting__unitType": "template:destroyed_vehicle_decoration",
      "setting__className": "tankModels/ussr_bmp_2_destroyed_unit",
      "setting__unit_class": "ussr_bmp_2_destroyed_unit",
      "setting__isDead": true,
      "setting__tm": [
        [
          0.766044,
          0.0,
          0.642788
        ],
        [
          0.0,
          1.0,
          0.0
        ],
        [
          -0.642788,
          0.0,
          0.766044
        ],
        [
          334.1,
          25.8296,
          -973.8
        ]
      ],
      "setting__attack_type": ""
    },
    {
      "_template": "unit_loader",
      "setting__unitType": "template:destroyed_vehicle_decoration",
      "setting__className": "tankModels/ussr_bmp_2_destroyed_unit",
      "setting__unit_class": "ussr_bmp_2_destroyed_unit",
      "setting__isDead": true,
      "setting__tm": [
        [
          0.342021,
          0.0,
          0.939692
        ],
        [
          0.0,
          1.0,
          0.0
        ],
        [
          -0.939692,
          0.0,
          0.342021
        ],
        [
          211.35,
          23.386,
          -1010.9
        ]
      ],
      "setting__attack_type": ""
    },
    {
      "_template": "unit_loader",
      "setting__unitType": "template:destroyed_vehicle_decoration",
      "setting__className": "tankModels/ussr_bmp_2_destroyed_unit",
      "setting__unit_class": "ussr_bmp_2_destroyed_unit",
      "setting__isDead": true,
      "setting__tm": [
        [
          -0.300706,
          0.0,
          -0.953717
        ],
        [
          0.0,
          1.0,
          0.0
        ],
        [
          0.953717,
          0.0,
          -0.300706
        ],
        [
          190.89,
          28.9,
          -931.471
        ]
      ],
      "setting__attack_type": ""
    },
    {
      "_template": "unit_loader",
      "setting__unitType": "template:destroyed_vehicle_decoration",
      "setting__className": "tankModels/ussr_bmp_2_destroyed_unit",
      "setting__unit_class": "ussr_bmp_2_destroyed_unit",
      "setting__isDead": true,
      "setting__tm": [
        [
          -0.976848,
          0.0,
          -0.213938
        ],
        [
          0.0,
          1.0,
          0.0
        ],
        [
          0.213938,
          0.0,
          -0.976848
        ],
        [
          219.05,
          26.5,
          -1391.4
        ]
      ],
      "setting__attack_type": ""
    },
    {
      "_template": "unit_loader",
      "setting__unitType": "template:destroyed_vehicle_decoration",
      "setting__className": "tankModels/ussr_bmp_2_destroyed_unit",
      "setting__unit_class": "ussr_bmp_2_destroyed_unit",
      "setting__isDead": true,
      "setting__tm": [
        [
          0.804487,
          3.46945e-18,
          0.59397
        ],
        [
          -4.11528e-7,
          1.0,
          -1.00092e-7
        ],
        [
          -0.593971,
          -7.45058e-9,
          0.804487
        ],
        [
          586.78,
          33.9,
          -749.689
        ]
      ],
      "setting__attack_type": ""
    },
    {
      "_template": "unit_loader",
      "setting__unitType": "template:destroyed_vehicle_decoration",
      "setting__className": "tankModels/ussr_bmp_2_destroyed_unit",
      "setting__unit_class": "ussr_bmp_2_destroyed_unit",
      "setting__isDead": true,
      "setting__tm": [
        [
          -0.0349495,
          0.0,
          0.999389
        ],
        [
          0.0,
          1.0,
          0.0
        ],
        [
          -0.999389,
          0.0,
          -0.0349495
        ],
        [
          437.557,
          28.455,
          -895.888
        ]
      ],
      "setting__attack_type": ""
    },
    {
      "_template": "unit_loader",
      "setting__unitType": "template:destroyed_vehicle_decoration",
      "setting__className": "tankModels/ussr_bmp_2_destroyed_unit",
      "setting__unit_class": "ussr_bmp_2_destroyed_unit",
      "setting__isDead": true,
      "setting__tm": [
        [
          0.786354,
          0.0,
          0.617777
        ],
        [
          0.0,
          1.0,
          0.0
        ],
        [
          -0.617777,
          0.0,
          0.786354
        ],
        [
          350.49,
          28.455,
          -895.63
        ]
      ],
      "setting__attack_type": ""
    },
    {
      "_template": "unit_loader",
      "setting__unitType": "template:destroyed_vehicle_decoration",
      "setting__className": "tankModels/ussr_bmp_2_destroyed_unit",
      "setting__unit_class": "ussr_bmp_2_destroyed_unit",
      "setting__isDead": true,
      "setting__tm": [
        [
          0.95098,
          0.0,
          0.309251
        ],
        [
          0.0,
          1.0,
          0.0
        ],
        [
          -0.309251,
          0.0,
          0.95098
        ],
        [
          280.476,
          28.455,
          -804.356
        ]
      ],
      "setting__attack_type": ""
    },
    {
      "_template": "unit_loader",
      "setting__unitType": "template:destroyed_vehicle_decoration",
      "setting__className": "tankModels/ussr_bmp_2_destroyed_unit",
      "setting__unit_class": "ussr_bmp_2_destroyed_unit",
      "setting__isDead": true,
      "setting__tm": [
        [
          -0.36316,
          3.46945e-18,
          -0.931727
        ],
        [
          2.94543e-7,
          1.0,
          3.04332e-7
        ],
        [
          0.931728,
          -7.45058e-9,
          -0.363159
        ],
        [
          560.65,
          33.9,
          -685.534
        ]
      ],
      "setting__attack_type": ""
    },
    {
      "_template": "unit_loader",
      "setting__unitType": "template:destroyed_vehicle_decoration",
      "setting__className": "tankModels/ussr_t_80u_destroyed_unit",
      "setting__unit_class": "ussr_t_80u_destroyed_unit",
      "setting__isDead": true,
      "setting__tm": [
        [
          -0.991445,
          0.0,
          0.130526
        ],
        [
          0.0,
          1.0,
          0.0
        ],
        [
          -0.130526,
          0.0,
          -0.991445
        ],
        [
          361.709,
          29.9999,
          -967.726
        ]
      ],
      "setting__attack_type": ""
    },
    {
      "_template": "unit_loader",
      "setting__unitType": "template:destroyed_vehicle_decoration",
      "setting__className": "tankModels/ussr_t_80u_destroyed_unit",
      "setting__unit_class": "ussr_t_80u_destroyed_unit",
      "setting__isDead": true,
      "setting__tm": [
        [
          -0.34202,
          0.0,
          0.939693
        ],
        [
          0.0,
          1.0,
          0.0
        ],
        [
          -0.939693,
          0.0,
          -0.34202
        ],
        [
          161.739,
          17.16,
          -1091.78
        ]
      ],
      "setting__attack_type": ""
    },
    {
      "_template": "unit_loader",
      "setting__unitType": "template:destroyed_vehicle_decoration",
      "setting__className": "tankModels/ussr_t_80u_destroyed_unit",
      "setting__unit_class": "ussr_t_80u_destroyed_unit",
      "setting__isDead": true,
      "setting__tm": [
        [
          0.819152,
          0.0,
          0.573576
        ],
        [
          0.0,
          1.0,
          0.0
        ],
        [
          -0.573576,
          0.0,
          0.819152
        ],
        [
          463.0,
          34.3,
          -845.45
        ]
      ],
      "setting__attack_type": ""
    },
    {
      "_template": "unit_loader",
      "setting__unitType": "template:destroyed_vehicle_decoration",
      "setting__className": "tankModels/ussr_t_80u_destroyed_unit",
      "setting__unit_class": "ussr_t_80u_destroyed_unit",
      "setting__isDead": true,
      "setting__tm": [
        [
          -0.976296,
          0.0,
          0.216439
        ],
        [
          0.0,
          1.0,
          0.0
        ],
        [
          -0.216439,
          0.0,
          -0.976296
        ],
        [
          533.208,
          35.8992,
          -723.822
        ]
      ],
      "setting__attack_type": ""
    },
    {
      "_template": "unit_loader",
      "setting__unitType": "template:destroyed_vehicle_decoration",
      "setting__className": "tankModels/ussr_t_80u_destroyed_unit",
      "setting__unit_class": "ussr_t_80u_destroyed_unit",
      "setting__isDead": true,
      "setting__tm": [
        [
          0.0436192,
          0.0,
          0.999048
        ],
        [
          0.0,
          1.0,
          0.0
        ],
        [
          -0.999048,
          0.0,
          0.0436192
        ],
        [
          88.4423,
          4.16616,
          -1308.56
        ]
      ],
      "setting__attack_type": ""
    },
    {
      "_template": "unit_loader",
      "setting__unitType": "template:destroyed_vehicle_decoration",
      "setting__className": "tankModels/ussr_t_80u_destroyed_unit",
      "setting__unit_class": "ussr_t_80u_destroyed_unit",
      "setting__isDead": true,
      "setting__tm": [
        [
          0.442542,
          0.0,
          0.896747
        ],
        [
          0.0,
          1.0,
          0.0
        ],
        [
          -0.896747,
          0.0,
          0.442542
        ],
        [
          100.793,
          10.3183,
          -1116.84
        ]
      ],
      "setting__attack_type": ""
    },
    {
      "_template": "unit_loader",
      "setting__unitType": "template:destroyed_vehicle_decoration",
      "setting__className": "tankModels/ussr_t_80u_destroyed_unit",
      "setting__unit_class": "ussr_t_80u_destroyed_unit",
      "setting__isDead": true,
      "setting__tm": [
        [
          -0.328868,
          0.0,
          0.944376
        ],
        [
          0.0,
          1.0,
          0.0
        ],
        [
          -0.944376,
          0.0,
          -0.328868
        ],
        [
          455.196,
          34.3,
          -819.145
        ]
      ],
      "setting__attack_type": ""
    },
    {
      "_template": "unit_loader",
      "setting__unitType": "template:destroyed_vehicle_decoration",
      "setting__className": "tankModels/ussr_t_80u_destroyed_unit",
      "setting__unit_class": "ussr_t_80u_destroyed_unit",
      "setting__isDead": true,
      "setting__tm": [
        [
          0.596832,
          0.0,
          0.802366
        ],
        [
          0.0,
          1.0,
          0.0
        ],
        [
          -0.802366,
          0.0,
          0.596832
        ],
        [
          575.815,
          35.8992,
          -648.246
        ]
      ],
      "setting__attack_type": ""
    },
    {
      "_template": "unit_loader",
      "setting__unitType": "template:destroyed_vehicle_decoration",
      "setting__className": "tankModels/ussr_t_54_1951_destroyed_unit",
      "setting__unit_class": "ussr_t_54_1951_destroyed_unit",
      "setting__isDead": true,
      "setting__tm": [
        [
          0.705965,
          -0.210268,
          0.676314
        ],
        [
          0.1216,
          0.976718,
          0.176733
        ],
        [
          -0.697729,
          -0.0425275,
          0.715098
        ],
        [
          106.4,
          24.3791,
          -1008.8
        ]
      ],
      "setting__attack_type": ""
    },
    {
      "_template": "unit_loader",
      "setting__unitType": "template:destroyed_vehicle_decoration",
      "setting__className": "tankModels/ussr_t_54_1951_destroyed_unit",
      "setting__unit_class": "ussr_t_54_1951_destroyed_unit",
      "setting__isDead": true,
      "setting__tm": [
        [
          -0.420529,
          -0.0772352,
          -0.903986
        ],
        [
          0.116097,
          0.983598,
          -0.138045
        ],
        [
          0.899821,
          -0.163002,
          -0.404665
        ],
        [
          185.707,
          26.1538,
          -960.049
        ]
      ],
      "setting__attack_type": ""
    },
    {
      "_template": "unit_loader",
      "setting__unitType": "template:destroyed_vehicle_decoration",
      "setting__className": "tankModels/ussr_gaz_233034_tiger_burnt_b_destroyed_unit",
      "setting__unit_class": "ussr_gaz_233034_tiger_burnt_b_destroyed_unit",
      "setting__isDead": true,
      "setting__tm": [
        [
          0.957158,
          0.0,
          -0.289567
        ],
        [
          0.0,
          1.0,
          0.0
        ],
        [
          0.289567,
          0.0,
          0.957158
        ],
        [
          52.877,
          16.2958,
          -1013.76
        ]
      ],
      "setting__attack_type": ""
    },
    {
      "_template": "unit_loader",
      "setting__unitType": "template:destroyed_vehicle_decoration",
      "setting__className": "tankModels/ussr_t_54_1951_destroyed_unit",
      "setting__unit_class": "ussr_t_54_1951_destroyed_unit",
      "setting__isDead": true,
      "setting__tm": [
        [
          -0.0635812,
          -0.210268,
          -0.975574
        ],
        [
          0.029746,
          0.976718,
          -0.212453
        ],
        [
          0.997533,
          -0.0425275,
          -0.0558463
        ],
        [
          82.6,
          20.5755,
          -1015.75
        ]
      ],
      "setting__attack_type": ""
    },
    {
      "_template": "unit_loader",
      "setting__unitType": "template:destroyed_vehicle_decoration",
      "setting__className": "tankModels/ussr_t_54_1951_destroyed_unit",
      "setting__unit_class": "ussr_t_54_1951_destroyed_unit",
      "setting__isDead": true,
      "setting__tm": [
        [
          -0.788203,
          -0.210268,
          -0.578381
        ],
        [
          -0.143628,
          0.976718,
          -0.159349
        ],
        [
          0.598421,
          -0.0425275,
          -0.800052
        ],
        [
          267.578,
          24.7999,
          -896.109
        ]
      ],
      "setting__attack_type": ""
    },
    {
      "_template": "unit_loader",
      "setting__unitType": "template:destroyed_vehicle_decoration",
      "setting__className": "tankModels/ussr_t_54_1951_destroyed_unit",
      "setting__unit_class": "ussr_t_54_1951_destroyed_unit",
      "setting__isDead": true,
      "setting__tm": [
        [
          0.573576,
          0.0,
          0.819152
        ],
        [
          0.0,
          1.0,
          0.0
        ],
        [
          -0.819152,
          0.0,
          0.573576
        ],
        [
          302.196,
          32.15,
          -1012.75
        ]
      ],
      "setting__attack_type": ""
    },
    {
      "_template": "unit_loader",
      "setting__unitType": "template:destroyed_vehicle_decoration",
      "setting__className": "tankModels/ussr_t_54_1951_destroyed_unit",
      "setting__unit_class": "ussr_t_54_1951_destroyed_unit",
      "setting__isDead": true,
      "setting__tm": [
        [
          -0.135249,
          0.0,
          0.990812
        ],
        [
          0.0,
          1.0,
          0.0
        ],
        [
          -0.990812,
          0.0,
          -0.135249
        ],
        [
          279.089,
          30.8508,
          -1136.95
        ]
      ],
      "setting__attack_type": ""
    },
    {
      "_template": "unit_loader",
      "setting__unitType": "template:destroyed_vehicle_decoration",
      "setting__className": "tankModels/ussr_gaz_233034_tiger_burnt_b_destroyed_unit",
      "setting__unit_class": "ussr_gaz_233034_tiger_burnt_b_destroyed_unit",
      "setting__isDead": true,
      "setting__tm": [
        [
          1.0,
          0.0,
          0.0
        ],
        [
          0.0,
          1.0,
          0.0
        ],
        [
          0.0,
          0.0,
          1.0
        ],
        [
          346.756,
          31.2476,
          -1023.35
        ]
      ],
      "setting__attack_type": ""
    },
    {
      "_template": "unit_loader",
      "setting__unitType": "template:destroyed_vehicle_decoration",
      "setting__className": "tankModels/ussr_t_54_1951_destroyed_unit",
      "setting__unit_class": "ussr_t_54_1951_destroyed_unit",
      "setting__isDead": true,
      "setting__tm": [
        [
          0.393413,
          -0.210268,
          0.894993
        ],
        [
          0.0447112,
          0.976718,
          0.209814
        ],
        [
          -0.918274,
          -0.0425275,
          0.393654
        ],
        [
          273.821,
          22.5652,
          -983.832
        ]
      ],
      "setting__attack_type": ""
    },
    {
      "_template": "unit_loader",
      "setting__unitType": "template:destroyed_vehicle_decoration",
      "setting__className": "tankModels/ussr_t_54_1951_destroyed_unit",
      "setting__unit_class": "ussr_t_54_1951_destroyed_unit",
      "setting__isDead": true,
      "setting__tm": [
        [
          -0.48987,
          0.0,
          -0.871795
        ],
        [
          0.0,
          1.0,
          0.0
        ],
        [
          0.871795,
          0.0,
          -0.48987
        ],
        [
          142.879,
          17.7,
          -1089.54
        ]
      ],
      "setting__attack_type": ""
    },
    {
      "_template": "unit_loader",
      "setting__unitType": "template:destroyed_vehicle_decoration",
      "setting__className": "tankModels/ussr_t_54_1951_destroyed_unit",
      "setting__unit_class": "ussr_t_54_1951_destroyed_unit",
      "setting__isDead": true,
      "setting__tm": [
        [
          -0.0319699,
          0.0,
          -0.999488
        ],
        [
          0.0,
          1.0,
          0.0
        ],
        [
          0.999488,
          0.0,
          -0.0319699
        ],
        [
          183.15,
          19.7,
          -1057.7
        ]
      ],
      "setting__attack_type": ""
    },
    {
      "_template": "unit_loader",
      "setting__unitType": "template:destroyed_vehicle_decoration",
      "setting__className": "tankModels/ussr_t_54_1951_destroyed_unit",
      "setting__unit_class": "ussr_t_54_1951_destroyed_unit",
      "setting__isDead": true,
      "setting__tm": [
        [
          -0.995111,
          0.0,
          -0.0987634
        ],
        [
          0.0,
          1.0,
          0.0
        ],
        [
          0.0987634,
          0.0,
          -0.995111
        ],
        [
          49.3301,
          14.3476,
          -1028.39
        ]
      ],
      "setting__attack_type": ""
    },
    {
      "_template": "unit_loader",
      "setting__unitType": "template:destroyed_vehicle_decoration",
      "setting__className": "tankModels/ussr_t_54_1951_destroyed_unit",
      "setting__unit_class": "ussr_t_54_1951_destroyed_unit",
      "setting__isDead": true,
      "setting__tm": [
        [
          0.382683,
          0.0,
          0.92388
        ],
        [
          0.0,
          1.0,
          0.0
        ],
        [
          -0.92388,
          0.0,
          0.382683
        ],
        [
          303.85,
          37.0,
          -1068.95
        ]
      ],
      "setting__attack_type": ""
    },
    {
      "_template": "unit_loader",
      "setting__unitType": "template:destroyed_vehicle_decoration",
      "setting__className": "tankModels/ussr_gaz_233034_tiger_burnt_b_destroyed_unit",
      "setting__unit_class": "ussr_gaz_233034_tiger_burnt_b_destroyed_unit",
      "setting__isDead": true,
      "setting__tm": [
        [
          -0.674449,
          0.0,
          -0.738322
        ],
        [
          0.0,
          1.0,
          0.0
        ],
        [
          0.738322,
          0.0,
          -0.674449
        ],
        [
          267.75,
          37.3,
          -1120.15
        ]
      ],
      "setting__attack_type": ""
    },
    {
      "_template": "unit_loader",
      "setting__unitType": "template:destroyed_vehicle_decoration",
      "setting__className": "tankModels/ussr_t_54_1951_destroyed_unit",
      "setting__unit_class": "ussr_t_54_1951_destroyed_unit",
      "setting__isDead": true,
      "setting__tm": [
        [
          -0.880609,
          0.0,
          -0.473845
        ],
        [
          0.0,
          1.0,
          0.0
        ],
        [
          0.473845,
          0.0,
          -0.880609
        ],
        [
          464.8,
          32.8372,
          -964.939
        ]
      ],
      "setting__attack_type": ""
    },
    {
      "_template": "unit_loader",
      "setting__unitType": "template:destroyed_vehicle_decoration",
      "setting__className": "tankModels/ussr_t_54_1951_destroyed_unit",
      "setting__unit_class": "ussr_t_54_1951_destroyed_unit",
      "setting__isDead": true,
      "setting__tm": [
        [
          -0.965589,
          -0.148389,
          -0.213583
        ],
        [
          -0.12171,
          0.983598,
          -0.133122
        ],
        [
          0.229835,
          -0.102546,
          -0.967813
        ],
        [
          540.0,
          34.5,
          -693.7
        ]
      ],
      "setting__attack_type": ""
    },
    {
      "_template": "unit_loader",
      "setting__unitType": "template:destroyed_vehicle_decoration",
      "setting__className": "tankModels/ussr_t_54_1951_destroyed_unit",
      "setting__unit_class": "ussr_t_54_1951_destroyed_unit",
      "setting__isDead": true,
      "setting__tm": [
        [
          -0.633813,
          0.0,
          -0.773486
        ],
        [
          0.0,
          1.0,
          0.0
        ],
        [
          0.773486,
          0.0,
          -0.633813
        ],
        [
          122.469,
          23.5,
          -978.322
        ]
      ],
      "setting__attack_type": ""
    },
    {
      "_template": "unit_loader",
      "setting__unitType": "template:destroyed_vehicle_decoration",
      "setting__className": "tankModels/ussr_gaz_233034_tiger_burnt_b_destroyed_unit",
      "setting__unit_class": "ussr_gaz_233034_tiger_burnt_b_destroyed_unit",
      "setting__isDead": true,
      "setting__tm": [
        [
          -0.919355,
          0.0,
          -0.393428
        ],
        [
          0.0,
          1.0,
          0.0
        ],
        [
          0.393428,
          0.0,
          -0.919355
        ],
        [
          159.85,
          25.1073,
          -1028.25
        ]
      ],
      "setting__attack_type": ""
    },
    {
      "_template": "unit_loader",
      "setting__unitType": "template:destroyed_vehicle_decoration",
      "setting__className": "tankModels/ussr_t_54_1951_destroyed_unit",
      "setting__unit_class": "ussr_t_54_1951_destroyed_unit",
      "setting__isDead": true,
      "setting__tm": [
        [
          0.289568,
          0.0,
          0.957157
        ],
        [
          0.0,
          1.0,
          0.0
        ],
        [
          -0.957157,
          0.0,
          0.289568
        ],
        [
          125.0,
          21.5733,
          -1049.3
        ]
      ],
      "setting__attack_type": ""
    },
    {
      "_template": "unit_loader",
      "setting__unitType": "template:destroyed_vehicle_decoration",
      "setting__className": "tankModels/ussr_gaz_233034_tiger_burnt_b_destroyed_unit",
      "setting__unit_class": "ussr_gaz_233034_tiger_burnt_b_destroyed_unit",
      "setting__isDead": true,
      "setting__tm": [
        [
          -0.984808,
          3.46945e-18,
          0.173648
        ],
        [
          3.56124e-7,
          1.0,
          -2.29236e-7
        ],
        [
          -0.173647,
          -7.45058e-9,
          -0.984809
        ],
        [
          610.356,
          33.9,
          -709.697
        ]
      ],
      "setting__attack_type": ""
    },
    {
      "_template": "unit_loader",
      "setting__unitType": "template:destroyed_vehicle_decoration",
      "setting__className": "tankModels/ussr_gaz_233034_tiger_burnt_b_destroyed_unit",
      "setting__unit_class": "ussr_gaz_233034_tiger_burnt_b_destroyed_unit",
      "setting__isDead": true,
      "setting__tm": [
        [
          -0.991529,
          3.46945e-18,
          0.129889
        ],
        [
          3.65921e-7,
          1.0,
          -2.13249e-7
        ],
        [
          -0.129888,
          -7.45058e-9,
          -0.99153
        ],
        [
          576.601,
          33.9,
          -761.775
        ]
      ],
      "setting__attack_type": ""
    },
    {
      "_template": "unit_loader",
      "setting__unitType": "template:destroyed_vehicle_decoration",
      "setting__className": "tankModels/ussr_t_54_1951_destroyed_unit",
      "setting__unit_class": "ussr_t_54_1951_destroyed_unit",
      "setting__isDead": true,
      "setting__tm": [
        [
          -0.461749,
          3.46945e-18,
          -0.887011
        ],
        [
          3.25715e-7,
          1.0,
          2.70709e-7
        ],
        [
          0.887012,
          -7.45058e-9,
          -0.461748
        ],
        [
          554.831,
          33.9,
          -739.039
        ]
      ],
      "setting__attack_type": ""
    },
    {
      "_template": "unit_loader",
      "setting__unitType": "template:destroyed_vehicle_decoration",
      "setting__className": "tankModels/ussr_t_54_1951_destroyed_unit",
      "setting__unit_class": "ussr_t_54_1951_destroyed_unit",
      "setting__isDead": true,
      "setting__tm": [
        [
          0.106791,
          -0.210268,
          -0.971794
        ],
        [
          0.066186,
          0.976718,
          -0.20406
        ],
        [
          0.992076,
          -0.0425275,
          0.118222
        ],
        [
          458.884,
          32.45,
          -868.858
        ]
      ],
      "setting__attack_type": ""
    },
    {
      "_template": "unit_loader",
      "setting__unitType": "template:destroyed_vehicle_decoration",
      "setting__className": "tankModels/ussr_t_54_1951_destroyed_unit",
      "setting__unit_class": "ussr_t_54_1951_destroyed_unit",
      "setting__isDead": true,
      "setting__tm": [
        [
          -0.0213783,
          0.0,
          -0.999771
        ],
        [
          0.0,
          1.0,
          0.0
        ],
        [
          0.999771,
          0.0,
          -0.0213783
        ],
        [
          170.183,
          6.96758,
          -1235.1
        ]
      ],
      "setting__attack_type": ""
    },
    {
      "_template": "unit_loader",
      "setting__unitType": "template:destroyed_vehicle_decoration",
      "setting__className": "tankModels/ussr_t_54_1951_destroyed_unit",
      "setting__unit_class": "ussr_t_54_1951_destroyed_unit",
      "setting__isDead": true,
      "setting__tm": [
        [
          0.825783,
          0.0,
          -0.563988
        ],
        [
          0.0,
          1.0,
          0.0
        ],
        [
          0.563988,
          0.0,
          0.825783
        ],
        [
          159.233,
          6.94993,
          -1253.21
        ]
      ],
      "setting__attack_type": ""
    },
    {
      "_template": "unit_loader",
      "setting__unitType": "template:destroyed_vehicle_decoration",
      "setting__className": "tankModels/ussr_t_54_1951_destroyed_unit",
      "setting__unit_class": "ussr_t_54_1951_destroyed_unit",
      "setting__isDead": true,
      "setting__tm": [
        [
          0.382208,
          0.0,
          -0.924077
        ],
        [
          0.0,
          1.0,
          0.0
        ],
        [
          0.924077,
          0.0,
          0.382208
        ],
        [
          83.9301,
          5.89994,
          -1386.25
        ]
      ],
      "setting__attack_type": ""
    },
    {
      "_template": "unit_loader",
      "setting__unitType": "template:destroyed_vehicle_decoration",
      "setting__className": "tankModels/ussr_t_54_1951_destroyed_unit",
      "setting__unit_class": "ussr_t_54_1951_destroyed_unit",
      "setting__isDead": true,
      "setting__tm": [
        [
          -0.707418,
          0.0297791,
          -0.706169
        ],
        [
          -0.087509,
          0.987735,
          0.129316
        ],
        [
          0.701358,
          0.153277,
          -0.696135
        ],
        [
          39.4858,
          5.77758,
          -1377.68
        ]
      ],
      "setting__attack_type": ""
    },
    {
      "_template": "unit_loader",
      "setting__unitType": "template:destroyed_vehicle_decoration",
      "setting__className": "tankModels/ussr_t_54_1951_destroyed_unit",
      "setting__unit_class": "ussr_t_54_1951_destroyed_unit",
      "setting__isDead": true,
      "setting__tm": [
        [
          0.766375,
          0.0,
          0.642394
        ],
        [
          0.0,
          1.0,
          0.0
        ],
        [
          -0.642394,
          0.0,
          0.766375
        ],
        [
          17.5268,
          3.64068,
          -1362.17
        ]
      ],
      "setting__attack_type": ""
    },
    {
      "_template": "unit_loader",
      "setting__unitType": "template:destroyed_vehicle_decoration",
      "setting__className": "tankModels/ussr_t_54_1951_destroyed_unit",
      "setting__unit_class": "ussr_t_54_1951_destroyed_unit",
      "setting__isDead": true,
      "setting__tm": [
        [
          0.773486,
          0.0,
          -0.633814
        ],
        [
          0.0,
          1.0,
          0.0
        ],
        [
          0.633814,
          0.0,
          0.773486
        ],
        [
          89.9756,
          4.09094,
          -1263.35
        ]
      ],
      "setting__attack_type": ""
    },
    {
      "_template": "unit_loader",
      "setting__unitType": "template:destroyed_vehicle_decoration",
      "setting__className": "tankModels/ussr_t_54_1951_destroyed_unit",
      "setting__unit_class": "ussr_t_54_1951_destroyed_unit",
      "setting__isDead": true,
      "setting__tm": [
        [
          -0.642394,
          0.0,
          0.766376
        ],
        [
          0.0,
          1.0,
          0.0
        ],
        [
          -0.766376,
          0.0,
          -0.642394
        ],
        [
          86.7596,
          5.07649,
          -1347.03
        ]
      ],
      "setting__attack_type": ""
    },
    {
      "_template": "unit_loader",
      "setting__unitType": "template:destroyed_vehicle_decoration",
      "setting__className": "tankModels/ussr_t_54_1951_destroyed_unit",
      "setting__unit_class": "ussr_t_54_1951_destroyed_unit",
      "setting__isDead": true,
      "setting__tm": [
        [
          0.514082,
          -0.210268,
          0.831569
        ],
        [
          0.0734615,
          0.976718,
          0.201555
        ],
        [
          -0.854589,
          -0.0425275,
          0.51756
        ],
        [
          220.003,
          31.0437,
          -892.674
        ]
      ],
      "setting__attack_type": ""
    },
    {
      "_template": "hvg_amaddu_sound_occlusion"
    }
  ]
}