{
  "selected_tag": "",
  "bin_dump_file": "",
  "mission_settings": {
    "player": {
      "army": 1,
      "wing": ""
    },
    "player_teamB": {
      "army": 2,
      "wing": ""
    },
    "mission": {
      "level": "levels/berlin.bin",
      "type": "domination",
      "environment": "Day",
      "weather": "hazy",
      "deathPenaltyMulRounds": 0.0,
      "stars": {
        "latitude": 52.5,
        "longitude": 13.0,
        "year": 1945,
        "month": 4,
        "day": 2
      }
    },
    "spectator_points": {}
  },
  "imports": {
    "import_record": {
      "file": "gameData/missions/templates/air_templates/gs/assaults_gs_template.blk",
      "importAreas": true,
      "importUnits": true,
      "importTriggers": true,
      "importMissionObjectives": true,
      "importWayPoints": true,
      "showAreas": true,
      "showUnits": true,
      "showTriggers": true,
      "showMissionObjectives": true,
      "showWayPoints": true,
      "excludes": {}
    }
  },
  "triggers": {
    "isCategory": true,
    "is_enabled": true
  },
  "mission_objectives": {
    "isCategory": true,
    "is_enabled": true
  },
  "variables": {
    "ai_assaults_saved": 0,
    "ft_helicopters_pad_exclusive": false
  },
  "dialogs": {},
  "airfields": {},
  "effects": {},
  "units": {},
  "areas": {
    "at_area": {
      "type": "Sphere",
      "tm": [
        [
          9626.2,
          0.0,
          -12780.3
        ],
        [
          0.0,
          16000.0,
          0.0
        ],
        [
          12780.3,
          0.0,
          9626.2
        ],
        [
          0.0,
          500.006,
          0.0
        ]
      ],
      "objLayer": 0,
      "props": {}
    },
    "at_t2_spawn_01_01": {
      "type": "Point",
      "tm": [
        [
          0.812218,
          0.0,
          0.583356
        ],
        [
          0.0,
          1.0,
          0.0
        ],
        [
          -0.583356,
          0.0,
          0.812218
        ],
        [
          -4915.82,
          500.006,
          -6307.29
        ]
      ],
      "objLayer": 0,
      "props": {}
    },
    "at_t1_spawn_01_01": {
      "type": "Point",
      "tm": [
        [
          -0.812218,
          0.0,
          -0.583356
        ],
        [
          0.0,
          1.0,
          0.0
        ],
        [
          0.583356,
          0.0,
          -0.812218
        ],
        [
          7431.73,
          499.996,
          2988.44
        ]
      ],
      "objLayer": 0,
      "props": {}
    },
    "at_t2_spawn_01_02": {
      "type": "Point",
      "tm": [
        [
          0.812218,
          0.0,
          0.583356
        ],
        [
          0.0,
          1.0,
          0.0
        ],
        [
          -0.583356,
          0.0,
          0.812218
        ],
        [
          -7416.15,
          500.006,
          -2998.15
        ]
      ],
      "objLayer": 0,
      "props": {}
    },
    "at_t1_spawn_01_02": {
      "type": "Point",
      "tm": [
        [
          -0.812218,
          0.0,
          -0.583356
        ],
        [
          0.0,
          1.0,
          0.0
        ],
        [
          0.583356,
          0.0,
          -0.812218
        ],
        [
          4926.7,
          499.997,
          6302.94
        ]
      ],
      "objLayer": 0,
      "props": {}
    },
    "at_t1_spawn_02_01": {
      "type": "Point",
      "tm": [
        [
          -0.812218,
          0.0,
          -0.583356
        ],
        [
          0.0,
          1.0,
          0.0
        ],
        [
          0.583356,
          0.0,
          -0.812218
        ],
        [
          3183.67,
          499.997,
          7335.99
        ]
      ],
      "objLayer": 0,
      "props": {}
    },
    "at_t1_spawn_02_02": {
      "type": "Point",
      "tm": [
        [
          -0.812218,
          0.0,
          -0.583356
        ],
        [
          0.0,
          1.0,
          0.0
        ],
        [
          0.583356,
          0.0,
          -0.812218
        ],
        [
          7926.37,
          500.0,
          1075.68
        ]
      ],
      "objLayer": 0,
      "props": {}
    },
    "at_t2_spawn_02_01": {
      "type": "Point",
      "tm": [
        [
          0.812218,
          0.0,
          0.583356
        ],
        [
          0.0,
          1.0,
          0.0
        ],
        [
          -0.583356,
          0.0,
          0.812218
        ],
        [
          -8116.18,
          500.012,
          -818.26
        ]
      ],
      "objLayer": 0,
      "props": {}
    },
    "at_t2_spawn_02_02": {
      "type": "Point",
      "tm": [
        [
          0.812218,
          0.0,
          0.583356
        ],
        [
          0.0,
          1.0,
          0.0
        ],
        [
          -0.583356,
          0.0,
          0.812218
        ],
        [
          -3155.97,
          500.008,
          -7330.87
        ]
      ],
      "objLayer": 0,
      "props": {}
    }
  },
  "objLayers": {},
  "wayPoints": {}
}