{
  "selected_tag": "",
  "bin_dump_file": "",
  "mission_settings": {
    "player": {
      "army": 1
    },
    "player_teamB": {
      "army": 2
    },
    "mission": {
      "level": "levels/ruhr.bin",
      "type": "domination",
      "environment": "Day",
      "weather": "clear",
      "locName": "missions/ruhr_BfD_norespawn",
      "locDesc": "missions/_BfD_norespawn/desc",
      "scoreLimit": 2900,
      "timeLimit": 25,
      "deathPenaltyMul": 0.0,
      "allowEmptyTeams": false,
      "country_axis": "germany",
      "country_allies": "usa",
      "restoreType": "attempts",
      "optionalTakeOff": false,
      "allowedUnitTypes": {
        "isAirplanesAllowed": true,
        "isTanksAllowed": false,
        "isShipsAllowed": false,
        "isHelicoptersAllowed": false
      }
    }
  },
  "imports": [],
  "triggers": {
    "isCategory": true,
    "is_enabled": true
  },
  "mission_objectives": {
    "isCategory": true,
    "is_enabled": true
  },
  "variables": [],
  "dialogs": [],
  "airfields": [],
  "effects": [],
  "units": [
    {
      "tankModels": {
        "name": "t2_tank_01_01",
        "tm": [
          [0.216439,0.0,-0.976295],
          [0.0,1.0,0.0],
          [0.976295,0.0,0.216439],
          [69575.1,22.8945,87448.1]
        ],
        "unit_class": "germ_pzkpfw_III_ausf_B",
        "objLayer": 1,
        "closed_waypoints": false,
        "isShipSpline": false,
        "shipTurnRadius": 100.0,
        "weapons": "",
        "bullets0": "",
        "bullets1": "",
        "bullets2": "",
        "bullets3": "",
        "bulletsCount0": 0,
        "bulletsCount1": 0,
        "bulletsCount2": 0,
        "bulletsCount3": 0,
        "crewSkillK": 0.0,
        "applyAllMods": false,
        "props": {
          "army": 2,
          "count": 1,
          "formation_type": "rows",
          "formation_div": 1,
          "formation_step": [12.0,6.0],
          "formation_noise": [0.4,0.5],
          "uniqueName": "",
          "attack_type": "fire_at_will"
        },
        "way": []
      }
    },
    {
      "tankModels": {
        "name": "t1_tank_02_01",
        "tm": [
          [0.09027,0.0,0.995918],
          [0.0,1.0,0.0],
          [-0.995918,0.0,0.09027],
          [-26932.1,25.168,-121449.0]
        ],
        "unit_class": "us_m2a4",
        "objLayer": 1,
        "closed_waypoints": false,
        "isShipSpline": false,
        "shipTurnRadius": 100.0,
        "weapons": "",
        "bullets0": "",
        "bullets1": "",
        "bullets2": "",
        "bullets3": "",
        "bulletsCount0": 0,
        "bulletsCount1": 0,
        "bulletsCount2": 0,
        "bulletsCount3": 0,
        "crewSkillK": 0.0,
        "applyAllMods": false,
        "props": {
          "army": 1,
          "count": 1,
          "formation_type": "rows",
          "formation_div": 1,
          "formation_step": [12.0,6.0],
          "formation_noise": [0.4,0.5],
          "uniqueName": "",
          "attack_type": "fire_at_will"
        },
        "way": []
      }
    },
    {
      "tankModels": {
        "name": "t1_tank_03_01",
        "tm": [
          [-0.0329423,0.0,0.999458],
          [0.0,1.0,0.0],
          [-0.999458,0.0,-0.0329423],
          [-20837.6,36.8155,-121965.0]
        ],
        "unit_class": "us_m2a4",
        "objLayer": 1,
        "closed_waypoints": false,
        "isShipSpline": false,
        "shipTurnRadius": 100.0,
        "weapons": "",
        "bullets0": "",
        "bullets1": "",
        "bullets2": "",
        "bullets3": "",
        "bulletsCount0": 0,
        "bulletsCount1": 0,
        "bulletsCount2": 0,
        "bulletsCount3": 0,
        "crewSkillK": 0.0,
        "applyAllMods": false,
        "props": {
          "army": 1,
          "count": 1,
          "formation_type": "rows",
          "formation_div": 1,
          "formation_step": [12.0,6.0],
          "formation_noise": [0.4,0.5],
          "uniqueName": "",
          "attack_type": "fire_at_will"
        },
        "way": []
      }
    },
    {
      "tankModels": {
        "name": "t1_tank_01_01",
        "tm": [
          [-0.996194,0.0,-0.0871558],
          [0.0,1.0,0.0],
          [0.0871558,0.0,-0.996194],
          [-4369.5,42.5157,-120296.0]
        ],
        "unit_class": "us_m2a4",
        "objLayer": 1,
        "closed_waypoints": false,
        "isShipSpline": false,
        "shipTurnRadius": 100.0,
        "weapons": "",
        "bullets0": "",
        "bullets1": "",
        "bullets2": "",
        "bullets3": "",
        "bulletsCount0": 0,
        "bulletsCount1": 0,
        "bulletsCount2": 0,
        "bulletsCount3": 0,
        "crewSkillK": 0.0,
        "applyAllMods": false,
        "props": {
          "army": 1,
          "count": 1,
          "formation_type": "rows",
          "formation_div": 1,
          "formation_step": [12.0,6.0],
          "formation_noise": [0.4,0.5],
          "uniqueName": "",
          "attack_type": "fire_at_will"
        },
        "way": []
      }
    },
    {
      "tankModels": {
        "name": "t1_truck_03_01",
        "tm": [
          [-0.0329423,0.0,0.999458],
          [0.0,1.0,0.0],
          [-0.999458,0.0,-0.0329423],
          [-20767.9,36.7657,-122716.0]
        ],
        "unit_class": "us_truck_us6_studebaker_tent",
        "objLayer": 1,
        "closed_waypoints": false,
        "isShipSpline": false,
        "shipTurnRadius": 100.0,
        "weapons": "",
        "bullets0": "",
        "bullets1": "",
        "bullets2": "",
        "bullets3": "",
        "bulletsCount0": 0,
        "bulletsCount1": 0,
        "bulletsCount2": 0,
        "bulletsCount3": 0,
        "crewSkillK": 0.0,
        "applyAllMods": false,
        "props": {
          "army": 1,
          "count": 1,
          "formation_type": "rows",
          "formation_div": 2,
          "formation_step": [12.0,8.0],
          "formation_noise": [0.4,0.5],
          "uniqueName": "",
          "attack_type": "fire_at_will"
        },
        "way": []
      }
    },
    {
      "tankModels": {
        "name": "t1_truck_aaa_01_01",
        "tm": [
          [-0.953716,0.0,0.300705],
          [0.0,1.0,0.0],
          [-0.300705,0.0,-0.953716],
          [-2719.7,96.1153,-121926.0]
        ],
        "unit_class": "us_halftrack_m15",
        "objLayer": 1,
        "closed_waypoints": false,
        "isShipSpline": false,
        "shipTurnRadius": 100.0,
        "weapons": "",
        "bullets0": "",
        "bullets1": "",
        "bullets2": "",
        "bullets3": "",
        "bulletsCount0": 0,
        "bulletsCount1": 0,
        "bulletsCount2": 0,
        "bulletsCount3": 0,
        "crewSkillK": 0.0,
        "applyAllMods": false,
        "props": {
          "army": 1,
          "count": 1,
          "formation_type": "rows",
          "formation_div": 2,
          "formation_step": [12.0,6.0],
          "formation_noise": [0.4,0.5],
          "uniqueName": "",
          "attack_type": "fire_at_will"
        },
        "way": []
      }
    },
    {
      "tankModels": {
        "name": "t1_truck_01_01",
        "tm": [
          [-0.976296,0.0,0.21644],
          [0.0,1.0,0.0],
          [-0.21644,0.0,-0.976296],
          [-3751.6,96.1157,-121066.0]
        ],
        "unit_class": "us_truck_us6_studebaker_tent",
        "objLayer": 1,
        "closed_waypoints": false,
        "isShipSpline": false,
        "shipTurnRadius": 100.0,
        "weapons": "",
        "bullets0": "",
        "bullets1": "",
        "bullets2": "",
        "bullets3": "",
        "bulletsCount0": 0,
        "bulletsCount1": 0,
        "bulletsCount2": 0,
        "bulletsCount3": 0,
        "crewSkillK": 0.0,
        "applyAllMods": false,
        "props": {
          "army": 1,
          "count": 1,
          "formation_type": "rows",
          "formation_div": 2,
          "formation_step": [12.0,6.0],
          "formation_noise": [0.4,0.5],
          "uniqueName": "",
          "attack_type": "fire_at_will"
        },
        "way": []
      }
    },
    {
      "tankModels": {
        "name": "t2_truck_aaa_01_01",
        "tm": [
          [0.216439,0.0,-0.976295],
          [0.0,1.0,0.0],
          [0.976295,0.0,0.216439],
          [69328.7,22.8945,88631.9]
        ],
        "unit_class": "germ_sdkfz_6_2_flak36",
        "objLayer": 1,
        "closed_waypoints": false,
        "isShipSpline": false,
        "shipTurnRadius": 100.0,
        "weapons": "",
        "bullets0": "",
        "bullets1": "",
        "bullets2": "",
        "bullets3": "",
        "bulletsCount0": 0,
        "bulletsCount1": 0,
        "bulletsCount2": 0,
        "bulletsCount3": 0,
        "crewSkillK": 0.0,
        "applyAllMods": false,
        "props": {
          "army": 2,
          "count": 1,
          "formation_type": "rows",
          "formation_div": 2,
          "formation_step": [12.0,6.0],
          "formation_noise": [0.4,0.5],
          "uniqueName": "",
          "attack_type": "fire_at_will"
        },
        "way": []
      }
    },
    {
      "tankModels": {
        "name": "t1_truck_02_01",
        "tm": [
          [0.09027,0.0,0.995918],
          [0.0,1.0,0.0],
          [-0.995918,0.0,0.09027],
          [-26985.4,25.2676,-122201.0]
        ],
        "unit_class": "us_truck_us6_studebaker_tent",
        "objLayer": 1,
        "closed_waypoints": false,
        "isShipSpline": false,
        "shipTurnRadius": 100.0,
        "weapons": "",
        "bullets0": "",
        "bullets1": "",
        "bullets2": "",
        "bullets3": "",
        "bulletsCount0": 0,
        "bulletsCount1": 0,
        "bulletsCount2": 0,
        "bulletsCount3": 0,
        "crewSkillK": 0.0,
        "applyAllMods": false,
        "props": {
          "army": 1,
          "count": 1,
          "formation_type": "rows",
          "formation_div": 2,
          "formation_step": [12.0,6.0],
          "formation_noise": [0.4,0.5],
          "uniqueName": "",
          "attack_type": "fire_at_will"
        },
        "way": []
      }
    },
    {
      "tankModels": {
        "name": "t1_truck_aaa_02_01",
        "tm": [
          [0.261838,0.0,0.965113],
          [0.0,1.0,0.0],
          [-0.965113,0.0,0.261838],
          [-27024.0,25.2676,-122865.0]
        ],
        "unit_class": "us_halftrack_m15",
        "objLayer": 1,
        "closed_waypoints": false,
        "isShipSpline": false,
        "shipTurnRadius": 100.0,
        "weapons": "",
        "bullets0": "",
        "bullets1": "",
        "bullets2": "",
        "bullets3": "",
        "bulletsCount0": 0,
        "bulletsCount1": 0,
        "bulletsCount2": 0,
        "bulletsCount3": 0,
        "crewSkillK": 0.0,
        "applyAllMods": false,
        "props": {
          "army": 1,
          "count": 1,
          "formation_type": "rows",
          "formation_div": 2,
          "formation_step": [12.0,6.0],
          "formation_noise": [0.4,0.5],
          "uniqueName": "",
          "attack_type": "fire_at_will"
        },
        "way": []
      }
    },
    {
      "tankModels": {
        "name": "t1_truck_aaa_03_01",
        "tm": [
          [-0.0329423,0.0,0.999458],
          [0.0,1.0,0.0],
          [-0.999458,0.0,-0.0329423],
          [-20717.2,36.7657,-123365.0]
        ],
        "unit_class": "us_halftrack_m15",
        "objLayer": 1,
        "closed_waypoints": false,
        "isShipSpline": false,
        "shipTurnRadius": 100.0,
        "weapons": "",
        "bullets0": "",
        "bullets1": "",
        "bullets2": "",
        "bullets3": "",
        "bulletsCount0": 0,
        "bulletsCount1": 0,
        "bulletsCount2": 0,
        "bulletsCount3": 0,
        "crewSkillK": 0.0,
        "applyAllMods": false,
        "props": {
          "army": 1,
          "count": 1,
          "formation_type": "rows",
          "formation_div": 2,
          "formation_step": [12.0,6.0],
          "formation_noise": [0.4,0.5],
          "uniqueName": "",
          "attack_type": "fire_at_will"
        },
        "way": []
      }
    },
    {
      "tankModels": {
        "name": "t2_truck_01_01",
        "tm": [
          [0.216439,0.0,-0.976295],
          [0.0,1.0,0.0],
          [0.976295,0.0,0.216439],
          [69447.7,22.8941,88004.5]
        ],
        "unit_class": "germ_truck_sdkfz_6_2_tent",
        "objLayer": 1,
        "closed_waypoints": false,
        "isShipSpline": false,
        "shipTurnRadius": 100.0,
        "weapons": "",
        "bullets0": "",
        "bullets1": "",
        "bullets2": "",
        "bullets3": "",
        "bulletsCount0": 0,
        "bulletsCount1": 0,
        "bulletsCount2": 0,
        "bulletsCount3": 0,
        "crewSkillK": 0.0,
        "applyAllMods": false,
        "props": {
          "army": 2,
          "count": 1,
          "formation_type": "rows",
          "formation_div": 1,
          "formation_step": [12.0,6.0],
          "formation_noise": [0.4,0.5],
          "uniqueName": "",
          "attack_type": "fire_at_will"
        },
        "way": []
      }
    },
    {
      "tankModels": {
        "name": "t2_tank_02_01",
        "tm": [
          [0.718038,0.0,-0.696003],
          [0.0,1.0,0.0],
          [0.696003,0.0,0.718038],
          [58045.5,33.5771,84063.6]
        ],
        "unit_class": "germ_pzkpfw_III_ausf_B",
        "objLayer": 1,
        "closed_waypoints": false,
        "isShipSpline": false,
        "shipTurnRadius": 100.0,
        "weapons": "",
        "bullets0": "",
        "bullets1": "",
        "bullets2": "",
        "bullets3": "",
        "bulletsCount0": 0,
        "bulletsCount1": 0,
        "bulletsCount2": 0,
        "bulletsCount3": 0,
        "crewSkillK": 0.0,
        "applyAllMods": false,
        "props": {
          "army": 2,
          "count": 1,
          "formation_type": "rows",
          "formation_div": 1,
          "formation_step": [12.0,6.0],
          "formation_noise": [0.4,0.5],
          "uniqueName": "",
          "attack_type": "fire_at_will"
        },
        "way": []
      }
    },
    {
      "tankModels": {
        "name": "t2_truck_aaa_02_01",
        "tm": [
          [0.718038,0.0,-0.696003],
          [0.0,1.0,0.0],
          [0.696003,0.0,0.718038],
          [57277.0,33.5771,85034.5]
        ],
        "unit_class": "germ_sdkfz_6_2_flak36",
        "objLayer": 1,
        "closed_waypoints": false,
        "isShipSpline": false,
        "shipTurnRadius": 100.0,
        "weapons": "",
        "bullets0": "",
        "bullets1": "",
        "bullets2": "",
        "bullets3": "",
        "bulletsCount0": 0,
        "bulletsCount1": 0,
        "bulletsCount2": 0,
        "bulletsCount3": 0,
        "crewSkillK": 0.0,
        "applyAllMods": false,
        "props": {
          "army": 2,
          "count": 1,
          "formation_type": "rows",
          "formation_div": 2,
          "formation_step": [12.0,6.0],
          "formation_noise": [0.4,0.5],
          "uniqueName": "",
          "attack_type": "fire_at_will"
        },
        "way": []
      }
    },
    {
      "tankModels": {
        "name": "t2_truck_02_01",
        "tm": [
          [0.718038,0.0,-0.696003],
          [0.0,1.0,0.0],
          [0.696003,0.0,0.718038],
          [57674.2,33.5766,84558.3]
        ],
        "unit_class": "germ_truck_sdkfz_6_2_tent",
        "objLayer": 1,
        "closed_waypoints": false,
        "isShipSpline": false,
        "shipTurnRadius": 100.0,
        "weapons": "",
        "bullets0": "",
        "bullets1": "",
        "bullets2": "",
        "bullets3": "",
        "bulletsCount0": 0,
        "bulletsCount1": 0,
        "bulletsCount2": 0,
        "bulletsCount3": 0,
        "crewSkillK": 0.0,
        "applyAllMods": false,
        "props": {
          "army": 2,
          "count": 1,
          "formation_type": "rows",
          "formation_div": 1,
          "formation_step": [12.0,6.0],
          "formation_noise": [0.4,0.5],
          "uniqueName": "",
          "attack_type": "fire_at_will"
        },
        "way": []
      }
    },
    {
      "tankModels": {
        "name": "t1_tank_01_02",
        "tm": [
          [-0.996194,0.0,-0.0871558],
          [0.0,1.0,0.0],
          [0.0871558,0.0,-0.996194],
          [-4162.2,42.5157,-120232.0]
        ],
        "unit_class": "us_m2a4",
        "objLayer": 1,
        "closed_waypoints": false,
        "isShipSpline": false,
        "shipTurnRadius": 100.0,
        "weapons": "",
        "bullets0": "",
        "bullets1": "",
        "bullets2": "",
        "bullets3": "",
        "bulletsCount0": 0,
        "bulletsCount1": 0,
        "bulletsCount2": 0,
        "bulletsCount3": 0,
        "crewSkillK": 0.0,
        "applyAllMods": false,
        "props": {
          "army": 1,
          "count": 1,
          "formation_type": "rows",
          "formation_div": 1,
          "formation_step": [12.0,6.0],
          "formation_noise": [0.4,0.5],
          "uniqueName": "",
          "attack_type": "fire_at_will"
        },
        "way": []
      }
    },
    {
      "tankModels": {
        "name": "t1_tank_01_03",
        "tm": [
          [-0.996194,0.0,-0.0871558],
          [0.0,1.0,0.0],
          [0.0871558,0.0,-0.996194],
          [-3969.9,42.5152,-120162.0]
        ],
        "unit_class": "us_m2a4",
        "objLayer": 1,
        "closed_waypoints": false,
        "isShipSpline": false,
        "shipTurnRadius": 100.0,
        "weapons": "",
        "bullets0": "",
        "bullets1": "",
        "bullets2": "",
        "bullets3": "",
        "bulletsCount0": 0,
        "bulletsCount1": 0,
        "bulletsCount2": 0,
        "bulletsCount3": 0,
        "crewSkillK": 0.0,
        "applyAllMods": false,
        "props": {
          "army": 1,
          "count": 1,
          "formation_type": "rows",
          "formation_div": 1,
          "formation_step": [12.0,6.0],
          "formation_noise": [0.4,0.5],
          "uniqueName": "",
          "attack_type": "fire_at_will"
        },
        "way": []
      }
    },
    {
      "tankModels": {
        "name": "t1_tank_01_04",
        "tm": [
          [-0.996194,0.0,-0.0871558],
          [0.0,1.0,0.0],
          [0.0871558,0.0,-0.996194],
          [-3797.6,42.5149,-120101.0]
        ],
        "unit_class": "us_m2a4",
        "objLayer": 1,
        "closed_waypoints": false,
        "isShipSpline": false,
        "shipTurnRadius": 100.0,
        "weapons": "",
        "bullets0": "",
        "bullets1": "",
        "bullets2": "",
        "bullets3": "",
        "bulletsCount0": 0,
        "bulletsCount1": 0,
        "bulletsCount2": 0,
        "bulletsCount3": 0,
        "crewSkillK": 0.0,
        "applyAllMods": false,
        "props": {
          "army": 1,
          "count": 1,
          "formation_type": "rows",
          "formation_div": 1,
          "formation_step": [12.0,6.0],
          "formation_noise": [0.4,0.5],
          "uniqueName": "",
          "attack_type": "fire_at_will"
        },
        "way": []
      }
    },
    {
      "tankModels": {
        "name": "t1_tank_01_05",
        "tm": [
          [-0.996194,0.0,-0.0871558],
          [0.0,1.0,0.0],
          [0.0871558,0.0,-0.996194],
          [-3628.6,42.5152,-120051.0]
        ],
        "unit_class": "us_m2a4",
        "objLayer": 1,
        "closed_waypoints": false,
        "isShipSpline": false,
        "shipTurnRadius": 100.0,
        "weapons": "",
        "bullets0": "",
        "bullets1": "",
        "bullets2": "",
        "bullets3": "",
        "bulletsCount0": 0,
        "bulletsCount1": 0,
        "bulletsCount2": 0,
        "bulletsCount3": 0,
        "crewSkillK": 0.0,
        "applyAllMods": false,
        "props": {
          "army": 1,
          "count": 1,
          "formation_type": "rows",
          "formation_div": 1,
          "formation_step": [12.0,6.0],
          "formation_noise": [0.4,0.5],
          "uniqueName": "",
          "attack_type": "fire_at_will"
        },
        "way": []
      }
    },
    {
      "tankModels": {
        "name": "t1_truck_01_02",
        "tm": [
          [-0.976296,0.0,0.21644],
          [0.0,1.0,0.0],
          [-0.21644,0.0,-0.976296],
          [-3601.1,96.1158,-121023.0]
        ],
        "unit_class": "us_truck_us6_studebaker_tent",
        "objLayer": 1,
        "closed_waypoints": false,
        "isShipSpline": false,
        "shipTurnRadius": 100.0,
        "weapons": "",
        "bullets0": "",
        "bullets1": "",
        "bullets2": "",
        "bullets3": "",
        "bulletsCount0": 0,
        "bulletsCount1": 0,
        "bulletsCount2": 0,
        "bulletsCount3": 0,
        "crewSkillK": 0.0,
        "applyAllMods": false,
        "props": {
          "army": 1,
          "count": 1,
          "formation_type": "rows",
          "formation_div": 2,
          "formation_step": [12.0,6.0],
          "formation_noise": [0.4,0.5],
          "uniqueName": "",
          "attack_type": "fire_at_will"
        },
        "way": []
      }
    },
    {
      "tankModels": {
        "name": "t1_truck_01_03",
        "tm": [
          [-0.976296,0.0,0.21644],
          [0.0,1.0,0.0],
          [-0.21644,0.0,-0.976296],
          [-3452.2,96.1158,-120953.0]
        ],
        "unit_class": "us_truck_us6_studebaker_tent",
        "objLayer": 1,
        "closed_waypoints": false,
        "isShipSpline": false,
        "shipTurnRadius": 100.0,
        "weapons": "",
        "bullets0": "",
        "bullets1": "",
        "bullets2": "",
        "bullets3": "",
        "bulletsCount0": 0,
        "bulletsCount1": 0,
        "bulletsCount2": 0,
        "bulletsCount3": 0,
        "crewSkillK": 0.0,
        "applyAllMods": false,
        "props": {
          "army": 1,
          "count": 1,
          "formation_type": "rows",
          "formation_div": 2,
          "formation_step": [12.0,6.0],
          "formation_noise": [0.4,0.5],
          "uniqueName": "",
          "attack_type": "fire_at_will"
        },
        "way": []
      }
    },
    {
      "tankModels": {
        "name": "t1_truck_01_04",
        "tm": [
          [-0.976296,0.0,0.21644],
          [0.0,1.0,0.0],
          [-0.21644,0.0,-0.976296],
          [-3306.9,96.1158,-120916.0]
        ],
        "unit_class": "us_truck_us6_studebaker_tent",
        "objLayer": 1,
        "closed_waypoints": false,
        "isShipSpline": false,
        "shipTurnRadius": 100.0,
        "weapons": "",
        "bullets0": "",
        "bullets1": "",
        "bullets2": "",
        "bullets3": "",
        "bulletsCount0": 0,
        "bulletsCount1": 0,
        "bulletsCount2": 0,
        "bulletsCount3": 0,
        "crewSkillK": 0.0,
        "applyAllMods": false,
        "props": {
          "army": 1,
          "count": 1,
          "formation_type": "rows",
          "formation_div": 2,
          "formation_step": [12.0,6.0],
          "formation_noise": [0.4,0.5],
          "uniqueName": "",
          "attack_type": "fire_at_will"
        },
        "way": []
      }
    },
    {
      "tankModels": {
        "name": "t1_truck_01_05",
        "tm": [
          [-0.976296,0.0,0.21644],
          [0.0,1.0,0.0],
          [-0.21644,0.0,-0.976296],
          [-3184.3,96.1158,-120859.0]
        ],
        "unit_class": "us_truck_us6_studebaker_tent",
        "objLayer": 1,
        "closed_waypoints": false,
        "isShipSpline": false,
        "shipTurnRadius": 100.0,
        "weapons": "",
        "bullets0": "",
        "bullets1": "",
        "bullets2": "",
        "bullets3": "",
        "bulletsCount0": 0,
        "bulletsCount1": 0,
        "bulletsCount2": 0,
        "bulletsCount3": 0,
        "crewSkillK": 0.0,
        "applyAllMods": false,
        "props": {
          "army": 1,
          "count": 1,
          "formation_type": "rows",
          "formation_div": 2,
          "formation_step": [12.0,6.0],
          "formation_noise": [0.4,0.5],
          "uniqueName": "",
          "attack_type": "fire_at_will"
        },
        "way": []
      }
    },
    {
      "tankModels": {
        "name": "t1_truck_01_06",
        "tm": [
          [-0.976296,0.0,0.21644],
          [0.0,1.0,0.0],
          [-0.21644,0.0,-0.976296],
          [-3027.3,96.1158,-120824.0]
        ],
        "unit_class": "us_truck_us6_studebaker_tent",
        "objLayer": 1,
        "closed_waypoints": false,
        "isShipSpline": false,
        "shipTurnRadius": 100.0,
        "weapons": "",
        "bullets0": "",
        "bullets1": "",
        "bullets2": "",
        "bullets3": "",
        "bulletsCount0": 0,
        "bulletsCount1": 0,
        "bulletsCount2": 0,
        "bulletsCount3": 0,
        "crewSkillK": 0.0,
        "applyAllMods": false,
        "props": {
          "army": 1,
          "count": 1,
          "formation_type": "rows",
          "formation_div": 2,
          "formation_step": [12.0,6.0],
          "formation_noise": [0.4,0.5],
          "uniqueName": "",
          "attack_type": "fire_at_will"
        },
        "way": []
      }
    },
    {
      "tankModels": {
        "name": "t1_truck_01_07",
        "tm": [
          [-0.976296,0.0,0.21644],
          [0.0,1.0,0.0],
          [-0.21644,0.0,-0.976296],
          [-2908.7,96.1158,-120761.0]
        ],
        "unit_class": "us_truck_us6_studebaker_tent",
        "objLayer": 1,
        "closed_waypoints": false,
        "isShipSpline": false,
        "shipTurnRadius": 100.0,
        "weapons": "",
        "bullets0": "",
        "bullets1": "",
        "bullets2": "",
        "bullets3": "",
        "bulletsCount0": 0,
        "bulletsCount1": 0,
        "bulletsCount2": 0,
        "bulletsCount3": 0,
        "crewSkillK": 0.0,
        "applyAllMods": false,
        "props": {
          "army": 1,
          "count": 1,
          "formation_type": "rows",
          "formation_div": 2,
          "formation_step": [12.0,6.0],
          "formation_noise": [0.4,0.5],
          "uniqueName": "",
          "attack_type": "fire_at_will"
        },
        "way": []
      }
    },
    {
      "tankModels": {
        "name": "t1_truck_aaa_01_02",
        "tm": [
          [-0.953716,0.0,0.300705],
          [0.0,1.0,0.0],
          [-0.300705,0.0,-0.953716],
          [-2571.7,96.1153,-121868.0]
        ],
        "unit_class": "us_halftrack_m15",
        "objLayer": 1,
        "closed_waypoints": false,
        "isShipSpline": false,
        "shipTurnRadius": 100.0,
        "weapons": "",
        "bullets0": "",
        "bullets1": "",
        "bullets2": "",
        "bullets3": "",
        "bulletsCount0": 0,
        "bulletsCount1": 0,
        "bulletsCount2": 0,
        "bulletsCount3": 0,
        "crewSkillK": 0.0,
        "applyAllMods": false,
        "props": {
          "army": 1,
          "count": 1,
          "formation_type": "rows",
          "formation_div": 2,
          "formation_step": [12.0,6.0],
          "formation_noise": [0.4,0.5],
          "uniqueName": "",
          "attack_type": "fire_at_will"
        },
        "way": []
      }
    },
    {
      "tankModels": {
        "name": "t1_truck_aaa_01_03",
        "tm": [
          [-0.953716,0.0,0.300705],
          [0.0,1.0,0.0],
          [-0.300705,0.0,-0.953716],
          [-2439.4,96.1153,-121770.0]
        ],
        "unit_class": "us_halftrack_m15",
        "objLayer": 1,
        "closed_waypoints": false,
        "isShipSpline": false,
        "shipTurnRadius": 100.0,
        "weapons": "",
        "bullets0": "",
        "bullets1": "",
        "bullets2": "",
        "bullets3": "",
        "bulletsCount0": 0,
        "bulletsCount1": 0,
        "bulletsCount2": 0,
        "bulletsCount3": 0,
        "crewSkillK": 0.0,
        "applyAllMods": false,
        "props": {
          "army": 1,
          "count": 1,
          "formation_type": "rows",
          "formation_div": 2,
          "formation_step": [12.0,6.0],
          "formation_noise": [0.4,0.5],
          "uniqueName": "",
          "attack_type": "fire_at_will"
        },
        "way": []
      }
    },
    {
      "tankModels": {
        "name": "t1_tank_02_02",
        "tm": [
          [0.09027,0.0,0.995918],
          [0.0,1.0,0.0],
          [-0.995918,0.0,0.09027],
          [-26877.1,25.168,-121449.0]
        ],
        "unit_class": "us_m2a4",
        "objLayer": 1,
        "closed_waypoints": false,
        "isShipSpline": false,
        "shipTurnRadius": 100.0,
        "weapons": "",
        "bullets0": "",
        "bullets1": "",
        "bullets2": "",
        "bullets3": "",
        "bulletsCount0": 0,
        "bulletsCount1": 0,
        "bulletsCount2": 0,
        "bulletsCount3": 0,
        "crewSkillK": 0.0,
        "applyAllMods": false,
        "props": {
          "army": 1,
          "count": 1,
          "formation_type": "rows",
          "formation_div": 1,
          "formation_step": [12.0,6.0],
          "formation_noise": [0.4,0.5],
          "uniqueName": "",
          "attack_type": "fire_at_will"
        },
        "way": []
      }
    },
    {
      "tankModels": {
        "name": "t1_tank_02_03",
        "tm": [
          [0.09027,0.0,0.995918],
          [0.0,1.0,0.0],
          [-0.995918,0.0,0.09027],
          [-26810.4,25.168,-121449.0]
        ],
        "unit_class": "us_m2a4",
        "objLayer": 1,
        "closed_waypoints": false,
        "isShipSpline": false,
        "shipTurnRadius": 100.0,
        "weapons": "",
        "bullets0": "",
        "bullets1": "",
        "bullets2": "",
        "bullets3": "",
        "bulletsCount0": 0,
        "bulletsCount1": 0,
        "bulletsCount2": 0,
        "bulletsCount3": 0,
        "crewSkillK": 0.0,
        "applyAllMods": false,
        "props": {
          "army": 1,
          "count": 1,
          "formation_type": "rows",
          "formation_div": 1,
          "formation_step": [12.0,6.0],
          "formation_noise": [0.4,0.5],
          "uniqueName": "",
          "attack_type": "fire_at_will"
        },
        "way": []
      }
    },
    {
      "tankModels": {
        "name": "t1_tank_02_04",
        "tm": [
          [0.09027,0.0,0.995918],
          [0.0,1.0,0.0],
          [-0.995918,0.0,0.09027],
          [-26739.1,25.168,-121449.0]
        ],
        "unit_class": "us_m2a4",
        "objLayer": 1,
        "closed_waypoints": false,
        "isShipSpline": false,
        "shipTurnRadius": 100.0,
        "weapons": "",
        "bullets0": "",
        "bullets1": "",
        "bullets2": "",
        "bullets3": "",
        "bulletsCount0": 0,
        "bulletsCount1": 0,
        "bulletsCount2": 0,
        "bulletsCount3": 0,
        "crewSkillK": 0.0,
        "applyAllMods": false,
        "props": {
          "army": 1,
          "count": 1,
          "formation_type": "rows",
          "formation_div": 1,
          "formation_step": [12.0,6.0],
          "formation_noise": [0.4,0.5],
          "uniqueName": "",
          "attack_type": "fire_at_will"
        },
        "way": []
      }
    },
    {
      "tankModels": {
        "name": "t1_tank_02_05",
        "tm": [
          [0.09027,0.0,0.995918],
          [0.0,1.0,0.0],
          [-0.995918,0.0,0.09027],
          [-26684.9,25.168,-121449.0]
        ],
        "unit_class": "us_m2a4",
        "objLayer": 1,
        "closed_waypoints": false,
        "isShipSpline": false,
        "shipTurnRadius": 100.0,
        "weapons": "",
        "bullets0": "",
        "bullets1": "",
        "bullets2": "",
        "bullets3": "",
        "bulletsCount0": 0,
        "bulletsCount1": 0,
        "bulletsCount2": 0,
        "bulletsCount3": 0,
        "crewSkillK": 0.0,
        "applyAllMods": false,
        "props": {
          "army": 1,
          "count": 1,
          "formation_type": "rows",
          "formation_div": 1,
          "formation_step": [12.0,6.0],
          "formation_noise": [0.4,0.5],
          "uniqueName": "",
          "attack_type": "fire_at_will"
        },
        "way": []
      }
    },
    {
      "tankModels": {
        "name": "t1_truck_02_02",
        "tm": [
          [0.09027,0.0,0.995918],
          [0.0,1.0,0.0],
          [-0.995918,0.0,0.09027],
          [-26893.4,25.2676,-122201.0]
        ],
        "unit_class": "us_truck_us6_studebaker_tent",
        "objLayer": 1,
        "closed_waypoints": false,
        "isShipSpline": false,
        "shipTurnRadius": 100.0,
        "weapons": "",
        "bullets0": "",
        "bullets1": "",
        "bullets2": "",
        "bullets3": "",
        "bulletsCount0": 0,
        "bulletsCount1": 0,
        "bulletsCount2": 0,
        "bulletsCount3": 0,
        "crewSkillK": 0.0,
        "applyAllMods": false,
        "props": {
          "army": 1,
          "count": 1,
          "formation_type": "rows",
          "formation_div": 2,
          "formation_step": [12.0,6.0],
          "formation_noise": [0.4,0.5],
          "uniqueName": "",
          "attack_type": "fire_at_will"
        },
        "way": []
      }
    },
    {
      "tankModels": {
        "name": "t1_truck_02_03",
        "tm": [
          [0.09027,0.0,0.995918],
          [0.0,1.0,0.0],
          [-0.995918,0.0,0.09027],
          [-26803.6,25.2676,-122201.0]
        ],
        "unit_class": "us_truck_us6_studebaker_tent",
        "objLayer": 1,
        "closed_waypoints": false,
        "isShipSpline": false,
        "shipTurnRadius": 100.0,
        "weapons": "",
        "bullets0": "",
        "bullets1": "",
        "bullets2": "",
        "bullets3": "",
        "bulletsCount0": 0,
        "bulletsCount1": 0,
        "bulletsCount2": 0,
        "bulletsCount3": 0,
        "crewSkillK": 0.0,
        "applyAllMods": false,
        "props": {
          "army": 1,
          "count": 1,
          "formation_type": "rows",
          "formation_div": 2,
          "formation_step": [12.0,6.0],
          "formation_noise": [0.4,0.5],
          "uniqueName": "",
          "attack_type": "fire_at_will"
        },
        "way": []
      }
    },
    {
      "tankModels": {
        "name": "t1_truck_02_04",
        "tm": [
          [0.09027,0.0,0.995918],
          [0.0,1.0,0.0],
          [-0.995918,0.0,0.09027],
          [-26733.3,25.2676,-122201.0]
        ],
        "unit_class": "us_truck_us6_studebaker_tent",
        "objLayer": 1,
        "closed_waypoints": false,
        "isShipSpline": false,
        "shipTurnRadius": 100.0,
        "weapons": "",
        "bullets0": "",
        "bullets1": "",
        "bullets2": "",
        "bullets3": "",
        "bulletsCount0": 0,
        "bulletsCount1": 0,
        "bulletsCount2": 0,
        "bulletsCount3": 0,
        "crewSkillK": 0.0,
        "applyAllMods": false,
        "props": {
          "army": 1,
          "count": 1,
          "formation_type": "rows",
          "formation_div": 2,
          "formation_step": [12.0,6.0],
          "formation_noise": [0.4,0.5],
          "uniqueName": "",
          "attack_type": "fire_at_will"
        },
        "way": []
      }
    },
    {
      "tankModels": {
        "name": "t1_truck_02_05",
        "tm": [
          [0.09027,0.0,0.995918],
          [0.0,1.0,0.0],
          [-0.995918,0.0,0.09027],
          [-26658.6,25.2676,-122201.0]
        ],
        "unit_class": "us_truck_us6_studebaker_tent",
        "objLayer": 1,
        "closed_waypoints": false,
        "isShipSpline": false,
        "shipTurnRadius": 100.0,
        "weapons": "",
        "bullets0": "",
        "bullets1": "",
        "bullets2": "",
        "bullets3": "",
        "bulletsCount0": 0,
        "bulletsCount1": 0,
        "bulletsCount2": 0,
        "bulletsCount3": 0,
        "crewSkillK": 0.0,
        "applyAllMods": false,
        "props": {
          "army": 1,
          "count": 1,
          "formation_type": "rows",
          "formation_div": 2,
          "formation_step": [12.0,6.0],
          "formation_noise": [0.4,0.5],
          "uniqueName": "",
          "attack_type": "fire_at_will"
        },
        "way": []
      }
    },
    {
      "tankModels": {
        "name": "t1_truck_02_06",
        "tm": [
          [0.09027,0.0,0.995918],
          [0.0,1.0,0.0],
          [-0.995918,0.0,0.09027],
          [-26594.5,25.2676,-122201.0]
        ],
        "unit_class": "us_truck_us6_studebaker_tent",
        "objLayer": 1,
        "closed_waypoints": false,
        "isShipSpline": false,
        "shipTurnRadius": 100.0,
        "weapons": "",
        "bullets0": "",
        "bullets1": "",
        "bullets2": "",
        "bullets3": "",
        "bulletsCount0": 0,
        "bulletsCount1": 0,
        "bulletsCount2": 0,
        "bulletsCount3": 0,
        "crewSkillK": 0.0,
        "applyAllMods": false,
        "props": {
          "army": 1,
          "count": 1,
          "formation_type": "rows",
          "formation_div": 2,
          "formation_step": [12.0,6.0],
          "formation_noise": [0.4,0.5],
          "uniqueName": "",
          "attack_type": "fire_at_will"
        },
        "way": []
      }
    },
    {
      "tankModels": {
        "name": "t1_truck_02_07",
        "tm": [
          [0.09027,0.0,0.995918],
          [0.0,1.0,0.0],
          [-0.995918,0.0,0.09027],
          [-26525.6,25.2676,-122201.0]
        ],
        "unit_class": "us_truck_us6_studebaker_tent",
        "objLayer": 1,
        "closed_waypoints": false,
        "isShipSpline": false,
        "shipTurnRadius": 100.0,
        "weapons": "",
        "bullets0": "",
        "bullets1": "",
        "bullets2": "",
        "bullets3": "",
        "bulletsCount0": 0,
        "bulletsCount1": 0,
        "bulletsCount2": 0,
        "bulletsCount3": 0,
        "crewSkillK": 0.0,
        "applyAllMods": false,
        "props": {
          "army": 1,
          "count": 1,
          "formation_type": "rows",
          "formation_div": 2,
          "formation_step": [12.0,6.0],
          "formation_noise": [0.4,0.5],
          "uniqueName": "",
          "attack_type": "fire_at_will"
        },
        "way": []
      }
    },
    {
      "tankModels": {
        "name": "t1_truck_aaa_02_02",
        "tm": [
          [0.261838,0.0,0.965113],
          [0.0,1.0,0.0],
          [-0.965113,0.0,0.261838],
          [-26939.6,25.2676,-122865.0]
        ],
        "unit_class": "us_halftrack_m15",
        "objLayer": 1,
        "closed_waypoints": false,
        "isShipSpline": false,
        "shipTurnRadius": 100.0,
        "weapons": "",
        "bullets0": "",
        "bullets1": "",
        "bullets2": "",
        "bullets3": "",
        "bulletsCount0": 0,
        "bulletsCount1": 0,
        "bulletsCount2": 0,
        "bulletsCount3": 0,
        "crewSkillK": 0.0,
        "applyAllMods": false,
        "props": {
          "army": 1,
          "count": 1,
          "formation_type": "rows",
          "formation_div": 2,
          "formation_step": [12.0,6.0],
          "formation_noise": [0.4,0.5],
          "uniqueName": "",
          "attack_type": "fire_at_will"
        },
        "way": []
      }
    },
    {
      "tankModels": {
        "name": "t1_truck_aaa_02_03",
        "tm": [
          [0.261838,0.0,0.965113],
          [0.0,1.0,0.0],
          [-0.965113,0.0,0.261838],
          [-26840.5,25.2676,-122865.0]
        ],
        "unit_class": "us_halftrack_m15",
        "objLayer": 1,
        "closed_waypoints": false,
        "isShipSpline": false,
        "shipTurnRadius": 100.0,
        "weapons": "",
        "bullets0": "",
        "bullets1": "",
        "bullets2": "",
        "bullets3": "",
        "bulletsCount0": 0,
        "bulletsCount1": 0,
        "bulletsCount2": 0,
        "bulletsCount3": 0,
        "crewSkillK": 0.0,
        "applyAllMods": false,
        "props": {
          "army": 1,
          "count": 1,
          "formation_type": "rows",
          "formation_div": 2,
          "formation_step": [12.0,6.0],
          "formation_noise": [0.4,0.5],
          "uniqueName": "",
