{
  "selected_tag": "",
  "bin_dump_file": "",
  "mission_settings": {
    "player": {
      "army": 1,
      "wing": ""
    },
    "player_teamB": {
      "army": 2
    },
    "mission": {
      "level": "levels/avg_syria.bin",
      "type": "singleMission",
      "environment": "Day",
      "weather": "hazy",
      "restoreType": "attempts",
      "optionalTakeOff": false
    },
    "atmosphere": {
      "pressure": 760.0,
      "temperature": 30.0
    },
    "spectator_points": [],
    "briefing": {
      "place_loc": "",
      "date_loc": "",
      "objective_loc": "",
      "music": "action_01"
    }
  },
  "imports": {
    "import_record": {
      "file": "gameData/missions/templates/tank_templates/ai_base_defense_template.blk",
      "importAreas": true,
      "importUnits": true,
      "importTriggers": true,
      "importMissionObjectives": true,
      "importWayPoints": true,
      "showAreas": true,
      "showUnits": true,
      "showTriggers": true,
      "showMissionObjectives": true,
      "showWayPoints": true,
      "excludes": []
    }
  },
  "triggers": {
    "isCategory": true,
    "is_enabled": true
  },
  "mission_objectives": {
    "isCategory": true,
    "is_enabled": true
  },
  "variables": [],
  "dialogs": [],
  "airfields": [],
  "effects": [],
  "units": [
    {
      "objectGroups": {
        "name": "t1_trench01",
        "tm": [
          [-0.767428,0.0,-0.641136],
          [0.0,1.0,0.0],
          [0.641136,0.0,-0.767428],
          [1432.26,121.388,-390.623]
        ],
        "unit_class": "rendinst_fortification_sandbags_onground_a",
        "objLayer": 2,
        "props": {
          "army": 1,
          "active": true
        }
      }
    },
    {
      "objectGroups": {
        "name": "t1_trench02",
        "tm": [
          [-0.918392,-0.0159914,-0.395351],
          [0.00437862,0.998711,-0.0505683],
          [0.395649,-0.0481725,-0.917136],
          [1361.96,111.187,-538.773]
        ],
        "unit_class": "rendinst_fortification_sandbags_onground_a",
        "objLayer": 2,
        "props": {
          "army": 1,
          "active": true
        }
      }
    },
    {
      "objectGroups": {
        "name": "t1_trench03",
        "tm": [
          [-0.807271,0.0,0.59018],
          [0.0,1.0,0.0],
          [-0.59018,0.0,-0.807271],
          [1343.51,115.286,-674.473]
        ],
        "unit_class": "rendinst_fortification_sandbags_onground_a",
        "objLayer": 2,
        "props": {
          "army": 1,
          "active": true
        }
      }
    },
    {
      "objectGroups": {
        "name": "t1_trench04",
        "tm": [
          [-0.891245,0.0,0.453523],
          [0.0,1.0,0.0],
          [-0.453523,0.0,-0.891245],
          [1529.91,125.796,-838.373]
        ],
        "unit_class": "rendinst_fortification_sandbags_onground_a",
        "objLayer": 2,
        "props": {
          "army": 1,
          "active": true
        }
      }
    },
    {
      "objectGroups": {
        "name": "t1_trench05",
        "tm": [
          [-0.888053,0.0,0.459744],
          [0.0,1.0,0.0],
          [-0.459744,0.0,-0.888053],
          [1539.61,123.434,-823.373]
        ],
        "unit_class": "rendinst_fortification_sandbags_onground_a",
        "objLayer": 2,
        "props": {
          "army": 1,
          "active": true
        }
      }
    },
    {
      "objectGroups": {
        "name": "t1_trench06",
        "tm": [
          [-0.979153,0.0,-0.203123],
          [0.0,1.0,0.0],
          [0.203123,0.0,-0.979153],
          [1584.86,122.713,-419.773]
        ],
        "unit_class": "rendinst_fortification_sandbags_onground_a",
        "objLayer": 2,
        "props": {
          "army": 1,
          "active": true
        }
      }
    },
    {
      "objectGroups": {
        "name": "t1_trench07",
        "tm": [
          [-0.999852,0.0,-0.0171481],
          [0.0,1.0,0.0],
          [0.0171481,0.0,-0.999852],
          [1580.46,123.011,-396.423]
        ],
        "unit_class": "rendinst_fortification_sandbags_onground_a",
        "objLayer": 2,
        "props": {
          "army": 1,
          "active": true
        }
      }
    },
    {
      "objectGroups": {
        "name": "t1_trench08",
        "tm": [
          [-0.973511,0.0,-0.228634],
          [0.0,1.0,0.0],
          [0.228634,0.0,-0.973511],
          [1606.76,124.177,-457.623]
        ],
        "unit_class": "rendinst_fortification_sandbags_onground_a",
        "objLayer": 2,
        "props": {
          "army": 1,
          "active": true
        }
      }
    },
    {
      "objectGroups": {
        "name": "t1_trench09",
        "tm": [
          [-0.922365,0.0,-0.386321],
          [0.0,1.0,0.0],
          [0.386321,0.0,-0.922365],
          [1598.61,123.977,-441.323]
        ],
        "unit_class": "rendinst_fortification_sandbags_onground_a",
        "objLayer": 2,
        "props": {
          "army": 1,
          "active": true
        }
      }
    },
    {
      "objectGroups": {
        "name": "t1_trench10",
        "tm": [
          [-0.905567,0.0,0.424209],
          [0.0,1.0,0.0],
          [-0.424209,0.0,-0.905567],
          [1579.96,124.605,-725.573]
        ],
        "unit_class": "rendinst_fortification_sandbags_onground_a",
        "objLayer": 2,
        "props": {
          "army": 1,
          "active": true
        }
      }
    },
    {
      "objectGroups": {
        "name": "t1_trench11",
        "tm": [
          [-0.87535,0.0,0.483488],
          [0.0,1.0,0.0],
          [-0.483488,0.0,-0.87535],
          [1587.94,125.737,-709.01]
        ],
        "unit_class": "rendinst_fortification_sandbags_onground_a",
        "objLayer": 2,
        "props": {
          "army": 1,
          "active": true
        }
      }
    },
    {
      "objectGroups": {
        "name": "t1_trench12",
        "tm": [
          [-0.99665,0.0,-0.0817977],
          [0.0,1.0,0.0],
          [0.0817977,0.0,-0.99665],
          [1532.96,118.093,-576.273]
        ],
        "unit_class": "rendinst_fortification_sandbags_onground_a",
        "objLayer": 2,
        "props": {
          "army": 1,
          "active": true
        }
      }
    },
    {
      "objectGroups": {
        "name": "t1_trench13",
        "tm": [
          [-0.916389,0.0,0.400286],
          [0.0,1.0,0.0],
          [-0.400286,0.0,-0.916389],
          [1533.61,118.672,-524.173]
        ],
        "unit_class": "rendinst_fortification_sandbags_onground_a",
        "objLayer": 2,
        "props": {
          "army": 1,
          "active": true
        }
      }
    },
    {
      "tankModels": {
        "name": "t1_antiTankGun01",
        "tm": [
          [-0.908033,0.0,-0.418899],
          [0.0,1.0,0.0],
          [0.418899,0.0,-0.908033],
          [1312.45,128.306,-742.4]
        ],
        "unit_class": "germ_at_gun_pak40",
        "objLayer": 1,
        "closed_waypoints": false,
        "isShipSpline": false,
        "shipTurnRadius": 100.0,
        "weapons": "",
        "bullets0": "",
        "bullets1": "",
        "bullets2": "",
        "bullets3": "",
        "bulletsCount0": 0,
        "bulletsCount1": 0,
        "bulletsCount2": 0,
        "bulletsCount3": 0,
        "props": {
          "army": 1,
          "count": 1,
          "formation_type": "rows",
          "formation_div": 3,
          "formation_step": [2.5,2.0],
          "formation_noise": [0.1,0.1],
          "uniqueName": "",
          "attack_type": "fire_at_will",
          "unitReplacementType": "antiTankGun"
        },
        "way": []
      }
    },
    {
      "tankModels": {
        "name": "t1_antiTankGun02",
        "tm": [
          [-0.759192,0.0,-0.650866],
          [0.0,1.0,0.0],
          [0.650866,0.0,-0.759192],
          [1433.31,121.454,-389.765]
        ],
        "unit_class": "germ_at_gun_pak40",
        "objLayer": 1,
        "closed_waypoints": false,
        "isShipSpline": false,
        "shipTurnRadius": 100.0,
        "weapons": "",
        "bullets0": "",
        "bullets1": "",
        "bullets2": "",
        "bullets3": "",
        "bulletsCount0": 0,
        "bulletsCount1": 0,
        "bulletsCount2": 0,
        "bulletsCount3": 0,
        "props": {
          "army": 1,
          "count": 1,
          "formation_type": "rows",
          "formation_div": 3,
          "formation_step": [2.5,2.0],
          "formation_noise": [0.1,0.1],
          "uniqueName": "",
          "attack_type": "fire_at_will",
          "unitReplacementType": "antiTankGun"
        },
        "way": []
      }
    },
    {
      "tankModels": {
        "name": "t1_antiTankGun03",
        "tm": [
          [-0.923254,0.0,-0.384186],
          [0.0,1.0,0.0],
          [0.384186,0.0,-0.923254],
          [1363.72,111.209,-537.962]
        ],
        "unit_class": "germ_at_gun_pak40",
        "objLayer": 1,
        "closed_waypoints": false,
        "isShipSpline": false,
        "shipTurnRadius": 100.0,
        "weapons": "",
        "bullets0": "",
        "bullets1": "",
        "bullets2": "",
        "bullets3": "",
        "bulletsCount0": 0,
        "bulletsCount1": 0,
        "bulletsCount2": 0,
        "bulletsCount3": 0,
        "props": {
          "army": 1,
          "count": 1,
          "formation_type": "rows",
          "formation_div": 3,
          "formation_step": [2.5,2.0],
          "formation_noise": [0.1,0.1],
          "uniqueName": "",
          "attack_type": "fire_at_will",
          "unitReplacementType": "antiTankGun"
        },
        "way": []
      }
    },
    {
      "tankModels": {
        "name": "t1_antiTankGun04",
        "tm": [
          [-0.819727,0.0,0.572754],
          [0.0,1.0,0.0],
          [-0.572754,0.0,-0.819727],
          [1344.72,115.347,-675.435]
        ],
        "unit_class": "germ_at_gun_pak40",
        "objLayer": 1,
        "closed_waypoints": false,
        "isShipSpline": false,
        "shipTurnRadius": 100.0,
        "weapons": "",
        "bullets0": "",
        "bullets1": "",
        "bullets2": "",
        "bullets3": "",
        "bulletsCount0": 0,
        "bulletsCount1": 0,
        "bulletsCount2": 0,
        "bulletsCount3": 0,
        "props": {
          "army": 1,
          "count": 1,
          "formation_type": "rows",
          "formation_div": 3,
          "formation_step": [2.5,2.0],
          "formation_noise": [0.1,0.1],
          "uniqueName": "",
          "attack_type": "fire_at_will",
          "unitReplacementType": "antiTankGun"
        },
        "way": []
      }
    },
    {
      "tankModels": {
        "name": "t1_antiTankGun05",
        "tm": [
          [-0.981249,0.0,0.192738],
          [0.0,1.0,0.0],
          [-0.192738,0.0,-0.981249],
          [1524.82,129.511,-855.623]
        ],
        "unit_class": "germ_at_gun_pak40",
        "objLayer": 1,
        "closed_waypoints": false,
        "isShipSpline": false,
        "shipTurnRadius": 100.0,
        "weapons": "",
        "bullets0": "",
        "bullets1": "",
        "bullets2": "",
        "bullets3": "",
        "bulletsCount0": 0,
        "bulletsCount1": 0,
        "bulletsCount2": 0,
        "bulletsCount3": 0,
        "props": {
          "army": 1,
          "count": 1,
          "formation_type": "rows",
          "formation_div": 3,
          "formation_step": [2.5,2.0],
          "formation_noise": [0.1,0.1],
          "uniqueName": "",
          "attack_type": "fire_at_will",
          "unitReplacementType": "antiTankGun"
        },
        "way": []
      }
    },
    {
      "tankModels": {
        "name": "t1_antiTankGun06",
        "tm": [
          [-0.887282,0.0,0.461224],
          [0.0,1.0,0.0],
          [-0.461224,0.0,-0.887282],
          [1531.31,126.061,-839.028]
        ],
        "unit_class": "germ_at_gun_pak40",
        "objLayer": 1,
        "closed_waypoints": false,
        "isShipSpline": false,
        "shipTurnRadius": 100.0,
        "weapons": "",
        "bullets0": "",
        "bullets1": "",
        "bullets2": "",
        "bullets3": "",
        "bulletsCount0": 0,
        "bulletsCount1": 0,
        "bulletsCount2": 0,
        "bulletsCount3": 0,
        "props": {
          "army": 1,
          "count": 1,
          "formation_type": "rows",
          "formation_div": 3,
          "formation_step": [2.5,2.0],
          "formation_noise": [0.1,0.1],
          "uniqueName": "",
          "attack_type": "fire_at_will",
          "unitReplacementType": "antiTankGun"
        },
        "way": []
      }
    },
    {
      "tankModels": {
        "name": "t1_antiTankGun07",
        "tm": [
          [-0.909245,0.0,0.416261],
          [0.0,1.0,0.0],
          [-0.416261,0.0,-0.909245],
          [1540.9,123.555,-824.036]
        ],
        "unit_class": "germ_at_gun_pak40",
        "objLayer": 1,
        "closed_waypoints": false,
        "isShipSpline": false,
        "shipTurnRadius": 100.0,
        "weapons": "",
        "bullets0": "",
        "bullets1": "",
        "bullets2": "",
        "bullets3": "",
        "bulletsCount0": 0,
        "bulletsCount1": 0,
        "bulletsCount2": 0,
        "bulletsCount3": 0,
        "props": {
          "army": 1,
          "count": 1,
          "formation_type": "rows",
          "formation_div": 3,
          "formation_step": [2.5,2.0],
          "formation_noise": [0.1,0.1],
          "uniqueName": "",
          "attack_type": "fire_at_will",
          "unitReplacementType": "antiTankGun"
        },
        "way": []
      }
    },
    {
      "tankModels": {
        "name": "t1_antiTankGun08",
        "tm": [
          [-0.98706,0.0,-0.160346],
          [0.0,1.0,0.0],
          [0.160346,0.0,-0.98706],
          [1586.25,122.904,-419.793]
        ],
        "unit_class": "germ_at_gun_pak40",
        "objLayer": 1,
        "closed_waypoints": false,
        "isShipSpline": false,
        "shipTurnRadius": 100.0,
        "weapons": "",
        "bullets0": "",
        "bullets1": "",
        "bullets2": "",
        "bullets3": "",
        "bulletsCount0": 0,
        "bulletsCount1": 0,
        "bulletsCount2": 0,
        "bulletsCount3": 0,
        "props": {
          "army": 1,
          "count": 1,
          "formation_type": "rows",
          "formation_div": 3,
          "formation_step": [2.5,2.0],
          "formation_noise": [0.1,0.1],
          "uniqueName": "",
          "attack_type": "fire_at_will",
          "unitReplacementType": "antiTankGun"
        },
        "way": []
      }
    },
    {
      "tankModels": {
        "name": "t1_antiTankGun09",
        "tm": [
          [-0.996625,0.0,-0.0821064],
          [0.0,1.0,0.0],
          [0.0821064,0.0,-0.996625],
          [1581.78,123.133,-396.191]
        ],
        "unit_class": "germ_at_gun_pak40",
        "objLayer": 1,
        "closed_waypoints": false,
        "isShipSpline": false,
        "shipTurnRadius": 100.0,
        "weapons": "",
        "bullets0": "",
        "bullets1": "",
        "bullets2": "",
        "bullets3": "",
        "bulletsCount0": 0,
        "bulletsCount1": 0,
        "bulletsCount2": 0,
        "bulletsCount3": 0,
        "props": {
          "army": 1,
          "count": 1,
          "formation_type": "rows",
          "formation_div": 3,
          "formation_step": [2.5,2.0],
          "formation_noise": [0.1,0.1],
          "uniqueName": "",
          "attack_type": "fire_at_will",
          "unitReplacementType": "antiTankGun"
        },
        "way": []
      }
    },
    {
      "tankModels": {
        "name": "t1_antiTankGun10",
        "tm": [
          [-0.990524,0.0,-0.137338],
          [0.0,1.0,0.0],
          [0.137338,0.0,-0.990524],
          [1608.03,124.253,-457.79]
        ],
        "unit_class": "germ_at_gun_pak40",
        "objLayer": 1,
        "closed_waypoints": false,
        "isShipSpline": false,
        "shipTurnRadius": 100.0,
        "weapons": "",
        "bullets0": "",
        "bullets1": "",
        "bullets2": "",
        "bullets3": "",
        "bulletsCount0": 0,
        "bulletsCount1": 0,
        "bulletsCount2": 0,
        "bulletsCount3": 0,
        "props": {
          "army": 1,
          "count": 1,
          "formation_type": "rows",
          "formation_div": 3,
          "formation_step": [2.5,2.0],
          "formation_noise": [0.1,0.1],
          "uniqueName": "",
          "attack_type": "fire_at_will",
          "unitReplacementType": "antiTankGun"
        },
        "way": []
      }
    },
    {
      "tankModels": {
        "name": "t1_antiTankGun11",
        "tm": [
          [-0.931932,0.0,-0.36263],
          [0.0,1.0,0.0],
          [0.36263,0.0,-0.931932],
          [1599.69,124.051,-440.93]
        ],
        "unit_class": "germ_at_gun_pak40",
        "objLayer": 1,
        "closed_waypoints": false,
        "isShipSpline": false,
        "shipTurnRadius": 100.0,
        "weapons": "",
        "bullets0": "",
        "bullets1": "",
        "bullets2": "",
        "bullets3": "",
        "bulletsCount0": 0,
        "bulletsCount1": 0,
        "bulletsCount2": 0,
        "bulletsCount3": 0,
        "props": {
          "army": 1,
          "count": 1,
          "formation_type": "rows",
          "formation_div": 3,
          "formation_step": [2.5,2.0],
          "formation_noise": [0.1,0.1],
          "uniqueName": "",
          "attack_type": "fire_at_will",
          "unitReplacementType": "antiTankGun"
        },
        "way": []
      }
    },
    {
      "tankModels": {
        "name": "t1_antiTankGun12",
        "tm": [
          [-0.932654,0.0,0.360773],
          [0.0,1.0,0.0],
          [-0.360773,0.0,-0.932654],
          [1581.42,124.623,-726.137]
        ],
        "unit_class": "germ_at_gun_pak40",
        "objLayer": 1,
        "closed_waypoints": false,
        "isShipSpline": false,
        "shipTurnRadius": 100.0,
        "weapons": "",
        "bullets0": "",
        "bullets1": "",
        "bullets2": "",
        "bullets3": "",
        "bulletsCount0": 0,
        "bulletsCount1": 0,
        "bulletsCount2": 0,
        "bulletsCount3": 0,
        "props": {
          "army": 1,
          "count": 1,
          "formation_type": "rows",
          "formation_div": 3,
          "formation_step": [2.5,2.0],
          "formation_noise": [0.1,0.1],
          "uniqueName": "",
          "attack_type": "fire_at_will",
          "unitReplacementType": "antiTankGun"
        },
        "way": []
      }
    },
    {
      "tankModels": {
        "name": "t1_antiTankGun13",
        "tm": [
          [-0.876663,0.0,0.481102],
          [0.0,1.0,0.0],
          [-0.481102,0.0,-0.876663],
          [1572.61,123.944,-743.523]
        ],
        "unit_class": "germ_at_gun_pak40",
        "objLayer": 1,
        "closed_waypoints": false,
        "isShipSpline": false,
        "shipTurnRadius": 100.0,
        "weapons": "",
        "bullets0": "",
        "bullets1": "",
        "bullets2": "",
        "bullets3": "",
        "bulletsCount0": 0,
        "bulletsCount1": 0,
        "bulletsCount2": 0,
        "bulletsCount3": 0,
        "props": {
          "army": 1,
          "count": 1,
          "formation_type": "rows",
          "formation_div": 3,
          "formation_step": [2.5,2.0],
          "formation_noise": [0.1,0.1],
          "uniqueName": "",
          "attack_type": "fire_at_will",
          "unitReplacementType": "antiTankGun"
        },
        "way": []
      }
    },
    {
      "tankModels": {
        "name": "t1_antiTankGun14",
        "tm": [
          [-0.902355,0.0,0.430992],
          [0.0,1.0,0.0],
          [-0.430992,0.0,-0.902355],
          [1589.41,125.63,-709.581]
        ],
        "unit_class": "germ_at_gun_pak40",
        "objLayer": 1,
        "closed_waypoints": false,
        "isShipSpline": false,
        "shipTurnRadius": 100.0,
        "weapons": "",
        "bullets0": "",
        "bullets1": "",
        "bullets2": "",
        "bullets3": "",
        "bulletsCount0": 0,
        "bulletsCount1": 0,
        "bulletsCount2": 0,
        "bulletsCount3": 0,
        "props": {
          "army": 1,
          "count": 1,
          "formation_type": "rows",
          "formation_div": 3,
          "formation_step": [2.5,2.0],
          "formation_noise": [0.1,0.1],
          "uniqueName": "",
          "attack_type": "fire_at_will",
          "unitReplacementType": "antiTankGun"
        },
        "way": []
      }
    },
    {
      "tankModels": {
        "name": "t1_antiTankGun15",
        "tm": [
          [-0.97106,0.0,0.238828],
          [0.0,1.0,0.0],
          [-0.238828,0.0,-0.97106],
          [1350.97,122.48,-892.086]
        ],
        "unit_class": "germ_at_gun_pak40",
        "objLayer": 1,
        "closed_waypoints": false,
        "isShipSpline": false,
        "shipTurnRadius": 100.0,
        "weapons": "",
        "bullets0": "",
        "bullets1": "",
        "bullets2": "",
        "bullets3": "",
        "bulletsCount0": 0,
        "bulletsCount1": 0,
        "bulletsCount2": 0,
        "bulletsCount3": 0,
        "props": {
          "army": 1,
          "count": 1,
          "formation_type": "rows",
          "formation_div": 3,
          "formation_step": [2.5,2.0],
          "formation_noise": [0.1,0.1],
          "uniqueName": "",
          "attack_type": "fire_at_will",
          "unitReplacementType": "antiTankGun"
        },
        "way": []
      }
    },
    {
      "tankModels": {
        "name": "t1_antiTankGun16",
        "tm": [
          [-0.967453,0.0,0.253051],
          [0.0,1.0,0.0],
          [-0.253051,0.0,-0.967453],
          [1532.91,117.686,-549.823]
        ],
        "unit_class": "germ_at_gun_pak40",
        "objLayer": 1,
        "closed_waypoints": false,
        "isShipSpline": false,
        "shipTurnRadius": 100.0,
        "weapons": "",
        "bullets0": "",
        "bullets1": "",
        "bullets2": "",
        "bullets3": "",
        "bulletsCount0": 0,
        "bulletsCount1": 0,
        "bulletsCount2": 0,
        "bulletsCount3": 0,
        "props": {
          "army": 1,
          "count": 1,
          "formation_type": "rows",
          "formation_div": 3,
          "formation_step": [2.5,2.0],
          "formation_noise": [0.1,0.1],
          "uniqueName": "",
          "attack_type": "fire_at_will",
          "unitReplacementType": "antiTankGun"
        },
        "way": []
      }
    },
    {
      "squad": {
        "name": "t1_zoneDef_sq",
        "tm": [
          [-0.918371,0.0,0.395721],
          [0.0,1.0,0.0],
          [-0.395721,0.0,-0.918371],
          [1017.76,116.232,44.977]
        ],
        "props": [
          {
            "object_marking": 0
          },
          {
            "squad_members": "t1_antiTankGun01"
          },
          {
            "squad_members": "t1_antiTankGun02"
          },
          {
            "squad_members": "t1_antiTankGun03"
          },
          {
            "squad_members": "t1_antiTankGun04"
          },
          {
            "squad_members": "t1_antiTankGun05"
          },
          {
            "squad_members": "t1_antiTankGun06"
          },
          {
            "squad_members": "t1_antiTankGun07"
          },
          {
            "squad_members": "t1_antiTankGun08"
          },
          {
            "squad_members": "t1_antiTankGun09"
          },
          {
            "squad_members": "t1_antiTankGun10"
          },
          {
            "squad_members": "t1_antiTankGun11"
          },
          {
            "squad_members": "t1_antiTankGun12"
          },
          {
            "squad_members": "t1_antiTankGun13"
          },
          {
            "squad_members": "t1_antiTankGun14"
          },
          {
            "squad_members": "t1_antiTankGun15"
          },
          {
            "squad_members": "t1_antiTankGun16"
          },
          {
            "squad_members": "t1_antiTankGun17"
          },
          {
            "squad_members": "t1_antiTankGun18"
          },
          {
            "squad_members": "t1_antiTankGun19"
          },
          {
            "squad_members": "t1_antiTankGun20"
          }
        ]
      }
    },
    {
      "squad": {
        "name": "t1_trench_sq",
        "tm": [
          [-0.918371,0.0,0.395721],
          [0.0,1.0,0.0],
          [-0.395721,0.0,-0.918371],
          [977.23,116.121,44.217]
        ],
        "props": [
          {
            "object_marking": 0
          },
          {
            "squad_members": "t1_trench01"
          },
          {
            "squad_members": "t1_trench02"
          },
          {
            "squad_members": "t1_trench03"
          },
          {
            "squad_members": "t1_trench04"
          },
          {
            "squad_members": "t1_trench05"
          },
          {
            "squad_members": "t1_trench06"
          },
          {
            "squad_members": "t1_trench07"
          },
          {
            "squad_members": "t1_trench08"
          },
          {
            "squad_members": "t1_trench09"
          },
          {
            "squad_members": "t1_trench10"
          },
          {
            "squad_members": "t1_trench11"
          },
          {
            "squad_members": "t1_trench12"
          },
          {
            "squad_members": "t1_trench13"
          },
          {
            "squad_members": "t1_trench14"
          },
          {
            "squad_members": "t1_trench15"
          },
          {
            "squad_members": "t1_trench16"
          },
          {
            "squad_members": "t1_trench17"
          },
          {
            "squad_members": "t1_trench18"
          },
          {
            "squad_members": "t1_trench19"
          },
          {
            "squad_members": "t1_trench20"
          }
        ]
      }
    },
    {
      "objectGroups": {
        "name": "t2_trench01",
        "tm": [
          [0.975487,0.0,-0.220051],
          [0.0,1.0,0.0],
          [0.22005,0.0,0.975488],
          [142.91,121.5,-588.773]
        ],
        "unit_class": "rendinst_fortification_sandbags_onground_a",
        "objLayer": 2,
        "props": {
          "army": 2,
          "active": true
        }
      }
    },
    {
      "objectGroups": {
        "name": "t2_trench02",
        "tm": [
          [0.947159,0.0,-0.320766],
          [0.0,1.0,0.0],
          [0.320766,0.0,0.947159],
          [164.982,117.114,-487.387]
        ],
        "unit_class": "rendinst_fortification_sandbags_onground_a",
        "objLayer": 2,
        "props": {
          "army": 2,
          "active": true
        }
      }
    },
    {
      "objectGroups": {
        "name": "t2_trench03",
        "tm": [
          [0.791346,0.0,0.611369],
          [0.0,1.0,0.0],
          [-0.611369,0.0,0.791346],
          [304.71,121.236,-977.723]
        ],
        "unit_class": "rendinst_fortification_sandbags_onground_a",
        "objLayer": 2,
        "props": {
          "army": 2,
          "active": true
        }
      }
    },
    {
      "objectGroups": {
        "name": "t2_trench04",
        "tm": [
          [0.962627,0.0,-0.270833],
          [0.0,1.0,0.0],
          [0.270833,0.0,0.962627],
          [149.802,122.348,-550.596]
        ],
        "unit_class": "rendinst_fortification_sandbags_onground_a",
        "objLayer": 2,
        "props": {
          "army": 2,
          "active": true
        }
      }
    },
    {
      "objectGroups": {
        "name": "t2_trench05",
        "tm": [
          [0.999847,0.0,0.0175219],
          [0.0,1.0,0.0],
          [-0.0175219,0.0,0.999847],
          [326.991,122.484,-1000.19]
        ],
        "unit_class": "rendinst_fortification_sandbags_onground_a",
        "objLayer": 2,
        "props": {
          "army": 2,
          "active": true
        }
      }
    },
    {
      "objectGroups": {
        "name": "t2_trench06",
        "tm": [
          [0.861772,0.0,0.507296],
          [0.0,1.0,0.0],
          [-0.507296,0.0,0.861772],
          [169.207,119.436,-826.691]
        ],
        "unit_class": "rendinst_fortification_sandbags_onground_a",
        "objLayer": 2,
        "props": {
          "army": 2,
          "active": true
        }
      }
    },
    {
      "objectGroups": {
        "name": "t2_trench07",
        "tm": [
          [0.841009,0.0,-0.541018],
          [0.0,1.0,0.0],
          [0.541018,0.0,0.841009],
          [211.81,117.395,-329.073]
        ],
        "unit_class": "rendinst_fortification_sandbags_onground_a",
        "objLayer": 2,
        "props": {
          "army": 2,
          "active": true
        }
      }
    },
    {
      "objectGroups": {
        "name": "t2_trench08",
        "tm": [
          [0.769109,0.0,-0.639117],
          [0.0,1.0,0.0],
          [0.639117,0.0,0.769109],
          [183.775,117.708,-356.335]
        ],
        "unit_class": "rendinst_fortification_sandbags_onground_a",
        "objLayer": 2,
        "props": {
          "army": 2,
          "active": true
        }
      }
    },
    {
      "objectGroups": {
        "name": "t2_trench09",
        "tm": [
          [0.98968,0.0,0.143297],
          [0.0,1.0,0.0],
          [-0.143297,0.0,0.98968],
          [222.651,119.717,-296.278]
        ],
        "unit_class": "rendinst_fortification_sandbags_onground_a",
        "objLayer": 2,
        "props": {
          "army": 2,
          "active": true
        }
      }
    },
    {
      "objectGroups": {
        "name": "t2_trench10",
        "tm": [
          [0.958193,0.0,-0.286121],
          [0.0,1.0,0.0],
          [0.286121,0.0,0.958193],
          [311.61,116.554,-573.073]
        ],
        "unit_class": "rendinst_fortification_sandbags_onground_a",
        "objLayer": 2,
        "props": {
          "army": 2,
          "active": true
        }
      }
    },
    {
      "objectGroups": {
        "name": "t2_trench11",
        "tm": [
          [0.701692,0.0,0.712482],
          [0.0,1.0,0.0],
          [-0.712482,0.0,0.701692],
          [185.857,120.472,-853.141]
        ],
        "unit_class": "rendinst_fortification_sandbags_onground_a",
        "objLayer": 2,
        "props": {
          "army": 2,
          "active": true
        }
      }
    },
    {
      "objectGroups": {
        "name": "t2_trench12",
        "tm": [
          [1.0,0.0,0.00117251],
          [0.0,1.0,0.0],
          [-0.00117251,0.0,1.0],
          [163.325,119.881,-711.195]
        ],
        "unit_class": "rendinst_fortification_sandbags_onground_a",
        "objLayer": 2,
        "props": {
          "army": 2,
          "active": true
        }
      }
    },
    {
      "objectGroups": {
        "name": "t2_trench13",
        "tm": [
          [0.999946,0.0,0.0102299],
          [0.0,1.0,0.0],
          [-0.0102287,0.0,0.99995],
          [167.932,118.442,-757.671]
        ],
        "unit_class": "rendinst_fortification_sandbags_onground_a",
        "objLayer": 2,
        "props": {
          "army": 2,
          "active": true
        }
      }
    },
    {
      "squad": {
        "name": "t2_trench_sq",
        "tm": [
          [0.16174,0.0,0.986834],
          [0.0,1.0,0.0],
          [-0.986834,0.0,0.16174],
          [527.05,119.254,59.85]
        ],
        "props": [
          {
            "object_marking": 0
          },
          {
            "squad_members": "t2_trench01"
          },
          {
            "squad_members": "t2_trench02"
          },
          {
            "squad_members": "t2_trench03"
          },
          {
            "squad_members": "t2_trench04"
          },
          {
            "squad_members": "t2_trench05"
          },
          {
            "squad_members": "t2_trench06"
          },
          {
            "squad_members": "t2_trench07"
          },
          {
            "squad_members": "t2_trench08"
          },
          {
            "squad_members": "t2_trench09"
          },
          {
            "squad_members": "t2_trench10"
          },
          {
            "squad_members": "t2_trench11"
          },
          {
            "squad_members": "t2_trench12"
          },
          {
            "squad_members": "t2_trench13"
          },
          {
            "squad_members": "t2_trench14"
          },
          {
            "squad_members": "t2_trench15"
          },
          {
            "squad_members": "t2_trench16"
          },
          {
            "squad_members": "t2_trench17"
          },
          {
            "squad_members": "t2_trench18"
          },
          {
            "squad_members": "t2_trench19"
          },
          {
            "squad_members": "t2_trench20"
          }
        ]
      }
    },
    {
      "tankModels": {
        "name": "t2_antiTankGun01",
        "tm": [
          [0.960939,0.0,-0.276758],
          [0.0,1.0,0.0],
          [0.276758,0.0,0.960939],
          [158.856,118.012,-514.771]
        ],
        "unit_class": "germ_at_gun_pak40",
        "objLayer": 1,
        "closed_waypoints": false,
        "isShipSpline": false,
        "shipTurnRadius": 100.0,
        "weapons": "",
        "bullets0": "",
        "bullets1": "",
        "bullets2": "",
        "bullets3": "",
        "bulletsCount0": 0,
        "bulletsCount1": 0,
        "bulletsCount2": 0,
        "bulletsCount3": 0,
        "props": {
          "army": 2,
          "count": 1,
          "formation_type": "rows",
          "formation_div": 3,
          "formation_step": [2.5,2.0],
          "formation_noise": [0.1,0.1],
          "uniqueName": "",
          "attack_type": "fire_at_will",
          "unitReplacementType": "antiTankGun"
        },
        "way": []
      }
    },
    {
      "tankModels": {
        "name": "t2_antiTankGun02",
        "tm": [
          [0.973542,0.0,-0.228503],
          [0.0,1.0,0.0],
          [0.228503,0.0,0.973542],
          [141.341,121.571,-588.203]
        ],
        "unit_class": "germ_at_gun_pak40",
        "objLayer": 1,
        "closed_waypoints": false,
        "isShipSpline": false,
        "shipTurnRadius": 100.0,
        "weapons": "",
        "bullets0": "",
        "bullets1": "",
        "bullets2": "",
        "bullets3": "",
        "bulletsCount0": 0,
        "bulletsCount1": 0,
        "bulletsCount2": 0,
        "bulletsCount3": 0,
        "props": {
          "army": 2,
          "count": 1,
          "formation_type": "rows",
          "formation_div": 3,
          "formation_step": [2.5,2.0],
          "formation_noise": [0.1,0.1],
          "uniqueName": "",
          "attack_type": "fire_at_will",
          "unitReplacementType": "antiTankGun"
        },
        "way": []
      }
    },
    {
      "tankModels": {
        "name": "t2_antiTankGun03",
        "tm": [
          [0.957757,0.0,-0.287579],
          [0.0,1.0,0.0],
          [0.287579,0.0,0.957757],
          [163.581,117.13,-486.769]
        ],
        "unit_class": "germ_at_gun_pak40",
        "objLayer": 1,
        "closed_waypoints": false,
        "isShipSpline": false,
        "shipTurnRadius": 100.0,
        "weapons": "",
        "bullets0": "",
        "bullets1": "",
        "bullets2": "",
        "bullets3": "",
        "bulletsCount0": 0,
        "bulletsCount1": 0,
        "bulletsCount2": 0,
        "bulletsCount3": 0,
        "props": {
          "army": 2,
          "count": 1,
          "formation_type": "rows",
          "formation_div": 3,
          "formation_step": [2.5,2.0],
          "formation_noise": [0.1,0.1],
          "uniqueName": "",
          "attack_type": "fire_at_will",
          "unitReplacementType": "antiTankGun"
        },
        "way": []
      }
    },
    {
      "tankModels": {
        "name": "t2_antiTankGun04",
        "tm": [
          [0.799499,0.0,0.600666],
          [0.0,1.0,0.0],
          [-0.600666,0.0,0.799499],
          [303.153,121.447,-978.8]
        ],
        "unit_class": "germ_at_gun_pak40",
        "objLayer": 1,
        "closed_waypoints": false,
        "isShipSpline": false,
        "shipTurnRadius": 100.0,
        "weapons": "",
        "bullets0": "",
        "bullets1": "",
        "bullets2": "",
        "bullets3": "",
        "bulletsCount0": 0,
        "bulletsCount1": 0,
        "bulletsCount2": 0,
        "bulletsCount3": 0,
        "props": {
          "army": 2,
          "count": 1,
          "formation_type": "rows",
          "formation_div": 3,
          "formation_step": [2.5,2.0],
          "formation_noise": [0.1,0.1],
          "uniqueName": "",
          "attack_type": "fire_at_will",
          "unitReplacementType": "antiTankGun"
        },
        "way": []
      }
    },
    {
      "tankModels": {
        "name": "t2_antiTankGun05",
        "tm": [
          [0.979048,0.0,-0.203631],
          [0.0,1.0,0.0],
          [0.203631,0.0,0.979048],
          [148.34,122.442,-550.179]
        ],
        "unit_class": "germ_at_gun_pak40",
        "objLayer": 1,
        "closed_waypoints": false,
        "isShipSpline": false,
        "shipTurnRadius": 100.0,
        "weapons": "",
        "bullets0": "",
        "bullets1": "",
        "bullets2": "",
        "bullets3": "",
        "bulletsCount0": 0,
        "bulletsCount1": 0,
        "bulletsCount2": 0,
        "bulletsCount3": 0,
        "props": {
          "army": 2,
          "count": 1,
          "formation_type": "rows",
          "formation_div": 3,
          "formation_step": [2.5,2.0],
          "formation_noise": [0.1,0.1],
          "uniqueName": "",
          "attack_type": "fire_at_will",
          "unitReplacementType": "antiTankGun"
        },
        "way": []
      }
    },
    {
      "tankModels": {
        "name": "t2_antiTankGun06",
        "tm": [
          [0.99857,0.0,0.0534468],
          [0.0,1.0,0.0],
          [-0.0534468,0.0,0.99857],
          [325.191,122.513,-1000.41]
        ],
        "unit_class": "germ_at_gun_pak40",
        "objLayer": 1,
        "closed_waypoints": false,
        "isShipSpline": false,
        "shipTurnRadius": 100.0,
        "weapons": "",
        "bullets0": "",
        "bullets1": "",
        "bullets2": "",
        "bullets3": "",
        "bulletsCount0": 0,
        "bulletsCount1": 0,
        "bulletsCount2": 0,
        "bulletsCount3": 0,
        "props": {
          "army": 2,
          "count": 1,
          "formation_type": "rows",
          "formation_div": 3,
          "formation_step": [2.5,2.0],
          "formation_noise": [0.1,0.1],
          "uniqueName": "",
          "attack_type": "fire_at_will",
          "unitReplacementType": "antiTankGun"
        },
        "way": []
      }
    },
    {
      "tankModels": {
        "name": "t2_antiTankGun07",
        "tm": [
          [0.878393,0.0,0.477938],
          [0.0,1.0,0.0],
          [-0.477938,0.0,0.878393],
          [258.26,118.175,-895.323]
        ],
        "unit_class": "germ_at_gun_pak40",
        "objLayer": 1,
        "closed_waypoints": false,
        "isShipSpline": false,
        "shipTurnRadius": 100.0,
        "weapons": "",
        "bullets0": "",
        "bullets1": "",
        "bullets2": "",
        "bullets3": "",
        "bulletsCount0": 0,
        "bulletsCount1": 0,
        "bulletsCount2": 0,
        "bulletsCount3": 0,
        "props": {
          "army": 2,
          "count": 1,
          "formation_type": "rows",
          "formation_div": 3,
          "formation_step": [2.5,2.0],
          "formation_noise": [0.1,0.1],
          "uniqueName": "",
          "attack_type": "fire_at_will",
          "unitReplacementType": "antiTankGun"
        },
        "way": []
      }
    },
    {
      "tankModels": {
        "name": "t2_antiTankGun08",
        "tm": [
          [0.877241,0.0,0.480046],
          [0.0,1.0,0.0],
          [-0.480046,0.0,0.877241],
          [285.41,120.448,-952.773]
        ],
        "unit_class": "germ_at_gun_pak40",
        "objLayer": 1,
        "closed_waypoints": false,
        "isShipSpline": false,
