{
  "selected_tag": "",
  "bin_dump_file": "",
  "mission_settings": {
    "player": {
      "army": 1,
      "wing": [
        "player01",
        "player02",
        "player03",
        "player04",
        "player05",
        "player06",
        "player07",
        "player08",
        "player09",
        "player10",
        "player11",
        "player12",
        "player13",
        "player14",
        "player15",
        "player16",
        "player17",
        "player18",
        "player19",
        "player20",
        "player21",
        "player22",
        "player23",
        "player24",
        "player25",
        "player26",
        "player27",
        "player28",
        "player29",
        "player30",
        "player31",
        "player32"
      ]
    },
    "player_teamB": {
      "army": 2,
      "wing": [
        "player33",
        "player34",
        "player35",
        "player36",
        "player37",
        "player38",
        "player39",
        "player40",
        "player41",
        "player42",
        "player43",
        "player44",
        "player45",
        "player46",
        "player47",
        "player48",
        "player49",
        "player50",
        "player51",
        "player52",
        "player53",
        "player54",
        "player55",
        "player56",
        "player57",
        "player58",
        "player59",
        "player60",
        "player61",
        "player62",
        "player63",
        "player64",
        "player65"
      ]
    },
    "mission": {
      "type": "domination",
      "level": "levels/avg_abandoned_factory.bin",
      "restoreType": "attempts",
      "optionalTakeOff": false,
      "environment": "Day",
      "weather": "hazy",
      "locName": "missions/BR;abandoned_factory/name",
      "locDesc": "missions/BR/desc",
      "gt_ffa": true,
      "gt_last_man_standing": true,
      "timeLimit": 60,
      "useTankBots": true,
      "battleAreaColorPreset": "battleRoyale",
      "ignoreInvulnerableTimer": true,
      "useCustomSuperArtillery": true,
      "customSuperArtillery": "structures/streakArtillery_203mm_r150m",
      "country_axis": "germany",
      "country_allies": "ussr",
      "allowedUnitTypes": {
        "isAirplanesAllowed": false,
        "isTanksAllowed": true,
        "isShipsAllowed": false
      }
    },
    "spectator_points": {},
    "briefing": {
      "place_loc": "",
      "date_loc": "",
      "objective_loc": "",
      "music": "action_01",
      "part": {
        "event": "",
        "minTime": 0,
        "slide": {
          "map": true,
          "minTime": 4,
          "picture": "",
          "showAirMap": false,
          "icon": [
            {
              "icontype": "tank",
              "side": "player",
              "target": "briefing_spawn01"
            },
            {
              "icontype": "tank",
              "side": "enemy",
              "target": "briefing_spawn02"
            },
            {
              "icontype": "tank",
              "side": "enemy",
              "target": "briefing_spawn03"
            },
            {
              "icontype": "tank",
              "side": "enemy",
              "target": "briefing_spawn04"
            },
            {
              "icontype": "tank",
              "side": "enemy",
              "target": "briefing_spawn05"
            },
            {
              "icontype": "tank",
              "side": "enemy",
              "target": "briefing_spawn06"
            },
            {
              "icontype": "tank",
              "side": "enemy",
              "target": "briefing_spawn07"
            },
            {
              "icontype": "tank",
              "side": "enemy",
              "target": "briefing_spawn08"
            },
            {
              "icontype": "tank",
              "side": "enemy",
              "target": "briefing_spawn09"
            }
          ]
        }
      }
    }
  },
  "imports": {
    "import_record": {
      "file": "gameData/missions/templates/battle_royale_template.blk",
      "importAreas": true,
      "importUnits": true,
      "importTriggers": true,
      "importMissionObjectives": true,
      "importWayPoints": true,
      "showAreas": true,
      "showUnits": true,
      "showTriggers": true,
      "showMissionObjectives": true,
      "showWayPoints": true,
      "excludes": {}
    }
  },
  "triggers": {
    "isCategory": true,
    "is_enabled": true,
    "abandoned_factory_br_init": {
      "is_enabled": true,
      "comments": "",
      "props": {
        "actionsType": "PERFORM_ONE_BY_ONE",
        "conditionsType": "ALL",
        "enableAfterComplete": false
      },
      "events": {
        "initMission": {}
      },
      "conditions": {},
      "actions": {
        "varSetInt": [
          {
            "value": 6,
            "var": "br_area_div",
            "fromDescriptor": "br_area_div"
          },
          {
            "value": 8,
            "var": "artillery_disable_stage",
            "fromDescriptor": "artillery_disable_stage"
          },
          {
            "value": 8,
            "var": "pickups_count"
          }
        ],
        "comment": [
          {
            "value": "(br_area_div * 2 - 1 = 11) - number of total stages"
          },
          {
            "value": "(11 stages - 3 = 8) - so warning will be when 3(1 row * 3 col) or 4(2 row * 2 col) sectors left"
          },
          {
            "value": "and artillery will be disabled when 2(1 row * 2 col) sectors left"
          },
          {
            "value": "artillery have radius 150m radius and sector side is 1400/6=250m"
          },
          {
            "value": "from 1 to br_area_div included"
          },
          {
            "value": "from bottom left corner to up right corner"
          },
          {
            "value": "(1,1) - bottom left"
          },
          {
            "value": "(5,1) - bottom right"
          },
          {
            "value": "(1,5) - up left"
          },
          {
            "value": "(5,5) - up right"
          }
        ],
        "varSetString": {
          "value": "(1,1);(2,1);(3,1);(4,1);(5,1);(6,1);(1,2);(6,2);(1,3);(6,3);(1,4);(6,4);(1,5);(2,5);(5,5);(6,5);(1,6);(2,6);(3,6);(4,6);(5,6);(6,6);",
          "var": "br_final_sector_exclude",
          "fromDescriptor": "br_final_sector_exclude"
        },
        "unitSetProperties": {
          "object_marking": 0,
          "object": "object_groups_squad",
          "stealthRadius": 0.0
        }
      },
      "else_actions": {}
    }
  },
  "mission_objectives": {
    "isCategory": true,
    "is_enabled": true
  },
  "variables": {},
  "dialogs": {},
  "airfields": {},
  "effects": {},
  "units": {
    "area_squad": [
      {
        "name": "spawn_area_sq",
        "tm": [
          [
            1.0,
            0.0,
            0.0
          ],
          [
            0.0,
            1.0,
            0.0
          ],
          [
            0.0,
            0.0,
            1.0
          ],
          [
            1921.55,
            8.3,
            2657.65
          ]
        ],
        "props": {
          "squad_members": [
            "spawn04",
            "spawn06",
            "spawn07",
            "spawn08",
            "spawn10",
            "spawn12",
            "spawn14",
            "spawn15",
            "spawn16",
            "spawn17",
            "spawn18",
            "spawn20",
            "spawn21",
            "spawn23",
            "spawn24",
            "spawn25",
            "spawn26",
            "spawn27",
            "spawn29",
            "spawn30",
            "spawn31",
            "spawn33",
            "spawn34",
            "spawn36",
            "spawn37",
            "spawn38",
            "spawn39",
            "spawn40",
            "spawn41",
            "spawn42",
            "spawn43",
            "spawn45"
          ]
        }
      },
      {
        "name": "pickups_area_sq",
        "tm": [
          [
            1.0,
            0.0,
            0.0
          ],
          [
            0.0,
            1.0,
            0.0
          ],
          [
            0.0,
            0.0,
            1.0
          ],
          [
            2874.93,
            8.04791,
            2285.96
          ]
        ],
        "props": {
          "squad_members": [
            "pickuparea01",
            "pickuparea02",
            "pickuparea03",
            "pickuparea04",
            "pickuparea05",
            "pickuparea06",
            "pickuparea07",
            "pickuparea08",
            "pickuparea09",
            "pickuparea10",
            "pickuparea11",
            "pickuparea12",
            "pickuparea13",
            "pickuparea14",
            "pickuparea15",
            "pickuparea16",
            "pickuparea17",
            "pickuparea18",
            "pickuparea19",
            "pickuparea20",
            "pickuparea21",
            "pickuparea22",
            "pickuparea23",
            "pickuparea24",
            "pickuparea25",
            "pickuparea26",
            "pickuparea27",
            "pickuparea28",
            "pickuparea29",
            "pickuparea30",
            "pickuparea31",
            "pickuparea32",
            "pickuparea33",
            "pickuparea34",
            "pickuparea35",
            "pickuparea36"
          ]
        }
      }
    ],
    "objectGroups": [
      {
        "name": "objectGroups_01",
        "tm": [
          [
            0.778106,
            0.0,
            -0.628133
          ],
          [
            0.0,
            1.0,
            0.0
          ],
          [
            0.628133,
            0.0,
            0.778106
          ],
          [
            2443.1,
            8.04791,
            1816.45
          ]
        ],
        "unit_class": "det_pipes_set_a",
        "objLayer": 2,
        "props": {
          "army": 0,
          "active": true
        }
      },
      {
        "name": "objectGroups_02",
        "tm": [
          [
            -0.874018,
            0.0,
            0.485893
          ],
          [
            0.0,
            1.0,
            0.0
          ],
          [
            -0.485893,
            0.0,
            -0.874018
          ],
          [
            2620.75,
            8.02502,
            1740.5
          ]
        ],
        "unit_class": "det_pipes_set_a",
        "objLayer": 2,
        "props": {
          "army": 0,
          "active": true
        }
      },
      {
        "name": "objectGroups_03",
        "tm": [
          [
            0.958343,
            0.0,
            0.285621
          ],
          [
            0.0,
            1.0,
            0.0
          ],
          [
            -0.285621,
            0.0,
            0.958343
          ],
          [
            1814.7,
            8.59205,
            1785.0
          ]
        ],
        "unit_class": "det_pipes_set_a",
        "objLayer": 2,
        "props": {
          "army": 0,
          "active": true
        }
      },
      {
        "name": "objectGroups_04",
        "tm": [
          [
            0.000163274,
            0.0,
            -1.0
          ],
          [
            0.0,
            1.0,
            0.0
          ],
          [
            1.0,
            0.0,
            0.000163274
          ],
          [
            1846.0,
            8.04791,
            1731.85
          ]
        ],
        "unit_class": "det_factory_small_building_a",
        "objLayer": 2,
        "props": {
          "army": 0,
          "active": true
        }
      },
      {
        "name": "objectGroups_05",
        "tm": [
          [
            -0.98872,
            0.0,
            0.149774
          ],
          [
            0.0,
            1.0,
            0.0
          ],
          [
            -0.149774,
            0.0,
            -0.98872
          ],
          [
            1846.2,
            8.04791,
            1830.8
          ]
        ],
        "unit_class": "det_pipes_set_a",
        "objLayer": 2,
        "props": {
          "army": 0,
          "active": true
        }
      },
      {
        "name": "objectGroups_06",
        "tm": [
          [
            -0.975945,
            0.0,
            -0.218018
          ],
          [
            0.0,
            1.0,
            0.0
          ],
          [
            0.218018,
            0.0,
            -0.975945
          ],
          [
            1958.9,
            7.68565,
            1581.35
          ]
        ],
        "unit_class": "det_pipes_set_a",
        "objLayer": 2,
        "props": {
          "army": 0,
          "active": true
        }
      },
      {
        "name": "objectGroups_07",
        "tm": [
          [
            0.99483,
            0.0,
            -0.101555
          ],
          [
            0.0,
            1.0,
            0.0
          ],
          [
            0.101555,
            0.0,
            0.99483
          ],
          [
            2171.15,
            8.04161,
            1594.8
          ]
        ],
        "unit_class": "det_pipes_set_a",
        "objLayer": 2,
        "props": {
          "army": 0,
          "active": true
        }
      },
      {
        "name": "objectGroups_08",
        "tm": [
          [
            0.0537641,
            0.0,
            -0.998554
          ],
          [
            0.0,
            1.0,
            0.0
          ],
          [
            0.998554,
            0.0,
            0.0537641
          ],
          [
            2355.31,
            8.04791,
            1888.98
          ]
        ],
        "unit_class": "det_pipes_set_a",
        "objLayer": 2,
        "props": {
          "army": 0,
          "active": true
        }
      },
      {
        "name": "objectGroups_09",
        "tm": [
          [
            0.69226,
            0.0,
            -0.721648
          ],
          [
            0.0,
            1.0,
            0.0
          ],
          [
            0.721648,
            0.0,
            0.69226
          ],
          [
            2606.45,
            8.04791,
            2270.18
          ]
        ],
        "unit_class": "det_pipes_set_a",
        "objLayer": 2,
        "props": {
          "army": 0,
          "active": true
        }
      },
      {
        "name": "objectGroups_10",
        "tm": [
          [
            0.718176,
            0.0,
            0.695862
          ],
          [
            0.0,
            1.0,
            0.0
          ],
          [
            -0.695862,
            0.0,
            0.718176
          ],
          [
            1747.6,
            8.04791,
            2205.35
          ]
        ],
        "unit_class": "det_pipes_set_a",
        "objLayer": 2,
        "props": {
          "army": 0,
          "active": true
        }
      },
      {
        "name": "objectGroups_11",
        "tm": [
          [
            0.231817,
            0.0,
            0.972759
          ],
          [
            0.0,
            1.0,
            0.0
          ],
          [
            -0.972759,
            0.0,
            0.231817
          ],
          [
            1583.53,
            8.0479,
            1959.13
          ]
        ],
        "unit_class": "det_pipes_set_a",
        "objLayer": 2,
        "props": {
          "army": 0,
          "active": true
        }
      },
      {
        "name": "objectGroups_12",
        "tm": [
          [
            0.0714269,
            0.0,
            -0.997446
          ],
          [
            0.0,
            1.0,
            0.0
          ],
          [
            0.997446,
            0.0,
            0.0714269
          ],
          [
            1615.19,
            8.04028,
            1590.63
          ]
        ],
        "unit_class": "det_factory_small_building_a",
        "objLayer": 2,
        "props": {
          "army": 0,
          "active": true
        }
      },
      {
        "name": "objectGroups_13",
        "tm": [
          [
            0.999683,
            0.0,
            0.0251919
          ],
          [
            0.0,
            1.0,
            0.0
          ],
          [
            -0.0251919,
            0.0,
            0.999683
          ],
          [
            2064.36,
            8.12609,
            1784.49
          ]
        ],
        "unit_class": "det_pipes_set_a",
        "objLayer": 2,
        "props": {
          "army": 0,
          "active": true
        }
      },
      {
        "name": "objectGroups_14",
        "tm": [
          [
            -0.892683,
            0.0,
            0.450685
          ],
          [
            0.0,
            1.0,
            0.0
          ],
          [
            -0.450685,
            0.0,
            -0.892683
          ],
          [
            2584.45,
            8.05,
            1766.65
          ]
        ],
        "unit_class": "det_pipes_set_a",
        "objLayer": 2,
        "props": {
          "army": 0,
          "active": true
        }
      },
      {
        "name": "objectGroups_15",
        "tm": [
          [
            0.0333776,
            0.0,
            -0.999443
          ],
          [
            0.0,
            1.0,
            0.0
          ],
          [
            0.999443,
            0.0,
            0.0333776
          ],
          [
            2226.21,
            8.04791,
            1921.67
          ]
        ],
        "unit_class": "det_pipes_set_a",
        "objLayer": 2,
        "props": {
          "army": 0,
          "active": true
        }
      },
      {
        "name": "objectGroups_16",
        "tm": [
          [
            0.246564,
            0.0,
            0.969127
          ],
          [
            0.0,
            1.0,
            0.0
          ],
          [
            -0.969127,
            0.0,
            0.246564
          ],
          [
            1640.47,
            8.04791,
            1523.47
          ]
        ],
        "unit_class": "det_factory_small_building_a",
        "objLayer": 2,
        "props": {
          "army": 0,
          "active": true
        }
      },
      {
        "name": "objectGroups_17",
        "tm": [
          [
            0.194838,
            0.0,
            0.980835
          ],
          [
            0.0,
            1.0,
            0.0
          ],
          [
            -0.980835,
            0.0,
            0.194838
          ],
          [
            1702.71,
            8.04791,
            1530.04
          ]
        ],
        "unit_class": "det_factory_building_a",
        "objLayer": 2,
        "props": {
          "army": 0,
          "active": true
        }
      },
      {
        "name": "objectGroups_18",
        "tm": [
          [
            -0.999933,
            0.0,
            -0.0115826
          ],
          [
            0.0,
            1.0,
            0.0
          ],
          [
            0.0115826,
            0.0,
            -0.999933
          ],
          [
            1664.72,
            8.04791,
            1576.95
          ]
        ],
        "unit_class": "det_pipes_set_a",
        "objLayer": 2,
        "props": {
          "army": 0,
          "active": true
        }
      },
      {
        "name": "objectGroups_19",
        "tm": [
          [
            -0.0126215,
            0.0,
            0.99992
          ],
          [
            0.0,
            1.0,
            0.0
          ],
          [
            -0.99992,
            0.0,
            -0.0126215
          ],
          [
            1855.3,
            8.04023,
            2254.41
          ]
        ],
        "unit_class": "det_factory_small_building_a",
        "objLayer": 2,
        "props": {
          "army": 0,
          "active": true
        }
      },
      {
        "name": "objectGroups_20",
        "tm": [
          [
            -0.25534,
            0.0,
            0.966851
          ],
          [
            0.0,
            1.0,
            0.0
          ],
          [
            -0.966851,
            0.0,
            -0.25534
          ],
          [
            1590.58,
            8.04791,
            1800.1
          ]
        ],
        "unit_class": "det_pipes_set_a",
        "objLayer": 2,
        "props": {
          "army": 0,
          "active": true
        }
      },
      {
        "name": "objectGroups_21",
        "tm": [
          [
            0.997916,
            0.0,
            -0.0645223
          ],
          [
            0.0,
            1.0,
            0.0
          ],
          [
            0.0645223,
            0.0,
            0.997916
          ],
          [
            1860.54,
            8.04791,
            1802.05
          ]
        ],
        "unit_class": "det_pipes_set_a",
        "objLayer": 2,
        "props": {
          "army": 0,
          "active": true
        }
      },
      {
        "name": "objectGroups_22",
        "tm": [
          [
            -0.98872,
            0.0,
            0.149774
          ],
          [
            0.0,
            1.0,
            0.0
          ],
          [
            -0.149774,
            0.0,
            -0.98872
          ],
          [
            1907.47,
            8.04792,
            1676.8
          ]
        ],
        "unit_class": "det_pipes_set_a",
        "objLayer": 2,
        "props": {
          "army": 0,
          "active": true
        }
      },
      {
        "name": "objectGroups_23",
        "tm": [
          [
            -0.0383168,
            0.0,
            0.999265
          ],
          [
            0.0,
            1.0,
            0.0
          ],
          [
            -0.999265,
            0.0,
            -0.0383168
          ],
          [
            2067.27,
            8.1261,
            1983.65
          ]
        ],
        "unit_class": "det_factory_small_building_a",
        "objLayer": 2,
        "props": {
          "army": 0,
          "active": true
        }
      },
      {
        "name": "objectGroups_24",
        "tm": [
          [
            0.999683,
            0.0,
            0.0251919
          ],
          [
            0.0,
            1.0,
            0.0
          ],
          [
            -0.0251919,
            0.0,
            0.999683
          ],
          [
            2064.21,
            8.12609,
            2001.6
          ]
        ],
        "unit_class": "det_pipes_set_a",
        "objLayer": 2,
        "props": {
          "army": 0,
          "active": true
        }
      },
      {
        "name": "objectGroups_25",
        "tm": [
          [
            -0.062032,
            0.0,
            -0.998075
          ],
          [
            0.0,
            1.0,
            0.0
          ],
          [
            0.998075,
            0.0,
            -0.062032
          ],
          [
            2045.71,
            8.12609,
            1979.47
          ]
        ],
        "unit_class": "det_pipes_set_a",
        "objLayer": 2,
        "props": {
          "army": 0,
          "active": true
        }
      },
      {
        "name": "objectGroups_26",
        "tm": [
          [
            0.998418,
            0.0,
            0.0562255
          ],
          [
            0.0,
            1.0,
            0.0
          ],
          [
            -0.0562255,
            0.0,
            0.998418
          ],
          [
            1859.89,
            8.04023,
            2035.5
          ]
        ],
        "unit_class": "det_factory_small_building_a",
        "objLayer": 2,
        "props": {
          "army": 0,
          "active": true
        }
      },
      {
        "name": "objectGroups_27",
        "tm": [
          [
            0.999265,
            0.0,
            0.0383168
          ],
          [
            0.0,
            1.0,
            0.0
          ],
          [
            -0.0383168,
            0.0,
            0.999265
          ],
          [
            2435.81,
            8.12613,
            2029.57
          ]
        ],
        "unit_class": "det_factory_small_building_a",
        "objLayer": 2,
        "props": {
          "army": 0,
          "active": true
        }
      },
      {
        "name": "objectGroups_28",
        "tm": [
          [
            0.999949,
            0.0,
            0.0101565
          ],
          [
            0.0,
            1.0,
            0.0
          ],
          [
            -0.0101565,
            0.0,
            0.999949
          ],
          [
            2412.95,
            8.04792,
            2053.17
          ]
        ],
        "unit_class": "det_pipes_set_a",
        "objLayer": 2,
        "props": {
          "army": 0,
          "active": true
        }
      },
      {
        "name": "objectGroups_29",
        "tm": [
          [
            -0.995372,
            0.0,
            -0.0960991
          ],
          [
            0.0,
            1.0,
            0.0
          ],
          [
            0.0960991,
            0.0,
            -0.995372
          ],
          [
            2606.82,
            8.02493,
            1852.75
          ]
        ],
        "unit_class": "det_pipes_set_a",
        "objLayer": 2,
        "props": {
          "army": 0,
          "active": true
        }
      },
      {
        "name": "objectGroups_30",
        "tm": [
          [
            -0.406779,
            0.0,
            -0.913526
          ],
          [
            0.0,
            1.0,
            0.0
          ],
          [
            0.913526,
            0.0,
            -0.406779
          ],
          [
            2685.23,
            8.02494,
            1778.08
          ]
        ],
        "unit_class": "det_pipes_set_a",
        "objLayer": 2,
        "props": {
          "army": 0,
          "active": true
        }
      },
      {
        "name": "objectGroups_31",
        "tm": [
          [
            -0.999933,
            0.0,
            -0.0115826
          ],
          [
            0.0,
            1.0,
            0.0
          ],
          [
            0.0115826,
            0.0,
            -0.999933
          ],
          [
            1715.61,
            8.04791,
            1671.26
          ]
        ],
        "unit_class": "det_pipes_set_a",
        "objLayer": 2,
        "props": {
          "army": 0,
          "active": true
        }
      },
      {
        "name": "objectGroups_32",
        "tm": [
          [
            0.999933,
            0.0,
            0.0115824
          ],
          [
            0.0,
            1.0,
            0.0
          ],
          [
            -0.0115824,
            0.0,
            0.999933
          ],
          [
            1710.8,
            8.04791,
            1703.52
          ]
        ],
        "unit_class": "det_pipes_set_a",
        "objLayer": 2,
        "props": {
          "army": 0,
          "active": true
        }
      },
      {
        "name": "objectGroups_33",
        "tm": [
          [
            0.997916,
            0.0,
            -0.0645223
          ],
          [
            0.0,
            1.0,
            0.0
          ],
          [
            0.0645223,
            0.0,
            0.997916
          ],
          [
            1839.47,
            8.04791,
            1935.63
          ]
        ],
        "unit_class": "det_pipes_set_a",
        "objLayer": 2,
        "props": {
          "army": 0,
          "active": true
        }
      },
      {
        "name": "objectGroups_34",
        "tm": [
          [
            -0.99396,
            0.0,
            -0.109744
          ],
          [
            0.0,
            1.0,
            0.0
          ],
          [
            0.109744,
            0.0,
            -0.99396
          ],
          [
            1842.15,
            8.04791,
            1948.67
          ]
        ],
        "unit_class": "det_pipes_set_a",
        "objLayer": 2,
        "props": {
          "army": 0,
          "active": true
        }
      },
      {
        "name": "objectGroups_35",
        "tm": [
          [
            0.999742,
            0.0,
            0.022697
          ],
          [
            0.0,
            1.0,
            0.0
          ],
          [
            -0.022697,
            0.0,
            0.999742
          ],
          [
            1838.92,
            8.04791,
            1961.51
          ]
        ],
        "unit_class": "det_pipes_set_a",
        "objLayer": 2,
        "props": {
          "army": 0,
          "active": true
        }
      },
      {
        "name": "objectGroups_36",
        "tm": [
          [
            -0.99992,
            0.0,
            -0.0126218
          ],
          [
            0.0,
            1.0,
            0.0
          ],
          [
            0.0126218,
            0.0,
            -0.99992
          ],
          [
            1777.19,
            8.04019,
            1978.1
          ]
        ],
        "unit_class": "det_factory_small_building_a",
        "objLayer": 2,
        "props": {
          "army": 0,
          "active": true
        }
      },
      {
        "name": "objectGroups_37",
        "tm": [
          [
            0.9977,
            0.0,
            0.0677744
          ],
          [
            0.0,
            1.0,
            0.0
          ],
          [
            -0.0677744,
            0.0,
            0.9977
          ],
          [
            1840.28,
            8.04791,
            1673.82
          ]
        ],
        "unit_class": "det_pipes_set_a",
        "objLayer": 2,
        "props": {
          "army": 0,
          "active": true
        }
      },
      {
        "name": "objectGroups_38",
        "tm": [
          [
            0.0537641,
            0.0,
            -0.998554
          ],
          [
            0.0,
            1.0,
            0.0
          ],
          [
            0.998554,
            0.0,
            0.0537641
          ],
          [
            2342.31,
            8.04791,
            1888.98
          ]
        ],
        "unit_class": "det_pipes_set_a",
        "objLayer": 2,
        "props": {
          "army": 0,
          "active": true
        }
      },
      {
        "name": "objectGroups_39",
        "tm": [
          [
            0.9782,
            0.0,
            -0.207663
          ],
          [
            0.0,
            1.0,
            0.0
          ],
          [
            0.207663,
            0.0,
            0.9782
          ],
          [
            2572.21,
            8.02493,
            1897.98
          ]
        ],
        "unit_class": "det_pipes_set_a",
        "objLayer": 2,
        "props": {
          "army": 0,
          "active": true
        }
      },
      {
        "name": "objectGroups_41",
        "tm": [
          [
            0.635882,
            0.0,
            0.771786
          ],
          [
            0.0,
            1.0,
            0.0
          ],
          [
            -0.771786,
            0.0,
            0.635882
          ],
          [
            2549.99,
            8.02492,
            1862.78
          ]
        ],
        "unit_class": "det_pipes_set_a",
        "objLayer": 2,
        "props": {
          "army": 0,
          "active": true
        }
      },
      {
        "name": "objectGroups_42",
        "tm": [
          [
            -0.892684,
            0.0,
            0.450685
          ],
          [
            0.0,
            1.0,
            0.0
          ],
          [
            -0.450685,
            0.0,
            -0.892684
          ],
          [
            2515.18,
            8.04998,
            1796.35
          ]
        ],
        "unit_class": "det_pipes_set_a",
        "objLayer": 2,
        "props": {
          "army": 0,
          "active": true
        }
      },
      {
        "name": "objectGroups_43",
        "tm": [
          [
            0.000141777,
            0.0,
            1.0
          ],
          [
            0.0,
            1.0,
            0.0
          ],
          [
            -1.0,
            0.0,
            0.000141777
          ],
          [
            2547.21,
            8.04999,
            1798.92
          ]
        ],
        "unit_class": "det_factory_small_building_b",
        "objLayer": 2,
        "props": {
          "army": 0,
          "active": true
        }
      },
      {
        "name": "objectGroups_44",
        "tm": [
          [
            -0.333567,
            0.0,
            -0.942726
          ],
          [
            0.0,
            1.0,
            0.0
          ],
          [
            0.942726,
            0.0,
            -0.333567
          ],
          [
            2653.52,
            8.02493,
            2175.84
          ]
        ],
        "unit_class": "det_pipes_set_a",
        "objLayer": 2,
        "props": {
          "army": 0,
          "active": true
        }
      },
      {
        "name": "objectGroups_45",
        "tm": [
          [
            -0.333567,
            0.0,
            -0.942726
          ],
          [
            0.0,
            1.0,
            0.0
          ],
          [
            0.942726,
            0.0,
            -0.333567
          ],
          [
            2665.56,
            8.02493,
            2171.62
          ]
        ],
        "unit_class": "det_pipes_set_a",
        "objLayer": 2,
        "props": {
          "army": 0,
          "active": true
        }
      },
      {
        "name": "objectGroups_46",
        "tm": [
          [
            0.999949,
            0.0,
            0.0101565
          ],
          [
            0.0,
            1.0,
            0.0
          ],
          [
            -0.0101565,
            0.0,
            0.999949
          ],
          [
            2403.32,
            8.04792,
            2014.69
          ]
        ],
        "unit_class": "det_pipes_set_a",
        "objLayer": 2,
        "props": {
          "army": 0,
          "active": true
        }
      },
      {
        "name": "objectGroups_47",
        "tm": [
          [
            -0.990069,
            0.0,
            -0.140589
          ],
          [
            0.0,
            1.0,
            0.0
          ],
          [
            0.140589,
            0.0,
            -0.990069
          ],
          [
            2416.5,
            8.04792,
            1954.27
          ]
        ],
        "unit_class": "det_pipes_set_a",
        "objLayer": 2,
        "props": {
          "army": 0,
          "active": true
        }
      },
      {
        "name": "objectGroups_48",
        "tm": [
          [
            -0.99944,
            0.0,
            0.0334702
          ],
          [
            0.0,
            1.0,
            0.0
          ],
          [
            -0.0334702,
            0.0,
            -0.99944
          ],
          [
            2416.92,
            8.04792,
            1966.54
          ]
        ],
        "unit_class": "det_pipes_set_a",
        "objLayer": 2,
        "props": {
          "army": 0,
          "active": true
        }
      },
      {
        "name": "objectGroups_49",
        "tm": [
          [
            0.718176,
            0.0,
            0.695862
          ],
          [
            0.0,
            1.0,
            0.0
          ],
          [
            -0.695862,
            0.0,
            0.718176
          ],
          [
            2163.3,
            8.04791,
            2030.74
          ]
        ],
        "unit_class": "det_pipes_set_a",
        "objLayer": 2,
        "props": {
          "army": 0,
          "active": true
        }
      },
      {
        "name": "objectGroups_50",
        "tm": [
          [
            -0.80286,
            0.0,
            -0.596168
          ],
          [
            0.0,
            1.0,
            0.0
          ],
          [
            0.596168,
            0.0,
            -0.80286
          ],
          [
            2139.56,
            8.04791,
            2020.3
          ]
        ],
        "unit_class": "det_pipes_set_a",
        "objLayer": 2,
        "props": {
          "army": 0,
          "active": true
        }
      },
      {
        "name": "objectGroups_51",
        "tm": [
          [
            -0.0251918,
            0.0,
            0.999683
          ],
          [
            0.0,
            1.0,
            0.0
          ],
          [
            -0.999683,
            0.0,
            -0.0251918
          ],
          [
            1834.31,
            8.12609,
            2303.88
          ]
        ],
        "unit_class": "det_pipes_set_a",
        "objLayer": 2,
        "props": {
          "army": 0,
          "active": true
        }
      },
      {
        "name": "objectGroups_52",
        "tm": [
          [
            -0.0251918,
            0.0,
            0.999683
          ],
          [
            0.0,
            1.0,
            0.0
          ],
          [
            -0.999683,
            0.0,
            -0.0251918
          ],
          [
            1755.21,
            8.12608,
            2310.79
          ]
        ],
        "unit_class": "det_pipes_set_a",
        "objLayer": 2,
        "props": {
          "army": 0,
          "active": true
        }
      },
      {
        "name": "objectGroups_53",
        "tm": [
          [
            -0.754063,
            0.0,
            0.656803
          ],
          [
            0.0,
            1.0,
            0.0
          ],
          [
            -0.656803,
            0.0,
            -0.754063
          ],
          [
            1764.04,
            8.12608,
            2333.42
          ]
        ],
        "unit_class": "det_pipes_set_a",
        "objLayer": 2,
        "props": {
          "army": 0,
          "active": true
        }
      },
      {
        "name": "objectGroups_54",
        "tm": [
          [
            0.228745,
            0.0,
            -0.973486
          ],
          [
            0.0,
            1.0,
            0.0
          ],
          [
            0.973486,
            0.0,
            0.228745
          ],
          [
            1890.0,
            8.31829,
            2426.29
          ]
        ],
        "unit_class": "det_factory_small_building_a",
        "objLayer": 2,
        "props": {
          "army": 0,
          "active": true
        }
      },
      {
        "name": "objectGroups_55",
        "tm": [
          [
            0.97934,
            0.0,
            -0.202221
          ],
          [
            0.0,
            1.0,
            0.0
          ],
          [
            0.202221,
            0.0,
            0.97934
          ],
          [
            2036.95,
            11.3325,
            2465.42
          ]
        ],
        "unit_class": "det_factory_small_building_a",
        "objLayer": 2,
        "props": {
          "army": 0,
          "active": true
        }
      },
      {
        "name": "objectGroups_56",
        "tm": [
          [
            0.999723,
            0.0,
            0.0235397
          ],
          [
            0.0,
            1.0,
            0.0
          ],
          [
            -0.0235397,
            0.0,
            0.999723
          ],
          [
            1975.99,
            8.12608,
            2446.63
          ]
        ],
        "unit_class": "det_pipes_set_a",
        "objLayer": 2,
        "props": {
          "army": 0,
          "active": true
        }
      },
      {
        "name": "objectGroups_57",
        "tm": [
          [
            -0.711145,
            0.0,
