{
  "selected_tag": "",
  "bin_dump_file": "",
  "mission_settings": {
    "player": [
      {
        "army": 1
      },
      {
        "wing": "player01"
      },
      {
        "wing": "player02"
      },
      {
        "wing": "player03"
      },
      {
        "wing": "player04"
      },
      {
        "wing": "player05"
      },
      {
        "wing": "player06"
      },
      {
        "wing": "player07"
      },
      {
        "wing": "player08"
      },
      {
        "wing": "player09"
      },
      {
        "wing": "player10"
      },
      {
        "wing": "player11"
      },
      {
        "wing": "player12"
      },
      {
        "wing": "player13"
      },
      {
        "wing": "player14"
      },
      {
        "wing": "player15"
      },
      {
        "wing": "player16"
      },
      {
        "wing": "player17"
      },
      {
        "wing": "player18"
      },
      {
        "wing": "player19"
      },
      {
        "wing": "player20"
      },
      {
        "wing": "player21"
      },
      {
        "wing": "player22"
      },
      {
        "wing": "player23"
      },
      {
        "wing": "player24"
      },
      {
        "wing": "player25"
      },
      {
        "wing": "player26"
      },
      {
        "wing": "player27"
      },
      {
        "wing": "player28"
      },
      {
        "wing": "player29"
      },
      {
        "wing": "player30"
      },
      {
        "wing": "player31"
      },
      {
        "wing": "player32"
      }
    ],
    "player_teamB": [
      {
        "army": 2
      },
      {
        "wing": "player33"
      },
      {
        "wing": "player34"
      },
      {
        "wing": "player35"
      },
      {
        "wing": "player36"
      },
      {
        "wing": "player37"
      },
      {
        "wing": "player38"
      },
      {
        "wing": "player39"
      },
      {
        "wing": "player40"
      },
      {
        "wing": "player41"
      },
      {
        "wing": "player42"
      },
      {
        "wing": "player43"
      },
      {
        "wing": "player44"
      },
      {
        "wing": "player45"
      },
      {
        "wing": "player46"
      },
      {
        "wing": "player47"
      },
      {
        "wing": "player48"
      },
      {
        "wing": "player49"
      },
      {
        "wing": "player50"
      },
      {
        "wing": "player51"
      },
      {
        "wing": "player52"
      },
      {
        "wing": "player53"
      },
      {
        "wing": "player54"
      },
      {
        "wing": "player55"
      },
      {
        "wing": "player56"
      },
      {
        "wing": "player57"
      },
      {
        "wing": "player58"
      },
      {
        "wing": "player59"
      },
      {
        "wing": "player60"
      },
      {
        "wing": "player61"
      },
      {
        "wing": "player62"
      },
      {
        "wing": "player63"
      },
      {
        "wing": "player64"
      },
      {
        "wing": "player65"
      }
    ],
    "mission": {
      "type": "domination",
      "level": "levels/avg_finland.bin",
      "restoreType": "attempts",
      "optionalTakeOff": false,
      "environment": "Day",
      "weather": "hazy",
      "locName": "missions/BR;finland/name",
      "locDesc": "missions/BR/desc",
      "gt_ffa": true,
      "gt_last_man_standing": true,
      "timeLimit": 60,
      "useTankBots": true,
      "battleAreaColorPreset": "battleRoyale",
      "ignoreInvulnerableTimer": true,
      "useCustomSuperArtillery": true,
      "customSuperArtillery": "structures/streakArtillery_203mm_r150m",
      "country_axis": "germany",
      "country_allies": "ussr",
      "allowedUnitTypes": {
        "isAirplanesAllowed": false,
        "isTanksAllowed": true,
        "isShipsAllowed": false,
        "isHelicoptersAllowed": false
      }
    },
    "spectator_points": [],
    "briefing": {
      "place_loc": "",
      "date_loc": "",
      "objective_loc": "",
      "music": "action_01",
      "part": {
        "event": "",
        "minTime": 0,
        "slide": [
          {
            "map": true
          },
          {
            "minTime": 4
          },
          {
            "picture": ""
          },
          {
            "showAirMap": false
          },
          {
            "icon": {
              "icontype": "tank",
              "side": "player",
              "target": "briefing_spawn01"
            }
          },
          {
            "icon": {
              "icontype": "tank",
              "side": "enemy",
              "target": "briefing_spawn02"
            }
          },
          {
            "icon": {
              "icontype": "tank",
              "side": "enemy",
              "target": "briefing_spawn03"
            }
          },
          {
            "icon": {
              "icontype": "tank",
              "side": "enemy",
              "target": "briefing_spawn04"
            }
          },
          {
            "icon": {
              "icontype": "tank",
              "side": "enemy",
              "target": "briefing_spawn05"
            }
          },
          {
            "icon": {
              "icontype": "tank",
              "side": "enemy",
              "target": "briefing_spawn06"
            }
          },
          {
            "icon": {
              "icontype": "tank",
              "side": "enemy",
              "target": "briefing_spawn07"
            }
          },
          {
            "icon": {
              "icontype": "tank",
              "side": "enemy",
              "target": "briefing_spawn08"
            }
          },
          {
            "icon": {
              "icontype": "tank",
              "side": "enemy",
              "target": "briefing_spawn09"
            }
          }
        ]
      }
    }
  },
  "imports": {
    "import_record": {
      "file": "gameData/missions/templates/battle_royale_template.blk",
      "importAreas": true,
      "importUnits": true,
      "importTriggers": true,
      "importMissionObjectives": true,
      "importWayPoints": true,
      "showAreas": true,
      "showUnits": true,
      "showTriggers": true,
      "showMissionObjectives": true,
      "showWayPoints": true,
      "excludes": []
    }
  },
  "triggers": {
    "isCategory": true,
    "is_enabled": true,
    "finland_br_init": {
      "is_enabled": true,
      "comments": "",
      "props": {
        "actionsType": "PERFORM_ONE_BY_ONE",
        "conditionsType": "ALL",
        "enableAfterComplete": false
      },
      "events": {
        "initMission": []
      },
      "conditions": [],
      "actions": [
        {
          "varSetInt": {
            "value": 6,
            "var": "br_area_div",
            "fromDescriptor": "br_area_div"
          }
        },
        {
          "comment": {
            "value": "(br_area_div * 2 - 1 = 11) - number of total stages"
          }
        },
        {
          "comment": {
            "value": "(11 stages - 3 = 8) - so warning will be when 3(1 row * 3 col) or 4(2 row * 2 col) sectors left"
          }
        },
        {
          "comment": {
            "value": "and artillery will be disabled when 2(1 row * 2 col) sectors left"
          }
        },
        {
          "comment": {
            "value": "artillery have radius 150m radius and sector side is 1400/6=250m"
          }
        },
        {
          "varSetInt": {
            "value": 8,
            "var": "artillery_disable_stage",
            "fromDescriptor": "artillery_disable_stage"
          }
        },
        {
          "comment": {
            "value": "from 1 to br_area_div included"
          }
        },
        {
          "comment": {
            "value": "from bottom left corner to up right corner"
          }
        },
        {
          "comment": {
            "value": "(1,1) - bottom left"
          }
        },
        {
          "comment": {
            "value": "(5,1) - bottom right"
          }
        },
        {
          "comment": {
            "value": "(1,5) - up left"
          }
        },
        {
          "comment": {
            "value": "(5,5) - up right"
          }
        },
        {
          "varSetString": {
            "value": "(1,1);(2,1);(3,1);(4,1);(5,1);(6,1);(1,2);(2,2);(6,2);(1,3);(2,3);(6,3);(1,4);(2,4);(6,4);(1,5);(2,5);(6,5);(1,6);(2,6);(3,6);(4,6);(5,6);(6,6);",
            "var": "br_final_sector_exclude",
            "fromDescriptor": "br_final_sector_exclude"
          }
        },
        {
          "unitSetProperties": {
            "object_marking": 0,
            "object_var_name": "",
            "object_var_comp_op": "equal",
            "object_var_value": 0,
            "object": "object_groups_squad",
            "stealthRadius": 0.0
          }
        },
        {
          "varSetInt": {
            "value": 8,
            "var": "pickups_count"
          }
        }
      ],
      "else_actions": []
    }
  },
  "mission_objectives": {
    "isCategory": true,
    "is_enabled": true
  },
  "variables": [],
  "dialogs": [],
  "airfields": [],
  "effects": [],
  "units": [
    {
      "area_squad": {
        "name": "spawn_area_sq",
        "tm": [
          [1.0,0.0,0.0],
          [0.0,1.0,0.0],
          [0.0,0.0,1.0],
          [841.436,29.5806,1505.97]
        ],
        "props": [
          {
            "squad_members": "spawn02"
          },
          {
            "squad_members": "spawn03"
          },
          {
            "squad_members": "spawn05"
          },
          {
            "squad_members": "spawn06"
          },
          {
            "squad_members": "spawn07"
          },
          {
            "squad_members": "spawn09"
          },
          {
            "squad_members": "spawn12"
          },
          {
            "squad_members": "spawn13"
          },
          {
            "squad_members": "spawn15"
          },
          {
            "squad_members": "spawn16"
          },
          {
            "squad_members": "spawn17"
          },
          {
            "squad_members": "spawn18"
          },
          {
            "squad_members": "spawn21"
          },
          {
            "squad_members": "spawn22"
          },
          {
            "squad_members": "spawn23"
          },
          {
            "squad_members": "spawn24"
          },
          {
            "squad_members": "spawn25"
          },
          {
            "squad_members": "spawn26"
          },
          {
            "squad_members": "spawn27"
          },
          {
            "squad_members": "spawn29"
          },
          {
            "squad_members": "spawn30"
          },
          {
            "squad_members": "spawn31"
          },
          {
            "squad_members": "spawn32"
          },
          {
            "squad_members": "spawn34"
          },
          {
            "squad_members": "spawn35"
          },
          {
            "squad_members": "spawn36"
          },
          {
            "squad_members": "spawn37"
          },
          {
            "squad_members": "spawn39"
          },
          {
            "squad_members": "spawn41"
          },
          {
            "squad_members": "spawn42"
          },
          {
            "squad_members": "spawn43"
          },
          {
            "squad_members": "spawn44"
          }
        ]
      }
    },
    {
      "objectGroups": {
        "name": "objectGroups_01",
        "tm": [
          [0.453584,-0.0918737,-0.886465],
          [0.75652,0.565485,0.328488],
          [0.471103,-0.819626,0.325999],
          [914.205,8.95854,1377.53]
        ],
        "unit_class": "det_finland_cliff_e",
        "objLayer": 2,
        "props": {
          "army": 0,
          "active": true
        }
      }
    },
    {
      "objectGroups": {
        "name": "objectGroups_02",
        "tm": [
          [0.835608,-1.45385e-23,-0.549326],
          [-1.43116e-07,1.0,2.27528e-08],
          [0.549326,0.0,0.835608],
          [702.74,-0.874706,1103.22]
        ],
        "unit_class": "det_finland_cliff_e",
        "objLayer": 2,
        "props": {
          "army": 0,
          "active": true
        }
      }
    },
    {
      "objectGroups": {
        "name": "objectGroups_04",
        "tm": [
          [0.510882,-0.236517,0.826474],
          [0.375515,0.92623,0.0329418],
          [-0.773297,0.293524,0.56201],
          [658.75,-0.85,805.35]
        ],
        "unit_class": "det_finland_cliff_e",
        "objLayer": 2,
        "props": {
          "army": 0,
          "active": true
        }
      }
    },
    {
      "objectGroups": {
        "name": "objectGroups_07",
        "tm": [
          [0.0188536,0.133556,-0.990862],
          [0.686874,0.718419,0.109903],
          [0.726532,-0.682669,-0.0781912],
          [1210.65,32.2,406.25]
        ],
        "unit_class": "det_finland_cliff_e",
        "objLayer": 2,
        "props": {
          "army": 0,
          "active": true
        }
      }
    },
    {
      "objectGroups": {
        "name": "objectGroups_08",
        "tm": [
          [-0.0358667,-0.605463,-0.795065],
          [0.344143,0.739433,-0.578623],
          [0.938232,-0.294369,0.181845],
          [1269.7,23.8,439.45]
        ],
        "unit_class": "det_finland_cliff_e",
        "objLayer": 2,
        "props": {
          "army": 0,
          "active": true
        }
      }
    },
    {
      "objectGroups": {
        "name": "objectGroups_09",
        "tm": [
          [0.915436,-0.402464,0.0],
          [0.359077,0.816751,0.451643],
          [-0.18177,-0.41345,0.892199],
          [1108.95,11.55,794.0]
        ],
        "unit_class": "det_finland_cliff_e",
        "objLayer": 2,
        "props": {
          "army": 0,
          "active": true
        }
      }
    },
    {
      "objectGroups": {
        "name": "objectGroups_10",
        "tm": [
          [0.993648,-0.072608,0.0859729],
          [0.112489,0.620035,-0.776468],
          [0.00307168,0.781207,0.624265],
          [1099.45,6.05,784.4]
        ],
        "unit_class": "det_finland_cliff_e",
        "objLayer": 2,
        "props": {
          "army": 0,
          "active": true
        }
      }
    },
    {
      "objectGroups": {
        "name": "objectGroups_11",
        "tm": [
          [0.536975,0.258517,0.803011],
          [0.758365,-0.564874,-0.325268],
          [0.369512,0.783637,-0.499374],
          [1346.36,-0.207994,1103.89]
        ],
        "unit_class": "det_finland_cliff_e",
        "objLayer": 2,
        "props": {
          "army": 0,
          "active": true
        }
      }
    },
    {
      "objectGroups": {
        "name": "objectGroups_12",
        "tm": [
          [0.119204,0.583921,0.803011],
          [0.908655,0.261813,-0.325268],
          [-0.40017,0.768433,-0.499374],
          [1354.92,-0.208004,1114.32]
        ],
        "unit_class": "det_finland_cliff_e",
        "objLayer": 2,
        "props": {
          "army": 0,
          "active": true
        }
      }
    },
    {
      "objectGroups": {
        "name": "objectGroups_13",
        "tm": [
          [0.987204,0.112574,-0.112943],
          [-0.148091,0.384515,-0.911162],
          [-0.0591448,0.916229,0.396266],
          [1432.85,3.45538,1427.34]
        ],
        "unit_class": "det_finland_cliff_e",
        "objLayer": 2,
        "props": {
          "army": 0,
          "active": true
        }
      }
    },
    {
      "objectGroups": {
        "name": "objectGroups_14",
        "tm": [
          [-0.970874,-0.134575,0.198225],
          [-0.086379,-0.575104,-0.813507],
          [0.223478,-0.806936,0.546729],
          [1708.19,1.03036,1491.12]
        ],
        "unit_class": "det_finland_cliff_e",
        "objLayer": 2,
        "props": {
          "army": 0,
          "active": true
        }
      }
    },
    {
      "objectGroups": {
        "name": "objectGroups_15",
        "tm": [
          [-0.978,0.10963,0.177474],
          [-0.208534,-0.535895,-0.818125],
          [0.0054161,-0.837136,0.546968],
          [1505.67,9.8553,734.011]
        ],
        "unit_class": "det_finland_cliff_e",
        "objLayer": 2,
        "props": {
          "army": 0,
          "active": true
        }
      }
    },
    {
      "objectGroups": {
        "name": "objectGroups_16",
        "tm": [
          [0.766045,0.0,0.642788],
          [1.11266e-07,1.0,-1.78966e-07],
          [-0.642788,0.0,0.766045],
          [1799.02,5.51123,710.432]
        ],
        "unit_class": "det_finland_cliff_e",
        "objLayer": 2,
        "props": {
          "army": 0,
          "active": true
        }
      }
    },
    {
      "objectGroups": {
        "name": "objectGroups_17",
        "tm": [
          [0.672575,0.583921,0.45462],
          [0.374065,0.261813,-0.889679],
          [-0.638528,0.768433,-0.0423358],
          [1380.63,-0.208008,870.515]
        ],
        "unit_class": "det_finland_cliff_e",
        "objLayer": 2,
        "props": {
          "army": 0,
          "active": true
        }
      }
    },
    {
      "objectGroups": {
        "name": "objectGroups_18",
        "tm": [
          [0.941453,-0.326497,-0.084064],
          [0.0508097,0.383893,-0.921978],
          [0.333295,0.863727,0.378007],
          [1378.48,-0.207993,923.601]
        ],
        "unit_class": "det_finland_cliff_e",
        "objLayer": 2,
        "props": {
          "army": 0,
          "active": true
        }
      }
    },
    {
      "objectGroups": {
        "name": "objectGroups_19",
        "tm": [
          [0.941453,-0.326497,-0.084064],
          [0.0508097,0.383893,-0.921978],
          [0.333295,0.863727,0.378007],
          [1388.33,-0.207993,802.171]
        ],
        "unit_class": "det_finland_cliff_e",
        "objLayer": 2,
        "props": {
          "army": 0,
          "active": true
        }
      }
    },
    {
      "objectGroups": {
        "name": "objectGroups_20",
        "tm": [
          [-0.0806946,-0.326497,0.941747],
          [0.899148,0.383893,0.210138],
          [-0.43014,0.863727,0.262592],
          [1354.55,3.71908,779.116]
        ],
        "unit_class": "det_finland_cliff_e",
        "objLayer": 2,
        "props": {
          "army": 0,
          "active": true
        }
      }
    },
    {
      "objectGroups": {
        "name": "objectGroups_22",
        "tm": [
          [-0.285566,-0.52259,-0.803338],
          [-0.936723,0.329311,0.118757],
          [0.202488,0.786418,-0.583562],
          [1029.09,11.3962,591.646]
        ],
        "unit_class": "det_finland_cliff_e",
        "objLayer": 2,
        "props": {
          "army": 0,
          "active": true
        }
      }
    },
    {
      "objectGroups": {
        "name": "objectGroups_23",
        "tm": [
          [-0.285566,-0.52259,-0.803338],
          [-0.936723,0.329311,0.118757],
          [0.202488,0.786418,-0.583562],
          [885.67,11.3962,577.265]
        ],
        "unit_class": "det_finland_cliff_e",
        "objLayer": 2,
        "props": {
          "army": 0,
          "active": true
        }
      }
    },
    {
      "objectGroups": {
        "name": "objectGroups_24",
        "tm": [
          [0.0208483,0.825369,-0.564209],
          [-0.964012,-0.133008,-0.230196],
          [-0.265041,0.548704,0.792892],
          [1147.28,-5.34735,878.537]
        ],
        "unit_class": "det_finland_cliff_e",
        "objLayer": 2,
        "props": {
          "army": 0,
          "active": true
        }
      }
    },
    {
      "squad": {
        "name": "object_groups_squad",
        "tm": [
          [1.0,0.0,0.0],
          [0.0,1.0,0.0],
          [0.0,0.0,1.0],
          [1094.33,7.15597,1016.63]
        ],
        "props": [
          {
            "object_marking": 0
          },
          {
            "squad_members": "objectGroups_01"
          },
          {
            "squad_members": "objectGroups_02"
          },
          {
            "squad_members": "objectGroups_04"
          },
          {
            "squad_members": "objectGroups_07"
          },
          {
            "squad_members": "objectGroups_08"
          },
          {
            "squad_members": "objectGroups_09"
          },
          {
            "squad_members": "objectGroups_10"
          },
          {
            "squad_members": "objectGroups_11"
          },
          {
            "squad_members": "objectGroups_12"
          },
          {
            "squad_members": "objectGroups_13"
          },
          {
            "squad_members": "objectGroups_14"
          },
          {
            "squad_members": "objectGroups_15"
          },
          {
            "squad_members": "objectGroups_16"
          },
          {
            "squad_members": "objectGroups_17"
          },
          {
            "squad_members": "objectGroups_18"
          },
          {
            "squad_members": "objectGroups_19"
          },
          {
            "squad_members": "objectGroups_20"
          },
          {
            "squad_members": "objectGroups_22"
          },
          {
            "squad_members": "objectGroups_23"
          },
          {
            "squad_members": "objectGroups_24"
          },
          {
            "squad_members": "objectGroups_03"
          },
          {
            "squad_members": "objectGroups_05"
          },
          {
            "squad_members": "objectGroups_06"
          },
          {
            "squad_members": "objectGroups_21"
          },
          {
            "squad_members": "objectGroups_25"
          },
          {
            "squad_members": "objectGroups_26"
          },
          {
            "squad_members": "objectGroups_27"
          },
          {
            "squad_members": "objectGroups_28"
          },
          {
            "squad_members": "objectGroups_29"
          },
          {
            "squad_members": "objectGroups_30"
          },
          {
            "squad_members": "objectGroups_31"
          },
          {
            "squad_members": "objectGroups_32"
          },
          {
            "squad_members": "objectGroups_33"
          },
          {
            "squad_members": "objectGroups_34"
          },
          {
            "squad_members": "objectGroups_35"
          },
          {
            "squad_members": "objectGroups_36"
          },
          {
            "squad_members": "objectGroups_37"
          },
          {
            "squad_members": "objectGroups_38"
          },
          {
            "squad_members": "objectGroups_39"
          },
          {
            "squad_members": "objectGroups_40"
          },
          {
            "squad_members": "objectGroups_41"
          },
          {
            "squad_members": "objectGroups_42"
          },
          {
            "squad_members": "objectGroups_43"
          },
          {
            "squad_members": "objectGroups_44"
          },
          {
            "squad_members": "objectGroups_45"
          },
          {
            "squad_members": "objectGroups_46"
          },
          {
            "squad_members": "objectGroups_47"
          },
          {
            "squad_members": "objectGroups_48"
          },
          {
            "squad_members": "objectGroups_49"
          },
          {
            "squad_members": "objectGroups_50"
          },
          {
            "squad_members": "objectGroups_51"
          },
          {
            "squad_members": "objectGroups_52"
          },
          {
            "squad_members": "objectGroups_53"
          },
          {
            "squad_members": "objectGroups_54"
          },
          {
            "squad_members": "objectGroups_55"
          },
          {
            "squad_members": "objectGroups_56"
          },
          {
            "squad_members": "objectGroups_57"
          },
          {
            "squad_members": "objectGroups_58"
          },
          {
            "squad_members": "objectGroups_59"
          },
          {
            "squad_members": "objectGroups_60"
          },
          {
            "squad_members": "objectGroups_61"
          },
          {
            "squad_members": "objectGroups_62"
          },
          {
            "squad_members": "objectGroups_63"
          },
          {
            "squad_members": "objectGroups_64"
          },
          {
            "squad_members": "objectGroups_65"
          },
          {
            "squad_members": "objectGroups_66"
          },
          {
            "squad_members": "objectGroups_67"
          },
          {
            "squad_members": "objectGroups_68"
          },
          {
            "squad_members": "objectGroups_69"
          },
          {
            "squad_members": "objectGroups_70"
          },
          {
            "squad_members": "objectGroups_71"
          },
          {
            "squad_members": "objectGroups_72"
          },
          {
            "squad_members": "objectGroups_73"
          }
        ]
      }
    },
    {
      "area_squad": {
        "name": "pickups_area_sq",
        "tm": [
          [1.0,0.0,0.0],
          [0.0,1.0,0.0],
          [0.0,0.0,1.0],
          [1406.08,21.6313,1935.69]
        ],
        "props": [
          {
            "squad_members": "pickupArea01"
          },
          {
            "squad_members": "pickupArea02"
          },
          {
            "squad_members": "pickupArea03"
          },
          {
            "squad_members": "pickupArea04"
          },
          {
            "squad_members": "pickupArea05"
          },
          {
            "squad_members": "pickupArea06"
          },
          {
            "squad_members": "pickupArea07"
          },
          {
            "squad_members": "pickupArea08"
          },
          {
            "squad_members": "pickupArea09"
          },
          {
            "squad_members": "pickupArea10"
          },
          {
            "squad_members": "pickupArea11"
          },
          {
            "squad_members": "pickupArea12"
          },
          {
            "squad_members": "pickupArea13"
          },
          {
            "squad_members": "pickupArea14"
          },
          {
            "squad_members": "pickupArea15"
          },
          {
            "squad_members": "pickupArea16"
          },
          {
            "squad_members": "pickupArea17"
          },
          {
            "squad_members": "pickupArea18"
          },
          {
            "squad_members": "pickupArea19"
          },
          {
            "squad_members": "pickupArea20"
          },
          {
            "squad_members": "pickupArea21"
          },
          {
            "squad_members": "pickupArea22"
          },
          {
            "squad_members": "pickupArea23"
          },
          {
            "squad_members": "pickupArea24"
          },
          {
            "squad_members": "pickupArea25"
          },
          {
            "squad_members": "pickupArea26"
          },
          {
            "squad_members": "pickupArea27"
          },
          {
            "squad_members": "pickupArea28"
          },
          {
            "squad_members": "pickupArea29"
          },
          {
            "squad_members": "pickupArea30"
          },
          {
            "squad_members": "pickupArea31"
          },
          {
            "squad_members": "pickupArea32"
          },
          {
            "squad_members": "pickupArea33"
          },
          {
            "squad_members": "pickupArea34"
          },
          {
            "squad_members": "pickupArea35"
          },
          {
            "squad_members": "pickupArea36"
          }
        ]
      }
    },
    {
      "objectGroups": {
        "name": "objectGroups_25",
        "tm": [
          [0.459835,-0.332435,-0.823431],
          [-0.532119,-0.845515,0.0441958],
          [-0.710915,0.417842,-0.565692],
          [1034.44,14.7818,568.673]
        ],
        "unit_class": "det_finland_cliff_e",
        "objLayer": 2,
        "props": {
          "army": 0,
          "active": true
        }
      }
    },
    {
      "objectGroups": {
        "name": "objectGroups_26",
        "tm": [
          [-0.800169,-0.332435,0.499216],
          [0.487363,-0.845515,0.21813],
          [0.34958,0.417842,0.838571],
          [1025.3,15.15,549.45]
        ],
        "unit_class": "det_finland_cliff_e",
        "objLayer": 2,
        "props": {
          "army": 0,
          "active": true
        }
      }
    },
    {
      "objectGroups": {
        "name": "objectGroups_27",
        "tm": [
          [-0.935851,0.286254,0.205529],
          [-0.143956,-0.842892,0.518467],
          [0.321652,0.455622,0.830029],
          [1076.25,31.9,399.75]
        ],
        "unit_class": "det_finland_cliff_e",
        "objLayer": 2,
        "props": {
          "army": 0,
          "active": true
        }
      }
    },
    {
      "objectGroups": {
        "name": "objectGroups_28",
        "tm": [
          [-0.940703,-0.232963,-0.246589],
          [0.327291,-0.432119,-0.840329],
          [0.0892099,-0.871206,0.482744],
          [1089.4,27.05,417.6]
        ],
        "unit_class": "det_finland_cliff_e",
        "objLayer": 2,
        "props": {
          "army": 0,
          "active": true
        }
      }
    },
    {
      "objectGroups": {
        "name": "objectGroups_29",
        "tm": [
          [0.0744239,-0.232963,0.969634],
          [-0.90115,-0.432119,-0.0346536],
          [0.427071,-0.871206,-0.242095],
          [1069.76,18.9,518.303]
        ],
        "unit_class": "det_finland_cliff_e",
        "objLayer": 2,
        "props": {
          "army": 0,
          "active": true
        }
      }
    },
    {
      "objectGroups": {
        "name": "objectGroups_30",
        "tm": [
          [0.69959,-0.332435,-0.632504],
          [-0.518193,-0.845515,-0.128764],
          [-0.491985,0.417842,-0.763779],
          [993.026,15.15,535.374]
        ],
        "unit_class": "det_finland_cliff_e",
        "objLayer": 2,
        "props": {
          "army": 0,
          "active": true
        }
      }
    },
    {
      "objectGroups": {
        "name": "objectGroups_21",
        "tm": [
          [0.941453,-0.326497,-0.084064],
          [0.0508097,0.383893,-0.921978],
          [0.333295,0.863727,0.378007],
          [1375.26,3.06422,762.474]
        ],
        "unit_class": "det_finland_cliff_e",
        "objLayer": 2,
        "props": {
          "army": 0,
          "active": true
        }
      }
    },
    {
      "objectGroups": {
        "name": "objectGroups_31",
        "tm": [
          [-0.796653,0.0234435,-0.603982],
          [0.408243,0.757756,-0.509062],
          [0.445737,-0.652117,-0.613239],
          [1295.4,23.8,451.8]
        ],
        "unit_class": "det_finland_cliff_e",
        "objLayer": 2,
        "props": {
          "army": 0,
          "active": true
        }
      }
    },
    {
      "objectGroups": {
        "name": "objectGroups_32",
        "tm": [
          [0.818245,-0.0595505,0.571778],
          [-0.309086,0.793051,0.524915],
          [-0.484708,-0.606237,0.630503],
          [1262.15,23.8,481.9]
        ],
        "unit_class": "det_finland_cliff_e",
        "objLayer": 2,
        "props": {
          "army": 0,
          "active": true
        }
      }
    },
    {
      "objectGroups": {
        "name": "objectGroups_33",
        "tm": [
          [0.700835,-0.332435,0.631124],
          [0.0750086,-0.845515,-0.528656],
          [0.709368,0.417842,-0.56763],
          [1089.44,18.8975,456.56]
        ],
        "unit_class": "det_finland_cliff_e",
        "objLayer": 2,
        "props": {
          "army": 0,
          "active": true
        }
      }
    },
    {
      "objectGroups": {
        "name": "objectGroups_34",
        "tm": [
          [0.0188536,-0.471167,-0.881843],
          [0.686874,0.647018,-0.331016],
          [0.726532,-0.599474,0.335831],
          [1203.47,32.2,380.385]
        ],
        "unit_class": "det_finland_cliff_e",
        "objLayer": 2,
        "props": {
          "army": 0,
          "active": true
        }
      }
    },
    {
      "objectGroups": {
        "name": "objectGroups_35",
        "tm": [
          [0.0188536,-0.107575,0.994018],
          [0.686874,-0.721049,-0.0910611],
          [0.726532,0.684482,0.0602959],
          [1187.89,29.0125,362.695]
        ],
        "unit_class": "det_finland_cliff_e",
        "objLayer": 2,
        "props": {
          "army": 0,
          "active": true
        }
      }
    },
    {
      "objectGroups": {
        "name": "objectGroups_36",
        "tm": [
          [0.336359,-0.109962,-0.935293],
          [0.646863,-0.694818,0.314321],
          [-0.684421,-0.71073,-0.162577],
          [1503.92,11.4857,660.51]
        ],
        "unit_class": "det_finland_cliff_e",
        "objLayer": 2,
        "props": {
          "army": 0,
          "active": true
        }
      }
    },
    {
      "objectGroups": {
        "name": "objectGroups_37",
        "tm": [
          [-0.436918,0.100611,-0.893858],
          [0.66814,0.701624,-0.247613],
          [0.602239,-0.705409,-0.373774],
          [1595.31,11.4857,675.534]
        ],
        "unit_class": "det_finland_cliff_e",
        "objLayer": 2,
        "props": {
          "army": 0,
          "active": true
        }
      }
    },
    {
      "objectGroups": {
        "name": "objectGroups_38",
        "tm": [
          [-0.704697,0.100611,0.70234],
          [-0.450249,0.701624,-0.552268],
          [-0.548343,-0.705409,-0.449132],
          [1588.62,11.4857,687.944]
        ],
        "unit_class": "det_finland_cliff_e",
        "objLayer": 2,
        "props": {
          "army": 0,
          "active": true
        }
      }
    },
    {
      "objectGroups": {
        "name": "objectGroups_39",
        "tm": [
          [0.459835,-0.0384829,-0.88717],
          [-0.532119,-0.811765,-0.240593],
          [-0.710915,0.582714,-0.393755],
          [1088.98,14.7818,616.505]
        ],
        "unit_class": "det_finland_cliff_e",
        "objLayer": 2,
        "props": {
          "army": 0,
          "active": true
        }
      }
    },
    {
      "objectGroups": {
        "name": "objectGroups_40",
        "tm": [
          [0.0100096,0.109504,-0.993936],
          [0.835342,-0.547275,-0.0518823],
          [-0.549638,-0.829758,-0.0969521],
          [1442.1,9.8553,694.66]
        ],
        "unit_class": "det_finland_cliff_e",
        "objLayer": 2,
        "props": {
          "army": 0,
          "active": true
        }
      }
    },
    {
      "objectGroups": {
        "name": "objectGroups_41",
        "tm": [
          [0.0100096,0.109504,-0.993936],
          [0.835342,-0.547275,-0.0518823],
          [-0.549638,-0.829758,-0.0969521],
          [1408.19,9.85532,664.402]
        ],
        "unit_class": "det_finland_cliff_e",
        "objLayer": 2,
        "props": {
          "army": 0,
          "active": true
        }
      }
    },
    {
      "objectGroups": {
        "name": "objectGroups_42",
        "tm": [
          [-0.918934,0.109504,0.378905],
          [-0.373954,-0.547275,-0.748764],
          [0.125372,-0.829758,0.54386],
          [1618.9,2.17961,795.232]
        ],
        "unit_class": "det_finland_cliff_e",
        "objLayer": 2,
        "props": {
          "army": 0,
          "active": true
        }
      }
    },
    {
      "objectGroups": {
        "name": "objectGroups_43",
        "tm": [
          [0.383449,0.109504,0.917047],
          [-0.746903,-0.547275,0.377656],
          [0.543233,-0.829758,-0.128063],
          [1624.06,0.592672,776.405]
        ],
        "unit_class": "det_finland_cliff_e",
        "objLayer": 2,
        "props": {
          "army": 0,
          "active": true
        }
      }
    },
    {
      "objectGroups": {
        "name": "objectGroups_44",
        "tm": [
          [-0.397622,0.0488119,-0.91625],
          [0.740958,-0.571894,-0.352018],
          [-0.541182,-0.818873,0.19123],
          [1603.85,1.20055,785.82]
        ],
        "unit_class": "det_finland_cliff_e",
        "objLayer": 2,
        "props": {
          "army": 0,
          "active": true
        }
      }
    },
    {
      "objectGroups": {
        "name": "objectGroups_45",
        "tm": [
          [0.22411,-0.408874,-0.884645],
          [0.843635,0.535841,-0.0339396],
          [0.487906,-0.738713,0.465028],
          [1599.03,-1.80362,764.546]
        ],
        "unit_class": "det_finland_cliff_e",
        "objLayer": 2,
        "props": {
          "army": 0,
          "active": true
        }
      }
    },
    {
      "objectGroups": {
        "name": "objectGroups_03",
        "tm": [
          [-0.980395,-0.0834666,0.178489],
          [-0.190985,0.179686,-0.965006],
          [0.0484738,-0.980177,-0.192104],
          [806.495,5.68833,1032.67]
        ],
        "unit_class": "det_finland_cliff_e",
        "objLayer": 2,
        "props": {
          "army": 0,
          "active": true
        }
      }
    },
    {
      "objectGroups": {
        "name": "objectGroups_05",
        "tm": [
          [-0.988692,-0.0834666,-0.124582],
          [0.108037,0.179686,-0.977773],
          [0.103997,-0.980177,-0.168637],
          [883.566,5.68833,1030.57]
        ],
        "unit_class": "det_finland_cliff_e",
        "objLayer": 2,
        "props": {
          "army": 0,
          "active": true
        }
      }
    },
    {
      "objectGroups": {
        "name": "objectGroups_06",
        "tm": [
          [-0.340272,-0.0973967,0.935269],
          [-0.805829,0.542802,-0.236653],
          [-0.484617,-0.834194,-0.263186],
          [690.748,2.70982,1043.52]
        ],
        "unit_class": "det_finland_cliff_e",
        "objLayer": 2,
        "props": {
          "army": 0,
          "active": true
        }
      }
    },
    {
      "objectGroups": {
        "name": "objectGroups_46",
        "tm": [
          [0.998468,0.0147533,0.0533348],
          [-0.0473438,0.726739,0.685281],
          [-0.0286503,-0.686756,0.726323],
          [700.183,2.70981,1059.38]
        ],
        "unit_class": "det_finland_cliff_e",
        "objLayer": 2,
        "props": {
          "army": 0,
          "active": true
        }
      }
    },
    {
      "objectGroups": {
        "name": "objectGroups_47",
        "tm": [
          [0.933399,-0.0834666,0.348997],
          [-0.330382,0.179686,0.926585],
          [-0.140049,-0.980177,0.140143],
          [814.02,5.68833,1043.46]
        ],
        "unit_class": "det_finland_cliff_e",
        "objLayer": 2,
        "props": {
          "army": 0,
          "active": true
        }
      }
    },
    {
      "objectGroups": {
        "name": "objectGroups_48",
        "tm": [
          [0.942354,-0.12682,-0.309652],
          [0.334426,0.388092,0.858804],
          [0.0112601,-0.912854,0.408132],
          [884.672,5.68833,1040.31]
        ],
        "unit_class": "det_finland_cliff_e",
        "objLayer": 2,
        "props": {
          "army": 0,
          "active": true
        }
      }
    },
    {
      "objectGroups": {
        "name": "objectGroups_49",
        "tm": [
          [-0.766051,-0.322129,-0.556236],
          [0.336366,0.536518,-0.773955],
          [0.547744,-0.779988,-0.302647],
          [581.479,-0.874704,1088.95]
        ],
        "unit_class": "det_finland_cliff_e",
        "objLayer": 2,
        "props": {
          "army": 0,
          "active": true
        }
      }
    },
    {
      "objectGroups": {
        "name": "objectGroups_50",
        "tm": [
          [0.142355,0.0147533,0.989706],
          [-0.681361,0.726739,0.0871707],
