{
  "selected_tag": "",
  "bin_dump_file": "",
  "mission_settings": {
    "player": [
      {
        "army": 1
      },
      {
        "wing": "player01"
      },
      {
        "wing": "player02"
      },
      {
        "wing": "player03"
      },
      {
        "wing": "player04"
      },
      {
        "wing": "player05"
      },
      {
        "wing": "player06"
      },
      {
        "wing": "player07"
      },
      {
        "wing": "player08"
      },
      {
        "wing": "player09"
      },
      {
        "wing": "player10"
      },
      {
        "wing": "player11"
      },
      {
        "wing": "player12"
      },
      {
        "wing": "player13"
      },
      {
        "wing": "player14"
      },
      {
        "wing": "player15"
      },
      {
        "wing": "player16"
      },
      {
        "wing": "player17"
      },
      {
        "wing": "player18"
      },
      {
        "wing": "player19"
      },
      {
        "wing": "player20"
      },
      {
        "wing": "player21"
      },
      {
        "wing": "player22"
      },
      {
        "wing": "player23"
      },
      {
        "wing": "player24"
      },
      {
        "wing": "player25"
      },
      {
        "wing": "player26"
      },
      {
        "wing": "player27"
      },
      {
        "wing": "player28"
      },
      {
        "wing": "player29"
      },
      {
        "wing": "player30"
      },
      {
        "wing": "player31"
      },
      {
        "wing": "player32"
      }
    ],
    "player_teamB": [
      {
        "army": 2
      },
      {
        "wing": "player33"
      },
      {
        "wing": "player34"
      },
      {
        "wing": "player35"
      },
      {
        "wing": "player36"
      },
      {
        "wing": "player37"
      },
      {
        "wing": "player38"
      },
      {
        "wing": "player39"
      },
      {
        "wing": "player40"
      },
      {
        "wing": "player41"
      },
      {
        "wing": "player42"
      },
      {
        "wing": "player43"
      },
      {
        "wing": "player44"
      },
      {
        "wing": "player45"
      },
      {
        "wing": "player46"
      },
      {
        "wing": "player47"
      },
      {
        "wing": "player48"
      },
      {
        "wing": "player49"
      },
      {
        "wing": "player50"
      },
      {
        "wing": "player51"
      },
      {
        "wing": "player52"
      },
      {
        "wing": "player53"
      },
      {
        "wing": "player54"
      },
      {
        "wing": "player55"
      },
      {
        "wing": "player56"
      },
      {
        "wing": "player57"
      },
      {
        "wing": "player58"
      },
      {
        "wing": "player59"
      },
      {
        "wing": "player60"
      },
      {
        "wing": "player61"
      },
      {
        "wing": "player62"
      },
      {
        "wing": "player63"
      },
      {
        "wing": "player64"
      },
      {
        "wing": "player65"
      }
    ],
    "mission": {
      "type": "domination",
      "level": "levels/avg_port_novorossiysk.bin",
      "restoreType": "attempts",
      "optionalTakeOff": false,
      "environment": "Day",
      "weather": "hazy",
      "locName": "missions/BR;port_novorossiysk/name",
      "locDesc": "missions/BR/desc",
      "gt_ffa": true,
      "gt_last_man_standing": true,
      "timeLimit": 60,
      "useTankBots": true,
      "battleAreaColorPreset": "battleRoyale",
      "ignoreInvulnerableTimer": true,
      "useCustomSuperArtillery": true,
      "customSuperArtillery": "structures/streakArtillery_203mm_r150m",
      "country_axis": "germany",
      "country_allies": "ussr",
      "allowedUnitTypes": {
        "isAirplanesAllowed": false,
        "isTanksAllowed": true,
        "isShipsAllowed": false,
        "isHelicoptersAllowed": false
      }
    },
    "spectator_points": [],
    "briefing": {
      "place_loc": "",
      "date_loc": "",
      "objective_loc": "",
      "music": "action_01",
      "part": {
        "event": "",
        "minTime": 0,
        "slide": [
          {
            "map": true
          },
          {
            "minTime": 4
          },
          {
            "picture": ""
          },
          {
            "showAirMap": false
          },
          {
            "icon": {
              "icontype": "tank",
              "side": "player",
              "target": "briefing_spawn01"
            }
          },
          {
            "icon": {
              "icontype": "tank",
              "side": "enemy",
              "target": "briefing_spawn02"
            }
          },
          {
            "icon": {
              "icontype": "tank",
              "side": "enemy",
              "target": "briefing_spawn03"
            }
          },
          {
            "icon": {
              "icontype": "tank",
              "side": "enemy",
              "target": "briefing_spawn04"
            }
          },
          {
            "icon": {
              "icontype": "tank",
              "side": "enemy",
              "target": "briefing_spawn05"
            }
          },
          {
            "icon": {
              "icontype": "tank",
              "side": "enemy",
              "target": "briefing_spawn06"
            }
          },
          {
            "icon": {
              "icontype": "tank",
              "side": "enemy",
              "target": "briefing_spawn07"
            }
          },
          {
            "icon": {
              "icontype": "tank",
              "side": "enemy",
              "target": "briefing_spawn08"
            }
          },
          {
            "icon": {
              "icontype": "tank",
              "side": "enemy",
              "target": "briefing_spawn09"
            }
          }
        ]
      }
    }
  },
  "imports": {
    "import_record": {
      "file": "gameData/missions/templates/battle_royale_template.blk",
      "importAreas": true,
      "importUnits": true,
      "importTriggers": true,
      "importMissionObjectives": true,
      "importWayPoints": true,
      "showAreas": true,
      "showUnits": true,
      "showTriggers": true,
      "showMissionObjectives": true,
      "showWayPoints": true,
      "excludes": []
    }
  },
  "triggers": {
    "isCategory": true,
    "is_enabled": true,
    "finland_br_init": {
      "is_enabled": true,
      "comments": "",
      "props": {
        "actionsType": "PERFORM_ONE_BY_ONE",
        "conditionsType": "ALL",
        "enableAfterComplete": false
      },
      "events": {
        "initMission": []
      },
      "conditions": [],
      "actions": [
        {
          "varSetInt": {
            "value": 6,
            "var": "br_area_div",
            "fromDescriptor": "br_area_div"
          }
        },
        {
          "comment": {
            "value": "(br_area_div * 2 - 1 = 11) - number of total stages"
          }
        },
        {
          "comment": {
            "value": "(11 stages - 3 = 8) - so warning will be when 3(1 row * 3 col) or 4(2 row * 2 col) sectors left"
          }
        },
        {
          "comment": {
            "value": "and artillery will be disabled when 2(1 row * 2 col) sectors left"
          }
        },
        {
          "comment": {
            "value": "artillery have radius 150m radius and sector side is 1400/6=250m"
          }
        },
        {
          "varSetInt": {
            "value": 8,
            "var": "artillery_disable_stage",
            "fromDescriptor": "artillery_disable_stage"
          }
        },
        {
          "comment": {
            "value": "from 1 to br_area_div included"
          }
        },
        {
          "comment": {
            "value": "from bottom left corner to up right corner"
          }
        },
        {
          "comment": {
            "value": "(1,1) - bottom left"
          }
        },
        {
          "comment": {
            "value": "(5,1) - bottom right"
          }
        },
        {
          "comment": {
            "value": "(1,5) - up left"
          }
        },
        {
          "comment": {
            "value": "(5,5) - up right"
          }
        },
        {
          "varSetString": {
            "value": "(1,1);(2,1);(3,1);(4,1);(5,1);(6,1);(1,2);(2,2);(3,2);(1,3);(2,3);(6,3);(1,4);(4,4);(5,4);(6,4);(1,5);(4,5);(5,5);(6,5);(1,6);(2,6);(3,6);(4,6);(5,6);(6,6);",
            "var": "br_final_sector_exclude",
            "fromDescriptor": "br_final_sector_exclude"
          }
        },
        {
          "unitSetProperties": {
            "object_marking": 0,
            "object_var_name": "",
            "object_var_comp_op": "equal",
            "object_var_value": 0,
            "object": "object_groups_sqad",
            "stealthRadius": 0.0
          }
        },
        {
          "varSetInt": {
            "value": 8,
            "var": "pickups_count"
          }
        }
      ],
      "else_actions": []
    }
  },
  "mission_objectives": {
    "isCategory": true,
    "is_enabled": true
  },
  "variables": [],
  "dialogs": [],
  "airfields": [],
  "effects": [],
  "units": [
    {
      "area_squad": {
        "name": "spawn_area_sq",
        "tm": [
          [1.0,0.0,0.0],
          [0.0,1.0,0.0],
          [0.0,0.0,1.0],
          [1881.06,0.0,97.0107]
        ],
        "props": [
          {
            "squad_members": "spawn_01"
          },
          {
            "squad_members": "spawn_02"
          },
          {
            "squad_members": "spawn_03"
          },
          {
            "squad_members": "spawn_04"
          },
          {
            "squad_members": "spawn_05"
          },
          {
            "squad_members": "spawn_07"
          },
          {
            "squad_members": "spawn_09"
          },
          {
            "squad_members": "spawn_10"
          },
          {
            "squad_members": "spawn_13"
          },
          {
            "squad_members": "spawn_14"
          },
          {
            "squad_members": "spawn_16"
          },
          {
            "squad_members": "spawn_17"
          },
          {
            "squad_members": "spawn_19"
          },
          {
            "squad_members": "spawn_20"
          },
          {
            "squad_members": "spawn_21"
          },
          {
            "squad_members": "spawn_23"
          },
          {
            "squad_members": "spawn_24"
          },
          {
            "squad_members": "spawn_25"
          },
          {
            "squad_members": "spawn_26"
          },
          {
            "squad_members": "spawn_27"
          },
          {
            "squad_members": "spawn_29"
          },
          {
            "squad_members": "spawn_31"
          },
          {
            "squad_members": "spawn_32"
          },
          {
            "squad_members": "spawn_33"
          },
          {
            "squad_members": "spawn_34"
          },
          {
            "squad_members": "spawn_35"
          },
          {
            "squad_members": "spawn_36"
          },
          {
            "squad_members": "spawn_39"
          },
          {
            "squad_members": "spawn_40"
          },
          {
            "squad_members": "spawn_41"
          },
          {
            "squad_members": "spawn_42"
          },
          {
            "squad_members": "spawn_43"
          }
        ]
      }
    },
    {
      "objectGroups": {
        "name": "objectGroups_05",
        "tm": [
          [0.945558,0.124485,-0.300706],
          [-0.130526,0.991445,0.0],
          [0.298133,0.03925,0.953717],
          [1011.6,13.9,735.25]
        ],
        "unit_class": "det_ussr_tram",
        "objLayer": 2,
        "props": {
          "army": 0,
          "active": true
        }
      }
    },
    {
      "objectGroups": {
        "name": "objectGroups_01",
        "tm": [
          [0.843391,0.0,0.5373],
          [0.0,1.0,0.0],
          [-0.5373,0.0,0.843391],
          [988.15,14.3629,770.45]
        ],
        "unit_class": "det_t_34",
        "objLayer": 2,
        "props": {
          "army": 0,
          "active": true
        }
      }
    },
    {
      "objectGroups": {
        "name": "objectGroups_02",
        "tm": [
          [0.766044,0.0,-0.642788],
          [0.0,1.0,0.0],
          [0.642788,0.0,0.766044],
          [1090.35,9.17166,766.5]
        ],
        "unit_class": "det_t_34",
        "objLayer": 2,
        "props": {
          "army": 0,
          "active": true
        }
      }
    },
    {
      "objectGroups": {
        "name": "objectGroups_03",
        "tm": [
          [-0.88701,0.0,-0.461749],
          [0.0,1.0,0.0],
          [0.461749,0.0,-0.88701],
          [1795.45,5.4,431.95]
        ],
        "unit_class": "det_t_34",
        "objLayer": 2,
        "props": {
          "army": 0,
          "active": true
        }
      }
    },
    {
      "objectGroups": {
        "name": "objectGroups_06",
        "tm": [
          [-0.216439,0.0,-0.976296],
          [0.0,1.0,0.0],
          [0.976296,0.0,-0.216439],
          [1750.7,5.5,391.9]
        ],
        "unit_class": "det_t_34",
        "objLayer": 2,
        "props": {
          "army": 0,
          "active": true
        }
      }
    },
    {
      "objectGroups": {
        "name": "objectGroups_07",
        "tm": [
          [-0.0436202,0.0,0.999048],
          [0.0,1.0,0.0],
          [-0.999048,0.0,-0.0436202],
          [1673.96,5.5,534.002]
        ],
        "unit_class": "det_t_34",
        "objLayer": 2,
        "props": {
          "army": 0,
          "active": true
        }
      }
    },
    {
      "objectGroups": {
        "name": "objectGroups_08",
        "tm": [
          [-0.675589,0.0,-0.737278],
          [0.0,1.0,0.0],
          [0.737278,0.0,-0.675589],
          [1637.8,5.88565,461.7]
        ],
        "unit_class": "det_t_34",
        "objLayer": 2,
        "props": {
          "army": 0,
          "active": true
        }
      }
    },
    {
      "objectGroups": {
        "name": "objectGroups_10",
        "tm": [
          [-0.999048,0.0,-0.04362],
          [0.0,1.0,0.0],
          [0.04362,0.0,-0.999048],
          [1131.8,8.35731,765.55]
        ],
        "unit_class": "det_t_34",
        "objLayer": 2,
        "props": {
          "army": 0,
          "active": true
        }
      }
    },
    {
      "objectGroups": {
        "name": "objectGroups_11",
        "tm": [
          [0.843044,-0.0767331,0.532343],
          [0.0907357,0.995875,-0.000145625],
          [-0.530136,0.0484254,0.846529],
          [1040.2,13.45,711.2]
        ],
        "unit_class": "det_ussr_tram",
        "objLayer": 2,
        "props": {
          "army": 0,
          "active": true
        }
      }
    },
    {
      "objectGroups": {
        "name": "objectGroups_13",
        "tm": [
          [-0.999048,0.0,-0.04362],
          [0.0,1.0,0.0],
          [0.04362,0.0,-0.999048],
          [967.7,6.42149,1237.4]
        ],
        "unit_class": "det_t_34",
        "objLayer": 2,
        "props": {
          "army": 0,
          "active": true
        }
      }
    },
    {
      "objectGroups": {
        "name": "objectGroups_14",
        "tm": [
          [0.887011,0.0,0.461749],
          [0.0,1.0,0.0],
          [-0.461749,0.0,0.887011],
          [873.4,7.2,1234.45]
        ],
        "unit_class": "czech_hedgehog_dynamic_5blocks",
        "objLayer": 2,
        "props": {
          "army": 0,
          "active": true
        }
      }
    },
    {
      "objectGroups": {
        "name": "objectGroups_15",
        "tm": [
          [0.984808,0.0,-0.173648],
          [0.0,1.0,0.0],
          [0.173648,0.0,0.984808],
          [887.5,7.2,1238.45]
        ],
        "unit_class": "czech_hedgehog_dynamic_5blocks",
        "objLayer": 2,
        "props": {
          "army": 0,
          "active": true
        }
      }
    },
    {
      "objectGroups": {
        "name": "objectGroups_16",
        "tm": [
          [0.5373,0.0,-0.843391],
          [0.0,1.0,0.0],
          [0.843391,0.0,0.5373],
          [900.5,7.2,1231.55]
        ],
        "unit_class": "czech_hedgehog_dynamic_5blocks",
        "objLayer": 2,
        "props": {
          "army": 0,
          "active": true
        }
      }
    },
    {
      "objectGroups": {
        "name": "objectGroups_17",
        "tm": [
          [-0.0436188,0.0,-0.999048],
          [0.0,1.0,0.0],
          [0.999048,0.0,-0.0436188],
          [857.25,7.9,1153.7]
        ],
        "unit_class": "det_t_34",
        "objLayer": 2,
        "props": {
          "army": 0,
          "active": true
        }
      }
    },
    {
      "objectGroups": {
        "name": "objectGroups_18",
        "tm": [
          [0.843392,0.0,-0.537299],
          [0.0,1.0,0.0],
          [0.537299,0.0,0.843392],
          [832.6,8.13491,1133.05]
        ],
        "unit_class": "det_t_34",
        "objLayer": 2,
        "props": {
          "army": 0,
          "active": true
        }
      }
    },
    {
      "objectGroups": {
        "name": "objectGroups_04",
        "tm": [
          [0.1341,-0.0767331,0.987993],
          [0.0584353,0.995875,0.069414],
          [-0.989244,0.0484254,0.138031],
          [1093.65,18.3687,537.3]
        ],
        "unit_class": "det_t_34",
        "objLayer": 2,
        "props": {
          "army": 0,
          "active": true
        }
      }
    },
    {
      "objectGroups": {
        "name": "objectGroups_09",
        "tm": [
          [0.501981,-0.0767331,0.861468],
          [0.0805508,0.995875,0.0417679],
          [-0.86112,0.0484254,0.506091],
          [1150.05,14.269,537.3]
        ],
        "unit_class": "det_t_34",
        "objLayer": 2,
        "props": {
          "army": 0,
          "active": true
        }
      }
    },
    {
      "objectGroups": {
        "name": "objectGroups_21",
        "tm": [
          [0.0474803,-0.0767331,0.995921],
          [0.0521632,0.995875,0.0742428],
          [-0.997509,0.0484254,0.0512872],
          [1184.99,11.6824,545.268]
        ],
        "unit_class": "det_t_34",
        "objLayer": 2,
        "props": {
          "army": 0,
          "active": true
        }
      }
    },
    {
      "objectGroups": {
        "name": "objectGroups_22",
        "tm": [
          [0.0474803,-0.0767331,0.995921],
          [0.0521632,0.995875,0.0742428],
          [-0.997509,0.0484254,0.0512872],
          [1420.3,7.91154,304.828]
        ],
        "unit_class": "det_t_34",
        "objLayer": 2,
        "props": {
          "army": 0,
          "active": true
        }
      }
    },
    {
      "objectGroups": {
        "name": "objectGroups_23",
        "tm": [
          [-0.81444,-0.0767331,0.575152],
          [-0.0345885,0.995875,0.0838846],
          [-0.579217,0.0484254,-0.813734],
          [1470.65,6.57295,332.657]
        ],
        "unit_class": "det_t_34",
        "objLayer": 2,
        "props": {
          "army": 0,
          "active": true
        }
      }
    },
    {
      "objectGroups": {
        "name": "objectGroups_24",
        "tm": [
          [1.0,0.0,0.0],
          [0.0,1.0,0.0],
          [0.0,0.0,1.0],
          [755.709,7.95654,1558.6]
        ],
        "unit_class": "debris_bricks_large_b",
        "objLayer": 2,
        "props": {
          "army": 2,
          "active": true
        }
      }
    },
    {
      "objectGroups": {
        "name": "objectGroups_25",
        "tm": [
          [0.446095,0.0,0.894985],
          [0.0,1.0,0.0],
          [-0.894985,0.0,0.446095],
          [680.025,7.95654,1446.57]
        ],
        "unit_class": "debris_bricks_large_b",
        "objLayer": 2,
        "props": {
          "army": 2,
          "active": true
        }
      }
    },
    {
      "objectGroups": {
        "name": "objectGroups_26",
        "tm": [
          [0.843044,-0.0767331,0.532343],
          [0.0907357,0.995875,-0.000145625],
          [-0.530136,0.0484254,0.846529],
          [629.307,7.62895,1418.42]
        ],
        "unit_class": "det_ussr_tram",
        "objLayer": 2,
        "props": {
          "army": 0,
          "active": true
        }
      }
    },
    {
      "objectGroups": {
        "name": "objectGroups_27",
        "tm": [
          [0.622616,0.0,-0.782527],
          [0.0,1.0,0.0],
          [0.782527,0.0,0.622616],
          [737.041,7.95654,1444.12]
        ],
        "unit_class": "debris_bricks_large_b",
        "objLayer": 2,
        "props": {
          "army": 2,
          "active": true
        }
      }
    },
    {
      "objectGroups": {
        "name": "objectGroups_28",
        "tm": [
          [0.991633,0.0,-0.12909],
          [0.0,1.0,0.0],
          [0.12909,0.0,0.991633],
          [718.318,7.95654,1494.21]
        ],
        "unit_class": "debris_bricks_large_b",
        "objLayer": 2,
        "props": {
          "army": 2,
          "active": true
        }
      }
    },
    {
      "objectGroups": {
        "name": "objectGroups_29",
        "tm": [
          [-0.22577,0.0,0.97418],
          [0.0,1.0,0.0],
          [-0.97418,0.0,-0.22577],
          [818.241,6.42148,1386.85]
        ],
        "unit_class": "det_t_34",
        "objLayer": 2,
        "props": {
          "army": 0,
          "active": true
        }
      }
    },
    {
      "objectGroups": {
        "name": "objectGroups_30",
        "tm": [
          [0.622616,0.0,-0.782527],
          [0.0,1.0,0.0],
          [0.782527,0.0,0.622616],
          [964.613,6.41455,1258.34]
        ],
        "unit_class": "debris_bricks_large",
        "objLayer": 2,
        "props": {
          "army": 2,
          "active": true
        }
      }
    },
    {
      "objectGroups": {
        "name": "objectGroups_31",
        "tm": [
          [0.622616,0.0,-0.782527],
          [0.0,1.0,0.0],
          [0.782527,0.0,0.622616],
          [957.135,6.41983,1300.24]
        ],
        "unit_class": "debris_bricks_large",
        "objLayer": 2,
        "props": {
          "army": 2,
          "active": true
        }
      }
    },
    {
      "objectGroups": {
        "name": "objectGroups_32",
        "tm": [
          [0.145014,0.0,0.989429],
          [0.0,1.0,0.0],
          [-0.989429,0.0,0.145014],
          [877.6,5.35,1394.0]
        ],
        "unit_class": "debris_bricks_large_b",
        "objLayer": 2,
        "props": {
          "army": 2,
          "active": true
        }
      }
    },
    {
      "objectGroups": {
        "name": "objectGroups_33",
        "tm": [
          [-0.264191,0.0,-0.964471],
          [0.0,1.0,0.0],
          [0.964471,0.0,-0.264191],
          [1028.86,4.95787,1329.44]
        ],
        "unit_class": "debris_bricks_large_b",
        "objLayer": 2,
        "props": {
          "army": 2,
          "active": true
        }
      }
    },
    {
      "objectGroups": {
        "name": "objectGroups_34",
        "tm": [
          [-0.998324,0.0,0.0578678],
          [0.0,1.0,0.0],
          [-0.0578678,0.0,-0.998324],
          [911.187,7.11128,1407.86]
        ],
        "unit_class": "debris_bricks_large_b",
        "objLayer": 2,
        "props": {
          "army": 2,
          "active": true
        }
      }
    },
    {
      "objectGroups": {
        "name": "objectGroups_35",
        "tm": [
          [-0.998032,0.0,-0.0627139],
          [0.0,1.0,0.0],
          [0.0627139,0.0,-0.998032],
          [962.36,4.95789,1397.59]
        ],
        "unit_class": "debris_bricks_large_b",
        "objLayer": 2,
        "props": {
          "army": 2,
          "active": true
        }
      }
    },
    {
      "objectGroups": {
        "name": "objectGroups_36",
        "tm": [
          [0.622616,0.0,-0.782527],
          [0.0,1.0,0.0],
          [0.782527,0.0,0.622616],
          [992.126,6.1057,1278.67]
        ],
        "unit_class": "debris_bricks_large",
        "objLayer": 2,
        "props": {
          "army": 2,
          "active": true
        }
      }
    },
    {
      "objectGroups": {
        "name": "objectGroups_37",
        "tm": [
          [-0.973997,0.0,0.226562],
          [0.0,1.0,0.0],
          [-0.226562,0.0,-0.973997],
          [1003.19,5.98325,1285.46]
        ],
        "unit_class": "debris_bricks_large",
        "objLayer": 2,
        "props": {
          "army": 2,
          "active": true
        }
      }
    },
    {
      "objectGroups": {
        "name": "objectGroups_38",
        "tm": [
          [0.660023,0.0,-0.751246],
          [0.0,1.0,0.0],
          [0.751246,0.0,0.660023],
          [1011.22,5.86732,1291.86]
        ],
        "unit_class": "debris_bricks_large",
        "objLayer": 2,
        "props": {
          "army": 2,
          "active": true
        }
      }
    },
    {
      "objectGroups": {
        "name": "objectGroups_39",
        "tm": [
          [0.660023,-0.00453311,-0.751232],
          [0.0,0.999982,-0.00603413],
          [0.751246,0.00398266,0.660011],
          [1083.93,5.48058,1139.43]
        ],
        "unit_class": "debris_bricks_large",
        "objLayer": 2,
        "props": {
          "army": 2,
          "active": true
        }
      }
    },
    {
      "objectGroups": {
        "name": "objectGroups_40",
        "tm": [
          [-0.891174,0.0,-0.453662],
          [0.0,1.0,0.0],
          [0.453662,0.0,-0.891174],
          [1099.58,5.43638,1156.78]
        ],
        "unit_class": "debris_bricks_large",
        "objLayer": 2,
        "props": {
          "army": 2,
          "active": true
        }
      }
    },
    {
      "objectGroups": {
        "name": "objectGroups_41",
        "tm": [
          [-0.741216,0.0040505,0.671254],
          [0.0,0.999982,-0.00603413],
          [-0.671266,-0.00447259,-0.741203],
          [1090.67,5.43764,1151.54]
        ],
        "unit_class": "debris_bricks_large",
        "objLayer": 2,
        "props": {
          "army": 2,
          "active": true
        }
      }
    },
    {
      "objectGroups": {
        "name": "objectGroups_42",
        "tm": [
          [0.622616,0.0,-0.782527],
          [0.0,1.0,0.0],
          [0.782527,0.0,0.622616],
          [1067.59,5.55357,1111.61]
        ],
        "unit_class": "debris_bricks_large_b",
        "objLayer": 2,
        "props": {
          "army": 2,
          "active": true
        }
      }
    },
    {
      "objectGroups": {
        "name": "objectGroups_43",
        "tm": [
          [0.622616,0.0,-0.782527],
          [0.0,1.0,0.0],
          [0.782527,0.0,0.622616],
          [1130.24,5.60607,1115.33]
        ],
        "unit_class": "debris_bricks_large_b",
        "objLayer": 2,
        "props": {
          "army": 2,
          "active": true
        }
      }
    },
    {
      "objectGroups": {
        "name": "objectGroups_44",
        "tm": [
          [0.883569,0.0,-0.468302],
          [0.0,1.0,0.0],
          [0.468302,0.0,0.883569],
          [1117.18,5.65956,1154.6]
        ],
        "unit_class": "debris_bricks_large",
        "objLayer": 2,
        "props": {
          "army": 2,
          "active": true
        }
      }
    },
    {
      "objectGroups": {
        "name": "objectGroups_45",
        "tm": [
          [-0.505134,0.0,-0.863041],
          [0.0,1.0,0.0],
          [0.863041,0.0,-0.505134],
          [1114.66,5.60606,1095.98]
        ],
        "unit_class": "debris_bricks_large_b",
        "objLayer": 2,
        "props": {
          "army": 2,
          "active": true
        }
      }
    },
    {
      "objectGroups": {
        "name": "objectGroups_46",
        "tm": [
          [-0.863396,0.0,-0.504527],
          [0.0,1.0,0.0],
          [0.504527,0.0,-0.863396],
          [990.484,6.41455,1225.45]
        ],
        "unit_class": "debris_bricks_large",
        "objLayer": 2,
        "props": {
          "army": 2,
          "active": true
        }
      }
    },
    {
      "objectGroups": {
        "name": "objectGroups_47",
        "tm": [
          [0.622616,0.0,-0.782527],
          [0.0,1.0,0.0],
          [0.782527,0.0,0.622616],
          [983.724,5.60606,1161.15]
        ],
        "unit_class": "debris_bricks_large_b",
        "objLayer": 2,
        "props": {
          "army": 2,
          "active": true
        }
      }
    },
    {
      "objectGroups": {
        "name": "objectGroups_48",
        "tm": [
          [-0.999272,0.0,-0.0381428],
          [0.0,1.0,0.0],
          [0.0381428,0.0,-0.999272],
          [1007.25,5.60603,1116.18]
        ],
        "unit_class": "debris_bricks_large_b",
        "objLayer": 2,
        "props": {
          "army": 2,
          "active": true
        }
      }
    },
    {
      "objectGroups": {
        "name": "objectGroups_49",
        "tm": [
          [0.622616,0.0,-0.782527],
          [0.0,1.0,0.0],
          [0.782527,0.0,0.622616],
          [812.596,7.11121,1078.16]
        ],
        "unit_class": "debris_bricks_large_b",
        "objLayer": 2,
        "props": {
          "army": 2,
          "active": true
        }
      }
    },
    {
      "objectGroups": {
        "name": "objectGroups_50",
        "tm": [
          [0.622616,0.0,-0.782527],
          [0.0,1.0,0.0],
          [0.782527,0.0,0.622616],
          [680.223,9.40987,1034.97]
        ],
        "unit_class": "debris_bricks_large_b",
        "objLayer": 2,
        "props": {
          "army": 2,
          "active": true
        }
      }
    },
    {
      "objectGroups": {
        "name": "objectGroups_51",
        "tm": [
          [-0.891174,0.0,-0.453662],
          [0.0,1.0,0.0],
          [0.453662,0.0,-0.891174],
          [738.62,7.93694,1017.64]
        ],
        "unit_class": "debris_bricks_large",
        "objLayer": 2,
        "props": {
          "army": 2,
          "active": true
        }
      }
    },
    {
      "objectGroups": {
        "name": "objectGroups_52",
        "tm": [
          [0.238874,0.0,0.971051],
          [0.0,1.0,0.0],
          [-0.971051,0.0,0.238874],
          [786.807,7.93694,1005.01]
        ],
        "unit_class": "debris_bricks_large",
        "objLayer": 2,
        "props": {
          "army": 2,
          "active": true
        }
      }
    },
    {
      "objectGroups": {
        "name": "objectGroups_53",
        "tm": [
          [-0.560359,0.0,-0.82825],
          [0.0,1.0,0.0],
          [0.82825,0.0,-0.560359],
          [742.816,8.50786,1095.4]
        ],
        "unit_class": "debris_bricks_large_b",
        "objLayer": 2,
        "props": {
          "army": 2,
          "active": true
        }
      }
    },
    {
      "objectGroups": {
        "name": "objectGroups_54",
        "tm": [
          [-0.560359,0.0,-0.82825],
          [0.0,1.0,0.0],
          [0.82825,0.0,-0.560359],
          [617.51,8.1124,1131.47]
        ],
        "unit_class": "debris_bricks_large_b",
        "objLayer": 2,
        "props": {
          "army": 2,
          "active": true
        }
      }
    },
    {
      "objectGroups": {
        "name": "objectGroups_55",
        "tm": [
          [0.852205,0.0,-0.523208],
          [0.0,1.0,0.0],
          [0.523208,0.0,0.852205],
          [870.698,9.40987,961.237]
        ],
        "unit_class": "debris_bricks_large_b",
        "objLayer": 2,
        "props": {
          "army": 2,
          "active": true
        }
      }
    },
    {
      "objectGroups": {
        "name": "objectGroups_56",
        "tm": [
          [0.622616,0.0,-0.782527],
          [0.0,1.0,0.0],
          [0.782527,0.0,0.622616],
          [848.39,11.3581,977.986]
        ],
        "unit_class": "debris_bricks_large",
        "objLayer": 2,
        "props": {
          "army": 2,
          "active": true
        }
      }
    },
    {
      "objectGroups": {
        "name": "objectGroups_57",
        "tm": [
          [0.908456,0.0,0.417981],
          [0.0,1.0,0.0],
          [-0.417981,0.0,0.908456],
          [842.917,11.3581,973.305]
        ],
        "unit_class": "debris_bricks_large",
        "objLayer": 2,
        "props": {
          "army": 2,
          "active": true
        }
      }
    },
    {
      "objectGroups": {
        "name": "objectGroups_58",
        "tm": [
          [0.622616,0.0,-0.782527],
          [0.0,1.0,0.0],
          [0.782527,0.0,0.622616],
          [834.367,8.15528,1095.96]
        ],
        "unit_class": "debris_bricks_large_b",
        "objLayer": 2,
        "props": {
          "army": 2,
          "active": true
        }
      }
    },
    {
      "objectGroups": {
        "name": "objectGroups_59",
        "tm": [
          [0.622616,0.0,-0.782527],
          [0.0,1.0,0.0],
          [0.782527,0.0,0.622616],
          [679.81,7.27042,1230.68]
        ],
        "unit_class": "debris_bricks_large_b",
        "objLayer": 2,
        "props": {
          "army": 2,
          "active": true
        }
      }
    },
    {
      "objectGroups": {
        "name": "objectGroups_60",
        "tm": [
          [0.547801,0.0,0.836609],
          [0.0,1.0,0.0],
          [-0.836609,0.0,0.547801],
          [569.124,7.27042,1260.85]
        ],
        "unit_class": "debris_bricks_large_b",
        "objLayer": 2,
        "props": {
          "army": 2,
          "active": true
        }
      }
    },
    {
      "objectGroups": {
        "name": "objectGroups_61",
        "tm": [
          [0.839866,0.0,-0.542793],
          [0.0,1.0,0.0],
          [0.542793,0.0,0.839866],
          [645.373,7.30299,1310.3]
        ],
        "unit_class": "debris_bricks_large_b",
        "objLayer": 2,
        "props": {
          "army": 2,
          "active": true
        }
      }
    },
    {
      "objectGroups": {
        "name": "objectGroups_62",
        "tm": [
          [-0.891174,0.0,-0.453662],
          [0.0,1.0,0.0],
          [0.453662,0.0,-0.891174],
          [654.738,7.45301,1353.0]
        ],
        "unit_class": "debris_bricks_large",
        "objLayer": 2,
        "props": {
          "army": 2,
          "active": true
        }
      }
    },
    {
      "objectGroups": {
        "name": "objectGroups_63",
        "tm": [
          [0.241298,0.0,0.970451],
          [0.0,1.0,0.0],
          [-0.970451,0.0,0.241298],
          [644.002,7.46959,1359.71]
        ],
        "unit_class": "debris_bricks_large",
        "objLayer": 2,
        "props": {
          "army": 2,
          "active": true
        }
      }
    },
    {
      "objectGroups": {
        "name": "objectGroups_64",
        "tm": [
          [0.622616,0.0,-0.782527],
          [0.0,1.0,0.0],
          [0.782527,0.0,0.622616],
          [983.55,7.7,995.8]
        ],
        "unit_class": "debris_bricks_large_b",
        "objLayer": 2,
        "props": {
          "army": 2,
          "active": true
        }
      }
    },
    {
      "objectGroups": {
        "name": "objectGroups_65",
        "tm": [
          [0.622616,0.0,-0.782527],
          [0.0,1.0,0.0],
          [0.782527,0.0,0.622616],
          [992.732,8.86662,925.361]
        ],
        "unit_class": "debris_bricks_large_b",
        "objLayer": 2,
        "props": {
          "army": 2,
          "active": true
        }
      }
    },
    {
      "objectGroups": {
        "name": "objectGroups_66",
        "tm": [
          [0.622616,0.0,-0.782527],
          [0.0,1.0,0.0],
          [0.782527,0.0,0.622616],
          [972.75,4.98,1101.28]
        ],
        "unit_class": "debris_bricks_large_b",
        "objLayer": 2,
        "props": {
          "army": 2,
          "active": true
        }
      }
    },
    {
      "objectGroups": {
        "name": "objectGroups_67",
        "tm": [
          [-0.891174,0.0,-0.453662],
          [0.0,1.0,0.0],
          [0.453662,0.0,-0.891174],
          [828.42,10.1421,1014.19]
        ],
        "unit_class": "debris_bricks_large",
        "objLayer": 2,
        "props": {
          "army": 2,
          "active": true
        }
      }
    },
    {
      "objectGroups": {
        "name": "objectGroups_68",
        "tm": [
          [0.622616,0.0,-0.782527],
          [0.0,1.0,0.0],
          [0.782527,0.0,0.622616],
          [950.921,5.55415,1453.23]
        ],
        "unit_class": "debris_bricks_large_b",
        "objLayer": 2,
        "props": {
          "army": 2,
          "active": true
        }
      }
    },
    {
      "objectGroups": {
        "name": "objectGroups_69",
        "tm": [
          [0.622616,0.0,-0.782527],
          [0.0,1.0,0.0],
          [0.782527,0.0,0.622616],
          [840.555,7.46652,1409.24]
        ],
        "unit_class": "debris_bricks_large_b",
        "objLayer": 2,
        "props": {
          "army": 2,
          "active": true
        }
      }
    },
    {
      "objectGroups": {
        "name": "objectGroups_70",
        "tm": [
          [-0.979796,0.0,0.199997],
          [0.0,1.0,0.0],
          [-0.199997,0.0,-0.979796],
          [792.715,7.46661,1321.39]
        ],
        "unit_class": "debris_bricks_large_b",
        "objLayer": 2,
        "props": {
          "army": 2,
          "active": true
        }
      }
    },
    {
      "objectGroups": {
        "name": "objectGroups_71",
        "tm": [
          [0.622616,0.0,-0.782527],
          [0.0,1.0,0.0],
          [0.782527,0.0,0.622616],
          [1102.59,7.7806,792.048]
        ],
        "unit_class": "debris_bricks_large_b",
        "objLayer": 2,
        "props": {
          "army": 2,
          "active": true
        }
      }
    },
    {
      "objectGroups": {
        "name": "objectGroups_72",
        "tm": [
          [-0.283891,0.0,-0.958856],
          [0.0,1.0,0.0],
          [0.958856,0.0,-0.283891],
          [1211.7,6.85,771.35]
        ],
        "unit_class": "debris_bricks_large_b",
        "objLayer": 2,
        "props": {
          "army": 2,
          "active": true
        }
      }
    },
    {
      "objectGroups": {
        "name": "objectGroups_73",
        "tm": [
          [-0.283891,0.0,-0.958856],
          [0.0,1.0,0.0],
          [0.958856,0.0,-0.283891],
          [1283.75,6.17531,699.53]
        ],
        "unit_class": "debris_bricks_large_b",
        "objLayer": 2,
        "props": {
          "army": 2,
          "active": true
        }
      }
    },
    {
      "objectGroups": {
        "name": "objectGroups_74",
        "tm": [
          [-0.283891,0.0,-0.958856],
          [0.0,1.0,0.0],
          [0.958856,0.0,-0.283891],
          [1332.59,6.17532,618.005]
        ],
        "unit_class": "debris_bricks_large_b",
        "objLayer": 2,
        "props": {
          "army": 2,
          "active": true
        }
      }
    },
    {
      "objectGroups": {
        "name": "objectGroups_75",
        "tm": [
          [-0.283891,0.0,-0.958856],
          [0.0,1.0,0.0],
          [0.958856,0.0,-0.283891],
          [1346.23,6.17531,606.532]
        ],
        "unit_class": "debris_bricks_large_b",
        "objLayer": 2,
        "props": {
          "army": 2,
          "active": true
        }
      }
    },
    {
      "objectGroups": {
        "name": "objectGroups_76",
        "tm": [
          [-0.283891,0.0,-0.958856],
          [0.0,1.0,0.0],
          [0.958856,0.0,-0.283891],
          [1347.89,7.13137,555.391]
        ],
        "unit_class": "debris_bricks_large_b",
        "objLayer": 2,
        "props": {
          "army": 2,
          "active": true
        }
      }
    },
    {
      "objectGroups": {
        "name": "objectGroups_77",
        "tm": [
          [-0.283891,0.0,-0.958856],
          [0.0,1.0,0.0],
          [0.958856,0.0,-0.283891],
          [1045.92,12.9121,684.229]
        ],
        "unit_class": "debris_bricks_large_b",
        "objLayer": 2,
        "props": {
          "army": 2,
          "active": true
        }
      }
    },
    {
      "objectGroups": {
        "name": "objectGroups_78",
