{
  "selected_tag": "",
  "bin_dump_file": "",
  "mission_settings": {
    "player": [
      {
        "army": 1
      },
      {
        "wing": "player01"
      },
      {
        "wing": "player02"
      },
      {
        "wing": "player03"
      },
      {
        "wing": "player04"
      },
      {
        "wing": "player05"
      },
      {
        "wing": "player06"
      },
      {
        "wing": "player07"
      },
      {
        "wing": "player08"
      },
      {
        "wing": "player09"
      },
      {
        "wing": "player10"
      },
      {
        "wing": "player11"
      },
      {
        "wing": "player12"
      },
      {
        "wing": "player13"
      },
      {
        "wing": "player14"
      },
      {
        "wing": "player15"
      },
      {
        "wing": "player16"
      },
      {
        "wing": "player17"
      },
      {
        "wing": "player18"
      },
      {
        "wing": "player19"
      },
      {
        "wing": "player20"
      },
      {
        "wing": "player21"
      },
      {
        "wing": "player22"
      },
      {
        "wing": "player23"
      },
      {
        "wing": "player24"
      },
      {
        "wing": "player25"
      },
      {
        "wing": "player26"
      },
      {
        "wing": "player27"
      },
      {
        "wing": "player28"
      },
      {
        "wing": "player29"
      },
      {
        "wing": "player30"
      },
      {
        "wing": "player31"
      },
      {
        "wing": "player32"
      }
    ],
    "player_teamB": [
      {
        "army": 2
      },
      {
        "wing": "player33"
      },
      {
        "wing": "player34"
      },
      {
        "wing": "player35"
      },
      {
        "wing": "player36"
      },
      {
        "wing": "player37"
      },
      {
        "wing": "player38"
      },
      {
        "wing": "player39"
      },
      {
        "wing": "player40"
      },
      {
        "wing": "player41"
      },
      {
        "wing": "player42"
      },
      {
        "wing": "player43"
      },
      {
        "wing": "player44"
      },
      {
        "wing": "player45"
      },
      {
        "wing": "player46"
      },
      {
        "wing": "player47"
      },
      {
        "wing": "player48"
      },
      {
        "wing": "player49"
      },
      {
        "wing": "player50"
      },
      {
        "wing": "player51"
      },
      {
        "wing": "player52"
      },
      {
        "wing": "player53"
      },
      {
        "wing": "player54"
      },
      {
        "wing": "player55"
      },
      {
        "wing": "player56"
      },
      {
        "wing": "player57"
      },
      {
        "wing": "player58"
      },
      {
        "wing": "player59"
      },
      {
        "wing": "player60"
      },
      {
        "wing": "player61"
      },
      {
        "wing": "player62"
      },
      {
        "wing": "player63"
      },
      {
        "wing": "player64"
      },
      {
        "wing": "player65"
      }
    ],
    "mission": {
      "type": "domination",
      "level": "levels/avg_rheinland.bin",
      "restoreType": "attempts",
      "optionalTakeOff": false,
      "environment": "Day",
      "weather": "hazy",
      "locName": "missions/BR;rheinland_short/name",
      "locDesc": "missions/BR/desc",
      "gt_ffa": true,
      "gt_last_man_standing": true,
      "timeLimit": 60,
      "useTankBots": true,
      "battleAreaColorPreset": "battleRoyale",
      "ignoreInvulnerableTimer": true,
      "useCustomSuperArtillery": true,
      "customSuperArtillery": "structures/streakArtillery_203mm_r100m",
      "country_axis": "germany",
      "country_allies": "ussr",
      "allowedUnitTypes": {
        "isAirplanesAllowed": false,
        "isTanksAllowed": true,
        "isShipsAllowed": false,
        "isHelicoptersAllowed": false
      }
    },
    "spectator_points": [],
    "briefing": {
      "place_loc": "",
      "date_loc": "",
      "objective_loc": "",
      "music": "action_01",
      "part": {
        "event": "",
        "minTime": 0,
        "slide": [
          {
            "map": true
          },
          {
            "minTime": 4
          },
          {
            "picture": ""
          },
          {
            "showAirMap": false
          },
          {
            "icon": {
              "icontype": "tank",
              "side": "player",
              "target": "briefing_spawn01"
            }
          },
          {
            "icon": {
              "icontype": "tank",
              "side": "enemy",
              "target": "briefing_spawn02"
            }
          },
          {
            "icon": {
              "icontype": "tank",
              "side": "enemy",
              "target": "briefing_spawn03"
            }
          },
          {
            "icon": {
              "icontype": "tank",
              "side": "enemy",
              "target": "briefing_spawn04"
            }
          },
          {
            "icon": {
              "icontype": "tank",
              "side": "enemy",
              "target": "briefing_spawn05"
            }
          },
          {
            "icon": {
              "icontype": "tank",
              "side": "enemy",
              "target": "briefing_spawn06"
            }
          },
          {
            "icon": {
              "icontype": "tank",
              "side": "enemy",
              "target": "briefing_spawn07"
            }
          },
          {
            "icon": {
              "icontype": "tank",
              "side": "enemy",
              "target": "briefing_spawn08"
            }
          },
          {
            "icon": {
              "icontype": "tank",
              "side": "enemy",
              "target": "briefing_spawn09"
            }
          }
        ]
      }
    }
  },
  "imports": {
    "import_record": {
      "file": "gameData/missions/templates/battle_royale_template.blk",
      "importAreas": true,
      "importUnits": true,
      "importTriggers": true,
      "importMissionObjectives": true,
      "importWayPoints": true,
      "showAreas": true,
      "showUnits": true,
      "showTriggers": true,
      "showMissionObjectives": true,
      "showWayPoints": true,
      "excludes": []
    }
  },
  "triggers": {
    "isCategory": true,
    "is_enabled": true,
    "rheinland_br_init": {
      "is_enabled": true,
      "comments": "",
      "props": {
        "actionsType": "PERFORM_ONE_BY_ONE",
        "conditionsType": "ALL",
        "enableAfterComplete": false
      },
      "events": {
        "initMission": []
      },
      "conditions": [],
      "actions": [
        {
          "varSetInt": {
            "value": 5,
            "var": "br_area_div",
            "fromDescriptor": "br_area_div"
          }
        },
        {
          "comment": {
            "value": "(br_area_div * 2 - 1 = 9) - number of total stages"
          }
        },
        {
          "comment": {
            "value": "(9 stages - 3 = 6) - warning will be when 3(1 row * 3 col) or 4(2 row * 2 col) sectors left"
          }
        },
        {
          "comment": {
            "value": "artillery have radius 100m radius and sector side is 1000/5=200m"
          }
        },
        {
          "comment": {
            "value": "artillery should be disabled when 2(1 row * 2 col) sectors left"
          }
        },
        {
          "varSetInt": {
            "value": 6,
            "var": "artillery_disable_stage",
            "fromDescriptor": "artillery_disable_stage"
          }
        },
        {
          "comment": {
            "value": "from 1 to br_area_div included"
          }
        },
        {
          "comment": {
            "value": "from bottom left corner to up right corner"
          }
        },
        {
          "comment": {
            "value": "(1,1) - bottom left"
          }
        },
        {
          "comment": {
            "value": "(5,1) - bottom right"
          }
        },
        {
          "comment": {
            "value": "(1,5) - up left"
          }
        },
        {
          "comment": {
            "value": "(5,5) - up right"
          }
        },
        {
          "varSetString": {
            "value": "(1,1);(2,1);(4,1);(1,2);(5,4);(1,5);(2,5);(3,5);(4,5);(5,5)",
            "var": "br_final_sector_exclude",
            "fromDescriptor": "br_final_sector_exclude"
          }
        },
        {
          "unitSetProperties": {
            "object_marking": 0,
            "object_var_name": "",
            "object_var_comp_op": "equal",
            "object_var_value": 0,
            "object": "object_groups_sqad",
            "stealthRadius": 0.0
          }
        },
        {
          "varSetInt": {
            "value": 8,
            "var": "pickups_count"
          }
        }
      ],
      "else_actions": []
    }
  },
  "mission_objectives": {
    "isCategory": true,
    "is_enabled": true
  },
  "variables": [],
  "dialogs": [],
  "airfields": [],
  "effects": [],
  "units": [
    {
      "objectGroups": {
        "name": "objectGroups_25",
        "tm": [
          [0.94415,0.0,-0.329515],
          [0.0,1.0,0.0],
          [0.329515,0.0,0.94415],
          [3497.43,7.28528,1626.01]
        ],
        "unit_class": "debris_bricks_large_b",
        "objLayer": 2,
        "props": {
          "army": 2,
          "active": true
        }
      }
    },
    {
      "objectGroups": {
        "name": "objectGroups_27",
        "tm": [
          [0.94415,0.0,-0.329515],
          [0.0,1.0,0.0],
          [0.329515,0.0,0.94415],
          [3679.36,7.31667,1722.78]
        ],
        "unit_class": "debris_bricks_large_b",
        "objLayer": 2,
        "props": {
          "army": 2,
          "active": true
        }
      }
    },
    {
      "objectGroups": {
        "name": "objectGroups_28",
        "tm": [
          [-0.572107,0.0,-0.820179],
          [0.0,1.0,0.0],
          [0.820179,0.0,-0.572107],
          [3888.56,7.31667,1627.38]
        ],
        "unit_class": "debris_bricks_large_b",
        "objLayer": 2,
        "props": {
          "army": 2,
          "active": true
        }
      }
    },
    {
      "objectGroups": {
        "name": "objectGroups_29",
        "tm": [
          [-0.572107,0.0,-0.820179],
          [0.0,1.0,0.0],
          [0.820179,0.0,-0.572107],
          [4036.7,7.31667,1693.99]
        ],
        "unit_class": "debris_bricks_large_b",
        "objLayer": 2,
        "props": {
          "army": 2,
          "active": true
        }
      }
    },
    {
      "objectGroups": {
        "name": "objectGroups_30",
        "tm": [
          [0.767502,0.0,-0.641046],
          [0.0,1.0,0.0],
          [0.641046,0.0,0.767502],
          [4036.25,7.3,1778.34]
        ],
        "unit_class": "debris_bricks_large_b",
        "objLayer": 2,
        "props": {
          "army": 2,
          "active": true
        }
      }
    },
    {
      "objectGroups": {
        "name": "objectGroups_32",
        "tm": [
          [0.985863,0.0,0.167551],
          [0.0,1.0,0.0],
          [-0.167551,0.0,0.985863],
          [4048.42,7.31667,1956.07]
        ],
        "unit_class": "debris_bricks_large_b",
        "objLayer": 2,
        "props": {
          "army": 2,
          "active": true
        }
      }
    },
    {
      "objectGroups": {
        "name": "objectGroups_33",
        "tm": [
          [0.442456,0.0,0.89679],
          [0.0,1.0,0.0],
          [-0.89679,0.0,0.442456],
          [4075.49,7.31667,2050.7]
        ],
        "unit_class": "debris_bricks_large_b",
        "objLayer": 2,
        "props": {
          "army": 2,
          "active": true
        }
      }
    },
    {
      "objectGroups": {
        "name": "objectGroups_34",
        "tm": [
          [0.972212,0.0,-0.2341],
          [0.0,1.0,0.0],
          [0.2341,0.0,0.972212],
          [4071.62,7.31667,1933.53]
        ],
        "unit_class": "debris_bricks_large_b",
        "objLayer": 2,
        "props": {
          "army": 2,
          "active": true
        }
      }
    },
    {
      "objectGroups": {
        "name": "objectGroups_26",
        "tm": [
          [-0.0603109,0.0,-0.99818],
          [0.0,1.0,0.0],
          [0.99818,0.0,-0.0603109],
          [3418.7,7.3,1798.39]
        ],
        "unit_class": "debris_bricks_large_b",
        "objLayer": 2,
        "props": {
          "army": 2,
          "active": true
        }
      }
    },
    {
      "objectGroups": {
        "name": "objectGroups_35",
        "tm": [
          [0.978965,0.0,0.204026],
          [0.0,1.0,0.0],
          [-0.204026,0.0,0.978965],
          [3440.14,7.31665,1848.12]
        ],
        "unit_class": "debris_bricks_large_b",
        "objLayer": 2,
        "props": {
          "army": 2,
          "active": true
        }
      }
    },
    {
      "objectGroups": {
        "name": "objectGroups_36",
        "tm": [
          [0.978965,0.0,0.204026],
          [0.0,1.0,0.0],
          [-0.204026,0.0,0.978965],
          [3361.32,7.31664,1810.58]
        ],
        "unit_class": "debris_bricks_large_b",
        "objLayer": 2,
        "props": {
          "army": 2,
          "active": true
        }
      }
    },
    {
      "objectGroups": {
        "name": "objectGroups_37",
        "tm": [
          [0.978965,0.0,0.204026],
          [0.0,1.0,0.0],
          [-0.204026,0.0,0.978965],
          [3131.6,7.31665,1791.04]
        ],
        "unit_class": "debris_bricks_large_b",
        "objLayer": 2,
        "props": {
          "army": 2,
          "active": true
        }
      }
    },
    {
      "objectGroups": {
        "name": "objectGroups_38",
        "tm": [
          [-0.420926,0.0,0.907095],
          [0.0,1.0,0.0],
          [-0.907095,0.0,-0.420926],
          [3198.25,7.3,1820.79]
        ],
        "unit_class": "debris_bricks_large_b",
        "objLayer": 2,
        "props": {
          "army": 2,
          "active": true
        }
      }
    },
    {
      "objectGroups": {
        "name": "objectGroups_39",
        "tm": [
          [-0.307557,0.0,0.95153],
          [0.0,1.0,0.0],
          [-0.95153,0.0,-0.307557],
          [3128.35,7.31665,1822.43]
        ],
        "unit_class": "debris_bricks_large_b",
        "objLayer": 2,
        "props": {
          "army": 2,
          "active": true
        }
      }
    },
    {
      "objectGroups": {
        "name": "objectGroups_40",
        "tm": [
          [-0.0571246,0.0,0.998367],
          [0.0,1.0,0.0],
          [-0.998367,0.0,-0.0571246],
          [3193.25,7.3,1808.39]
        ],
        "unit_class": "debris_bricks_large_b",
        "objLayer": 2,
        "props": {
          "army": 2,
          "active": true
        }
      }
    },
    {
      "objectGroups": {
        "name": "objectGroups_41",
        "tm": [
          [0.456236,0.0,0.889859],
          [0.0,1.0,0.0],
          [-0.889859,0.0,0.456236],
          [4013.85,7.3,2330.29]
        ],
        "unit_class": "debris_bricks_large_b",
        "objLayer": 2,
        "props": {
          "army": 2,
          "active": true
        }
      }
    },
    {
      "objectGroups": {
        "name": "objectGroups_42",
        "tm": [
          [-0.602207,0.0,0.79834],
          [0.0,1.0,0.0],
          [-0.79834,0.0,-0.602207],
          [4003.3,7.3,2376.34]
        ],
        "unit_class": "debris_bricks_large_b",
        "objLayer": 2,
        "props": {
          "army": 2,
          "active": true
        }
      }
    },
    {
      "objectGroups": {
        "name": "objectGroups_43",
        "tm": [
          [-0.906291,0.0,-0.422655],
          [0.0,1.0,0.0],
          [0.422655,0.0,-0.906291],
          [3977.6,7.3,2401.79]
        ],
        "unit_class": "debris_bricks_large_b",
        "objLayer": 2,
        "props": {
          "army": 2,
          "active": true
        }
      }
    },
    {
      "objectGroups": {
        "name": "objectGroups_44",
        "tm": [
          [0.356106,0.0,-0.934446],
          [0.0,1.0,0.0],
          [0.934446,0.0,0.356106],
          [3929.85,7.3,2475.59]
        ],
        "unit_class": "debris_bricks_large_b",
        "objLayer": 2,
        "props": {
          "army": 2,
          "active": true
        }
      }
    },
    {
      "objectGroups": {
        "name": "objectGroups_45",
        "tm": [
          [0.356106,0.0,-0.934446],
          [0.0,1.0,0.0],
          [0.934446,0.0,0.356106],
          [3633.74,7.31665,2531.99]
        ],
        "unit_class": "debris_bricks_large_b",
        "objLayer": 2,
        "props": {
          "army": 2,
          "active": true
        }
      }
    },
    {
      "objectGroups": {
        "name": "objectGroups_46",
        "tm": [
          [0.990094,0.0,-0.140409],
          [0.0,1.0,0.0],
          [0.140409,0.0,0.990094],
          [3683.79,7.31665,2523.42]
        ],
        "unit_class": "debris_bricks_large_b",
        "objLayer": 2,
        "props": {
          "army": 2,
          "active": true
        }
      }
    },
    {
      "objectGroups": {
        "name": "objectGroups_47",
        "tm": [
          [-0.987841,0.0,-0.155466],
          [0.0,1.0,0.0],
          [0.155466,0.0,-0.987841],
          [3661.9,7.31665,2575.01]
        ],
        "unit_class": "debris_bricks_large_b",
        "objLayer": 2,
        "props": {
          "army": 2,
          "active": true
        }
      }
    },
    {
      "objectGroups": {
        "name": "objectGroups_48",
        "tm": [
          [-0.651081,0.0,-0.759008],
          [0.0,1.0,0.0],
          [0.759008,0.0,-0.651081],
          [3655.96,9.86635,1972.36]
        ],
        "unit_class": "debris_bricks_large",
        "objLayer": 2,
        "props": {
          "army": 2,
          "active": true
        }
      }
    },
    {
      "objectGroups": {
        "name": "objectGroups_04",
        "tm": [
          [-0.651081,0.0,-0.759008],
          [0.0,1.0,0.0],
          [0.759008,0.0,-0.651081],
          [3702.6,7.55263,1915.47]
        ],
        "unit_class": "debris_bricks_large_b",
        "objLayer": 2,
        "props": {
          "army": 2,
          "active": true
        }
      }
    },
    {
      "objectGroups": {
        "name": "objectGroups_03",
        "tm": [
          [-0.651081,0.0,-0.759008],
          [0.0,1.0,0.0],
          [0.759008,0.0,-0.651081],
          [3713.67,7.55263,1858.01]
        ],
        "unit_class": "debris_bricks_large_b",
        "objLayer": 2,
        "props": {
          "army": 2,
          "active": true
        }
      }
    },
    {
      "objectGroups": {
        "name": "objectGroups_02",
        "tm": [
          [-0.651081,0.0,-0.759008],
          [0.0,1.0,0.0],
          [0.759008,0.0,-0.651081],
          [3605.49,7.55269,1900.77]
        ],
        "unit_class": "debris_bricks_large_b",
        "objLayer": 2,
        "props": {
          "army": 2,
          "active": true
        }
      }
    },
    {
      "objectGroups": {
        "name": "objectGroups_53",
        "tm": [
          [-0.919751,0.0,0.392502],
          [0.0,1.0,0.0],
          [-0.392502,0.0,-0.919751],
          [3674.59,9.86632,1984.29]
        ],
        "unit_class": "debris_bricks_large",
        "objLayer": 2,
        "props": {
          "army": 2,
          "active": true
        }
      }
    },
    {
      "objectGroups": {
        "name": "objectGroups_54",
        "tm": [
          [-0.653043,0.0,0.75732],
          [0.0,1.0,0.0],
          [-0.75732,0.0,-0.653043],
          [3674.11,7.55272,2001.56]
        ],
        "unit_class": "debris_bricks_large_b",
        "objLayer": 2,
        "props": {
          "army": 2,
          "active": true
        }
      }
    },
    {
      "objectGroups": {
        "name": "objectGroups_55",
        "tm": [
          [-0.0659167,0.0,0.997825],
          [0.0,1.0,0.0],
          [-0.997825,0.0,-0.0659167],
          [3612.52,9.82323,1964.66]
        ],
        "unit_class": "debris_bricks_large_b",
        "objLayer": 2,
        "props": {
          "army": 2,
          "active": true
        }
      }
    },
    {
      "objectGroups": {
        "name": "objectGroups_56",
        "tm": [
          [-0.0659167,0.0,0.997825],
          [0.0,1.0,0.0],
          [-0.997825,0.0,-0.0659167],
          [3608.56,9.82317,2075.42]
        ],
        "unit_class": "debris_bricks_large_b",
        "objLayer": 2,
        "props": {
          "army": 2,
          "active": true
        }
      }
    },
    {
      "objectGroups": {
        "name": "objectGroups_01",
        "tm": [
          [-0.651081,0.0,-0.759008],
          [0.0,1.0,0.0],
          [0.759008,0.0,-0.651081],
          [3612.98,7.55263,1855.08]
        ],
        "unit_class": "debris_bricks_large_b",
        "objLayer": 2,
        "props": {
          "army": 2,
          "active": true
        }
      }
    },
    {
      "objectGroups": {
        "name": "objectGroups_49",
        "tm": [
          [0.978965,0.0,0.204026],
          [0.0,1.0,0.0],
          [-0.204026,0.0,0.978965],
          [3203.7,7.3,1852.54]
        ],
        "unit_class": "debris_bricks_large_b",
        "objLayer": 2,
        "props": {
          "army": 2,
          "active": true
        }
      }
    },
    {
      "objectGroups": {
        "name": "objectGroups_57",
        "tm": [
          [0.987892,0.0,0.155143],
          [0.0,1.0,0.0],
          [-0.155143,0.0,0.987892],
          [3291.15,9.8,2322.79]
        ],
        "unit_class": "debris_bricks_large_b",
        "objLayer": 2,
        "props": {
          "army": 2,
          "active": true
        }
      }
    },
    {
      "objectGroups": {
        "name": "objectGroups_58",
        "tm": [
          [-0.890681,0.0,0.454628],
          [0.0,1.0,0.0],
          [-0.454628,0.0,-0.890681],
          [3536.34,9.82318,2239.56]
        ],
        "unit_class": "debris_bricks_large",
        "objLayer": 2,
        "props": {
          "army": 2,
          "active": true
        }
      }
    },
    {
      "objectGroups": {
        "name": "objectGroups_50",
        "tm": [
          [-0.906291,0.0,-0.422655],
          [0.0,1.0,0.0],
          [0.422655,0.0,-0.906291],
          [3578.99,7.31665,2286.45]
        ],
        "unit_class": "debris_bricks_large_b",
        "objLayer": 2,
        "props": {
          "army": 2,
          "active": true
        }
      }
    },
    {
      "objectGroups": {
        "name": "objectGroups_51",
        "tm": [
          [0.964269,0.0,-0.264925],
          [0.0,1.0,0.0],
          [0.264925,0.0,0.964269],
          [3566.07,7.31665,2296.3]
        ],
        "unit_class": "debris_bricks_large_b",
        "objLayer": 2,
        "props": {
          "army": 2,
          "active": true
        }
      }
    },
    {
      "objectGroups": {
        "name": "objectGroups_59",
        "tm": [
          [-0.890681,0.0,0.454628],
          [0.0,1.0,0.0],
          [-0.454628,0.0,-0.890681],
          [3555.86,9.82315,2307.23]
        ],
        "unit_class": "debris_bricks_large",
        "objLayer": 2,
        "props": {
          "army": 2,
          "active": true
        }
      }
    },
    {
      "objectGroups": {
        "name": "objectGroups_52",
        "tm": [
          [-0.636105,0.0,0.771603],
          [0.0,1.0,0.0],
          [-0.771603,0.0,-0.636105],
          [3572.24,7.31665,2230.58]
        ],
        "unit_class": "debris_bricks_large_b",
        "objLayer": 2,
        "props": {
          "army": 2,
          "active": true
        }
      }
    },
    {
      "objectGroups": {
        "name": "objectGroups_60",
        "tm": [
          [0.558139,0.0,-0.829747],
          [0.0,1.0,0.0],
          [0.829747,0.0,0.558139],
          [3536.96,9.82318,2253.5]
        ],
        "unit_class": "debris_bricks_large",
        "objLayer": 2,
        "props": {
          "army": 2,
          "active": true
        }
      }
    },
    {
      "objectGroups": {
        "name": "objectGroups_61",
        "tm": [
          [0.151144,0.0,0.988512],
          [0.0,1.0,0.0],
          [-0.988512,0.0,0.151144],
          [3932.91,9.8232,1812.44]
        ],
        "unit_class": "debris_bricks_large",
        "objLayer": 2,
        "props": {
          "army": 2,
          "active": true
        }
      }
    },
    {
      "objectGroups": {
        "name": "objectGroups_62",
        "tm": [
          [0.972212,0.0,-0.2341],
          [0.0,1.0,0.0],
          [0.2341,0.0,0.972212],
          [3890.04,7.31668,1852.36]
        ],
        "unit_class": "debris_bricks_large_b",
        "objLayer": 2,
        "props": {
          "army": 2,
          "active": true
        }
      }
    },
    {
      "objectGroups": {
        "name": "objectGroups_63",
        "tm": [
          [0.976491,0.0,-0.21556],
          [0.0,1.0,0.0],
          [0.21556,0.0,0.976491],
          [3947.1,9.82318,2119.89]
        ],
        "unit_class": "debris_bricks_large",
        "objLayer": 2,
        "props": {
          "army": 2,
          "active": true
        }
      }
    },
    {
      "objectGroups": {
        "name": "objectGroups_64",
        "tm": [
          [-0.906291,0.0387298,-0.420877],
          [0.0,0.995793,0.0916346],
          [0.422655,0.0830476,-0.902478],
          [3224.38,8.8346,2114.85]
        ],
        "unit_class": "debris_bricks_large_b",
        "objLayer": 2,
        "props": {
          "army": 2,
          "active": true
        }
      }
    },
    {
      "objectGroups": {
        "name": "objectGroups_65",
        "tm": [
          [-0.625108,0.0,-0.780538],
          [0.0,1.0,0.0],
          [0.780538,0.0,-0.625108],
          [3578.0,9.82318,2439.61]
        ],
        "unit_class": "debris_bricks_large",
        "objLayer": 2,
        "props": {
          "army": 2,
          "active": true
        }
      }
    },
    {
      "objectGroups": {
        "name": "objectGroups_66",
        "tm": [
          [0.0233785,0.0,0.999727],
          [0.0,1.0,0.0],
          [-0.999727,0.0,0.0233785],
          [3594.34,9.82318,2443.54]
        ],
        "unit_class": "debris_bricks_large",
        "objLayer": 2,
        "props": {
          "army": 2,
          "active": true
        }
      }
    },
    {
      "objectGroups": {
        "name": "objectGroups_67",
        "tm": [
          [0.786282,0.0,0.617868],
          [0.0,1.0,0.0],
          [-0.617868,0.0,0.786282],
          [3573.51,9.82318,2442.99]
        ],
        "unit_class": "debris_bricks_large",
        "objLayer": 2,
        "props": {
          "army": 2,
          "active": true
        }
      }
    },
    {
      "objectGroups": {
        "name": "objectGroups_68",
        "tm": [
          [-0.995808,0.0,0.0914696],
          [0.0,1.0,0.0],
          [-0.0914696,0.0,-0.995808],
          [3601.64,7.31665,2457.2]
        ],
        "unit_class": "debris_bricks_large_b",
        "objLayer": 2,
        "props": {
          "army": 2,
          "active": true
        }
      }
    },
    {
      "objectGroups": {
        "name": "objectGroups_69",
        "tm": [
          [0.0280847,0.0,0.999605],
          [0.0,1.0,0.0],
          [-0.999605,0.0,0.0280847],
          [3690.72,9.8,2284.02]
        ],
        "unit_class": "debris_bricks_large",
        "objLayer": 2,
        "props": {
          "army": 2,
          "active": true
        }
      }
    },
    {
      "objectGroups": {
        "name": "objectGroups_70",
        "tm": [
          [0.865147,0.0,-0.501519],
          [0.0,1.0,0.0],
          [0.501519,0.0,0.865147],
          [3678.0,9.8,2280.14]
        ],
        "unit_class": "debris_bricks_large",
        "objLayer": 2,
        "props": {
          "army": 2,
          "active": true
        }
      }
    },
    {
      "objectGroups": {
        "name": "objectGroups_71",
        "tm": [
          [-0.989058,0.0,0.147522],
          [0.0,1.0,0.0],
          [-0.147522,0.0,-0.989058],
          [3672.54,9.8,2270.64]
        ],
        "unit_class": "debris_bricks_large",
        "objLayer": 2,
        "props": {
          "army": 2,
          "active": true
        }
      }
    },
    {
      "objectGroups": {
        "name": "objectGroups_72",
        "tm": [
          [-0.694011,0.0,0.719964],
          [0.0,1.0,0.0],
          [-0.719964,0.0,-0.694011],
          [3672.3,9.8,2261.09]
        ],
        "unit_class": "debris_bricks_large",
        "objLayer": 2,
        "props": {
          "army": 2,
          "active": true
        }
      }
    },
    {
      "objectGroups": {
        "name": "objectGroups_73",
        "tm": [
          [-0.906291,0.0,-0.422655],
          [0.0,1.0,0.0],
          [0.422655,0.0,-0.906291],
          [3679.3,7.3,2245.69]
        ],
        "unit_class": "debris_bricks_large_b",
        "objLayer": 2,
        "props": {
          "army": 2,
          "active": true
        }
      }
    },
    {
      "objectGroups": {
        "name": "objectGroups_74",
        "tm": [
          [-0.625108,0.0,-0.780538],
          [0.0,1.0,0.0],
          [0.780538,0.0,-0.625108],
          [3658.75,9.8,2362.54]
        ],
        "unit_class": "debris_bricks_large",
        "objLayer": 2,
        "props": {
          "army": 2,
          "active": true
        }
      }
    },
    {
      "objectGroups": {
        "name": "objectGroups_75",
        "tm": [
          [0.495802,0.0,-0.868436],
          [0.0,1.0,0.0],
          [0.868436,0.0,0.495802],
          [3506.3,9.85,1791.49]
        ],
        "unit_class": "debris_bricks_large",
        "objLayer": 2,
        "props": {
          "army": 2,
          "active": true
        }
      }
    },
    {
      "objectGroups": {
        "name": "objectGroups_76",
        "tm": [
          [-0.890681,0.0,0.454628],
          [0.0,1.0,0.0],
          [-0.454628,0.0,-0.890681],
          [3546.1,9.8,2094.34]
        ],
        "unit_class": "debris_bricks_large",
        "objLayer": 2,
        "props": {
          "army": 2,
          "active": true
        }
      }
    },
    {
      "objectGroups": {
        "name": "objectGroups_77",
        "tm": [
          [0.0949318,0.0,0.995484],
          [0.0,1.0,0.0],
          [-0.995484,0.0,0.0949318],
          [3564.05,9.8,2083.64]
        ],
        "unit_class": "debris_bricks_large",
        "objLayer": 2,
        "props": {
          "army": 2,
          "active": true
        }
      }
    },
    {
      "objectGroups": {
        "name": "objectGroups_78",
        "tm": [
          [-0.759986,0.0,0.64994],
          [0.0,1.0,0.0],
          [-0.64994,0.0,-0.759986],
          [3577.85,9.8,2098.79]
        ],
        "unit_class": "debris_bricks_large",
        "objLayer": 2,
        "props": {
          "army": 2,
          "active": true
        }
      }
    },
    {
      "objectGroups": {
        "name": "objectGroups_79",
        "tm": [
          [0.282107,0.0,-0.959383],
          [0.0,1.0,0.0],
          [0.959383,0.0,0.282107],
          [3571.2,9.8,2088.29]
        ],
        "unit_class": "debris_bricks_large",
        "objLayer": 2,
        "props": {
          "army": 2,
          "active": true
        }
      }
    },
    {
      "objectGroups": {
        "name": "objectGroups_80",
        "tm": [
          [-0.996588,0.0,0.082532],
          [0.0,1.0,0.0],
          [-0.082532,0.0,-0.996588],
          [3591.3,9.8,2124.44]
        ],
        "unit_class": "debris_bricks_large_b",
        "objLayer": 2,
        "props": {
          "army": 2,
          "active": true
        }
      }
    },
    {
      "objectGroups": {
        "name": "objectGroups_81",
        "tm": [
          [0.858247,0.0,0.513238],
          [0.0,1.0,0.0],
          [-0.513238,0.0,0.858247],
          [3199.15,7.3,2169.84]
        ],
        "unit_class": "debris_bricks_large_b",
        "objLayer": 2,
        "props": {
          "army": 2,
          "active": true
        }
      }
    },
    {
      "objectGroups": {
        "name": "objectGroups_82",
        "tm": [
          [-0.72278,0.0,-0.691079],
          [0.0,1.0,0.0],
          [0.691079,0.0,-0.72278],
          [3291.95,7.3,2165.24]
        ],
        "unit_class": "debris_bricks_large_b",
        "objLayer": 2,
        "props": {
          "army": 2,
          "active": true
        }
      }
    },
    {
      "objectGroups": {
        "name": "objectGroups_83",
        "tm": [
          [-0.518174,0.0,0.855275],
          [0.0,1.0,0.0],
          [-0.855275,0.0,-0.518174],
          [3273.9,7.3,2157.69]
        ],
        "unit_class": "debris_bricks_large_b",
        "objLayer": 2,
        "props": {
          "army": 2,
          "active": true
        }
      }
    },
    {
      "objectGroups": {
        "name": "objectGroups_84",
        "tm": [
          [-0.906291,0.0,-0.422655],
          [0.0,1.0,0.0],
          [0.422655,0.0,-0.906291],
          [3228.5,7.3,2010.34]
        ],
        "unit_class": "debris_bricks_large_b",
        "objLayer": 2,
        "props": {
          "army": 2,
          "active": true
        }
      }
    },
    {
      "objectGroups": {
        "name": "objectGroups_85",
        "tm": [
          [-0.12003,0.0,0.992771],
          [0.0,1.0,0.0],
          [-0.992771,0.0,-0.12003],
          [3262.61,7.3,2090.82]
        ],
        "unit_class": "debris_bricks_large_b",
        "objLayer": 2,
        "props": {
          "army": 2,
          "active": true
        }
      }
    },
    {
      "objectGroups": {
        "name": "objectGroups_86",
        "tm": [
          [0.858247,0.0,0.513238],
          [0.0,1.0,0.0],
          [-0.513238,0.0,0.858247],
          [3151.6,7.3,2370.79]
        ],
        "unit_class": "debris_bricks_large_b",
        "objLayer": 2,
        "props": {
          "army": 2,
          "active": true
        }
      }
    },
    {
      "objectGroups": {
        "name": "objectGroups_87",
        "tm": [
          [-0.840267,0.0,0.542173],
          [0.0,1.0,0.0],
          [-0.542173,0.0,-0.840267],
          [3181.85,7.3,2450.14]
        ],
        "unit_class": "debris_bricks_large_b",
        "objLayer": 2,
        "props": {
          "army": 2,
          "active": true
        }
      }
    },
    {
      "objectGroups": {
        "name": "objectGroups_88",
        "tm": [
          [0.78452,0.0,-0.620104],
          [0.0,1.0,0.0],
          [0.620104,0.0,0.78452],
          [3215.2,7.3,2432.59]
        ],
        "unit_class": "debris_bricks_large_b",
        "objLayer": 2,
        "props": {
          "army": 2,
          "active": true
        }
      }
    },
    {
      "objectGroups": {
        "name": "objectGroups_89",
        "tm": [
          [-0.841727,0.0,-0.539904],
          [0.0,1.0,0.0],
          [0.539904,0.0,-0.841727],
          [3165.9,7.3,2412.29]
        ],
        "unit_class": "debris_bricks_large_b",
        "objLayer": 2,
        "props": {
          "army": 2,
          "active": true
        }
      }
    },
    {
      "objectGroups": {
        "name": "objectGroups_90",
        "tm": [
          [-0.257928,0.0,-0.966164],
          [0.0,1.0,0.0],
          [0.966164,0.0,-0.257928],
          [3178.8,7.3,2287.44]
        ],
        "unit_class": "debris_bricks_large_b",
        "objLayer": 2,
        "props": {
          "army": 2,
          "active": true
        }
      }
    },
    {
      "objectGroups": {
        "name": "objectGroups_91",
        "tm": [
          [-0.947066,0.0,0.321041],
          [0.0,1.0,0.0],
          [-0.321041,0.0,-0.947066],
          [3211.75,7.3,2263.49]
        ],
        "unit_class": "debris_bricks_large_b",
        "objLayer": 2,
        "props": {
          "army": 2,
          "active": true
        }
      }
    },
    {
      "objectGroups": {
        "name": "objectGroups_92",
        "tm": [
          [0.978423,0.0,0.206614],
          [0.0,1.0,0.0],
          [-0.206614,0.0,0.978423],
          [3198.0,7.3,2351.04]
        ],
        "unit_class": "debris_bricks_large_b",
        "objLayer": 2,
        "props": {
          "army": 2,
          "active": true
        }
      }
    },
    {
      "objectGroups": {
        "name": "objectGroups_93",
        "tm": [
          [0.841377,0.0,-0.540449],
          [0.0,1.0,0.0],
          [0.540449,0.0,0.841377],
          [3232.7,9.8,2339.34]
        ],
        "unit_class": "debris_bricks_large",
        "objLayer": 2,
        "props": {
          "army": 2,
          "active": true
        }
      }
    },
    {
      "objectGroups": {
        "name": "objectGroups_94",
        "tm": [
          [0.156727,0.0,0.987642],
          [0.0,1.0,0.0],
          [-0.987642,0.0,0.156727],
          [3276.85,7.3,2367.54]
        ],
        "unit_class": "debris_bricks_large_b",
        "objLayer": 2,
        "props": {
          "army": 2,
          "active": true
        }
      }
    },
    {
      "objectGroups": {
        "name": "objectGroups_95",
        "tm": [
          [0.280293,0.0,0.959914],
          [0.0,1.0,0.0],
          [-0.959914,0.0,0.280293],
          [3530.2,7.3,1663.54]
        ],
        "unit_class": "debris_bricks_large_b",
        "objLayer": 2,
        "props": {
          "army": 2,
          "active": true
        }
      }
    },
    {
      "objectGroups": {
        "name": "objectGroups_31",
        "tm": [
          [0.565707,0.0,0.824606],
          [0.0,1.0,0.0],
          [-0.824606,0.0,0.565707],
          [4050.85,7.3,1827.79]
        ],
        "unit_class": "debris_bricks_large_b",
        "objLayer": 2,
        "props": {
          "army": 2,
          "active": true
        }
      }
    },
    {
      "objectGroups": {
        "name": "objectGroups_96",
        "tm": [
          [0.0732392,0.0,0.997315],
          [0.0,1.0,0.0],
          [-0.997315,0.0,0.0732392],
          [3905.05,8.1,2434.24]
        ],
        "unit_class": "debris_bricks_large_b",
        "objLayer": 2,
        "props": {
          "army": 2,
          "active": true
        }
      }
    },
    {
      "objectGroups": {
        "name": "objectGroups_97",
        "tm": [
          [0.592694,0.0,0.805428],
          [0.0,1.0,0.0],
          [-0.805428,0.0,0.592694],
          [4004.95,7.8,2483.99]
        ],
        "unit_class": "debris_bricks_large_b",
        "objLayer": 2,
        "props": {
          "army": 2,
          "active": true
        }
      }
    },
    {
      "area_squad": {
        "name": "spawn_area_sq",
        "tm": [
          [1.0,0.0,0.0],
          [0.0,1.0,0.0],
          [0.0,0.0,1.0],
          [4364.75,0.95,1934.74]
        ],
        "props": [
          {
            "squad_members": "spawn01"
          },
          {
            "squad_members": "spawn02"
          },
          {
            "squad_members": "spawn03"
          },
          {
            "squad_members": "spawn10"
          },
          {
            "squad_members": "spawn11"
          },
          {
            "squad_members": "spawn12"
          },
          {
            "squad_members": "spawn14"
          },
          {
            "squad_members": "spawn15"
          },
          {
            "squad_members": "spawn16"
          },
          {
            "squad_members": "spawn17"
          },
          {
            "squad_members": "spawn18"
          },
          {
            "squad_members": "spawn20"
          },
          {
            "squad_members": "spawn21"
          },
          {
            "squad_members": "spawn23"
          },
          {
            "squad_members": "spawn24"
          },
          {
            "squad_members": "spawn25"
          },
          {
            "squad_members": "spawn26"
          },
          {
            "squad_members": "spawn27"
          },
          {
            "squad_members": "spawn28"
          },
          {
