{
  "selected_tag": "",
  "bin_dump_file": "",
  "mission_settings": {
    "player": [
      {
        "army": 1
      },
      {
        "wing": "player01"
      },
      {
        "wing": "player02"
      },
      {
        "wing": "player03"
      },
      {
        "wing": "player04"
      },
      {
        "wing": "player05"
      },
      {
        "wing": "player06"
      },
      {
        "wing": "player07"
      },
      {
        "wing": "player08"
      },
      {
        "wing": "player09"
      },
      {
        "wing": "player10"
      },
      {
        "wing": "player11"
      },
      {
        "wing": "player12"
      },
      {
        "wing": "player13"
      },
      {
        "wing": "player14"
      },
      {
        "wing": "player15"
      },
      {
        "wing": "player16"
      },
      {
        "wing": "player17"
      },
      {
        "wing": "player18"
      },
      {
        "wing": "player19"
      },
      {
        "wing": "player20"
      },
      {
        "wing": "player21"
      },
      {
        "wing": "player22"
      },
      {
        "wing": "player23"
      },
      {
        "wing": "player24"
      },
      {
        "wing": "player25"
      },
      {
        "wing": "player26"
      },
      {
        "wing": "player27"
      },
      {
        "wing": "player28"
      },
      {
        "wing": "player29"
      },
      {
        "wing": "player30"
      },
      {
        "wing": "player31"
      },
      {
        "wing": "player32"
      }
    ],
    "player_teamB": [
      {
        "army": 2
      },
      {
        "wing": "player33"
      },
      {
        "wing": "player34"
      },
      {
        "wing": "player35"
      },
      {
        "wing": "player36"
      },
      {
        "wing": "player37"
      },
      {
        "wing": "player38"
      },
      {
        "wing": "player39"
      },
      {
        "wing": "player40"
      },
      {
        "wing": "player41"
      },
      {
        "wing": "player42"
      },
      {
        "wing": "player43"
      },
      {
        "wing": "player44"
      },
      {
        "wing": "player45"
      },
      {
        "wing": "player46"
      },
      {
        "wing": "player47"
      },
      {
        "wing": "player48"
      },
      {
        "wing": "player49"
      },
      {
        "wing": "player50"
      },
      {
        "wing": "player51"
      },
      {
        "wing": "player52"
      },
      {
        "wing": "player53"
      },
      {
        "wing": "player54"
      },
      {
        "wing": "player55"
      },
      {
        "wing": "player56"
      },
      {
        "wing": "player57"
      },
      {
        "wing": "player58"
      },
      {
        "wing": "player59"
      },
      {
        "wing": "player60"
      },
      {
        "wing": "player61"
      },
      {
        "wing": "player62"
      },
      {
        "wing": "player63"
      },
      {
        "wing": "player64"
      },
      {
        "wing": "player65"
      }
    ],
    "mission": {
      "type": "domination",
      "level": "levels/avg_stalingrad_factory.bin",
      "restoreType": "attempts",
      "optionalTakeOff": false,
      "environment": "Day",
      "weather": "hazy",
      "locName": "missions/BR;stalingrad_factory/name",
      "locDesc": "missions/BR/desc",
      "gt_ffa": true,
      "gt_last_man_standing": true,
      "timeLimit": 60,
      "useTankBots": true,
      "battleAreaColorPreset": "battleRoyale",
      "ignoreInvulnerableTimer": true,
      "useCustomSuperArtillery": true,
      "customSuperArtillery": "structures/streakArtillery_203mm_r200m",
      "country_axis": "germany",
      "country_allies": "ussr",
      "allowedUnitTypes": {
        "isAirplanesAllowed": false,
        "isTanksAllowed": true,
        "isShipsAllowed": false,
        "isHelicoptersAllowed": false
      }
    },
    "spectator_points": [],
    "briefing": {
      "place_loc": "",
      "date_loc": "",
      "objective_loc": "",
      "music": "action_01",
      "part": {
        "event": "",
        "minTime": 0,
        "slide": [
          {
            "map": true
          },
          {
            "minTime": 4
          },
          {
            "picture": ""
          },
          {
            "showAirMap": false
          },
          {
            "icon": {
              "icontype": "tank",
              "side": "player",
              "target": "briefing_spawn01"
            }
          },
          {
            "icon": {
              "icontype": "tank",
              "side": "enemy",
              "target": "briefing_spawn02"
            }
          },
          {
            "icon": {
              "icontype": "tank",
              "side": "enemy",
              "target": "briefing_spawn03"
            }
          },
          {
            "icon": {
              "icontype": "tank",
              "side": "enemy",
              "target": "briefing_spawn04"
            }
          },
          {
            "icon": {
              "icontype": "tank",
              "side": "enemy",
              "target": "briefing_spawn05"
            }
          },
          {
            "icon": {
              "icontype": "tank",
              "side": "enemy",
              "target": "briefing_spawn06"
            }
          },
          {
            "icon": {
              "icontype": "tank",
              "side": "enemy",
              "target": "briefing_spawn07"
            }
          },
          {
            "icon": {
              "icontype": "tank",
              "side": "enemy",
              "target": "briefing_spawn08"
            }
          },
          {
            "icon": {
              "icontype": "tank",
              "side": "enemy",
              "target": "briefing_spawn09"
            }
          }
        ]
      }
    }
  },
  "imports": [
    {
      "import_record": {
        "file": "gameData/missions/templates/battle_royale_template.blk",
        "importAreas": true,
        "importUnits": true,
        "importTriggers": true,
        "importMissionObjectives": true,
        "importWayPoints": true,
        "showAreas": true,
        "showUnits": true,
        "showTriggers": true,
        "showMissionObjectives": true,
        "showWayPoints": true,
        "excludes": []
      }
    },
    {
      "import_record": {
        "file": "gameData/missions/bridges/stalingrad_factory_bridges.blk",
        "importAreas": true,
        "importUnits": true,
        "importTriggers": true,
        "importMissionObjectives": true,
        "importWayPoints": true,
        "showAreas": true,
        "showUnits": true,
        "showTriggers": true,
        "showMissionObjectives": true,
        "showWayPoints": true,
        "excludes": []
      }
    }
  ],
  "triggers": {
    "isCategory": true,
    "is_enabled": true,
    "finland_br_init": {
      "is_enabled": true,
      "comments": "",
      "props": {
        "actionsType": "PERFORM_ONE_BY_ONE",
        "conditionsType": "ALL",
        "enableAfterComplete": false
      },
      "events": {
        "initMission": []
      },
      "conditions": [],
      "actions": [
        {
          "varSetInt": {
            "value": 10,
            "var": "br_area_div",
            "fromDescriptor": "br_area_div"
          }
        },
        {
          "comment": {
            "value": "br_area_div - number of total stages(for 2 sides deduction each time)"
          }
        },
        {
          "comment": {
            "value": "(10 stages - 3 = 7) - so warning will be when 9(3 row * 3 col) sectors left"
          }
        },
        {
          "comment": {
            "value": "and artillery will be disabled when 4(2 row * 2 col) sectors left"
          }
        },
        {
          "comment": {
            "value": "artillery have radius 200m radius and sector side is 1700/10=170m"
          }
        },
        {
          "varSetInt": {
            "value": 7,
            "var": "artillery_disable_stage",
            "fromDescriptor": "artillery_disable_stage"
          }
        },
        {
          "comment": {
            "value": "from 1 to br_area_div included"
          }
        },
        {
          "comment": {
            "value": "from bottom left corner to up right corner"
          }
        },
        {
          "comment": {
            "value": "(1,1) - bottom left"
          }
        },
        {
          "comment": {
            "value": "(5,1) - bottom right"
          }
        },
        {
          "comment": {
            "value": "(1,5) - up left"
          }
        },
        {
          "comment": {
            "value": "(5,5) - up right"
          }
        },
        {
          "varSetString": {
            "value": "(1,10);(2,10);(3,10);(4,10);(5,10);(6,10);(7,10);(8,10);(9,10);(10,5);(1,9);(2,9);(3,9);(4,9);(10,5);(1,8);(2,8);(3,8);(10,5);(1,7);(2,7);(3,7);(10,5);(1,6);(2,6);(3,6);(10,5);(1,5);(9,5);(10,5);(1,4);(8,4);(9,4);(10,4);(1,3);(7,3);(8,3);(9,3);(10,3);(1,2);(6,2);(7,2);(8,2);(9,2);(10,2);(1,1);(2,1);(3,1);(4,1);(5,1);(6,1);(7,1);(8,1);(9,1);(10,1);",
            "var": "br_final_sector_exclude",
            "fromDescriptor": "br_final_sector_exclude"
          }
        },
        {
          "unitSetProperties": {
            "object_marking": 0,
            "object_var_name": "",
            "object_var_comp_op": "equal",
            "object_var_value": 0,
            "object": "object_groups_sqad",
            "stealthRadius": 0.0
          }
        },
        {
          "varSetInt": {
            "value": 12,
            "var": "pickups_count"
          }
        }
      ],
      "else_actions": []
    }
  },
  "mission_objectives": {
    "isCategory": true,
    "is_enabled": true
  },
  "variables": [],
  "dialogs": [],
  "airfields": [],
  "effects": [],
  "units": [
    {
      "area_squad": {
        "name": "spawn_area_sq",
        "tm": [
          [1.0,0.0,0.0],
          [0.0,1.0,0.0],
          [0.0,0.0,1.0],
          [3973.64,5.95882,2732.75]
        ],
        "props": [
          {
            "squad_members": "spawn_01"
          },
          {
            "squad_members": "spawn_02"
          },
          {
            "squad_members": "spawn_03"
          },
          {
            "squad_members": "spawn_04"
          },
          {
            "squad_members": "spawn_05"
          },
          {
            "squad_members": "spawn_06"
          },
          {
            "squad_members": "spawn_07"
          },
          {
            "squad_members": "spawn_08"
          },
          {
            "squad_members": "spawn_09"
          },
          {
            "squad_members": "spawn_10"
          },
          {
            "squad_members": "spawn_11"
          },
          {
            "squad_members": "spawn_12"
          },
          {
            "squad_members": ""
          },
          {
            "squad_members": "spawn_14"
          },
          {
            "squad_members": "spawn_15"
          },
          {
            "squad_members": "spawn_16"
          },
          {
            "squad_members": "spawn_17"
          },
          {
            "squad_members": "spawn_18"
          },
          {
            "squad_members": "spawn_19"
          },
          {
            "squad_members": "spawn_20"
          },
          {
            "squad_members": "spawn_21"
          },
          {
            "squad_members": "spawn_22"
          },
          {
            "squad_members": "spawn_23"
          },
          {
            "squad_members": "spawn_24"
          },
          {
            "squad_members": "spawn_25"
          },
          {
            "squad_members": "spawn_26"
          },
          {
            "squad_members": "spawn_27"
          },
          {
            "squad_members": "spawn_28"
          },
          {
            "squad_members": "spawn_29"
          },
          {
            "squad_members": "spawn_30"
          },
          {
            "squad_members": "spawn_31"
          },
          {
            "squad_members": "spawn_32"
          }
        ]
      }
    },
    {
      "objectGroups": {
        "name": "objectGroups_01",
        "tm": [
          [0.157994,0.0,0.98744],
          [0.0,1.0,0.0],
          [-0.98744,0.0,0.157994],
          [3910.84,17.8867,2543.21]
        ],
        "unit_class": "det_pipes_set_snow_a",
        "objLayer": 2,
        "props": {
          "army": 2,
          "active": true
        }
      }
    },
    {
      "objectGroups": {
        "name": "objectGroups_02",
        "tm": [
          [0.859881,0.0,0.510495],
          [0.0,1.0,0.0],
          [-0.510495,0.0,0.859881],
          [3872.38,16.2156,2514.72]
        ],
        "unit_class": "det_pipes_set_snow_a",
        "objLayer": 2,
        "props": {
          "army": 2,
          "active": true
        }
      }
    },
    {
      "objectGroups": {
        "name": "objectGroups_03",
        "tm": [
          [-0.0209484,0.0,0.999781],
          [0.0,1.0,0.0],
          [-0.999781,0.0,-0.0209484],
          [3984.38,17.8867,2496.99]
        ],
        "unit_class": "det_pipes_set_snow_a",
        "objLayer": 2,
        "props": {
          "army": 2,
          "active": true
        }
      }
    },
    {
      "objectGroups": {
        "name": "objectGroups_04",
        "tm": [
          [-0.774177,0.0,0.632969],
          [0.0,1.0,0.0],
          [-0.632969,0.0,-0.774177],
          [3855.14,17.8867,2615.38]
        ],
        "unit_class": "det_pipes_set_snow_a",
        "objLayer": 2,
        "props": {
          "army": 2,
          "active": true
        }
      }
    },
    {
      "objectGroups": {
        "name": "objectGroups_05",
        "tm": [
          [0.0369047,0.0,-0.999319],
          [0.0,1.0,0.0],
          [0.999319,0.0,0.0369047],
          [3791.9,15.3664,2307.49]
        ],
        "unit_class": "det_factory_small_building_snow_a",
        "objLayer": 2,
        "props": {
          "army": 2,
          "active": true
        }
      }
    },
    {
      "objectGroups": {
        "name": "objectGroups_06",
        "tm": [
          [0.0369047,0.0,-0.999319],
          [0.0,1.0,0.0],
          [0.999319,0.0,0.0369047],
          [3840.0,15.3663,2293.77]
        ],
        "unit_class": "det_pipes_set_snow_a",
        "objLayer": 2,
        "props": {
          "army": 2,
          "active": true
        }
      }
    },
    {
      "objectGroups": {
        "name": "objectGroups_07",
        "tm": [
          [0.999983,0.0,0.00588467],
          [0.0,1.0,0.0],
          [-0.00588467,0.0,0.999983],
          [3715.78,15.3663,2365.23]
        ],
        "unit_class": "det_factory_small_building_snow_a",
        "objLayer": 2,
        "props": {
          "army": 2,
          "active": true
        }
      }
    },
    {
      "objectGroups": {
        "name": "objectGroups_08",
        "tm": [
          [-0.595692,0.0,-0.803213],
          [0.0,1.0,0.0],
          [0.803213,0.0,-0.595692],
          [3756.7,15.6089,2331.35]
        ],
        "unit_class": "det_pipes_set_snow_a",
        "objLayer": 2,
        "props": {
          "army": 2,
          "active": true
        }
      }
    },
    {
      "objectGroups": {
        "name": "objectGroups_09",
        "tm": [
          [-0.969912,0.0,0.243454],
          [0.0,1.0,0.0],
          [-0.243454,0.0,-0.969912],
          [3354.45,17.9,2756.4]
        ],
        "unit_class": "det_pipes_set_snow_a",
        "objLayer": 2,
        "props": {
          "army": 2,
          "active": true
        }
      }
    },
    {
      "objectGroups": {
        "name": "objectGroups_10",
        "tm": [
          [-0.99823,0.0,-0.0594722],
          [0.0,1.0,0.0],
          [0.0594722,0.0,-0.99823],
          [3359.05,17.9,2773.0]
        ],
        "unit_class": "det_pipes_set_snow_a",
        "objLayer": 2,
        "props": {
          "army": 2,
          "active": true
        }
      }
    },
    {
      "objectGroups": {
        "name": "objectGroups_11",
        "tm": [
          [0.99823,0.0,0.059472],
          [0.0,1.0,0.0],
          [-0.059472,0.0,0.99823],
          [3343.55,17.9,2750.85]
        ],
        "unit_class": "det_pipes_set_snow_a",
        "objLayer": 2,
        "props": {
          "army": 2,
          "active": true
        }
      }
    },
    {
      "objectGroups": {
        "name": "objectGroups_12",
        "tm": [
          [0.929837,0.0,-0.36797],
          [0.0,1.0,0.0],
          [0.36797,0.0,0.929837],
          [3165.0,17.9,2566.5]
        ],
        "unit_class": "det_pipes_set_snow_a",
        "objLayer": 2,
        "props": {
          "army": 2,
          "active": true
        }
      }
    },
    {
      "objectGroups": {
        "name": "objectGroups_13",
        "tm": [
          [-0.776151,0.0,0.630547],
          [0.0,1.0,0.0],
          [-0.630547,0.0,-0.776151],
          [3159.75,17.9,2550.95]
        ],
        "unit_class": "det_pipes_set_snow_a",
        "objLayer": 2,
        "props": {
          "army": 2,
          "active": true
        }
      }
    },
    {
      "objectGroups": {
        "name": "objectGroups_14",
        "tm": [
          [-0.776151,0.0,0.630547],
          [0.0,1.0,0.0],
          [-0.630547,0.0,-0.776151],
          [3145.45,17.9,2541.0]
        ],
        "unit_class": "det_pipes_set_snow_a",
        "objLayer": 2,
        "props": {
          "army": 2,
          "active": true
        }
      }
    },
    {
      "objectGroups": {
        "name": "objectGroups_15",
        "tm": [
          [0.243454,0.0,0.969912],
          [0.0,1.0,0.0],
          [-0.969912,0.0,0.243454],
          [3264.2,17.9,2651.55]
        ],
        "unit_class": "det_pipes_set_snow_a",
        "objLayer": 2,
        "props": {
          "army": 2,
          "active": true
        }
      }
    },
    {
      "objectGroups": {
        "name": "objectGroups_16",
        "tm": [
          [0.929837,0.0,-0.36797],
          [0.0,1.0,0.0],
          [0.36797,0.0,0.929837],
          [3131.7,17.9,2631.3]
        ],
        "unit_class": "det_factory_small_building_snow_a",
        "objLayer": 2,
        "props": {
          "army": 2,
          "active": true
        }
      }
    },
    {
      "objectGroups": {
        "name": "objectGroups_17",
        "tm": [
          [0.969912,0.0,-0.243454],
          [0.0,1.0,0.0],
          [0.243454,0.0,0.969912],
          [3181.9,17.9,2687.0]
        ],
        "unit_class": "det_factory_small_building_snow_a",
        "objLayer": 2,
        "props": {
          "army": 2,
          "active": true
        }
      }
    },
    {
      "objectGroups": {
        "name": "objectGroups_18",
        "tm": [
          [-0.851814,0.0,0.523844],
          [0.0,1.0,0.0],
          [-0.523844,0.0,-0.851814],
          [3076.11,17.9,2559.9]
        ],
        "unit_class": "det_pipes_set_snow_a",
        "objLayer": 2,
        "props": {
          "army": 2,
          "active": true
        }
      }
    },
    {
      "objectGroups": {
        "name": "objectGroups_19",
        "tm": [
          [-0.851814,0.0,0.523844],
          [0.0,1.0,0.0],
          [-0.523844,0.0,-0.851814],
          [3067.28,17.9,2546.43]
        ],
        "unit_class": "det_pipes_set_snow_a",
        "objLayer": 2,
        "props": {
          "army": 2,
          "active": true
        }
      }
    },
    {
      "objectGroups": {
        "name": "objectGroups_20",
        "tm": [
          [-0.851814,0.0,0.523844],
          [0.0,1.0,0.0],
          [-0.523844,0.0,-0.851814],
          [3087.43,17.9,2543.26]
        ],
        "unit_class": "det_pipes_set_snow_a",
        "objLayer": 2,
        "props": {
          "army": 2,
          "active": true
        }
      }
    },
    {
      "objectGroups": {
        "name": "objectGroups_21",
        "tm": [
          [-0.523844,0.0,-0.851814],
          [0.0,1.0,0.0],
          [0.851814,0.0,-0.523844],
          [3017.35,17.9,2532.15]
        ],
        "unit_class": "det_pipes_set_snow_a",
        "objLayer": 2,
        "props": {
          "army": 2,
          "active": true
        }
      }
    },
    {
      "objectGroups": {
        "name": "objectGroups_22",
        "tm": [
          [0.36797,0.0,0.929837],
          [0.0,1.0,0.0],
          [-0.929837,0.0,0.36797],
          [2981.78,17.9,2514.73]
        ],
        "unit_class": "det_pipes_set_snow_a",
        "objLayer": 2,
        "props": {
          "army": 2,
          "active": true
        }
      }
    },
    {
      "objectGroups": {
        "name": "objectGroups_23",
        "tm": [
          [0.994816,0.0,0.10169],
          [0.0,1.0,0.0],
          [-0.10169,0.0,0.994816],
          [2992.35,17.9,2505.3]
        ],
        "unit_class": "det_factory_small_building_snow_a",
        "objLayer": 2,
        "props": {
          "army": 2,
          "active": true
        }
      }
    },
    {
      "objectGroups": {
        "name": "objectGroups_24",
        "tm": [
          [-0.0876765,0.0,0.996149],
          [0.0,1.0,0.0],
          [-0.996149,0.0,-0.0876765],
          [3492.41,15.35,2298.33]
        ],
        "unit_class": "det_factory_small_building_snow_a",
        "objLayer": 2,
        "props": {
          "army": 2,
          "active": true
        }
      }
    },
    {
      "objectGroups": {
        "name": "objectGroups_25",
        "tm": [
          [-0.483958,0.0,-0.875091],
          [0.0,1.0,0.0],
          [0.875091,0.0,-0.483958],
          [3492.55,15.35,2330.34]
        ],
        "unit_class": "det_pipes_set_snow_a",
        "objLayer": 2,
        "props": {
          "army": 2,
          "active": true
        }
      }
    },
    {
      "objectGroups": {
        "name": "objectGroups_26",
        "tm": [
          [-0.0652149,0.0,0.997871],
          [0.0,1.0,0.0],
          [-0.997871,0.0,-0.0652149],
          [2420.4,16.4785,1230.8]
        ],
        "unit_class": "det_pipes_set_snow_a",
        "objLayer": 2,
        "props": {
          "army": 2,
          "active": true
        }
      }
    },
    {
      "objectGroups": {
        "name": "objectGroups_27",
        "tm": [
          [-0.627421,0.0,0.778679],
          [0.0,1.0,0.0],
          [-0.778679,0.0,-0.627421],
          [2424.1,16.0231,1247.2]
        ],
        "unit_class": "det_pipes_set_snow_a",
        "objLayer": 2,
        "props": {
          "army": 2,
          "active": true
        }
      }
    },
    {
      "objectGroups": {
        "name": "objectGroups_28",
        "tm": [
          [0.00745651,0.0,-0.999972],
          [0.0,1.0,0.0],
          [0.999972,0.0,0.00745651],
          [2403.3,16.611,1234.55]
        ],
        "unit_class": "det_pipes_set_snow_a",
        "objLayer": 2,
        "props": {
          "army": 2,
          "active": true
        }
      }
    },
    {
      "objectGroups": {
        "name": "objectGroups_29",
        "tm": [
          [0.243454,0.0,0.969912],
          [0.0,1.0,0.0],
          [-0.969912,0.0,0.243454],
          [2354.8,17.9,1417.85]
        ],
        "unit_class": "det_factory_small_building_snow_a",
        "objLayer": 2,
        "props": {
          "army": 2,
          "active": true
        }
      }
    },
    {
      "objectGroups": {
        "name": "objectGroups_30",
        "tm": [
          [-0.059472,0.0,0.998229],
          [0.0,1.0,0.0],
          [-0.998229,0.0,-0.059472],
          [2503.35,17.9,1676.95]
        ],
        "unit_class": "det_factory_small_building_snow_a",
        "objLayer": 2,
        "props": {
          "army": 2,
          "active": true
        }
      }
    },
    {
      "objectGroups": {
        "name": "objectGroups_31",
        "tm": [
          [-0.059472,0.0,0.998229],
          [0.0,1.0,0.0],
          [-0.998229,0.0,-0.059472],
          [2517.2,17.9,1609.15]
        ],
        "unit_class": "det_pipes_set_snow_a",
        "objLayer": 2,
        "props": {
          "army": 2,
          "active": true
        }
      }
    },
    {
      "objectGroups": {
        "name": "objectGroups_32",
        "tm": [
          [-0.945003,0.0,0.327061],
          [0.0,1.0,0.0],
          [-0.327061,0.0,-0.945003],
          [2554.4,17.9,1744.45]
        ],
        "unit_class": "det_pipes_set_snow_a",
        "objLayer": 2,
        "props": {
          "army": 2,
          "active": true
        }
      }
    },
    {
      "objectGroups": {
        "name": "objectGroups_33",
        "tm": [
          [0.934145,0.0,0.356893],
          [0.0,1.0,0.0],
          [-0.356893,0.0,0.934145],
          [2568.8,17.9,1758.05]
        ],
        "unit_class": "det_pipes_set_snow_a",
        "objLayer": 2,
        "props": {
          "army": 2,
          "active": true
        }
      }
    },
    {
      "objectGroups": {
        "name": "objectGroups_34",
        "tm": [
          [-0.059472,0.0,0.998229],
          [0.0,1.0,0.0],
          [-0.998229,0.0,-0.059472],
          [2545.3,17.9,1486.65]
        ],
        "unit_class": "det_pipes_set_snow_a",
        "objLayer": 2,
        "props": {
          "army": 2,
          "active": true
        }
      }
    },
    {
      "objectGroups": {
        "name": "objectGroups_35",
        "tm": [
          [-0.997452,0.0,0.071332],
          [0.0,1.0,0.0],
          [-0.071332,0.0,-0.997452],
          [2428.3,17.9,1432.55]
        ],
        "unit_class": "det_factory_small_building_snow_a",
        "objLayer": 2,
        "props": {
          "army": 2,
          "active": true
        }
      }
    },
    {
      "objectGroups": {
        "name": "objectGroups_36",
        "tm": [
          [0.560501,0.0,0.828153],
          [0.0,1.0,0.0],
          [-0.828153,0.0,0.560501],
          [2465.9,17.9,1461.15]
        ],
        "unit_class": "det_pipes_set_snow_a",
        "objLayer": 2,
        "props": {
          "army": 2,
          "active": true
        }
      }
    },
    {
      "objectGroups": {
        "name": "objectGroups_37",
        "tm": [
          [0.630547,0.0,0.776151],
          [0.0,1.0,0.0],
          [-0.776151,0.0,0.630547],
          [2951.7,17.9,1389.95]
        ],
        "unit_class": "det_pipes_set_snow_a",
        "objLayer": 2,
        "props": {
          "army": 2,
          "active": true
        }
      }
    },
    {
      "objectGroups": {
        "name": "objectGroups_38",
        "tm": [
          [-0.879569,0.0,-0.47577],
          [0.0,1.0,0.0],
          [0.47577,0.0,-0.879569],
          [2884.3,17.9,1331.45]
        ],
        "unit_class": "det_pipes_set_snow_a",
        "objLayer": 2,
        "props": {
          "army": 2,
          "active": true
        }
      }
    },
    {
      "objectGroups": {
        "name": "objectGroups_39",
        "tm": [
          [-0.315806,0.0,0.948823],
          [0.0,1.0,0.0],
          [-0.948823,0.0,-0.315806],
          [2892.8,17.9,1465.25]
        ],
        "unit_class": "det_pipes_set_snow_a",
        "objLayer": 2,
        "props": {
          "army": 2,
          "active": true
        }
      }
    },
    {
      "objectGroups": {
        "name": "objectGroups_40",
        "tm": [
          [0.557294,0.0,0.830315],
          [0.0,1.0,0.0],
          [-0.830315,0.0,0.557294],
          [2966.4,17.9,1492.55]
        ],
        "unit_class": "det_pipes_set_snow_a",
        "objLayer": 2,
        "props": {
          "army": 2,
          "active": true
        }
      }
    },
    {
      "objectGroups": {
        "name": "objectGroups_41",
        "tm": [
          [0.482015,0.0,0.876162],
          [0.0,1.0,0.0],
          [-0.876162,0.0,0.482015],
          [2880.9,17.9,1554.75]
        ],
        "unit_class": "det_factory_small_building_snow_a",
        "objLayer": 2,
        "props": {
          "army": 2,
          "active": true
        }
      }
    },
    {
      "objectGroups": {
        "name": "objectGroups_42",
        "tm": [
          [-0.963092,0.0,0.269168],
          [0.0,1.0,0.0],
          [-0.269168,0.0,-0.963092],
          [2837.85,17.9,1578.6]
        ],
        "unit_class": "det_pipes_set_snow_a",
        "objLayer": 2,
        "props": {
          "army": 2,
          "active": true
        }
      }
    },
    {
      "objectGroups": {
        "name": "objectGroups_43",
        "tm": [
          [-0.616681,0.0,0.787212],
          [0.0,1.0,0.0],
          [-0.787212,0.0,-0.616681],
          [2810.85,17.9,1667.2]
        ],
        "unit_class": "det_pipes_set_snow_a",
        "objLayer": 2,
        "props": {
          "army": 2,
          "active": true
        }
      }
    },
    {
      "objectGroups": {
        "name": "objectGroups_44",
        "tm": [
          [0.671494,0.0,0.741009],
          [0.0,1.0,0.0],
          [-0.741009,0.0,0.671494],
          [2596.75,17.9,1538.45]
        ],
        "unit_class": "det_pipes_set_snow_a",
        "objLayer": 2,
        "props": {
          "army": 2,
          "active": true
        }
      }
    },
    {
      "objectGroups": {
        "name": "objectGroups_45",
        "tm": [
          [-0.616681,0.0,0.787212],
          [0.0,1.0,0.0],
          [-0.787212,0.0,-0.616681],
          [2631.55,17.9,1893.85]
        ],
        "unit_class": "det_pipes_set_snow_a",
        "objLayer": 2,
        "props": {
          "army": 2,
          "active": true
        }
      }
    },
    {
      "objectGroups": {
        "name": "objectGroups_46",
        "tm": [
          [0.511019,0.0,0.859568],
          [0.0,1.0,0.0],
          [-0.859568,0.0,0.511019],
          [2533.75,17.9,1880.05]
        ],
        "unit_class": "det_pipes_set_snow_a",
        "objLayer": 2,
        "props": {
          "army": 2,
          "active": true
        }
      }
    },
    {
      "objectGroups": {
        "name": "objectGroups_47",
        "tm": [
          [0.997239,0.0,0.0742426],
          [0.0,1.0,0.0],
          [-0.0742426,0.0,0.997239],
          [2649.15,17.9,1970.6]
        ],
        "unit_class": "det_factory_small_building_snow_a",
        "objLayer": 2,
        "props": {
          "army": 2,
          "active": true
        }
      }
    },
    {
      "objectGroups": {
        "name": "objectGroups_48",
        "tm": [
          [-0.0971349,0.0,0.99527],
          [0.0,1.0,0.0],
          [-0.99527,0.0,-0.0971349],
          [2590.1,17.9,1892.2]
        ],
        "unit_class": "det_pipes_set_snow_a",
        "objLayer": 2,
        "props": {
          "army": 2,
          "active": true
        }
      }
    },
    {
      "objectGroups": {
        "name": "objectGroups_49",
        "tm": [
          [-0.52882,0.0,-0.848733],
          [0.0,1.0,0.0],
          [0.848733,0.0,-0.52882],
          [2538.75,17.9,1778.51]
        ],
        "unit_class": "det_pipes_set_snow_a",
        "objLayer": 2,
        "props": {
          "army": 2,
          "active": true
        }
      }
    },
    {
      "objectGroups": {
        "name": "objectGroups_50",
        "tm": [
          [-0.914473,0.0,0.404644],
          [0.0,1.0,0.0],
          [-0.404644,0.0,-0.914473],
          [3253.48,17.9,1672.55]
        ],
        "unit_class": "det_pipes_set_snow_a",
        "objLayer": 2,
        "props": {
          "army": 2,
          "active": true
        }
      }
    },
    {
      "objectGroups": {
        "name": "objectGroups_51",
        "tm": [
          [-0.914473,0.0,0.404644],
          [0.0,1.0,0.0],
          [-0.404644,0.0,-0.914473],
          [3301.11,17.9,1704.64]
        ],
        "unit_class": "det_pipes_set_snow_a",
        "objLayer": 2,
        "props": {
          "army": 2,
          "active": true
        }
      }
    },
    {
      "objectGroups": {
        "name": "objectGroups_52",
        "tm": [
          [0.624304,0.0,-0.781181],
          [0.0,1.0,0.0],
          [0.781181,0.0,0.624304],
          [3300.01,17.9,1691.53]
        ],
        "unit_class": "det_pipes_set_snow_a",
        "objLayer": 2,
        "props": {
          "army": 2,
          "active": true
        }
      }
    },
    {
      "objectGroups": {
        "name": "objectGroups_53",
        "tm": [
          [0.781181,0.0,0.624304],
          [0.0,1.0,0.0],
          [-0.624304,0.0,0.781181],
          [3295.62,17.9,1737.44]
        ],
        "unit_class": "det_pipes_set_snow_a",
        "objLayer": 2,
        "props": {
          "army": 2,
          "active": true
        }
      }
    },
    {
      "objectGroups": {
        "name": "objectGroups_54",
        "tm": [
          [-0.592981,0.0,-0.805215],
          [0.0,1.0,0.0],
          [0.805215,0.0,-0.592981],
          [3292.09,17.9,1761.23]
        ],
        "unit_class": "det_pipes_set_snow_a",
        "objLayer": 2,
        "props": {
          "army": 2,
          "active": true
        }
      }
    },
    {
      "objectGroups": {
        "name": "objectGroups_55",
        "tm": [
          [-0.023889,0.0,-0.999714],
          [0.0,1.0,0.0],
          [0.999714,0.0,-0.023889],
          [3272.11,17.9,1851.08]
        ],
        "unit_class": "det_factory_small_building_snow_a",
        "objLayer": 2,
        "props": {
          "army": 2,
          "active": true
        }
      }
    },
    {
      "objectGroups": {
        "name": "objectGroups_56",
        "tm": [
          [-0.999804,0.0,-0.0197406],
          [0.0,1.0,0.0],
          [0.0197406,0.0,-0.999804],
          [3337.83,17.9,1570.99]
        ],
        "unit_class": "det_pipes_set_snow_a",
        "objLayer": 2,
        "props": {
          "army": 2,
          "active": true
        }
      }
    },
    {
      "objectGroups": {
        "name": "objectGroups_57",
        "tm": [
          [-0.482806,0.0,-0.875726],
          [0.0,1.0,0.0],
          [0.875726,0.0,-0.482806],
          [3332.67,17.9,1554.03]
        ],
        "unit_class": "det_pipes_set_snow_a",
        "objLayer": 2,
        "props": {
          "army": 2,
          "active": true
        }
      }
    },
    {
      "objectGroups": {
        "name": "objectGroups_58",
        "tm": [
          [0.960628,0.0,0.277836],
          [0.0,1.0,0.0],
          [-0.277836,0.0,0.960628],
          [3217.03,17.9,1847.5]
        ],
        "unit_class": "det_pipes_set_snow_a",
        "objLayer": 2,
        "props": {
          "army": 2,
          "active": true
        }
      }
    },
    {
      "objectGroups": {
        "name": "objectGroups_59",
        "tm": [
          [-0.980378,0.0,0.197125],
          [0.0,1.0,0.0],
          [-0.197125,0.0,-0.980378],
          [3169.4,17.9,1826.95]
        ],
        "unit_class": "det_pipes_set_snow_a",
        "objLayer": 2,
        "props": {
          "army": 2,
          "active": true
        }
      }
    },
    {
      "objectGroups": {
        "name": "objectGroups_60",
        "tm": [
          [0.212612,0.0,-0.977136],
          [0.0,1.0,0.0],
          [0.977136,0.0,0.212612],
          [3080.85,17.9,1767.1]
        ],
        "unit_class": "det_factory_small_building_snow_c",
        "objLayer": 2,
        "props": {
          "army": 2,
          "active": true
        }
      }
    },
    {
      "objectGroups": {
        "name": "objectGroups_61",
        "tm": [
          [-0.908394,0.0,-0.418114],
          [0.0,1.0,0.0],
          [0.418114,0.0,-0.908394],
          [3038.8,16.8,1836.7]
        ],
        "unit_class": "det_factory_small_building_snow_b",
        "objLayer": 2,
        "props": {
          "army": 2,
          "active": true
        }
      }
    },
    {
      "objectGroups": {
        "name": "objectGroups_62",
        "tm": [
          [0.759871,0.0,-0.650072],
          [0.0,1.0,0.0],
          [0.650072,0.0,0.759871],
          [2970.9,17.9,1828.4]
        ],
        "unit_class": "det_pipes_set_snow_a",
        "objLayer": 2,
        "props": {
          "army": 2,
          "active": true
        }
      }
    },
    {
      "objectGroups": {
        "name": "objectGroups_63",
        "tm": [
          [0.18142,0.0,-0.983405],
          [0.0,1.0,0.0],
          [0.983405,0.0,0.18142],
          [3167.6,16.8,1886.8]
        ],
        "unit_class": "det_factory_small_building_snow_b",
        "objLayer": 2,
        "props": {
          "army": 2,
          "active": true
        }
      }
    },
    {
      "objectGroups": {
        "name": "objectGroups_64",
        "tm": [
          [-0.113779,0.0,-0.993505],
          [0.0,1.0,0.0],
          [0.993505,0.0,-0.113779],
          [2915.2,17.9,1709.45]
        ],
        "unit_class": "det_pipes_set_snow_a",
        "objLayer": 2,
        "props": {
          "army": 2,
          "active": true
        }
      }
    },
    {
      "objectGroups": {
        "name": "objectGroups_65",
        "tm": [
          [0.645834,0.0,0.763476],
          [0.0,1.0,0.0],
          [-0.763476,0.0,0.645834],
          [3046.6,17.9,1936.45]
        ],
        "unit_class": "det_pipes_set_snow_a",
        "objLayer": 2,
        "props": {
          "army": 2,
          "active": true
        }
      }
    },
    {
      "objectGroups": {
        "name": "objectGroups_66",
        "tm": [
          [-0.473649,0.0,-0.880712],
          [0.0,1.0,0.0],
          [0.880712,0.0,-0.473649],
          [3097.25,17.9,2027.0]
        ],
        "unit_class": "det_pipes_set_snow_a",
        "objLayer": 2,
        "props": {
          "army": 2,
          "active": true
        }
      }
    },
    {
      "objectGroups": {
        "name": "objectGroups_67",
        "tm": [
          [0.877551,0.0,0.47948],
          [0.0,1.0,0.0],
          [-0.47948,0.0,0.877551],
          [3116.8,17.9,1950.55]
        ],
        "unit_class": "det_pipes_set_snow_a",
        "objLayer": 2,
        "props": {
          "army": 2,
          "active": true
        }
      }
    },
    {
      "objectGroups": {
        "name": "objectGroups_68",
        "tm": [
          [-0.473649,0.0,-0.880712],
          [0.0,1.0,0.0],
          [0.880712,0.0,-0.473649],
          [3235.7,17.9,1935.35]
        ],
        "unit_class": "det_pipes_set_snow_a",
        "objLayer": 2,
        "props": {
          "army": 2,
          "active": true
        }
      }
    },
    {
      "objectGroups": {
        "name": "objectGroups_69",
        "tm": [
          [0.476679,0.0,0.879076],
          [0.0,1.0,0.0],
          [-0.879076,0.0,0.476679],
          [3222.05,17.9,1943.5]
        ],
        "unit_class": "det_pipes_set_snow_a",
        "objLayer": 2,
        "props": {
          "army": 2,
          "active": true
        }
      }
    },
    {
      "objectGroups": {
        "name": "objectGroups_70",
        "tm": [
          [-0.062835,0.0,-0.998024],
          [0.0,1.0,0.0],
          [0.998024,0.0,-0.062835],
          [3415.6,16.8,1632.9]
        ],
        "unit_class": "det_factory_small_building_snow_c",
        "objLayer": 2,
        "props": {
          "army": 2,
          "active": true
        }
      }
    },
    {
      "objectGroups": {
        "name": "objectGroups_71",
        "tm": [
          [0.983769,0.0,0.179439],
          [0.0,1.0,0.0],
          [-0.179439,0.0,0.983769],
          [3465.15,16.8,1977.7]
        ],
        "unit_class": "det_factory_small_building_snow_b",
        "objLayer": 2,
        "props": {
          "army": 2,
          "active": true
        }
      }
    },
    {
      "objectGroups": {
        "name": "objectGroups_72",
        "tm": [
          [0.211873,0.0,-0.977296],
          [0.0,1.0,0.0],
          [0.977296,0.0,0.211873],
          [2688.86,17.9,2053.47]
        ],
        "unit_class": "det_factory_small_building_snow_c",
        "objLayer": 2,
        "props": {
          "army": 2,
          "active": true
        }
      }
    },
    {
      "objectGroups": {
        "name": "objectGroups_73",
        "tm": [
