{
  "selected_tag": "",
  "bin_dump_file": "",
  "mission_settings": {
    "player": {
      "army": 1,
      "wing": [
        "player01",
        "player02",
        "player03",
        "player04",
        "player05",
        "player06",
        "player07",
        "player08",
        "player09",
        "player10",
        "player11",
        "player12",
        "player13",
        "player14",
        "player15",
        "player16",
        "player17",
        "player18",
        "player19",
        "player20",
        "player21",
        "player22",
        "player23",
        "player24",
        "player25",
        "player26",
        "player27",
        "player28",
        "player29",
        "player30",
        "player31",
        "player32"
      ]
    },
    "player_teamB": {
      "army": 2,
      "wing": [
        "player33",
        "player34",
        "player35",
        "player36",
        "player37",
        "player38",
        "player39",
        "player40",
        "player41",
        "player42",
        "player43",
        "player44",
        "player45",
        "player46",
        "player47",
        "player48",
        "player49",
        "player50",
        "player51",
        "player52",
        "player53",
        "player54",
        "player55",
        "player56",
        "player57",
        "player58",
        "player59",
        "player60",
        "player61",
        "player62",
        "player63",
        "player64",
        "player65"
      ]
    },
    "mission": {
      "type": "domination",
      "level": "levels/avg_stalingrad_factory.bin",
      "restoreType": "attempts",
      "optionalTakeOff": false,
      "environment": "Day",
      "weather": "hazy",
      "locName": "missions/BR;stalingrad_factory/name",
      "locDesc": "missions/BR/desc",
      "gt_ffa": true,
      "gt_last_man_standing": true,
      "timeLimit": 60,
      "useTankBots": true,
      "battleAreaColorPreset": "battleRoyale",
      "ignoreInvulnerableTimer": true,
      "useCustomSuperArtillery": true,
      "customSuperArtillery": "structures/streakArtillery_203mm_r200m",
      "country_axis": "germany",
      "country_allies": "ussr",
      "allowedUnitTypes": {
        "isAirplanesAllowed": false,
        "isTanksAllowed": true,
        "isShipsAllowed": false,
        "isHelicoptersAllowed": false
      }
    },
    "spectator_points": {},
    "briefing": {
      "place_loc": "",
      "date_loc": "",
      "objective_loc": "",
      "music": "action_01",
      "part": {
        "event": "",
        "minTime": 0,
        "slide": {
          "map": true,
          "minTime": 4,
          "picture": "",
          "showAirMap": false,
          "icon": [
            {
              "icontype": "tank",
              "side": "player",
              "target": "briefing_spawn01"
            },
            {
              "icontype": "tank",
              "side": "enemy",
              "target": "briefing_spawn02"
            },
            {
              "icontype": "tank",
              "side": "enemy",
              "target": "briefing_spawn03"
            },
            {
              "icontype": "tank",
              "side": "enemy",
              "target": "briefing_spawn04"
            },
            {
              "icontype": "tank",
              "side": "enemy",
              "target": "briefing_spawn05"
            },
            {
              "icontype": "tank",
              "side": "enemy",
              "target": "briefing_spawn06"
            },
            {
              "icontype": "tank",
              "side": "enemy",
              "target": "briefing_spawn07"
            },
            {
              "icontype": "tank",
              "side": "enemy",
              "target": "briefing_spawn08"
            },
            {
              "icontype": "tank",
              "side": "enemy",
              "target": "briefing_spawn09"
            }
          ]
        }
      }
    }
  },
  "imports": {
    "import_record": [
      {
        "file": "gameData/missions/templates/battle_royale_template.blk",
        "importAreas": true,
        "importUnits": true,
        "importTriggers": true,
        "importMissionObjectives": true,
        "importWayPoints": true,
        "showAreas": true,
        "showUnits": true,
        "showTriggers": true,
        "showMissionObjectives": true,
        "showWayPoints": true,
        "excludes": {}
      },
      {
        "file": "gameData/missions/bridges/stalingrad_factory_bridges.blk",
        "importAreas": true,
        "importUnits": true,
        "importTriggers": true,
        "importMissionObjectives": true,
        "importWayPoints": true,
        "showAreas": true,
        "showUnits": true,
        "showTriggers": true,
        "showMissionObjectives": true,
        "showWayPoints": true,
        "excludes": {}
      }
    ]
  },
  "triggers": {
    "isCategory": true,
    "is_enabled": true,
    "finland_br_init": {
      "is_enabled": true,
      "comments": "",
      "props": {
        "actionsType": "PERFORM_ONE_BY_ONE",
        "conditionsType": "ALL",
        "enableAfterComplete": false
      },
      "events": {
        "initMission": {}
      },
      "conditions": {},
      "actions": {
        "varSetInt": [
          {
            "value": 10,
            "var": "br_area_div",
            "fromDescriptor": "br_area_div"
          },
          {
            "value": 7,
            "var": "artillery_disable_stage",
            "fromDescriptor": "artillery_disable_stage"
          },
          {
            "value": 12,
            "var": "pickups_count"
          }
        ],
        "comment": [
          {
            "value": "br_area_div - number of total stages(for 2 sides deduction each time)"
          },
          {
            "value": "(10 stages - 3 = 7) - so warning will be when 9(3 row * 3 col) sectors left"
          },
          {
            "value": "and artillery will be disabled when 4(2 row * 2 col) sectors left"
          },
          {
            "value": "artillery have radius 200m radius and sector side is 1700/10=170m"
          },
          {
            "value": "from 1 to br_area_div included"
          },
          {
            "value": "from bottom left corner to up right corner"
          },
          {
            "value": "(1,1) - bottom left"
          },
          {
            "value": "(5,1) - bottom right"
          },
          {
            "value": "(1,5) - up left"
          },
          {
            "value": "(5,5) - up right"
          }
        ],
        "varSetString": {
          "value": "(1,10);(2,10);(3,10);(4,10);(5,10);(6,10);(7,10);(8,10);(9,10);(10,5);(1,9);(2,9);(3,9);(4,9);(10,5);(1,8);(2,8);(3,8);(10,5);(1,7);(2,7);(3,7);(10,5);(1,6);(2,6);(3,6);(10,5);(1,5);(9,5);(10,5);(1,4);(8,4);(9,4);(10,4);(1,3);(7,3);(8,3);(9,3);(10,3);(1,2);(6,2);(7,2);(8,2);(9,2);(10,2);(1,1);(2,1);(3,1);(4,1);(5,1);(6,1);(7,1);(8,1);(9,1);(10,1);",
          "var": "br_final_sector_exclude",
          "fromDescriptor": "br_final_sector_exclude"
        },
        "unitSetProperties": {
          "object_marking": 0,
          "object_var_name": "",
          "object_var_comp_op": "equal",
          "object_var_value": 0,
          "object": "object_groups_sqad",
          "stealthRadius": 0.0
        }
      },
      "else_actions": {}
    }
  },
  "mission_objectives": {
    "isCategory": true,
    "is_enabled": true
  },
  "variables": {},
  "dialogs": {},
  "airfields": {},
  "effects": {},
  "units": {
    "area_squad": [
      {
        "name": "spawn_area_sq",
        "tm": [
          [
            1.0,
            0.0,
            0.0
          ],
          [
            0.0,
            1.0,
            0.0
          ],
          [
            0.0,
            0.0,
            1.0
          ],
          [
            3973.64,
            5.95882,
            2732.75
          ]
        ],
        "props": {
          "squad_members": [
            "spawn_01",
            "spawn_02",
            "spawn_03",
            "spawn_04",
            "spawn_05",
            "spawn_06",
            "spawn_07",
            "spawn_08",
            "spawn_09",
            "spawn_10",
            "spawn_11",
            "spawn_12",
            "",
            "spawn_14",
            "spawn_15",
            "spawn_16",
            "spawn_17",
            "spawn_18",
            "spawn_19",
            "spawn_20",
            "spawn_21",
            "spawn_22",
            "spawn_23",
            "spawn_24",
            "spawn_25",
            "spawn_26",
            "spawn_27",
            "spawn_28",
            "spawn_29",
            "spawn_30",
            "spawn_31",
            "spawn_32"
          ]
        }
      },
      {
        "name": "pickups_area_sq",
        "tm": [
          [
            1.0,
            0.0,
            0.0
          ],
          [
            0.0,
            1.0,
            0.0
          ],
          [
            0.0,
            0.0,
            1.0
          ],
          [
            3319.78,
            -3.6568,
            3105.41
          ]
        ],
        "props": {
          "squad_members": [
            "pickup_area01",
            "pickup_area02",
            "pickup_area03",
            "pickup_area04",
            "pickup_area05",
            "pickup_area06",
            "pickup_area07",
            "pickup_area08",
            "pickup_area09",
            "pickup_area10",
            "pickup_area11",
            "pickup_area12",
            "pickup_area13",
            "pickup_area14",
            "pickup_area15",
            "pickup_area16",
            "pickup_area17",
            "pickup_area18",
            "pickup_area19",
            "pickup_area20",
            "pickup_area21",
            "pickup_area22",
            "pickup_area23",
            "pickup_area24",
            "pickup_area25",
            "pickup_area26",
            "pickup_area27",
            "pickup_area28",
            "pickup_area29",
            "pickup_area30",
            "pickup_area31",
            "pickup_area32",
            "pickup_area33",
            "pickup_area34",
            "pickup_area35",
            "pickup_area36"
          ]
        }
      }
    ],
    "objectGroups": [
      {
        "name": "objectGroups_01",
        "tm": [
          [
            0.157994,
            0.0,
            0.98744
          ],
          [
            0.0,
            1.0,
            0.0
          ],
          [
            -0.98744,
            0.0,
            0.157994
          ],
          [
            3910.84,
            17.8867,
            2543.21
          ]
        ],
        "unit_class": "det_pipes_set_snow_a",
        "objLayer": 2,
        "props": {
          "army": 2,
          "active": true
        }
      },
      {
        "name": "objectGroups_02",
        "tm": [
          [
            0.859881,
            0.0,
            0.510495
          ],
          [
            0.0,
            1.0,
            0.0
          ],
          [
            -0.510495,
            0.0,
            0.859881
          ],
          [
            3872.38,
            16.2156,
            2514.72
          ]
        ],
        "unit_class": "det_pipes_set_snow_a",
        "objLayer": 2,
        "props": {
          "army": 2,
          "active": true
        }
      },
      {
        "name": "objectGroups_03",
        "tm": [
          [
            -0.0209484,
            0.0,
            0.999781
          ],
          [
            0.0,
            1.0,
            0.0
          ],
          [
            -0.999781,
            0.0,
            -0.0209484
          ],
          [
            3984.38,
            17.8867,
            2496.99
          ]
        ],
        "unit_class": "det_pipes_set_snow_a",
        "objLayer": 2,
        "props": {
          "army": 2,
          "active": true
        }
      },
      {
        "name": "objectGroups_04",
        "tm": [
          [
            -0.774177,
            0.0,
            0.632969
          ],
          [
            0.0,
            1.0,
            0.0
          ],
          [
            -0.632969,
            0.0,
            -0.774177
          ],
          [
            3855.14,
            17.8867,
            2615.38
          ]
        ],
        "unit_class": "det_pipes_set_snow_a",
        "objLayer": 2,
        "props": {
          "army": 2,
          "active": true
        }
      },
      {
        "name": "objectGroups_05",
        "tm": [
          [
            0.0369047,
            0.0,
            -0.999319
          ],
          [
            0.0,
            1.0,
            0.0
          ],
          [
            0.999319,
            0.0,
            0.0369047
          ],
          [
            3791.9,
            15.3664,
            2307.49
          ]
        ],
        "unit_class": "det_factory_small_building_snow_a",
        "objLayer": 2,
        "props": {
          "army": 2,
          "active": true
        }
      },
      {
        "name": "objectGroups_06",
        "tm": [
          [
            0.0369047,
            0.0,
            -0.999319
          ],
          [
            0.0,
            1.0,
            0.0
          ],
          [
            0.999319,
            0.0,
            0.0369047
          ],
          [
            3840.0,
            15.3663,
            2293.77
          ]
        ],
        "unit_class": "det_pipes_set_snow_a",
        "objLayer": 2,
        "props": {
          "army": 2,
          "active": true
        }
      },
      {
        "name": "objectGroups_07",
        "tm": [
          [
            0.999983,
            0.0,
            0.00588467
          ],
          [
            0.0,
            1.0,
            0.0
          ],
          [
            -0.00588467,
            0.0,
            0.999983
          ],
          [
            3715.78,
            15.3663,
            2365.23
          ]
        ],
        "unit_class": "det_factory_small_building_snow_a",
        "objLayer": 2,
        "props": {
          "army": 2,
          "active": true
        }
      },
      {
        "name": "objectGroups_08",
        "tm": [
          [
            -0.595692,
            0.0,
            -0.803213
          ],
          [
            0.0,
            1.0,
            0.0
          ],
          [
            0.803213,
            0.0,
            -0.595692
          ],
          [
            3756.7,
            15.6089,
            2331.35
          ]
        ],
        "unit_class": "det_pipes_set_snow_a",
        "objLayer": 2,
        "props": {
          "army": 2,
          "active": true
        }
      },
      {
        "name": "objectGroups_09",
        "tm": [
          [
            -0.969912,
            0.0,
            0.243454
          ],
          [
            0.0,
            1.0,
            0.0
          ],
          [
            -0.243454,
            0.0,
            -0.969912
          ],
          [
            3354.45,
            17.9,
            2756.4
          ]
        ],
        "unit_class": "det_pipes_set_snow_a",
        "objLayer": 2,
        "props": {
          "army": 2,
          "active": true
        }
      },
      {
        "name": "objectGroups_10",
        "tm": [
          [
            -0.99823,
            0.0,
            -0.0594722
          ],
          [
            0.0,
            1.0,
            0.0
          ],
          [
            0.0594722,
            0.0,
            -0.99823
          ],
          [
            3359.05,
            17.9,
            2773.0
          ]
        ],
        "unit_class": "det_pipes_set_snow_a",
        "objLayer": 2,
        "props": {
          "army": 2,
          "active": true
        }
      },
      {
        "name": "objectGroups_11",
        "tm": [
          [
            0.99823,
            0.0,
            0.059472
          ],
          [
            0.0,
            1.0,
            0.0
          ],
          [
            -0.059472,
            0.0,
            0.99823
          ],
          [
            3343.55,
            17.9,
            2750.85
          ]
        ],
        "unit_class": "det_pipes_set_snow_a",
        "objLayer": 2,
        "props": {
          "army": 2,
          "active": true
        }
      },
      {
        "name": "objectGroups_12",
        "tm": [
          [
            0.929837,
            0.0,
            -0.36797
          ],
          [
            0.0,
            1.0,
            0.0
          ],
          [
            0.36797,
            0.0,
            0.929837
          ],
          [
            3165.0,
            17.9,
            2566.5
          ]
        ],
        "unit_class": "det_pipes_set_snow_a",
        "objLayer": 2,
        "props": {
          "army": 2,
          "active": true
        }
      },
      {
        "name": "objectGroups_13",
        "tm": [
          [
            -0.776151,
            0.0,
            0.630547
          ],
          [
            0.0,
            1.0,
            0.0
          ],
          [
            -0.630547,
            0.0,
            -0.776151
          ],
          [
            3159.75,
            17.9,
            2550.95
          ]
        ],
        "unit_class": "det_pipes_set_snow_a",
        "objLayer": 2,
        "props": {
          "army": 2,
          "active": true
        }
      },
      {
        "name": "objectGroups_14",
        "tm": [
          [
            -0.776151,
            0.0,
            0.630547
          ],
          [
            0.0,
            1.0,
            0.0
          ],
          [
            -0.630547,
            0.0,
            -0.776151
          ],
          [
            3145.45,
            17.9,
            2541.0
          ]
        ],
        "unit_class": "det_pipes_set_snow_a",
        "objLayer": 2,
        "props": {
          "army": 2,
          "active": true
        }
      },
      {
        "name": "objectGroups_15",
        "tm": [
          [
            0.243454,
            0.0,
            0.969912
          ],
          [
            0.0,
            1.0,
            0.0
          ],
          [
            -0.969912,
            0.0,
            0.243454
          ],
          [
            3264.2,
            17.9,
            2651.55
          ]
        ],
        "unit_class": "det_pipes_set_snow_a",
        "objLayer": 2,
        "props": {
          "army": 2,
          "active": true
        }
      },
      {
        "name": "objectGroups_16",
        "tm": [
          [
            0.929837,
            0.0,
            -0.36797
          ],
          [
            0.0,
            1.0,
            0.0
          ],
          [
            0.36797,
            0.0,
            0.929837
          ],
          [
            3131.7,
            17.9,
            2631.3
          ]
        ],
        "unit_class": "det_factory_small_building_snow_a",
        "objLayer": 2,
        "props": {
          "army": 2,
          "active": true
        }
      },
      {
        "name": "objectGroups_17",
        "tm": [
          [
            0.969912,
            0.0,
            -0.243454
          ],
          [
            0.0,
            1.0,
            0.0
          ],
          [
            0.243454,
            0.0,
            0.969912
          ],
          [
            3181.9,
            17.9,
            2687.0
          ]
        ],
        "unit_class": "det_factory_small_building_snow_a",
        "objLayer": 2,
        "props": {
          "army": 2,
          "active": true
        }
      },
      {
        "name": "objectGroups_18",
        "tm": [
          [
            -0.851814,
            0.0,
            0.523844
          ],
          [
            0.0,
            1.0,
            0.0
          ],
          [
            -0.523844,
            0.0,
            -0.851814
          ],
          [
            3076.11,
            17.9,
            2559.9
          ]
        ],
        "unit_class": "det_pipes_set_snow_a",
        "objLayer": 2,
        "props": {
          "army": 2,
          "active": true
        }
      },
      {
        "name": "objectGroups_19",
        "tm": [
          [
            -0.851814,
            0.0,
            0.523844
          ],
          [
            0.0,
            1.0,
            0.0
          ],
          [
            -0.523844,
            0.0,
            -0.851814
          ],
          [
            3067.28,
            17.9,
            2546.43
          ]
        ],
        "unit_class": "det_pipes_set_snow_a",
        "objLayer": 2,
        "props": {
          "army": 2,
          "active": true
        }
      },
      {
        "name": "objectGroups_20",
        "tm": [
          [
            -0.851814,
            0.0,
            0.523844
          ],
          [
            0.0,
            1.0,
            0.0
          ],
          [
            -0.523844,
            0.0,
            -0.851814
          ],
          [
            3087.43,
            17.9,
            2543.26
          ]
        ],
        "unit_class": "det_pipes_set_snow_a",
        "objLayer": 2,
        "props": {
          "army": 2,
          "active": true
        }
      },
      {
        "name": "objectGroups_21",
        "tm": [
          [
            -0.523844,
            0.0,
            -0.851814
          ],
          [
            0.0,
            1.0,
            0.0
          ],
          [
            0.851814,
            0.0,
            -0.523844
          ],
          [
            3017.35,
            17.9,
            2532.15
          ]
        ],
        "unit_class": "det_pipes_set_snow_a",
        "objLayer": 2,
        "props": {
          "army": 2,
          "active": true
        }
      },
      {
        "name": "objectGroups_22",
        "tm": [
          [
            0.36797,
            0.0,
            0.929837
          ],
          [
            0.0,
            1.0,
            0.0
          ],
          [
            -0.929837,
            0.0,
            0.36797
          ],
          [
            2981.78,
            17.9,
            2514.73
          ]
        ],
        "unit_class": "det_pipes_set_snow_a",
        "objLayer": 2,
        "props": {
          "army": 2,
          "active": true
        }
      },
      {
        "name": "objectGroups_23",
        "tm": [
          [
            0.994816,
            0.0,
            0.10169
          ],
          [
            0.0,
            1.0,
            0.0
          ],
          [
            -0.10169,
            0.0,
            0.994816
          ],
          [
            2992.35,
            17.9,
            2505.3
          ]
        ],
        "unit_class": "det_factory_small_building_snow_a",
        "objLayer": 2,
        "props": {
          "army": 2,
          "active": true
        }
      },
      {
        "name": "objectGroups_24",
        "tm": [
          [
            -0.0876765,
            0.0,
            0.996149
          ],
          [
            0.0,
            1.0,
            0.0
          ],
          [
            -0.996149,
            0.0,
            -0.0876765
          ],
          [
            3492.41,
            15.35,
            2298.33
          ]
        ],
        "unit_class": "det_factory_small_building_snow_a",
        "objLayer": 2,
        "props": {
          "army": 2,
          "active": true
        }
      },
      {
        "name": "objectGroups_25",
        "tm": [
          [
            -0.483958,
            0.0,
            -0.875091
          ],
          [
            0.0,
            1.0,
            0.0
          ],
          [
            0.875091,
            0.0,
            -0.483958
          ],
          [
            3492.55,
            15.35,
            2330.34
          ]
        ],
        "unit_class": "det_pipes_set_snow_a",
        "objLayer": 2,
        "props": {
          "army": 2,
          "active": true
        }
      },
      {
        "name": "objectGroups_26",
        "tm": [
          [
            -0.0652149,
            0.0,
            0.997871
          ],
          [
            0.0,
            1.0,
            0.0
          ],
          [
            -0.997871,
            0.0,
            -0.0652149
          ],
          [
            2420.4,
            16.4785,
            1230.8
          ]
        ],
        "unit_class": "det_pipes_set_snow_a",
        "objLayer": 2,
        "props": {
          "army": 2,
          "active": true
        }
      },
      {
        "name": "objectGroups_27",
        "tm": [
          [
            -0.627421,
            0.0,
            0.778679
          ],
          [
            0.0,
            1.0,
            0.0
          ],
          [
            -0.778679,
            0.0,
            -0.627421
          ],
          [
            2424.1,
            16.0231,
            1247.2
          ]
        ],
        "unit_class": "det_pipes_set_snow_a",
        "objLayer": 2,
        "props": {
          "army": 2,
          "active": true
        }
      },
      {
        "name": "objectGroups_28",
        "tm": [
          [
            0.00745651,
            0.0,
            -0.999972
          ],
          [
            0.0,
            1.0,
            0.0
          ],
          [
            0.999972,
            0.0,
            0.00745651
          ],
          [
            2403.3,
            16.611,
            1234.55
          ]
        ],
        "unit_class": "det_pipes_set_snow_a",
        "objLayer": 2,
        "props": {
          "army": 2,
          "active": true
        }
      },
      {
        "name": "objectGroups_29",
        "tm": [
          [
            0.243454,
            0.0,
            0.969912
          ],
          [
            0.0,
            1.0,
            0.0
          ],
          [
            -0.969912,
            0.0,
            0.243454
          ],
          [
            2354.8,
            17.9,
            1417.85
          ]
        ],
        "unit_class": "det_factory_small_building_snow_a",
        "objLayer": 2,
        "props": {
          "army": 2,
          "active": true
        }
      },
      {
        "name": "objectGroups_30",
        "tm": [
          [
            -0.059472,
            0.0,
            0.998229
          ],
          [
            0.0,
            1.0,
            0.0
          ],
          [
            -0.998229,
            0.0,
            -0.059472
          ],
          [
            2503.35,
            17.9,
            1676.95
          ]
        ],
        "unit_class": "det_factory_small_building_snow_a",
        "objLayer": 2,
        "props": {
          "army": 2,
          "active": true
        }
      },
      {
        "name": "objectGroups_31",
        "tm": [
          [
            -0.059472,
            0.0,
            0.998229
          ],
          [
            0.0,
            1.0,
            0.0
          ],
          [
            -0.998229,
            0.0,
            -0.059472
          ],
          [
            2517.2,
            17.9,
            1609.15
          ]
        ],
        "unit_class": "det_pipes_set_snow_a",
        "objLayer": 2,
        "props": {
          "army": 2,
          "active": true
        }
      },
      {
        "name": "objectGroups_32",
        "tm": [
          [
            -0.945003,
            0.0,
            0.327061
          ],
          [
            0.0,
            1.0,
            0.0
          ],
          [
            -0.327061,
            0.0,
            -0.945003
          ],
          [
            2554.4,
            17.9,
            1744.45
          ]
        ],
        "unit_class": "det_pipes_set_snow_a",
        "objLayer": 2,
        "props": {
          "army": 2,
          "active": true
        }
      },
      {
        "name": "objectGroups_33",
        "tm": [
          [
            0.934145,
            0.0,
            0.356893
          ],
          [
            0.0,
            1.0,
            0.0
          ],
          [
            -0.356893,
            0.0,
            0.934145
          ],
          [
            2568.8,
            17.9,
            1758.05
          ]
        ],
        "unit_class": "det_pipes_set_snow_a",
        "objLayer": 2,
        "props": {
          "army": 2,
          "active": true
        }
      },
      {
        "name": "objectGroups_34",
        "tm": [
          [
            -0.059472,
            0.0,
            0.998229
          ],
          [
            0.0,
            1.0,
            0.0
          ],
          [
            -0.998229,
            0.0,
            -0.059472
          ],
          [
            2545.3,
            17.9,
            1486.65
          ]
        ],
        "unit_class": "det_pipes_set_snow_a",
        "objLayer": 2,
        "props": {
          "army": 2,
          "active": true
        }
      },
      {
        "name": "objectGroups_35",
        "tm": [
          [
            -0.997452,
            0.0,
            0.071332
          ],
          [
            0.0,
            1.0,
            0.0
          ],
          [
            -0.071332,
            0.0,
            -0.997452
          ],
          [
            2428.3,
            17.9,
            1432.55
          ]
        ],
        "unit_class": "det_factory_small_building_snow_a",
        "objLayer": 2,
        "props": {
          "army": 2,
          "active": true
        }
      },
      {
        "name": "objectGroups_36",
        "tm": [
          [
            0.560501,
            0.0,
            0.828153
          ],
          [
            0.0,
            1.0,
            0.0
          ],
          [
            -0.828153,
            0.0,
            0.560501
          ],
          [
            2465.9,
            17.9,
            1461.15
          ]
        ],
        "unit_class": "det_pipes_set_snow_a",
        "objLayer": 2,
        "props": {
          "army": 2,
          "active": true
        }
      },
      {
        "name": "objectGroups_37",
        "tm": [
          [
            0.630547,
            0.0,
            0.776151
          ],
          [
            0.0,
            1.0,
            0.0
          ],
          [
            -0.776151,
            0.0,
            0.630547
          ],
          [
            2951.7,
            17.9,
            1389.95
          ]
        ],
        "unit_class": "det_pipes_set_snow_a",
        "objLayer": 2,
        "props": {
          "army": 2,
          "active": true
        }
      },
      {
        "name": "objectGroups_38",
        "tm": [
          [
            -0.879569,
            0.0,
            -0.47577
          ],
          [
            0.0,
            1.0,
            0.0
          ],
          [
            0.47577,
            0.0,
            -0.879569
          ],
          [
            2884.3,
            17.9,
            1331.45
          ]
        ],
        "unit_class": "det_pipes_set_snow_a",
        "objLayer": 2,
        "props": {
          "army": 2,
          "active": true
        }
      },
      {
        "name": "objectGroups_39",
        "tm": [
          [
            -0.315806,
            0.0,
            0.948823
          ],
          [
            0.0,
            1.0,
            0.0
          ],
          [
            -0.948823,
            0.0,
            -0.315806
          ],
          [
            2892.8,
            17.9,
            1465.25
          ]
        ],
        "unit_class": "det_pipes_set_snow_a",
        "objLayer": 2,
        "props": {
          "army": 2,
          "active": true
        }
      },
      {
        "name": "objectGroups_40",
        "tm": [
          [
            0.557294,
            0.0,
            0.830315
          ],
          [
            0.0,
            1.0,
            0.0
          ],
          [
            -0.830315,
            0.0,
            0.557294
          ],
          [
            2966.4,
            17.9,
            1492.55
          ]
        ],
        "unit_class": "det_pipes_set_snow_a",
        "objLayer": 2,
        "props": {
          "army": 2,
          "active": true
        }
      },
      {
        "name": "objectGroups_41",
        "tm": [
          [
            0.482015,
            0.0,
            0.876162
          ],
          [
            0.0,
            1.0,
            0.0
          ],
          [
            -0.876162,
            0.0,
            0.482015
          ],
          [
            2880.9,
            17.9,
            1554.75
          ]
        ],
        "unit_class": "det_factory_small_building_snow_a",
        "objLayer": 2,
        "props": {
          "army": 2,
          "active": true
        }
      },
      {
        "name": "objectGroups_42",
        "tm": [
          [
            -0.963092,
            0.0,
            0.269168
          ],
          [
            0.0,
            1.0,
            0.0
          ],
          [
            -0.269168,
            0.0,
            -0.963092
          ],
          [
            2837.85,
            17.9,
            1578.6
          ]
        ],
        "unit_class": "det_pipes_set_snow_a",
        "objLayer": 2,
        "props": {
          "army": 2,
          "active": true
        }
      },
      {
        "name": "objectGroups_43",
        "tm": [
          [
            -0.616681,
            0.0,
            0.787212
          ],
          [
            0.0,
            1.0,
            0.0
          ],
          [
            -0.787212,
            0.0,
            -0.616681
          ],
          [
            2810.85,
            17.9,
            1667.2
          ]
        ],
        "unit_class": "det_pipes_set_snow_a",
        "objLayer": 2,
        "props": {
          "army": 2,
          "active": true
        }
      },
      {
        "name": "objectGroups_44",
        "tm": [
          [
            0.671494,
            0.0,
            0.741009
          ],
          [
            0.0,
            1.0,
            0.0
          ],
          [
            -0.741009,
            0.0,
            0.671494
          ],
          [
            2596.75,
            17.9,
            1538.45
          ]
        ],
        "unit_class": "det_pipes_set_snow_a",
        "objLayer": 2,
        "props": {
          "army": 2,
          "active": true
        }
      },
      {
        "name": "objectGroups_45",
        "tm": [
          [
            -0.616681,
            0.0,
            0.787212
          ],
          [
            0.0,
            1.0,
            0.0
          ],
          [
            -0.787212,
            0.0,
            -0.616681
          ],
          [
            2631.55,
            17.9,
            1893.85
          ]
        ],
        "unit_class": "det_pipes_set_snow_a",
        "objLayer": 2,
        "props": {
          "army": 2,
          "active": true
        }
      },
      {
        "name": "objectGroups_46",
        "tm": [
          [
            0.511019,
            0.0,
            0.859568
          ],
          [
            0.0,
            1.0,
            0.0
          ],
          [
            -0.859568,
            0.0,
            0.511019
          ],
          [
            2533.75,
            17.9,
            1880.05
          ]
        ],
        "unit_class": "det_pipes_set_snow_a",
        "objLayer": 2,
        "props": {
          "army": 2,
          "active": true
        }
      },
      {
        "name": "objectGroups_47",
        "tm": [
          [
            0.997239,
            0.0,
            0.0742426
          ],
          [
            0.0,
            1.0,
            0.0
          ],
          [
            -0.0742426,
            0.0,
            0.997239
          ],
          [
            2649.15,
            17.9,
            1970.6
          ]
        ],
        "unit_class": "det_factory_small_building_snow_a",
        "objLayer": 2,
        "props": {
          "army": 2,
          "active": true
        }
      },
      {
        "name": "objectGroups_48",
        "tm": [
          [
            -0.0971349,
            0.0,
            0.99527
          ],
          [
            0.0,
            1.0,
            0.0
          ],
          [
            -0.99527,
            0.0,
            -0.0971349
          ],
          [
            2590.1,
            17.9,
            1892.2
          ]
        ],
        "unit_class": "det_pipes_set_snow_a",
        "objLayer": 2,
        "props": {
          "army": 2,
          "active": true
        }
      },
      {
        "name": "objectGroups_49",
        "tm": [
          [
            -0.52882,
            0.0,
            -0.848733
          ],
          [
            0.0,
            1.0,
            0.0
          ],
          [
            0.848733,
            0.0,
            -0.52882
          ],
          [
            2538.75,
            17.9,
            1778.51
          ]
        ],
        "unit_class": "det_pipes_set_snow_a",
        "objLayer": 2,
        "props": {
          "army": 2,
          "active": true
        }
      },
      {
        "name": "objectGroups_50",
        "tm": [
          [
            -0.914473,
            0.0,
            0.404644
          ],
          [
            0.0,
            1.0,
            0.0
          ],
          [
            -0.404644,
            0.0,
            -0.914473
          ],
          [
            3253.48,
            17.9,
            1672.55
          ]
        ],
        "unit_class": "det_pipes_set_snow_a",
        "objLayer": 2,
        "props": {
          "army": 2,
          "active": true
        }
      },
      {
        "name": "objectGroups_51",
        "tm": [
          [
            -0.914473,
            0.0,
            0.404644
          ],
          [
            0.0,
            1.0,
            0.0
          ],
          [
            -0.404644,
            0.0,
            -0.914473
          ],
          [
            3301.11,
            17.9,
            1704.64
          ]
        ],
        "unit_class": "det_pipes_set_snow_a",
        "objLayer": 2,
        "props": {
          "army": 2,
          "active": true
        }
      },
      {
        "name": "objectGroups_52",
        "tm": [
          [
            0.624304,
            0.0,
            -0.781181
          ],
          [
            0.0,
            1.0,
            0.0
          ],
          [
            0.781181,
            0.0,
            0.624304
          ],
          [
            3300.01,
            17.9,
            1691.53
          ]
        ],
        "unit_class": "det_pipes_set_snow_a",
        "objLayer": 2,
        "props": {
          "army": 2,
          "active": true
        }
      },
      {
        "name": "objectGroups_53",
        "tm": [
          [
            0.781181,
            0.0,
            0.624304
          ],
          [
            0.0,
            1.0,
            0.0
          ],
          [
            -0.624304,
            0.0,
            0.781181
          ],
          [
            3295.62,
            17.9,
            1737.44
          ]
        ],
        "unit_class": "det_pipes_set_snow_a",
        "objLayer": 2,
        "props": {
          "army": 2,
          "active": true
        }
      },
      {
        "name": "objectGroups_54",
        "tm": [
          [
            -0.592981,
            0.0,
            -0.805215
          ],
          [
            0.0,
            1.0,
