{
  "selected_tag": "",
  "bin_dump_file": "",
  "mission_settings": {
    "player": [
      {
        "army": 1
      },
      {
        "wing": "player01"
      },
      {
        "wing": "player02"
      },
      {
        "wing": "player03"
      },
      {
        "wing": "player04"
      },
      {
        "wing": "player05"
      },
      {
        "wing": "player06"
      },
      {
        "wing": "player07"
      },
      {
        "wing": "player08"
      },
      {
        "wing": "player09"
      },
      {
        "wing": "player10"
      },
      {
        "wing": "player11"
      },
      {
        "wing": "player12"
      },
      {
        "wing": "player13"
      },
      {
        "wing": "player14"
      },
      {
        "wing": "player15"
      },
      {
        "wing": "player16"
      },
      {
        "wing": "player17"
      },
      {
        "wing": "player18"
      },
      {
        "wing": "player19"
      },
      {
        "wing": "player20"
      },
      {
        "wing": "player21"
      },
      {
        "wing": "player22"
      },
      {
        "wing": "player23"
      },
      {
        "wing": "player24"
      },
      {
        "wing": "player25"
      },
      {
        "wing": "player26"
      },
      {
        "wing": "player27"
      },
      {
        "wing": "player28"
      },
      {
        "wing": "player29"
      },
      {
        "wing": "player30"
      },
      {
        "wing": "player31"
      },
      {
        "wing": "player32"
      }
    ],
    "player_teamB": [
      {
        "army": 2
      },
      {
        "wing": "player33"
      },
      {
        "wing": "player34"
      },
      {
        "wing": "player35"
      },
      {
        "wing": "player36"
      },
      {
        "wing": "player37"
      },
      {
        "wing": "player38"
      },
      {
        "wing": "player39"
      },
      {
        "wing": "player40"
      },
      {
        "wing": "player41"
      },
      {
        "wing": "player42"
      },
      {
        "wing": "player43"
      },
      {
        "wing": "player44"
      },
      {
        "wing": "player45"
      },
      {
        "wing": "player46"
      },
      {
        "wing": "player47"
      },
      {
        "wing": "player48"
      },
      {
        "wing": "player49"
      },
      {
        "wing": "player50"
      },
      {
        "wing": "player51"
      },
      {
        "wing": "player52"
      },
      {
        "wing": "player53"
      },
      {
        "wing": "player54"
      },
      {
        "wing": "player55"
      },
      {
        "wing": "player56"
      },
      {
        "wing": "player57"
      },
      {
        "wing": "player58"
      },
      {
        "wing": "player59"
      },
      {
        "wing": "player60"
      },
      {
        "wing": "player61"
      },
      {
        "wing": "player62"
      },
      {
        "wing": "player63"
      },
      {
        "wing": "player64"
      },
      {
        "wing": "player65"
      }
    ],
    "mission": {
      "type": "domination",
      "level": "levels/avg_sweden.bin",
      "environment": "Day",
      "weather": "hazy",
      "locName": "missions/BR;sweden/name",
      "locDesc": "missions/BR/desc",
      "gt_ffa": true,
      "gt_last_man_standing": true,
      "timeLimit": 60,
      "useTankBots": true,
      "battleAreaColorPreset": "battleRoyale",
      "ignoreInvulnerableTimer": true,
      "useCustomSuperArtillery": true,
      "customSuperArtillery": "structures/streakArtillery_203mm_r150m",
      "country_axis": "germany",
      "country_allies": "ussr",
      "restoreType": "attempts",
      "optionalTakeOff": false,
      "allowedUnitTypes": {
        "isAirplanesAllowed": false,
        "isTanksAllowed": true,
        "isShipsAllowed": false,
        "isHelicoptersAllowed": false
      }
    },
    "spectator_points": [],
    "briefing": {
      "place_loc": "",
      "date_loc": "",
      "objective_loc": "",
      "music": "action_01",
      "part": {
        "event": "",
        "minTime": 0,
        "slide": [
          {
            "map": true
          },
          {
            "minTime": 4
          },
          {
            "picture": ""
          },
          {
            "showAirMap": false
          },
          {
            "icon": {
              "icontype": "tank",
              "side": "player",
              "target": "briefing_spawn01"
            }
          },
          {
            "icon": {
              "icontype": "tank",
              "side": "enemy",
              "target": "briefing_spawn02"
            }
          },
          {
            "icon": {
              "icontype": "tank",
              "side": "enemy",
              "target": "briefing_spawn03"
            }
          },
          {
            "icon": {
              "icontype": "tank",
              "side": "enemy",
              "target": "briefing_spawn04"
            }
          },
          {
            "icon": {
              "icontype": "tank",
              "side": "enemy",
              "target": "briefing_spawn05"
            }
          },
          {
            "icon": {
              "icontype": "tank",
              "side": "enemy",
              "target": "briefing_spawn06"
            }
          },
          {
            "icon": {
              "icontype": "tank",
              "side": "enemy",
              "target": "briefing_spawn07"
            }
          },
          {
            "icon": {
              "icontype": "tank",
              "side": "enemy",
              "target": "briefing_spawn08"
            }
          },
          {
            "icon": {
              "icontype": "tank",
              "side": "enemy",
              "target": "briefing_spawn09"
            }
          },
          {
            "battleArea": {
              "target": "tank_map_area"
            }
          }
        ]
      }
    }
  },
  "imports": {
    "import_record": {
      "file": "gameData/missions/templates/battle_royale_template.blk",
      "importAreas": true,
      "importUnits": true,
      "importTriggers": true,
      "importMissionObjectives": true,
      "importWayPoints": true,
      "showAreas": true,
      "showUnits": true,
      "showTriggers": true,
      "showMissionObjectives": true,
      "showWayPoints": true,
      "excludes": []
    }
  },
  "triggers": {
    "isCategory": true,
    "is_enabled": true,
    "sweden_br_init": {
      "is_enabled": true,
      "comments": "",
      "props": {
        "actionsType": "PERFORM_ONE_BY_ONE",
        "conditionsType": "ALL",
        "enableAfterComplete": false
      },
      "events": {
        "initMission": []
      },
      "conditions": [],
      "actions": [
        {
          "varSetInt": {
            "value": 8,
            "var": "br_area_div",
            "fromDescriptor": "br_area_div"
          }
        },
        {
          "comment": {
            "value": "(br_area_div * 2 - 1 = 15) - number of total stages"
          }
        },
        {
          "comment": {
            "value": "(15 stages - 3 = 12) - so warning will be when 3(1 row * 3 col) or 4(2 row * 2 col) sectors left"
          }
        },
        {
          "comment": {
            "value": "and artillery will be disabled when 2(1 row * 2 col) sectors left"
          }
        },
        {
          "comment": {
            "value": "artillery have radius 150m radius and sector side is 1600/8=200m"
          }
        },
        {
          "varSetInt": {
            "value": 8,
            "var": "artillery_disable_stage",
            "fromDescriptor": "artillery_disable_stage"
          }
        },
        {
          "comment": {
            "value": "from 1 to br_area_div included"
          }
        },
        {
          "comment": {
            "value": "from bottom left corner to up right corner"
          }
        },
        {
          "comment": {
            "value": "(1,1) - bottom left"
          }
        },
        {
          "comment": {
            "value": "(8,1) - bottom right"
          }
        },
        {
          "comment": {
            "value": "(1,8) - up left"
          }
        },
        {
          "comment": {
            "value": "(8,8) - up right"
          }
        },
        {
          "varSetString": {
            "value": "(1,1);(2,1);(3,1);(6,1);(7,1);(8,1);(1,2);(7,2);(8,2);(8,4);(1,5);(8,5);(1,6);(8,6);(1,7);(8,7);(1,8);(3,8);(4,8);(5,8);(8,8);",
            "var": "br_final_sector_exclude",
            "fromDescriptor": "br_final_sector_exclude"
          }
        },
        {
          "unitSetProperties": {
            "object_marking": 0,
            "object_var_name": "",
            "object_var_comp_op": "equal",
            "object_var_value": 0,
            "object": "object_groups_squad",
            "stealthRadius": 0.0
          }
        },
        {
          "varSetInt": {
            "value": 8,
            "var": "pickups_count"
          }
        }
      ],
      "else_actions": []
    }
  },
  "mission_objectives": {
    "isCategory": true,
    "is_enabled": true
  },
  "variables": [],
  "dialogs": [],
  "airfields": [],
  "effects": [],
  "units": [
    {
      "area_squad": {
        "name": "pickups_area_sq",
        "tm": [
          [1.0,0.0,0.0],
          [0.0,1.0,0.0],
          [0.0,0.0,1.0],
          [244.03,21.6313,945.09]
        ],
        "props": [
          {
            "squad_members": "pickupArea01"
          },
          {
            "squad_members": "pickupArea02"
          },
          {
            "squad_members": "pickupArea03"
          },
          {
            "squad_members": "pickupArea04"
          },
          {
            "squad_members": "pickupArea05"
          },
          {
            "squad_members": "pickupArea06"
          },
          {
            "squad_members": "pickupArea07"
          },
          {
            "squad_members": "pickupArea08"
          },
          {
            "squad_members": "pickupArea09"
          },
          {
            "squad_members": "pickupArea10"
          },
          {
            "squad_members": "pickupArea11"
          },
          {
            "squad_members": "pickupArea12"
          },
          {
            "squad_members": "pickupArea13"
          },
          {
            "squad_members": "pickupArea14"
          },
          {
            "squad_members": "pickupArea15"
          },
          {
            "squad_members": "pickupArea16"
          },
          {
            "squad_members": "pickupArea17"
          },
          {
            "squad_members": "pickupArea18"
          },
          {
            "squad_members": "pickupArea19"
          },
          {
            "squad_members": "pickupArea20"
          },
          {
            "squad_members": "pickupArea21"
          },
          {
            "squad_members": "pickupArea22"
          },
          {
            "squad_members": "pickupArea23"
          },
          {
            "squad_members": "pickupArea24"
          },
          {
            "squad_members": "pickupArea25"
          },
          {
            "squad_members": "pickupArea26"
          },
          {
            "squad_members": "pickupArea27"
          },
          {
            "squad_members": "pickupArea28"
          },
          {
            "squad_members": "pickupArea29"
          },
          {
            "squad_members": "pickupArea30"
          },
          {
            "squad_members": "pickupArea31"
          },
          {
            "squad_members": "pickupArea32"
          },
          {
            "squad_members": "pickupArea33"
          },
          {
            "squad_members": "pickupArea34"
          },
          {
            "squad_members": "pickupArea35"
          },
          {
            "squad_members": "pickupArea36"
          }
        ]
      }
    },
    {
      "tankModels": {
        "name": "player01",
        "tm": [
          [1.0,0.0,0.0],
          [0.0,1.0,0.0],
          [0.0,0.0,1.0],
          [357.984,4.15169,-159.935]
        ],
        "unit_class": "aaa_dummy",
        "objLayer": 1,
        "closed_waypoints": false,
        "isShipSpline": false,
        "shipTurnRadius": 100.0,
        "weapons": "",
        "bullets0": "",
        "bullets1": "",
        "bullets2": "",
        "bullets3": "",
        "bulletsCount0": 0,
        "bulletsCount1": 0,
        "bulletsCount2": 0,
        "bulletsCount3": 0,
        "props": {
          "army": 2,
          "count": 1,
          "formation_type": "rows",
          "formation_div": 3,
          "formation_step": [2.5,2.0],
          "formation_noise": [0.1,0.1],
          "uniqueName": "",
          "attack_type": "fire_at_will"
        },
        "way": []
      }
    },
    {
      "area_squad": {
        "name": "spawn_area_sq",
        "tm": [
          [1.0,0.0,0.0],
          [0.0,1.0,0.0],
          [0.0,0.0,1.0],
          [-158.85,0.0,-1134.74]
        ],
        "props": [
          {
            "squad_members": "spawn01"
          },
          {
            "squad_members": "spawn02"
          },
          {
            "squad_members": "spawn03"
          },
          {
            "squad_members": "spawn04"
          },
          {
            "squad_members": "spawn05"
          },
          {
            "squad_members": "spawn06"
          },
          {
            "squad_members": "spawn07"
          },
          {
            "squad_members": "spawn08"
          },
          {
            "squad_members": "spawn09"
          },
          {
            "squad_members": "spawn10"
          },
          {
            "squad_members": "spawn11"
          },
          {
            "squad_members": "spawn12"
          },
          {
            "squad_members": "spawn13"
          },
          {
            "squad_members": "spawn14"
          },
          {
            "squad_members": "spawn15"
          },
          {
            "squad_members": "spawn16"
          },
          {
            "squad_members": "spawn17"
          },
          {
            "squad_members": "spawn18"
          },
          {
            "squad_members": "spawn19"
          },
          {
            "squad_members": "spawn20"
          },
          {
            "squad_members": "spawn21"
          },
          {
            "squad_members": "spawn22"
          },
          {
            "squad_members": "spawn23"
          },
          {
            "squad_members": "spawn24"
          },
          {
            "squad_members": "spawn25"
          },
          {
            "squad_members": "spawn26"
          },
          {
            "squad_members": "spawn27"
          },
          {
            "squad_members": "spawn28"
          },
          {
            "squad_members": "spawn29"
          },
          {
            "squad_members": "spawn30"
          },
          {
            "squad_members": "spawn31"
          },
          {
            "squad_members": "spawn32"
          }
        ]
      }
    },
    {
      "objectGroups": {
        "name": "objectGroups_01",
        "tm": [
          [-0.998461,0.0,0.0554655],
          [0.0,1.0,0.0],
          [-0.0554655,0.0,-0.998461],
          [440.901,5.12225,-494.328]
        ],
        "unit_class": "det_road_block_with_bags_a",
        "objLayer": 2,
        "props": {
          "army": 0,
          "active": true
        }
      }
    },
    {
      "objectGroups": {
        "name": "objectGroups_02",
        "tm": [
          [-0.974292,0.0,0.225288],
          [0.0,1.0,0.0],
          [-0.225288,0.0,-0.974292],
          [435.148,5.12225,-491.141]
        ],
        "unit_class": "det_road_block_with_bags_c",
        "objLayer": 2,
        "props": {
          "army": 0,
          "active": true
        }
      }
    },
    {
      "objectGroups": {
        "name": "objectGroups_03",
        "tm": [
          [-0.998461,0.0,0.0554655],
          [0.0,1.0,0.0],
          [-0.0554655,0.0,-0.998461],
          [424.885,5.12225,-491.801]
        ],
        "unit_class": "det_road_block_with_bags_a",
        "objLayer": 2,
        "props": {
          "army": 0,
          "active": true
        }
      }
    },
    {
      "objectGroups": {
        "name": "objectGroups_07",
        "tm": [
          [-0.236604,0.0,-0.971606],
          [0.0,1.0,0.0],
          [0.971606,0.0,-0.236604],
          [-345.217,5.12225,-799.822]
        ],
        "unit_class": "det_road_block_with_bags_c",
        "objLayer": 2,
        "props": {
          "army": 0,
          "active": true
        }
      }
    },
    {
      "objectGroups": {
        "name": "objectGroups_08",
        "tm": [
          [-0.224685,0.0,-0.974431],
          [0.0,1.0,0.0],
          [0.974431,0.0,-0.224685],
          [-343.819,5.12225,-791.039]
        ],
        "unit_class": "det_road_block_with_bags_a",
        "objLayer": 2,
        "props": {
          "army": 0,
          "active": true
        }
      }
    },
    {
      "objectGroups": {
        "name": "objectGroups_06",
        "tm": [
          [-0.208457,0.0,-0.978031],
          [0.0,1.0,0.0],
          [0.978031,0.0,-0.208457],
          [-347.842,5.12225,-811.365]
        ],
        "unit_class": "det_road_block_with_bags_a",
        "objLayer": 2,
        "props": {
          "army": 0,
          "active": true
        }
      }
    },
    {
      "objectGroups": {
        "name": "objectGroups_12",
        "tm": [
          [-0.130022,0.0,-0.991511],
          [0.0,1.0,0.0],
          [0.991511,0.0,-0.130022],
          [-570.8,5.1,-731.35]
        ],
        "unit_class": "det_road_block_with_bags_a",
        "objLayer": 2,
        "props": {
          "army": 0,
          "active": true
        }
      }
    },
    {
      "objectGroups": {
        "name": "objectGroups_13",
        "tm": [
          [-0.434092,0.0,-0.900868],
          [0.0,1.0,0.0],
          [0.900868,0.0,-0.434092],
          [-561.3,5.1,-713.8]
        ],
        "unit_class": "det_road_block_with_bags_a",
        "objLayer": 2,
        "props": {
          "army": 0,
          "active": true
        }
      }
    },
    {
      "objectGroups": {
        "name": "objectGroups_11",
        "tm": [
          [-0.445094,0.0,-0.895484],
          [0.0,1.0,0.0],
          [0.895484,0.0,-0.445094],
          [-567.2,5.1,-719.9]
        ],
        "unit_class": "det_road_block_with_bags_c",
        "objLayer": 2,
        "props": {
          "army": 0,
          "active": true
        }
      }
    },
    {
      "objectGroups": {
        "name": "objectGroups_14",
        "tm": [
          [-0.922778,0.0,-0.385334],
          [0.0,1.0,0.0],
          [0.385334,0.0,-0.922778],
          [-589.15,5.1,-577.1]
        ],
        "unit_class": "det_road_block_with_bags_c",
        "objLayer": 2,
        "props": {
          "army": 0,
          "active": true
        }
      }
    },
    {
      "objectGroups": {
        "name": "objectGroups_15",
        "tm": [
          [-0.773639,0.0,-0.633626],
          [0.0,1.0,0.0],
          [0.633626,0.0,-0.773639],
          [-582.85,5.1,-575.6]
        ],
        "unit_class": "det_road_block_with_bags_a",
        "objLayer": 2,
        "props": {
          "army": 0,
          "active": true
        }
      }
    },
    {
      "objectGroups": {
        "name": "objectGroups_16",
        "tm": [
          [0.949244,0.0,0.314542],
          [0.0,1.0,0.0],
          [-0.314542,0.0,0.949244],
          [-599.65,5.1,-586.1]
        ],
        "unit_class": "det_road_block_with_bags_a",
        "objLayer": 2,
        "props": {
          "army": 0,
          "active": true
        }
      }
    },
    {
      "objectGroups": {
        "name": "objectGroups_20",
        "tm": [
          [-0.9174,0.0,-0.397966],
          [0.0,1.0,0.0],
          [0.397966,0.0,-0.9174],
          [-765.85,5.1,-632.95]
        ],
        "unit_class": "det_road_block_with_bags_c",
        "objLayer": 2,
        "props": {
          "army": 0,
          "active": true
        }
      }
    },
    {
      "objectGroups": {
        "name": "objectGroups_21",
        "tm": [
          [0.867307,0.0,0.497774],
          [0.0,1.0,0.0],
          [-0.497774,0.0,0.867307],
          [-781.5,5.1,-641.5]
        ],
        "unit_class": "det_road_block_with_bags_a",
        "objLayer": 2,
        "props": {
          "army": 0,
          "active": true
        }
      }
    },
    {
      "objectGroups": {
        "name": "objectGroups_19",
        "tm": [
          [-0.993849,0.0,-0.110747],
          [0.0,1.0,0.0],
          [0.110747,0.0,-0.993849],
          [-756.35,5.1,-632.7]
        ],
        "unit_class": "det_road_block_with_bags_a",
        "objLayer": 2,
        "props": {
          "army": 0,
          "active": true
        }
      }
    },
    {
      "objectGroups": {
        "name": "objectGroups_25",
        "tm": [
          [-0.96277,0.0,-0.270323],
          [0.0,1.0,0.0],
          [0.270323,0.0,-0.96277],
          [-825.661,5.12225,-419.338]
        ],
        "unit_class": "det_road_block_with_bags_c",
        "objLayer": 2,
        "props": {
          "army": 0,
          "active": true
        }
      }
    },
    {
      "objectGroups": {
        "name": "objectGroups_26",
        "tm": [
          [0.911168,0.0,0.412035],
          [0.0,1.0,0.0],
          [-0.412035,0.0,0.911168],
          [-841.697,5.12225,-422.819]
        ],
        "unit_class": "det_road_block_with_bags_a",
        "objLayer": 2,
        "props": {
          "army": 0,
          "active": true
        }
      }
    },
    {
      "objectGroups": {
        "name": "objectGroups_24",
        "tm": [
          [-0.999893,0.0,-0.0146303],
          [0.0,1.0,0.0],
          [0.0146303,0.0,-0.999893],
          [-818.234,5.12225,-415.339]
        ],
        "unit_class": "det_road_block_with_bags_a",
        "objLayer": 2,
        "props": {
          "army": 0,
          "active": true
        }
      }
    },
    {
      "objectGroups": {
        "name": "objectGroups_30",
        "tm": [
          [-0.860067,0.0,-0.510181],
          [0.0,1.0,0.0],
          [0.510181,0.0,-0.860067],
          [-711.998,5.1,-332.001]
        ],
        "unit_class": "det_road_block_with_bags_c",
        "objLayer": 2,
        "props": {
          "army": 0,
          "active": true
        }
      }
    },
    {
      "objectGroups": {
        "name": "objectGroups_31",
        "tm": [
          [0.865064,0.0,0.501661],
          [0.0,1.0,0.0],
          [-0.501661,0.0,0.865064],
          [-726.773,5.1,-341.744]
        ],
        "unit_class": "det_road_block_with_bags_a",
        "objLayer": 2,
        "props": {
          "army": 0,
          "active": true
        }
      }
    },
    {
      "objectGroups": {
        "name": "objectGroups_32",
        "tm": [
          [-0.999939,0.0,-0.0110175],
          [0.0,1.0,0.0],
          [0.0110175,0.0,-0.999939],
          [-765.464,5.1,-174.933]
        ],
        "unit_class": "det_road_block_with_bags_c",
        "objLayer": 2,
        "props": {
          "army": 0,
          "active": true
        }
      }
    },
    {
      "objectGroups": {
        "name": "objectGroups_33",
        "tm": [
          [0.999756,0.0,-0.0220876],
          [0.0,1.0,0.0],
          [0.0220876,0.0,0.999756],
          [-784.392,5.1,-173.681]
        ],
        "unit_class": "det_road_block_with_bags_a",
        "objLayer": 2,
        "props": {
          "army": 0,
          "active": true
        }
      }
    },
    {
      "objectGroups": {
        "name": "objectGroups_29",
        "tm": [
          [-0.999893,0.0,-0.0146303],
          [0.0,1.0,0.0],
          [0.0146303,0.0,-0.999893],
          [-756.658,5.1,-174.333]
        ],
        "unit_class": "det_road_block_with_bags_a",
        "objLayer": 2,
        "props": {
          "army": 0,
          "active": true
        }
      }
    },
    {
      "objectGroups": {
        "name": "objectGroups_34",
        "tm": [
          [-0.999129,0.0,0.0417276],
          [0.0,1.0,0.0],
          [-0.0417276,0.0,-0.999129],
          [-784.346,5.1,-174.564]
        ],
        "unit_class": "det_road_block_with_bags_a",
        "objLayer": 2,
        "props": {
          "army": 0,
          "active": true
        }
      }
    },
    {
      "objectGroups": {
        "name": "objectGroups_36",
        "tm": [
          [-0.801053,0.0,-0.598593],
          [0.0,1.0,0.0],
          [0.598593,0.0,-0.801053],
          [-609.05,5.1,366.65]
        ],
        "unit_class": "det_road_block_with_bags_c",
        "objLayer": 2,
        "props": {
          "army": 0,
          "active": true
        }
      }
    },
    {
      "objectGroups": {
        "name": "objectGroups_37",
        "tm": [
          [0.729315,0.0,0.684178],
          [0.0,1.0,0.0],
          [-0.684178,0.0,0.729315],
          [-623.45,5.1,357.25]
        ],
        "unit_class": "det_road_block_with_bags_a",
        "objLayer": 2,
        "props": {
          "army": 0,
          "active": true
        }
      }
    },
    {
      "objectGroups": {
        "name": "objectGroups_35",
        "tm": [
          [-0.941609,0.0,-0.336709],
          [0.0,1.0,0.0],
          [0.336709,0.0,-0.941609],
          [-601.2,5.1,371.6]
        ],
        "unit_class": "det_road_block_with_bags_a",
        "objLayer": 2,
        "props": {
          "army": 0,
          "active": true
        }
      }
    },
    {
      "objectGroups": {
        "name": "objectGroups_41",
        "tm": [
          [-0.723356,0.0,-0.690475],
          [0.0,1.0,0.0],
          [0.690475,0.0,-0.723356],
          [-176.25,5.1,217.95]
        ],
        "unit_class": "det_road_block_with_bags_c",
        "objLayer": 2,
        "props": {
          "army": 0,
          "active": true
        }
      }
    },
    {
      "objectGroups": {
        "name": "objectGroups_42",
        "tm": [
          [0.862776,0.0,0.505586],
          [0.0,1.0,0.0],
          [-0.505586,0.0,0.862776],
          [-188.65,5.1,211.05]
        ],
        "unit_class": "det_road_block_with_bags_a",
        "objLayer": 2,
        "props": {
          "army": 0,
          "active": true
        }
      }
    },
    {
      "objectGroups": {
        "name": "objectGroups_40",
        "tm": [
          [-0.793042,0.0,-0.609167],
          [0.0,1.0,0.0],
          [0.609167,0.0,-0.793042],
          [-176.75,5.1,222.45]
        ],
        "unit_class": "det_road_block_with_bags_a",
        "objLayer": 2,
        "props": {
          "army": 0,
          "active": true
        }
      }
    },
    {
      "objectGroups": {
        "name": "objectGroups_46",
        "tm": [
          [-0.847181,0.0,-0.531304],
          [0.0,1.0,0.0],
          [0.531304,0.0,-0.847181],
          [-333.5,5.1,473.55]
        ],
        "unit_class": "det_road_block_with_bags_c",
        "objLayer": 2,
        "props": {
          "army": 0,
          "active": true
        }
      }
    },
    {
      "objectGroups": {
        "name": "objectGroups_47",
        "tm": [
          [0.339971,0.0,0.940436],
          [0.0,1.0,0.0],
          [-0.940436,0.0,0.339971],
          [-345.5,5.1,463.25]
        ],
        "unit_class": "det_road_block_with_bags_a",
        "objLayer": 2,
        "props": {
          "army": 0,
          "active": true
        }
      }
    },
    {
      "objectGroups": {
        "name": "objectGroups_45",
        "tm": [
          [-0.911734,0.0,-0.410782],
          [0.0,1.0,0.0],
          [0.410782,0.0,-0.911734],
          [-328.85,5.1,479.7]
        ],
        "unit_class": "det_road_block_with_bags_a",
        "objLayer": 2,
        "props": {
          "army": 0,
          "active": true
        }
      }
    },
    {
      "objectGroups": {
        "name": "objectGroups_51",
        "tm": [
          [-0.461354,0.0,0.887216],
          [0.0,1.0,0.0],
          [-0.887216,0.0,-0.461354],
          [-483.8,5.1,373.75]
        ],
        "unit_class": "det_road_block_with_bags_a",
        "objLayer": 2,
        "props": {
          "army": 0,
          "active": true
        }
      }
    },
    {
      "objectGroups": {
        "name": "objectGroups_52",
        "tm": [
          [-0.701745,0.0,0.712428],
          [0.0,1.0,0.0],
          [-0.712428,0.0,-0.701745],
          [-489.1,5.1,381.35]
        ],
        "unit_class": "det_road_block_with_bags_c",
        "objLayer": 2,
        "props": {
          "army": 0,
          "active": true
        }
      }
    },
    {
      "objectGroups": {
        "name": "objectGroups_50",
        "tm": [
          [0.776805,0.0,-0.629741],
          [0.0,1.0,0.0],
          [0.629741,0.0,0.776805],
          [-501.7,5.1,393.95]
        ],
        "unit_class": "det_road_block_with_bags_a",
        "objLayer": 2,
        "props": {
          "army": 0,
          "active": true
        }
      }
    },
    {
      "objectGroups": {
        "name": "objectGroups_56",
        "tm": [
          [-0.461354,0.0,0.887216],
          [0.0,1.0,0.0],
          [-0.887216,0.0,-0.461354],
          [-224.85,5.1,405.6]
        ],
        "unit_class": "det_road_block_with_bags_a",
        "objLayer": 2,
        "props": {
          "army": 0,
          "active": true
        }
      }
    },
    {
      "objectGroups": {
        "name": "objectGroups_57",
        "tm": [
          [-0.565339,0.0,0.824858],
          [0.0,1.0,0.0],
          [-0.824858,0.0,-0.565339],
          [-229.45,5.1,413.2]
        ],
        "unit_class": "det_road_block_with_bags_c",
        "objLayer": 2,
        "props": {
          "army": 0,
          "active": true
        }
      }
    },
    {
      "objectGroups": {
        "name": "objectGroups_55",
        "tm": [
          [0.580101,0.0,-0.814545],
          [0.0,1.0,0.0],
          [0.814545,0.0,0.580101],
          [-240.9,5.1,426.85]
        ],
        "unit_class": "det_road_block_with_bags_a",
        "objLayer": 2,
        "props": {
          "army": 0,
          "active": true
        }
      }
    },
    {
      "objectGroups": {
        "name": "objectGroups_61",
        "tm": [
          [-0.529955,0.0,0.848026],
          [0.0,1.0,0.0],
          [-0.848026,0.0,-0.529955],
          [-158.5,5.1,368.35]
        ],
        "unit_class": "det_road_block_with_bags_a",
        "objLayer": 2,
        "props": {
          "army": 0,
          "active": true
        }
      }
    },
    {
      "objectGroups": {
        "name": "objectGroups_62",
        "tm": [
          [-0.522948,0.0,0.852364],
          [0.0,1.0,0.0],
          [-0.852364,0.0,-0.522948],
          [-163.65,5.1,375.55]
        ],
        "unit_class": "det_road_block_with_bags_c",
        "objLayer": 2,
        "props": {
          "army": 0,
          "active": true
        }
      }
    },
    {
      "objectGroups": {
        "name": "objectGroups_60",
        "tm": [
          [0.504547,0.0,-0.863384],
          [0.0,1.0,0.0],
          [0.863384,0.0,0.504547],
          [-169.9,5.1,389.75]
        ],
        "unit_class": "det_road_block_with_bags_a",
        "objLayer": 2,
        "props": {
          "army": 0,
          "active": true
        }
      }
    },
    {
      "objectGroups": {
        "name": "objectGroups_63",
        "tm": [
          [-0.585105,0.0,0.810958],
          [0.0,1.0,0.0],
          [-0.810958,0.0,-0.585105],
          [-127.25,5.1,299.9]
        ],
        "unit_class": "det_road_block_with_bags_c",
        "objLayer": 2,
        "props": {
          "army": 0,
          "active": true
        }
      }
    },
    {
      "objectGroups": {
        "name": "objectGroups_64",
        "tm": [
          [0.591327,0.0,-0.806432],
          [0.0,1.0,0.0],
          [0.806432,0.0,0.591327],
          [-139.95,5.1,316.05]
        ],
        "unit_class": "det_road_block_with_bags_c",
        "objLayer": 2,
        "props": {
          "army": 0,
          "active": true
        }
      }
    },
    {
      "objectGroups": {
        "name": "objectGroups_68",
        "tm": [
          [0.590307,0.0,0.807179],
          [0.0,1.0,0.0],
          [-0.807179,0.0,0.590307],
          [447.145,5.09993,348.488]
        ],
        "unit_class": "det_road_block_with_bags_a",
        "objLayer": 2,
        "props": {
          "army": 0,
          "active": true
        }
      }
    },
    {
      "objectGroups": {
        "name": "objectGroups_69",
        "tm": [
          [0.590074,0.0,0.80735],
          [0.0,1.0,0.0],
          [-0.80735,0.0,0.590074],
          [454.02,5.09993,353.464]
        ],
        "unit_class": "det_road_block_with_bags_c",
        "objLayer": 2,
        "props": {
          "army": 0,
          "active": true
        }
      }
    },
    {
      "objectGroups": {
        "name": "objectGroups_67",
        "tm": [
          [-0.5804,0.0,-0.814331],
          [0.0,1.0,0.0],
          [0.814331,0.0,-0.5804],
          [463.806,5.09993,368.246]
        ],
        "unit_class": "det_road_block_with_bags_a",
        "objLayer": 2,
        "props": {
          "army": 0,
          "active": true
        }
      }
    },
    {
      "objectGroups": {
        "name": "objectGroups_73",
        "tm": [
          [0.524058,0.0,0.851682],
          [0.0,1.0,0.0],
          [-0.851682,0.0,0.524058],
          [556.598,5.09991,137.487]
        ],
        "unit_class": "det_road_block_with_bags_a",
        "objLayer": 2,
        "props": {
          "army": 0,
          "active": true
        }
      }
    },
    {
      "objectGroups": {
        "name": "objectGroups_74",
        "tm": [
          [0.381017,0.0,0.924568],
          [0.0,1.0,0.0],
          [-0.924568,0.0,0.381017],
          [556.53,5.09991,144.988]
        ],
        "unit_class": "det_road_block_with_bags_c",
        "objLayer": 2,
        "props": {
          "army": 0,
          "active": true
        }
      }
    },
    {
      "objectGroups": {
        "name": "objectGroups_72",
        "tm": [
          [-0.141081,0.0,-0.989998],
          [0.0,1.0,0.0],
          [0.989998,0.0,-0.141081],
          [562.818,5.09991,158.491]
        ],
        "unit_class": "det_road_block_with_bags_a",
        "objLayer": 2,
        "props": {
          "army": 0,
          "active": true
        }
      }
    },
    {
      "objectGroups": {
        "name": "objectGroups_76",
        "tm": [
          [0.967487,0.0,-0.252919],
          [0.0,1.0,0.0],
          [0.252919,0.0,0.967487],
          [400.855,5.09991,197.185]
        ],
        "unit_class": "det_road_block_with_bags_a",
        "objLayer": 2,
        "props": {
          "army": 0,
          "active": true
        }
      }
    },
    {
      "objectGroups": {
        "name": "objectGroups_77",
        "tm": [
          [0.954858,0.0,-0.297064],
          [0.0,1.0,0.0],
          [0.297064,0.0,0.954858],
          [409.465,5.09991,195.32]
        ],
        "unit_class": "det_road_block_with_bags_c",
        "objLayer": 2,
        "props": {
          "army": 0,
          "active": true
        }
      }
    },
    {
      "objectGroups": {
        "name": "objectGroups_75",
        "tm": [
          [-0.969381,0.0,0.245562],
          [0.0,1.0,0.0],
          [-0.245562,0.0,-0.969381],
          [426.718,5.09991,191.729]
        ],
        "unit_class": "det_road_block_with_bags_a",
        "objLayer": 2,
        "props": {
          "army": 0,
          "active": true
        }
      }
    },
    {
      "objectGroups": {
        "name": "objectGroups_81",
        "tm": [
          [0.854945,0.0,-0.518719],
          [0.0,1.0,0.0],
          [0.518719,0.0,0.854945],
          [422.089,5.09991,133.303]
        ],
        "unit_class": "det_road_block_with_bags_a",
        "objLayer": 2,
        "props": {
          "army": 0,
          "active": true
        }
      }
    },
    {
      "objectGroups": {
        "name": "objectGroups_82",
        "tm": [
          [0.830233,0.0,-0.557417],
          [0.0,1.0,0.0],
          [0.557417,0.0,0.830233],
          [429.761,5.09991,129.113]
        ],
        "unit_class": "det_road_block_with_bags_c",
        "objLayer": 2,
        "props": {
          "army": 0,
          "active": true
        }
      }
    },
    {
      "objectGroups": {
        "name": "objectGroups_80",
        "tm": [
          [-0.876118,0.0,0.482097],
          [0.0,1.0,0.0],
          [-0.482097,0.0,-0.876118],
          [445.545,5.09991,120.85]
        ],
        "unit_class": "det_road_block_with_bags_a",
        "objLayer": 2,
        "props": {
          "army": 0,
          "active": true
        }
      }
    },
    {
      "objectGroups": {
        "name": "objectGroups_83",
        "tm": [
          [-0.876118,0.0,0.482097],
          [0.0,1.0,0.0],
          [-0.482097,0.0,-0.876118],
          [452.465,5.09991,120.262]
        ],
        "unit_class": "det_road_block_with_bags_a",
        "objLayer": 2,
        "props": {
          "army": 0,
          "active": true
        }
      }
    },
    {
      "objectGroups": {
        "name": "objectGroups_85",
        "tm": [
          [0.722583,0.0,-0.691284],
          [0.0,1.0,0.0],
          [0.691284,0.0,0.722583],
          [514.801,5.09992,352.865]
        ],
        "unit_class": "det_road_block_with_bags_a",
        "objLayer": 2,
        "props": {
          "army": 0,
          "active": true
        }
      }
    },
    {
      "objectGroups": {
        "name": "objectGroups_86",
        "tm": [
          [0.727634,0.0,-0.685966],
          [0.0,1.0,0.0],
          [0.685966,0.0,0.727634],
          [521.626,5.09992,347.202]
        ],
        "unit_class": "det_road_block_with_bags_c",
        "objLayer": 2,
        "props": {
          "army": 0,
          "active": true
        }
      }
    },
    {
      "objectGroups": {
        "name": "objectGroups_84",
        "tm": [
          [-0.712707,0.0,0.701462],
          [0.0,1.0,0.0],
          [-0.701462,0.0,-0.712707],
          [531.308,5.09991,335.376]
        ],
        "unit_class": "det_road_block_with_bags_a",
        "objLayer": 2,
        "props": {
          "army": 0,
          "active": true
        }
      }
    },
    {
      "objectGroups": {
        "name": "objectGroups_87",
        "tm": [
          [0.722583,0.0,-0.691284],
          [0.0,1.0,0.0],
          [0.691284,0.0,0.722583],
          [532.166,5.09991,332.086]
        ],
        "unit_class": "det_road_block_with_bags_a",
        "objLayer": 2,
        "props": {
          "army": 0,
          "active": true
        }
      }
    },
    {
      "objectGroups": {
        "name": "objectGroups_90",
        "tm": [
          [0.217557,0.0,-0.976048],
          [0.0,1.0,0.0],
          [0.976048,0.0,0.217557],
          [499.403,5.09991,258.352]
        ],
        "unit_class": "det_road_block_with_bags_c",
        "objLayer": 2,
        "props": {
          "army": 0,
          "active": true
        }
      }
    },
    {
      "objectGroups": {
        "name": "objectGroups_89",
        "tm": [
          [-0.24842,0.0,0.968652],
          [0.0,1.0,0.0],
          [-0.968652,0.0,-0.24842],
          [504.764,5.09991,241.487]
        ],
        "unit_class": "det_road_block_with_bags_a",
        "objLayer": 2,
        "props": {
          "army": 0,
          "active": true
        }
      }
    },
    {
      "objectGroups": {
        "name": "objectGroups_88",
        "tm": [
          [-0.709984,0.0,-0.704218],
          [0.0,1.0,0.0],
          [0.704218,0.0,-0.709984],
          [438.914,5.09991,470.137]
        ],
        "unit_class": "det_road_block_with_bags_a",
        "objLayer": 2,
        "props": {
          "army": 0,
          "active": true
        }
