{
  "selected_tag": "",
  "bin_dump_file": "",
  "mission_settings": {
    "player": {
      "army": 1
    },
    "player_teamB": {
      "army": 2
    },
    "mission": {
      "level": "levels/air_smolensk.bin",
      "type": "domination",
      "environment": "Day",
      "weather": "hazy",
      "restoreType": "attempts",
      "optionalTakeOff": false
    }
  },
  "imports": {},
  "triggers": {
    "isCategory": true,
    "is_enabled": true
  },
  "mission_objectives": {
    "isCategory": true,
    "is_enabled": true
  },
  "variables": {},
  "dialogs": {},
  "airfields": {},
  "effects": {},
  "units": {
    "objectGroups": [
      {
        "name": "bdt_t2_bomb_object_01",
        "tm": [
          [
            0.780732,
            0.0,
            -0.624863
          ],
          [
            0.0,
            1.0,
            0.0
          ],
          [
            0.624863,
            0.0,
            0.780732
          ],
          [
            -6407.26,
            59.1205,
            48892.9
          ]
        ],
        "unit_class": "dynBase_hq_camp_square",
        "objLayer": 2,
        "props": {
          "army": 2,
          "active": false
        }
      },
      {
        "name": "bdt_t2_bomb_object_02",
        "tm": [
          [
            0.153465,
            0.0,
            -0.988156
          ],
          [
            0.0,
            1.0,
            0.0
          ],
          [
            0.988156,
            0.0,
            0.153465
          ],
          [
            -6567.16,
            118.099,
            42287.9
          ]
        ],
        "unit_class": "dynBase_fuel_storage_square",
        "objLayer": 2,
        "props": {
          "army": 2,
          "active": false
        }
      },
      {
        "name": "bdt_t2_bomb_object_03",
        "tm": [
          [
            0.914765,
            0.0,
            0.40399
          ],
          [
            0.0,
            1.0,
            0.0
          ],
          [
            -0.40399,
            0.0,
            0.914765
          ],
          [
            -3134.94,
            137.368,
            37815.7
          ]
        ],
        "unit_class": "dynBase_oil_storage_small_square",
        "objLayer": 2,
        "props": {
          "army": 2,
          "active": false
        }
      },
      {
        "name": "bdt_t1_bomb_object_01",
        "tm": [
          [
            0.94214,
            0.0,
            -0.335217
          ],
          [
            0.0,
            1.0,
            0.0
          ],
          [
            0.335217,
            0.0,
            0.94214
          ],
          [
            7990.6,
            123.04,
            52544.4
          ]
        ],
        "unit_class": "dynBase_fuel_storage_square",
        "objLayer": 2,
        "props": {
          "army": 1,
          "active": false
        }
      },
      {
        "name": "bdt_t1_bomb_object_02",
        "tm": [
          [
            0.921088,
            0.0,
            0.389352
          ],
          [
            0.0,
            1.0,
            0.0
          ],
          [
            -0.389352,
            0.0,
            0.921088
          ],
          [
            10774.9,
            161.24,
            48356.7
          ]
        ],
        "unit_class": "dynBase_small_factory_square",
        "objLayer": 2,
        "props": {
          "army": 1,
          "active": false
        }
      },
      {
        "name": "bdt_t1_bomb_object_03",
        "tm": [
          [
            0.816333,
            0.0,
            0.577583
          ],
          [
            0.0,
            1.0,
            0.0
          ],
          [
            -0.577583,
            0.0,
            0.816333
          ],
          [
            10790.2,
            91.3713,
            42572.2
          ]
        ],
        "unit_class": "dynBase_oil_storage_small_square",
        "objLayer": 2,
        "props": {
          "army": 1,
          "active": false
        }
      },
      {
        "name": "bdt_t2_bomb_object_04",
        "tm": [
          [
            0.997946,
            0.0,
            -0.0640469
          ],
          [
            0.0,
            1.0,
            0.0
          ],
          [
            0.0640469,
            0.0,
            0.997946
          ],
          [
            -3612.56,
            119.665,
            52854.1
          ]
        ],
        "unit_class": "dynBase_small_factory_square",
        "objLayer": 2,
        "props": {
          "army": 2,
          "active": false
        }
      },
      {
        "name": "bdt_t1_bomb_object_04",
        "tm": [
          [
            0.966853,
            0.0,
            0.255333
          ],
          [
            0.0,
            1.0,
            0.0
          ],
          [
            -0.255333,
            0.0,
            0.966853
          ],
          [
            8097.89,
            83.5013,
            38852.0
          ]
        ],
        "unit_class": "dynBase_field_camp_square",
        "objLayer": 2,
        "props": {
          "army": 1,
          "active": false
        }
      },
      {
        "name": "bdt_t1_bomb_object_05",
        "tm": [
          [
            0.966853,
            0.0,
            0.255333
          ],
          [
            0.0,
            1.0,
            0.0
          ],
          [
            -0.255333,
            0.0,
            0.966853
          ],
          [
            5818.33,
            48.5684,
            39513.2
          ]
        ],
        "unit_class": "dynBase_military_base_square",
        "objLayer": 2,
        "props": {
          "army": 1,
          "active": false
        }
      },
      {
        "name": "bdt_t1_bomb_object_06",
        "tm": [
          [
            0.966853,
            0.0,
            0.255333
          ],
          [
            0.0,
            1.0,
            0.0
          ],
          [
            -0.255333,
            0.0,
            0.966853
          ],
          [
            7495.97,
            63.9424,
            40972.0
          ]
        ],
        "unit_class": "dynBase_oil_storage_large_square",
        "objLayer": 2,
        "props": {
          "army": 1,
          "active": false
        }
      },
      {
        "name": "bdt_t1_bomb_object_07",
        "tm": [
          [
            0.966853,
            0.0,
            0.255333
          ],
          [
            0.0,
            1.0,
            0.0
          ],
          [
            -0.255333,
            0.0,
            0.966853
          ],
          [
            9062.38,
            155.744,
            43564.2
          ]
        ],
        "unit_class": "dynBase_oil_storage_large_square",
        "objLayer": 2,
        "props": {
          "army": 1,
          "active": false
        }
      },
      {
        "name": "bdt_t1_bomb_object_08",
        "tm": [
          [
            0.94214,
            0.0,
            -0.335217
          ],
          [
            0.0,
            1.0,
            0.0
          ],
          [
            0.335217,
            0.0,
            0.94214
          ],
          [
            5535.15,
            148.418,
            51801.2
          ]
        ],
        "unit_class": "dynBase_small_factory_square",
        "objLayer": 2,
        "props": {
          "army": 1,
          "active": false
        }
      },
      {
        "name": "bdt_t1_bomb_object_09",
        "tm": [
          [
            0.94214,
            0.0,
            -0.335217
          ],
          [
            0.0,
            1.0,
            0.0
          ],
          [
            0.335217,
            0.0,
            0.94214
          ],
          [
            7787.07,
            189.25,
            50036.5
          ]
        ],
        "unit_class": "dynBase_hq_camp_square",
        "objLayer": 2,
        "props": {
          "army": 1,
          "active": false
        }
      },
      {
        "name": "bdt_t1_bomb_object_10",
        "tm": [
          [
            0.94214,
            0.0,
            -0.335217
          ],
          [
            0.0,
            1.0,
            0.0
          ],
          [
            0.335217,
            0.0,
            0.94214
          ],
          [
            8960.31,
            154.278,
            47570.2
          ]
        ],
        "unit_class": "dynBase_petrol_camp_square",
        "objLayer": 2,
        "props": {
          "army": 1,
          "active": false
        }
      },
      {
        "name": "bdt_t2_bomb_object_05",
        "tm": [
          [
            0.997946,
            0.0,
            -0.0640469
          ],
          [
            0.0,
            1.0,
            0.0
          ],
          [
            0.0640469,
            0.0,
            0.997946
          ],
          [
            -1427.74,
            97.4275,
            51799.7
          ]
        ],
        "unit_class": "dynBase_petrol_camp_square",
        "objLayer": 2,
        "props": {
          "army": 2,
          "active": false
        }
      },
      {
        "name": "bdt_t2_bomb_object_06",
        "tm": [
          [
            0.911291,
            0.0,
            0.411762
          ],
          [
            0.0,
            1.0,
            0.0
          ],
          [
            -0.411762,
            0.0,
            0.911291
          ],
          [
            -3757.85,
            94.9346,
            49800.4
          ]
        ],
        "unit_class": "dynBase_military_base_square",
        "objLayer": 2,
        "props": {
          "army": 2,
          "active": false
        }
      },
      {
        "name": "bdt_t2_bomb_object_07",
        "tm": [
          [
            0.997946,
            0.0,
            -0.0640469
          ],
          [
            0.0,
            1.0,
            0.0
          ],
          [
            0.0640469,
            0.0,
            0.997946
          ],
          [
            -4883.79,
            88.2335,
            47449.8
          ]
        ],
        "unit_class": "dynBase_fuel_storage_square",
        "objLayer": 2,
        "props": {
          "army": 2,
          "active": false
        }
      },
      {
        "name": "bdt_t2_bomb_object_08",
        "tm": [
          [
            0.914765,
            0.0,
            0.40399
          ],
          [
            0.0,
            1.0,
            0.0
          ],
          [
            -0.40399,
            0.0,
            0.914765
          ],
          [
            -1879.08,
            128.489,
            39267.1
          ]
        ],
        "unit_class": "dynBase_ammunition_storage_square",
        "objLayer": 2,
        "props": {
          "army": 2,
          "active": false
        }
      },
      {
        "name": "bdt_t2_bomb_object_09",
        "tm": [
          [
            0.914765,
            0.0,
            0.40399
          ],
          [
            0.0,
            1.0,
            0.0
          ],
          [
            -0.40399,
            0.0,
            0.914765
          ],
          [
            -3785.85,
            160.522,
            41054.1
          ]
        ],
        "unit_class": "dynBase_field_camp_square",
        "objLayer": 2,
        "props": {
          "army": 2,
          "active": false
        }
      },
      {
        "name": "bdt_t2_bomb_object_10",
        "tm": [
          [
            0.914765,
            0.0,
            0.40399
          ],
          [
            0.0,
            1.0,
            0.0
          ],
          [
            -0.40399,
            0.0,
            0.914765
          ],
          [
            -5091.45,
            72.5736,
            43391.9
          ]
        ],
        "unit_class": "dynBase_oil_storage_small_square",
        "objLayer": 2,
        "props": {
          "army": 2,
          "active": false
        }
      }
    ]
  },
  "areas": {
    "bdt_t2_bomb_zone_01": {
      "type": "Sphere",
      "tm": [
        [
          351.331,
          0.0,
          -281.19
        ],
        [
          0.0,
          450.0,
          0.0
        ],
        [
          281.19,
          0.0,
          351.331
        ],
        [
          -6413.36,
          46.4666,
          48889.1
        ]
      ],
      "objLayer": 0,
      "props": {}
    },
    "bdt_t2_bomb_zone_02": {
      "type": "Sphere",
      "tm": [
        [
          351.331,
          0.0,
          -281.19
        ],
        [
          0.0,
          450.0,
          0.0
        ],
        [
          281.19,
          0.0,
          351.331
        ],
        [
          -6547.66,
          118.786,
          42297.1
        ]
      ],
      "objLayer": 0,
      "props": {}
    },
    "bdt_t2_bomb_zone_03": {
      "type": "Sphere",
      "tm": [
        [
          411.645,
          0.0,
          181.794
        ],
        [
          0.0,
          450.0,
          0.0
        ],
        [
          -181.794,
          0.0,
          411.645
        ],
        [
          -3143.14,
          137.373,
          37821.1
        ]
      ],
      "objLayer": 0,
      "props": {}
    },
    "bdt_t1_bomb_zone_01": {
      "type": "Sphere",
      "tm": [
        [
          423.963,
          0.0,
          -150.848
        ],
        [
          0.0,
          450.0,
          0.0
        ],
        [
          150.848,
          0.0,
          423.963
        ],
        [
          8003.27,
          122.961,
          52543.2
        ]
      ],
      "objLayer": 0,
      "props": {}
    },
    "bdt_t1_bomb_zone_02": {
      "type": "Sphere",
      "tm": [
        [
          442.587,
          0.0,
          81.3436
        ],
        [
          0.0,
          450.0,
          0.0
        ],
        [
          -81.3436,
          0.0,
          442.587
        ],
        [
          10778.8,
          161.236,
          48359.5
        ]
      ],
      "objLayer": 0,
      "props": {}
    },
    "bdt_t1_bomb_zone_03": {
      "type": "Sphere",
      "tm": [
        [
          438.618,
          0.0,
          100.573
        ],
        [
          0.0,
          450.0,
          0.0
        ],
        [
          -100.573,
          0.0,
          438.618
        ],
        [
          10795.6,
          91.2802,
          42574.1
        ]
      ],
      "objLayer": 0,
      "props": {}
    },
    "bdt_t2_bomb_zone_04": {
      "type": "Sphere",
      "tm": [
        [
          449.075,
          0.0,
          -28.8212
        ],
        [
          0.0,
          450.0,
          0.0
        ],
        [
          28.8212,
          0.0,
          449.075
        ],
        [
          -3604.96,
          118.943,
          52851.7
        ]
      ],
      "objLayer": 0,
      "props": {}
    },
    "bdt_t1_bomb_zone_04": {
      "type": "Sphere",
      "tm": [
        [
          438.618,
          0.0,
          100.573
        ],
        [
          0.0,
          450.0,
          0.0
        ],
        [
          -100.573,
          0.0,
          438.618
        ],
        [
          8096.85,
          83.4263,
          38857.6
        ]
      ],
      "objLayer": 0,
      "props": {}
    },
    "bdt_t2_bomb_zone_01_aaa_point_01": {
      "type": "Point",
      "tm": [
        [
          0.996619,
          0.0,
          -0.0821451
        ],
        [
          0.0,
          1.0,
          0.0
        ],
        [
          0.0821451,
          0.0,
          0.996619
        ],
        [
          -6404.96,
          30.7824,
          48663.8
        ]
      ],
      "objLayer": 0,
      "props": {}
    },
    "bdt_t2_bomb_zone_01_aaa_point_02": {
      "type": "Point",
      "tm": [
        [
          0.996619,
          0.0,
          -0.0821451
        ],
        [
          0.0,
          1.0,
          0.0
        ],
        [
          0.0821451,
          0.0,
          0.996619
        ],
        [
          -6528.46,
          41.9226,
          49157.7
        ]
      ],
      "objLayer": 0,
      "props": {}
    },
    "bdt_t2_bomb_zone_01_aaa_point_03": {
      "type": "Point",
      "tm": [
        [
          0.996619,
          0.0,
          -0.0821451
        ],
        [
          0.0,
          1.0,
          0.0
        ],
        [
          0.0821451,
          0.0,
          0.996619
        ],
        [
          -6409.46,
          34.3655,
          49156.0
        ]
      ],
      "objLayer": 0,
      "props": {}
    },
    "bdt_t2_bomb_zone_01_aaa_point_04": {
      "type": "Point",
      "tm": [
        [
          0.996619,
          0.0,
          -0.0821451
        ],
        [
          0.0,
          1.0,
          0.0
        ],
        [
          0.0821451,
          0.0,
          0.996619
        ],
        [
          -6023.96,
          35.1805,
          49147.8
        ]
      ],
      "objLayer": 0,
      "props": {}
    },
    "bdt_t2_bomb_zone_02_aaa_point_01": {
      "type": "Point",
      "tm": [
        [
          0.996619,
          0.0,
          -0.0821451
        ],
        [
          0.0,
          1.0,
          0.0
        ],
        [
          0.0821451,
          0.0,
          0.996619
        ],
        [
          -6757.96,
          123.409,
          42164.6
        ]
      ],
      "objLayer": 0,
      "props": {}
    },
    "bdt_t2_bomb_zone_02_aaa_point_02": {
      "type": "Point",
      "tm": [
        [
          0.996619,
          0.0,
          -0.0821451
        ],
        [
          0.0,
          1.0,
          0.0
        ],
        [
          0.0821451,
          0.0,
          0.996619
        ],
        [
          -6456.36,
          113.793,
          42611.4
        ]
      ],
      "objLayer": 0,
      "props": {}
    },
    "bdt_t2_bomb_zone_02_aaa_point_03": {
      "type": "Point",
      "tm": [
        [
          0.996619,
          0.0,
          -0.0821451
        ],
        [
          0.0,
          1.0,
          0.0
        ],
        [
          0.0821451,
          0.0,
          0.996619
        ],
        [
          -6795.06,
          115.376,
          42427.4
        ]
      ],
      "objLayer": 0,
      "props": {}
    },
    "bdt_t2_bomb_zone_02_aaa_point_04": {
      "type": "Point",
      "tm": [
        [
          0.996619,
          0.0,
          -0.0821451
        ],
        [
          0.0,
          1.0,
          0.0
        ],
        [
          0.0821451,
          0.0,
          0.996619
        ],
        [
          -6325.66,
          111.269,
          42239.6
        ]
      ],
      "objLayer": 0,
      "props": {}
    },
    "bdt_t2_bomb_zone_03_aaa_point_01": {
      "type": "Point",
      "tm": [
        [
          0.996619,
          0.0,
          -0.0821451
        ],
        [
          0.0,
          1.0,
          0.0
        ],
        [
          0.0821451,
          0.0,
          0.996619
        ],
        [
          -2835.54,
          107.392,
          37488.9
        ]
      ],
      "objLayer": 0,
      "props": {}
    },
    "bdt_t2_bomb_zone_03_aaa_point_02": {
      "type": "Point",
      "tm": [
        [
          0.996619,
          0.0,
          -0.0821451
        ],
        [
          0.0,
          1.0,
          0.0
        ],
        [
          0.0821451,
          0.0,
          0.996619
        ],
        [
          -3010.94,
          120.264,
          38082.1
        ]
      ],
      "objLayer": 0,
      "props": {}
    },
    "bdt_t2_bomb_zone_03_aaa_point_03": {
      "type": "Point",
      "tm": [
        [
          0.996619,
          0.0,
          -0.0821451
        ],
        [
          0.0,
          1.0,
          0.0
        ],
        [
          0.0821451,
          0.0,
          0.996619
        ],
        [
          -3318.24,
          126.982,
          38089.5
        ]
      ],
      "objLayer": 0,
      "props": {}
    },
    "bdt_t2_bomb_zone_03_aaa_point_04": {
      "type": "Point",
      "tm": [
        [
          0.996619,
          0.0,
          -0.0821451
        ],
        [
          0.0,
          1.0,
          0.0
        ],
        [
          0.0821451,
          0.0,
          0.996619
        ],
        [
          -3423.64,
          146.29,
          37639.9
        ]
      ],
      "objLayer": 0,
      "props": {}
    },
    "bdt_t2_bomb_zone_04_aaa_point_01": {
      "type": "Point",
      "tm": [
        [
          0.996619,
          0.0,
          -0.0821451
        ],
        [
          0.0,
          1.0,
          0.0
        ],
        [
          0.0821451,
          0.0,
          0.996619
        ],
        [
          -3347.56,
          125.009,
          53061.9
        ]
      ],
      "objLayer": 0,
      "props": {}
    },
    "bdt_t2_bomb_zone_04_aaa_point_02": {
      "type": "Point",
      "tm": [
        [
          0.996619,
          0.0,
          -0.0821451
        ],
        [
          0.0,
          1.0,
          0.0
        ],
        [
          0.0821451,
          0.0,
          0.996619
        ],
        [
          -3805.06,
          139.158,
          53078.1
        ]
      ],
      "objLayer": 0,
      "props": {}
    },
    "bdt_t2_bomb_zone_04_aaa_point_03": {
      "type": "Point",
      "tm": [
        [
          0.996619,
          0.0,
          -0.0821451
        ],
        [
          0.0,
          1.0,
          0.0
        ],
        [
          0.0821451,
          0.0,
          0.996619
        ],
        [
          -3507.46,
          80.7273,
          52603.7
        ]
      ],
      "objLayer": 0,
      "props": {}
    },
    "bdt_t2_bomb_zone_04_aaa_point_04": {
      "type": "Point",
      "tm": [
        [
          0.996619,
          0.0,
          -0.0821451
        ],
        [
          0.0,
          1.0,
          0.0
        ],
        [
          0.0821451,
          0.0,
          0.996619
        ],
        [
          -3747.36,
          99.6177,
          52650.0
        ]
      ],
      "objLayer": 0,
      "props": {}
    },
    "bdt_t1_bomb_zone_01_aaa_point_01": {
      "type": "Point",
      "tm": [
        [
          0.968693,
          0.0,
          0.248259
        ],
        [
          0.0,
          1.0,
          0.0
        ],
        [
          -0.248259,
          0.0,
          0.968693
        ],
        [
          8247.66,
          122.78,
          52615.2
        ]
      ],
      "objLayer": 0,
      "props": {}
    },
    "bdt_t1_bomb_zone_01_aaa_point_02": {
      "type": "Point",
      "tm": [
        [
          0.968693,
          0.0,
          0.248259
        ],
        [
          0.0,
          1.0,
          0.0
        ],
        [
          -0.248259,
          0.0,
          0.968693
        ],
        [
          7750.08,
          124.17,
          52541.4
        ]
      ],
      "objLayer": 0,
      "props": {}
    },
    "bdt_t1_bomb_zone_01_aaa_point_03": {
      "type": "Point",
      "tm": [
        [
          0.968693,
          0.0,
          0.248259
        ],
        [
          0.0,
          1.0,
          0.0
        ],
        [
          -0.248259,
          0.0,
          0.968693
        ],
        [
          8032.4,
          119.569,
          52311.8
        ]
      ],
      "objLayer": 0,
      "props": {}
    },
    "bdt_t1_bomb_zone_01_aaa_point_04": {
      "type": "Point",
      "tm": [
        [
          0.968693,
          0.0,
          0.248259
        ],
        [
          0.0,
          1.0,
          0.0
        ],
        [
          -0.248259,
          0.0,
          0.968693
        ],
        [
          7814.84,
          121.607,
          52381.4
        ]
      ],
      "objLayer": 0,
      "props": {}
    },
    "bdt_t1_bomb_zone_02_aaa_point_01": {
      "type": "Point",
      "tm": [
        [
          0.968693,
          0.0,
          0.248259
        ],
        [
          0.0,
          1.0,
          0.0
        ],
        [
          -0.248259,
          0.0,
          0.968693
        ],
        [
          10927.8,
          161.017,
          48585.2
        ]
      ],
      "objLayer": 0,
      "props": {}
    },
    "bdt_t1_bomb_zone_02_aaa_point_02": {
      "type": "Point",
      "tm": [
        [
          0.968693,
          0.0,
          0.248259
        ],
        [
          0.0,
          1.0,
          0.0
        ],
        [
          -0.248259,
          0.0,
          0.968693
        ],
        [
          10637.5,
          161.124,
          48584.7
        ]
      ],
      "objLayer": 0,
      "props": {}
    },
    "bdt_t1_bomb_zone_02_aaa_point_03": {
      "type": "Point",
      "tm": [
        [
          0.968693,
          0.0,
          0.248259
        ],
        [
          0.0,
          1.0,
          0.0
        ],
        [
          -0.248259,
          0.0,
          0.968693
        ],
        [
          10827.4,
          161.562,
          47911.6
        ]
      ],
      "objLayer": 0,
      "props": {}
    },
    "bdt_t1_bomb_zone_02_aaa_point_04": {
      "type": "Point",
      "tm": [
        [
          0.968693,
          0.0,
          0.248259
        ],
        [
          0.0,
          1.0,
          0.0
        ],
        [
          -0.248259,
          0.0,
          0.968693
        ],
        [
          10452.9,
          161.374,
          48313.5
        ]
      ],
      "objLayer": 0,
      "props": {}
    },
    "bdt_t1_bomb_zone_03_aaa_point_01": {
      "type": "Point",
      "tm": [
        [
          0.968693,
          0.0,
          0.248259
        ],
        [
          0.0,
          1.0,
          0.0
        ],
        [
          -0.248259,
          0.0,
          0.968693
        ],
        [
          10657.2,
          102.04,
          42299.2
        ]
      ],
      "objLayer": 0,
      "props": {}
    },
    "bdt_t1_bomb_zone_03_aaa_point_02": {
      "type": "Point",
      "tm": [
        [
          0.968693,
          0.0,
          0.248259
        ],
        [
          0.0,
          1.0,
          0.0
        ],
        [
          -0.248259,
          0.0,
          0.968693
        ],
        [
          10891.1,
          81.6857,
          42796.6
        ]
      ],
      "objLayer": 0,
      "props": {}
    },
    "bdt_t1_bomb_zone_03_aaa_point_03": {
      "type": "Point",
      "tm": [
        [
          0.968693,
          0.0,
          0.248259
        ],
        [
          0.0,
          1.0,
          0.0
        ],
        [
          -0.248259,
          0.0,
          0.968693
        ],
        [
          10611.1,
          82.363,
          42793.7
        ]
      ],
      "objLayer": 0,
      "props": {}
    },
    "bdt_t1_bomb_zone_03_aaa_point_04": {
      "type": "Point",
      "tm": [
        [
          0.968693,
          0.0,
          0.248259
        ],
        [
          0.0,
          1.0,
          0.0
        ],
        [
          -0.248259,
          0.0,
          0.968693
        ],
        [
          11024.2,
          93.0626,
          42448.3
        ]
      ],
      "objLayer": 0,
      "props": {}
    },
    "bdt_t1_bomb_zone_04_aaa_point_01": {
      "type": "Point",
      "tm": [
        [
          0.968693,
          0.0,
          0.248259
        ],
        [
          0.0,
          1.0,
          0.0
        ],
        [
          -0.248259,
          0.0,
          0.968693
        ],
        [
          8408.22,
          88.9043,
          38799.0
        ]
      ],
      "objLayer": 0,
      "props": {}
    },
    "bdt_t1_bomb_zone_04_aaa_point_02": {
      "type": "Point",
      "tm": [
        [
          0.968693,
          0.0,
          0.248259
        ],
        [
          0.0,
          1.0,
          0.0
        ],
        [
          -0.248259,
          0.0,
          0.968693
        ],
        [
          8234.84,
          83.2723,
          39069.4
        ]
      ],
      "objLayer": 0,
      "props": {}
    },
    "bdt_t1_bomb_zone_04_aaa_point_03": {
      "type": "Point",
      "tm": [
        [
          0.968693,
          0.0,
          0.248259
        ],
        [
          0.0,
          1.0,
          0.0
        ],
        [
          -0.248259,
          0.0,
          0.968693
        ],
        [
          8163.2,
          87.3293,
          38574.4
        ]
      ],
      "objLayer": 0,
      "props": {}
    },
    "bdt_t1_bomb_zone_04_aaa_point_04": {
      "type": "Point",
      "tm": [
        [
          0.968693,
          0.0,
          0.248259
        ],
        [
          0.0,
          1.0,
          0.0
        ],
        [
          -0.248259,
          0.0,
          0.968693
        ],
        [
          7877.87,
          90.9413,
          39082.5
        ]
      ],
      "objLayer": 0,
      "props": {}
    },
    "bdt_t1_bomb_zone_05": {
      "type": "Sphere",
      "tm": [
        [
          438.618,
          0.0,
          100.573
        ],
        [
          0.0,
          450.0,
          0.0
        ],
        [
          -100.573,
          0.0,
          438.618
        ],
        [
          5817.3,
          48.5516,
          39518.9
        ]
      ],
      "objLayer": 0,
      "props": {}
    },
    "bdt_t1_bomb_zone_06": {
      "type": "Sphere",
      "tm": [
        [
          438.618,
          0.0,
          100.573
        ],
        [
          0.0,
          450.0,
          0.0
        ],
        [
          -100.573,
          0.0,
          438.618
        ],
        [
          7494.95,
          64.0914,
          40977.8
        ]
      ],
      "objLayer": 0,
      "props": {}
    },
    "bdt_t1_bomb_zone_07": {
      "type": "Sphere",
      "tm": [
        [
          438.618,
          0.0,
          100.573
        ],
        [
          0.0,
          450.0,
          0.0
        ],
        [
          -100.573,
          0.0,
          438.618
        ],
        [
          9061.38,
          155.64,
          43569.9
        ]
      ],
      "objLayer": 0,
      "props": {}
    },
    "bdt_t1_bomb_zone_08": {
      "type": "Sphere",
      "tm": [
        [
          423.963,
          0.0,
          -150.848
        ],
        [
          0.0,
          450.0,
          0.0
        ],
        [
          150.848,
          0.0,
          423.963
        ],
        [
          5547.84,
          148.418,
          51800.0
        ]
      ],
      "objLayer": 0,
      "props": {}
    },
    "bdt_t1_bomb_zone_09": {
      "type": "Sphere",
      "tm": [
        [
          423.963,
          0.0,
          -150.848
        ],
        [
          0.0,
          450.0,
          0.0
        ],
        [
          150.848,
          0.0,
          423.963
        ],
        [
          7799.57,
          189.25,
          50035.3
        ]
      ],
      "objLayer": 0,
      "props": {}
    },
    "bdt_t1_bomb_zone_10": {
      "type": "Sphere",
      "tm": [
        [
          423.963,
          0.0,
          -150.848
        ],
        [
          0.0,
          450.0,
          0.0
        ],
        [
          150.848,
          0.0,
          423.963
        ],
        [
          8972.91,
          169.373,
          47569.0
        ]
      ],
      "objLayer": 0,
      "props": {}
    },
    "bdt_t1_bomb_zone_05_aaa_point_01": {
      "type": "Point",
      "tm": [
        [
          0.968693,
          0.0,
          0.248259
        ],
        [
          0.0,
          1.0,
          0.0
        ],
        [
          -0.248259,
          0.0,
          0.968693
        ],
        [
          5547.08,
          48.717,
          39473.2
        ]
      ],
      "objLayer": 0,
      "props": {}
    },
    "bdt_t1_bomb_zone_05_aaa_point_02": {
      "type": "Point",
      "tm": [
        [
          0.968693,
          0.0,
          0.248259
        ],
        [
          0.0,
          1.0,
          0.0
        ],
        [
          -0.248259,
          0.0,
          0.968693
        ],
        [
          5848.89,
          49.4167,
          39225.1
        ]
      ],
      "objLayer": 0,
      "props": {}
    },
    "bdt_t1_bomb_zone_05_aaa_point_03": {
      "type": "Point",
      "tm": [
        [
          0.968693,
          0.0,
          0.248259
        ],
        [
          0.0,
          1.0,
          0.0
        ],
        [
          -0.248259,
          0.0,
          0.968693
        ],
        [
          6265.83,
          48.4845,
          39524.6
        ]
      ],
      "objLayer": 0,
      "props": {}
    },
    "bdt_t1_bomb_zone_05_aaa_point_04": {
      "type": "Point",
      "tm": [
        [
          0.968693,
          0.0,
          0.248259
        ],
        [
          0.0,
          1.0,
          0.0
        ],
        [
          -0.248259,
          0.0,
          0.968693
        ],
        [
          5970.65,
          47.8506,
          39750.2
        ]
      ],
      "objLayer": 0,
      "props": {}
    },
    "bdt_t1_bomb_zone_06_aaa_point_01": {
      "type": "Point",
      "tm": [
        [
          0.968693,
          0.0,
          0.248259
        ],
        [
          0.0,
          1.0,
          0.0
        ],
        [
          -0.248259,
          0.0,
          0.968693
        ],
        [
          7391.36,
          48.3264,
          40656.8
        ]
      ],
      "objLayer": 0,
      "props": {}
    },
    "bdt_t1_bomb_zone_06_aaa_point_02": {
      "type": "Point",
      "tm": [
        [
          0.968693,
          0.0,
          0.248259
        ],
        [
          0.0,
          1.0,
          0.0
        ],
        [
          -0.248259,
          0.0,
          0.968693
        ],
        [
          7201.32,
          47.5349,
          40839.2
        ]
      ],
      "objLayer": 0,
      "props": {}
    },
    "bdt_t1_bomb_zone_06_aaa_point_03": {
      "type": "Point",
      "tm": [
        [
          0.968693,
          0.0,
          0.248259
        ],
        [
          0.0,
          1.0,
          0.0
        ],
        [
          -0.248259,
          0.0,
          0.968693
        ],
        [
          7284.86,
          67.8964,
          41173.2
        ]
      ],
      "objLayer": 0,
      "props": {}
    },
    "bdt_t1_bomb_zone_06_aaa_point_04": {
      "type": "Point",
      "tm": [
        [
          0.968693,
          0.0,
          0.248259
        ],
        [
          0.0,
          1.0,
          0.0
        ],
        [
          -0.248259,
          0.0,
          0.968693
        ],
        [
          7786.55,
          71.8684,
          40917.8
        ]
      ],
      "objLayer": 0,
      "props": {}
    },
    "bdt_t1_bomb_zone_07_aaa_point_01": {
      "type": "Point",
      "tm": [
        [
          0.968693,
          0.0,
          0.248259
        ],
        [
          0.0,
          1.0,
          0.0
        ],
        [
          -0.248259,
          0.0,
          0.968693
        ],
        [
          9141.18,
          153.109,
          43860.4
        ]
      ],
      "objLayer": 0,
      "props": {}
    },
    "bdt_t1_bomb_zone_07_aaa_point_02": {
      "type": "Point",
      "tm": [
        [
          0.968693,
          0.0,
          0.248259
        ],
        [
          0.0,
          1.0,
          0.0
        ],
        [
          -0.248259,
          0.0,
          0.968693
        ],
        [
          8964.58,
          163.307,
          43234.8
        ]
      ],
      "objLayer": 0,
      "props": {}
    },
    "bdt_t1_bomb_zone_07_aaa_point_03": {
      "type": "Point",
      "tm": [
        [
          0.968693,
          0.0,
          0.248259
        ],
        [
          0.0,
          1.0,
          0.0
        ],
        [
          -0.248259,
          0.0,
          0.968693
        ],
        [
          9388.38,
          164.914,
          43492.6
        ]
      ],
      "objLayer": 0,
      "props": {}
    },
    "bdt_t1_bomb_zone_07_aaa_point_04": {
      "type": "Point",
      "tm": [
        [
          0.968693,
          0.0,
          0.248259
        ],
        [
          0.0,
          1.0,
          0.0
        ],
        [
          -0.248259,
          0.0,
          0.968693
        ],
        [
          8787.58,
          145.533,
          43863.8
        ]
      ],
      "objLayer": 0,
      "props": {}
    },
    "bdt_t1_bomb_zone_08_aaa_point_01": {
      "type": "Point",
      "tm": [
        [
          0.968693,
          0.0,
          0.248259
        ],
        [
          0.0,
          1.0,
          0.0
        ],
        [
          -0.248259,
          0.0,
          0.968693
        ],
        [
          5398.05,
          148.41,
          52072.2
        ]
      ],
      "objLayer": 0,
      "props": {}
    },
    "bdt_t1_bomb_zone_08_aaa_point_02": {
      "type": "Point",
      "tm": [
        [
          0.968693,
          0.0,
          0.248259
        ],
        [
          0.0,
          1.0,
          0.0
        ],
        [
          -0.248259,
          0.0,
          0.968693
        ],
        [
          5300.61,
          148.414,
          51619.7
        ]
      ],
      "objLayer": 0,
      "props": {}
    },
    "bdt_t1_bomb_zone_08_aaa_point_03": {
      "type": "Point",
      "tm": [
        [
          0.968693,
          0.0,
          0.248259
        ],
        [
          0.0,
          1.0,
          0.0
        ],
        [
          -0.248259,
          0.0,
          0.968693
        ],
        [
          5694.55,
          148.427,
          51473.7
        ]
      ],
      "objLayer": 0,
      "props": {}
    },
    "bdt_t1_bomb_zone_08_aaa_point_04": {
      "type": "Point",
      "tm": [
        [
          0.968693,
          0.0,
          0.248259
        ],
        [
          0.0,
          1.0,
          0.0
        ],
        [
          -0.248259,
          0.0,
          0.968693
        ],
        [
          5810.01,
          148.425,
          51873.2
        ]
      ],
      "objLayer": 0,
      "props": {}
    },
    "bdt_t1_bomb_zone_09_aaa_point_01": {
      "type": "Point",
      "tm": [
        [
          0.968693,
          0.0,
          0.248259
        ],
        [
          0.0,
          1.0,
          0.0
        ],
        [
          -0.248259,
          0.0,
          0.968693
        ],
        [
          7352.43,
          182.222,
          50007.0
        ]
      ],
      "objLayer": 0,
      "props": {}
    },
    "bdt_t1_bomb_zone_09_aaa_point_02": {
      "type": "Point",
      "tm": [
        [
          0.968693,
          0.0,
          0.248259
        ],
        [
          0.0,
          1.0,
          0.0
        ],
        [
          -0.248259,
          0.0,
          0.968693
        ],
        [
          7684.67,
          189.253,
          49641.4
        ]
      ],
      "objLayer": 0,
      "props": {}
    },
    "bdt_t1_bomb_zone_09_aaa_point_03": {
      "type": "Point",
      "tm": [
        [
          0.968693,
          0.0,
          0.248259
        ],
        [
          0.0,
          1.0,
          0.0
        ],
        [
          -0.248259,
          0.0,
          0.968693
        ],
        [
          7601.69,
          80.4899,
          50553.5
        ]
      ],
      "objLayer": 0,
      "props": {}
    },
    "bdt_t1_bomb_zone_09_aaa_point_04": {
      "type": "Point",
      "tm": [
        [
          0.968693,
          0.0,
          0.248259
        ],
        [
          0.0,
          1.0,
          0.0
        ],
        [
          -0.248259,
          0.0,
          0.968693
        ],
        [
          8116.5,
          189.125,
          49784.8
        ]
      ],
      "objLayer": 0,
