{
  "selected_tag": "",
  "bin_dump_file": "",
  "mission_settings": {
    "player": {
      "army": 1
    },
    "player_teamB": {
      "army": 2
    },
    "mission": {
      "level": "levels/air_smolensk.bin",
      "type": "domination",
      "environment": "Day",
      "weather": "hazy",
      "restoreType": "attempts",
      "optionalTakeOff": false
    }
  },
  "imports": {},
  "triggers": {
    "isCategory": true,
    "is_enabled": true
  },
  "mission_objectives": {
    "isCategory": true,
    "is_enabled": true
  },
  "variables": {},
  "dialogs": {},
  "airfields": {},
  "effects": {},
  "units": {
    "objectGroups": [
      {
        "name": "bdt_t2_bomb_object_01",
        "tm": [
          [
            0.780732,
            0.0,
            -0.624863
          ],
          [
            0.0,
            1.0,
            0.0
          ],
          [
            0.624863,
            0.0,
            0.780732
          ],
          [
            -8858.6,
            108.168,
            48579.7
          ]
        ],
        "unit_class": "dynBase_hq_camp_square",
        "objLayer": 2,
        "props": {
          "army": 2,
          "active": false
        }
      },
      {
        "name": "bdt_t2_bomb_object_02",
        "tm": [
          [
            0.153465,
            0.0,
            -0.988156
          ],
          [
            0.0,
            1.0,
            0.0
          ],
          [
            0.988156,
            0.0,
            0.153465
          ],
          [
            -8699.66,
            118.099,
            41848.5
          ]
        ],
        "unit_class": "dynBase_fuel_storage_square",
        "objLayer": 2,
        "props": {
          "army": 2,
          "active": false
        }
      },
      {
        "name": "bdt_t2_bomb_object_03",
        "tm": [
          [
            0.914765,
            0.0,
            0.40399
          ],
          [
            0.0,
            1.0,
            0.0
          ],
          [
            -0.40399,
            0.0,
            0.914765
          ],
          [
            -5483.58,
            156.708,
            37135.7
          ]
        ],
        "unit_class": "dynBase_oil_storage_small_square",
        "objLayer": 2,
        "props": {
          "army": 2,
          "active": false
        }
      },
      {
        "name": "bdt_t1_bomb_object_01",
        "tm": [
          [
            0.94214,
            0.0,
            -0.335217
          ],
          [
            0.0,
            1.0,
            0.0
          ],
          [
            0.335217,
            0.0,
            0.94214
          ],
          [
            9455.23,
            157.754,
            53966.0
          ]
        ],
        "unit_class": "dynBase_fuel_storage_square",
        "objLayer": 2,
        "props": {
          "army": 1,
          "active": false
        }
      },
      {
        "name": "bdt_t1_bomb_object_02",
        "tm": [
          [
            0.921088,
            0.0,
            0.389352
          ],
          [
            0.0,
            1.0,
            0.0
          ],
          [
            -0.389352,
            0.0,
            0.921088
          ],
          [
            12669.9,
            122.609,
            48798.1
          ]
        ],
        "unit_class": "dynBase_small_factory_square",
        "objLayer": 2,
        "props": {
          "army": 1,
          "active": false
        }
      },
      {
        "name": "bdt_t1_bomb_object_03",
        "tm": [
          [
            0.816333,
            0.0,
            0.577583
          ],
          [
            0.0,
            1.0,
            0.0
          ],
          [
            -0.577583,
            0.0,
            0.816333
          ],
          [
            12771.8,
            97.3274,
            42321.2
          ]
        ],
        "unit_class": "dynBase_oil_storage_small_square",
        "objLayer": 2,
        "props": {
          "army": 1,
          "active": false
        }
      },
      {
        "name": "bdt_t2_bomb_object_04",
        "tm": [
          [
            0.997946,
            0.0,
            -0.0640469
          ],
          [
            0.0,
            1.0,
            0.0
          ],
          [
            0.0640469,
            0.0,
            0.997946
          ],
          [
            -5457.68,
            136.98,
            54029.4
          ]
        ],
        "unit_class": "dynBase_small_factory_square",
        "objLayer": 2,
        "props": {
          "army": 2,
          "active": false
        }
      },
      {
        "name": "bdt_t1_bomb_object_04",
        "tm": [
          [
            0.966853,
            0.0,
            0.255333
          ],
          [
            0.0,
            1.0,
            0.0
          ],
          [
            -0.255333,
            0.0,
            0.966853
          ],
          [
            9356.1,
            128.559,
            36859.3
          ]
        ],
        "unit_class": "dynBase_field_camp_square",
        "objLayer": 2,
        "props": {
          "army": 1,
          "active": false
        }
      },
      {
        "name": "bdt_t1_bomb_object_05",
        "tm": [
          [
            0.966853,
            0.0,
            0.255333
          ],
          [
            0.0,
            1.0,
            0.0
          ],
          [
            -0.255333,
            0.0,
            0.966853
          ],
          [
            6861.66,
            46.097,
            37577.5
          ]
        ],
        "unit_class": "dynBase_military_base_square",
        "objLayer": 2,
        "props": {
          "army": 1,
          "active": false
        }
      },
      {
        "name": "bdt_t1_bomb_object_06",
        "tm": [
          [
            0.966853,
            0.0,
            0.255333
          ],
          [
            0.0,
            1.0,
            0.0
          ],
          [
            -0.255333,
            0.0,
            0.966853
          ],
          [
            9501.83,
            115.353,
            39977.2
          ]
        ],
        "unit_class": "dynBase_oil_storage_large_square",
        "objLayer": 2,
        "props": {
          "army": 1,
          "active": false
        }
      },
      {
        "name": "bdt_t1_bomb_object_07",
        "tm": [
          [
            0.966853,
            0.0,
            0.255333
          ],
          [
            0.0,
            1.0,
            0.0
          ],
          [
            -0.255333,
            0.0,
            0.966853
          ],
          [
            10894.6,
            98.2051,
            43138.5
          ]
        ],
        "unit_class": "dynBase_oil_storage_large_square",
        "objLayer": 2,
        "props": {
          "army": 1,
          "active": false
        }
      },
      {
        "name": "bdt_t1_bomb_object_08",
        "tm": [
          [
            0.94214,
            0.0,
            -0.335217
          ],
          [
            0.0,
            1.0,
            0.0
          ],
          [
            0.335217,
            0.0,
            0.94214
          ],
          [
            6716.01,
            163.54,
            53650.5
          ]
        ],
        "unit_class": "dynBase_small_factory_square",
        "objLayer": 2,
        "props": {
          "army": 1,
          "active": false
        }
      },
      {
        "name": "bdt_t1_bomb_object_09",
        "tm": [
          [
            0.94214,
            0.0,
            -0.335217
          ],
          [
            0.0,
            1.0,
            0.0
          ],
          [
            0.335217,
            0.0,
            0.94214
          ],
          [
            9315.47,
            136.808,
            51248.4
          ]
        ],
        "unit_class": "dynBase_hq_camp_square",
        "objLayer": 2,
        "props": {
          "army": 1,
          "active": false
        }
      },
      {
        "name": "bdt_t1_bomb_object_10",
        "tm": [
          [
            0.94214,
            0.0,
            -0.335217
          ],
          [
            0.0,
            1.0,
            0.0
          ],
          [
            0.335217,
            0.0,
            0.94214
          ],
          [
            10777.4,
            154.278,
            48267.1
          ]
        ],
        "unit_class": "dynBase_petrol_camp_square",
        "objLayer": 2,
        "props": {
          "army": 1,
          "active": false
        }
      },
      {
        "name": "bdt_t2_bomb_object_05",
        "tm": [
          [
            0.997946,
            0.0,
            -0.0640469
          ],
          [
            0.0,
            1.0,
            0.0
          ],
          [
            0.0640469,
            0.0,
            0.997946
          ],
          [
            -2566.81,
            142.398,
            53544.0
          ]
        ],
        "unit_class": "dynBase_petrol_camp_square",
        "objLayer": 2,
        "props": {
          "army": 2,
          "active": false
        }
      },
      {
        "name": "bdt_t2_bomb_object_06",
        "tm": [
          [
            0.911291,
            0.0,
            0.411762
          ],
          [
            0.0,
            1.0,
            0.0
          ],
          [
            -0.411762,
            0.0,
            0.911291
          ],
          [
            -5419.88,
            121.278,
            50619.5
          ]
        ],
        "unit_class": "dynBase_military_base_square",
        "objLayer": 2,
        "props": {
          "army": 2,
          "active": false
        }
      },
      {
        "name": "bdt_t2_bomb_object_07",
        "tm": [
          [
            0.997946,
            0.0,
            -0.0640469
          ],
          [
            0.0,
            1.0,
            0.0
          ],
          [
            0.0640469,
            0.0,
            0.997946
          ],
          [
            -6534.48,
            56.8258,
            47579.6
          ]
        ],
        "unit_class": "dynBase_fuel_storage_square",
        "objLayer": 2,
        "props": {
          "army": 2,
          "active": false
        }
      },
      {
        "name": "bdt_t2_bomb_object_08",
        "tm": [
          [
            0.914765,
            0.0,
            0.40399
          ],
          [
            0.0,
            1.0,
            0.0
          ],
          [
            -0.40399,
            0.0,
            0.914765
          ],
          [
            -2677.26,
            128.489,
            37508.3
          ]
        ],
        "unit_class": "dynBase_ammunition_storage_square",
        "objLayer": 2,
        "props": {
          "army": 2,
          "active": false
        }
      },
      {
        "name": "bdt_t2_bomb_object_09",
        "tm": [
          [
            0.914765,
            0.0,
            0.40399
          ],
          [
            0.0,
            1.0,
            0.0
          ],
          [
            -0.40399,
            0.0,
            0.914765
          ],
          [
            -5295.66,
            160.522,
            39827.2
          ]
        ],
        "unit_class": "dynBase_field_camp_square",
        "objLayer": 2,
        "props": {
          "army": 2,
          "active": false
        }
      },
      {
        "name": "bdt_t2_bomb_object_10",
        "tm": [
          [
            0.914765,
            0.0,
            0.40399
          ],
          [
            0.0,
            1.0,
            0.0
          ],
          [
            -0.40399,
            0.0,
            0.914765
          ],
          [
            -7085.81,
            162.516,
            43418.8
          ]
        ],
        "unit_class": "dynBase_oil_storage_small_square",
        "objLayer": 2,
        "props": {
          "army": 2,
          "active": false
        }
      }
    ]
  },
  "areas": {
    "bdt_t2_bomb_zone_01": {
      "type": "Sphere",
      "tm": [
        [
          351.331,
          0.0,
          -281.19
        ],
        [
          0.0,
          450.0,
          0.0
        ],
        [
          281.19,
          0.0,
          351.331
        ],
        [
          -8864.7,
          95.5141,
          48575.9
        ]
      ],
      "objLayer": 0,
      "props": {}
    },
    "bdt_t2_bomb_zone_02": {
      "type": "Sphere",
      "tm": [
        [
          351.331,
          0.0,
          -281.19
        ],
        [
          0.0,
          450.0,
          0.0
        ],
        [
          281.19,
          0.0,
          351.331
        ],
        [
          -8680.16,
          118.786,
          41857.7
        ]
      ],
      "objLayer": 0,
      "props": {}
    },
    "bdt_t2_bomb_zone_03": {
      "type": "Sphere",
      "tm": [
        [
          411.645,
          0.0,
          181.794
        ],
        [
          0.0,
          450.0,
          0.0
        ],
        [
          -181.794,
          0.0,
          411.645
        ],
        [
          -5491.78,
          156.713,
          37141.1
        ]
      ],
      "objLayer": 0,
      "props": {}
    },
    "bdt_t1_bomb_zone_01": {
      "type": "Sphere",
      "tm": [
        [
          423.963,
          0.0,
          -150.848
        ],
        [
          0.0,
          450.0,
          0.0
        ],
        [
          150.848,
          0.0,
          423.963
        ],
        [
          9467.9,
          157.675,
          53964.8
        ]
      ],
      "objLayer": 0,
      "props": {}
    },
    "bdt_t1_bomb_zone_02": {
      "type": "Sphere",
      "tm": [
        [
          442.587,
          0.0,
          81.3436
        ],
        [
          0.0,
          450.0,
          0.0
        ],
        [
          -81.3436,
          0.0,
          442.587
        ],
        [
          12673.8,
          122.605,
          48800.9
        ]
      ],
      "objLayer": 0,
      "props": {}
    },
    "bdt_t1_bomb_zone_03": {
      "type": "Sphere",
      "tm": [
        [
          438.618,
          0.0,
          100.573
        ],
        [
          0.0,
          450.0,
          0.0
        ],
        [
          -100.573,
          0.0,
          438.618
        ],
        [
          12777.2,
          97.2363,
          42323.1
        ]
      ],
      "objLayer": 0,
      "props": {}
    },
    "bdt_t2_bomb_zone_04": {
      "type": "Sphere",
      "tm": [
        [
          449.075,
          0.0,
          -28.8212
        ],
        [
          0.0,
          450.0,
          0.0
        ],
        [
          28.8212,
          0.0,
          449.075
        ],
        [
          -5450.08,
          136.258,
          54027.0
        ]
      ],
      "objLayer": 0,
      "props": {}
    },
    "bdt_t1_bomb_zone_04": {
      "type": "Sphere",
      "tm": [
        [
          438.618,
          0.0,
          100.573
        ],
        [
          0.0,
          450.0,
          0.0
        ],
        [
          -100.573,
          0.0,
          438.618
        ],
        [
          9355.06,
          128.484,
          36864.9
        ]
      ],
      "objLayer": 0,
      "props": {}
    },
    "bdt_t2_bomb_zone_01_aaa_point_01": {
      "type": "Point",
      "tm": [
        [
          0.996619,
          0.0,
          -0.0821451
        ],
        [
          0.0,
          1.0,
          0.0
        ],
        [
          0.0821451,
          0.0,
          0.996619
        ],
        [
          -8856.3,
          79.8299,
          48350.6
        ]
      ],
      "objLayer": 0,
      "props": {}
    },
    "bdt_t2_bomb_zone_01_aaa_point_02": {
      "type": "Point",
      "tm": [
        [
          0.996619,
          0.0,
          -0.0821451
        ],
        [
          0.0,
          1.0,
          0.0
        ],
        [
          0.0821451,
          0.0,
          0.996619
        ],
        [
          -8979.8,
          90.9701,
          48844.5
        ]
      ],
      "objLayer": 0,
      "props": {}
    },
    "bdt_t2_bomb_zone_01_aaa_point_03": {
      "type": "Point",
      "tm": [
        [
          0.996619,
          0.0,
          -0.0821451
        ],
        [
          0.0,
          1.0,
          0.0
        ],
        [
          0.0821451,
          0.0,
          0.996619
        ],
        [
          -8860.8,
          83.413,
          48842.8
        ]
      ],
      "objLayer": 0,
      "props": {}
    },
    "bdt_t2_bomb_zone_01_aaa_point_04": {
      "type": "Point",
      "tm": [
        [
          0.996619,
          0.0,
          -0.0821451
        ],
        [
          0.0,
          1.0,
          0.0
        ],
        [
          0.0821451,
          0.0,
          0.996619
        ],
        [
          -8475.3,
          84.228,
          48834.6
        ]
      ],
      "objLayer": 0,
      "props": {}
    },
    "bdt_t2_bomb_zone_02_aaa_point_01": {
      "type": "Point",
      "tm": [
        [
          0.996619,
          0.0,
          -0.0821451
        ],
        [
          0.0,
          1.0,
          0.0
        ],
        [
          0.0821451,
          0.0,
          0.996619
        ],
        [
          -8890.46,
          123.409,
          41725.2
        ]
      ],
      "objLayer": 0,
      "props": {}
    },
    "bdt_t2_bomb_zone_02_aaa_point_02": {
      "type": "Point",
      "tm": [
        [
          0.996619,
          0.0,
          -0.0821451
        ],
        [
          0.0,
          1.0,
          0.0
        ],
        [
          0.0821451,
          0.0,
          0.996619
        ],
        [
          -8588.86,
          113.793,
          42172.0
        ]
      ],
      "objLayer": 0,
      "props": {}
    },
    "bdt_t2_bomb_zone_02_aaa_point_03": {
      "type": "Point",
      "tm": [
        [
          0.996619,
          0.0,
          -0.0821451
        ],
        [
          0.0,
          1.0,
          0.0
        ],
        [
          0.0821451,
          0.0,
          0.996619
        ],
        [
          -8927.56,
          115.376,
          41988.0
        ]
      ],
      "objLayer": 0,
      "props": {}
    },
    "bdt_t2_bomb_zone_02_aaa_point_04": {
      "type": "Point",
      "tm": [
        [
          0.996619,
          0.0,
          -0.0821451
        ],
        [
          0.0,
          1.0,
          0.0
        ],
        [
          0.0821451,
          0.0,
          0.996619
        ],
        [
          -8458.16,
          111.269,
          41800.2
        ]
      ],
      "objLayer": 0,
      "props": {}
    },
    "bdt_t2_bomb_zone_03_aaa_point_01": {
      "type": "Point",
      "tm": [
        [
          0.996619,
          0.0,
          -0.0821451
        ],
        [
          0.0,
          1.0,
          0.0
        ],
        [
          0.0821451,
          0.0,
          0.996619
        ],
        [
          -5184.18,
          126.732,
          36808.9
        ]
      ],
      "objLayer": 0,
      "props": {}
    },
    "bdt_t2_bomb_zone_03_aaa_point_02": {
      "type": "Point",
      "tm": [
        [
          0.996619,
          0.0,
          -0.0821451
        ],
        [
          0.0,
          1.0,
          0.0
        ],
        [
          0.0821451,
          0.0,
          0.996619
        ],
        [
          -5359.58,
          139.604,
          37402.1
        ]
      ],
      "objLayer": 0,
      "props": {}
    },
    "bdt_t2_bomb_zone_03_aaa_point_03": {
      "type": "Point",
      "tm": [
        [
          0.996619,
          0.0,
          -0.0821451
        ],
        [
          0.0,
          1.0,
          0.0
        ],
        [
          0.0821451,
          0.0,
          0.996619
        ],
        [
          -5666.88,
          146.322,
          37409.5
        ]
      ],
      "objLayer": 0,
      "props": {}
    },
    "bdt_t2_bomb_zone_03_aaa_point_04": {
      "type": "Point",
      "tm": [
        [
          0.996619,
          0.0,
          -0.0821451
        ],
        [
          0.0,
          1.0,
          0.0
        ],
        [
          0.0821451,
          0.0,
          0.996619
        ],
        [
          -5772.28,
          165.63,
          36959.9
        ]
      ],
      "objLayer": 0,
      "props": {}
    },
    "bdt_t2_bomb_zone_04_aaa_point_01": {
      "type": "Point",
      "tm": [
        [
          0.996619,
          0.0,
          -0.0821451
        ],
        [
          0.0,
          1.0,
          0.0
        ],
        [
          0.0821451,
          0.0,
          0.996619
        ],
        [
          -5192.68,
          142.324,
          54237.2
        ]
      ],
      "objLayer": 0,
      "props": {}
    },
    "bdt_t2_bomb_zone_04_aaa_point_02": {
      "type": "Point",
      "tm": [
        [
          0.996619,
          0.0,
          -0.0821451
        ],
        [
          0.0,
          1.0,
          0.0
        ],
        [
          0.0821451,
          0.0,
          0.996619
        ],
        [
          -5650.18,
          156.473,
          54253.4
        ]
      ],
      "objLayer": 0,
      "props": {}
    },
    "bdt_t2_bomb_zone_04_aaa_point_03": {
      "type": "Point",
      "tm": [
        [
          0.996619,
          0.0,
          -0.0821451
        ],
        [
          0.0,
          1.0,
          0.0
        ],
        [
          0.0821451,
          0.0,
          0.996619
        ],
        [
          -5352.58,
          98.0426,
          53779.0
        ]
      ],
      "objLayer": 0,
      "props": {}
    },
    "bdt_t2_bomb_zone_04_aaa_point_04": {
      "type": "Point",
      "tm": [
        [
          0.996619,
          0.0,
          -0.0821451
        ],
        [
          0.0,
          1.0,
          0.0
        ],
        [
          0.0821451,
          0.0,
          0.996619
        ],
        [
          -5592.48,
          116.933,
          53825.3
        ]
      ],
      "objLayer": 0,
      "props": {}
    },
    "bdt_t1_bomb_zone_01_aaa_point_01": {
      "type": "Point",
      "tm": [
        [
          0.968693,
          0.0,
          0.248259
        ],
        [
          0.0,
          1.0,
          0.0
        ],
        [
          -0.248259,
          0.0,
          0.968693
        ],
        [
          9712.28,
          157.494,
          54036.7
        ]
      ],
      "objLayer": 0,
      "props": {}
    },
    "bdt_t1_bomb_zone_01_aaa_point_02": {
      "type": "Point",
      "tm": [
        [
          0.968693,
          0.0,
          0.248259
        ],
        [
          0.0,
          1.0,
          0.0
        ],
        [
          -0.248259,
          0.0,
          0.968693
        ],
        [
          9214.71,
          158.884,
          53963.0
        ]
      ],
      "objLayer": 0,
      "props": {}
    },
    "bdt_t1_bomb_zone_01_aaa_point_03": {
      "type": "Point",
      "tm": [
        [
          0.968693,
          0.0,
          0.248259
        ],
        [
          0.0,
          1.0,
          0.0
        ],
        [
          -0.248259,
          0.0,
          0.968693
        ],
        [
          9497.03,
          154.283,
          53733.4
        ]
      ],
      "objLayer": 0,
      "props": {}
    },
    "bdt_t1_bomb_zone_01_aaa_point_04": {
      "type": "Point",
      "tm": [
        [
          0.968693,
          0.0,
          0.248259
        ],
        [
          0.0,
          1.0,
          0.0
        ],
        [
          -0.248259,
          0.0,
          0.968693
        ],
        [
          9279.47,
          156.321,
          53803.0
        ]
      ],
      "objLayer": 0,
      "props": {}
    },
    "bdt_t1_bomb_zone_02_aaa_point_01": {
      "type": "Point",
      "tm": [
        [
          0.968693,
          0.0,
          0.248259
        ],
        [
          0.0,
          1.0,
          0.0
        ],
        [
          -0.248259,
          0.0,
          0.968693
        ],
        [
          12822.8,
          122.386,
          49026.6
        ]
      ],
      "objLayer": 0,
      "props": {}
    },
    "bdt_t1_bomb_zone_02_aaa_point_02": {
      "type": "Point",
      "tm": [
        [
          0.968693,
          0.0,
          0.248259
        ],
        [
          0.0,
          1.0,
          0.0
        ],
        [
          -0.248259,
          0.0,
          0.968693
        ],
        [
          12532.5,
          122.493,
          49026.1
        ]
      ],
      "objLayer": 0,
      "props": {}
    },
    "bdt_t1_bomb_zone_02_aaa_point_03": {
      "type": "Point",
      "tm": [
        [
          0.968693,
          0.0,
          0.248259
        ],
        [
          0.0,
          1.0,
          0.0
        ],
        [
          -0.248259,
          0.0,
          0.968693
        ],
        [
          12722.4,
          122.931,
          48353.0
        ]
      ],
      "objLayer": 0,
      "props": {}
    },
    "bdt_t1_bomb_zone_02_aaa_point_04": {
      "type": "Point",
      "tm": [
        [
          0.968693,
          0.0,
          0.248259
        ],
        [
          0.0,
          1.0,
          0.0
        ],
        [
          -0.248259,
          0.0,
          0.968693
        ],
        [
          12347.9,
          122.743,
          48754.9
        ]
      ],
      "objLayer": 0,
      "props": {}
    },
    "bdt_t1_bomb_zone_03_aaa_point_01": {
      "type": "Point",
      "tm": [
        [
          0.968693,
          0.0,
          0.248259
        ],
        [
          0.0,
          1.0,
          0.0
        ],
        [
          -0.248259,
          0.0,
          0.968693
        ],
        [
          12638.8,
          107.996,
          42048.2
        ]
      ],
      "objLayer": 0,
      "props": {}
    },
    "bdt_t1_bomb_zone_03_aaa_point_02": {
      "type": "Point",
      "tm": [
        [
          0.968693,
          0.0,
          0.248259
        ],
        [
          0.0,
          1.0,
          0.0
        ],
        [
          -0.248259,
          0.0,
          0.968693
        ],
        [
          12872.7,
          87.6418,
          42545.6
        ]
      ],
      "objLayer": 0,
      "props": {}
    },
    "bdt_t1_bomb_zone_03_aaa_point_03": {
      "type": "Point",
      "tm": [
        [
          0.968693,
          0.0,
          0.248259
        ],
        [
          0.0,
          1.0,
          0.0
        ],
        [
          -0.248259,
          0.0,
          0.968693
        ],
        [
          12592.7,
          88.3191,
          42542.7
        ]
      ],
      "objLayer": 0,
      "props": {}
    },
    "bdt_t1_bomb_zone_03_aaa_point_04": {
      "type": "Point",
      "tm": [
        [
          0.968693,
          0.0,
          0.248259
        ],
        [
          0.0,
          1.0,
          0.0
        ],
        [
          -0.248259,
          0.0,
          0.968693
        ],
        [
          13005.8,
          99.0187,
          42197.3
        ]
      ],
      "objLayer": 0,
      "props": {}
    },
    "bdt_t1_bomb_zone_04_aaa_point_01": {
      "type": "Point",
      "tm": [
        [
          0.968693,
          0.0,
          0.248259
        ],
        [
          0.0,
          1.0,
          0.0
        ],
        [
          -0.248259,
          0.0,
          0.968693
        ],
        [
          9666.44,
          133.962,
          36806.3
        ]
      ],
      "objLayer": 0,
      "props": {}
    },
    "bdt_t1_bomb_zone_04_aaa_point_02": {
      "type": "Point",
      "tm": [
        [
          0.968693,
          0.0,
          0.248259
        ],
        [
          0.0,
          1.0,
          0.0
        ],
        [
          -0.248259,
          0.0,
          0.968693
        ],
        [
          9493.06,
          128.33,
          37076.7
        ]
      ],
      "objLayer": 0,
      "props": {}
    },
    "bdt_t1_bomb_zone_04_aaa_point_03": {
      "type": "Point",
      "tm": [
        [
          0.968693,
          0.0,
          0.248259
        ],
        [
          0.0,
          1.0,
          0.0
        ],
        [
          -0.248259,
          0.0,
          0.968693
        ],
        [
          9421.42,
          132.387,
          36581.7
        ]
      ],
      "objLayer": 0,
      "props": {}
    },
    "bdt_t1_bomb_zone_04_aaa_point_04": {
      "type": "Point",
      "tm": [
        [
          0.968693,
          0.0,
          0.248259
        ],
        [
          0.0,
          1.0,
          0.0
        ],
        [
          -0.248259,
          0.0,
          0.968693
        ],
        [
          9136.08,
          135.999,
          37089.8
        ]
      ],
      "objLayer": 0,
      "props": {}
    },
    "bdt_t1_bomb_zone_05": {
      "type": "Sphere",
      "tm": [
        [
          438.618,
          0.0,
          100.573
        ],
        [
          0.0,
          450.0,
          0.0
        ],
        [
          -100.573,
          0.0,
          438.618
        ],
        [
          6860.63,
          46.0802,
          37583.2
        ]
      ],
      "objLayer": 0,
      "props": {}
    },
    "bdt_t1_bomb_zone_06": {
      "type": "Sphere",
      "tm": [
        [
          438.618,
          0.0,
          100.573
        ],
        [
          0.0,
          450.0,
          0.0
        ],
        [
          -100.573,
          0.0,
          438.618
        ],
        [
          9500.81,
          115.502,
          39982.9
        ]
      ],
      "objLayer": 0,
      "props": {}
    },
    "bdt_t1_bomb_zone_07": {
      "type": "Sphere",
      "tm": [
        [
          438.618,
          0.0,
          100.573
        ],
        [
          0.0,
          450.0,
          0.0
        ],
        [
          -100.573,
          0.0,
          438.618
        ],
        [
          10893.6,
          98.1017,
          43144.2
        ]
      ],
      "objLayer": 0,
      "props": {}
    },
    "bdt_t1_bomb_zone_08": {
      "type": "Sphere",
      "tm": [
        [
          423.963,
          0.0,
          -150.848
        ],
        [
          0.0,
          450.0,
          0.0
        ],
        [
          150.848,
          0.0,
          423.963
        ],
        [
          6728.7,
          163.54,
          53649.3
        ]
      ],
      "objLayer": 0,
      "props": {}
    },
    "bdt_t1_bomb_zone_09": {
      "type": "Sphere",
      "tm": [
        [
          423.963,
          0.0,
          -150.848
        ],
        [
          0.0,
          450.0,
          0.0
        ],
        [
          150.848,
          0.0,
          423.963
        ],
        [
          9327.97,
          136.808,
          51247.2
        ]
      ],
      "objLayer": 0,
      "props": {}
    },
    "bdt_t1_bomb_zone_10": {
      "type": "Sphere",
      "tm": [
        [
          423.963,
          0.0,
          -150.848
        ],
        [
          0.0,
          450.0,
          0.0
        ],
        [
          150.848,
          0.0,
          423.963
        ],
        [
          10790.0,
          169.373,
          48265.9
        ]
      ],
      "objLayer": 0,
      "props": {}
    },
    "bdt_t1_bomb_zone_05_aaa_point_01": {
      "type": "Point",
      "tm": [
        [
          0.968693,
          0.0,
          0.248259
        ],
        [
          0.0,
          1.0,
          0.0
        ],
        [
          -0.248259,
          0.0,
          0.968693
        ],
        [
          6590.41,
          46.2456,
          37537.5
        ]
      ],
      "objLayer": 0,
      "props": {}
    },
    "bdt_t1_bomb_zone_05_aaa_point_02": {
      "type": "Point",
      "tm": [
        [
          0.968693,
          0.0,
          0.248259
        ],
        [
          0.0,
          1.0,
          0.0
        ],
        [
          -0.248259,
          0.0,
          0.968693
        ],
        [
          6892.22,
          46.9453,
          37289.4
        ]
      ],
      "objLayer": 0,
      "props": {}
    },
    "bdt_t1_bomb_zone_05_aaa_point_03": {
      "type": "Point",
      "tm": [
        [
          0.968693,
          0.0,
          0.248259
        ],
        [
          0.0,
          1.0,
          0.0
        ],
        [
          -0.248259,
          0.0,
          0.968693
        ],
        [
          7309.16,
          46.0131,
          37588.9
        ]
      ],
      "objLayer": 0,
      "props": {}
    },
    "bdt_t1_bomb_zone_05_aaa_point_04": {
      "type": "Point",
      "tm": [
        [
          0.968693,
          0.0,
          0.248259
        ],
        [
          0.0,
          1.0,
          0.0
        ],
        [
          -0.248259,
          0.0,
          0.968693
        ],
        [
          7013.98,
          45.3792,
          37814.5
        ]
      ],
      "objLayer": 0,
      "props": {}
    },
    "bdt_t1_bomb_zone_06_aaa_point_01": {
      "type": "Point",
      "tm": [
        [
          0.968693,
          0.0,
          0.248259
        ],
        [
          0.0,
          1.0,
          0.0
        ],
        [
          -0.248259,
          0.0,
          0.968693
        ],
        [
          9397.22,
          99.737,
          39661.9
        ]
      ],
      "objLayer": 0,
      "props": {}
    },
    "bdt_t1_bomb_zone_06_aaa_point_02": {
      "type": "Point",
      "tm": [
        [
          0.968693,
          0.0,
          0.248259
        ],
        [
          0.0,
          1.0,
          0.0
        ],
        [
          -0.248259,
          0.0,
          0.968693
        ],
        [
          9207.18,
          98.9455,
          39844.4
        ]
      ],
      "objLayer": 0,
      "props": {}
    },
    "bdt_t1_bomb_zone_06_aaa_point_03": {
      "type": "Point",
      "tm": [
        [
          0.968693,
          0.0,
          0.248259
        ],
        [
          0.0,
          1.0,
          0.0
        ],
        [
          -0.248259,
          0.0,
          0.968693
        ],
        [
          9433.92,
          119.307,
          40284.8
        ]
      ],
      "objLayer": 0,
      "props": {}
    },
    "bdt_t1_bomb_zone_06_aaa_point_04": {
      "type": "Point",
      "tm": [
        [
          0.968693,
          0.0,
          0.248259
        ],
        [
          0.0,
          1.0,
          0.0
        ],
        [
          -0.248259,
          0.0,
          0.968693
        ],
        [
          9792.41,
          123.279,
          39923.0
        ]
      ],
      "objLayer": 0,
      "props": {}
    },
    "bdt_t1_bomb_zone_07_aaa_point_01": {
      "type": "Point",
      "tm": [
        [
          0.968693,
          0.0,
          0.248259
        ],
        [
          0.0,
          1.0,
          0.0
        ],
        [
          -0.248259,
          0.0,
          0.968693
        ],
        [
          10973.4,
          95.57,
          43434.7
        ]
      ],
      "objLayer": 0,
      "props": {}
    },
    "bdt_t1_bomb_zone_07_aaa_point_02": {
      "type": "Point",
      "tm": [
        [
          0.968693,
          0.0,
          0.248259
        ],
        [
          0.0,
          1.0,
          0.0
        ],
        [
          -0.248259,
          0.0,
          0.968693
        ],
        [
          10796.8,
          105.768,
          42809.1
        ]
      ],
      "objLayer": 0,
      "props": {}
    },
    "bdt_t1_bomb_zone_07_aaa_point_03": {
      "type": "Point",
      "tm": [
        [
          0.968693,
          0.0,
          0.248259
        ],
        [
          0.0,
          1.0,
          0.0
        ],
        [
          -0.248259,
          0.0,
          0.968693
        ],
        [
          11220.6,
          107.375,
          43066.9
        ]
      ],
      "objLayer": 0,
      "props": {}
    },
    "bdt_t1_bomb_zone_07_aaa_point_04": {
      "type": "Point",
      "tm": [
        [
          0.968693,
          0.0,
          0.248259
        ],
        [
          0.0,
          1.0,
          0.0
        ],
        [
          -0.248259,
          0.0,
          0.968693
        ],
        [
          10619.8,
          87.994,
          43438.1
        ]
      ],
      "objLayer": 0,
      "props": {}
    },
    "bdt_t1_bomb_zone_08_aaa_point_01": {
      "type": "Point",
      "tm": [
        [
          0.968693,
          0.0,
          0.248259
        ],
        [
          0.0,
          1.0,
          0.0
        ],
        [
          -0.248259,
          0.0,
          0.968693
        ],
        [
          6578.91,
          163.532,
          53921.5
        ]
      ],
      "objLayer": 0,
      "props": {}
    },
    "bdt_t1_bomb_zone_08_aaa_point_02": {
      "type": "Point",
      "tm": [
        [
          0.968693,
          0.0,
          0.248259
        ],
        [
          0.0,
          1.0,
          0.0
        ],
        [
          -0.248259,
          0.0,
          0.968693
        ],
        [
          6481.47,
          163.536,
          53469.0
        ]
      ],
      "objLayer": 0,
      "props": {}
    },
    "bdt_t1_bomb_zone_08_aaa_point_03": {
      "type": "Point",
      "tm": [
        [
          0.968693,
          0.0,
          0.248259
        ],
        [
          0.0,
          1.0,
          0.0
        ],
        [
          -0.248259,
          0.0,
          0.968693
        ],
        [
          6875.41,
          163.549,
          53323.0
        ]
      ],
      "objLayer": 0,
      "props": {}
    },
    "bdt_t1_bomb_zone_08_aaa_point_04": {
      "type": "Point",
      "tm": [
        [
          0.968693,
          0.0,
          0.248259
        ],
        [
          0.0,
          1.0,
          0.0
        ],
        [
          -0.248259,
          0.0,
          0.968693
        ],
        [
          6990.87,
          163.547,
          53722.5
        ]
      ],
      "objLayer": 0,
      "props": {}
    },
    "bdt_t1_bomb_zone_09_aaa_point_01": {
      "type": "Point",
      "tm": [
        [
          0.968693,
          0.0,
          0.248259
        ],
        [
          0.0,
          1.0,
          0.0
        ],
        [
          -0.248259,
          0.0,
          0.968693
        ],
        [
          8880.83,
          129.78,
          51218.9
        ]
      ],
      "objLayer": 0,
      "props": {}
    },
    "bdt_t1_bomb_zone_09_aaa_point_02": {
      "type": "Point",
      "tm": [
        [
          0.968693,
          0.0,
          0.248259
        ],
        [
          0.0,
          1.0,
          0.0
        ],
        [
          -0.248259,
          0.0,
          0.968693
        ],
        [
          9213.07,
          136.811,
          50853.3
        ]
      ],
      "objLayer": 0,
      "props": {}
    },
    "bdt_t1_bomb_zone_09_aaa_point_03": {
      "type": "Point",
      "tm": [
        [
          0.968693,
          0.0,
          0.248259
        ],
        [
          0.0,
          1.0,
          0.0
        ],
        [
          -0.248259,
          0.0,
          0.968693
        ],
        [
          9130.09,
          28.0474,
          51765.4
        ]
      ],
      "objLayer": 0,
      "props": {}
    },
    "bdt_t1_bomb_zone_09_aaa_point_04": {
      "type": "Point",
      "tm": [
        [
          0.968693,
          0.0,
          0.248259
        ],
        [
          0.0,
          1.0,
          0.0
        ],
        [
          -0.248259,
          0.0,
          0.968693
        ],
        [
          9644.9,
          136.682,
          50996.7
        ]
      ],
      "objLayer": 0,
