{
  "selected_tag": "",
  "bin_dump_file": "",
  "mission_settings": {
    "player": {
      "army": 1
    },
    "player_teamB": {
      "army": 2
    },
    "mission": {
      "level": "levels/air_smolensk.bin",
      "type": "domination",
      "environment": "Day",
      "weather": "hazy",
      "restoreType": "attempts",
      "optionalTakeOff": false
    }
  },
  "imports": {},
  "triggers": {
    "isCategory": true,
    "is_enabled": true
  },
  "mission_objectives": {
    "isCategory": true,
    "is_enabled": true
  },
  "variables": {},
  "dialogs": {},
  "airfields": {},
  "effects": {},
  "units": {
    "objectGroups": [
      {
        "name": "bdt_t2_bomb_object_01",
        "tm": [
          [
            0.780732,
            0.0,
            -0.624863
          ],
          [
            0.0,
            1.0,
            0.0
          ],
          [
            0.624863,
            0.0,
            0.780732
          ],
          [
            -11710.2,
            108.167,
            49155.8
          ]
        ],
        "unit_class": "dynBase_hq_camp_square",
        "objLayer": 2,
        "props": {
          "army": 2,
          "active": false
        }
      },
      {
        "name": "bdt_t2_bomb_object_02",
        "tm": [
          [
            0.153465,
            0.0,
            -0.988156
          ],
          [
            0.0,
            1.0,
            0.0
          ],
          [
            0.988156,
            0.0,
            0.153465
          ],
          [
            -11778.0,
            105.129,
            41736.7
          ]
        ],
        "unit_class": "dynBase_fuel_storage_square",
        "objLayer": 2,
        "props": {
          "army": 2,
          "active": false
        }
      },
      {
        "name": "bdt_t2_bomb_object_03",
        "tm": [
          [
            0.914765,
            0.0,
            0.40399
          ],
          [
            0.0,
            1.0,
            0.0
          ],
          [
            -0.40399,
            0.0,
            0.914765
          ],
          [
            -8210.61,
            132.984,
            35805.5
          ]
        ],
        "unit_class": "dynBase_oil_storage_small_square",
        "objLayer": 2,
        "props": {
          "army": 2,
          "active": false
        }
      },
      {
        "name": "bdt_t1_bomb_object_01",
        "tm": [
          [
            0.94214,
            0.0,
            -0.335217
          ],
          [
            0.0,
            1.0,
            0.0
          ],
          [
            0.335217,
            0.0,
            0.94214
          ],
          [
            11867.6,
            183.915,
            55717.2
          ]
        ],
        "unit_class": "dynBase_fuel_storage_square",
        "objLayer": 2,
        "props": {
          "army": 1,
          "active": false
        }
      },
      {
        "name": "bdt_t1_bomb_object_02",
        "tm": [
          [
            0.921088,
            0.0,
            0.389352
          ],
          [
            0.0,
            1.0,
            0.0
          ],
          [
            -0.389352,
            0.0,
            0.921088
          ],
          [
            15740.2,
            88.8956,
            49416.9
          ]
        ],
        "unit_class": "dynBase_small_factory_square",
        "objLayer": 2,
        "props": {
          "army": 1,
          "active": false
        }
      },
      {
        "name": "bdt_t1_bomb_object_03",
        "tm": [
          [
            0.816333,
            0.0,
            0.577583
          ],
          [
            0.0,
            1.0,
            0.0
          ],
          [
            -0.577583,
            0.0,
            0.816333
          ],
          [
            15810.6,
            124.023,
            41833.8
          ]
        ],
        "unit_class": "dynBase_oil_storage_small_square",
        "objLayer": 2,
        "props": {
          "army": 1,
          "active": false
        }
      },
      {
        "name": "bdt_t2_bomb_object_04",
        "tm": [
          [
            0.997946,
            0.0,
            -0.0640469
          ],
          [
            0.0,
            1.0,
            0.0
          ],
          [
            0.0640469,
            0.0,
            0.997946
          ],
          [
            -7386.33,
            114.323,
            56277.0
          ]
        ],
        "unit_class": "dynBase_small_factory_square",
        "objLayer": 2,
        "props": {
          "army": 2,
          "active": false
        }
      },
      {
        "name": "bdt_t1_bomb_object_04",
        "tm": [
          [
            0.966853,
            0.0,
            0.255333
          ],
          [
            0.0,
            1.0,
            0.0
          ],
          [
            -0.255333,
            0.0,
            0.966853
          ],
          [
            11961.3,
            75.6812,
            35608.4
          ]
        ],
        "unit_class": "dynBase_field_camp_square",
        "objLayer": 2,
        "props": {
          "army": 1,
          "active": false
        }
      },
      {
        "name": "bdt_t1_bomb_object_05",
        "tm": [
          [
            0.966853,
            0.0,
            0.255333
          ],
          [
            0.0,
            1.0,
            0.0
          ],
          [
            -0.255333,
            0.0,
            0.966853
          ],
          [
            7924.24,
            80.5505,
            35999.6
          ]
        ],
        "unit_class": "dynBase_military_base_square",
        "objLayer": 2,
        "props": {
          "army": 1,
          "active": false
        }
      },
      {
        "name": "bdt_t1_bomb_object_06",
        "tm": [
          [
            0.966853,
            0.0,
            0.255333
          ],
          [
            0.0,
            1.0,
            0.0
          ],
          [
            -0.255333,
            0.0,
            0.966853
          ],
          [
            11072.6,
            105.967,
            38907.6
          ]
        ],
        "unit_class": "dynBase_oil_storage_large_square",
        "objLayer": 2,
        "props": {
          "army": 1,
          "active": false
        }
      },
      {
        "name": "bdt_t1_bomb_object_07",
        "tm": [
          [
            0.966853,
            0.0,
            0.255333
          ],
          [
            0.0,
            1.0,
            0.0
          ],
          [
            -0.255333,
            0.0,
            0.966853
          ],
          [
            12790.8,
            98.207,
            42533.8
          ]
        ],
        "unit_class": "dynBase_oil_storage_large_square",
        "objLayer": 2,
        "props": {
          "army": 1,
          "active": false
        }
      },
      {
        "name": "bdt_t1_bomb_object_08",
        "tm": [
          [
            0.94214,
            0.0,
            -0.335217
          ],
          [
            0.0,
            1.0,
            0.0
          ],
          [
            0.335217,
            0.0,
            0.94214
          ],
          [
            7581.36,
            200.096,
            55255.3
          ]
        ],
        "unit_class": "dynBase_small_factory_square",
        "objLayer": 2,
        "props": {
          "army": 1,
          "active": false
        }
      },
      {
        "name": "bdt_t1_bomb_object_09",
        "tm": [
          [
            0.94214,
            0.0,
            -0.335217
          ],
          [
            0.0,
            1.0,
            0.0
          ],
          [
            0.335217,
            0.0,
            0.94214
          ],
          [
            10822.2,
            74.5819,
            52316.2
          ]
        ],
        "unit_class": "dynBase_hq_camp_square",
        "objLayer": 2,
        "props": {
          "army": 1,
          "active": false
        }
      },
      {
        "name": "bdt_t1_bomb_object_10",
        "tm": [
          [
            0.94214,
            0.0,
            -0.335217
          ],
          [
            0.0,
            1.0,
            0.0
          ],
          [
            0.335217,
            0.0,
            0.94214
          ],
          [
            12719.2,
            125.75,
            48643.6
          ]
        ],
        "unit_class": "dynBase_petrol_camp_square",
        "objLayer": 2,
        "props": {
          "army": 1,
          "active": false
        }
      },
      {
        "name": "bdt_t2_bomb_object_05",
        "tm": [
          [
            0.997946,
            0.0,
            -0.0640469
          ],
          [
            0.0,
            1.0,
            0.0
          ],
          [
            0.0640469,
            0.0,
            0.997946
          ],
          [
            -3720.29,
            119.857,
            55136.2
          ]
        ],
        "unit_class": "dynBase_petrol_camp_square",
        "objLayer": 2,
        "props": {
          "army": 2,
          "active": false
        }
      },
      {
        "name": "bdt_t2_bomb_object_06",
        "tm": [
          [
            0.911291,
            0.0,
            0.411762
          ],
          [
            0.0,
            1.0,
            0.0
          ],
          [
            -0.411762,
            0.0,
            0.911291
          ],
          [
            -6675.01,
            112.366,
            52530.0
          ]
        ],
        "unit_class": "dynBase_military_base_square",
        "objLayer": 2,
        "props": {
          "army": 2,
          "active": false
        }
      },
      {
        "name": "bdt_t2_bomb_object_07",
        "tm": [
          [
            0.997946,
            0.0,
            -0.0640469
          ],
          [
            0.0,
            1.0,
            0.0
          ],
          [
            0.0640469,
            0.0,
            0.997946
          ],
          [
            -8888.61,
            95.4421,
            48341.0
          ]
        ],
        "unit_class": "dynBase_fuel_storage_square",
        "objLayer": 2,
        "props": {
          "army": 2,
          "active": false
        }
      },
      {
        "name": "bdt_t2_bomb_object_08",
        "tm": [
          [
            0.914765,
            0.0,
            0.40399
          ],
          [
            0.0,
            1.0,
            0.0
          ],
          [
            -0.40399,
            0.0,
            0.914765
          ],
          [
            -3725.59,
            113.187,
            35548.2
          ]
        ],
        "unit_class": "dynBase_ammunition_storage_square",
        "objLayer": 2,
        "props": {
          "army": 2,
          "active": false
        }
      },
      {
        "name": "bdt_t2_bomb_object_09",
        "tm": [
          [
            0.914765,
            0.0,
            0.40399
          ],
          [
            0.0,
            1.0,
            0.0
          ],
          [
            -0.40399,
            0.0,
            0.914765
          ],
          [
            -6863.23,
            153.732,
            38406.3
          ]
        ],
        "unit_class": "dynBase_field_camp_square",
        "objLayer": 2,
        "props": {
          "army": 2,
          "active": false
        }
      },
      {
        "name": "bdt_t2_bomb_object_10",
        "tm": [
          [
            0.914765,
            0.0,
            0.40399
          ],
          [
            0.0,
            1.0,
            0.0
          ],
          [
            -0.40399,
            0.0,
            0.914765
          ],
          [
            -8820.89,
            140.926,
            42515.4
          ]
        ],
        "unit_class": "dynBase_oil_storage_small_square",
        "objLayer": 2,
        "props": {
          "army": 2,
          "active": false
        }
      }
    ]
  },
  "areas": {
    "bdt_t2_bomb_zone_01": {
      "type": "Sphere",
      "tm": [
        [
          351.331,
          0.0,
          -281.19
        ],
        [
          0.0,
          450.0,
          0.0
        ],
        [
          281.19,
          0.0,
          351.331
        ],
        [
          -11716.3,
          95.5135,
          49152.0
        ]
      ],
      "objLayer": 0,
      "props": {}
    },
    "bdt_t2_bomb_zone_02": {
      "type": "Sphere",
      "tm": [
        [
          351.331,
          0.0,
          -281.19
        ],
        [
          0.0,
          450.0,
          0.0
        ],
        [
          281.19,
          0.0,
          351.331
        ],
        [
          -11758.5,
          105.816,
          41745.9
        ]
      ],
      "objLayer": 0,
      "props": {}
    },
    "bdt_t2_bomb_zone_03": {
      "type": "Sphere",
      "tm": [
        [
          411.645,
          0.0,
          181.794
        ],
        [
          0.0,
          450.0,
          0.0
        ],
        [
          -181.794,
          0.0,
          411.645
        ],
        [
          -8218.81,
          132.989,
          35810.9
        ]
      ],
      "objLayer": 0,
      "props": {}
    },
    "bdt_t1_bomb_zone_01": {
      "type": "Sphere",
      "tm": [
        [
          423.963,
          0.0,
          -150.848
        ],
        [
          0.0,
          450.0,
          0.0
        ],
        [
          150.848,
          0.0,
          423.963
        ],
        [
          11880.2,
          183.837,
          55716.0
        ]
      ],
      "objLayer": 0,
      "props": {}
    },
    "bdt_t1_bomb_zone_02": {
      "type": "Sphere",
      "tm": [
        [
          442.587,
          0.0,
          81.3436
        ],
        [
          0.0,
          450.0,
          0.0
        ],
        [
          -81.3436,
          0.0,
          442.587
        ],
        [
          15744.1,
          88.8916,
          49419.7
        ]
      ],
      "objLayer": 0,
      "props": {}
    },
    "bdt_t1_bomb_zone_03": {
      "type": "Sphere",
      "tm": [
        [
          438.618,
          0.0,
          100.573
        ],
        [
          0.0,
          450.0,
          0.0
        ],
        [
          -100.573,
          0.0,
          438.618
        ],
        [
          15816.0,
          123.931,
          41835.7
        ]
      ],
      "objLayer": 0,
      "props": {}
    },
    "bdt_t2_bomb_zone_04": {
      "type": "Sphere",
      "tm": [
        [
          449.075,
          0.0,
          -28.8212
        ],
        [
          0.0,
          450.0,
          0.0
        ],
        [
          28.8212,
          0.0,
          449.075
        ],
        [
          -7378.73,
          113.6,
          56274.6
        ]
      ],
      "objLayer": 0,
      "props": {}
    },
    "bdt_t1_bomb_zone_04": {
      "type": "Sphere",
      "tm": [
        [
          438.618,
          0.0,
          100.573
        ],
        [
          0.0,
          450.0,
          0.0
        ],
        [
          -100.573,
          0.0,
          438.618
        ],
        [
          11960.2,
          75.6062,
          35614.0
        ]
      ],
      "objLayer": 0,
      "props": {}
    },
    "bdt_t2_bomb_zone_01_aaa_point_01": {
      "type": "Point",
      "tm": [
        [
          0.996619,
          0.0,
          -0.0821451
        ],
        [
          0.0,
          1.0,
          0.0
        ],
        [
          0.0821451,
          0.0,
          0.996619
        ],
        [
          -11707.9,
          79.8293,
          48926.7
        ]
      ],
      "objLayer": 0,
      "props": {}
    },
    "bdt_t2_bomb_zone_01_aaa_point_02": {
      "type": "Point",
      "tm": [
        [
          0.996619,
          0.0,
          -0.0821451
        ],
        [
          0.0,
          1.0,
          0.0
        ],
        [
          0.0821451,
          0.0,
          0.996619
        ],
        [
          -11831.4,
          90.9695,
          49420.6
        ]
      ],
      "objLayer": 0,
      "props": {}
    },
    "bdt_t2_bomb_zone_01_aaa_point_03": {
      "type": "Point",
      "tm": [
        [
          0.996619,
          0.0,
          -0.0821451
        ],
        [
          0.0,
          1.0,
          0.0
        ],
        [
          0.0821451,
          0.0,
          0.996619
        ],
        [
          -11712.4,
          83.4124,
          49418.8
        ]
      ],
      "objLayer": 0,
      "props": {}
    },
    "bdt_t2_bomb_zone_01_aaa_point_04": {
      "type": "Point",
      "tm": [
        [
          0.996619,
          0.0,
          -0.0821451
        ],
        [
          0.0,
          1.0,
          0.0
        ],
        [
          0.0821451,
          0.0,
          0.996619
        ],
        [
          -11326.9,
          84.2274,
          49410.7
        ]
      ],
      "objLayer": 0,
      "props": {}
    },
    "bdt_t2_bomb_zone_02_aaa_point_01": {
      "type": "Point",
      "tm": [
        [
          0.996619,
          0.0,
          -0.0821451
        ],
        [
          0.0,
          1.0,
          0.0
        ],
        [
          0.0821451,
          0.0,
          0.996619
        ],
        [
          -11968.8,
          110.439,
          41613.4
        ]
      ],
      "objLayer": 0,
      "props": {}
    },
    "bdt_t2_bomb_zone_02_aaa_point_02": {
      "type": "Point",
      "tm": [
        [
          0.996619,
          0.0,
          -0.0821451
        ],
        [
          0.0,
          1.0,
          0.0
        ],
        [
          0.0821451,
          0.0,
          0.996619
        ],
        [
          -11667.2,
          100.823,
          42060.2
        ]
      ],
      "objLayer": 0,
      "props": {}
    },
    "bdt_t2_bomb_zone_02_aaa_point_03": {
      "type": "Point",
      "tm": [
        [
          0.996619,
          0.0,
          -0.0821451
        ],
        [
          0.0,
          1.0,
          0.0
        ],
        [
          0.0821451,
          0.0,
          0.996619
        ],
        [
          -12005.9,
          102.406,
          41876.2
        ]
      ],
      "objLayer": 0,
      "props": {}
    },
    "bdt_t2_bomb_zone_02_aaa_point_04": {
      "type": "Point",
      "tm": [
        [
          0.996619,
          0.0,
          -0.0821451
        ],
        [
          0.0,
          1.0,
          0.0
        ],
        [
          0.0821451,
          0.0,
          0.996619
        ],
        [
          -11536.5,
          98.299,
          41688.4
        ]
      ],
      "objLayer": 0,
      "props": {}
    },
    "bdt_t2_bomb_zone_03_aaa_point_01": {
      "type": "Point",
      "tm": [
        [
          0.996619,
          0.0,
          -0.0821451
        ],
        [
          0.0,
          1.0,
          0.0
        ],
        [
          0.0821451,
          0.0,
          0.996619
        ],
        [
          -7911.21,
          103.008,
          35478.7
        ]
      ],
      "objLayer": 0,
      "props": {}
    },
    "bdt_t2_bomb_zone_03_aaa_point_02": {
      "type": "Point",
      "tm": [
        [
          0.996619,
          0.0,
          -0.0821451
        ],
        [
          0.0,
          1.0,
          0.0
        ],
        [
          0.0821451,
          0.0,
          0.996619
        ],
        [
          -8086.61,
          115.88,
          36071.9
        ]
      ],
      "objLayer": 0,
      "props": {}
    },
    "bdt_t2_bomb_zone_03_aaa_point_03": {
      "type": "Point",
      "tm": [
        [
          0.996619,
          0.0,
          -0.0821451
        ],
        [
          0.0,
          1.0,
          0.0
        ],
        [
          0.0821451,
          0.0,
          0.996619
        ],
        [
          -8393.91,
          122.598,
          36079.3
        ]
      ],
      "objLayer": 0,
      "props": {}
    },
    "bdt_t2_bomb_zone_03_aaa_point_04": {
      "type": "Point",
      "tm": [
        [
          0.996619,
          0.0,
          -0.0821451
        ],
        [
          0.0,
          1.0,
          0.0
        ],
        [
          0.0821451,
          0.0,
          0.996619
        ],
        [
          -8499.31,
          141.906,
          35629.7
        ]
      ],
      "objLayer": 0,
      "props": {}
    },
    "bdt_t2_bomb_zone_04_aaa_point_01": {
      "type": "Point",
      "tm": [
        [
          0.996619,
          0.0,
          -0.0821451
        ],
        [
          0.0,
          1.0,
          0.0
        ],
        [
          0.0821451,
          0.0,
          0.996619
        ],
        [
          -7121.33,
          119.666,
          56484.8
        ]
      ],
      "objLayer": 0,
      "props": {}
    },
    "bdt_t2_bomb_zone_04_aaa_point_02": {
      "type": "Point",
      "tm": [
        [
          0.996619,
          0.0,
          -0.0821451
        ],
        [
          0.0,
          1.0,
          0.0
        ],
        [
          0.0821451,
          0.0,
          0.996619
        ],
        [
          -7578.83,
          133.816,
          56501.0
        ]
      ],
      "objLayer": 0,
      "props": {}
    },
    "bdt_t2_bomb_zone_04_aaa_point_03": {
      "type": "Point",
      "tm": [
        [
          0.996619,
          0.0,
          -0.0821451
        ],
        [
          0.0,
          1.0,
          0.0
        ],
        [
          0.0821451,
          0.0,
          0.996619
        ],
        [
          -7281.23,
          75.3851,
          56026.6
        ]
      ],
      "objLayer": 0,
      "props": {}
    },
    "bdt_t2_bomb_zone_04_aaa_point_04": {
      "type": "Point",
      "tm": [
        [
          0.996619,
          0.0,
          -0.0821451
        ],
        [
          0.0,
          1.0,
          0.0
        ],
        [
          0.0821451,
          0.0,
          0.996619
        ],
        [
          -7521.13,
          94.2759,
          56072.9
        ]
      ],
      "objLayer": 0,
      "props": {}
    },
    "bdt_t1_bomb_zone_01_aaa_point_01": {
      "type": "Point",
      "tm": [
        [
          0.968693,
          0.0,
          0.248259
        ],
        [
          0.0,
          1.0,
          0.0
        ],
        [
          -0.248259,
          0.0,
          0.968693
        ],
        [
          12124.6,
          183.655,
          55787.9
        ]
      ],
      "objLayer": 0,
      "props": {}
    },
    "bdt_t1_bomb_zone_01_aaa_point_02": {
      "type": "Point",
      "tm": [
        [
          0.968693,
          0.0,
          0.248259
        ],
        [
          0.0,
          1.0,
          0.0
        ],
        [
          -0.248259,
          0.0,
          0.968693
        ],
        [
          11627.0,
          185.046,
          55714.2
        ]
      ],
      "objLayer": 0,
      "props": {}
    },
    "bdt_t1_bomb_zone_01_aaa_point_03": {
      "type": "Point",
      "tm": [
        [
          0.968693,
          0.0,
          0.248259
        ],
        [
          0.0,
          1.0,
          0.0
        ],
        [
          -0.248259,
          0.0,
          0.968693
        ],
        [
          11909.4,
          180.444,
          55484.6
        ]
      ],
      "objLayer": 0,
      "props": {}
    },
    "bdt_t1_bomb_zone_01_aaa_point_04": {
      "type": "Point",
      "tm": [
        [
          0.968693,
          0.0,
          0.248259
        ],
        [
          0.0,
          1.0,
          0.0
        ],
        [
          -0.248259,
          0.0,
          0.968693
        ],
        [
          11691.8,
          182.483,
          55554.2
        ]
      ],
      "objLayer": 0,
      "props": {}
    },
    "bdt_t1_bomb_zone_02_aaa_point_01": {
      "type": "Point",
      "tm": [
        [
          0.968693,
          0.0,
          0.248259
        ],
        [
          0.0,
          1.0,
          0.0
        ],
        [
          -0.248259,
          0.0,
          0.968693
        ],
        [
          15893.0,
          88.6726,
          49645.4
        ]
      ],
      "objLayer": 0,
      "props": {}
    },
    "bdt_t1_bomb_zone_02_aaa_point_02": {
      "type": "Point",
      "tm": [
        [
          0.968693,
          0.0,
          0.248259
        ],
        [
          0.0,
          1.0,
          0.0
        ],
        [
          -0.248259,
          0.0,
          0.968693
        ],
        [
          15602.7,
          88.7796,
          49644.9
        ]
      ],
      "objLayer": 0,
      "props": {}
    },
    "bdt_t1_bomb_zone_02_aaa_point_03": {
      "type": "Point",
      "tm": [
        [
          0.968693,
          0.0,
          0.248259
        ],
        [
          0.0,
          1.0,
          0.0
        ],
        [
          -0.248259,
          0.0,
          0.968693
        ],
        [
          15792.6,
          89.2176,
          48971.8
        ]
      ],
      "objLayer": 0,
      "props": {}
    },
    "bdt_t1_bomb_zone_02_aaa_point_04": {
      "type": "Point",
      "tm": [
        [
          0.968693,
          0.0,
          0.248259
        ],
        [
          0.0,
          1.0,
          0.0
        ],
        [
          -0.248259,
          0.0,
          0.968693
        ],
        [
          15418.1,
          89.0296,
          49373.7
        ]
      ],
      "objLayer": 0,
      "props": {}
    },
    "bdt_t1_bomb_zone_03_aaa_point_01": {
      "type": "Point",
      "tm": [
        [
          0.968693,
          0.0,
          0.248259
        ],
        [
          0.0,
          1.0,
          0.0
        ],
        [
          -0.248259,
          0.0,
          0.968693
        ],
        [
          15677.6,
          134.692,
          41560.8
        ]
      ],
      "objLayer": 0,
      "props": {}
    },
    "bdt_t1_bomb_zone_03_aaa_point_02": {
      "type": "Point",
      "tm": [
        [
          0.968693,
          0.0,
          0.248259
        ],
        [
          0.0,
          1.0,
          0.0
        ],
        [
          -0.248259,
          0.0,
          0.968693
        ],
        [
          15911.5,
          114.337,
          42058.2
        ]
      ],
      "objLayer": 0,
      "props": {}
    },
    "bdt_t1_bomb_zone_03_aaa_point_03": {
      "type": "Point",
      "tm": [
        [
          0.968693,
          0.0,
          0.248259
        ],
        [
          0.0,
          1.0,
          0.0
        ],
        [
          -0.248259,
          0.0,
          0.968693
        ],
        [
          15631.6,
          115.014,
          42055.3
        ]
      ],
      "objLayer": 0,
      "props": {}
    },
    "bdt_t1_bomb_zone_03_aaa_point_04": {
      "type": "Point",
      "tm": [
        [
          0.968693,
          0.0,
          0.248259
        ],
        [
          0.0,
          1.0,
          0.0
        ],
        [
          -0.248259,
          0.0,
          0.968693
        ],
        [
          16044.6,
          125.714,
          41709.9
        ]
      ],
      "objLayer": 0,
      "props": {}
    },
    "bdt_t1_bomb_zone_04_aaa_point_01": {
      "type": "Point",
      "tm": [
        [
          0.968693,
          0.0,
          0.248259
        ],
        [
          0.0,
          1.0,
          0.0
        ],
        [
          -0.248259,
          0.0,
          0.968693
        ],
        [
          12271.6,
          81.0842,
          35555.4
        ]
      ],
      "objLayer": 0,
      "props": {}
    },
    "bdt_t1_bomb_zone_04_aaa_point_02": {
      "type": "Point",
      "tm": [
        [
          0.968693,
          0.0,
          0.248259
        ],
        [
          0.0,
          1.0,
          0.0
        ],
        [
          -0.248259,
          0.0,
          0.968693
        ],
        [
          12098.2,
          75.4521,
          35825.8
        ]
      ],
      "objLayer": 0,
      "props": {}
    },
    "bdt_t1_bomb_zone_04_aaa_point_03": {
      "type": "Point",
      "tm": [
        [
          0.968693,
          0.0,
          0.248259
        ],
        [
          0.0,
          1.0,
          0.0
        ],
        [
          -0.248259,
          0.0,
          0.968693
        ],
        [
          12026.6,
          79.5092,
          35330.8
        ]
      ],
      "objLayer": 0,
      "props": {}
    },
    "bdt_t1_bomb_zone_04_aaa_point_04": {
      "type": "Point",
      "tm": [
        [
          0.968693,
          0.0,
          0.248259
        ],
        [
          0.0,
          1.0,
          0.0
        ],
        [
          -0.248259,
          0.0,
          0.968693
        ],
        [
          11741.2,
          83.1212,
          35838.9
        ]
      ],
      "objLayer": 0,
      "props": {}
    },
    "bdt_t1_bomb_zone_05": {
      "type": "Sphere",
      "tm": [
        [
          438.618,
          0.0,
          100.573
        ],
        [
          0.0,
          450.0,
          0.0
        ],
        [
          -100.573,
          0.0,
          438.618
        ],
        [
          7923.21,
          80.5337,
          36005.3
        ]
      ],
      "objLayer": 0,
      "props": {}
    },
    "bdt_t1_bomb_zone_06": {
      "type": "Sphere",
      "tm": [
        [
          438.618,
          0.0,
          100.573
        ],
        [
          0.0,
          450.0,
          0.0
        ],
        [
          -100.573,
          0.0,
          438.618
        ],
        [
          11071.6,
          106.115,
          38913.3
        ]
      ],
      "objLayer": 0,
      "props": {}
    },
    "bdt_t1_bomb_zone_07": {
      "type": "Sphere",
      "tm": [
        [
          438.618,
          0.0,
          100.573
        ],
        [
          0.0,
          450.0,
          0.0
        ],
        [
          -100.573,
          0.0,
          438.618
        ],
        [
          12789.8,
          98.1036,
          42539.5
        ]
      ],
      "objLayer": 0,
      "props": {}
    },
    "bdt_t1_bomb_zone_08": {
      "type": "Sphere",
      "tm": [
        [
          423.963,
          0.0,
          -150.848
        ],
        [
          0.0,
          450.0,
          0.0
        ],
        [
          150.848,
          0.0,
          423.963
        ],
        [
          7594.05,
          200.096,
          55254.1
        ]
      ],
      "objLayer": 0,
      "props": {}
    },
    "bdt_t1_bomb_zone_09": {
      "type": "Sphere",
      "tm": [
        [
          423.963,
          0.0,
          -150.848
        ],
        [
          0.0,
          450.0,
          0.0
        ],
        [
          150.848,
          0.0,
          423.963
        ],
        [
          10834.7,
          74.5819,
          52315.0
        ]
      ],
      "objLayer": 0,
      "props": {}
    },
    "bdt_t1_bomb_zone_10": {
      "type": "Sphere",
      "tm": [
        [
          423.963,
          0.0,
          -150.848
        ],
        [
          0.0,
          450.0,
          0.0
        ],
        [
          150.848,
          0.0,
          423.963
        ],
        [
          12731.8,
          140.845,
          48642.4
        ]
      ],
      "objLayer": 0,
      "props": {}
    },
    "bdt_t1_bomb_zone_05_aaa_point_01": {
      "type": "Point",
      "tm": [
        [
          0.968693,
          0.0,
          0.248259
        ],
        [
          0.0,
          1.0,
          0.0
        ],
        [
          -0.248259,
          0.0,
          0.968693
        ],
        [
          7652.99,
          80.6991,
          35959.6
        ]
      ],
      "objLayer": 0,
      "props": {}
    },
    "bdt_t1_bomb_zone_05_aaa_point_02": {
      "type": "Point",
      "tm": [
        [
          0.968693,
          0.0,
          0.248259
        ],
        [
          0.0,
          1.0,
          0.0
        ],
        [
          -0.248259,
          0.0,
          0.968693
        ],
        [
          7954.8,
          81.3988,
          35711.5
        ]
      ],
      "objLayer": 0,
      "props": {}
    },
    "bdt_t1_bomb_zone_05_aaa_point_03": {
      "type": "Point",
      "tm": [
        [
          0.968693,
          0.0,
          0.248259
        ],
        [
          0.0,
          1.0,
          0.0
        ],
        [
          -0.248259,
          0.0,
          0.968693
        ],
        [
          8371.74,
          80.4666,
          36011.0
        ]
      ],
      "objLayer": 0,
      "props": {}
    },
    "bdt_t1_bomb_zone_05_aaa_point_04": {
      "type": "Point",
      "tm": [
        [
          0.968693,
          0.0,
          0.248259
        ],
        [
          0.0,
          1.0,
          0.0
        ],
        [
          -0.248259,
          0.0,
          0.968693
        ],
        [
          8076.56,
          79.8327,
          36236.6
        ]
      ],
      "objLayer": 0,
      "props": {}
    },
    "bdt_t1_bomb_zone_06_aaa_point_01": {
      "type": "Point",
      "tm": [
        [
          0.968693,
          0.0,
          0.248259
        ],
        [
          0.0,
          1.0,
          0.0
        ],
        [
          -0.248259,
          0.0,
          0.968693
        ],
        [
          10968.0,
          90.3505,
          38592.3
        ]
      ],
      "objLayer": 0,
      "props": {}
    },
    "bdt_t1_bomb_zone_06_aaa_point_02": {
      "type": "Point",
      "tm": [
        [
          0.968693,
          0.0,
          0.248259
        ],
        [
          0.0,
          1.0,
          0.0
        ],
        [
          -0.248259,
          0.0,
          0.968693
        ],
        [
          10778.0,
          89.559,
          38774.8
        ]
      ],
      "objLayer": 0,
      "props": {}
    },
    "bdt_t1_bomb_zone_06_aaa_point_03": {
      "type": "Point",
      "tm": [
        [
          0.968693,
          0.0,
          0.248259
        ],
        [
          0.0,
          1.0,
          0.0
        ],
        [
          -0.248259,
          0.0,
          0.968693
        ],
        [
          11004.7,
          109.921,
          39215.2
        ]
      ],
      "objLayer": 0,
      "props": {}
    },
    "bdt_t1_bomb_zone_06_aaa_point_04": {
      "type": "Point",
      "tm": [
        [
          0.968693,
          0.0,
          0.248259
        ],
        [
          0.0,
          1.0,
          0.0
        ],
        [
          -0.248259,
          0.0,
          0.968693
        ],
        [
          11363.2,
          113.893,
          38853.4
        ]
      ],
      "objLayer": 0,
      "props": {}
    },
    "bdt_t1_bomb_zone_07_aaa_point_01": {
      "type": "Point",
      "tm": [
        [
          0.968693,
          0.0,
          0.248259
        ],
        [
          0.0,
          1.0,
          0.0
        ],
        [
          -0.248259,
          0.0,
          0.968693
        ],
        [
          12869.6,
          95.5719,
          42830.0
        ]
      ],
      "objLayer": 0,
      "props": {}
    },
    "bdt_t1_bomb_zone_07_aaa_point_02": {
      "type": "Point",
      "tm": [
        [
          0.968693,
          0.0,
          0.248259
        ],
        [
          0.0,
          1.0,
          0.0
        ],
        [
          -0.248259,
          0.0,
          0.968693
        ],
        [
          12692.9,
          105.77,
          42204.4
        ]
      ],
      "objLayer": 0,
      "props": {}
    },
    "bdt_t1_bomb_zone_07_aaa_point_03": {
      "type": "Point",
      "tm": [
        [
          0.968693,
          0.0,
          0.248259
        ],
        [
          0.0,
          1.0,
          0.0
        ],
        [
          -0.248259,
          0.0,
          0.968693
        ],
        [
          13116.8,
          107.377,
          42462.2
        ]
      ],
      "objLayer": 0,
      "props": {}
    },
    "bdt_t1_bomb_zone_07_aaa_point_04": {
      "type": "Point",
      "tm": [
        [
          0.968693,
          0.0,
          0.248259
        ],
        [
          0.0,
          1.0,
          0.0
        ],
        [
          -0.248259,
          0.0,
          0.968693
        ],
        [
          12516.0,
          87.9959,
          42833.4
        ]
      ],
      "objLayer": 0,
      "props": {}
    },
    "bdt_t1_bomb_zone_08_aaa_point_01": {
      "type": "Point",
      "tm": [
        [
          0.968693,
          0.0,
          0.248259
        ],
        [
          0.0,
          1.0,
          0.0
        ],
        [
          -0.248259,
          0.0,
          0.968693
        ],
        [
          7444.26,
          200.088,
          55526.3
        ]
      ],
      "objLayer": 0,
      "props": {}
    },
    "bdt_t1_bomb_zone_08_aaa_point_02": {
      "type": "Point",
      "tm": [
        [
          0.968693,
          0.0,
          0.248259
        ],
        [
          0.0,
          1.0,
          0.0
        ],
        [
          -0.248259,
          0.0,
          0.968693
        ],
        [
          7346.82,
          200.092,
          55073.8
        ]
      ],
      "objLayer": 0,
      "props": {}
    },
    "bdt_t1_bomb_zone_08_aaa_point_03": {
      "type": "Point",
      "tm": [
        [
          0.968693,
          0.0,
          0.248259
        ],
        [
          0.0,
          1.0,
          0.0
        ],
        [
          -0.248259,
          0.0,
          0.968693
        ],
        [
          7740.76,
          200.105,
          54927.8
        ]
      ],
      "objLayer": 0,
      "props": {}
    },
    "bdt_t1_bomb_zone_08_aaa_point_04": {
      "type": "Point",
      "tm": [
        [
          0.968693,
          0.0,
          0.248259
        ],
        [
          0.0,
          1.0,
          0.0
        ],
        [
          -0.248259,
          0.0,
          0.968693
        ],
        [
          7856.22,
          200.103,
          55327.3
        ]
      ],
      "objLayer": 0,
      "props": {}
    },
    "bdt_t1_bomb_zone_09_aaa_point_01": {
      "type": "Point",
      "tm": [
        [
          0.968693,
          0.0,
          0.248259
        ],
        [
          0.0,
          1.0,
          0.0
        ],
        [
          -0.248259,
          0.0,
          0.968693
        ],
        [
          10387.6,
          67.5539,
          52286.8
        ]
      ],
      "objLayer": 0,
      "props": {}
    },
    "bdt_t1_bomb_zone_09_aaa_point_02": {
      "type": "Point",
      "tm": [
        [
          0.968693,
          0.0,
          0.248259
        ],
        [
          0.0,
          1.0,
          0.0
        ],
        [
          -0.248259,
          0.0,
          0.968693
        ],
        [
          10719.8,
          74.5849,
          51921.2
        ]
      ],
      "objLayer": 0,
      "props": {}
    },
    "bdt_t1_bomb_zone_09_aaa_point_03": {
      "type": "Point",
      "tm": [
        [
          0.968693,
          0.0,
          0.248259
        ],
        [
          0.0,
          1.0,
          0.0
        ],
        [
          -0.248259,
          0.0,
          0.968693
        ],
        [
          10636.8,
          -34.1782,
          52833.2
        ]
      ],
      "objLayer": 0,
      "props": {}
    },
    "bdt_t1_bomb_zone_09_aaa_point_04": {
      "type": "Point",
      "tm": [
        [
          0.968693,
          0.0,
          0.248259
        ],
        [
          0.0,
          1.0,
          0.0
        ],
        [
          -0.248259,
          0.0,
          0.968693
        ],
        [
          11151.7,
          74.4559,
          52064.6
        ]
      ],
      "objLayer": 0,
