{
  "selected_tag": "",
  "bin_dump_file": "",
  "mission_settings": {
    "player": {
      "army": 1
    },
    "player_teamB": {
      "army": 2
    },
    "mission": {
      "type": "singleMission",
      "level": "levels/water.bin",
      "restoreType": "attempts",
      "optionalTakeOff": false,
      "environment": "Day",
      "weather": "hazy"
    },
    "spectator_points": []
  },
  "imports": [],
  "triggers": {
    "isCategory": true,
    "is_enabled": true
  },
  "mission_objectives": {
    "isCategory": true,
    "is_enabled": true
  },
  "variables": [],
  "dialogs": [],
  "airfields": [],
  "effects": [],
  "units": [
    {
      "objectGroups": {
        "name": "t1_helipad",
        "tm": [
          [-0.681998,0.0,-0.731354],
          [0.0,1.0,0.0],
          [0.731354,0.0,-0.681998],
          [2869.03,31.3706,885.281]
        ],
        "unit_class": "dynHelipad_beton_a_ussr",
        "objLayer": 2,
        "props": {
          "army": 1,
          "isDelayed": true,
          "active": true
        }
      }
    },
    {
      "objectGroups": {
        "name": "t1_helipad_farspawn",
        "tm": [
          [-0.5,0.0,-0.866026],
          [0.0,1.0,0.0],
          [0.866026,0.0,-0.5],
          [7707.12,131.4,6313.9]
        ],
        "unit_class": "dynHelipad_beton_b_ussr",
        "objLayer": 2,
        "props": {
          "army": 1,
          "isDelayed": true,
          "active": true
        }
      }
    },
    {
      "objectGroups": {
        "name": "t2_helipad",
        "tm": [
          [0.484809,0.0,0.87462],
          [0.0,1.0,0.0],
          [-0.87462,0.0,0.484809],
          [-2246.25,132.898,-5741.65]
        ],
        "unit_class": "dynHelipad_beton_a_usa",
        "objLayer": 2,
        "props": {
          "army": 2,
          "isDelayed": true,
          "active": true
        }
      }
    },
    {
      "objectGroups": {
        "name": "t2_helipad_farspawn",
        "tm": [
          [0.681998,0.0,0.731353],
          [0.0,1.0,0.0],
          [-0.731353,0.0,0.681998],
          [-5681.4,104.242,-9979.98]
        ],
        "unit_class": "dynHelipad_beton_b_usa",
        "objLayer": 2,
        "props": {
          "army": 2,
          "isDelayed": true,
          "active": true
        }
      }
    },
    {
      "air_defence": {
        "name": "t2_helipad_defence_01",
        "tm": [
          [0.68542,0.0,0.728148],
          [0.0,1.0,0.0],
          [-0.728148,0.0,0.68542],
          [-2430.45,63.5027,-5347.28]
        ],
        "unit_class": "germ_20mm_flak38_helipad",
        "objLayer": 1,
        "closed_waypoints": false,
        "isShipSpline": false,
        "shipTurnRadius": 100.0,
        "weapons": "",
        "bullets0": "",
        "bullets1": "",
        "bullets2": "",
        "bullets3": "",
        "bulletsCount0": 0,
        "bulletsCount1": 0,
        "bulletsCount2": 0,
        "bulletsCount3": 0,
        "props": {
          "army": 2,
          "count": 1,
          "formation_type": "rows",
          "formation_div": 3,
          "formation_step": [2.5,2.0],
          "formation_noise": [0.1,0.1],
          "uniqueName": "",
          "attack_type": "fire_at_will"
        },
        "way": []
      }
    },
    {
      "air_defence": {
        "name": "t2_helipad_defence_02",
        "tm": [
          [0.68542,0.0,0.728148],
          [0.0,1.0,0.0],
          [-0.728148,0.0,0.68542],
          [-1888.31,63.5027,-5736.11]
        ],
        "unit_class": "germ_20mm_flak38_helipad",
        "objLayer": 1,
        "closed_waypoints": false,
        "isShipSpline": false,
        "shipTurnRadius": 100.0,
        "weapons": "",
        "bullets0": "",
        "bullets1": "",
        "bullets2": "",
        "bullets3": "",
        "bulletsCount0": 0,
        "bulletsCount1": 0,
        "bulletsCount2": 0,
        "bulletsCount3": 0,
        "props": {
          "army": 2,
          "count": 1,
          "formation_type": "rows",
          "formation_div": 3,
          "formation_step": [2.5,2.0],
          "formation_noise": [0.1,0.1],
          "uniqueName": "",
          "attack_type": "fire_at_will"
        },
        "way": []
      }
    },
    {
      "air_defence": {
        "name": "t2_helipad_defence_03",
        "tm": [
          [0.68542,0.0,0.728148],
          [0.0,1.0,0.0],
          [-0.728148,0.0,0.68542],
          [-2107.99,63.5027,-6075.01]
        ],
        "unit_class": "germ_20mm_flak38_helipad",
        "objLayer": 1,
        "closed_waypoints": false,
        "isShipSpline": false,
        "shipTurnRadius": 100.0,
        "weapons": "",
        "bullets0": "",
        "bullets1": "",
        "bullets2": "",
        "bullets3": "",
        "bulletsCount0": 0,
        "bulletsCount1": 0,
        "bulletsCount2": 0,
        "bulletsCount3": 0,
        "props": {
          "army": 2,
          "count": 1,
          "formation_type": "rows",
          "formation_div": 3,
          "formation_step": [2.5,2.0],
          "formation_noise": [0.1,0.1],
          "uniqueName": "",
          "attack_type": "fire_at_will"
        },
        "way": []
      }
    },
    {
      "air_defence": {
        "name": "t2_helipad_defence_04",
        "tm": [
          [0.347949,0.0,0.937514],
          [0.0,1.0,0.0],
          [-0.937514,0.0,0.347949],
          [-2639.71,63.5027,-5784.36]
        ],
        "unit_class": "germ_20mm_flak38_helipad",
        "objLayer": 1,
        "closed_waypoints": false,
        "isShipSpline": false,
        "shipTurnRadius": 100.0,
        "weapons": "",
        "bullets0": "",
        "bullets1": "",
        "bullets2": "",
        "bullets3": "",
        "bulletsCount0": 0,
        "bulletsCount1": 0,
        "bulletsCount2": 0,
        "bulletsCount3": 0,
        "props": {
          "army": 2,
          "count": 1,
          "formation_type": "rows",
          "formation_div": 3,
          "formation_step": [2.5,2.0],
          "formation_noise": [0.1,0.1],
          "uniqueName": "",
          "attack_type": "fire_at_will"
        },
        "way": []
      }
    },
    {
      "squad": {
        "name": "t2_helipad_aaa_squad",
        "tm": [
          [1.0,0.0,0.0],
          [0.0,1.0,0.0],
          [0.0,0.0,1.0],
          [-2266.61,63.5027,-5735.69]
        ],
        "props": [
          {
            "object_marking": 0
          },
          {
            "squad_members": "t2_helipad_defence_01"
          },
          {
            "squad_members": "t2_helipad_defence_02"
          },
          {
            "squad_members": "t2_helipad_defence_03"
          },
          {
            "squad_members": "t2_helipad_defence_04"
          }
        ]
      }
    },
    {
      "air_defence": {
        "name": "t1_helipad_defence_01",
        "tm": [
          [-0.88294,0.0,-0.469485],
          [0.0,1.0,0.0],
          [0.469485,0.0,-0.88294],
          [3216.34,63.5029,872.166]
        ],
        "unit_class": "germ_20mm_flak38_helipad",
        "objLayer": 1,
        "closed_waypoints": false,
        "isShipSpline": false,
        "shipTurnRadius": 100.0,
        "weapons": "",
        "bullets0": "",
        "bullets1": "",
        "bullets2": "",
        "bullets3": "",
        "bulletsCount0": 0,
        "bulletsCount1": 0,
        "bulletsCount2": 0,
        "bulletsCount3": 0,
        "props": {
          "army": 1,
          "count": 1,
          "formation_type": "rows",
          "formation_div": 3,
          "formation_step": [2.5,2.0],
          "formation_noise": [0.1,0.1],
          "uniqueName": "",
          "attack_type": "fire_at_will"
        },
        "way": []
      }
    },
    {
      "air_defence": {
        "name": "t1_helipad_defence_02",
        "tm": [
          [-0.88294,0.0,-0.469485],
          [0.0,1.0,0.0],
          [0.469485,0.0,-0.88294],
          [2996.67,63.5029,533.266]
        ],
        "unit_class": "germ_20mm_flak38_helipad",
        "objLayer": 1,
        "closed_waypoints": false,
        "isShipSpline": false,
        "shipTurnRadius": 100.0,
        "weapons": "",
        "bullets0": "",
        "bullets1": "",
        "bullets2": "",
        "bullets3": "",
        "bulletsCount0": 0,
        "bulletsCount1": 0,
        "bulletsCount2": 0,
        "bulletsCount3": 0,
        "props": {
          "army": 1,
          "count": 1,
          "formation_type": "rows",
          "formation_div": 3,
          "formation_step": [2.5,2.0],
          "formation_noise": [0.1,0.1],
          "uniqueName": "",
          "attack_type": "fire_at_will"
        },
        "way": []
      }
    },
    {
      "air_defence": {
        "name": "t1_helipad_defence_03",
        "tm": [
          [-0.88294,0.0,-0.469485],
          [0.0,1.0,0.0],
          [0.469485,0.0,-0.88294],
          [2674.2,63.5029,1261.0]
        ],
        "unit_class": "germ_20mm_flak38_helipad",
        "objLayer": 1,
        "closed_waypoints": false,
        "isShipSpline": false,
        "shipTurnRadius": 100.0,
        "weapons": "",
        "bullets0": "",
        "bullets1": "",
        "bullets2": "",
        "bullets3": "",
        "bulletsCount0": 0,
        "bulletsCount1": 0,
        "bulletsCount2": 0,
        "bulletsCount3": 0,
        "props": {
          "army": 1,
          "count": 1,
          "formation_type": "rows",
          "formation_div": 3,
          "formation_step": [2.5,2.0],
          "formation_noise": [0.1,0.1],
          "uniqueName": "",
          "attack_type": "fire_at_will"
        },
        "way": []
      }
    },
    {
      "air_defence": {
        "name": "t1_helipad_defence_04",
        "tm": [
          [-0.630573,0.0,-0.77613],
          [0.0,1.0,0.0],
          [0.77613,0.0,-0.630573],
          [2464.94,63.5029,823.923]
        ],
        "unit_class": "germ_20mm_flak38_helipad",
        "objLayer": 1,
        "closed_waypoints": false,
        "isShipSpline": false,
        "shipTurnRadius": 100.0,
        "weapons": "",
        "bullets0": "",
        "bullets1": "",
        "bullets2": "",
        "bullets3": "",
        "bulletsCount0": 0,
        "bulletsCount1": 0,
        "bulletsCount2": 0,
        "bulletsCount3": 0,
        "props": {
          "army": 1,
          "count": 1,
          "formation_type": "rows",
          "formation_div": 3,
          "formation_step": [2.5,2.0],
          "formation_noise": [0.1,0.1],
          "uniqueName": "",
          "attack_type": "fire_at_will"
        },
        "way": []
      }
    },
    {
      "squad": {
        "name": "t1_helipad_aaa_squad",
        "tm": [
          [1.0,0.0,0.0],
          [0.0,1.0,0.0],
          [0.0,0.0,1.0],
          [2838.04,63.5029,872.589]
        ],
        "props": [
          {
            "object_marking": 0
          },
          {
            "squad_members": "t1_helipad_defence_01"
          },
          {
            "squad_members": "t1_helipad_defence_02"
          },
          {
            "squad_members": "t1_helipad_defence_04"
          },
          {
            "squad_members": "t1_helipad_defence_03"
          }
        ]
      }
    }
  ],
  "areas": {
    "heli_4000": {
      "type": "Sphere",
      "tm": [
        [-6560.06,0.0,-4578.83],
        [0.0,8000.0,0.0],
        [4578.83,0.0,-6560.06],
        [0.0,8.05,-2048.0]
      ],
      "objLayer": 4,
      "props": []
    }
  },
  "objLayers": [
    {
      "layer": {
        "enabled": true
      }
    },
    {
      "layer": {
        "enabled": true
      }
    },
    {
      "layer": {
        "enabled": true
      }
    },
    {
      "layer": {
        "enabled": true
      }
    },
    {
      "layer": {
        "enabled": true
      }
    }
  ],
  "wayPoints": []
}