{
  "selected_tag": "",
  "bin_dump_file": "",
  "mission_settings": {
    "player": {
      "army": 1
    },
    "player_teamB": {
      "army": 2
    },
    "mission": {
      "level": "levels/air_afghan.bin",
      "type": "domination",
      "environment": "Day",
      "weather": "hazy",
      "restoreType": "attempts",
      "optionalTakeOff": false
    }
  },
  "imports": {},
  "triggers": {
    "isCategory": true,
    "is_enabled": true
  },
  "mission_objectives": {
    "isCategory": true,
    "is_enabled": true
  },
  "variables": {},
  "dialogs": {},
  "airfields": {},
  "effects": {},
  "units": {
    "objectGroups": [
      {
        "name": "bdt_t2_bomb_object_01",
        "tm": [
          [
            -0.0213376,
            0.0,
            -0.99977
          ],
          [
            0.0,
            1.0,
            0.0
          ],
          [
            0.99977,
            0.0,
            -0.0213376
          ],
          [
            -7721.46,
            1628.07,
            -9602.56
          ]
        ],
        "unit_class": "dynBase_hq_camp_square",
        "objLayer": 2,
        "props": {
          "army": 2,
          "active": false
        }
      },
      {
        "name": "bdt_t2_bomb_object_02",
        "tm": [
          [
            -0.606752,
            0.0,
            -0.794894
          ],
          [
            0.0,
            1.0,
            0.0
          ],
          [
            0.794894,
            0.0,
            -0.606752
          ],
          [
            -18096.0,
            1977.4,
            -18034.6
          ]
        ],
        "unit_class": "dynBase_fuel_storage_square",
        "objLayer": 2,
        "props": {
          "army": 2,
          "active": false
        }
      },
      {
        "name": "bdt_t2_bomb_object_03",
        "tm": [
          [
            0.924848,
            0.0,
            -0.380342
          ],
          [
            0.0,
            1.0,
            0.0
          ],
          [
            0.380342,
            0.0,
            0.924848
          ],
          [
            -18026.5,
            2029.58,
            -23860.4
          ]
        ],
        "unit_class": "dynBase_oil_storage_small_square",
        "objLayer": 2,
        "props": {
          "army": 2,
          "active": false
        }
      },
      {
        "name": "bdt_t1_bomb_object_01",
        "tm": [
          [
            0.410426,
            0.0,
            -0.911894
          ],
          [
            0.0,
            1.0,
            0.0
          ],
          [
            0.911894,
            0.0,
            0.410426
          ],
          [
            6253.46,
            1844.32,
            -24789.3
          ]
        ],
        "unit_class": "dynBase_fuel_storage_square",
        "objLayer": 2,
        "props": {
          "army": 1,
          "active": false
        }
      },
      {
        "name": "bdt_t1_bomb_object_02",
        "tm": [
          [
            0.918664,
            0.0,
            -0.395037
          ],
          [
            0.0,
            1.0,
            0.0
          ],
          [
            0.395037,
            0.0,
            0.918664
          ],
          [
            3184.69,
            2090.08,
            -17120.8
          ]
        ],
        "unit_class": "dynBase_small_factory_square",
        "objLayer": 2,
        "props": {
          "army": 1,
          "active": false
        }
      },
      {
        "name": "bdt_t1_bomb_object_03",
        "tm": [
          [
            0.954917,
            0.0,
            -0.296869
          ],
          [
            0.0,
            1.0,
            0.0
          ],
          [
            0.296869,
            0.0,
            0.954917
          ],
          [
            -3651.85,
            1516.33,
            -31010.3
          ]
        ],
        "unit_class": "dynBase_oil_storage_small_square",
        "objLayer": 2,
        "props": {
          "army": 1,
          "active": false
        }
      },
      {
        "name": "bdt_t2_bomb_object_04",
        "tm": [
          [
            0.55597,
            0.0,
            -0.831202
          ],
          [
            0.0,
            1.0,
            0.0
          ],
          [
            0.831202,
            0.0,
            0.55597
          ],
          [
            -11754.2,
            1485.8,
            -7505.95
          ]
        ],
        "unit_class": "dynBase_small_factory_square",
        "objLayer": 2,
        "props": {
          "army": 2,
          "active": false
        }
      },
      {
        "name": "bdt_t1_bomb_object_04",
        "tm": [
          [
            0.790613,
            0.0,
            -0.612317
          ],
          [
            0.0,
            1.0,
            0.0
          ],
          [
            0.612317,
            0.0,
            0.790613
          ],
          [
            -11348.6,
            1588.72,
            -31110.0
          ]
        ],
        "unit_class": "dynBase_field_camp_square",
        "objLayer": 2,
        "props": {
          "army": 1,
          "active": false
        }
      },
      {
        "name": "bdt_t1_bomb_object_05",
        "tm": [
          [
            0.790613,
            0.0,
            -0.612317
          ],
          [
            0.0,
            1.0,
            0.0
          ],
          [
            0.612317,
            0.0,
            0.790613
          ],
          [
            -9435.49,
            1504.86,
            -34021.3
          ]
        ],
        "unit_class": "dynBase_military_base_square",
        "objLayer": 2,
        "props": {
          "army": 1,
          "active": false
        }
      },
      {
        "name": "bdt_t1_bomb_object_06",
        "tm": [
          [
            0.790613,
            0.0,
            -0.612317
          ],
          [
            0.0,
            1.0,
            0.0
          ],
          [
            0.612317,
            0.0,
            0.790613
          ],
          [
            -3612.7,
            1438.55,
            -34274.3
          ]
        ],
        "unit_class": "dynBase_oil_storage_large_square",
        "objLayer": 2,
        "props": {
          "army": 1,
          "active": false
        }
      },
      {
        "name": "bdt_t1_bomb_object_07",
        "tm": [
          [
            0.790613,
            0.0,
            -0.612317
          ],
          [
            0.0,
            1.0,
            0.0
          ],
          [
            0.612317,
            0.0,
            0.790613
          ],
          [
            -6257.72,
            1518.69,
            -31108.7
          ]
        ],
        "unit_class": "dynBase_oil_storage_large_square",
        "objLayer": 2,
        "props": {
          "army": 1,
          "active": false
        }
      },
      {
        "name": "bdt_t1_bomb_object_08",
        "tm": [
          [
            0.410426,
            0.0,
            -0.911894
          ],
          [
            0.0,
            1.0,
            0.0
          ],
          [
            0.911894,
            0.0,
            0.410426
          ],
          [
            6668.65,
            2232.89,
            -18171.6
          ]
        ],
        "unit_class": "dynBase_small_factory_square",
        "objLayer": 2,
        "props": {
          "army": 1,
          "active": false
        }
      },
      {
        "name": "bdt_t1_bomb_object_09",
        "tm": [
          [
            0.410426,
            0.0,
            -0.911894
          ],
          [
            0.0,
            1.0,
            0.0
          ],
          [
            0.911894,
            0.0,
            0.410426
          ],
          [
            2323.4,
            1668.31,
            -26864.1
          ]
        ],
        "unit_class": "dynBase_petrol_camp_square",
        "objLayer": 2,
        "props": {
          "army": 1,
          "active": false
        }
      },
      {
        "name": "bdt_t1_bomb_object_10",
        "tm": [
          [
            0.410426,
            0.0,
            -0.911894
          ],
          [
            0.0,
            1.0,
            0.0
          ],
          [
            0.911894,
            0.0,
            0.410426
          ],
          [
            2962.6,
            1958.02,
            -21496.8
          ]
        ],
        "unit_class": "dynBase_petrol_camp_square",
        "objLayer": 2,
        "props": {
          "army": 1,
          "active": false
        }
      },
      {
        "name": "bdt_t2_bomb_object_05",
        "tm": [
          [
            0.55597,
            0.0,
            -0.831202
          ],
          [
            0.0,
            1.0,
            0.0
          ],
          [
            0.831202,
            0.0,
            0.55597
          ],
          [
            -2730.93,
            1968.11,
            -7741.23
          ]
        ],
        "unit_class": "dynBase_petrol_camp_square",
        "objLayer": 2,
        "props": {
          "army": 2,
          "active": false
        }
      },
      {
        "name": "bdt_t2_bomb_object_06",
        "tm": [
          [
            0.881016,
            0.0,
            -0.473088
          ],
          [
            0.0,
            1.0,
            0.0
          ],
          [
            0.473088,
            0.0,
            0.881016
          ],
          [
            -2041.62,
            1952.08,
            -10937.7
          ]
        ],
        "unit_class": "dynBase_military_base_square",
        "objLayer": 2,
        "props": {
          "army": 2,
          "active": false
        }
      },
      {
        "name": "bdt_t2_bomb_object_07",
        "tm": [
          [
            0.55597,
            0.0,
            -0.831202
          ],
          [
            0.0,
            1.0,
            0.0
          ],
          [
            0.831202,
            0.0,
            0.55597
          ],
          [
            -12511.1,
            1569.59,
            -10536.3
          ]
        ],
        "unit_class": "dynBase_fuel_storage_square",
        "objLayer": 2,
        "props": {
          "army": 2,
          "active": false
        }
      },
      {
        "name": "bdt_t2_bomb_object_08",
        "tm": [
          [
            0.924848,
            0.0,
            -0.380342
          ],
          [
            0.0,
            1.0,
            0.0
          ],
          [
            0.380342,
            0.0,
            0.924848
          ],
          [
            -20701.6,
            1887.41,
            -16166.7
          ]
        ],
        "unit_class": "dynBase_ammunition_storage_square",
        "objLayer": 2,
        "props": {
          "army": 2,
          "active": false
        }
      },
      {
        "name": "bdt_t2_bomb_object_09",
        "tm": [
          [
            0.924848,
            0.0,
            -0.380342
          ],
          [
            0.0,
            1.0,
            0.0
          ],
          [
            0.380342,
            0.0,
            0.924848
          ],
          [
            -21312.8,
            1943.62,
            -22349.0
          ]
        ],
        "unit_class": "dynBase_field_camp_square",
        "objLayer": 2,
        "props": {
          "army": 2,
          "active": false
        }
      },
      {
        "name": "bdt_t2_bomb_object_10",
        "tm": [
          [
            0.924848,
            0.0,
            -0.380342
          ],
          [
            0.0,
            1.0,
            0.0
          ],
          [
            0.380342,
            0.0,
            0.924848
          ],
          [
            -15864.6,
            1723.75,
            -14556.5
          ]
        ],
        "unit_class": "dynBase_oil_storage_small_square",
        "objLayer": 2,
        "props": {
          "army": 2,
          "active": false
        }
      }
    ]
  },
  "areas": {
    "bdt_t2_bomb_zone_01": {
      "type": "Sphere",
      "tm": [
        [
          -9.60175,
          0.0,
          -449.899
        ],
        [
          0.0,
          450.0,
          0.0
        ],
        [
          449.899,
          0.0,
          -9.60175
        ],
        [
          -7728.05,
          1672.58,
          -9600.0
        ]
      ],
      "objLayer": 0,
      "props": {}
    },
    "bdt_t2_bomb_zone_02": {
      "type": "Sphere",
      "tm": [
        [
          40.3551,
          0.0,
          -448.188
        ],
        [
          0.0,
          450.0,
          0.0
        ],
        [
          448.188,
          0.0,
          40.3551
        ],
        [
          -18075.7,
          1977.72,
          -18042.3
        ]
      ],
      "objLayer": 0,
      "props": {}
    },
    "bdt_t2_bomb_zone_03": {
      "type": "Sphere",
      "tm": [
        [
          416.179,
          0.0,
          -171.155
        ],
        [
          0.0,
          450.0,
          0.0
        ],
        [
          171.155,
          0.0,
          416.179
        ],
        [
          -18028.3,
          2029.53,
          -23850.8
        ]
      ],
      "objLayer": 0,
      "props": {}
    },
    "bdt_t1_bomb_zone_01": {
      "type": "Sphere",
      "tm": [
        [
          184.69,
          0.0,
          -410.352
        ],
        [
          0.0,
          450.0,
          0.0
        ],
        [
          410.352,
          0.0,
          184.69
        ],
        [
          6261.39,
          1844.36,
          -24799.3
        ]
      ],
      "objLayer": 0,
      "props": {}
    },
    "bdt_t1_bomb_zone_02": {
      "type": "Sphere",
      "tm": [
        [
          365.123,
          0.0,
          -263.029
        ],
        [
          0.0,
          450.0,
          0.0
        ],
        [
          263.029,
          0.0,
          365.123
        ],
        [
          3189.3,
          2119.53,
          -17121.6
        ]
      ],
      "objLayer": 0,
      "props": {}
    },
    "bdt_t1_bomb_zone_03": {
      "type": "Sphere",
      "tm": [
        [
          346.55,
          0.0,
          -287.057
        ],
        [
          0.0,
          450.0,
          0.0
        ],
        [
          287.057,
          0.0,
          346.55
        ],
        [
          -3647.15,
          1516.2,
          -31013.5
        ]
      ],
      "objLayer": 0,
      "props": {}
    },
    "bdt_t2_bomb_zone_04": {
      "type": "Sphere",
      "tm": [
        [
          250.185,
          0.0,
          -374.041
        ],
        [
          0.0,
          450.0,
          0.0
        ],
        [
          374.041,
          0.0,
          250.185
        ],
        [
          -11751.4,
          1530.17,
          -7513.3
        ]
      ],
      "objLayer": 0,
      "props": {}
    },
    "bdt_t1_bomb_zone_04": {
      "type": "Sphere",
      "tm": [
        [
          346.55,
          0.0,
          -287.057
        ],
        [
          0.0,
          450.0,
          0.0
        ],
        [
          287.057,
          0.0,
          346.55
        ],
        [
          -11344.7,
          1588.69,
          -31105.8
        ]
      ],
      "objLayer": 0,
      "props": {}
    },
    "bdt_t2_bomb_zone_01_aaa_point_01": {
      "type": "Point",
      "tm": [
        [
          0.540793,
          0.0,
          -0.841154
        ],
        [
          0.0,
          1.0,
          0.0
        ],
        [
          0.841154,
          0.0,
          0.540793
        ],
        [
          -7901.85,
          1674.71,
          -9743.56
        ]
      ],
      "objLayer": 0,
      "props": {}
    },
    "bdt_t2_bomb_zone_01_aaa_point_02": {
      "type": "Point",
      "tm": [
        [
          0.540793,
          0.0,
          -0.841154
        ],
        [
          0.0,
          1.0,
          0.0
        ],
        [
          0.841154,
          0.0,
          0.540793
        ],
        [
          -7584.9,
          1674.34,
          -9345.26
        ]
      ],
      "objLayer": 0,
      "props": {}
    },
    "bdt_t2_bomb_zone_01_aaa_point_03": {
      "type": "Point",
      "tm": [
        [
          0.540793,
          0.0,
          -0.841154
        ],
        [
          0.0,
          1.0,
          0.0
        ],
        [
          0.841154,
          0.0,
          0.540793
        ],
        [
          -7513.89,
          1672.92,
          -9440.77
        ]
      ],
      "objLayer": 0,
      "props": {}
    },
    "bdt_t2_bomb_zone_01_aaa_point_04": {
      "type": "Point",
      "tm": [
        [
          0.540793,
          0.0,
          -0.841154
        ],
        [
          0.0,
          1.0,
          0.0
        ],
        [
          0.841154,
          0.0,
          0.540793
        ],
        [
          -7286.03,
          1669.18,
          -9751.67
        ]
      ],
      "objLayer": 0,
      "props": {}
    },
    "bdt_t2_bomb_zone_02_aaa_point_01": {
      "type": "Point",
      "tm": [
        [
          0.630748,
          0.0,
          -0.775985
        ],
        [
          0.0,
          1.0,
          0.0
        ],
        [
          0.775985,
          0.0,
          0.630748
        ],
        [
          -18316.9,
          1975.08,
          -17982.4
        ]
      ],
      "objLayer": 0,
      "props": {}
    },
    "bdt_t2_bomb_zone_02_aaa_point_02": {
      "type": "Point",
      "tm": [
        [
          0.630748,
          0.0,
          -0.775985
        ],
        [
          0.0,
          1.0,
          0.0
        ],
        [
          0.775985,
          0.0,
          0.630748
        ],
        [
          -17785.8,
          1976.92,
          -17890.6
        ]
      ],
      "objLayer": 0,
      "props": {}
    },
    "bdt_t2_bomb_zone_02_aaa_point_03": {
      "type": "Point",
      "tm": [
        [
          0.630748,
          0.0,
          -0.775985
        ],
        [
          0.0,
          1.0,
          0.0
        ],
        [
          0.775985,
          0.0,
          0.630748
        ],
        [
          -18152.9,
          1980.73,
          -17773.7
        ]
      ],
      "objLayer": 0,
      "props": {}
    },
    "bdt_t2_bomb_zone_02_aaa_point_04": {
      "type": "Point",
      "tm": [
        [
          0.630748,
          0.0,
          -0.775985
        ],
        [
          0.0,
          1.0,
          0.0
        ],
        [
          0.775985,
          0.0,
          0.630748
        ],
        [
          -17963.5,
          1975.01,
          -18242.4
        ]
      ],
      "objLayer": 0,
      "props": {}
    },
    "bdt_t2_bomb_zone_03_aaa_point_01": {
      "type": "Point",
      "tm": [
        [
          0.630748,
          0.0,
          -0.775985
        ],
        [
          0.0,
          1.0,
          0.0
        ],
        [
          0.775985,
          0.0,
          0.630748
        ],
        [
          -18225.5,
          2032.33,
          -24074.1
        ]
      ],
      "objLayer": 0,
      "props": {}
    },
    "bdt_t2_bomb_zone_03_aaa_point_02": {
      "type": "Point",
      "tm": [
        [
          0.630748,
          0.0,
          -0.775985
        ],
        [
          0.0,
          1.0,
          0.0
        ],
        [
          0.775985,
          0.0,
          0.630748
        ],
        [
          -17748.4,
          2026.27,
          -23765.5
        ]
      ],
      "objLayer": 0,
      "props": {}
    },
    "bdt_t2_bomb_zone_03_aaa_point_03": {
      "type": "Point",
      "tm": [
        [
          0.630748,
          0.0,
          -0.775985
        ],
        [
          0.0,
          1.0,
          0.0
        ],
        [
          0.775985,
          0.0,
          0.630748
        ],
        [
          -17955.9,
          2026.66,
          -23538.7
        ]
      ],
      "objLayer": 0,
      "props": {}
    },
    "bdt_t2_bomb_zone_03_aaa_point_04": {
      "type": "Point",
      "tm": [
        [
          0.630748,
          0.0,
          -0.775985
        ],
        [
          0.0,
          1.0,
          0.0
        ],
        [
          0.775985,
          0.0,
          0.630748
        ],
        [
          -18327.7,
          2032.19,
          -23868.7
        ]
      ],
      "objLayer": 0,
      "props": {}
    },
    "bdt_t2_bomb_zone_04_aaa_point_01": {
      "type": "Point",
      "tm": [
        [
          0.540793,
          0.0,
          -0.841154
        ],
        [
          0.0,
          1.0,
          0.0
        ],
        [
          0.841154,
          0.0,
          0.540793
        ],
        [
          -11428.0,
          1526.02,
          -7589.86
        ]
      ],
      "objLayer": 0,
      "props": {}
    },
    "bdt_t2_bomb_zone_04_aaa_point_02": {
      "type": "Point",
      "tm": [
        [
          0.540793,
          0.0,
          -0.841154
        ],
        [
          0.0,
          1.0,
          0.0
        ],
        [
          0.841154,
          0.0,
          0.540793
        ],
        [
          -11833.8,
          1525.79,
          -7233.09
        ]
      ],
      "objLayer": 0,
      "props": {}
    },
    "bdt_t2_bomb_zone_04_aaa_point_03": {
      "type": "Point",
      "tm": [
        [
          0.540793,
          0.0,
          -0.841154
        ],
        [
          0.0,
          1.0,
          0.0
        ],
        [
          0.841154,
          0.0,
          0.540793
        ],
        [
          -11889.1,
          1525.63,
          -7741.6
        ]
      ],
      "objLayer": 0,
      "props": {}
    },
    "bdt_t2_bomb_zone_04_aaa_point_04": {
      "type": "Point",
      "tm": [
        [
          0.540793,
          0.0,
          -0.841154
        ],
        [
          0.0,
          1.0,
          0.0
        ],
        [
          0.841154,
          0.0,
          0.540793
        ],
        [
          -11998.2,
          1485.88,
          -7522.96
        ]
      ],
      "objLayer": 0,
      "props": {}
    },
    "bdt_t1_bomb_zone_01_aaa_point_01": {
      "type": "Point",
      "tm": [
        [
          0.849817,
          0.0,
          -0.527075
        ],
        [
          0.0,
          1.0,
          0.0
        ],
        [
          0.527075,
          0.0,
          0.849817
        ],
        [
          6482.33,
          1847.74,
          -24925.8
        ]
      ],
      "objLayer": 0,
      "props": {}
    },
    "bdt_t1_bomb_zone_01_aaa_point_02": {
      "type": "Point",
      "tm": [
        [
          0.849817,
          0.0,
          -0.527075
        ],
        [
          0.0,
          1.0,
          0.0
        ],
        [
          0.527075,
          0.0,
          0.849817
        ],
        [
          6084.77,
          1841.69,
          -24617.9
        ]
      ],
      "objLayer": 0,
      "props": {}
    },
    "bdt_t1_bomb_zone_01_aaa_point_03": {
      "type": "Point",
      "tm": [
        [
          0.849817,
          0.0,
          -0.527075
        ],
        [
          0.0,
          1.0,
          0.0
        ],
        [
          0.527075,
          0.0,
          0.849817
        ],
        [
          6114.64,
          1857.22,
          -24980.6
        ]
      ],
      "objLayer": 0,
      "props": {}
    },
    "bdt_t1_bomb_zone_01_aaa_point_04": {
      "type": "Point",
      "tm": [
        [
          0.849817,
          0.0,
          -0.527075
        ],
        [
          0.0,
          1.0,
          0.0
        ],
        [
          0.527075,
          0.0,
          0.849817
        ],
        [
          6014.25,
          1850.46,
          -24775.3
        ]
      ],
      "objLayer": 0,
      "props": {}
    },
    "bdt_t1_bomb_zone_02_aaa_point_01": {
      "type": "Point",
      "tm": [
        [
          0.849817,
          0.0,
          -0.527075
        ],
        [
          0.0,
          1.0,
          0.0
        ],
        [
          0.527075,
          0.0,
          0.849817
        ],
        [
          3455.36,
          2117.27,
          -17072.8
        ]
      ],
      "objLayer": 0,
      "props": {}
    },
    "bdt_t1_bomb_zone_02_aaa_point_02": {
      "type": "Point",
      "tm": [
        [
          0.849817,
          0.0,
          -0.527075
        ],
        [
          0.0,
          1.0,
          0.0
        ],
        [
          0.527075,
          0.0,
          0.849817
        ],
        [
          3253.98,
          2186.84,
          -16863.8
        ]
      ],
      "objLayer": 0,
      "props": {}
    },
    "bdt_t1_bomb_zone_02_aaa_point_03": {
      "type": "Point",
      "tm": [
        [
          0.849817,
          0.0,
          -0.527075
        ],
        [
          0.0,
          1.0,
          0.0
        ],
        [
          0.527075,
          0.0,
          0.849817
        ],
        [
          2899.76,
          2147.96,
          -17466.7
        ]
      ],
      "objLayer": 0,
      "props": {}
    },
    "bdt_t1_bomb_zone_02_aaa_point_04": {
      "type": "Point",
      "tm": [
        [
          0.849817,
          0.0,
          -0.527075
        ],
        [
          0.0,
          1.0,
          0.0
        ],
        [
          0.527075,
          0.0,
          0.849817
        ],
        [
          2930.46,
          2195.61,
          -16918.3
        ]
      ],
      "objLayer": 0,
      "props": {}
    },
    "bdt_t1_bomb_zone_03_aaa_point_01": {
      "type": "Point",
      "tm": [
        [
          0.786117,
          0.0,
          -0.618076
        ],
        [
          0.0,
          1.0,
          0.0
        ],
        [
          0.618076,
          0.0,
          0.786117
        ],
        [
          -3949.49,
          1520.57,
          -31070.7
        ]
      ],
      "objLayer": 0,
      "props": {}
    },
    "bdt_t1_bomb_zone_03_aaa_point_02": {
      "type": "Point",
      "tm": [
        [
          0.786117,
          0.0,
          -0.618076
        ],
        [
          0.0,
          1.0,
          0.0
        ],
        [
          0.618076,
          0.0,
          0.786117
        ],
        [
          -3412.42,
          1513.26,
          -30954.0
        ]
      ],
      "objLayer": 0,
      "props": {}
    },
    "bdt_t1_bomb_zone_03_aaa_point_03": {
      "type": "Point",
      "tm": [
        [
          0.786117,
          0.0,
          -0.618076
        ],
        [
          0.0,
          1.0,
          0.0
        ],
        [
          0.618076,
          0.0,
          0.786117
        ],
        [
          -3584.85,
          1520.02,
          -30733.5
        ]
      ],
      "objLayer": 0,
      "props": {}
    },
    "bdt_t1_bomb_zone_03_aaa_point_04": {
      "type": "Point",
      "tm": [
        [
          0.786117,
          0.0,
          -0.618076
        ],
        [
          0.0,
          1.0,
          0.0
        ],
        [
          0.618076,
          0.0,
          0.786117
        ],
        [
          -3607.92,
          1517.82,
          -31271.4
        ]
      ],
      "objLayer": 0,
      "props": {}
    },
    "bdt_t1_bomb_zone_04_aaa_point_01": {
      "type": "Point",
      "tm": [
        [
          0.786117,
          0.0,
          -0.618076
        ],
        [
          0.0,
          1.0,
          0.0
        ],
        [
          0.618076,
          0.0,
          0.786117
        ],
        [
          -11201.9,
          1590.88,
          -31388.6
        ]
      ],
      "objLayer": 0,
      "props": {}
    },
    "bdt_t1_bomb_zone_04_aaa_point_02": {
      "type": "Point",
      "tm": [
        [
          0.786117,
          0.0,
          -0.618076
        ],
        [
          0.0,
          1.0,
          0.0
        ],
        [
          0.618076,
          0.0,
          0.786117
        ],
        [
          -11092.7,
          1588.8,
          -31086.6
        ]
      ],
      "objLayer": 0,
      "props": {}
    },
    "bdt_t1_bomb_zone_04_aaa_point_03": {
      "type": "Point",
      "tm": [
        [
          0.786117,
          0.0,
          -0.618076
        ],
        [
          0.0,
          1.0,
          0.0
        ],
        [
          0.618076,
          0.0,
          0.786117
        ],
        [
          -11529.2,
          1589.73,
          -31330.7
        ]
      ],
      "objLayer": 0,
      "props": {}
    },
    "bdt_t1_bomb_zone_04_aaa_point_04": {
      "type": "Point",
      "tm": [
        [
          0.786117,
          0.0,
          -0.618076
        ],
        [
          0.0,
          1.0,
          0.0
        ],
        [
          0.618076,
          0.0,
          0.786117
        ],
        [
          -11299.3,
          1588.15,
          -30795.2
        ]
      ],
      "objLayer": 0,
      "props": {}
    },
    "bdt_t1_bomb_zone_05": {
      "type": "Sphere",
      "tm": [
        [
          346.55,
          0.0,
          -287.057
        ],
        [
          0.0,
          450.0,
          0.0
        ],
        [
          287.057,
          0.0,
          346.55
        ],
        [
          -9431.59,
          1504.88,
          -34016.9
        ]
      ],
      "objLayer": 0,
      "props": {}
    },
    "bdt_t1_bomb_zone_06": {
      "type": "Sphere",
      "tm": [
        [
          346.55,
          0.0,
          -287.057
        ],
        [
          0.0,
          450.0,
          0.0
        ],
        [
          287.057,
          0.0,
          346.55
        ],
        [
          -3608.76,
          1438.6,
          -34270.0
        ]
      ],
      "objLayer": 0,
      "props": {}
    },
    "bdt_t1_bomb_zone_07": {
      "type": "Sphere",
      "tm": [
        [
          346.55,
          0.0,
          -287.057
        ],
        [
          0.0,
          450.0,
          0.0
        ],
        [
          287.057,
          0.0,
          346.55
        ],
        [
          -6253.73,
          1518.8,
          -31104.3
        ]
      ],
      "objLayer": 0,
      "props": {}
    },
    "bdt_t1_bomb_zone_08": {
      "type": "Sphere",
      "tm": [
        [
          184.69,
          0.0,
          -410.352
        ],
        [
          0.0,
          450.0,
          0.0
        ],
        [
          410.352,
          0.0,
          184.69
        ],
        [
          6676.47,
          2264.25,
          -18181.6
        ]
      ],
      "objLayer": 0,
      "props": {}
    },
    "bdt_t1_bomb_zone_09": {
      "type": "Sphere",
      "tm": [
        [
          184.69,
          0.0,
          -410.352
        ],
        [
          0.0,
          450.0,
          0.0
        ],
        [
          410.352,
          0.0,
          184.69
        ],
        [
          2331.08,
          1668.6,
          -26873.9
        ]
      ],
      "objLayer": 0,
      "props": {}
    },
    "bdt_t1_bomb_zone_10": {
      "type": "Sphere",
      "tm": [
        [
          184.69,
          0.0,
          -410.352
        ],
        [
          0.0,
          450.0,
          0.0
        ],
        [
          410.352,
          0.0,
          184.69
        ],
        [
          2970.42,
          1991.12,
          -21506.8
        ]
      ],
      "objLayer": 0,
      "props": {}
    },
    "bdt_t1_bomb_zone_05_aaa_point_01": {
      "type": "Point",
      "tm": [
        [
          0.786117,
          0.0,
          -0.618076
        ],
        [
          0.0,
          1.0,
          0.0
        ],
        [
          0.618076,
          0.0,
          0.786117
        ],
        [
          -9632.18,
          1505.14,
          -33830.2
        ]
      ],
      "objLayer": 0,
      "props": {}
    },
    "bdt_t1_bomb_zone_05_aaa_point_02": {
      "type": "Point",
      "tm": [
        [
          0.786117,
          0.0,
          -0.618076
        ],
        [
          0.0,
          1.0,
          0.0
        ],
        [
          0.618076,
          0.0,
          0.786117
        ],
        [
          -9586.96,
          1504.23,
          -34012.1
        ]
      ],
      "objLayer": 0,
      "props": {}
    },
    "bdt_t1_bomb_zone_05_aaa_point_03": {
      "type": "Point",
      "tm": [
        [
          0.786117,
          0.0,
          -0.618076
        ],
        [
          0.0,
          1.0,
          0.0
        ],
        [
          0.618076,
          0.0,
          0.786117
        ],
        [
          -9228.6,
          1505.44,
          -34220.8
        ]
      ],
      "objLayer": 0,
      "props": {}
    },
    "bdt_t1_bomb_zone_05_aaa_point_04": {
      "type": "Point",
      "tm": [
        [
          0.786117,
          0.0,
          -0.618076
        ],
        [
          0.0,
          1.0,
          0.0
        ],
        [
          0.618076,
          0.0,
          0.786117
        ],
        [
          -9154.68,
          1506.15,
          -33998.0
        ]
      ],
      "objLayer": 0,
      "props": {}
    },
    "bdt_t1_bomb_zone_06_aaa_point_01": {
      "type": "Point",
      "tm": [
        [
          0.786117,
          0.0,
          -0.618076
        ],
        [
          0.0,
          1.0,
          0.0
        ],
        [
          0.618076,
          0.0,
          0.786117
        ],
        [
          -3926.63,
          1433.9,
          -34383.0
        ]
      ],
      "objLayer": 0,
      "props": {}
    },
    "bdt_t1_bomb_zone_06_aaa_point_02": {
      "type": "Point",
      "tm": [
        [
          0.786117,
          0.0,
          -0.618076
        ],
        [
          0.0,
          1.0,
          0.0
        ],
        [
          0.618076,
          0.0,
          0.786117
        ],
        [
          -3897.36,
          1436.15,
          -34121.2
        ]
      ],
      "objLayer": 0,
      "props": {}
    },
    "bdt_t1_bomb_zone_06_aaa_point_03": {
      "type": "Point",
      "tm": [
        [
          0.786117,
          0.0,
          -0.618076
        ],
        [
          0.0,
          1.0,
          0.0
        ],
        [
          0.618076,
          0.0,
          0.786117
        ],
        [
          -3409.9,
          1440.13,
          -34033.4
        ]
      ],
      "objLayer": 0,
      "props": {}
    },
    "bdt_t1_bomb_zone_06_aaa_point_04": {
      "type": "Point",
      "tm": [
        [
          0.786117,
          0.0,
          -0.618076
        ],
        [
          0.0,
          1.0,
          0.0
        ],
        [
          0.618076,
          0.0,
          0.786117
        ],
        [
          -3479.08,
          1435.9,
          -34537.9
        ]
      ],
      "objLayer": 0,
      "props": {}
    },
    "bdt_t1_bomb_zone_07_aaa_point_01": {
      "type": "Point",
      "tm": [
        [
          0.786117,
          0.0,
          -0.618076
        ],
        [
          0.0,
          1.0,
          0.0
        ],
        [
          0.618076,
          0.0,
          0.786117
        ],
        [
          -5974.57,
          1520.11,
          -30991.1
        ]
      ],
      "objLayer": 0,
      "props": {}
    },
    "bdt_t1_bomb_zone_07_aaa_point_02": {
      "type": "Point",
      "tm": [
        [
          0.786117,
          0.0,
          -0.618076
        ],
        [
          0.0,
          1.0,
          0.0
        ],
        [
          0.618076,
          0.0,
          0.786117
        ],
        [
          -6578.67,
          1512.81,
          -31231.2
        ]
      ],
      "objLayer": 0,
      "props": {}
    },
    "bdt_t1_bomb_zone_07_aaa_point_03": {
      "type": "Point",
      "tm": [
        [
          0.786117,
          0.0,
          -0.618076
        ],
        [
          0.0,
          1.0,
          0.0
        ],
        [
          0.618076,
          0.0,
          0.786117
        ],
        [
          -6116.24,
          1507.95,
          -31410.9
        ]
      ],
      "objLayer": 0,
      "props": {}
    },
    "bdt_t1_bomb_zone_07_aaa_point_04": {
      "type": "Point",
      "tm": [
        [
          0.786117,
          0.0,
          -0.618076
        ],
        [
          0.0,
          1.0,
          0.0
        ],
        [
          0.618076,
          0.0,
          0.786117
        ],
        [
          -6186.95,
          1517.38,
          -30708.2
        ]
      ],
      "objLayer": 0,
      "props": {}
    },
    "bdt_t1_bomb_zone_08_aaa_point_01": {
      "type": "Point",
      "tm": [
        [
          0.849817,
          0.0,
          -0.527075
        ],
        [
          0.0,
          1.0,
          0.0
        ],
        [
          0.527075,
          0.0,
          0.849817
        ],
        [
          6769.25,
          2208.09,
          -17885.0
        ]
      ],
      "objLayer": 0,
      "props": {}
    },
    "bdt_t1_bomb_zone_08_aaa_point_02": {
      "type": "Point",
      "tm": [
        [
          0.849817,
          0.0,
          -0.527075
        ],
        [
          0.0,
          1.0,
          0.0
        ],
        [
          0.527075,
          0.0,
          0.849817
        ],
        [
          6375.26,
          2265.45,
          -18127.9
        ]
      ],
      "objLayer": 0,
      "props": {}
    },
    "bdt_t1_bomb_zone_08_aaa_point_03": {
      "type": "Point",
      "tm": [
        [
          0.849817,
          0.0,
          -0.527075
        ],
        [
          0.0,
          1.0,
          0.0
        ],
        [
          0.527075,
          0.0,
          0.849817
        ],
        [
          6542.6,
          2263.02,
          -18513.4
        ]
      ],
      "objLayer": 0,
      "props": {}
    },
    "bdt_t1_bomb_zone_08_aaa_point_04": {
      "type": "Point",
      "tm": [
        [
          0.849817,
          0.0,
          -0.527075
        ],
        [
          0.0,
          1.0,
          0.0
        ],
        [
          0.527075,
          0.0,
          0.849817
        ],
        [
          6910.79,
          2266.14,
          -18320.0
        ]
      ],
      "objLayer": 0,
      "props": {}
    },
    "bdt_t1_bomb_zone_09_aaa_point_01": {
      "type": "Point",
      "tm": [
        [
          0.849817,
          0.0,
          -0.527075
        ],
        [
          0.0,
          1.0,
          0.0
        ],
        [
          0.527075,
          0.0,
          0.849817
        ],
        [
          2001.12,
          1668.29,
          -26570.9
        ]
      ],
      "objLayer": 0,
      "props": {}
    },
    "bdt_t1_bomb_zone_09_aaa_point_02": {
      "type": "Point",
      "tm": [
        [
          0.849817,
          0.0,
          -0.527075
        ],
        [
          0.0,
          1.0,
          0.0
        ],
        [
          0.527075,
          0.0,
          0.849817
        ],
        [
          1967.31,
          1659.78,
          -27063.7
        ]
      ],
      "objLayer": 0,
      "props": {}
    },
    "bdt_t1_bomb_zone_09_aaa_point_03": {
      "type": "Point",
      "tm": [
        [
          0.849817,
          0.0,
          -0.527075
        ],
        [
          0.0,
          1.0,
          0.0
        ],
        [
          0.527075,
          0.0,
          0.849817
        ],
        [
          2535.43,
          1673.99,
          -26420.1
        ]
      ],
      "objLayer": 0,
      "props": {}
    },
    "bdt_t1_bomb_zone_09_aaa_point_04": {
      "type": "Point",
      "tm": [
        [
          0.849817,
          0.0,
          -0.527075
        ],
        [
          0.0,
          1.0,
          0.0
        ],
        [
          0.527075,
          0.0,
          0.849817
        ],
        [
          2369.84,
