{
  "selected_tag": "",
  "bin_dump_file": "",
  "mission_settings": {
    "player": {
      "army": 1
    },
    "player_teamB": {
      "army": 2
    },
    "mission": {
      "level": "levels/air_afghan.bin",
      "type": "domination",
      "environment": "Day",
      "weather": "hazy",
      "restoreType": "attempts",
      "optionalTakeOff": false
    }
  },
  "imports": {},
  "triggers": {
    "isCategory": true,
    "is_enabled": true
  },
  "mission_objectives": {
    "isCategory": true,
    "is_enabled": true
  },
  "variables": {},
  "dialogs": {},
  "airfields": {},
  "effects": {},
  "units": {
    "objectGroups": [
      {
        "name": "bdt_t2_bomb_object_01",
        "tm": [
          [
            -0.0213376,
            0.0,
            -0.99977
          ],
          [
            0.0,
            1.0,
            0.0
          ],
          [
            0.99977,
            0.0,
            -0.0213376
          ],
          [
            -13045.6,
            1532.6,
            -6202.91
          ]
        ],
        "unit_class": "dynBase_hq_camp_square",
        "objLayer": 2,
        "props": {
          "army": 2,
          "active": false
        }
      },
      {
        "name": "bdt_t2_bomb_object_02",
        "tm": [
          [
            -0.606752,
            0.0,
            -0.794894
          ],
          [
            0.0,
            1.0,
            0.0
          ],
          [
            0.794894,
            0.0,
            -0.606752
          ],
          [
            -23420.2,
            2023.05,
            -14634.9
          ]
        ],
        "unit_class": "dynBase_fuel_storage_square",
        "objLayer": 2,
        "props": {
          "army": 2,
          "active": false
        }
      },
      {
        "name": "bdt_t2_bomb_object_03",
        "tm": [
          [
            0.924848,
            0.0,
            -0.380342
          ],
          [
            0.0,
            1.0,
            0.0
          ],
          [
            0.380342,
            0.0,
            0.924848
          ],
          [
            -23350.7,
            1956.6,
            -20460.8
          ]
        ],
        "unit_class": "dynBase_oil_storage_small_square",
        "objLayer": 2,
        "props": {
          "army": 2,
          "active": false
        }
      },
      {
        "name": "bdt_t1_bomb_object_01",
        "tm": [
          [
            0.410426,
            0.0,
            -0.911894
          ],
          [
            0.0,
            1.0,
            0.0
          ],
          [
            0.911894,
            0.0,
            0.410426
          ],
          [
            929.3,
            1908.2,
            -21389.7
          ]
        ],
        "unit_class": "dynBase_fuel_storage_square",
        "objLayer": 2,
        "props": {
          "army": 1,
          "active": false
        }
      },
      {
        "name": "bdt_t1_bomb_object_02",
        "tm": [
          [
            0.918664,
            0.0,
            -0.395037
          ],
          [
            0.0,
            1.0,
            0.0
          ],
          [
            0.395037,
            0.0,
            0.918664
          ],
          [
            -2139.47,
            1924.75,
            -13721.2
          ]
        ],
        "unit_class": "dynBase_small_factory_square",
        "objLayer": 2,
        "props": {
          "army": 1,
          "active": false
        }
      },
      {
        "name": "bdt_t1_bomb_object_03",
        "tm": [
          [
            0.954917,
            0.0,
            -0.296869
          ],
          [
            0.0,
            1.0,
            0.0
          ],
          [
            0.296869,
            0.0,
            0.954917
          ],
          [
            -8976.01,
            1570.6,
            -27610.7
          ]
        ],
        "unit_class": "dynBase_oil_storage_small_square",
        "objLayer": 2,
        "props": {
          "army": 1,
          "active": false
        }
      },
      {
        "name": "bdt_t2_bomb_object_04",
        "tm": [
          [
            0.55597,
            0.0,
            -0.831202
          ],
          [
            0.0,
            1.0,
            0.0
          ],
          [
            0.831202,
            0.0,
            0.55597
          ],
          [
            -17078.4,
            1686.3,
            -4106.3
          ]
        ],
        "unit_class": "dynBase_small_factory_square",
        "objLayer": 2,
        "props": {
          "army": 2,
          "active": false
        }
      },
      {
        "name": "bdt_t1_bomb_object_04",
        "tm": [
          [
            0.790613,
            0.0,
            -0.612317
          ],
          [
            0.0,
            1.0,
            0.0
          ],
          [
            0.612317,
            0.0,
            0.790613
          ],
          [
            -16672.8,
            1650.1,
            -27710.3
          ]
        ],
        "unit_class": "dynBase_field_camp_square",
        "objLayer": 2,
        "props": {
          "army": 1,
          "active": false
        }
      },
      {
        "name": "bdt_t1_bomb_object_05",
        "tm": [
          [
            0.790613,
            0.0,
            -0.612317
          ],
          [
            0.0,
            1.0,
            0.0
          ],
          [
            0.612317,
            0.0,
            0.790613
          ],
          [
            -14759.7,
            1546.8,
            -30621.7
          ]
        ],
        "unit_class": "dynBase_military_base_square",
        "objLayer": 2,
        "props": {
          "army": 1,
          "active": false
        }
      },
      {
        "name": "bdt_t1_bomb_object_06",
        "tm": [
          [
            0.790613,
            0.0,
            -0.612317
          ],
          [
            0.0,
            1.0,
            0.0
          ],
          [
            0.612317,
            0.0,
            0.790613
          ],
          [
            -8936.86,
            1529.3,
            -30874.6
          ]
        ],
        "unit_class": "dynBase_oil_storage_large_square",
        "objLayer": 2,
        "props": {
          "army": 1,
          "active": false
        }
      },
      {
        "name": "bdt_t1_bomb_object_07",
        "tm": [
          [
            0.790613,
            0.0,
            -0.612317
          ],
          [
            0.0,
            1.0,
            0.0
          ],
          [
            0.612317,
            0.0,
            0.790613
          ],
          [
            -11581.9,
            1572.3,
            -27709.0
          ]
        ],
        "unit_class": "dynBase_oil_storage_large_square",
        "objLayer": 2,
        "props": {
          "army": 1,
          "active": false
        }
      },
      {
        "name": "bdt_t1_bomb_object_08",
        "tm": [
          [
            0.410426,
            0.0,
            -0.911894
          ],
          [
            0.0,
            1.0,
            0.0
          ],
          [
            0.911894,
            0.0,
            0.410426
          ],
          [
            1344.49,
            2020.0,
            -14771.9
          ]
        ],
        "unit_class": "dynBase_small_factory_square",
        "objLayer": 2,
        "props": {
          "army": 1,
          "active": false
        }
      },
      {
        "name": "bdt_t1_bomb_object_09",
        "tm": [
          [
            0.410426,
            0.0,
            -0.911894
          ],
          [
            0.0,
            1.0,
            0.0
          ],
          [
            0.911894,
            0.0,
            0.410426
          ],
          [
            -3000.76,
            1712.05,
            -23464.4
          ]
        ],
        "unit_class": "dynBase_petrol_camp_square",
        "objLayer": 2,
        "props": {
          "army": 1,
          "active": false
        }
      },
      {
        "name": "bdt_t1_bomb_object_10",
        "tm": [
          [
            0.410426,
            0.0,
            -0.911894
          ],
          [
            0.0,
            1.0,
            0.0
          ],
          [
            0.911894,
            0.0,
            0.410426
          ],
          [
            -2361.56,
            1892.05,
            -18097.2
          ]
        ],
        "unit_class": "dynBase_petrol_camp_square",
        "objLayer": 2,
        "props": {
          "army": 1,
          "active": false
        }
      },
      {
        "name": "bdt_t2_bomb_object_05",
        "tm": [
          [
            0.55597,
            0.0,
            -0.831202
          ],
          [
            0.0,
            1.0,
            0.0
          ],
          [
            0.831202,
            0.0,
            0.55597
          ],
          [
            -8055.09,
            1683.65,
            -4341.58
          ]
        ],
        "unit_class": "dynBase_petrol_camp_square",
        "objLayer": 2,
        "props": {
          "army": 2,
          "active": false
        }
      },
      {
        "name": "bdt_t2_bomb_object_06",
        "tm": [
          [
            0.881016,
            0.0,
            -0.473088
          ],
          [
            0.0,
            1.0,
            0.0
          ],
          [
            0.473088,
            0.0,
            0.881016
          ],
          [
            -7365.78,
            1761.95,
            -7538.05
          ]
        ],
        "unit_class": "dynBase_military_base_square",
        "objLayer": 2,
        "props": {
          "army": 2,
          "active": false
        }
      },
      {
        "name": "bdt_t2_bomb_object_07",
        "tm": [
          [
            0.55597,
            0.0,
            -0.831202
          ],
          [
            0.0,
            1.0,
            0.0
          ],
          [
            0.831202,
            0.0,
            0.55597
          ],
          [
            -17835.3,
            1740.15,
            -7136.65
          ]
        ],
        "unit_class": "dynBase_fuel_storage_square",
        "objLayer": 2,
        "props": {
          "army": 2,
          "active": false
        }
      },
      {
        "name": "bdt_t2_bomb_object_08",
        "tm": [
          [
            0.924848,
            0.0,
            -0.380342
          ],
          [
            0.0,
            1.0,
            0.0
          ],
          [
            0.380342,
            0.0,
            0.924848
          ],
          [
            -25289.5,
            2214.6,
            -10462.4
          ]
        ],
        "unit_class": "dynBase_ammunition_storage_square",
        "objLayer": 2,
        "props": {
          "army": 2,
          "active": false
        }
      },
      {
        "name": "bdt_t2_bomb_object_09",
        "tm": [
          [
            0.924848,
            0.0,
            -0.380342
          ],
          [
            0.0,
            1.0,
            0.0
          ],
          [
            0.380342,
            0.0,
            0.924848
          ],
          [
            -26268.6,
            2205.5,
            -18006.9
          ]
        ],
        "unit_class": "dynBase_field_camp_square",
        "objLayer": 2,
        "props": {
          "army": 2,
          "active": false
        }
      },
      {
        "name": "bdt_t2_bomb_object_10",
        "tm": [
          [
            0.924848,
            0.0,
            -0.380342
          ],
          [
            0.0,
            1.0,
            0.0
          ],
          [
            0.380342,
            0.0,
            0.924848
          ],
          [
            -21188.8,
            1921.25,
            -11156.8
          ]
        ],
        "unit_class": "dynBase_oil_storage_small_square",
        "objLayer": 2,
        "props": {
          "army": 2,
          "active": false
        }
      }
    ]
  },
  "areas": {
    "bdt_t2_bomb_zone_01": {
      "type": "Sphere",
      "tm": [
        [
          -9.60175,
          0.0,
          -449.899
        ],
        [
          0.0,
          450.0,
          0.0
        ],
        [
          449.899,
          0.0,
          -9.60175
        ],
        [
          -13052.2,
          1577.11,
          -6200.35
        ]
      ],
      "objLayer": 0,
      "props": {}
    },
    "bdt_t2_bomb_zone_02": {
      "type": "Sphere",
      "tm": [
        [
          40.3551,
          0.0,
          -448.188
        ],
        [
          0.0,
          450.0,
          0.0
        ],
        [
          448.188,
          0.0,
          40.3551
        ],
        [
          -23399.8,
          2023.37,
          -14642.7
        ]
      ],
      "objLayer": 0,
      "props": {}
    },
    "bdt_t2_bomb_zone_03": {
      "type": "Sphere",
      "tm": [
        [
          416.179,
          0.0,
          -171.155
        ],
        [
          0.0,
          450.0,
          0.0
        ],
        [
          171.155,
          0.0,
          416.179
        ],
        [
          -23352.5,
          1956.55,
          -20451.2
        ]
      ],
      "objLayer": 0,
      "props": {}
    },
    "bdt_t1_bomb_zone_01": {
      "type": "Sphere",
      "tm": [
        [
          184.69,
          0.0,
          -410.352
        ],
        [
          0.0,
          450.0,
          0.0
        ],
        [
          410.352,
          0.0,
          184.69
        ],
        [
          937.23,
          1908.24,
          -21399.7
        ]
      ],
      "objLayer": 0,
      "props": {}
    },
    "bdt_t1_bomb_zone_02": {
      "type": "Sphere",
      "tm": [
        [
          365.123,
          0.0,
          -263.029
        ],
        [
          0.0,
          450.0,
          0.0
        ],
        [
          263.029,
          0.0,
          365.123
        ],
        [
          -2134.86,
          1954.2,
          -13721.9
        ]
      ],
      "objLayer": 0,
      "props": {}
    },
    "bdt_t1_bomb_zone_03": {
      "type": "Sphere",
      "tm": [
        [
          346.55,
          0.0,
          -287.057
        ],
        [
          0.0,
          450.0,
          0.0
        ],
        [
          287.057,
          0.0,
          346.55
        ],
        [
          -8971.31,
          1570.47,
          -27613.8
        ]
      ],
      "objLayer": 0,
      "props": {}
    },
    "bdt_t2_bomb_zone_04": {
      "type": "Sphere",
      "tm": [
        [
          250.185,
          0.0,
          -374.041
        ],
        [
          0.0,
          450.0,
          0.0
        ],
        [
          374.041,
          0.0,
          250.185
        ],
        [
          -17075.6,
          1730.67,
          -4113.65
        ]
      ],
      "objLayer": 0,
      "props": {}
    },
    "bdt_t1_bomb_zone_04": {
      "type": "Sphere",
      "tm": [
        [
          346.55,
          0.0,
          -287.057
        ],
        [
          0.0,
          450.0,
          0.0
        ],
        [
          287.057,
          0.0,
          346.55
        ],
        [
          -16668.9,
          1650.07,
          -27706.2
        ]
      ],
      "objLayer": 0,
      "props": {}
    },
    "bdt_t2_bomb_zone_01_aaa_point_01": {
      "type": "Point",
      "tm": [
        [
          0.540793,
          0.0,
          -0.841154
        ],
        [
          0.0,
          1.0,
          0.0
        ],
        [
          0.841154,
          0.0,
          0.540793
        ],
        [
          -13226.0,
          1579.24,
          -6343.91
        ]
      ],
      "objLayer": 0,
      "props": {}
    },
    "bdt_t2_bomb_zone_01_aaa_point_02": {
      "type": "Point",
      "tm": [
        [
          0.540793,
          0.0,
          -0.841154
        ],
        [
          0.0,
          1.0,
          0.0
        ],
        [
          0.841154,
          0.0,
          0.540793
        ],
        [
          -12909.1,
          1578.87,
          -5945.61
        ]
      ],
      "objLayer": 0,
      "props": {}
    },
    "bdt_t2_bomb_zone_01_aaa_point_03": {
      "type": "Point",
      "tm": [
        [
          0.540793,
          0.0,
          -0.841154
        ],
        [
          0.0,
          1.0,
          0.0
        ],
        [
          0.841154,
          0.0,
          0.540793
        ],
        [
          -12838.1,
          1577.45,
          -6041.12
        ]
      ],
      "objLayer": 0,
      "props": {}
    },
    "bdt_t2_bomb_zone_01_aaa_point_04": {
      "type": "Point",
      "tm": [
        [
          0.540793,
          0.0,
          -0.841154
        ],
        [
          0.0,
          1.0,
          0.0
        ],
        [
          0.841154,
          0.0,
          0.540793
        ],
        [
          -12610.2,
          1573.71,
          -6352.02
        ]
      ],
      "objLayer": 0,
      "props": {}
    },
    "bdt_t2_bomb_zone_02_aaa_point_01": {
      "type": "Point",
      "tm": [
        [
          0.630748,
          0.0,
          -0.775985
        ],
        [
          0.0,
          1.0,
          0.0
        ],
        [
          0.775985,
          0.0,
          0.630748
        ],
        [
          -23641.1,
          2020.73,
          -14582.8
        ]
      ],
      "objLayer": 0,
      "props": {}
    },
    "bdt_t2_bomb_zone_02_aaa_point_02": {
      "type": "Point",
      "tm": [
        [
          0.630748,
          0.0,
          -0.775985
        ],
        [
          0.0,
          1.0,
          0.0
        ],
        [
          0.775985,
          0.0,
          0.630748
        ],
        [
          -23110.0,
          2022.57,
          -14490.9
        ]
      ],
      "objLayer": 0,
      "props": {}
    },
    "bdt_t2_bomb_zone_02_aaa_point_03": {
      "type": "Point",
      "tm": [
        [
          0.630748,
          0.0,
          -0.775985
        ],
        [
          0.0,
          1.0,
          0.0
        ],
        [
          0.775985,
          0.0,
          0.630748
        ],
        [
          -23477.1,
          2026.38,
          -14374.0
        ]
      ],
      "objLayer": 0,
      "props": {}
    },
    "bdt_t2_bomb_zone_02_aaa_point_04": {
      "type": "Point",
      "tm": [
        [
          0.630748,
          0.0,
          -0.775985
        ],
        [
          0.0,
          1.0,
          0.0
        ],
        [
          0.775985,
          0.0,
          0.630748
        ],
        [
          -23287.7,
          2020.66,
          -14842.8
        ]
      ],
      "objLayer": 0,
      "props": {}
    },
    "bdt_t2_bomb_zone_03_aaa_point_01": {
      "type": "Point",
      "tm": [
        [
          0.630748,
          0.0,
          -0.775985
        ],
        [
          0.0,
          1.0,
          0.0
        ],
        [
          0.775985,
          0.0,
          0.630748
        ],
        [
          -23549.7,
          1959.35,
          -20674.4
        ]
      ],
      "objLayer": 0,
      "props": {}
    },
    "bdt_t2_bomb_zone_03_aaa_point_02": {
      "type": "Point",
      "tm": [
        [
          0.630748,
          0.0,
          -0.775985
        ],
        [
          0.0,
          1.0,
          0.0
        ],
        [
          0.775985,
          0.0,
          0.630748
        ],
        [
          -23072.6,
          1953.29,
          -20365.8
        ]
      ],
      "objLayer": 0,
      "props": {}
    },
    "bdt_t2_bomb_zone_03_aaa_point_03": {
      "type": "Point",
      "tm": [
        [
          0.630748,
          0.0,
          -0.775985
        ],
        [
          0.0,
          1.0,
          0.0
        ],
        [
          0.775985,
          0.0,
          0.630748
        ],
        [
          -23280.1,
          1953.68,
          -20139.0
        ]
      ],
      "objLayer": 0,
      "props": {}
    },
    "bdt_t2_bomb_zone_03_aaa_point_04": {
      "type": "Point",
      "tm": [
        [
          0.630748,
          0.0,
          -0.775985
        ],
        [
          0.0,
          1.0,
          0.0
        ],
        [
          0.775985,
          0.0,
          0.630748
        ],
        [
          -23651.8,
          1959.21,
          -20469.0
        ]
      ],
      "objLayer": 0,
      "props": {}
    },
    "bdt_t2_bomb_zone_04_aaa_point_01": {
      "type": "Point",
      "tm": [
        [
          0.540793,
          0.0,
          -0.841154
        ],
        [
          0.0,
          1.0,
          0.0
        ],
        [
          0.841154,
          0.0,
          0.540793
        ],
        [
          -16752.2,
          1726.52,
          -4190.21
        ]
      ],
      "objLayer": 0,
      "props": {}
    },
    "bdt_t2_bomb_zone_04_aaa_point_02": {
      "type": "Point",
      "tm": [
        [
          0.540793,
          0.0,
          -0.841154
        ],
        [
          0.0,
          1.0,
          0.0
        ],
        [
          0.841154,
          0.0,
          0.540793
        ],
        [
          -17158.0,
          1726.29,
          -3833.44
        ]
      ],
      "objLayer": 0,
      "props": {}
    },
    "bdt_t2_bomb_zone_04_aaa_point_03": {
      "type": "Point",
      "tm": [
        [
          0.540793,
          0.0,
          -0.841154
        ],
        [
          0.0,
          1.0,
          0.0
        ],
        [
          0.841154,
          0.0,
          0.540793
        ],
        [
          -17213.3,
          1726.13,
          -4341.95
        ]
      ],
      "objLayer": 0,
      "props": {}
    },
    "bdt_t2_bomb_zone_04_aaa_point_04": {
      "type": "Point",
      "tm": [
        [
          0.540793,
          0.0,
          -0.841154
        ],
        [
          0.0,
          1.0,
          0.0
        ],
        [
          0.841154,
          0.0,
          0.540793
        ],
        [
          -17322.4,
          1686.38,
          -4123.31
        ]
      ],
      "objLayer": 0,
      "props": {}
    },
    "bdt_t1_bomb_zone_01_aaa_point_01": {
      "type": "Point",
      "tm": [
        [
          0.849817,
          0.0,
          -0.527075
        ],
        [
          0.0,
          1.0,
          0.0
        ],
        [
          0.527075,
          0.0,
          0.849817
        ],
        [
          1158.17,
          1911.62,
          -21526.2
        ]
      ],
      "objLayer": 0,
      "props": {}
    },
    "bdt_t1_bomb_zone_01_aaa_point_02": {
      "type": "Point",
      "tm": [
        [
          0.849817,
          0.0,
          -0.527075
        ],
        [
          0.0,
          1.0,
          0.0
        ],
        [
          0.527075,
          0.0,
          0.849817
        ],
        [
          760.61,
          1905.57,
          -21218.2
        ]
      ],
      "objLayer": 0,
      "props": {}
    },
    "bdt_t1_bomb_zone_01_aaa_point_03": {
      "type": "Point",
      "tm": [
        [
          0.849817,
          0.0,
          -0.527075
        ],
        [
          0.0,
          1.0,
          0.0
        ],
        [
          0.527075,
          0.0,
          0.849817
        ],
        [
          790.48,
          1921.1,
          -21580.9
        ]
      ],
      "objLayer": 0,
      "props": {}
    },
    "bdt_t1_bomb_zone_01_aaa_point_04": {
      "type": "Point",
      "tm": [
        [
          0.849817,
          0.0,
          -0.527075
        ],
        [
          0.0,
          1.0,
          0.0
        ],
        [
          0.527075,
          0.0,
          0.849817
        ],
        [
          690.09,
          1914.34,
          -21375.7
        ]
      ],
      "objLayer": 0,
      "props": {}
    },
    "bdt_t1_bomb_zone_02_aaa_point_01": {
      "type": "Point",
      "tm": [
        [
          0.849817,
          0.0,
          -0.527075
        ],
        [
          0.0,
          1.0,
          0.0
        ],
        [
          0.527075,
          0.0,
          0.849817
        ],
        [
          -1868.8,
          1951.94,
          -13673.2
        ]
      ],
      "objLayer": 0,
      "props": {}
    },
    "bdt_t1_bomb_zone_02_aaa_point_02": {
      "type": "Point",
      "tm": [
        [
          0.849817,
          0.0,
          -0.527075
        ],
        [
          0.0,
          1.0,
          0.0
        ],
        [
          0.527075,
          0.0,
          0.849817
        ],
        [
          -2070.18,
          2021.51,
          -13464.2
        ]
      ],
      "objLayer": 0,
      "props": {}
    },
    "bdt_t1_bomb_zone_02_aaa_point_03": {
      "type": "Point",
      "tm": [
        [
          0.849817,
          0.0,
          -0.527075
        ],
        [
          0.0,
          1.0,
          0.0
        ],
        [
          0.527075,
          0.0,
          0.849817
        ],
        [
          -2424.4,
          1982.63,
          -14067.0
        ]
      ],
      "objLayer": 0,
      "props": {}
    },
    "bdt_t1_bomb_zone_02_aaa_point_04": {
      "type": "Point",
      "tm": [
        [
          0.849817,
          0.0,
          -0.527075
        ],
        [
          0.0,
          1.0,
          0.0
        ],
        [
          0.527075,
          0.0,
          0.849817
        ],
        [
          -2393.7,
          2030.28,
          -13518.7
        ]
      ],
      "objLayer": 0,
      "props": {}
    },
    "bdt_t1_bomb_zone_03_aaa_point_01": {
      "type": "Point",
      "tm": [
        [
          0.786117,
          0.0,
          -0.618076
        ],
        [
          0.0,
          1.0,
          0.0
        ],
        [
          0.618076,
          0.0,
          0.786117
        ],
        [
          -9273.65,
          1574.84,
          -27671.0
        ]
      ],
      "objLayer": 0,
      "props": {}
    },
    "bdt_t1_bomb_zone_03_aaa_point_02": {
      "type": "Point",
      "tm": [
        [
          0.786117,
          0.0,
          -0.618076
        ],
        [
          0.0,
          1.0,
          0.0
        ],
        [
          0.618076,
          0.0,
          0.786117
        ],
        [
          -8736.58,
          1567.53,
          -27554.3
        ]
      ],
      "objLayer": 0,
      "props": {}
    },
    "bdt_t1_bomb_zone_03_aaa_point_03": {
      "type": "Point",
      "tm": [
        [
          0.786117,
          0.0,
          -0.618076
        ],
        [
          0.0,
          1.0,
          0.0
        ],
        [
          0.618076,
          0.0,
          0.786117
        ],
        [
          -8909.01,
          1574.29,
          -27333.8
        ]
      ],
      "objLayer": 0,
      "props": {}
    },
    "bdt_t1_bomb_zone_03_aaa_point_04": {
      "type": "Point",
      "tm": [
        [
          0.786117,
          0.0,
          -0.618076
        ],
        [
          0.0,
          1.0,
          0.0
        ],
        [
          0.618076,
          0.0,
          0.786117
        ],
        [
          -8932.08,
          1572.09,
          -27871.8
        ]
      ],
      "objLayer": 0,
      "props": {}
    },
    "bdt_t1_bomb_zone_04_aaa_point_01": {
      "type": "Point",
      "tm": [
        [
          0.786117,
          0.0,
          -0.618076
        ],
        [
          0.0,
          1.0,
          0.0
        ],
        [
          0.618076,
          0.0,
          0.786117
        ],
        [
          -16526.1,
          1652.26,
          -27988.9
        ]
      ],
      "objLayer": 0,
      "props": {}
    },
    "bdt_t1_bomb_zone_04_aaa_point_02": {
      "type": "Point",
      "tm": [
        [
          0.786117,
          0.0,
          -0.618076
        ],
        [
          0.0,
          1.0,
          0.0
        ],
        [
          0.618076,
          0.0,
          0.786117
        ],
        [
          -16416.9,
          1650.18,
          -27686.9
        ]
      ],
      "objLayer": 0,
      "props": {}
    },
    "bdt_t1_bomb_zone_04_aaa_point_03": {
      "type": "Point",
      "tm": [
        [
          0.786117,
          0.0,
          -0.618076
        ],
        [
          0.0,
          1.0,
          0.0
        ],
        [
          0.618076,
          0.0,
          0.786117
        ],
        [
          -16853.4,
          1651.11,
          -27931.0
        ]
      ],
      "objLayer": 0,
      "props": {}
    },
    "bdt_t1_bomb_zone_04_aaa_point_04": {
      "type": "Point",
      "tm": [
        [
          0.786117,
          0.0,
          -0.618076
        ],
        [
          0.0,
          1.0,
          0.0
        ],
        [
          0.618076,
          0.0,
          0.786117
        ],
        [
          -16623.5,
          1649.53,
          -27395.5
        ]
      ],
      "objLayer": 0,
      "props": {}
    },
    "bdt_t1_bomb_zone_05": {
      "type": "Sphere",
      "tm": [
        [
          346.55,
          0.0,
          -287.057
        ],
        [
          0.0,
          450.0,
          0.0
        ],
        [
          287.057,
          0.0,
          346.55
        ],
        [
          -14755.8,
          1546.82,
          -30617.3
        ]
      ],
      "objLayer": 0,
      "props": {}
    },
    "bdt_t1_bomb_zone_06": {
      "type": "Sphere",
      "tm": [
        [
          346.55,
          0.0,
          -287.057
        ],
        [
          0.0,
          450.0,
          0.0
        ],
        [
          287.057,
          0.0,
          346.55
        ],
        [
          -8932.92,
          1529.35,
          -30870.4
        ]
      ],
      "objLayer": 0,
      "props": {}
    },
    "bdt_t1_bomb_zone_07": {
      "type": "Sphere",
      "tm": [
        [
          346.55,
          0.0,
          -287.057
        ],
        [
          0.0,
          450.0,
          0.0
        ],
        [
          287.057,
          0.0,
          346.55
        ],
        [
          -11577.9,
          1572.41,
          -27704.7
        ]
      ],
      "objLayer": 0,
      "props": {}
    },
    "bdt_t1_bomb_zone_08": {
      "type": "Sphere",
      "tm": [
        [
          184.69,
          0.0,
          -410.352
        ],
        [
          0.0,
          450.0,
          0.0
        ],
        [
          410.352,
          0.0,
          184.69
        ],
        [
          1352.31,
          2051.36,
          -14781.9
        ]
      ],
      "objLayer": 0,
      "props": {}
    },
    "bdt_t1_bomb_zone_09": {
      "type": "Sphere",
      "tm": [
        [
          184.69,
          0.0,
          -410.352
        ],
        [
          0.0,
          450.0,
          0.0
        ],
        [
          410.352,
          0.0,
          184.69
        ],
        [
          -2993.08,
          1712.34,
          -23474.2
        ]
      ],
      "objLayer": 0,
      "props": {}
    },
    "bdt_t1_bomb_zone_10": {
      "type": "Sphere",
      "tm": [
        [
          184.69,
          0.0,
          -410.352
        ],
        [
          0.0,
          450.0,
          0.0
        ],
        [
          410.352,
          0.0,
          184.69
        ],
        [
          -2353.74,
          1925.15,
          -18107.2
        ]
      ],
      "objLayer": 0,
      "props": {}
    },
    "bdt_t1_bomb_zone_05_aaa_point_01": {
      "type": "Point",
      "tm": [
        [
          0.786117,
          0.0,
          -0.618076
        ],
        [
          0.0,
          1.0,
          0.0
        ],
        [
          0.618076,
          0.0,
          0.786117
        ],
        [
          -14956.3,
          1547.08,
          -30430.5
        ]
      ],
      "objLayer": 0,
      "props": {}
    },
    "bdt_t1_bomb_zone_05_aaa_point_02": {
      "type": "Point",
      "tm": [
        [
          0.786117,
          0.0,
          -0.618076
        ],
        [
          0.0,
          1.0,
          0.0
        ],
        [
          0.618076,
          0.0,
          0.786117
        ],
        [
          -14911.1,
          1546.17,
          -30612.5
        ]
      ],
      "objLayer": 0,
      "props": {}
    },
    "bdt_t1_bomb_zone_05_aaa_point_03": {
      "type": "Point",
      "tm": [
        [
          0.786117,
          0.0,
          -0.618076
        ],
        [
          0.0,
          1.0,
          0.0
        ],
        [
          0.618076,
          0.0,
          0.786117
        ],
        [
          -14552.8,
          1547.38,
          -30821.2
        ]
      ],
      "objLayer": 0,
      "props": {}
    },
    "bdt_t1_bomb_zone_05_aaa_point_04": {
      "type": "Point",
      "tm": [
        [
          0.786117,
          0.0,
          -0.618076
        ],
        [
          0.0,
          1.0,
          0.0
        ],
        [
          0.618076,
          0.0,
          0.786117
        ],
        [
          -14478.8,
          1548.09,
          -30598.4
        ]
      ],
      "objLayer": 0,
      "props": {}
    },
    "bdt_t1_bomb_zone_06_aaa_point_01": {
      "type": "Point",
      "tm": [
        [
          0.786117,
          0.0,
          -0.618076
        ],
        [
          0.0,
          1.0,
          0.0
        ],
        [
          0.618076,
          0.0,
          0.786117
        ],
        [
          -9250.79,
          1524.65,
          -30983.4
        ]
      ],
      "objLayer": 0,
      "props": {}
    },
    "bdt_t1_bomb_zone_06_aaa_point_02": {
      "type": "Point",
      "tm": [
        [
          0.786117,
          0.0,
          -0.618076
        ],
        [
          0.0,
          1.0,
          0.0
        ],
        [
          0.618076,
          0.0,
          0.786117
        ],
        [
          -9221.52,
          1526.9,
          -30721.6
        ]
      ],
      "objLayer": 0,
      "props": {}
    },
    "bdt_t1_bomb_zone_06_aaa_point_03": {
      "type": "Point",
      "tm": [
        [
          0.786117,
          0.0,
          -0.618076
        ],
        [
          0.0,
          1.0,
          0.0
        ],
        [
          0.618076,
          0.0,
          0.786117
        ],
        [
          -8734.06,
          1530.88,
          -30633.8
        ]
      ],
      "objLayer": 0,
      "props": {}
    },
    "bdt_t1_bomb_zone_06_aaa_point_04": {
      "type": "Point",
      "tm": [
        [
          0.786117,
          0.0,
          -0.618076
        ],
        [
          0.0,
          1.0,
          0.0
        ],
        [
          0.618076,
          0.0,
          0.786117
        ],
        [
          -8803.24,
          1526.65,
          -31138.3
        ]
      ],
      "objLayer": 0,
      "props": {}
    },
    "bdt_t1_bomb_zone_07_aaa_point_01": {
      "type": "Point",
      "tm": [
        [
          0.786117,
          0.0,
          -0.618076
        ],
        [
          0.0,
          1.0,
          0.0
        ],
        [
          0.618076,
          0.0,
          0.786117
        ],
        [
          -11298.7,
          1573.72,
          -27591.4
        ]
      ],
      "objLayer": 0,
      "props": {}
    },
    "bdt_t1_bomb_zone_07_aaa_point_02": {
      "type": "Point",
      "tm": [
        [
          0.786117,
          0.0,
          -0.618076
        ],
        [
          0.0,
          1.0,
          0.0
        ],
        [
          0.618076,
          0.0,
          0.786117
        ],
        [
          -11902.8,
          1566.42,
          -27831.5
        ]
      ],
      "objLayer": 0,
      "props": {}
    },
    "bdt_t1_bomb_zone_07_aaa_point_03": {
      "type": "Point",
      "tm": [
        [
          0.786117,
          0.0,
          -0.618076
        ],
        [
          0.0,
          1.0,
          0.0
        ],
        [
          0.618076,
          0.0,
          0.786117
        ],
        [
          -11440.4,
          1561.56,
          -28011.2
        ]
      ],
      "objLayer": 0,
      "props": {}
    },
    "bdt_t1_bomb_zone_07_aaa_point_04": {
      "type": "Point",
      "tm": [
        [
          0.786117,
          0.0,
          -0.618076
        ],
        [
          0.0,
          1.0,
          0.0
        ],
        [
          0.618076,
          0.0,
          0.786117
        ],
        [
          -11511.1,
          1570.99,
          -27308.5
        ]
      ],
      "objLayer": 0,
      "props": {}
    },
    "bdt_t1_bomb_zone_08_aaa_point_01": {
      "type": "Point",
      "tm": [
        [
          0.849817,
          0.0,
          -0.527075
        ],
        [
          0.0,
          1.0,
          0.0
        ],
        [
          0.527075,
          0.0,
          0.849817
        ],
        [
          1445.09,
          1995.2,
          -14485.3
        ]
      ],
      "objLayer": 0,
      "props": {}
    },
    "bdt_t1_bomb_zone_08_aaa_point_02": {
      "type": "Point",
      "tm": [
        [
          0.849817,
          0.0,
          -0.527075
        ],
        [
          0.0,
          1.0,
          0.0
        ],
        [
          0.527075,
          0.0,
          0.849817
        ],
        [
          1051.1,
          2052.56,
          -14728.2
        ]
      ],
      "objLayer": 0,
      "props": {}
    },
    "bdt_t1_bomb_zone_08_aaa_point_03": {
      "type": "Point",
      "tm": [
        [
          0.849817,
          0.0,
          -0.527075
        ],
        [
          0.0,
          1.0,
          0.0
        ],
        [
          0.527075,
          0.0,
          0.849817
        ],
        [
          1218.44,
          2050.13,
          -15113.8
        ]
      ],
      "objLayer": 0,
      "props": {}
    },
    "bdt_t1_bomb_zone_08_aaa_point_04": {
      "type": "Point",
      "tm": [
        [
          0.849817,
          0.0,
          -0.527075
        ],
        [
          0.0,
          1.0,
          0.0
        ],
        [
          0.527075,
          0.0,
          0.849817
        ],
        [
          1586.63,
          2053.25,
          -14920.3
        ]
      ],
      "objLayer": 0,
      "props": {}
    },
    "bdt_t1_bomb_zone_09_aaa_point_01": {
      "type": "Point",
      "tm": [
        [
          0.849817,
          0.0,
          -0.527075
        ],
        [
          0.0,
          1.0,
          0.0
        ],
        [
          0.527075,
          0.0,
          0.849817
        ],
        [
          -3323.04,
          1712.03,
          -23171.2
        ]
      ],
      "objLayer": 0,
      "props": {}
    },
    "bdt_t1_bomb_zone_09_aaa_point_02": {
      "type": "Point",
      "tm": [
        [
          0.849817,
          0.0,
          -0.527075
        ],
        [
          0.0,
          1.0,
          0.0
        ],
        [
          0.527075,
          0.0,
          0.849817
        ],
        [
          -3356.85,
          1703.52,
          -23664.0
        ]
      ],
      "objLayer": 0,
      "props": {}
    },
    "bdt_t1_bomb_zone_09_aaa_point_03": {
      "type": "Point",
      "tm": [
        [
          0.849817,
          0.0,
          -0.527075
        ],
        [
          0.0,
          1.0,
          0.0
        ],
        [
          0.527075,
          0.0,
          0.849817
        ],
        [
          -2788.73,
          1717.73,
          -23020.4
        ]
      ],
      "objLayer": 0,
      "props": {}
    },
    "bdt_t1_bomb_zone_09_aaa_point_04": {
      "type": "Point",
      "tm": [
        [
          0.849817,
          0.0,
          -0.527075
        ],
        [
          0.0,
          1.0,
          0.0
        ],
        [
          0.527075,
          0.0,
          0.849817
        ],
        [
          -2954.32,
