{
  "selected_tag": "",
  "bin_dump_file": "",
  "mission_settings": {
    "player": {
      "army": 1,
      "wing": "ft_armada"
    },
    "player_teamB": {
      "army": 2
    },
    "mission": {
      "type": "singleMission",
      "level": "levels/tunisia.bin",
      "environment": "Day",
      "weather": "hazy",
      "restoreType": "attempts",
      "optionalTakeOff": false
    },
    "spectator_points": {}
  },
  "imports": {
    "import_record": [
      {
        "file": "gamedata/missions/templates/units_sets/airfields_decor/t1_air_radar_usa.blk",
        "importAreas": true,
        "importUnits": true,
        "importTriggers": true,
        "importMissionObjectives": true,
        "importWayPoints": true,
        "importDialogs": true,
        "showAreas": true,
        "showUnits": true,
        "showTriggers": true,
        "showMissionObjectives": true,
        "showWayPoints": true,
        "showDialogs": true,
        "excludes": {}
      },
      {
        "file": "gamedata/missions/templates/units_sets/airfields_decor/t2_air_radar_germ.blk",
        "importAreas": true,
        "importUnits": true,
        "importTriggers": true,
        "importMissionObjectives": true,
        "importWayPoints": true,
        "importDialogs": true,
        "showAreas": true,
        "showUnits": true,
        "showTriggers": true,
        "showMissionObjectives": true,
        "showWayPoints": true,
        "showDialogs": true,
        "excludes": {}
      }
    ]
  },
  "triggers": {
    "isCategory": true,
    "is_enabled": true,
    "fields_high_start": {
      "is_enabled": true,
      "comments": "",
      "props": {
        "actionsType": "PERFORM_ONE_BY_ONE",
        "conditionsType": "ALL",
        "enableAfterComplete": false
      },
      "events": {
        "initMission": {}
      },
      "conditions": {},
      "actions": {
        "varSetInt": [
          {
            "value": 0,
            "var": [
              "ft_t1_max_near_airfields_count",
              "ft_t2_max_near_airfields_count"
            ]
          },
          {
            "value": 0,
            "var": [
              "ft_t1_max_mid_airfields_count",
              "ft_t2_max_mid_airfields_count"
            ]
          },
          {
            "value": 3,
            "var": [
              "ft_t1_max_far_airfields_count",
              "ft_t2_max_far_airfields_count"
            ]
          }
        ],
        "comment": {
          "value": ""
        },
        "varSetReal": {
          "value": 15000.0,
          "var": "ft_generate_distance_between"
        }
      },
      "else_actions": {}
    }
  },
  "mission_objectives": {
    "isCategory": true,
    "is_enabled": true
  },
  "variables": {},
  "dialogs": {},
  "airfields": {},
  "effects": {},
  "units": {
    "squad": [
      {
        "name": "ft_t1_airfields_squad",
        "tm": [
          [
            -1.0,
            0.0,
            -5.96046e-8
          ],
          [
            0.0,
            1.0,
            0.0
          ],
          [
            5.96046e-8,
            0.0,
            -1.0
          ],
          [
            33648.8,
            3.85156,
            -21078.7
          ]
        ],
        "props": {
          "squad_members": [
            "ft_t1_airfield_01_01",
            "ft_t1_airfield_01_02",
            "ft_t1_airfield_01_03",
            "ft_t1_airfield_01_04",
            "ft_t1_airfield_01_05",
            "ft_t1_airfield_02_01",
            "ft_t1_airfield_02_02",
            "ft_t1_airfield_02_03",
            "ft_t1_airfield_02_04",
            "ft_t1_airfield_02_05",
            "ft_t1_airfield_03_01",
            "ft_t1_airfield_03_02",
            "ft_t1_airfield_03_03",
            "ft_t1_airfield_03_04",
            "ft_t1_airfield_03_05"
          ],
          "object_marking": 0
        }
      },
      {
        "name": "ft_t2_airfields_squad",
        "tm": [
          [
            -1.0,
            0.0,
            -5.96046e-8
          ],
          [
            0.0,
            1.0,
            0.0
          ],
          [
            5.96046e-8,
            0.0,
            -1.0
          ],
          [
            31281.2,
            140.346,
            17414.9
          ]
        ],
        "props": {
          "squad_members": [
            "ft_t2_airfield_01_01",
            "ft_t2_airfield_01_02",
            "ft_t2_airfield_01_03",
            "ft_t2_airfield_01_04",
            "ft_t2_airfield_01_05",
            "ft_t2_airfield_02_01",
            "ft_t2_airfield_02_02",
            "ft_t2_airfield_02_03",
            "ft_t2_airfield_02_04",
            "ft_t2_airfield_02_05",
            "ft_t2_airfield_03_01",
            "ft_t2_airfield_03_02",
            "ft_t2_airfield_03_03",
            "ft_t2_airfield_03_04",
            "ft_t2_airfield_03_05"
          ],
          "object_marking": 0
        }
      }
    ],
    "objectGroups": [
      {
        "name": "ft_t1_airfield_03_01",
        "tm": [
          [
            -0.173648,
            0.0,
            -0.984808
          ],
          [
            0.0,
            1.0,
            0.0
          ],
          [
            0.984808,
            0.0,
            -0.173648
          ],
          [
            -22916.8,
            42.4136,
            -14599.6
          ]
        ],
        "unit_class": "dynaf_universal_1line_a",
        "objLayer": 2,
        "props": {
          "army": 1,
          "active": false
        }
      },
      {
        "name": "ft_t1_airfield_03_02",
        "tm": [
          [
            0.0181687,
            0.0,
            -0.999835
          ],
          [
            0.0,
            1.0,
            0.0
          ],
          [
            0.999835,
            0.0,
            0.0181687
          ],
          [
            -7055.53,
            159.883,
            -14389.8
          ]
        ],
        "unit_class": "dynaf_universal_1line_a",
        "objLayer": 2,
        "props": {
          "army": 1,
          "active": false
        }
      },
      {
        "name": "ft_t1_airfield_03_03",
        "tm": [
          [
            0.0493881,
            0.0,
            -0.99878
          ],
          [
            0.0,
            1.0,
            0.0
          ],
          [
            0.99878,
            0.0,
            0.0493881
          ],
          [
            -1016.82,
            166.427,
            -14010.4
          ]
        ],
        "unit_class": "dynaf_universal_1line_a",
        "objLayer": 2,
        "props": {
          "army": 1,
          "active": false
        }
      },
      {
        "name": "ft_t1_airfield_03_04",
        "tm": [
          [
            0.430132,
            0.0,
            -0.902766
          ],
          [
            0.0,
            1.0,
            0.0
          ],
          [
            0.902766,
            0.0,
            0.430132
          ],
          [
            6498.03,
            12.5035,
            -13336.8
          ]
        ],
        "unit_class": "dynaf_universal_1line_a_big",
        "objLayer": 2,
        "props": {
          "army": 1,
          "active": false
        }
      },
      {
        "name": "ft_t1_airfield_02_01",
        "tm": [
          [
            0.353993,
            0.0,
            -0.935248
          ],
          [
            0.0,
            1.0,
            0.0
          ],
          [
            0.935248,
            0.0,
            0.353993
          ],
          [
            9943.92,
            4.62866,
            -20149.8
          ]
        ],
        "unit_class": "dynaf_universal_1line_a_big",
        "objLayer": 2,
        "props": {
          "army": 1,
          "active": false
        }
      },
      {
        "name": "ft_t1_airfield_02_02",
        "tm": [
          [
            -0.0248641,
            0.0,
            -0.999691
          ],
          [
            0.0,
            1.0,
            0.0
          ],
          [
            0.999691,
            0.0,
            -0.0248641
          ],
          [
            -9575.54,
            105.811,
            -21508.3
          ]
        ],
        "unit_class": "dynaf_universal_1line_a",
        "objLayer": 2,
        "props": {
          "army": 1,
          "active": false
        }
      },
      {
        "name": "ft_t1_airfield_02_03",
        "tm": [
          [
            -0.111826,
            0.0,
            -0.993728
          ],
          [
            0.0,
            1.0,
            0.0
          ],
          [
            0.993728,
            0.0,
            -0.111826
          ],
          [
            -19795.8,
            66.2255,
            -21558.5
          ]
        ],
        "unit_class": "dynaf_universal_1line_a_big",
        "objLayer": 2,
        "props": {
          "army": 1,
          "active": false
        }
      },
      {
        "name": "ft_t1_airfield_02_04",
        "tm": [
          [
            -0.258521,
            0.0,
            -0.966006
          ],
          [
            0.0,
            1.0,
            0.0
          ],
          [
            0.966006,
            0.0,
            -0.258521
          ],
          [
            -29099.7,
            56.9681,
            -20701.7
          ]
        ],
        "unit_class": "dynaf_universal_1line_a_big",
        "objLayer": 2,
        "props": {
          "army": 1,
          "active": false
        }
      },
      {
        "name": "ft_t1_airfield_01_01",
        "tm": [
          [
            0.506054,
            0.0,
            -0.862502
          ],
          [
            0.0,
            1.0,
            0.0
          ],
          [
            0.862502,
            0.0,
            0.506054
          ],
          [
            17015.5,
            10.5068,
            -28478.0
          ]
        ],
        "unit_class": "dynaf_pg_1line_3000_sand",
        "objLayer": 2,
        "props": {
          "army": 1,
          "active": false
        }
      },
      {
        "name": "ft_t1_airfield_01_02",
        "tm": [
          [
            -0.209596,
            0.0,
            -0.977788
          ],
          [
            0.0,
            1.0,
            0.0
          ],
          [
            0.977788,
            0.0,
            -0.209596
          ],
          [
            2095.7,
            49.4706,
            -28115.4
          ]
        ],
        "unit_class": "dynaf_pg_1line_3000_sand",
        "objLayer": 2,
        "props": {
          "army": 1,
          "active": false
        }
      },
      {
        "name": "ft_t1_airfield_01_03",
        "tm": [
          [
            -0.0801757,
            0.0,
            -0.996781
          ],
          [
            0.0,
            1.0,
            0.0
          ],
          [
            0.996781,
            0.0,
            -0.0801757
          ],
          [
            -9314.85,
            103.414,
            -28399.7
          ]
        ],
        "unit_class": "dynaf_pg_1line_3000_sand",
        "objLayer": 2,
        "props": {
          "army": 1,
          "active": false
        }
      },
      {
        "name": "ft_t1_airfield_01_04",
        "tm": [
          [
            -0.41626,
            0.0,
            -0.909246
          ],
          [
            0.0,
            1.0,
            0.0
          ],
          [
            0.909246,
            0.0,
            -0.41626
          ],
          [
            -28048.0,
            60.6794,
            -28427.9
          ]
        ],
        "unit_class": "dynaf_pg_1line_3000_sand",
        "objLayer": 2,
        "props": {
          "army": 1,
          "active": false
        }
      },
      {
        "name": "ft_t2_airfield_03_01",
        "tm": [
          [
            0.306609,
            0.0,
            0.951835
          ],
          [
            0.0,
            1.0,
            0.0
          ],
          [
            -0.951835,
            0.0,
            0.306609
          ],
          [
            5509.53,
            5.06458,
            14172.2
          ]
        ],
        "unit_class": "dynaf_universal_1line_c_big",
        "objLayer": 2,
        "props": {
          "army": 2,
          "active": false
        }
      },
      {
        "name": "ft_t2_airfield_03_02",
        "tm": [
          [
            -0.124231,
            0.0,
            0.992254
          ],
          [
            0.0,
            1.0,
            0.0
          ],
          [
            -0.992254,
            0.0,
            -0.124231
          ],
          [
            -5354.94,
            123.846,
            14087.3
          ]
        ],
        "unit_class": "dynaf_universal_1line_c_big",
        "objLayer": 2,
        "props": {
          "army": 2,
          "active": false
        }
      },
      {
        "name": "ft_t2_airfield_03_03",
        "tm": [
          [
            -0.292428,
            0.0,
            0.956288
          ],
          [
            0.0,
            1.0,
            0.0
          ],
          [
            -0.956288,
            0.0,
            -0.292428
          ],
          [
            -12484.0,
            117.359,
            12945.1
          ]
        ],
        "unit_class": "dynaf_universal_1line_c_big",
        "objLayer": 2,
        "props": {
          "army": 2,
          "active": false
        }
      },
      {
        "name": "ft_t2_airfield_03_04",
        "tm": [
          [
            -0.026825,
            0.0,
            0.99964
          ],
          [
            0.0,
            1.0,
            0.0
          ],
          [
            -0.99964,
            0.0,
            -0.026825
          ],
          [
            -18881.4,
            96.9251,
            12773.0
          ]
        ],
        "unit_class": "dynaf_universal_1line_c_big",
        "objLayer": 2,
        "props": {
          "army": 2,
          "active": false
        }
      },
      {
        "name": "ft_t2_airfield_02_01",
        "tm": [
          [
            -0.0481589,
            0.0,
            0.998839
          ],
          [
            0.0,
            1.0,
            0.0
          ],
          [
            -0.998839,
            0.0,
            -0.0481589
          ],
          [
            -28699.9,
            54.7534,
            20638.6
          ]
        ],
        "unit_class": "dynaf_universal_1line_c_big",
        "objLayer": 2,
        "props": {
          "army": 2,
          "active": false
        }
      },
      {
        "name": "ft_t2_airfield_02_02",
        "tm": [
          [
            -0.112069,
            0.0,
            0.9937
          ],
          [
            0.0,
            1.0,
            0.0
          ],
          [
            -0.9937,
            0.0,
            -0.112069
          ],
          [
            -19063.1,
            78.6289,
            20912.8
          ]
        ],
        "unit_class": "dynaf_universal_1line_c_big",
        "objLayer": 2,
        "props": {
          "army": 2,
          "active": false
        }
      },
      {
        "name": "ft_t2_airfield_02_03",
        "tm": [
          [
            0.174741,
            0.0,
            0.984615
          ],
          [
            0.0,
            1.0,
            0.0
          ],
          [
            -0.984615,
            0.0,
            0.174741
          ],
          [
            -6327.09,
            181.142,
            20847.8
          ]
        ],
        "unit_class": "dynaf_universal_1line_c",
        "objLayer": 2,
        "props": {
          "army": 2,
          "active": false
        }
      },
      {
        "name": "ft_t2_airfield_02_04",
        "tm": [
          [
            0.360653,
            0.0,
            0.9327
          ],
          [
            0.0,
            1.0,
            0.0
          ],
          [
            -0.9327,
            0.0,
            0.360653
          ],
          [
            9553.07,
            13.9351,
            21838.2
          ]
        ],
        "unit_class": "dynaf_universal_1line_c",
        "objLayer": 2,
        "props": {
          "army": 2,
          "active": false
        }
      },
      {
        "name": "ft_t2_airfield_01_01",
        "tm": [
          [
            0.497425,
            0.0,
            0.867507
          ],
          [
            0.0,
            1.0,
            0.0
          ],
          [
            -0.867507,
            0.0,
            0.497425
          ],
          [
            20454.8,
            25.6562,
            28905.6
          ]
        ],
        "unit_class": "dynaf_pg_1line_3000_sand",
        "objLayer": 2,
        "props": {
          "army": 2,
          "active": false
        }
      },
      {
        "name": "ft_t2_airfield_01_02",
        "tm": [
          [
            -0.292226,
            0.0,
            0.956349
          ],
          [
            0.0,
            1.0,
            0.0
          ],
          [
            -0.956349,
            0.0,
            -0.292226
          ],
          [
            -27809.8,
            56.1599,
            28426.2
          ]
        ],
        "unit_class": "dynaf_pg_1line_3000_sand",
        "objLayer": 2,
        "props": {
          "army": 2,
          "active": false
        }
      },
      {
        "name": "ft_t2_airfield_01_03",
        "tm": [
          [
            0.0169497,
            0.0,
            0.999856
          ],
          [
            0.0,
            1.0,
            0.0
          ],
          [
            -0.999856,
            0.0,
            0.0169497
          ],
          [
            -8919.69,
            65.5664,
            28499.0
          ]
        ],
        "unit_class": "dynaf_pg_1line_3000_sand",
        "objLayer": 2,
        "props": {
          "army": 2,
          "active": false
        }
      },
      {
        "name": "ft_t2_airfield_01_04",
        "tm": [
          [
            -0.0106404,
            0.0,
            0.999943
          ],
          [
            0.0,
            1.0,
            0.0
          ],
          [
            -0.999943,
            0.0,
            -0.0106404
          ],
          [
            1071.72,
            79.2542,
            28418.8
          ]
        ],
        "unit_class": "dynaf_pg_1line_3000_sand",
        "objLayer": 2,
        "props": {
          "army": 2,
          "active": false
        }
      },
      {
        "name": "ft_t2_airfield_01_05",
        "tm": [
          [
            -0.0106404,
            0.0,
            0.999943
          ],
          [
            0.0,
            1.0,
            0.0
          ],
          [
            -0.999943,
            0.0,
            -0.0106404
          ],
          [
            11414.8,
            10.1211,
            28332.9
          ]
        ],
        "unit_class": "dynaf_pg_1line_3000_sand",
        "objLayer": 2,
        "props": {
          "army": 2,
          "active": false
        }
      },
      {
        "name": "ft_t2_airfield_02_05",
        "tm": [
          [
            0.00983477,
            0.0,
            0.999952
          ],
          [
            0.0,
            1.0,
            0.0
          ],
          [
            -0.999952,
            0.0,
            0.00983477
          ],
          [
            3031.41,
            58.129,
            21606.9
          ]
        ],
        "unit_class": "dynaf_universal_1line_c",
        "objLayer": 2,
        "props": {
          "army": 2,
          "active": false
        }
      },
      {
        "name": "ft_t2_airfield_03_05",
        "tm": [
          [
            -0.026825,
            0.0,
            0.99964
          ],
          [
            0.0,
            1.0,
            0.0
          ],
          [
            -0.99964,
            0.0,
            -0.026825
          ],
          [
            -28965.2,
            57.1506,
            13079.3
          ]
        ],
        "unit_class": "dynaf_universal_1line_c_big",
        "objLayer": 2,
        "props": {
          "army": 2,
          "active": false
        }
      },
      {
        "name": "ft_t1_airfield_01_05",
        "tm": [
          [
            0.00290248,
            0.0,
            -0.999996
          ],
          [
            0.0,
            1.0,
            0.0
          ],
          [
            0.999996,
            0.0,
            0.00290248
          ],
          [
            -19965.1,
            76.688,
            -28647.3
          ]
        ],
        "unit_class": "dynaf_pg_1line_3000_sand",
        "objLayer": 2,
        "props": {
          "army": 1,
          "active": false
        }
      },
      {
        "name": "ft_t1_airfield_02_05",
        "tm": [
          [
            -0.013129,
            0.0,
            -0.999914
          ],
          [
            0.0,
            1.0,
            0.0
          ],
          [
            0.999914,
            0.0,
            -0.013129
          ],
          [
            2580.99,
            152.168,
            -21083.8
          ]
        ],
        "unit_class": "dynaf_universal_1line_a",
        "objLayer": 2,
        "props": {
          "army": 1,
          "active": false
        }
      },
      {
        "name": "ft_t1_airfield_03_05",
        "tm": [
          [
            -0.173648,
            0.0,
            -0.984808
          ],
          [
            0.0,
            1.0,
            0.0
          ],
          [
            0.984808,
            0.0,
            -0.173648
          ],
          [
            -13490.8,
            65.366,
            -13598.9
          ]
        ],
        "unit_class": "dynaf_universal_1line_a",
        "objLayer": 2,
        "props": {
          "army": 1,
          "active": false
        }
      }
    ]
  },
  "areas": {
    "flt_center_mid_area": {
      "type": "Box",
      "tm": [
        [
          75000.0,
          0.0,
          0.0
        ],
        [
          0.0,
          126.12,
          0.0
        ],
        [
          0.0,
          0.0,
          20000.0
        ],
        [
          0.0,
          0.0,
          0.0
        ]
      ],
      "objLayer": 4,
      "props": {}
    },
    "flt_mid_border": {
      "type": "Box",
      "tm": [
        [
          62000.0,
          0.0,
          0.0
        ],
        [
          0.0,
          126.12,
          0.0
        ],
        [
          0.0,
          0.0,
          62000.0
        ],
        [
          0.0,
          0.0,
          0.0
        ]
      ],
      "objLayer": 4,
      "props": {}
    },
    "ft_t1_airfield_03_01_bomb_zone": {
      "type": "Box",
      "tm": [
        [
          -532.453,
          0.0,
          -3155.39
        ],
        [
          0.0,
          450.0,
          0.0
        ],
        [
          1479.09,
          0.0,
          -249.589
        ],
        [
          -22916.8,
          -8.09662,
          -14599.6
        ]
      ],
      "objLayer": 0,
      "props": {}
    },
    "ft_t1_airfield_03_01_spawn_01": {
      "type": "Point",
      "tm": [
        [
          1.0,
          0.0,
          0.0
        ],
        [
          0.0,
          1.0,
          0.0
        ],
        [
          0.0,
          0.0,
          1.0
        ],
        [
          -23279.8,
          5.81497,
          -13444.5
        ]
      ],
      "objLayer": 0,
      "props": {}
    },
    "ft_t1_airfield_03_01_spawn_02": {
      "type": "Point",
      "tm": [
        [
          1.0,
          0.0,
          0.0
        ],
        [
          0.0,
          1.0,
          0.0
        ],
        [
          0.0,
          0.0,
          1.0
        ],
        [
          -23289.6,
          14.6532,
          -13745.9
        ]
      ],
      "objLayer": 0,
      "props": {}
    },
    "ft_t1_airfield_03_01_spawn_03": {
      "type": "Point",
      "tm": [
        [
          1.0,
          0.0,
          0.0
        ],
        [
          0.0,
          1.0,
          0.0
        ],
        [
          0.0,
          0.0,
          1.0
        ],
        [
          -23332.2,
          28.5658,
          -13997.5
        ]
      ],
      "objLayer": 0,
      "props": {}
    },
    "ft_t1_airfield_03_01_spawn_04": {
      "type": "Point",
      "tm": [
        [
          1.0,
          0.0,
          0.0
        ],
        [
          0.0,
          1.0,
          0.0
        ],
        [
          0.0,
          0.0,
          1.0
        ],
        [
          -23371.5,
          35.7912,
          -14366.4
        ]
      ],
      "objLayer": 0,
      "props": {}
    },
    "ft_t1_airfield_03_01_spawn_05": {
      "type": "Point",
      "tm": [
        [
          1.0,
          0.0,
          0.0
        ],
        [
          0.0,
          1.0,
          0.0
        ],
        [
          0.0,
          0.0,
          1.0
        ],
        [
          -23438.6,
          35.8676,
          -14744.7
        ]
      ],
      "objLayer": 0,
      "props": {}
    },
    "ft_t1_airfield_03_01_spawn_06": {
      "type": "Point",
      "tm": [
        [
          1.0,
          0.0,
          0.0
        ],
        [
          0.0,
          1.0,
          0.0
        ],
        [
          0.0,
          0.0,
          1.0
        ],
        [
          -23468.9,
          54.8174,
          -15006.9
        ]
      ],
      "objLayer": 0,
      "props": {}
    },
    "ft_t1_airfield_03_01_spawn_07": {
      "type": "Point",
      "tm": [
        [
          1.0,
          0.0,
          0.0
        ],
        [
          0.0,
          1.0,
          0.0
        ],
        [
          0.0,
          0.0,
          1.0
        ],
        [
          -23517.5,
          36.4914,
          -15361.7
        ]
      ],
      "objLayer": 0,
      "props": {}
    },
    "ft_t1_airfield_03_01_spawn_08": {
      "type": "Point",
      "tm": [
        [
          1.0,
          0.0,
          0.0
        ],
        [
          0.0,
          1.0,
          0.0
        ],
        [
          0.0,
          0.0,
          1.0
        ],
        [
          -22506.5,
          50.5635,
          -15621.5
        ]
      ],
      "objLayer": 0,
      "props": {}
    },
    "ft_t1_airfield_03_01_spawn_09": {
      "type": "Point",
      "tm": [
        [
          1.0,
          0.0,
          0.0
        ],
        [
          0.0,
          1.0,
          0.0
        ],
        [
          0.0,
          0.0,
          1.0
        ],
        [
          -22473.4,
          50.5061,
          -15433.3
        ]
      ],
      "objLayer": 0,
      "props": {}
    },
    "ft_t1_airfield_03_01_spawn_10": {
      "type": "Point",
      "tm": [
        [
          1.0,
          0.0,
          0.0
        ],
        [
          0.0,
          1.0,
          0.0
        ],
        [
          0.0,
          0.0,
          1.0
        ],
        [
          -22399.0,
          50.517,
          -15084.8
        ]
      ],
      "objLayer": 0,
      "props": {}
    },
    "ft_t1_airfield_03_01_spawn_11": {
      "type": "Point",
      "tm": [
        [
          1.0,
          0.0,
          0.0
        ],
        [
          0.0,
          1.0,
          0.0
        ],
        [
          0.0,
          0.0,
          1.0
        ],
        [
          -22337.0,
          50.5836,
          -14776.9
        ]
      ],
      "objLayer": 0,
      "props": {}
    },
    "ft_t1_airfield_03_01_spawn_12": {
      "type": "Point",
      "tm": [
        [
          1.0,
          0.0,
          0.0
        ],
        [
          0.0,
          1.0,
          0.0
        ],
        [
          0.0,
          0.0,
          1.0
        ],
        [
          -22261.7,
          51.1367,
          -14407.8
        ]
      ],
      "objLayer": 0,
      "props": {}
    },
    "ft_t1_airfield_03_01_spawn_13": {
      "type": "Point",
      "tm": [
        [
          1.0,
          0.0,
          0.0
        ],
        [
          0.0,
          1.0,
          0.0
        ],
        [
          0.0,
          0.0,
          1.0
        ],
        [
          -22183.3,
          52.5325,
          -14076.0
        ]
      ],
      "objLayer": 0,
      "props": {}
    },
    "ft_t1_airfield_03_01_spawn_14": {
      "type": "Point",
      "tm": [
        [
          1.0,
          0.0,
          0.0
        ],
        [
          0.0,
          1.0,
          0.0
        ],
        [
          0.0,
          0.0,
          1.0
        ],
        [
          -22108.9,
          53.332,
          -13767.9
        ]
      ],
      "objLayer": 0,
      "props": {}
    },
    "ft_t1_airfield_03_02_bomb_zone": {
      "type": "Box",
      "tm": [
        [
          -103.659,
          0.0,
          3198.32
        ],
        [
          0.0,
          450.0,
          0.0
        ],
        [
          -1499.21,
          0.0,
          -48.591
        ],
        [
          -7055.54,
          109.385,
          -14389.9
        ]
      ],
      "objLayer": 0,
      "props": {}
    },
    "ft_t1_airfield_03_02_spawn_01": {
      "type": "Point",
      "tm": [
        [
          0.98149,
          0.0,
          0.191512
        ],
        [
          0.0,
          1.0,
          0.0
        ],
        [
          -0.191512,
          0.0,
          0.98149
        ],
        [
          -6509.26,
          160.537,
          -15292.2
        ]
      ],
      "objLayer": 0,
      "props": {}
    },
    "ft_t1_airfield_03_02_spawn_02": {
      "type": "Point",
      "tm": [
        [
          0.98149,
          0.0,
          0.191512
        ],
        [
          0.0,
          1.0,
          0.0
        ],
        [
          -0.191512,
          0.0,
          0.98149
        ],
        [
          -6426.79,
          160.528,
          -15046.3
        ]
      ],
      "objLayer": 0,
      "props": {}
    },
    "ft_t1_airfield_03_02_spawn_03": {
      "type": "Point",
      "tm": [
        [
          0.98149,
          0.0,
          0.191512
        ],
        [
          0.0,
          1.0,
          0.0
        ],
        [
          -0.191512,
          0.0,
          0.98149
        ],
        [
          -6534.46,
          160.286,
          -14821.0
        ]
      ],
      "objLayer": 0,
      "props": {}
    },
    "ft_t1_airfield_03_02_spawn_04": {
      "type": "Point",
      "tm": [
        [
          0.98149,
          0.0,
          0.191512
        ],
        [
          0.0,
          1.0,
          0.0
        ],
        [
          -0.191512,
          0.0,
          0.98149
        ],
        [
          -6418.3,
          160.335,
          -14567.3
        ]
      ],
      "objLayer": 0,
      "props": {}
    },
    "ft_t1_airfield_03_02_spawn_05": {
      "type": "Point",
      "tm": [
        [
          0.98149,
          0.0,
          0.191512
        ],
        [
          0.0,
          1.0,
          0.0
        ],
        [
          -0.191512,
          0.0,
          0.98149
        ],
        [
          -6542.39,
          160.481,
          -14281.6
        ]
      ],
      "objLayer": 0,
      "props": {}
    },
    "ft_t1_airfield_03_02_spawn_06": {
      "type": "Point",
      "tm": [
        [
          0.98149,
          0.0,
          0.191512
        ],
        [
          0.0,
          1.0,
          0.0
        ],
        [
          -0.191512,
          0.0,
          0.98149
        ],
        [
          -6377.44,
          161.688,
          -14006.6
        ]
      ],
      "objLayer": 0,
      "props": {}
    },
    "ft_t1_airfield_03_02_spawn_07": {
      "type": "Point",
      "tm": [
        [
          0.98149,
          0.0,
          0.191512
        ],
        [
          0.0,
          1.0,
          0.0
        ],
        [
          -0.191512,
          0.0,
          0.98149
        ],
        [
          -6544.72,
          160.32,
          -13657.0
        ]
      ],
      "objLayer": 0,
      "props": {}
    },
    "ft_t1_airfield_03_02_spawn_08": {
      "type": "Point",
      "tm": [
        [
          0.98149,
          0.0,
          0.191512
        ],
        [
          0.0,
          1.0,
          0.0
        ],
        [
          -0.191512,
          0.0,
          0.98149
        ],
        [
          -7630.5,
          159.927,
          -13537.0
        ]
      ],
      "objLayer": 0,
      "props": {}
    },
    "ft_t1_airfield_03_02_spawn_09": {
      "type": "Point",
      "tm": [
        [
          0.98149,
          0.0,
          0.191512
        ],
        [
          0.0,
          1.0,
          0.0
        ],
        [
          -0.191512,
          0.0,
          0.98149
        ],
        [
          -7545.58,
          159.426,
          -13797.9
        ]
      ],
      "objLayer": 0,
      "props": {}
    },
    "ft_t1_airfield_03_02_spawn_10": {
      "type": "Point",
      "tm": [
        [
          0.98149,
          0.0,
          0.191512
        ],
        [
          0.0,
          1.0,
          0.0
        ],
        [
          -0.191512,
          0.0,
          0.98149
        ],
        [
          -7652.05,
          158.493,
          -14087.4
        ]
      ],
      "objLayer": 0,
      "props": {}
    },
    "ft_t1_airfield_03_02_spawn_11": {
      "type": "Point",
      "tm": [
        [
          0.98149,
          0.0,
          0.191512
        ],
        [
          0.0,
          1.0,
          0.0
        ],
        [
          -0.191512,
          0.0,
          0.98149
        ],
        [
          -7528.4,
          158.38,
          -14316.0
        ]
      ],
      "objLayer": 0,
      "props": {}
    },
    "ft_t1_airfield_03_02_spawn_12": {
      "type": "Point",
      "tm": [
        [
          0.98149,
          0.0,
          0.191512
        ],
        [
          0.0,
          1.0,
          0.0
        ],
        [
          -0.191512,
          0.0,
          0.98149
        ],
        [
          -7611.72,
          157.482,
          -14573.4
        ]
      ],
      "objLayer": 0,
      "props": {}
    },
    "ft_t1_airfield_03_02_spawn_13": {
      "type": "Point",
      "tm": [
        [
          0.98149,
          0.0,
          0.191512
        ],
        [
          0.0,
          1.0,
          0.0
        ],
        [
          -0.191512,
          0.0,
          0.98149
        ],
        [
          -7503.66,
          158.22,
          -14809.0
        ]
      ],
      "objLayer": 0,
      "props": {}
    },
    "ft_t1_airfield_03_02_spawn_14": {
      "type": "Point",
      "tm": [
        [
          0.98149,
          0.0,
          0.191512
        ],
        [
          0.0,
          1.0,
          0.0
        ],
        [
          -0.191512,
          0.0,
          0.98149
        ],
        [
          -7604.87,
          157.618,
          -15134.0
        ]
      ],
      "objLayer": 0,
      "props": {}
    },
    "ft_t1_airfield_03_03_bomb_zone": {
      "type": "Box",
      "tm": [
        [
          150.026,
          0.0,
          -3196.48
        ],
        [
          0.0,
          450.0,
          0.0
        ],
        [
          1498.35,
          0.0,
          70.3236
        ],
        [
          -1016.86,
          115.924,
          -14010.4
        ]
      ],
      "objLayer": 0,
      "props": {}
    },
    "ft_t1_airfield_03_03_spawn_01": {
      "type": "Point",
      "tm": [
        [
          0.97503,
          0.0,
          0.222074
        ],
        [
          0.0,
          1.0,
          0.0
        ],
        [
          -0.222074,
          0.0,
          0.97503
        ],
        [
          -1609.11,
          161.847,
          -13059.5
        ]
      ],
      "objLayer": 0,
      "props": {}
    },
    "ft_t1_airfield_03_03_spawn_02": {
      "type": "Point",
      "tm": [
        [
          0.97503,
          0.0,
          0.222074
        ],
        [
          0.0,
          1.0,
          0.0
        ],
        [
          -0.222074,
          0.0,
          0.97503
        ],
        [
          -1679.66,
          165.097,
          -13359.1
        ]
      ],
      "objLayer": 0,
      "props": {}
    },
    "ft_t1_airfield_03_03_spawn_03": {
      "type": "Point",
      "tm": [
        [
          0.97503,
          0.0,
          0.222074
        ],
        [
          0.0,
          1.0,
          0.0
        ],
        [
          -0.222074,
          0.0,
          0.97503
        ],
        [
          -1574.05,
          166.0,
          -13611.4
        ]
      ],
      "objLayer": 0,
      "props": {}
    },
    "ft_t1_airfield_03_03_spawn_04": {
      "type": "Point",
      "tm": [
        [
          0.97503,
          0.0,
          0.222074
        ],
        [
          0.0,
          1.0,
          0.0
        ],
        [
          -0.222074,
          0.0,
          0.97503
        ],
        [
          -1649.63,
          166.09,
          -13849.2
        ]
      ],
      "objLayer": 0,
      "props": {}
    },
    "ft_t1_airfield_03_03_spawn_05": {
      "type": "Point",
      "tm": [
        [
          0.97503,
          0.0,
          0.222074
        ],
        [
          0.0,
          1.0,
          0.0
        ],
        [
          -0.222074,
          0.0,
          0.97503
        ],
        [
          -1528.17,
          166.134,
          -14148.1
        ]
      ],
      "objLayer": 0,
      "props": {}
    },
    "ft_t1_airfield_03_03_spawn_06": {
      "type": "Point",
      "tm": [
        [
          0.97503,
          0.0,
          0.222074
        ],
        [
          0.0,
          1.0,
          0.0
        ],
        [
          -0.222074,
          0.0,
          0.97503
        ],
        [
          -1600.33,
          166.896,
          -14359.2
        ]
      ],
      "objLayer": 0,
      "props": {}
    },
    "ft_t1_airfield_03_03_spawn_07": {
      "type": "Point",
      "tm": [
        [
          0.97503,
          0.0,
          0.222074
        ],
        [
          0.0,
          1.0,
          0.0
        ],
        [
          -0.222074,
          0.0,
          0.97503
        ],
        [
          -1472.0,
          169.781,
          -14671.9
        ]
      ],
      "objLayer": 0,
      "props": {}
    },
    "ft_t1_airfield_03_03_spawn_08": {
      "type": "Point",
      "tm": [
        [
          0.97503,
          0.0,
          0.222074
        ],
        [
          0.0,
          1.0,
          0.0
        ],
        [
          -0.222074,
          0.0,
          0.97503
        ],
        [
          -514.59,
          169.641,
          -14879.7
        ]
      ],
      "objLayer": 0,
      "props": {}
    },
    "ft_t1_airfield_03_03_spawn_09": {
      "type": "Point",
      "tm": [
        [
          0.97503,
          0.0,
          0.222074
        ],
        [
          0.0,
          1.0,
          0.0
        ],
        [
          -0.222074,
          0.0,
          0.97503
        ],
        [
          -412.087,
          167.24,
          -14544.4
        ]
      ],
      "objLayer": 0,
      "props": {}
    },
    "ft_t1_airfield_03_03_spawn_10": {
      "type": "Point",
      "tm": [
        [
          0.97503,
          0.0,
          0.222074
        ],
        [
          0.0,
          1.0,
          0.0
        ],
        [
          -0.222074,
          0.0,
          0.97503
        ],
        [
          -552.579,
          165.366,
          -14282.4
        ]
      ],
      "objLayer": 0,
      "props": {}
    },
    "ft_t1_airfield_03_03_spawn_11": {
      "type": "Point",
      "tm": [
        [
          0.97503,
          0.0,
