{
  "selected_tag": "",
  "bin_dump_file": "",
  "mission_settings": {
    "player": {
      "army": 1
    },
    "player_teamB": {
      "army": 2
    },
    "mission": {
      "level": "levels/water.bin",
      "type": "singleMission",
      "environment": "Day",
      "weather": "clear"
    }
  },
  "imports": [],
  "triggers": {
    "isCategory": true,
    "is_enabled": true,
    "fields_high_start": {
      "is_enabled": true,
      "comments": "",
      "props": {
        "actionsType": "PERFORM_ONE_BY_ONE",
        "conditionsType": "ALL",
        "enableAfterComplete": false
      },
      "events": {
        "initMission": []
      },
      "conditions": [],
      "actions": [
        {
          "varSetInt": [
            {
              "value": 0
            },
            {
              "var": "ft_t1_max_near_airfields_count"
            },
            {
              "var": "ft_t2_max_near_airfields_count"
            }
          ]
        },
        {
          "varSetInt": [
            {
              "value": 2
            },
            {
              "var": "ft_t1_max_mid_airfields_count"
            },
            {
              "var": "ft_t2_max_mid_airfields_count"
            }
          ]
        },
        {
          "varSetInt": [
            {
              "value": 2
            },
            {
              "var": "ft_t1_max_far_airfields_count"
            },
            {
              "var": "ft_t2_max_far_airfields_count"
            }
          ]
        },
        {
          "comment": {
            "value": ""
          }
        },
        {
          "varSetReal": {
            "value": 10000.0,
            "var": "ft_generate_distance_between"
          }
        }
      ],
      "else_actions": []
    }
  },
  "mission_objectives": {
    "isCategory": true,
    "is_enabled": true
  },
  "variables": [],
  "dialogs": [],
  "airfields": [],
  "effects": [],
  "units": [
    {
      "objectGroups": {
        "name": "ft_t1_airfield_01_01",
        "tm": [
          [-0.34202,0.0,-0.939692],
          [0.0,1.0,0.0],
          [0.939692,0.0,-0.34202],
          [-26206.8,326.042,-24707.8]
        ],
        "unit_class": "dynaf_universal_1line_3000_a",
        "objLayer": 2,
        "props": {
          "army": 1,
          "active": false
        }
      }
    },
    {
      "objectGroups": {
        "name": "ft_t1_airfield_01_02",
        "tm": [
          [0.0154379,0.0,-0.999881],
          [0.0,1.0,0.0],
          [0.999881,0.0,0.0154379],
          [24581.9,75.6904,-24203.9]
        ],
        "unit_class": "dynaf_universal_1line_3000_a",
        "objLayer": 2,
        "props": {
          "army": 1,
          "active": false
        }
      }
    },
    {
      "objectGroups": {
        "name": "ft_t1_airfield_01_03",
        "tm": [
          [0.130526,0.0,-0.991445],
          [0.0,1.0,0.0],
          [0.991445,0.0,0.130526],
          [-208.993,143.208,-25007.1]
        ],
        "unit_class": "dynaf_universal_1line_3000_a",
        "objLayer": 2,
        "props": {
          "army": 1,
          "active": false
        }
      }
    },
    {
      "objectGroups": {
        "name": "ft_t1_airfield_02_01",
        "tm": [
          [-0.321541,0.0,-0.946896],
          [0.0,1.0,0.0],
          [0.946896,0.0,-0.321541],
          [-18699.1,335.754,-19881.7]
        ],
        "unit_class": "dynaf_universal_1line_3000_a",
        "objLayer": 2,
        "props": {
          "army": 1,
          "active": false
        }
      }
    },
    {
      "objectGroups": {
        "name": "ft_t1_airfield_02_02",
        "tm": [
          [-0.0436198,0.0,-0.999048],
          [0.0,1.0,0.0],
          [0.999048,0.0,-0.0436198],
          [20104.7,105.699,-19385.7]
        ],
        "unit_class": "dynaf_universal_1line_3000_a",
        "objLayer": 2,
        "props": {
          "army": 1,
          "active": false
        }
      }
    },
    {
      "objectGroups": {
        "name": "ft_t2_airfield_01_01",
        "tm": [
          [0.461749,0.0,0.88701],
          [0.0,1.0,0.0],
          [-0.88701,0.0,0.461749],
          [21756.3,121.199,24227.2]
        ],
        "unit_class": "dynaf_universal_1line_3000_a",
        "objLayer": 2,
        "props": {
          "army": 2,
          "active": false
        }
      }
    },
    {
      "objectGroups": {
        "name": "ft_t2_airfield_01_02",
        "tm": [
          [0.25882,0.0,0.965926],
          [0.0,1.0,0.0],
          [-0.965926,0.0,0.25882],
          [-904.728,202.164,25910.5]
        ],
        "unit_class": "dynaf_universal_1line_3000_a",
        "objLayer": 2,
        "props": {
          "army": 2,
          "active": false
        }
      }
    },
    {
      "objectGroups": {
        "name": "ft_t2_airfield_01_03",
        "tm": [
          [-0.0859497,0.0,0.9963],
          [0.0,1.0,0.0],
          [-0.9963,0.0,-0.0859497],
          [-25444.3,135.936,25183.3]
        ],
        "unit_class": "dynaf_universal_1line_3000_a",
        "objLayer": 2,
        "props": {
          "army": 2,
          "active": false
        }
      }
    },
    {
      "objectGroups": {
        "name": "ft_t2_airfield_02_01",
        "tm": [
          [0.604155,0.0,0.796866],
          [0.0,1.0,0.0],
          [-0.796866,0.0,0.604155],
          [-18226.2,84.7996,18968.0]
        ],
        "unit_class": "dynaf_universal_1line_3000_a",
        "objLayer": 2,
        "props": {
          "army": 2,
          "active": false
        }
      }
    },
    {
      "objectGroups": {
        "name": "ft_t2_airfield_02_02",
        "tm": [
          [0.608762,0.0,0.793353],
          [0.0,1.0,0.0],
          [-0.793353,0.0,0.608762],
          [13035.9,97.5087,20450.8]
        ],
        "unit_class": "dynaf_universal_1line_3000_a",
        "objLayer": 2,
        "props": {
          "army": 2,
          "active": false
        }
      }
    },
    {
      "objectGroups": {
        "name": "ft_t2_airfield_02_03",
        "tm": [
          [-0.0871554,0.0,0.996194],
          [0.0,1.0,0.0],
          [-0.996194,0.0,-0.0871554],
          [-6599.4,102.881,20182.5]
        ],
        "unit_class": "dynaf_universal_1line_3000_a",
        "objLayer": 2,
        "props": {
          "army": 2,
          "active": false
        }
      }
    },
    {
      "objectGroups": {
        "name": "ft_t1_airfield_02_03",
        "tm": [
          [0.382683,0.0,-0.92388],
          [0.0,1.0,0.0],
          [0.92388,0.0,0.382683],
          [4366.21,151.183,-19556.4]
        ],
        "unit_class": "dynaf_universal_1line_3000_a",
        "objLayer": 2,
        "props": {
          "army": 1,
          "active": false
        }
      }
    },
    {
      "objectGroups": {
        "name": "ft_t1_airfield_01_04",
        "tm": [
          [0.00709774,0.0,-0.999975],
          [0.0,1.0,0.0],
          [0.999975,0.0,0.00709774],
          [14460.0,96.7002,-24371.6]
        ],
        "unit_class": "dynaf_universal_1line_3000_a",
        "objLayer": 2,
        "props": {
          "army": 1,
          "active": false
        }
      }
    },
    {
      "objectGroups": {
        "name": "ft_t1_airfield_02_04",
        "tm": [
          [-0.137174,0.0,-0.990547],
          [0.0,1.0,0.0],
          [0.990547,0.0,-0.137174],
          [-6950.1,206.101,-18719.7]
        ],
        "unit_class": "dynaf_universal_1line_3000_a",
        "objLayer": 2,
        "props": {
          "army": 1,
          "active": false
        }
      }
    },
    {
      "objectGroups": {
        "name": "ft_t2_airfield_01_04",
        "tm": [
          [0.621524,0.0,0.783396],
          [0.0,1.0,0.0],
          [-0.783396,0.0,0.621524],
          [-10412.1,139.526,25348.9]
        ],
        "unit_class": "dynaf_universal_1line_3000_a",
        "objLayer": 2,
        "props": {
          "army": 2,
          "active": false
        }
      }
    },
    {
      "objectGroups": {
        "name": "ft_t2_airfield_02_04",
        "tm": [
          [0.523868,0.0,0.851799],
          [0.0,1.0,0.0],
          [-0.851799,0.0,0.523868],
          [2655.78,143.886,19947.0]
        ],
        "unit_class": "dynaf_universal_1line_3000_a",
        "objLayer": 2,
        "props": {
          "army": 2,
          "active": false
        }
      }
    },
    {
      "squad": {
        "name": "ft_t1_airfields_squad",
        "tm": [
          [-2.08616e-07,0.0,-1.0],
          [0.0,1.0,0.0],
          [1.0,0.0,-2.08616e-07],
          [-35867.6,3.86133,-18668.1]
        ],
        "props": [
          {
            "object_marking": 0
          },
          {
            "squad_members": "ft_t1_airfield_01_01"
          },
          {
            "squad_members": "ft_t1_airfield_01_02"
          },
          {
            "squad_members": "ft_t1_airfield_01_03"
          },
          {
            "squad_members": "ft_t1_airfield_02_01"
          },
          {
            "squad_members": "ft_t1_airfield_02_02"
          },
          {
            "squad_members": "ft_t1_airfield_02_03"
          },
          {
            "squad_members": "ft_t1_airfield_01_04"
          },
          {
            "squad_members": "ft_t1_airfield_02_04"
          }
        ]
      }
    },
    {
      "squad": {
        "name": "ft_t2_airfields_squad",
        "tm": [
          [-2.08616e-07,0.0,-1.0],
          [0.0,1.0,0.0],
          [1.0,0.0,-2.08616e-07],
          [-40200.7,140.361,22551.7]
        ],
        "props": [
          {
            "object_marking": 0
          },
          {
            "squad_members": "ft_t2_airfield_01_01"
          },
          {
            "squad_members": "ft_t2_airfield_01_02"
          },
          {
            "squad_members": "ft_t2_airfield_01_03"
          },
          {
            "squad_members": "ft_t2_airfield_02_01"
          },
          {
            "squad_members": "ft_t2_airfield_02_02"
          },
          {
            "squad_members": "ft_t2_airfield_02_03"
          },
          {
            "squad_members": "ft_t2_airfield_01_04"
          },
          {
            "squad_members": "ft_t2_airfield_02_04"
          }
        ]
      }
    },
    {
      "squad": {
        "name": "all_bomb_targets_squad",
        "tm": [
          [-0.25749,0.0,-0.966281],
          [0.0,1.0,0.0],
          [0.966281,0.0,-0.25749],
          [-34210.0,113.47,-1234.54]
        ],
        "props": [
          {
            "object_marking": 0
          },
          {
            "squad_members": "ft_t1_airfield_01_01_bomb_target"
          },
          {
            "squad_members": "ft_t1_airfield_02_01_bomb_target"
          },
          {
            "squad_members": "ft_t1_airfield_01_02_bomb_target"
          },
          {
            "squad_members": "ft_t1_airfield_02_02_bomb_target"
          },
          {
            "squad_members": "ft_t1_airfield_01_03_bomb_target"
          },
          {
            "squad_members": "ft_t1_airfield_02_03_bomb_target"
          },
          {
            "squad_members": "ft_t1_airfield_01_04_bomb_target"
          },
          {
            "squad_members": "ft_t1_airfield_02_04_bomb_target"
          },
          {
            "squad_members": "ft_t2_airfield_01_01_bomb_target"
          },
          {
            "squad_members": "ft_t2_airfield_02_01_bomb_target"
          },
          {
            "squad_members": "ft_t2_airfield_01_02_bomb_target"
          },
          {
            "squad_members": "ft_t2_airfield_02_02_bomb_target"
          },
          {
            "squad_members": "ft_t2_airfield_01_03_bomb_target"
          },
          {
            "squad_members": "ft_t2_airfield_02_03_bomb_target"
          },
          {
            "squad_members": "ft_t2_airfield_01_04_bomb_target"
          },
          {
            "squad_members": "ft_t2_airfield_02_04_bomb_target"
          }
        ]
      }
    },
    {
      "structures": {
        "name": "ft_t1_airfield_01_01_bomb_target",
        "tm": [
          [-0.34202,0.0,-0.939692],
          [0.0,1.0,0.0],
          [0.939692,0.0,-0.34202],
          [-26206.8,326.046,-24707.8]
        ],
        "unit_class": "dummy_immortal",
        "objLayer": 2,
        "closed_waypoints": false,
        "isShipSpline": false,
        "shipTurnRadius": 100.0,
        "weapons": "",
        "bullets0": "",
        "bullets1": "",
        "bullets2": "",
        "bullets3": "",
        "bulletsCount0": 0,
        "bulletsCount1": 0,
        "bulletsCount2": 0,
        "bulletsCount3": 0,
        "crewSkillK": 0.0,
        "applyAllMods": false,
        "props": {
          "army": 1,
          "count": 1,
          "formation_type": "rows",
          "formation_div": 3,
          "formation_step": [2.5,2.0],
          "formation_noise": [0.1,0.1],
          "uniqueName": "",
          "attack_type": "fire_at_will",
          "stealthRadius": 0.0,
          "setStealth": true,
          "targetableByAi": false
        },
        "way": []
      }
    },
    {
      "structures": {
        "name": "ft_t1_airfield_02_01_bomb_target",
        "tm": [
          [-0.321541,0.0,-0.946896],
          [0.0,1.0,0.0],
          [0.946896,0.0,-0.321541],
          [-18691.6,335.751,-19881.0]
        ],
        "unit_class": "dummy_immortal",
        "objLayer": 2,
        "closed_waypoints": false,
        "isShipSpline": false,
        "shipTurnRadius": 100.0,
        "weapons": "",
        "bullets0": "",
        "bullets1": "",
        "bullets2": "",
        "bullets3": "",
        "bulletsCount0": 0,
        "bulletsCount1": 0,
        "bulletsCount2": 0,
        "bulletsCount3": 0,
        "crewSkillK": 0.0,
        "applyAllMods": false,
        "props": {
          "army": 1,
          "count": 1,
          "formation_type": "rows",
          "formation_div": 3,
          "formation_step": [2.5,2.0],
          "formation_noise": [0.1,0.1],
          "uniqueName": "",
          "attack_type": "fire_at_will",
          "stealthRadius": 0.0,
          "setStealth": true,
          "targetableByAi": false
        },
        "way": []
      }
    },
    {
      "structures": {
        "name": "ft_t1_airfield_01_03_bomb_target",
        "tm": [
          [0.130526,0.0,-0.991445],
          [0.0,1.0,0.0],
          [0.991445,0.0,0.130526],
          [-208.993,143.211,-25007.1]
        ],
        "unit_class": "dummy_immortal",
        "objLayer": 2,
        "closed_waypoints": false,
        "isShipSpline": false,
        "shipTurnRadius": 100.0,
        "weapons": "",
        "bullets0": "",
        "bullets1": "",
        "bullets2": "",
        "bullets3": "",
        "bulletsCount0": 0,
        "bulletsCount1": 0,
        "bulletsCount2": 0,
        "bulletsCount3": 0,
        "crewSkillK": 0.0,
        "applyAllMods": false,
        "props": {
          "army": 1,
          "count": 1,
          "formation_type": "rows",
          "formation_div": 3,
          "formation_step": [2.5,2.0],
          "formation_noise": [0.1,0.1],
          "uniqueName": "",
          "attack_type": "fire_at_will",
          "stealthRadius": 0.0,
          "setStealth": true,
          "targetableByAi": false
        },
        "way": []
      }
    },
    {
      "structures": {
        "name": "ft_t1_airfield_02_02_bomb_target",
        "tm": [
          [-0.0436198,0.0,-0.999048],
          [0.0,1.0,0.0],
          [0.999048,0.0,-0.0436198],
          [20104.7,105.699,-19385.7]
        ],
        "unit_class": "dummy_immortal",
        "objLayer": 2,
        "closed_waypoints": false,
        "isShipSpline": false,
        "shipTurnRadius": 100.0,
        "weapons": "",
        "bullets0": "",
        "bullets1": "",
        "bullets2": "",
        "bullets3": "",
        "bulletsCount0": 0,
        "bulletsCount1": 0,
        "bulletsCount2": 0,
        "bulletsCount3": 0,
        "crewSkillK": 0.0,
        "applyAllMods": false,
        "props": {
          "army": 1,
          "count": 1,
          "formation_type": "rows",
          "formation_div": 3,
          "formation_step": [2.5,2.0],
          "formation_noise": [0.1,0.1],
          "uniqueName": "",
          "attack_type": "fire_at_will",
          "stealthRadius": 0.0,
          "setStealth": true,
          "targetableByAi": false
        },
        "way": []
      }
    },
    {
      "structures": {
        "name": "ft_t1_airfield_01_02_bomb_target",
        "tm": [
          [0.0154379,0.0,-0.999881],
          [0.0,1.0,0.0],
          [0.999881,0.0,0.0154379],
          [24581.9,75.6908,-24203.9]
        ],
        "unit_class": "dummy_immortal",
        "objLayer": 2,
        "closed_waypoints": false,
        "isShipSpline": false,
        "shipTurnRadius": 100.0,
        "weapons": "",
        "bullets0": "",
        "bullets1": "",
        "bullets2": "",
        "bullets3": "",
        "bulletsCount0": 0,
        "bulletsCount1": 0,
        "bulletsCount2": 0,
        "bulletsCount3": 0,
        "crewSkillK": 0.0,
        "applyAllMods": false,
        "props": {
          "army": 1,
          "count": 1,
          "formation_type": "rows",
          "formation_div": 3,
          "formation_step": [2.5,2.0],
          "formation_noise": [0.1,0.1],
          "uniqueName": "",
          "attack_type": "fire_at_will",
          "stealthRadius": 0.0,
          "setStealth": true,
          "targetableByAi": false
        },
        "way": []
      }
    },
    {
      "structures": {
        "name": "ft_t2_airfield_01_01_bomb_target",
        "tm": [
          [0.461749,0.0,0.88701],
          [0.0,1.0,0.0],
          [-0.88701,0.0,0.461749],
          [21756.3,121.201,24227.2]
        ],
        "unit_class": "dummy_immortal",
        "objLayer": 2,
        "closed_waypoints": false,
        "isShipSpline": false,
        "shipTurnRadius": 100.0,
        "weapons": "",
        "bullets0": "",
        "bullets1": "",
        "bullets2": "",
        "bullets3": "",
        "bulletsCount0": 0,
        "bulletsCount1": 0,
        "bulletsCount2": 0,
        "bulletsCount3": 0,
        "crewSkillK": 0.0,
        "applyAllMods": false,
        "props": {
          "army": 2,
          "count": 1,
          "formation_type": "rows",
          "formation_div": 3,
          "formation_step": [2.5,2.0],
          "formation_noise": [0.1,0.1],
          "uniqueName": "",
          "attack_type": "fire_at_will",
          "stealthRadius": 0.0,
          "setStealth": true,
          "targetableByAi": false
        },
        "way": []
      }
    },
    {
      "structures": {
        "name": "ft_t2_airfield_02_02_bomb_target",
        "tm": [
          [0.608762,0.0,0.793353],
          [0.0,1.0,0.0],
          [-0.793353,0.0,0.608762],
          [13026.9,97.5105,20442.5]
        ],
        "unit_class": "dummy_immortal",
        "objLayer": 2,
        "closed_waypoints": false,
        "isShipSpline": false,
        "shipTurnRadius": 100.0,
        "weapons": "",
        "bullets0": "",
        "bullets1": "",
        "bullets2": "",
        "bullets3": "",
        "bulletsCount0": 0,
        "bulletsCount1": 0,
        "bulletsCount2": 0,
        "bulletsCount3": 0,
        "crewSkillK": 0.0,
        "applyAllMods": false,
        "props": {
          "army": 2,
          "count": 1,
          "formation_type": "rows",
          "formation_div": 3,
          "formation_step": [2.5,2.0],
          "formation_noise": [0.1,0.1],
          "uniqueName": "",
          "attack_type": "fire_at_will",
          "stealthRadius": 0.0,
          "setStealth": true,
          "targetableByAi": false
        },
        "way": []
      }
    },
    {
      "structures": {
        "name": "ft_t2_airfield_01_02_bomb_target",
        "tm": [
          [0.25882,0.0,0.965926],
          [0.0,1.0,0.0],
          [-0.965926,0.0,0.25882],
          [-904.728,202.164,25910.5]
        ],
        "unit_class": "dummy_immortal",
        "objLayer": 2,
        "closed_waypoints": false,
        "isShipSpline": false,
        "shipTurnRadius": 100.0,
        "weapons": "",
        "bullets0": "",
        "bullets1": "",
        "bullets2": "",
        "bullets3": "",
        "bulletsCount0": 0,
        "bulletsCount1": 0,
        "bulletsCount2": 0,
        "bulletsCount3": 0,
        "crewSkillK": 0.0,
        "applyAllMods": false,
        "props": {
          "army": 2,
          "count": 1,
          "formation_type": "rows",
          "formation_div": 3,
          "formation_step": [2.5,2.0],
          "formation_noise": [0.1,0.1],
          "uniqueName": "",
          "attack_type": "fire_at_will",
          "stealthRadius": 0.0,
          "setStealth": true,
          "targetableByAi": false
        },
        "way": []
      }
    },
    {
      "structures": {
        "name": "ft_t2_airfield_02_01_bomb_target",
        "tm": [
          [0.604155,0.0,0.796866],
          [0.0,1.0,0.0],
          [-0.796866,0.0,0.604155],
          [-18226.2,84.8004,18968.0]
        ],
        "unit_class": "dummy_immortal",
        "objLayer": 2,
        "closed_waypoints": false,
        "isShipSpline": false,
        "shipTurnRadius": 100.0,
        "weapons": "",
        "bullets0": "",
        "bullets1": "",
        "bullets2": "",
        "bullets3": "",
        "bulletsCount0": 0,
        "bulletsCount1": 0,
        "bulletsCount2": 0,
        "bulletsCount3": 0,
        "crewSkillK": 0.0,
        "applyAllMods": false,
        "props": {
          "army": 2,
          "count": 1,
          "formation_type": "rows",
          "formation_div": 3,
          "formation_step": [2.5,2.0],
          "formation_noise": [0.1,0.1],
          "uniqueName": "",
          "attack_type": "fire_at_will",
          "stealthRadius": 0.0,
          "setStealth": true,
          "targetableByAi": false
        },
        "way": []
      }
    },
    {
      "structures": {
        "name": "ft_t2_airfield_01_03_bomb_target",
        "tm": [
          [-0.0859497,0.0,0.9963],
          [0.0,1.0,0.0],
          [-0.9963,0.0,-0.0859497],
          [-25444.3,135.936,25183.3]
        ],
        "unit_class": "dummy_immortal",
        "objLayer": 2,
        "closed_waypoints": false,
        "isShipSpline": false,
        "shipTurnRadius": 100.0,
        "weapons": "",
        "bullets0": "",
        "bullets1": "",
        "bullets2": "",
        "bullets3": "",
        "bulletsCount0": 0,
        "bulletsCount1": 0,
        "bulletsCount2": 0,
        "bulletsCount3": 0,
        "crewSkillK": 0.0,
        "applyAllMods": false,
        "props": {
          "army": 2,
          "count": 1,
          "formation_type": "rows",
          "formation_div": 3,
          "formation_step": [2.5,2.0],
          "formation_noise": [0.1,0.1],
          "uniqueName": "",
          "attack_type": "fire_at_will",
          "stealthRadius": 0.0,
          "setStealth": true,
          "targetableByAi": false
        },
        "way": []
      }
    },
    {
      "structures": {
        "name": "ft_t2_airfield_02_03_bomb_target",
        "tm": [
          [-0.0871554,0.0,0.996194],
          [0.0,1.0,0.0],
          [-0.996194,0.0,-0.0871554],
          [-6599.4,102.879,20182.5]
        ],
        "unit_class": "dummy_immortal",
        "objLayer": 2,
        "closed_waypoints": false,
        "isShipSpline": false,
        "shipTurnRadius": 100.0,
        "weapons": "",
        "bullets0": "",
        "bullets1": "",
        "bullets2": "",
        "bullets3": "",
        "bulletsCount0": 0,
        "bulletsCount1": 0,
        "bulletsCount2": 0,
        "bulletsCount3": 0,
        "crewSkillK": 0.0,
        "applyAllMods": false,
        "props": {
          "army": 2,
          "count": 1,
          "formation_type": "rows",
          "formation_div": 3,
          "formation_step": [2.5,2.0],
          "formation_noise": [0.1,0.1],
          "uniqueName": "",
          "attack_type": "fire_at_will",
          "stealthRadius": 0.0,
          "setStealth": true,
          "targetableByAi": false
        },
        "way": []
      }
    },
    {
      "structures": {
        "name": "ft_t1_airfield_02_03_bomb_target",
        "tm": [
          [0.608761,0.0,-0.793353],
          [0.0,1.0,0.0],
          [0.793353,0.0,0.608761],
          [4366.21,151.183,-19556.3]
        ],
        "unit_class": "dummy_immortal",
        "objLayer": 2,
        "closed_waypoints": false,
        "isShipSpline": false,
        "shipTurnRadius": 100.0,
        "weapons": "",
        "bullets0": "",
        "bullets1": "",
        "bullets2": "",
        "bullets3": "",
        "bulletsCount0": 0,
        "bulletsCount1": 0,
        "bulletsCount2": 0,
        "bulletsCount3": 0,
        "crewSkillK": 0.0,
        "applyAllMods": false,
        "props": {
          "army": 1,
          "count": 1,
          "formation_type": "rows",
          "formation_div": 3,
          "formation_step": [2.5,2.0],
          "formation_noise": [0.1,0.1],
          "uniqueName": "",
          "attack_type": "fire_at_will",
          "stealthRadius": 0.0,
          "setStealth": true,
          "targetableByAi": false
        },
        "way": []
      }
    },
    {
      "structures": {
        "name": "ft_t1_airfield_01_04_bomb_target",
        "tm": [
          [0.00709774,0.0,-0.999975],
          [0.0,1.0,0.0],
          [0.999975,0.0,0.00709774],
          [14460.0,96.7414,-24371.6]
        ],
        "unit_class": "dummy_immortal",
        "objLayer": 2,
        "closed_waypoints": false,
        "isShipSpline": false,
        "shipTurnRadius": 100.0,
        "weapons": "",
        "bullets0": "",
        "bullets1": "",
        "bullets2": "",
        "bullets3": "",
        "bulletsCount0": 0,
        "bulletsCount1": 0,
        "bulletsCount2": 0,
        "bulletsCount3": 0,
        "crewSkillK": 0.0,
        "applyAllMods": false,
        "props": {
          "army": 1,
          "count": 1,
          "formation_type": "rows",
          "formation_div": 3,
          "formation_step": [2.5,2.0],
          "formation_noise": [0.1,0.1],
          "uniqueName": "",
          "attack_type": "fire_at_will",
          "stealthRadius": 0.0,
          "setStealth": true,
          "targetableByAi": false
        },
        "way": []
      }
    },
    {
      "structures": {
        "name": "ft_t1_airfield_02_04_bomb_target",
        "tm": [
          [0.123873,0.0,-0.992297],
          [0.0,1.0,0.0],
          [0.992297,0.0,0.123873],
          [-6950.05,206.142,-18719.6]
        ],
        "unit_class": "dummy_immortal",
        "objLayer": 2,
        "closed_waypoints": false,
        "isShipSpline": false,
        "shipTurnRadius": 100.0,
        "weapons": "",
        "bullets0": "",
        "bullets1": "",
        "bullets2": "",
        "bullets3": "",
        "bulletsCount0": 0,
        "bulletsCount1": 0,
        "bulletsCount2": 0,
        "bulletsCount3": 0,
        "crewSkillK": 0.0,
        "applyAllMods": false,
        "props": {
          "army": 1,
          "count": 1,
          "formation_type": "rows",
          "formation_div": 3,
          "formation_step": [2.5,2.0],
          "formation_noise": [0.1,0.1],
          "uniqueName": "",
          "attack_type": "fire_at_will",
          "stealthRadius": 0.0,
          "setStealth": true,
          "targetableByAi": false
        },
        "way": []
      }
    },
    {
      "structures": {
        "name": "ft_t2_airfield_01_04_bomb_target",
        "tm": [
          [0.621524,0.0,0.783396],
          [0.0,1.0,0.0],
          [-0.783396,0.0,0.621524],
          [-10412.1,139.483,25348.9]
        ],
        "unit_class": "dummy_immortal",
        "objLayer": 2,
        "closed_waypoints": false,
        "isShipSpline": false,
        "shipTurnRadius": 100.0,
        "weapons": "",
        "bullets0": "",
        "bullets1": "",
        "bullets2": "",
        "bullets3": "",
        "bulletsCount0": 0,
        "bulletsCount1": 0,
        "bulletsCount2": 0,
        "bulletsCount3": 0,
        "crewSkillK": 0.0,
        "applyAllMods": false,
        "props": {
          "army": 2,
          "count": 1,
          "formation_type": "rows",
          "formation_div": 3,
          "formation_step": [2.5,2.0],
          "formation_noise": [0.1,0.1],
          "uniqueName": "",
          "attack_type": "fire_at_will",
          "stealthRadius": 0.0,
          "setStealth": true,
          "targetableByAi": false
        },
        "way": []
      }
    },
    {
      "structures": {
        "name": "ft_t2_airfield_02_04_bomb_target",
        "tm": [
          [0.523868,0.0,0.851799],
          [0.0,1.0,0.0],
          [-0.851799,0.0,0.523868],
          [2655.78,143.848,19947.0]
        ],
        "unit_class": "dummy_immortal",
        "objLayer": 2,
        "closed_waypoints": false,
        "isShipSpline": false,
        "shipTurnRadius": 100.0,
        "weapons": "",
        "bullets0": "",
        "bullets1": "",
        "bullets2": "",
        "bullets3": "",
        "bulletsCount0": 0,
        "bulletsCount1": 0,
        "bulletsCount2": 0,
        "bulletsCount3": 0,
        "crewSkillK": 0.0,
        "applyAllMods": false,
        "props": {
          "army": 2,
          "count": 1,
          "formation_type": "rows",
          "formation_div": 3,
          "formation_step": [2.5,2.0],
          "formation_noise": [0.1,0.1],
          "uniqueName": "",
          "attack_type": "fire_at_will",
          "stealthRadius": 0.0,
          "setStealth": true,
          "targetableByAi": false
        },
        "way": []
      }
    }
  ],
  "areas": {
    "ft_t2_airfield_01_01_bomb_zone": {
      "type": "Box",
      "tm": [
        [-1619.01,0.0,-2989.78],
        [0.0,450.0,0.0],
        [1055.22,0.0,-571.414],
        [21759.1,53.1009,24213.3]
      ],
      "objLayer": 0,
      "props": []
    },
    "ft_t2_airfield_01_02_bomb_zone": {
      "type": "Box",
      "tm": [
        [-879.997,0.0,-3284.14],
        [0.0,450.0,0.0],
        [1159.11,0.0,-310.584],
        [-909.008,41.4967,25847.4]
      ],
      "objLayer": 0,
      "props": []
    },
    "ft_t2_airfield_01_03_bomb_zone": {
      "type": "Box",
      "tm": [
        [396.96,0.0,-3376.75],
        [0.0,450.0,0.0],
        [1191.79,0.0,140.104],
        [-25446.4,77.5021,25130.4]
      ],
      "objLayer": 0,
      "props": []
    },
    "ft_t2_airfield_02_02_bomb_zone": {
      "type": "Box",
      "tm": [
        [-2062.77,0.0,-2702.77],
        [0.0,450.0,0.0],
        [953.92,0.0,-728.036],
        [13014.7,27.5098,20420.6]
      ],
      "objLayer": 0,
      "props": []
    },
    "ft_t2_airfield_02_01_bomb_zone": {
      "type": "Box",
      "tm": [
        [-2029.03,0.0,-2728.19],
        [0.0,450.0,0.0],
        [962.892,0.0,-716.127],
        [-18242.1,10.2001,18937.6]
      ],
      "objLayer": 0,
      "props": []
    },
    "ft_t1_airfield_01_01_bomb_zone": {
      "type": "Box",
      "tm": [
        [-1162.87,0.0,-3194.96],
        [0.0,450.0,0.0],
        [1127.63,0.0,-410.424],
        [-26240.7,268.245,-24691.2]
      ],
      "objLayer": 0,
      "props": []
    },
    "ft_t1_airfield_01_03_bomb_zone": {
      "type": "Box",
      "tm": [
        [443.793,0.0,-3370.91],
        [0.0,450.0,0.0],
        [1189.73,0.0,156.632],
        [-190.833,86.5623,-24957.8]
      ],
      "objLayer": 0,
      "props": []
    },
    "ft_t1_airfield_01_02_bomb_zone": {
      "type": "Box",
      "tm": [
        [52.4977,0.0,-3399.59],
        [0.0,450.0,0.0],
        [1199.86,0.0,18.5244],
        [24558.1,23.1908,-24262.8]
      ],
      "objLayer": 0,
      "props": []
    },
    "ft_t1_airfield_02_01_bomb_zone": {
      "type": "Box",
      "tm": [
        [-1093.24,0.0,-3219.44],
        [0.0,450.0,0.0],
        [1136.28,0.0,-385.848],
        [-18696.1,265.754,-19939.4]
      ],
      "objLayer": 0,
      "props": []
    },
    "ft_t1_airfield_02_02_bomb_zone": {
      "type": "Box",
      "tm": [
        [-131.559,0.0,-3397.45],
        [0.0,450.0,0.0],
        [1199.1,0.0,-46.4326],
        [20129.2,39.9992,-19432.5]
      ],
      "objLayer": 0,
      "props": []
    },
    "ft_t1_airfield_01_01_spawn_01": {
      "type": "Point",
      "tm": [
        [-0.766044,0.0,-0.642788],
        [0.0,1.0,0.0],
        [0.642788,0.0,-0.766044],
        [-26963.5,328.934,-25428.4]
      ],
      "objLayer": 0,
      "props": []
    },
    "ft_t1_airfield_01_01_spawn_02": {
      "type": "Point",
      "tm": [
        [-0.766044,0.0,-0.642788],
        [0.0,1.0,0.0],
        [0.642788,0.0,-0.766044],
        [-26355.0,323.238,-23756.7]
      ],
      "objLayer": 0,
      "props": []
    },
    "ft_t1_airfield_01_01_spawn_03": {
      "type": "Point",
      "tm": [
        [-0.766044,0.0,-0.642788],
        [0.0,1.0,0.0],
        [0.642788,0.0,-0.766044],
        [-25537.6,327.487,-24412.2]
      ],
      "objLayer": 0,
      "props": []
    },
    "ft_t1_airfield_01_01_spawn_04": {
      "type": "Point",
      "tm": [
        [-0.766044,0.0,-0.642788],
        [0.0,1.0,0.0],
        [0.642788,0.0,-0.766044],
        [-25414.8,320.176,-23997.7]
      ],
      "objLayer": 0,
      "props": []
    },
    "ft_t1_airfield_01_01_spawn_05": {
      "type": "Point",
      "tm": [
        [-0.766044,0.0,-0.642788],
        [0.0,1.0,0.0],
        [0.642788,0.0,-0.766044],
        [-26539.3,326.935,-24148.7]
      ],
      "objLayer": 0,
      "props": []
    },
    "ft_t1_airfield_01_01_spawn_06": {
      "type": "Point",
      "tm": [
        [-0.766044,0.0,-0.642788],
        [0.0,1.0,0.0],
        [0.642788,0.0,-0.766044],
        [-26121.7,333.451,-25747.0]
      ],
      "objLayer": 0,
      "props": []
    },
    "ft_t1_airfield_01_01_spawn_07": {
      "type": "Point",
      "tm": [
        [-0.766044,0.0,-0.642788],
        [0.0,1.0,0.0],
        [0.642788,0.0,-0.766044],
        [-26638.5,327.19,-24444.9]
      ],
      "objLayer": 0,
      "props": []
    },
    "ft_t1_airfield_01_01_spawn_08": {
      "type": "Point",
      "tm": [
        [-0.766044,0.0,-0.642788],
        [0.0,1.0,0.0],
        [0.642788,0.0,-0.766044],
        [-26782.5,326.438,-24843.7]
      ],
      "objLayer": 0,
      "props": []
    },
    "ft_t1_airfield_01_01_spawn_09": {
      "type": "Point",
      "tm": [
        [-0.766044,0.0,-0.642788],
        [0.0,1.0,0.0],
        [0.642788,0.0,-0.766044],
        [-25960.4,348.755,-25402.9]
      ],
      "objLayer": 0,
      "props": []
    },
    "ft_t1_airfield_01_01_spawn_10": {
      "type": "Point",
      "tm": [
        [-0.766044,0.0,-0.642788],
        [0.0,1.0,0.0],
        [0.642788,0.0,-0.766044],
        [-25743.6,331.119,-24946.6]
      ],
      "objLayer": 0,
      "props": []
    },
    "ft_t1_airfield_01_01_spawn_11": {
      "type": "Point",
      "tm": [
        [-0.766044,0.0,-0.642788],
        [0.0,1.0,0.0],
        [0.642788,0.0,-0.766044],
        [-26715.2,326.99,-24665.8]
      ],
      "objLayer": 0,
      "props": []
    },
    "ft_t1_airfield_01_01_spawn_12": {
      "type": "Point",
      "tm": [
        [-0.766044,0.0,-0.642788],
        [0.0,1.0,0.0],
        [0.642788,0.0,-0.766044],
        [-26888.2,333.49,-25166.2]
      ],
      "objLayer": 0,
      "props": []
    },
    "ft_t1_airfield_01_01_spawn_13": {
      "type": "Point",
      "tm": [
        [-0.766044,0.0,-0.642788],
        [0.0,1.0,0.0],
        [0.642788,0.0,-0.766044],
        [-25855.0,352.807,-25213.6]
      ],
      "objLayer": 0,
      "props": []
    },
    "ft_t1_airfield_01_01_spawn_14": {
      "type": "Point",
      "tm": [
        [-0.766044,0.0,-0.642788],
        [0.0,1.0,0.0],
        [0.642788,0.0,-0.766044],
        [-25633.8,333.445,-24683.3]
      ],
      "objLayer": 0,
      "props": []
    },
    "ft_t1_airfield_01_02_spawn_01": {
      "type": "Point",
      "tm": [
        [-0.630886,0.0,-0.775877],
        [0.0,1.0,0.0],
        [0.775877,0.0,-0.630886],
        [25226.1,76.4634,-24422.5]
      ],
      "objLayer": 0,
      "props": []
    },
    "ft_t1_airfield_01_02_spawn_02": {
      "type": "Point",
      "tm": [
        [-0.630886,0.0,-0.775877],
        [0.0,1.0,0.0],
        [0.775877,0.0,-0.630886],
        [23910.5,74.6892,-24219.7]
      ],
      "objLayer": 0,
      "props": []
    },
    "ft_t1_airfield_01_02_spawn_03": {
      "type": "Point",
      "tm": [
        [-0.630886,0.0,-0.775877],
        [0.0,1.0,0.0],
        [0.775877,0.0,-0.630886],
        [23985.4,77.1755,-23291.7]
      ],
      "objLayer": 0,
      "props": []
    },
    "ft_t1_airfield_01_02_spawn_04": {
      "type": "Point",
      "tm": [
        [-0.630886,0.0,-0.775877],
        [0.0,1.0,0.0],
        [0.775877,0.0,-0.630886],
        [25184.4,77.1496,-25225.4]
      ],
      "objLayer": 0,
      "props": []
    },
    "ft_t1_airfield_01_02_spawn_05": {
      "type": "Point",
      "tm": [
        [-0.630886,0.0,-0.775877],
        [0.0,1.0,0.0],
        [0.775877,0.0,-0.630886],
        [25239.8,69.798,-24986.5]
      ],
      "objLayer": 0,
      "props": []
    },
    "ft_t1_airfield_01_02_spawn_06": {
      "type": "Point",
      "tm": [
        [-0.630886,0.0,-0.775877],
        [0.0,1.0,0.0],
        [0.775877,0.0,-0.630886],
        [25203.7,70.8422,-24046.2]
      ],
      "objLayer": 0,
      "props": []
    },
    "ft_t1_airfield_01_02_spawn_07": {
      "type": "Point",
      "tm": [
        [-0.630886,0.0,-0.775877],
        [0.0,1.0,0.0],
        [0.775877,0.0,-0.630886],
        [25285.5,83.5287,-24702.8]
      ],
      "objLayer": 0,
      "props": []
    },
    "ft_t1_airfield_01_02_spawn_08": {
      "type": "Point",
      "tm": [
        [-0.630886,0.0,-0.775877],
        [0.0,1.0,0.0],
        [0.775877,0.0,-0.630886],
        [23871.5,91.996,-23537.5]
      ],
      "objLayer": 0,
      "props": []
    },
    "ft_t1_airfield_01_02_spawn_09": {
      "type": "Point",
      "tm": [
        [-0.630886,0.0,-0.775877],
        [0.0,1.0,0.0],
        [0.775877,0.0,-0.630886],
        [23952.1,70.9637,-25130.1]
      ],
      "objLayer": 0,
      "props": []
    },
    "ft_t1_airfield_01_02_spawn_10": {
      "type": "Point",
      "tm": [
        [-0.630886,0.0,-0.775877],
        [0.0,1.0,0.0],
        [0.775877,0.0,-0.630886],
        [25037.1,70.5433,-23266.3]
      ],
      "objLayer": 0,
      "props": []
    },
    "ft_t1_airfield_01_02_spawn_11": {
      "type": "Point",
      "tm": [
        [-0.630886,0.0,-0.775877],
        [0.0,1.0,0.0],
        [0.775877,0.0,-0.630886],
        [24001.5,75.6033,-23862.2]
      ],
      "objLayer": 0,
      "props": []
    },
    "ft_t1_airfield_01_02_spawn_12": {
      "type": "Point",
      "tm": [
        [-0.630886,0.0,-0.775877],
        [0.0,1.0,0.0],
        [0.775877,0.0,-0.630886],
        [23955.3,75.3496,-24555.9]
      ],
      "objLayer": 0,
      "props": []
    },
    "ft_t1_airfield_01_02_spawn_13": {
      "type": "Point",
      "tm": [
        [-0.630886,0.0,-0.775877],
        [0.0,1.0,0.0],
        [0.775877,0.0,-0.630886],
        [25168.8,78.3691,-23721.8]
      ],
      "objLayer": 0,
      "props": []
    },
    "ft_t1_airfield_01_02_spawn_14": {
      "type": "Point",
      "tm": [
        [-0.630886,0.0,-0.775877],
        [0.0,1.0,0.0],
        [0.775877,0.0,-0.630886],
        [24015.4,76.0818,-24782.4]
      ],
      "objLayer": 0,
      "props": []
    },
    "ft_t1_airfield_01_03_spawn_01": {
      "type": "Point",
      "tm": [
        [0.906307,0.0,-0.422618],
        [0.0,1.0,0.0],
        [0.422618,0.0,0.906307],
        [151.299,143.323,-23918.0]
      ],
      "objLayer": 0,
      "props": []
    },
    "ft_t1_airfield_01_03_spawn_02": {
      "type": "Point",
      "tm": [
        [0.906307,0.0,-0.422618],
        [0.0,1.0,0.0],
        [0.422618,0.0,0.906307],
        [-710.293,142.158,-25090.9]
      ],
      "objLayer": 0,
      "props": []
    },
