{
  "selected_tag": "",
  "bin_dump_file": "",
  "mission_settings": {
    "player": {
      "army": 1
    },
    "player_teamB": {
      "army": 2
    },
    "mission": {
      "type": "domination",
      "level": "levels/air_israel.bin",
      "environment": "Day",
      "weather": "hazy"
    }
  },
  "imports": {},
  "triggers": {
    "isCategory": true,
    "is_enabled": true,
    "static_units_rank_06_init": {
      "is_enabled": true,
      "comments": "",
      "props": {
        "actionsType": "PERFORM_ONE_BY_ONE",
        "conditionsType": "ALL",
        "enableAfterComplete": false
      },
      "events": {
        "initMission": {}
      },
      "conditions": {},
      "actions": {
        "comment": [
          {
            "value": "static units"
          },
          {
            "value": "static aaa"
          },
          {
            "value": ""
          }
        ],
        "unitSetProperties": [
          {
            "object": [
              "t1_artillery_squad",
              "t1_bunkers_squad",
              "t2_artillery_squad",
              "t2_bunkers_squad"
            ],
            "accuracy": 0.1,
            "checkVisibilityTarget": false
          },
          {
            "object": [
              "t1_aaa_squad",
              "t2_aaa_squad"
            ],
            "targetGnd": false,
            "accuracy": 0.1,
            "airAccuracy": 0.1,
            "fireRandom": true,
            "targetChangeInterval": 5.0,
            "targetChangeProb": 0.25,
            "DelayAfterShoot": 3.0
          }
        ]
      },
      "else_actions": {}
    }
  },
  "mission_objectives": {
    "isCategory": true,
    "is_enabled": true
  },
  "variables": {},
  "dialogs": {},
  "airfields": {},
  "effects": {},
  "units": {
    "objectGroups": [
      {
        "name": "t1_trench_rank_06_01",
        "tm": [
          [
            0.998528,
            0.0331157,
            0.0429793
          ],
          [
            -0.0356896,
            0.997525,
            0.0605846
          ],
          [
            -0.0408666,
            -0.0620293,
            0.997236
          ],
          [
            -5612.0,
            47.3134,
            1664.85
          ]
        ],
        "unit_class": "dynTrench_small_bunker_axis",
        "objLayer": 2,
        "props": {
          "army": 1,
          "active": true
        }
      },
      {
        "name": "t1_trench_rank_06_02",
        "tm": [
          [
            0.99921,
            0.0177592,
            0.0355693
          ],
          [
            -0.0158653,
            0.998479,
            -0.0528027
          ],
          [
            -0.0364533,
            0.0521958,
            0.997972
          ],
          [
            -1936.82,
            105.6,
            1641.65
          ]
        ],
        "unit_class": "dynTrench_small_bunker_axis",
        "objLayer": 2,
        "props": {
          "army": 1,
          "active": true
        }
      },
      {
        "name": "t1_trench_rank_06_03",
        "tm": [
          [
            0.993325,
            -0.00191943,
            -0.115332
          ],
          [
            0.00575267,
            0.999442,
            0.0329157
          ],
          [
            0.115206,
            -0.0333598,
            0.992781
          ],
          [
            -7388.1,
            37.0,
            1774.9
          ]
        ],
        "unit_class": "dynTrench_small_bunker_axis",
        "objLayer": 2,
        "props": {
          "army": 1,
          "active": true
        }
      },
      {
        "name": "t1_trench_rank_06_04",
        "tm": [
          [
            0.969309,
            0.00437549,
            0.245805
          ],
          [
            -0.0120379,
            0.999486,
            0.029678
          ],
          [
            -0.245548,
            -0.0317259,
            0.968866
          ],
          [
            527.6,
            199.3,
            1847.7
          ]
        ],
        "unit_class": "dynTrench_small_bunker_axis",
        "objLayer": 2,
        "props": {
          "army": 1,
          "active": true
        }
      },
      {
        "name": "t1_trench_rank_06_05",
        "tm": [
          [
            0.997977,
            -0.0178028,
            -0.0610366
          ],
          [
            0.0188621,
            0.999679,
            0.016838
          ],
          [
            0.0607166,
            -0.0179549,
            0.997994
          ],
          [
            -11030.1,
            20.4,
            1893.3
          ]
        ],
        "unit_class": "dynTrench_small_bunker_axis",
        "objLayer": 2,
        "props": {
          "army": 1,
          "active": true
        }
      },
      {
        "name": "t1_trench_rank_06_06",
        "tm": [
          [
            0.998002,
            0.045104,
            0.0442874
          ],
          [
            -0.0438333,
            0.998611,
            -0.0292589
          ],
          [
            -0.0455453,
            0.0272589,
            0.998591
          ],
          [
            -3906.6,
            110.212,
            1735.95
          ]
        ],
        "unit_class": "dynTrench_small_bunker_axis",
        "objLayer": 2,
        "props": {
          "army": 1,
          "active": true
        }
      },
      {
        "name": "t1_trench_rank_06_07",
        "tm": [
          [
            0.993804,
            -0.0021909,
            0.111129
          ],
          [
            0.0047243,
            0.999735,
            -0.022547
          ],
          [
            -0.111051,
            0.0229325,
            0.99355
          ],
          [
            -16850.6,
            28.5531,
            2025.51
          ]
        ],
        "unit_class": "dynTrench_small_bunker_axis",
        "objLayer": 2,
        "props": {
          "army": 1,
          "active": true
        }
      },
      {
        "name": "t1_trench_rank_06_08",
        "tm": [
          [
            0.952959,
            0.0163853,
            -0.302657
          ],
          [
            -0.0188659,
            0.999808,
            -0.00527417
          ],
          [
            0.302513,
            0.0107351,
            0.953084
          ],
          [
            -9080.88,
            23.0267,
            1880.89
          ]
        ],
        "unit_class": "dynTrench_small_bunker_axis",
        "objLayer": 2,
        "props": {
          "army": 1,
          "active": true
        }
      },
      {
        "name": "t2_trench_rank_06_01",
        "tm": [
          [
            -0.997243,
            0.0323629,
            -0.0667752
          ],
          [
            0.0344315,
            0.998955,
            -0.0300664
          ],
          [
            0.0657325,
            -0.0322826,
            -0.997317
          ],
          [
            -7270.05,
            31.55,
            3326.6
          ]
        ],
        "unit_class": "dynTrench_small_bunker_axis",
        "objLayer": 2,
        "props": {
          "army": 2,
          "active": true
        }
      },
      {
        "name": "t2_trench_rank_06_02",
        "tm": [
          [
            -0.992831,
            -0.0946488,
            -0.0729874
          ],
          [
            -0.0926614,
            0.995241,
            -0.0301553
          ],
          [
            0.0754934,
            -0.023176,
            -0.996878
          ],
          [
            -3857.15,
            127.595,
            3470.6
          ]
        ],
        "unit_class": "dynTrench_small_bunker_axis",
        "objLayer": 2,
        "props": {
          "army": 2,
          "active": true
        }
      },
      {
        "name": "t2_trench_rank_06_03",
        "tm": [
          [
            -0.999803,
            0.0198148,
            -0.0005247
          ],
          [
            0.0198216,
            0.99947,
            -0.0258259
          ],
          [
            0.000012964,
            -0.0258312,
            -0.999667
          ],
          [
            -1966.92,
            164.479,
            3178.25
          ]
        ],
        "unit_class": "dynTrench_small_bunker_axis",
        "objLayer": 2,
        "props": {
          "army": 2,
          "active": true
        }
      },
      {
        "name": "t2_trench_rank_06_04",
        "tm": [
          [
            -0.999399,
            0.0208886,
            -0.0276092
          ],
          [
            0.0211597,
            0.999729,
            -0.00957283
          ],
          [
            0.0274023,
            -0.0101516,
            -0.999574
          ],
          [
            -11005.7,
            8.38989,
            3005.7
          ]
        ],
        "unit_class": "dynTrench_small_bunker_axis",
        "objLayer": 2,
        "props": {
          "army": 2,
          "active": true
        }
      },
      {
        "name": "t2_trench_rank_06_05",
        "tm": [
          [
            -0.962122,
            0.0205317,
            0.271843
          ],
          [
            0.0245889,
            0.999631,
            0.0115263
          ],
          [
            -0.271507,
            0.0177741,
            -0.962272
          ],
          [
            545.2,
            134.239,
            3220.2
          ]
        ],
        "unit_class": "dynTrench_small_bunker_axis",
        "objLayer": 2,
        "props": {
          "army": 2,
          "active": true
        }
      },
      {
        "name": "t2_trench_rank_06_06",
        "tm": [
          [
            -0.995141,
            -0.0162127,
            -0.0971105
          ],
          [
            -0.0161839,
            0.999868,
            -0.00108358
          ],
          [
            0.0971139,
            0.00049332,
            -0.995273
          ],
          [
            -9067.95,
            33.25,
            3165.7
          ]
        ],
        "unit_class": "dynTrench_small_bunker_axis",
        "objLayer": 2,
        "props": {
          "army": 2,
          "active": true
        }
      },
      {
        "name": "t2_trench_rank_06_07",
        "tm": [
          [
            -0.989608,
            0.0248152,
            0.141639
          ],
          [
            0.0156623,
            0.997737,
            -0.0653724
          ],
          [
            -0.14294,
            -0.0624749,
            -0.987757
          ],
          [
            -16875.0,
            21.7498,
            2904.2
          ]
        ],
        "unit_class": "dynTrench_small_bunker_axis",
        "objLayer": 2,
        "props": {
          "army": 2,
          "active": true
        }
      },
      {
        "name": "t2_trench_rank_06_08",
        "tm": [
          [
            -0.996917,
            -0.062954,
            -0.0468326
          ],
          [
            -0.06277,
            0.998013,
            -0.00540643
          ],
          [
            0.0470792,
            -0.00245018,
            -0.99889
          ],
          [
            -5650.05,
            51.0946,
            3306.4
          ]
        ],
        "unit_class": "dynTrench_small_bunker_axis",
        "objLayer": 2,
        "props": {
          "army": 2,
          "active": true
        }
      }
    ],
    "structures": [
      {
        "name": "t1_bunker_01",
        "tm": [
          [
            -0.187285,
            -0.0662251,
            0.980071
          ],
          [
            -0.0356896,
            0.997525,
            0.0605846
          ],
          [
            -0.981656,
            -0.0236313,
            -0.189185
          ],
          [
            -5601.99,
            59.6099,
            1675.66
          ]
        ],
        "unit_class": "ussr_quest_large_art_noground",
        "objLayer": 1,
        "closed_waypoints": false,
        "isShipSpline": false,
        "shipTurnRadius": 100.0,
        "weapons": "",
        "bullets0": "",
        "bullets1": "",
        "bullets2": "",
        "bullets3": "",
        "bulletsCount0": 0,
        "bulletsCount1": 0,
        "bulletsCount2": 0,
        "bulletsCount3": 0,
        "crewSkillK": 0.0,
        "applyAllMods": false,
        "props": {
          "army": 1,
          "count": 1,
          "formation_type": "rows",
          "formation_div": 3,
          "formation_step": [
            2.5,
            2.0
          ],
          "formation_noise": [
            0.1,
            0.1
          ]
        },
        "way": {}
      },
      {
        "name": "t1_art_01",
        "tm": [
          [
            -0.187285,
            -0.0662251,
            0.980071
          ],
          [
            -0.0356896,
            0.997525,
            0.0605846
          ],
          [
            -0.981656,
            -0.0236313,
            -0.189185
          ],
          [
            -5695.13,
            53.6432,
            1659.06
          ]
        ],
        "unit_class": "ussr_quest_large_art_noground",
        "objLayer": 1,
        "closed_waypoints": false,
        "isShipSpline": false,
        "shipTurnRadius": 100.0,
        "weapons": "",
        "bullets0": "",
        "bullets1": "",
        "bullets2": "",
        "bullets3": "",
        "bulletsCount0": 0,
        "bulletsCount1": 0,
        "bulletsCount2": 0,
        "bulletsCount3": 0,
        "crewSkillK": 0.0,
        "applyAllMods": false,
        "props": {
          "army": 1,
          "count": 1,
          "formation_type": "rows",
          "formation_div": 3,
          "formation_step": [
            2.5,
            2.0
          ],
          "formation_noise": [
            0.1,
            0.1
          ]
        },
        "way": {}
      },
      {
        "name": "t1_art_02",
        "tm": [
          [
            -0.187285,
            -0.0662251,
            0.980071
          ],
          [
            -0.0356896,
            0.997525,
            0.0605846
          ],
          [
            -0.981656,
            -0.0236313,
            -0.189185
          ],
          [
            -5530.72,
            53.7609,
            1697.17
          ]
        ],
        "unit_class": "ussr_quest_large_art_noground",
        "objLayer": 1,
        "closed_waypoints": false,
        "isShipSpline": false,
        "shipTurnRadius": 100.0,
        "weapons": "",
        "bullets0": "",
        "bullets1": "",
        "bullets2": "",
        "bullets3": "",
        "bulletsCount0": 0,
        "bulletsCount1": 0,
        "bulletsCount2": 0,
        "bulletsCount3": 0,
        "crewSkillK": 0.0,
        "applyAllMods": false,
        "props": {
          "army": 1,
          "count": 1,
          "formation_type": "rows",
          "formation_div": 3,
          "formation_step": [
            2.5,
            2.0
          ],
          "formation_noise": [
            0.1,
            0.1
          ]
        },
        "way": {}
      },
      {
        "name": "t1_bunker_02",
        "tm": [
          [
            -0.183022,
            0.049016,
            0.981887
          ],
          [
            -0.0158653,
            0.998479,
            -0.0528027
          ],
          [
            -0.982981,
            -0.0252431,
            -0.181965
          ],
          [
            -1926.42,
            118.838,
            1650.92
          ]
        ],
        "unit_class": "ussr_quest_large_art_noground",
        "objLayer": 1,
        "closed_waypoints": false,
        "isShipSpline": false,
        "shipTurnRadius": 100.0,
        "weapons": "",
        "bullets0": "",
        "bullets1": "",
        "bullets2": "",
        "bullets3": "",
        "bulletsCount0": 0,
        "bulletsCount1": 0,
        "bulletsCount2": 0,
        "bulletsCount3": 0,
        "crewSkillK": 0.0,
        "applyAllMods": false,
        "props": {
          "army": 1,
          "count": 1,
          "formation_type": "rows",
          "formation_div": 3,
          "formation_step": [
            2.5,
            2.0
          ],
          "formation_noise": [
            0.1,
            0.1
          ]
        },
        "way": {}
      },
      {
        "name": "t1_art_03",
        "tm": [
          [
            -0.183022,
            0.049016,
            0.981887
          ],
          [
            -0.0158653,
            0.998479,
            -0.0528027
          ],
          [
            -0.982981,
            -0.0252431,
            -0.181965
          ],
          [
            -2019.8,
            112.898,
            1635.45
          ]
        ],
        "unit_class": "ussr_quest_large_art_noground",
        "objLayer": 1,
        "closed_waypoints": false,
        "isShipSpline": false,
        "shipTurnRadius": 100.0,
        "weapons": "",
        "bullets0": "",
        "bullets1": "",
        "bullets2": "",
        "bullets3": "",
        "bulletsCount0": 0,
        "bulletsCount1": 0,
        "bulletsCount2": 0,
        "bulletsCount3": 0,
        "crewSkillK": 0.0,
        "applyAllMods": false,
        "props": {
          "army": 1,
          "count": 1,
          "formation_type": "rows",
          "formation_div": 3,
          "formation_step": [
            2.5,
            2.0
          ],
          "formation_noise": [
            0.1,
            0.1
          ]
        },
        "way": {}
      },
      {
        "name": "t1_art_04",
        "tm": [
          [
            -0.183022,
            0.049016,
            0.981887
          ],
          [
            -0.0158653,
            0.998479,
            -0.0528027
          ],
          [
            -0.982981,
            -0.0252431,
            -0.181965
          ],
          [
            -1855.16,
            114.037,
            1672.73
          ]
        ],
        "unit_class": "ussr_quest_large_art_noground",
        "objLayer": 1,
        "closed_waypoints": false,
        "isShipSpline": false,
        "shipTurnRadius": 100.0,
        "weapons": "",
        "bullets0": "",
        "bullets1": "",
        "bullets2": "",
        "bullets3": "",
        "bulletsCount0": 0,
        "bulletsCount1": 0,
        "bulletsCount2": 0,
        "bulletsCount3": 0,
        "crewSkillK": 0.0,
        "applyAllMods": false,
        "props": {
          "army": 1,
          "count": 1,
          "formation_type": "rows",
          "formation_div": 3,
          "formation_step": [
            2.5,
            2.0
          ],
          "formation_noise": [
            0.1,
            0.1
          ]
        },
        "way": {}
      },
      {
        "name": "t1_bunker_03",
        "tm": [
          [
            -0.0321463,
            -0.0327147,
            0.998948
          ],
          [
            0.00575267,
            0.999442,
            0.0329157
          ],
          [
            -0.999466,
            0.00680526,
            -0.0319397
          ],
          [
            -7376.13,
            49.2207,
            1783.62
          ]
        ],
        "unit_class": "ussr_quest_large_art_noground",
        "objLayer": 1,
        "closed_waypoints": false,
        "isShipSpline": false,
        "shipTurnRadius": 100.0,
        "weapons": "",
        "bullets0": "",
        "bullets1": "",
        "bullets2": "",
        "bullets3": "",
        "bulletsCount0": 0,
        "bulletsCount1": 0,
        "bulletsCount2": 0,
        "bulletsCount3": 0,
        "crewSkillK": 0.0,
        "applyAllMods": false,
        "props": {
          "army": 1,
          "count": 1,
          "formation_type": "rows",
          "formation_div": 3,
          "formation_step": [
            2.5,
            2.0
          ],
          "formation_noise": [
            0.1,
            0.1
          ]
        },
        "way": {}
      },
      {
        "name": "t1_art_05",
        "tm": [
          [
            -0.0321463,
            -0.0327147,
            0.998948
          ],
          [
            0.00575267,
            0.999442,
            0.0329157
          ],
          [
            -0.999466,
            0.00680526,
            -0.0319397
          ],
          [
            -7470.8,
            46.1793,
            1781.99
          ]
        ],
        "unit_class": "ussr_quest_large_art_noground",
        "objLayer": 1,
        "closed_waypoints": false,
        "isShipSpline": false,
        "shipTurnRadius": 100.0,
        "weapons": "",
        "bullets0": "",
        "bullets1": "",
        "bullets2": "",
        "bullets3": "",
        "bulletsCount0": 0,
        "bulletsCount1": 0,
        "bulletsCount2": 0,
        "bulletsCount3": 0,
        "crewSkillK": 0.0,
        "applyAllMods": false,
        "props": {
          "army": 1,
          "count": 1,
          "formation_type": "rows",
          "formation_div": 3,
          "formation_step": [
            2.5,
            2.0
          ],
          "formation_noise": [
            0.1,
            0.1
          ]
        },
        "way": {}
      },
      {
        "name": "t1_art_06",
        "tm": [
          [
            -0.0321463,
            -0.0327147,
            0.998948
          ],
          [
            0.00575267,
            0.999442,
            0.0329157
          ],
          [
            -0.999466,
            0.00680526,
            -0.0319397
          ],
          [
            -7302.53,
            41.3739,
            1793.81
          ]
        ],
        "unit_class": "ussr_quest_large_art_noground",
        "objLayer": 1,
        "closed_waypoints": false,
        "isShipSpline": false,
        "shipTurnRadius": 100.0,
        "weapons": "",
        "bullets0": "",
        "bullets1": "",
        "bullets2": "",
        "bullets3": "",
        "bulletsCount0": 0,
        "bulletsCount1": 0,
        "bulletsCount2": 0,
        "bulletsCount3": 0,
        "crewSkillK": 0.0,
        "applyAllMods": false,
        "props": {
          "army": 1,
          "count": 1,
          "formation_type": "rows",
          "formation_div": 3,
          "formation_step": [
            2.5,
            2.0
          ],
          "formation_noise": [
            0.1,
            0.1
          ]
        },
        "way": {}
      },
      {
        "name": "t1_bunker_04",
        "tm": [
          [
            -0.385443,
            -0.0320247,
            0.922175
          ],
          [
            -0.0120379,
            0.999486,
            0.029678
          ],
          [
            -0.922652,
            0.000338359,
            -0.385632
          ],
          [
            535.769,
            211.604,
            1859.96
          ]
        ],
        "unit_class": "ussr_quest_large_art_noground",
        "objLayer": 1,
        "closed_waypoints": false,
        "isShipSpline": false,
        "shipTurnRadius": 100.0,
        "weapons": "",
        "bullets0": "",
        "bullets1": "",
        "bullets2": "",
        "bullets3": "",
        "bulletsCount0": 0,
        "bulletsCount1": 0,
        "bulletsCount2": 0,
        "bulletsCount3": 0,
        "crewSkillK": 0.0,
        "applyAllMods": false,
        "props": {
          "army": 1,
          "count": 1,
          "formation_type": "rows",
          "formation_div": 3,
          "formation_step": [
            2.5,
            2.0
          ],
          "formation_noise": [
            0.1,
            0.1
          ]
        },
        "way": {}
      },
      {
        "name": "t1_art_07",
        "tm": [
          [
            -0.385443,
            -0.0320247,
            0.922175
          ],
          [
            -0.0120379,
            0.999486,
            0.029678
          ],
          [
            -0.922652,
            0.000338359,
            -0.385632
          ],
          [
            447.668,
            207.953,
            1824.84
          ]
        ],
        "unit_class": "ussr_quest_large_art_noground",
        "objLayer": 1,
        "closed_waypoints": false,
        "isShipSpline": false,
        "shipTurnRadius": 100.0,
        "weapons": "",
        "bullets0": "",
        "bullets1": "",
        "bullets2": "",
        "bullets3": "",
        "bulletsCount0": 0,
        "bulletsCount1": 0,
        "bulletsCount2": 0,
        "bulletsCount3": 0,
        "crewSkillK": 0.0,
        "applyAllMods": false,
        "props": {
          "army": 1,
          "count": 1,
          "formation_type": "rows",
          "formation_div": 3,
          "formation_step": [
            2.5,
            2.0
          ],
          "formation_noise": [
            0.1,
            0.1
          ]
        },
        "way": {}
      },
      {
        "name": "t1_art_08",
        "tm": [
          [
            -0.385443,
            -0.0320247,
            0.922175
          ],
          [
            -0.0120379,
            0.999486,
            0.029678
          ],
          [
            -0.922652,
            0.000338359,
            -0.385632
          ],
          [
            600.818,
            204.24,
            1895.81
          ]
        ],
        "unit_class": "ussr_quest_large_art_noground",
        "objLayer": 1,
        "closed_waypoints": false,
        "isShipSpline": false,
        "shipTurnRadius": 100.0,
        "weapons": "",
        "bullets0": "",
        "bullets1": "",
        "bullets2": "",
        "bullets3": "",
        "bulletsCount0": 0,
        "bulletsCount1": 0,
        "bulletsCount2": 0,
        "bulletsCount3": 0,
        "crewSkillK": 0.0,
        "applyAllMods": false,
        "props": {
          "army": 1,
          "count": 1,
          "formation_type": "rows",
          "formation_div": 3,
          "formation_step": [
            2.5,
            2.0
          ],
          "formation_noise": [
            0.1,
            0.1
          ]
        },
        "way": {}
      },
      {
        "name": "t1_bunker_05",
        "tm": [
          [
            -0.0867277,
            -0.0151414,
            0.996117
          ],
          [
            0.0188621,
            0.999679,
            0.016838
          ],
          [
            -0.996055,
            0.0202495,
            -0.0864112
          ],
          [
            -11018.3,
            32.5943,
            1902.37
          ]
        ],
        "unit_class": "ussr_quest_large_art_noground",
        "objLayer": 1,
        "closed_waypoints": false,
        "isShipSpline": false,
        "shipTurnRadius": 100.0,
        "weapons": "",
        "bullets0": "",
        "bullets1": "",
        "bullets2": "",
        "bullets3": "",
        "bulletsCount0": 0,
        "bulletsCount1": 0,
        "bulletsCount2": 0,
        "bulletsCount3": 0,
        "crewSkillK": 0.0,
        "applyAllMods": false,
        "props": {
          "army": 1,
          "count": 1,
          "formation_type": "rows",
          "formation_div": 3,
          "formation_step": [
            2.5,
            2.0
          ],
          "formation_noise": [
            0.1,
            0.1
          ]
        },
        "way": {}
      },
      {
        "name": "t1_art_09",
        "tm": [
          [
            -0.0867277,
            -0.0151414,
            0.996117
          ],
          [
            0.0188621,
            0.999679,
            0.016838
          ],
          [
            -0.996055,
            0.0202495,
            -0.0864112
          ],
          [
            -11113.0,
            30.8528,
            1895.77
          ]
        ],
        "unit_class": "ussr_quest_large_art_noground",
        "objLayer": 1,
        "closed_waypoints": false,
        "isShipSpline": false,
        "shipTurnRadius": 100.0,
        "weapons": "",
        "bullets0": "",
        "bullets1": "",
        "bullets2": "",
        "bullets3": "",
        "bulletsCount0": 0,
        "bulletsCount1": 0,
        "bulletsCount2": 0,
        "bulletsCount3": 0,
        "crewSkillK": 0.0,
        "applyAllMods": false,
        "props": {
          "army": 1,
          "count": 1,
          "formation_type": "rows",
          "formation_div": 3,
          "formation_step": [
            2.5,
            2.0
          ],
          "formation_noise": [
            0.1,
            0.1
          ]
        },
        "way": {}
      },
      {
        "name": "t1_art_10",
        "tm": [
          [
            -0.0867277,
            -0.0151414,
            0.996117
          ],
          [
            0.0188621,
            0.999679,
            0.016838
          ],
          [
            -0.996055,
            0.0202495,
            -0.0864112
          ],
          [
            -10945.6,
            23.8991,
            1916.77
          ]
        ],
        "unit_class": "ussr_quest_large_art_noground",
        "objLayer": 1,
        "closed_waypoints": false,
        "isShipSpline": false,
        "shipTurnRadius": 100.0,
        "weapons": "",
        "bullets0": "",
        "bullets1": "",
        "bullets2": "",
        "bullets3": "",
        "bulletsCount0": 0,
        "bulletsCount1": 0,
        "bulletsCount2": 0,
        "bulletsCount3": 0,
        "crewSkillK": 0.0,
        "applyAllMods": false,
        "props": {
          "army": 1,
          "count": 1,
          "formation_type": "rows",
          "formation_div": 3,
          "formation_step": [
            2.5,
            2.0
          ],
          "formation_noise": [
            0.1,
            0.1
          ]
        },
        "way": {}
      },
      {
        "name": "t1_bunker_06",
        "tm": [
          [
            -0.191836,
            0.0203285,
            0.981216
          ],
          [
            -0.0438333,
            0.998611,
            -0.0292589
          ],
          [
            -0.980448,
            -0.0486231,
            -0.190679
          ],
          [
            -3896.59,
            123.514,
            1745.58
          ]
        ],
        "unit_class": "ussr_quest_large_art_noground",
        "objLayer": 1,
        "closed_waypoints": false,
        "isShipSpline": false,
        "shipTurnRadius": 100.0,
        "weapons": "",
        "bullets0": "",
        "bullets1": "",
        "bullets2": "",
        "bullets3": "",
        "bulletsCount0": 0,
        "bulletsCount1": 0,
        "bulletsCount2": 0,
        "bulletsCount3": 0,
        "crewSkillK": 0.0,
        "applyAllMods": false,
        "props": {
          "army": 1,
          "count": 1,
          "formation_type": "rows",
          "formation_div": 3,
          "formation_step": [
            2.5,
            2.0
          ],
          "formation_noise": [
            0.1,
            0.1
          ]
        },
        "way": {}
      },
      {
        "name": "t1_art_11",
        "tm": [
          [
            -0.191836,
            0.0203285,
            0.981216
          ],
          [
            -0.0438333,
            0.998611,
            -0.0292589
          ],
          [
            -0.980448,
            -0.0486231,
            -0.190679
          ],
          [
            -3989.69,
            115.31,
            1729.22
          ]
        ],
        "unit_class": "ussr_quest_large_art_noground",
        "objLayer": 1,
        "closed_waypoints": false,
        "isShipSpline": false,
        "shipTurnRadius": 100.0,
        "weapons": "",
        "bullets0": "",
        "bullets1": "",
        "bullets2": "",
        "bullets3": "",
        "bulletsCount0": 0,
        "bulletsCount1": 0,
        "bulletsCount2": 0,
        "bulletsCount3": 0,
        "crewSkillK": 0.0,
        "applyAllMods": false,
        "props": {
          "army": 1,
          "count": 1,
          "formation_type": "rows",
          "formation_div": 3,
          "formation_step": [
            2.5,
            2.0
          ],
          "formation_noise": [
            0.1,
            0.1
          ]
        },
        "way": {}
      },
      {
        "name": "t1_art_12",
        "tm": [
          [
            -0.191836,
            0.0203285,
            0.981216
          ],
          [
            -0.0438333,
            0.998611,
            -0.0292589
          ],
          [
            -0.980448,
            -0.0486231,
            -0.190679
          ],
          [
            -3825.38,
            120.207,
            1767.85
          ]
        ],
        "unit_class": "ussr_quest_large_art_noground",
        "objLayer": 1,
        "closed_waypoints": false,
        "isShipSpline": false,
        "shipTurnRadius": 100.0,
        "weapons": "",
        "bullets0": "",
        "bullets1": "",
        "bullets2": "",
        "bullets3": "",
        "bulletsCount0": 0,
        "bulletsCount1": 0,
        "bulletsCount2": 0,
        "bulletsCount3": 0,
        "crewSkillK": 0.0,
        "applyAllMods": false,
        "props": {
          "army": 1,
          "count": 1,
          "formation_type": "rows",
          "formation_div": 3,
          "formation_step": [
            2.5,
            2.0
          ],
          "formation_noise": [
            0.1,
            0.1
          ]
        },
        "way": {}
      },
      {
        "name": "t1_bunker_07",
        "tm": [
          [
            -0.256012,
            0.0230047,
            0.966399
          ],
          [
            0.0047243,
            0.999735,
            -0.022547
          ],
          [
            -0.966663,
            -0.0012062,
            -0.256052
          ],
          [
            -16840.7,
            41.3096,
            2035.95
          ]
        ],
        "unit_class": "ussr_quest_large_art_noground",
        "objLayer": 1,
        "closed_waypoints": false,
        "isShipSpline": false,
        "shipTurnRadius": 100.0,
        "weapons": "",
        "bullets0": "",
        "bullets1": "",
        "bullets2": "",
        "bullets3": "",
        "bulletsCount0": 0,
        "bulletsCount1": 0,
        "bulletsCount2": 0,
        "bulletsCount3": 0,
        "crewSkillK": 0.0,
        "applyAllMods": false,
        "props": {
          "army": 1,
          "count": 1,
          "formation_type": "rows",
          "formation_div": 3,
          "formation_step": [
            2.5,
            2.0
          ],
          "formation_noise": [
            0.1,
            0.1
          ]
        },
        "way": {}
      },
      {
        "name": "t1_art_13",
        "tm": [
          [
            -0.256012,
            0.0230047,
            0.966399
          ],
          [
            0.0047243,
            0.999735,
            -0.022547
          ],
          [
            -0.966663,
            -0.0012062,
            -0.256052
          ],
          [
            -16932.7,
            37.5956,
            2013.29
          ]
        ],
        "unit_class": "ussr_quest_large_art_noground",
        "objLayer": 1,
        "closed_waypoints": false,
        "isShipSpline": false,
        "shipTurnRadius": 100.0,
        "weapons": "",
        "bullets0": "",
        "bullets1": "",
        "bullets2": "",
        "bullets3": "",
        "bulletsCount0": 0,
        "bulletsCount1": 0,
        "bulletsCount2": 0,
        "bulletsCount3": 0,
        "crewSkillK": 0.0,
        "applyAllMods": false,
        "props": {
          "army": 1,
          "count": 1,
          "formation_type": "rows",
          "formation_div": 3,
          "formation_step": [
            2.5,
            2.0
          ],
          "formation_noise": [
            0.1,
            0.1
          ]
        },
        "way": {}
      },
      {
        "name": "t1_art_14",
        "tm": [
          [
            -0.256012,
            0.0230047,
            0.966399
          ],
          [
            0.0047243,
            0.999735,
            -0.022547
          ],
          [
            -0.966663,
            -0.0012062,
            -0.256052
          ],
          [
            -16771.4,
            34.5086,
            2062.9
          ]
        ],
        "unit_class": "ussr_quest_large_art_noground",
        "objLayer": 1,
        "closed_waypoints": false,
        "isShipSpline": false,
        "shipTurnRadius": 100.0,
        "weapons": "",
        "bullets0": "",
        "bullets1": "",
        "bullets2": "",
        "bullets3": "",
        "bulletsCount0": 0,
        "bulletsCount1": 0,
        "bulletsCount2": 0,
        "bulletsCount3": 0,
        "crewSkillK": 0.0,
        "applyAllMods": false,
        "props": {
          "army": 1,
          "count": 1,
          "formation_type": "rows",
          "formation_div": 3,
          "formation_step": [
            2.5,
            2.0
          ],
          "formation_noise": [
            0.1,
            0.1
          ]
        },
        "way": {}
      },
      {
        "name": "t1_bunker_08",
        "tm": [
          [
            0.159059,
            0.00820917,
            0.987234
          ],
          [
            -0.0188659,
            0.999808,
            -0.00527417
          ],
          [
            -0.987089,
            -0.0177864,
            0.159185
          ],
          [
            -9067.79,
            35.8692,
            1886.62
          ]
        ],
        "unit_class": "ussr_quest_large_art_noground",
        "objLayer": 1,
        "closed_waypoints": false,
        "isShipSpline": false,
        "shipTurnRadius": 100.0,
        "weapons": "",
        "bullets0": "",
        "bullets1": "",
        "bullets2": "",
        "bullets3": "",
        "bulletsCount0": 0,
        "bulletsCount1": 0,
        "bulletsCount2": 0,
        "bulletsCount3": 0,
        "crewSkillK": 0.0,
        "applyAllMods": false,
        "props": {
          "army": 1,
          "count": 1,
          "formation_type": "rows",
          "formation_div": 3,
          "formation_step": [
            2.5,
            2.0
          ],
          "formation_noise": [
            0.1,
            0.1
          ]
        },
        "way": {}
      },
      {
        "name": "t1_art_15",
        "tm": [
          [
            0.159059,
            0.00820917,
            0.987234
          ],
          [
            -0.0188659,
            0.999808,
            -0.00527417
          ],
          [
            -0.987089,
            -0.0177864,
            0.159185
          ],
          [
            -9160.94,
            30.5692,
            1903.28
          ]
        ],
        "unit_class": "ussr_quest_large_art_noground",
        "objLayer": 1,
        "closed_waypoints": false,
        "isShipSpline": false,
        "shipTurnRadius": 100.0,
        "weapons": "",
        "bullets0": "",
        "bullets1": "",
        "bullets2": "",
        "bullets3": "",
        "bulletsCount0": 0,
        "bulletsCount1": 0,
        "bulletsCount2": 0,
        "bulletsCount3": 0,
        "crewSkillK": 0.0,
        "applyAllMods": false,
        "props": {
          "army": 1,
          "count": 1,
          "formation_type": "rows",
          "formation_div": 3,
          "formation_step": [
            2.5,
            2.0
          ],
          "formation_noise": [
            0.1,
            0.1
          ]
        },
        "way": {}
      },
      {
        "name": "t1_art_16",
        "tm": [
          [
            0.159059,
            0.00820917,
            0.987234
          ],
          [
            -0.0188659,
            0.999808,
            -0.00527417
          ],
          [
            -0.987089,
            -0.0177864,
            0.159185
          ],
          [
            -8993.36,
            30.1782,
            1882.89
          ]
        ],
        "unit_class": "ussr_quest_large_art_noground",
        "objLayer": 1,
        "closed_waypoints": false,
        "isShipSpline": false,
        "shipTurnRadius": 100.0,
