{
  "selected_tag": "",
  "bin_dump_file": "",
  "mission_settings": {
    "atmosphere": {
      "pressure": 760.0,
      "temperature": 30.0
    },
    "player": {
      "army": 1,
      "wing": ""
    },
    "player_teamB": {
      "army": 2
    },
    "mission": {
      "level": "levels/avg_mozdok.bin",
      "type": "domination",
      "restoreType": "attempts",
      "optionalTakeOff": false,
      "environment": "Day",
      "weather": "hazy",
      "scoreLimit": 6400,
      "timeLimit": 25,
      "deathPenaltyMul": 1.0,
      "randomSpawnTeams": true,
      "remapAiTankModels": true,
      "country_axis": "germany",
      "country_allies": "ussr"
    },
    "spectator_points": [],
    "briefing": {
      "place_loc": "",
      "date_loc": "",
      "objective_loc": "",
      "music": "action_01"
    }
  },
  "imports": {
    "import_record": {
      "file": "gameData/missions/templates/tank_templates/ai_base_defense_template.blk",
      "importAreas": true,
      "importUnits": true,
      "importTriggers": true,
      "importMissionObjectives": true,
      "importWayPoints": true,
      "showAreas": true,
      "showUnits": true,
      "showTriggers": true,
      "showMissionObjectives": true,
      "showWayPoints": true,
      "excludes": []
    }
  },
  "triggers": {
    "isCategory": true,
    "is_enabled": true
  },
  "mission_objectives": {
    "isCategory": true,
    "is_enabled": true
  },
  "variables": [],
  "dialogs": [],
  "airfields": [],
  "effects": [],
  "units": [
    {
      "objectGroups": {
        "name": "t1_trench01",
        "tm": [
          [0.161586,0.0,0.986859],
          [0.0,1.0,0.0],
          [-0.986859,0.0,0.161586],
          [1358.3,6.0,2521.35]
        ],
        "unit_class": "rendinst_fortification_sandbags_onground_a",
        "objLayer": 2,
        "props": {
          "army": 1,
          "active": true
        }
      }
    },
    {
      "objectGroups": {
        "name": "t1_trench02",
        "tm": [
          [-0.0227019,0.0,0.999742],
          [0.0,1.0,0.0],
          [-0.999742,0.0,-0.0227019],
          [1367.45,5.75,2526.7]
        ],
        "unit_class": "rendinst_fortification_sandbags_onground_a",
        "objLayer": 2,
        "props": {
          "army": 1,
          "active": true
        }
      }
    },
    {
      "objectGroups": {
        "name": "t1_trench03",
        "tm": [
          [-0.00207114,0.0,0.999998],
          [0.0,1.0,0.0],
          [-0.999998,0.0,-0.00207114],
          [1388.9,5.25462,2519.05]
        ],
        "unit_class": "rendinst_fortification_sandbags_onground_a",
        "objLayer": 2,
        "props": {
          "army": 1,
          "active": true
        }
      }
    },
    {
      "objectGroups": {
        "name": "t1_trench04",
        "tm": [
          [0.368748,0.0,0.929529],
          [0.0,1.0,0.0],
          [-0.929529,0.0,0.368748],
          [1531.5,7.47916,2562.3]
        ],
        "unit_class": "rendinst_fortification_sandbags_onground_a",
        "objLayer": 2,
        "props": {
          "army": 1,
          "active": true
        }
      }
    },
    {
      "objectGroups": {
        "name": "t1_trench05",
        "tm": [
          [0.636603,0.0,0.771191],
          [0.0,1.0,0.0],
          [-0.771191,0.0,0.636603],
          [1554.35,7.3,2553.25]
        ],
        "unit_class": "rendinst_fortification_sandbags_onground_a",
        "objLayer": 2,
        "props": {
          "army": 1,
          "active": true
        }
      }
    },
    {
      "objectGroups": {
        "name": "t1_trench06",
        "tm": [
          [0.446681,0.0,0.894693],
          [0.0,1.0,0.0],
          [-0.894693,0.0,0.446681],
          [1606.65,2.30482,2480.85]
        ],
        "unit_class": "rendinst_fortification_sandbags_onground_a",
        "objLayer": 2,
        "props": {
          "army": 1,
          "active": true
        }
      }
    },
    {
      "objectGroups": {
        "name": "t1_trench07",
        "tm": [
          [0.835459,0.0,0.549551],
          [0.0,1.0,0.0],
          [-0.549551,0.0,0.835459],
          [1617.15,2.35,2475.2]
        ],
        "unit_class": "rendinst_fortification_sandbags_onground_a",
        "objLayer": 2,
        "props": {
          "army": 1,
          "active": true
        }
      }
    },
    {
      "objectGroups": {
        "name": "t1_trench08",
        "tm": [
          [0.969459,0.0,0.245252],
          [0.0,1.0,0.0],
          [-0.245252,0.0,0.969459],
          [1626.05,3.11191,2453.6]
        ],
        "unit_class": "rendinst_fortification_sandbags_onground_a",
        "objLayer": 2,
        "props": {
          "army": 1,
          "active": true
        }
      }
    },
    {
      "objectGroups": {
        "name": "t1_trench09",
        "tm": [
          [0.619135,0.0,0.785284],
          [0.0,1.0,0.0],
          [-0.785284,0.0,0.619135],
          [1198.25,7.55,2737.45]
        ],
        "unit_class": "rendinst_fortification_sandbags_onground_a",
        "objLayer": 2,
        "props": {
          "army": 1,
          "active": true
        }
      }
    },
    {
      "objectGroups": {
        "name": "t1_trench10",
        "tm": [
          [0.623832,0.0,0.781559],
          [0.0,1.0,0.0],
          [-0.781559,0.0,0.623832],
          [1217.65,7.6,2721.05]
        ],
        "unit_class": "rendinst_fortification_sandbags_onground_a",
        "objLayer": 2,
        "props": {
          "army": 1,
          "active": true
        }
      }
    },
    {
      "objectGroups": {
        "name": "t1_trench11",
        "tm": [
          [0.508641,0.0,0.860978],
          [0.0,1.0,0.0],
          [-0.860978,0.0,0.508641],
          [1755.65,5.5287,2548.55]
        ],
        "unit_class": "rendinst_fortification_sandbags_onground_a",
        "objLayer": 2,
        "props": {
          "army": 1,
          "active": true
        }
      }
    },
    {
      "objectGroups": {
        "name": "t1_trench12",
        "tm": [
          [0.613617,0.0,0.789604],
          [0.0,1.0,0.0],
          [-0.789604,0.0,0.613617],
          [1780.5,5.75634,2518.45]
        ],
        "unit_class": "rendinst_fortification_sandbags_onground_a",
        "objLayer": 2,
        "props": {
          "army": 1,
          "active": true
        }
      }
    },
    {
      "objectGroups": {
        "name": "t1_trench13",
        "tm": [
          [0.585579,0.0,0.810615],
          [0.0,1.0,0.0],
          [-0.810615,0.0,0.585579],
          [1791.45,6.15,2513.05]
        ],
        "unit_class": "rendinst_fortification_sandbags_onground_a",
        "objLayer": 2,
        "props": {
          "army": 1,
          "active": true
        }
      }
    },
    {
      "tankModels": {
        "name": "t1_antiTankGun01",
        "tm": [
          [0.542381,0.0,0.840132],
          [0.0,1.0,0.0],
          [-0.840132,0.0,0.542381],
          [1197.25,7.65,2735.9]
        ],
        "unit_class": "germ_at_gun_pak40",
        "objLayer": 1,
        "closed_waypoints": false,
        "isShipSpline": false,
        "shipTurnRadius": 100.0,
        "weapons": "",
        "bullets0": "",
        "bullets1": "",
        "bullets2": "",
        "bullets3": "",
        "bulletsCount0": 0,
        "bulletsCount1": 0,
        "bulletsCount2": 0,
        "bulletsCount3": 0,
        "props": {
          "army": 1,
          "count": 1,
          "formation_type": "rows",
          "formation_div": 3,
          "formation_step": [2.5,2.0],
          "formation_noise": [0.1,0.1],
          "uniqueName": "",
          "attack_type": "fire_at_will",
          "unitReplacementType": "antiTankGun"
        },
        "way": []
      }
    },
    {
      "tankModels": {
        "name": "t1_antiTankGun02",
        "tm": [
          [0.581567,0.0,0.813498],
          [0.0,1.0,0.0],
          [-0.813498,0.0,0.581567],
          [1216.5,8.35,2719.75]
        ],
        "unit_class": "germ_at_gun_pak40",
        "objLayer": 1,
        "closed_waypoints": false,
        "isShipSpline": false,
        "shipTurnRadius": 100.0,
        "weapons": "",
        "bullets0": "",
        "bullets1": "",
        "bullets2": "",
        "bullets3": "",
        "bulletsCount0": 0,
        "bulletsCount1": 0,
        "bulletsCount2": 0,
        "bulletsCount3": 0,
        "props": {
          "army": 1,
          "count": 1,
          "formation_type": "rows",
          "formation_div": 3,
          "formation_step": [2.5,2.0],
          "formation_noise": [0.1,0.1],
          "uniqueName": "",
          "attack_type": "fire_at_will",
          "unitReplacementType": "antiTankGun"
        },
        "way": []
      }
    },
    {
      "tankModels": {
        "name": "t1_antiTankGun03",
        "tm": [
          [0.0672992,0.0,0.997731],
          [0.0,1.0,0.0],
          [-0.997731,0.0,0.0672992],
          [1518.9,7.94334,2559.75]
        ],
        "unit_class": "germ_at_gun_pak40",
        "objLayer": 1,
        "closed_waypoints": false,
        "isShipSpline": false,
        "shipTurnRadius": 100.0,
        "weapons": "",
        "bullets0": "",
        "bullets1": "",
        "bullets2": "",
        "bullets3": "",
        "bulletsCount0": 0,
        "bulletsCount1": 0,
        "bulletsCount2": 0,
        "bulletsCount3": 0,
        "props": {
          "army": 1,
          "count": 1,
          "formation_type": "rows",
          "formation_div": 3,
          "formation_step": [2.5,2.0],
          "formation_noise": [0.1,0.1],
          "uniqueName": "",
          "attack_type": "fire_at_will",
          "unitReplacementType": "antiTankGun"
        },
        "way": []
      }
    },
    {
      "tankModels": {
        "name": "t1_antiTankGun04",
        "tm": [
          [0.625031,0.0,0.7806],
          [0.0,1.0,0.0],
          [-0.7806,0.0,0.625031],
          [1553.15,7.11862,2552.25]
        ],
        "unit_class": "germ_at_gun_pak40",
        "objLayer": 1,
        "closed_waypoints": false,
        "isShipSpline": false,
        "shipTurnRadius": 100.0,
        "weapons": "",
        "bullets0": "",
        "bullets1": "",
        "bullets2": "",
        "bullets3": "",
        "bulletsCount0": 0,
        "bulletsCount1": 0,
        "bulletsCount2": 0,
        "bulletsCount3": 0,
        "props": {
          "army": 1,
          "count": 1,
          "formation_type": "rows",
          "formation_div": 3,
          "formation_step": [2.5,2.0],
          "formation_noise": [0.1,0.1],
          "uniqueName": "",
          "attack_type": "fire_at_will",
          "unitReplacementType": "antiTankGun"
        },
        "way": []
      }
    },
    {
      "tankModels": {
        "name": "t1_antiTankGun05",
        "tm": [
          [0.103398,0.0,0.99464],
          [0.0,1.0,0.0],
          [-0.99464,0.0,0.103398],
          [1358.05,6.0,2519.6]
        ],
        "unit_class": "germ_at_gun_pak40",
        "objLayer": 1,
        "closed_waypoints": false,
        "isShipSpline": false,
        "shipTurnRadius": 100.0,
        "weapons": "",
        "bullets0": "",
        "bullets1": "",
        "bullets2": "",
        "bullets3": "",
        "bulletsCount0": 0,
        "bulletsCount1": 0,
        "bulletsCount2": 0,
        "bulletsCount3": 0,
        "props": {
          "army": 1,
          "count": 1,
          "formation_type": "rows",
          "formation_div": 3,
          "formation_step": [2.5,2.0],
          "formation_noise": [0.1,0.1],
          "uniqueName": "",
          "attack_type": "fire_at_will",
          "unitReplacementType": "antiTankGun"
        },
        "way": []
      }
    },
    {
      "tankModels": {
        "name": "t1_antiTankGun06",
        "tm": [
          [-0.0643391,0.0,0.997928],
          [0.0,1.0,0.0],
          [-0.997928,0.0,-0.0643391],
          [1367.5,5.72534,2525.15]
        ],
        "unit_class": "germ_at_gun_pak40",
        "objLayer": 1,
        "closed_waypoints": false,
        "isShipSpline": false,
        "shipTurnRadius": 100.0,
        "weapons": "",
        "bullets0": "",
        "bullets1": "",
        "bullets2": "",
        "bullets3": "",
        "bulletsCount0": 0,
        "bulletsCount1": 0,
        "bulletsCount2": 0,
        "bulletsCount3": 0,
        "props": {
          "army": 1,
          "count": 1,
          "formation_type": "rows",
          "formation_div": 3,
          "formation_step": [2.5,2.0],
          "formation_noise": [0.1,0.1],
          "uniqueName": "",
          "attack_type": "fire_at_will",
          "unitReplacementType": "antiTankGun"
        },
        "way": []
      }
    },
    {
      "tankModels": {
        "name": "t1_antiTankGun07",
        "tm": [
          [-0.0724718,0.0,0.99737],
          [0.0,1.0,0.0],
          [-0.99737,0.0,-0.0724718],
          [1389.0,5.21458,2517.55]
        ],
        "unit_class": "germ_at_gun_pak40",
        "objLayer": 1,
        "closed_waypoints": false,
        "isShipSpline": false,
        "shipTurnRadius": 100.0,
        "weapons": "",
        "bullets0": "",
        "bullets1": "",
        "bullets2": "",
        "bullets3": "",
        "bulletsCount0": 0,
        "bulletsCount1": 0,
        "bulletsCount2": 0,
        "bulletsCount3": 0,
        "props": {
          "army": 1,
          "count": 1,
          "formation_type": "rows",
          "formation_div": 3,
          "formation_step": [2.5,2.0],
          "formation_noise": [0.1,0.1],
          "uniqueName": "",
          "attack_type": "fire_at_will",
          "unitReplacementType": "antiTankGun"
        },
        "way": []
      }
    },
    {
      "tankModels": {
        "name": "t1_antiTankGun08",
        "tm": [
          [0.495294,0.0,0.868725],
          [0.0,1.0,0.0],
          [-0.868725,0.0,0.495294],
          [1605.8,2.26405,2479.45]
        ],
        "unit_class": "germ_at_gun_pak40",
        "objLayer": 1,
        "closed_waypoints": false,
        "isShipSpline": false,
        "shipTurnRadius": 100.0,
        "weapons": "",
        "bullets0": "",
        "bullets1": "",
        "bullets2": "",
        "bullets3": "",
        "bulletsCount0": 0,
        "bulletsCount1": 0,
        "bulletsCount2": 0,
        "bulletsCount3": 0,
        "props": {
          "army": 1,
          "count": 1,
          "formation_type": "rows",
          "formation_div": 3,
          "formation_step": [2.5,2.0],
          "formation_noise": [0.1,0.1],
          "uniqueName": "",
          "attack_type": "fire_at_will",
          "unitReplacementType": "antiTankGun"
        },
        "way": []
      }
    },
    {
      "tankModels": {
        "name": "t1_antiTankGun09",
        "tm": [
          [0.798204,0.0,0.602386],
          [0.0,1.0,0.0],
          [-0.602386,0.0,0.798204],
          [1615.7,2.14189,2474.15]
        ],
        "unit_class": "germ_at_gun_pak40",
        "objLayer": 1,
        "closed_waypoints": false,
        "isShipSpline": false,
        "shipTurnRadius": 100.0,
        "weapons": "",
        "bullets0": "",
        "bullets1": "",
        "bullets2": "",
        "bullets3": "",
        "bulletsCount0": 0,
        "bulletsCount1": 0,
        "bulletsCount2": 0,
        "bulletsCount3": 0,
        "props": {
          "army": 1,
          "count": 1,
          "formation_type": "rows",
          "formation_div": 3,
          "formation_step": [2.5,2.0],
          "formation_noise": [0.1,0.1],
          "uniqueName": "",
          "attack_type": "fire_at_will",
          "unitReplacementType": "antiTankGun"
        },
        "way": []
      }
    },
    {
      "tankModels": {
        "name": "t1_antiTankGun10",
        "tm": [
          [0.931317,0.0,0.364207],
          [0.0,1.0,0.0],
          [-0.364207,0.0,0.931317],
          [1623.95,2.48555,2464.95]
        ],
        "unit_class": "germ_at_gun_pak40",
        "objLayer": 1,
        "closed_waypoints": false,
        "isShipSpline": false,
        "shipTurnRadius": 100.0,
        "weapons": "",
        "bullets0": "",
        "bullets1": "",
        "bullets2": "",
        "bullets3": "",
        "bulletsCount0": 0,
        "bulletsCount1": 0,
        "bulletsCount2": 0,
        "bulletsCount3": 0,
        "props": {
          "army": 1,
          "count": 1,
          "formation_type": "rows",
          "formation_div": 3,
          "formation_step": [2.5,2.0],
          "formation_noise": [0.1,0.1],
          "uniqueName": "",
          "attack_type": "fire_at_will",
          "unitReplacementType": "antiTankGun"
        },
        "way": []
      }
    },
    {
      "tankModels": {
        "name": "t1_antiTankGun11",
        "tm": [
          [0.30558,0.0,0.952165],
          [0.0,1.0,0.0],
          [-0.952165,0.0,0.30558],
          [1531.1,7.45,2561.15]
        ],
        "unit_class": "germ_at_gun_pak40",
        "objLayer": 1,
        "closed_waypoints": false,
        "isShipSpline": false,
        "shipTurnRadius": 100.0,
        "weapons": "",
        "bullets0": "",
        "bullets1": "",
        "bullets2": "",
        "bullets3": "",
        "bulletsCount0": 0,
        "bulletsCount1": 0,
        "bulletsCount2": 0,
        "bulletsCount3": 0,
        "props": {
          "army": 1,
          "count": 1,
          "formation_type": "rows",
          "formation_div": 3,
          "formation_step": [2.5,2.0],
          "formation_noise": [0.1,0.1],
          "uniqueName": "",
          "attack_type": "fire_at_will",
          "unitReplacementType": "antiTankGun"
        },
        "way": []
      }
    },
    {
      "tankModels": {
        "name": "t1_antiTankGun12",
        "tm": [
          [0.959316,0.0,0.282333],
          [0.0,1.0,0.0],
          [-0.282333,0.0,0.959316],
          [1624.55,3.0,2453.25]
        ],
        "unit_class": "germ_at_gun_pak40",
        "objLayer": 1,
        "closed_waypoints": false,
        "isShipSpline": false,
        "shipTurnRadius": 100.0,
        "weapons": "",
        "bullets0": "",
        "bullets1": "",
        "bullets2": "",
        "bullets3": "",
        "bulletsCount0": 0,
        "bulletsCount1": 0,
        "bulletsCount2": 0,
        "bulletsCount3": 0,
        "props": {
          "army": 1,
          "count": 1,
          "formation_type": "rows",
          "formation_div": 3,
          "formation_step": [2.5,2.0],
          "formation_noise": [0.1,0.1],
          "uniqueName": "",
          "attack_type": "fire_at_will",
          "unitReplacementType": "antiTankGun"
        },
        "way": []
      }
    },
    {
      "tankModels": {
        "name": "t1_antiTankGun13",
        "tm": [
          [0.488247,0.0,0.872705],
          [0.0,1.0,0.0],
          [-0.872705,0.0,0.488247],
          [1755.0,5.55132,2547.5]
        ],
        "unit_class": "germ_at_gun_pak40",
        "objLayer": 1,
        "closed_waypoints": false,
        "isShipSpline": false,
        "shipTurnRadius": 100.0,
        "weapons": "",
        "bullets0": "",
        "bullets1": "",
        "bullets2": "",
        "bullets3": "",
        "bulletsCount0": 0,
        "bulletsCount1": 0,
        "bulletsCount2": 0,
        "bulletsCount3": 0,
        "props": {
          "army": 1,
          "count": 1,
          "formation_type": "rows",
          "formation_div": 3,
          "formation_step": [2.5,2.0],
          "formation_noise": [0.1,0.1],
          "uniqueName": "",
          "attack_type": "fire_at_will",
          "unitReplacementType": "antiTankGun"
        },
        "way": []
      }
    },
    {
      "tankModels": {
        "name": "t1_antiTankGun14",
        "tm": [
          [0.498462,0.0,0.86691],
          [0.0,1.0,0.0],
          [-0.86691,0.0,0.498462],
          [1766.5,5.79677,2545.55]
        ],
        "unit_class": "germ_at_gun_pak40",
        "objLayer": 1,
        "closed_waypoints": false,
        "isShipSpline": false,
        "shipTurnRadius": 100.0,
        "weapons": "",
        "bullets0": "",
        "bullets1": "",
        "bullets2": "",
        "bullets3": "",
        "bulletsCount0": 0,
        "bulletsCount1": 0,
        "bulletsCount2": 0,
        "bulletsCount3": 0,
        "props": {
          "army": 1,
          "count": 1,
          "formation_type": "rows",
          "formation_div": 3,
          "formation_step": [2.5,2.0],
          "formation_noise": [0.1,0.1],
          "uniqueName": "",
          "attack_type": "fire_at_will",
          "unitReplacementType": "antiTankGun"
        },
        "way": []
      }
    },
    {
      "tankModels": {
        "name": "t1_antiTankGun15",
        "tm": [
          [0.535839,0.0,0.844319],
          [0.0,1.0,0.0],
          [-0.844319,0.0,0.535839],
          [1779.65,5.78003,2517.1]
        ],
        "unit_class": "germ_at_gun_pak40",
        "objLayer": 1,
        "closed_waypoints": false,
        "isShipSpline": false,
        "shipTurnRadius": 100.0,
        "weapons": "",
        "bullets0": "",
        "bullets1": "",
        "bullets2": "",
        "bullets3": "",
        "bulletsCount0": 0,
        "bulletsCount1": 0,
        "bulletsCount2": 0,
        "bulletsCount3": 0,
        "props": {
          "army": 1,
          "count": 1,
          "formation_type": "rows",
          "formation_div": 3,
          "formation_step": [2.5,2.0],
          "formation_noise": [0.1,0.1],
          "uniqueName": "",
          "attack_type": "fire_at_will",
          "unitReplacementType": "antiTankGun"
        },
        "way": []
      }
    },
    {
      "tankModels": {
        "name": "t1_antiTankGun16",
        "tm": [
          [0.572334,0.0,0.82002],
          [0.0,1.0,0.0],
          [-0.82002,0.0,0.572334],
          [1790.45,6.07368,2511.9]
        ],
        "unit_class": "germ_at_gun_pak40",
        "objLayer": 1,
        "closed_waypoints": false,
        "isShipSpline": false,
        "shipTurnRadius": 100.0,
        "weapons": "",
        "bullets0": "",
        "bullets1": "",
        "bullets2": "",
        "bullets3": "",
        "bulletsCount0": 0,
        "bulletsCount1": 0,
        "bulletsCount2": 0,
        "bulletsCount3": 0,
        "props": {
          "army": 1,
          "count": 1,
          "formation_type": "rows",
          "formation_div": 3,
          "formation_step": [2.5,2.0],
          "formation_noise": [0.1,0.1],
          "uniqueName": "",
          "attack_type": "fire_at_will",
          "unitReplacementType": "antiTankGun"
        },
        "way": []
      }
    },
    {
      "squad": {
        "name": "t1_zoneDef_sq",
        "tm": [
          [-0.0158584,0.0,0.999874],
          [0.0,1.0,0.0],
          [-0.999874,0.0,-0.0158584],
          [1283.38,10.335,2036.97]
        ],
        "props": [
          {
            "object_marking": 0
          },
          {
            "squad_members": "t1_antiTankGun01"
          },
          {
            "squad_members": "t1_antiTankGun02"
          },
          {
            "squad_members": "t1_antiTankGun03"
          },
          {
            "squad_members": "t1_antiTankGun04"
          },
          {
            "squad_members": "t1_antiTankGun05"
          },
          {
            "squad_members": "t1_antiTankGun06"
          },
          {
            "squad_members": "t1_antiTankGun07"
          },
          {
            "squad_members": "t1_antiTankGun08"
          },
          {
            "squad_members": "t1_antiTankGun09"
          },
          {
            "squad_members": "t1_antiTankGun10"
          },
          {
            "squad_members": "t1_antiTankGun11"
          },
          {
            "squad_members": "t1_antiTankGun12"
          },
          {
            "squad_members": "t1_antiTankGun13"
          },
          {
            "squad_members": "t1_antiTankGun14"
          },
          {
            "squad_members": "t1_antiTankGun15"
          },
          {
            "squad_members": "t1_antiTankGun16"
          },
          {
            "squad_members": "t1_antiTankGun17"
          },
          {
            "squad_members": "t1_antiTankGun18"
          },
          {
            "squad_members": "t1_antiTankGun19"
          },
          {
            "squad_members": "t1_antiTankGun20"
          }
        ]
      }
    },
    {
      "squad": {
        "name": "t1_trench_sq",
        "tm": [
          [-0.0158584,0.0,0.999874],
          [0.0,1.0,0.0],
          [-0.999874,0.0,-0.0158584],
          [1266.05,7.32767,2073.62]
        ],
        "props": [
          {
            "object_marking": 0
          },
          {
            "squad_members": "t1_trench01"
          },
          {
            "squad_members": "t1_trench02"
          },
          {
            "squad_members": "t1_trench03"
          },
          {
            "squad_members": "t1_trench04"
          },
          {
            "squad_members": "t1_trench05"
          },
          {
            "squad_members": "t1_trench06"
          },
          {
            "squad_members": "t1_trench07"
          },
          {
            "squad_members": "t1_trench08"
          },
          {
            "squad_members": "t1_trench09"
          },
          {
            "squad_members": "t1_trench10"
          },
          {
            "squad_members": "t1_trench11"
          },
          {
            "squad_members": "t1_trench12"
          },
          {
            "squad_members": "t1_trench13"
          }
        ]
      }
    },
    {
      "objectGroups": {
        "name": "t2_trench01",
        "tm": [
          [-0.660595,0.0,-0.750742],
          [0.0,1.0,0.0],
          [0.750745,0.0,-0.660593],
          [2677.7,2.83613,3379.1]
        ],
        "unit_class": "rendinst_fortification_sandbags_onground_a",
        "objLayer": 2,
        "props": {
          "army": 2,
          "active": true
        }
      }
    },
    {
      "objectGroups": {
        "name": "t2_trench02",
        "tm": [
          [-0.717418,0.0,-0.696643],
          [0.0,1.0,0.0],
          [0.696643,0.0,-0.717418],
          [2667.05,2.07167,3385.95]
        ],
        "unit_class": "rendinst_fortification_sandbags_onground_a",
        "objLayer": 2,
        "props": {
          "army": 2,
          "active": true
        }
      }
    },
    {
      "objectGroups": {
        "name": "t2_trench03",
        "tm": [
          [-0.858533,0.0,-0.512758],
          [0.0,1.0,0.0],
          [0.512758,0.0,-0.858533],
          [2654.2,1.33014,3394.4]
        ],
        "unit_class": "rendinst_fortification_sandbags_onground_a",
        "objLayer": 2,
        "props": {
          "army": 2,
          "active": true
        }
      }
    },
    {
      "objectGroups": {
        "name": "t2_trench04",
        "tm": [
          [-0.457998,0.0,-0.888953],
          [0.0,1.0,0.0],
          [0.888953,0.0,-0.457998],
          [2458.9,3.03565,3320.65]
        ],
        "unit_class": "rendinst_fortification_sandbags_onground_a",
        "objLayer": 2,
        "props": {
          "army": 2,
          "active": true
        }
      }
    },
    {
      "objectGroups": {
        "name": "t2_trench05",
        "tm": [
          [-0.652856,0.0,-0.757482],
          [0.0,1.0,0.0],
          [0.757482,0.0,-0.652856],
          [2428.25,2.95132,3340.35]
        ],
        "unit_class": "rendinst_fortification_sandbags_onground_a",
        "objLayer": 2,
        "props": {
          "army": 2,
          "active": true
        }
      }
    },
    {
      "objectGroups": {
        "name": "t2_trench06",
        "tm": [
          [-0.155653,0.0,-0.987811],
          [0.0,1.0,0.0],
          [0.987811,0.0,-0.155653],
          [2452.3,1.85,3444.5]
        ],
        "unit_class": "rendinst_fortification_sandbags_onground_a",
        "objLayer": 2,
        "props": {
          "army": 2,
          "active": true
        }
      }
    },
    {
      "objectGroups": {
        "name": "t2_trench07",
        "tm": [
          [-0.254164,0.0,-0.967161],
          [0.0,1.0,0.0],
          [0.967161,0.0,-0.254164],
          [2442.3,4.84387,3453.35]
        ],
        "unit_class": "rendinst_fortification_sandbags_onground_a",
        "objLayer": 2,
        "props": {
          "army": 2,
          "active": true
        }
      }
    },
    {
      "objectGroups": {
        "name": "t2_trench08",
        "tm": [
          [-0.059868,0.0,-0.998206],
          [0.0,1.0,0.0],
          [0.998206,0.0,-0.059868],
          [2427.25,2.87007,3463.11]
        ],
        "unit_class": "rendinst_fortification_sandbags_onground_a",
        "objLayer": 2,
        "props": {
          "army": 2,
          "active": true
        }
      }
    },
    {
      "objectGroups": {
        "name": "t2_trench09",
        "tm": [
          [-0.283321,0.0,-0.959025],
          [0.0,1.0,0.0],
          [0.959025,0.0,-0.283321],
          [2341.96,4.66807,3340.66]
        ],
        "unit_class": "rendinst_fortification_sandbags_onground_a",
        "objLayer": 2,
        "props": {
          "army": 2,
          "active": true
        }
      }
    },
    {
      "objectGroups": {
        "name": "t2_trench10",
        "tm": [
          [-0.424187,0.0,-0.905574],
          [0.0,1.0,0.0],
          [0.905574,0.0,-0.424187],
          [2331.4,4.87497,3348.55]
        ],
        "unit_class": "rendinst_fortification_sandbags_onground_a",
        "objLayer": 2,
        "props": {
          "army": 2,
          "active": true
        }
      }
    },
    {
      "objectGroups": {
        "name": "t2_trench11",
        "tm": [
          [-0.864581,0.0,-0.502494],
          [0.0,1.0,0.0],
          [0.502494,0.0,-0.864581],
          [2307.85,4.64212,3374.0]
        ],
        "unit_class": "rendinst_fortification_sandbags_onground_a",
        "objLayer": 2,
        "props": {
          "army": 2,
          "active": true
        }
      }
    },
    {
      "objectGroups": {
        "name": "t2_trench12",
        "tm": [
          [-0.439188,0.0,-0.898395],
          [0.0,1.0,0.0],
          [0.898395,0.0,-0.439188],
          [2121.6,4.7,3416.9]
        ],
        "unit_class": "rendinst_fortification_sandbags_onground_a",
        "objLayer": 2,
        "props": {
          "army": 2,
          "active": true
        }
      }
    },
    {
      "objectGroups": {
        "name": "t2_trench13",
        "tm": [
          [-0.750313,0.0,-0.661082],
          [0.0,1.0,0.0],
          [0.661084,0.0,-0.750312],
          [2110.4,4.86263,3423.0]
        ],
        "unit_class": "rendinst_fortification_sandbags_onground_a",
        "objLayer": 2,
        "props": {
          "army": 2,
          "active": true
        }
      }
    },
    {
      "squad": {
        "name": "t2_trench_sq",
        "tm": [
          [-0.0501763,0.0,0.99874],
          [0.0,1.0,0.0],
          [-0.99874,0.0,-0.0501763],
          [2738.12,5.45914,3343.35]
        ],
        "props": [
          {
            "object_marking": 0
          },
          {
            "squad_members": "t2_trench01"
          },
          {
            "squad_members": "t2_trench02"
          },
          {
            "squad_members": "t2_trench03"
          },
          {
            "squad_members": "t2_trench04"
          },
          {
            "squad_members": "t2_trench05"
          },
          {
            "squad_members": "t2_trench06"
          },
          {
            "squad_members": "t2_trench07"
          },
          {
            "squad_members": "t2_trench08"
          },
          {
            "squad_members": "t2_trench09"
          },
          {
            "squad_members": "t2_trench10"
          },
          {
            "squad_members": "t2_trench11"
          },
          {
            "squad_members": "t2_trench12"
          },
          {
            "squad_members": "t2_trench13"
          }
        ]
      }
    },
    {
      "tankModels": {
        "name": "t2_antiTankGun01",
        "tm": [
          [-0.786336,0.0,-0.617798],
          [0.0,1.0,0.0],
          [0.617798,0.0,-0.786336],
          [2688.6,3.01035,3372.95]
        ],
        "unit_class": "germ_at_gun_pak40",
        "objLayer": 1,
        "closed_waypoints": false,
        "isShipSpline": false,
        "shipTurnRadius": 100.0,
        "weapons": "",
        "bullets0": "",
        "bullets1": "",
        "bullets2": "",
        "bullets3": "",
        "bulletsCount0": 0,
        "bulletsCount1": 0,
        "bulletsCount2": 0,
        "bulletsCount3": 0,
        "props": {
          "army": 2,
          "count": 1,
          "formation_type": "rows",
          "formation_div": 3,
          "formation_step": [2.5,2.0],
          "formation_noise": [0.1,0.1],
          "uniqueName": "",
          "attack_type": "fire_at_will",
          "unitReplacementType": "antiTankGun"
        },
        "way": []
      }
    },
    {
      "tankModels": {
        "name": "t2_antiTankGun02",
        "tm": [
          [-0.656361,0.0,-0.754445],
          [0.0,1.0,0.0],
          [0.754445,0.0,-0.656361],
          [2678.45,2.78809,3380.0]
        ],
        "unit_class": "germ_at_gun_pak40",
        "objLayer": 1,
        "closed_waypoints": false,
        "isShipSpline": false,
        "shipTurnRadius": 100.0,
        "weapons": "",
        "bullets0": "",
        "bullets1": "",
        "bullets2": "",
        "bullets3": "",
        "bulletsCount0": 0,
        "bulletsCount1": 0,
        "bulletsCount2": 0,
        "bulletsCount3": 0,
        "props": {
          "army": 2,
          "count": 1,
          "formation_type": "rows",
          "formation_div": 3,
          "formation_step": [2.5,2.0],
          "formation_noise": [0.1,0.1],
          "uniqueName": "",
          "attack_type": "fire_at_will",
          "unitReplacementType": "antiTankGun"
        },
        "way": []
      }
    },
    {
      "tankModels": {
        "name": "t2_antiTankGun03",
        "tm": [
          [-0.679172,0.0,-0.733979],
          [0.0,1.0,0.0],
          [0.733979,0.0,-0.679172],
          [2668.45,2.02699,3387.45]
        ],
        "unit_class": "germ_at_gun_pak40",
        "objLayer": 1,
        "closed_waypoints": false,
        "isShipSpline": false,
        "shipTurnRadius": 100.0,
        "weapons": "",
        "bullets0": "",
        "bullets1": "",
        "bullets2": "",
        "bullets3": "",
        "bulletsCount0": 0,
        "bulletsCount1": 0,
        "bulletsCount2": 0,
        "bulletsCount3": 0,
        "props": {
          "army": 2,
          "count": 1,
          "formation_type": "rows",
          "formation_div": 3,
          "formation_step": [2.5,2.0],
          "formation_noise": [0.1,0.1],
          "uniqueName": "",
          "attack_type": "fire_at_will",
          "unitReplacementType": "antiTankGun"
        },
        "way": []
      }
    },
    {
      "tankModels": {
        "name": "t2_antiTankGun04",
        "tm": [
          [-0.853886,0.0,-0.520458],
          [0.0,1.0,0.0],
          [0.520458,0.0,-0.853886],
          [2655.45,1.32907,3395.2]
        ],
        "unit_class": "germ_at_gun_pak40",
        "objLayer": 1,
        "closed_waypoints": false,
        "isShipSpline": false,
        "shipTurnRadius": 100.0,
        "weapons": "",
        "bullets0": "",
        "bullets1": "",
        "bullets2": "",
        "bullets3": "",
        "bulletsCount0": 0,
        "bulletsCount1": 0,
        "bulletsCount2": 0,
        "bulletsCount3": 0,
        "props": {
          "army": 2,
          "count": 1,
          "formation_type": "rows",
          "formation_div": 3,
          "formation_step": [2.5,2.0],
          "formation_noise": [0.1,0.1],
          "uniqueName": "",
          "attack_type": "fire_at_will",
          "unitReplacementType": "antiTankGun"
        },
        "way": []
      }
    },
    {
      "tankModels": {
        "name": "t2_antiTankGun05",
        "tm": [
          [-0.438169,0.0,-0.898894],
          [0.0,1.0,0.0],
          [0.898894,0.0,-0.438169],
          [2459.65,3.07291,3322.05]
        ],
        "unit_class": "germ_at_gun_pak40",
        "objLayer": 1,
        "closed_waypoints": false,
        "isShipSpline": false,
        "shipTurnRadius": 100.0,
        "weapons": "",
        "bullets0": "",
        "bullets1": "",
        "bullets2": "",
        "bullets3": "",
        "bulletsCount0": 0,
        "bulletsCount1": 0,
        "bulletsCount2": 0,
        "bulletsCount3": 0,
        "props": {
          "army": 2,
          "count": 1,
          "formation_type": "rows",
          "formation_div": 3,
          "formation_step": [2.5,2.0],
          "formation_noise": [0.1,0.1],
          "uniqueName": "",
          "attack_type": "fire_at_will",
          "unitReplacementType": "antiTankGun"
        },
        "way": []
      }
    },
    {
      "tankModels": {
        "name": "t2_antiTankGun06",
        "tm": [
          [-0.48752,0.0,-0.873111],
          [0.0,1.0,0.0],
          [0.873111,0.0,-0.48752],
          [2436.1,2.79873,3332.55]
        ],
        "unit_class": "germ_at_gun_pak40",
        "objLayer": 1,
        "closed_waypoints": false,
        "isShipSpline": false,
        "shipTurnRadius": 100.0,
        "weapons": "",
        "bullets0": "",
        "bullets1": "",
        "bullets2": "",
        "bullets3": "",
        "bulletsCount0": 0,
        "bulletsCount1": 0,
        "bulletsCount2": 0,
        "bulletsCount3": 0,
        "props": {
          "army": 2,
          "count": 1,
          "formation_type": "rows",
          "formation_div": 3,
          "formation_step": [2.5,2.0],
          "formation_noise": [0.1,0.1],
          "uniqueName": "",
          "attack_type": "fire_at_will",
          "unitReplacementType": "antiTankGun"
        },
        "way": []
      }
    },
    {
      "tankModels": {
        "name": "t2_antiTankGun07",
        "tm": [
          [-0.17303,0.0,-0.984916],
          [0.0,1.0,0.0],
          [0.984916,0.0,-0.17303],
          [2452.4,4.0,3445.8]
        ],
        "unit_class": "germ_at_gun_pak40",
        "objLayer": 1,
        "closed_waypoints": false,
        "isShipSpline": false,
        "shipTurnRadius": 100.0,
        "weapons": "",
        "bullets0": "",
        "bullets1": "",
        "bullets2": "",
        "bullets3": "",
        "bulletsCount0": 0,
        "bulletsCount1": 0,
        "bulletsCount2": 0,
        "bulletsCount3": 0,
        "props": {
          "army": 2,
          "count": 1,
          "formation_type": "rows",
          "formation_div": 3,
          "formation_step": [2.5,2.0],
          "formation_noise": [0.1,0.1],
          "uniqueName": "",
          "attack_type": "fire_at_will",
          "unitReplacementType": "antiTankGun"
        },
        "way": []
      }
    },
    {
      "tankModels": {
        "name": "t2_antiTankGun08",
        "tm": [
          [-0.0148405,0.0,-0.999889],
          [0.0,1.0,0.0],
          [0.999889,0.0,-0.0148405],
          [2427.4,2.81981,3464.65]
        ],
        "unit_class": "germ_at_gun_pak40",
        "objLayer": 1,
        "closed_waypoints": false,
        "isShipSpline": false,
        "shipTurnRadius": 100.0,
        "weapons": "",
        "bullets0": "",
        "bullets1": "",
        "bullets2": "",
        "bullets3": "",
        "bulletsCount0": 0,
        "bulletsCount1": 0,
        "bulletsCount2": 0,
        "bulletsCount3": 0,
        "props": {
          "army": 2,
          "count": 1,
          "formation_type": "rows",
          "formation_div": 3,
          "formation_step": [2.5,2.0],
          "formation_noise": [0.1,0.1],
          "uniqueName": "",
          "attack_type": "fire_at_will",
          "unitReplacementType": "antiTankGun"
        },
        "way": []
      }
    },
    {
      "tankModels": {
        "name": "t2_antiTankGun09",
        "tm": [
          [-0.632652,0.0,-0.774436],
          [0.0,1.0,0.0],
          [0.774436,0.0,-0.632652],
          [2429.7,2.91558,3341.95]
        ],
        "unit_class": "germ_at_gun_pak40",
