{
  "selected_tag": "",
  "bin_dump_file": "",
  "mission_settings": {
    "player": {
      "army": 1,
      "wing": "ft_armada"
    },
    "player_teamB": {
      "army": 2
    },
    "mission": {
      "level": "levels/water.bin",
      "type": "singleMission",
      "environment": "Day",
      "weather": "hazy",
      "restoreType": "attempts",
      "optionalTakeOff": false
    },
    "spectator_points": {}
  },
  "imports": {},
  "triggers": {
    "isCategory": true,
    "is_enabled": true,
    "fields_high_start": {
      "is_enabled": true,
      "comments": "",
      "props": {
        "actionsType": "PERFORM_ONE_BY_ONE",
        "conditionsType": "ALL",
        "enableAfterComplete": false
      },
      "events": {
        "initMission": {}
      },
      "conditions": {},
      "actions": {
        "varSetInt": [
          {
            "value": 0,
            "var": [
              "ft_t1_max_near_airfields_count",
              "ft_t2_max_near_airfields_count"
            ]
          },
          {
            "value": 0,
            "var": [
              "ft_t1_max_mid_airfields_count",
              "ft_t2_max_mid_airfields_count"
            ]
          },
          {
            "value": 3,
            "var": [
              "ft_t1_max_far_airfields_count",
              "ft_t2_max_far_airfields_count"
            ]
          }
        ],
        "comment": {
          "value": ""
        },
        "varSetReal": {
          "value": 15000.0,
          "var": "ft_generate_distance_between"
        }
      },
      "else_actions": {}
    }
  },
  "mission_objectives": {
    "isCategory": true,
    "is_enabled": true
  },
  "variables": {},
  "dialogs": {},
  "airfields": {},
  "effects": {},
  "units": {
    "objectGroups": [
      {
        "name": "ft_t1_airfield_01_01",
        "tm": [
          [
            -0.995085,
            0.0,
            0.099021
          ],
          [
            0.0,
            1.0,
            0.0
          ],
          [
            -0.099021,
            0.0,
            -0.995085
          ],
          [
            -26437.8,
            229.302,
            17781.8
          ]
        ],
        "unit_class": "dynaf_universal_1line_3000_a_snow",
        "objLayer": 2,
        "props": {
          "army": 1,
          "active": false
        }
      },
      {
        "name": "ft_t1_airfield_01_02",
        "tm": [
          [
            -0.642788,
            0.0,
            0.766044
          ],
          [
            0.0,
            1.0,
            0.0
          ],
          [
            -0.766044,
            0.0,
            -0.642788
          ],
          [
            -26918.9,
            284.599,
            562.1
          ]
        ],
        "unit_class": "dynaf_universal_1line_3000_a_snow",
        "objLayer": 2,
        "props": {
          "army": 1,
          "active": false
        }
      },
      {
        "name": "ft_t1_airfield_01_03",
        "tm": [
          [
            -0.504475,
            0.0,
            0.863426
          ],
          [
            0.0,
            1.0,
            0.0
          ],
          [
            -0.863426,
            0.0,
            -0.504475
          ],
          [
            -26180.4,
            159.688,
            -20573.8
          ]
        ],
        "unit_class": "dynaf_universal_1line_3000_a",
        "objLayer": 2,
        "props": {
          "army": 1,
          "active": false
        }
      },
      {
        "name": "ft_t1_airfield_02_01",
        "tm": [
          [
            -0.965926,
            0.0,
            0.258819
          ],
          [
            0.0,
            1.0,
            0.0
          ],
          [
            -0.258819,
            0.0,
            -0.965926
          ],
          [
            -20316.0,
            329.726,
            3940.3
          ]
        ],
        "unit_class": "dynaf_universal_1line_a",
        "objLayer": 2,
        "props": {
          "army": 1,
          "active": false
        }
      },
      {
        "name": "ft_t1_airfield_02_02",
        "tm": [
          [
            -0.984807,
            0.0,
            -0.173648
          ],
          [
            0.0,
            1.0,
            0.0
          ],
          [
            0.173648,
            0.0,
            -0.984807
          ],
          [
            -20707.3,
            241.5,
            25444.1
          ]
        ],
        "unit_class": "dynaf_universal_1line_a",
        "objLayer": 2,
        "props": {
          "army": 1,
          "active": false
        }
      },
      {
        "name": "ft_t1_airfield_03_01",
        "tm": [
          [
            -0.996195,
            0.0,
            0.087155
          ],
          [
            0.0,
            1.0,
            0.0
          ],
          [
            -0.087155,
            0.0,
            -0.996195
          ],
          [
            -13774.1,
            226.299,
            22901.1
          ]
        ],
        "unit_class": "dynaf_universal_1line_a",
        "objLayer": 2,
        "props": {
          "army": 1,
          "active": false
        }
      },
      {
        "name": "ft_t1_airfield_03_02",
        "tm": [
          [
            -0.892724,
            0.0,
            -0.450604
          ],
          [
            0.0,
            1.0,
            0.0
          ],
          [
            0.450604,
            0.0,
            -0.892724
          ],
          [
            -13725.9,
            275.901,
            -1437.65
          ]
        ],
        "unit_class": "dynaf_universal_1line_a",
        "objLayer": 2,
        "props": {
          "army": 1,
          "active": false
        }
      },
      {
        "name": "ft_t2_airfield_01_01",
        "tm": [
          [
            0.9989,
            0.0,
            -0.0469028
          ],
          [
            0.0,
            1.0,
            0.0
          ],
          [
            0.0469028,
            0.0,
            0.9989
          ],
          [
            23505.3,
            150.05,
            -26122.8
          ]
        ],
        "unit_class": "dynaf_universal_1line_3000_a_snow",
        "objLayer": 2,
        "props": {
          "army": 2,
          "active": false
        }
      },
      {
        "name": "ft_t2_airfield_01_02",
        "tm": [
          [
            0.997396,
            0.0,
            0.0721287
          ],
          [
            0.0,
            1.0,
            0.0
          ],
          [
            -0.0721287,
            0.0,
            0.997396
          ],
          [
            25501.0,
            238.942,
            18668.0
          ]
        ],
        "unit_class": "dynaf_universal_1line_3000_a_snow",
        "objLayer": 2,
        "props": {
          "army": 2,
          "active": false
        }
      },
      {
        "name": "ft_t2_airfield_01_03",
        "tm": [
          [
            0.843392,
            0.0,
            0.5373
          ],
          [
            0.0,
            1.0,
            0.0
          ],
          [
            -0.5373,
            0.0,
            0.843392
          ],
          [
            25345.4,
            132.899,
            -7924.8
          ]
        ],
        "unit_class": "dynaf_universal_1line_3000_a_snow",
        "objLayer": 2,
        "props": {
          "army": 2,
          "active": false
        }
      },
      {
        "name": "ft_t2_airfield_02_01",
        "tm": [
          [
            0.991445,
            0.0,
            -0.130527
          ],
          [
            0.0,
            1.0,
            0.0
          ],
          [
            0.130527,
            0.0,
            0.991445
          ],
          [
            19069.9,
            292.0,
            -2628.8
          ]
        ],
        "unit_class": "dynaf_universal_1line_c",
        "objLayer": 2,
        "props": {
          "army": 2,
          "active": false
        }
      },
      {
        "name": "ft_t2_airfield_02_02",
        "tm": [
          [
            0.965326,
            0.0,
            0.261046
          ],
          [
            0.0,
            1.0,
            0.0
          ],
          [
            -0.261046,
            0.0,
            0.965326
          ],
          [
            19887.6,
            117.693,
            -18960.6
          ]
        ],
        "unit_class": "dynaf_universal_1line_c",
        "objLayer": 2,
        "props": {
          "army": 2,
          "active": false
        }
      },
      {
        "name": "ft_t2_airfield_03_01",
        "tm": [
          [
            0.5,
            0.0,
            -0.866026
          ],
          [
            0.0,
            1.0,
            0.0
          ],
          [
            0.866026,
            0.0,
            0.5
          ],
          [
            12915.6,
            98.9602,
            -19315.0
          ]
        ],
        "unit_class": "dynaf_universal_1line_c",
        "objLayer": 2,
        "props": {
          "army": 2,
          "active": false
        }
      },
      {
        "name": "ft_t2_airfield_03_02",
        "tm": [
          [
            0.965925,
            0.0,
            -0.258819
          ],
          [
            0.0,
            1.0,
            0.0
          ],
          [
            0.232937,
            0.0,
            0.869332
          ],
          [
            13125.4,
            152.0,
            5301.07
          ]
        ],
        "unit_class": "dynaf_universal_1line_c",
        "objLayer": 2,
        "props": {
          "army": 2,
          "active": false
        }
      },
      {
        "name": "ft_t1_airfield_03_03",
        "tm": [
          [
            -0.777146,
            0.0,
            -0.629321
          ],
          [
            0.0,
            1.0,
            0.0
          ],
          [
            0.629321,
            0.0,
            -0.777146
          ],
          [
            -12620.8,
            144.26,
            -21349.3
          ]
        ],
        "unit_class": "dynaf_universal_1line_a",
        "objLayer": 2,
        "props": {
          "army": 1,
          "active": false
        }
      },
      {
        "name": "ft_t1_airfield_02_03",
        "tm": [
          [
            -0.991445,
            0.0,
            0.130526
          ],
          [
            0.0,
            1.0,
            0.0
          ],
          [
            -0.130526,
            0.0,
            -0.991445
          ],
          [
            -20765.4,
            223.599,
            -10858.5
          ]
        ],
        "unit_class": "dynaf_universal_1line_a",
        "objLayer": 2,
        "props": {
          "army": 1,
          "active": false
        }
      },
      {
        "name": "ft_t2_airfield_03_03",
        "tm": [
          [
            0.793353,
            0.0,
            0.608761
          ],
          [
            0.0,
            1.0,
            0.0
          ],
          [
            -0.608761,
            0.0,
            0.793353
          ],
          [
            12895.7,
            257.7,
            18108.2
          ]
        ],
        "unit_class": "dynaf_universal_1line_c",
        "objLayer": 2,
        "props": {
          "army": 2,
          "active": false
        }
      },
      {
        "name": "ft_t2_airfield_02_03",
        "tm": [
          [
            0.300704,
            0.0,
            -0.953717
          ],
          [
            0.0,
            1.0,
            0.0
          ],
          [
            0.953717,
            0.0,
            0.300704
          ],
          [
            19835.4,
            153.651,
            9017.8
          ]
        ],
        "unit_class": "dynaf_universal_1line_c",
        "objLayer": 2,
        "props": {
          "army": 2,
          "active": false
        }
      },
      {
        "name": "ft_t1_airfield_01_04",
        "tm": [
          [
            -0.996365,
            0.0,
            0.0851902
          ],
          [
            0.0,
            1.0,
            0.0
          ],
          [
            -0.0851902,
            0.0,
            -0.996365
          ],
          [
            -26232.8,
            293.799,
            5925.46
          ]
        ],
        "unit_class": "dynaf_universal_1line_3000_a_snow",
        "objLayer": 2,
        "props": {
          "army": 1,
          "active": false
        }
      },
      {
        "name": "ft_t1_airfield_01_05",
        "tm": [
          [
            -0.999869,
            0.0,
            -0.0162171
          ],
          [
            0.0,
            1.0,
            0.0
          ],
          [
            0.0162171,
            0.0,
            -0.999869
          ],
          [
            -26160.9,
            223.799,
            -6765.13
          ]
        ],
        "unit_class": "dynaf_universal_1line_3000_a",
        "objLayer": 2,
        "props": {
          "army": 1,
          "active": false
        }
      },
      {
        "name": "ft_t1_airfield_02_04",
        "tm": [
          [
            -0.996809,
            0.0,
            -0.0798264
          ],
          [
            0.0,
            1.0,
            0.0
          ],
          [
            0.0798264,
            0.0,
            -0.996809
          ],
          [
            -21012.2,
            225.499,
            -17978.0
          ]
        ],
        "unit_class": "dynaf_universal_1line_a",
        "objLayer": 2,
        "props": {
          "army": 1,
          "active": false
        }
      },
      {
        "name": "ft_t1_airfield_02_05",
        "tm": [
          [
            -0.867959,
            0.0,
            -0.496636
          ],
          [
            0.0,
            1.0,
            0.0
          ],
          [
            0.496636,
            0.0,
            -0.867959
          ],
          [
            -21715.7,
            320.3,
            14531.5
          ]
        ],
        "unit_class": "dynaf_universal_1line_a",
        "objLayer": 2,
        "props": {
          "army": 1,
          "active": false
        }
      },
      {
        "name": "ft_t1_airfield_03_04",
        "tm": [
          [
            -0.996195,
            0.0,
            0.087155
          ],
          [
            0.0,
            1.0,
            0.0
          ],
          [
            -0.087155,
            0.0,
            -0.996195
          ],
          [
            -13159.5,
            294.801,
            9599.71
          ]
        ],
        "unit_class": "dynaf_universal_1line_a",
        "objLayer": 2,
        "props": {
          "army": 1,
          "active": false
        }
      },
      {
        "name": "ft_t1_airfield_03_05",
        "tm": [
          [
            -0.999902,
            0.0,
            -0.0140228
          ],
          [
            0.0,
            1.0,
            0.0
          ],
          [
            0.0140228,
            0.0,
            -0.999902
          ],
          [
            -14366.6,
            242.001,
            -11197.2
          ]
        ],
        "unit_class": "dynaf_universal_1line_a",
        "objLayer": 2,
        "props": {
          "army": 1,
          "active": false
        }
      },
      {
        "name": "ft_t2_airfield_01_04",
        "tm": [
          [
            0.917998,
            0.0,
            0.396585
          ],
          [
            0.0,
            1.0,
            0.0
          ],
          [
            -0.396585,
            0.0,
            0.917998
          ],
          [
            26266.2,
            70.7008,
            -16568.6
          ]
        ],
        "unit_class": "dynaf_universal_1line_3000_a_snow",
        "objLayer": 2,
        "props": {
          "army": 2,
          "active": false
        }
      },
      {
        "name": "ft_t2_airfield_01_05",
        "tm": [
          [
            0.988035,
            0.0,
            0.15423
          ],
          [
            0.0,
            1.0,
            0.0
          ],
          [
            -0.15423,
            0.0,
            0.988035
          ],
          [
            25804.3,
            216.177,
            7767.72
          ]
        ],
        "unit_class": "dynaf_universal_1line_3000_a_snow",
        "objLayer": 2,
        "props": {
          "army": 2,
          "active": false
        }
      },
      {
        "name": "ft_t2_airfield_02_04",
        "tm": [
          [
            0.999307,
            0.0,
            -0.0372041
          ],
          [
            0.0,
            1.0,
            0.0
          ],
          [
            0.0372041,
            0.0,
            0.999307
          ],
          [
            18537.2,
            118.399,
            22138.2
          ]
        ],
        "unit_class": "dynaf_universal_1line_c",
        "objLayer": 2,
        "props": {
          "army": 2,
          "active": false
        }
      },
      {
        "name": "ft_t2_airfield_02_05",
        "tm": [
          [
            0.999048,
            0.0,
            0.0436177
          ],
          [
            0.0,
            1.0,
            0.0
          ],
          [
            -0.0436177,
            0.0,
            0.999048
          ],
          [
            18768.4,
            175.299,
            -10779.8
          ]
        ],
        "unit_class": "dynaf_universal_1line_c",
        "objLayer": 2,
        "props": {
          "army": 2,
          "active": false
        }
      },
      {
        "name": "ft_t2_airfield_03_04",
        "tm": [
          [
            0.984995,
            0.0,
            -0.172586
          ],
          [
            0.0,
            1.0,
            0.0
          ],
          [
            0.172586,
            0.0,
            0.984995
          ],
          [
            12838.8,
            250.899,
            -9864.95
          ]
        ],
        "unit_class": "dynaf_universal_1line_c",
        "objLayer": 2,
        "props": {
          "army": 2,
          "active": false
        }
      },
      {
        "name": "ft_t2_airfield_03_05",
        "tm": [
          [
            0.994365,
            0.0,
            -0.106003
          ],
          [
            0.0,
            1.0,
            0.0
          ],
          [
            0.106003,
            0.0,
            0.994365
          ],
          [
            13263.2,
            319.4,
            24355.2
          ]
        ],
        "unit_class": "dynaf_universal_1line_c",
        "objLayer": 2,
        "props": {
          "army": 2,
          "active": false
        }
      }
    ],
    "squad": [
      {
        "name": "ft_t1_airfields_squad",
        "tm": [
          [
            1.0,
            0.0,
            0.0
          ],
          [
            0.0,
            1.0,
            0.0
          ],
          [
            0.0,
            0.0,
            1.0
          ],
          [
            -20324.4,
            3.85742,
            37370.0
          ]
        ],
        "props": {
          "squad_members": [
            "ft_t1_airfield_01_01",
            "ft_t1_airfield_01_02",
            "ft_t1_airfield_01_03",
            "ft_t1_airfield_01_04",
            "ft_t1_airfield_01_05",
            "ft_t1_airfield_02_01",
            "ft_t1_airfield_02_02",
            "ft_t1_airfield_02_03",
            "ft_t1_airfield_02_04",
            "ft_t1_airfield_02_05",
            "ft_t1_airfield_03_01",
            "ft_t1_airfield_03_02",
            "ft_t1_airfield_03_03",
            "ft_t1_airfield_03_04",
            "ft_t1_airfield_03_05"
          ],
          "object_marking": 0
        }
      },
      {
        "name": "ft_t2_airfields_squad",
        "tm": [
          [
            -1.0,
            0.0,
            -1.19209E-07
          ],
          [
            0.0,
            1.0,
            0.0
          ],
          [
            1.19209E-07,
            0.0,
            -1.0
          ],
          [
            17390.8,
            140.355,
            39075.4
          ]
        ],
        "props": {
          "squad_members": [
            "ft_t2_airfield_01_01",
            "ft_t2_airfield_01_02",
            "ft_t2_airfield_01_03",
            "ft_t2_airfield_01_04",
            "ft_t2_airfield_01_05",
            "ft_t2_airfield_02_01",
            "ft_t2_airfield_02_02",
            "ft_t2_airfield_02_03",
            "ft_t2_airfield_02_04",
            "ft_t2_airfield_02_05",
            "ft_t2_airfield_03_01",
            "ft_t2_airfield_03_02",
            "ft_t2_airfield_03_03",
            "ft_t2_airfield_03_04",
            "ft_t2_airfield_03_05"
          ],
          "object_marking": 0
        }
      }
    ]
  },
  "areas": {
    "ft_t2_airfield_01_01_bomb_zone": {
      "type": "Box",
      "tm": [
        [
          -3198.93,
          0.0,
          82.9376
        ],
        [
          0.0,
          450.0,
          0.0
        ],
        [
          -31.1018,
          0.0,
          -1199.6
        ],
        [
          23569.8,
          68.7292,
          -26125.0
        ]
      ],
      "objLayer": 0,
      "props": {}
    },
    "ft_t2_airfield_01_02_bomb_zone": {
      "type": "Box",
      "tm": [
        [
          -3191.66,
          0.0,
          -230.813
        ],
        [
          0.0,
          450.0,
          0.0
        ],
        [
          86.5531,
          0.0,
          -1196.87
        ],
        [
          25538.8,
          178.923,
          18674.8
        ]
      ],
      "objLayer": 0,
      "props": {}
    },
    "ft_t2_airfield_01_03_bomb_zone": {
      "type": "Box",
      "tm": [
        [
          -2677.65,
          0.0,
          -1752.19
        ],
        [
          0.0,
          450.0,
          0.0
        ],
        [
          657.072,
          0.0,
          -1004.12
        ],
        [
          25294.1,
          41.0739,
          -7953.04
        ]
      ],
      "objLayer": 0,
      "props": {}
    },
    "ft_t2_airfield_02_01_bomb_zone": {
      "type": "Box",
      "tm": [
        [
          -3172.32,
          0.0,
          420.015
        ],
        [
          0.0,
          450.0,
          0.0
        ],
        [
          -157.51,
          0.0,
          -1189.62
        ],
        [
          19073.0,
          241.507,
          -2628.8
        ]
      ],
      "objLayer": 0,
      "props": {}
    },
    "ft_t2_airfield_02_02_bomb_zone": {
      "type": "Box",
      "tm": [
        [
          -3085.75,
          0.0,
          -847.434
        ],
        [
          0.0,
          450.0,
          0.0
        ],
        [
          317.786,
          0.0,
          -1157.16
        ],
        [
          19931.0,
          66.661,
          -18952.1
        ]
      ],
      "objLayer": 0,
      "props": {}
    },
    "ft_t2_airfield_03_01_bomb_zone": {
      "type": "Box",
      "tm": [
        [
          -1633.25,
          0.0,
          2751.81
        ],
        [
          0.0,
          450.0,
          0.0
        ],
        [
          -1031.93,
          0.0,
          -612.472
        ],
        [
          12870.9,
          7.241,
          -19272.3
        ]
      ],
      "objLayer": 0,
      "props": {}
    },
    "ft_t2_airfield_03_02_bomb_zone": {
      "type": "Box",
      "tm": [
        [
          -3089.14,
          0.0,
          834.99
        ],
        [
          0.0,
          450.0,
          0.0
        ],
        [
          -313.121,
          0.0,
          -1158.43
        ],
        [
          13086.1,
          91.98,
          5302.96
        ]
      ],
      "objLayer": 0,
      "props": {}
    },
    "ft_t1_airfield_01_01_bomb_zone": {
      "type": "Box",
      "tm": [
        [
          -3184.27,
          0.0,
          316.866
        ],
        [
          0.0,
          450.0,
          0.0
        ],
        [
          -118.825,
          0.0,
          -1194.1
        ],
        [
          -26401.4,
          208.968,
          17733.5
        ]
      ],
      "objLayer": 0,
      "props": {}
    },
    "ft_t1_airfield_01_03_bomb_zone": {
      "type": "Box",
      "tm": [
        [
          -1649.08,
          0.0,
          2742.36
        ],
        [
          0.0,
          450.0,
          0.0
        ],
        [
          -1028.39,
          0.0,
          -618.404
        ],
        [
          -26157.8,
          123.189,
          -20571.0
        ]
      ],
      "objLayer": 0,
      "props": {}
    },
    "ft_t1_airfield_01_02_bomb_zone": {
      "type": "Box",
      "tm": [
        [
          -2056.92,
          0.0,
          2451.34
        ],
        [
          0.0,
          450.0,
          0.0
        ],
        [
          -919.253,
          0.0,
          -771.346
        ],
        [
          -26855.6,
          233.154,
          467.755
        ]
      ],
      "objLayer": 0,
      "props": {}
    },
    "ft_t1_airfield_02_01_bomb_zone": {
      "type": "Box",
      "tm": [
        [
          -3090.96,
          0.0,
          828.223
        ],
        [
          0.0,
          450.0,
          0.0
        ],
        [
          -310.582,
          0.0,
          -1159.11
        ],
        [
          -20250.4,
          192.345,
          3928.32
        ]
      ],
      "objLayer": 0,
      "props": {}
    },
    "ft_t1_airfield_02_02_bomb_zone": {
      "type": "Box",
      "tm": [
        [
          -3124.15,
          0.0,
          -692.607
        ],
        [
          0.0,
          450.0,
          0.0
        ],
        [
          259.727,
          0.0,
          -1171.56
        ],
        [
          -20747.5,
          165.209,
          25410.0
        ]
      ],
      "objLayer": 0,
      "props": {}
    },
    "ft_t1_airfield_03_01_bomb_zone": {
      "type": "Box",
      "tm": [
        [
          -3187.82,
          0.0,
          278.897
        ],
        [
          0.0,
          450.0,
          0.0
        ],
        [
          -104.586,
          0.0,
          -1195.43
        ],
        [
          -13835.9,
          148.891,
          22890.5
        ]
      ],
      "objLayer": 0,
      "props": {}
    },
    "ft_t1_airfield_03_02_bomb_zone": {
      "type": "Box",
      "tm": [
        [
          -2856.27,
          0.0,
          -1442.81
        ],
        [
          0.0,
          450.0,
          0.0
        ],
        [
          541.054,
          0.0,
          -1071.1
        ],
        [
          -13667.8,
          195.976,
          -1453.47
        ]
      ],
      "objLayer": 0,
      "props": {}
    },
    "ft_t1_airfield_01_01_spawn_01": {
      "type": "Point",
      "tm": [
        [
          -0.812258,
          0.0,
          0.583297
        ],
        [
          0.0,
          1.0,
          0.0
        ],
        [
          -0.583297,
          0.0,
          -0.812258
        ],
        [
          -27533.8,
          254.797,
          18399.4
        ]
      ],
      "objLayer": 0,
      "props": {}
    },
    "ft_t1_airfield_01_01_spawn_02": {
      "type": "Point",
      "tm": [
        [
          -0.812258,
          0.0,
          0.583297
        ],
        [
          0.0,
          1.0,
          0.0
        ],
        [
          -0.583297,
          0.0,
          -0.812258
        ],
        [
          -25216.6,
          244.906,
          18287.9
        ]
      ],
      "objLayer": 0,
      "props": {}
    },
    "ft_t1_airfield_01_01_spawn_03": {
      "type": "Point",
      "tm": [
        [
          -0.812258,
          0.0,
          0.583297
        ],
        [
          0.0,
          1.0,
          0.0
        ],
        [
          -0.583297,
          0.0,
          -0.812258
        ],
        [
          -25793.3,
          267.882,
          17199.1
        ]
      ],
      "objLayer": 0,
      "props": {}
    },
    "ft_t1_airfield_01_01_spawn_04": {
      "type": "Point",
      "tm": [
        [
          -0.812258,
          0.0,
          0.583297
        ],
        [
          0.0,
          1.0,
          0.0
        ],
        [
          -0.583297,
          0.0,
          -0.812258
        ],
        [
          -24812.7,
          280.142,
          17150.6
        ]
      ],
      "objLayer": 0,
      "props": {}
    },
    "ft_t1_airfield_01_01_spawn_05": {
      "type": "Point",
      "tm": [
        [
          -0.812258,
          0.0,
          0.583297
        ],
        [
          0.0,
          1.0,
          0.0
        ],
        [
          -0.583297,
          0.0,
          -0.812258
        ],
        [
          -25946.3,
          261.878,
          18259.2
        ]
      ],
      "objLayer": 0,
      "props": {}
    },
    "ft_t1_airfield_01_01_spawn_06": {
      "type": "Point",
      "tm": [
        [
          -0.812258,
          0.0,
          0.583297
        ],
        [
          0.0,
          1.0,
          0.0
        ],
        [
          -0.583297,
          0.0,
          -0.812258
        ],
        [
          -25351.4,
          263.52,
          17228.0
        ]
      ],
      "objLayer": 0,
      "props": {}
    },
    "ft_t1_airfield_01_01_spawn_07": {
      "type": "Point",
      "tm": [
        [
          -0.812258,
          0.0,
          0.583297
        ],
        [
          0.0,
          1.0,
          0.0
        ],
        [
          -0.583297,
          0.0,
          -0.812258
        ],
        [
          -25621.4,
          262.438,
          18253.9
        ]
      ],
      "objLayer": 0,
      "props": {}
    },
    "ft_t1_airfield_01_01_spawn_08": {
      "type": "Point",
      "tm": [
        [
          -0.812258,
          0.0,
          0.583297
        ],
        [
          0.0,
          1.0,
          0.0
        ],
        [
          -0.583297,
          0.0,
          -0.812258
        ],
        [
          -26454.2,
          255.929,
          18360.7
        ]
      ],
      "objLayer": 0,
      "props": {}
    },
    "ft_t1_airfield_01_01_spawn_09": {
      "type": "Point",
      "tm": [
        [
          -0.812258,
          0.0,
          0.583297
        ],
        [
          0.0,
          1.0,
          0.0
        ],
        [
          -0.583297,
          0.0,
          -0.812258
        ],
        [
          -26216.8,
          268.08,
          17245.0
        ]
      ],
      "objLayer": 0,
      "props": {}
    },
    "ft_t1_airfield_01_01_spawn_10": {
      "type": "Point",
      "tm": [
        [
          -0.812258,
          0.0,
          0.583297
        ],
        [
          0.0,
          1.0,
          0.0
        ],
        [
          -0.583297,
          0.0,
          -0.812258
        ],
        [
          -27358.2,
          278.461,
          17330.3
        ]
      ],
      "objLayer": 0,
      "props": {}
    },
    "ft_t1_airfield_01_01_spawn_11": {
      "type": "Point",
      "tm": [
        [
          -0.812258,
          0.0,
          0.583297
        ],
        [
          0.0,
          1.0,
          0.0
        ],
        [
          -0.583297,
          0.0,
          -0.812258
        ],
        [
          -26164.3,
          261.994,
          18266.7
        ]
      ],
      "objLayer": 0,
      "props": {}
    },
    "ft_t1_airfield_01_01_spawn_12": {
      "type": "Point",
      "tm": [
        [
          -0.812258,
          0.0,
          0.583297
        ],
        [
          0.0,
          1.0,
          0.0
        ],
        [
          -0.583297,
          0.0,
          -0.812258
        ],
        [
          -26611.9,
          267.424,
          17271.7
        ]
      ],
      "objLayer": 0,
      "props": {}
    },
    "ft_t1_airfield_01_01_spawn_13": {
      "type": "Point",
      "tm": [
        [
          -0.812258,
          0.0,
          0.583297
        ],
        [
          0.0,
          1.0,
          0.0
        ],
        [
          -0.583297,
          0.0,
          -0.812258
        ],
        [
          -27688.3,
          273.44,
          17367.6
        ]
      ],
      "objLayer": 0,
      "props": {}
    },
    "ft_t1_airfield_01_01_spawn_14": {
      "type": "Point",
      "tm": [
        [
          -0.812258,
          0.0,
          0.583297
        ],
        [
          0.0,
          1.0,
          0.0
        ],
        [
          -0.583297,
          0.0,
          -0.812258
        ],
        [
          -26983.8,
          264.184,
          17290.0
        ]
      ],
      "objLayer": 0,
      "props": {}
    },
    "ft_t1_airfield_01_02_spawn_01": {
      "type": "Point",
      "tm": [
        [
          -1.63913E-07,
          0.0,
          1.0
        ],
        [
          0.0,
          1.0,
          0.0
        ],
        [
          -1.0,
          0.0,
          -1.63913E-07
        ],
        [
          -26370.9,
          284.122,
          716.543
        ]
      ],
      "objLayer": 0,
      "props": {}
    },
    "ft_t1_airfield_01_02_spawn_02": {
      "type": "Point",
      "tm": [
        [
          -1.63913E-07,
          0.0,
          1.0
        ],
        [
          0.0,
          1.0,
          0.0
        ],
        [
          -1.0,
          0.0,
          -1.63913E-07
        ],
        [
          -26562.3,
          271.849,
          -769.143
        ]
      ],
      "objLayer": 0,
      "props": {}
    },
    "ft_t1_airfield_01_02_spawn_03": {
      "type": "Point",
      "tm": [
        [
          -1.63913E-07,
          0.0,
          1.0
        ],
        [
          0.0,
          1.0,
          0.0
        ],
        [
          -1.0,
          0.0,
          -1.63913E-07
        ],
        [
          -26189.5,
          283.782,
          502.487
        ]
      ],
      "objLayer": 0,
      "props": {}
    },
    "ft_t1_airfield_01_02_spawn_04": {
      "type": "Point",
      "tm": [
        [
          -1.63913E-07,
          0.0,
          1.0
        ],
        [
          0.0,
          1.0,
          0.0
        ],
        [
          -1.0,
          0.0,
          -1.63913E-07
        ],
        [
          -26894.4,
          284.227,
          1282.14
        ]
      ],
      "objLayer": 0,
      "props": {}
    },
    "ft_t1_airfield_01_02_spawn_05": {
      "type": "Point",
      "tm": [
        [
          -1.63913E-07,
          0.0,
          1.0
        ],
        [
          0.0,
          1.0,
          0.0
        ],
        [
          -1.0,
          0.0,
          -1.63913E-07
        ],
        [
          -27852.7,
          281.56,
          749.777
        ]
      ],
      "objLayer": 0,
      "props": {}
    },
    "ft_t1_airfield_01_02_spawn_06": {
      "type": "Point",
      "tm": [
        [
          -1.63913E-07,
          0.0,
          1.0
        ],
        [
          0.0,
          1.0,
          0.0
        ],
        [
          -1.0,
          0.0,
          -1.63913E-07
        ],
        [
          -27393.8,
          285.289,
          150.06
        ]
      ],
      "objLayer": 0,
      "props": {}
    },
    "ft_t1_airfield_01_02_spawn_07": {
      "type": "Point",
      "tm": [
        [
          -1.63913E-07,
          0.0,
          1.0
        ],
        [
          0.0,
          1.0,
          0.0
        ],
        [
          -1.0,
          0.0,
          -1.63913E-07
        ],
        [
          -26752.8,
          274.58,
          -589.256
        ]
      ],
      "objLayer": 0,
      "props": {}
    },
    "ft_t1_airfield_01_02_spawn_08": {
      "type": "Point",
      "tm": [
        [
          -1.63913E-07,
          0.0,
          1.0
        ],
        [
          0.0,
          1.0,
          0.0
        ],
        [
          -1.0,
          0.0,
          -1.63913E-07
        ],
        [
          -26603.8,
          284.232,
          921.322
        ]
      ],
      "objLayer": 0,
      "props": {}
    },
    "ft_t1_airfield_01_02_spawn_09": {
      "type": "Point",
      "tm": [
        [
          -1.63913E-07,
          0.0,
          1.0
        ],
        [
          0.0,
          1.0,
          0.0
        ],
        [
          -1.0,
          0.0,
          -1.63913E-07
        ],
        [
          -27083.8,
          283.852,
          1619.88
        ]
      ],
      "objLayer": 0,
      "props": {}
    },
    "ft_t1_airfield_01_02_spawn_10": {
      "type": "Point",
      "tm": [
        [
          -1.63913E-07,
          0.0,
          1.0
        ],
        [
          0.0,
          1.0,
          0.0
        ],
        [
          -1.0,
          0.0,
          -1.63913E-07
        ],
        [
          -27085.2,
          280.36,
          -392.82
        ]
      ],
      "objLayer": 0,
      "props": {}
    },
    "ft_t1_airfield_01_02_spawn_11": {
      "type": "Point",
      "tm": [
        [
          -1.63913E-07,
          0.0,
          1.0
        ],
        [
          0.0,
          1.0,
          0.0
        ],
        [
          -1.0,
          0.0,
          -1.63913E-07
        ],
        [
          -26070.0,
          282.342,
          369.45
        ]
      ],
      "objLayer": 0,
      "props": {}
    },
    "ft_t1_airfield_01_02_spawn_12": {
      "type": "Point",
      "tm": [
        [
          -1.63913E-07,
          0.0,
          1.0
        ],
        [
          0.0,
          1.0,
          0.0
        ],
        [
          -1.0,
          0.0,
          -1.63913E-07
        ],
        [
          -27018.1,
          284.258,
          1405.27
        ]
      ],
      "objLayer": 0,
      "props": {}
    },
    "ft_t1_airfield_01_02_spawn_13": {
      "type": "Point",
      "tm": [
        [
          -1.63913E-07,
          0.0,
          1.0
        ],
        [
          0.0,
          1.0,
          0.0
        ],
        [
          -1.0,
          0.0,
          -1.63913E-07
        ],
        [
          -27543.3,
          284.2,
          305.446
        ]
      ],
      "objLayer": 0,
      "props": {}
    },
    "ft_t1_airfield_01_02_spawn_14": {
      "type": "Point",
      "tm": [
        [
          -1.63913E-07,
          0.0,
          1.0
        ],
        [
          0.0,
          1.0,
          0.0
        ],
        [
          -1.0,
          0.0,
          -1.63913E-07
        ],
        [
          -27264.6,
          279.495,
          -120.398
        ]
      ],
      "objLayer": 0,
      "props": {}
    },
    "ft_t1_airfield_01_03_spawn_01": {
      "type": "Point",
      "tm": [
        [
          -0.94777,
          0.0,
          0.318956
        ],
        [
          0.0,
          1.0,
          0.0
        ],
        [
          -0.318956,
          0.0,
          -0.94777
        ],
        [
          -27682.3,
          160.564,
          -19987.8
        ]
      ],
      "objLayer": 0,
      "props": {}
    },
    "ft_t1_airfield_01_03_spawn_02": {
      "type": "Point",
      "tm": [
        [
          -0.94777,
          0.0,
          0.318956
        ],
        [
          0.0,
          1.0,
          0.0
        ],
        [
          -0.318956,
          0.0,
          -0.94777
        ],
        [
          -25693.5,
          260.785,
          -20377.2
        ]
      ],
      "objLayer": 0,
      "props": {}
    },
    "ft_t1_airfield_01_03_spawn_03": {
      "type": "Point",
      "tm": [
        [
          -0.94777,
          0.0,
          0.318956
        ],
        [
          0.0,
          1.0,
          0.0
        ],
        [
          -0.318956,
          0.0,
          -0.94777
        ],
        [
          -25422.7,
          213.803,
          -21025.7
        ]
      ],
      "objLayer": 0,
      "props": {}
