{
  "selected_tag": "",
  "bin_dump_file": "",
  "mission_settings": {
    "player": {
      "army": 1
    },
    "player_teamB": {
      "army": 2
    },
    "mission": {
      "level": "levels/air_smolensk.bin",
      "type": "domination",
      "environment": "Day",
      "weather": "hazy",
      "restoreType": "attempts",
      "optionalTakeOff": false
    }
  },
  "imports": {},
  "triggers": {
    "isCategory": true,
    "is_enabled": true
  },
  "mission_objectives": {
    "isCategory": true,
    "is_enabled": true
  },
  "variables": {},
  "dialogs": {},
  "airfields": {},
  "effects": {},
  "units": {
    "objectGroups": [
      {
        "name": "bdt_t1_bomb_object_01",
        "tm": [
          [
            -0.274269,
            0.0,
            -0.961651
          ],
          [
            0.0,
            1.0,
            0.0
          ],
          [
            0.961651,
            0.0,
            -0.274269
          ],
          [
            -14303.5,
            486.5,
            10416.6
          ]
        ],
        "unit_class": "dynBase_hq_camp_square",
        "objLayer": 2,
        "props": {
          "army": 1,
          "active": false
        }
      },
      {
        "name": "bdt_t1_bomb_object_02",
        "tm": [
          [
            -0.788558,
            0.0,
            -0.614964
          ],
          [
            0.0,
            1.0,
            0.0
          ],
          [
            0.614964,
            0.0,
            -0.788558
          ],
          [
            -27384.2,
            594.0,
            4667.74
          ]
        ],
        "unit_class": "dynBase_fuel_storage_square",
        "objLayer": 2,
        "props": {
          "army": 1,
          "active": false
        }
      },
      {
        "name": "bdt_t1_bomb_object_03",
        "tm": [
          [
            0.798105,
            0.0,
            -0.602522
          ],
          [
            0.0,
            1.0,
            0.0
          ],
          [
            0.602522,
            0.0,
            0.798105
          ],
          [
            -27988.2,
            654.25,
            -1105.46
          ]
        ],
        "unit_class": "dynBase_oil_storage_small_square",
        "objLayer": 2,
        "props": {
          "army": 1,
          "active": false
        }
      },
      {
        "name": "bdt_t2_bomb_object_01",
        "tm": [
          [
            0.165663,
            0.0,
            -0.986182
          ],
          [
            0.0,
            1.0,
            0.0
          ],
          [
            0.986182,
            0.0,
            0.165663
          ],
          [
            -4755.94,
            529.146,
            -7742.92
          ]
        ],
        "unit_class": "dynBase_fuel_storage_square",
        "objLayer": 2,
        "props": {
          "army": 2,
          "active": false
        }
      },
      {
        "name": "bdt_t2_bomb_object_02",
        "tm": [
          [
            0.788395,
            0.0,
            -0.615168
          ],
          [
            0.0,
            1.0,
            0.0
          ],
          [
            0.615168,
            0.0,
            0.788395
          ],
          [
            -5075.18,
            737.636,
            659.779
          ]
        ],
        "unit_class": "dynBase_small_factory_square",
        "objLayer": 2,
        "props": {
          "army": 2,
          "active": false
        }
      },
      {
        "name": "bdt_t2_bomb_object_03",
        "tm": [
          [
            0.848366,
            0.0,
            -0.529408
          ],
          [
            0.0,
            1.0,
            0.0
          ],
          [
            0.529408,
            0.0,
            0.848366
          ],
          [
            -15090.7,
            1205.73,
            -11305.7
          ]
        ],
        "unit_class": "dynBase_oil_storage_small_square",
        "objLayer": 2,
        "props": {
          "army": 2,
          "active": false
        }
      },
      {
        "name": "bdt_t1_bomb_object_04",
        "tm": [
          [
            0.326916,
            0.0,
            -0.945053
          ],
          [
            0.0,
            1.0,
            0.0
          ],
          [
            0.945053,
            0.0,
            0.326916
          ],
          [
            -15835.8,
            764.181,
            14084.8
          ]
        ],
        "unit_class": "dynBase_small_factory_square",
        "objLayer": 2,
        "props": {
          "army": 1,
          "active": false
        }
      },
      {
        "name": "bdt_t2_bomb_object_04",
        "tm": [
          [
            0.609412,
            0.0,
            -0.792854
          ],
          [
            0.0,
            1.0,
            0.0
          ],
          [
            0.792854,
            0.0,
            0.609412
          ],
          [
            -23573.7,
            1540.9,
            -9684.8
          ]
        ],
        "unit_class": "dynBase_field_camp_square",
        "objLayer": 2,
        "props": {
          "army": 2,
          "active": false
        }
      },
      {
        "name": "bdt_t2_bomb_object_05",
        "tm": [
          [
            0.609412,
            0.0,
            -0.792854
          ],
          [
            0.0,
            1.0,
            0.0
          ],
          [
            0.792854,
            0.0,
            0.609412
          ],
          [
            -21407.9,
            1341.78,
            -14369.6
          ]
        ],
        "unit_class": "dynBase_military_base_square",
        "objLayer": 2,
        "props": {
          "army": 2,
          "active": false
        }
      },
      {
        "name": "bdt_t2_bomb_object_06",
        "tm": [
          [
            0.609412,
            0.0,
            -0.792854
          ],
          [
            0.0,
            1.0,
            0.0
          ],
          [
            0.792854,
            0.0,
            0.609412
          ],
          [
            -16259.9,
            1077.38,
            -14523.8
          ]
        ],
        "unit_class": "dynBase_oil_storage_large_square",
        "objLayer": 2,
        "props": {
          "army": 2,
          "active": false
        }
      },
      {
        "name": "bdt_t2_bomb_object_07",
        "tm": [
          [
            0.609412,
            0.0,
            -0.792854
          ],
          [
            0.0,
            1.0,
            0.0
          ],
          [
            0.792854,
            0.0,
            0.609412
          ],
          [
            -19303.3,
            1853.68,
            -11068.1
          ]
        ],
        "unit_class": "dynBase_oil_storage_large_square",
        "objLayer": 2,
        "props": {
          "army": 2,
          "active": false
        }
      },
      {
        "name": "bdt_t2_bomb_object_08",
        "tm": [
          [
            0.165663,
            0.0,
            -0.986182
          ],
          [
            0.0,
            1.0,
            0.0
          ],
          [
            0.986182,
            0.0,
            0.165663
          ],
          [
            -2535.61,
            657.075,
            -2394.64
          ]
        ],
        "unit_class": "dynBase_small_factory_square",
        "objLayer": 2,
        "props": {
          "army": 2,
          "active": false
        }
      },
      {
        "name": "bdt_t2_bomb_object_09",
        "tm": [
          [
            0.165663,
            0.0,
            -0.986182
          ],
          [
            0.0,
            1.0,
            0.0
          ],
          [
            0.986182,
            0.0,
            0.165663
          ],
          [
            -9605.84,
            1091.82,
            -9432.1
          ]
        ],
        "unit_class": "dynBase_petrol_camp_square",
        "objLayer": 2,
        "props": {
          "army": 2,
          "active": false
        }
      },
      {
        "name": "bdt_t2_bomb_object_10",
        "tm": [
          [
            0.165663,
            0.0,
            -0.986182
          ],
          [
            0.0,
            1.0,
            0.0
          ],
          [
            0.986182,
            0.0,
            0.165663
          ],
          [
            -6405.55,
            680.573,
            -4725.5
          ]
        ],
        "unit_class": "dynBase_petrol_camp_square",
        "objLayer": 2,
        "props": {
          "army": 2,
          "active": false
        }
      },
      {
        "name": "bdt_t1_bomb_object_05",
        "tm": [
          [
            0.326916,
            0.0,
            -0.945053
          ],
          [
            0.0,
            1.0,
            0.0
          ],
          [
            0.945053,
            0.0,
            0.326916
          ],
          [
            -10491.8,
            442.263,
            12433.7
          ]
        ],
        "unit_class": "dynBase_petrol_camp_square",
        "objLayer": 2,
        "props": {
          "army": 1,
          "active": false
        }
      },
      {
        "name": "bdt_t1_bomb_object_06",
        "tm": [
          [
            0.732178,
            0.0,
            -0.681114
          ],
          [
            0.0,
            1.0,
            0.0
          ],
          [
            0.681114,
            0.0,
            0.732178
          ],
          [
            -8876.35,
            441.15,
            8717.45
          ]
        ],
        "unit_class": "dynBase_military_base_square",
        "objLayer": 2,
        "props": {
          "army": 1,
          "active": false
        }
      },
      {
        "name": "bdt_t1_bomb_object_07",
        "tm": [
          [
            0.326916,
            0.0,
            -0.945053
          ],
          [
            0.0,
            1.0,
            0.0
          ],
          [
            0.945053,
            0.0,
            0.326916
          ],
          [
            -19175.4,
            513.85,
            10781.6
          ]
        ],
        "unit_class": "dynBase_fuel_storage_square",
        "objLayer": 2,
        "props": {
          "army": 1,
          "active": false
        }
      },
      {
        "name": "bdt_t1_bomb_object_08",
        "tm": [
          [
            0.798105,
            0.0,
            -0.602522
          ],
          [
            0.0,
            1.0,
            0.0
          ],
          [
            0.602522,
            0.0,
            0.798105
          ],
          [
            -28482.8,
            857.3,
            7834.31
          ]
        ],
        "unit_class": "dynBase_ammunition_storage_square",
        "objLayer": 2,
        "props": {
          "army": 1,
          "active": false
        }
      },
      {
        "name": "bdt_t1_bomb_object_09",
        "tm": [
          [
            0.798105,
            0.0,
            -0.602522
          ],
          [
            0.0,
            1.0,
            0.0
          ],
          [
            0.602522,
            0.0,
            0.798105
          ],
          [
            -31040.1,
            962.5,
            1870.88
          ]
        ],
        "unit_class": "dynBase_field_camp_square",
        "objLayer": 2,
        "props": {
          "army": 1,
          "active": false
        }
      },
      {
        "name": "bdt_t1_bomb_object_10",
        "tm": [
          [
            0.798105,
            0.0,
            -0.602522
          ],
          [
            0.0,
            1.0,
            0.0
          ],
          [
            0.602522,
            0.0,
            0.798105
          ],
          [
            -24264.2,
            501.5,
            9027.62
          ]
        ],
        "unit_class": "dynBase_oil_storage_small_square",
        "objLayer": 2,
        "props": {
          "army": 1,
          "active": false
        }
      }
    ]
  },
  "areas": {
    "bdt_t1_bomb_zone_01": {
      "type": "Sphere",
      "tm": [
        [
          -123.422,
          0.0,
          -432.746
        ],
        [
          0.0,
          450.0,
          0.0
        ],
        [
          432.746,
          0.0,
          -123.422
        ],
        [
          -14309.2,
          531.003,
          10420.7
        ]
      ],
      "objLayer": 0,
      "props": {}
    },
    "bdt_t1_bomb_zone_02": {
      "type": "Sphere",
      "tm": [
        [
          -74.665,
          0.0,
          -443.764
        ],
        [
          0.0,
          450.0,
          0.0
        ],
        [
          443.764,
          0.0,
          -74.665
        ],
        [
          -27366.5,
          594.32,
          4655.11
        ]
      ],
      "objLayer": 0,
      "props": {}
    },
    "bdt_t1_bomb_zone_03": {
      "type": "Sphere",
      "tm": [
        [
          359.145,
          0.0,
          -271.136
        ],
        [
          0.0,
          450.0,
          0.0
        ],
        [
          271.136,
          0.0,
          359.145
        ],
        [
          -27987.5,
          654.2,
          -1095.69
        ]
      ],
      "objLayer": 0,
      "props": {}
    },
    "bdt_t2_bomb_zone_01": {
      "type": "Sphere",
      "tm": [
        [
          74.5466,
          0.0,
          -443.782
        ],
        [
          0.0,
          450.0,
          0.0
        ],
        [
          443.782,
          0.0,
          74.5466
        ],
        [
          -4750.84,
          529.188,
          -7754.58
        ]
      ],
      "objLayer": 0,
      "props": {}
    },
    "bdt_t2_bomb_zone_02": {
      "type": "Sphere",
      "tm": [
        [
          286.451,
          0.0,
          -347.052
        ],
        [
          0.0,
          450.0,
          0.0
        ],
        [
          347.052,
          0.0,
          286.451
        ],
        [
          -5070.88,
          767.088,
          657.839
        ]
      ],
      "objLayer": 0,
      "props": {}
    },
    "bdt_t2_bomb_zone_03": {
      "type": "Sphere",
      "tm": [
        [
          262.39,
          0.0,
          -365.582
        ],
        [
          0.0,
          450.0,
          0.0
        ],
        [
          365.582,
          0.0,
          262.39
        ],
        [
          -15086.9,
          1205.6,
          -11309.9
        ]
      ],
      "objLayer": 0,
      "props": {}
    },
    "bdt_t1_bomb_zone_04": {
      "type": "Sphere",
      "tm": [
        [
          147.111,
          0.0,
          -425.273
        ],
        [
          0.0,
          450.0,
          0.0
        ],
        [
          425.273,
          0.0,
          147.111
        ],
        [
          -15834.9,
          808.548,
          14077.0
        ]
      ],
      "objLayer": 0,
      "props": {}
    },
    "bdt_t2_bomb_zone_04": {
      "type": "Sphere",
      "tm": [
        [
          262.39,
          0.0,
          -365.582
        ],
        [
          0.0,
          450.0,
          0.0
        ],
        [
          365.582,
          0.0,
          262.39
        ],
        [
          -23568.8,
          1540.87,
          -9681.7
        ]
      ],
      "objLayer": 0,
      "props": {}
    },
    "bdt_t1_bomb_zone_01_aaa_point_01": {
      "type": "Point",
      "tm": [
        [
          0.309711,
          0.0,
          -0.950829
        ],
        [
          0.0,
          1.0,
          0.0
        ],
        [
          0.950829,
          0.0,
          0.309711
        ],
        [
          -14513.8,
          533.136,
          10325.9
        ]
      ],
      "objLayer": 0,
      "props": {}
    },
    "bdt_t1_bomb_zone_01_aaa_point_02": {
      "type": "Point",
      "tm": [
        [
          0.309711,
          0.0,
          -0.950829
        ],
        [
          0.0,
          1.0,
          0.0
        ],
        [
          0.950829,
          0.0,
          0.309711
        ],
        [
          -14106.2,
          532.762,
          10630.8
        ]
      ],
      "objLayer": 0,
      "props": {}
    },
    "bdt_t1_bomb_zone_01_aaa_point_03": {
      "type": "Point",
      "tm": [
        [
          0.309711,
          0.0,
          -0.950829
        ],
        [
          0.0,
          1.0,
          0.0
        ],
        [
          0.950829,
          0.0,
          0.309711
        ],
        [
          -14061.8,
          531.344,
          10520.4
        ]
      ],
      "objLayer": 0,
      "props": {}
    },
    "bdt_t1_bomb_zone_01_aaa_point_04": {
      "type": "Point",
      "tm": [
        [
          0.309711,
          0.0,
          -0.950829
        ],
        [
          0.0,
          1.0,
          0.0
        ],
        [
          0.950829,
          0.0,
          0.309711
        ],
        [
          -13920.2,
          527.606,
          10161.9
        ]
      ],
      "objLayer": 0,
      "props": {}
    },
    "bdt_t1_bomb_zone_02_aaa_point_01": {
      "type": "Point",
      "tm": [
        [
          0.413256,
          0.0,
          -0.910613
        ],
        [
          0.0,
          1.0,
          0.0
        ],
        [
          0.910613,
          0.0,
          0.413256
        ],
        [
          -27584.6,
          591.68,
          4774.28
        ]
      ],
      "objLayer": 0,
      "props": {}
    },
    "bdt_t1_bomb_zone_02_aaa_point_02": {
      "type": "Point",
      "tm": [
        [
          0.413256,
          0.0,
          -0.910613
        ],
        [
          0.0,
          1.0,
          0.0
        ],
        [
          0.910613,
          0.0,
          0.413256
        ],
        [
          -27047.6,
          593.52,
          4728.35
        ]
      ],
      "objLayer": 0,
      "props": {}
    },
    "bdt_t1_bomb_zone_02_aaa_point_03": {
      "type": "Point",
      "tm": [
        [
          0.413256,
          0.0,
          -0.910613
        ],
        [
          0.0,
          1.0,
          0.0
        ],
        [
          0.910613,
          0.0,
          0.413256
        ],
        [
          -27373.1,
          597.33,
          4934.58
        ]
      ],
      "objLayer": 0,
      "props": {}
    },
    "bdt_t1_bomb_zone_02_aaa_point_04": {
      "type": "Point",
      "tm": [
        [
          0.413256,
          0.0,
          -0.910613
        ],
        [
          0.0,
          1.0,
          0.0
        ],
        [
          0.910613,
          0.0,
          0.413256
        ],
        [
          -27308.7,
          591.61,
          4433.11
        ]
      ],
      "objLayer": 0,
      "props": {}
    },
    "bdt_t1_bomb_zone_03_aaa_point_01": {
      "type": "Point",
      "tm": [
        [
          0.413256,
          0.0,
          -0.910613
        ],
        [
          0.0,
          1.0,
          0.0
        ],
        [
          0.910613,
          0.0,
          0.413256
        ],
        [
          -28234.9,
          657.0,
          -1261.69
        ]
      ],
      "objLayer": 0,
      "props": {}
    },
    "bdt_t1_bomb_zone_03_aaa_point_02": {
      "type": "Point",
      "tm": [
        [
          0.413256,
          0.0,
          -0.910613
        ],
        [
          0.0,
          1.0,
          0.0
        ],
        [
          0.910613,
          0.0,
          0.413256
        ],
        [
          -27695.1,
          650.94,
          -1084.17
        ]
      ],
      "objLayer": 0,
      "props": {}
    },
    "bdt_t1_bomb_zone_03_aaa_point_03": {
      "type": "Point",
      "tm": [
        [
          0.413256,
          0.0,
          -0.910613
        ],
        [
          0.0,
          1.0,
          0.0
        ],
        [
          0.910613,
          0.0,
          0.413256
        ],
        [
          -27838.3,
          651.33,
          -812.177
        ]
      ],
      "objLayer": 0,
      "props": {}
    },
    "bdt_t1_bomb_zone_03_aaa_point_04": {
      "type": "Point",
      "tm": [
        [
          0.413256,
          0.0,
          -0.910613
        ],
        [
          0.0,
          1.0,
          0.0
        ],
        [
          0.910613,
          0.0,
          0.413256
        ],
        [
          -28281.6,
          656.86,
          -1037.02
        ]
      ],
      "objLayer": 0,
      "props": {}
    },
    "bdt_t1_bomb_zone_04_aaa_point_01": {
      "type": "Point",
      "tm": [
        [
          0.309711,
          0.0,
          -0.950829
        ],
        [
          0.0,
          1.0,
          0.0
        ],
        [
          0.950829,
          0.0,
          0.309711
        ],
        [
          -15541.6,
          804.401,
          13920.9
        ]
      ],
      "objLayer": 0,
      "props": {}
    },
    "bdt_t1_bomb_zone_04_aaa_point_02": {
      "type": "Point",
      "tm": [
        [
          0.309711,
          0.0,
          -0.950829
        ],
        [
          0.0,
          1.0,
          0.0
        ],
        [
          0.950829,
          0.0,
          0.309711
        ],
        [
          -15703.7,
          804.162,
          14349.1
        ]
      ],
      "objLayer": 0,
      "props": {}
    },
    "bdt_t1_bomb_zone_04_aaa_point_03": {
      "type": "Point",
      "tm": [
        [
          0.309711,
          0.0,
          -0.950829
        ],
        [
          0.0,
          1.0,
          0.0
        ],
        [
          0.950829,
          0.0,
          0.309711
        ],
        [
          -16026.0,
          804.005,
          13891.1
        ]
      ],
      "objLayer": 0,
      "props": {}
    },
    "bdt_t1_bomb_zone_04_aaa_point_04": {
      "type": "Point",
      "tm": [
        [
          0.309711,
          0.0,
          -0.950829
        ],
        [
          0.0,
          1.0,
          0.0
        ],
        [
          0.950829,
          0.0,
          0.309711
        ],
        [
          -16076.1,
          764.26,
          14130.2
        ]
      ],
      "objLayer": 0,
      "props": {}
    },
    "bdt_t2_bomb_zone_01_aaa_point_01": {
      "type": "Point",
      "tm": [
        [
          0.688304,
          0.0,
          -0.725421
        ],
        [
          0.0,
          1.0,
          0.0
        ],
        [
          0.725421,
          0.0,
          0.688304
        ],
        [
          -4569.24,
          532.57,
          -7932.97
        ]
      ],
      "objLayer": 0,
      "props": {}
    },
    "bdt_t2_bomb_zone_01_aaa_point_02": {
      "type": "Point",
      "tm": [
        [
          0.688304,
          0.0,
          -0.725421
        ],
        [
          0.0,
          1.0,
          0.0
        ],
        [
          0.725421,
          0.0,
          0.688304
        ],
        [
          -4875.64,
          526.517,
          -7534.31
        ]
      ],
      "objLayer": 0,
      "props": {}
    },
    "bdt_t2_bomb_zone_01_aaa_point_03": {
      "type": "Point",
      "tm": [
        [
          0.688304,
          0.0,
          -0.725421
        ],
        [
          0.0,
          1.0,
          0.0
        ],
        [
          0.725421,
          0.0,
          0.688304
        ],
        [
          -4938.74,
          542.049,
          -7892.76
        ]
      ],
      "objLayer": 0,
      "props": {}
    },
    "bdt_t2_bomb_zone_01_aaa_point_04": {
      "type": "Point",
      "tm": [
        [
          0.688304,
          0.0,
          -0.725421
        ],
        [
          0.0,
          1.0,
          0.0
        ],
        [
          0.725421,
          0.0,
          0.688304
        ],
        [
          -4983.84,
          535.287,
          -7668.72
        ]
      ],
      "objLayer": 0,
      "props": {}
    },
    "bdt_t2_bomb_zone_02_aaa_point_01": {
      "type": "Point",
      "tm": [
        [
          0.688304,
          0.0,
          -0.725421
        ],
        [
          0.0,
          1.0,
          0.0
        ],
        [
          0.725421,
          0.0,
          0.688304
        ],
        [
          -4801.18,
          764.829,
          637.509
        ]
      ],
      "objLayer": 0,
      "props": {}
    },
    "bdt_t2_bomb_zone_02_aaa_point_02": {
      "type": "Point",
      "tm": [
        [
          0.688304,
          0.0,
          -0.725421
        ],
        [
          0.0,
          1.0,
          0.0
        ],
        [
          0.725421,
          0.0,
          0.688304
        ],
        [
          -4942.88,
          834.39,
          890.809
        ]
      ],
      "objLayer": 0,
      "props": {}
    },
    "bdt_t2_bomb_zone_02_aaa_point_03": {
      "type": "Point",
      "tm": [
        [
          0.688304,
          0.0,
          -0.725421
        ],
        [
          0.0,
          1.0,
          0.0
        ],
        [
          0.725421,
          0.0,
          0.688304
        ],
        [
          -5438.48,
          795.512,
          397.479
        ]
      ],
      "objLayer": 0,
      "props": {}
    },
    "bdt_t2_bomb_zone_02_aaa_point_04": {
      "type": "Point",
      "tm": [
        [
          0.688304,
          0.0,
          -0.725421
        ],
        [
          0.0,
          1.0,
          0.0
        ],
        [
          0.725421,
          0.0,
          0.688304
        ],
        [
          -5269.68,
          843.162,
          920.149
        ]
      ],
      "objLayer": 0,
      "props": {}
    },
    "bdt_t2_bomb_zone_03_aaa_point_01": {
      "type": "Point",
      "tm": [
        [
          0.603602,
          0.0,
          -0.797285
        ],
        [
          0.0,
          1.0,
          0.0
        ],
        [
          0.797285,
          0.0,
          0.603602
        ],
        [
          -15393.9,
          1209.97,
          -11288.6
        ]
      ],
      "objLayer": 0,
      "props": {}
    },
    "bdt_t2_bomb_zone_03_aaa_point_02": {
      "type": "Point",
      "tm": [
        [
          0.603602,
          0.0,
          -0.797285
        ],
        [
          0.0,
          1.0,
          0.0
        ],
        [
          0.797285,
          0.0,
          0.603602
        ],
        [
          -14844.8,
          1202.66,
          -11311.9
        ]
      ],
      "objLayer": 0,
      "props": {}
    },
    "bdt_t2_bomb_zone_03_aaa_point_03": {
      "type": "Point",
      "tm": [
        [
          0.603602,
          0.0,
          -0.797285
        ],
        [
          0.0,
          1.0,
          0.0
        ],
        [
          0.797285,
          0.0,
          0.603602
        ],
        [
          -14955.7,
          1209.42,
          -11055.0
        ]
      ],
      "objLayer": 0,
      "props": {}
    },
    "bdt_t2_bomb_zone_03_aaa_point_04": {
      "type": "Point",
      "tm": [
        [
          0.603602,
          0.0,
          -0.797285
        ],
        [
          0.0,
          1.0,
          0.0
        ],
        [
          0.797285,
          0.0,
          0.603602
        ],
        [
          -15114.4,
          1207.22,
          -11569.4
        ]
      ],
      "objLayer": 0,
      "props": {}
    },
    "bdt_t2_bomb_zone_04_aaa_point_01": {
      "type": "Point",
      "tm": [
        [
          0.603602,
          0.0,
          -0.797285
        ],
        [
          0.0,
          1.0,
          0.0
        ],
        [
          0.797285,
          0.0,
          0.603602
        ],
        [
          -23502.5,
          1543.06,
          -9991.5
        ]
      ],
      "objLayer": 0,
      "props": {}
    },
    "bdt_t2_bomb_zone_04_aaa_point_02": {
      "type": "Point",
      "tm": [
        [
          0.603602,
          0.0,
          -0.797285
        ],
        [
          0.0,
          1.0,
          0.0
        ],
        [
          0.797285,
          0.0,
          0.603602
        ],
        [
          -23320.3,
          1540.98,
          -9727.1
        ]
      ],
      "objLayer": 0,
      "props": {}
    },
    "bdt_t2_bomb_zone_04_aaa_point_03": {
      "type": "Point",
      "tm": [
        [
          0.603602,
          0.0,
          -0.797285
        ],
        [
          0.0,
          1.0,
          0.0
        ],
        [
          0.797285,
          0.0,
          0.603602
        ],
        [
          -23804.5,
          1541.91,
          -9852.5
        ]
      ],
      "objLayer": 0,
      "props": {}
    },
    "bdt_t2_bomb_zone_04_aaa_point_04": {
      "type": "Point",
      "tm": [
        [
          0.603602,
          0.0,
          -0.797285
        ],
        [
          0.0,
          1.0,
          0.0
        ],
        [
          0.797285,
          0.0,
          0.603602
        ],
        [
          -23446.2,
          1540.33,
          -9392.8
        ]
      ],
      "objLayer": 0,
      "props": {}
    },
    "bdt_t2_bomb_zone_05": {
      "type": "Sphere",
      "tm": [
        [
          262.39,
          0.0,
          -365.582
        ],
        [
          0.0,
          450.0,
          0.0
        ],
        [
          365.582,
          0.0,
          262.39
        ],
        [
          -21403.0,
          1341.8,
          -14366.4
        ]
      ],
      "objLayer": 0,
      "props": {}
    },
    "bdt_t2_bomb_zone_06": {
      "type": "Sphere",
      "tm": [
        [
          262.39,
          0.0,
          -365.582
        ],
        [
          0.0,
          450.0,
          0.0
        ],
        [
          365.582,
          0.0,
          262.39
        ],
        [
          -16255.0,
          1077.44,
          -14520.6
        ]
      ],
      "objLayer": 0,
      "props": {}
    },
    "bdt_t2_bomb_zone_07": {
      "type": "Sphere",
      "tm": [
        [
          262.39,
          0.0,
          -365.582
        ],
        [
          0.0,
          450.0,
          0.0
        ],
        [
          365.582,
          0.0,
          262.39
        ],
        [
          -19298.4,
          1853.79,
          -11064.9
        ]
      ],
      "objLayer": 0,
      "props": {}
    },
    "bdt_t2_bomb_zone_08": {
      "type": "Sphere",
      "tm": [
        [
          74.5466,
          0.0,
          -443.782
        ],
        [
          0.0,
          450.0,
          0.0
        ],
        [
          443.782,
          0.0,
          74.5466
        ],
        [
          -2530.51,
          688.431,
          -2406.3
        ]
      ],
      "objLayer": 0,
      "props": {}
    },
    "bdt_t2_bomb_zone_09": {
      "type": "Sphere",
      "tm": [
        [
          74.5466,
          0.0,
          -443.782
        ],
        [
          0.0,
          450.0,
          0.0
        ],
        [
          443.782,
          0.0,
          74.5466
        ],
        [
          -9600.9,
          1092.11,
          -9443.6
        ]
      ],
      "objLayer": 0,
      "props": {}
    },
    "bdt_t2_bomb_zone_10": {
      "type": "Sphere",
      "tm": [
        [
          74.5466,
          0.0,
          -443.782
        ],
        [
          0.0,
          450.0,
          0.0
        ],
        [
          443.782,
          0.0,
          74.5466
        ],
        [
          -6400.55,
          679.456,
          -4737.15
        ]
      ],
      "objLayer": 0,
      "props": {}
    },
    "bdt_t2_bomb_zone_05_aaa_point_01": {
      "type": "Point",
      "tm": [
        [
          0.603602,
          0.0,
          -0.797285
        ],
        [
          0.0,
          1.0,
          0.0
        ],
        [
          0.797285,
          0.0,
          0.603602
        ],
        [
          -21549.7,
          1342.06,
          -14134.9
        ]
      ],
      "objLayer": 0,
      "props": {}
    },
    "bdt_t2_bomb_zone_05_aaa_point_02": {
      "type": "Point",
      "tm": [
        [
          0.603602,
          0.0,
          -0.797285
        ],
        [
          0.0,
          1.0,
          0.0
        ],
        [
          0.797285,
          0.0,
          0.603602
        ],
        [
          -21552.1,
          1341.16,
          -14322.3
        ]
      ],
      "objLayer": 0,
      "props": {}
    },
    "bdt_t2_bomb_zone_05_aaa_point_03": {
      "type": "Point",
      "tm": [
        [
          0.603602,
          0.0,
          -0.797285
        ],
        [
          0.0,
          1.0,
          0.0
        ],
        [
          0.797285,
          0.0,
          0.603602
        ],
        [
          -21258.4,
          1342.37,
          -14615.1
        ]
      ],
      "objLayer": 0,
      "props": {}
    },
    "bdt_t2_bomb_zone_05_aaa_point_04": {
      "type": "Point",
      "tm": [
        [
          0.603602,
          0.0,
          -0.797285
        ],
        [
          0.0,
          1.0,
          0.0
        ],
        [
          0.797285,
          0.0,
          0.603602
        ],
        [
          -21130.4,
          1343.07,
          -14418.3
        ]
      ],
      "objLayer": 0,
      "props": {}
    },
    "bdt_t2_bomb_zone_06_aaa_point_01": {
      "type": "Point",
      "tm": [
        [
          0.603602,
          0.0,
          -0.797285
        ],
        [
          0.0,
          1.0,
          0.0
        ],
        [
          0.797285,
          0.0,
          0.603602
        ],
        [
          -16591.2,
          1072.73,
          -14549.3
        ]
      ],
      "objLayer": 0,
      "props": {}
    },
    "bdt_t2_bomb_zone_06_aaa_point_02": {
      "type": "Point",
      "tm": [
        [
          0.603602,
          0.0,
          -0.797285
        ],
        [
          0.0,
          1.0,
          0.0
        ],
        [
          0.797285,
          0.0,
          0.603602
        ],
        [
          -16496.4,
          1074.99,
          -14303.5
        ]
      ],
      "objLayer": 0,
      "props": {}
    },
    "bdt_t2_bomb_zone_06_aaa_point_03": {
      "type": "Point",
      "tm": [
        [
          0.603602,
          0.0,
          -0.797285
        ],
        [
          0.0,
          1.0,
          0.0
        ],
        [
          0.797285,
          0.0,
          0.603602
        ],
        [
          -16002.6,
          1078.96,
          -14342.2
        ]
      ],
      "objLayer": 0,
      "props": {}
    },
    "bdt_t2_bomb_zone_06_aaa_point_04": {
      "type": "Point",
      "tm": [
        [
          0.603602,
          0.0,
          -0.797285
        ],
        [
          0.0,
          1.0,
          0.0
        ],
        [
          0.797285,
          0.0,
          0.603602
        ],
        [
          -16197.6,
          1074.74,
          -14812.7
        ]
      ],
      "objLayer": 0,
      "props": {}
    },
    "bdt_t2_bomb_zone_07_aaa_point_01": {
      "type": "Point",
      "tm": [
        [
          0.603602,
          0.0,
          -0.797285
        ],
        [
          0.0,
          1.0,
          0.0
        ],
        [
          0.797285,
          0.0,
          0.603602
        ],
        [
          -18999.6,
          1855.09,
          -11026.1
        ]
      ],
      "objLayer": 0,
      "props": {}
    },
    "bdt_t2_bomb_zone_07_aaa_point_02": {
      "type": "Point",
      "tm": [
        [
          0.603602,
          0.0,
          -0.797285
        ],
        [
          0.0,
          1.0,
          0.0
        ],
        [
          0.797285,
          0.0,
          0.603602
        ],
        [
          -19644.8,
          1847.8,
          -11105.1
        ]
      ],
      "objLayer": 0,
      "props": {}
    },
    "bdt_t2_bomb_zone_07_aaa_point_03": {
      "type": "Point",
      "tm": [
        [
          0.603602,
          0.0,
          -0.797285
        ],
        [
          0.0,
          1.0,
          0.0
        ],
        [
          0.797285,
          0.0,
          0.603602
        ],
        [
          -19243.2,
          1842.93,
          -11396.2
        ]
      ],
      "objLayer": 0,
      "props": {}
    },
    "bdt_t2_bomb_zone_07_aaa_point_04": {
      "type": "Point",
      "tm": [
        [
          0.603602,
          0.0,
          -0.797285
        ],
        [
          0.0,
          1.0,
          0.0
        ],
        [
          0.797285,
          0.0,
          0.603602
        ],
        [
          -19133.3,
          1852.36,
          -10698.6
        ]
      ],
      "objLayer": 0,
      "props": {}
    },
    "bdt_t2_bomb_zone_08_aaa_point_01": {
      "type": "Point",
      "tm": [
        [
          0.688304,
          0.0,
          -0.725421
        ],
        [
          0.0,
          1.0,
          0.0
        ],
        [
          0.725421,
          0.0,
          0.688304
        ],
        [
          -2365.61,
          632.275,
          -2142.96
        ]
      ],
      "objLayer": 0,
      "props": {}
    },
    "bdt_t2_bomb_zone_08_aaa_point_02": {
      "type": "Point",
      "tm": [
        [
          0.688304,
          0.0,
          -0.725421
        ],
        [
          0.0,
          1.0,
          0.0
        ],
        [
          0.725421,
          0.0,
          0.688304
        ],
        [
          -2808.31,
          689.634,
          -2278.01
        ]
      ],
      "objLayer": 0,
      "props": {}
    },
    "bdt_t2_bomb_zone_08_aaa_point_03": {
      "type": "Point",
      "tm": [
        [
          0.688304,
          0.0,
          -0.725421
        ],
        [
          0.0,
          1.0,
          0.0
        ],
        [
          0.725421,
          0.0,
          0.688304
        ],
        [
          -2744.21,
          687.206,
          -2693.33
        ]
      ],
      "objLayer": 0,
      "props": {}
    },
    "bdt_t2_bomb_zone_08_aaa_point_04": {
      "type": "Point",
      "tm": [
        [
          0.688304,
          0.0,
          -0.725421
        ],
        [
          0.0,
          1.0,
          0.0
        ],
        [
          0.725421,
          0.0,
          0.688304
        ],
        [
          -2339.01,
          690.322,
          -2599.64
        ]
      ],
      "objLayer": 0,
      "props": {}
    },
    "bdt_t2_bomb_zone_09_aaa_point_01": {
      "type": "Point",
      "tm": [
        [
          0.688304,
          0.0,
          -0.725421
        ],
        [
          0.0,
          1.0,
          0.0
        ],
        [
          0.725421,
          0.0,
          0.688304
        ],
        [
          -9843.18,
          1091.8,
          -9066.8
        ]
      ],
      "objLayer": 0,
      "props": {}
    },
    "bdt_t2_bomb_zone_09_aaa_point_02": {
      "type": "Point",
      "tm": [
        [
          0.688304,
          0.0,
          -0.725421
        ],
        [
          0.0,
          1.0,
          0.0
        ],
        [
          0.725421,
          0.0,
          0.688304
        ],
        [
          -10000.9,
          1083.29,
          -9534.9
        ]
      ],
      "objLayer": 0,
      "props": {}
    },
    "bdt_t2_bomb_zone_09_aaa_point_03": {
      "type": "Point",
      "tm": [
        [
          0.688304,
          0.0,
          -0.725421
        ],
        [
          0.0,
          1.0,
          0.0
        ],
        [
          0.725421,
          0.0,
          0.688304
        ],
        [
          -9288.12,
          1097.5,
          -9056.5
        ]
      ],
      "objLayer": 0,
      "props": {}
    },
    "bdt_t2_bomb_zone_09_aaa_point_04": {
      "type": "Point",
      "tm": [
        [
          0.688304,
          0.0,
          -0.725421
        ],
        [
          0.0,
          1.0,
          0.0
        ],
        [
          0.725421,
          0.0,
          0.688304
        ],
        [
          -9665.42,
          1083.89,
