{
  "selected_tag": "",
  "bin_dump_file": "",
  "mission_settings": {
    "player": [
      {
        "army": 1
      },
      {
        "wing": "t1_player01"
      },
      {
        "wing": "t1_player02"
      },
      {
        "wing": "t1_player03"
      },
      {
        "wing": "t1_player04"
      },
      {
        "wing": "t1_player05"
      },
      {
        "wing": "t1_player06"
      },
      {
        "wing": "t1_player07"
      },
      {
        "wing": "t1_player08"
      },
      {
        "wing": "t1_player09"
      },
      {
        "wing": "t1_player10"
      },
      {
        "wing": "t1_player11"
      },
      {
        "wing": "t1_player12"
      },
      {
        "wing": "t1_player13"
      },
      {
        "wing": "t1_player14"
      },
      {
        "wing": "t1_player15"
      },
      {
        "wing": "t1_player16"
      },
      {
        "wing": "t1_player17"
      },
      {
        "wing": "t1_player18"
      },
      {
        "wing": "t1_player19"
      },
      {
        "wing": "t1_player20"
      },
      {
        "wing": "t1_player21"
      },
      {
        "wing": "t1_player22"
      },
      {
        "wing": "t1_player23"
      },
      {
        "wing": "t1_player24"
      },
      {
        "wing": "t1_player25"
      },
      {
        "wing": "t1_player26"
      },
      {
        "wing": "t1_player27"
      },
      {
        "wing": "t1_player28"
      },
      {
        "wing": "t1_player29"
      },
      {
        "wing": "t1_player30"
      },
      {
        "wing": "t1_player31"
      },
      {
        "wing": "t1_player32"
      }
    ],
    "player_teamB": [
      {
        "army": 2
      },
      {
        "wing": "t2_player01"
      },
      {
        "wing": "t2_player02"
      },
      {
        "wing": "t2_player03"
      },
      {
        "wing": "t2_player04"
      },
      {
        "wing": "t2_player05"
      },
      {
        "wing": "t2_player06"
      },
      {
        "wing": "t2_player07"
      },
      {
        "wing": "t2_player08"
      },
      {
        "wing": "t2_player09"
      },
      {
        "wing": "t2_player10"
      },
      {
        "wing": "t2_player11"
      },
      {
        "wing": "t2_player12"
      },
      {
        "wing": "t2_player13"
      },
      {
        "wing": "t2_player14"
      },
      {
        "wing": "t2_player15"
      },
      {
        "wing": "t2_player16"
      },
      {
        "wing": "t2_player17"
      },
      {
        "wing": "t2_player18"
      },
      {
        "wing": "t2_player19"
      },
      {
        "wing": "t2_player20"
      },
      {
        "wing": "t2_player21"
      },
      {
        "wing": "t2_player22"
      },
      {
        "wing": "t2_player23"
      },
      {
        "wing": "t2_player24"
      },
      {
        "wing": "t2_player25"
      },
      {
        "wing": "t2_player26"
      },
      {
        "wing": "t2_player27"
      },
      {
        "wing": "t2_player28"
      },
      {
        "wing": "t2_player29"
      },
      {
        "wing": "t2_player30"
      },
      {
        "wing": "t2_player31"
      },
      {
        "wing": "t2_player32"
      },
      {
        "wing": "t2_player33"
      }
    ],
    "mission": {
      "level": "levels/avg_hurtgen.bin",
      "type": "domination",
      "restoreType": "attempts",
      "optionalTakeOff": false,
      "environment": "Day",
      "weather": "clear",
      "locName": "missions/_CnvB;hurtgen/name",
      "locDesc": "hurtgen/desc;missions/_Cnv/desc",
      "scoreLimit": 10000,
      "timeLimit": 25,
      "deathPenaltyMul": 0.0,
      "postfix": "_CnvB",
      "allowedKillStreaks": true,
      "randomSpawnTeams": false,
      "remapAiTankModels": true,
      "country_axis": "germany",
      "country_allies": "ussr",
      "showTacticalMapCellSize": true,
      "allowedUnitTypes": {
        "isAirplanesAllowed": true,
        "isTanksAllowed": true,
        "isShipsAllowed": false,
        "isHelicoptersAllowed": true
      }
    },
    "spectator_points": [],
    "briefing": {
      "place_loc": "",
      "date_loc": "",
      "objective_loc": "",
      "music": "action_01",
      "part": {
        "event": "",
        "minTime": 0,
        "slide": [
          {
            "map": true
          },
          {
            "minTime": 4
          },
          {
            "picture": ""
          },
          {
            "showAirMap": false
          },
          {
            "arrow": [
              {
                "width": 1
              },
              {
                "side": "enemy"
              },
              {
                "point": "briefing_tanks"
              },
              {
                "point": "convoy_waypoint01"
              },
              {
                "point": "convoy_waypoint02"
              },
              {
                "point": "convoy_waypoint03"
              },
              {
                "point": "convoy_waypoint04"
              },
              {
                "point": "convoy_waypoint04"
              }
            ]
          },
          {
            "icon": {
              "icontype": "bomber",
              "side": "ally",
              "target": "briefing_bombers",
              "lookAt": "briefing_tanks"
            }
          },
          {
            "icon": {
              "icontype": "tank",
              "side": "enemy",
              "target": "briefing_tanks"
            }
          },
          {
            "icon": {
              "icontype": "tank",
              "side": "ally",
              "target": "t1_tanks_spawn"
            }
          }
        ]
      }
    }
  },
  "imports": [
    {
      "import_record": {
        "file": "gameData/missions/templates/tank_templates/tank_base_logic_template.blk",
        "importAreas": true,
        "importUnits": true,
        "importTriggers": true,
        "importMissionObjectives": true,
        "importWayPoints": true,
        "showAreas": true,
        "showUnits": true,
        "showTriggers": true,
        "showMissionObjectives": true,
        "showWayPoints": true,
        "excludes": []
      }
    },
    {
      "import_record": {
        "file": "gameData/missions/templates/tank_convoy_template.blk",
        "importAreas": true,
        "importUnits": true,
        "importTriggers": true,
        "importMissionObjectives": true,
        "importWayPoints": true,
        "showAreas": true,
        "showUnits": true,
        "showTriggers": true,
        "showMissionObjectives": true,
        "showWayPoints": true,
        "excludes": []
      }
    },
    {
      "import_record": {
        "file": "gameData/missions/cta/tanks/hurtgen/template_hurtgen_air_spawns.blk",
        "importAreas": true,
        "importUnits": true,
        "importTriggers": true,
        "importMissionObjectives": true,
        "importWayPoints": true,
        "showAreas": true,
        "showUnits": true,
        "showTriggers": true,
        "showMissionObjectives": true,
        "showWayPoints": true,
        "excludes": []
      }
    },
    {
      "import_record": {
        "file": "gameData/missions/templates/ww_no_attackers_template.blk",
        "importAreas": true,
        "importUnits": true,
        "importTriggers": true,
        "importMissionObjectives": true,
        "importWayPoints": true,
        "showAreas": true,
        "showUnits": true,
        "showTriggers": true,
        "showMissionObjectives": true,
        "showWayPoints": true,
        "excludes": []
      }
    }
  ],
  "triggers": {
    "isCategory": true,
    "is_enabled": true,
    "hurtgen_CnvB_init": {
      "is_enabled": true,
      "comments": "",
      "props": {
        "actionsType": "PERFORM_ONE_BY_ONE",
        "conditionsType": "ALL",
        "enableAfterComplete": false
      },
      "events": {
        "initMission": []
      },
      "conditions": [],
      "actions": [
        {
          "missionMarkAsRespawnPoint": {
            "loc_name": "missions/spawn",
            "spawnEffect": false,
            "isStrictSpawn": false,
            "isAirfield": false,
            "isUnit": false,
            "useExisting": false,
            "isIndividual": true,
            "removeAreas": false,
            "canSpawnOnNeutral": false,
            "showOnMap": true,
            "radius": 50.0,
            "onlyOnePlayerPerSpawnPoint": false,
            "resetStrictSpawnIndex": false,
            "forceCreate": false,
            "replaceAreas": false,
            "target": "t2_tanks_spawn00",
            "team": "B",
            "offset": [0.0,0.0,100.0],
            "tags": {
              "tank": true,
              "type_heavy_tank": true,
              "type_medium_tank": true,
              "type_light_tank": true,
              "type_tank_destroyer": true,
              "type_spaa": true
            }
          }
        },
        {
          "missionMarkAsRespawnPoint": {
            "loc_name": "missions/spawn",
            "spawnEffect": false,
            "isStrictSpawn": false,
            "isAirfield": false,
            "isUnit": false,
            "useExisting": false,
            "isIndividual": true,
            "removeAreas": false,
            "canSpawnOnNeutral": false,
            "showOnMap": true,
            "radius": -1.0,
            "onlyOnePlayerPerSpawnPoint": false,
            "resetStrictSpawnIndex": false,
            "forceCreate": false,
            "replaceAreas": false,
            "target": "t1_tanks_spawn",
            "team": "A",
            "offset": [0.0,0.0,0.0],
            "tags": {
              "tank": true,
              "type_heavy_tank": true,
              "type_medium_tank": true,
              "type_light_tank": true,
              "type_tank_destroyer": true,
              "type_spaa": true
            }
          }
        }
      ],
      "else_actions": []
    }
  },
  "mission_objectives": {
    "isCategory": true,
    "is_enabled": true
  },
  "variables": {
    "defenseMissionTeam": "teamB",
    "waypoints_num": 4
  },
  "dialogs": [],
  "airfields": [],
  "effects": [],
  "units": [
    {
      "tankModels": {
        "name": "t1_player01",
        "tm": [
          [1.0,0.0,0.0],
          [0.0,1.0,0.0],
          [0.0,0.0,1.0],
          [2346.43,48.7277,2709.35]
        ],
        "unit_class": "aaa_dummy",
        "objLayer": 1,
        "closed_waypoints": false,
        "isShipSpline": false,
        "shipTurnRadius": 100.0,
        "weapons": "",
        "bullets0": "",
        "bullets1": "",
        "bullets2": "",
        "bullets3": "",
        "bulletsCount0": 0,
        "bulletsCount1": 0,
        "bulletsCount2": 0,
        "bulletsCount3": 0,
        "props": {
          "army": 2,
          "count": 1,
          "formation_type": "rows",
          "formation_div": 3,
          "formation_step": [2.5,2.0],
          "formation_noise": [0.1,0.1],
          "uniqueName": "",
          "attack_type": "fire_at_will"
        },
        "way": []
      }
    },
    {
      "area_squad": {
        "name": "t2_tanks_spawn00",
        "tm": [
          [0.803337,0.0,-0.595525],
          [0.0,1.0,0.0],
          [0.595525,0.0,0.803337],
          [1835.34,8.17478,1082.93]
        ],
        "props": [
          {
            "squad_members": "t2_tanks_spawn00_01"
          },
          {
            "squad_members": "t2_tanks_spawn00_02"
          },
          {
            "squad_members": "t2_tanks_spawn00_03"
          },
          {
            "squad_members": "t2_tanks_spawn00_04"
          },
          {
            "squad_members": "t2_tanks_spawn00_05"
          },
          {
            "squad_members": "t2_tanks_spawn00_06"
          },
          {
            "squad_members": "t2_tanks_spawn00_07"
          },
          {
            "squad_members": "t2_tanks_spawn00_08"
          },
          {
            "squad_members": "t2_tanks_spawn00_09"
          },
          {
            "squad_members": "t2_tanks_spawn00_10"
          },
          {
            "squad_members": "t2_tanks_spawn00_11"
          },
          {
            "squad_members": "t2_tanks_spawn00_12"
          },
          {
            "squad_members": "t2_tanks_spawn00_13"
          },
          {
            "squad_members": "t2_tanks_spawn00_14"
          },
          {
            "squad_members": "t2_tanks_spawn00_15"
          },
          {
            "squad_members": "t2_tanks_spawn00_16"
          },
          {
            "squad_members": "t2_tanks_spawn00_17"
          },
          {
            "squad_members": "t2_tanks_spawn00_18"
          },
          {
            "squad_members": "t2_tanks_spawn00_19"
          },
          {
            "squad_members": "t2_tanks_spawn00_20"
          }
        ]
      }
    },
    {
      "area_squad": {
        "name": "t2_tanks_spawn01",
        "tm": [
          [-0.464774,0.0,-0.885429],
          [0.0,1.0,0.0],
          [0.885429,0.0,-0.464774],
          [1938.99,22.2853,1425.96]
        ],
        "props": [
          {
            "squad_members": "t2_tanks_spawn01_01"
          },
          {
            "squad_members": "t2_tanks_spawn01_02"
          },
          {
            "squad_members": "t2_tanks_spawn01_03"
          },
          {
            "squad_members": "t2_tanks_spawn01_04"
          },
          {
            "squad_members": "t2_tanks_spawn01_05"
          },
          {
            "squad_members": "t2_tanks_spawn01_06"
          },
          {
            "squad_members": "t2_tanks_spawn01_07"
          },
          {
            "squad_members": "t2_tanks_spawn01_08"
          },
          {
            "squad_members": "t2_tanks_spawn01_09"
          },
          {
            "squad_members": "t2_tanks_spawn01_10"
          },
          {
            "squad_members": "t2_tanks_spawn01_11"
          },
          {
            "squad_members": "t2_tanks_spawn01_12"
          },
          {
            "squad_members": "t2_tanks_spawn01_13"
          },
          {
            "squad_members": "t2_tanks_spawn01_14"
          },
          {
            "squad_members": "t2_tanks_spawn01_15"
          },
          {
            "squad_members": "t2_tanks_spawn01_16"
          },
          {
            "squad_members": "t2_tanks_spawn01_17"
          },
          {
            "squad_members": "t2_tanks_spawn01_18"
          },
          {
            "squad_members": "t2_tanks_spawn01_19"
          },
          {
            "squad_members": "t2_tanks_spawn01_20"
          }
        ]
      }
    },
    {
      "area_squad": {
        "name": "t2_tanks_spawn02",
        "tm": [
          [-0.873184,0.0,-0.487391],
          [0.0,1.0,0.0],
          [0.487391,0.0,-0.873184],
          [2698.93,27.8867,2029.69]
        ],
        "props": [
          {
            "squad_members": "t2_tanks_spawn02_01"
          },
          {
            "squad_members": "t2_tanks_spawn02_02"
          },
          {
            "squad_members": "t2_tanks_spawn02_03"
          },
          {
            "squad_members": "t2_tanks_spawn02_04"
          },
          {
            "squad_members": "t2_tanks_spawn02_05"
          },
          {
            "squad_members": "t2_tanks_spawn02_06"
          },
          {
            "squad_members": "t2_tanks_spawn02_07"
          },
          {
            "squad_members": "t2_tanks_spawn02_08"
          },
          {
            "squad_members": "t2_tanks_spawn02_09"
          },
          {
            "squad_members": "t2_tanks_spawn02_10"
          },
          {
            "squad_members": "t2_tanks_spawn02_11"
          },
          {
            "squad_members": "t2_tanks_spawn02_12"
          },
          {
            "squad_members": "t2_tanks_spawn02_13"
          },
          {
            "squad_members": "t2_tanks_spawn02_14"
          },
          {
            "squad_members": "t2_tanks_spawn02_15"
          },
          {
            "squad_members": "t2_tanks_spawn02_16"
          },
          {
            "squad_members": "t2_tanks_spawn02_17"
          },
          {
            "squad_members": "t2_tanks_spawn02_18"
          },
          {
            "squad_members": "t2_tanks_spawn02_19"
          },
          {
            "squad_members": "t2_tanks_spawn02_20"
          }
        ]
      }
    },
    {
      "area_squad": {
        "name": "t2_tanks_spawn03",
        "tm": [
          [0.929821,0.0,0.368011],
          [0.0,1.0,0.0],
          [-0.368011,0.0,0.929821],
          [2580.24,38.3905,2776.88]
        ],
        "props": [
          {
            "squad_members": "t2_tanks_spawn03_01"
          },
          {
            "squad_members": "t2_tanks_spawn03_02"
          },
          {
            "squad_members": "t2_tanks_spawn03_03"
          },
          {
            "squad_members": "t2_tanks_spawn03_04"
          },
          {
            "squad_members": "t2_tanks_spawn03_05"
          },
          {
            "squad_members": "t2_tanks_spawn03_06"
          },
          {
            "squad_members": "t2_tanks_spawn03_07"
          },
          {
            "squad_members": "t2_tanks_spawn03_08"
          },
          {
            "squad_members": "t2_tanks_spawn03_09"
          },
          {
            "squad_members": "t2_tanks_spawn03_10"
          },
          {
            "squad_members": "t2_tanks_spawn03_11"
          },
          {
            "squad_members": "t2_tanks_spawn03_12"
          },
          {
            "squad_members": "t2_tanks_spawn03_13"
          },
          {
            "squad_members": "t2_tanks_spawn03_14"
          },
          {
            "squad_members": "t2_tanks_spawn03_15"
          },
          {
            "squad_members": "t2_tanks_spawn03_16"
          },
          {
            "squad_members": "t2_tanks_spawn03_17"
          },
          {
            "squad_members": "t2_tanks_spawn03_18"
          },
          {
            "squad_members": "t2_tanks_spawn03_19"
          },
          {
            "squad_members": "t2_tanks_spawn03_20"
          }
        ]
      }
    },
    {
      "area_squad": {
        "name": "t2_tanks_spawn04",
        "tm": [
          [0.519216,0.0,-0.854643],
          [0.0,1.0,0.0],
          [0.854643,0.0,0.519216],
          [2223.52,37.8613,3577.16]
        ],
        "props": [
          {
            "squad_members": "t2_tanks_spawn04_01"
          },
          {
            "squad_members": "t2_tanks_spawn04_02"
          },
          {
            "squad_members": "t2_tanks_spawn04_03"
          },
          {
            "squad_members": "t2_tanks_spawn04_04"
          },
          {
            "squad_members": "t2_tanks_spawn04_05"
          },
          {
            "squad_members": "t2_tanks_spawn04_06"
          },
          {
            "squad_members": "t2_tanks_spawn04_07"
          },
          {
            "squad_members": "t2_tanks_spawn04_08"
          },
          {
            "squad_members": "t2_tanks_spawn04_09"
          },
          {
            "squad_members": "t2_tanks_spawn04_10"
          },
          {
            "squad_members": "t2_tanks_spawn04_11"
          },
          {
            "squad_members": "t2_tanks_spawn04_12"
          },
          {
            "squad_members": "t2_tanks_spawn04_13"
          },
          {
            "squad_members": "t2_tanks_spawn04_14"
          },
          {
            "squad_members": "t2_tanks_spawn04_15"
          },
          {
            "squad_members": "t2_tanks_spawn04_16"
          },
          {
            "squad_members": "t2_tanks_spawn04_17"
          },
          {
            "squad_members": "t2_tanks_spawn04_18"
          },
          {
            "squad_members": "t2_tanks_spawn04_19"
          },
          {
            "squad_members": "t2_tanks_spawn04_20"
          }
        ]
      }
    },
    {
      "area_squad": {
        "name": "t1_tanks_spawn",
        "tm": [
          [0.167913,0.0,-0.985802],
          [0.0,1.0,0.0],
          [0.985802,0.0,0.167913],
          [1724.82,38.8517,2384.76]
        ],
        "props": [
          {
            "squad_members": "t1_tanks_spawn01"
          },
          {
            "squad_members": "t1_tanks_spawn02"
          },
          {
            "squad_members": "t1_tanks_spawn03"
          },
          {
            "squad_members": "t1_tanks_spawn04"
          },
          {
            "squad_members": "t1_tanks_spawn05"
          },
          {
            "squad_members": "t1_tanks_spawn06"
          },
          {
            "squad_members": "t1_tanks_spawn07"
          },
          {
            "squad_members": "t1_tanks_spawn08"
          },
          {
            "squad_members": "t1_tanks_spawn09"
          },
          {
            "squad_members": "t1_tanks_spawn10"
          },
          {
            "squad_members": "t1_tanks_spawn11"
          },
          {
            "squad_members": "t1_tanks_spawn12"
          },
          {
            "squad_members": "t1_tanks_spawn13"
          },
          {
            "squad_members": "t1_tanks_spawn14"
          },
          {
            "squad_members": "t1_tanks_spawn15"
          },
          {
            "squad_members": "t1_tanks_spawn16"
          },
          {
            "squad_members": "t1_tanks_spawn17"
          },
          {
            "squad_members": "t1_tanks_spawn18"
          },
          {
            "squad_members": "t1_tanks_spawn19"
          },
          {
            "squad_members": "t1_tanks_spawn20"
          }
        ]
      }
    },
    {
      "objectGroups": {
        "name": "notree_01",
        "tm": [
          [0.895546,0.0,0.444968],
          [0.0,1.0,0.0],
          [-0.444968,0.0,0.895546],
          [1329.65,7.66606,892.779]
        ],
        "unit_class": "noTreeObjectGroup100",
        "objLayer": 2,
        "props": {
          "army": 2,
          "active": true
        }
      }
    },
    {
      "objectGroups": {
        "name": "notree_05",
        "tm": [
          [0.895546,0.0,0.444968],
          [0.0,1.0,0.0],
          [-0.444968,0.0,0.895546],
          [1289.57,7.66605,901.448]
        ],
        "unit_class": "noTreeObjectGroup100",
        "objLayer": 2,
        "props": {
          "army": 2,
          "active": true
        }
      }
    },
    {
      "objectGroups": {
        "name": "notree_08",
        "tm": [
          [0.895546,0.0,0.444968],
          [0.0,1.0,0.0],
          [-0.444968,0.0,0.895546],
          [1373.78,7.66605,952.378]
        ],
        "unit_class": "noTreeObjectGroup100",
        "objLayer": 2,
        "props": {
          "army": 2,
          "active": true
        }
      }
    },
    {
      "objectGroups": {
        "name": "notree_11",
        "tm": [
          [0.895546,0.0,0.444968],
          [0.0,1.0,0.0],
          [-0.444968,0.0,0.895546],
          [1411.09,7.66605,933.402]
        ],
        "unit_class": "noTreeObjectGroup100",
        "objLayer": 2,
        "props": {
          "army": 2,
          "active": true
        }
      }
    },
    {
      "objectGroups": {
        "name": "notree_14",
        "tm": [
          [0.895546,0.0,0.444968],
          [0.0,1.0,0.0],
          [-0.444968,0.0,0.895546],
          [1502.26,7.66605,972.539]
        ],
        "unit_class": "noTreeObjectGroup100",
        "objLayer": 2,
        "props": {
          "army": 2,
          "active": true
        }
      }
    },
    {
      "objectGroups": {
        "name": "notree_17",
        "tm": [
          [0.895546,0.0,0.444968],
          [0.0,1.0,0.0],
          [-0.444968,0.0,0.895546],
          [1429.91,7.66605,1018.01]
        ],
        "unit_class": "noTreeObjectGroup100",
        "objLayer": 2,
        "props": {
          "army": 2,
          "active": true
        }
      }
    },
    {
      "objectGroups": {
        "name": "notree_20",
        "tm": [
          [0.895546,0.0,0.444968],
          [0.0,1.0,0.0],
          [-0.444968,0.0,0.895546],
          [1518.85,7.66605,1047.36]
        ],
        "unit_class": "noTreeObjectGroup100",
        "objLayer": 2,
        "props": {
          "army": 2,
          "active": true
        }
      }
    },
    {
      "objectGroups": {
        "name": "notree_23",
        "tm": [
          [0.895546,0.0,0.444968],
          [0.0,1.0,0.0],
          [-0.444968,0.0,0.895546],
          [1556.86,7.66605,1135.54]
        ],
        "unit_class": "noTreeObjectGroup100",
        "objLayer": 2,
        "props": {
          "army": 2,
          "active": true
        }
      }
    },
    {
      "objectGroups": {
        "name": "notree_26",
        "tm": [
          [0.895546,0.0,0.444968],
          [0.0,1.0,0.0],
          [-0.444968,0.0,0.895546],
          [1576.41,7.66605,1034.11]
        ],
        "unit_class": "noTreeObjectGroup100",
        "objLayer": 2,
        "props": {
          "army": 2,
          "active": true
        }
      }
    },
    {
      "objectGroups": {
        "name": "notree_29",
        "tm": [
          [0.895546,0.0,0.444968],
          [0.0,1.0,0.0],
          [-0.444968,0.0,0.895546],
          [1651.8,7.66605,1079.26]
        ],
        "unit_class": "noTreeObjectGroup100",
        "objLayer": 2,
        "props": {
          "army": 2,
          "active": true
        }
      }
    },
    {
      "objectGroups": {
        "name": "notree_32",
        "tm": [
          [0.895546,0.0,0.444968],
          [0.0,1.0,0.0],
          [-0.444968,0.0,0.895546],
          [1730.44,7.66605,1105.58]
        ],
        "unit_class": "noTreeObjectGroup100",
        "objLayer": 2,
        "props": {
          "army": 2,
          "active": true
        }
      }
    },
    {
      "objectGroups": {
        "name": "notree_35",
        "tm": [
          [0.895546,0.0,0.444968],
          [0.0,1.0,0.0],
          [-0.444968,0.0,0.895546],
          [1809.78,7.66605,1124.61]
        ],
        "unit_class": "noTreeObjectGroup100",
        "objLayer": 2,
        "props": {
          "army": 2,
          "active": true
        }
      }
    },
    {
      "objectGroups": {
        "name": "notree_38",
        "tm": [
          [0.895546,0.0,0.444968],
          [0.0,1.0,0.0],
          [-0.444968,0.0,0.895546],
          [1631.2,7.66617,1166.67]
        ],
        "unit_class": "noTreeObjectGroup100",
        "objLayer": 2,
        "props": {
          "army": 2,
          "active": true
        }
      }
    },
    {
      "objectGroups": {
        "name": "notree_41",
        "tm": [
          [0.895546,0.0,0.444968],
          [0.0,1.0,0.0],
          [-0.444968,0.0,0.895546],
          [1709.97,7.66617,1205.74]
        ],
        "unit_class": "noTreeObjectGroup100",
        "objLayer": 2,
        "props": {
          "army": 2,
          "active": true
        }
      }
    },
    {
      "objectGroups": {
        "name": "notree_50",
        "tm": [
          [0.895546,0.0,0.444968],
          [0.0,1.0,0.0],
          [-0.444968,0.0,0.895546],
          [2581.48,34.8184,2794.38]
        ],
        "unit_class": "noTreeObjectGroup100",
        "objLayer": 2,
        "props": {
          "army": 2,
          "active": true
        }
      }
    },
    {
      "objectGroups": {
        "name": "notree_53",
        "tm": [
          [0.895546,0.0,0.444968],
          [0.0,1.0,0.0],
          [-0.444968,0.0,0.895546],
          [2598.74,34.8184,2834.2]
        ],
        "unit_class": "noTreeObjectGroup100",
        "objLayer": 2,
        "props": {
          "army": 2,
          "active": true
        }
      }
    },
    {
      "objectGroups": {
        "name": "notree_62",
        "tm": [
          [0.895546,0.0,0.444968],
          [0.0,1.0,0.0],
          [-0.444968,0.0,0.895546],
          [2268.25,34.8184,3126.41]
        ],
        "unit_class": "noTreeObjectGroup100",
        "objLayer": 2,
        "props": {
          "army": 2,
          "active": true
        }
      }
    },
    {
      "objectGroups": {
        "name": "notree_65",
        "tm": [
          [0.895546,0.0,0.444968],
          [0.0,1.0,0.0],
          [-0.444968,0.0,0.895546],
          [2248.58,34.8184,3225.45]
        ],
        "unit_class": "noTreeObjectGroup100",
        "objLayer": 2,
        "props": {
          "army": 2,
          "active": true
        }
      }
    },
    {
      "objectGroups": {
        "name": "notree_68",
        "tm": [
          [0.895546,0.0,0.444968],
          [0.0,1.0,0.0],
          [-0.444968,0.0,0.895546],
          [2332.43,34.8185,2883.68]
        ],
        "unit_class": "noTreeObjectGroup100",
        "objLayer": 2,
        "props": {
          "army": 2,
          "active": true
        }
      }
    },
    {
      "objectGroups": {
        "name": "notree_71",
        "tm": [
          [0.895546,0.0,0.444968],
          [0.0,1.0,0.0],
          [-0.444968,0.0,0.895546],
          [2370.55,34.8,2801.65]
        ],
        "unit_class": "noTreeObjectGroup100",
        "objLayer": 2,
        "props": {
          "army": 2,
          "active": true
        }
      }
    },
    {
      "objectGroups": {
        "name": "notree_74",
        "tm": [
          [0.895546,0.0,0.444968],
          [0.0,1.0,0.0],
          [-0.444968,0.0,0.895546],
          [2402.45,34.8,2729.15]
        ],
        "unit_class": "noTreeObjectGroup100",
        "objLayer": 2,
        "props": {
          "army": 2,
          "active": true
        }
      }
    },
    {
      "objectGroups": {
        "name": "notree_77",
        "tm": [
          [0.99299,0.0,-0.118199],
          [0.0,1.0,0.0],
          [0.118199,0.0,0.99299],
          [2452.7,34.8,2267.4]
        ],
        "unit_class": "noTreeObjectGroup100",
        "objLayer": 2,
        "props": {
          "army": 2,
          "active": true
        }
      }
    },
    {
      "objectGroups": {
        "name": "notree_80",
        "tm": [
          [0.976119,0.0,0.217237],
          [0.0,1.0,0.0],
          [-0.217237,0.0,0.976119],
          [2454.15,34.8,2181.1]
        ],
        "unit_class": "noTreeObjectGroup100",
        "objLayer": 2,
        "props": {
          "army": 2,
          "active": true
        }
      }
    },
    {
      "objectGroups": {
        "name": "notree_83",
        "tm": [
          [0.886299,0.0,0.463114],
          [0.0,1.0,0.0],
          [-0.463114,0.0,0.886299],
          [1978.49,1.25002,1807.33]
        ],
        "unit_class": "noTreeObjectGroup100",
        "objLayer": 2,
        "props": {
          "army": 2,
          "active": true
        }
      }
    },
    {
      "objectGroups": {
        "name": "notree_85",
        "tm": [
          [0.941168,0.0,0.337939],
          [0.0,1.0,0.0],
          [-0.337939,0.0,0.941168],
          [2516.65,34.8,2095.45]
        ],
        "unit_class": "noTreeObjectGroup100",
        "objLayer": 2,
        "props": {
          "army": 2,
          "active": true
        }
      }
    },
    {
      "objectGroups": {
        "name": "notree_30",
        "tm": [
          [0.895546,0.0,0.444968],
          [0.0,1.0,0.0],
          [-0.444968,0.0,0.895546],
          [1474.39,7.66605,1099.64]
        ],
        "unit_class": "noTreeObjectGroup100",
        "objLayer": 2,
        "props": {
          "army": 2,
          "active": true
        }
      }
    },
    {
      "objectGroups": {
        "name": "notree_39",
        "tm": [
          [0.895546,0.0,0.444968],
          [0.0,1.0,0.0],
          [-0.444968,0.0,0.895546],
          [1339.54,7.66605,989.655]
        ],
        "unit_class": "noTreeObjectGroup100",
        "objLayer": 2,
        "props": {
          "army": 2,
          "active": true
        }
      }
    },
    {
      "objectGroups": {
        "name": "notree_72",
        "tm": [
          [0.895546,0.0,0.444968],
          [0.0,1.0,0.0],
          [-0.444968,0.0,0.895546],
          [1254.26,7.66605,953.937]
        ],
        "unit_class": "noTreeObjectGroup100",
        "objLayer": 2,
        "props": {
          "army": 2,
          "active": true
        }
      }
    },
    {
      "area_squad": {
        "name": "t2_rearm_zone",
        "tm": [
          [1.0,0.0,0.0],
          [0.0,1.0,0.0],
          [0.0,0.0,1.0],
          [-822.154,23.2117,-95.1837]
        ],
        "props": [
          {
            "squad_members": "t2_rearm_zone_01"
          },
          {
            "squad_members": "t2_rearm_zone_02"
          }
        ]
      }
    },
    {
      "area_squad": {
        "name": "t1_rearm_zone",
        "tm": [
          [1.0,0.0,0.0],
          [0.0,1.0,0.0],
          [0.0,0.0,1.0],
          [562.478,23.2117,-501.735]
        ],
        "props": [
          {
            "squad_members": "t1_rearm_zone_01"
          },
          {
            "squad_members": "t1_rearm_zone_02"
          }
        ]
      }
    },
    {
      "objectGroups": {
        "name": "notree_44",
        "tm": [
          [0.895546,0.0,0.444968],
          [0.0,1.0,0.0],
          [-0.444968,0.0,0.895546],
          [1568.31,7.66617,1374.17]
        ],
        "unit_class": "noTreeObjectGroup100",
        "objLayer": 2,
        "props": {
          "army": 2,
          "active": true
        }
      }
    },
    {
      "objectGroups": {
        "name": "notree_88",
        "tm": [
          [0.886299,0.0,0.463114],
          [0.0,1.0,0.0],
          [-0.463114,0.0,0.886299],
          [2171.94,1.25003,1795.65]
        ],
        "unit_class": "noTreeObjectGroup25",
        "objLayer": 2,
        "props": {
          "army": 2,
          "active": true
        }
      }
    },
    {
      "objectGroups": {
        "name": "notree_91",
        "tm": [
          [0.886299,0.0,0.463114],
          [0.0,1.0,0.0],
          [-0.463114,0.0,0.886299],
          [2126.1,1.25,1774.0]
        ],
        "unit_class": "noTreeObjectGroup25",
        "objLayer": 2,
        "props": {
          "army": 2,
          "active": true
        }
      }
    },
    {
      "objectGroups": {
        "name": "notree_93",
        "tm": [
          [0.388334,0.0,0.921519],
          [0.0,1.0,0.0],
          [-0.921519,0.0,0.388334],
          [2227.9,1.25,1920.4]
        ],
        "unit_class": "noTreeObjectGroup25",
        "objLayer": 2,
        "props": {
          "army": 2,
          "active": true
        }
      }
    },
    {
      "objectGroups": {
        "name": "notree_96",
        "tm": [
          [0.388334,0.0,0.921519],
          [0.0,1.0,0.0],
          [-0.921519,0.0,0.388334],
          [2235.95,1.25,1940.5]
        ],
        "unit_class": "noTreeObjectGroup25",
        "objLayer": 2,
        "props": {
          "army": 2,
          "active": true
        }
      }
    },
    {
      "objectGroups": {
        "name": "notree_99",
        "tm": [
          [0.388334,0.0,0.921519],
          [0.0,1.0,0.0],
          [-0.921519,0.0,0.388334],
          [2431.5,1.25,2011.0]
        ],
        "unit_class": "noTreeObjectGroup25",
        "objLayer": 2,
        "props": {
          "army": 2,
          "active": true
        }
      }
    },
    {
      "objectGroups": {
        "name": "notree_102",
        "tm": [
          [0.388334,0.0,0.921519],
          [0.0,1.0,0.0],
          [-0.921519,0.0,0.388334],
          [2426.4,1.25,1991.7]
        ],
        "unit_class": "noTreeObjectGroup25",
        "objLayer": 2,
        "props": {
          "army": 2,
          "active": true
        }
      }
    },
    {
      "objectGroups": {
        "name": "notree_81",
        "tm": [
          [0.663034,0.0,0.748589],
          [0.0,1.0,0.0],
          [-0.748589,0.0,0.663034],
          [2419.95,21.4,2614.3]
        ],
        "unit_class": "noTreeObjectGroup25",
        "objLayer": 2,
        "props": {
          "army": 2,
          "active": true
        }
      }
    },
    {
      "objectGroups": {
        "name": "notree_94",
        "tm": [
          [0.663034,0.0,0.748589],
          [0.0,1.0,0.0],
          [-0.748589,0.0,0.663034],
          [2245.0,18.95,3405.65]
        ],
        "unit_class": "noTreeObjectGroup25",
        "objLayer": 2,
        "props": {
          "army": 2,
          "active": true
        }
      }
    },
    {
      "objectGroups": {
        "name": "notree_103",
        "tm": [
          [0.663034,0.0,0.748589],
          [0.0,1.0,0.0],
          [-0.748589,0.0,0.663034],
          [2277.2,18.95,3365.6]
        ],
        "unit_class": "noTreeObjectGroup25",
        "objLayer": 2,
        "props": {
          "army": 2,
          "active": true
        }
      }
    },
    {
      "objectGroups": {
        "name": "notree_106",
        "tm": [
          [0.663034,0.0,0.748589],
          [0.0,1.0,0.0],
          [-0.748589,0.0,0.663034],
          [2228.45,18.95,3447.0]
        ],
        "unit_class": "noTreeObjectGroup25",
        "objLayer": 2,
        "props": {
          "army": 2,
          "active": true
        }
      }
    },
    {
      "objectGroups": {
        "name": "notree_109",
        "tm": [
          [0.663034,0.0,0.748589],
          [0.0,1.0,0.0],
          [-0.748589,0.0,0.663034],
          [2244.5,18.95,3478.7]
        ],
        "unit_class": "noTreeObjectGroup25",
        "objLayer": 2,
        "props": {
          "army": 2,
          "active": true
        }
      }
    },
    {
      "objectGroups": {
        "name": "notree_112",
        "tm": [
          [0.663034,0.0,0.748589],
          [0.0,1.0,0.0],
          [-0.748589,0.0,0.663034],
          [2149.65,18.95,3455.45]
        ],
        "unit_class": "noTreeObjectGroup25",
        "objLayer": 2,
        "props": {
          "army": 2,
          "active": true
        }
      }
    }
  ],
  "areas": {
    "briefing_bombers": {
      "type": "Point",
      "tm": [
        [-0.785066,0.0,-0.619412],
        [0.0,1.0,0.0],
        [0.619412,0.0,-0.785066],
        [321.258,72.0264,2708.95]
      ],
      "objLayer": 0,
      "props": []
    },
    "convoy_waypoint01": {
      "type": "Point",
      "tm": [
        [-28.0762,0.0,95.9777],
        [0.0,100.0,0.0],
        [-95.9777,0.0,-28.0762],
        [2270.7,8.9,1933.9]
      ],
      "objLayer": 0,
      "props": []
    },
    "convoy_waypoint02": {
      "type": "Point",
      "tm": [
        [-29.1279,0.0,95.6638],
        [0.0,100.0,0.0],
        [-95.6638,0.0,-29.1279],
        [2524.9,41.85,2408.25]
      ],
      "objLayer": 0,
      "props": []
    },
    "convoy_waypoint03": {
      "type": "Point",
      "tm": [
        [-93.8904,0.0,-34.4181],
        [0.0,100.0,0.0],
        [34.4181,0.0,-93.8904],
        [2336.0,44.35,2921.0]
      ],
      "objLayer": 0,
      "props": []
    },
    "convoy_waypoint04": {
      "type": "Point",
      "tm": [
        [-89.3214,0.0,-44.963],
        [0.0,100.0,0.0],
        [44.963,0.0,-89.3214],
        [1780.9,38.25,3583.75]
      ],
      "objLayer": 0,
      "props": []
    },
    "convoy_waypoint00": {
      "type": "Point",
      "tm": [
        [-15.4279,0.0,98.8027],
        [0.0,100.0,0.0],
        [-98.8027,0.0,-15.4279],
        [1786.26,13.6,1242.5]
      ],
      "objLayer": 0,
      "props": []
    },
    "briefing_tanks": {
      "type": "Point",
      "tm": [
        [1.0,0.0,0.0],
        [0.0,1.0,0.0],
        [0.0,0.0,1.0],
        [1641.35,7.89532,1103.85]
      ],
      "objLayer": 0,
      "props": []
    },
    "convoy_starting_point": {
      "type": "Point",
      "tm": [
        [0.891669,0.0,0.452686],
        [0.0,1.0,0.0],
        [-0.452686,0.0,0.891669],
        [1253.4,9.05,895.0]
      ],
      "objLayer": 0,
      "props": []
    },
    "t2_tanks_spawn00_01": {
      "type": "Sphere",
      "tm": [
        [-0.00286746,0.0,6.0],
        [0.0,6.0,0.0],
        [-6.0,0.0,-0.00286746],
