{
  "selected_tag": "",
  "bin_dump_file": "",
  "mission_settings": {
    "atmosphere": {
      "pressure": 760.0,
      "temperature": 30.0
    },
    "player": {
      "army": 1,
      "wing": ""
    },
    "player_teamB": {
      "army": 2
    },
    "mission": {
      "level": "levels/avg_hurtgen.bin",
      "type": "domination",
      "restoreType": "attempts",
      "optionalTakeOff": false,
      "environment": "Day",
      "weather": "hazy",
      "country_axis": "germany",
      "country_allies": "ussr"
    },
    "spectator_points": [],
    "briefing": {
      "place_loc": "",
      "date_loc": "",
      "objective_loc": "",
      "music": "action_01"
    }
  },
  "imports": {
    "import_record": {
      "file": "gameData/missions/templates/tank_templates/ai_base_defense_template.blk",
      "importAreas": true,
      "importUnits": true,
      "importTriggers": true,
      "importMissionObjectives": true,
      "importWayPoints": true,
      "showAreas": true,
      "showUnits": true,
      "showTriggers": true,
      "showMissionObjectives": true,
      "showWayPoints": true,
      "excludes": []
    }
  },
  "triggers": {
    "isCategory": true,
    "is_enabled": true
  },
  "mission_objectives": {
    "isCategory": true,
    "is_enabled": true
  },
  "variables": [],
  "dialogs": [],
  "airfields": [],
  "effects": [],
  "units": [
    {
      "objectGroups": {
        "name": "t1_trench01",
        "tm": [
          [0.866622,0.0,0.498966],
          [0.0,1.0,0.0],
          [-0.498966,0.0,0.866622],
          [1543.77,20.7167,2597.69]
        ],
        "unit_class": "rendinst_fortification_sandbags_onground_a",
        "objLayer": 2,
        "props": {
          "army": 1,
          "active": true
        }
      }
    },
    {
      "objectGroups": {
        "name": "t1_trench02",
        "tm": [
          [0.787957,0.0,0.61573],
          [0.0,1.0,0.0],
          [-0.61573,0.0,0.787957],
          [1592.65,21.1,2573.1]
        ],
        "unit_class": "rendinst_fortification_sandbags_onground_a",
        "objLayer": 2,
        "props": {
          "army": 1,
          "active": true
        }
      }
    },
    {
      "objectGroups": {
        "name": "t1_trench03",
        "tm": [
          [0.926929,0.0,0.375237],
          [0.0,1.0,0.0],
          [-0.375237,0.0,0.926929],
          [1596.5,21.15,2561.8]
        ],
        "unit_class": "rendinst_fortification_sandbags_onground_a",
        "objLayer": 2,
        "props": {
          "army": 1,
          "active": true
        }
      }
    },
    {
      "objectGroups": {
        "name": "t1_trench04",
        "tm": [
          [0.892811,0.0,0.450434],
          [0.0,1.0,0.0],
          [-0.450434,0.0,0.892811],
          [1646.75,21.1,2567.4]
        ],
        "unit_class": "rendinst_fortification_sandbags_onground_a",
        "objLayer": 2,
        "props": {
          "army": 1,
          "active": true
        }
      }
    },
    {
      "objectGroups": {
        "name": "t1_trench06",
        "tm": [
          [0.953801,0.0,0.300435],
          [0.0,1.0,0.0],
          [-0.300435,0.0,0.953801],
          [1645.65,21.05,2546.6]
        ],
        "unit_class": "rendinst_fortification_sandbags_onground_a",
        "objLayer": 2,
        "props": {
          "army": 1,
          "active": true
        }
      }
    },
    {
      "objectGroups": {
        "name": "t1_trench08",
        "tm": [
          [0.99083,0.0,0.135121],
          [0.0,1.0,0.0],
          [-0.135121,0.0,0.99083],
          [1689.9,21.05,2520.7]
        ],
        "unit_class": "rendinst_fortification_sandbags_onground_a",
        "objLayer": 2,
        "props": {
          "army": 1,
          "active": true
        }
      }
    },
    {
      "objectGroups": {
        "name": "t1_trench09",
        "tm": [
          [0.909258,0.0,0.41623],
          [0.0,1.0,0.0],
          [-0.41623,0.0,0.909258],
          [1700.1,20.95,2508.8]
        ],
        "unit_class": "rendinst_fortification_sandbags_onground_a",
        "objLayer": 2,
        "props": {
          "army": 1,
          "active": true
        }
      }
    },
    {
      "objectGroups": {
        "name": "t1_trench10",
        "tm": [
          [0.974474,0.0,0.224505],
          [0.0,1.0,0.0],
          [-0.224505,0.0,0.974474],
          [1706.55,20.95,2490.35]
        ],
        "unit_class": "rendinst_fortification_sandbags_onground_a",
        "objLayer": 2,
        "props": {
          "army": 1,
          "active": true
        }
      }
    },
    {
      "objectGroups": {
        "name": "t1_trench11",
        "tm": [
          [0.999894,0.0,0.0145199],
          [0.0,1.0,0.0],
          [-0.0145199,0.0,0.999894],
          [1634.95,19.2,2296.05]
        ],
        "unit_class": "rendinst_fortification_sandbags_onground_a",
        "objLayer": 2,
        "props": {
          "army": 1,
          "active": true
        }
      }
    },
    {
      "objectGroups": {
        "name": "t1_trench12",
        "tm": [
          [0.950913,0.0,0.309455],
          [0.0,1.0,0.0],
          [-0.309455,0.0,0.950913],
          [1698.55,20.5,2422.7]
        ],
        "unit_class": "rendinst_fortification_sandbags_onground_a",
        "objLayer": 2,
        "props": {
          "army": 1,
          "active": true
        }
      }
    },
    {
      "objectGroups": {
        "name": "t1_trench13",
        "tm": [
          [0.951456,0.0,0.307784],
          [0.0,1.0,0.0],
          [-0.307784,0.0,0.951456],
          [1702.05,20.1,2399.15]
        ],
        "unit_class": "rendinst_fortification_sandbags_onground_a",
        "objLayer": 2,
        "props": {
          "army": 1,
          "active": true
        }
      }
    },
    {
      "tankModels": {
        "name": "t1_antiTankGun01",
        "tm": [
          [0.796004,0.0,0.60529],
          [0.0,1.0,0.0],
          [-0.60529,0.0,0.796004],
          [1537.93,20.6513,2607.63]
        ],
        "unit_class": "uk_at_gun_qf17pounder",
        "objLayer": 1,
        "closed_waypoints": false,
        "isShipSpline": false,
        "shipTurnRadius": 100.0,
        "weapons": "",
        "bullets0": "",
        "bullets1": "",
        "bullets2": "",
        "bullets3": "",
        "bulletsCount0": 0,
        "bulletsCount1": 0,
        "bulletsCount2": 0,
        "bulletsCount3": 0,
        "props": {
          "army": 1,
          "count": 1,
          "formation_type": "rows",
          "formation_div": 3,
          "formation_step": [2.5,2.0],
          "formation_noise": [0.1,0.1],
          "uniqueName": "",
          "attack_type": "fire_at_will",
          "unitReplacementType": "antiTankGun"
        },
        "way": []
      }
    },
    {
      "tankModels": {
        "name": "t1_antiTankGun02",
        "tm": [
          [0.845775,0.0,0.533537],
          [0.0,1.0,0.0],
          [-0.533537,0.0,0.845775],
          [1541.66,20.7416,2596.32]
        ],
        "unit_class": "uk_at_gun_qf17pounder",
        "objLayer": 1,
        "closed_waypoints": false,
        "isShipSpline": false,
        "shipTurnRadius": 100.0,
        "weapons": "",
        "bullets0": "",
        "bullets1": "",
        "bullets2": "",
        "bullets3": "",
        "bulletsCount0": 0,
        "bulletsCount1": 0,
        "bulletsCount2": 0,
        "bulletsCount3": 0,
        "props": {
          "army": 1,
          "count": 1,
          "formation_type": "rows",
          "formation_div": 3,
          "formation_step": [2.5,2.0],
          "formation_noise": [0.1,0.1],
          "uniqueName": "",
          "attack_type": "fire_at_will",
          "unitReplacementType": "antiTankGun"
        },
        "way": []
      }
    },
    {
      "tankModels": {
        "name": "t1_antiTankGun03",
        "tm": [
          [0.620069,0.0,0.784547],
          [0.0,1.0,0.0],
          [-0.784547,0.0,0.620069],
          [1581.11,21.1226,2577.32]
        ],
        "unit_class": "uk_at_gun_qf17pounder",
        "objLayer": 1,
        "closed_waypoints": false,
        "isShipSpline": false,
        "shipTurnRadius": 100.0,
        "weapons": "",
        "bullets0": "",
        "bullets1": "",
        "bullets2": "",
        "bullets3": "",
        "bulletsCount0": 0,
        "bulletsCount1": 0,
        "bulletsCount2": 0,
        "bulletsCount3": 0,
        "props": {
          "army": 1,
          "count": 1,
          "formation_type": "rows",
          "formation_div": 3,
          "formation_step": [2.5,2.0],
          "formation_noise": [0.1,0.1],
          "uniqueName": "",
          "attack_type": "fire_at_will",
          "unitReplacementType": "antiTankGun"
        },
        "way": []
      }
    },
    {
      "tankModels": {
        "name": "t1_antiTankGun04",
        "tm": [
          [0.893988,0.0,0.448089],
          [0.0,1.0,0.0],
          [-0.448089,0.0,0.893988],
          [1644.55,21.094,2566.11]
        ],
        "unit_class": "uk_at_gun_qf17pounder",
        "objLayer": 1,
        "closed_waypoints": false,
        "isShipSpline": false,
        "shipTurnRadius": 100.0,
        "weapons": "",
        "bullets0": "",
        "bullets1": "",
        "bullets2": "",
        "bullets3": "",
        "bulletsCount0": 0,
        "bulletsCount1": 0,
        "bulletsCount2": 0,
        "bulletsCount3": 0,
        "props": {
          "army": 1,
          "count": 1,
          "formation_type": "rows",
          "formation_div": 3,
          "formation_step": [2.5,2.0],
          "formation_noise": [0.1,0.1],
          "uniqueName": "",
          "attack_type": "fire_at_will",
          "unitReplacementType": "antiTankGun"
        },
        "way": []
      }
    },
    {
      "tankModels": {
        "name": "t1_antiTankGun05",
        "tm": [
          [0.958427,0.0,0.285341],
          [0.0,1.0,0.0],
          [-0.285341,0.0,0.958427],
          [1643.18,21.0767,2545.73]
        ],
        "unit_class": "uk_at_gun_qf17pounder",
        "objLayer": 1,
        "closed_waypoints": false,
        "isShipSpline": false,
        "shipTurnRadius": 100.0,
        "weapons": "",
        "bullets0": "",
        "bullets1": "",
        "bullets2": "",
        "bullets3": "",
        "bulletsCount0": 0,
        "bulletsCount1": 0,
        "bulletsCount2": 0,
        "bulletsCount3": 0,
        "props": {
          "army": 1,
          "count": 1,
          "formation_type": "rows",
          "formation_div": 3,
          "formation_step": [2.5,2.0],
          "formation_noise": [0.1,0.1],
          "uniqueName": "",
          "attack_type": "fire_at_will",
          "unitReplacementType": "antiTankGun"
        },
        "way": []
      }
    },
    {
      "tankModels": {
        "name": "t1_antiTankGun06",
        "tm": [
          [0.888282,0.0,0.459297],
          [0.0,1.0,0.0],
          [-0.459297,0.0,0.888282],
          [1668.23,21.0323,2523.44]
        ],
        "unit_class": "uk_at_gun_qf17pounder",
        "objLayer": 1,
        "closed_waypoints": false,
        "isShipSpline": false,
        "shipTurnRadius": 100.0,
        "weapons": "",
        "bullets0": "",
        "bullets1": "",
        "bullets2": "",
        "bullets3": "",
        "bulletsCount0": 0,
        "bulletsCount1": 0,
        "bulletsCount2": 0,
        "bulletsCount3": 0,
        "props": {
          "army": 1,
          "count": 1,
          "formation_type": "rows",
          "formation_div": 3,
          "formation_step": [2.5,2.0],
          "formation_noise": [0.1,0.1],
          "uniqueName": "",
          "attack_type": "fire_at_will",
          "unitReplacementType": "antiTankGun"
        },
        "way": []
      }
    },
    {
      "tankModels": {
        "name": "t1_antiTankGun07",
        "tm": [
          [0.906903,0.0,0.421336],
          [0.0,1.0,0.0],
          [-0.421336,0.0,0.906903],
          [1594.21,21.135,2560.68]
        ],
        "unit_class": "uk_at_gun_qf17pounder",
        "objLayer": 1,
        "closed_waypoints": false,
        "isShipSpline": false,
        "shipTurnRadius": 100.0,
        "weapons": "",
        "bullets0": "",
        "bullets1": "",
        "bullets2": "",
        "bullets3": "",
        "bulletsCount0": 0,
        "bulletsCount1": 0,
        "bulletsCount2": 0,
        "bulletsCount3": 0,
        "props": {
          "army": 1,
          "count": 1,
          "formation_type": "rows",
          "formation_div": 3,
          "formation_step": [2.5,2.0],
          "formation_noise": [0.1,0.1],
          "uniqueName": "",
          "attack_type": "fire_at_will",
          "unitReplacementType": "antiTankGun"
        },
        "way": []
      }
    },
    {
      "tankModels": {
        "name": "t1_antiTankGun08",
        "tm": [
          [0.964717,0.0,0.263287],
          [0.0,1.0,0.0],
          [-0.263287,0.0,0.964717],
          [1704.07,20.9279,2489.59]
        ],
        "unit_class": "uk_at_gun_qf17pounder",
        "objLayer": 1,
        "closed_waypoints": false,
        "isShipSpline": false,
        "shipTurnRadius": 100.0,
        "weapons": "",
        "bullets0": "",
        "bullets1": "",
        "bullets2": "",
        "bullets3": "",
        "bulletsCount0": 0,
        "bulletsCount1": 0,
        "bulletsCount2": 0,
        "bulletsCount3": 0,
        "props": {
          "army": 1,
          "count": 1,
          "formation_type": "rows",
          "formation_div": 3,
          "formation_step": [2.5,2.0],
          "formation_noise": [0.1,0.1],
          "uniqueName": "",
          "attack_type": "fire_at_will",
          "unitReplacementType": "antiTankGun"
        },
        "way": []
      }
    },
    {
      "tankModels": {
        "name": "t1_antiTankGun09",
        "tm": [
          [0.999602,0.0,-0.0281809],
          [0.0,1.0,0.0],
          [0.0281809,0.0,0.999602],
          [1690.0,19.1977,2382.75]
        ],
        "unit_class": "uk_at_gun_qf17pounder",
        "objLayer": 1,
        "closed_waypoints": false,
        "isShipSpline": false,
        "shipTurnRadius": 100.0,
        "weapons": "",
        "bullets0": "",
        "bullets1": "",
        "bullets2": "",
        "bullets3": "",
        "bulletsCount0": 0,
        "bulletsCount1": 0,
        "bulletsCount2": 0,
        "bulletsCount3": 0,
        "props": {
          "army": 1,
          "count": 1,
          "formation_type": "rows",
          "formation_div": 3,
          "formation_step": [2.5,2.0],
          "formation_noise": [0.1,0.1],
          "uniqueName": "",
          "attack_type": "fire_at_will",
          "unitReplacementType": "antiTankGun"
        },
        "way": []
      }
    },
    {
      "tankModels": {
        "name": "t1_antiTankGun10",
        "tm": [
          [0.934499,0.0,0.355965],
          [0.0,1.0,0.0],
          [-0.355965,0.0,0.934499],
          [1699.73,19.838,2398.3]
        ],
        "unit_class": "uk_at_gun_qf17pounder",
        "objLayer": 1,
        "closed_waypoints": false,
        "isShipSpline": false,
        "shipTurnRadius": 100.0,
        "weapons": "",
        "bullets0": "",
        "bullets1": "",
        "bullets2": "",
        "bullets3": "",
        "bulletsCount0": 0,
        "bulletsCount1": 0,
        "bulletsCount2": 0,
        "bulletsCount3": 0,
        "props": {
          "army": 1,
          "count": 1,
          "formation_type": "rows",
          "formation_div": 3,
          "formation_step": [2.5,2.0],
          "formation_noise": [0.1,0.1],
          "uniqueName": "",
          "attack_type": "fire_at_will",
          "unitReplacementType": "antiTankGun"
        },
        "way": []
      }
    },
    {
      "tankModels": {
        "name": "t1_antiTankGun11",
        "tm": [
          [0.891881,0.0,0.452268],
          [0.0,1.0,0.0],
          [-0.452268,0.0,0.891881],
          [1697.98,20.9785,2507.57]
        ],
        "unit_class": "uk_at_gun_qf17pounder",
        "objLayer": 1,
        "closed_waypoints": false,
        "isShipSpline": false,
        "shipTurnRadius": 100.0,
        "weapons": "",
        "bullets0": "",
        "bullets1": "",
        "bullets2": "",
        "bullets3": "",
        "bulletsCount0": 0,
        "bulletsCount1": 0,
        "bulletsCount2": 0,
        "bulletsCount3": 0,
        "props": {
          "army": 1,
          "count": 1,
          "formation_type": "rows",
          "formation_div": 3,
          "formation_step": [2.5,2.0],
          "formation_noise": [0.1,0.1],
          "uniqueName": "",
          "attack_type": "fire_at_will",
          "unitReplacementType": "antiTankGun"
        },
        "way": []
      }
    },
    {
      "tankModels": {
        "name": "t1_antiTankGun12",
        "tm": [
          [0.985617,0.0,0.168992],
          [0.0,1.0,0.0],
          [-0.168992,0.0,0.985617],
          [1687.0,21.0,2520.15]
        ],
        "unit_class": "uk_at_gun_qf17pounder",
        "objLayer": 1,
        "closed_waypoints": false,
        "isShipSpline": false,
        "shipTurnRadius": 100.0,
        "weapons": "",
        "bullets0": "",
        "bullets1": "",
        "bullets2": "",
        "bullets3": "",
        "bulletsCount0": 0,
        "bulletsCount1": 0,
        "bulletsCount2": 0,
        "bulletsCount3": 0,
        "props": {
          "army": 1,
          "count": 1,
          "formation_type": "rows",
          "formation_div": 3,
          "formation_step": [2.5,2.0],
          "formation_noise": [0.1,0.1],
          "uniqueName": "",
          "attack_type": "fire_at_will",
          "unitReplacementType": "antiTankGun"
        },
        "way": []
      }
    },
    {
      "tankModels": {
        "name": "t1_antiTankGun13",
        "tm": [
          [0.95477,0.0,0.29734],
          [0.0,1.0,0.0],
          [-0.29734,0.0,0.95477],
          [1695.96,20.5509,2421.46]
        ],
        "unit_class": "uk_at_gun_qf17pounder",
        "objLayer": 1,
        "closed_waypoints": false,
        "isShipSpline": false,
        "shipTurnRadius": 100.0,
        "weapons": "",
        "bullets0": "",
        "bullets1": "",
        "bullets2": "",
        "bullets3": "",
        "bulletsCount0": 0,
        "bulletsCount1": 0,
        "bulletsCount2": 0,
        "bulletsCount3": 0,
        "props": {
          "army": 1,
          "count": 1,
          "formation_type": "rows",
          "formation_div": 3,
          "formation_step": [2.5,2.0],
          "formation_noise": [0.1,0.1],
          "uniqueName": "",
          "attack_type": "fire_at_will",
          "unitReplacementType": "antiTankGun"
        },
        "way": []
      }
    },
    {
      "tankModels": {
        "name": "t1_antiTankGun14",
        "tm": [
          [0.992675,0.0,0.120805],
          [0.0,1.0,0.0],
          [-0.120805,0.0,0.992675],
          [1621.52,19.1843,2325.0]
        ],
        "unit_class": "uk_at_gun_qf17pounder",
        "objLayer": 1,
        "closed_waypoints": false,
        "isShipSpline": false,
        "shipTurnRadius": 100.0,
        "weapons": "",
        "bullets0": "",
        "bullets1": "",
        "bullets2": "",
        "bullets3": "",
        "bulletsCount0": 0,
        "bulletsCount1": 0,
        "bulletsCount2": 0,
        "bulletsCount3": 0,
        "props": {
          "army": 1,
          "count": 1,
          "formation_type": "rows",
          "formation_div": 3,
          "formation_step": [2.5,2.0],
          "formation_noise": [0.1,0.1],
          "uniqueName": "",
          "attack_type": "fire_at_will",
          "unitReplacementType": "antiTankGun"
        },
        "way": []
      }
    },
    {
      "tankModels": {
        "name": "t1_antiTankGun15",
        "tm": [
          [0.990699,0.0,-0.136066],
          [0.0,1.0,0.0],
          [0.136066,0.0,0.990699],
          [1638.95,18.9643,2268.42]
        ],
        "unit_class": "uk_at_gun_qf17pounder",
        "objLayer": 1,
        "closed_waypoints": false,
        "isShipSpline": false,
        "shipTurnRadius": 100.0,
        "weapons": "",
        "bullets0": "",
        "bullets1": "",
        "bullets2": "",
        "bullets3": "",
        "bulletsCount0": 0,
        "bulletsCount1": 0,
        "bulletsCount2": 0,
        "bulletsCount3": 0,
        "props": {
          "army": 1,
          "count": 1,
          "formation_type": "rows",
          "formation_div": 3,
          "formation_step": [2.5,2.0],
          "formation_noise": [0.1,0.1],
          "uniqueName": "",
          "attack_type": "fire_at_will",
          "unitReplacementType": "antiTankGun"
        },
        "way": []
      }
    },
    {
      "tankModels": {
        "name": "t1_antiTankGun16",
        "tm": [
          [0.990074,0.0,0.140538],
          [0.0,1.0,0.0],
          [-0.140538,0.0,0.990074],
          [1635.75,19.0,2281.6]
        ],
        "unit_class": "uk_at_gun_qf17pounder",
        "objLayer": 1,
        "closed_waypoints": false,
        "isShipSpline": false,
        "shipTurnRadius": 100.0,
        "weapons": "",
        "bullets0": "",
        "bullets1": "",
        "bullets2": "",
        "bullets3": "",
        "bulletsCount0": 0,
        "bulletsCount1": 0,
        "bulletsCount2": 0,
        "bulletsCount3": 0,
        "props": {
          "army": 1,
          "count": 1,
          "formation_type": "rows",
          "formation_div": 3,
          "formation_step": [2.5,2.0],
          "formation_noise": [0.1,0.1],
          "uniqueName": "",
          "attack_type": "fire_at_will",
          "unitReplacementType": "antiTankGun"
        },
        "way": []
      }
    },
    {
      "squad": {
        "name": "t1_zoneDef_sq",
        "tm": [
          [1.0,0.0,0.0],
          [0.0,1.0,0.0],
          [0.0,0.0,1.0],
          [1625.35,41.1018,2662.5]
        ],
        "props": [
          {
            "object_marking": 0
          },
          {
            "squad_members": "t1_antiTankGun01"
          },
          {
            "squad_members": "t1_antiTankGun02"
          },
          {
            "squad_members": "t1_antiTankGun03"
          },
          {
            "squad_members": "t1_antiTankGun04"
          },
          {
            "squad_members": "t1_antiTankGun05"
          },
          {
            "squad_members": "t1_antiTankGun06"
          },
          {
            "squad_members": "t1_antiTankGun07"
          },
          {
            "squad_members": "t1_antiTankGun08"
          },
          {
            "squad_members": "t1_antiTankGun09"
          },
          {
            "squad_members": "t1_antiTankGun10"
          },
          {
            "squad_members": "t1_antiTankGun11"
          },
          {
            "squad_members": "t1_antiTankGun12"
          },
          {
            "squad_members": "t1_antiTankGun13"
          },
          {
            "squad_members": "t1_antiTankGun14"
          },
          {
            "squad_members": "t1_antiTankGun15"
          },
          {
            "squad_members": "t1_antiTankGun16"
          },
          {
            "squad_members": "t1_antiTankGun17"
          },
          {
            "squad_members": "t1_antiTankGun18"
          },
          {
            "squad_members": "t1_antiTankGun19"
          },
          {
            "squad_members": "t1_antiTankGun20"
          }
        ]
      }
    },
    {
      "squad": {
        "name": "t1_trench_sq",
        "tm": [
          [1.0,0.0,0.0],
          [0.0,1.0,0.0],
          [0.0,0.0,1.0],
          [1590.05,40.9963,2674.4]
        ],
        "props": [
          {
            "object_marking": 0
          },
          {
            "squad_members": "t1_trench01"
          },
          {
            "squad_members": "t1_trench02"
          },
          {
            "squad_members": "t1_trench03"
          },
          {
            "squad_members": "t1_trench04"
          },
          {
            "squad_members": "t1_trench06"
          },
          {
            "squad_members": "t1_trench08"
          },
          {
            "squad_members": "t1_trench09"
          },
          {
            "squad_members": "t1_trench10"
          },
          {
            "squad_members": "t1_trench11"
          },
          {
            "squad_members": "t1_trench12"
          },
          {
            "squad_members": "t1_trench13"
          },
          {
            "squad_members": "t1_trench14"
          },
          {
            "squad_members": "t1_trench15"
          },
          {
            "squad_members": "t1_trench16"
          }
        ]
      }
    },
    {
      "objectGroups": {
        "name": "t1_trench14",
        "tm": [
          [0.984754,0.0,-0.17396],
          [0.0,1.0,0.0],
          [0.17396,0.0,0.984754],
          [1641.55,19.2,2268.15]
        ],
        "unit_class": "rendinst_fortification_sandbags_onground_a",
        "objLayer": 2,
        "props": {
          "army": 1,
          "active": true
        }
      }
    },
    {
      "objectGroups": {
        "name": "t1_trench15",
        "tm": [
          [0.992,0.0,0.126229],
          [0.0,1.0,0.0],
          [-0.126229,0.0,0.992],
          [1624.15,19.05,2325.25]
        ],
        "unit_class": "rendinst_fortification_sandbags_onground_a",
        "objLayer": 2,
        "props": {
          "army": 1,
          "active": true
        }
      }
    },
    {
      "objectGroups": {
        "name": "t1_trench16",
        "tm": [
          [0.986509,0.0,0.163698],
          [0.0,1.0,0.0],
          [-0.163698,0.0,0.986509],
          [1638.2,19.25,2282.1]
        ],
        "unit_class": "rendinst_fortification_sandbags_onground_a",
        "objLayer": 2,
        "props": {
          "army": 1,
          "active": true
        }
      }
    },
    {
      "objectGroups": {
        "name": "t2_trench01",
        "tm": [
          [-0.986154,0.0,0.165836],
          [0.0,1.0,0.0],
          [-0.165838,0.0,-0.986153],
          [3154.55,9.73764,2649.57]
        ],
        "unit_class": "rendinst_fortification_sandbags_onground_a",
        "objLayer": 2,
        "props": {
          "army": 2,
          "active": true
        }
      }
    },
    {
      "objectGroups": {
        "name": "t2_trench02",
        "tm": [
          [-0.994997,0.0,-0.0998915],
          [0.0,1.0,0.0],
          [0.0998915,0.0,-0.994997],
          [3111.72,13.3709,2699.91]
        ],
        "unit_class": "rendinst_fortification_sandbags_onground_a",
        "objLayer": 2,
        "props": {
          "army": 2,
          "active": true
        }
      }
    },
    {
      "objectGroups": {
        "name": "t2_trench03",
        "tm": [
          [-0.960166,0.0,0.279427],
          [0.0,1.0,0.0],
          [-0.279427,0.0,-0.960166],
          [3111.08,14.65,2723.92]
        ],
        "unit_class": "rendinst_fortification_sandbags_onground_a",
        "objLayer": 2,
        "props": {
          "army": 2,
          "active": true
        }
      }
    },
    {
      "objectGroups": {
        "name": "t2_trench04",
        "tm": [
          [-0.895925,0.0,-0.444206],
          [0.0,1.0,0.0],
          [0.444206,0.0,-0.895925],
          [3160.65,9.70995,2630.17]
        ],
        "unit_class": "rendinst_fortification_sandbags_onground_a",
        "objLayer": 2,
        "props": {
          "army": 2,
          "active": true
        }
      }
    },
    {
      "objectGroups": {
        "name": "t2_trench05",
        "tm": [
          [-0.934858,0.0,-0.355022],
          [0.0,1.0,0.0],
          [0.355022,0.0,-0.934858],
          [3104.4,16.2363,2794.8]
        ],
        "unit_class": "rendinst_fortification_sandbags_onground_a",
        "objLayer": 2,
        "props": {
          "army": 2,
          "active": true
        }
      }
    },
    {
      "objectGroups": {
        "name": "t2_trench06",
        "tm": [
          [-0.76701,0.0,-0.641634],
          [0.0,1.0,0.0],
          [0.641634,0.0,-0.76701],
          [3120.57,14.35,2773.75]
        ],
        "unit_class": "rendinst_fortification_sandbags_onground_a",
        "objLayer": 2,
        "props": {
          "army": 2,
          "active": true
        }
      }
    },
    {
      "objectGroups": {
        "name": "t2_trench07",
        "tm": [
          [-0.99919,0.0,0.0402449],
          [0.0,1.0,0.0],
          [-0.0402449,0.0,-0.99919],
          [3110.7,18.15,3009.23]
        ],
        "unit_class": "rendinst_fortification_sandbags_onground_a",
        "objLayer": 2,
        "props": {
          "army": 2,
          "active": true
        }
      }
    },
    {
      "objectGroups": {
        "name": "t2_trench08",
        "tm": [
          [-0.967092,0.0,-0.254432],
          [0.0,1.0,0.0],
          [0.254432,0.0,-0.967092],
          [3122.8,17.3645,2845.4]
        ],
        "unit_class": "rendinst_fortification_sandbags_onground_a",
        "objLayer": 2,
        "props": {
          "army": 2,
          "active": true
        }
      }
    },
    {
      "objectGroups": {
        "name": "t2_trench09",
        "tm": [
          [-0.975709,0.0,-0.21907],
          [0.0,1.0,0.0],
          [0.21907,0.0,-0.975709],
          [3118.5,17.221,2830.6]
        ],
        "unit_class": "rendinst_fortification_sandbags_onground_a",
        "objLayer": 2,
        "props": {
          "army": 2,
          "active": true
        }
      }
    },
    {
      "objectGroups": {
        "name": "t2_trench10",
        "tm": [
          [-0.985767,0.0,-0.168116],
          [0.0,1.0,0.0],
          [0.168116,0.0,-0.985767],
          [3107.55,18.35,2996.46]
        ],
        "unit_class": "rendinst_fortification_sandbags_onground_a",
        "objLayer": 2,
        "props": {
          "army": 2,
          "active": true
        }
      }
    },
    {
      "objectGroups": {
        "name": "t2_trench11",
        "tm": [
          [-0.644994,0.0,-0.764187],
          [0.0,1.0,0.0],
          [0.764187,0.0,-0.644994],
          [3181.87,18.4145,2950.31]
        ],
        "unit_class": "rendinst_fortification_sandbags_onground_a",
        "objLayer": 2,
        "props": {
          "army": 2,
          "active": true
        }
      }
    },
    {
      "objectGroups": {
        "name": "t2_trench12",
        "tm": [
          [-0.927189,0.0,-0.374592],
          [0.0,1.0,0.0],
          [0.374592,0.0,-0.927189],
          [3122.36,17.9902,2975.05]
        ],
        "unit_class": "rendinst_fortification_sandbags_onground_a",
        "objLayer": 2,
        "props": {
          "army": 2,
          "active": true
        }
      }
    },
    {
      "objectGroups": {
        "name": "t2_trench13",
        "tm": [
          [-0.871942,0.0,-0.489607],
          [0.0,1.0,0.0],
          [0.489605,0.0,-0.871944],
          [3108.69,18.1213,2891.15]
        ],
        "unit_class": "rendinst_fortification_sandbags_onground_a",
        "objLayer": 2,
        "props": {
          "army": 2,
          "active": true
        }
      }
    },
    {
      "squad": {
        "name": "t2_trench_sq",
        "tm": [
          [0.820593,0.0,-0.571513],
          [0.0,1.0,0.0],
          [0.571513,0.0,0.820593],
          [3002.95,40.35,2602.6]
        ],
        "props": [
          {
            "object_marking": 0
          },
          {
            "squad_members": "t2_trench01"
          },
          {
            "squad_members": "t2_trench02"
          },
          {
            "squad_members": "t2_trench03"
          },
          {
            "squad_members": "t2_trench04"
          },
          {
            "squad_members": "t2_trench05"
          },
          {
            "squad_members": "t2_trench06"
          },
          {
            "squad_members": "t2_trench07"
          },
          {
            "squad_members": "t2_trench08"
          },
          {
            "squad_members": "t2_trench09"
          },
          {
            "squad_members": "t2_trench10"
          },
          {
            "squad_members": "t2_trench11"
          },
          {
            "squad_members": "t2_trench12"
          },
          {
            "squad_members": "t2_trench13"
          }
        ]
      }
    },
    {
      "tankModels": {
        "name": "t2_antiTankGun01",
        "tm": [
          [-0.836129,0.0,-0.548532],
          [0.0,1.0,0.0],
          [0.548532,0.0,-0.836129],
          [3109.34,18.1142,2891.81]
        ],
        "unit_class": "germ_at_gun_pak38",
        "objLayer": 1,
        "closed_waypoints": false,
        "isShipSpline": false,
        "shipTurnRadius": 100.0,
        "weapons": "",
        "bullets0": "",
        "bullets1": "",
        "bullets2": "",
        "bullets3": "",
        "bulletsCount0": 0,
        "bulletsCount1": 0,
        "bulletsCount2": 0,
        "bulletsCount3": 0,
        "props": {
          "army": 2,
          "count": 1,
          "formation_type": "rows",
          "formation_div": 3,
          "formation_step": [2.5,2.0],
          "formation_noise": [0.1,0.1],
          "uniqueName": "",
          "attack_type": "fire_at_will",
          "unitReplacementType": "antiTankGun"
        },
        "way": []
      }
    },
    {
      "tankModels": {
        "name": "t2_antiTankGun02",
        "tm": [
          [-0.999691,0.0,0.024833],
          [0.0,1.0,0.0],
          [-0.024833,0.0,-0.999691],
          [3112.0,17.05,3009.15]
        ],
        "unit_class": "germ_at_gun_pak38",
        "objLayer": 1,
        "closed_waypoints": false,
        "isShipSpline": false,
        "shipTurnRadius": 100.0,
        "weapons": "",
        "bullets0": "",
        "bullets1": "",
        "bullets2": "",
        "bullets3": "",
        "bulletsCount0": 0,
        "bulletsCount1": 0,
        "bulletsCount2": 0,
        "bulletsCount3": 0,
        "props": {
          "army": 2,
          "count": 1,
          "formation_type": "rows",
          "formation_div": 3,
          "formation_step": [2.5,2.0],
          "formation_noise": [0.1,0.1],
          "uniqueName": "",
          "attack_type": "fire_at_will",
          "unitReplacementType": "antiTankGun"
        },
        "way": []
      }
    },
    {
      "tankModels": {
        "name": "t2_antiTankGun03",
        "tm": [
          [-0.982592,0.0,-0.185777],
          [0.0,1.0,0.0],
          [0.185777,0.0,-0.982592],
          [3108.6,17.1,2996.77]
        ],
        "unit_class": "germ_at_gun_pak38",
        "objLayer": 1,
        "closed_waypoints": false,
        "isShipSpline": false,
        "shipTurnRadius": 100.0,
        "weapons": "",
        "bullets0": "",
        "bullets1": "",
        "bullets2": "",
        "bullets3": "",
        "bulletsCount0": 0,
        "bulletsCount1": 0,
        "bulletsCount2": 0,
        "bulletsCount3": 0,
        "props": {
          "army": 2,
          "count": 1,
          "formation_type": "rows",
          "formation_div": 3,
          "formation_step": [2.5,2.0],
          "formation_noise": [0.1,0.1],
          "uniqueName": "",
          "attack_type": "fire_at_will",
          "unitReplacementType": "antiTankGun"
        },
        "way": []
      }
    },
    {
      "tankModels": {
        "name": "t2_antiTankGun04",
        "tm": [
          [-0.964966,0.0,-0.262375],
          [0.0,1.0,0.0],
          [0.262375,0.0,-0.964966],
          [3116.6,17.444,2988.22]
        ],
        "unit_class": "germ_at_gun_pak38",
        "objLayer": 1,
        "closed_waypoints": false,
        "isShipSpline": false,
        "shipTurnRadius": 100.0,
        "weapons": "",
        "bullets0": "",
        "bullets1": "",
        "bullets2": "",
        "bullets3": "",
        "bulletsCount0": 0,
        "bulletsCount1": 0,
        "bulletsCount2": 0,
        "bulletsCount3": 0,
        "props": {
          "army": 2,
          "count": 1,
          "formation_type": "rows",
          "formation_div": 3,
          "formation_step": [2.5,2.0],
          "formation_noise": [0.1,0.1],
          "uniqueName": "",
          "attack_type": "fire_at_will",
          "unitReplacementType": "antiTankGun"
        },
        "way": []
      }
    },
    {
      "tankModels": {
        "name": "t2_antiTankGun05",
        "tm": [
          [-0.984219,0.0,-0.176958],
          [0.0,1.0,0.0],
          [0.176958,0.0,-0.984219],
          [3114.95,17.539,2855.05]
        ],
        "unit_class": "germ_at_gun_pak38",
        "objLayer": 1,
        "closed_waypoints": false,
        "isShipSpline": false,
        "shipTurnRadius": 100.0,
        "weapons": "",
        "bullets0": "",
        "bullets1": "",
        "bullets2": "",
        "bullets3": "",
        "bulletsCount0": 0,
        "bulletsCount1": 0,
        "bulletsCount2": 0,
        "bulletsCount3": 0,
        "props": {
          "army": 2,
          "count": 1,
          "formation_type": "rows",
          "formation_div": 3,
          "formation_step": [2.5,2.0],
          "formation_noise": [0.1,0.1],
          "uniqueName": "",
          "attack_type": "fire_at_will",
          "unitReplacementType": "antiTankGun"
        },
        "way": []
      }
    },
    {
      "tankModels": {
        "name": "t2_antiTankGun06",
        "tm": [
          [-0.916792,0.0,-0.399364],
          [0.0,1.0,0.0],
          [0.399364,0.0,-0.916792],
          [3123.25,17.75,2975.5]
        ],
        "unit_class": "germ_at_gun_pak38",
        "objLayer": 1,
        "closed_waypoints": false,
        "isShipSpline": false,
        "shipTurnRadius": 100.0,
        "weapons": "",
        "bullets0": "",
        "bullets1": "",
        "bullets2": "",
        "bullets3": "",
        "bulletsCount0": 0,
        "bulletsCount1": 0,
        "bulletsCount2": 0,
        "bulletsCount3": 0,
        "props": {
          "army": 2,
          "count": 1,
          "formation_type": "rows",
          "formation_div": 3,
          "formation_step": [2.5,2.0],
          "formation_noise": [0.1,0.1],
          "uniqueName": "",
          "attack_type": "fire_at_will",
          "unitReplacementType": "antiTankGun"
        },
        "way": []
      }
    },
    {
      "tankModels": {
        "name": "t2_antiTankGun07",
        "tm": [
          [-0.686148,0.0,-0.727461],
          [0.0,1.0,0.0],
          [0.727461,0.0,-0.686148],
          [3182.77,18.5,2950.97]
        ],
        "unit_class": "germ_at_gun_pak38",
        "objLayer": 1,
        "closed_waypoints": false,
        "isShipSpline": false,
        "shipTurnRadius": 100.0,
        "weapons": "",
        "bullets0": "",
        "bullets1": "",
        "bullets2": "",
        "bullets3": "",
        "bulletsCount0": 0,
        "bulletsCount1": 0,
        "bulletsCount2": 0,
        "bulletsCount3": 0,
        "props": {
          "army": 2,
          "count": 1,
          "formation_type": "rows",
          "formation_div": 3,
          "formation_step": [2.5,2.0],
          "formation_noise": [0.1,0.1],
          "uniqueName": "",
          "attack_type": "fire_at_will",
          "unitReplacementType": "antiTankGun"
        },
        "way": []
      }
    },
    {
      "tankModels": {
        "name": "t2_antiTankGun08",
        "tm": [
          [-0.963065,0.0,-0.26927],
          [0.0,1.0,0.0],
          [0.26927,0.0,-0.963065],
          [3119.45,17.178,2830.8]
        ],
        "unit_class": "germ_at_gun_pak38",
        "objLayer": 1,
        "closed_waypoints": false,
        "isShipSpline": false,
        "shipTurnRadius": 100.0,
        "weapons": "",
        "bullets0": "",
        "bullets1": "",
        "bullets2": "",
        "bullets3": "",
        "bulletsCount0": 0,
        "bulletsCount1": 0,
        "bulletsCount2": 0,
        "bulletsCount3": 0,
        "props": {
          "army": 2,
          "count": 1,
          "formation_type": "rows",
          "formation_div": 3,
          "formation_step": [2.5,2.0],
          "formation_noise": [0.1,0.1],
          "uniqueName": "",
          "attack_type": "fire_at_will",
