{
  "selected_tag": "",
  "bin_dump_file": "",
  "mission_settings": {
    "player": {
      "army": 1,
      "wing": ""
    },
    "player_teamB": {
      "army": 2
    },
    "mission": {
      "type": "singleMission",
      "level": "levels/water.bin",
      "restoreType": "attempts",
      "optionalTakeOff": false,
      "environment": "Day",
      "weather": "hazy"
    },
    "spectator_points": []
  },
  "imports": [],
  "triggers": {
    "isCategory": true,
    "is_enabled": true,
    "flt_tank_part_init": {
      "is_enabled": true,
      "comments": "",
      "props": {
        "actionsType": "PERFORM_ONE_BY_ONE",
        "conditionsType": "ALL",
        "enableAfterComplete": false
      },
      "events": {
        "periodicEvent": {
          "time": 1.0
        }
      },
      "conditions": [],
      "actions": {
        "varSetInt": {
          "value": 144,
          "var": "flt_tank_spots_num"
        }
      },
      "else_actions": []
    }
  },
  "mission_objectives": {
    "isCategory": true,
    "is_enabled": true
  },
  "variables": [],
  "dialogs": [],
  "airfields": [],
  "effects": [],
  "units": [],
  "areas": {
    "flt_tank_spot_01": {
      "type": "Point",
      "tm": [
        [-0.12158,0.0,0.992582],
        [0.0,1.0,0.0],
        [-0.992582,0.0,-0.12158],
        [1904.09,32.6876,-21638.6]
      ],
      "objLayer": 0,
      "props": []
    },
    "flt_tank_spot_02": {
      "type": "Point",
      "tm": [
        [-0.0791526,0.0,0.996863],
        [0.0,1.0,0.0],
        [-0.996863,0.0,-0.0791526],
        [1369.98,36.5245,-21837.1]
      ],
      "objLayer": 0,
      "props": []
    },
    "flt_tank_spot_03": {
      "type": "Point",
      "tm": [
        [0.97107,0.0,0.238794],
        [0.0,1.0,0.0],
        [-0.238794,0.0,0.97107],
        [1661.69,33.4485,-22329.1]
      ],
      "objLayer": 0,
      "props": []
    },
    "flt_tank_spot_04": {
      "type": "Point",
      "tm": [
        [1.0,0.0,0.0],
        [0.0,1.0,0.0],
        [0.0,0.0,1.0],
        [1292.5,35.7951,-21291.2]
      ],
      "objLayer": 0,
      "props": []
    },
    "flt_tank_spot_05": {
      "type": "Point",
      "tm": [
        [1.0,0.0,0.0],
        [0.0,1.0,0.0],
        [0.0,0.0,1.0],
        [1609.17,36.7039,-19733.0]
      ],
      "objLayer": 0,
      "props": []
    },
    "flt_tank_spot_06": {
      "type": "Point",
      "tm": [
        [0.975833,0.0,0.218517],
        [0.0,1.0,0.0],
        [-0.218517,0.0,0.975833],
        [1564.87,41.3418,-19369.6]
      ],
      "objLayer": 0,
      "props": []
    },
    "flt_tank_spot_07": {
      "type": "Point",
      "tm": [
        [0.970858,0.0,0.239654],
        [0.0,1.0,0.0],
        [-0.239654,0.0,0.970858],
        [2323.9,24.8979,-19495.0]
      ],
      "objLayer": 0,
      "props": []
    },
    "flt_tank_spot_08": {
      "type": "Point",
      "tm": [
        [0.654535,0.0,0.756032],
        [0.0,1.0,0.0],
        [-0.756032,0.0,0.654535],
        [2225.98,52.8539,-19106.1]
      ],
      "objLayer": 0,
      "props": []
    },
    "flt_tank_spot_09": {
      "type": "Point",
      "tm": [
        [1.0,0.0,0.0],
        [0.0,1.0,0.0],
        [0.0,0.0,1.0],
        [-8772.47,36.218,-15823.9]
      ],
      "objLayer": 0,
      "props": []
    },
    "flt_tank_spot_10": {
      "type": "Point",
      "tm": [
        [1.0,0.0,0.0],
        [0.0,1.0,0.0],
        [0.0,0.0,1.0],
        [-8914.2,38.6767,-15142.6]
      ],
      "objLayer": 0,
      "props": []
    },
    "flt_tank_spot_11": {
      "type": "Point",
      "tm": [
        [1.0,0.0,0.0],
        [0.0,1.0,0.0],
        [0.0,0.0,1.0],
        [-8133.68,34.0327,-15750.9]
      ],
      "objLayer": 0,
      "props": []
    },
    "flt_tank_spot_12": {
      "type": "Point",
      "tm": [
        [-0.0511602,0.0,-0.99869],
        [0.0,1.0,0.0],
        [0.99869,0.0,-0.0511602],
        [-9704.44,45.5737,-15708.0]
      ],
      "objLayer": 0,
      "props": []
    },
    "flt_tank_spot_13": {
      "type": "Point",
      "tm": [
        [1.0,0.0,0.0],
        [0.0,1.0,0.0],
        [0.0,0.0,1.0],
        [-14078.6,60.8353,-18661.4]
      ],
      "objLayer": 0,
      "props": []
    },
    "flt_tank_spot_14": {
      "type": "Point",
      "tm": [
        [1.0,0.0,0.0],
        [0.0,1.0,0.0],
        [0.0,0.0,1.0],
        [-14107.7,61.6108,-18488.5]
      ],
      "objLayer": 0,
      "props": []
    },
    "flt_tank_spot_15": {
      "type": "Point",
      "tm": [
        [0.028745,0.0,-0.999587],
        [0.0,1.0,0.0],
        [0.999587,0.0,0.028745],
        [-13793.5,75.7615,-18135.6]
      ],
      "objLayer": 0,
      "props": []
    },
    "flt_tank_spot_16": {
      "type": "Point",
      "tm": [
        [1.0,0.0,0.0],
        [0.0,1.0,0.0],
        [0.0,0.0,1.0],
        [-14033.7,70.1289,-17441.3]
      ],
      "objLayer": 0,
      "props": []
    },
    "flt_tank_spot_17": {
      "type": "Point",
      "tm": [
        [0.97785,0.0,-0.209308],
        [0.0,1.0,0.0],
        [0.209308,0.0,0.97785],
        [-8812.36,42.1778,-12817.7]
      ],
      "objLayer": 0,
      "props": []
    },
    "flt_tank_spot_18": {
      "type": "Point",
      "tm": [
        [0.984934,0.0,0.172933],
        [0.0,1.0,0.0],
        [-0.172933,0.0,0.984934],
        [-8591.88,40.6563,-12757.4]
      ],
      "objLayer": 0,
      "props": []
    },
    "flt_tank_spot_19": {
      "type": "Point",
      "tm": [
        [1.0,0.0,0.0],
        [0.0,1.0,0.0],
        [0.0,0.0,1.0],
        [-7833.21,35.9474,-11286.1]
      ],
      "objLayer": 0,
      "props": []
    },
    "flt_tank_spot_20": {
      "type": "Point",
      "tm": [
        [0.986242,0.0,0.165306],
        [0.0,1.0,0.0],
        [-0.165306,0.0,0.986242],
        [-8481.69,44.8705,-11707.4]
      ],
      "objLayer": 0,
      "props": []
    },
    "flt_tank_spot_21": {
      "type": "Point",
      "tm": [
        [0.991043,0.0,0.13354],
        [0.0,1.0,0.0],
        [-0.13354,0.0,0.991043],
        [-3437.68,26.9281,-9438.4]
      ],
      "objLayer": 0,
      "props": []
    },
    "flt_tank_spot_22": {
      "type": "Point",
      "tm": [
        [1.0,0.0,0.0],
        [0.0,1.0,0.0],
        [0.0,0.0,1.0],
        [-3260.13,22.4756,-9173.55]
      ],
      "objLayer": 0,
      "props": []
    },
    "flt_tank_spot_23": {
      "type": "Point",
      "tm": [
        [0.0904604,0.0,-0.9959],
        [0.0,1.0,0.0],
        [0.9959,0.0,0.0904604],
        [-2747.99,32.5603,-9276.25]
      ],
      "objLayer": 0,
      "props": []
    },
    "flt_tank_spot_24": {
      "type": "Point",
      "tm": [
        [-0.121775,0.0,0.992558],
        [0.0,1.0,0.0],
        [-0.992558,0.0,-0.121775],
        [-2687.64,17.806,-8521.66]
      ],
      "objLayer": 0,
      "props": []
    },
    "flt_tank_spot_25": {
      "type": "Point",
      "tm": [
        [0.995769,0.0,-0.0918915],
        [0.0,1.0,0.0],
        [0.0918915,0.0,0.995769],
        [-2795.6,13.8004,-6952.7]
      ],
      "objLayer": 0,
      "props": []
    },
    "flt_tank_spot_26": {
      "type": "Point",
      "tm": [
        [-0.698453,0.0,0.715656],
        [0.0,1.0,0.0],
        [-0.715656,0.0,-0.698453],
        [-2990.62,61.4347,-6329.94]
      ],
      "objLayer": 0,
      "props": []
    },
    "flt_tank_spot_27": {
      "type": "Point",
      "tm": [
        [-0.146603,0.0,0.989195],
        [0.0,1.0,0.0],
        [-0.989195,0.0,-0.146603],
        [-3178.71,34.7727,-6798.29]
      ],
      "objLayer": 0,
      "props": []
    },
    "flt_tank_spot_28": {
      "type": "Point",
      "tm": [
        [-0.344568,0.0,-0.938761],
        [0.0,1.0,0.0],
        [0.938761,0.0,-0.344568],
        [-2473.33,12.4179,-6848.96]
      ],
      "objLayer": 0,
      "props": []
    },
    "flt_tank_spot_29": {
      "type": "Point",
      "tm": [
        [0.421215,0.0,-0.906961],
        [0.0,1.0,0.0],
        [0.906961,0.0,0.421215],
        [-7553.54,33.1624,-355.008]
      ],
      "objLayer": 0,
      "props": []
    },
    "flt_tank_spot_30": {
      "type": "Point",
      "tm": [
        [0.0413073,0.0,-0.999146],
        [0.0,1.0,0.0],
        [0.999146,0.0,0.0413073],
        [-7275.89,25.3766,134.589]
      ],
      "objLayer": 0,
      "props": []
    },
    "flt_tank_spot_31": {
      "type": "Point",
      "tm": [
        [-0.0846698,0.0,-0.996409],
        [0.0,1.0,0.0],
        [0.996409,0.0,-0.0846698],
        [-7780.32,30.5548,2078.17]
      ],
      "objLayer": 0,
      "props": []
    },
    "flt_tank_spot_32": {
      "type": "Point",
      "tm": [
        [-0.0310329,0.0,-0.999518],
        [0.0,1.0,0.0],
        [0.999518,0.0,-0.0310329],
        [-8342.67,37.4,2328.44]
      ],
      "objLayer": 0,
      "props": []
    },
    "flt_tank_spot_33": {
      "type": "Point",
      "tm": [
        [0.948735,0.0,0.316072],
        [0.0,1.0,0.0],
        [-0.316072,0.0,0.948735],
        [-5060.86,23.1309,3289.13]
      ],
      "objLayer": 0,
      "props": []
    },
    "flt_tank_spot_34": {
      "type": "Point",
      "tm": [
        [0.98274,0.0,0.184993],
        [0.0,1.0,0.0],
        [-0.184993,0.0,0.98274],
        [-5755.26,24.8118,4070.79]
      ],
      "objLayer": 0,
      "props": []
    },
    "flt_tank_spot_35": {
      "type": "Point",
      "tm": [
        [0.173992,0.0,-0.984747],
        [0.0,1.0,0.0],
        [0.984747,0.0,0.173992],
        [-5621.89,15.7038,4899.79]
      ],
      "objLayer": 0,
      "props": []
    },
    "flt_tank_spot_36": {
      "type": "Point",
      "tm": [
        [-0.0086146,0.0,-0.999963],
        [0.0,1.0,0.0],
        [0.999963,0.0,-0.0086146],
        [-6288.47,15.6887,4788.15]
      ],
      "objLayer": 0,
      "props": []
    },
    "flt_tank_spot_37": {
      "type": "Point",
      "tm": [
        [-0.925715,0.0,0.378223],
        [0.0,1.0,0.0],
        [-0.378223,0.0,-0.925715],
        [-8398.37,13.6522,5554.28]
      ],
      "objLayer": 0,
      "props": []
    },
    "flt_tank_spot_38": {
      "type": "Point",
      "tm": [
        [-0.975649,0.0,0.219339],
        [0.0,1.0,0.0],
        [-0.219339,0.0,-0.975649],
        [-8640.25,14.4625,5286.84]
      ],
      "objLayer": 0,
      "props": []
    },
    "flt_tank_spot_39": {
      "type": "Point",
      "tm": [
        [0.985002,0.0,-0.172545],
        [0.0,1.0,0.0],
        [0.172545,0.0,0.985002],
        [-8640.03,14.4972,9677.89]
      ],
      "objLayer": 0,
      "props": []
    },
    "flt_tank_spot_40": {
      "type": "Point",
      "tm": [
        [0.917589,0.0,-0.397532],
        [0.0,1.0,0.0],
        [0.397532,0.0,0.917589],
        [-8172.2,18.3978,7618.79]
      ],
      "objLayer": 0,
      "props": []
    },
    "flt_tank_spot_41": {
      "type": "Point",
      "tm": [
        [-0.554602,0.0,0.832116],
        [0.0,1.0,0.0],
        [-0.832116,0.0,-0.554602],
        [-16445.6,44.0086,7517.72]
      ],
      "objLayer": 0,
      "props": []
    },
    "flt_tank_spot_42": {
      "type": "Point",
      "tm": [
        [-0.992775,0.0,0.11999],
        [0.0,1.0,0.0],
        [-0.11999,0.0,-0.992775],
        [-16986.4,63.1284,7648.63]
      ],
      "objLayer": 0,
      "props": []
    },
    "flt_tank_spot_43": {
      "type": "Point",
      "tm": [
        [0.935968,0.0,-0.352086],
        [0.0,1.0,0.0],
        [0.352086,0.0,0.935968],
        [-16123.7,53.3575,7651.77]
      ],
      "objLayer": 0,
      "props": []
    },
    "flt_tank_spot_44": {
      "type": "Point",
      "tm": [
        [0.944001,0.0,0.329942],
        [0.0,1.0,0.0],
        [-0.329942,0.0,0.944001],
        [-16954.9,60.6339,8548.59]
      ],
      "objLayer": 0,
      "props": []
    },
    "flt_tank_spot_45": {
      "type": "Point",
      "tm": [
        [-0.042787,0.0,0.999084],
        [0.0,1.0,0.0],
        [-0.999084,0.0,-0.042787],
        [-11866.3,79.6112,-1935.52]
      ],
      "objLayer": 0,
      "props": []
    },
    "flt_tank_spot_46": {
      "type": "Point",
      "tm": [
        [0.394866,0.0,-0.918739],
        [0.0,1.0,0.0],
        [0.918739,0.0,0.394866],
        [-12331.6,62.4092,-1797.5]
      ],
      "objLayer": 0,
      "props": []
    },
    "flt_tank_spot_47": {
      "type": "Point",
      "tm": [
        [0.102617,0.0,-0.994721],
        [0.0,1.0,0.0],
        [0.994721,0.0,0.102617],
        [-11591.6,59.0451,-935.979]
      ],
      "objLayer": 0,
      "props": []
    },
    "flt_tank_spot_48": {
      "type": "Point",
      "tm": [
        [0.0121454,0.0,0.999926],
        [0.0,1.0,0.0],
        [-0.999926,0.0,0.0121454],
        [-11410.7,58.214,-990.931]
      ],
      "objLayer": 0,
      "props": []
    },
    "flt_tank_spot_49": {
      "type": "Point",
      "tm": [
        [0.00409455,0.0,0.999992],
        [0.0,1.0,0.0],
        [-0.999992,0.0,0.00409455],
        [-3134.1,52.1106,-24219.9]
      ],
      "objLayer": 0,
      "props": []
    },
    "flt_tank_spot_50": {
      "type": "Point",
      "tm": [
        [0.0874184,0.0,0.996172],
        [0.0,1.0,0.0],
        [-0.996172,0.0,0.0874184],
        [-3592.08,52.0658,-25434.8]
      ],
      "objLayer": 0,
      "props": []
    },
    "flt_tank_spot_51": {
      "type": "Point",
      "tm": [
        [0.115121,0.0,-0.993352],
        [0.0,1.0,0.0],
        [0.993352,0.0,0.115121],
        [-3348.41,51.5734,-24285.6]
      ],
      "objLayer": 0,
      "props": []
    },
    "flt_tank_spot_52": {
      "type": "Point",
      "tm": [
        [0.988219,0.0,0.153047],
        [0.0,1.0,0.0],
        [-0.153047,0.0,0.988219],
        [-2852.66,47.1752,-23325.0]
      ],
      "objLayer": 0,
      "props": []
    },
    "flt_tank_spot_53": {
      "type": "Point",
      "tm": [
        [-0.366203,0.0,0.930535],
        [0.0,1.0,0.0],
        [-0.930535,0.0,-0.366203],
        [-9615.52,41.3971,-20804.1]
      ],
      "objLayer": 0,
      "props": []
    },
    "flt_tank_spot_54": {
      "type": "Point",
      "tm": [
        [-0.967498,0.0,-0.252878],
        [0.0,1.0,0.0],
        [0.252878,0.0,-0.967498],
        [-8679.44,38.8329,-19724.2]
      ],
      "objLayer": 0,
      "props": []
    },
    "flt_tank_spot_55": {
      "type": "Point",
      "tm": [
        [0.927759,0.0,0.37318],
        [0.0,1.0,0.0],
        [-0.37318,0.0,0.927759],
        [-8702.69,41.0422,-19346.8]
      ],
      "objLayer": 0,
      "props": []
    },
    "flt_tank_spot_56": {
      "type": "Point",
      "tm": [
        [0.723256,0.0,0.69058],
        [0.0,1.0,0.0],
        [-0.69058,0.0,0.723256],
        [-9323.52,42.8984,-19399.8]
      ],
      "objLayer": 0,
      "props": []
    },
    "flt_tank_spot_58": {
      "type": "Point",
      "tm": [
        [0.266041,0.0,-0.963962],
        [0.0,1.0,0.0],
        [0.963962,0.0,0.266041],
        [-20856.0,59.9919,-23638.0]
      ],
      "objLayer": 0,
      "props": []
    },
    "flt_tank_spot_59": {
      "type": "Point",
      "tm": [
        [-0.0939614,0.0,0.995576],
        [0.0,1.0,0.0],
        [-0.995576,0.0,-0.0939614],
        [-20647.1,52.1818,-23589.3]
      ],
      "objLayer": 0,
      "props": []
    },
    "flt_tank_spot_60": {
      "type": "Point",
      "tm": [
        [0.301732,0.0,-0.953393],
        [0.0,1.0,0.0],
        [0.953393,0.0,0.301732],
        [-19868.1,58.5425,-22806.6]
      ],
      "objLayer": 0,
      "props": []
    },
    "flt_tank_spot_61": {
      "type": "Point",
      "tm": [
        [1.0,0.0,0.0],
        [0.0,1.0,0.0],
        [0.0,0.0,1.0],
        [-21734.1,57.4003,-22919.3]
      ],
      "objLayer": 0,
      "props": []
    },
    "flt_tank_spot_63": {
      "type": "Point",
      "tm": [
        [-0.042061,0.0,0.999115],
        [0.0,1.0,0.0],
        [-0.999115,0.0,-0.042061],
        [-24099.6,55.7775,-11151.9]
      ],
      "objLayer": 0,
      "props": []
    },
    "flt_tank_spot_64": {
      "type": "Point",
      "tm": [
        [0.113387,0.0,-0.993551],
        [0.0,1.0,0.0],
        [0.993551,0.0,0.113387],
        [-23213.0,58.5789,-11672.5]
      ],
      "objLayer": 0,
      "props": []
    },
    "flt_tank_spot_65": {
      "type": "Point",
      "tm": [
        [1.0,0.0,0.0],
        [0.0,1.0,0.0],
        [0.0,0.0,1.0],
        [-22160.3,73.864,-12510.4]
      ],
      "objLayer": 0,
      "props": []
    },
    "flt_tank_spot_66": {
      "type": "Point",
      "tm": [
        [0.385307,0.0,0.922789],
        [0.0,1.0,0.0],
        [-0.922789,0.0,0.385307],
        [-22210.5,60.2457,-10985.1]
      ],
      "objLayer": 0,
      "props": []
    },
    "flt_tank_spot_67": {
      "type": "Point",
      "tm": [
        [0.110947,0.0,-0.993826],
        [0.0,1.0,0.0],
        [0.993826,0.0,0.110947],
        [-19085.4,72.4311,-3722.2]
      ],
      "objLayer": 0,
      "props": []
    },
    "flt_tank_spot_68": {
      "type": "Point",
      "tm": [
        [0.159985,0.0,-0.987119],
        [0.0,1.0,0.0],
        [0.987119,0.0,0.159985],
        [-18036.3,62.3416,-3741.8]
      ],
      "objLayer": 0,
      "props": []
    },
    "flt_tank_spot_69": {
      "type": "Point",
      "tm": [
        [0.146926,0.0,-0.989148],
        [0.0,1.0,0.0],
        [0.989148,0.0,0.146926],
        [-17063.2,47.3596,-3367.36]
      ],
      "objLayer": 0,
      "props": []
    },
    "flt_tank_spot_70": {
      "type": "Point",
      "tm": [
        [0.975347,0.0,0.220675],
        [0.0,1.0,0.0],
        [-0.220675,0.0,0.975347],
        [-17927.3,46.3655,-3330.41]
      ],
      "objLayer": 0,
      "props": []
    },
    "flt_tank_spot_71": {
      "type": "Point",
      "tm": [
        [0.976673,0.0,-0.214733],
        [0.0,1.0,0.0],
        [0.214733,0.0,0.976673],
        [-21047.8,35.8982,1210.71]
      ],
      "objLayer": 0,
      "props": []
    },
    "flt_tank_spot_72": {
      "type": "Point",
      "tm": [
        [1.0,0.0,0.0],
        [0.0,1.0,0.0],
        [0.0,0.0,1.0],
        [-19942.8,35.6245,710.016]
      ],
      "objLayer": 0,
      "props": []
    },
    "flt_tank_spot_73": {
      "type": "Point",
      "tm": [
        [0.980133,0.0,-0.198344],
        [0.0,1.0,0.0],
        [0.198344,0.0,0.980133],
        [-18215.9,37.0445,1203.87]
      ],
      "objLayer": 0,
      "props": []
    },
    "flt_tank_spot_74": {
      "type": "Point",
      "tm": [
        [-0.220209,0.0,-0.975453],
        [0.0,1.0,0.0],
        [0.975453,0.0,-0.220209],
        [-17470.1,23.6507,605.551]
      ],
      "objLayer": 0,
      "props": []
    },
    "flt_tank_spot_75": {
      "type": "Point",
      "tm": [
        [0.868009,0.0,-0.496549],
        [0.0,1.0,0.0],
        [0.496549,0.0,0.868009],
        [-20590.8,76.0817,15744.9]
      ],
      "objLayer": 0,
      "props": []
    },
    "flt_tank_spot_76": {
      "type": "Point",
      "tm": [
        [0.948329,0.0,-0.317288],
        [0.0,1.0,0.0],
        [0.317288,0.0,0.948329],
        [-20236.2,83.8607,15855.0]
      ],
      "objLayer": 0,
      "props": []
    },
    "flt_tank_spot_77": {
      "type": "Point",
      "tm": [
        [0.291396,0.0,-0.956603],
        [0.0,1.0,0.0],
        [0.956603,0.0,0.291396],
        [-19869.8,75.9005,16103.3]
      ],
      "objLayer": 0,
      "props": []
    },
    "flt_tank_spot_78": {
      "type": "Point",
      "tm": [
        [0.971983,0.0,0.235053],
        [0.0,1.0,0.0],
        [-0.235053,0.0,0.971983],
        [-19240.5,75.2451,15565.5]
      ],
      "objLayer": 0,
      "props": []
    },
    "flt_tank_spot_79": {
      "type": "Point",
      "tm": [
        [-0.13594,0.0,0.990717],
        [0.0,1.0,0.0],
        [-0.990717,0.0,-0.13594],
        [3408.56,18.6665,23429.2]
      ],
      "objLayer": 0,
      "props": []
    },
    "flt_tank_spot_80": {
      "type": "Point",
      "tm": [
        [0.0969004,0.0,0.995294],
        [0.0,1.0,0.0],
        [-0.995294,0.0,0.0969004],
        [3964.93,17.3242,23283.0]
      ],
      "objLayer": 0,
      "props": []
    },
    "flt_tank_spot_81": {
      "type": "Point",
      "tm": [
        [-0.989949,0.0,0.141421],
        [0.0,1.0,0.0],
        [-0.141421,0.0,-0.989949],
        [3330.04,16.6546,21995.2]
      ],
      "objLayer": 0,
      "props": []
    },
    "flt_tank_spot_82": {
      "type": "Point",
      "tm": [
        [0.985635,0.0,-0.168887],
        [0.0,1.0,0.0],
        [0.168887,0.0,0.985635],
        [3601.35,19.8018,21695.4]
      ],
      "objLayer": 0,
      "props": []
    },
    "flt_tank_spot_83": {
      "type": "Point",
      "tm": [
        [-0.988496,0.0,-0.151247],
        [0.0,1.0,0.0],
        [0.151247,0.0,-0.988496],
        [613.195,15.4395,18476.4]
      ],
      "objLayer": 0,
      "props": []
    },
    "flt_tank_spot_84": {
      "type": "Point",
      "tm": [
        [-0.954372,0.0,-0.298621],
        [0.0,1.0,0.0],
        [0.298621,0.0,-0.954372],
        [699.811,16.7524,18021.6]
      ],
      "objLayer": 0,
      "props": []
    },
    "flt_tank_spot_85": {
      "type": "Point",
      "tm": [
        [-0.128222,0.0,-0.991745],
        [0.0,1.0,0.0],
        [0.991745,0.0,-0.128222],
        [1356.02,16.5951,17759.7]
      ],
      "objLayer": 0,
      "props": []
    },
    "flt_tank_spot_86": {
      "type": "Point",
      "tm": [
        [-0.741773,0.0,0.670651],
        [0.0,1.0,0.0],
        [-0.670651,0.0,-0.741773],
        [666.357,15.0536,17371.8]
      ],
      "objLayer": 0,
      "props": []
    },
    "flt_tank_spot_87": {
      "type": "Point",
      "tm": [
        [0.0270171,0.0,-0.999635],
        [0.0,1.0,0.0],
        [0.999635,0.0,0.0270171],
        [-3230.83,15.2156,13672.8]
      ],
      "objLayer": 0,
      "props": []
    },
    "flt_tank_spot_88": {
      "type": "Point",
      "tm": [
        [-0.749214,0.0,-0.662328],
        [0.0,1.0,0.0],
        [0.662328,0.0,-0.749214],
        [-2104.36,21.2419,13465.2]
      ],
      "objLayer": 0,
      "props": []
    },
    "flt_tank_spot_89": {
      "type": "Point",
      "tm": [
        [-0.941893,0.0,-0.335912],
        [0.0,1.0,0.0],
        [0.335912,0.0,-0.941893],
        [-1891.74,17.6373,14374.3]
      ],
      "objLayer": 0,
      "props": []
    },
    "flt_tank_spot_90": {
      "type": "Point",
      "tm": [
        [-0.891282,0.0,0.453449],
        [0.0,1.0,0.0],
        [-0.453449,0.0,-0.891282],
        [-1743.33,17.9415,13457.0]
      ],
      "objLayer": 0,
      "props": []
    },
    "flt_tank_spot_91": {
      "type": "Point",
      "tm": [
        [0.123489,0.0,-0.992346],
        [0.0,1.0,0.0],
        [0.992346,0.0,0.123489],
        [5272.21,16.6707,8280.19]
      ],
      "objLayer": 0,
      "props": []
    },
    "flt_tank_spot_92": {
      "type": "Point",
      "tm": [
        [-0.0224899,0.0,-0.999747],
        [0.0,1.0,0.0],
        [0.999747,0.0,-0.0224899],
        [3933.8,15.4422,8278.15]
      ],
      "objLayer": 0,
      "props": []
    },
    "flt_tank_spot_93": {
      "type": "Point",
      "tm": [
        [0.0270376,0.0,-0.999634],
        [0.0,1.0,0.0],
        [0.999634,0.0,0.0270376],
        [1900.37,16.8724,8472.31]
      ],
      "objLayer": 0,
      "props": []
    },
    "flt_tank_spot_94": {
      "type": "Point",
      "tm": [
        [-0.982404,0.0,0.18677],
        [0.0,1.0,0.0],
        [-0.18677,0.0,-0.982404],
        [1665.65,16.5891,7618.59]
      ],
      "objLayer": 0,
      "props": []
    },
    "flt_tank_spot_95": {
      "type": "Point",
      "tm": [
        [0.382438,0.0,-0.923981],
        [0.0,1.0,0.0],
        [0.923981,0.0,0.382438],
        [6052.08,15.5422,6674.85]
      ],
      "objLayer": 0,
      "props": []
    },
    "flt_tank_spot_96": {
      "type": "Point",
      "tm": [
        [0.0302474,0.0,-0.999542],
        [0.0,1.0,0.0],
        [0.999542,0.0,0.0302474],
        [7027.02,14.8012,7001.7]
      ],
      "objLayer": 0,
      "props": []
    },
    "flt_tank_spot_97": {
      "type": "Point",
      "tm": [
        [1.0,0.0,0.0],
        [0.0,1.0,0.0],
        [0.0,0.0,1.0],
        [7172.57,16.8695,6556.32]
      ],
      "objLayer": 0,
      "props": []
    },
    "flt_tank_spot_98": {
      "type": "Point",
      "tm": [
        [0.985731,0.0,-0.168331],
        [0.0,1.0,0.0],
        [0.168331,0.0,0.985731],
        [7535.35,19.6709,5606.11]
      ],
      "objLayer": 0,
      "props": []
    },
    "flt_tank_spot_99": {
      "type": "Point",
      "tm": [
        [0.986242,0.0,0.165309],
        [0.0,1.0,0.0],
        [-0.165309,0.0,0.986242],
        [12526.2,13.7762,12408.6]
      ],
      "objLayer": 0,
      "props": []
    },
    "flt_tank_spot_100": {
      "type": "Point",
      "tm": [
        [0.159301,0.0,0.98723],
        [0.0,1.0,0.0],
        [-0.98723,0.0,0.159301],
        [12798.3,13.3739,11671.8]
      ],
      "objLayer": 0,
      "props": []
    },
    "flt_tank_spot_101": {
      "type": "Point",
      "tm": [
        [-0.0251202,0.0,-0.999684],
        [0.0,1.0,0.0],
        [0.999684,0.0,-0.0251202],
        [13162.7,13.3703,11526.7]
      ],
      "objLayer": 0,
      "props": []
    },
    "flt_tank_spot_102": {
      "type": "Point",
      "tm": [
        [-0.98306,0.0,-0.183285],
        [0.0,1.0,0.0],
        [0.183285,0.0,-0.98306],
        [13021.2,15.2249,11056.3]
      ],
      "objLayer": 0,
      "props": []
    },
    "flt_tank_spot_103": {
      "type": "Point",
      "tm": [
        [0.170609,0.0,0.985339],
        [0.0,1.0,0.0],
        [-0.985339,0.0,0.170609],
        [20994.4,21.5936,13731.2]
      ],
      "objLayer": 0,
      "props": []
    },
    "flt_tank_spot_104": {
      "type": "Point",
      "tm": [
        [-0.00564486,0.0,-0.999984],
        [0.0,1.0,0.0],
        [0.999984,0.0,-0.00564486],
        [20308.2,21.0902,14037.4]
      ],
      "objLayer": 0,
      "props": []
    },
    "flt_tank_spot_105": {
      "type": "Point",
      "tm": [
        [-0.982655,0.0,0.185441],
        [0.0,1.0,0.0],
        [-0.185441,0.0,-0.982655],
        [19558.2,15.8976,13854.9]
      ],
      "objLayer": 0,
      "props": []
    },
    "flt_tank_spot_106": {
      "type": "Point",
      "tm": [
        [0.993179,0.0,0.116603],
        [0.0,1.0,0.0],
        [-0.116603,0.0,0.993179],
        [20157.3,16.18,12700.9]
      ],
      "objLayer": 0,
      "props": []
    },
    "flt_tank_spot_107": {
      "type": "Point",
      "tm": [
        [0.987846,0.0,-0.155434],
        [0.0,1.0,0.0],
        [0.155434,0.0,0.987846],
        [3578.94,31.3456,-834.991]
      ],
      "objLayer": 0,
      "props": []
    },
    "flt_tank_spot_108": {
      "type": "Point",
      "tm": [
        [-0.973492,0.0,0.228721],
        [0.0,1.0,0.0],
        [-0.228721,0.0,-0.973492],
        [3311.07,26.3541,-508.797]
      ],
      "objLayer": 0,
      "props": []
    },
    "flt_tank_spot_109": {
      "type": "Point",
      "tm": [
        [0.0346835,0.0,-0.999398],
        [0.0,1.0,0.0],
        [0.999398,0.0,0.0346835],
        [2741.17,28.7913,-970.285]
      ],
      "objLayer": 0,
      "props": []
    },
    "flt_tank_spot_110": {
      "type": "Point",
      "tm": [
        [-0.312272,0.0,-0.949993],
        [0.0,1.0,0.0],
        [0.949993,0.0,-0.312272],
        [2595.21,32.449,-1651.27]
      ],
      "objLayer": 0,
      "props": []
    },
    "flt_tank_spot_111": {
      "type": "Point",
      "tm": [
        [0.986354,0.0,-0.164639],
        [0.0,1.0,0.0],
        [0.164639,0.0,0.986354],
        [7863.73,23.0235,-4929.48]
      ],
      "objLayer": 0,
      "props": []
    },
    "flt_tank_spot_112": {
      "type": "Point",
      "tm": [
        [0.355442,0.0,-0.934698],
        [0.0,1.0,0.0],
        [0.934698,0.0,0.355442],
        [8433.5,37.7324,-4919.48]
      ],
      "objLayer": 0,
      "props": []
    },
    "flt_tank_spot_113": {
      "type": "Point",
      "tm": [
        [-0.99484,0.0,0.101456],
        [0.0,1.0,0.0],
        [-0.101456,0.0,-0.99484],
        [8291.12,37.6542,-5322.97]
      ],
      "objLayer": 0,
      "props": []
    },
    "flt_tank_spot_114": {
      "type": "Point",
      "tm": [
        [-0.697992,0.0,0.716105],
        [0.0,1.0,0.0],
        [-0.716105,0.0,-0.697992],
        [8179.15,37.6619,-5158.7]
      ],
      "objLayer": 0,
      "props": []
    },
    "flt_tank_spot_115": {
      "type": "Point",
      "tm": [
        [1.0,0.0,0.0],
        [0.0,1.0,0.0],
        [0.0,0.0,1.0],
        [21612.7,45.3655,844.656]
      ],
      "objLayer": 0,
      "props": []
    },
    "flt_tank_spot_116": {
      "type": "Point",
      "tm": [
        [0.0396834,0.0,-0.999212],
        [0.0,1.0,0.0],
        [0.999212,0.0,0.0396834],
        [21362.3,46.562,655.475]
      ],
      "objLayer": 0,
      "props": []
    },
    "flt_tank_spot_117": {
      "type": "Point",
      "tm": [
        [0.996883,0.0,0.0788995],
        [0.0,1.0,0.0],
        [-0.0788995,0.0,0.996883],
        [22123.0,49.4504,1.50878]
      ],
      "objLayer": 0,
      "props": []
    },
    "flt_tank_spot_118": {
      "type": "Point",
      "tm": [
        [0.980671,0.0,-0.195662],
        [0.0,1.0,0.0],
        [0.195662,0.0,0.980671],
        [22724.9,43.8206,-837.091]
      ],
      "objLayer": 0,
      "props": []
    },
    "flt_tank_spot_119": {
      "type": "Point",
      "tm": [
        [0.930665,0.0,-0.365872],
        [0.0,1.0,0.0],
        [0.365872,0.0,0.930665],
        [24592.8,32.7795,-2515.11]
      ],
      "objLayer": 0,
      "props": []
    },
    "flt_tank_spot_120": {
      "type": "Point",
      "tm": [
        [-0.971524,0.0,0.236941],
        [0.0,1.0,0.0],
        [-0.236941,0.0,-0.971524],
        [24381.4,32.3716,-2653.87]
      ],
      "objLayer": 0,
      "props": []
    },
    "flt_tank_spot_121": {
      "type": "Point",
      "tm": [
        [-0.946011,0.0,0.324136],
        [0.0,1.0,0.0],
        [-0.324136,0.0,-0.946011],
        [24216.6,40.6038,-2923.58]
      ],
      "objLayer": 0,
      "props": []
    },
    "flt_tank_spot_122": {
      "type": "Point",
      "tm": [
        [0.982798,0.0,0.184681],
        [0.0,1.0,0.0],
        [-0.184681,0.0,0.982798],
        [24632.7,33.7283,-3427.84]
      ],
      "objLayer": 0,
      "props": []
    },
    "flt_tank_spot_123": {
      "type": "Point",
      "tm": [
        [-0.974085,0.0,-0.226182],
        [0.0,1.0,0.0],
        [0.226182,0.0,-0.974085],
        [23152.2,30.4971,-5355.5]
      ],
      "objLayer": 0,
      "props": []
    },
    "flt_tank_spot_124": {
      "type": "Point",
      "tm": [
        [0.131379,0.0,-0.991332],
        [0.0,1.0,0.0],
        [0.991332,0.0,0.131379],
        [23293.9,21.8047,-6199.42]
      ],
      "objLayer": 0,
      "props": []
    },
    "flt_tank_spot_125": {
      "type": "Point",
      "tm": [
        [0.106051,0.0,-0.994361],
        [0.0,1.0,0.0],
        [0.994361,0.0,0.106051],
        [21896.9,23.3193,-6300.6]
      ],
      "objLayer": 0,
      "props": []
    },
    "flt_tank_spot_126": {
      "type": "Point",
      "tm": [
        [-0.991839,0.0,-0.1275],
        [0.0,1.0,0.0],
        [0.1275,0.0,-0.991839],
        [21721.3,21.0819,-6947.99]
      ],
      "objLayer": 0,
      "props": []
    },
    "flt_tank_spot_127": {
      "type": "Point",
      "tm": [
        [0.979039,0.0,0.203674],
        [0.0,1.0,0.0],
        [-0.203674,0.0,0.979039],
        [20574.6,19.4245,-10323.6]
      ],
      "objLayer": 0,
      "props": []
    },
    "flt_tank_spot_128": {
      "type": "Point",
      "tm": [
        [-0.0525501,0.0,-0.998618],
        [0.0,1.0,0.0],
        [0.998618,0.0,-0.0525501],
        [21353.0,20.4388,-10800.4]
      ],
      "objLayer": 0,
      "props": []
    },
    "flt_tank_spot_129": {
      "type": "Point",
      "tm": [
        [0.147165,0.0,-0.989112],
        [0.0,1.0,0.0],
        [0.989112,0.0,0.147165],
        [23403.3,25.8414,-11027.8]
      ],
      "objLayer": 0,
      "props": []
    },
    "flt_tank_spot_130": {
      "type": "Point",
      "tm": [
        [-0.0336223,0.0,0.999435],
        [0.0,1.0,0.0],
        [-0.999435,0.0,-0.0336223],
        [23060.8,22.0489,-11668.9]
      ],
      "objLayer": 0,
      "props": []
    },
    "flt_tank_spot_131": {
      "type": "Point",
      "tm": [
        [0.260108,0.0,-0.96558],
        [0.0,1.0,0.0],
        [0.96558,0.0,0.260108],
        [24420.7,24.687,-13374.4]
      ],
      "objLayer": 0,
      "props": []
    },
    "flt_tank_spot_132": {
      "type": "Point",
      "tm": [
        [0.123487,0.0,-0.992346],
        [0.0,1.0,0.0],
        [0.992346,0.0,0.123487],
        [23056.7,16.0038,-13531.3]
      ],
      "objLayer": 0,
      "props": []
    },
    "flt_tank_spot_133": {
      "type": "Point",
      "tm": [
        [0.0271717,0.0,-0.999631],
        [0.0,1.0,0.0],
        [0.999631,0.0,0.0271717],
        [22363.3,15.7593,-17460.1]
      ],
      "objLayer": 0,
      "props": []
    },
    "flt_tank_spot_134": {
      "type": "Point",
      "tm": [
        [-0.0510695,0.0,-0.998695],
        [0.0,1.0,0.0],
        [0.998695,0.0,-0.0510695],
        [23054.5,22.9531,-18274.7]
      ],
      "objLayer": 0,
      "props": []
    },
    "flt_tank_spot_135": {
      "type": "Point",
      "tm": [
        [-0.0841188,0.0,-0.996456],
        [0.0,1.0,0.0],
        [0.996456,0.0,-0.0841188],
        [22347.7,25.7509,-18544.9]
      ],
      "objLayer": 0,
      "props": []
    },
    "flt_tank_spot_136": {
      "type": "Point",
      "tm": [
        [-0.183548,0.0,-0.983011],
        [0.0,1.0,0.0],
        [0.983011,0.0,-0.183548],
        [21235.5,23.7825,-17842.3]
      ],
      "objLayer": 0,
      "props": []
    },
    "flt_tank_spot_137": {
      "type": "Point",
      "tm": [
        [0.126015,0.0,-0.992028],
        [0.0,1.0,0.0],
        [0.992028,0.0,0.126015],
        [17150.8,22.3513,-20364.1]
      ],
      "objLayer": 0,
      "props": []
    },
    "flt_tank_spot_138": {
      "type": "Point",
      "tm": [
        [-0.291259,0.0,0.956645],
        [0.0,1.0,0.0],
        [-0.956645,0.0,-0.291259],
        [19046.1,19.5759,-20787.3]
      ],
      "objLayer": 0,
      "props": []
    },
    "flt_tank_spot_139": {
      "type": "Point",
      "tm": [
        [-0.991624,0.0,0.129158],
        [0.0,1.0,0.0],
        [-0.129158,0.0,-0.991624],
        [22071.6,41.685,-23375.5]
      ],
      "objLayer": 0,
      "props": []
    },
    "flt_tank_spot_140": {
      "type": "Point",
      "tm": [
        [1.0,0.0,0.0],
        [0.0,1.0,0.0],
        [0.0,0.0,1.0],
        [21978.0,31.5963,-22346.4]
      ],
      "objLayer": 0,
      "props": []
    },
    "flt_tank_spot_141": {
      "type": "Point",
      "tm": [
        [0.982146,0.0,-0.188119],
        [0.0,1.0,0.0],
        [0.188119,0.0,0.982146],
        [14090.1,27.9583,-21068.7]
      ],
      "objLayer": 0,
      "props": []
    },
    "flt_tank_spot_142": {
      "type": "Point",
      "tm": [
        [0.993762,0.0,0.11152],
        [0.0,1.0,0.0],
        [-0.11152,0.0,0.993762],
        [12899.0,25.4727,-21464.1]
      ],
      "objLayer": 0,
      "props": []
    },
    "flt_tank_spot_144": {
      "type": "Point",
      "tm": [
        [0.998044,0.0,0.0625134],
        [0.0,1.0,0.0],
        [-0.0625134,0.0,0.998044],
        [2161.96,12.2239,-13372.3]
      ],
      "objLayer": 0,
      "props": []
    },
    "flt_tank_spot_143": {
      "type": "Point",
      "tm": [
        [-0.634751,0.0,-0.772717],
        [0.0,1.0,0.0],
        [0.772717,0.0,-0.634751],
        [2021.53,11.42,-13125.5]
      ],
      "objLayer": 0,
      "props": []
    },
    "flt_tank_spot_62": {
      "type": "Point",
      "tm": [
        [-0.268059,0.0,-0.963403],
        [0.0,1.0,0.0],
        [0.963403,0.0,-0.268059],
        [513.345,14.3766,-15028.2]
      ],
      "objLayer": 0,
      "props": []
    },
    "flt_tank_spot_57": {
      "type": "Point",
      "tm": [
        [0.0138479,0.0,-0.999904],
        [0.0,1.0,0.0],
        [0.999904,0.0,0.0138479],
        [699.534,13.8578,-15274.1]
      ],
      "objLayer": 0,
      "props": []
    }
  },
  "objLayers": [
    {
      "layer": {
        "enabled": true
      }
    },
    {
      "layer": {
        "enabled": true
      }
    },
    {
      "layer": {
        "enabled": true
      }
    },
    {
      "layer": {
        "enabled": true
      }
    }
  ],
  "wayPoints": {
    "flt_tank_road_01": {
      "closed_waypoints": false,
      "isShipSpline": false,
      "shipTurnRadius": 100.0,
      "way": {
        "flt_tank_road_01_wp_01": {
          "type": "normal",
          "tm": [
            [1.0,0.0,0.0],
            [0.0,1.0,0.0],
            [0.0,0.0,1.0],
            [1902.35,32.7142,-21628.1]
          ],
          "props": {
            "speed": 30.0,
            "tas": false,
            "moveType": "GATHER_TO",
            "shouldKeepFormation": false,
            "canUsePathFinder": false
          }
        },
        "flt_tank_road_01_wp_02": {
          "type": "normal",
          "tm": [
            [1.0,0.0,0.0],
            [0.0,1.0,0.0],
            [0.0,0.0,1.0],
            [1726.82,33.4232,-21354.7]
          ],
          "props": {
            "speed": 30.0,
            "tas": false,
            "moveType": "USE_SPLINES",
            "shouldKeepFormation": false,
            "canUsePathFinder": false
          }
        },
        "flt_tank_road_01_wp_03": {
          "type": "normal",
          "tm": [
            [1.0,0.0,0.0],
            [0.0,1.0,0.0],
            [0.0,0.0,1.0],
            [1335.33,36.1086,-21450.2]
          ],
          "props": {
            "speed": 30.0,
            "tas": false,
            "moveType": "USE_SPLINES",
            "shouldKeepFormation": false,
            "canUsePathFinder": false
          }
        },
        "flt_tank_road_01_wp_04": {
          "type": "normal",
          "tm": [
            [1.0,0.0,0.0],
            [0.0,1.0,0.0],
            [0.0,0.0,1.0],
            [939.619,38.4521,-21373.2]
          ],
          "props": {
            "speed": 30.0,
            "tas": false,
            "moveType": "USE_SPLINES",
            "shouldKeepFormation": false,
            "canUsePathFinder": false
          }
        },
        "flt_tank_road_01_wp_05": {
          "type": "normal",
          "tm": [
            [1.0,0.0,0.0],
            [0.0,1.0,0.0],
            [0.0,0.0,1.0],
            [899.669,38.2198,-20938.5]
          ],
          "props": {
            "speed": 30.0,
            "tas": false,
            "moveType": "USE_SPLINES",
            "shouldKeepFormation": false,
            "canUsePathFinder": false
          }
        },
        "flt_tank_road_01_wp_06": {
          "type": "normal",
          "tm": [
            [1.0,0.0,0.0],
            [0.0,1.0,0.0],
            [0.0,0.0,1.0],
            [1093.32,33.9521,-20685.0]
          ],
          "props": {
            "speed": 30.0,
            "tas": false,
            "moveType": "USE_SPLINES",
            "shouldKeepFormation": false,
            "canUsePathFinder": false
          }
        },
        "flt_tank_road_01_wp_07": {
          "type": "normal",
          "tm": [
            [1.0,0.0,0.0],
            [0.0,1.0,0.0],
            [0.0,0.0,1.0],
            [1415.99,34.1783,-21011.6]
          ],
          "props": {
            "speed": 30.0,
            "tas": false,
            "moveType": "USE_SPLINES",
            "shouldKeepFormation": false,
            "canUsePathFinder": false
          }
        },
        "flt_tank_road_01_wp_08": {
          "type": "normal",
          "tm": [
            [1.0,0.0,0.0],
            [0.0,1.0,0.0],
            [0.0,0.0,1.0],
            [2311.58,46.5624,-22240.3]
          ],
          "props": {
            "speed": 30.0,
            "tas": false,
            "moveType": "USE_SPLINES",
            "shouldKeepFormation": false,
            "canUsePathFinder": false
          }
        },
        "flt_tank_road_01_wp_09": {
          "type": "normal",
          "tm": [
            [1.0,0.0,0.0],
            [0.0,1.0,0.0],
