{
  "selected_tag": "",
  "bin_dump_file": "",
  "mission_settings": {
    "player": {
      "army": 1
    },
    "player_teamB": {
      "army": 2
    },
    "mission": {
      "level": "levels/air_smolensk.bin",
      "type": "domination",
      "environment": "Day",
      "weather": "hazy",
      "restoreType": "attempts",
      "optionalTakeOff": false
    }
  },
  "imports": {
    "import_record": {
      "file": "gameData/missions/templates/air_templates/jip/air_bdt_bases_destroy_template.blk",
      "importAreas": true,
      "importUnits": true,
      "importTriggers": true,
      "importMissionObjectives": true,
      "importWayPoints": true,
      "showAreas": true,
      "showUnits": true,
      "showTriggers": true,
      "showMissionObjectives": true,
      "showWayPoints": true,
      "excludes": []
    }
  },
  "triggers": {
    "isCategory": true,
    "is_enabled": true
  },
  "mission_objectives": {
    "isCategory": true,
    "is_enabled": true
  },
  "variables": [],
  "dialogs": [],
  "airfields": [],
  "effects": [],
  "units": [
    {
      "objectGroups": {
        "name": "bdt_t2_bomb_object_01",
        "tm": [
          [0.624864,0.0,0.780732],
          [0.0,1.0,0.0],
          [-0.780732,0.0,0.624864],
          [-1739.12,91.439,-11331.7]
        ],
        "unit_class": "dynBase_hq_camp_square",
        "objLayer": 2,
        "props": {
          "army": 2,
          "active": true
        }
      }
    },
    {
      "objectGroups": {
        "name": "bdt_t2_bomb_object_02",
        "tm": [
          [0.965039,0.0,0.262114],
          [0.0,1.0,0.0],
          [-0.262114,0.0,0.965039],
          [7033.25,232.98,-10374.9]
        ],
        "unit_class": "dynBase_fuel_storage_square",
        "objLayer": 2,
        "props": {
          "army": 2,
          "active": true
        }
      }
    },
    {
      "objectGroups": {
        "name": "bdt_t2_bomb_object_03",
        "tm": [
          [-0.502954,0.0,0.864315],
          [0.0,1.0,0.0],
          [-0.864315,0.0,-0.502954],
          [9440.6,182.248,-9563.97]
        ],
        "unit_class": "dynBase_oil_storage_small_square",
        "objLayer": 2,
        "props": {
          "army": 2,
          "active": true
        }
      }
    },
    {
      "objectGroups": {
        "name": "bdt_t1_bomb_object_01",
        "tm": [
          [0.228657,0.0,0.973506],
          [0.0,1.0,0.0],
          [-0.973506,0.0,0.228657],
          [-2814.52,156.076,3864.5]
        ],
        "unit_class": "dynBase_fuel_storage_square",
        "objLayer": 2,
        "props": {
          "army": 1,
          "active": true
        }
      }
    },
    {
      "objectGroups": {
        "name": "bdt_t1_bomb_object_02",
        "tm": [
          [-0.489108,0.0,0.872222],
          [0.0,1.0,0.0],
          [-0.872222,0.0,-0.489108],
          [637.837,95.2333,4027.1]
        ],
        "unit_class": "dynBase_small_factory_square",
        "objLayer": 2,
        "props": {
          "army": 1,
          "active": false
        }
      }
    },
    {
      "objectGroups": {
        "name": "bdt_t1_bomb_object_03",
        "tm": [
          [-0.577583,0.0,0.816332],
          [0.0,1.0,0.0],
          [-0.816332,0.0,-0.577583],
          [7263.44,175.965,750.1]
        ],
        "unit_class": "dynBase_oil_storage_small_square",
        "objLayer": 2,
        "props": {
          "army": 1,
          "active": false
        }
      }
    },
    {
      "objectGroups": {
        "name": "bdt_t2_bomb_object_04",
        "tm": [
          [0.0640469,0.0,0.997946],
          [0.0,1.0,0.0],
          [-0.997946,0.0,0.0640469],
          [-3746.03,174.329,-8976.14]
        ],
        "unit_class": "dynBase_small_factory_square",
        "objLayer": 2,
        "props": {
          "army": 2,
          "active": true
        }
      }
    },
    {
      "objectGroups": {
        "name": "bdt_t1_bomb_object_04",
        "tm": [
          [-0.255332,0.0,0.966853],
          [0.0,1.0,0.0],
          [-0.966853,0.0,-0.255332],
          [9478.77,174.918,-2336.61]
        ],
        "unit_class": "dynBase_field_camp_square",
        "objLayer": 2,
        "props": {
          "army": 1,
          "active": false
        }
      }
    },
    {
      "structures": {
        "name": "bdt_t2_bomb_zone_01_bomb_target",
        "tm": [
          [0.624864,0.0,0.780732],
          [0.0,1.0,0.0],
          [-0.780732,0.0,0.624864],
          [-1739.12,91.439,-11331.7]
        ],
        "unit_class": "dummy_immortal",
        "objLayer": 2,
        "closed_waypoints": false,
        "isShipSpline": false,
        "shipTurnRadius": 100.0,
        "weapons": "",
        "bullets0": "",
        "bullets1": "",
        "bullets2": "",
        "bullets3": "",
        "bulletsCount0": 0,
        "bulletsCount1": 0,
        "bulletsCount2": 0,
        "bulletsCount3": 0,
        "crewSkillK": 0.0,
        "props": {
          "army": 2,
          "count": 1,
          "formation_type": "rows",
          "formation_div": 3,
          "formation_step": [2.5,2.0],
          "formation_noise": [0.1,0.1],
          "uniqueName": "",
          "attack_type": "fire_at_will",
          "isDelayed": false,
          "stealthRadius": 0.0,
          "setStealth": true,
          "targetableByAi": false
        },
        "way": []
      }
    },
    {
      "structures": {
        "name": "bdt_t2_bomb_zone_02_bomb_target",
        "tm": [
          [0.965039,0.0,0.262114],
          [0.0,1.0,0.0],
          [-0.262114,0.0,0.965039],
          [7033.25,232.98,-10374.9]
        ],
        "unit_class": "dummy_immortal",
        "objLayer": 2,
        "closed_waypoints": false,
        "isShipSpline": false,
        "shipTurnRadius": 100.0,
        "weapons": "",
        "bullets0": "",
        "bullets1": "",
        "bullets2": "",
        "bullets3": "",
        "bulletsCount0": 0,
        "bulletsCount1": 0,
        "bulletsCount2": 0,
        "bulletsCount3": 0,
        "crewSkillK": 0.0,
        "props": {
          "army": 2,
          "count": 1,
          "formation_type": "rows",
          "formation_div": 3,
          "formation_step": [2.5,2.0],
          "formation_noise": [0.1,0.1],
          "uniqueName": "",
          "attack_type": "fire_at_will",
          "isDelayed": false,
          "stealthRadius": 0.0,
          "setStealth": true,
          "targetableByAi": false
        },
        "way": []
      }
    },
    {
      "structures": {
        "name": "bdt_t2_bomb_zone_03_bomb_target",
        "tm": [
          [-0.502954,0.0,0.864315],
          [0.0,1.0,0.0],
          [-0.864315,0.0,-0.502954],
          [9440.6,182.248,-9563.97]
        ],
        "unit_class": "dummy_immortal",
        "objLayer": 2,
        "closed_waypoints": false,
        "isShipSpline": false,
        "shipTurnRadius": 100.0,
        "weapons": "",
        "bullets0": "",
        "bullets1": "",
        "bullets2": "",
        "bullets3": "",
        "bulletsCount0": 0,
        "bulletsCount1": 0,
        "bulletsCount2": 0,
        "bulletsCount3": 0,
        "crewSkillK": 0.0,
        "props": {
          "army": 2,
          "count": 1,
          "formation_type": "rows",
          "formation_div": 3,
          "formation_step": [2.5,2.0],
          "formation_noise": [0.1,0.1],
          "uniqueName": "",
          "attack_type": "fire_at_will",
          "isDelayed": false,
          "stealthRadius": 0.0,
          "setStealth": true,
          "targetableByAi": false
        },
        "way": []
      }
    },
    {
      "structures": {
        "name": "bdt_t2_bomb_zone_04_bomb_target",
        "tm": [
          [0.0640469,0.0,0.997946],
          [0.0,1.0,0.0],
          [-0.997946,0.0,0.0640469],
          [-3746.03,174.329,-8976.14]
        ],
        "unit_class": "dummy_immortal",
        "objLayer": 2,
        "closed_waypoints": false,
        "isShipSpline": false,
        "shipTurnRadius": 100.0,
        "weapons": "",
        "bullets0": "",
        "bullets1": "",
        "bullets2": "",
        "bullets3": "",
        "bulletsCount0": 0,
        "bulletsCount1": 0,
        "bulletsCount2": 0,
        "bulletsCount3": 0,
        "crewSkillK": 0.0,
        "props": {
          "army": 2,
          "count": 1,
          "formation_type": "rows",
          "formation_div": 3,
          "formation_step": [2.5,2.0],
          "formation_noise": [0.1,0.1],
          "uniqueName": "",
          "attack_type": "fire_at_will",
          "isDelayed": false,
          "stealthRadius": 0.0,
          "setStealth": true,
          "targetableByAi": false
        },
        "way": []
      }
    },
    {
      "structures": {
        "name": "bdt_t1_bomb_zone_01_bomb_target",
        "tm": [
          [0.228657,0.0,0.973506],
          [0.0,1.0,0.0],
          [-0.973506,0.0,0.228657],
          [-2814.52,176.86,3864.5]
        ],
        "unit_class": "dummy_immortal",
        "objLayer": 2,
        "closed_waypoints": false,
        "isShipSpline": false,
        "shipTurnRadius": 100.0,
        "weapons": "",
        "bullets0": "",
        "bullets1": "",
        "bullets2": "",
        "bullets3": "",
        "bulletsCount0": 0,
        "bulletsCount1": 0,
        "bulletsCount2": 0,
        "bulletsCount3": 0,
        "crewSkillK": 0.0,
        "props": {
          "army": 1,
          "count": 1,
          "formation_type": "rows",
          "formation_div": 3,
          "formation_step": [2.5,2.0],
          "formation_noise": [0.1,0.1],
          "uniqueName": "",
          "attack_type": "fire_at_will",
          "stealthRadius": 0.0,
          "setStealth": true,
          "targetableByAi": false
        },
        "way": []
      }
    },
    {
      "structures": {
        "name": "bdt_t1_bomb_zone_02_bomb_target",
        "tm": [
          [-0.489108,0.0,0.872222],
          [0.0,1.0,0.0],
          [-0.872222,0.0,-0.489108],
          [637.837,95.2333,4027.1]
        ],
        "unit_class": "dummy_immortal",
        "objLayer": 2,
        "closed_waypoints": false,
        "isShipSpline": false,
        "shipTurnRadius": 100.0,
        "weapons": "",
        "bullets0": "",
        "bullets1": "",
        "bullets2": "",
        "bullets3": "",
        "bulletsCount0": 0,
        "bulletsCount1": 0,
        "bulletsCount2": 0,
        "bulletsCount3": 0,
        "crewSkillK": 0.0,
        "props": {
          "army": 1,
          "count": 1,
          "formation_type": "rows",
          "formation_div": 3,
          "formation_step": [2.5,2.0],
          "formation_noise": [0.1,0.1],
          "uniqueName": "",
          "attack_type": "fire_at_will",
          "stealthRadius": 0.0,
          "setStealth": true,
          "targetableByAi": false
        },
        "way": []
      }
    },
    {
      "structures": {
        "name": "bdt_t1_bomb_zone_03_bomb_target",
        "tm": [
          [-0.577583,0.0,0.816332],
          [0.0,1.0,0.0],
          [-0.816332,0.0,-0.577583],
          [7263.44,175.965,750.1]
        ],
        "unit_class": "dummy_immortal",
        "objLayer": 2,
        "closed_waypoints": false,
        "isShipSpline": false,
        "shipTurnRadius": 100.0,
        "weapons": "",
        "bullets0": "",
        "bullets1": "",
        "bullets2": "",
        "bullets3": "",
        "bulletsCount0": 0,
        "bulletsCount1": 0,
        "bulletsCount2": 0,
        "bulletsCount3": 0,
        "crewSkillK": 0.0,
        "props": {
          "army": 1,
          "count": 1,
          "formation_type": "rows",
          "formation_div": 3,
          "formation_step": [2.5,2.0],
          "formation_noise": [0.1,0.1],
          "uniqueName": "",
          "attack_type": "fire_at_will",
          "stealthRadius": 0.0,
          "setStealth": true,
          "targetableByAi": false
        },
        "way": []
      }
    },
    {
      "structures": {
        "name": "bdt_t1_bomb_zone_04_bomb_target",
        "tm": [
          [-0.255332,0.0,0.966853],
          [0.0,1.0,0.0],
          [-0.966853,0.0,-0.255332],
          [9478.77,174.918,-2336.61]
        ],
        "unit_class": "dummy_immortal",
        "objLayer": 2,
        "closed_waypoints": false,
        "isShipSpline": false,
        "shipTurnRadius": 100.0,
        "weapons": "",
        "bullets0": "",
        "bullets1": "",
        "bullets2": "",
        "bullets3": "",
        "bulletsCount0": 0,
        "bulletsCount1": 0,
        "bulletsCount2": 0,
        "bulletsCount3": 0,
        "crewSkillK": 0.0,
        "props": {
          "army": 1,
          "count": 1,
          "formation_type": "rows",
          "formation_div": 3,
          "formation_step": [2.5,2.0],
          "formation_noise": [0.1,0.1],
          "uniqueName": "",
          "attack_type": "fire_at_will",
          "stealthRadius": 0.0,
          "setStealth": true,
          "targetableByAi": false
        },
        "way": []
      }
    },
    {
      "squad": {
        "name": "bdt_t1_targets_squad",
        "tm": [
          [-0.354165,0.0,0.935183],
          [0.0,1.0,0.0],
          [-0.935183,0.0,-0.354165],
          [3547.35,99.743,4935.9]
        ],
        "props": [
          {
            "object_marking": 0
          },
          {
            "squad_members": "bdt_t2_bomb_zone_01_bomb_target"
          },
          {
            "squad_members": "bdt_t2_bomb_zone_02_bomb_target"
          },
          {
            "squad_members": "bdt_t2_bomb_zone_03_bomb_target"
          },
          {
            "squad_members": "bdt_t2_bomb_zone_04_bomb_target"
          },
          {
            "squad_members": "bdt_t2_bomb_zone_05_bomb_target"
          }
        ]
      }
    },
    {
      "squad": {
        "name": "bdt_t2_targets_squad",
        "tm": [
          [0.0821453,0.0,0.996619],
          [0.0,1.0,0.0],
          [-0.996619,0.0,0.0821453],
          [1060.75,98.5945,-13001.5]
        ],
        "props": [
          {
            "object_marking": 0
          },
          {
            "squad_members": "bdt_t2_bomb_zone_01_bomb_target"
          },
          {
            "squad_members": "bdt_t2_bomb_zone_02_bomb_target"
          },
          {
            "squad_members": "bdt_t2_bomb_zone_03_bomb_target"
          },
          {
            "squad_members": "bdt_t2_bomb_zone_04_bomb_target"
          },
          {
            "squad_members": "bdt_t2_bomb_zone_05_bomb_target"
          },
          {
            "squad_members": "bdt_t2_bomb_zone_06_bomb_target"
          },
          {
            "squad_members": "bdt_t2_bomb_zone_07_bomb_target"
          },
          {
            "squad_members": "bdt_t2_bomb_zone_08_bomb_target"
          },
          {
            "squad_members": "bdt_t2_bomb_zone_09_bomb_target"
          },
          {
            "squad_members": "bdt_t2_bomb_zone_10_bomb_target"
          }
        ]
      }
    },
    {
      "air_defence": {
        "name": "bdt_t2_aaa",
        "tm": [
          [0.860048,0.0,-0.510213],
          [0.0,1.0,0.0],
          [0.510213,0.0,0.860048],
          [-8374.43,145.794,-8323.33]
        ],
        "unit_class": "germ_88mm_flak36",
        "objLayer": 1,
        "closed_waypoints": false,
        "isShipSpline": false,
        "shipTurnRadius": 100.0,
        "weapons": "",
        "bullets0": "",
        "bullets1": "",
        "bullets2": "",
        "bullets3": "",
        "bulletsCount0": 0,
        "bulletsCount1": 0,
        "bulletsCount2": 0,
        "bulletsCount3": 0,
        "crewSkillK": 0.0,
        "props": {
          "army": 2,
          "count": 16,
          "formation_type": "rows",
          "formation_div": 3,
          "formation_step": [2.5,2.0],
          "formation_noise": [0.1,0.1],
          "uniqueName": "",
          "attack_type": "fire_at_will",
          "isDelayed": true,
          "stealthRadius": 0.0,
          "setStealth": true,
          "calmDetection": true,
          "targetableByAi": false
        },
        "way": []
      }
    },
    {
      "air_defence": {
        "name": "bdt_t1_aaa",
        "tm": [
          [0.860048,0.0,-0.510213],
          [0.0,1.0,0.0],
          [0.510213,0.0,0.860048],
          [-7201.88,145.794,-9018.97]
        ],
        "unit_class": "ussr_85mm_52k",
        "objLayer": 1,
        "closed_waypoints": false,
        "isShipSpline": false,
        "shipTurnRadius": 100.0,
        "weapons": "",
        "bullets0": "",
        "bullets1": "",
        "bullets2": "",
        "bullets3": "",
        "bulletsCount0": 0,
        "bulletsCount1": 0,
        "bulletsCount2": 0,
        "bulletsCount3": 0,
        "crewSkillK": 0.0,
        "props": {
          "army": 1,
          "count": 16,
          "formation_type": "rows",
          "formation_div": 3,
          "formation_step": [2.5,2.0],
          "formation_noise": [0.1,0.1],
          "uniqueName": "",
          "attack_type": "fire_at_will",
          "isDelayed": true,
          "stealthRadius": 0.0,
          "setStealth": true,
          "calmDetection": true,
          "targetableByAi": false
        },
        "way": []
      }
    },
    {
      "squad": {
        "name": "bdt_t2_aaa_squad",
        "tm": [
          [0.860048,0.0,-0.510213],
          [0.0,1.0,0.0],
          [0.510213,0.0,0.860048],
          [-8091.66,145.794,-10478.0]
        ],
        "props": {
          "object_marking": 0,
          "squad_members": "bdt_t2_aaa"
        }
      }
    },
    {
      "squad": {
        "name": "bdt_t1_aaa_squad",
        "tm": [
          [0.860048,0.0,-0.510213],
          [0.0,1.0,0.0],
          [0.510213,0.0,0.860048],
          [-6580.72,145.794,-11119.8]
        ],
        "props": {
          "object_marking": 0,
          "squad_members": "bdt_t1_aaa"
        }
      }
    },
    {
      "structures": {
        "name": "bdt_t1_bomb_zone_05_bomb_target",
        "tm": [
          [-0.255332,0.0,0.966853],
          [0.0,1.0,0.0],
          [-0.966853,0.0,-0.255332],
          [10896.0,181.228,-817.6]
        ],
        "unit_class": "dummy_immortal",
        "objLayer": 2,
        "closed_waypoints": false,
        "isShipSpline": false,
        "shipTurnRadius": 100.0,
        "weapons": "",
        "bullets0": "",
        "bullets1": "",
        "bullets2": "",
        "bullets3": "",
        "bulletsCount0": 0,
        "bulletsCount1": 0,
        "bulletsCount2": 0,
        "bulletsCount3": 0,
        "crewSkillK": 0.0,
        "props": {
          "army": 1,
          "count": 1,
          "formation_type": "rows",
          "formation_div": 3,
          "formation_step": [2.5,2.0],
          "formation_noise": [0.1,0.1],
          "uniqueName": "",
          "attack_type": "fire_at_will",
          "stealthRadius": 0.0,
          "setStealth": true,
          "targetableByAi": false
        },
        "way": []
      }
    },
    {
      "objectGroups": {
        "name": "bdt_t1_bomb_object_05",
        "tm": [
          [-0.255332,0.0,0.966853],
          [0.0,1.0,0.0],
          [-0.966853,0.0,-0.255332],
          [10896.0,181.228,-817.6]
        ],
        "unit_class": "dynBase_military_base_square",
        "objLayer": 2,
        "props": {
          "army": 1,
          "active": false
        }
      }
    },
    {
      "structures": {
        "name": "bdt_t1_bomb_zone_06_bomb_target",
        "tm": [
          [-0.255332,0.0,0.966853],
          [0.0,1.0,0.0],
          [-0.966853,0.0,-0.255332],
          [9106.2,124.293,1377.13]
        ],
        "unit_class": "dummy_immortal",
        "objLayer": 2,
        "closed_waypoints": false,
        "isShipSpline": false,
        "shipTurnRadius": 100.0,
        "weapons": "",
        "bullets0": "",
        "bullets1": "",
        "bullets2": "",
        "bullets3": "",
        "bulletsCount0": 0,
        "bulletsCount1": 0,
        "bulletsCount2": 0,
        "bulletsCount3": 0,
        "crewSkillK": 0.0,
        "props": {
          "army": 1,
          "count": 1,
          "formation_type": "rows",
          "formation_div": 3,
          "formation_step": [2.5,2.0],
          "formation_noise": [0.1,0.1],
          "uniqueName": "",
          "attack_type": "fire_at_will",
          "stealthRadius": 0.0,
          "setStealth": true,
          "targetableByAi": false
        },
        "way": []
      }
    },
    {
      "objectGroups": {
        "name": "bdt_t1_bomb_object_06",
        "tm": [
          [-0.255332,0.0,0.966853],
          [0.0,1.0,0.0],
          [-0.966853,0.0,-0.255332],
          [9106.2,124.293,1377.13]
        ],
        "unit_class": "dynBase_oil_storage_large_square",
        "objLayer": 2,
        "props": {
          "army": 1,
          "active": false
        }
      }
    },
    {
      "structures": {
        "name": "bdt_t1_bomb_zone_07_bomb_target",
        "tm": [
          [-0.255332,0.0,0.966853],
          [0.0,1.0,0.0],
          [-0.966853,0.0,-0.255332],
          [7176.6,191.289,2811.14]
        ],
        "unit_class": "dummy_immortal",
        "objLayer": 2,
        "closed_waypoints": false,
        "isShipSpline": false,
        "shipTurnRadius": 100.0,
        "weapons": "",
        "bullets0": "",
        "bullets1": "",
        "bullets2": "",
        "bullets3": "",
        "bulletsCount0": 0,
        "bulletsCount1": 0,
        "bulletsCount2": 0,
        "bulletsCount3": 0,
        "crewSkillK": 0.0,
        "props": {
          "army": 1,
          "count": 1,
          "formation_type": "rows",
          "formation_div": 3,
          "formation_step": [2.5,2.0],
          "formation_noise": [0.1,0.1],
          "uniqueName": "",
          "attack_type": "fire_at_will",
          "stealthRadius": 0.0,
          "setStealth": true,
          "targetableByAi": false
        },
        "way": []
      }
    },
    {
      "objectGroups": {
        "name": "bdt_t1_bomb_object_07",
        "tm": [
          [-0.255332,0.0,0.966853],
          [0.0,1.0,0.0],
          [-0.966853,0.0,-0.255332],
          [7176.6,191.289,2811.14]
        ],
        "unit_class": "dynBase_oil_storage_large_square",
        "objLayer": 2,
        "props": {
          "army": 1,
          "active": false
        }
      }
    },
    {
      "objectGroups": {
        "name": "bdt_t1_bomb_object_08",
        "tm": [
          [0.228657,0.0,0.973506],
          [0.0,1.0,0.0],
          [-0.973506,0.0,0.228657],
          [-3627.62,167.957,2361.2]
        ],
        "unit_class": "dynBase_small_factory_square",
        "objLayer": 2,
        "props": {
          "army": 1,
          "active": true
        }
      }
    },
    {
      "structures": {
        "name": "bdt_t1_bomb_zone_08_bomb_target",
        "tm": [
          [0.228657,0.0,0.973506],
          [0.0,1.0,0.0],
          [-0.973506,0.0,0.228657],
          [-3627.62,167.957,2361.2]
        ],
        "unit_class": "dummy_immortal",
        "objLayer": 2,
        "closed_waypoints": false,
        "isShipSpline": false,
        "shipTurnRadius": 100.0,
        "weapons": "",
        "bullets0": "",
        "bullets1": "",
        "bullets2": "",
        "bullets3": "",
        "bulletsCount0": 0,
        "bulletsCount1": 0,
        "bulletsCount2": 0,
        "bulletsCount3": 0,
        "crewSkillK": 0.0,
        "props": {
          "army": 1,
          "count": 1,
          "formation_type": "rows",
          "formation_div": 3,
          "formation_step": [2.5,2.0],
          "formation_noise": [0.1,0.1],
          "uniqueName": "",
          "attack_type": "fire_at_will",
          "stealthRadius": 0.0,
          "setStealth": true,
          "targetableByAi": false
        },
        "way": []
      }
    },
    {
      "objectGroups": {
        "name": "bdt_t1_bomb_object_09",
        "tm": [
          [0.228657,0.0,0.973506],
          [0.0,1.0,0.0],
          [-0.973506,0.0,0.228657],
          [-1186.75,132.519,3572.07]
        ],
        "unit_class": "dynBase_hq_camp_square",
        "objLayer": 2,
        "props": {
          "army": 1,
          "active": true
        }
      }
    },
    {
      "structures": {
        "name": "bdt_t1_bomb_zone_09_bomb_target",
        "tm": [
          [0.228657,0.0,0.973506],
          [0.0,1.0,0.0],
          [-0.973506,0.0,0.228657],
          [-1186.75,132.519,3572.07]
        ],
        "unit_class": "dummy_immortal",
        "objLayer": 2,
        "closed_waypoints": false,
        "isShipSpline": false,
        "shipTurnRadius": 100.0,
        "weapons": "",
        "bullets0": "",
        "bullets1": "",
        "bullets2": "",
        "bullets3": "",
        "bulletsCount0": 0,
        "bulletsCount1": 0,
        "bulletsCount2": 0,
        "bulletsCount3": 0,
        "crewSkillK": 0.0,
        "props": {
          "army": 1,
          "count": 1,
          "formation_type": "rows",
          "formation_div": 3,
          "formation_step": [2.5,2.0],
          "formation_noise": [0.1,0.1],
          "uniqueName": "",
          "attack_type": "fire_at_will",
          "stealthRadius": 0.0,
          "setStealth": true,
          "targetableByAi": false
        },
        "way": []
      }
    },
    {
      "structures": {
        "name": "bdt_t1_bomb_zone_10_bomb_target",
        "tm": [
          [0.228657,0.0,0.973506],
          [0.0,1.0,0.0],
          [-0.973506,0.0,0.228657],
          [466.666,103.44,5240.7]
        ],
        "unit_class": "dummy_immortal",
        "objLayer": 2,
        "closed_waypoints": false,
        "isShipSpline": false,
        "shipTurnRadius": 100.0,
        "weapons": "",
        "bullets0": "",
        "bullets1": "",
        "bullets2": "",
        "bullets3": "",
        "bulletsCount0": 0,
        "bulletsCount1": 0,
        "bulletsCount2": 0,
        "bulletsCount3": 0,
        "crewSkillK": 0.0,
        "props": {
          "army": 1,
          "count": 1,
          "formation_type": "rows",
          "formation_div": 3,
          "formation_step": [2.5,2.0],
          "formation_noise": [0.1,0.1],
          "uniqueName": "",
          "attack_type": "fire_at_will",
          "stealthRadius": 0.0,
          "setStealth": true,
          "targetableByAi": false
        },
        "way": []
      }
    },
    {
      "objectGroups": {
        "name": "bdt_t1_bomb_object_10",
        "tm": [
          [0.228657,0.0,0.973506],
          [0.0,1.0,0.0],
          [-0.973506,0.0,0.228657],
          [466.666,103.44,5240.7]
        ],
        "unit_class": "dynBase_petrol_camp_square",
        "objLayer": 2,
        "props": {
          "army": 1,
          "active": true
        }
      }
    },
    {
      "objectGroups": {
        "name": "bdt_t2_bomb_object_05",
        "tm": [
          [0.0640469,0.0,0.997946],
          [0.0,1.0,0.0],
          [-0.997946,0.0,0.0640469],
          [-6665.47,149.517,-8743.46]
        ],
        "unit_class": "dynBase_petrol_camp_square",
        "objLayer": 2,
        "props": {
          "army": 2,
          "active": true
        }
      }
    },
    {
      "structures": {
        "name": "bdt_t2_bomb_zone_05_bomb_target",
        "tm": [
          [0.0640469,0.0,0.997946],
          [0.0,1.0,0.0],
          [-0.997946,0.0,0.0640469],
          [-6665.47,149.517,-8743.46]
        ],
        "unit_class": "dummy_immortal",
        "objLayer": 2,
        "closed_waypoints": false,
        "isShipSpline": false,
        "shipTurnRadius": 100.0,
        "weapons": "",
        "bullets0": "",
        "bullets1": "",
        "bullets2": "",
        "bullets3": "",
        "bulletsCount0": 0,
        "bulletsCount1": 0,
        "bulletsCount2": 0,
        "bulletsCount3": 0,
        "crewSkillK": 0.0,
        "props": {
          "army": 2,
          "count": 1,
          "formation_type": "rows",
          "formation_div": 3,
          "formation_step": [2.5,2.0],
          "formation_noise": [0.1,0.1],
          "uniqueName": "",
          "attack_type": "fire_at_will",
          "isDelayed": false,
          "stealthRadius": 0.0,
          "setStealth": true,
          "targetableByAi": false
        },
        "way": []
      }
    },
    {
      "objectGroups": {
        "name": "bdt_t2_bomb_object_06",
        "tm": [
          [-0.411761,0.0,0.911292],
          [0.0,1.0,0.0],
          [-0.911292,0.0,-0.411761],
          [-4343.67,134.692,-11661.2]
        ],
        "unit_class": "dynBase_military_base_square",
        "objLayer": 2,
        "props": {
          "army": 2,
          "active": true
        }
      }
    },
    {
      "structures": {
        "name": "bdt_t2_bomb_zone_06_bomb_target",
        "tm": [
          [-0.411761,0.0,0.911292],
          [0.0,1.0,0.0],
          [-0.911292,0.0,-0.411761],
          [-4343.67,134.692,-11661.2]
        ],
        "unit_class": "dummy_immortal",
        "objLayer": 2,
        "closed_waypoints": false,
        "isShipSpline": false,
        "shipTurnRadius": 100.0,
        "weapons": "",
        "bullets0": "",
        "bullets1": "",
        "bullets2": "",
        "bullets3": "",
        "bulletsCount0": 0,
        "bulletsCount1": 0,
        "bulletsCount2": 0,
        "bulletsCount3": 0,
        "crewSkillK": 0.0,
        "props": {
          "army": 2,
          "count": 1,
          "formation_type": "rows",
          "formation_div": 3,
          "formation_step": [2.5,2.0],
          "formation_noise": [0.1,0.1],
          "uniqueName": "",
          "attack_type": "fire_at_will",
          "isDelayed": false,
          "stealthRadius": 0.0,
          "setStealth": true,
          "targetableByAi": false
        },
        "way": []
      }
    },
    {
      "objectGroups": {
        "name": "bdt_t2_bomb_object_07",
        "tm": [
          [0.0640469,0.0,0.997946],
          [0.0,1.0,0.0],
          [-0.997946,0.0,0.0640469],
          [-3541.95,68.0976,-13220.7]
        ],
        "unit_class": "dynBase_fuel_storage_square",
        "objLayer": 2,
        "props": {
          "army": 2,
          "active": true
        }
      }
    },
    {
      "structures": {
        "name": "bdt_t2_bomb_zone_07_bomb_target",
        "tm": [
          [0.0640469,0.0,0.997946],
          [0.0,1.0,0.0],
          [-0.997946,0.0,0.0640469],
          [-3541.95,68.0975,-13220.7]
        ],
        "unit_class": "dummy_immortal",
        "objLayer": 2,
        "closed_waypoints": false,
        "isShipSpline": false,
        "shipTurnRadius": 100.0,
        "weapons": "",
        "bullets0": "",
        "bullets1": "",
        "bullets2": "",
        "bullets3": "",
        "bulletsCount0": 0,
        "bulletsCount1": 0,
        "bulletsCount2": 0,
        "bulletsCount3": 0,
        "crewSkillK": 0.0,
        "props": {
          "army": 2,
          "count": 1,
          "formation_type": "rows",
          "formation_div": 3,
          "formation_step": [2.5,2.0],
          "formation_noise": [0.1,0.1],
          "uniqueName": "",
          "attack_type": "fire_at_will",
          "isDelayed": false,
          "stealthRadius": 0.0,
          "setStealth": true,
          "targetableByAi": false
        },
        "way": []
      }
    },
    {
      "objectGroups": {
        "name": "bdt_t2_bomb_object_08",
        "tm": [
          [-0.502954,0.0,0.864315],
          [0.0,1.0,0.0],
          [-0.864315,0.0,-0.502954],
          [11934.3,0.0,-9044.53]
        ],
        "unit_class": "dynBase_ammunition_storage_square",
        "objLayer": 2,
        "props": {
          "army": 2,
          "active": true
        }
      }
    },
    {
      "structures": {
        "name": "bdt_t2_bomb_zone_08_bomb_target",
        "tm": [
          [-0.502954,0.0,0.864315],
          [0.0,1.0,0.0],
          [-0.864315,0.0,-0.502954],
          [11934.3,0.0,-9044.53]
        ],
        "unit_class": "dummy_immortal",
        "objLayer": 2,
        "closed_waypoints": false,
        "isShipSpline": false,
        "shipTurnRadius": 100.0,
        "weapons": "",
        "bullets0": "",
        "bullets1": "",
        "bullets2": "",
        "bullets3": "",
        "bulletsCount0": 0,
        "bulletsCount1": 0,
        "bulletsCount2": 0,
        "bulletsCount3": 0,
        "crewSkillK": 0.0,
        "props": {
          "army": 2,
          "count": 1,
          "formation_type": "rows",
          "formation_div": 3,
          "formation_step": [2.5,2.0],
          "formation_noise": [0.1,0.1],
          "uniqueName": "",
          "attack_type": "fire_at_will",
          "isDelayed": false,
          "stealthRadius": 0.0,
          "setStealth": true,
          "targetableByAi": false
        },
        "way": []
      }
    },
    {
      "objectGroups": {
        "name": "bdt_t2_bomb_object_09",
        "tm": [
          [-0.502954,0.0,0.864315],
          [0.0,1.0,0.0],
          [-0.864315,0.0,-0.502954],
          [8014.94,204.234,-11653.3]
        ],
        "unit_class": "dynBase_field_camp_square",
        "objLayer": 2,
        "props": {
          "army": 2,
          "active": true
        }
      }
    },
    {
      "structures": {
        "name": "bdt_t2_bomb_zone_09_bomb_target",
        "tm": [
          [-0.502954,0.0,0.864315],
          [0.0,1.0,0.0],
          [-0.864315,0.0,-0.502954],
          [8014.94,204.234,-11653.3]
        ],
        "unit_class": "dummy_immortal",
        "objLayer": 2,
        "closed_waypoints": false,
        "isShipSpline": false,
        "shipTurnRadius": 100.0,
        "weapons": "",
        "bullets0": "",
        "bullets1": "",
        "bullets2": "",
        "bullets3": "",
        "bulletsCount0": 0,
        "bulletsCount1": 0,
        "bulletsCount2": 0,
        "bulletsCount3": 0,
        "crewSkillK": 0.0,
        "props": {
          "army": 2,
          "count": 1,
          "formation_type": "rows",
          "formation_div": 3,
          "formation_step": [2.5,2.0],
          "formation_noise": [0.1,0.1],
          "uniqueName": "",
          "attack_type": "fire_at_will",
          "isDelayed": false,
          "stealthRadius": 0.0,
          "setStealth": true,
          "targetableByAi": false
        },
        "way": []
      }
    },
    {
      "objectGroups": {
        "name": "bdt_t2_bomb_object_10",
        "tm": [
          [-0.502954,0.0,0.864315],
          [0.0,1.0,0.0],
          [-0.864315,0.0,-0.502954],
          [6186.55,192.001,-12196.7]
        ],
        "unit_class": "dynBase_oil_storage_small_square",
        "objLayer": 2,
        "props": {
          "army": 2,
          "active": true
        }
      }
    },
    {
      "structures": {
        "name": "bdt_t2_bomb_zone_10_bomb_target",
        "tm": [
          [-0.502954,0.0,0.864315],
          [0.0,1.0,0.0],
          [-0.864315,0.0,-0.502954],
          [6186.55,192.001,-12196.7]
        ],
        "unit_class": "dummy_immortal",
        "objLayer": 2,
        "closed_waypoints": false,
        "isShipSpline": false,
        "shipTurnRadius": 100.0,
        "weapons": "",
        "bullets0": "",
        "bullets1": "",
        "bullets2": "",
        "bullets3": "",
        "bulletsCount0": 0,
        "bulletsCount1": 0,
        "bulletsCount2": 0,
        "bulletsCount3": 0,
        "crewSkillK": 0.0,
        "props": {
          "army": 2,
          "count": 1,
          "formation_type": "rows",
          "formation_div": 3,
          "formation_step": [2.5,2.0],
          "formation_noise": [0.1,0.1],
          "uniqueName": "",
          "attack_type": "fire_at_will",
          "isDelayed": false,
          "stealthRadius": 0.0,
          "setStealth": true,
          "targetableByAi": false
        },
        "way": []
      }
    }
  ],
  "areas": {
    "bdt_t2_bomb_zone_01": {
      "type": "Sphere",
      "tm": [
        [281.189,0.0,351.331],
        [0.0,450.0,0.0],
        [-351.331,0.0,281.189],
        [-1735.39,90.6553,-11337.8]
      ],
      "objLayer": 0,
      "props": []
    },
    "bdt_t2_bomb_zone_02": {
      "type": "Sphere",
      "tm": [
        [240.489,0.0,380.35],
        [0.0,450.0,0.0],
        [-380.35,0.0,240.489],
        [7021.87,238.224,-10356.5]
      ],
      "objLayer": 0,
      "props": []
    },
    "bdt_t2_bomb_zone_03": {
      "type": "Sphere",
      "tm": [
        [-226.328,0.0,388.942],
        [0.0,450.0,0.0],
        [-388.942,0.0,-226.328],
        [9436.08,182.548,-9572.67]
      ],
      "objLayer": 0,
      "props": []
    },
    "bdt_t1_bomb_zone_01": {
      "type": "Sphere",
      "tm": [
        [102.896,0.0,438.078],
        [0.0,450.0,0.0],
        [-438.078,0.0,102.896],
        [-2814.71,176.764,3877.2]
      ],
      "objLayer": 0,
      "props": []
    },
    "bdt_t1_bomb_zone_02": {
      "type": "Sphere",
      "tm": [
        [-129.929,0.0,430.835],
        [0.0,450.0,0.0],
        [-430.835,0.0,-129.929],
        [634.606,94.8571,4030.6]
      ],
      "objLayer": 0,
      "props": []
    },
    "bdt_t1_bomb_zone_03": {
      "type": "Sphere",
      "tm": [
        [-100.573,0.0,438.617],
        [0.0,450.0,0.0],
        [-438.617,0.0,-100.573],
        [7261.61,176.172,755.5]
      ],
      "objLayer": 0,
      "props": []
    },
    "bdt_t2_bomb_zone_04": {
      "type": "Sphere",
      "tm": [
        [28.8213,0.0,449.075],
        [0.0,450.0,0.0],
        [-449.075,0.0,28.8213],
        [-3743.63,174.2,-8968.56]
      ],
      "objLayer": 0,
      "props": []
    },
    "bdt_t1_bomb_zone_04": {
      "type": "Sphere",
      "tm": [
        [-100.573,0.0,438.617],
        [0.0,450.0,0.0],
        [-438.617,0.0,-100.573],
        [9473.1,172.953,-2337.64]
      ],
      "objLayer": 0,
      "props": []
    },
    "bdt_t2_bomb_zone_01_aaa_point_01": {
      "type": "Point",
      "tm": [
        [0.0821453,0.0,0.996619],
        [0.0,1.0,0.0],
        [-0.996619,0.0,0.0821453],
        [-1510.08,61.631,-11329.4]
      ],
      "objLayer": 0,
      "props": []
    },
    "bdt_t2_bomb_zone_01_aaa_point_02": {
      "type": "Point",
      "tm": [
        [0.0821453,0.0,0.996619],
        [0.0,1.0,0.0],
        [-0.996619,0.0,0.0821453],
        [-1789.27,98.767,-11655.9]
      ],
      "objLayer": 0,
      "props": []
    },
    "bdt_t2_bomb_zone_01_aaa_point_03": {
      "type": "Point",
      "tm": [
        [0.0821453,0.0,0.996619],
        [0.0,1.0,0.0],
        [-0.996619,0.0,0.0821453],
        [-1600.72,101.519,-10936.3]
      ],
      "objLayer": 0,
      "props": []
    },
    "bdt_t2_bomb_zone_01_aaa_point_04": {
      "type": "Point",
      "tm": [
        [0.0821453,0.0,0.996619],
        [0.0,1.0,0.0],
        [-0.996619,0.0,0.0821453],
        [-1994.13,108.422,-10948.5]
      ],
      "objLayer": 0,
      "props": []
    },
    "bdt_t2_bomb_zone_02_aaa_point_01": {
      "type": "Point",
      "tm": [
        [-0.0288967,0.0,0.999581],
        [0.0,1.0,0.0],
        [-0.999581,0.0,-0.0288967],
        [7176.92,235.827,-10550.8]
      ],
      "objLayer": 0,
      "props": []
    },
    "bdt_t2_bomb_zone_02_aaa_point_02": {
      "type": "Point",
      "tm": [
        [-0.0288967,0.0,0.999581],
        [0.0,1.0,0.0],
        [-0.999581,0.0,-0.0288967],
        [6699.41,223.747,-10300.6]
      ],
      "objLayer": 0,
      "props": []
    },
    "bdt_t2_bomb_zone_02_aaa_point_03": {
      "type": "Point",
      "tm": [
        [-0.0288967,0.0,0.999581],
        [0.0,1.0,0.0],
        [-0.999581,0.0,-0.0288967],
        [6919.85,235.737,-10616.8]
      ],
      "objLayer": 0,
      "props": []
    },
    "bdt_t2_bomb_zone_02_aaa_point_04": {
      "type": "Point",
      "tm": [
        [-0.0288967,0.0,0.999581],
        [0.0,1.0,0.0],
        [-0.999581,0.0,-0.0288967],
        [7054.43,257.953,-10129.5]
      ],
      "objLayer": 0,
      "props": []
    },
    "bdt_t2_bomb_zone_03_aaa_point_01": {
      "type": "Point",
      "tm": [
        [-0.0288967,0.0,0.999581],
        [0.0,1.0,0.0],
        [-0.999581,0.0,-0.0288967],
