{
  "entity": [
    {
      "_template": "ai_recons_manager",
      "recons__sceneName": "entities/cta_humans/almassa_infdom_entities"
    },
    {
      "_template": "scene_placed_portable_explosives_box_item+item_in_world",
      "transform": [
        [
          -0.993728,
          0.0,
          -0.111825
        ],
        [
          0.0,
          1.0,
          0.0
        ],
        [
          0.111825,
          0.0,
          -0.993728
        ],
        [
          200.35,
          12.1329,
          -147.821
        ]
      ]
    },
    {
      "_template": "scene_placed_portable_ammunition_box_item+item_in_world",
      "transform": [
        [
          -0.986235,
          0.0,
          -0.165347
        ],
        [
          0.0,
          1.0,
          0.0
        ],
        [
          0.165347,
          0.0,
          -0.986235
        ],
        [
          200.571,
          12.1308,
          -149.118
        ]
      ]
    },
    {
      "_template": "scene_placed_portable_ammunition_box_item+item_in_world",
      "transform": [
        [
          0.159372,
          0.0,
          0.987219
        ],
        [
          0.0,
          1.0,
          0.0
        ],
        [
          -0.987219,
          0.0,
          0.159372
        ],
        [
          53.5818,
          8.85968,
          -104.143
        ]
      ]
    },
    {
      "_template": "scene_placed_portable_explosives_box_item+item_in_world",
      "transform": [
        [
          -0.117017,
          0.0,
          -0.99313
        ],
        [
          0.0,
          1.0,
          0.0
        ],
        [
          0.99313,
          0.0,
          -0.117017
        ],
        [
          53.1903,
          8.8544,
          -107.889
        ]
      ]
    },
    {
      "_template": "scene_placed_portable_ammunition_box_item+item_in_world",
      "transform": [
        [
          0.711015,
          0.0,
          -0.703177
        ],
        [
          0.0,
          1.0,
          0.0
        ],
        [
          0.703177,
          0.0,
          0.711015
        ],
        [
          -107.565,
          11.5528,
          -46.0138
        ]
      ]
    },
    {
      "_template": "scene_placed_portable_explosives_box_item+item_in_world",
      "transform": [
        [
          1.0,
          0.0,
          0.0
        ],
        [
          0.0,
          1.0,
          0.0
        ],
        [
          0.0,
          0.0,
          1.0
        ],
        [
          -109.275,
          11.5291,
          -52.1322
        ]
      ]
    }
  ]
}