{
  "entity": [
    {
      "_template": "ai_recons_manager",
      "recons__sceneName": "entities/cta_humans/granitograd_infdom_entities"
    },
    {
      "_template": "placed_portable_ammunition_box_item+item_in_world",
      "transform": [
        [
          -0.986171,
          0.0,
          -0.165732
        ],
        [
          0.0,
          1.0,
          0.0
        ],
        [
          0.165732,
          0.0,
          -0.986171
        ],
        [
          339.863,
          20.0437,
          -284.306
        ]
      ],
      "medic_box__isOpen": true
    },
    {
      "_template": "placed_portable_ammunition_box_item+item_in_world",
      "transform": [
        [
          0.978282,
          0.0,
          0.207277
        ],
        [
          0.0,
          1.0,
          -0.0
        ],
        [
          -0.207277,
          0.0,
          0.978282
        ],
        [
          215.851,
          17.3937,
          -258.092
        ]
      ],
      "medic_box__isOpen": true
    },
    {
      "_template": "placed_portable_ammunition_box_item+item_in_world",
      "transform": [
        [
          0.978282,
          0.0,
          0.207277
        ],
        [
          0.0,
          1.0,
          -0.0
        ],
        [
          -0.207277,
          0.0,
          0.978282
        ],
        [
          502.658,
          15.1478,
          -289.889
        ]
      ],
      "medic_box__isOpen": true
    },
    {
      "_template": "placed_portable_explosives_box_item+item_in_world",
      "transform": [
        [
          0.963816,
          0.0,
          0.266569
        ],
        [
          0.0,
          1.0,
          -0.0
        ],
        [
          -0.266569,
          0.0,
          0.963816
        ],
        [
          500.517,
          15.1445,
          -282.122
        ]
      ],
      "medic_box__isOpen": true
    },
    {
      "_template": "placed_portable_explosives_box_item+item_in_world",
      "transform": [
        [
          -0.288606,
          0.0,
          0.957448
        ],
        [
          0.0,
          1.0,
          0.0
        ],
        [
          -0.957448,
          0.0,
          -0.288606
        ],
        [
          342.909,
          20.0526,
          -283.325
        ]
      ],
      "medic_box__isOpen": true
    },
    {
      "_template": "placed_portable_explosives_box_item+item_in_world",
      "transform": [
        [
          0.978774,
          0.0,
          0.204941
        ],
        [
          0.0,
          1.0,
          -0.0
        ],
        [
          -0.204941,
          0.0,
          0.978774
        ],
        [
          216.994,
          17.3995,
          -262.399
        ]
      ],
      "medic_box__isOpen": true
    }
  ]
}