{
  "selected_tag": "",
  "bin_dump_file": "",
  "mission_settings": {
    "atmosphere": {
      "pressure": 760.0,
      "temperature": 0.0
    },
    "player": {
      "army": 1,
      "wing": "armada_01"
    },
    "player_teamB": {
      "army": 2
    },
    "mission": {
      "level": "levels/guadalcanal.bin",
      "type": "campaign",
      "restoreType": "attempts",
      "optionalTakeOff": false,
      "environment": "Day",
      "weather": "hazy",
      "windDirection": [1.0,0.0,0.0]
    }
  },
  "imports": [],
  "triggers": {
    "isCategory": true,
    "is_enabled": true
  },
  "mission_objectives": {
    "isCategory": true,
    "is_enabled": true
  },
  "variables": [],
  "dialogs": [],
  "airfields": [],
  "effects": [],
  "units": [
    {
      "structures": {
        "name": "bridge_02",
        "tm": [
          [0.867995,0.0,0.496573],
          [0.0,1.0,0.0],
          [-0.496573,0.0,0.867995],
          [5625.18,-2.66621,16545.9]
        ],
        "closed_waypoints": false,
        "unit_class": "beton_simple_br",
        "weapons": "",
        "props": {
          "army": 0,
          "count": 1,
          "formation_type": "rows",
          "formation_div": 3,
          "formation_step": [2.5,2.0],
          "formation_noise": [0.1,0.1],
          "attack_type": "fire_at_will",
          "uniqueName": "",
          "stealthRadius": 0.0,
          "setStealth": true,
          "targetableByAi": false
        },
        "way": []
      }
    },
    {
      "structures": {
        "name": "bridge_03",
        "tm": [
          [0.935761,0.0,0.352635],
          [0.0,1.0,0.0],
          [-0.352635,0.0,0.935761],
          [5814.8,0.599602,16715.5]
        ],
        "closed_waypoints": false,
        "unit_class": "beton_road_br",
        "weapons": "",
        "props": {
          "army": 0,
          "count": 1,
          "formation_type": "rows",
          "formation_div": 3,
          "formation_step": [2.5,2.0],
          "formation_noise": [0.1,0.1],
          "attack_type": "fire_at_will",
          "uniqueName": "",
          "stealthRadius": 0.0,
          "setStealth": true,
          "targetableByAi": false
        },
        "way": []
      }
    },
    {
      "structures": {
        "name": "bridge_04",
        "tm": [
          [0.672405,0.0,-0.740183],
          [0.0,1.0,0.0],
          [0.740183,0.0,0.672405],
          [23476.5,3.35248,16987.6]
        ],
        "closed_waypoints": false,
        "unit_class": "bridge_road_br",
        "weapons": "",
        "props": {
          "army": 0,
          "count": 1,
          "formation_type": "rows",
          "formation_div": 3,
          "formation_step": [2.5,2.0],
          "formation_noise": [0.1,0.1],
          "attack_type": "fire_at_will",
          "uniqueName": "",
          "stealthRadius": 0.0,
          "setStealth": true,
          "targetableByAi": false
        },
        "way": []
      }
    },
    {
      "structures": {
        "name": "bridge_05",
        "tm": [
          [0.36454,0.0,-0.931188],
          [0.0,1.0,0.0],
          [0.931188,0.0,0.36454],
          [8527.98,0.596283,18293.3]
        ],
        "closed_waypoints": false,
        "unit_class": "rail_simple_br",
        "weapons": "",
        "props": {
          "army": 0,
          "count": 1,
          "formation_type": "rows",
          "formation_div": 3,
          "formation_step": [2.5,2.0],
          "formation_noise": [0.1,0.1],
          "attack_type": "fire_at_will",
          "uniqueName": "",
          "stealthRadius": 0.0,
          "setStealth": true,
          "targetableByAi": false
        },
        "way": []
      }
    },
    {
      "structures": {
        "name": "bridge_06",
        "tm": [
          [1.0,0.0,0.0],
          [0.0,1.0,0.0],
          [0.0,0.0,1.0],
          [2302.5,5.01717,13813.3]
        ],
        "closed_waypoints": false,
        "unit_class": "bridge_road_br",
        "weapons": "",
        "props": {
          "army": 0,
          "count": 1,
          "formation_type": "rows",
          "formation_div": 3,
          "formation_step": [2.5,2.0],
          "formation_noise": [0.1,0.1],
          "attack_type": "fire_at_will",
          "uniqueName": "",
          "stealthRadius": 0.0,
          "setStealth": true,
          "targetableByAi": false
        },
        "way": []
      }
    },
    {
      "structures": {
        "name": "bridge_08",
        "tm": [
          [0.969951,0.0,0.243302],
          [0.0,1.0,0.0],
          [-0.243302,0.0,0.969951],
          [4320.39,3.82807,15470.5]
        ],
        "closed_waypoints": false,
        "unit_class": "beton_rail_br",
        "weapons": "",
        "props": {
          "army": 0,
          "count": 1,
          "formation_type": "rows",
          "formation_div": 3,
          "formation_step": [2.5,2.0],
          "formation_noise": [0.1,0.1],
          "attack_type": "fire_at_will",
          "uniqueName": "",
          "stealthRadius": 0.0,
          "setStealth": true,
          "targetableByAi": false
        },
        "way": []
      }
    },
    {
      "structures": {
        "name": "bridge_09",
        "tm": [
          [0.986007,0.0,-0.166704],
          [0.0,1.0,0.0],
          [0.166704,0.0,0.986007],
          [5399.52,-2.59207,16070.7]
        ],
        "closed_waypoints": false,
        "unit_class": "beton_simple_br",
        "weapons": "",
        "props": {
          "army": 0,
          "count": 1,
          "formation_type": "rows",
          "formation_div": 3,
          "formation_step": [2.5,2.0],
          "formation_noise": [0.1,0.1],
          "attack_type": "fire_at_will",
          "uniqueName": "",
          "stealthRadius": 0.0,
          "setStealth": true,
          "targetableByAi": false
        },
        "way": []
      }
    },
    {
      "structures": {
        "name": "bridge_10",
        "tm": [
          [0.932017,0.0,0.362414],
          [0.0,1.0,0.0],
          [-0.362414,0.0,0.932017],
          [5906.11,-6.43291,16474.7]
        ],
        "closed_waypoints": false,
        "unit_class": "rail_simple_br",
        "weapons": "",
        "props": {
          "army": 0,
          "count": 1,
          "formation_type": "rows",
          "formation_div": 3,
          "formation_step": [2.5,2.0],
          "formation_noise": [0.1,0.1],
          "attack_type": "fire_at_will",
          "uniqueName": "",
          "stealthRadius": 0.0,
          "setStealth": true,
          "targetableByAi": false
        },
        "way": []
      }
    },
    {
      "structures": {
        "name": "bridge_01",
        "tm": [
          [0.228143,0.0,-0.973628],
          [0.0,1.0,0.0],
          [0.973628,0.0,0.228143],
          [8697.44,-0.010273,18340.8]
        ],
        "closed_waypoints": false,
        "unit_class": "bridge_road_br",
        "weapons": "",
        "props": {
          "army": 0,
          "count": 1,
          "formation_type": "rows",
          "formation_div": 3,
          "formation_step": [2.5,2.0],
          "formation_noise": [0.1,0.1],
          "attack_type": "fire_at_will",
          "uniqueName": "",
          "stealthRadius": 0.0,
          "setStealth": true,
          "targetableByAi": false
        },
        "way": []
      }
    }
  ],
  "areas": []
}