{
  "selected_tag": "",
  "bin_dump_file": "",
  "mission_settings": {
    "player": {
      "army": 1
    },
    "player_teamB": {
      "army": 2
    },
    "mission": {
      "type": "domination",
      "level": "levels/air_israel.bin",
      "environment": "Day",
      "weather": "hazy"
    }
  },
  "imports": {},
  "triggers": {
    "isCategory": true,
    "is_enabled": true,
    "static_units_rank_01_init": {
      "is_enabled": true,
      "comments": "",
      "props": {
        "actionsType": "PERFORM_ONE_BY_ONE",
        "conditionsType": "ALL",
        "enableAfterComplete": false
      },
      "events": {
        "initMission": {}
      },
      "conditions": {},
      "actions": {
        "comment": [
          {
            "value": "static units"
          },
          {
            "value": "static aaa"
          },
          {
            "value": ""
          }
        ],
        "unitSetProperties": [
          {
            "object": [
              "t1_artillery_squad",
              "t1_bunkers_squad",
              "t2_artillery_squad",
              "t2_bunkers_squad"
            ],
            "accuracy": 0.1,
            "checkVisibilityTarget": false
          },
          {
            "object": [
              "t1_aaa_squad",
              "t2_aaa_squad"
            ],
            "targetGnd": false,
            "accuracy": 0.1,
            "airAccuracy": 0.1,
            "fireRandom": true,
            "targetChangeInterval": 5.0,
            "targetChangeProb": 0.25,
            "DelayAfterShoot": 3.0
          }
        ]
      },
      "else_actions": {}
    }
  },
  "mission_objectives": {
    "isCategory": true,
    "is_enabled": true
  },
  "variables": {},
  "dialogs": {},
  "airfields": {},
  "effects": {},
  "units": {
    "objectGroups": [
      {
        "name": "t1_trench_01",
        "tm": [
          [
            -0.949802,
            0.0500276,
            0.308824
          ],
          [
            0.0572687,
            0.998255,
            0.0144248
          ],
          [
            -0.307562,
            0.0313864,
            -0.95101
          ],
          [
            -25320.9,
            152.95,
            3072.3
          ]
        ],
        "unit_class": "dynTrench_small_bunker_axis",
        "objLayer": 2,
        "props": {
          "army": 1,
          "active": true
        }
      },
      {
        "name": "t1_trench_02",
        "tm": [
          [
            -0.930965,
            0.0181459,
            0.364658
          ],
          [
            -0.0270387,
            0.992596,
            -0.11842
          ],
          [
            -0.364107,
            -0.120105,
            -0.92358
          ],
          [
            -26959.0,
            228.6,
            3696.99
          ]
        ],
        "unit_class": "dynTrench_small_bunker_axis",
        "objLayer": 2,
        "props": {
          "army": 1,
          "active": true
        }
      },
      {
        "name": "t1_trench_03",
        "tm": [
          [
            -0.844424,
            0.0365635,
            0.534426
          ],
          [
            0.0229588,
            0.999221,
            -0.0320887
          ],
          [
            -0.535183,
            -0.0148269,
            -0.844606
          ],
          [
            -23738.3,
            43.9114,
            2332.0
          ]
        ],
        "unit_class": "dynTrench_small_bunker_axis",
        "objLayer": 2,
        "props": {
          "army": 1,
          "active": true
        }
      },
      {
        "name": "t1_trench_04",
        "tm": [
          [
            -0.992585,
            0.0558539,
            0.107967
          ],
          [
            0.0601768,
            0.997494,
            0.0372032
          ],
          [
            -0.10562,
            0.0434241,
            -0.993457
          ],
          [
            -28560.6,
            258.1,
            4076.56
          ]
        ],
        "unit_class": "dynTrench_small_bunker_axis",
        "objLayer": 2,
        "props": {
          "army": 1,
          "active": true
        }
      },
      {
        "name": "t1_trench_05",
        "tm": [
          [
            -0.978632,
            0.0475129,
            0.200054
          ],
          [
            0.0527975,
            0.99838,
            0.0211571
          ],
          [
            -0.198725,
            0.0312669,
            -0.979557
          ],
          [
            -27702.1,
            205.1,
            3917.68
          ]
        ],
        "unit_class": "dynTrench_small_bunker_axis",
        "objLayer": 2,
        "props": {
          "army": 1,
          "active": true
        }
      },
      {
        "name": "t1_trench_06",
        "tm": [
          [
            -0.836717,
            0.075713,
            0.542376
          ],
          [
            0.0888669,
            0.996042,
            -0.00194854
          ],
          [
            -0.540377,
            0.0465688,
            -0.840135
          ],
          [
            -24407.9,
            77.0,
            2741.03
          ]
        ],
        "unit_class": "dynTrench_small_bunker_axis",
        "objLayer": 2,
        "props": {
          "army": 1,
          "active": true
        }
      },
      {
        "name": "t1_trench_07",
        "tm": [
          [
            -0.864278,
            0.26434,
            0.427958
          ],
          [
            0.211615,
            0.962909,
            -0.167404
          ],
          [
            -0.456337,
            -0.0541214,
            -0.88816
          ],
          [
            -26208.6,
            189.5,
            3434.15
          ]
        ],
        "unit_class": "dynTrench_small_bunker_axis",
        "objLayer": 2,
        "props": {
          "army": 1,
          "active": true
        }
      },
      {
        "name": "t1_trench_08",
        "tm": [
          [
            -0.783359,
            0.0307335,
            0.620809
          ],
          [
            0.031596,
            0.999454,
            -0.00960969
          ],
          [
            -0.620766,
            0.0120866,
            -0.783902
          ],
          [
            -22962.7,
            7.7,
            1911.9
          ]
        ],
        "unit_class": "dynTrench_small_bunker_axis",
        "objLayer": 2,
        "props": {
          "army": 1,
          "active": true
        }
      },
      {
        "name": "t2_trench_01",
        "tm": [
          [
            0.95467,
            -0.0698712,
            -0.289349
          ],
          [
            0.065419,
            0.997543,
            -0.0250428
          ],
          [
            0.290389,
            0.00497859,
            0.956896
          ],
          [
            -25784.6,
            165.7,
            1275.01
          ]
        ],
        "unit_class": "dynTrench_small_bunker_axis",
        "objLayer": 2,
        "props": {
          "army": 2,
          "active": true
        }
      },
      {
        "name": "t2_trench_02",
        "tm": [
          [
            0.957054,
            -0.0568238,
            -0.284286
          ],
          [
            0.0473699,
            0.998075,
            -0.0400257
          ],
          [
            0.286015,
            0.0248395,
            0.957903
          ],
          [
            -24998.8,
            122.1,
            1063.34
          ]
        ],
        "unit_class": "dynTrench_small_bunker_axis",
        "objLayer": 2,
        "props": {
          "army": 2,
          "active": true
        }
      },
      {
        "name": "t2_trench_03",
        "tm": [
          [
            0.992593,
            -0.0451397,
            0.1128
          ],
          [
            0.0404084,
            0.99822,
            0.0438859
          ],
          [
            -0.11458,
            -0.0390025,
            0.992646
          ],
          [
            -23315.3,
            28.6,
            748.568
          ]
        ],
        "unit_class": "dynTrench_small_bunker_axis",
        "objLayer": 2,
        "props": {
          "army": 2,
          "active": true
        }
      },
      {
        "name": "t2_trench_04",
        "tm": [
          [
            0.92818,
            0.00385232,
            -0.372107
          ],
          [
            -0.0124061,
            0.99971,
            -0.0205966
          ],
          [
            0.37192,
            0.0237336,
            0.927962
          ],
          [
            -26837.8,
            223.778,
            1746.5
          ]
        ],
        "unit_class": "dynTrench_small_bunker_axis",
        "objLayer": 2,
        "props": {
          "army": 2,
          "active": true
        }
      },
      {
        "name": "t2_trench_05",
        "tm": [
          [
            0.798684,
            0.0280611,
            -0.601094
          ],
          [
            0.0424634,
            0.993794,
            0.102817
          ],
          [
            0.600248,
            -0.107644,
            0.792538
          ],
          [
            -29095.4,
            287.45,
            2899.74
          ]
        ],
        "unit_class": "dynTrench_small_bunker_axis",
        "objLayer": 2,
        "props": {
          "army": 2,
          "active": true
        }
      },
      {
        "name": "t2_trench_06",
        "tm": [
          [
            0.819812,
            -0.024928,
            -0.572091
          ],
          [
            0.033922,
            0.999412,
            0.00506268
          ],
          [
            0.571628,
            -0.0235569,
            0.820176
          ],
          [
            -28326.5,
            275.5,
            2452.52
          ]
        ],
        "unit_class": "dynTrench_small_bunker_axis",
        "objLayer": 2,
        "props": {
          "army": 2,
          "active": true
        }
      },
      {
        "name": "t2_trench_07",
        "tm": [
          [
            0.975239,
            -0.0376883,
            -0.217918
          ],
          [
            0.029743,
            0.998771,
            -0.0396301
          ],
          [
            0.219145,
            0.0321665,
            0.975161
          ],
          [
            -24263.4,
            73.7,
            904.462
          ]
        ],
        "unit_class": "dynTrench_small_bunker_axis",
        "objLayer": 2,
        "props": {
          "army": 2,
          "active": true
        }
      },
      {
        "name": "t2_trench_08",
        "tm": [
          [
            0.857376,
            -0.00737678,
            -0.51464
          ],
          [
            0.0105638,
            0.999938,
            0.00326647
          ],
          [
            0.514584,
            -0.00823705,
            0.857401
          ],
          [
            -27420.5,
            191.43,
            2004.35
          ]
        ],
        "unit_class": "dynTrench_small_bunker_axis",
        "objLayer": 2,
        "props": {
          "army": 2,
          "active": true
        }
      }
    ],
    "structures": [
      {
        "name": "t1_bunker_01",
        "tm": [
          [
            -0.164522,
            0.0236872,
            -0.986088
          ],
          [
            0.0572687,
            0.998255,
            0.0144248
          ],
          [
            0.98471,
            -0.0540987,
            -0.16559
          ],
          [
            -25333.6,
            166.345,
            3066.74
          ]
        ],
        "unit_class": "ussr_quest_large_art_noground",
        "objLayer": 1,
        "closed_waypoints": false,
        "isShipSpline": false,
        "shipTurnRadius": 100.0,
        "weapons": "",
        "bullets0": "",
        "bullets1": "",
        "bullets2": "",
        "bullets3": "",
        "bulletsCount0": 0,
        "bulletsCount1": 0,
        "bulletsCount2": 0,
        "bulletsCount3": 0,
        "crewSkillK": 0.0,
        "applyAllMods": false,
        "props": {
          "army": 1,
          "count": 1,
          "formation_type": "rows",
          "formation_div": 3,
          "formation_step": [
            2.5,
            2.0
          ],
          "formation_noise": [
            0.1,
            0.1
          ]
        },
        "way": {}
      },
      {
        "name": "t1_art_01",
        "tm": [
          [
            -0.164522,
            0.0236872,
            -0.986088
          ],
          [
            0.0572687,
            0.998255,
            0.0144248
          ],
          [
            0.98471,
            -0.0540987,
            -0.16559
          ],
          [
            -25240.7,
            157.621,
            3049.47
          ]
        ],
        "unit_class": "ussr_quest_large_art_noground",
        "objLayer": 1,
        "closed_waypoints": false,
        "isShipSpline": false,
        "shipTurnRadius": 100.0,
        "weapons": "",
        "bullets0": "",
        "bullets1": "",
        "bullets2": "",
        "bullets3": "",
        "bulletsCount0": 0,
        "bulletsCount1": 0,
        "bulletsCount2": 0,
        "bulletsCount3": 0,
        "crewSkillK": 0.0,
        "applyAllMods": false,
        "props": {
          "army": 1,
          "count": 1,
          "formation_type": "rows",
          "formation_div": 3,
          "formation_step": [
            2.5,
            2.0
          ],
          "formation_noise": [
            0.1,
            0.1
          ]
        },
        "way": {}
      },
      {
        "name": "t1_art_02",
        "tm": [
          [
            -0.164522,
            0.0236872,
            -0.986088
          ],
          [
            0.0572687,
            0.998255,
            0.0144248
          ],
          [
            0.98471,
            -0.0540987,
            -0.16559
          ],
          [
            -25408.1,
            163.464,
            3070.78
          ]
        ],
        "unit_class": "ussr_quest_large_art_noground",
        "objLayer": 1,
        "closed_waypoints": false,
        "isShipSpline": false,
        "shipTurnRadius": 100.0,
        "weapons": "",
        "bullets0": "",
        "bullets1": "",
        "bullets2": "",
        "bullets3": "",
        "bulletsCount0": 0,
        "bulletsCount1": 0,
        "bulletsCount2": 0,
        "bulletsCount3": 0,
        "crewSkillK": 0.0,
        "applyAllMods": false,
        "props": {
          "army": 1,
          "count": 1,
          "formation_type": "rows",
          "formation_div": 3,
          "formation_step": [
            2.5,
            2.0
          ],
          "formation_noise": [
            0.1,
            0.1
          ]
        },
        "way": {}
      },
      {
        "name": "t1_bunker_02",
        "tm": [
          [
            -0.22322,
            -0.121468,
            -0.967171
          ],
          [
            -0.0270387,
            0.992596,
            -0.11842
          ],
          [
            0.974395,
            -0.000283475,
            -0.224853
          ],
          [
            -26972.9,
            240.121,
            3690.66
          ]
        ],
        "unit_class": "ussr_quest_large_art_noground",
        "objLayer": 1,
        "closed_waypoints": false,
        "isShipSpline": false,
        "shipTurnRadius": 100.0,
        "weapons": "",
        "bullets0": "",
        "bullets1": "",
        "bullets2": "",
        "bullets3": "",
        "bulletsCount0": 0,
        "bulletsCount1": 0,
        "bulletsCount2": 0,
        "bulletsCount3": 0,
        "crewSkillK": 0.0,
        "applyAllMods": false,
        "props": {
          "army": 1,
          "count": 1,
          "formation_type": "rows",
          "formation_div": 3,
          "formation_step": [
            2.5,
            2.0
          ],
          "formation_noise": [
            0.1,
            0.1
          ]
        },
        "way": {}
      },
      {
        "name": "t1_art_03",
        "tm": [
          [
            -0.22322,
            -0.121468,
            -0.967171
          ],
          [
            -0.0270387,
            0.992596,
            -0.11842
          ],
          [
            0.974395,
            -0.000283475,
            -0.224853
          ],
          [
            -26880.9,
            236.295,
            3668.3
          ]
        ],
        "unit_class": "ussr_quest_large_art_noground",
        "objLayer": 1,
        "closed_waypoints": false,
        "isShipSpline": false,
        "shipTurnRadius": 100.0,
        "weapons": "",
        "bullets0": "",
        "bullets1": "",
        "bullets2": "",
        "bullets3": "",
        "bulletsCount0": 0,
        "bulletsCount1": 0,
        "bulletsCount2": 0,
        "bulletsCount3": 0,
        "crewSkillK": 0.0,
        "applyAllMods": false,
        "props": {
          "army": 1,
          "count": 1,
          "formation_type": "rows",
          "formation_div": 3,
          "formation_step": [
            2.5,
            2.0
          ],
          "formation_noise": [
            0.1,
            0.1
          ]
        },
        "way": {}
      },
      {
        "name": "t1_art_04",
        "tm": [
          [
            -0.22322,
            -0.121468,
            -0.967171
          ],
          [
            -0.0270387,
            0.992596,
            -0.11842
          ],
          [
            0.974395,
            -0.000283475,
            -0.224853
          ],
          [
            -27046.5,
            232.139,
            3700.3
          ]
        ],
        "unit_class": "ussr_quest_large_art_noground",
        "objLayer": 1,
        "closed_waypoints": false,
        "isShipSpline": false,
        "shipTurnRadius": 100.0,
        "weapons": "",
        "bullets0": "",
        "bullets1": "",
        "bullets2": "",
        "bullets3": "",
        "bulletsCount0": 0,
        "bulletsCount1": 0,
        "bulletsCount2": 0,
        "bulletsCount3": 0,
        "crewSkillK": 0.0,
        "applyAllMods": false,
        "props": {
          "army": 1,
          "count": 1,
          "formation_type": "rows",
          "formation_div": 3,
          "formation_step": [
            2.5,
            2.0
          ],
          "formation_noise": [
            0.1,
            0.1
          ]
        },
        "way": {}
      },
      {
        "name": "t1_bunker_03",
        "tm": [
          [
            -0.405165,
            -0.0200434,
            -0.914026
          ],
          [
            0.0229588,
            0.999221,
            -0.0320887
          ],
          [
            0.913956,
            -0.0339855,
            -0.404388
          ],
          [
            -23752.4,
            56.7273,
            2329.26
          ]
        ],
        "unit_class": "ussr_quest_large_art_noground",
        "objLayer": 1,
        "closed_waypoints": false,
        "isShipSpline": false,
        "shipTurnRadius": 100.0,
        "weapons": "",
        "bullets0": "",
        "bullets1": "",
        "bullets2": "",
        "bullets3": "",
        "bulletsCount0": 0,
        "bulletsCount1": 0,
        "bulletsCount2": 0,
        "bulletsCount3": 0,
        "crewSkillK": 0.0,
        "applyAllMods": false,
        "props": {
          "army": 1,
          "count": 1,
          "formation_type": "rows",
          "formation_div": 3,
          "formation_step": [
            2.5,
            2.0
          ],
          "formation_noise": [
            0.1,
            0.1
          ]
        },
        "way": {}
      },
      {
        "name": "t1_art_05",
        "tm": [
          [
            -0.405165,
            -0.0200434,
            -0.914026
          ],
          [
            0.0229588,
            0.999221,
            -0.0320887
          ],
          [
            0.913956,
            -0.0339855,
            -0.404388
          ],
          [
            -23666.5,
            49.8437,
            2289.69
          ]
        ],
        "unit_class": "ussr_quest_large_art_noground",
        "objLayer": 1,
        "closed_waypoints": false,
        "isShipSpline": false,
        "shipTurnRadius": 100.0,
        "weapons": "",
        "bullets0": "",
        "bullets1": "",
        "bullets2": "",
        "bullets3": "",
        "bulletsCount0": 0,
        "bulletsCount1": 0,
        "bulletsCount2": 0,
        "bulletsCount3": 0,
        "crewSkillK": 0.0,
        "applyAllMods": false,
        "props": {
          "army": 1,
          "count": 1,
          "formation_type": "rows",
          "formation_div": 3,
          "formation_step": [
            2.5,
            2.0
          ],
          "formation_noise": [
            0.1,
            0.1
          ]
        },
        "way": {}
      },
      {
        "name": "t1_art_06",
        "tm": [
          [
            -0.405165,
            -0.0200434,
            -0.914026
          ],
          [
            0.0229588,
            0.999221,
            -0.0320887
          ],
          [
            0.913956,
            -0.0339855,
            -0.404388
          ],
          [
            -23823.4,
            52.0031,
            2351.99
          ]
        ],
        "unit_class": "ussr_quest_large_art_noground",
        "objLayer": 1,
        "closed_waypoints": false,
        "isShipSpline": false,
        "shipTurnRadius": 100.0,
        "weapons": "",
        "bullets0": "",
        "bullets1": "",
        "bullets2": "",
        "bullets3": "",
        "bulletsCount0": 0,
        "bulletsCount1": 0,
        "bulletsCount2": 0,
        "bulletsCount3": 0,
        "crewSkillK": 0.0,
        "applyAllMods": false,
        "props": {
          "army": 1,
          "count": 1,
          "formation_type": "rows",
          "formation_div": 3,
          "formation_step": [
            2.5,
            2.0
          ],
          "formation_noise": [
            0.1,
            0.1
          ]
        },
        "way": {}
      },
      {
        "name": "t1_bunker_04",
        "tm": [
          [
            0.0415188,
            0.0347365,
            -0.998533
          ],
          [
            0.0601768,
            0.997494,
            0.0372032
          ],
          [
            0.997325,
            -0.0616333,
            0.0393253
          ],
          [
            -28571.8,
            271.66,
            4068.77
          ]
        ],
        "unit_class": "ussr_quest_large_art_noground",
        "objLayer": 1,
        "closed_waypoints": false,
        "isShipSpline": false,
        "shipTurnRadius": 100.0,
        "weapons": "",
        "bullets0": "",
        "bullets1": "",
        "bullets2": "",
        "bullets3": "",
        "bulletsCount0": 0,
        "bulletsCount1": 0,
        "bulletsCount2": 0,
        "bulletsCount3": 0,
        "crewSkillK": 0.0,
        "applyAllMods": false,
        "props": {
          "army": 1,
          "count": 1,
          "formation_type": "rows",
          "formation_div": 3,
          "formation_step": [
            2.5,
            2.0
          ],
          "formation_noise": [
            0.1,
            0.1
          ]
        },
        "way": {}
      },
      {
        "name": "t1_art_07",
        "tm": [
          [
            0.0415188,
            0.0347365,
            -0.998533
          ],
          [
            0.0601768,
            0.997494,
            0.0372032
          ],
          [
            0.997325,
            -0.0616333,
            0.0393253
          ],
          [
            -28477.4,
            262.247,
            4070.7
          ]
        ],
        "unit_class": "ussr_quest_large_art_noground",
        "objLayer": 1,
        "closed_waypoints": false,
        "isShipSpline": false,
        "shipTurnRadius": 100.0,
        "weapons": "",
        "bullets0": "",
        "bullets1": "",
        "bullets2": "",
        "bullets3": "",
        "bulletsCount0": 0,
        "bulletsCount1": 0,
        "bulletsCount2": 0,
        "bulletsCount3": 0,
        "crewSkillK": 0.0,
        "applyAllMods": false,
        "props": {
          "army": 1,
          "count": 1,
          "formation_type": "rows",
          "formation_div": 3,
          "formation_step": [
            2.5,
            2.0
          ],
          "formation_noise": [
            0.1,
            0.1
          ]
        },
        "way": {}
      },
      {
        "name": "t1_art_08",
        "tm": [
          [
            0.0415188,
            0.0347365,
            -0.998533
          ],
          [
            0.0601768,
            0.997494,
            0.0372032
          ],
          [
            0.997325,
            -0.0616333,
            0.0393253
          ],
          [
            -28645.6,
            269.438,
            4057.43
          ]
        ],
        "unit_class": "ussr_quest_large_art_noground",
        "objLayer": 1,
        "closed_waypoints": false,
        "isShipSpline": false,
        "shipTurnRadius": 100.0,
        "weapons": "",
        "bullets0": "",
        "bullets1": "",
        "bullets2": "",
        "bullets3": "",
        "bulletsCount0": 0,
        "bulletsCount1": 0,
        "bulletsCount2": 0,
        "bulletsCount3": 0,
        "crewSkillK": 0.0,
        "applyAllMods": false,
        "props": {
          "army": 1,
          "count": 1,
          "formation_type": "rows",
          "formation_div": 3,
          "formation_step": [
            2.5,
            2.0
          ],
          "formation_noise": [
            0.1,
            0.1
          ]
        },
        "way": {}
      },
      {
        "name": "t1_bunker_05",
        "tm": [
          [
            -0.0526254,
            0.0239384,
            -0.998327
          ],
          [
            0.0527975,
            0.99838,
            0.0211571
          ],
          [
            0.997218,
            -0.0515948,
            -0.0538053
          ],
          [
            -27714.0,
            218.463,
            3910.85
          ]
        ],
        "unit_class": "ussr_quest_large_art_noground",
        "objLayer": 1,
        "closed_waypoints": false,
        "isShipSpline": false,
        "shipTurnRadius": 100.0,
        "weapons": "",
        "bullets0": "",
        "bullets1": "",
        "bullets2": "",
        "bullets3": "",
        "bulletsCount0": 0,
        "bulletsCount1": 0,
        "bulletsCount2": 0,
        "bulletsCount3": 0,
        "crewSkillK": 0.0,
        "applyAllMods": false,
        "props": {
          "army": 1,
          "count": 1,
          "formation_type": "rows",
          "formation_div": 3,
          "formation_step": [
            2.5,
            2.0
          ],
          "formation_noise": [
            0.1,
            0.1
          ]
        },
        "way": {}
      },
      {
        "name": "t1_art_09",
        "tm": [
          [
            -0.0526254,
            0.0239384,
            -0.998327
          ],
          [
            0.0527975,
            0.99838,
            0.0211571
          ],
          [
            0.997218,
            -0.0515948,
            -0.0538053
          ],
          [
            -27619.8,
            209.979,
            3903.99
          ]
        ],
        "unit_class": "ussr_quest_large_art_noground",
        "objLayer": 1,
        "closed_waypoints": false,
        "isShipSpline": false,
        "shipTurnRadius": 100.0,
        "weapons": "",
        "bullets0": "",
        "bullets1": "",
        "bullets2": "",
        "bullets3": "",
        "bulletsCount0": 0,
        "bulletsCount1": 0,
        "bulletsCount2": 0,
        "bulletsCount3": 0,
        "crewSkillK": 0.0,
        "applyAllMods": false,
        "props": {
          "army": 1,
          "count": 1,
          "formation_type": "rows",
          "formation_div": 3,
          "formation_step": [
            2.5,
            2.0
          ],
          "formation_noise": [
            0.1,
            0.1
          ]
        },
        "way": {}
      },
      {
        "name": "t1_art_10",
        "tm": [
          [
            -0.0526254,
            0.0239384,
            -0.998327
          ],
          [
            0.0527975,
            0.99838,
            0.0211571
          ],
          [
            0.997218,
            -0.0515948,
            -0.0538053
          ],
          [
            -27788.5,
            215.406,
            3906.43
          ]
        ],
        "unit_class": "ussr_quest_large_art_noground",
        "objLayer": 1,
        "closed_waypoints": false,
        "isShipSpline": false,
        "shipTurnRadius": 100.0,
        "weapons": "",
        "bullets0": "",
        "bullets1": "",
        "bullets2": "",
        "bullets3": "",
        "bulletsCount0": 0,
        "bulletsCount1": 0,
        "bulletsCount2": 0,
        "bulletsCount3": 0,
        "crewSkillK": 0.0,
        "applyAllMods": false,
        "props": {
          "army": 1,
          "count": 1,
          "formation_type": "rows",
          "formation_div": 3,
          "formation_step": [
            2.5,
            2.0
          ],
          "formation_noise": [
            0.1,
            0.1
          ]
        },
        "way": {}
      },
      {
        "name": "t1_bunker_06",
        "tm": [
          [
            -0.411436,
            0.0349268,
            -0.91077
          ],
          [
            0.0888669,
            0.996042,
            -0.00194854
          ],
          [
            0.907097,
            -0.0817381,
            -0.412911
          ],
          [
            -24421.2,
            90.8164,
            2738.96
          ]
        ],
        "unit_class": "ussr_quest_large_art_noground",
        "objLayer": 1,
        "closed_waypoints": false,
        "isShipSpline": false,
        "shipTurnRadius": 100.0,
        "weapons": "",
        "bullets0": "",
        "bullets1": "",
        "bullets2": "",
        "bullets3": "",
        "bulletsCount0": 0,
        "bulletsCount1": 0,
        "bulletsCount2": 0,
        "bulletsCount3": 0,
        "crewSkillK": 0.0,
        "applyAllMods": false,
        "props": {
          "army": 1,
          "count": 1,
          "formation_type": "rows",
          "formation_div": 3,
          "formation_step": [
            2.5,
            2.0
          ],
          "formation_noise": [
            0.1,
            0.1
          ]
        },
        "way": {}
      },
      {
        "name": "t1_art_11",
        "tm": [
          [
            -0.411436,
            0.0349268,
            -0.91077
          ],
          [
            0.0888669,
            0.996042,
            -0.00194854
          ],
          [
            0.907097,
            -0.0817381,
            -0.412911
          ],
          [
            -24336.2,
            79.4918,
            2698.37
          ]
        ],
        "unit_class": "ussr_quest_large_art_noground",
        "objLayer": 1,
        "closed_waypoints": false,
        "isShipSpline": false,
        "shipTurnRadius": 100.0,
        "weapons": "",
        "bullets0": "",
        "bullets1": "",
        "bullets2": "",
        "bullets3": "",
        "bulletsCount0": 0,
        "bulletsCount1": 0,
        "bulletsCount2": 0,
        "bulletsCount3": 0,
        "crewSkillK": 0.0,
        "applyAllMods": false,
        "props": {
          "army": 1,
          "count": 1,
          "formation_type": "rows",
          "formation_div": 3,
          "formation_step": [
            2.5,
            2.0
          ],
          "formation_noise": [
            0.1,
            0.1
          ]
        },
        "way": {}
      },
      {
        "name": "t1_art_12",
        "tm": [
          [
            -0.411436,
            0.0349268,
            -0.91077
          ],
          [
            0.0888669,
            0.996042,
            -0.00194854
          ],
          [
            0.907097,
            -0.0817381,
            -0.412911
          ],
          [
            -24492.2,
            90.0915,
            2762.12
          ]
        ],
        "unit_class": "ussr_quest_large_art_noground",
        "objLayer": 1,
        "closed_waypoints": false,
        "isShipSpline": false,
        "shipTurnRadius": 100.0,
        "weapons": "",
        "bullets0": "",
        "bullets1": "",
        "bullets2": "",
        "bullets3": "",
        "bulletsCount0": 0,
        "bulletsCount1": 0,
        "bulletsCount2": 0,
        "bulletsCount3": 0,
        "crewSkillK": 0.0,
        "applyAllMods": false,
        "props": {
          "army": 1,
          "count": 1,
          "formation_type": "rows",
          "formation_div": 3,
          "formation_step": [
            2.5,
            2.0
          ],
          "formation_noise": [
            0.1,
            0.1
          ]
        },
        "way": {}
      },
      {
        "name": "t1_bunker_07",
        "tm": [
          [
            -0.324256,
            -0.092412,
            -0.941446
          ],
          [
            0.211615,
            0.962909,
            -0.167404
          ],
          [
            0.921995,
            -0.253505,
            -0.292673
          ],
          [
            -26219.8,
            204.006,
            3428.32
          ]
        ],
        "unit_class": "ussr_quest_large_art_noground",
        "objLayer": 1,
        "closed_waypoints": false,
        "isShipSpline": false,
        "shipTurnRadius": 100.0,
        "weapons": "",
        "bullets0": "",
        "bullets1": "",
        "bullets2": "",
        "bullets3": "",
        "bulletsCount0": 0,
        "bulletsCount1": 0,
        "bulletsCount2": 0,
        "bulletsCount3": 0,
        "crewSkillK": 0.0,
        "applyAllMods": false,
        "props": {
          "army": 1,
          "count": 1,
          "formation_type": "rows",
          "formation_div": 3,
          "formation_step": [
            2.5,
            2.0
          ],
          "formation_noise": [
            0.1,
            0.1
          ]
        },
        "way": {}
      },
      {
        "name": "t1_art_13",
        "tm": [
          [
            -0.324256,
            -0.092412,
            -0.941446
          ],
          [
            0.211615,
            0.962909,
            -0.167404
          ],
          [
            0.921995,
            -0.253505,
            -0.292673
          ],
          [
            -26133.7,
            176.326,
            3399.65
          ]
        ],
        "unit_class": "ussr_quest_large_art_noground",
        "objLayer": 1,
        "closed_waypoints": false,
        "isShipSpline": false,
        "shipTurnRadius": 100.0,
        "weapons": "",
        "bullets0": "",
        "bullets1": "",
        "bullets2": "",
        "bullets3": "",
        "bulletsCount0": 0,
        "bulletsCount1": 0,
        "bulletsCount2": 0,
        "bulletsCount3": 0,
        "crewSkillK": 0.0,
        "applyAllMods": false,
        "props": {
          "army": 1,
          "count": 1,
          "formation_type": "rows",
          "formation_div": 3,
          "formation_step": [
            2.5,
            2.0
          ],
          "formation_noise": [
            0.1,
            0.1
          ]
        },
        "way": {}
      },
      {
        "name": "t1_art_14",
        "tm": [
          [
            -0.324256,
            -0.092412,
            -0.941446
          ],
          [
            0.211615,
            0.962909,
            -0.167404
          ],
          [
            0.921995,
            -0.253505,
            -0.292673
          ],
          [
            -26292.1,
            215.152,
            3443.36
          ]
        ],
        "unit_class": "ussr_quest_large_art_noground",
        "objLayer": 1,
        "closed_waypoints": false,
        "isShipSpline": false,
        "shipTurnRadius": 100.0,
        "weapons": "",
        "bullets0": "",
        "bullets1": "",
        "bullets2": "",
        "bullets3": "",
        "bulletsCount0": 0,
        "bulletsCount1": 0,
        "bulletsCount2": 0,
        "bulletsCount3": 0,
        "crewSkillK": 0.0,
        "applyAllMods": false,
        "props": {
          "army": 1,
          "count": 1,
          "formation_type": "rows",
          "formation_div": 3,
          "formation_step": [
            2.5,
            2.0
          ],
          "formation_noise": [
            0.1,
            0.1
          ]
        },
        "way": {}
      },
      {
        "name": "t1_bunker_08",
        "tm": [
          [
            -0.498798,
            0.00743505,
            -0.866686
          ],
          [
            0.031596,
            0.999454,
            -0.00960969
          ],
          [
            0.866143,
            -0.0321774,
            -0.498761
          ],
          [
            -22976.7,
            20.703,
            1911.09
          ]
        ],
        "unit_class": "ussr_quest_large_art_noground",
        "objLayer": 1,
        "closed_waypoints": false,
        "isShipSpline": false,
        "shipTurnRadius": 100.0,
        "weapons": "",
        "bullets0": "",
        "bullets1": "",
        "bullets2": "",
        "bullets3": "",
        "bulletsCount0": 0,
        "bulletsCount1": 0,
        "bulletsCount2": 0,
        "bulletsCount3": 0,
        "crewSkillK": 0.0,
        "applyAllMods": false,
        "props": {
          "army": 1,
          "count": 1,
          "formation_type": "rows",
          "formation_div": 3,
          "formation_step": [
            2.5,
            2.0
          ],
          "formation_noise": [
            0.1,
            0.1
          ]
        },
        "way": {}
      },
      {
        "name": "t1_art_15",
        "tm": [
          [
            -0.498798,
            0.00743505,
            -0.866686
          ],
          [
            0.031596,
            0.999454,
            -0.00960969
          ],
          [
            0.866143,
            -0.0321774,
            -0.498761
          ],
          [
            -22895.7,
            14.043,
            1862.52
          ]
        ],
        "unit_class": "ussr_quest_large_art_noground",
        "objLayer": 1,
        "closed_waypoints": false,
        "isShipSpline": false,
        "shipTurnRadius": 100.0,
        "weapons": "",
        "bullets0": "",
        "bullets1": "",
        "bullets2": "",
        "bullets3": "",
        "bulletsCount0": 0,
        "bulletsCount1": 0,
        "bulletsCount2": 0,
        "bulletsCount3": 0,
        "crewSkillK": 0.0,
        "applyAllMods": false,
        "props": {
          "army": 1,
          "count": 1,
          "formation_type": "rows",
          "formation_div": 3,
          "formation_step": [
            2.5,
            2.0
          ],
          "formation_noise": [
            0.1,
            0.1
          ]
        },
        "way": {}
      },
      {
        "name": "t1_art_16",
        "tm": [
          [
            -0.498798,
            0.00743505,
            -0.866686
          ],
          [
            0.031596,
            0.999454,
            -0.00960969
          ],
          [
            0.866143,
            -0.0321774,
            -0.498761
          ],
          [
            -23045.1,
            16.077,
            1941.0
          ]
        ],
        "unit_class": "ussr_quest_large_art_noground",
        "objLayer": 1,
        "closed_waypoints": false,
        "isShipSpline": false,
        "shipTurnRadius": 100.0,
        "weapons": "",
        "bullets0": "",
        "bullets1": "",
        "bullets2": "",
        "bullets3": "",
        "bulletsCount0": 0,
        "bulletsCount1": 0,
        "bulletsCount2": 0,
