{
  "selected_tag": "",
  "bin_dump_file": "",
  "mission_settings": {
    "player": {
      "army": 1,
      "wing": "bdt_armada"
    },
    "player_teamB": {
      "army": 2
    },
    "mission": {
      "level": "levels/water.bin",
      "type": "singleMission",
      "environment": "Day",
      "weather": "hazy",
      "restoreType": "attempts",
      "optionalTakeOff": true
    },
    "spectator_points": {}
  },
  "imports": {
    "import_record": [
      {
        "file": "gameData/missions/templates/enduring_confrontation/bdt_bases_destroy_template.blk",
        "importAreas": true,
        "importUnits": true,
        "importTriggers": true,
        "importMissionObjectives": true,
        "importWayPoints": true,
        "showAreas": true,
        "showUnits": true,
        "showTriggers": true,
        "showMissionObjectives": true,
        "showWayPoints": true,
        "excludes": {}
      },
      {
        "file": "gameData/missions/templates/units_sets/land_sets_aaa_bases/bdt_t1_usa_rank_01.blk",
        "rankRange": [
          0,
          4
        ],
        "importAreas": true,
        "importUnits": true,
        "importTriggers": true,
        "importMissionObjectives": true,
        "importWayPoints": true,
        "showAreas": true,
        "showUnits": true,
        "showTriggers": true,
        "showMissionObjectives": true,
        "showWayPoints": true,
        "excludes": {}
      },
      {
        "file": "gameData/missions/templates/units_sets/land_sets_aaa_bases/bdt_t1_usa_rank_02.blk",
        "rankRange": [
          5,
          8
        ],
        "importAreas": true,
        "importUnits": true,
        "importTriggers": true,
        "importMissionObjectives": true,
        "importWayPoints": true,
        "showAreas": true,
        "showUnits": true,
        "showTriggers": true,
        "showMissionObjectives": true,
        "showWayPoints": true,
        "excludes": {}
      },
      {
        "file": "gameData/missions/templates/units_sets/land_sets_aaa_bases/bdt_t1_usa_rank_03.blk",
        "rankRange": [
          9,
          13
        ],
        "importAreas": true,
        "importUnits": true,
        "importTriggers": true,
        "importMissionObjectives": true,
        "importWayPoints": true,
        "showAreas": true,
        "showUnits": true,
        "showTriggers": true,
        "showMissionObjectives": true,
        "showWayPoints": true,
        "excludes": {}
      },
      {
        "file": "gameData/missions/templates/units_sets/land_sets_aaa_bases/bdt_t1_usa_rank_04.blk",
        "rankRange": [
          14,
          19
        ],
        "importAreas": true,
        "importUnits": true,
        "importTriggers": true,
        "importMissionObjectives": true,
        "importWayPoints": true,
        "showAreas": true,
        "showUnits": true,
        "showTriggers": true,
        "showMissionObjectives": true,
        "showWayPoints": true,
        "excludes": {}
      },
      {
        "file": "gameData/missions/templates/units_sets/land_sets_aaa_bases/bdt_t1_usa_rank_05.blk",
        "rankRange": [
          20,
          24
        ],
        "importAreas": true,
        "importUnits": true,
        "importTriggers": true,
        "importMissionObjectives": true,
        "importWayPoints": true,
        "showAreas": true,
        "showUnits": true,
        "showTriggers": true,
        "showMissionObjectives": true,
        "showWayPoints": true,
        "excludes": {}
      },
      {
        "file": "gameData/missions/templates/units_sets/land_sets_aaa_bases/bdt_t1_usa_rank_06.blk",
        "rankRange": [
          25,
          50
        ],
        "importAreas": true,
        "importUnits": true,
        "importTriggers": true,
        "importMissionObjectives": true,
        "importWayPoints": true,
        "showAreas": true,
        "showUnits": true,
        "showTriggers": true,
        "showMissionObjectives": true,
        "showWayPoints": true,
        "excludes": {}
      },
      {
        "file": "gameData/missions/templates/units_sets/land_sets_aaa_bases/bdt_t2_germ_rank_01.blk",
        "rankRange": [
          0,
          4
        ],
        "importAreas": true,
        "importUnits": true,
        "importTriggers": true,
        "importMissionObjectives": true,
        "importWayPoints": true,
        "showAreas": true,
        "showUnits": true,
        "showTriggers": true,
        "showMissionObjectives": true,
        "showWayPoints": true,
        "excludes": {}
      },
      {
        "file": "gameData/missions/templates/units_sets/land_sets_aaa_bases/bdt_t2_germ_rank_02.blk",
        "rankRange": [
          5,
          8
        ],
        "importAreas": true,
        "importUnits": true,
        "importTriggers": true,
        "importMissionObjectives": true,
        "importWayPoints": true,
        "showAreas": true,
        "showUnits": true,
        "showTriggers": true,
        "showMissionObjectives": true,
        "showWayPoints": true,
        "excludes": {}
      },
      {
        "file": "gameData/missions/templates/units_sets/land_sets_aaa_bases/bdt_t2_germ_rank_03.blk",
        "rankRange": [
          9,
          13
        ],
        "importAreas": true,
        "importUnits": true,
        "importTriggers": true,
        "importMissionObjectives": true,
        "importWayPoints": true,
        "showAreas": true,
        "showUnits": true,
        "showTriggers": true,
        "showMissionObjectives": true,
        "showWayPoints": true,
        "excludes": {}
      },
      {
        "file": "gameData/missions/templates/units_sets/land_sets_aaa_bases/bdt_t2_germ_rank_04.blk",
        "rankRange": [
          14,
          19
        ],
        "importAreas": true,
        "importUnits": true,
        "importTriggers": true,
        "importMissionObjectives": true,
        "importWayPoints": true,
        "showAreas": true,
        "showUnits": true,
        "showTriggers": true,
        "showMissionObjectives": true,
        "showWayPoints": true,
        "excludes": {}
      },
      {
        "file": "gameData/missions/templates/units_sets/land_sets_aaa_bases/bdt_t2_germ_rank_05.blk",
        "rankRange": [
          20,
          24
        ],
        "importAreas": true,
        "importUnits": true,
        "importTriggers": true,
        "importMissionObjectives": true,
        "importWayPoints": true,
        "showAreas": true,
        "showUnits": true,
        "showTriggers": true,
        "showMissionObjectives": true,
        "showWayPoints": true,
        "excludes": {}
      },
      {
        "file": "gameData/missions/templates/units_sets/land_sets_aaa_bases/bdt_t2_germ_rank_06.blk",
        "rankRange": [
          25,
          50
        ],
        "importAreas": true,
        "importUnits": true,
        "importTriggers": true,
        "importMissionObjectives": true,
        "importWayPoints": true,
        "showAreas": true,
        "showUnits": true,
        "showTriggers": true,
        "showMissionObjectives": true,
        "showWayPoints": true,
        "excludes": {}
      }
    ]
  },
  "triggers": {
    "isCategory": true,
    "is_enabled": true,
    "bdt_part_init": {
      "is_enabled": true,
      "comments": "",
      "props": {
        "actionsType": "PERFORM_ONE_BY_ONE",
        "conditionsType": "ALL",
        "enableAfterComplete": false
      },
      "events": {
        "initMission": {}
      },
      "conditions": {},
      "actions": {
        "comment": [
          {
            "value": "ukazyvaem maksimal'noe kolichestvo baz +1"
          },
          {
            "value": "govorim chto shablon sam sebya restartit"
          }
        ],
        "varSetInt": [
          {
            "value": 21,
            "var": "bdt_t1_total_bases_max_count"
          },
          {
            "value": 21,
            "var": "bdt_t2_total_bases_max_count"
          }
        ],
        "varSetBool": {
          "value": true,
          "var": "bdt_self_restart"
        }
      },
      "else_actions": {}
    }
  },
  "mission_objectives": {
    "isCategory": true,
    "is_enabled": true
  },
  "variables": {},
  "dialogs": {},
  "airfields": {},
  "effects": {},
  "units": {
    "objectGroups": [
      {
        "name": "bdt_t1_bomb_object_01",
        "tm": [
          [
            0.0436189,
            0.0,
            -0.999048
          ],
          [
            0.0,
            1.0,
            0.0
          ],
          [
            0.999048,
            0.0,
            0.0436189
          ],
          [
            -7031.05,
            19.3745,
            21052.1
          ]
        ],
        "unit_class": "dynBase_ammunition_camp_square",
        "objLayer": 2,
        "props": {
          "army": 1,
          "active": false
        }
      },
      {
        "name": "bdt_t1_bomb_object_02",
        "tm": [
          [
            -0.996195,
            0.0,
            -0.0871555
          ],
          [
            0.0,
            1.0,
            0.0
          ],
          [
            0.0871555,
            0.0,
            -0.996195
          ],
          [
            -15079.4,
            24.2439,
            22964.0
          ]
        ],
        "unit_class": "dynBase_ammunition_camp_square",
        "objLayer": 2,
        "props": {
          "army": 1,
          "active": false
        }
      },
      {
        "name": "bdt_t1_bomb_object_03",
        "tm": [
          [
            -0.991445,
            0.0,
            0.130526
          ],
          [
            0.0,
            1.0,
            0.0
          ],
          [
            -0.130526,
            0.0,
            -0.991445
          ],
          [
            -6889.0,
            31.494,
            14453.9
          ]
        ],
        "unit_class": "dynBase_ammunition_camp_square",
        "objLayer": 2,
        "props": {
          "army": 1,
          "active": false
        }
      },
      {
        "name": "bdt_t1_bomb_object_04",
        "tm": [
          [
            -0.906308,
            0.0,
            -0.422618
          ],
          [
            0.0,
            1.0,
            0.0
          ],
          [
            0.422618,
            0.0,
            -0.906308
          ],
          [
            -9106.1,
            47.7437,
            100.85
          ]
        ],
        "unit_class": "dynBase_ammunition_camp_square",
        "objLayer": 2,
        "props": {
          "army": 1,
          "active": false
        }
      },
      {
        "name": "bdt_t1_bomb_object_05",
        "tm": [
          [
            -0.422619,
            0.0,
            -0.906308
          ],
          [
            0.0,
            1.0,
            0.0
          ],
          [
            0.906308,
            0.0,
            -0.422619
          ],
          [
            -17477.0,
            11.6268,
            2685.85
          ]
        ],
        "unit_class": "dynBase_ammunition_camp_square",
        "objLayer": 2,
        "props": {
          "army": 1,
          "active": false
        }
      },
      {
        "name": "bdt_t1_bomb_object_06",
        "tm": [
          [
            -0.984808,
            0.0,
            -0.173648
          ],
          [
            0.0,
            1.0,
            0.0
          ],
          [
            0.173648,
            0.0,
            -0.984808
          ],
          [
            -6551.55,
            20.268,
            -21061.1
          ]
        ],
        "unit_class": "dynBase_ammunition_camp_square",
        "objLayer": 2,
        "props": {
          "army": 1,
          "active": false
        }
      },
      {
        "name": "bdt_t1_bomb_object_07",
        "tm": [
          [
            -0.793353,
            0.0,
            -0.608761
          ],
          [
            0.0,
            1.0,
            0.0
          ],
          [
            0.608761,
            0.0,
            -0.793353
          ],
          [
            -16487.1,
            24.9824,
            -24351.6
          ]
        ],
        "unit_class": "dynBase_ammunition_camp_square",
        "objLayer": 2,
        "props": {
          "army": 1,
          "active": false
        }
      },
      {
        "name": "bdt_t1_bomb_object_08",
        "tm": [
          [
            -0.996194,
            0.0,
            0.087156
          ],
          [
            0.0,
            1.0,
            0.0
          ],
          [
            -0.087156,
            0.0,
            -0.996194
          ],
          [
            -7030.3,
            23.2259,
            -7638.9
          ]
        ],
        "unit_class": "dynBase_ammunition_camp_square",
        "objLayer": 2,
        "props": {
          "army": 1,
          "active": false
        }
      },
      {
        "name": "bdt_t2_bomb_object_01",
        "tm": [
          [
            -0.461749,
            0.0,
            -0.887012
          ],
          [
            0.0,
            1.0,
            0.0
          ],
          [
            0.887012,
            0.0,
            -0.461749
          ],
          [
            6810.55,
            18.37,
            21700.3
          ]
        ],
        "unit_class": "dynBase_ammunition_camp_square",
        "objLayer": 2,
        "props": {
          "army": 2,
          "active": false
        }
      },
      {
        "name": "bdt_t2_bomb_object_02",
        "tm": [
          [
            -0.793354,
            0.0,
            -0.608762
          ],
          [
            0.0,
            1.0,
            0.0
          ],
          [
            0.608762,
            0.0,
            -0.793354
          ],
          [
            6800.95,
            22.2725,
            9347.3
          ]
        ],
        "unit_class": "dynBase_ammunition_camp_square",
        "objLayer": 2,
        "props": {
          "army": 2,
          "active": false
        }
      },
      {
        "name": "bdt_t2_bomb_object_03",
        "tm": [
          [
            -0.608762,
            0.0,
            -0.793354
          ],
          [
            0.0,
            1.0,
            0.0
          ],
          [
            0.793354,
            0.0,
            -0.608762
          ],
          [
            10976.3,
            38.3289,
            1943.75
          ]
        ],
        "unit_class": "dynBase_ammunition_camp_square",
        "objLayer": 2,
        "props": {
          "army": 2,
          "active": true
        }
      },
      {
        "name": "bdt_t2_bomb_object_04",
        "tm": [
          [
            -0.793354,
            0.0,
            -0.608762
          ],
          [
            0.0,
            1.0,
            0.0
          ],
          [
            0.608762,
            0.0,
            -0.793354
          ],
          [
            6648.65,
            69.6138,
            -12017.9
          ]
        ],
        "unit_class": "dynBase_ammunition_camp_square",
        "objLayer": 2,
        "props": {
          "army": 2,
          "active": false
        }
      },
      {
        "name": "bdt_t2_bomb_object_05",
        "tm": [
          [
            -0.793354,
            0.0,
            -0.608762
          ],
          [
            0.0,
            1.0,
            0.0
          ],
          [
            0.608762,
            0.0,
            -0.793354
          ],
          [
            6837.25,
            39.5214,
            -2919.15
          ]
        ],
        "unit_class": "dynBase_ammunition_camp_square",
        "objLayer": 2,
        "props": {
          "army": 2,
          "active": false
        }
      },
      {
        "name": "bdt_t2_bomb_object_06",
        "tm": [
          [
            -0.996195,
            0.0,
            -0.0871559
          ],
          [
            0.0,
            1.0,
            0.0
          ],
          [
            0.0871559,
            0.0,
            -0.996195
          ],
          [
            15963.0,
            37.2244,
            23109.9
          ]
        ],
        "unit_class": "dynBase_ammunition_camp_square",
        "objLayer": 2,
        "props": {
          "army": 2,
          "active": false
        }
      },
      {
        "name": "bdt_t2_bomb_object_07",
        "tm": [
          [
            -0.965926,
            0.0,
            -0.258819
          ],
          [
            0.0,
            1.0,
            0.0
          ],
          [
            0.258819,
            0.0,
            -0.965926
          ],
          [
            6450.35,
            44.5731,
            -25337.8
          ]
        ],
        "unit_class": "dynBase_ammunition_camp_square",
        "objLayer": 2,
        "props": {
          "army": 2,
          "active": false
        }
      },
      {
        "name": "bdt_t2_bomb_object_08",
        "tm": [
          [
            -0.737278,
            0.0,
            -0.67559
          ],
          [
            0.0,
            1.0,
            0.0
          ],
          [
            0.67559,
            0.0,
            -0.737278
          ],
          [
            14407.7,
            134.077,
            -9713.23
          ]
        ],
        "unit_class": "dynBase_ammunition_camp_square",
        "objLayer": 2,
        "props": {
          "army": 2,
          "active": false
        }
      },
      {
        "name": "bdt_t2_bomb_object_09",
        "tm": [
          [
            -0.737278,
            0.0,
            -0.67559
          ],
          [
            0.0,
            1.0,
            0.0
          ],
          [
            0.67559,
            0.0,
            -0.737278
          ],
          [
            18841.4,
            134.1,
            -23039.6
          ]
        ],
        "unit_class": "dynBase_ammunition_camp_square",
        "objLayer": 2,
        "props": {
          "army": 2,
          "active": false
        }
      },
      {
        "name": "bdt_t2_bomb_object_10",
        "tm": [
          [
            -0.737278,
            0.0,
            -0.67559
          ],
          [
            0.0,
            1.0,
            0.0
          ],
          [
            0.67559,
            0.0,
            -0.737278
          ],
          [
            21637.5,
            32.7435,
            12836.9
          ]
        ],
        "unit_class": "dynBase_ammunition_camp_square",
        "objLayer": 2,
        "props": {
          "army": 2,
          "active": false
        }
      },
      {
        "name": "bdt_t1_bomb_object_09",
        "tm": [
          [
            -0.422619,
            0.0,
            -0.906308
          ],
          [
            0.0,
            1.0,
            0.0
          ],
          [
            0.906308,
            0.0,
            -0.422619
          ],
          [
            -23128.8,
            17.3438,
            -7321.44
          ]
        ],
        "unit_class": "dynBase_ammunition_camp_square",
        "objLayer": 2,
        "props": {
          "army": 1,
          "active": false
        }
      },
      {
        "name": "bdt_t1_bomb_object_10",
        "tm": [
          [
            -0.422619,
            0.0,
            -0.906308
          ],
          [
            0.0,
            1.0,
            0.0
          ],
          [
            0.906308,
            0.0,
            -0.422619
          ],
          [
            -23302.5,
            17.3497,
            14316.3
          ]
        ],
        "unit_class": "dynBase_ammunition_camp_square",
        "objLayer": 2,
        "props": {
          "army": 1,
          "active": false
        }
      },
      {
        "name": "bdt_t1_bomb_object_11",
        "tm": [
          [
            0.0436189,
            0.0,
            -0.999048
          ],
          [
            0.0,
            1.0,
            0.0
          ],
          [
            0.999048,
            0.0,
            0.0436189
          ],
          [
            -17241.8,
            19.3753,
            18435.5
          ]
        ],
        "unit_class": "dynBase_ammunition_camp_square",
        "objLayer": 2,
        "props": {
          "army": 1,
          "active": false
        }
      },
      {
        "name": "bdt_t1_bomb_object_12",
        "tm": [
          [
            0.0436189,
            0.0,
            -0.999048
          ],
          [
            0.0,
            1.0,
            0.0
          ],
          [
            0.999048,
            0.0,
            0.0436189
          ],
          [
            -16307.2,
            17.4436,
            8733.42
          ]
        ],
        "unit_class": "dynBase_ammunition_camp_square",
        "objLayer": 2,
        "props": {
          "army": 1,
          "active": false
        }
      },
      {
        "name": "bdt_t1_bomb_object_13",
        "tm": [
          [
            0.0436189,
            0.0,
            -0.999048
          ],
          [
            0.0,
            1.0,
            0.0
          ],
          [
            0.999048,
            0.0,
            0.0436189
          ],
          [
            -12129.0,
            17.4439,
            5829.83
          ]
        ],
        "unit_class": "dynBase_ammunition_camp_square",
        "objLayer": 2,
        "props": {
          "army": 1,
          "active": false
        }
      },
      {
        "name": "bdt_t1_bomb_object_14",
        "tm": [
          [
            0.0436189,
            0.0,
            -0.999048
          ],
          [
            0.0,
            1.0,
            0.0
          ],
          [
            0.999048,
            0.0,
            0.0436189
          ],
          [
            -13689.3,
            17.4422,
            881.058
          ]
        ],
        "unit_class": "dynBase_ammunition_camp_square",
        "objLayer": 2,
        "props": {
          "army": 1,
          "active": false
        }
      },
      {
        "name": "bdt_t1_bomb_object_15",
        "tm": [
          [
            0.0436189,
            0.0,
            -0.999048
          ],
          [
            0.0,
            1.0,
            0.0
          ],
          [
            0.999048,
            0.0,
            0.0436189
          ],
          [
            -11550.4,
            25.7918,
            -10728.9
          ]
        ],
        "unit_class": "dynBase_ammunition_camp_square",
        "objLayer": 2,
        "props": {
          "army": 1,
          "active": false
        }
      },
      {
        "name": "bdt_t1_bomb_object_16",
        "tm": [
          [
            0.0436189,
            0.0,
            -0.999048
          ],
          [
            0.0,
            1.0,
            0.0
          ],
          [
            0.999048,
            0.0,
            0.0436189
          ],
          [
            -17430.7,
            18.8628,
            -9471.78
          ]
        ],
        "unit_class": "dynBase_ammunition_camp_square",
        "objLayer": 2,
        "props": {
          "army": 1,
          "active": false
        }
      },
      {
        "name": "bdt_t1_bomb_object_17",
        "tm": [
          [
            0.0436189,
            0.0,
            -0.999048
          ],
          [
            0.0,
            1.0,
            0.0
          ],
          [
            0.999048,
            0.0,
            0.0436189
          ],
          [
            -18177.1,
            27.9443,
            -18254.8
          ]
        ],
        "unit_class": "dynBase_ammunition_camp_square",
        "objLayer": 2,
        "props": {
          "army": 1,
          "active": false
        }
      },
      {
        "name": "bdt_t1_bomb_object_18",
        "tm": [
          [
            0.0436189,
            0.0,
            -0.999048
          ],
          [
            0.0,
            1.0,
            0.0
          ],
          [
            0.999048,
            0.0,
            0.0436189
          ],
          [
            -23213.7,
            27.9447,
            -17771.8
          ]
        ],
        "unit_class": "dynBase_ammunition_camp_square",
        "objLayer": 2,
        "props": {
          "army": 1,
          "active": false
        }
      },
      {
        "name": "bdt_t1_bomb_object_19",
        "tm": [
          [
            0.0436189,
            0.0,
            -0.999048
          ],
          [
            0.0,
            1.0,
            0.0
          ],
          [
            0.999048,
            0.0,
            0.0436189
          ],
          [
            -10981.2,
            22.7554,
            -23690.1
          ]
        ],
        "unit_class": "dynBase_ammunition_camp_square",
        "objLayer": 2,
        "props": {
          "army": 1,
          "active": false
        }
      },
      {
        "name": "bdt_t1_bomb_object_20",
        "tm": [
          [
            0.0436189,
            0.0,
            -0.999048
          ],
          [
            0.0,
            1.0,
            0.0
          ],
          [
            0.999048,
            0.0,
            0.0436189
          ],
          [
            -22241.6,
            16.6679,
            4666.56
          ]
        ],
        "unit_class": "dynBase_ammunition_camp_square",
        "objLayer": 2,
        "props": {
          "army": 1,
          "active": false
        }
      },
      {
        "name": "bdt_t2_bomb_object_11",
        "tm": [
          [
            -0.965926,
            0.0,
            -0.258819
          ],
          [
            0.0,
            1.0,
            0.0
          ],
          [
            0.258819,
            0.0,
            -0.965926
          ],
          [
            10721.6,
            100.668,
            -23551.4
          ]
        ],
        "unit_class": "dynBase_ammunition_camp_square",
        "objLayer": 2,
        "props": {
          "army": 2,
          "active": false
        }
      },
      {
        "name": "bdt_t2_bomb_object_12",
        "tm": [
          [
            -0.965926,
            0.0,
            -0.258819
          ],
          [
            0.0,
            1.0,
            0.0
          ],
          [
            0.258819,
            0.0,
            -0.965926
          ],
          [
            18643.1,
            62.8392,
            -17790.2
          ]
        ],
        "unit_class": "dynBase_ammunition_camp_square",
        "objLayer": 2,
        "props": {
          "army": 2,
          "active": false
        }
      },
      {
        "name": "bdt_t2_bomb_object_13",
        "tm": [
          [
            -0.965926,
            0.0,
            -0.258819
          ],
          [
            0.0,
            1.0,
            0.0
          ],
          [
            0.258819,
            0.0,
            -0.965926
          ],
          [
            13793.7,
            86.972,
            -16578.4
          ]
        ],
        "unit_class": "dynBase_ammunition_camp_square",
        "objLayer": 2,
        "props": {
          "army": 2,
          "active": false
        }
      },
      {
        "name": "bdt_t2_bomb_object_14",
        "tm": [
          [
            -0.965926,
            0.0,
            -0.258819
          ],
          [
            0.0,
            1.0,
            0.0
          ],
          [
            0.258819,
            0.0,
            -0.965926
          ],
          [
            15625.9,
            68.9481,
            -4258.03
          ]
        ],
        "unit_class": "dynBase_ammunition_camp_square",
        "objLayer": 2,
        "props": {
          "army": 2,
          "active": false
        }
      },
      {
        "name": "bdt_t2_bomb_object_15",
        "tm": [
          [
            -0.965926,
            0.0,
            -0.258819
          ],
          [
            0.0,
            1.0,
            0.0
          ],
          [
            0.258819,
            0.0,
            -0.965926
          ],
          [
            19157.4,
            68.9483,
            2048.94
          ]
        ],
        "unit_class": "dynBase_ammunition_camp_square",
        "objLayer": 2,
        "props": {
          "army": 2,
          "active": false
        }
      },
      {
        "name": "bdt_t2_bomb_object_16",
        "tm": [
          [
            -0.965926,
            0.0,
            -0.258819
          ],
          [
            0.0,
            1.0,
            0.0
          ],
          [
            0.258819,
            0.0,
            -0.965926
          ],
          [
            14211.7,
            68.9449,
            8130.49
          ]
        ],
        "unit_class": "dynBase_ammunition_camp_square",
        "objLayer": 2,
        "props": {
          "army": 2,
          "active": false
        }
      },
      {
        "name": "bdt_t2_bomb_object_17",
        "tm": [
          [
            -0.965926,
            0.0,
            -0.258819
          ],
          [
            0.0,
            1.0,
            0.0
          ],
          [
            0.258819,
            0.0,
            -0.965926
          ],
          [
            18338.4,
            51.5109,
            17241.2
          ]
        ],
        "unit_class": "dynBase_ammunition_camp_square",
        "objLayer": 2,
        "props": {
          "army": 2,
          "active": false
        }
      },
      {
        "name": "bdt_t2_bomb_object_18",
        "tm": [
          [
            -0.965926,
            0.0,
            -0.258819
          ],
          [
            0.0,
            1.0,
            0.0
          ],
          [
            0.258819,
            0.0,
            -0.965926
          ],
          [
            20320.2,
            37.3019,
            25502.2
          ]
        ],
        "unit_class": "dynBase_ammunition_camp_square",
        "objLayer": 2,
        "props": {
          "army": 2,
          "active": false
        }
      },
      {
        "name": "bdt_t2_bomb_object_19",
        "tm": [
          [
            -0.965926,
            0.0,
            -0.258819
          ],
          [
            0.0,
            1.0,
            0.0
          ],
          [
            0.258819,
            0.0,
            -0.965926
          ],
          [
            24652.0,
            39.3828,
            11432.3
          ]
        ],
        "unit_class": "dynBase_ammunition_camp_square",
        "objLayer": 2,
        "props": {
          "army": 2,
          "active": false
        }
      },
      {
        "name": "bdt_t2_bomb_object_20",
        "tm": [
          [
            -0.965926,
            0.0,
            -0.258819
          ],
          [
            0.0,
            1.0,
            0.0
          ],
          [
            0.258819,
            0.0,
            -0.965926
          ],
          [
            25835.9,
            79.0281,
            -8442.6
          ]
        ],
        "unit_class": "dynBase_ammunition_camp_square",
        "objLayer": 2,
        "props": {
          "army": 2,
          "active": false
        }
      }
    ],
    "armada": {
      "name": "bdt_armada",
      "tm": [
        [
          -1.0,
          0.0,
          2.08616e-7
        ],
        [
          0.0,
          1.0,
          0.0
        ],
        [
          -2.08616e-7,
          0.0,
          -1.0
        ],
        [
          1691.98,
          1388.0,
          4126.78
        ]
      ],
      "unit_class": "b-17g",
      "objLayer": 1,
      "closed_waypoints": false,
      "isShipSpline": false,
      "shipTurnRadius": 100.0,
      "weapons": "B17G_8x1000lbs",
      "bullets0": "",
      "bullets1": "",
      "bullets2": "",
      "bullets3": "",
      "bulletsCount0": 0,
      "bulletsCount1": 0,
      "bulletsCount2": 0,
      "bulletsCount3": 0,
      "crewSkillK": 0.0,
      "applyAllMods": false,
      "props": {
        "army": 2,
        "count": 1,
        "free_distance": 70.0,
        "floating_distance": 50.0,
        "minimum_distance_to_earth": 20.0,
        "altLimit": 6000.0,
        "attack_type": "fire_at_will",
        "skill": 4,
        "plane": {
          "wing_formation": "Diamond",
          "row_distances": 3.0,
          "col_distances": 3.0,
          "super_formation": "Diamond",
          "super_row_distances": 1.5,
          "super_col_distances": 1.5,
          "ai_skill": "NORMAL",
          "task": "FLY_WAYPOINT"
        }
      },
      "way": {}
    }
  },
  "areas": {
    "bdt_t1_bomb_zone_01": {
      "type": "Sphere",
      "tm": [
        [
          -21.8102,
          0.0,
          -499.524
        ],
        [
          0.0,
          500.0,
          0.0
        ],
        [
          499.524,
          0.0,
          -21.8102
        ],
        [
          -7030.74,
          19.1515,
          21025.3
        ]
      ],
      "objLayer": 0,
      "props": {}
    },
    "bdt_t1_bomb_zone_02": {
      "type": "Sphere",
      "tm": [
        [
          -500.0,
          0.0,
          0.00012207
        ],
        [
          0.0,
          500.0,
          0.0
        ],
        [
          -0.00012207,
          0.0,
          -500.0
        ],
        [
          -15078.5,
          24.2577,
          22961.1
        ]
      ],
      "objLayer": 0,
      "props": {}
    },
    "bdt_t1_bomb_zone_03": {
      "type": "Sphere",
      "tm": [
        [
          -488.148,
          0.0,
          108.22
        ],
        [
          0.0,
          500.0,
          0.0
        ],
        [
          -108.22,
          0.0,
          -488.148
        ],
        [
          -6877.75,
          31.5179,
          14471.8
        ]
      ],
      "objLayer": 0,
      "props": {}
    },
    "bdt_t1_bomb_zone_04": {
      "type": "Sphere",
      "tm": [
        [
          -500.0,
          0.0,
          0.00012207
        ],
        [
          0.0,
          500.0,
          0.0
        ],
        [
          -0.00012207,
          0.0,
          -500.0
        ],
        [
          -9114.4,
          2.95,
          96.9021
        ]
      ],
      "objLayer": 0,
      "props": {}
    },
    "bdt_t1_bomb_zone_05": {
      "type": "Sphere",
      "tm": [
        [
          -383.022,
          0.0,
          -321.394
        ],
        [
          0.0,
          500.0,
          0.0
        ],
        [
          321.394,
          0.0,
          -383.022
        ],
        [
          -17479.9,
          11.6235,
          2687.59
        ]
      ],
      "objLayer": 0,
      "props": {}
    },
    "bdt_t1_bomb_zone_06": {
      "type": "Sphere",
      "tm": [
        [
          -500.0,
          0.0,
          0.00012207
        ],
        [
          0.0,
          500.0,
          0.0
        ],
        [
          -0.00012207,
          0.0,
          -500.0
        ],
        [
          -6548.05,
          20.2706,
          -21064.1
        ]
      ],
      "objLayer": 0,
      "props": {}
    },
    "bdt_t1_bomb_zone_07": {
      "type": "Sphere",
      "tm": [
        [
          -500.0,
          0.0,
          0.00012207
        ],
        [
          0.0,
          500.0,
          0.0
        ],
        [
          -0.00012207,
          0.0,
          -500.0
        ],
        [
          -16495.8,
          25.0965,
          -24349.4
        ]
      ],
      "objLayer": 0,
      "props": {}
    },
    "bdt_t1_bomb_zone_08": {
      "type": "Sphere",
      "tm": [
        [
          -368.639,
          0.0,
          337.795
        ],
        [
          0.0,
          500.0,
          0.0
        ],
        [
          -337.795,
          0.0,
          -368.639
        ],
        [
          -7033.94,
          23.2398,
          -7633.4
        ]
      ],
      "objLayer": 0,
      "props": {}
    },
    "bdt_t2_bomb_zone_01": {
      "type": "Sphere",
      "tm": [
        [
          -453.154,
          0.0,
          -211.309
        ],
        [
          0.0,
          500.0,
          0.0
        ],
        [
          211.309,
          0.0,
          -453.154
        ],
        [
          6800.16,
          18.2565,
          21701.4
        ]
      ],
      "objLayer": 0,
      "props": {}
    },
    "bdt_t2_bomb_zone_02": {
      "type": "Sphere",
      "tm": [
        [
          -500.0,
          0.0,
          0.00012207
        ],
        [
          0.0,
          500.0,
          0.0
        ],
        [
          -0.00012207,
          0.0,
          -500.0
        ],
        [
          6808.35,
          22.2995,
          9347.2
        ]
      ],
      "objLayer": 0,
      "props": {}
    },
    "bdt_t2_bomb_zone_03": {
      "type": "Sphere",
      "tm": [
        [
          -482.963,
          0.0,
          -129.409
        ],
        [
          0.0,
          500.0,
          0.0
        ],
        [
          129.409,
          0.0,
          -482.963
        ],
        [
          10965.8,
          38.2018,
          1952.38
        ]
      ],
      "objLayer": 0,
      "props": {}
    },
    "bdt_t2_bomb_zone_04": {
      "type": "Sphere",
      "tm": [
        [
          -500.0,
          0.0,
          0.00012207
        ],
        [
          0.0,
          500.0,
          0.0
        ],
        [
          -0.00012207,
          0.0,
          -500.0
        ],
        [
          6635.55,
          69.6084,
          -12019.5
        ]
      ],
      "objLayer": 0,
      "props": {}
    },
    "bdt_t2_bomb_zone_05": {
      "type": "Sphere",
      "tm": [
        [
          -500.0,
          0.0,
          0.00012207
        ],
        [
          0.0,
          500.0,
          0.0
        ],
        [
          -0.00012207,
          0.0,
          -500.0
        ],
        [
          6831.75,
          39.4056,
          -2923.75
        ]
      ],
      "objLayer": 0,
      "props": {}
    },
    "bdt_t2_bomb_zone_06": {
      "type": "Sphere",
      "tm": [
        [
          -353.553,
          0.0,
          353.553
        ],
        [
          0.0,
          500.0,
          0.0
        ],
        [
          -353.553,
          0.0,
          -353.553
        ],
        [
          15956.7,
          37.2667,
          23104.5
        ]
      ],
      "objLayer": 0,
      "props": {}
    },
    "bdt_t2_bomb_zone_07": {
      "type": "Sphere",
      "tm": [
        [
          -482.963,
          0.0,
          129.41
        ],
        [
          0.0,
          500.0,
          0.0
        ],
        [
          -129.41,
          0.0,
          -482.963
        ],
        [
          6451.0,
          42.7,
          -25332.5
        ]
      ],
      "objLayer": 0,
      "props": {}
    },
    "bdt_t2_bomb_zone_08": {
      "type": "Sphere",
      "tm": [
        [
          -500.0,
          0.0,
          0.00012207
        ],
        [
          0.0,
          500.0,
          0.0
        ],
        [
          -0.00012207,
          0.0,
          -500.0
        ],
        [
          14366.4,
          134.07,
          -9700.53
        ]
      ],
      "objLayer": 0,
      "props": {}
    },
    "bdt_center_area": {
      "type": "Box",
      "tm": [
        [
          -11000.0,
          0.0,
          0.0
        ],
        [
          0.0,
          500.1,
          0.0
        ],
        [
          0.0,
          0.0,
          -64000.0
        ],
        [
          0.0,
          57.1,
          0.0
        ]
      ],
      "objLayer": 3,
      "props": {}
    },
    "bdt_t2_bomb_zone_09": {
      "type": "Sphere",
      "tm": [
        [
          -482.963,
          0.0,
          129.41
        ],
        [
          0.0,
          500.0,
          0.0
        ],
        [
          -129.41,
          0.0,
          -482.963
        ],
