{
  "selected_tag": "",
  "bin_dump_file": "",
  "mission_settings": {
    "player": {
      "army": 1
    },
    "player_teamB": {
      "army": 2
    },
    "mission": {
      "level": "levels/avg_guadalcanal.bin",
      "type": "domination",
      "environment": "Day",
      "weather": "hazy"
    }
  },
  "imports": {
    "import_record": {
      "file": "gameData/missions/templates/tank_templates/dbttl_template.blk",
      "importAreas": true,
      "importUnits": true,
      "importTriggers": true,
      "importMissionObjectives": true,
      "importWayPoints": true,
      "showAreas": true,
      "showUnits": true,
      "showTriggers": true,
      "showMissionObjectives": true,
      "showWayPoints": true,
      "excludes": []
    }
  },
  "triggers": {
    "isCategory": true,
    "is_enabled": true
  },
  "mission_objectives": {
    "isCategory": true,
    "is_enabled": true
  },
  "variables": [],
  "dialogs": [],
  "airfields": [],
  "effects": [],
  "units": [
    {
      "tankModels": {
        "name": "t1_player01",
        "tm": [
          [-0.706339,0.0429567,0.706568],
          [0.0357307,0.999049,-0.0250194],
          [-0.706972,0.00757444,-0.707202],
          [852.326,246.7,1110.41]
        ],
        "unit_class": "germ_flakpanzer_I_ausf_A",
        "objLayer": 0,
        "closed_waypoints": false,
        "isShipSpline": false,
        "shipTurnRadius": 100.0,
        "weapons": "",
        "bullets0": "",
        "bullets1": "",
        "bullets2": "",
        "bullets3": "",
        "bulletsCount0": 0,
        "bulletsCount1": 0,
        "bulletsCount2": 0,
        "bulletsCount3": 0,
        "props": {
          "army": 2,
          "count": 1,
          "formation_type": "rows",
          "formation_div": 3,
          "formation_step": [2.5,2.0],
          "formation_noise": [0.1,0.1],
          "uniqueName": "",
          "attack_type": "fire_at_will"
        },
        "way": []
      }
    },
    {
      "area_squad": {
        "name": "dbttl_t1_spawn_01",
        "tm": [
          [0.113948,0.0,0.993487],
          [0.0,1.0,0.0],
          [-0.993487,0.0,0.113948],
          [2870.08,671.245,2751.96]
        ],
        "props": [
          {
            "squad_members": "dbttl_t1_spawn_01_01"
          },
          {
            "squad_members": "dbttl_t1_spawn_01_02"
          },
          {
            "squad_members": "dbttl_t1_spawn_01_03"
          },
          {
            "squad_members": "dbttl_t1_spawn_01_04"
          },
          {
            "squad_members": "dbttl_t1_spawn_01_05"
          },
          {
            "squad_members": "dbttl_t1_spawn_01_06"
          },
          {
            "squad_members": "dbttl_t1_spawn_01_07"
          },
          {
            "squad_members": "dbttl_t1_spawn_01_08"
          },
          {
            "squad_members": "dbttl_t1_spawn_01_09"
          },
          {
            "squad_members": "dbttl_t1_spawn_01_10"
          },
          {
            "squad_members": "dbttl_t1_spawn_01_11"
          },
          {
            "squad_members": "dbttl_t1_spawn_01_12"
          },
          {
            "squad_members": "dbttl_t1_spawn_01_13"
          },
          {
            "squad_members": "dbttl_t1_spawn_01_14"
          },
          {
            "squad_members": "dbttl_t1_spawn_01_15"
          },
          {
            "squad_members": "dbttl_t1_spawn_01_16"
          },
          {
            "squad_members": "dbttl_t1_spawn_01_17"
          },
          {
            "squad_members": "dbttl_t1_spawn_01_18"
          },
          {
            "squad_members": "dbttl_t1_spawn_01_19"
          },
          {
            "squad_members": "dbttl_t1_spawn_01_20"
          }
        ]
      }
    },
    {
      "area_squad": {
        "name": "dbttl_t1_spawn_02",
        "tm": [
          [0.692879,0.0,-0.721054],
          [0.0,1.0,0.0],
          [0.721054,0.0,0.692879],
          [3536.01,681.19,2612.99]
        ],
        "props": [
          {
            "squad_members": "dbttl_t1_spawn_02_01"
          },
          {
            "squad_members": "dbttl_t1_spawn_02_02"
          },
          {
            "squad_members": "dbttl_t1_spawn_02_03"
          },
          {
            "squad_members": "dbttl_t1_spawn_02_04"
          },
          {
            "squad_members": "dbttl_t1_spawn_02_05"
          },
          {
            "squad_members": "dbttl_t1_spawn_02_06"
          },
          {
            "squad_members": "dbttl_t1_spawn_02_07"
          },
          {
            "squad_members": "dbttl_t1_spawn_02_08"
          },
          {
            "squad_members": "dbttl_t1_spawn_02_09"
          },
          {
            "squad_members": "dbttl_t1_spawn_02_10"
          },
          {
            "squad_members": "dbttl_t1_spawn_02_11"
          },
          {
            "squad_members": "dbttl_t1_spawn_02_12"
          },
          {
            "squad_members": "dbttl_t1_spawn_02_13"
          },
          {
            "squad_members": "dbttl_t1_spawn_02_14"
          },
          {
            "squad_members": "dbttl_t1_spawn_02_15"
          },
          {
            "squad_members": "dbttl_t1_spawn_02_16"
          },
          {
            "squad_members": "dbttl_t1_spawn_02_17"
          },
          {
            "squad_members": "dbttl_t1_spawn_02_18"
          },
          {
            "squad_members": "dbttl_t1_spawn_02_19"
          },
          {
            "squad_members": "dbttl_t1_spawn_02_20"
          }
        ]
      }
    },
    {
      "area_squad": {
        "name": "dbttl_t2_spawn_01",
        "tm": [
          [-0.996709,0.0,0.0810665],
          [0.0,1.0,0.0],
          [-0.0810665,0.0,-0.996709],
          [2716.07,661.134,1568.97]
        ],
        "props": [
          {
            "squad_members": "dbttl_t2_spawn_01_01"
          },
          {
            "squad_members": "dbttl_t2_spawn_01_02"
          },
          {
            "squad_members": "dbttl_t2_spawn_01_03"
          },
          {
            "squad_members": "dbttl_t2_spawn_01_04"
          },
          {
            "squad_members": "dbttl_t2_spawn_01_05"
          },
          {
            "squad_members": "dbttl_t2_spawn_01_06"
          },
          {
            "squad_members": "dbttl_t2_spawn_01_07"
          },
          {
            "squad_members": "dbttl_t2_spawn_01_08"
          },
          {
            "squad_members": "dbttl_t2_spawn_01_09"
          },
          {
            "squad_members": "dbttl_t2_spawn_01_10"
          },
          {
            "squad_members": "dbttl_t2_spawn_01_11"
          },
          {
            "squad_members": "dbttl_t2_spawn_01_12"
          },
          {
            "squad_members": "dbttl_t2_spawn_01_13"
          },
          {
            "squad_members": "dbttl_t2_spawn_01_14"
          },
          {
            "squad_members": "dbttl_t2_spawn_01_15"
          },
          {
            "squad_members": "dbttl_t2_spawn_01_16"
          },
          {
            "squad_members": "dbttl_t2_spawn_01_17"
          },
          {
            "squad_members": "dbttl_t2_spawn_01_18"
          },
          {
            "squad_members": "dbttl_t2_spawn_01_19"
          },
          {
            "squad_members": "dbttl_t2_spawn_01_20"
          }
        ]
      }
    },
    {
      "area_squad": {
        "name": "dbttl_t2_spawn_02",
        "tm": [
          [-0.430188,0.0,0.90274],
          [0.0,1.0,0.0],
          [-0.90274,0.0,-0.430188],
          [3390.81,690.283,1571.86]
        ],
        "props": [
          {
            "squad_members": "dbttl_t2_spawn_02_01"
          },
          {
            "squad_members": "dbttl_t2_spawn_02_02"
          },
          {
            "squad_members": "dbttl_t2_spawn_02_03"
          },
          {
            "squad_members": "dbttl_t2_spawn_02_04"
          },
          {
            "squad_members": "dbttl_t2_spawn_02_05"
          },
          {
            "squad_members": "dbttl_t2_spawn_02_06"
          },
          {
            "squad_members": "dbttl_t2_spawn_02_07"
          },
          {
            "squad_members": "dbttl_t2_spawn_02_08"
          },
          {
            "squad_members": "dbttl_t2_spawn_02_09"
          },
          {
            "squad_members": "dbttl_t2_spawn_02_10"
          },
          {
            "squad_members": "dbttl_t2_spawn_02_11"
          },
          {
            "squad_members": "dbttl_t2_spawn_02_12"
          },
          {
            "squad_members": "dbttl_t2_spawn_02_13"
          },
          {
            "squad_members": "dbttl_t2_spawn_02_14"
          },
          {
            "squad_members": "dbttl_t2_spawn_02_15"
          },
          {
            "squad_members": "dbttl_t2_spawn_02_16"
          },
          {
            "squad_members": "dbttl_t2_spawn_02_17"
          },
          {
            "squad_members": "dbttl_t2_spawn_02_18"
          },
          {
            "squad_members": "dbttl_t2_spawn_02_19"
          },
          {
            "squad_members": "dbttl_t2_spawn_02_20"
          }
        ]
      }
    },
    {
      "objectGroups": {
        "name": "t1_trench01",
        "tm": [
          [0.173648,0.0,0.984808],
          [0.0,1.0,0.0],
          [-0.984808,0.0,0.173648],
          [2724.1,660.675,2839.25]
        ],
        "unit_class": "rendinst_fortification_sand_trench_onground_a",
        "objLayer": 2,
        "props": {
          "army": 1,
          "active": true
        }
      }
    },
    {
      "objectGroups": {
        "name": "t1_trench02",
        "tm": [
          [0.0436194,0.0,0.999048],
          [0.0,1.0,0.0],
          [-0.999048,0.0,0.0436194],
          [775.65,631.4,3014.9]
        ],
        "unit_class": "rendinst_fortification_sand_trench_onground_a",
        "objLayer": 2,
        "props": {
          "army": 1,
          "active": true
        }
      }
    },
    {
      "objectGroups": {
        "name": "t1_trench03",
        "tm": [
          [0.300706,0.0,0.953717],
          [0.0,1.0,0.0],
          [-0.953717,0.0,0.300706],
          [1139.86,631.319,3113.19]
        ],
        "unit_class": "rendinst_fortification_sand_trench_onground_a",
        "objLayer": 2,
        "props": {
          "army": 1,
          "active": true
        }
      }
    },
    {
      "objectGroups": {
        "name": "t1_trench04",
        "tm": [
          [0.300706,0.0,0.953717],
          [0.0,1.0,0.0],
          [-0.953717,0.0,0.300706],
          [2651.36,652.682,2937.95]
        ],
        "unit_class": "rendinst_fortification_sand_trench_onground_a",
        "objLayer": 2,
        "props": {
          "army": 1,
          "active": true
        }
      }
    },
    {
      "objectGroups": {
        "name": "t1_trench05",
        "tm": [
          [-0.300706,0.0,0.953717],
          [0.0,1.0,0.0],
          [-0.953717,0.0,-0.300706],
          [570.5,631.936,3027.35]
        ],
        "unit_class": "rendinst_fortification_sand_trench_onground_a",
        "objLayer": 2,
        "props": {
          "army": 1,
          "active": true
        }
      }
    },
    {
      "objectGroups": {
        "name": "t1_trench06",
        "tm": [
          [0.300706,0.0,0.953717],
          [0.0,1.0,0.0],
          [-0.953717,0.0,0.300706],
          [2132.95,631.683,2875.4]
        ],
        "unit_class": "rendinst_fortification_sand_trench_onground_a",
        "objLayer": 2,
        "props": {
          "army": 1,
          "active": true
        }
      }
    },
    {
      "objectGroups": {
        "name": "t1_trench07",
        "tm": [
          [-0.0871556,0.0,0.996195],
          [0.0,1.0,0.0],
          [-0.996195,0.0,-0.0871556],
          [1344.3,631.649,2868.2]
        ],
        "unit_class": "rendinst_fortification_sand_trench_onground_a",
        "objLayer": 2,
        "props": {
          "army": 1,
          "active": true
        }
      }
    },
    {
      "objectGroups": {
        "name": "t1_trench08",
        "tm": [
          [0.130526,0.0,0.991445],
          [0.0,1.0,0.0],
          [-0.991445,0.0,0.130526],
          [1531.85,630.982,2891.7]
        ],
        "unit_class": "rendinst_fortification_sand_trench_onground_a",
        "objLayer": 2,
        "props": {
          "army": 1,
          "active": true
        }
      }
    },
    {
      "objectGroups": {
        "name": "t1_trench09",
        "tm": [
          [-0.0871557,0.0,-0.996195],
          [0.0,1.0,0.0],
          [0.996195,0.0,-0.0871557],
          [2287.5,630.898,2853.1]
        ],
        "unit_class": "rendinst_fortification_sandbags_onground_a",
        "objLayer": 2,
        "props": {
          "army": 1,
          "active": true
        }
      }
    },
    {
      "objectGroups": {
        "name": "t1_trench10",
        "tm": [
          [0.0871558,0.0,-0.996195],
          [0.0,1.0,0.0],
          [0.996195,0.0,0.0871558],
          [2274.63,629.851,2852.52]
        ],
        "unit_class": "rendinst_fortification_sandbags_onground_a",
        "objLayer": 2,
        "props": {
          "army": 1,
          "active": true
        }
      }
    },
    {
      "objectGroups": {
        "name": "t2_trench01",
        "tm": [
          [-0.841839,0.0,-0.539728],
          [0.0,1.0,0.0],
          [0.539728,0.0,-0.841839],
          [1211.86,631.363,1114.07]
        ],
        "unit_class": "rendinst_fortification_sand_trench_onground_a",
        "objLayer": 2,
        "props": {
          "army": 2,
          "active": true
        }
      }
    },
    {
      "objectGroups": {
        "name": "t2_trench02",
        "tm": [
          [0.502494,0.0,-0.864581],
          [0.0,1.0,0.0],
          [0.864581,0.0,0.502494],
          [1990.43,632.536,1805.04]
        ],
        "unit_class": "rendinst_fortification_sand_trench_onground_a",
        "objLayer": 2,
        "props": {
          "army": 2,
          "active": true
        }
      }
    },
    {
      "objectGroups": {
        "name": "t2_trench03",
        "tm": [
          [-0.0954538,0.0,-0.995434],
          [0.0,1.0,0.0],
          [0.995434,0.0,-0.0954538],
          [1415.29,631.568,1888.2]
        ],
        "unit_class": "rendinst_fortification_sand_trench_onground_a",
        "objLayer": 2,
        "props": {
          "army": 2,
          "active": true
        }
      }
    },
    {
      "objectGroups": {
        "name": "t2_trench04",
        "tm": [
          [-0.374972,0.0,0.927036],
          [0.0,1.0,0.0],
          [-0.927036,0.0,-0.374972],
          [1790.32,630.489,1647.32]
        ],
        "unit_class": "rendinst_fortification_sandbags_onground_a",
        "objLayer": 2,
        "props": {
          "army": 2,
          "active": true
        }
      }
    },
    {
      "objectGroups": {
        "name": "t2_trench05",
        "tm": [
          [-0.224567,0.0,-0.974458],
          [0.0,1.0,0.0],
          [0.974458,0.0,-0.224567],
          [1222.86,631.642,1857.16]
        ],
        "unit_class": "rendinst_fortification_sand_trench_onground_a",
        "objLayer": 2,
        "props": {
          "army": 2,
          "active": true
        }
      }
    },
    {
      "objectGroups": {
        "name": "t2_trench06",
        "tm": [
          [-0.0188596,0.0,-0.999822],
          [0.0,1.0,0.0],
          [0.999822,0.0,-0.0188596],
          [1867.58,630.009,1686.42]
        ],
        "unit_class": "rendinst_fortification_sand_trench_onground_a",
        "objLayer": 2,
        "props": {
          "army": 2,
          "active": true
        }
      }
    },
    {
      "objectGroups": {
        "name": "t2_trench07",
        "tm": [
          [0.801326,0.0,0.598229],
          [0.0,1.0,0.0],
          [-0.598229,0.0,0.801326],
          [2315.71,637.606,1703.92]
        ],
        "unit_class": "rendinst_fortification_sand_trench_onground_a",
        "objLayer": 2,
        "props": {
          "army": 2,
          "active": true
        }
      }
    },
    {
      "objectGroups": {
        "name": "t2_trench08",
        "tm": [
          [0.146768,0.0,-0.989171],
          [0.0,1.0,0.0],
          [0.989171,0.0,0.146768],
          [1789.66,630.162,1757.39]
        ],
        "unit_class": "rendinst_fortification_sand_trench_onground_a",
        "objLayer": 2,
        "props": {
          "army": 2,
          "active": true
        }
      }
    },
    {
      "objectGroups": {
        "name": "t2_trench09",
        "tm": [
          [0.157474,0.0,0.987523],
          [0.0,1.0,0.0],
          [-0.987523,0.0,0.157474],
          [2041.9,632.55,1611.25]
        ],
        "unit_class": "rendinst_fortification_sandbags_onground_a",
        "objLayer": 2,
        "props": {
          "army": 2,
          "active": true
        }
      }
    },
    {
      "objectGroups": {
        "name": "t2_trench10",
        "tm": [
          [0.39066,0.0,0.920535],
          [0.0,1.0,0.0],
          [-0.920535,0.0,0.39066],
          [1149.56,631.347,1887.75]
        ],
        "unit_class": "rendinst_fortification_sandbags_onground_a",
        "objLayer": 2,
        "props": {
          "army": 2,
          "active": true
        }
      }
    },
    {
      "squad": {
        "name": "t1_trench_sq",
        "tm": [
          [1.0,0.0,0.0],
          [0.0,1.0,0.0],
          [0.0,0.0,1.0],
          [3063.21,693.272,2522.36]
        ],
        "props": [
          {
            "object_marking": 0
          },
          {
            "squad_members": "t1_trench01"
          },
          {
            "squad_members": "t1_trench02"
          },
          {
            "squad_members": "t1_trench03"
          },
          {
            "squad_members": "t1_trench04"
          },
          {
            "squad_members": "t1_trench05"
          },
          {
            "squad_members": "t1_trench06"
          },
          {
            "squad_members": "t1_trench07"
          },
          {
            "squad_members": "t1_trench08"
          },
          {
            "squad_members": "t1_trench09"
          },
          {
            "squad_members": "t1_trench10"
          }
        ]
      }
    },
    {
      "squad": {
        "name": "t2_trench_sq",
        "tm": [
          [1.0,0.0,0.0],
          [0.0,1.0,0.0],
          [0.0,0.0,1.0],
          [2956.54,695.993,1829.83]
        ],
        "props": [
          {
            "object_marking": 0
          },
          {
            "squad_members": "t2_trench01"
          },
          {
            "squad_members": "t2_trench02"
          },
          {
            "squad_members": "t2_trench03"
          },
          {
            "squad_members": "t2_trench04"
          },
          {
            "squad_members": "t2_trench05"
          },
          {
            "squad_members": "t2_trench06"
          },
          {
            "squad_members": "t2_trench07"
          },
          {
            "squad_members": "t2_trench08"
          },
          {
            "squad_members": "t2_trench09"
          },
          {
            "squad_members": "t2_trench10"
          },
          {
            "squad_members": "t2_trench11"
          },
          {
            "squad_members": "t2_trench12"
          },
          {
            "squad_members": "t2_trench13"
          },
          {
            "squad_members": "t2_trench14"
          },
          {
            "squad_members": "t2_trench15"
          },
          {
            "squad_members": "t2_trench16"
          },
          {
            "squad_members": "t2_trench17"
          },
          {
            "squad_members": "t2_trench18"
          },
          {
            "squad_members": "t2_trench19"
          },
          {
            "squad_members": "t2_trench20"
          }
        ]
      }
    },
    {
      "tankModels": {
        "name": "t1_antiTankGun01",
        "tm": [
          [-0.231492,0.0,-0.972837],
          [0.0,1.0,0.0],
          [0.972837,0.0,-0.231492],
          [2714.42,660.183,2844.24]
        ],
        "unit_class": "germ_at_gun_pak38",
        "objLayer": 1,
        "closed_waypoints": false,
        "isShipSpline": false,
        "shipTurnRadius": 100.0,
        "weapons": "",
        "bullets0": "",
        "bullets1": "",
        "bullets2": "",
        "bullets3": "",
        "bulletsCount0": 0,
        "bulletsCount1": 0,
        "bulletsCount2": 0,
        "bulletsCount3": 0,
        "props": {
          "army": 1,
          "count": 1,
          "formation_type": "rows",
          "formation_div": 3,
          "formation_step": [2.5,2.0],
          "formation_noise": [0.1,0.1],
          "uniqueName": "",
          "attack_type": "fire_at_will",
          "targetableByAi": false,
          "unitReplacementType": "antiTankGun"
        },
        "way": []
      }
    },
    {
      "tankModels": {
        "name": "t1_antiTankGun02",
        "tm": [
          [-0.0749627,0.0,-0.997186],
          [0.0,1.0,0.0],
          [0.997186,0.0,-0.0749627],
          [2700.81,659.752,2847.28]
        ],
        "unit_class": "germ_at_gun_pak38",
        "objLayer": 1,
        "closed_waypoints": false,
        "isShipSpline": false,
        "shipTurnRadius": 100.0,
        "weapons": "",
        "bullets0": "",
        "bullets1": "",
        "bullets2": "",
        "bullets3": "",
        "bulletsCount0": 0,
        "bulletsCount1": 0,
        "bulletsCount2": 0,
        "bulletsCount3": 0,
        "props": {
          "army": 1,
          "count": 1,
          "formation_type": "rows",
          "formation_div": 3,
          "formation_step": [2.5,2.0],
          "formation_noise": [0.1,0.1],
          "uniqueName": "",
          "attack_type": "fire_at_will",
          "targetableByAi": false,
          "unitReplacementType": "antiTankGun"
        },
        "way": []
      }
    },
    {
      "tankModels": {
        "name": "t1_antiTankGun03",
        "tm": [
          [-0.0313947,0.0,-0.999507],
          [0.0,1.0,0.0],
          [0.999507,0.0,-0.0313947],
          [2110.74,631.541,2879.89]
        ],
        "unit_class": "germ_at_gun_pak38",
        "objLayer": 1,
        "closed_waypoints": false,
        "isShipSpline": false,
        "shipTurnRadius": 100.0,
        "weapons": "",
        "bullets0": "",
        "bullets1": "",
        "bullets2": "",
        "bullets3": "",
        "bulletsCount0": 0,
        "bulletsCount1": 0,
        "bulletsCount2": 0,
        "bulletsCount3": 0,
        "props": {
          "army": 1,
          "count": 1,
          "formation_type": "rows",
          "formation_div": 3,
          "formation_step": [2.5,2.0],
          "formation_noise": [0.1,0.1],
          "uniqueName": "",
          "attack_type": "fire_at_will",
          "targetableByAi": false,
          "unitReplacementType": "antiTankGun"
        },
        "way": []
      }
    },
    {
      "tankModels": {
        "name": "t1_antiTankGun04",
        "tm": [
          [-0.165508,0.0,-0.986209],
          [0.0,1.0,0.0],
          [0.986209,0.0,-0.165508],
          [2122.57,631.557,2880.6]
        ],
        "unit_class": "germ_at_gun_pak38",
        "objLayer": 1,
        "closed_waypoints": false,
        "isShipSpline": false,
        "shipTurnRadius": 100.0,
        "weapons": "",
        "bullets0": "",
        "bullets1": "",
        "bullets2": "",
        "bullets3": "",
        "bulletsCount0": 0,
        "bulletsCount1": 0,
        "bulletsCount2": 0,
        "bulletsCount3": 0,
        "props": {
          "army": 1,
          "count": 1,
          "formation_type": "rows",
          "formation_div": 3,
          "formation_step": [2.5,2.0],
          "formation_noise": [0.1,0.1],
          "uniqueName": "",
          "attack_type": "fire_at_will",
          "targetableByAi": false,
          "unitReplacementType": "antiTankGun"
        },
        "way": []
      }
    },
    {
      "tankModels": {
        "name": "t1_antiTankGun05",
        "tm": [
          [0.0907602,0.0,-0.995872],
          [0.0,1.0,0.0],
          [0.995872,0.0,0.0907602],
          [1333.08,631.741,2870.18]
        ],
        "unit_class": "germ_at_gun_pak38",
        "objLayer": 1,
        "closed_waypoints": false,
        "isShipSpline": false,
        "shipTurnRadius": 100.0,
        "weapons": "",
        "bullets0": "",
        "bullets1": "",
        "bullets2": "",
        "bullets3": "",
        "bulletsCount0": 0,
        "bulletsCount1": 0,
        "bulletsCount2": 0,
        "bulletsCount3": 0,
        "props": {
          "army": 1,
          "count": 1,
          "formation_type": "rows",
          "formation_div": 3,
          "formation_step": [2.5,2.0],
          "formation_noise": [0.1,0.1],
          "uniqueName": "",
          "attack_type": "fire_at_will",
          "targetableByAi": false,
          "unitReplacementType": "antiTankGun"
        },
        "way": []
      }
    },
    {
      "tankModels": {
        "name": "t1_antiTankGun06",
        "tm": [
          [-0.0313948,0.0,-0.999507],
          [0.0,1.0,0.0],
          [0.999507,0.0,-0.0313948],
          [1322.34,631.735,2869.56]
        ],
        "unit_class": "germ_at_gun_pak38",
        "objLayer": 1,
        "closed_waypoints": false,
        "isShipSpline": false,
        "shipTurnRadius": 100.0,
        "weapons": "",
        "bullets0": "",
        "bullets1": "",
        "bullets2": "",
        "bullets3": "",
        "bulletsCount0": 0,
        "bulletsCount1": 0,
        "bulletsCount2": 0,
        "bulletsCount3": 0,
        "props": {
          "army": 1,
          "count": 1,
          "formation_type": "rows",
          "formation_div": 3,
          "formation_step": [2.5,2.0],
          "formation_noise": [0.1,0.1],
          "uniqueName": "",
          "attack_type": "fire_at_will",
          "targetableByAi": false,
          "unitReplacementType": "antiTankGun"
        },
        "way": []
      }
    },
    {
      "tankModels": {
        "name": "t1_antiTankGun07",
        "tm": [
          [0.0993357,0.0,-0.995054],
          [0.0,1.0,0.0],
          [0.995054,0.0,0.0993357],
          [1516.47,631.001,2890.71]
        ],
        "unit_class": "germ_at_gun_pak38",
        "objLayer": 1,
        "closed_waypoints": false,
        "isShipSpline": false,
        "shipTurnRadius": 100.0,
        "weapons": "",
        "bullets0": "",
        "bullets1": "",
        "bullets2": "",
        "bullets3": "",
        "bulletsCount0": 0,
        "bulletsCount1": 0,
        "bulletsCount2": 0,
        "bulletsCount3": 0,
        "props": {
          "army": 1,
          "count": 1,
          "formation_type": "rows",
          "formation_div": 3,
          "formation_step": [2.5,2.0],
          "formation_noise": [0.1,0.1],
          "uniqueName": "",
          "attack_type": "fire_at_will",
          "targetableByAi": false,
          "unitReplacementType": "antiTankGun"
        },
        "way": []
      }
    },
    {
      "tankModels": {
        "name": "t1_antiTankGun08",
        "tm": [
          [0.0907602,0.0,-0.995872],
          [0.0,1.0,0.0],
          [0.995872,0.0,0.0907602],
          [1311.86,632.126,2876.09]
        ],
        "unit_class": "germ_at_gun_pak38",
        "objLayer": 1,
        "closed_waypoints": false,
        "isShipSpline": false,
        "shipTurnRadius": 100.0,
        "weapons": "",
        "bullets0": "",
        "bullets1": "",
        "bullets2": "",
        "bullets3": "",
        "bulletsCount0": 0,
        "bulletsCount1": 0,
        "bulletsCount2": 0,
        "bulletsCount3": 0,
        "props": {
          "army": 1,
          "count": 1,
          "formation_type": "rows",
          "formation_div": 3,
          "formation_step": [2.5,2.0],
          "formation_noise": [0.1,0.1],
          "uniqueName": "",
          "attack_type": "fire_at_will",
          "targetableByAi": false,
          "unitReplacementType": "antiTankGun"
        },
        "way": []
      }
    },
    {
      "tankModels": {
        "name": "t1_antiTankGun09",
        "tm": [
          [-0.0400036,0.0,-0.999199],
          [0.0,1.0,0.0],
          [0.999199,0.0,-0.0400036],
          [2287.57,630.909,2854.71]
        ],
        "unit_class": "germ_at_gun_pak38",
        "objLayer": 1,
        "closed_waypoints": false,
        "isShipSpline": false,
        "shipTurnRadius": 100.0,
        "weapons": "",
        "bullets0": "",
        "bullets1": "",
        "bullets2": "",
        "bullets3": "",
        "bulletsCount0": 0,
        "bulletsCount1": 0,
        "bulletsCount2": 0,
        "bulletsCount3": 0,
        "props": {
          "army": 1,
          "count": 1,
          "formation_type": "rows",
          "formation_div": 3,
          "formation_step": [2.5,2.0],
          "formation_noise": [0.1,0.1],
          "uniqueName": "",
          "attack_type": "fire_at_will",
          "targetableByAi": false,
          "unitReplacementType": "antiTankGun"
        },
        "way": []
      }
    },
    {
      "tankModels": {
        "name": "t1_antiTankGun10",
        "tm": [
          [0.576537,0.0,-0.817071],
          [0.0,1.0,0.0],
          [0.817071,0.0,0.576537],
          [522.58,632.382,3019.0]
        ],
        "unit_class": "germ_at_gun_pak38",
        "objLayer": 1,
        "closed_waypoints": false,
        "isShipSpline": false,
        "shipTurnRadius": 100.0,
        "weapons": "",
        "bullets0": "",
        "bullets1": "",
        "bullets2": "",
        "bullets3": "",
        "bulletsCount0": 0,
        "bulletsCount1": 0,
        "bulletsCount2": 0,
        "bulletsCount3": 0,
        "props": {
          "army": 1,
          "count": 1,
          "formation_type": "rows",
          "formation_div": 3,
          "formation_step": [2.5,2.0],
          "formation_noise": [0.1,0.1],
          "uniqueName": "",
          "attack_type": "fire_at_will",
          "targetableByAi": false,
          "unitReplacementType": "antiTankGun"
        },
        "way": []
      }
    },
    {
      "tankModels": {
        "name": "t1_antiTankGun11",
        "tm": [
          [0.0907602,0.0,-0.995872],
          [0.0,1.0,0.0],
          [0.995872,0.0,0.0907602],
          [2274.24,629.828,2855.84]
        ],
        "unit_class": "germ_at_gun_pak38",
        "objLayer": 1,
        "closed_waypoints": false,
        "isShipSpline": false,
        "shipTurnRadius": 100.0,
        "weapons": "",
        "bullets0": "",
        "bullets1": "",
        "bullets2": "",
        "bullets3": "",
        "bulletsCount0": 0,
        "bulletsCount1": 0,
        "bulletsCount2": 0,
        "bulletsCount3": 0,
        "props": {
          "army": 1,
          "count": 1,
          "formation_type": "rows",
          "formation_div": 3,
          "formation_step": [2.5,2.0],
          "formation_noise": [0.1,0.1],
          "uniqueName": "",
          "attack_type": "fire_at_will",
          "targetableByAi": false,
          "unitReplacementType": "antiTankGun"
        },
        "way": []
      }
    },
    {
      "tankModels": {
        "name": "t1_antiTankGun12",
        "tm": [
          [0.262313,0.0,-0.964982],
          [0.0,1.0,0.0],
          [0.964982,0.0,0.262313],
          [487.7,631.685,3013.67]
        ],
        "unit_class": "germ_at_gun_pak38",
        "objLayer": 1,
        "closed_waypoints": false,
        "isShipSpline": false,
        "shipTurnRadius": 100.0,
        "weapons": "",
        "bullets0": "",
        "bullets1": "",
        "bullets2": "",
        "bullets3": "",
        "bulletsCount0": 0,
        "bulletsCount1": 0,
        "bulletsCount2": 0,
        "bulletsCount3": 0,
        "props": {
          "army": 1,
          "count": 1,
          "formation_type": "rows",
          "formation_div": 3,
          "formation_step": [2.5,2.0],
          "formation_noise": [0.1,0.1],
          "uniqueName": "",
          "attack_type": "fire_at_will",
          "targetableByAi": false,
          "unitReplacementType": "antiTankGun"
        },
        "way": []
      }
    },
    {
      "tankModels": {
        "name": "t1_antiTankGun13",
        "tm": [
          [-0.277603,0.0,-0.960696],
          [0.0,1.0,0.0],
          [0.960696,0.0,-0.277603],
          [1129.88,631.332,3118.12]
        ],
        "unit_class": "germ_at_gun_pak38",
        "objLayer": 1,
        "closed_waypoints": false,
        "isShipSpline": false,
        "shipTurnRadius": 100.0,
        "weapons": "",
        "bullets0": "",
        "bullets1": "",
        "bullets2": "",
        "bullets3": "",
        "bulletsCount0": 0,
        "bulletsCount1": 0,
        "bulletsCount2": 0,
        "bulletsCount3": 0,
        "props": {
          "army": 1,
          "count": 1,
          "formation_type": "rows",
          "formation_div": 3,
          "formation_step": [2.5,2.0],
          "formation_noise": [0.1,0.1],
          "uniqueName": "",
          "attack_type": "fire_at_will",
          "targetableByAi": false,
          "unitReplacementType": "antiTankGun"
        },
        "way": []
      }
    },
    {
      "tankModels": {
        "name": "t1_antiTankGun14",
        "tm": [
          [0.143893,0.0,-0.989593],
          [0.0,1.0,0.0],
          [0.989593,0.0,0.143893],
          [739.1,631.389,3015.35]
        ],
        "unit_class": "germ_at_gun_pak38",
        "objLayer": 1,
        "closed_waypoints": false,
        "isShipSpline": false,
        "shipTurnRadius": 100.0,
        "weapons": "",
        "bullets0": "",
        "bullets1": "",
        "bullets2": "",
        "bullets3": "",
        "bulletsCount0": 0,
        "bulletsCount1": 0,
        "bulletsCount2": 0,
        "bulletsCount3": 0,
        "props": {
          "army": 1,
          "count": 1,
          "formation_type": "rows",
          "formation_div": 3,
          "formation_step": [2.5,2.0],
          "formation_noise": [0.1,0.1],
          "uniqueName": "",
          "attack_type": "fire_at_will",
          "targetableByAi": false,
          "unitReplacementType": "antiTankGun"
        },
        "way": []
      }
    },
    {
      "tankModels": {
        "name": "t1_antiTankGun15",
        "tm": [
          [0.228366,0.0,-0.973575],
          [0.0,1.0,0.0],
          [0.973575,0.0,0.228366],
          [1505.78,630.988,2894.72]
        ],
        "unit_class": "germ_at_gun_pak38",
        "objLayer": 1,
        "closed_waypoints": false,
        "isShipSpline": false,
        "shipTurnRadius": 100.0,
        "weapons": "",
        "bullets0": "",
        "bullets1": "",
        "bullets2": "",
        "bullets3": "",
        "bulletsCount0": 0,
        "bulletsCount1": 0,
        "bulletsCount2": 0,
        "bulletsCount3": 0,
        "props": {
          "army": 1,
          "count": 1,
          "formation_type": "rows",
          "formation_div": 3,
          "formation_step": [2.5,2.0],
          "formation_noise": [0.1,0.1],
          "uniqueName": "",
          "attack_type": "fire_at_will",
          "targetableByAi": false,
          "unitReplacementType": "antiTankGun"
        },
        "way": []
      }
    },
    {
      "tankModels": {
        "name": "t1_antiTankGun16",
        "tm": [
          [0.618421,0.0,-0.785847],
          [0.0,1.0,0.0],
          [0.785847,0.0,0.618421],
          [542.39,632.138,3028.07]
        ],
        "unit_class": "germ_at_gun_pak38",
        "objLayer": 1,
        "closed_waypoints": false,
        "isShipSpline": false,
        "shipTurnRadius": 100.0,
        "weapons": "",
        "bullets0": "",
        "bullets1": "",
        "bullets2": "",
        "bullets3": "",
        "bulletsCount0": 0,
        "bulletsCount1": 0,
        "bulletsCount2": 0,
        "bulletsCount3": 0,
        "props": {
          "army": 1,
          "count": 1,
          "formation_type": "rows",
          "formation_div": 3,
          "formation_step": [2.5,2.0],
          "formation_noise": [0.1,0.1],
          "uniqueName": "",
          "attack_type": "fire_at_will",
          "targetableByAi": false,
          "unitReplacementType": "antiTankGun"
        },
        "way": []
      }
    },
    {
      "tankModels": {
        "name": "t1_antiTankGun17",
        "tm": [
          [0.0558375,0.0,-0.99844],
          [0.0,1.0,0.0],
          [0.99844,0.0,0.0558375],
          [559.44,631.977,3028.55]
        ],
        "unit_class": "germ_at_gun_pak38",
        "objLayer": 1,
        "closed_waypoints": false,
        "isShipSpline": false,
        "shipTurnRadius": 100.0,
        "weapons": "",
        "bullets0": "",
        "bullets1": "",
        "bullets2": "",
        "bullets3": "",
        "bulletsCount0": 0,
        "bulletsCount1": 0,
        "bulletsCount2": 0,
        "bulletsCount3": 0,
        "props": {
          "army": 1,
          "count": 1,
          "formation_type": "rows",
          "formation_div": 3,
          "formation_step": [2.5,2.0],
          "formation_noise": [0.1,0.1],
          "uniqueName": "",
          "attack_type": "fire_at_will",
          "targetableByAi": false,
          "unitReplacementType": "antiTankGun"
        },
        "way": []
      }
    },
    {
      "tankModels": {
        "name": "t1_antiTankGun18",
        "tm": [
          [0.228366,0.0,-0.973575],
          [0.0,1.0,0.0],
          [0.973575,0.0,0.228366],
          [1161.14,631.611,3237.93]
        ],
        "unit_class": "germ_at_gun_pak38",
        "objLayer": 1,
        "closed_waypoints": false,
        "isShipSpline": false,
        "shipTurnRadius": 100.0,
        "weapons": "",
        "bullets0": "",
        "bullets1": "",
        "bullets2": "",
        "bullets3": "",
        "bulletsCount0": 0,
        "bulletsCount1": 0,
        "bulletsCount2": 0,
        "bulletsCount3": 0,
        "props": {
          "army": 1,
          "count": 1,
          "formation_type": "rows",
          "formation_div": 3,
          "formation_step": [2.5,2.0],
          "formation_noise": [0.1,0.1],
          "uniqueName": "",
          "attack_type": "fire_at_will",
          "targetableByAi": false,
          "unitReplacementType": "antiTankGun"
        },
        "way": []
      }
    },
    {
      "tankModels": {
        "name": "t1_antiTankGun19",
        "tm": [
          [-0.317579,0.0,-0.948232],
          [0.0,1.0,0.0],
          [0.948232,0.0,-0.317579],
          [2640.96,651.678,2943.3]
        ],
        "unit_class": "germ_at_gun_pak38",
        "objLayer": 1,
        "closed_waypoints": false,
        "isShipSpline": false,
        "shipTurnRadius": 100.0,
        "weapons": "",
        "bullets0": "",
        "bullets1": "",
        "bullets2": "",
        "bullets3": "",
        "bulletsCount0": 0,
        "bulletsCount1": 0,
        "bulletsCount2": 0,
        "bulletsCount3": 0,
        "props": {
          "army": 1,
          "count": 1,
          "formation_type": "rows",
          "formation_div": 3,
          "formation_step": [2.5,2.0],
          "formation_noise": [0.1,0.1],
          "uniqueName": "",
          "attack_type": "fire_at_will",
          "targetableByAi": false,
          "unitReplacementType": "antiTankGun"
        },
        "way": []
      }
    },
    {
      "tankModels": {
        "name": "t1_antiTankGun20",
        "tm": [
          [-0.0146595,0.0,-0.999893],
          [0.0,1.0,0.0],
          [0.999893,0.0,-0.0146595],
          [764.7,631.406,3018.05]
        ],
        "unit_class": "germ_at_gun_pak38",
        "objLayer": 1,
        "closed_waypoints": false,
        "isShipSpline": false,
        "shipTurnRadius": 100.0,
        "weapons": "",
        "bullets0": "",
        "bullets1": "",
        "bullets2": "",
        "bullets3": "",
        "bulletsCount0": 0,
        "bulletsCount1": 0,
        "bulletsCount2": 0,
        "bulletsCount3": 0,
        "props": {
          "army": 1,
          "count": 1,
