{
  "selected_tag": "",
  "bin_dump_file": "",
  "mission_settings": {
    "player": {
      "army": 1,
      "wing": "bdt_armada"
    },
    "player_teamB": {
      "army": 2
    },
    "mission": {
      "level": "levels/air_afghan.bin",
      "type": "singleMission",
      "restoreType": "attempts",
      "optionalTakeOff": true,
      "environment": "Day",
      "weather": "hazy"
    },
    "spectator_points": []
  },
  "imports": {
    "import_record": {
      "file": "gameData/missions/templates/air_templates/jip/air_bdt_bases_destroy_template.blk",
      "importAreas": true,
      "importUnits": true,
      "importTriggers": true,
      "importMissionObjectives": true,
      "importWayPoints": true,
      "showAreas": true,
      "showUnits": true,
      "showTriggers": true,
      "showMissionObjectives": true,
      "showWayPoints": true,
      "excludes": []
    }
  },
  "triggers": {
    "isCategory": true,
    "is_enabled": true,
    "bdt_part_init": {
      "is_enabled": true,
      "comments": "",
      "props": {
        "actionsType": "PERFORM_ONE_BY_ONE",
        "conditionsType": "ALL",
        "enableAfterComplete": false
      },
      "events": {
        "initMission": []
      },
      "conditions": [],
      "actions": [
        {
          "comment": {
            "value": "указываем максимальное количество баз +1"
          }
        },
        {
          "varSetInt": {
            "value": 9,
            "var": "bdt_t1_total_bases_max_count"
          }
        },
        {
          "varSetInt": {
            "value": 9,
            "var": "bdt_t2_total_bases_max_count"
          }
        },
        {
          "comment": {
            "value": "говорим что шаблон сам себя рестартит"
          }
        },
        {
          "varSetBool": {
            "value": true,
            "var": "bdt_self_restart"
          }
        }
      ],
      "else_actions": []
    }
  },
  "mission_objectives": {
    "isCategory": true,
    "is_enabled": true
  },
  "variables": [],
  "dialogs": [],
  "airfields": [],
  "effects": [],
  "units": [
    {
      "objectGroups": {
        "name": "bdt_t1_bomb_object_01",
        "tm": [
          [-0.992548,0.0,0.121857],
          [0.0,1.0,0.0],
          [-0.121857,0.0,-0.992548],
          [140.84,1508.85,16041.5]
        ],
        "unit_class": "dynBase_small_factory_square",
        "objLayer": 2,
        "props": {
          "army": 1,
          "active": true
        }
      }
    },
    {
      "objectGroups": {
        "name": "bdt_t1_bomb_object_02",
        "tm": [
          [-0.965927,0.0,0.258819],
          [0.0,1.0,0.0],
          [-0.258819,0.0,-0.965927],
          [15875.5,1769.92,13111.3]
        ],
        "unit_class": "dynBase_hq_camp_square",
        "objLayer": 2,
        "props": {
          "army": 1,
          "active": true
        }
      }
    },
    {
      "objectGroups": {
        "name": "bdt_t1_bomb_object_03",
        "tm": [
          [-0.642788,0.0,0.766044],
          [0.0,1.0,0.0],
          [-0.766044,0.0,-0.642788],
          [10338.2,1673.47,7512.7]
        ],
        "unit_class": "dynBase_petrol_camp_square",
        "objLayer": 2,
        "props": {
          "army": 1,
          "active": true
        }
      }
    },
    {
      "objectGroups": {
        "name": "bdt_t1_bomb_object_04",
        "tm": [
          [-0.939693,0.0,0.342021],
          [0.0,1.0,0.0],
          [-0.342021,0.0,-0.939693],
          [22433.6,1703.54,8239.12]
        ],
        "unit_class": "dynBase_field_camp_square",
        "objLayer": 2,
        "props": {
          "army": 1,
          "active": true
        }
      }
    },
    {
      "objectGroups": {
        "name": "bdt_t1_bomb_object_05",
        "tm": [
          [-0.0871553,0.0,0.996194],
          [0.0,1.0,0.0],
          [-0.996194,0.0,-0.0871553],
          [1311.55,1603.17,6998.7]
        ],
        "unit_class": "dynBase_military_base_square",
        "objLayer": 2,
        "props": {
          "army": 1,
          "active": true
        }
      }
    },
    {
      "objectGroups": {
        "name": "bdt_t1_bomb_object_06",
        "tm": [
          [-0.999049,0.0,-0.043619],
          [0.0,1.0,0.0],
          [0.043619,0.0,-0.999049],
          [-17334.3,1830.17,7346.21]
        ],
        "unit_class": "dynBase_oil_storage_large_square",
        "objLayer": 2,
        "props": {
          "army": 1,
          "active": true
        }
      }
    },
    {
      "objectGroups": {
        "name": "bdt_t1_bomb_object_07",
        "tm": [
          [-0.999047,0.0,-0.0436194],
          [0.0,1.0,0.0],
          [0.0436194,0.0,-0.999047],
          [-9417.23,1554.91,8139.79]
        ],
        "unit_class": "dynBase_ammunition_storage_square",
        "objLayer": 2,
        "props": {
          "army": 1,
          "active": true
        }
      }
    },
    {
      "objectGroups": {
        "name": "bdt_t1_bomb_object_08",
        "tm": [
          [-0.906307,0.0,-0.422618],
          [0.0,1.0,0.0],
          [0.422618,0.0,-0.906307],
          [-15555.0,1523.45,12675.5]
        ],
        "unit_class": "dynBase_oil_storage_small_square",
        "objLayer": 2,
        "props": {
          "army": 1,
          "active": true
        }
      }
    },
    {
      "objectGroups": {
        "name": "bdt_t2_bomb_object_01",
        "tm": [
          [-0.819153,0.0,0.573577],
          [0.0,1.0,0.0],
          [-0.573577,0.0,-0.819153],
          [-17808.3,1880.15,-16993.5]
        ],
        "unit_class": "dynBase_hq_camp_square",
        "objLayer": 2,
        "props": {
          "army": 2,
          "active": true
        }
      }
    },
    {
      "objectGroups": {
        "name": "bdt_t2_bomb_object_02",
        "tm": [
          [-0.505759,0.0,0.862677],
          [0.0,1.0,0.0],
          [-0.862677,0.0,-0.505759],
          [20789.2,1627.91,-11472.0]
        ],
        "unit_class": "dynBase_military_base_square",
        "objLayer": 2,
        "props": {
          "army": 2,
          "active": true
        }
      }
    },
    {
      "objectGroups": {
        "name": "bdt_t2_bomb_object_03",
        "tm": [
          [0.21644,0.0,-0.976298],
          [0.0,1.0,0.0],
          [0.976298,0.0,0.21644],
          [5011.04,2574.48,-9641.62]
        ],
        "unit_class": "dynBase_ammunition_camp_square",
        "objLayer": 2,
        "props": {
          "army": 2,
          "active": true
        }
      }
    },
    {
      "objectGroups": {
        "name": "bdt_t2_bomb_object_04",
        "tm": [
          [-0.923881,0.0,0.382684],
          [0.0,1.0,0.0],
          [-0.382684,0.0,-0.923881],
          [26440.9,1686.03,-15489.4]
        ],
        "unit_class": "dynBase_oil_storage_large_square",
        "objLayer": 2,
        "props": {
          "army": 2,
          "active": true
        }
      }
    },
    {
      "objectGroups": {
        "name": "bdt_t2_bomb_object_05",
        "tm": [
          [-0.991445,0.0,0.130526],
          [0.0,1.0,0.0],
          [-0.130526,0.0,-0.991445],
          [-1232.26,2042.65,-8915.12]
        ],
        "unit_class": "dynBase_oil_storage_small_square",
        "objLayer": 2,
        "props": {
          "army": 2,
          "active": true
        }
      }
    },
    {
      "objectGroups": {
        "name": "bdt_t2_bomb_object_06",
        "tm": [
          [-0.866026,0.0,0.500001],
          [0.0,1.0,0.0],
          [-0.500001,0.0,-0.866026],
          [-22135.2,1984.53,-9378.9]
        ],
        "unit_class": "dynBase_petrol_camp_square",
        "objLayer": 2,
        "props": {
          "army": 2,
          "active": true
        }
      }
    },
    {
      "objectGroups": {
        "name": "bdt_t2_bomb_object_07",
        "tm": [
          [-0.965926,0.0,0.25882],
          [0.0,1.0,0.0],
          [-0.25882,0.0,-0.965926],
          [6720.08,2297.0,-17205.2]
        ],
        "unit_class": "dynBase_ammunition_storage_square",
        "objLayer": 2,
        "props": {
          "army": 2,
          "active": true
        }
      }
    },
    {
      "objectGroups": {
        "name": "bdt_t2_bomb_object_08",
        "tm": [
          [-0.793353,0.0,0.608762],
          [0.0,1.0,0.0],
          [-0.608762,0.0,-0.793353],
          [-11833.3,1514.67,-8132.37]
        ],
        "unit_class": "dynBase_small_factory_square",
        "objLayer": 2,
        "props": {
          "army": 2,
          "active": true
        }
      }
    },
    {
      "armada": {
        "name": "bdt_armada",
        "tm": [
          [-0.707107,0.0,0.707106],
          [0.0,1.0,0.0],
          [-0.707106,0.0,-0.707107],
          [18651.2,5280.21,2378.32]
        ],
        "unit_class": "b-17g",
        "objLayer": 1,
        "closed_waypoints": false,
        "isShipSpline": false,
        "shipTurnRadius": 100.0,
        "weapons": "B17G_8x1000lbs",
        "bullets0": "",
        "bullets1": "",
        "bullets2": "",
        "bullets3": "",
        "bulletsCount0": 0,
        "bulletsCount1": 0,
        "bulletsCount2": 0,
        "bulletsCount3": 0,
        "props": {
          "army": 2,
          "count": 1,
          "free_distance": 70.0,
          "floating_distance": 50.0,
          "minimum_distance_to_earth": 20.0,
          "altLimit": 6000.0,
          "attack_type": "fire_at_will",
          "skill": 4,
          "plane": {
            "wing_formation": "Diamond",
            "row_distances": 3.0,
            "col_distances": 3.0,
            "super_formation": "Diamond",
            "super_row_distances": 1.5,
            "super_col_distances": 1.5,
            "ai_skill": "NORMAL",
            "task": "FLY_WAYPOINT"
          }
        },
        "way": []
      }
    },
    {
      "structures": {
        "name": "bdt_t1_bomb_zone_01_bomb_target",
        "tm": [
          [-0.992548,0.0,0.121857],
          [0.0,1.0,0.0],
          [-0.121857,0.0,-0.992548],
          [140.84,1508.85,16041.5]
        ],
        "unit_class": "dummy_immortal",
        "objLayer": 2,
        "closed_waypoints": false,
        "isShipSpline": false,
        "shipTurnRadius": 100.0,
        "weapons": "",
        "bullets0": "",
        "bullets1": "",
        "bullets2": "",
        "bullets3": "",
        "bulletsCount0": 0,
        "bulletsCount1": 0,
        "bulletsCount2": 0,
        "bulletsCount3": 0,
        "props": {
          "army": 1,
          "count": 1,
          "formation_type": "rows",
          "formation_div": 3,
          "formation_step": [2.5,2.0],
          "formation_noise": [0.1,0.1],
          "uniqueName": "",
          "attack_type": "fire_at_will",
          "stealthRadius": 0.0,
          "setStealth": true,
          "targetableByAi": false
        },
        "way": []
      }
    },
    {
      "structures": {
        "name": "bdt_t1_bomb_zone_02_bomb_target",
        "tm": [
          [-0.965927,0.0,0.258819],
          [0.0,1.0,0.0],
          [-0.258819,0.0,-0.965927],
          [15875.5,1769.92,13111.3]
        ],
        "unit_class": "dummy_immortal",
        "objLayer": 2,
        "closed_waypoints": false,
        "isShipSpline": false,
        "shipTurnRadius": 100.0,
        "weapons": "",
        "bullets0": "",
        "bullets1": "",
        "bullets2": "",
        "bullets3": "",
        "bulletsCount0": 0,
        "bulletsCount1": 0,
        "bulletsCount2": 0,
        "bulletsCount3": 0,
        "props": {
          "army": 1,
          "count": 1,
          "formation_type": "rows",
          "formation_div": 3,
          "formation_step": [2.5,2.0],
          "formation_noise": [0.1,0.1],
          "uniqueName": "",
          "attack_type": "fire_at_will",
          "stealthRadius": 0.0,
          "setStealth": true,
          "targetableByAi": false
        },
        "way": []
      }
    },
    {
      "structures": {
        "name": "bdt_t1_bomb_zone_03_bomb_target",
        "tm": [
          [-0.642788,0.0,0.766044],
          [0.0,1.0,0.0],
          [-0.766044,0.0,-0.642788],
          [10338.2,1673.47,7512.7]
        ],
        "unit_class": "dummy_immortal",
        "objLayer": 2,
        "closed_waypoints": false,
        "isShipSpline": false,
        "shipTurnRadius": 100.0,
        "weapons": "",
        "bullets0": "",
        "bullets1": "",
        "bullets2": "",
        "bullets3": "",
        "bulletsCount0": 0,
        "bulletsCount1": 0,
        "bulletsCount2": 0,
        "bulletsCount3": 0,
        "props": {
          "army": 1,
          "count": 1,
          "formation_type": "rows",
          "formation_div": 3,
          "formation_step": [2.5,2.0],
          "formation_noise": [0.1,0.1],
          "uniqueName": "",
          "attack_type": "fire_at_will",
          "stealthRadius": 0.0,
          "setStealth": true,
          "targetableByAi": false
        },
        "way": []
      }
    },
    {
      "structures": {
        "name": "bdt_t1_bomb_zone_04_bomb_target",
        "tm": [
          [-0.939693,0.0,0.342021],
          [0.0,1.0,0.0],
          [-0.342021,0.0,-0.939693],
          [22433.6,1703.54,8239.12]
        ],
        "unit_class": "dummy_immortal",
        "objLayer": 2,
        "closed_waypoints": false,
        "isShipSpline": false,
        "shipTurnRadius": 100.0,
        "weapons": "",
        "bullets0": "",
        "bullets1": "",
        "bullets2": "",
        "bullets3": "",
        "bulletsCount0": 0,
        "bulletsCount1": 0,
        "bulletsCount2": 0,
        "bulletsCount3": 0,
        "props": {
          "army": 1,
          "count": 1,
          "formation_type": "rows",
          "formation_div": 3,
          "formation_step": [2.5,2.0],
          "formation_noise": [0.1,0.1],
          "uniqueName": "",
          "attack_type": "fire_at_will",
          "stealthRadius": 0.0,
          "setStealth": true,
          "targetableByAi": false
        },
        "way": []
      }
    },
    {
      "structures": {
        "name": "bdt_t1_bomb_zone_05_bomb_target",
        "tm": [
          [-0.0871553,0.0,0.996194],
          [0.0,1.0,0.0],
          [-0.996194,0.0,-0.0871553],
          [1311.55,1603.17,6998.7]
        ],
        "unit_class": "dummy_immortal",
        "objLayer": 2,
        "closed_waypoints": false,
        "isShipSpline": false,
        "shipTurnRadius": 100.0,
        "weapons": "",
        "bullets0": "",
        "bullets1": "",
        "bullets2": "",
        "bullets3": "",
        "bulletsCount0": 0,
        "bulletsCount1": 0,
        "bulletsCount2": 0,
        "bulletsCount3": 0,
        "props": {
          "army": 1,
          "count": 1,
          "formation_type": "rows",
          "formation_div": 3,
          "formation_step": [2.5,2.0],
          "formation_noise": [0.1,0.1],
          "uniqueName": "",
          "attack_type": "fire_at_will",
          "stealthRadius": 0.0,
          "setStealth": true,
          "targetableByAi": false
        },
        "way": []
      }
    },
    {
      "structures": {
        "name": "bdt_t1_bomb_zone_08_bomb_target",
        "tm": [
          [-0.906307,0.0,-0.422618],
          [0.0,1.0,0.0],
          [0.422618,0.0,-0.906307],
          [-15555.0,1523.45,12675.5]
        ],
        "unit_class": "dummy_immortal",
        "objLayer": 2,
        "closed_waypoints": false,
        "isShipSpline": false,
        "shipTurnRadius": 100.0,
        "weapons": "",
        "bullets0": "",
        "bullets1": "",
        "bullets2": "",
        "bullets3": "",
        "bulletsCount0": 0,
        "bulletsCount1": 0,
        "bulletsCount2": 0,
        "bulletsCount3": 0,
        "props": {
          "army": 1,
          "count": 1,
          "formation_type": "rows",
          "formation_div": 3,
          "formation_step": [2.5,2.0],
          "formation_noise": [0.1,0.1],
          "uniqueName": "",
          "attack_type": "fire_at_will",
          "stealthRadius": 0.0,
          "setStealth": true,
          "targetableByAi": false
        },
        "way": []
      }
    },
    {
      "structures": {
        "name": "bdt_t1_bomb_zone_07_bomb_target",
        "tm": [
          [-0.999047,0.0,-0.0436194],
          [0.0,1.0,0.0],
          [0.0436194,0.0,-0.999047],
          [-9417.23,1554.91,8139.79]
        ],
        "unit_class": "dummy_immortal",
        "objLayer": 2,
        "closed_waypoints": false,
        "isShipSpline": false,
        "shipTurnRadius": 100.0,
        "weapons": "",
        "bullets0": "",
        "bullets1": "",
        "bullets2": "",
        "bullets3": "",
        "bulletsCount0": 0,
        "bulletsCount1": 0,
        "bulletsCount2": 0,
        "bulletsCount3": 0,
        "props": {
          "army": 1,
          "count": 1,
          "formation_type": "rows",
          "formation_div": 3,
          "formation_step": [2.5,2.0],
          "formation_noise": [0.1,0.1],
          "uniqueName": "",
          "attack_type": "fire_at_will",
          "stealthRadius": 0.0,
          "setStealth": true,
          "targetableByAi": false
        },
        "way": []
      }
    },
    {
      "structures": {
        "name": "bdt_t2_bomb_zone_06_bomb_target",
        "tm": [
          [-0.866026,0.0,0.500001],
          [0.0,1.0,0.0],
          [-0.500001,0.0,-0.866026],
          [-22135.2,1984.53,-9378.9]
        ],
        "unit_class": "dummy_immortal",
        "objLayer": 2,
        "closed_waypoints": false,
        "isShipSpline": false,
        "shipTurnRadius": 100.0,
        "weapons": "",
        "bullets0": "",
        "bullets1": "",
        "bullets2": "",
        "bullets3": "",
        "bulletsCount0": 0,
        "bulletsCount1": 0,
        "bulletsCount2": 0,
        "bulletsCount3": 0,
        "props": {
          "army": 2,
          "count": 1,
          "formation_type": "rows",
          "formation_div": 3,
          "formation_step": [2.5,2.0],
          "formation_noise": [0.1,0.1],
          "uniqueName": "",
          "attack_type": "fire_at_will",
          "stealthRadius": 0.0,
          "setStealth": true,
          "targetableByAi": false
        },
        "way": []
      }
    },
    {
      "structures": {
        "name": "bdt_t2_bomb_zone_05_bomb_target",
        "tm": [
          [-0.991445,0.0,0.130526],
          [0.0,1.0,0.0],
          [-0.130526,0.0,-0.991445],
          [-1232.26,2042.65,-8915.12]
        ],
        "unit_class": "dummy_immortal",
        "objLayer": 2,
        "closed_waypoints": false,
        "isShipSpline": false,
        "shipTurnRadius": 100.0,
        "weapons": "",
        "bullets0": "",
        "bullets1": "",
        "bullets2": "",
        "bullets3": "",
        "bulletsCount0": 0,
        "bulletsCount1": 0,
        "bulletsCount2": 0,
        "bulletsCount3": 0,
        "props": {
          "army": 2,
          "count": 1,
          "formation_type": "rows",
          "formation_div": 3,
          "formation_step": [2.5,2.0],
          "formation_noise": [0.1,0.1],
          "uniqueName": "",
          "attack_type": "fire_at_will",
          "stealthRadius": 0.0,
          "setStealth": true,
          "targetableByAi": false
        },
        "way": []
      }
    },
    {
      "structures": {
        "name": "bdt_t2_bomb_zone_07_bomb_target",
        "tm": [
          [-0.965926,0.0,0.25882],
          [0.0,1.0,0.0],
          [-0.25882,0.0,-0.965926],
          [6720.08,2297.0,-17205.2]
        ],
        "unit_class": "dummy_immortal",
        "objLayer": 2,
        "closed_waypoints": false,
        "isShipSpline": false,
        "shipTurnRadius": 100.0,
        "weapons": "",
        "bullets0": "",
        "bullets1": "",
        "bullets2": "",
        "bullets3": "",
        "bulletsCount0": 0,
        "bulletsCount1": 0,
        "bulletsCount2": 0,
        "bulletsCount3": 0,
        "props": {
          "army": 2,
          "count": 1,
          "formation_type": "rows",
          "formation_div": 3,
          "formation_step": [2.5,2.0],
          "formation_noise": [0.1,0.1],
          "uniqueName": "",
          "attack_type": "fire_at_will",
          "stealthRadius": 0.0,
          "setStealth": true,
          "targetableByAi": false
        },
        "way": []
      }
    },
    {
      "structures": {
        "name": "bdt_t2_bomb_zone_08_bomb_target",
        "tm": [
          [-0.793353,0.0,0.608762],
          [0.0,1.0,0.0],
          [-0.608762,0.0,-0.793353],
          [-11833.3,1514.67,-8132.37]
        ],
        "unit_class": "dummy_immortal",
        "objLayer": 2,
        "closed_waypoints": false,
        "isShipSpline": false,
        "shipTurnRadius": 100.0,
        "weapons": "",
        "bullets0": "",
        "bullets1": "",
        "bullets2": "",
        "bullets3": "",
        "bulletsCount0": 0,
        "bulletsCount1": 0,
        "bulletsCount2": 0,
        "bulletsCount3": 0,
        "props": {
          "army": 2,
          "count": 1,
          "formation_type": "rows",
          "formation_div": 3,
          "formation_step": [2.5,2.0],
          "formation_noise": [0.1,0.1],
          "uniqueName": "",
          "attack_type": "fire_at_will",
          "stealthRadius": 0.0,
          "setStealth": true,
          "targetableByAi": false
        },
        "way": []
      }
    },
    {
      "structures": {
        "name": "bdt_t2_bomb_zone_04_bomb_target",
        "tm": [
          [-0.923881,0.0,0.382684],
          [0.0,1.0,0.0],
          [-0.382684,0.0,-0.923881],
          [26440.9,1686.03,-15489.4]
        ],
        "unit_class": "dummy_immortal",
        "objLayer": 2,
        "closed_waypoints": false,
        "isShipSpline": false,
        "shipTurnRadius": 100.0,
        "weapons": "",
        "bullets0": "",
        "bullets1": "",
        "bullets2": "",
        "bullets3": "",
        "bulletsCount0": 0,
        "bulletsCount1": 0,
        "bulletsCount2": 0,
        "bulletsCount3": 0,
        "props": {
          "army": 2,
          "count": 1,
          "formation_type": "rows",
          "formation_div": 3,
          "formation_step": [2.5,2.0],
          "formation_noise": [0.1,0.1],
          "uniqueName": "",
          "attack_type": "fire_at_will",
          "stealthRadius": 0.0,
          "setStealth": true,
          "targetableByAi": false
        },
        "way": []
      }
    },
    {
      "structures": {
        "name": "bdt_t2_bomb_zone_03_bomb_target",
        "tm": [
          [-0.843393,0.0,0.537301],
          [0.0,1.0,0.0],
          [-0.537301,0.0,-0.843393],
          [5011.04,2551.53,-9641.62]
        ],
        "unit_class": "dummy_immortal",
        "objLayer": 2,
        "closed_waypoints": false,
        "isShipSpline": false,
        "shipTurnRadius": 100.0,
        "weapons": "",
        "bullets0": "",
        "bullets1": "",
        "bullets2": "",
        "bullets3": "",
        "bulletsCount0": 0,
        "bulletsCount1": 0,
        "bulletsCount2": 0,
        "bulletsCount3": 0,
        "props": {
          "army": 2,
          "count": 1,
          "formation_type": "rows",
          "formation_div": 3,
          "formation_step": [2.5,2.0],
          "formation_noise": [0.1,0.1],
          "uniqueName": "",
          "attack_type": "fire_at_will",
          "stealthRadius": 0.0,
          "setStealth": true,
          "targetableByAi": false
        },
        "way": []
      }
    },
    {
      "structures": {
        "name": "bdt_t2_bomb_zone_02_bomb_target",
        "tm": [
          [-0.505759,0.0,0.862677],
          [0.0,1.0,0.0],
          [-0.862677,0.0,-0.505759],
          [20789.2,1627.91,-11472.0]
        ],
        "unit_class": "dummy_immortal",
        "objLayer": 2,
        "closed_waypoints": false,
        "isShipSpline": false,
        "shipTurnRadius": 100.0,
        "weapons": "",
        "bullets0": "",
        "bullets1": "",
        "bullets2": "",
        "bullets3": "",
        "bulletsCount0": 0,
        "bulletsCount1": 0,
        "bulletsCount2": 0,
        "bulletsCount3": 0,
        "props": {
          "army": 2,
          "count": 1,
          "formation_type": "rows",
          "formation_div": 3,
          "formation_step": [2.5,2.0],
          "formation_noise": [0.1,0.1],
          "uniqueName": "",
          "attack_type": "fire_at_will",
          "stealthRadius": 0.0,
          "setStealth": true,
          "targetableByAi": false
        },
        "way": []
      }
    },
    {
      "structures": {
        "name": "bdt_t2_bomb_zone_01_bomb_target",
        "tm": [
          [-0.819153,0.0,0.573577],
          [0.0,1.0,0.0],
          [-0.573577,0.0,-0.819153],
          [-17808.3,1880.15,-16993.5]
        ],
        "unit_class": "dummy_immortal",
        "objLayer": 2,
        "closed_waypoints": false,
        "isShipSpline": false,
        "shipTurnRadius": 100.0,
        "weapons": "",
        "bullets0": "",
        "bullets1": "",
        "bullets2": "",
        "bullets3": "",
        "bulletsCount0": 0,
        "bulletsCount1": 0,
        "bulletsCount2": 0,
        "bulletsCount3": 0,
        "props": {
          "army": 2,
          "count": 1,
          "formation_type": "rows",
          "formation_div": 3,
          "formation_step": [2.5,2.0],
          "formation_noise": [0.1,0.1],
          "uniqueName": "",
          "attack_type": "fire_at_will",
          "stealthRadius": 0.0,
          "setStealth": true,
          "targetableByAi": false
        },
        "way": []
      }
    },
    {
      "squad": {
        "name": "bdt_t1_targets_squad",
        "tm": [
          [-0.707107,0.0,0.707106],
          [0.0,1.0,0.0],
          [-0.707106,0.0,-0.707107],
          [10173.4,3893.96,16956.1]
        ],
        "props": [
          {
            "object_marking": 0
          },
          {
            "squad_members": "bdt_t1_bomb_zone_01_bomb_target"
          },
          {
            "squad_members": "bdt_t1_bomb_zone_02_bomb_target"
          },
          {
            "squad_members": "bdt_t1_bomb_zone_03_bomb_target"
          },
          {
            "squad_members": "bdt_t1_bomb_zone_04_bomb_target"
          },
          {
            "squad_members": "bdt_t1_bomb_zone_05_bomb_target"
          },
          {
            "squad_members": "bdt_t2_bomb_zone_06_bomb_target"
          },
          {
            "squad_members": "bdt_t1_bomb_zone_07_bomb_target"
          },
          {
            "squad_members": "bdt_t1_bomb_zone_08_bomb_target"
          }
        ]
      }
    },
    {
      "squad": {
        "name": "bdt_t2_targets_squad",
        "tm": [
          [-0.707107,0.0,0.707106],
          [0.0,1.0,0.0],
          [-0.707106,0.0,-0.707107],
          [8879.65,2596.8,-8937.3]
        ],
        "props": [
          {
            "object_marking": 0
          },
          {
            "squad_members": "bdt_t2_bomb_zone_01_bomb_target"
          },
          {
            "squad_members": "bdt_t2_bomb_zone_02_bomb_target"
          },
          {
            "squad_members": "bdt_t2_bomb_zone_03_bomb_target"
          },
          {
            "squad_members": "bdt_t2_bomb_zone_04_bomb_target"
          },
          {
            "squad_members": "bdt_t2_bomb_zone_05_bomb_target"
          },
          {
            "squad_members": "bdt_t2_bomb_zone_06_bomb_target"
          },
          {
            "squad_members": "bdt_t2_bomb_zone_07_bomb_target"
          },
          {
            "squad_members": "bdt_t2_bomb_zone_08_bomb_target"
          }
        ]
      }
    },
    {
      "structures": {
        "name": "bdt_t1_bomb_zone_06_bomb_target",
        "tm": [
          [-0.906307,0.0,-0.422618],
          [0.0,1.0,0.0],
          [0.422618,0.0,-0.906307],
          [-17334.9,1831.09,7338.71]
        ],
        "unit_class": "dummy_immortal",
        "objLayer": 2,
        "closed_waypoints": false,
        "isShipSpline": false,
        "shipTurnRadius": 100.0,
        "weapons": "",
        "bullets0": "",
        "bullets1": "",
        "bullets2": "",
        "bullets3": "",
        "bulletsCount0": 0,
        "bulletsCount1": 0,
        "bulletsCount2": 0,
        "bulletsCount3": 0,
        "props": {
          "army": 1,
          "count": 1,
          "formation_type": "rows",
          "formation_div": 3,
          "formation_step": [2.5,2.0],
          "formation_noise": [0.1,0.1],
          "uniqueName": "",
          "attack_type": "fire_at_will",
          "stealthRadius": 0.0,
          "setStealth": true,
          "targetableByAi": false
        },
        "way": []
      }
    },
    {
      "air_defence": {
        "name": "bdt_t1_aaa_unit",
        "tm": [
          [1.0,0.0,0.0],
          [0.0,1.0,0.0],
          [0.0,0.0,1.0],
          [-34993.0,3892.21,17418.3]
        ],
        "unit_class": "us_90mm_m1",
        "objLayer": 1,
        "closed_waypoints": false,
        "isShipSpline": false,
        "shipTurnRadius": 100.0,
        "weapons": "",
        "bullets0": "",
        "bullets1": "",
        "bullets2": "",
        "bullets3": "",
        "bulletsCount0": 0,
        "bulletsCount1": 0,
        "bulletsCount2": 0,
        "bulletsCount3": 0,
        "props": {
          "army": 1,
          "count": 12,
          "formation_type": "rows",
          "formation_div": 3,
          "formation_step": [2.5,2.0],
          "formation_noise": [0.1,0.1],
          "uniqueName": "",
          "attack_type": "fire_at_will",
          "isDelayed": true
        },
        "way": []
      }
    },
    {
      "air_defence": {
        "name": "bdt_t2_aaa_unit",
        "tm": [
          [1.0,0.0,0.0],
          [0.0,1.0,0.0],
          [0.0,0.0,1.0],
          [-36451.9,3892.21,17418.3]
        ],
        "unit_class": "germ_88mm_flak36",
        "objLayer": 1,
        "closed_waypoints": false,
        "isShipSpline": false,
        "shipTurnRadius": 100.0,
        "weapons": "",
        "bullets0": "",
        "bullets1": "",
        "bullets2": "",
        "bullets3": "",
        "bulletsCount0": 0,
        "bulletsCount1": 0,
        "bulletsCount2": 0,
        "bulletsCount3": 0,
        "props": {
          "army": 2,
          "count": 12,
          "formation_type": "rows",
          "formation_div": 3,
          "formation_step": [2.5,2.0],
          "formation_noise": [0.1,0.1],
          "uniqueName": "",
          "attack_type": "fire_at_will",
          "isDelayed": true
        },
        "way": []
      }
    },
    {
      "squad": {
        "name": "bdt_t1_aaa_squad",
        "tm": [
          [1.0,0.0,0.0],
          [0.0,1.0,0.0],
          [0.0,0.0,1.0],
          [-34993.0,3892.21,16114.9]
        ],
        "props": {
          "object_marking": 0,
          "squad_members": "bdt_t1_aaa_unit"
        }
      }
    },
    {
      "squad": {
        "name": "bdt_t2_aaa_squad",
        "tm": [
          [1.0,0.0,0.0],
          [0.0,1.0,0.0],
          [0.0,0.0,1.0],
          [-36451.9,3892.21,15820.7]
        ],
        "props": {
          "object_marking": 0,
          "squad_members": "bdt_t2_aaa_unit"
        }
      }
    }
  ],
  "areas": {
    "bdt_t1_bomb_zone_01": {
      "type": "Sphere",
      "tm": [
        [-250.0,0.0,433.012],
        [0.0,500.0,0.0],
        [-433.012,0.0,-250.0],
        [139.499,1509.0,16050.6]
      ],
      "objLayer": 0,
      "props": []
    },
    "bdt_t1_bomb_zone_02": {
      "type": "Sphere",
      "tm": [
        [-469.847,0.0,171.01],
        [0.0,500.0,0.0],
        [-171.01,0.0,-469.847],
        [15875.2,1769.73,13108.1]
      ],
      "objLayer": 0,
      "props": []
    },
    "bdt_t1_bomb_zone_03": {
      "type": "Sphere",
      "tm": [
        [-286.788,0.0,409.576],
        [0.0,500.0,0.0],
        [-409.576,0.0,-286.788],
        [10358.7,1673.56,7518.2]
      ],
      "objLayer": 0,
      "props": []
    },
    "bdt_t1_bomb_zone_04": {
      "type": "Sphere",
      "tm": [
        [-353.554,0.0,353.554],
        [0.0,500.0,0.0],
        [-353.554,0.0,-353.554],
        [22424.9,1702.29,8242.2]
      ],
      "objLayer": 0,
      "props": []
    },
    "bdt_t1_bomb_zone_05": {
      "type": "Sphere",
      "tm": [
        [171.01,0.0,469.847],
        [0.0,500.0,0.0],
        [-469.847,0.0,171.01],
        [1314.9,1603.21,6998.62]
      ],
      "objLayer": 0,
      "props": []
    },
    "bdt_t1_bomb_zone_06": {
      "type": "Sphere",
      "tm": [
        [-495.722,0.0,65.2631],
        [0.0,500.0,0.0],
        [-65.2631,0.0,-495.722],
        [-17331.2,1830.07,7342.71]
      ],
      "objLayer": 0,
      "props": []
    },
    "bdt_t1_bomb_zone_07": {
      "type": "Sphere",
      "tm": [
        [-409.577,0.0,286.789],
        [0.0,500.0,0.0],
        [-286.789,0.0,-409.577],
        [-9423.18,1554.92,8146.48]
      ],
      "objLayer": 0,
      "props": []
    },
    "bdt_t1_bomb_zone_08": {
      "type": "Sphere",
      "tm": [
        [-488.149,0.0,108.22],
        [0.0,500.0,0.0],
        [-108.22,0.0,-488.149],
        [-15560.8,1523.7,12678.5]
      ],
      "objLayer": 0,
      "props": []
    },
    "bdt_t2_bomb_zone_01": {
      "type": "Sphere",
      "tm": [
        [-150.353,0.0,476.859],
        [0.0,500.0,0.0],
        [-476.859,0.0,-150.353],
        [-17805.9,1880.11,-16983.2]
      ],
      "objLayer": 0,
      "props": []
    },
    "bdt_t2_bomb_zone_02": {
      "type": "Sphere",
      "tm": [
        [61.9591,0.0,496.146],
        [0.0,500.0,0.0],
        [-496.146,0.0,61.9591],
        [20788.0,1627.05,-11479.4]
      ],
      "objLayer": 0,
      "props": []
    },
    "bdt_t2_bomb_zone_03": {
      "type": "Sphere",
      "tm": [
        [-171.01,0.0,469.846],
        [0.0,500.0,0.0],
        [-469.846,0.0,-171.01],
        [5018.64,2548.13,-9630.52]
      ],
      "objLayer": 0,
      "props": []
    },
    "bdt_t2_bomb_zone_04": {
      "type": "Sphere",
      "tm": [
        [-250.0,0.0,433.013],
        [0.0,500.0,0.0],
        [-433.013,0.0,-250.0],
        [26432.8,1687.78,-15478.9]
      ],
      "objLayer": 0,
      "props": []
    },
    "bdt_t2_bomb_zone_05": {
      "type": "Sphere",
      "tm": [
        [-353.554,0.0,353.554],
        [0.0,500.0,0.0],
        [-353.554,0.0,-353.554],
        [-1239.4,2042.31,-8914.42]
      ],
      "objLayer": 0,
      "props": []
    },
    "bdt_t2_bomb_zone_06": {
      "type": "Sphere",
      "tm": [
        [-86.8242,0.0,492.403],
        [0.0,500.0,0.0],
        [-492.403,0.0,-86.8242],
        [-22143.3,1986.0,-9379.7]
      ],
      "objLayer": 0,
      "props": []
    },
    "bdt_t2_bomb_zone_07": {
      "type": "Sphere",
      "tm": [
        [-353.554,0.0,353.554],
        [0.0,500.0,0.0],
        [-353.554,0.0,-353.554],
        [6712.32,2294.61,-17228.5]
      ],
      "objLayer": 0,
      "props": []
    },
    "bdt_t2_bomb_zone_08": {
      "type": "Sphere",
      "tm": [
        [-353.554,0.0,353.554],
        [0.0,500.0,0.0],
        [-353.554,0.0,-353.554],
        [-11820.9,1512.78,-8137.95]
      ],
      "objLayer": 0,
      "props": []
    },
    "bdt_center_area": {
      "type": "Box",
      "tm": [
        [-64000.0,0.0,0.0],
        [0.0,500.0,0.0],
        [0.0,0.0,-11000.0],
        [1154.58,2240.63,4.96411]
      ],
      "objLayer": 0,
      "props": []
    },
    "bdt_t1_bomb_zone_01_aaa_point_01": {
      "type": "Point",
      "tm": [
        [0.843391,0.0,-0.5373],
        [0.0,1.0,0.0],
        [0.5373,0.0,0.843391],
        [20.6704,1508.03,16183.6]
      ],
      "objLayer": 0,
      "props": []
    },
    "bdt_t1_bomb_zone_01_aaa_point_02": {
      "type": "Point",
      "tm": [
        [0.843391,0.0,-0.5373],
        [0.0,1.0,0.0],
        [0.5373,0.0,0.843391],
        [-24.787,1499.01,15920.4]
      ],
      "objLayer": 0,
      "props": []
    },
    "bdt_t1_bomb_zone_01_aaa_point_03": {
      "type": "Point",
      "tm": [
        [0.843391,0.0,-0.5373],
        [0.0,1.0,0.0],
        [0.5373,0.0,0.843391],
        [273.173,1508.87,15883.4]
      ],
      "objLayer": 0,
      "props": []
    },
    "bdt_t1_bomb_zone_01_aaa_point_04": {
      "type": "Point",
      "tm": [
        [0.843391,0.0,-0.5373],
        [0.0,1.0,0.0],
        [0.5373,0.0,0.843391],
        [311.313,1513.02,16126.5]
      ],
      "objLayer": 0,
      "props": []
    },
    "bdt_t1_bomb_zone_02_aaa_point_01": {
      "type": "Point",
      "tm": [
        [1.0,0.0,0.0],
        [0.0,1.0,0.0],
        [0.0,0.0,1.0],
        [15719.1,1758.46,12995.5]
      ],
      "objLayer": 0,
      "props": []
    },
    "bdt_t1_bomb_zone_02_aaa_point_02": {
      "type": "Point",
      "tm": [
        [1.0,0.0,0.0],
        [0.0,1.0,0.0],
        [0.0,0.0,1.0],
        [15951.0,1757.04,12850.7]
      ],
      "objLayer": 0,
      "props": []
    },
    "bdt_t1_bomb_zone_02_aaa_point_03": {
      "type": "Point",
      "tm": [
        [1.0,0.0,0.0],
        [0.0,1.0,0.0],
        [0.0,0.0,1.0],
        [16085.4,1781.51,13034.0]
      ],
      "objLayer": 0,
      "props": []
    },
    "bdt_t1_bomb_zone_02_aaa_point_04": {
      "type": "Point",
      "tm": [
        [1.0,0.0,0.0],
        [0.0,1.0,0.0],
        [0.0,0.0,1.0],
        [15791.4,1783.18,13325.1]
      ],
      "objLayer": 0,
      "props": []
    },
    "bdt_t1_bomb_zone_03_aaa_point_01": {
      "type": "Point",
      "tm": [
        [1.0,0.0,0.0],
        [0.0,1.0,0.0],
        [0.0,0.0,1.0],
        [10510.5,1678.02,7482.04]
      ],
      "objLayer": 0,
      "props": []
    },
    "bdt_t1_bomb_zone_03_aaa_point_02": {
      "type": "Point",
      "tm": [
        [1.0,0.0,0.0],
        [0.0,1.0,0.0],
        [0.0,0.0,1.0],
        [10262.6,1662.03,7729.17]
      ],
      "objLayer": 0,
      "props": []
    },
    "bdt_t1_bomb_zone_03_aaa_point_03": {
      "type": "Point",
      "tm": [
        [1.0,0.0,0.0],
        [0.0,1.0,0.0],
        [0.0,0.0,1.0],
        [10109.8,2698.27,7492.69]
      ],
      "objLayer": 0,
      "props": []
    },
    "bdt_t1_bomb_zone_03_aaa_point_04": {
      "type": "Point",
      "tm": [
        [1.0,0.0,0.0],
        [0.0,1.0,0.0],
        [0.0,0.0,1.0],
        [10254.5,2698.27,7342.01]
      ],
      "objLayer": 0,
      "props": []
    },
    "bdt_t1_bomb_zone_04_aaa_point_01": {
      "type": "Point",
      "tm": [
        [1.0,0.0,0.0],
        [0.0,1.0,0.0],
        [0.0,0.0,1.0],
        [22286.6,1682.18,8288.38]
      ],
      "objLayer": 0,
      "props": []
    },
    "bdt_t1_bomb_zone_04_aaa_point_02": {
      "type": "Point",
      "tm": [
        [1.0,0.0,0.0],
        [0.0,1.0,0.0],
        [0.0,0.0,1.0],
        [23136.1,3008.42,8792.42]
      ],
      "objLayer": 0,
      "props": []
    },
    "bdt_t1_bomb_zone_04_aaa_point_03": {
      "type": "Point",
      "tm": [
        [1.0,0.0,0.0],
        [0.0,1.0,0.0],
        [0.0,0.0,1.0],
        [23387.6,3008.42,8773.85]
      ],
      "objLayer": 0,
      "props": []
    },
    "bdt_t1_bomb_zone_04_aaa_point_04": {
      "type": "Point",
      "tm": [
        [1.0,0.0,0.0],
        [0.0,1.0,0.0],
        [0.0,0.0,1.0],
        [23036.7,3008.42,9004.68]
      ],
      "objLayer": 0,
      "props": []
    },
    "bdt_t1_bomb_zone_05_aaa_point_01": {
      "type": "Point",
      "tm": [
        [1.0,0.0,0.0],
        [0.0,1.0,0.0],
        [0.0,0.0,1.0],
        [1174.54,1599.4,7177.21]
      ],
      "objLayer": 0,
      "props": []
    },
    "bdt_t1_bomb_zone_05_aaa_point_02": {
      "type": "Point",
      "tm": [
        [1.0,0.0,0.0],
        [0.0,1.0,0.0],
        [0.0,0.0,1.0],
        [1140.66,1602.75,6874.55]
      ],
      "objLayer": 0,
      "props": []
    },
    "bdt_t1_bomb_zone_05_aaa_point_03": {
      "type": "Point",
      "tm": [
        [1.0,0.0,0.0],
        [0.0,1.0,0.0],
        [0.0,0.0,1.0],
        [1352.42,1606.42,6774.04]
      ],
      "objLayer": 0,
      "props": []
    },
    "bdt_t1_bomb_zone_05_aaa_point_04": {
      "type": "Point",
      "tm": [
        [1.0,0.0,0.0],
        [0.0,1.0,0.0],
