{
  "selected_tag": "",
  "bin_dump_file": "",
  "mission_settings": {
    "player": {
      "army": 1
    },
    "player_teamB": {
      "army": 2
    },
    "mission": {
      "level": "levels/air_smolensk.bin",
      "type": "domination",
      "environment": "Day",
      "weather": "hazy",
      "restoreType": "attempts",
      "optionalTakeOff": false
    }
  },
  "imports": {},
  "triggers": {
    "isCategory": true,
    "is_enabled": true
  },
  "mission_objectives": {
    "isCategory": true,
    "is_enabled": true
  },
  "variables": {},
  "dialogs": {},
  "airfields": {},
  "effects": {},
  "units": {
    "objectGroups": [
      {
        "name": "bdt_t2_bomb_object_01",
        "tm": [
          [
            0.666774,
            0.0,
            0.745257
          ],
          [
            0.0,
            1.0,
            0.0
          ],
          [
            -0.745257,
            0.0,
            0.666774
          ],
          [
            45432.5,
            271.718,
            -9086.98
          ]
        ],
        "unit_class": "dynBase_hq_camp_square",
        "objLayer": 2,
        "props": {
          "army": 2,
          "active": false
        }
      },
      {
        "name": "bdt_t2_bomb_object_02",
        "tm": [
          [
            0.977972,
            0.0,
            0.20875
          ],
          [
            0.0,
            1.0,
            0.0
          ],
          [
            -0.20875,
            0.0,
            0.977972
          ],
          [
            38199.0,
            634.85,
            -9683.8
          ]
        ],
        "unit_class": "dynBase_fuel_storage_square",
        "objLayer": 2,
        "props": {
          "army": 2,
          "active": false
        }
      },
      {
        "name": "bdt_t2_bomb_object_03",
        "tm": [
          [
            -0.454757,
            0.0,
            0.890618
          ],
          [
            0.0,
            1.0,
            0.0
          ],
          [
            -0.890618,
            0.0,
            -0.454757
          ],
          [
            40643.9,
            681.8,
            -11749.5
          ]
        ],
        "unit_class": "dynBase_military_base_square",
        "objLayer": 2,
        "props": {
          "army": 2,
          "active": false
        }
      },
      {
        "name": "bdt_t1_bomb_object_01",
        "tm": [
          [
            0.281745,
            0.0,
            0.959489
          ],
          [
            0.0,
            1.0,
            0.0
          ],
          [
            -0.959489,
            0.0,
            0.281745
          ],
          [
            44556.0,
            285.95,
            11055.2
          ]
        ],
        "unit_class": "dynBase_fuel_storage_square",
        "objLayer": 2,
        "props": {
          "army": 1,
          "active": false
        }
      },
      {
        "name": "bdt_t1_bomb_object_02",
        "tm": [
          [
            -0.440499,
            0.0,
            0.897753
          ],
          [
            0.0,
            1.0,
            0.0
          ],
          [
            -0.897753,
            0.0,
            -0.440499
          ],
          [
            39318.6,
            436.267,
            5297.71
          ]
        ],
        "unit_class": "dynBase_small_factory_square",
        "objLayer": 2,
        "props": {
          "army": 1,
          "active": false
        }
      },
      {
        "name": "bdt_t1_bomb_object_03",
        "tm": [
          [
            -0.531907,
            0.0,
            0.846802
          ],
          [
            0.0,
            1.0,
            0.0
          ],
          [
            -0.846802,
            0.0,
            -0.531907
          ],
          [
            40681.8,
            443.35,
            11498.5
          ]
        ],
        "unit_class": "dynBase_oil_storage_small_square",
        "objLayer": 2,
        "props": {
          "army": 1,
          "active": false
        }
      },
      {
        "name": "bdt_t2_bomb_object_04",
        "tm": [
          [
            0.118723,
            0.0,
            0.992927
          ],
          [
            0.0,
            1.0,
            0.0
          ],
          [
            -0.992927,
            0.0,
            0.118723
          ],
          [
            44597.2,
            347.25,
            -10950.5
          ]
        ],
        "unit_class": "dynBase_small_factory_square",
        "objLayer": 2,
        "props": {
          "army": 2,
          "active": false
        }
      },
      {
        "name": "bdt_t1_bomb_object_04",
        "tm": [
          [
            -0.201879,
            0.0,
            0.979411
          ],
          [
            0.0,
            1.0,
            0.0
          ],
          [
            -0.979411,
            0.0,
            -0.201879
          ],
          [
            37950.0,
            575.0,
            9494.5
          ]
        ],
        "unit_class": "dynBase_field_camp_square",
        "objLayer": 2,
        "props": {
          "army": 1,
          "active": false
        }
      },
      {
        "name": "bdt_t1_bomb_object_05",
        "tm": [
          [
            -0.201879,
            0.0,
            0.979411
          ],
          [
            0.0,
            1.0,
            0.0
          ],
          [
            -0.979411,
            0.0,
            -0.201879
          ],
          [
            44256.0,
            302.15,
            13088.0
          ]
        ],
        "unit_class": "dynBase_military_base_square",
        "objLayer": 2,
        "props": {
          "army": 1,
          "active": false
        }
      },
      {
        "name": "bdt_t1_bomb_object_06",
        "tm": [
          [
            -0.201879,
            0.0,
            0.979411
          ],
          [
            0.0,
            1.0,
            0.0
          ],
          [
            -0.979411,
            0.0,
            -0.201879
          ],
          [
            35791.0,
            668.25,
            6820.35
          ]
        ],
        "unit_class": "dynBase_oil_storage_large_square",
        "objLayer": 2,
        "props": {
          "army": 1,
          "active": false
        }
      },
      {
        "name": "bdt_t1_bomb_object_07",
        "tm": [
          [
            -0.201879,
            0.0,
            0.979411
          ],
          [
            0.0,
            1.0,
            0.0
          ],
          [
            -0.979411,
            0.0,
            -0.201879
          ],
          [
            37724.2,
            523.8,
            6152.7
          ]
        ],
        "unit_class": "dynBase_oil_storage_large_square",
        "objLayer": 2,
        "props": {
          "army": 1,
          "active": false
        }
      },
      {
        "name": "bdt_t1_bomb_object_08",
        "tm": [
          [
            0.281745,
            0.0,
            0.959489
          ],
          [
            0.0,
            1.0,
            0.0
          ],
          [
            -0.959489,
            0.0,
            0.281745
          ],
          [
            42018.6,
            369.636,
            7711.95
          ]
        ],
        "unit_class": "dynBase_small_factory_square",
        "objLayer": 2,
        "props": {
          "army": 1,
          "active": false
        }
      },
      {
        "name": "bdt_t1_bomb_object_09",
        "tm": [
          [
            0.281745,
            0.0,
            0.959489
          ],
          [
            0.0,
            1.0,
            0.0
          ],
          [
            -0.959489,
            0.0,
            0.281745
          ],
          [
            45216.2,
            238.408,
            9112.02
          ]
        ],
        "unit_class": "dynBase_petrol_camp_square",
        "objLayer": 2,
        "props": {
          "army": 1,
          "active": false
        }
      },
      {
        "name": "bdt_t1_bomb_object_10",
        "tm": [
          [
            0.281745,
            0.0,
            0.959489
          ],
          [
            0.0,
            1.0,
            0.0
          ],
          [
            -0.959489,
            0.0,
            0.281745
          ],
          [
            40491.8,
            394.9,
            8812.0
          ]
        ],
        "unit_class": "dynBase_petrol_camp_square",
        "objLayer": 2,
        "props": {
          "army": 1,
          "active": false
        }
      },
      {
        "name": "bdt_t2_bomb_object_05",
        "tm": [
          [
            0.118723,
            0.0,
            0.992927
          ],
          [
            0.0,
            1.0,
            0.0
          ],
          [
            -0.992927,
            0.0,
            0.118723
          ],
          [
            39137.0,
            430.4,
            -7886.65
          ]
        ],
        "unit_class": "dynBase_petrol_camp_square",
        "objLayer": 2,
        "props": {
          "army": 2,
          "active": false
        }
      },
      {
        "name": "bdt_t2_bomb_object_06",
        "tm": [
          [
            -0.361122,
            0.0,
            0.932519
          ],
          [
            0.0,
            1.0,
            0.0
          ],
          [
            -0.932519,
            0.0,
            -0.361122
          ],
          [
            38879.2,
            420.468,
            -4435.16
          ]
        ],
        "unit_class": "dynBase_military_base_square",
        "objLayer": 2,
        "props": {
          "army": 2,
          "active": false
        }
      },
      {
        "name": "bdt_t2_bomb_object_07",
        "tm": [
          [
            0.118723,
            0.0,
            0.992927
          ],
          [
            0.0,
            1.0,
            0.0
          ],
          [
            -0.992927,
            0.0,
            0.118723
          ],
          [
            41420.6,
            496.562,
            -7716.63
          ]
        ],
        "unit_class": "dynBase_fuel_storage_square",
        "objLayer": 2,
        "props": {
          "army": 2,
          "active": false
        }
      },
      {
        "name": "bdt_t2_bomb_object_08",
        "tm": [
          [
            -0.454757,
            0.0,
            0.890618
          ],
          [
            0.0,
            1.0,
            0.0
          ],
          [
            -0.890618,
            0.0,
            -0.454757
          ],
          [
            43827.0,
            425.45,
            -12765.5
          ]
        ],
        "unit_class": "dynBase_ammunition_storage_square",
        "objLayer": 2,
        "props": {
          "army": 2,
          "active": false
        }
      },
      {
        "name": "bdt_t2_bomb_object_09",
        "tm": [
          [
            -0.454757,
            0.0,
            0.890618
          ],
          [
            0.0,
            1.0,
            0.0
          ],
          [
            -0.890618,
            0.0,
            -0.454757
          ],
          [
            35854.9,
            558.65,
            -6532.55
          ]
        ],
        "unit_class": "dynBase_field_camp_square",
        "objLayer": 2,
        "props": {
          "army": 2,
          "active": false
        }
      },
      {
        "name": "bdt_t2_bomb_object_10",
        "tm": [
          [
            -0.454757,
            0.0,
            0.890618
          ],
          [
            0.0,
            1.0,
            0.0
          ],
          [
            -0.890618,
            0.0,
            -0.454757
          ],
          [
            37354.4,
            533.9,
            -5483.7
          ]
        ],
        "unit_class": "dynBase_oil_storage_small_square",
        "objLayer": 2,
        "props": {
          "army": 2,
          "active": false
        }
      }
    ]
  },
  "areas": {
    "bdt_t2_bomb_zone_01": {
      "type": "Sphere",
      "tm": [
        [
          300.049,
          0.0,
          335.368
        ],
        [
          0.0,
          450.0,
          0.0
        ],
        [
          -335.368,
          0.0,
          300.049
        ],
        [
          45435.9,
          273.498,
          -9093.21
        ]
      ],
      "objLayer": 0,
      "props": {}
    },
    "bdt_t2_bomb_zone_02": {
      "type": "Sphere",
      "tm": [
        [
          261.003,
          0.0,
          366.577
        ],
        [
          0.0,
          450.0,
          0.0
        ],
        [
          -366.577,
          0.0,
          261.003
        ],
        [
          38188.5,
          622.771,
          -9664.9
        ]
      ],
      "objLayer": 0,
      "props": {}
    },
    "bdt_t2_bomb_zone_03": {
      "type": "Sphere",
      "tm": [
        [
          -204.639,
          0.0,
          400.778
        ],
        [
          0.0,
          450.0,
          0.0
        ],
        [
          -400.778,
          0.0,
          -204.639
        ],
        [
          40638.9,
          681.29,
          -11758.0
        ]
      ],
      "objLayer": 0,
      "props": {}
    },
    "bdt_t1_bomb_zone_01": {
      "type": "Sphere",
      "tm": [
        [
          126.787,
          0.0,
          431.769
        ],
        [
          0.0,
          450.0,
          0.0
        ],
        [
          -431.769,
          0.0,
          126.787
        ],
        [
          44556.4,
          285.991,
          11068.0
        ]
      ],
      "objLayer": 0,
      "props": {}
    },
    "bdt_t1_bomb_zone_02": {
      "type": "Sphere",
      "tm": [
        [
          -106.085,
          0.0,
          437.316
        ],
        [
          0.0,
          450.0,
          0.0
        ],
        [
          -437.316,
          0.0,
          -106.085
        ],
        [
          39315.6,
          436.667,
          5301.25
        ]
      ],
      "objLayer": 0,
      "props": {}
    },
    "bdt_t1_bomb_zone_03": {
      "type": "Sphere",
      "tm": [
        [
          -76.3469,
          0.0,
          443.475
        ],
        [
          0.0,
          450.0,
          0.0
        ],
        [
          -443.475,
          0.0,
          -76.3469
        ],
        [
          40680.4,
          443.22,
          11504.0
        ]
      ],
      "objLayer": 0,
      "props": {}
    },
    "bdt_t2_bomb_zone_04": {
      "type": "Sphere",
      "tm": [
        [
          53.4255,
          0.0,
          446.815
        ],
        [
          0.0,
          450.0,
          0.0
        ],
        [
          -446.815,
          0.0,
          53.4255
        ],
        [
          44599.9,
          344.419,
          -10943.0
        ]
      ],
      "objLayer": 0,
      "props": {}
    },
    "bdt_t1_bomb_zone_04": {
      "type": "Sphere",
      "tm": [
        [
          -76.3469,
          0.0,
          443.475
        ],
        [
          0.0,
          450.0,
          0.0
        ],
        [
          -443.475,
          0.0,
          -76.3469
        ],
        [
          37944.4,
          574.97,
          9494.0
        ]
      ],
      "objLayer": 0,
      "props": {}
    },
    "bdt_t2_bomb_zone_01_aaa_point_01": {
      "type": "Point",
      "tm": [
        [
          0.136724,
          0.0,
          0.990608
        ],
        [
          0.0,
          1.0,
          0.0
        ],
        [
          -0.990608,
          0.0,
          0.136724
        ],
        [
          45661.3,
          263.858,
          -9097.27
        ]
      ],
      "objLayer": 0,
      "props": {}
    },
    "bdt_t2_bomb_zone_01_aaa_point_02": {
      "type": "Point",
      "tm": [
        [
          0.136724,
          0.0,
          0.990608
        ],
        [
          0.0,
          1.0,
          0.0
        ],
        [
          -0.990608,
          0.0,
          0.136724
        ],
        [
          45161.4,
          317.528,
          -9193.51
        ]
      ],
      "objLayer": 0,
      "props": {}
    },
    "bdt_t2_bomb_zone_01_aaa_point_03": {
      "type": "Point",
      "tm": [
        [
          0.136724,
          0.0,
          0.990608
        ],
        [
          0.0,
          1.0,
          0.0
        ],
        [
          -0.990608,
          0.0,
          0.136724
        ],
        [
          45169.6,
          279.678,
          -9074.79
        ]
      ],
      "objLayer": 0,
      "props": {}
    },
    "bdt_t2_bomb_zone_01_aaa_point_04": {
      "type": "Point",
      "tm": [
        [
          0.136724,
          0.0,
          0.990608
        ],
        [
          0.0,
          1.0,
          0.0
        ],
        [
          -0.990608,
          0.0,
          0.136724
        ],
        [
          45199.0,
          248.438,
          -8690.38
        ]
      ],
      "objLayer": 0,
      "props": {}
    },
    "bdt_t2_bomb_zone_02_aaa_point_01": {
      "type": "Point",
      "tm": [
        [
          0.0260123,
          0.0,
          0.99966
        ],
        [
          0.0,
          1.0,
          0.0
        ],
        [
          -0.99966,
          0.0,
          0.0260123
        ],
        [
          38332.8,
          731.981,
          -9867.3
        ]
      ],
      "objLayer": 0,
      "props": {}
    },
    "bdt_t2_bomb_zone_02_aaa_point_02": {
      "type": "Point",
      "tm": [
        [
          0.0260123,
          0.0,
          0.99966
        ],
        [
          0.0,
          1.0,
          0.0
        ],
        [
          -0.99966,
          0.0,
          0.0260123
        ],
        [
          37869.7,
          462.161,
          -9591.4
        ]
      ],
      "objLayer": 0,
      "props": {}
    },
    "bdt_t2_bomb_zone_02_aaa_point_03": {
      "type": "Point",
      "tm": [
        [
          0.0260123,
          0.0,
          0.99966
        ],
        [
          0.0,
          1.0,
          0.0
        ],
        [
          -0.99966,
          0.0,
          0.0260123
        ],
        [
          38072.3,
          622.771,
          -9919.1
        ]
      ],
      "objLayer": 0,
      "props": {}
    },
    "bdt_t2_bomb_zone_02_aaa_point_04": {
      "type": "Point",
      "tm": [
        [
          0.0260123,
          0.0,
          0.99966
        ],
        [
          0.0,
          1.0,
          0.0
        ],
        [
          -0.99966,
          0.0,
          0.0260123
        ],
        [
          38233.7,
          580.32,
          -9439.8
        ]
      ],
      "objLayer": 0,
      "props": {}
    },
    "bdt_t2_bomb_zone_03_aaa_point_01": {
      "type": "Point",
      "tm": [
        [
          0.0260123,
          0.0,
          0.99966
        ],
        [
          0.0,
          1.0,
          0.0
        ],
        [
          -0.99966,
          0.0,
          0.0260123
        ],
        [
          40933.9,
          677.31,
          -11716.7
        ]
      ],
      "objLayer": 0,
      "props": {}
    },
    "bdt_t2_bomb_zone_03_aaa_point_02": {
      "type": "Point",
      "tm": [
        [
          0.0260123,
          0.0,
          0.99966
        ],
        [
          0.0,
          1.0,
          0.0
        ],
        [
          -0.99966,
          0.0,
          0.0260123
        ],
        [
          40370.9,
          544.78,
          -11640.5
        ]
      ],
      "objLayer": 0,
      "props": {}
    },
    "bdt_t2_bomb_zone_03_aaa_point_03": {
      "type": "Point",
      "tm": [
        [
          0.0260123,
          0.0,
          0.99966
        ],
        [
          0.0,
          1.0,
          0.0
        ],
        [
          -0.99966,
          0.0,
          0.0260123
        ],
        [
          40380.9,
          615.19,
          -11947.8
        ]
      ],
      "objLayer": 0,
      "props": {}
    },
    "bdt_t2_bomb_zone_03_aaa_point_04": {
      "type": "Point",
      "tm": [
        [
          0.0260123,
          0.0,
          0.99966
        ],
        [
          0.0,
          1.0,
          0.0
        ],
        [
          -0.99966,
          0.0,
          0.0260123
        ],
        [
          40877.9,
          716.609,
          -11939.2
        ]
      ],
      "objLayer": 0,
      "props": {}
    },
    "bdt_t2_bomb_zone_04_aaa_point_01": {
      "type": "Point",
      "tm": [
        [
          0.136724,
          0.0,
          0.990608
        ],
        [
          0.0,
          1.0,
          0.0
        ],
        [
          -0.990608,
          0.0,
          0.136724
        ],
        [
          44404.2,
          278.189,
          -10674.5
        ]
      ],
      "objLayer": 0,
      "props": {}
    },
    "bdt_t2_bomb_zone_04_aaa_point_02": {
      "type": "Point",
      "tm": [
        [
          0.136724,
          0.0,
          0.990608
        ],
        [
          0.0,
          1.0,
          0.0
        ],
        [
          -0.990608,
          0.0,
          0.136724
        ],
        [
          44362.8,
          391.179,
          -11130.6
        ]
      ],
      "objLayer": 0,
      "props": {}
    },
    "bdt_t2_bomb_zone_04_aaa_point_03": {
      "type": "Point",
      "tm": [
        [
          0.136724,
          0.0,
          0.990608
        ],
        [
          0.0,
          1.0,
          0.0
        ],
        [
          -0.990608,
          0.0,
          0.136724
        ],
        [
          44852.9,
          335.339,
          -10859.3
        ]
      ],
      "objLayer": 0,
      "props": {}
    },
    "bdt_t2_bomb_zone_04_aaa_point_04": {
      "type": "Point",
      "tm": [
        [
          0.136724,
          0.0,
          0.990608
        ],
        [
          0.0,
          1.0,
          0.0
        ],
        [
          -0.990608,
          0.0,
          0.136724
        ],
        [
          44793.4,
          426.74,
          -11096.5
        ]
      ],
      "objLayer": 0,
      "props": {}
    },
    "bdt_t1_bomb_zone_01_aaa_point_01": {
      "type": "Point",
      "tm": [
        [
          -0.302302,
          0.0,
          0.953212
        ],
        [
          0.0,
          1.0,
          0.0
        ],
        [
          -0.953212,
          0.0,
          -0.302302
        ],
        [
          44471.0,
          289.381,
          11307.7
        ]
      ],
      "objLayer": 0,
      "props": {}
    },
    "bdt_t1_bomb_zone_01_aaa_point_02": {
      "type": "Point",
      "tm": [
        [
          -0.302302,
          0.0,
          0.953212
        ],
        [
          0.0,
          1.0,
          0.0
        ],
        [
          -0.953212,
          0.0,
          -0.302302
        ],
        [
          44572.4,
          241.631,
          10815.3
        ]
      ],
      "objLayer": 0,
      "props": {}
    },
    "bdt_t1_bomb_zone_01_aaa_point_03": {
      "type": "Point",
      "tm": [
        [
          -0.302302,
          0.0,
          0.953212
        ],
        [
          0.0,
          1.0,
          0.0
        ],
        [
          -0.953212,
          0.0,
          -0.302302
        ],
        [
          44785.8,
          298.86,
          11110.2
        ]
      ],
      "objLayer": 0,
      "props": {}
    },
    "bdt_t1_bomb_zone_01_aaa_point_04": {
      "type": "Point",
      "tm": [
        [
          -0.302302,
          0.0,
          0.953212
        ],
        [
          0.0,
          1.0,
          0.0
        ],
        [
          -0.953212,
          0.0,
          -0.302302
        ],
        [
          44728.5,
          292.1,
          10888.9
        ]
      ],
      "objLayer": 0,
      "props": {}
    },
    "bdt_t1_bomb_zone_02_aaa_point_01": {
      "type": "Point",
      "tm": [
        [
          -0.302302,
          0.0,
          0.953212
        ],
        [
          0.0,
          1.0,
          0.0
        ],
        [
          -0.953212,
          0.0,
          -0.302302
        ],
        [
          39081.8,
          365.857,
          5437.34
        ]
      ],
      "objLayer": 0,
      "props": {}
    },
    "bdt_t1_bomb_zone_02_aaa_point_02": {
      "type": "Point",
      "tm": [
        [
          -0.302302,
          0.0,
          0.953212
        ],
        [
          0.0,
          1.0,
          0.0
        ],
        [
          -0.953212,
          0.0,
          -0.302302
        ],
        [
          39098.8,
          409.627,
          5147.63
        ]
      ],
      "objLayer": 0,
      "props": {}
    },
    "bdt_t1_bomb_zone_02_aaa_point_03": {
      "type": "Point",
      "tm": [
        [
          -0.302302,
          0.0,
          0.953212
        ],
        [
          0.0,
          1.0,
          0.0
        ],
        [
          -0.953212,
          0.0,
          -0.302302
        ],
        [
          39760.2,
          352.287,
          5374.75
        ]
      ],
      "objLayer": 0,
      "props": {}
    },
    "bdt_t1_bomb_zone_02_aaa_point_04": {
      "type": "Point",
      "tm": [
        [
          -0.302302,
          0.0,
          0.953212
        ],
        [
          0.0,
          1.0,
          0.0
        ],
        [
          -0.953212,
          0.0,
          -0.302302
        ],
        [
          39379.8,
          488.697,
          4978.53
        ]
      ],
      "objLayer": 0,
      "props": {}
    },
    "bdt_t1_bomb_zone_03_aaa_point_01": {
      "type": "Point",
      "tm": [
        [
          -0.194717,
          0.0,
          0.98086
        ],
        [
          0.0,
          1.0,
          0.0
        ],
        [
          -0.98086,
          0.0,
          -0.194717
        ],
        [
          40947.2,
          447.59,
          11350.6
        ]
      ],
      "objLayer": 0,
      "props": {}
    },
    "bdt_t1_bomb_zone_03_aaa_point_02": {
      "type": "Point",
      "tm": [
        [
          -0.194717,
          0.0,
          0.98086
        ],
        [
          0.0,
          1.0,
          0.0
        ],
        [
          -0.98086,
          0.0,
          -0.194717
        ],
        [
          40463.4,
          440.28,
          11611.5
        ]
      ],
      "objLayer": 0,
      "props": {}
    },
    "bdt_t1_bomb_zone_03_aaa_point_03": {
      "type": "Point",
      "tm": [
        [
          -0.194717,
          0.0,
          0.98086
        ],
        [
          0.0,
          1.0,
          0.0
        ],
        [
          -0.98086,
          0.0,
          -0.194717
        ],
        [
          40450.8,
          447.04,
          11331.9
        ]
      ],
      "objLayer": 0,
      "props": {}
    },
    "bdt_t1_bomb_zone_03_aaa_point_04": {
      "type": "Point",
      "tm": [
        [
          -0.194717,
          0.0,
          0.98086
        ],
        [
          0.0,
          1.0,
          0.0
        ],
        [
          -0.98086,
          0.0,
          -0.194717
        ],
        [
          40818.4,
          444.84,
          11725.3
        ]
      ],
      "objLayer": 0,
      "props": {}
    },
    "bdt_t1_bomb_zone_04_aaa_point_01": {
      "type": "Point",
      "tm": [
        [
          -0.194717,
          0.0,
          0.98086
        ],
        [
          0.0,
          1.0,
          0.0
        ],
        [
          -0.98086,
          0.0,
          -0.194717
        ],
        [
          38019.9,
          577.16,
          9801.6
        ]
      ],
      "objLayer": 0,
      "props": {}
    },
    "bdt_t1_bomb_zone_04_aaa_point_02": {
      "type": "Point",
      "tm": [
        [
          -0.194717,
          0.0,
          0.98086
        ],
        [
          0.0,
          1.0,
          0.0
        ],
        [
          -0.98086,
          0.0,
          -0.194717
        ],
        [
          37740.6,
          575.09,
          9643.3
        ]
      ],
      "objLayer": 0,
      "props": {}
    },
    "bdt_t1_bomb_zone_04_aaa_point_03": {
      "type": "Point",
      "tm": [
        [
          -0.194717,
          0.0,
          0.98086
        ],
        [
          0.0,
          1.0,
          0.0
        ],
        [
          -0.98086,
          0.0,
          -0.194717
        ],
        [
          38230.8,
          576.02,
          9544.6
        ]
      ],
      "objLayer": 0,
      "props": {}
    },
    "bdt_t1_bomb_zone_04_aaa_point_04": {
      "type": "Point",
      "tm": [
        [
          -0.194717,
          0.0,
          0.98086
        ],
        [
          0.0,
          1.0,
          0.0
        ],
        [
          -0.98086,
          0.0,
          -0.194717
        ],
        [
          37707.8,
          574.43,
          9287.7
        ]
      ],
      "objLayer": 0,
      "props": {}
    },
    "bdt_t1_bomb_zone_05": {
      "type": "Sphere",
      "tm": [
        [
          -76.3469,
          0.0,
          443.475
        ],
        [
          0.0,
          450.0,
          0.0
        ],
        [
          -443.475,
          0.0,
          -76.3469
        ],
        [
          44250.2,
          300.36,
          13087.2
        ]
      ],
      "objLayer": 0,
      "props": {}
    },
    "bdt_t1_bomb_zone_06": {
      "type": "Sphere",
      "tm": [
        [
          -76.3469,
          0.0,
          443.475
        ],
        [
          0.0,
          450.0,
          0.0
        ],
        [
          -443.475,
          0.0,
          -76.3469
        ],
        [
          35785.4,
          668.31,
          6819.65
        ]
      ],
      "objLayer": 0,
      "props": {}
    },
    "bdt_t1_bomb_zone_07": {
      "type": "Sphere",
      "tm": [
        [
          -76.3469,
          0.0,
          443.475
        ],
        [
          0.0,
          450.0,
          0.0
        ],
        [
          -443.475,
          0.0,
          -76.3469
        ],
        [
          37718.2,
          523.92,
          6151.94
        ]
      ],
      "objLayer": 0,
      "props": {}
    },
    "bdt_t1_bomb_zone_08": {
      "type": "Sphere",
      "tm": [
        [
          126.787,
          0.0,
          431.769
        ],
        [
          0.0,
          450.0,
          0.0
        ],
        [
          -431.769,
          0.0,
          126.787
        ],
        [
          42019.1,
          376.186,
          7724.67
        ]
      ],
      "objLayer": 0,
      "props": {}
    },
    "bdt_t1_bomb_zone_09": {
      "type": "Sphere",
      "tm": [
        [
          126.787,
          0.0,
          431.769
        ],
        [
          0.0,
          450.0,
          0.0
        ],
        [
          -431.769,
          0.0,
          126.787
        ],
        [
          45216.9,
          237.358,
          9124.48
        ]
      ],
      "objLayer": 0,
      "props": {}
    },
    "bdt_t1_bomb_zone_10": {
      "type": "Sphere",
      "tm": [
        [
          126.787,
          0.0,
          431.769
        ],
        [
          0.0,
          450.0,
          0.0
        ],
        [
          -431.769,
          0.0,
          126.787
        ],
        [
          40492.4,
          401.1,
          8824.7
        ]
      ],
      "objLayer": 0,
      "props": {}
    },
    "bdt_t1_bomb_zone_05_aaa_point_01": {
      "type": "Point",
      "tm": [
        [
          -0.194717,
          0.0,
          0.98086
        ],
        [
          0.0,
          1.0,
          0.0
        ],
        [
          -0.98086,
          0.0,
          -0.194717
        ],
        [
          44281.0,
          293.7,
          12815.0
        ]
      ],
      "objLayer": 0,
      "props": {}
    },
    "bdt_t1_bomb_zone_05_aaa_point_02": {
      "type": "Point",
      "tm": [
        [
          -0.194717,
          0.0,
          0.98086
        ],
        [
          0.0,
          1.0,
          0.0
        ],
        [
          -0.98086,
          0.0,
          -0.194717
        ],
        [
          44365.0,
          328.571,
          12982.5
        ]
      ],
      "objLayer": 0,
      "props": {}
    },
    "bdt_t1_bomb_zone_05_aaa_point_03": {
      "type": "Point",
      "tm": [
        [
          -0.194717,
          0.0,
          0.98086
        ],
        [
          0.0,
          1.0,
          0.0
        ],
        [
          -0.98086,
          0.0,
          -0.194717
        ],
        [
          44228.6,
          319.221,
          13374.0
        ]
      ],
      "objLayer": 0,
      "props": {}
    },
    "bdt_t1_bomb_zone_05_aaa_point_04": {
      "type": "Point",
      "tm": [
        [
          -0.194717,
          0.0,
          0.98086
        ],
        [
          0.0,
          1.0,
          0.0
        ],
        [
          -0.98086,
          0.0,
          -0.194717
        ],
        [
          44027.6,
          243.501,
          13253.0
        ]
      ],
      "objLayer": 0,
      "props": {}
    },
    "bdt_t1_bomb_zone_06_aaa_point_01": {
      "type": "Point",
      "tm": [
        [
          -0.194717,
          0.0,
          0.98086
        ],
        [
          0.0,
          1.0,
          0.0
        ],
        [
          -0.98086,
          0.0,
          -0.194717
        ],
        [
          36100.1,
          663.601,
          6698.65
        ]
      ],
      "objLayer": 0,
      "props": {}
    },
    "bdt_t1_bomb_zone_06_aaa_point_02": {
      "type": "Point",
      "tm": [
        [
          -0.194717,
          0.0,
          0.98086
        ],
        [
          0.0,
          1.0,
          0.0
        ],
        [
          -0.98086,
          0.0,
          -0.194717
        ],
        [
          35907.4,
          665.86,
          6518.85
        ]
      ],
      "objLayer": 0,
      "props": {}
    },
    "bdt_t1_bomb_zone_06_aaa_point_03": {
      "type": "Point",
      "tm": [
        [
          -0.194717,
          0.0,
          0.98086
        ],
        [
          0.0,
          1.0,
          0.0
        ],
        [
          -0.98086,
          0.0,
          -0.194717
        ],
        [
          35637.6,
          669.841,
          6633.75
        ]
      ],
      "objLayer": 0,
      "props": {}
    },
    "bdt_t1_bomb_zone_06_aaa_point_04": {
      "type": "Point",
      "tm": [
        [
          -0.194717,
          0.0,
          0.98086
        ],
        [
          0.0,
          1.0,
          0.0
        ],
        [
          -0.98086,
          0.0,
          -0.194717
        ],
        [
          35861.0,
          665.61,
          7107.45
        ]
      ],
      "objLayer": 0,
      "props": {}
    },
    "bdt_t1_bomb_zone_07_aaa_point_01": {
      "type": "Point",
      "tm": [
        [
          -0.194717,
          0.0,
          0.98086
        ],
        [
          0.0,
          1.0,
          0.0
        ],
        [
          -0.98086,
          0.0,
          -0.194717
        ],
        [
          37432.6,
          525.22,
          6247.63
        ]
      ],
      "objLayer": 0,
      "props": {}
    },
    "bdt_t1_bomb_zone_07_aaa_point_02": {
      "type": "Point",
      "tm": [
        [
          -0.194717,
          0.0,
          0.98086
        ],
        [
          0.0,
          1.0,
          0.0
        ],
        [
          -0.98086,
          0.0,
          -0.194717
        ],
        [
          38047.6,
          517.93,
          6036.81
        ]
      ],
      "objLayer": 0,
      "props": {}
    },
    "bdt_t1_bomb_zone_07_aaa_point_03": {
      "type": "Point",
      "tm": [
        [
          -0.194717,
          0.0,
          0.98086
        ],
        [
          0.0,
          1.0,
          0.0
        ],
        [
          -0.98086,
          0.0,
          -0.194717
        ],
        [
          37813.6,
          513.06,
          6474.3
        ]
      ],
      "objLayer": 0,
      "props": {}
    },
    "bdt_t1_bomb_zone_07_aaa_point_04": {
      "type": "Point",
      "tm": [
        [
          -0.194717,
          0.0,
          0.98086
        ],
        [
          0.0,
          1.0,
          0.0
        ],
        [
          -0.98086,
          0.0,
          -0.194717
        ],
        [
          37409.8,
          522.48,
          5894.64
        ]
      ],
      "objLayer": 0,
      "props": {}
    },
    "bdt_t1_bomb_zone_08_aaa_point_01": {
      "type": "Point",
      "tm": [
        [
          -0.302302,
          0.0,
          0.953212
        ],
        [
          0.0,
          1.0,
          0.0
        ],
        [
          -0.953212,
          0.0,
          -0.302302
        ],
        [
          41755.6,
          309.356,
          7559.78
        ]
      ],
      "objLayer": 0,
      "props": {}
    },
    "bdt_t1_bomb_zone_08_aaa_point_02": {
      "type": "Point",
      "tm": [
        [
          -0.302302,
          0.0,
          0.953212
        ],
        [
          0.0,
          1.0,
          0.0
        ],
        [
          -0.953212,
          0.0,
          -0.302302
        ],
        [
          42212.8,
          255.336,
          7487.87
        ]
      ],
      "objLayer": 0,
      "props": {}
    },
    "bdt_t1_bomb_zone_08_aaa_point_03": {
      "type": "Point",
      "tm": [
        [
          -0.302302,
          0.0,
          0.953212
        ],
        [
          0.0,
          1.0,
          0.0
        ],
        [
          -0.953212,
          0.0,
          -0.302302
        ],
        [
          42336.5,
          499.396,
          7889.6
        ]
      ],
      "objLayer": 0,
      "props": {}
    },
    "bdt_t1_bomb_zone_08_aaa_point_04": {
      "type": "Point",
      "tm": [
        [
          -0.302302,
          0.0,
          0.953212
        ],
        [
          0.0,
          1.0,
          0.0
        ],
        [
          -0.953212,
          0.0,
          -0.302302
        ],
        [
          41931.1,
          486.066,
          7982.16
        ]
      ],
      "objLayer": 0,
      "props": {}
    },
    "bdt_t1_bomb_zone_09_aaa_point_01": {
      "type": "Point",
      "tm": [
        [
          -0.302302,
          0.0,
          0.953212
        ],
        [
          0.0,
          1.0,
          0.0
        ],
        [
          -0.953212,
          0.0,
          -0.302302
        ],
        [
          45270.3,
          176.568,
          8679.57
        ]
      ],
      "objLayer": 0,
      "props": {}
    },
    "bdt_t1_bomb_zone_09_aaa_point_02": {
      "type": "Point",
      "tm": [
        [
          -0.302302,
          0.0,
          0.953212
        ],
        [
          0.0,
          1.0,
          0.0
        ],
        [
          -0.953212,
          0.0,
          -0.302302
        ],
        [
          45616.8,
          81.4684,
          9031.83
        ]
      ],
      "objLayer": 0,
      "props": {}
    },
    "bdt_t1_bomb_zone_09_aaa_point_03": {
      "type": "Point",
      "tm": [
        [
          -0.302302,
          0.0,
          0.953212
        ],
        [
          0.0,
          1.0,
          0.0
        ],
        [
          -0.953212,
          0.0,
          -0.302302
        ],
        [
          45036.4,
          228.938,
          9136.67
        ]
      ],
      "objLayer": 0,
      "props": {}
    },
    "bdt_t1_bomb_zone_09_aaa_point_04": {
      "type": "Point",
      "tm": [
        [
          -0.302302,
          0.0,
          0.953212
        ],
        [
          0.0,
          1.0,
          0.0
        ],
        [
          -0.953212,
          0.0,
          -0.302302
        ],
        [
          45449.1,
          250.588,
          9454.95
        ]
      ],
      "objLayer": 0,
