{
  "selected_tag": "",
  "bin_dump_file": "",
  "mission_settings": {
    "player": {
      "army": 1
    },
    "player_teamB": {
      "army": 2
    },
    "mission": {
      "level": "levels/air_smolensk.bin",
      "type": "domination",
      "environment": "Day",
      "weather": "hazy",
      "restoreType": "attempts",
      "optionalTakeOff": false
    }
  },
  "imports": {},
  "triggers": {
    "isCategory": true,
    "is_enabled": true
  },
  "mission_objectives": {
    "isCategory": true,
    "is_enabled": true
  },
  "variables": {},
  "dialogs": {},
  "airfields": {},
  "effects": {},
  "units": {
    "objectGroups": [
      {
        "name": "bdt_t2_bomb_object_01",
        "tm": [
          [
            0.666773,
            0.0,
            0.745258
          ],
          [
            0.0,
            1.0,
            0.0
          ],
          [
            -0.745258,
            0.0,
            0.666773
          ],
          [
            43912.5,
            440.65,
            -6448.7
          ]
        ],
        "unit_class": "dynBase_hq_camp_square",
        "objLayer": 2,
        "props": {
          "army": 2,
          "active": false
        }
      },
      {
        "name": "bdt_t2_bomb_object_02",
        "tm": [
          [
            0.977972,
            0.0,
            0.20875
          ],
          [
            0.0,
            1.0,
            0.0
          ],
          [
            -0.20875,
            0.0,
            0.977972
          ],
          [
            36453.2,
            487.7,
            -3472.1
          ]
        ],
        "unit_class": "dynBase_fuel_storage_square",
        "objLayer": 2,
        "props": {
          "army": 2,
          "active": false
        }
      },
      {
        "name": "bdt_t2_bomb_object_03",
        "tm": [
          [
            -0.454758,
            0.0,
            0.890617
          ],
          [
            0.0,
            1.0,
            0.0
          ],
          [
            -0.890617,
            0.0,
            -0.454758
          ],
          [
            37333.6,
            493.492,
            -5519.18
          ]
        ],
        "unit_class": "dynBase_oil_storage_small_square",
        "objLayer": 2,
        "props": {
          "army": 2,
          "active": false
        }
      },
      {
        "name": "bdt_t1_bomb_object_01",
        "tm": [
          [
            0.281743,
            0.0,
            0.95949
          ],
          [
            0.0,
            1.0,
            0.0
          ],
          [
            -0.95949,
            0.0,
            0.281743
          ],
          [
            40581.2,
            441.1,
            6504.6
          ]
        ],
        "unit_class": "dynBase_fuel_storage_square",
        "objLayer": 2,
        "props": {
          "army": 1,
          "active": false
        }
      },
      {
        "name": "bdt_t1_bomb_object_02",
        "tm": [
          [
            -0.440499,
            0.0,
            0.897751
          ],
          [
            0.0,
            1.0,
            0.0
          ],
          [
            -0.897751,
            0.0,
            -0.440499
          ],
          [
            42206.7,
            317.9,
            5053.25
          ]
        ],
        "unit_class": "dynBase_small_factory_square",
        "objLayer": 2,
        "props": {
          "army": 1,
          "active": false
        }
      },
      {
        "name": "bdt_t1_bomb_object_03",
        "tm": [
          [
            -0.531908,
            0.0,
            0.846801
          ],
          [
            0.0,
            1.0,
            0.0
          ],
          [
            -0.846801,
            0.0,
            -0.531908
          ],
          [
            38986.7,
            483.189,
            8125.04
          ]
        ],
        "unit_class": "dynBase_oil_storage_small_square",
        "objLayer": 2,
        "props": {
          "army": 1,
          "active": false
        }
      },
      {
        "name": "bdt_t2_bomb_object_04",
        "tm": [
          [
            0.118722,
            0.0,
            0.992928
          ],
          [
            0.0,
            1.0,
            0.0
          ],
          [
            -0.992928,
            0.0,
            0.118722
          ],
          [
            40512.1,
            356.9,
            -6384.55
          ]
        ],
        "unit_class": "dynBase_small_factory_square",
        "objLayer": 2,
        "props": {
          "army": 2,
          "active": false
        }
      },
      {
        "name": "bdt_t1_bomb_object_04",
        "tm": [
          [
            -0.20188,
            0.0,
            0.979411
          ],
          [
            0.0,
            1.0,
            0.0
          ],
          [
            -0.979411,
            0.0,
            -0.20188
          ],
          [
            37477.1,
            554.101,
            5752.09
          ]
        ],
        "unit_class": "dynBase_field_camp_square",
        "objLayer": 2,
        "props": {
          "army": 1,
          "active": false
        }
      },
      {
        "name": "bdt_t1_bomb_object_05",
        "tm": [
          [
            -0.20188,
            0.0,
            0.979411
          ],
          [
            0.0,
            1.0,
            0.0
          ],
          [
            -0.979411,
            0.0,
            -0.20188
          ],
          [
            42556.9,
            336.75,
            8020.4
          ]
        ],
        "unit_class": "dynBase_military_base_square",
        "objLayer": 2,
        "props": {
          "army": 1,
          "active": false
        }
      },
      {
        "name": "bdt_t1_bomb_object_06",
        "tm": [
          [
            -0.20188,
            0.0,
            0.979411
          ],
          [
            0.0,
            1.0,
            0.0
          ],
          [
            -0.979411,
            0.0,
            -0.20188
          ],
          [
            38148.8,
            443.9,
            2532.5
          ]
        ],
        "unit_class": "dynBase_oil_storage_large_square",
        "objLayer": 2,
        "props": {
          "army": 1,
          "active": false
        }
      },
      {
        "name": "bdt_t1_bomb_object_07",
        "tm": [
          [
            -0.20188,
            0.0,
            0.979411
          ],
          [
            0.0,
            1.0,
            0.0
          ],
          [
            -0.979411,
            0.0,
            -0.20188
          ],
          [
            36228.9,
            563.05,
            2904.5
          ]
        ],
        "unit_class": "dynBase_oil_storage_large_square",
        "objLayer": 2,
        "props": {
          "army": 1,
          "active": false
        }
      },
      {
        "name": "bdt_t1_bomb_object_08",
        "tm": [
          [
            0.281743,
            0.0,
            0.95949
          ],
          [
            0.0,
            1.0,
            0.0
          ],
          [
            -0.95949,
            0.0,
            0.281743
          ],
          [
            40891.1,
            381.2,
            3424.25
          ]
        ],
        "unit_class": "dynBase_small_factory_square",
        "objLayer": 2,
        "props": {
          "army": 1,
          "active": false
        }
      },
      {
        "name": "bdt_t1_bomb_object_09",
        "tm": [
          [
            0.281743,
            0.0,
            0.95949
          ],
          [
            0.0,
            1.0,
            0.0
          ],
          [
            -0.95949,
            0.0,
            0.281743
          ],
          [
            43692.8,
            289.6,
            6149.0
          ]
        ],
        "unit_class": "dynBase_petrol_camp_square",
        "objLayer": 2,
        "props": {
          "army": 1,
          "active": false
        }
      },
      {
        "name": "bdt_t1_bomb_object_10",
        "tm": [
          [
            0.281743,
            0.0,
            0.95949
          ],
          [
            0.0,
            1.0,
            0.0
          ],
          [
            -0.95949,
            0.0,
            0.281743
          ],
          [
            39188.2,
            434.95,
            4629.85
          ]
        ],
        "unit_class": "dynBase_petrol_camp_square",
        "objLayer": 2,
        "props": {
          "army": 1,
          "active": false
        }
      },
      {
        "name": "bdt_t2_bomb_object_05",
        "tm": [
          [
            0.118722,
            0.0,
            0.992928
          ],
          [
            0.0,
            1.0,
            0.0
          ],
          [
            -0.992928,
            0.0,
            0.118722
          ],
          [
            39253.0,
            385.15,
            -4743.7
          ]
        ],
        "unit_class": "dynBase_petrol_camp_square",
        "objLayer": 2,
        "props": {
          "army": 2,
          "active": false
        }
      },
      {
        "name": "bdt_t2_bomb_object_06",
        "tm": [
          [
            -0.361124,
            0.0,
            0.932519
          ],
          [
            0.0,
            1.0,
            0.0
          ],
          [
            -0.932519,
            0.0,
            -0.361124
          ],
          [
            41064.5,
            333.709,
            -3444.16
          ]
        ],
        "unit_class": "dynBase_military_base_square",
        "objLayer": 2,
        "props": {
          "army": 2,
          "active": false
        }
      },
      {
        "name": "bdt_t2_bomb_object_07",
        "tm": [
          [
            0.118722,
            0.0,
            0.992928
          ],
          [
            0.0,
            1.0,
            0.0
          ],
          [
            -0.992928,
            0.0,
            0.118722
          ],
          [
            42285.5,
            316.7,
            -5218.3
          ]
        ],
        "unit_class": "dynBase_fuel_storage_square",
        "objLayer": 2,
        "props": {
          "army": 2,
          "active": false
        }
      },
      {
        "name": "bdt_t2_bomb_object_08",
        "tm": [
          [
            -0.454758,
            0.0,
            0.890617
          ],
          [
            0.0,
            1.0,
            0.0
          ],
          [
            -0.890617,
            0.0,
            -0.454758
          ],
          [
            38287.8,
            379.65,
            -2356.1
          ]
        ],
        "unit_class": "dynBase_ammunition_storage_square",
        "objLayer": 2,
        "props": {
          "army": 2,
          "active": false
        }
      },
      {
        "name": "bdt_t2_bomb_object_09",
        "tm": [
          [
            -0.454758,
            0.0,
            0.890617
          ],
          [
            0.0,
            1.0,
            0.0
          ],
          [
            -0.890617,
            0.0,
            -0.454758
          ],
          [
            42079.0,
            476.078,
            -7507.75
          ]
        ],
        "unit_class": "dynBase_field_camp_square",
        "objLayer": 2,
        "props": {
          "army": 2,
          "active": false
        }
      },
      {
        "name": "bdt_t2_bomb_object_10",
        "tm": [
          [
            -0.454758,
            0.0,
            0.890617
          ],
          [
            0.0,
            1.0,
            0.0
          ],
          [
            -0.890617,
            0.0,
            -0.454758
          ],
          [
            38898.8,
            416.798,
            -7715.64
          ]
        ],
        "unit_class": "dynBase_oil_storage_small_square",
        "objLayer": 2,
        "props": {
          "army": 2,
          "active": false
        }
      }
    ]
  },
  "areas": {
    "bdt_t2_bomb_zone_01": {
      "type": "Sphere",
      "tm": [
        [
          300.049,
          0.0,
          335.368
        ],
        [
          0.0,
          450.0,
          0.0
        ],
        [
          -335.368,
          0.0,
          300.049
        ],
        [
          43915.9,
          441.209,
          -6454.91
        ]
      ],
      "objLayer": 0,
      "props": {}
    },
    "bdt_t2_bomb_zone_02": {
      "type": "Sphere",
      "tm": [
        [
          261.001,
          0.0,
          366.576
        ],
        [
          0.0,
          450.0,
          0.0
        ],
        [
          -366.576,
          0.0,
          261.001
        ],
        [
          36442.8,
          486.08,
          -3453.0
        ]
      ],
      "objLayer": 0,
      "props": {}
    },
    "bdt_t2_bomb_zone_03": {
      "type": "Sphere",
      "tm": [
        [
          -204.639,
          0.0,
          400.777
        ],
        [
          0.0,
          450.0,
          0.0
        ],
        [
          -400.777,
          0.0,
          -204.639
        ],
        [
          37328.6,
          494.192,
          -5527.63
        ]
      ],
      "objLayer": 0,
      "props": {}
    },
    "bdt_t1_bomb_zone_01": {
      "type": "Sphere",
      "tm": [
        [
          126.787,
          0.0,
          431.769
        ],
        [
          0.0,
          450.0,
          0.0
        ],
        [
          -431.769,
          0.0,
          126.787
        ],
        [
          40581.7,
          455.76,
          6517.22
        ]
      ],
      "objLayer": 0,
      "props": {}
    },
    "bdt_t1_bomb_zone_02": {
      "type": "Sphere",
      "tm": [
        [
          -106.085,
          0.0,
          437.316
        ],
        [
          0.0,
          450.0,
          0.0
        ],
        [
          -437.316,
          0.0,
          -106.085
        ],
        [
          42203.6,
          318.89,
          5056.66
        ]
      ],
      "objLayer": 0,
      "props": {}
    },
    "bdt_t1_bomb_zone_03": {
      "type": "Sphere",
      "tm": [
        [
          -76.3474,
          0.0,
          443.474
        ],
        [
          0.0,
          450.0,
          0.0
        ],
        [
          -443.474,
          0.0,
          -76.3474
        ],
        [
          38985.3,
          482.52,
          8130.39
        ]
      ],
      "objLayer": 0,
      "props": {}
    },
    "bdt_t2_bomb_zone_04": {
      "type": "Sphere",
      "tm": [
        [
          53.426,
          0.0,
          446.816
        ],
        [
          0.0,
          450.0,
          0.0
        ],
        [
          -446.816,
          0.0,
          53.426
        ],
        [
          40514.8,
          355.97,
          -6377.07
        ]
      ],
      "objLayer": 0,
      "props": {}
    },
    "bdt_t1_bomb_zone_04": {
      "type": "Sphere",
      "tm": [
        [
          -76.3474,
          0.0,
          443.474
        ],
        [
          0.0,
          450.0,
          0.0
        ],
        [
          -443.474,
          0.0,
          -76.3474
        ],
        [
          37471.3,
          554.761,
          5751.37
        ]
      ],
      "objLayer": 0,
      "props": {}
    },
    "bdt_t2_bomb_zone_01_aaa_point_01": {
      "type": "Point",
      "tm": [
        [
          0.136723,
          0.0,
          0.990608
        ],
        [
          0.0,
          1.0,
          0.0
        ],
        [
          -0.990608,
          0.0,
          0.136723
        ],
        [
          44141.3,
          431.26,
          -6458.98
        ]
      ],
      "objLayer": 0,
      "props": {}
    },
    "bdt_t2_bomb_zone_01_aaa_point_02": {
      "type": "Point",
      "tm": [
        [
          0.136723,
          0.0,
          0.990608
        ],
        [
          0.0,
          1.0,
          0.0
        ],
        [
          -0.990608,
          0.0,
          0.136723
        ],
        [
          43641.5,
          469.8,
          -6555.15
        ]
      ],
      "objLayer": 0,
      "props": {}
    },
    "bdt_t2_bomb_zone_01_aaa_point_03": {
      "type": "Point",
      "tm": [
        [
          0.136723,
          0.0,
          0.990608
        ],
        [
          0.0,
          1.0,
          0.0
        ],
        [
          -0.990608,
          0.0,
          0.136723
        ],
        [
          43649.7,
          454.79,
          -6436.39
        ]
      ],
      "objLayer": 0,
      "props": {}
    },
    "bdt_t2_bomb_zone_01_aaa_point_04": {
      "type": "Point",
      "tm": [
        [
          0.136723,
          0.0,
          0.990608
        ],
        [
          0.0,
          1.0,
          0.0
        ],
        [
          -0.990608,
          0.0,
          0.136723
        ],
        [
          43904.4,
          376.05,
          -6187.65
        ]
      ],
      "objLayer": 0,
      "props": {}
    },
    "bdt_t2_bomb_zone_02_aaa_point_01": {
      "type": "Point",
      "tm": [
        [
          0.026011,
          0.0,
          0.999661
        ],
        [
          0.0,
          1.0,
          0.0
        ],
        [
          -0.999661,
          0.0,
          0.026011
        ],
        [
          36587.0,
          519.75,
          -3655.5
        ]
      ],
      "objLayer": 0,
      "props": {}
    },
    "bdt_t2_bomb_zone_02_aaa_point_02": {
      "type": "Point",
      "tm": [
        [
          0.026011,
          0.0,
          0.999661
        ],
        [
          0.0,
          1.0,
          0.0
        ],
        [
          -0.999661,
          0.0,
          0.026011
        ],
        [
          36123.9,
          550.0,
          -3379.7
        ]
      ],
      "objLayer": 0,
      "props": {}
    },
    "bdt_t2_bomb_zone_02_aaa_point_03": {
      "type": "Point",
      "tm": [
        [
          0.026011,
          0.0,
          0.999661
        ],
        [
          0.0,
          1.0,
          0.0
        ],
        [
          -0.999661,
          0.0,
          0.026011
        ],
        [
          36326.6,
          605.96,
          -3707.4
        ]
      ],
      "objLayer": 0,
      "props": {}
    },
    "bdt_t2_bomb_zone_02_aaa_point_04": {
      "type": "Point",
      "tm": [
        [
          0.026011,
          0.0,
          0.999661
        ],
        [
          0.0,
          1.0,
          0.0
        ],
        [
          -0.999661,
          0.0,
          0.026011
        ],
        [
          36487.8,
          459.22,
          -3228.1
        ]
      ],
      "objLayer": 0,
      "props": {}
    },
    "bdt_t2_bomb_zone_03_aaa_point_01": {
      "type": "Point",
      "tm": [
        [
          0.026011,
          0.0,
          0.999661
        ],
        [
          0.0,
          1.0,
          0.0
        ],
        [
          -0.999661,
          0.0,
          0.026011
        ],
        [
          37623.6,
          567.572,
          -5486.43
        ]
      ],
      "objLayer": 0,
      "props": {}
    },
    "bdt_t2_bomb_zone_03_aaa_point_02": {
      "type": "Point",
      "tm": [
        [
          0.026011,
          0.0,
          0.999661
        ],
        [
          0.0,
          1.0,
          0.0
        ],
        [
          -0.999661,
          0.0,
          0.026011
        ],
        [
          37060.4,
          396.952,
          -5410.29
        ]
      ],
      "objLayer": 0,
      "props": {}
    },
    "bdt_t2_bomb_zone_03_aaa_point_03": {
      "type": "Point",
      "tm": [
        [
          0.026011,
          0.0,
          0.999661
        ],
        [
          0.0,
          1.0,
          0.0
        ],
        [
          -0.999661,
          0.0,
          0.026011
        ],
        [
          37070.4,
          483.042,
          -5717.54
        ]
      ],
      "objLayer": 0,
      "props": {}
    },
    "bdt_t2_bomb_zone_03_aaa_point_04": {
      "type": "Point",
      "tm": [
        [
          0.026011,
          0.0,
          0.999661
        ],
        [
          0.0,
          1.0,
          0.0
        ],
        [
          -0.999661,
          0.0,
          0.026011
        ],
        [
          37567.4,
          534.092,
          -5708.94
        ]
      ],
      "objLayer": 0,
      "props": {}
    },
    "bdt_t2_bomb_zone_04_aaa_point_01": {
      "type": "Point",
      "tm": [
        [
          0.136723,
          0.0,
          0.990608
        ],
        [
          0.0,
          1.0,
          0.0
        ],
        [
          -0.990608,
          0.0,
          0.136723
        ],
        [
          40319.1,
          357.29,
          -6108.58
        ]
      ],
      "objLayer": 0,
      "props": {}
    },
    "bdt_t2_bomb_zone_04_aaa_point_02": {
      "type": "Point",
      "tm": [
        [
          0.136723,
          0.0,
          0.990608
        ],
        [
          0.0,
          1.0,
          0.0
        ],
        [
          -0.990608,
          0.0,
          0.136723
        ],
        [
          40277.8,
          399.31,
          -6564.62
        ]
      ],
      "objLayer": 0,
      "props": {}
    },
    "bdt_t2_bomb_zone_04_aaa_point_03": {
      "type": "Point",
      "tm": [
        [
          0.136723,
          0.0,
          0.990608
        ],
        [
          0.0,
          1.0,
          0.0
        ],
        [
          -0.990608,
          0.0,
          0.136723
        ],
        [
          40767.9,
          325.09,
          -6293.37
        ]
      ],
      "objLayer": 0,
      "props": {}
    },
    "bdt_t2_bomb_zone_04_aaa_point_04": {
      "type": "Point",
      "tm": [
        [
          0.136723,
          0.0,
          0.990608
        ],
        [
          0.0,
          1.0,
          0.0
        ],
        [
          -0.990608,
          0.0,
          0.136723
        ],
        [
          40708.3,
          345.54,
          -6530.45
        ]
      ],
      "objLayer": 0,
      "props": {}
    },
    "bdt_t1_bomb_zone_01_aaa_point_01": {
      "type": "Point",
      "tm": [
        [
          -0.302303,
          0.0,
          0.953212
        ],
        [
          0.0,
          1.0,
          0.0
        ],
        [
          -0.953212,
          0.0,
          -0.302303
        ],
        [
          40496.3,
          565.97,
          6757.22
        ]
      ],
      "objLayer": 0,
      "props": {}
    },
    "bdt_t1_bomb_zone_01_aaa_point_02": {
      "type": "Point",
      "tm": [
        [
          -0.302303,
          0.0,
          0.953212
        ],
        [
          0.0,
          1.0,
          0.0
        ],
        [
          -0.953212,
          0.0,
          -0.302303
        ],
        [
          40597.9,
          428.33,
          6264.74
        ]
      ],
      "objLayer": 0,
      "props": {}
    },
    "bdt_t1_bomb_zone_01_aaa_point_03": {
      "type": "Point",
      "tm": [
        [
          -0.302303,
          0.0,
          0.953212
        ],
        [
          0.0,
          1.0,
          0.0
        ],
        [
          -0.953212,
          0.0,
          -0.302303
        ],
        [
          40811.2,
          359.58,
          6559.56
        ]
      ],
      "objLayer": 0,
      "props": {}
    },
    "bdt_t1_bomb_zone_01_aaa_point_04": {
      "type": "Point",
      "tm": [
        [
          -0.302303,
          0.0,
          0.953212
        ],
        [
          0.0,
          1.0,
          0.0
        ],
        [
          -0.953212,
          0.0,
          -0.302303
        ],
        [
          40753.9,
          303.07,
          6338.33
        ]
      ],
      "objLayer": 0,
      "props": {}
    },
    "bdt_t1_bomb_zone_02_aaa_point_01": {
      "type": "Point",
      "tm": [
        [
          -0.302303,
          0.0,
          0.953212
        ],
        [
          0.0,
          1.0,
          0.0
        ],
        [
          -0.953212,
          0.0,
          -0.302303
        ],
        [
          41969.9,
          392.31,
          5192.75
        ]
      ],
      "objLayer": 0,
      "props": {}
    },
    "bdt_t1_bomb_zone_02_aaa_point_02": {
      "type": "Point",
      "tm": [
        [
          -0.302303,
          0.0,
          0.953212
        ],
        [
          0.0,
          1.0,
          0.0
        ],
        [
          -0.953212,
          0.0,
          -0.302303
        ],
        [
          41986.7,
          385.24,
          4903.13
        ]
      ],
      "objLayer": 0,
      "props": {}
    },
    "bdt_t1_bomb_zone_02_aaa_point_03": {
      "type": "Point",
      "tm": [
        [
          -0.302303,
          0.0,
          0.953212
        ],
        [
          0.0,
          1.0,
          0.0
        ],
        [
          -0.953212,
          0.0,
          -0.302303
        ],
        [
          42648.0,
          285.79,
          5130.32
        ]
      ],
      "objLayer": 0,
      "props": {}
    },
    "bdt_t1_bomb_zone_02_aaa_point_04": {
      "type": "Point",
      "tm": [
        [
          -0.302303,
          0.0,
          0.953212
        ],
        [
          0.0,
          1.0,
          0.0
        ],
        [
          -0.953212,
          0.0,
          -0.302303
        ],
        [
          42267.9,
          333.44,
          4733.97
        ]
      ],
      "objLayer": 0,
      "props": {}
    },
    "bdt_t1_bomb_zone_03_aaa_point_01": {
      "type": "Point",
      "tm": [
        [
          -0.194718,
          0.0,
          0.98086
        ],
        [
          0.0,
          1.0,
          0.0
        ],
        [
          -0.98086,
          0.0,
          -0.194718
        ],
        [
          39252.1,
          519.309,
          7977.14
        ]
      ],
      "objLayer": 0,
      "props": {}
    },
    "bdt_t1_bomb_zone_03_aaa_point_02": {
      "type": "Point",
      "tm": [
        [
          -0.194718,
          0.0,
          0.98086
        ],
        [
          0.0,
          1.0,
          0.0
        ],
        [
          -0.98086,
          0.0,
          -0.194718
        ],
        [
          38768.3,
          481.76,
          8238.08
        ]
      ],
      "objLayer": 0,
      "props": {}
    },
    "bdt_t1_bomb_zone_03_aaa_point_03": {
      "type": "Point",
      "tm": [
        [
          -0.194718,
          0.0,
          0.98086
        ],
        [
          0.0,
          1.0,
          0.0
        ],
        [
          -0.98086,
          0.0,
          -0.194718
        ],
        [
          38755.8,
          472.66,
          7958.42
        ]
      ],
      "objLayer": 0,
      "props": {}
    },
    "bdt_t1_bomb_zone_03_aaa_point_04": {
      "type": "Point",
      "tm": [
        [
          -0.194718,
          0.0,
          0.98086
        ],
        [
          0.0,
          1.0,
          0.0
        ],
        [
          -0.98086,
          0.0,
          -0.194718
        ],
        [
          39123.4,
          506.349,
          8351.79
        ]
      ],
      "objLayer": 0,
      "props": {}
    },
    "bdt_t1_bomb_zone_04_aaa_point_01": {
      "type": "Point",
      "tm": [
        [
          -0.194718,
          0.0,
          0.98086
        ],
        [
          0.0,
          1.0,
          0.0
        ],
        [
          -0.98086,
          0.0,
          -0.194718
        ],
        [
          37546.9,
          586.521,
          6059.0
        ]
      ],
      "objLayer": 0,
      "props": {}
    },
    "bdt_t1_bomb_zone_04_aaa_point_02": {
      "type": "Point",
      "tm": [
        [
          -0.194718,
          0.0,
          0.98086
        ],
        [
          0.0,
          1.0,
          0.0
        ],
        [
          -0.98086,
          0.0,
          -0.194718
        ],
        [
          37267.5,
          569.461,
          5900.76
        ]
      ],
      "objLayer": 0,
      "props": {}
    },
    "bdt_t1_bomb_zone_04_aaa_point_03": {
      "type": "Point",
      "tm": [
        [
          -0.194718,
          0.0,
          0.98086
        ],
        [
          0.0,
          1.0,
          0.0
        ],
        [
          -0.98086,
          0.0,
          -0.194718
        ],
        [
          37757.8,
          576.691,
          5802.01
        ]
      ],
      "objLayer": 0,
      "props": {}
    },
    "bdt_t1_bomb_zone_04_aaa_point_04": {
      "type": "Point",
      "tm": [
        [
          -0.194718,
          0.0,
          0.98086
        ],
        [
          0.0,
          1.0,
          0.0
        ],
        [
          -0.98086,
          0.0,
          -0.194718
        ],
        [
          37234.7,
          590.571,
          5544.99
        ]
      ],
      "objLayer": 0,
      "props": {}
    },
    "bdt_t1_bomb_zone_05": {
      "type": "Sphere",
      "tm": [
        [
          -76.3474,
          0.0,
          443.474
        ],
        [
          0.0,
          450.0,
          0.0
        ],
        [
          -443.474,
          0.0,
          -76.3474
        ],
        [
          42551.1,
          336.48,
          8019.57
        ]
      ],
      "objLayer": 0,
      "props": {}
    },
    "bdt_t1_bomb_zone_06": {
      "type": "Sphere",
      "tm": [
        [
          -76.3474,
          0.0,
          443.474
        ],
        [
          0.0,
          450.0,
          0.0
        ],
        [
          -443.474,
          0.0,
          -76.3474
        ],
        [
          38143.0,
          442.78,
          2531.9
        ]
      ],
      "objLayer": 0,
      "props": {}
    },
    "bdt_t1_bomb_zone_07": {
      "type": "Sphere",
      "tm": [
        [
          -76.3474,
          0.0,
          443.474
        ],
        [
          0.0,
          450.0,
          0.0
        ],
        [
          -443.474,
          0.0,
          -76.3474
        ],
        [
          36223.1,
          560.96,
          2903.86
        ]
      ],
      "objLayer": 0,
      "props": {}
    },
    "bdt_t1_bomb_zone_08": {
      "type": "Sphere",
      "tm": [
        [
          126.787,
          0.0,
          431.769
        ],
        [
          0.0,
          450.0,
          0.0
        ],
        [
          -431.769,
          0.0,
          126.787
        ],
        [
          40891.6,
          384.529,
          3436.97
        ]
      ],
      "objLayer": 0,
      "props": {}
    },
    "bdt_t1_bomb_zone_09": {
      "type": "Sphere",
      "tm": [
        [
          126.787,
          0.0,
          431.769
        ],
        [
          0.0,
          450.0,
          0.0
        ],
        [
          -431.769,
          0.0,
          126.787
        ],
        [
          43693.4,
          289.89,
          6161.34
        ]
      ],
      "objLayer": 0,
      "props": {}
    },
    "bdt_t1_bomb_zone_10": {
      "type": "Sphere",
      "tm": [
        [
          126.787,
          0.0,
          431.769
        ],
        [
          0.0,
          450.0,
          0.0
        ],
        [
          -431.769,
          0.0,
          126.787
        ],
        [
          39188.8,
          435.75,
          4642.49
        ]
      ],
      "objLayer": 0,
      "props": {}
    },
    "bdt_t1_bomb_zone_05_aaa_point_01": {
      "type": "Point",
      "tm": [
        [
          -0.194718,
          0.0,
          0.98086
        ],
        [
          0.0,
          1.0,
          0.0
        ],
        [
          -0.98086,
          0.0,
          -0.194718
        ],
        [
          42582.1,
          325.43,
          7747.23
        ]
      ],
      "objLayer": 0,
      "props": {}
    },
    "bdt_t1_bomb_zone_05_aaa_point_02": {
      "type": "Point",
      "tm": [
        [
          -0.194718,
          0.0,
          0.98086
        ],
        [
          0.0,
          1.0,
          0.0
        ],
        [
          -0.98086,
          0.0,
          -0.194718
        ],
        [
          42666.1,
          336.38,
          7914.87
        ]
      ],
      "objLayer": 0,
      "props": {}
    },
    "bdt_t1_bomb_zone_05_aaa_point_03": {
      "type": "Point",
      "tm": [
        [
          -0.194718,
          0.0,
          0.98086
        ],
        [
          0.0,
          1.0,
          0.0
        ],
        [
          -0.98086,
          0.0,
          -0.194718
        ],
        [
          42529.9,
          348.57,
          8306.57
        ]
      ],
      "objLayer": 0,
      "props": {}
    },
    "bdt_t1_bomb_zone_05_aaa_point_04": {
      "type": "Point",
      "tm": [
        [
          -0.194718,
          0.0,
          0.98086
        ],
        [
          0.0,
          1.0,
          0.0
        ],
        [
          -0.98086,
          0.0,
          -0.194718
        ],
        [
          42328.8,
          327.37,
          8185.47
        ]
      ],
      "objLayer": 0,
      "props": {}
    },
    "bdt_t1_bomb_zone_06_aaa_point_01": {
      "type": "Point",
      "tm": [
        [
          -0.194718,
          0.0,
          0.98086
        ],
        [
          0.0,
          1.0,
          0.0
        ],
        [
          -0.98086,
          0.0,
          -0.194718
        ],
        [
          38457.9,
          497.86,
          2410.9
        ]
      ],
      "objLayer": 0,
      "props": {}
    },
    "bdt_t1_bomb_zone_06_aaa_point_02": {
      "type": "Point",
      "tm": [
        [
          -0.194718,
          0.0,
          0.98086
        ],
        [
          0.0,
          1.0,
          0.0
        ],
        [
          -0.98086,
          0.0,
          -0.194718
        ],
        [
          38265.4,
          445.51,
          2231.2
        ]
      ],
      "objLayer": 0,
      "props": {}
    },
    "bdt_t1_bomb_zone_06_aaa_point_03": {
      "type": "Point",
      "tm": [
        [
          -0.194718,
          0.0,
          0.98086
        ],
        [
          0.0,
          1.0,
          0.0
        ],
        [
          -0.98086,
          0.0,
          -0.194718
        ],
        [
          37838.2,
          385.84,
          2481.6
        ]
      ],
      "objLayer": 0,
      "props": {}
    },
    "bdt_t1_bomb_zone_06_aaa_point_04": {
      "type": "Point",
      "tm": [
        [
          -0.194718,
          0.0,
          0.98086
        ],
        [
          0.0,
          1.0,
          0.0
        ],
        [
          -0.98086,
          0.0,
          -0.194718
        ],
        [
          38219.0,
          407.33,
          2819.7
        ]
      ],
      "objLayer": 0,
      "props": {}
    },
    "bdt_t1_bomb_zone_07_aaa_point_01": {
      "type": "Point",
      "tm": [
        [
          -0.194718,
          0.0,
          0.98086
        ],
        [
          0.0,
          1.0,
          0.0
        ],
        [
          -0.98086,
          0.0,
          -0.194718
        ],
        [
          35937.4,
          446.591,
          2999.42
        ]
      ],
      "objLayer": 0,
      "props": {}
    },
    "bdt_t1_bomb_zone_07_aaa_point_02": {
      "type": "Point",
      "tm": [
        [
          -0.194718,
          0.0,
          0.98086
        ],
        [
          0.0,
          1.0,
          0.0
        ],
        [
          -0.98086,
          0.0,
          -0.194718
        ],
        [
          36552.4,
          723.441,
          2788.7
        ]
      ],
      "objLayer": 0,
      "props": {}
    },
    "bdt_t1_bomb_zone_07_aaa_point_03": {
      "type": "Point",
      "tm": [
        [
          -0.194718,
          0.0,
          0.98086
        ],
        [
          0.0,
          1.0,
          0.0
        ],
        [
          -0.98086,
          0.0,
          -0.194718
        ],
        [
          36318.2,
          550.67,
          3226.05
        ]
      ],
      "objLayer": 0,
      "props": {}
    },
    "bdt_t1_bomb_zone_07_aaa_point_04": {
      "type": "Point",
      "tm": [
        [
          -0.194718,
          0.0,
          0.98086
        ],
        [
          0.0,
          1.0,
          0.0
        ],
        [
          -0.98086,
          0.0,
          -0.194718
        ],
        [
          35914.6,
          421.831,
          2646.51
        ]
      ],
      "objLayer": 0,
      "props": {}
    },
    "bdt_t1_bomb_zone_08_aaa_point_01": {
      "type": "Point",
      "tm": [
        [
          -0.302303,
          0.0,
          0.953212
        ],
        [
          0.0,
          1.0,
          0.0
        ],
        [
          -0.953212,
          0.0,
          -0.302303
        ],
        [
          40628.2,
          428.05,
          3272.12
        ]
      ],
      "objLayer": 0,
      "props": {}
    },
    "bdt_t1_bomb_zone_08_aaa_point_02": {
      "type": "Point",
      "tm": [
        [
          -0.302303,
          0.0,
          0.953212
        ],
        [
          0.0,
          1.0,
          0.0
        ],
        [
          -0.953212,
          0.0,
          -0.302303
        ],
        [
          41085.6,
          359.08,
          3200.15
        ]
      ],
      "objLayer": 0,
      "props": {}
    },
    "bdt_t1_bomb_zone_08_aaa_point_03": {
      "type": "Point",
      "tm": [
        [
          -0.302303,
          0.0,
          0.953212
        ],
        [
          0.0,
          1.0,
          0.0
        ],
        [
          -0.953212,
          0.0,
          -0.302303
        ],
        [
          41209.3,
          379.029,
          3601.75
        ]
      ],
      "objLayer": 0,
      "props": {}
    },
    "bdt_t1_bomb_zone_08_aaa_point_04": {
      "type": "Point",
      "tm": [
        [
          -0.302303,
          0.0,
          0.953212
        ],
        [
          0.0,
          1.0,
          0.0
        ],
        [
          -0.953212,
          0.0,
          -0.302303
        ],
        [
          40803.8,
          525.14,
          3694.41
        ]
      ],
      "objLayer": 0,
      "props": {}
    },
    "bdt_t1_bomb_zone_09_aaa_point_01": {
      "type": "Point",
      "tm": [
        [
          -0.302303,
          0.0,
          0.953212
        ],
        [
          0.0,
          1.0,
          0.0
        ],
        [
          -0.953212,
          0.0,
          -0.302303
        ],
        [
          43746.8,
          289.59,
          5716.61
        ]
      ],
      "objLayer": 0,
      "props": {}
    },
    "bdt_t1_bomb_zone_09_aaa_point_02": {
      "type": "Point",
      "tm": [
        [
          -0.302303,
          0.0,
          0.953212
        ],
        [
          0.0,
          1.0,
          0.0
        ],
        [
          -0.953212,
          0.0,
          -0.302303
        ],
        [
          44093.0,
          281.07,
          6068.8
        ]
      ],
      "objLayer": 0,
      "props": {}
    },
    "bdt_t1_bomb_zone_09_aaa_point_03": {
      "type": "Point",
      "tm": [
        [
          -0.302303,
          0.0,
          0.953212
        ],
        [
          0.0,
          1.0,
          0.0
        ],
        [
          -0.953212,
          0.0,
          -0.302303
        ],
        [
          43242.8,
          295.28,
          5949.84
        ]
      ],
      "objLayer": 0,
      "props": {}
    },
    "bdt_t1_bomb_zone_09_aaa_point_04": {
      "type": "Point",
      "tm": [
        [
          -0.302303,
          0.0,
          0.953212
        ],
        [
          0.0,
          1.0,
          0.0
        ],
        [
          -0.953212,
          0.0,
          -0.302303
        ],
        [
          43925.4,
          281.67,
          6491.95
        ]
      ],
      "objLayer": 0,
      "props": {}
    },
