{
  "selected_tag": "",
  "bin_dump_file": "",
  "mission_settings": {
    "player": {
      "army": 1
    },
    "player_teamB": {
      "army": 2
    },
    "mission": {
      "level": "levels/water.bin",
      "type": "singleMission",
      "environment": "Day",
      "weather": "clear",
      "restoreType": "attempts",
      "optionalTakeOff": false
    },
    "spectator_points": []
  },
  "imports": [],
  "triggers": {
    "isCategory": true,
    "is_enabled": true,
    "fields_high_start": {
      "is_enabled": true,
      "comments": "",
      "props": {
        "actionsType": "PERFORM_ONE_BY_ONE",
        "conditionsType": "ALL",
        "enableAfterComplete": false
      },
      "events": {
        "initMission": []
      },
      "conditions": [],
      "actions": [
        {
          "varSetInt": [
            {
              "value": 0
            },
            {
              "var": "ft_t1_max_near_airfields_count"
            },
            {
              "var": "ft_t2_max_near_airfields_count"
            }
          ]
        },
        {
          "varSetInt": [
            {
              "value": 2
            },
            {
              "var": "ft_t1_max_mid_airfields_count"
            },
            {
              "var": "ft_t2_max_mid_airfields_count"
            }
          ]
        },
        {
          "varSetInt": [
            {
              "value": 2
            },
            {
              "var": "ft_t1_max_far_airfields_count"
            },
            {
              "var": "ft_t2_max_far_airfields_count"
            }
          ]
        },
        {
          "comment": {
            "value": ""
          }
        },
        {
          "varSetReal": {
            "value": 10000.0,
            "var": "ft_generate_distance_between"
          }
        }
      ],
      "else_actions": []
    }
  },
  "mission_objectives": {
    "isCategory": true,
    "is_enabled": true
  },
  "variables": [],
  "dialogs": [],
  "airfields": [],
  "effects": [],
  "units": [
    {
      "objectGroups": {
        "name": "ft_t1_airfield_01_01",
        "tm": [
          [0.0237858,0.0,0.999717],
          [0.0,1.0,0.0],
          [-0.999717,0.0,0.0237858],
          [19043.3,118.9,28205.3]
        ],
        "unit_class": "dynaf_universal_1line_3000_a_big",
        "objLayer": 2,
        "props": {
          "army": 1,
          "active": false
        }
      }
    },
    {
      "objectGroups": {
        "name": "ft_t1_airfield_01_02",
        "tm": [
          [0.245504,0.0,0.969396],
          [0.0,1.0,0.0],
          [-0.969396,0.0,0.245504],
          [-20429.6,327.05,28484.4]
        ],
        "unit_class": "dynaf_universal_1line_3000_a_big",
        "objLayer": 2,
        "props": {
          "army": 1,
          "active": false
        }
      }
    },
    {
      "objectGroups": {
        "name": "ft_t1_airfield_01_03",
        "tm": [
          [0.021379,0.0,0.999771],
          [0.0,1.0,0.0],
          [-0.999771,0.0,0.021379],
          [-1240.1,436.45,28174.0]
        ],
        "unit_class": "dynaf_universal_1line_3000_a_big",
        "objLayer": 2,
        "props": {
          "army": 1,
          "active": false
        }
      }
    },
    {
      "objectGroups": {
        "name": "ft_t1_airfield_02_01",
        "tm": [
          [0.83791,0.0,0.545809],
          [0.0,1.0,0.0],
          [-0.545809,0.0,0.83791],
          [10045.8,118.7,21793.8]
        ],
        "unit_class": "dynaf_universal_1line_3000_a_big",
        "objLayer": 2,
        "props": {
          "army": 1,
          "active": false
        }
      }
    },
    {
      "objectGroups": {
        "name": "ft_t1_airfield_02_02",
        "tm": [
          [-0.14911,0.0,0.98882],
          [0.0,1.0,0.0],
          [-0.98882,0.0,-0.14911],
          [-1846.0,228.4,21782.3]
        ],
        "unit_class": "dynaf_universal_1line_3000_a_big",
        "objLayer": 2,
        "props": {
          "army": 1,
          "active": false
        }
      }
    },
    {
      "objectGroups": {
        "name": "ft_t2_airfield_01_01",
        "tm": [
          [-0.00695567,0.0,-0.999976],
          [0.0,1.0,0.0],
          [0.999976,0.0,-0.00695567],
          [-25888.7,385.3,-27153.2]
        ],
        "unit_class": "dynaf_universal_1line_3000_a_big",
        "objLayer": 2,
        "props": {
          "army": 2,
          "active": false
        }
      }
    },
    {
      "objectGroups": {
        "name": "ft_t2_airfield_01_02",
        "tm": [
          [0.000365853,0.0,-1.0],
          [0.0,1.0,0.0],
          [1.0,0.0,0.000365853],
          [6623.6,616.35,-28125.7]
        ],
        "unit_class": "dynaf_universal_1line_3000_a_big",
        "objLayer": 2,
        "props": {
          "army": 2,
          "active": false
        }
      }
    },
    {
      "objectGroups": {
        "name": "ft_t2_airfield_01_03",
        "tm": [
          [0.253526,0.0,-0.967328],
          [0.0,1.0,0.0],
          [0.967328,0.0,0.253526],
          [25386.8,142.9,-27876.6]
        ],
        "unit_class": "dynaf_universal_1line_3000_a_big",
        "objLayer": 2,
        "props": {
          "army": 2,
          "active": false
        }
      }
    },
    {
      "objectGroups": {
        "name": "ft_t2_airfield_02_01",
        "tm": [
          [-0.509174,0.0,-0.860663],
          [0.0,1.0,0.0],
          [0.860663,0.0,-0.509174],
          [-20463.7,663.25,-19952.4]
        ],
        "unit_class": "dynaf_universal_1line_3000_a_big",
        "objLayer": 2,
        "props": {
          "army": 2,
          "active": false
        }
      }
    },
    {
      "objectGroups": {
        "name": "ft_t2_airfield_02_02",
        "tm": [
          [-0.0541281,0.0,-0.998534],
          [0.0,1.0,0.0],
          [0.998534,0.0,-0.0541281],
          [3682.95,568.9,-18937.2]
        ],
        "unit_class": "dynaf_universal_1line_3000_a_big",
        "objLayer": 2,
        "props": {
          "army": 2,
          "active": false
        }
      }
    },
    {
      "squad": {
        "name": "ft_t1_airfields_squad",
        "tm": [
          [-2.78181e-08,0.0,1.0],
          [0.0,1.0,0.0],
          [-1.0,0.0,-2.78181e-08],
          [6863.23,-10.6406,40609.2]
        ],
        "props": [
          {
            "object_marking": 0
          },
          {
            "squad_members": "ft_t1_airfield_01_01"
          },
          {
            "squad_members": "ft_t1_airfield_01_02"
          },
          {
            "squad_members": "ft_t1_airfield_01_03"
          },
          {
            "squad_members": "ft_t1_airfield_02_01"
          },
          {
            "squad_members": "ft_t1_airfield_02_02"
          },
          {
            "squad_members": "ft_t1_airfield_02_03"
          }
        ]
      }
    },
    {
      "squad": {
        "name": "ft_t2_airfields_squad",
        "tm": [
          [-2.78181e-08,0.0,1.0],
          [0.0,1.0,0.0],
          [-1.0,0.0,-2.78181e-08],
          [9460.29,140.351,-45540.7]
        ],
        "props": [
          {
            "object_marking": 0
          },
          {
            "squad_members": "ft_t2_airfield_01_01"
          },
          {
            "squad_members": "ft_t2_airfield_01_02"
          },
          {
            "squad_members": "ft_t2_airfield_01_03"
          },
          {
            "squad_members": "ft_t2_airfield_02_01"
          },
          {
            "squad_members": "ft_t2_airfield_02_02"
          },
          {
            "squad_members": "ft_t2_airfield_02_03"
          }
        ]
      }
    },
    {
      "structures": {
        "name": "ft_t1_airfield_01_01_bomb_target",
        "tm": [
          [0.110827,0.0,0.99384],
          [0.0,1.0,0.0],
          [-0.99384,0.0,0.110827],
          [19043.4,118.9,28205.3]
        ],
        "unit_class": "dummy_immortal",
        "objLayer": 2,
        "closed_waypoints": false,
        "isShipSpline": false,
        "shipTurnRadius": 100.0,
        "weapons": "",
        "bullets0": "",
        "bullets1": "",
        "bullets2": "",
        "bullets3": "",
        "bulletsCount0": 0,
        "bulletsCount1": 0,
        "bulletsCount2": 0,
        "bulletsCount3": 0,
        "crewSkillK": 0.0,
        "applyAllMods": false,
        "props": {
          "army": 1,
          "count": 1,
          "formation_type": "rows",
          "formation_div": 3,
          "formation_step": [2.5,2.0],
          "formation_noise": [0.1,0.1],
          "uniqueName": "",
          "attack_type": "fire_at_will",
          "isDelayed": true,
          "stealthRadius": 0.0,
          "setStealth": true,
          "targetableByAi": false
        },
        "way": []
      }
    },
    {
      "structures": {
        "name": "ft_t1_airfield_02_01_bomb_target",
        "tm": [
          [0.83791,0.0,0.545809],
          [0.0,1.0,0.0],
          [-0.545809,0.0,0.83791],
          [10045.8,118.7,21793.8]
        ],
        "unit_class": "dummy_immortal",
        "objLayer": 2,
        "closed_waypoints": false,
        "isShipSpline": false,
        "shipTurnRadius": 100.0,
        "weapons": "",
        "bullets0": "",
        "bullets1": "",
        "bullets2": "",
        "bullets3": "",
        "bulletsCount0": 0,
        "bulletsCount1": 0,
        "bulletsCount2": 0,
        "bulletsCount3": 0,
        "crewSkillK": 0.0,
        "applyAllMods": false,
        "props": {
          "army": 1,
          "count": 1,
          "formation_type": "rows",
          "formation_div": 3,
          "formation_step": [2.5,2.0],
          "formation_noise": [0.1,0.1],
          "uniqueName": "",
          "attack_type": "fire_at_will",
          "isDelayed": true,
          "stealthRadius": 0.0,
          "setStealth": true,
          "targetableByAi": false
        },
        "way": []
      }
    },
    {
      "structures": {
        "name": "ft_t1_airfield_01_03_bomb_target",
        "tm": [
          [0.021379,0.0,0.999771],
          [0.0,1.0,0.0],
          [-0.999771,0.0,0.021379],
          [-1240.15,436.45,28174.1]
        ],
        "unit_class": "dummy_immortal",
        "objLayer": 2,
        "closed_waypoints": false,
        "isShipSpline": false,
        "shipTurnRadius": 100.0,
        "weapons": "",
        "bullets0": "",
        "bullets1": "",
        "bullets2": "",
        "bullets3": "",
        "bulletsCount0": 0,
        "bulletsCount1": 0,
        "bulletsCount2": 0,
        "bulletsCount3": 0,
        "crewSkillK": 0.0,
        "applyAllMods": false,
        "props": {
          "army": 1,
          "count": 1,
          "formation_type": "rows",
          "formation_div": 3,
          "formation_step": [2.5,2.0],
          "formation_noise": [0.1,0.1],
          "uniqueName": "",
          "attack_type": "fire_at_will",
          "isDelayed": true,
          "stealthRadius": 0.0,
          "setStealth": true,
          "targetableByAi": false
        },
        "way": []
      }
    },
    {
      "structures": {
        "name": "ft_t1_airfield_02_02_bomb_target",
        "tm": [
          [-0.14911,0.0,0.98882],
          [0.0,1.0,0.0],
          [-0.98882,0.0,-0.14911],
          [-1846.0,228.4,21782.3]
        ],
        "unit_class": "dummy_immortal",
        "objLayer": 2,
        "closed_waypoints": false,
        "isShipSpline": false,
        "shipTurnRadius": 100.0,
        "weapons": "",
        "bullets0": "",
        "bullets1": "",
        "bullets2": "",
        "bullets3": "",
        "bulletsCount0": 0,
        "bulletsCount1": 0,
        "bulletsCount2": 0,
        "bulletsCount3": 0,
        "crewSkillK": 0.0,
        "applyAllMods": false,
        "props": {
          "army": 1,
          "count": 1,
          "formation_type": "rows",
          "formation_div": 3,
          "formation_step": [2.5,2.0],
          "formation_noise": [0.1,0.1],
          "uniqueName": "",
          "attack_type": "fire_at_will",
          "isDelayed": true,
          "stealthRadius": 0.0,
          "setStealth": true,
          "targetableByAi": false
        },
        "way": []
      }
    },
    {
      "structures": {
        "name": "ft_t1_airfield_01_02_bomb_target",
        "tm": [
          [0.329059,0.0,0.94431],
          [0.0,1.0,0.0],
          [-0.94431,0.0,0.329059],
          [-20429.6,327.053,28484.3]
        ],
        "unit_class": "dummy_immortal",
        "objLayer": 2,
        "closed_waypoints": false,
        "isShipSpline": false,
        "shipTurnRadius": 100.0,
        "weapons": "",
        "bullets0": "",
        "bullets1": "",
        "bullets2": "",
        "bullets3": "",
        "bulletsCount0": 0,
        "bulletsCount1": 0,
        "bulletsCount2": 0,
        "bulletsCount3": 0,
        "crewSkillK": 0.0,
        "applyAllMods": false,
        "props": {
          "army": 1,
          "count": 1,
          "formation_type": "rows",
          "formation_div": 3,
          "formation_step": [2.5,2.0],
          "formation_noise": [0.1,0.1],
          "uniqueName": "",
          "attack_type": "fire_at_will",
          "isDelayed": true,
          "stealthRadius": 0.0,
          "setStealth": true,
          "targetableByAi": false
        },
        "way": []
      }
    },
    {
      "structures": {
        "name": "ft_t2_airfield_01_01_bomb_target",
        "tm": [
          [-0.00695567,0.0,-0.999976],
          [0.0,1.0,0.0],
          [0.999976,0.0,-0.00695567],
          [-25888.7,355.3,-27153.2]
        ],
        "unit_class": "dummy_immortal",
        "objLayer": 2,
        "closed_waypoints": false,
        "isShipSpline": false,
        "shipTurnRadius": 100.0,
        "weapons": "",
        "bullets0": "",
        "bullets1": "",
        "bullets2": "",
        "bullets3": "",
        "bulletsCount0": 0,
        "bulletsCount1": 0,
        "bulletsCount2": 0,
        "bulletsCount3": 0,
        "crewSkillK": 0.0,
        "applyAllMods": false,
        "props": {
          "army": 2,
          "count": 1,
          "formation_type": "rows",
          "formation_div": 3,
          "formation_step": [2.5,2.0],
          "formation_noise": [0.1,0.1],
          "uniqueName": "",
          "attack_type": "fire_at_will",
          "isDelayed": true,
          "stealthRadius": 0.0,
          "setStealth": true,
          "targetableByAi": false
        },
        "way": []
      }
    },
    {
      "structures": {
        "name": "ft_t2_airfield_02_01_bomb_target",
        "tm": [
          [-0.650891,0.0,-0.759171],
          [0.0,1.0,0.0],
          [0.759171,0.0,-0.650891],
          [-20463.7,663.25,-19952.4]
        ],
        "unit_class": "dummy_immortal",
        "objLayer": 2,
        "closed_waypoints": false,
        "isShipSpline": false,
        "shipTurnRadius": 100.0,
        "weapons": "",
        "bullets0": "",
        "bullets1": "",
        "bullets2": "",
        "bullets3": "",
        "bulletsCount0": 0,
        "bulletsCount1": 0,
        "bulletsCount2": 0,
        "bulletsCount3": 0,
        "crewSkillK": 0.0,
        "applyAllMods": false,
        "props": {
          "army": 2,
          "count": 1,
          "formation_type": "rows",
          "formation_div": 3,
          "formation_step": [2.5,2.0],
          "formation_noise": [0.1,0.1],
          "uniqueName": "",
          "attack_type": "fire_at_will",
          "isDelayed": true,
          "stealthRadius": 0.0,
          "setStealth": true,
          "targetableByAi": false
        },
        "way": []
      }
    },
    {
      "structures": {
        "name": "ft_t2_airfield_02_02_bomb_target",
        "tm": [
          [-0.0541281,0.0,-0.998534],
          [0.0,1.0,0.0],
          [0.998534,0.0,-0.0541281],
          [3685.75,567.456,-18925.3]
        ],
        "unit_class": "dummy_immortal",
        "objLayer": 2,
        "closed_waypoints": false,
        "isShipSpline": false,
        "shipTurnRadius": 100.0,
        "weapons": "",
        "bullets0": "",
        "bullets1": "",
        "bullets2": "",
        "bullets3": "",
        "bulletsCount0": 0,
        "bulletsCount1": 0,
        "bulletsCount2": 0,
        "bulletsCount3": 0,
        "crewSkillK": 0.0,
        "applyAllMods": false,
        "props": {
          "army": 2,
          "count": 1,
          "formation_type": "rows",
          "formation_div": 3,
          "formation_step": [2.5,2.0],
          "formation_noise": [0.1,0.1],
          "uniqueName": "",
          "attack_type": "fire_at_will",
          "isDelayed": true,
          "stealthRadius": 0.0,
          "setStealth": true,
          "targetableByAi": false
        },
        "way": []
      }
    },
    {
      "structures": {
        "name": "ft_t2_airfield_01_02_bomb_target",
        "tm": [
          [0.000365853,0.0,-1.0],
          [0.0,1.0,0.0],
          [1.0,0.0,0.000365853],
          [6623.6,616.35,-28125.7]
        ],
        "unit_class": "dummy_immortal",
        "objLayer": 2,
        "closed_waypoints": false,
        "isShipSpline": false,
        "shipTurnRadius": 100.0,
        "weapons": "",
        "bullets0": "",
        "bullets1": "",
        "bullets2": "",
        "bullets3": "",
        "bulletsCount0": 0,
        "bulletsCount1": 0,
        "bulletsCount2": 0,
        "bulletsCount3": 0,
        "crewSkillK": 0.0,
        "applyAllMods": false,
        "props": {
          "army": 2,
          "count": 1,
          "formation_type": "rows",
          "formation_div": 3,
          "formation_step": [2.5,2.0],
          "formation_noise": [0.1,0.1],
          "uniqueName": "",
          "attack_type": "fire_at_will",
          "isDelayed": true,
          "stealthRadius": 0.0,
          "setStealth": true,
          "targetableByAi": false
        },
        "way": []
      }
    },
    {
      "structures": {
        "name": "ft_t2_airfield_01_03_bomb_target",
        "tm": [
          [0.253526,0.0,-0.967328],
          [0.0,1.0,0.0],
          [0.967328,0.0,0.253526],
          [25386.8,142.9,-27876.6]
        ],
        "unit_class": "dummy_immortal",
        "objLayer": 2,
        "closed_waypoints": false,
        "isShipSpline": false,
        "shipTurnRadius": 100.0,
        "weapons": "",
        "bullets0": "",
        "bullets1": "",
        "bullets2": "",
        "bullets3": "",
        "bulletsCount0": 0,
        "bulletsCount1": 0,
        "bulletsCount2": 0,
        "bulletsCount3": 0,
        "crewSkillK": 0.0,
        "applyAllMods": false,
        "props": {
          "army": 2,
          "count": 1,
          "formation_type": "rows",
          "formation_div": 3,
          "formation_step": [2.5,2.0],
          "formation_noise": [0.1,0.1],
          "uniqueName": "",
          "attack_type": "fire_at_will",
          "isDelayed": true,
          "stealthRadius": 0.0,
          "setStealth": true,
          "targetableByAi": false
        },
        "way": []
      }
    },
    {
      "squad": {
        "name": "all_bomb_targets_squad",
        "tm": [
          [-2.78181e-08,0.0,1.0],
          [0.0,1.0,0.0],
          [-1.0,0.0,-2.78181e-08],
          [47972.1,90.4971,2859.33]
        ],
        "props": [
          {
            "object_marking": 0
          },
          {
            "squad_members": "ft_t1_airfield_01_01_bomb_target"
          },
          {
            "squad_members": "ft_t1_airfield_02_01_bomb_target"
          },
          {
            "squad_members": "ft_t1_airfield_01_02_bomb_target"
          },
          {
            "squad_members": "ft_t1_airfield_02_02_bomb_target"
          },
          {
            "squad_members": "ft_t1_airfield_01_03_bomb_target"
          },
          {
            "squad_members": "ft_t1_airfield_02_03_bomb_target"
          },
          {
            "squad_members": "ft_t2_airfield_01_01_bomb_target"
          },
          {
            "squad_members": "ft_t2_airfield_02_01_bomb_target"
          },
          {
            "squad_members": "ft_t2_airfield_01_02_bomb_target"
          },
          {
            "squad_members": "ft_t2_airfield_02_02_bomb_target"
          },
          {
            "squad_members": "ft_t2_airfield_01_03_bomb_target"
          },
          {
            "squad_members": "ft_t2_airfield_02_03_bomb_target"
          }
        ]
      }
    },
    {
      "objectGroups": {
        "name": "ft_t1_airfield_02_03",
        "tm": [
          [0.675591,0.0,0.737277],
          [0.0,1.0,0.0],
          [-0.737277,0.0,0.675591],
          [-11631.6,146.103,21823.8]
        ],
        "unit_class": "dynaf_universal_1line_3000_a_big",
        "objLayer": 2,
        "props": {
          "army": 1,
          "active": false
        }
      }
    },
    {
      "structures": {
        "name": "ft_t1_airfield_02_03_bomb_target",
        "tm": [
          [-0.300705,0.0,0.953717],
          [0.0,1.0,0.0],
          [-0.953717,0.0,-0.300705],
          [-11631.6,146.099,21823.8]
        ],
        "unit_class": "dummy_immortal",
        "objLayer": 2,
        "closed_waypoints": false,
        "isShipSpline": false,
        "shipTurnRadius": 100.0,
        "weapons": "",
        "bullets0": "",
        "bullets1": "",
        "bullets2": "",
        "bullets3": "",
        "bulletsCount0": 0,
        "bulletsCount1": 0,
        "bulletsCount2": 0,
        "bulletsCount3": 0,
        "crewSkillK": 0.0,
        "applyAllMods": false,
        "props": {
          "army": 1,
          "count": 1,
          "formation_type": "rows",
          "formation_div": 3,
          "formation_step": [2.5,2.0],
          "formation_noise": [0.1,0.1],
          "uniqueName": "",
          "attack_type": "fire_at_will",
          "isDelayed": true,
          "stealthRadius": 0.0,
          "setStealth": true,
          "targetableByAi": false
        },
        "way": []
      }
    },
    {
      "objectGroups": {
        "name": "ft_t2_airfield_02_03",
        "tm": [
          [0.356509,0.0,-0.934291],
          [0.0,1.0,0.0],
          [0.934291,0.0,0.356509],
          [20336.7,593.55,-18913.7]
        ],
        "unit_class": "dynaf_universal_1line_3000_a_big",
        "objLayer": 2,
        "props": {
          "army": 2,
          "active": false
        }
      }
    },
    {
      "structures": {
        "name": "ft_t2_airfield_02_03_bomb_target",
        "tm": [
          [-0.243852,0.0,-0.969812],
          [0.0,1.0,0.0],
          [0.969812,0.0,-0.243852],
          [20336.7,593.539,-18913.7]
        ],
        "unit_class": "dummy_immortal",
        "objLayer": 2,
        "closed_waypoints": false,
        "isShipSpline": false,
        "shipTurnRadius": 100.0,
        "weapons": "",
        "bullets0": "",
        "bullets1": "",
        "bullets2": "",
        "bullets3": "",
        "bulletsCount0": 0,
        "bulletsCount1": 0,
        "bulletsCount2": 0,
        "bulletsCount3": 0,
        "crewSkillK": 0.0,
        "applyAllMods": false,
        "props": {
          "army": 2,
          "count": 1,
          "formation_type": "rows",
          "formation_div": 3,
          "formation_step": [2.5,2.0],
          "formation_noise": [0.1,0.1],
          "uniqueName": "",
          "attack_type": "fire_at_will",
          "isDelayed": true,
          "stealthRadius": 0.0,
          "setStealth": true,
          "targetableByAi": false
        },
        "way": []
      }
    }
  ],
  "areas": {
    "ft_t2_airfield_01_01_bomb_zone": {
      "type": "Box",
      "tm": [
        [-13.9622,0.0,-1999.95],
        [0.0,1000.0,0.0],
        [999.976,0.0,-6.98197],
        [-25877.2,305.35,-27186.4]
      ],
      "objLayer": 0,
      "props": []
    },
    "ft_t2_airfield_01_02_bomb_zone": {
      "type": "Box",
      "tm": [
        [-1.47223e-05,0.0,-2000.0],
        [0.0,1000.0,0.0],
        [1000.0,0.0,0.00470012],
        [6609.6,574.45,-28116.8]
      ],
      "objLayer": 0,
      "props": []
    },
    "ft_t2_airfield_01_03_bomb_zone": {
      "type": "Box",
      "tm": [
        [507.516,0.0,-1934.54],
        [0.0,1000.0,0.0],
        [967.267,0.0,253.761],
        [25375.3,131.35,-27886.0]
      ],
      "objLayer": 0,
      "props": []
    },
    "ft_t2_airfield_02_01_bomb_zone": {
      "type": "Box",
      "tm": [
        [-1018.08,0.0,-1721.48],
        [0.0,1000.0,0.0],
        [860.741,0.0,-509.044],
        [-20438.8,623.5,-19911.1]
      ],
      "objLayer": 0,
      "props": []
    },
    "ft_t2_airfield_02_02_bomb_zone": {
      "type": "Box",
      "tm": [
        [-108.157,0.0,-1997.07],
        [0.0,1000.0,0.0],
        [998.537,0.0,-54.0791],
        [3703.55,474.65,-18952.8]
      ],
      "objLayer": 0,
      "props": []
    },
    "ft_t1_airfield_01_01_bomb_zone": {
      "type": "Box",
      "tm": [
        [47.5706,0.0,1999.43],
        [0.0,1000.0,0.0],
        [-999.717,0.0,23.7867],
        [19043.0,72.6,28237.0]
      ],
      "objLayer": 0,
      "props": []
    },
    "ft_t1_airfield_01_03_bomb_zone": {
      "type": "Box",
      "tm": [
        [42.7556,0.0,1999.54],
        [0.0,1000.0,0.0],
        [-999.771,0.0,21.379],
        [-1210.7,361.05,28229.8]
      ],
      "objLayer": 0,
      "props": []
    },
    "ft_t1_airfield_01_02_bomb_zone": {
      "type": "Box",
      "tm": [
        [491.006,0.0,1938.79],
        [0.0,1000.0,0.0],
        [-969.395,0.0,245.507],
        [-20436.8,251.65,28564.4]
      ],
      "objLayer": 0,
      "props": []
    },
    "ft_t1_airfield_02_01_bomb_zone": {
      "type": "Box",
      "tm": [
        [1675.82,0.0,1091.62],
        [0.0,1000.0,0.0],
        [-545.809,0.0,837.909],
        [9974.3,48.0,21742.0]
      ],
      "objLayer": 0,
      "props": []
    },
    "ft_t1_airfield_02_02_bomb_zone": {
      "type": "Box",
      "tm": [
        [-298.219,0.0,1977.63],
        [0.0,1000.0,0.0],
        [-988.82,0.0,-149.11],
        [-1860.55,157.3,21813.5]
      ],
      "objLayer": 0,
      "props": []
    },
    "ft_t1_airfield_01_01_spawn_01": {
      "type": "Point",
      "tm": [
        [0.592899,0.0,0.805277],
        [0.0,1.0,0.0],
        [-0.805277,0.0,0.592899],
        [19667.8,139.265,27553.8]
      ],
      "objLayer": 0,
      "props": []
    },
    "ft_t1_airfield_01_01_spawn_02": {
      "type": "Point",
      "tm": [
        [-0.55393,0.0,0.832564],
        [0.0,1.0,0.0],
        [-0.832564,0.0,-0.55393],
        [19730.4,145.861,27297.8]
      ],
      "objLayer": 0,
      "props": []
    },
    "ft_t1_airfield_01_01_spawn_03": {
      "type": "Point",
      "tm": [
        [0.592899,0.0,0.805277],
        [0.0,1.0,0.0],
        [-0.805277,0.0,0.592899],
        [18471.2,110.539,28003.9]
      ],
      "objLayer": 0,
      "props": []
    },
    "ft_t1_airfield_01_01_spawn_04": {
      "type": "Point",
      "tm": [
        [0.592899,0.0,0.805277],
        [0.0,1.0,0.0],
        [-0.805277,0.0,0.592899],
        [18397.5,107.461,27452.6]
      ],
      "objLayer": 0,
      "props": []
    },
    "ft_t1_airfield_01_01_spawn_05": {
      "type": "Point",
      "tm": [
        [0.592899,0.0,0.805277],
        [0.0,1.0,0.0],
        [-0.805277,0.0,0.592899],
        [19713.9,138.172,27871.6]
      ],
      "objLayer": 0,
      "props": []
    },
    "ft_t1_airfield_01_01_spawn_06": {
      "type": "Point",
      "tm": [
        [0.592899,0.0,0.805277],
        [0.0,1.0,0.0],
        [-0.805277,0.0,0.592899],
        [18442.4,110.832,27719.9]
      ],
      "objLayer": 0,
      "props": []
    },
    "ft_t1_airfield_01_01_spawn_07": {
      "type": "Point",
      "tm": [
        [0.592899,0.0,0.805277],
        [0.0,1.0,0.0],
        [-0.805277,0.0,0.592899],
        [19745.0,157.611,28212.9]
      ],
      "objLayer": 0,
      "props": []
    },
    "ft_t1_airfield_01_01_spawn_08": {
      "type": "Point",
      "tm": [
        [0.592899,0.0,0.805277],
        [0.0,1.0,0.0],
        [-0.805277,0.0,0.592899],
        [19839.4,183.105,28742.3]
      ],
      "objLayer": 0,
      "props": []
    },
    "ft_t1_airfield_01_01_spawn_09": {
      "type": "Point",
      "tm": [
        [0.592899,0.0,0.805277],
        [0.0,1.0,0.0],
        [-0.805277,0.0,0.592899],
        [18561.0,109.494,28923.5]
      ],
      "objLayer": 0,
      "props": []
    },
    "ft_t1_airfield_01_01_spawn_10": {
      "type": "Point",
      "tm": [
        [0.592899,0.0,0.805277],
        [0.0,1.0,0.0],
        [-0.805277,0.0,0.592899],
        [18573.8,111.286,29144.1]
      ],
      "objLayer": 0,
      "props": []
    },
    "ft_t1_airfield_01_01_spawn_11": {
      "type": "Point",
      "tm": [
        [0.592899,0.0,0.805277],
        [0.0,1.0,0.0],
        [-0.805277,0.0,0.592899],
        [19815.1,179.825,28450.3]
      ],
      "objLayer": 0,
      "props": []
    },
    "ft_t1_airfield_01_01_spawn_12": {
      "type": "Point",
      "tm": [
        [0.592899,0.0,0.805277],
        [0.0,1.0,0.0],
        [-0.805277,0.0,0.592899],
        [19759.1,184.08,29038.6]
      ],
      "objLayer": 0,
      "props": []
    },
    "ft_t1_airfield_01_01_spawn_13": {
      "type": "Point",
      "tm": [
        [0.592899,0.0,0.805277],
        [0.0,1.0,0.0],
        [-0.805277,0.0,0.592899],
        [18539.0,110.154,28596.7]
      ],
      "objLayer": 0,
      "props": []
    },
    "ft_t1_airfield_01_01_spawn_14": {
      "type": "Point",
      "tm": [
        [0.592899,0.0,0.805277],
        [0.0,1.0,0.0],
        [-0.805277,0.0,0.592899],
        [18514.2,111.934,28272.6]
      ],
      "objLayer": 0,
      "props": []
    },
    "ft_t1_airfield_01_02_spawn_01": {
      "type": "Point",
      "tm": [
        [0.859064,0.0,0.511868],
        [0.0,1.0,0.0],
        [-0.511868,0.0,0.859064],
        [-20212.4,326.424,27572.4]
      ],
      "objLayer": 0,
      "props": []
    },
    "ft_t1_airfield_01_02_spawn_02": {
      "type": "Point",
      "tm": [
        [0.859064,0.0,0.511868],
        [0.0,1.0,0.0],
        [-0.511868,0.0,0.859064],
        [-21122.6,328.081,27667.2]
      ],
      "objLayer": 0,
      "props": []
    },
    "ft_t1_airfield_01_02_spawn_03": {
      "type": "Point",
      "tm": [
        [0.859064,0.0,0.511868],
        [0.0,1.0,0.0],
        [-0.511868,0.0,0.859064],
        [-20043.8,327.73,28020.2]
      ],
      "objLayer": 0,
      "props": []
    },
    "ft_t1_airfield_01_02_spawn_04": {
      "type": "Point",
      "tm": [
        [0.859064,0.0,0.511868],
        [0.0,1.0,0.0],
        [-0.511868,0.0,0.859064],
        [-20098.1,327.098,27754.5]
      ],
      "objLayer": 0,
      "props": []
    },
    "ft_t1_airfield_01_02_spawn_05": {
      "type": "Point",
      "tm": [
        [0.859064,0.0,0.511868],
        [0.0,1.0,0.0],
        [-0.511868,0.0,0.859064],
        [-20930.9,333.199,28693.3]
      ],
      "objLayer": 0,
      "props": []
    },
    "ft_t1_airfield_01_02_spawn_06": {
      "type": "Point",
      "tm": [
        [0.859064,0.0,0.511868],
        [0.0,1.0,0.0],
        [-0.511868,0.0,0.859064],
        [-20976.7,347.544,28451.4]
      ],
      "objLayer": 0,
      "props": []
    },
    "ft_t1_airfield_01_02_spawn_07": {
      "type": "Point",
      "tm": [
        [0.859064,0.0,0.511868],
        [0.0,1.0,0.0],
        [-0.511868,0.0,0.859064],
        [-21039.2,334.04,28118.4]
      ],
      "objLayer": 0,
      "props": []
    },
    "ft_t1_airfield_01_02_spawn_08": {
      "type": "Point",
      "tm": [
        [0.859064,0.0,0.511868],
        [0.0,1.0,0.0],
        [-0.511868,0.0,0.859064],
        [-19892.9,326.456,28797.0]
      ],
      "objLayer": 0,
      "props": []
    },
    "ft_t1_airfield_01_02_spawn_09": {
      "type": "Point",
      "tm": [
        [0.859064,0.0,0.511868],
        [0.0,1.0,0.0],
        [-0.511868,0.0,0.859064],
        [-19812.5,326.968,29188.1]
      ],
      "objLayer": 0,
      "props": []
    },
    "ft_t1_airfield_01_02_spawn_10": {
      "type": "Point",
      "tm": [
        [0.859064,0.0,0.511868],
        [0.0,1.0,0.0],
        [-0.511868,0.0,0.859064],
        [-21087.2,327.579,27918.0]
      ],
      "objLayer": 0,
      "props": []
    },
    "ft_t1_airfield_01_02_spawn_11": {
      "type": "Point",
      "tm": [
        [0.859064,0.0,0.511868],
        [0.0,1.0,0.0],
        [-0.511868,0.0,0.859064],
        [-20019.2,328.064,28243.2]
      ],
      "objLayer": 0,
      "props": []
    },
    "ft_t1_airfield_01_02_spawn_12": {
      "type": "Point",
      "tm": [
        [0.859064,0.0,0.511868],
        [0.0,1.0,0.0],
        [-0.511868,0.0,0.859064],
        [-19958.2,328.034,28503.4]
      ],
      "objLayer": 0,
      "props": []
    },
    "ft_t1_airfield_01_02_spawn_13": {
      "type": "Point",
      "tm": [
        [0.859064,0.0,0.511868],
        [0.0,1.0,0.0],
        [-0.511868,0.0,0.859064],
        [-20870.7,327.316,28998.0]
      ],
      "objLayer": 0,
      "props": []
    },
    "ft_t1_airfield_01_02_spawn_14": {
      "type": "Point",
      "tm": [
        [0.859064,0.0,0.511868],
        [0.0,1.0,0.0],
        [-0.511868,0.0,0.859064],
        [-20726.0,328.121,29334.9]
      ],
      "objLayer": 0,
      "props": []
    },
    "ft_t1_airfield_01_03_spawn_01": {
      "type": "Point",
      "tm": [
        [-0.831711,0.0,0.555207],
        [0.0,1.0,0.0],
        [-0.555207,0.0,-0.831711],
        [-1724.78,438.517,27289.2]
      ],
      "objLayer": 0,
      "props": []
    },
    "ft_t1_airfield_01_03_spawn_02": {
      "type": "Point",
      "tm": [
        [-0.831711,0.0,0.555207],
        [0.0,1.0,0.0],
        [-0.555207,0.0,-0.831711],
        [-724.508,429.352,29212.1]
      ],
      "objLayer": 0,
      "props": []
    },
    "ft_t1_airfield_01_03_spawn_03": {
      "type": "Point",
      "tm": [
        [-0.831711,0.0,0.555207],
        [0.0,1.0,0.0],
        [-0.555207,0.0,-0.831711],
        [-577.078,437.657,27854.6]
      ],
      "objLayer": 0,
      "props": []
    },
    "ft_t1_airfield_01_03_spawn_04": {
      "type": "Point",
      "tm": [
        [-0.831711,0.0,0.555207],
        [0.0,1.0,0.0],
        [-0.555207,0.0,-0.831711],
        [-1735.48,439.254,27779.6]
      ],
      "objLayer": 0,
      "props": []
    },
    "ft_t1_airfield_01_03_spawn_05": {
      "type": "Point",
      "tm": [
        [-0.831711,0.0,0.555207],
        [0.0,1.0,0.0],
        [-0.555207,0.0,-0.831711],
        [-1738.58,445.298,28072.0]
      ],
      "objLayer": 0,
      "props": []
    },
    "ft_t1_airfield_01_03_spawn_06": {
      "type": "Point",
      "tm": [
        [-0.831711,0.0,0.555207],
        [0.0,1.0,0.0],
        [-0.555207,0.0,-0.831711],
        [-1740.75,442.493,27014.6]
      ],
      "objLayer": 0,
      "props": []
    },
    "ft_t1_airfield_01_03_spawn_07": {
      "type": "Point",
      "tm": [
        [-0.831711,0.0,0.555207],
        [0.0,1.0,0.0],
        [-0.555207,0.0,-0.831711],
        [-1614.79,436.704,29089.0]
      ],
      "objLayer": 0,
      "props": []
    },
    "ft_t1_airfield_01_03_spawn_08": {
      "type": "Point",
      "tm": [
        [-0.831711,0.0,0.555207],
        [0.0,1.0,0.0],
        [-0.555207,0.0,-0.831711],
        [-730.269,436.031,28640.0]
      ],
      "objLayer": 0,
      "props": []
    },
    "ft_t1_airfield_01_03_spawn_09": {
      "type": "Point",
      "tm": [
        [-0.831711,0.0,0.555207],
        [0.0,1.0,0.0],
        [-0.555207,0.0,-0.831711],
        [-765.069,437.107,28011.6]
      ],
      "objLayer": 0,
      "props": []
    },
    "ft_t1_airfield_01_03_spawn_10": {
      "type": "Point",
      "tm": [
        [-0.831711,0.0,0.555207],
        [0.0,1.0,0.0],
        [-0.555207,0.0,-0.831711],
        [-1744.58,447.615,28265.8]
      ],
      "objLayer": 0,
      "props": []
    },
    "ft_t1_airfield_01_03_spawn_11": {
      "type": "Point",
      "tm": [
        [-0.831711,0.0,0.555207],
        [0.0,1.0,0.0],
        [-0.555207,0.0,-0.831711],
        [-1735.15,438.686,27518.4]
      ],
      "objLayer": 0,
      "props": []
    },
    "ft_t1_airfield_01_03_spawn_12": {
      "type": "Point",
      "tm": [
        [-0.831711,0.0,0.555207],
        [0.0,1.0,0.0],
        [-0.555207,0.0,-0.831711],
        [-716.649,437.281,27434.2]
      ],
      "objLayer": 0,
      "props": []
    },
    "ft_t1_airfield_01_03_spawn_13": {
      "type": "Point",
      "tm": [
        [-0.831711,0.0,0.555207],
        [0.0,1.0,0.0],
        [-0.555207,0.0,-0.831711],
        [-703.979,437.932,28306.8]
      ],
      "objLayer": 0,
      "props": []
    },
    "ft_t1_airfield_01_03_spawn_14": {
      "type": "Point",
      "tm": [
        [-0.831711,0.0,0.555207],
        [0.0,1.0,0.0],
        [-0.555207,0.0,-0.831711],
        [-730.359,435.833,28906.1]
      ],
      "objLayer": 0,
      "props": []
    },
    "ft_t1_airfield_02_01_spawn_01": {
      "type": "Point",
      "tm": [
        [0.668093,0.0,0.744078],
        [0.0,1.0,0.0],
        [-0.744078,0.0,0.668093],
        [8589.89,134.808,21569.1]
      ],
      "objLayer": 0,
      "props": []
    },
    "ft_t1_airfield_02_01_spawn_02": {
      "type": "Point",
      "tm": [
        [0.668093,0.0,0.744078],
        [0.0,1.0,0.0],
        [-0.744078,0.0,0.668093],
        [10425.4,127.791,21328.8]
      ],
      "objLayer": 0,
      "props": []
    },
    "ft_t1_airfield_02_01_spawn_03": {
      "type": "Point",
      "tm": [
        [0.668093,0.0,0.744078],
        [0.0,1.0,0.0],
        [-0.744078,0.0,0.668093],
        [10132.1,126.589,22538.9]
      ],
      "objLayer": 0,
      "props": []
    },
    "ft_t1_airfield_02_01_spawn_04": {
      "type": "Point",
      "tm": [
        [0.668093,0.0,0.744078],
        [0.0,1.0,0.0],
        [-0.744078,0.0,0.668093],
        [10621.6,127.094,22852.9]
      ],
      "objLayer": 0,
      "props": []
    },
    "ft_t1_airfield_02_01_spawn_05": {
      "type": "Point",
      "tm": [
        [0.668093,0.0,0.744078],
        [0.0,1.0,0.0],
        [-0.744078,0.0,0.668093],
        [9638.52,125.926,22220.9]
      ],
      "objLayer": 0,
      "props": []
    },
    "ft_t1_airfield_02_01_spawn_06": {
      "type": "Point",
      "tm": [
        [0.668093,0.0,0.744078],
        [0.0,1.0,0.0],
        [-0.744078,0.0,0.668093],
        [10199.4,124.68,21195.0]
      ],
      "objLayer": 0,
      "props": []
    },
    "ft_t1_airfield_02_01_spawn_07": {
      "type": "Point",
      "tm": [
        [0.668093,0.0,0.744078],
        [0.0,1.0,0.0],
        [-0.744078,0.0,0.668093],
        [9884.65,127.952,20927.6]
      ],
      "objLayer": 0,
      "props": []
    },
    "ft_t1_airfield_02_01_spawn_08": {
      "type": "Point",
      "tm": [
        [0.668093,0.0,0.744078],
        [0.0,1.0,0.0],
        [-0.744078,0.0,0.668093],
        [9061.91,142.193,21911.8]
      ],
      "objLayer": 0,
      "props": []
    },
    "ft_t1_airfield_02_01_spawn_09": {
      "type": "Point",
      "tm": [
        [0.668093,0.0,0.744078],
        [0.0,1.0,0.0],
        [-0.744078,0.0,0.668093],
        [10377.5,134.372,22767.3]
      ],
      "objLayer": 0,
      "props": []
    },
    "ft_t1_airfield_02_01_spawn_10": {
      "type": "Point",
      "tm": [
        [0.668093,0.0,0.744078],
        [0.0,1.0,0.0],
        [-0.744078,0.0,0.668093],
        [11285.3,124.412,22092.5]
      ],
      "objLayer": 0,
      "props": []
    },
    "ft_t1_airfield_02_01_spawn_11": {
      "type": "Point",
      "tm": [
        [0.668093,0.0,0.744078],
        [0.0,1.0,0.0],
        [-0.744078,0.0,0.668093],
        [10953.2,120.289,21823.6]
      ],
      "objLayer": 0,
      "props": []
    },
    "ft_t1_airfield_02_01_spawn_12": {
      "type": "Point",
      "tm": [
        [0.668093,0.0,0.744078],
        [0.0,1.0,0.0],
        [-0.744078,0.0,0.668093],
        [9642.36,134.679,20718.8]
      ],
      "objLayer": 0,
      "props": []
    },
    "ft_t1_airfield_02_01_spawn_13": {
      "type": "Point",
      "tm": [
        [0.668093,0.0,0.744078],
        [0.0,1.0,0.0],
        [-0.744078,0.0,0.668093],
