{
  "selected_tag": "",
  "bin_dump_file": "",
  "mission_settings": {
    "player": {
      "army": 1,
      "wing": ""
    },
    "player_teamB": {
      "army": 2,
      "wing": ""
    },
    "mission": {
      "level": "levels/berlin.bin",
      "type": "domination",
      "environment": "Day",
      "weather": "hazy",
      "deathPenaltyMulRounds": 0.0,
      "stars": {
        "latitude": 52.5,
        "longitude": 13.0,
        "year": 1945,
        "month": 4,
        "day": 2
      }
    },
    "spectator_points": {}
  },
  "imports": {
    "import_record": {
      "file": "gameData/missions/templates/air_templates/gs/assaults_gs_template.blk",
      "importAreas": true,
      "importUnits": true,
      "importTriggers": true,
      "importMissionObjectives": true,
      "importWayPoints": true,
      "showAreas": true,
      "showUnits": true,
      "showTriggers": true,
      "showMissionObjectives": true,
      "showWayPoints": true,
      "excludes": {}
    }
  },
  "triggers": {
    "isCategory": true,
    "is_enabled": true
  },
  "mission_objectives": {
    "isCategory": true,
    "is_enabled": true
  },
  "variables": {
    "ai_assaults_saved": 0,
    "ft_helicopters_pad_exclusive": false
  },
  "dialogs": {},
  "airfields": {},
  "effects": {},
  "units": {},
  "areas": {
    "at_area": {
      "type": "Sphere",
      "tm": [
        [
          9148.81,
          0.0,
          13126.4
        ],
        [
          0.0,
          16000.0,
          0.0
        ],
        [
          -13126.4,
          0.0,
          9148.81
        ],
        [
          -3678.7,
          1000.0,
          3775.0
        ]
      ],
      "objLayer": 0,
      "props": {}
    },
    "at_t2_spawn_01_01": {
      "type": "Point",
      "tm": [
        [
          -0.807209,
          0.0,
          0.590268
        ],
        [
          0.0,
          1.0,
          0.0
        ],
        [
          -0.590268,
          0.0,
          -0.807209
        ],
        [
          3845.54,
          1000.01,
          1066.79
        ]
      ],
      "objLayer": 0,
      "props": {}
    },
    "at_t1_spawn_01_01": {
      "type": "Point",
      "tm": [
        [
          0.807209,
          0.0,
          -0.590268
        ],
        [
          0.0,
          1.0,
          0.0
        ],
        [
          0.590268,
          0.0,
          0.807209
        ],
        [
          -11178.1,
          999.995,
          6491.45
        ]
      ],
      "objLayer": 0,
      "props": {}
    },
    "at_t2_spawn_01_02": {
      "type": "Point",
      "tm": [
        [
          -0.807209,
          0.0,
          0.590268
        ],
        [
          0.0,
          1.0,
          0.0
        ],
        [
          -0.590268,
          0.0,
          -0.807209
        ],
        [
          1479.07,
          1000.01,
          -2339.32
        ]
      ],
      "objLayer": 0,
      "props": {}
    },
    "at_t1_spawn_01_02": {
      "type": "Point",
      "tm": [
        [
          0.997808,
          0.0,
          -0.0661874
        ],
        [
          0.0,
          1.0,
          0.0
        ],
        [
          0.0661874,
          0.0,
          0.997808
        ],
        [
          -11629.7,
          999.996,
          4435.41
        ]
      ],
      "objLayer": 0,
      "props": {}
    },
    "at_t2_spawn_02_01": {
      "type": "Point",
      "tm": [
        [
          -0.807209,
          0.0,
          0.590268
        ],
        [
          0.0,
          1.0,
          0.0
        ],
        [
          -0.590268,
          0.0,
          -0.807209
        ],
        [
          -280.479,
          1000.0,
          -3430.9
        ]
      ],
      "objLayer": 0,
      "props": {}
    },
    "at_t2_spawn_02_02": {
      "type": "Point",
      "tm": [
        [
          -0.807209,
          0.0,
          0.590268
        ],
        [
          0.0,
          1.0,
          0.0
        ],
        [
          -0.590268,
          0.0,
          -0.807209
        ],
        [
          4346.23,
          1000.0,
          3117.04
        ]
      ],
      "objLayer": 0,
      "props": {}
    },
    "at_t1_spawn_02_01": {
      "type": "Point",
      "tm": [
        [
          0.807209,
          0.0,
          -0.590268
        ],
        [
          0.0,
          1.0,
          0.0
        ],
        [
          0.590268,
          0.0,
          0.807209
        ],
        [
          -8788.0,
          999.995,
          9922.2
        ]
      ],
      "objLayer": 0,
      "props": {}
    },
    "at_t1_spawn_02_02": {
      "type": "Point",
      "tm": [
        [
          0.807209,
          0.0,
          -0.590268
        ],
        [
          0.0,
          1.0,
          0.0
        ],
        [
          0.590268,
          0.0,
          0.807209
        ],
        [
          -7073.89,
          999.995,
          11042.0
        ]
      ],
      "objLayer": 0,
      "props": {}
    }
  },
  "objLayers": {},
  "wayPoints": {}
}