{
  "selected_tag": "",
  "bin_dump_file": "",
  "mission_settings": {
    "player": {
      "army": 1
    },
    "player_teamB": {
      "army": 2
    },
    "mission": {
      "level": "levels/air_smolensk.bin",
      "type": "domination",
      "environment": "Day",
      "weather": "hazy",
      "restoreType": "attempts",
      "optionalTakeOff": false
    }
  },
  "imports": {
    "import_record": {
      "file": "gameData/missions/templates/air_templates/jip/air_bdt_bases_destroy_template.blk",
      "importAreas": true,
      "importUnits": true,
      "importTriggers": true,
      "importMissionObjectives": true,
      "importWayPoints": true,
      "showAreas": true,
      "showUnits": true,
      "showTriggers": true,
      "showMissionObjectives": true,
      "showWayPoints": true,
      "excludes": []
    }
  },
  "triggers": {
    "isCategory": true,
    "is_enabled": true
  },
  "mission_objectives": {
    "isCategory": true,
    "is_enabled": true
  },
  "variables": [],
  "dialogs": [],
  "airfields": [],
  "effects": [],
  "units": [
    {
      "objectGroups": {
        "name": "bdt_t1_bomb_object_01",
        "tm": [
          [0.247874,0.0,-0.968792],
          [0.0,1.0,0.0],
          [0.968792,0.0,0.247874],
          [-4873.42,502.63,10925.5]
        ],
        "unit_class": "dynBase_hq_camp_square",
        "objLayer": 2,
        "props": {
          "army": 1,
          "active": true
        }
      }
    },
    {
      "objectGroups": {
        "name": "bdt_t1_bomb_object_02",
        "tm": [
          [0.465636,0.0,-0.884976],
          [0.0,1.0,0.0],
          [0.884976,0.0,0.465636],
          [-11088.6,296.463,2160.54]
        ],
        "unit_class": "dynBase_fuel_storage_square",
        "objLayer": 2,
        "props": {
          "army": 1,
          "active": true
        }
      }
    },
    {
      "objectGroups": {
        "name": "bdt_t1_bomb_object_03",
        "tm": [
          [0.734306,0.0,0.678819],
          [0.0,1.0,0.0],
          [-0.678819,0.0,0.734306],
          [-9593.3,362.602,30.2171]
        ],
        "unit_class": "dynBase_oil_storage_small_square",
        "objLayer": 2,
        "props": {
          "army": 1,
          "active": true
        }
      }
    },
    {
      "objectGroups": {
        "name": "bdt_t2_bomb_object_01",
        "tm": [
          [0.820833,0.0,-0.571169],
          [0.0,1.0,0.0],
          [0.571169,0.0,0.820833],
          [2272.76,445.943,8287.79]
        ],
        "unit_class": "dynBase_fuel_storage_square",
        "objLayer": 2,
        "props": {
          "army": 2,
          "active": true
        }
      }
    },
    {
      "objectGroups": {
        "name": "bdt_t2_bomb_object_02",
        "tm": [
          [0.991057,0.0,0.133436],
          [0.0,1.0,0.0],
          [-0.133436,0.0,0.991057],
          [3489.66,450.293,6479.05]
        ],
        "unit_class": "dynBase_small_factory_square",
        "objLayer": 2,
        "props": {
          "army": 2,
          "active": false
        }
      }
    },
    {
      "objectGroups": {
        "name": "bdt_t2_bomb_object_03",
        "tm": [
          [0.934939,0.0,-0.354809],
          [0.0,1.0,0.0],
          [0.354809,0.0,0.934939],
          [-774.789,255.458,-3337.91]
        ],
        "unit_class": "dynBase_oil_storage_small_square",
        "objLayer": 2,
        "props": {
          "army": 2,
          "active": false
        }
      }
    },
    {
      "objectGroups": {
        "name": "bdt_t1_bomb_object_04",
        "tm": [
          [0.758723,0.0,-0.651413],
          [0.0,1.0,0.0],
          [0.651413,0.0,0.758723],
          [-2723.05,390.069,10852.8]
        ],
        "unit_class": "dynBase_small_factory_square",
        "objLayer": 2,
        "props": {
          "army": 1,
          "active": true
        }
      }
    },
    {
      "objectGroups": {
        "name": "bdt_t2_bomb_object_04",
        "tm": [
          [0.75162,0.0,-0.659597],
          [0.0,1.0,0.0],
          [0.659597,0.0,0.75162],
          [-4808.66,247.22,-2992.77]
        ],
        "unit_class": "dynBase_field_camp_square",
        "objLayer": 2,
        "props": {
          "army": 2,
          "active": false
        }
      }
    },
    {
      "objectGroups": {
        "name": "bdt_t2_bomb_object_05",
        "tm": [
          [0.75162,0.0,-0.659597],
          [0.0,1.0,0.0],
          [0.659597,0.0,0.75162],
          [-4916.98,75.3556,-4423.72]
        ],
        "unit_class": "dynBase_military_base_square",
        "objLayer": 2,
        "props": {
          "army": 2,
          "active": false
        }
      }
    },
    {
      "objectGroups": {
        "name": "bdt_t2_bomb_object_06",
        "tm": [
          [0.75162,0.0,-0.659597],
          [0.0,1.0,0.0],
          [0.659597,0.0,0.75162],
          [-3828.98,63.1284,-4812.12]
        ],
        "unit_class": "dynBase_oil_storage_large_square",
        "objLayer": 2,
        "props": {
          "army": 2,
          "active": false
        }
      }
    },
    {
      "objectGroups": {
        "name": "bdt_t2_bomb_object_07",
        "tm": [
          [0.75162,0.0,-0.659597],
          [0.0,1.0,0.0],
          [0.659597,0.0,0.75162],
          [-761.25,106.067,-4318.48]
        ],
        "unit_class": "dynBase_oil_storage_large_square",
        "objLayer": 2,
        "props": {
          "army": 2,
          "active": false
        }
      }
    },
    {
      "objectGroups": {
        "name": "bdt_t2_bomb_object_08",
        "tm": [
          [0.820833,0.0,-0.571169],
          [0.0,1.0,0.0],
          [0.571169,0.0,0.820833],
          [3437.36,390.957,9661.88]
        ],
        "unit_class": "dynBase_small_factory_square",
        "objLayer": 2,
        "props": {
          "army": 2,
          "active": true
        }
      }
    },
    {
      "objectGroups": {
        "name": "bdt_t2_bomb_object_09",
        "tm": [
          [0.820833,0.0,-0.571169],
          [0.0,1.0,0.0],
          [0.571169,0.0,0.820833],
          [5027.36,489.726,8202.04]
        ],
        "unit_class": "dynBase_hq_camp_square",
        "objLayer": 2,
        "props": {
          "army": 2,
          "active": true
        }
      }
    },
    {
      "objectGroups": {
        "name": "bdt_t2_bomb_object_10",
        "tm": [
          [0.779847,0.0,-0.625971],
          [0.0,1.0,0.0],
          [0.625971,0.0,0.779847],
          [5696.49,540.769,5842.69]
        ],
        "unit_class": "dynBase_petrol_camp_square",
        "objLayer": 2,
        "props": {
          "army": 2,
          "active": true
        }
      }
    },
    {
      "objectGroups": {
        "name": "bdt_t1_bomb_object_05",
        "tm": [
          [0.758723,0.0,-0.651413],
          [0.0,1.0,0.0],
          [0.651413,0.0,0.758723],
          [-2027.98,409.556,12285.8]
        ],
        "unit_class": "dynBase_petrol_camp_square",
        "objLayer": 2,
        "props": {
          "army": 1,
          "active": true
        }
      }
    },
    {
      "objectGroups": {
        "name": "bdt_t1_bomb_object_06",
        "tm": [
          [0.758723,0.0,-0.651413],
          [0.0,1.0,0.0],
          [0.651413,0.0,0.758723],
          [-4216.73,632.599,13064.1]
        ],
        "unit_class": "dynBase_military_base_square",
        "objLayer": 2,
        "props": {
          "army": 1,
          "active": true
        }
      }
    },
    {
      "objectGroups": {
        "name": "bdt_t1_bomb_object_07",
        "tm": [
          [0.758723,0.0,-0.651413],
          [0.0,1.0,0.0],
          [0.651413,0.0,0.758723],
          [-5758.67,658.477,12926.6]
        ],
        "unit_class": "dynBase_fuel_storage_square",
        "objLayer": 2,
        "props": {
          "army": 1,
          "active": true
        }
      }
    },
    {
      "objectGroups": {
        "name": "bdt_t1_bomb_object_08",
        "tm": [
          [0.734306,0.0,0.678819],
          [0.0,1.0,0.0],
          [-0.678819,0.0,0.734306],
          [-9574.85,283.113,-1652.65]
        ],
        "unit_class": "dynBase_ammunition_storage_square",
        "objLayer": 2,
        "props": {
          "army": 1,
          "active": true
        }
      }
    },
    {
      "objectGroups": {
        "name": "bdt_t1_bomb_object_09",
        "tm": [
          [0.873429,0.0,0.486951],
          [0.0,1.0,0.0],
          [-0.486951,0.0,0.873429],
          [-11684.4,181.812,-598.386]
        ],
        "unit_class": "dynBase_field_camp_square",
        "objLayer": 2,
        "props": {
          "army": 1,
          "active": true
        }
      }
    },
    {
      "objectGroups": {
        "name": "bdt_t1_bomb_object_10",
        "tm": [
          [0.734306,0.0,0.678819],
          [0.0,1.0,0.0],
          [-0.678819,0.0,0.734306],
          [-13075.7,411.73,1112.5]
        ],
        "unit_class": "dynBase_oil_storage_small_square",
        "objLayer": 2,
        "props": {
          "army": 1,
          "active": true
        }
      }
    },
    {
      "structures": {
        "name": "bdt_t1_bomb_zone_01_bomb_target",
        "tm": [
          [0.247874,0.0,-0.968792],
          [0.0,1.0,0.0],
          [0.968792,0.0,0.247874],
          [-4873.42,502.63,10925.5]
        ],
        "unit_class": "dummy_immortal",
        "objLayer": 2,
        "closed_waypoints": false,
        "isShipSpline": false,
        "shipTurnRadius": 100.0,
        "weapons": "",
        "bullets0": "",
        "bullets1": "",
        "bullets2": "",
        "bullets3": "",
        "bulletsCount0": 0,
        "bulletsCount1": 0,
        "bulletsCount2": 0,
        "bulletsCount3": 0,
        "crewSkillK": 0.0,
        "applyAllMods": false,
        "props": {
          "army": 1,
          "count": 1,
          "formation_type": "rows",
          "formation_div": 3,
          "formation_step": [2.5,2.0],
          "formation_noise": [0.1,0.1],
          "uniqueName": "",
          "attack_type": "fire_at_will",
          "isDelayed": false,
          "stealthRadius": 0.0,
          "setStealth": true,
          "targetableByAi": false
        },
        "way": []
      }
    },
    {
      "structures": {
        "name": "bdt_t1_bomb_zone_02_bomb_target",
        "tm": [
          [0.465636,0.0,-0.884976],
          [0.0,1.0,0.0],
          [0.884976,0.0,0.465636],
          [-11088.6,296.463,2160.54]
        ],
        "unit_class": "dummy_immortal",
        "objLayer": 2,
        "closed_waypoints": false,
        "isShipSpline": false,
        "shipTurnRadius": 100.0,
        "weapons": "",
        "bullets0": "",
        "bullets1": "",
        "bullets2": "",
        "bullets3": "",
        "bulletsCount0": 0,
        "bulletsCount1": 0,
        "bulletsCount2": 0,
        "bulletsCount3": 0,
        "crewSkillK": 0.0,
        "applyAllMods": false,
        "props": {
          "army": 1,
          "count": 1,
          "formation_type": "rows",
          "formation_div": 3,
          "formation_step": [2.5,2.0],
          "formation_noise": [0.1,0.1],
          "uniqueName": "",
          "attack_type": "fire_at_will",
          "isDelayed": false,
          "stealthRadius": 0.0,
          "setStealth": true,
          "targetableByAi": false
        },
        "way": []
      }
    },
    {
      "structures": {
        "name": "bdt_t1_bomb_zone_03_bomb_target",
        "tm": [
          [0.734306,0.0,0.678819],
          [0.0,1.0,0.0],
          [-0.678819,0.0,0.734306],
          [-9593.3,362.602,30.2171]
        ],
        "unit_class": "dummy_immortal",
        "objLayer": 2,
        "closed_waypoints": false,
        "isShipSpline": false,
        "shipTurnRadius": 100.0,
        "weapons": "",
        "bullets0": "",
        "bullets1": "",
        "bullets2": "",
        "bullets3": "",
        "bulletsCount0": 0,
        "bulletsCount1": 0,
        "bulletsCount2": 0,
        "bulletsCount3": 0,
        "crewSkillK": 0.0,
        "applyAllMods": false,
        "props": {
          "army": 1,
          "count": 1,
          "formation_type": "rows",
          "formation_div": 3,
          "formation_step": [2.5,2.0],
          "formation_noise": [0.1,0.1],
          "uniqueName": "",
          "attack_type": "fire_at_will",
          "isDelayed": false,
          "stealthRadius": 0.0,
          "setStealth": true,
          "targetableByAi": false
        },
        "way": []
      }
    },
    {
      "structures": {
        "name": "bdt_t1_bomb_zone_04_bomb_target",
        "tm": [
          [0.758723,0.0,-0.651413],
          [0.0,1.0,0.0],
          [0.651413,0.0,0.758723],
          [-2723.05,390.069,10852.8]
        ],
        "unit_class": "dummy_immortal",
        "objLayer": 2,
        "closed_waypoints": false,
        "isShipSpline": false,
        "shipTurnRadius": 100.0,
        "weapons": "",
        "bullets0": "",
        "bullets1": "",
        "bullets2": "",
        "bullets3": "",
        "bulletsCount0": 0,
        "bulletsCount1": 0,
        "bulletsCount2": 0,
        "bulletsCount3": 0,
        "crewSkillK": 0.0,
        "applyAllMods": false,
        "props": {
          "army": 1,
          "count": 1,
          "formation_type": "rows",
          "formation_div": 3,
          "formation_step": [2.5,2.0],
          "formation_noise": [0.1,0.1],
          "uniqueName": "",
          "attack_type": "fire_at_will",
          "isDelayed": false,
          "stealthRadius": 0.0,
          "setStealth": true,
          "targetableByAi": false
        },
        "way": []
      }
    },
    {
      "structures": {
        "name": "bdt_t2_bomb_zone_01_bomb_target",
        "tm": [
          [0.820833,0.0,-0.571169],
          [0.0,1.0,0.0],
          [0.571169,0.0,0.820833],
          [2272.76,445.943,8287.79]
        ],
        "unit_class": "dummy_immortal",
        "objLayer": 2,
        "closed_waypoints": false,
        "isShipSpline": false,
        "shipTurnRadius": 100.0,
        "weapons": "",
        "bullets0": "",
        "bullets1": "",
        "bullets2": "",
        "bullets3": "",
        "bulletsCount0": 0,
        "bulletsCount1": 0,
        "bulletsCount2": 0,
        "bulletsCount3": 0,
        "crewSkillK": 0.0,
        "applyAllMods": false,
        "props": {
          "army": 2,
          "count": 1,
          "formation_type": "rows",
          "formation_div": 3,
          "formation_step": [2.5,2.0],
          "formation_noise": [0.1,0.1],
          "uniqueName": "",
          "attack_type": "fire_at_will",
          "stealthRadius": 0.0,
          "setStealth": true,
          "targetableByAi": false
        },
        "way": []
      }
    },
    {
      "structures": {
        "name": "bdt_t2_bomb_zone_02_bomb_target",
        "tm": [
          [0.991057,0.0,0.133436],
          [0.0,1.0,0.0],
          [-0.133436,0.0,0.991057],
          [3489.66,450.293,6479.05]
        ],
        "unit_class": "dummy_immortal",
        "objLayer": 2,
        "closed_waypoints": false,
        "isShipSpline": false,
        "shipTurnRadius": 100.0,
        "weapons": "",
        "bullets0": "",
        "bullets1": "",
        "bullets2": "",
        "bullets3": "",
        "bulletsCount0": 0,
        "bulletsCount1": 0,
        "bulletsCount2": 0,
        "bulletsCount3": 0,
        "crewSkillK": 0.0,
        "applyAllMods": false,
        "props": {
          "army": 2,
          "count": 1,
          "formation_type": "rows",
          "formation_div": 3,
          "formation_step": [2.5,2.0],
          "formation_noise": [0.1,0.1],
          "uniqueName": "",
          "attack_type": "fire_at_will",
          "stealthRadius": 0.0,
          "setStealth": true,
          "targetableByAi": false
        },
        "way": []
      }
    },
    {
      "structures": {
        "name": "bdt_t2_bomb_zone_03_bomb_target",
        "tm": [
          [0.934939,0.0,-0.354809],
          [0.0,1.0,0.0],
          [0.354809,0.0,0.934939],
          [-774.789,255.458,-3337.91]
        ],
        "unit_class": "dummy_immortal",
        "objLayer": 2,
        "closed_waypoints": false,
        "isShipSpline": false,
        "shipTurnRadius": 100.0,
        "weapons": "",
        "bullets0": "",
        "bullets1": "",
        "bullets2": "",
        "bullets3": "",
        "bulletsCount0": 0,
        "bulletsCount1": 0,
        "bulletsCount2": 0,
        "bulletsCount3": 0,
        "crewSkillK": 0.0,
        "applyAllMods": false,
        "props": {
          "army": 2,
          "count": 1,
          "formation_type": "rows",
          "formation_div": 3,
          "formation_step": [2.5,2.0],
          "formation_noise": [0.1,0.1],
          "uniqueName": "",
          "attack_type": "fire_at_will",
          "stealthRadius": 0.0,
          "setStealth": true,
          "targetableByAi": false
        },
        "way": []
      }
    },
    {
      "structures": {
        "name": "bdt_t2_bomb_zone_04_bomb_target",
        "tm": [
          [0.75162,0.0,-0.659597],
          [0.0,1.0,0.0],
          [0.659597,0.0,0.75162],
          [-4808.66,247.22,-2992.77]
        ],
        "unit_class": "dummy_immortal",
        "objLayer": 2,
        "closed_waypoints": false,
        "isShipSpline": false,
        "shipTurnRadius": 100.0,
        "weapons": "",
        "bullets0": "",
        "bullets1": "",
        "bullets2": "",
        "bullets3": "",
        "bulletsCount0": 0,
        "bulletsCount1": 0,
        "bulletsCount2": 0,
        "bulletsCount3": 0,
        "crewSkillK": 0.0,
        "applyAllMods": false,
        "props": {
          "army": 2,
          "count": 1,
          "formation_type": "rows",
          "formation_div": 3,
          "formation_step": [2.5,2.0],
          "formation_noise": [0.1,0.1],
          "uniqueName": "",
          "attack_type": "fire_at_will",
          "stealthRadius": 0.0,
          "setStealth": true,
          "targetableByAi": false
        },
        "way": []
      }
    },
    {
      "structures": {
        "name": "bdt_t2_bomb_zone_05_bomb_target",
        "tm": [
          [0.75162,0.0,-0.659597],
          [0.0,1.0,0.0],
          [0.659597,0.0,0.75162],
          [-4916.98,44.1518,-4423.72]
        ],
        "unit_class": "dummy_immortal",
        "objLayer": 2,
        "closed_waypoints": false,
        "isShipSpline": false,
        "shipTurnRadius": 100.0,
        "weapons": "",
        "bullets0": "",
        "bullets1": "",
        "bullets2": "",
        "bullets3": "",
        "bulletsCount0": 0,
        "bulletsCount1": 0,
        "bulletsCount2": 0,
        "bulletsCount3": 0,
        "crewSkillK": 0.0,
        "applyAllMods": false,
        "props": {
          "army": 2,
          "count": 1,
          "formation_type": "rows",
          "formation_div": 3,
          "formation_step": [2.5,2.0],
          "formation_noise": [0.1,0.1],
          "uniqueName": "",
          "attack_type": "fire_at_will",
          "stealthRadius": 0.0,
          "setStealth": true,
          "targetableByAi": false
        },
        "way": []
      }
    },
    {
      "structures": {
        "name": "bdt_t2_bomb_zone_06_bomb_target",
        "tm": [
          [0.75162,0.0,-0.659597],
          [0.0,1.0,0.0],
          [0.659597,0.0,0.75162],
          [-3828.98,63.1284,-4812.12]
        ],
        "unit_class": "dummy_immortal",
        "objLayer": 2,
        "closed_waypoints": false,
        "isShipSpline": false,
        "shipTurnRadius": 100.0,
        "weapons": "",
        "bullets0": "",
        "bullets1": "",
        "bullets2": "",
        "bullets3": "",
        "bulletsCount0": 0,
        "bulletsCount1": 0,
        "bulletsCount2": 0,
        "bulletsCount3": 0,
        "crewSkillK": 0.0,
        "applyAllMods": false,
        "props": {
          "army": 2,
          "count": 1,
          "formation_type": "rows",
          "formation_div": 3,
          "formation_step": [2.5,2.0],
          "formation_noise": [0.1,0.1],
          "uniqueName": "",
          "attack_type": "fire_at_will",
          "stealthRadius": 0.0,
          "setStealth": true,
          "targetableByAi": false
        },
        "way": []
      }
    },
    {
      "structures": {
        "name": "bdt_t2_bomb_zone_07_bomb_target",
        "tm": [
          [0.75162,0.0,-0.659597],
          [0.0,1.0,0.0],
          [0.659597,0.0,0.75162],
          [-761.25,106.067,-4318.48]
        ],
        "unit_class": "dummy_immortal",
        "objLayer": 2,
        "closed_waypoints": false,
        "isShipSpline": false,
        "shipTurnRadius": 100.0,
        "weapons": "",
        "bullets0": "",
        "bullets1": "",
        "bullets2": "",
        "bullets3": "",
        "bulletsCount0": 0,
        "bulletsCount1": 0,
        "bulletsCount2": 0,
        "bulletsCount3": 0,
        "crewSkillK": 0.0,
        "applyAllMods": false,
        "props": {
          "army": 2,
          "count": 1,
          "formation_type": "rows",
          "formation_div": 3,
          "formation_step": [2.5,2.0],
          "formation_noise": [0.1,0.1],
          "uniqueName": "",
          "attack_type": "fire_at_will",
          "stealthRadius": 0.0,
          "setStealth": true,
          "targetableByAi": false
        },
        "way": []
      }
    },
    {
      "structures": {
        "name": "bdt_t2_bomb_zone_08_bomb_target",
        "tm": [
          [0.820833,0.0,-0.571169],
          [0.0,1.0,0.0],
          [0.571169,0.0,0.820833],
          [3437.36,390.957,9661.88]
        ],
        "unit_class": "dummy_immortal",
        "objLayer": 2,
        "closed_waypoints": false,
        "isShipSpline": false,
        "shipTurnRadius": 100.0,
        "weapons": "",
        "bullets0": "",
        "bullets1": "",
        "bullets2": "",
        "bullets3": "",
        "bulletsCount0": 0,
        "bulletsCount1": 0,
        "bulletsCount2": 0,
        "bulletsCount3": 0,
        "crewSkillK": 0.0,
        "applyAllMods": false,
        "props": {
          "army": 2,
          "count": 1,
          "formation_type": "rows",
          "formation_div": 3,
          "formation_step": [2.5,2.0],
          "formation_noise": [0.1,0.1],
          "uniqueName": "",
          "attack_type": "fire_at_will",
          "stealthRadius": 0.0,
          "setStealth": true,
          "targetableByAi": false
        },
        "way": []
      }
    },
    {
      "structures": {
        "name": "bdt_t2_bomb_zone_09_bomb_target",
        "tm": [
          [0.820833,0.0,-0.571169],
          [0.0,1.0,0.0],
          [0.571169,0.0,0.820833],
          [5027.36,489.726,8202.04]
        ],
        "unit_class": "dummy_immortal",
        "objLayer": 2,
        "closed_waypoints": false,
        "isShipSpline": false,
        "shipTurnRadius": 100.0,
        "weapons": "",
        "bullets0": "",
        "bullets1": "",
        "bullets2": "",
        "bullets3": "",
        "bulletsCount0": 0,
        "bulletsCount1": 0,
        "bulletsCount2": 0,
        "bulletsCount3": 0,
        "crewSkillK": 0.0,
        "applyAllMods": false,
        "props": {
          "army": 2,
          "count": 1,
          "formation_type": "rows",
          "formation_div": 3,
          "formation_step": [2.5,2.0],
          "formation_noise": [0.1,0.1],
          "uniqueName": "",
          "attack_type": "fire_at_will",
          "stealthRadius": 0.0,
          "setStealth": true,
          "targetableByAi": false
        },
        "way": []
      }
    },
    {
      "structures": {
        "name": "bdt_t2_bomb_zone_10_bomb_target",
        "tm": [
          [0.779847,0.0,-0.625971],
          [0.0,1.0,0.0],
          [0.625971,0.0,0.779847],
          [5696.49,540.769,5842.69]
        ],
        "unit_class": "dummy_immortal",
        "objLayer": 2,
        "closed_waypoints": false,
        "isShipSpline": false,
        "shipTurnRadius": 100.0,
        "weapons": "",
        "bullets0": "",
        "bullets1": "",
        "bullets2": "",
        "bullets3": "",
        "bulletsCount0": 0,
        "bulletsCount1": 0,
        "bulletsCount2": 0,
        "bulletsCount3": 0,
        "crewSkillK": 0.0,
        "applyAllMods": false,
        "props": {
          "army": 2,
          "count": 1,
          "formation_type": "rows",
          "formation_div": 3,
          "formation_step": [2.5,2.0],
          "formation_noise": [0.1,0.1],
          "uniqueName": "",
          "attack_type": "fire_at_will",
          "stealthRadius": 0.0,
          "setStealth": true,
          "targetableByAi": false
        },
        "way": []
      }
    },
    {
      "structures": {
        "name": "bdt_t1_bomb_zone_05_bomb_target",
        "tm": [
          [0.758723,0.0,-0.651413],
          [0.0,1.0,0.0],
          [0.651413,0.0,0.758723],
          [-2027.98,409.556,12285.8]
        ],
        "unit_class": "dummy_immortal",
        "objLayer": 2,
        "closed_waypoints": false,
        "isShipSpline": false,
        "shipTurnRadius": 100.0,
        "weapons": "",
        "bullets0": "",
        "bullets1": "",
        "bullets2": "",
        "bullets3": "",
        "bulletsCount0": 0,
        "bulletsCount1": 0,
        "bulletsCount2": 0,
        "bulletsCount3": 0,
        "crewSkillK": 0.0,
        "applyAllMods": false,
        "props": {
          "army": 1,
          "count": 1,
          "formation_type": "rows",
          "formation_div": 3,
          "formation_step": [2.5,2.0],
          "formation_noise": [0.1,0.1],
          "uniqueName": "",
          "attack_type": "fire_at_will",
          "isDelayed": false,
          "stealthRadius": 0.0,
          "setStealth": true,
          "targetableByAi": false
        },
        "way": []
      }
    },
    {
      "structures": {
        "name": "bdt_t1_bomb_zone_06_bomb_target",
        "tm": [
          [0.758723,0.0,-0.651413],
          [0.0,1.0,0.0],
          [0.651413,0.0,0.758723],
          [-4216.73,632.599,13064.1]
        ],
        "unit_class": "dummy_immortal",
        "objLayer": 2,
        "closed_waypoints": false,
        "isShipSpline": false,
        "shipTurnRadius": 100.0,
        "weapons": "",
        "bullets0": "",
        "bullets1": "",
        "bullets2": "",
        "bullets3": "",
        "bulletsCount0": 0,
        "bulletsCount1": 0,
        "bulletsCount2": 0,
        "bulletsCount3": 0,
        "crewSkillK": 0.0,
        "applyAllMods": false,
        "props": {
          "army": 1,
          "count": 1,
          "formation_type": "rows",
          "formation_div": 3,
          "formation_step": [2.5,2.0],
          "formation_noise": [0.1,0.1],
          "uniqueName": "",
          "attack_type": "fire_at_will",
          "isDelayed": false,
          "stealthRadius": 0.0,
          "setStealth": true,
          "targetableByAi": false
        },
        "way": []
      }
    },
    {
      "structures": {
        "name": "bdt_t1_bomb_zone_07_bomb_target",
        "tm": [
          [0.758723,0.0,-0.651413],
          [0.0,1.0,0.0],
          [0.651413,0.0,0.758723],
          [-5758.67,658.477,12926.6]
        ],
        "unit_class": "dummy_immortal",
        "objLayer": 2,
        "closed_waypoints": false,
        "isShipSpline": false,
        "shipTurnRadius": 100.0,
        "weapons": "",
        "bullets0": "",
        "bullets1": "",
        "bullets2": "",
        "bullets3": "",
        "bulletsCount0": 0,
        "bulletsCount1": 0,
        "bulletsCount2": 0,
        "bulletsCount3": 0,
        "crewSkillK": 0.0,
        "applyAllMods": false,
        "props": {
          "army": 1,
          "count": 1,
          "formation_type": "rows",
          "formation_div": 3,
          "formation_step": [2.5,2.0],
          "formation_noise": [0.1,0.1],
          "uniqueName": "",
          "attack_type": "fire_at_will",
          "isDelayed": false,
          "stealthRadius": 0.0,
          "setStealth": true,
          "targetableByAi": false
        },
        "way": []
      }
    },
    {
      "structures": {
        "name": "bdt_t1_bomb_zone_08_bomb_target",
        "tm": [
          [0.734306,0.0,0.678819],
          [0.0,1.0,0.0],
          [-0.678819,0.0,0.734306],
          [-9574.85,283.113,-1652.65]
        ],
        "unit_class": "dummy_immortal",
        "objLayer": 2,
        "closed_waypoints": false,
        "isShipSpline": false,
        "shipTurnRadius": 100.0,
        "weapons": "",
        "bullets0": "",
        "bullets1": "",
        "bullets2": "",
        "bullets3": "",
        "bulletsCount0": 0,
        "bulletsCount1": 0,
        "bulletsCount2": 0,
        "bulletsCount3": 0,
        "crewSkillK": 0.0,
        "applyAllMods": false,
        "props": {
          "army": 1,
          "count": 1,
          "formation_type": "rows",
          "formation_div": 3,
          "formation_step": [2.5,2.0],
          "formation_noise": [0.1,0.1],
          "uniqueName": "",
          "attack_type": "fire_at_will",
          "isDelayed": false,
          "stealthRadius": 0.0,
          "setStealth": true,
          "targetableByAi": false
        },
        "way": []
      }
    },
    {
      "structures": {
        "name": "bdt_t1_bomb_zone_09_bomb_target",
        "tm": [
          [0.873429,0.0,0.486951],
          [0.0,1.0,0.0],
          [-0.486951,0.0,0.873429],
          [-11684.4,181.812,-598.386]
        ],
        "unit_class": "dummy_immortal",
        "objLayer": 2,
        "closed_waypoints": false,
        "isShipSpline": false,
        "shipTurnRadius": 100.0,
        "weapons": "",
        "bullets0": "",
        "bullets1": "",
        "bullets2": "",
        "bullets3": "",
        "bulletsCount0": 0,
        "bulletsCount1": 0,
        "bulletsCount2": 0,
        "bulletsCount3": 0,
        "crewSkillK": 0.0,
        "applyAllMods": false,
        "props": {
          "army": 1,
          "count": 1,
          "formation_type": "rows",
          "formation_div": 3,
          "formation_step": [2.5,2.0],
          "formation_noise": [0.1,0.1],
          "uniqueName": "",
          "attack_type": "fire_at_will",
          "isDelayed": false,
          "stealthRadius": 0.0,
          "setStealth": true,
          "targetableByAi": false
        },
        "way": []
      }
    },
    {
      "structures": {
        "name": "bdt_t1_bomb_zone_10_bomb_target",
        "tm": [
          [0.734306,0.0,0.678819],
          [0.0,1.0,0.0],
          [-0.678819,0.0,0.734306],
          [-13075.7,411.73,1112.5]
        ],
        "unit_class": "dummy_immortal",
        "objLayer": 2,
        "closed_waypoints": false,
        "isShipSpline": false,
        "shipTurnRadius": 100.0,
        "weapons": "",
        "bullets0": "",
        "bullets1": "",
        "bullets2": "",
        "bullets3": "",
        "bulletsCount0": 0,
        "bulletsCount1": 0,
        "bulletsCount2": 0,
        "bulletsCount3": 0,
        "crewSkillK": 0.0,
        "applyAllMods": false,
        "props": {
          "army": 1,
          "count": 1,
          "formation_type": "rows",
          "formation_div": 3,
          "formation_step": [2.5,2.0],
          "formation_noise": [0.1,0.1],
          "uniqueName": "",
          "attack_type": "fire_at_will",
          "isDelayed": false,
          "stealthRadius": 0.0,
          "setStealth": true,
          "targetableByAi": false
        },
        "way": []
      }
    },
    {
      "squad": {
        "name": "bdt_t2_targets_squad",
        "tm": [
          [0.746779,0.0,-0.665072],
          [0.0,1.0,0.0],
          [0.665072,0.0,0.746779],
          [1175.98,69.374,-2287.2]
        ],
        "props": [
          {
            "object_marking": 0
          },
          {
            "squad_members": "bdt_t1_bomb_zone_01_bomb_target"
          },
          {
            "squad_members": "bdt_t1_bomb_zone_02_bomb_target"
          },
          {
            "squad_members": "bdt_t1_bomb_zone_03_bomb_target"
          },
          {
            "squad_members": "bdt_t1_bomb_zone_04_bomb_target"
          },
          {
            "squad_members": "bdt_t1_bomb_zone_05_bomb_target"
          }
        ]
      }
    },
    {
      "squad": {
        "name": "bdt_t1_targets_squad",
        "tm": [
          [0.746779,0.0,-0.665072],
          [0.0,1.0,0.0],
          [0.665072,0.0,0.746779],
          [-8698.38,385.967,9527.52]
        ],
        "props": [
          {
            "object_marking": 0
          },
          {
            "squad_members": "bdt_t1_bomb_zone_01_bomb_target"
          },
          {
            "squad_members": "bdt_t1_bomb_zone_02_bomb_target"
          },
          {
            "squad_members": "bdt_t1_bomb_zone_03_bomb_target"
          },
          {
            "squad_members": "bdt_t1_bomb_zone_04_bomb_target"
          },
          {
            "squad_members": "bdt_t1_bomb_zone_05_bomb_target"
          },
          {
            "squad_members": "bdt_t1_bomb_zone_06_bomb_target"
          },
          {
            "squad_members": "bdt_t1_bomb_zone_07_bomb_target"
          },
          {
            "squad_members": "bdt_t1_bomb_zone_08_bomb_target"
          },
          {
            "squad_members": "bdt_t1_bomb_zone_09_bomb_target"
          },
          {
            "squad_members": "bdt_t1_bomb_zone_10_bomb_target"
          }
        ]
      }
    },
    {
      "squad": {
        "name": "bdt_t1_aaa_squad",
        "tm": [
          [0.808068,0.0,0.589089],
          [0.0,1.0,0.0],
          [-0.589089,0.0,0.808068],
          [-3340.62,253.47,-33242.3]
        ],
        "props": {
          "object_marking": 0,
          "squad_members": "bdt_t1_aaa"
        }
      }
    },
    {
      "squad": {
        "name": "bdt_t2_aaa_squad",
        "tm": [
          [0.808068,0.0,0.589089],
          [0.0,1.0,0.0],
          [-0.589089,0.0,0.808068],
          [-2154.92,253.47,-32107.0]
        ],
        "props": {
          "object_marking": 0,
          "squad_members": "bdt_t2_aaa"
        }
      }
    },
    {
      "air_defence": {
        "name": "bdt_t1_aaa",
        "tm": [
          [0.808068,0.0,0.589089],
          [0.0,1.0,0.0],
          [-0.589089,0.0,0.808068],
          [-5432.17,253.47,-32652.4]
        ],
        "unit_class": "germ_88mm_flak36",
        "objLayer": 1,
        "closed_waypoints": false,
        "isShipSpline": false,
        "shipTurnRadius": 100.0,
        "weapons": "",
        "bullets0": "",
        "bullets1": "",
        "bullets2": "",
        "bullets3": "",
        "bulletsCount0": 0,
        "bulletsCount1": 0,
        "bulletsCount2": 0,
        "bulletsCount3": 0,
        "crewSkillK": 0.0,
        "applyAllMods": false,
        "props": {
          "army": 1,
          "count": 16,
          "formation_type": "rows",
          "formation_div": 3,
          "formation_step": [2.5,2.0],
          "formation_noise": [0.1,0.1],
          "uniqueName": "",
          "attack_type": "fire_at_will",
          "isDelayed": true,
          "stealthRadius": 0.0,
          "setStealth": true,
          "calmDetection": true,
          "targetableByAi": false
        },
        "way": []
      }
    },
    {
      "air_defence": {
        "name": "bdt_t2_aaa",
        "tm": [
          [0.808068,0.0,0.589089],
          [0.0,1.0,0.0],
          [-0.589089,0.0,0.808068],
          [-4330.51,253.47,-31849.3]
        ],
        "unit_class": "ussr_85mm_52k",
        "objLayer": 1,
        "closed_waypoints": false,
        "isShipSpline": false,
        "shipTurnRadius": 100.0,
        "weapons": "",
        "bullets0": "",
        "bullets1": "",
        "bullets2": "",
        "bullets3": "",
        "bulletsCount0": 0,
        "bulletsCount1": 0,
        "bulletsCount2": 0,
        "bulletsCount3": 0,
        "crewSkillK": 0.0,
        "applyAllMods": false,
        "props": {
          "army": 2,
          "count": 16,
          "formation_type": "rows",
          "formation_div": 3,
          "formation_step": [2.5,2.0],
          "formation_noise": [0.1,0.1],
          "uniqueName": "",
          "attack_type": "fire_at_will",
          "isDelayed": true,
          "stealthRadius": 0.0,
          "setStealth": true,
          "calmDetection": true,
          "targetableByAi": false
        },
        "way": []
      }
    }
  ],
  "areas": {
    "bdt_t1_bomb_zone_01": {
      "type": "Sphere",
      "tm": [
        [111.543,0.0,-435.957],
        [0.0,450.0,0.0],
        [435.957,0.0,111.543],
        [-4892.83,510.078,10933.6]
      ],
      "objLayer": 0,
      "props": []
    },
    "bdt_t1_bomb_zone_02": {
      "type": "Sphere",
      "tm": [
        [423.533,0.0,-152.053],
        [0.0,450.0,0.0],
        [152.053,0.0,423.533],
        [-11073.2,294.495,2175.56]
      ],
      "objLayer": 0,
      "props": []
    },
    "bdt_t1_bomb_zone_03": {
      "type": "Sphere",
      "tm": [
        [330.438,0.0,305.469],
        [0.0,450.0,0.0],
        [-305.469,0.0,330.438],
        [-9602.81,356.713,32.7071]
      ],
      "objLayer": 0,
      "props": []
    },
    "bdt_t2_bomb_zone_01": {
      "type": "Sphere",
      "tm": [
        [369.375,0.0,-257.027],
        [0.0,450.0,0.0],
        [257.027,0.0,369.375],
        [2284.66,440.247,8283.39]
      ],
      "objLayer": 0,
      "props": []
    },
    "bdt_t2_bomb_zone_02": {
      "type": "Sphere",
      "tm": [
        [448.402,0.0,-37.9041],
        [0.0,450.0,0.0],
        [37.9041,0.0,448.402],
        [3494.23,453.073,6480.76]
      ],
      "objLayer": 0,
      "props": []
    },
    "bdt_t2_bomb_zone_03": {
      "type": "Sphere",
      "tm": [
        [328.315,0.0,-307.75],
        [0.0,450.0,0.0],
        [307.75,0.0,328.315],
        [-770.249,256.22,-3341.42]
      ],
      "objLayer": 0,
      "props": []
    },
    "bdt_t1_bomb_zone_04": {
      "type": "Sphere",
      "tm": [
        [341.426,0.0,-293.136],
        [0.0,450.0,0.0],
        [293.136,0.0,341.426],
        [-2718.54,388.336,10846.4]
      ],
      "objLayer": 0,
      "props": []
    },
    "bdt_t2_bomb_zone_04": {
      "type": "Sphere",
      "tm": [
        [328.315,0.0,-307.75],
        [0.0,450.0,0.0],
        [307.75,0.0,328.315],
        [-4804.49,250.078,-2988.72]
      ],
      "objLayer": 0,
      "props": []
    },
    "bdt_t1_bomb_zone_01_aaa_point_01": {
      "type": "Point",
      "tm": [
        [0.746779,0.0,-0.665072],
        [0.0,1.0,0.0],
        [0.665072,0.0,0.746779],
        [-5012.96,488.865,10763.0]
      ],
      "objLayer": 0,
      "props": []
    },
    "bdt_t1_bomb_zone_01_aaa_point_02": {
      "type": "Point",
      "tm": [
        [0.746779,0.0,-0.665072],
        [0.0,1.0,0.0],
        [0.665072,0.0,0.746779],
        [-5028.07,559.611,11083.5]
      ],
      "objLayer": 0,
      "props": []
    },
    "bdt_t1_bomb_zone_01_aaa_point_03": {
      "type": "Point",
      "tm": [
        [0.746779,0.0,-0.665072],
        [0.0,1.0,0.0],
        [0.665072,0.0,0.746779],
        [-4716.76,494.435,11137.2]
      ],
      "objLayer": 0,
      "props": []
    },
    "bdt_t1_bomb_zone_01_aaa_point_04": {
      "type": "Point",
      "tm": [
        [0.746779,0.0,-0.665072],
        [0.0,1.0,0.0],
        [0.665072,0.0,0.746779],
        [-4606.09,461.563,10842.9]
      ],
      "objLayer": 0,
      "props": []
    },
    "bdt_t1_bomb_zone_02_aaa_point_01": {
      "type": "Point",
      "tm": [
        [0.969396,0.0,0.245507],
        [0.0,1.0,0.0],
        [-0.245507,0.0,0.969396],
        [-11178.8,301.762,1947.23]
      ],
      "objLayer": 0,
      "props": []
    },
    "bdt_t1_bomb_zone_02_aaa_point_02": {
      "type": "Point",
      "tm": [
        [0.969396,0.0,0.245507],
        [0.0,1.0,0.0],
        [-0.245507,0.0,0.969396],
        [-11105.7,272.014,2377.85]
      ],
      "objLayer": 0,
      "props": []
    },
    "bdt_t1_bomb_zone_02_aaa_point_03": {
      "type": "Point",
      "tm": [
        [0.969396,0.0,0.245507],
