{
  "selected_tag": "",
  "bin_dump_file": "",
  "mission_settings": {
    "player": {
      "army": 1,
      "wing": "ft_armada"
    },
    "player_teamB": {
      "army": 2
    },
    "mission": {
      "level": "levels/water.bin",
      "type": "singleMission",
      "environment": "Day",
      "weather": "clear",
      "restoreType": "attempts",
      "optionalTakeOff": false
    },
    "spectator_points": {}
  },
  "imports": {},
  "triggers": {
    "isCategory": true,
    "is_enabled": true,
    "fields_small_start": {
      "is_enabled": true,
      "comments": "",
      "props": {
        "actionsType": "PERFORM_ONE_BY_ONE",
        "conditionsType": "ALL",
        "enableAfterComplete": false
      },
      "events": {
        "initMission": {}
      },
      "conditions": {},
      "actions": {
        "varSetInt": [
          {
            "value": 3,
            "var": [
              "ft_t1_max_near_airfields_count",
              "ft_t2_max_near_airfields_count"
            ]
          },
          {
            "value": 2,
            "var": [
              "ft_t1_max_mid_airfields_count",
              "ft_t2_max_mid_airfields_count"
            ]
          },
          {
            "value": 2,
            "var": [
              "ft_t1_max_far_airfields_count",
              "ft_t2_max_far_airfields_count"
            ]
          }
        ],
        "comment": {
          "value": ""
        },
        "varSetReal": {
          "value": 15000.0,
          "var": "ft_generate_distance_between"
        }
      },
      "else_actions": {}
    }
  },
  "mission_objectives": {
    "isCategory": true,
    "is_enabled": true
  },
  "variables": {},
  "dialogs": {},
  "airfields": {},
  "effects": {},
  "units": {
    "objectGroups": [
      {
        "name": "ft_t1_airfield_01_01",
        "tm": [
          [
            0.0306599,
            0.0,
            0.999529
          ],
          [
            0.0,
            1.0,
            0.0
          ],
          [
            -0.999529,
            0.0,
            0.0306599
          ],
          [
            29665.8,
            323.838,
            27933.0
          ]
        ],
        "unit_class": "dynaf_universal_1line_a_big",
        "objLayer": 2,
        "props": {
          "army": 1,
          "active": false
        }
      },
      {
        "name": "ft_t1_airfield_01_02",
        "tm": [
          [
            -0.685762,
            0.0,
            0.727826
          ],
          [
            0.0,
            1.0,
            0.0
          ],
          [
            -0.727826,
            0.0,
            -0.685762
          ],
          [
            -26762.3,
            65.8002,
            26713.4
          ]
        ],
        "unit_class": "dynaf_universal_1line_a_big",
        "objLayer": 2,
        "props": {
          "army": 1,
          "active": false
        }
      },
      {
        "name": "ft_t1_airfield_01_03",
        "tm": [
          [
            -0.0560206,
            0.0,
            0.99843
          ],
          [
            0.0,
            1.0,
            0.0
          ],
          [
            -0.99843,
            0.0,
            -0.0560206
          ],
          [
            2667.7,
            205.551,
            26858.1
          ]
        ],
        "unit_class": "dynaf_universal_1line_a_big",
        "objLayer": 2,
        "props": {
          "army": 1,
          "active": false
        }
      },
      {
        "name": "ft_t1_airfield_02_01",
        "tm": [
          [
            0.0436192,
            0.0,
            0.999049
          ],
          [
            0.0,
            1.0,
            0.0
          ],
          [
            -0.999049,
            0.0,
            0.0436192
          ],
          [
            26792.7,
            315.8,
            19101.6
          ]
        ],
        "unit_class": "dynaf_universal_1line_a_big",
        "objLayer": 2,
        "props": {
          "army": 1,
          "active": false
        }
      },
      {
        "name": "ft_t1_airfield_02_02",
        "tm": [
          [
            0.0436196,
            0.0,
            0.999048
          ],
          [
            0.0,
            1.0,
            0.0
          ],
          [
            -0.999048,
            0.0,
            0.0436196
          ],
          [
            -13755.5,
            187.849,
            19178.9
          ]
        ],
        "unit_class": "dynaf_universal_1line_a_big",
        "objLayer": 2,
        "props": {
          "army": 1,
          "active": false
        }
      },
      {
        "name": "ft_t1_airfield_03_01",
        "tm": [
          [
            -0.360904,
            0.0,
            0.932603
          ],
          [
            0.0,
            1.0,
            0.0
          ],
          [
            -0.932603,
            0.0,
            -0.360904
          ],
          [
            9173.05,
            137.2,
            13286.2
          ]
        ],
        "unit_class": "dynaf_universal_1line_a_big",
        "objLayer": 2,
        "props": {
          "army": 1,
          "active": false
        }
      },
      {
        "name": "ft_t1_airfield_03_02",
        "tm": [
          [
            -0.461749,
            0.0,
            0.887011
          ],
          [
            0.0,
            1.0,
            0.0
          ],
          [
            -0.887011,
            0.0,
            -0.461749
          ],
          [
            -6480.45,
            262.401,
            13402.4
          ]
        ],
        "unit_class": "dynaf_universal_1line_a_big",
        "objLayer": 2,
        "props": {
          "army": 1,
          "active": false
        }
      },
      {
        "name": "ft_t2_airfield_01_01",
        "tm": [
          [
            0.252191,
            0.0,
            -0.967676
          ],
          [
            0.0,
            1.0,
            0.0
          ],
          [
            0.967676,
            0.0,
            0.252191
          ],
          [
            -21812.6,
            327.581,
            -28640.4
          ]
        ],
        "unit_class": "dynaf_universal_1line_b_big",
        "objLayer": 2,
        "props": {
          "army": 2,
          "active": false
        }
      },
      {
        "name": "ft_t2_airfield_01_02",
        "tm": [
          [
            -0.25882,
            0.0,
            -0.965926
          ],
          [
            0.0,
            1.0,
            0.0
          ],
          [
            0.965926,
            0.0,
            -0.25882
          ],
          [
            14151.4,
            218.206,
            -29088.1
          ]
        ],
        "unit_class": "dynaf_universal_1line_b_big",
        "objLayer": 2,
        "props": {
          "army": 2,
          "active": false
        }
      },
      {
        "name": "ft_t2_airfield_01_03",
        "tm": [
          [
            0.45413,
            0.0,
            -0.890936
          ],
          [
            0.0,
            1.0,
            0.0
          ],
          [
            0.890936,
            0.0,
            0.45413
          ],
          [
            29498.0,
            317.571,
            -28588.9
          ]
        ],
        "unit_class": "dynaf_universal_1line_b_big",
        "objLayer": 2,
        "props": {
          "army": 2,
          "active": false
        }
      },
      {
        "name": "ft_t2_airfield_03_02",
        "tm": [
          [
            -0.264845,
            0.0,
            -0.964291
          ],
          [
            0.0,
            1.0,
            0.0
          ],
          [
            0.964291,
            0.0,
            -0.264845
          ],
          [
            -18474.4,
            332.376,
            -13333.1
          ]
        ],
        "unit_class": "dynaf_universal_1line_b",
        "objLayer": 2,
        "props": {
          "army": 2,
          "active": false
        }
      },
      {
        "name": "ft_t2_airfield_03_01",
        "tm": [
          [
            0.34202,
            0.0,
            -0.939693
          ],
          [
            0.0,
            1.0,
            0.0
          ],
          [
            0.939693,
            0.0,
            0.34202
          ],
          [
            14016.9,
            278.699,
            -13901.9
          ]
        ],
        "unit_class": "dynaf_universal_1line_b_big",
        "objLayer": 2,
        "props": {
          "army": 2,
          "active": false
        }
      },
      {
        "name": "ft_t2_airfield_02_01",
        "tm": [
          [
            0.0871557,
            0.0,
            -0.996194
          ],
          [
            0.0,
            1.0,
            0.0
          ],
          [
            0.996194,
            0.0,
            0.0871557
          ],
          [
            30301.9,
            174.699,
            -19476.6
          ]
        ],
        "unit_class": "dynaf_universal_1line_b_big",
        "objLayer": 2,
        "props": {
          "army": 2,
          "active": false
        }
      },
      {
        "name": "ft_t2_airfield_02_02",
        "tm": [
          [
            -0.130527,
            0.0,
            -0.991445
          ],
          [
            0.0,
            1.0,
            0.0
          ],
          [
            0.991445,
            0.0,
            -0.130527
          ],
          [
            -10760.3,
            362.523,
            -21067.3
          ]
        ],
        "unit_class": "dynaf_universal_1line_b_big",
        "objLayer": 2,
        "props": {
          "army": 2,
          "active": false
        }
      },
      {
        "name": "ft_t2_airfield_03_03",
        "tm": [
          [
            0.258819,
            0.0,
            -0.965926
          ],
          [
            0.0,
            1.0,
            0.0
          ],
          [
            0.965926,
            0.0,
            0.258819
          ],
          [
            -9591.1,
            333.1,
            -13145.4
          ]
        ],
        "unit_class": "dynaf_universal_1line_b_big",
        "objLayer": 2,
        "props": {
          "army": 2,
          "active": false
        }
      },
      {
        "name": "ft_t2_airfield_02_03",
        "tm": [
          [
            0.0871557,
            0.0,
            -0.996194
          ],
          [
            0.0,
            1.0,
            0.0
          ],
          [
            0.996194,
            0.0,
            0.0871557
          ],
          [
            11999.2,
            214.971,
            -20406.8
          ]
        ],
        "unit_class": "dynaf_universal_1line_b_big",
        "objLayer": 2,
        "props": {
          "army": 2,
          "active": false
        }
      },
      {
        "name": "ft_t1_airfield_02_03",
        "tm": [
          [
            0.300706,
            0.0,
            0.953717
          ],
          [
            0.0,
            1.0,
            0.0
          ],
          [
            -0.953717,
            0.0,
            0.300706
          ],
          [
            -5456.37,
            241.65,
            19855.9
          ]
        ],
        "unit_class": "dynaf_universal_1line_a_big",
        "objLayer": 2,
        "props": {
          "army": 1,
          "active": false
        }
      },
      {
        "name": "ft_t1_airfield_03_03",
        "tm": [
          [
            -0.461749,
            0.0,
            0.887011
          ],
          [
            0.0,
            1.0,
            0.0
          ],
          [
            -0.887011,
            0.0,
            -0.461749
          ],
          [
            -22712.3,
            182.201,
            14125.1
          ]
        ],
        "unit_class": "dynaf_universal_1line_a_big",
        "objLayer": 2,
        "props": {
          "army": 1,
          "active": false
        }
      },
      {
        "name": "ft_t1_airfield_01_04",
        "tm": [
          [
            0.337546,
            0.0,
            0.941308
          ],
          [
            0.0,
            1.0,
            0.0
          ],
          [
            -0.941308,
            0.0,
            0.337546
          ],
          [
            12969.4,
            236.751,
            27006.6
          ]
        ],
        "unit_class": "dynaf_universal_1line_a_big",
        "objLayer": 2,
        "props": {
          "army": 1,
          "active": false
        }
      },
      {
        "name": "ft_t1_airfield_01_05",
        "tm": [
          [
            0.0611576,
            0.0,
            0.998128
          ],
          [
            0.0,
            1.0,
            0.0
          ],
          [
            -0.998128,
            0.0,
            0.0611576
          ],
          [
            -10880.2,
            180.63,
            26758.0
          ]
        ],
        "unit_class": "dynaf_universal_1line_a_big",
        "objLayer": 2,
        "props": {
          "army": 1,
          "active": false
        }
      },
      {
        "name": "ft_t1_airfield_02_04",
        "tm": [
          [
            -0.131497,
            0.0,
            0.991316
          ],
          [
            0.0,
            1.0,
            0.0
          ],
          [
            -0.991316,
            0.0,
            -0.131497
          ],
          [
            -28176.3,
            245.317,
            21037.3
          ]
        ],
        "unit_class": "dynaf_universal_1line_a_big",
        "objLayer": 2,
        "props": {
          "army": 1,
          "active": false
        }
      },
      {
        "name": "ft_t1_airfield_02_05",
        "tm": [
          [
            -0.116048,
            0.0,
            0.993244
          ],
          [
            0.0,
            1.0,
            0.0
          ],
          [
            -0.993244,
            0.0,
            -0.116048
          ],
          [
            17259.4,
            258.716,
            20176.6
          ]
        ],
        "unit_class": "dynaf_universal_1line_a_big",
        "objLayer": 2,
        "props": {
          "army": 1,
          "active": false
        }
      },
      {
        "name": "ft_t1_airfield_03_04",
        "tm": [
          [
            0.0415071,
            0.0,
            0.999138
          ],
          [
            0.0,
            1.0,
            0.0
          ],
          [
            -0.999138,
            0.0,
            0.0415071
          ],
          [
            1709.62,
            150.496,
            13156.8
          ]
        ],
        "unit_class": "dynaf_universal_1line_a_big",
        "objLayer": 2,
        "props": {
          "army": 1,
          "active": false
        }
      },
      {
        "name": "ft_t1_airfield_03_05",
        "tm": [
          [
            0.405155,
            0.0,
            0.914249
          ],
          [
            0.0,
            1.0,
            0.0
          ],
          [
            -0.914249,
            0.0,
            0.405155
          ],
          [
            28096.4,
            262.023,
            12293.1
          ]
        ],
        "unit_class": "dynaf_universal_1line_a_big",
        "objLayer": 2,
        "props": {
          "army": 1,
          "active": false
        }
      },
      {
        "name": "ft_t2_airfield_01_04",
        "tm": [
          [
            -0.215479,
            0.0,
            -0.976509
          ],
          [
            0.0,
            1.0,
            0.0
          ],
          [
            0.976509,
            0.0,
            -0.215479
          ],
          [
            -13913.2,
            246.352,
            -28169.6
          ]
        ],
        "unit_class": "dynaf_universal_1line_b_big",
        "objLayer": 2,
        "props": {
          "army": 2,
          "active": false
        }
      },
      {
        "name": "ft_t2_airfield_01_05",
        "tm": [
          [
            0.0404491,
            0.0,
            -0.999182
          ],
          [
            0.0,
            1.0,
            0.0
          ],
          [
            0.999182,
            0.0,
            0.0404491
          ],
          [
            -2380.23,
            278.751,
            -28232.0
          ]
        ],
        "unit_class": "dynaf_universal_1line_b_big",
        "objLayer": 2,
        "props": {
          "army": 2,
          "active": false
        }
      },
      {
        "name": "ft_t2_airfield_02_04",
        "tm": [
          [
            0.0871557,
            0.0,
            -0.996194
          ],
          [
            0.0,
            1.0,
            0.0
          ],
          [
            0.996194,
            0.0,
            0.0871557
          ],
          [
            4857.13,
            193.422,
            -19872.4
          ]
        ],
        "unit_class": "dynaf_universal_1line_b_big",
        "objLayer": 2,
        "props": {
          "army": 2,
          "active": false
        }
      },
      {
        "name": "ft_t2_airfield_02_05",
        "tm": [
          [
            -0.160403,
            0.0,
            -0.987051
          ],
          [
            0.0,
            1.0,
            0.0
          ],
          [
            0.987051,
            0.0,
            -0.160403
          ],
          [
            -26464.4,
            285.103,
            -19954.1
          ]
        ],
        "unit_class": "dynaf_universal_1line_b_big",
        "objLayer": 2,
        "props": {
          "army": 2,
          "active": false
        }
      },
      {
        "name": "ft_t2_airfield_03_04",
        "tm": [
          [
            0.34202,
            0.0,
            -0.939693
          ],
          [
            0.0,
            1.0,
            0.0
          ],
          [
            0.939693,
            0.0,
            0.34202
          ],
          [
            25834.6,
            287.242,
            -14960.3
          ]
        ],
        "unit_class": "dynaf_universal_1line_b_big",
        "objLayer": 2,
        "props": {
          "army": 2,
          "active": false
        }
      },
      {
        "name": "ft_t2_airfield_03_05",
        "tm": [
          [
            -0.107344,
            0.0,
            -0.994222
          ],
          [
            0.0,
            1.0,
            0.0
          ],
          [
            0.994222,
            0.0,
            -0.107344
          ],
          [
            -28044.7,
            316.312,
            -13583.3
          ]
        ],
        "unit_class": "dynaf_universal_1line_b_big",
        "objLayer": 2,
        "props": {
          "army": 2,
          "active": false
        }
      }
    ],
    "squad": [
      {
        "name": "ft_t1_airfields_squad",
        "tm": [
          [
            -1.49012E-08,
            0.0,
            1.0
          ],
          [
            0.0,
            1.0,
            0.0
          ],
          [
            -1.0,
            0.0,
            -1.49012E-08
          ],
          [
            36385.0,
            3.86328,
            18404.4
          ]
        ],
        "props": {
          "squad_members": [
            "ft_t1_airfield_01_01",
            "ft_t1_airfield_01_02",
            "ft_t1_airfield_01_03",
            "ft_t1_airfield_01_04",
            "ft_t1_airfield_01_05",
            "ft_t1_airfield_02_01",
            "ft_t1_airfield_02_02",
            "ft_t1_airfield_02_03",
            "ft_t1_airfield_02_04",
            "ft_t1_airfield_02_05",
            "ft_t1_airfield_03_01",
            "ft_t1_airfield_03_02",
            "ft_t1_airfield_03_03",
            "ft_t1_airfield_03_04",
            "ft_t1_airfield_03_05"
          ],
          "object_marking": 0
        }
      },
      {
        "name": "ft_t2_airfields_squad",
        "tm": [
          [
            -1.49012E-08,
            0.0,
            1.0
          ],
          [
            0.0,
            1.0,
            0.0
          ],
          [
            -1.0,
            0.0,
            -1.49012E-08
          ],
          [
            34248.2,
            140.355,
            -20120.1
          ]
        ],
        "props": {
          "squad_members": [
            "ft_t2_airfield_01_01",
            "ft_t2_airfield_01_02",
            "ft_t2_airfield_01_03",
            "ft_t2_airfield_01_04",
            "ft_t2_airfield_01_05",
            "ft_t2_airfield_02_01",
            "ft_t2_airfield_02_02",
            "ft_t2_airfield_02_03",
            "ft_t2_airfield_02_04",
            "ft_t2_airfield_02_05",
            "ft_t2_airfield_03_01",
            "ft_t2_airfield_03_02",
            "ft_t2_airfield_03_03",
            "ft_t2_airfield_03_04",
            "ft_t2_airfield_03_05"
          ],
          "object_marking": 0
        }
      }
    ]
  },
  "areas": {
    "ft_t2_airfield_01_01_bomb_zone": {
      "type": "Box",
      "tm": [
        [
          -671.177,
          0.0,
          3128.82
        ],
        [
          0.0,
          1000.0,
          0.0
        ],
        [
          -1173.31,
          0.0,
          -251.687
        ],
        [
          -21915.5,
          150.786,
          -28702.3
        ]
      ],
      "objLayer": 0,
      "props": {}
    },
    "ft_t2_airfield_01_02_bomb_zone": {
      "type": "Box",
      "tm": [
        [
          828.23,
          0.0,
          3090.96
        ],
        [
          0.0,
          1000.0,
          0.0
        ],
        [
          -1159.11,
          0.0,
          310.584
        ],
        [
          14065.6,
          -23.2236,
          -29048.9
        ]
      ],
      "objLayer": 0,
      "props": {}
    },
    "ft_t2_airfield_01_03_bomb_zone": {
      "type": "Box",
      "tm": [
        [
          1453.22,
          0.0,
          -2850.99
        ],
        [
          0.0,
          1000.0,
          0.0
        ],
        [
          1069.12,
          0.0,
          544.958
        ],
        [
          29499.1,
          232.771,
          -28595.9
        ]
      ],
      "objLayer": 0,
      "props": {}
    },
    "ft_t2_airfield_03_02_bomb_zone": {
      "type": "Box",
      "tm": [
        [
          712.087,
          0.0,
          3119.77
        ],
        [
          0.0,
          1000.0,
          0.0
        ],
        [
          -1169.91,
          0.0,
          267.036
        ],
        [
          -18506.6,
          259.267,
          -13395.3
        ]
      ],
      "objLayer": 0,
      "props": {}
    },
    "ft_t2_airfield_02_02_bomb_zone": {
      "type": "Box",
      "tm": [
        [
          -417.684,
          0.0,
          -3172.62
        ],
        [
          0.0,
          1000.0,
          0.0
        ],
        [
          1189.73,
          0.0,
          -156.631
        ],
        [
          -10749.1,
          252.438,
          -21044.5
        ]
      ],
      "objLayer": 0,
      "props": {}
    },
    "ft_t2_airfield_03_01_bomb_zone": {
      "type": "Box",
      "tm": [
        [
          -1224.59,
          0.0,
          2956.41
        ],
        [
          0.0,
          1000.0,
          0.0
        ],
        [
          -1108.65,
          0.0,
          -459.219
        ],
        [
          13981.2,
          220.861,
          -13828.0
        ]
      ],
      "objLayer": 0,
      "props": {}
    },
    "ft_t2_airfield_02_01_bomb_zone": {
      "type": "Box",
      "tm": [
        [
          -417.689,
          0.0,
          3172.62
        ],
        [
          0.0,
          1000.0,
          0.0
        ],
        [
          -1189.73,
          0.0,
          -156.632
        ],
        [
          30249.8,
          110.939,
          -19558.3
        ]
      ],
      "objLayer": 0,
      "props": {}
    },
    "ft_t1_airfield_01_01_bomb_zone": {
      "type": "Box",
      "tm": [
        [
          103.392,
          0.0,
          3398.43
        ],
        [
          0.0,
          1000.0,
          0.0
        ],
        [
          -1399.35,
          0.0,
          42.5745
        ],
        [
          29860.4,
          231.688,
          27987.4
        ]
      ],
      "objLayer": 0,
      "props": {}
    },
    "ft_t1_airfield_01_03_bomb_zone": {
      "type": "Box",
      "tm": [
        [
          -192.671,
          0.0,
          3394.54
        ],
        [
          0.0,
          1000.0,
          0.0
        ],
        [
          -1397.75,
          0.0,
          -79.3342
        ],
        [
          2652.58,
          136.07,
          26890.0
        ]
      ],
      "objLayer": 0,
      "props": {}
    },
    "ft_t1_airfield_01_02_bomb_zone": {
      "type": "Box",
      "tm": [
        [
          -2331.78,
          0.0,
          2474.43
        ],
        [
          0.0,
          1000.0,
          0.0
        ],
        [
          -1018.88,
          0.0,
          -960.144
        ],
        [
          -26744.1,
          45.4502,
          26913.6
        ]
      ],
      "objLayer": 0,
      "props": {}
    },
    "ft_t1_airfield_02_01_bomb_zone": {
      "type": "Box",
      "tm": [
        [
          139.585,
          0.0,
          3196.95
        ],
        [
          0.0,
          1000.0,
          0.0
        ],
        [
          -1198.86,
          0.0,
          52.343
        ],
        [
          26711.5,
          243.839,
          19191.4
        ]
      ],
      "objLayer": 0,
      "props": {}
    },
    "ft_t1_airfield_02_02_bomb_zone": {
      "type": "Box",
      "tm": [
        [
          0.000781251,
          0.0,
          3200.0
        ],
        [
          0.0,
          1000.0,
          0.0
        ],
        [
          -1200.0,
          0.0,
          0.000137329
        ],
        [
          -13780.0,
          127.889,
          19225.7
        ]
      ],
      "objLayer": 0,
      "props": {}
    },
    "ft_t1_airfield_03_01_bomb_zone": {
      "type": "Box",
      "tm": [
        [
          -1154.89,
          0.0,
          2984.33
        ],
        [
          0.0,
          1000.0,
          0.0
        ],
        [
          -1119.12,
          0.0,
          -433.085
        ],
        [
          9165.29,
          78.453,
          13234.5
        ]
      ],
      "objLayer": 0,
      "props": {}
    },
    "ft_t1_airfield_03_02_bomb_zone": {
      "type": "Box",
      "tm": [
        [
          -1477.61,
          0.0,
          2838.43
        ],
        [
          0.0,
          1000.0,
          0.0
        ],
        [
          -1064.41,
          0.0,
          -554.1
        ],
        [
          -6493.95,
          199.099,
          13404.2
        ]
      ],
      "objLayer": 0,
      "props": {}
    },
    "ft_t1_airfield_01_01_spawn_01": {
      "type": "Point",
      "tm": [
        [
          0.526104,
          0.0,
          0.85042
        ],
        [
          0.0,
          1.0,
          0.0
        ],
        [
          -0.85042,
          0.0,
          0.526104
        ],
        [
          30521.2,
          318.831,
          28927.7
        ]
      ],
      "objLayer": 0,
      "props": {}
    },
    "ft_t1_airfield_01_01_spawn_02": {
      "type": "Point",
      "tm": [
        [
          0.526104,
          0.0,
          0.85042
        ],
        [
          0.0,
          1.0,
          0.0
        ],
        [
          -0.85042,
          0.0,
          0.526104
        ],
        [
          30367.1,
          370.425,
          26645.9
        ]
      ],
      "objLayer": 0,
      "props": {}
    },
    "ft_t1_airfield_01_01_spawn_03": {
      "type": "Point",
      "tm": [
        [
          0.526104,
          0.0,
          0.85042
        ],
        [
          0.0,
          1.0,
          0.0
        ],
        [
          -0.85042,
          0.0,
          0.526104
        ],
        [
          29126.6,
          375.766,
          27640.5
        ]
      ],
      "objLayer": 0,
      "props": {}
    },
    "ft_t1_airfield_01_01_spawn_04": {
      "type": "Point",
      "tm": [
        [
          0.526104,
          0.0,
          0.85042
        ],
        [
          0.0,
          1.0,
          0.0
        ],
        [
          -0.85042,
          0.0,
          0.526104
        ],
        [
          29107.3,
          371.615,
          26890.8
        ]
      ],
      "objLayer": 0,
      "props": {}
    },
    "ft_t1_airfield_01_01_spawn_05": {
      "type": "Point",
      "tm": [
        [
          0.526104,
          0.0,
          0.85042
        ],
        [
          0.0,
          1.0,
          0.0
        ],
        [
          -0.85042,
          0.0,
          0.526104
        ],
        [
          30399.3,
          378.726,
          27143.1
        ]
      ],
      "objLayer": 0,
      "props": {}
    },
    "ft_t1_airfield_01_01_spawn_06": {
      "type": "Point",
      "tm": [
        [
          0.526104,
          0.0,
          0.85042
        ],
        [
          0.0,
          1.0,
          0.0
        ],
        [
          -0.85042,
          0.0,
          0.526104
        ],
        [
          30423.5,
          373.098,
          27582.5
        ]
      ],
      "objLayer": 0,
      "props": {}
    },
    "ft_t1_airfield_01_01_spawn_07": {
      "type": "Point",
      "tm": [
        [
          0.526104,
          0.0,
          0.85042
        ],
        [
          0.0,
          1.0,
          0.0
        ],
        [
          -0.85042,
          0.0,
          0.526104
        ],
        [
          30434.7,
          365.947,
          28183.7
        ]
      ],
      "objLayer": 0,
      "props": {}
    },
    "ft_t1_airfield_01_01_spawn_08": {
      "type": "Point",
      "tm": [
        [
          0.526104,
          0.0,
          0.85042
        ],
        [
          0.0,
          1.0,
          0.0
        ],
        [
          -0.85042,
          0.0,
          0.526104
        ],
        [
          30506.1,
          338.796,
          28586.1
        ]
      ],
      "objLayer": 0,
      "props": {}
    },
    "ft_t1_airfield_01_01_spawn_09": {
      "type": "Point",
      "tm": [
        [
          0.526104,
          0.0,
          0.85042
        ],
        [
          0.0,
          1.0,
          0.0
        ],
        [
          -0.85042,
          0.0,
          0.526104
        ],
        [
          29083.1,
          342.028,
          28367.9
        ]
      ],
      "objLayer": 0,
      "props": {}
    },
    "ft_t1_airfield_01_01_spawn_10": {
      "type": "Point",
      "tm": [
        [
          0.526104,
          0.0,
          0.85042
        ],
        [
          0.0,
          1.0,
          0.0
        ],
        [
          -0.85042,
          0.0,
          0.526104
        ],
        [
          29106.4,
          352.457,
          28041.2
        ]
      ],
      "objLayer": 0,
      "props": {}
    },
    "ft_t1_airfield_01_01_spawn_11": {
      "type": "Point",
      "tm": [
        [
          0.526104,
          0.0,
          0.85042
        ],
        [
          0.0,
          1.0,
          0.0
        ],
        [
          -0.85042,
          0.0,
          0.526104
        ],
        [
          29039.6,
          280.441,
          29212.9
        ]
      ],
      "objLayer": 0,
      "props": {}
    },
    "ft_t1_airfield_01_01_spawn_12": {
      "type": "Point",
      "tm": [
        [
          0.526104,
          0.0,
          0.85042
        ],
        [
          0.0,
          1.0,
          0.0
        ],
        [
          -0.85042,
          0.0,
          0.526104
        ],
        [
          30528.1,
          281.612,
          29299.2
        ]
      ],
      "objLayer": 0,
      "props": {}
    },
    "ft_t1_airfield_01_01_spawn_13": {
      "type": "Point",
      "tm": [
        [
          0.526104,
          0.0,
          0.85042
        ],
        [
          0.0,
          1.0,
          0.0
        ],
        [
          -0.85042,
          0.0,
          0.526104
        ],
        [
          29045.6,
          298.605,
          28793.3
        ]
      ],
      "objLayer": 0,
      "props": {}
    },
    "ft_t1_airfield_01_01_spawn_14": {
      "type": "Point",
      "tm": [
        [
          0.526104,
          0.0,
          0.85042
        ],
        [
          0.0,
          1.0,
          0.0
        ],
        [
          -0.85042,
          0.0,
          0.526104
        ],
        [
          29108.9,
          377.472,
          27229.8
        ]
      ],
      "objLayer": 0,
      "props": {}
    },
    "ft_t1_airfield_01_02_spawn_01": {
      "type": "Point",
      "tm": [
        [
          -0.0575614,
          0.0,
          0.998342
        ],
        [
          0.0,
          1.0,
          0.0
        ],
        [
          -0.998342,
          0.0,
          -0.0575614
        ],
        [
          -26650.0,
          44.1432,
          25618.1
        ]
      ],
      "objLayer": 0,
      "props": {}
    },
    "ft_t1_airfield_01_02_spawn_02": {
      "type": "Point",
      "tm": [
        [
          -0.0575614,
          0.0,
          0.998342
        ],
        [
          0.0,
          1.0,
          0.0
        ],
        [
          -0.998342,
          0.0,
          -0.0575614
        ],
        [
          -27139.9,
          95.9072,
          28212.4
        ]
      ],
      "objLayer": 0,
      "props": {}
    },
    "ft_t1_airfield_01_02_spawn_03": {
      "type": "Point",
      "tm": [
        [
          -0.0575614,
          0.0,
          0.998342
        ],
        [
          0.0,
          1.0,
          0.0
        ],
        [
          -0.998342,
          0.0,
          -0.0575614
        ],
        [
          -26585.5,
          96.6312,
          27755.7
        ]
      ],
      "objLayer": 0,
      "props": {}
    },
    "ft_t1_airfield_01_02_spawn_04": {
      "type": "Point",
      "tm": [
        [
          -0.0575614,
          0.0,
          0.998342
        ],
        [
          0.0,
          1.0,
          0.0
        ],
        [
          -0.998342,
          0.0,
          -0.0575614
        ],
        [
          -26371.0,
          98.2892,
          27491.5
        ]
      ],
      "objLayer": 0,
      "props": {}
    },
    "ft_t1_airfield_01_02_spawn_05": {
      "type": "Point",
      "tm": [
        [
          -0.0575614,
          0.0,
          0.998342
        ],
        [
          0.0,
          1.0,
          0.0
        ],
        [
          -0.998342,
          0.0,
          -0.0575614
        ],
        [
          -27684.2,
          87.6242,
          26785.6
        ]
      ],
      "objLayer": 0,
      "props": {}
    },
    "ft_t1_airfield_01_02_spawn_06": {
      "type": "Point",
      "tm": [
        [
          -0.0575614,
          0.0,
          0.998342
        ],
        [
          0.0,
          1.0,
          0.0
        ],
        [
          -0.998342,
          0.0,
          -0.0575614
        ],
        [
          -27211.2,
          78.9492,
          26289.6
        ]
      ],
      "objLayer": 0,
      "props": {}
    },
    "ft_t1_airfield_01_02_spawn_07": {
      "type": "Point",
      "tm": [
        [
          -0.0575614,
          0.0,
          0.998342
        ],
        [
          0.0,
          1.0,
          0.0
        ],
        [
          -0.998342,
          0.0,
          -0.0575614
        ],
        [
          -25716.9,
          104.636,
          26655.9
        ]
      ],
      "objLayer": 0,
      "props": {}
    },
    "ft_t1_airfield_01_02_spawn_08": {
      "type": "Point",
      "tm": [
        [
          -0.0575614,
          0.0,
          0.998342
        ],
        [
          0.0,
          1.0,
          0.0
        ],
        [
          -0.998342,
          0.0,
          -0.0575614
        ],
        [
          -25974.1,
          95.7822,
          26994.9
        ]
      ],
      "objLayer": 0,
      "props": {}
    },
    "ft_t1_airfield_01_02_spawn_09": {
      "type": "Point",
      "tm": [
        [
          -0.0575614,
          0.0,
          0.998342
        ],
        [
          0.0,
          1.0,
          0.0
        ],
        [
          -0.998342,
          0.0,
          -0.0575614
        ],
        [
          -27888.3,
          79.3662,
          26994.1
        ]
      ],
      "objLayer": 0,
      "props": {}
    },
    "ft_t1_airfield_01_02_spawn_10": {
      "type": "Point",
      "tm": [
        [
          -0.0575614,
          0.0,
          0.998342
        ],
        [
          0.0,
          1.0,
          0.0
        ],
        [
          -0.998342,
          0.0,
          -0.0575614
        ],
        [
          -26953.3,
          70.9212,
          25974.6
        ]
      ],
      "objLayer": 0,
      "props": {}
    },
    "ft_t1_airfield_01_02_spawn_11": {
      "type": "Point",
      "tm": [
        [
          -0.0575614,
          0.0,
          0.998342
        ],
        [
          0.0,
          1.0,
          0.0
        ],
        [
          -0.998342,
          0.0,
          -0.0575614
        ],
        [
          -26209.8,
          95.9362,
          27233.3
        ]
      ],
      "objLayer": 0,
      "props": {}
    },
    "ft_t1_airfield_01_02_spawn_12": {
      "type": "Point",
      "tm": [
        [
          -0.0575614,
          0.0,
          0.998342
        ],
        [
          0.0,
          1.0,
          0.0
        ],
        [
          -0.998342,
          0.0,
          -0.0575614
        ],
        [
          -26791.6,
          106.855,
          27995.7
        ]
      ],
      "objLayer": 0,
      "props": {}
    },
    "ft_t1_airfield_01_02_spawn_13": {
      "type": "Point",
      "tm": [
        [
          -0.0575614,
          0.0,
          0.998342
        ],
        [
          0.0,
          1.0,
          0.0
        ],
        [
          -0.998342,
          0.0,
          -0.0575614
        ],
        [
          -27453.0,
          79.2712,
          26526.2
        ]
      ],
      "objLayer": 0,
      "props": {}
    },
    "ft_t1_airfield_01_02_spawn_14": {
      "type": "Point",
      "tm": [
        [
          -0.0575614,
          0.0,
          0.998342
        ],
        [
          0.0,
          1.0,
          0.0
        ],
        [
          -0.998342,
          0.0,
          -0.0575614
        ],
        [
          -28065.3,
          90.1862,
          27203.4
        ]
      ],
      "objLayer": 0,
      "props": {}
    },
    "ft_t1_airfield_01_03_spawn_01": {
      "type": "Point",
      "tm": [
        [
          -0.906307,
          0.0,
          0.422618
        ],
        [
          0.0,
          1.0,
          0.0
        ],
        [
          -0.422618,
          0.0,
          -0.906307
        ],
        [
          3227.31,
          187.902,
          26020.6
        ]
      ],
      "objLayer": 0,
      "props": {}
    },
    "ft_t1_airfield_01_03_spawn_02": {
      "type": "Point",
      "tm": [
        [
          -0.906307,
          0.0,
          0.422618
        ],
        [
          0.0,
          1.0,
          0.0
        ],
        [
          -0.422618,
          0.0,
          -0.906307
        ],
        [
          3263.46,
          174.996,
          25699.1
        ]
      ],
      "objLayer": 0,
      "props": {}
    },
    "ft_t1_airfield_01_03_spawn_03": {
      "type": "Point",
      "tm": [
        [
          -0.906307,
          0.0,
          0.422618
        ],
        [
          0.0,
          1.0,
          0.0
        ],
        [
          -0.422618,
          0.0,
          -0.906307
        ],
        [
