{
  "selected_tag": "",
  "bin_dump_file": "",
  "mission_settings": {
    "player": {
      "army": 1,
      "wing": "ft_armada"
    },
    "player_teamB": {
      "army": 2
    },
    "mission": {
      "level": "levels/water.bin",
      "type": "singleMission",
      "environment": "Day",
      "weather": "hazy",
      "restoreType": "attempts",
      "optionalTakeOff": false
    },
    "spectator_points": {}
  },
  "imports": {},
  "triggers": {
    "isCategory": true,
    "is_enabled": true,
    "fields_high_start": {
      "is_enabled": true,
      "comments": "",
      "props": {
        "actionsType": "PERFORM_ONE_BY_ONE",
        "conditionsType": "ALL",
        "enableAfterComplete": false
      },
      "events": {
        "initMission": {}
      },
      "conditions": {},
      "actions": {
        "varSetInt": [
          {
            "value": 0,
            "var": [
              "ft_t1_max_near_airfields_count",
              "ft_t2_max_near_airfields_count"
            ]
          },
          {
            "value": 0,
            "var": [
              "ft_t1_max_mid_airfields_count",
              "ft_t2_max_mid_airfields_count"
            ]
          },
          {
            "value": 3,
            "var": [
              "ft_t1_max_far_airfields_count",
              "ft_t2_max_far_airfields_count"
            ]
          }
        ],
        "comment": {
          "value": ""
        },
        "varSetReal": {
          "value": 15000.0,
          "var": "ft_generate_distance_between"
        }
      },
      "else_actions": {}
    }
  },
  "mission_objectives": {
    "isCategory": true,
    "is_enabled": true
  },
  "variables": {},
  "dialogs": {},
  "airfields": {},
  "effects": {},
  "units": {
    "objectGroups": [
      {
        "name": "ft_t1_airfield_01_01",
        "tm": [
          [
            -0.998346,
            0.0,
            0.0574667
          ],
          [
            0.0,
            1.0,
            0.0
          ],
          [
            -0.0574667,
            0.0,
            -0.998346
          ],
          [
            -26751.0,
            87.6,
            24366.0
          ]
        ],
        "unit_class": "dynaf_universal_1line_3000_a",
        "objLayer": 2,
        "props": {
          "army": 1,
          "active": false
        }
      },
      {
        "name": "ft_t1_airfield_01_02",
        "tm": [
          [
            -0.959837,
            0.0,
            -0.280558
          ],
          [
            0.0,
            1.0,
            0.0
          ],
          [
            0.280558,
            0.0,
            -0.959837
          ],
          [
            -26178.7,
            225.2,
            -25281.2
          ]
        ],
        "unit_class": "dynaf_universal_1line_3000_a",
        "objLayer": 2,
        "props": {
          "army": 1,
          "active": false
        }
      },
      {
        "name": "ft_t1_airfield_01_03",
        "tm": [
          [
            -0.971733,
            0.0,
            -0.23608
          ],
          [
            0.0,
            1.0,
            0.0
          ],
          [
            0.23608,
            0.0,
            -0.971733
          ],
          [
            -26717.5,
            80.65,
            5522.15
          ]
        ],
        "unit_class": "dynaf_universal_1line_3000_a",
        "objLayer": 2,
        "props": {
          "army": 1,
          "active": false
        }
      },
      {
        "name": "ft_t1_airfield_02_01",
        "tm": [
          [
            -0.999048,
            0.0,
            0.0436193
          ],
          [
            0.0,
            1.0,
            0.0
          ],
          [
            -0.0436193,
            0.0,
            -0.999048
          ],
          [
            -18431.8,
            88.4727,
            11776.9
          ]
        ],
        "unit_class": "dynaf_universal_1line_b",
        "objLayer": 2,
        "props": {
          "army": 1,
          "active": false
        }
      },
      {
        "name": "ft_t1_airfield_02_02",
        "tm": [
          [
            -0.913965,
            0.0,
            -0.405793
          ],
          [
            0.0,
            1.0,
            0.0
          ],
          [
            0.405793,
            0.0,
            -0.913965
          ],
          [
            -19005.0,
            326.06,
            -18546.5
          ]
        ],
        "unit_class": "dynaf_universal_1line_b",
        "objLayer": 2,
        "props": {
          "army": 1,
          "active": false
        }
      },
      {
        "name": "ft_t1_airfield_03_01",
        "tm": [
          [
            -0.820105,
            0.0,
            0.572214
          ],
          [
            0.0,
            1.0,
            0.0
          ],
          [
            -0.572214,
            0.0,
            -0.820105
          ],
          [
            -12209.7,
            76.793,
            14213.2
          ]
        ],
        "unit_class": "dynaf_universal_1line_b",
        "objLayer": 2,
        "props": {
          "army": 1,
          "active": false
        }
      },
      {
        "name": "ft_t1_airfield_03_02",
        "tm": [
          [
            -0.99997,
            0.0,
            -0.00789164
          ],
          [
            0.0,
            1.0,
            0.0
          ],
          [
            0.00789164,
            0.0,
            -0.99997
          ],
          [
            -12203.8,
            107.757,
            3939.05
          ]
        ],
        "unit_class": "dynaf_universal_1line_b",
        "objLayer": 2,
        "props": {
          "army": 1,
          "active": false
        }
      },
      {
        "name": "ft_t2_airfield_01_01",
        "tm": [
          [
            0.993198,
            0.0,
            0.116434
          ],
          [
            0.0,
            1.0,
            0.0
          ],
          [
            -0.116434,
            0.0,
            0.993198
          ],
          [
            26226.7,
            66.718,
            -25693.8
          ]
        ],
        "unit_class": "dynaf_universal_1line_3000_a",
        "objLayer": 2,
        "props": {
          "army": 2,
          "active": false
        }
      },
      {
        "name": "ft_t2_airfield_01_02",
        "tm": [
          [
            0.984808,
            0.0,
            -0.173649
          ],
          [
            0.0,
            1.0,
            0.0
          ],
          [
            0.173649,
            0.0,
            0.984808
          ],
          [
            26576.2,
            69.9226,
            7566.17
          ]
        ],
        "unit_class": "dynaf_universal_1line_3000_a",
        "objLayer": 2,
        "props": {
          "army": 2,
          "active": false
        }
      },
      {
        "name": "ft_t2_airfield_01_03",
        "tm": [
          [
            0.973508,
            0.0,
            0.22865
          ],
          [
            0.0,
            1.0,
            0.0
          ],
          [
            -0.22865,
            0.0,
            0.973508
          ],
          [
            26591.5,
            185.784,
            25726.7
          ]
        ],
        "unit_class": "dynaf_universal_1line_3000_a",
        "objLayer": 2,
        "props": {
          "army": 2,
          "active": false
        }
      },
      {
        "name": "ft_t2_airfield_02_01",
        "tm": [
          [
            0.941804,
            0.0,
            0.336161
          ],
          [
            0.0,
            1.0,
            0.0
          ],
          [
            -0.336161,
            0.0,
            0.941804
          ],
          [
            19252.7,
            70.5134,
            -7590.14
          ]
        ],
        "unit_class": "dynaf_universal_1line_c",
        "objLayer": 2,
        "props": {
          "army": 2,
          "active": false
        }
      },
      {
        "name": "ft_t2_airfield_02_02",
        "tm": [
          [
            0.932046,
            0.0,
            0.362341
          ],
          [
            0.0,
            1.0,
            0.0
          ],
          [
            -0.362341,
            0.0,
            0.932046
          ],
          [
            19152.7,
            71.42,
            10846.5
          ]
        ],
        "unit_class": "dynaf_universal_1line_c",
        "objLayer": 2,
        "props": {
          "army": 2,
          "active": false
        }
      },
      {
        "name": "ft_t2_airfield_03_01",
        "tm": [
          [
            0.998669,
            0.0,
            -0.0515858
          ],
          [
            0.0,
            1.0,
            0.0
          ],
          [
            0.0515858,
            0.0,
            0.998669
          ],
          [
            11831.3,
            83.6885,
            -26952.0
          ]
        ],
        "unit_class": "dynaf_universal_1line_c",
        "objLayer": 2,
        "props": {
          "army": 2,
          "active": false
        }
      },
      {
        "name": "ft_t2_airfield_03_02",
        "tm": [
          [
            0.672243,
            0.0,
            0.740329
          ],
          [
            0.0,
            1.0,
            0.0
          ],
          [
            -0.740329,
            0.0,
            0.672243
          ],
          [
            12208.4,
            115.88,
            22098.9
          ]
        ],
        "unit_class": "dynaf_universal_1line_c",
        "objLayer": 2,
        "props": {
          "army": 2,
          "active": false
        }
      },
      {
        "name": "ft_t1_airfield_03_03",
        "tm": [
          [
            -0.921612,
            0.0,
            -0.388115
          ],
          [
            0.0,
            1.0,
            0.0
          ],
          [
            0.388115,
            0.0,
            -0.921612
          ],
          [
            -12860.0,
            210.605,
            -19021.2
          ]
        ],
        "unit_class": "dynaf_universal_1line_b",
        "objLayer": 2,
        "props": {
          "army": 1,
          "active": false
        }
      },
      {
        "name": "ft_t1_airfield_02_03",
        "tm": [
          [
            -0.999277,
            0.0,
            0.0379877
          ],
          [
            0.0,
            1.0,
            0.0
          ],
          [
            -0.0379877,
            0.0,
            -0.999277
          ],
          [
            -19935.6,
            430.427,
            -9936.6
          ]
        ],
        "unit_class": "dynaf_universal_1line_b",
        "objLayer": 2,
        "props": {
          "army": 1,
          "active": false
        }
      },
      {
        "name": "ft_t2_airfield_02_03",
        "tm": [
          [
            0.984808,
            0.0,
            -0.173648
          ],
          [
            0.0,
            1.0,
            0.0
          ],
          [
            0.173648,
            0.0,
            0.984808
          ],
          [
            18962.0,
            74.9468,
            1189.44
          ]
        ],
        "unit_class": "dynaf_universal_1line_c",
        "objLayer": 2,
        "props": {
          "army": 2,
          "active": false
        }
      },
      {
        "name": "ft_t2_airfield_03_03",
        "tm": [
          [
            0.995896,
            0.0,
            -0.090504
          ],
          [
            0.0,
            1.0,
            0.0
          ],
          [
            0.090504,
            0.0,
            0.995896
          ],
          [
            12185.8,
            73.5854,
            7754.83
          ]
        ],
        "unit_class": "dynaf_universal_1line_c",
        "objLayer": 2,
        "props": {
          "army": 2,
          "active": false
        }
      },
      {
        "name": "ft_t1_airfield_03_04",
        "tm": [
          [
            -0.957339,
            0.0,
            0.288969
          ],
          [
            0.0,
            1.0,
            0.0
          ],
          [
            -0.288969,
            0.0,
            -0.957339
          ],
          [
            -12511.7,
            148.064,
            27431.5
          ]
        ],
        "unit_class": "dynaf_universal_1line_b",
        "objLayer": 2,
        "props": {
          "army": 1,
          "active": false
        }
      },
      {
        "name": "ft_t1_airfield_03_05",
        "tm": [
          [
            -0.998906,
            0.0,
            0.0467865
          ],
          [
            0.0,
            1.0,
            0.0
          ],
          [
            -0.0467865,
            0.0,
            -0.998906
          ],
          [
            -11921.0,
            164.221,
            -7417.15
          ]
        ],
        "unit_class": "dynaf_universal_1line_b",
        "objLayer": 2,
        "props": {
          "army": 1,
          "active": false
        }
      },
      {
        "name": "ft_t1_airfield_01_04",
        "tm": [
          [
            -0.976295,
            0.0,
            0.216439
          ],
          [
            0.0,
            1.0,
            0.0
          ],
          [
            -0.216439,
            0.0,
            -0.976295
          ],
          [
            -26925.4,
            83.0,
            14204.9
          ]
        ],
        "unit_class": "dynaf_universal_1line_3000_a",
        "objLayer": 2,
        "props": {
          "army": 1,
          "active": false
        }
      },
      {
        "name": "ft_t1_airfield_01_05",
        "tm": [
          [
            -0.903084,
            0.0,
            0.429462
          ],
          [
            0.0,
            1.0,
            0.0
          ],
          [
            -0.429462,
            0.0,
            -0.903084
          ],
          [
            -27215.8,
            332.173,
            -10884.1
          ]
        ],
        "unit_class": "dynaf_universal_1line_3000_a",
        "objLayer": 2,
        "props": {
          "army": 1,
          "active": false
        }
      },
      {
        "name": "ft_t1_airfield_02_04",
        "tm": [
          [
            -0.992759,
            0.0,
            0.120114
          ],
          [
            0.0,
            1.0,
            0.0
          ],
          [
            -0.120114,
            0.0,
            -0.992759
          ],
          [
            -19602.4,
            169.607,
            742.95
          ]
        ],
        "unit_class": "dynaf_universal_1line_b",
        "objLayer": 2,
        "props": {
          "army": 1,
          "active": false
        }
      },
      {
        "name": "ft_t1_airfield_02_05",
        "tm": [
          [
            -0.924033,
            0.0,
            -0.382312
          ],
          [
            0.0,
            1.0,
            0.0
          ],
          [
            0.382312,
            0.0,
            -0.924033
          ],
          [
            -18403.3,
            87.95,
            19199.5
          ]
        ],
        "unit_class": "dynaf_universal_1line_b",
        "objLayer": 2,
        "props": {
          "army": 1,
          "active": false
        }
      },
      {
        "name": "ft_t2_airfield_03_04",
        "tm": [
          [
            0.997585,
            0.0,
            -0.0694675
          ],
          [
            0.0,
            1.0,
            0.0
          ],
          [
            0.0694675,
            0.0,
            0.997585
          ],
          [
            12465.0,
            109.513,
            -12510.5
          ]
        ],
        "unit_class": "dynaf_universal_1line_c",
        "objLayer": 2,
        "props": {
          "army": 2,
          "active": false
        }
      },
      {
        "name": "ft_t2_airfield_03_05",
        "tm": [
          [
            0.94754,
            0.0,
            -0.319638
          ],
          [
            0.0,
            1.0,
            0.0
          ],
          [
            0.319638,
            0.0,
            0.94754
          ],
          [
            12387.7,
            75.0991,
            -1138.07
          ]
        ],
        "unit_class": "dynaf_universal_1line_c",
        "objLayer": 2,
        "props": {
          "army": 2,
          "active": false
        }
      },
      {
        "name": "ft_t2_airfield_02_04",
        "tm": [
          [
            0.991433,
            0.0,
            -0.130614
          ],
          [
            0.0,
            1.0,
            0.0
          ],
          [
            0.130614,
            0.0,
            0.991433
          ],
          [
            18698.3,
            92.83,
            -21859.6
          ]
        ],
        "unit_class": "dynaf_universal_1line_c",
        "objLayer": 2,
        "props": {
          "army": 2,
          "active": false
        }
      },
      {
        "name": "ft_t2_airfield_02_05",
        "tm": [
          [
            0.952116,
            0.0,
            0.305738
          ],
          [
            0.0,
            1.0,
            0.0
          ],
          [
            -0.305738,
            0.0,
            0.952116
          ],
          [
            19925.1,
            124.493,
            21516.8
          ]
        ],
        "unit_class": "dynaf_universal_1line_c",
        "objLayer": 2,
        "props": {
          "army": 2,
          "active": false
        }
      },
      {
        "name": "ft_t2_airfield_01_04",
        "tm": [
          [
            0.99603,
            0.0,
            0.0890147
          ],
          [
            0.0,
            1.0,
            0.0
          ],
          [
            -0.0890147,
            0.0,
            0.99603
          ],
          [
            25960.1,
            68.8585,
            -16977.0
          ]
        ],
        "unit_class": "dynaf_universal_1line_3000_a",
        "objLayer": 2,
        "props": {
          "army": 2,
          "active": false
        }
      },
      {
        "name": "ft_t2_airfield_01_05",
        "tm": [
          [
            0.965884,
            0.0,
            0.258975
          ],
          [
            0.0,
            1.0,
            0.0
          ],
          [
            -0.258975,
            0.0,
            0.965884
          ],
          [
            25436.9,
            64.8855,
            -3893.53
          ]
        ],
        "unit_class": "dynaf_universal_1line_3000_a",
        "objLayer": 2,
        "props": {
          "army": 2,
          "active": false
        }
      }
    ],
    "squad": [
      {
        "name": "ft_t1_airfields_squad",
        "tm": [
          [
            -1.0,
            0.0,
            -5.96046e-8
          ],
          [
            0.0,
            1.0,
            0.0
          ],
          [
            5.96046e-8,
            0.0,
            -1.0
          ],
          [
            -15018.8,
            84.5117,
            39514.2
          ]
        ],
        "props": {
          "squad_members": [
            "ft_t1_airfield_01_01",
            "ft_t1_airfield_01_02",
            "ft_t1_airfield_01_03",
            "ft_t1_airfield_01_04",
            "ft_t1_airfield_01_05",
            "ft_t1_airfield_02_01",
            "ft_t1_airfield_02_02",
            "ft_t1_airfield_02_03",
            "ft_t1_airfield_02_04",
            "ft_t1_airfield_02_05",
            "ft_t1_airfield_03_01",
            "ft_t1_airfield_03_02",
            "ft_t1_airfield_03_03",
            "ft_t1_airfield_03_04",
            "ft_t1_airfield_03_05"
          ],
          "object_marking": 0
        }
      },
      {
        "name": "ft_t2_airfields_squad",
        "tm": [
          [
            -1.0,
            0.0,
            -5.96046e-8
          ],
          [
            0.0,
            1.0,
            0.0
          ],
          [
            5.96046e-8,
            0.0,
            -1.0
          ],
          [
            15596.1,
            80.2773,
            34444.6
          ]
        ],
        "props": {
          "squad_members": [
            "ft_t2_airfield_01_01",
            "ft_t2_airfield_01_02",
            "ft_t2_airfield_01_03",
            "ft_t2_airfield_01_04",
            "ft_t2_airfield_01_05",
            "ft_t2_airfield_02_01",
            "ft_t2_airfield_02_02",
            "ft_t2_airfield_02_03",
            "ft_t2_airfield_02_04",
            "ft_t2_airfield_02_05",
            "ft_t2_airfield_03_01",
            "ft_t2_airfield_03_02",
            "ft_t2_airfield_03_03",
            "ft_t2_airfield_03_04",
            "ft_t2_airfield_03_05"
          ],
          "object_marking": 0
        }
      }
    ]
  },
  "areas": {
    "ft_t2_airfield_01_01_bomb_zone": {
      "type": "Box",
      "tm": [
        [
          -3476.19,
          0.0,
          -407.522
        ],
        [
          0.0,
          450.0,
          0.0
        ],
        [
          174.65,
          0.0,
          -1489.8
        ],
        [
          26219.5,
          -47.2945,
          -25749.9
        ]
      ],
      "objLayer": 0,
      "props": {}
    },
    "ft_t2_airfield_01_02_bomb_zone": {
      "type": "Box",
      "tm": [
        [
          -3446.83,
          0.0,
          607.773
        ],
        [
          0.0,
          450.0,
          0.0
        ],
        [
          -260.474,
          0.0,
          -1477.21
        ],
        [
          26555.7,
          -59.7568,
          7559.94
        ]
      ],
      "objLayer": 0,
      "props": {}
    },
    "ft_t2_airfield_01_03_bomb_zone": {
      "type": "Box",
      "tm": [
        [
          -3406.15,
          0.0,
          -805.075
        ],
        [
          0.0,
          450.0,
          0.0
        ],
        [
          345.027,
          0.0,
          -1459.78
        ],
        [
          26638.7,
          53.5313,
          25722.0
        ]
      ],
      "objLayer": 0,
      "props": {}
    },
    "ft_t2_airfield_02_01_bomb_zone": {
      "type": "Box",
      "tm": [
        [
          -3301.81,
          0.0,
          -1161.06
        ],
        [
          0.0,
          450.0,
          0.0
        ],
        [
          497.588,
          0.0,
          -1415.06
        ],
        [
          19333.6,
          -69.281,
          -7603.74
        ]
      ],
      "objLayer": 0,
      "props": {}
    },
    "ft_t2_airfield_02_02_bomb_zone": {
      "type": "Box",
      "tm": [
        [
          -3269.73,
          0.0,
          -1248.54
        ],
        [
          0.0,
          450.0,
          0.0
        ],
        [
          535.09,
          0.0,
          -1401.31
        ],
        [
          19132.2,
          5.126,
          10865.1
        ]
      ],
      "objLayer": 0,
      "props": {}
    },
    "ft_t2_airfield_03_01_bomb_zone": {
      "type": "Box",
      "tm": [
        [
          -3496.43,
          0.0,
          158.038
        ],
        [
          0.0,
          450.0,
          0.0
        ],
        [
          -67.7338,
          0.0,
          -1498.47
        ],
        [
          11869.1,
          -6.3101,
          -26965.0
        ]
      ],
      "objLayer": 0,
      "props": {}
    },
    "ft_t2_airfield_03_02_bomb_zone": {
      "type": "Box",
      "tm": [
        [
          -2334.31,
          0.0,
          -2607.87
        ],
        [
          0.0,
          450.0,
          0.0
        ],
        [
          1117.66,
          0.0,
          -1000.42
        ],
        [
          12186.8,
          79.7164,
          22066.0
        ]
      ],
      "objLayer": 0,
      "props": {}
    },
    "ft_t1_airfield_01_01_bomb_zone": {
      "type": "Box",
      "tm": [
        [
          -3494.22,
          0.0,
          201.13
        ],
        [
          0.0,
          450.0,
          0.0
        ],
        [
          -86.1988,
          0.0,
          -1497.52
        ],
        [
          -26720.4,
          25.0,
          24404.4
        ]
      ],
      "objLayer": 0,
      "props": {}
    },
    "ft_t1_airfield_01_03_bomb_zone": {
      "type": "Box",
      "tm": [
        [
          -3401.07,
          0.0,
          -826.281
        ],
        [
          0.0,
          450.0,
          0.0
        ],
        [
          354.122,
          0.0,
          -1457.6
        ],
        [
          -26710.7,
          -25.5259,
          5554.52
        ]
      ],
      "objLayer": 0,
      "props": {}
    },
    "ft_t1_airfield_01_02_bomb_zone": {
      "type": "Box",
      "tm": [
        [
          -3359.43,
          0.0,
          -981.955
        ],
        [
          0.0,
          450.0,
          0.0
        ],
        [
          420.839,
          0.0,
          -1439.76
        ],
        [
          -26260.0,
          237.398,
          -25292.0
        ]
      ],
      "objLayer": 0,
      "props": {}
    },
    "ft_t1_airfield_02_01_bomb_zone": {
      "type": "Box",
      "tm": [
        [
          -3496.67,
          0.0,
          152.669
        ],
        [
          0.0,
          450.0,
          0.0
        ],
        [
          -65.4288,
          0.0,
          -1498.57
        ],
        [
          -18512.4,
          -17.1474,
          11734.4
        ]
      ],
      "objLayer": 0,
      "props": {}
    },
    "ft_t1_airfield_02_02_bomb_zone": {
      "type": "Box",
      "tm": [
        [
          -3213.57,
          0.0,
          -1386.71
        ],
        [
          0.0,
          450.0,
          0.0
        ],
        [
          594.304,
          0.0,
          -1377.24
        ],
        [
          -19023.0,
          247.699,
          -18596.1
        ]
      ],
      "objLayer": 0,
      "props": {}
    },
    "ft_t1_airfield_03_01_bomb_zone": {
      "type": "Box",
      "tm": [
        [
          -2870.36,
          0.0,
          2002.75
        ],
        [
          0.0,
          450.0,
          0.0
        ],
        [
          -858.321,
          0.0,
          -1230.16
        ],
        [
          -12191.6,
          29.4484,
          14164.2
        ]
      ],
      "objLayer": 0,
      "props": {}
    },
    "ft_t1_airfield_03_02_bomb_zone": {
      "type": "Box",
      "tm": [
        [
          -3499.89,
          0.0,
          -27.6245
        ],
        [
          0.0,
          450.0,
          0.0
        ],
        [
          11.8391,
          0.0,
          -1499.95
        ],
        [
          -12210.1,
          81.5774,
          3926.99
        ]
      ],
      "objLayer": 0,
      "props": {}
    },
    "ft_t1_airfield_01_01_spawn_01": {
      "type": "Point",
      "tm": [
        [
          -0.835861,
          0.0,
          0.548941
        ],
        [
          0.0,
          1.0,
          0.0
        ],
        [
          -0.548941,
          0.0,
          -0.835861
        ],
        [
          -26142.8,
          114.712,
          24881.4
        ]
      ],
      "objLayer": 0,
      "props": {}
    },
    "ft_t1_airfield_01_01_spawn_02": {
      "type": "Point",
      "tm": [
        [
          -0.835861,
          0.0,
          0.548941
        ],
        [
          0.0,
          1.0,
          0.0
        ],
        [
          -0.548941,
          0.0,
          -0.835861
        ],
        [
          -25719.3,
          119.733,
          23811.5
        ]
      ],
      "objLayer": 0,
      "props": {}
    },
    "ft_t1_airfield_01_01_spawn_03": {
      "type": "Point",
      "tm": [
        [
          -0.835861,
          0.0,
          0.548941
        ],
        [
          0.0,
          1.0,
          0.0
        ],
        [
          -0.548941,
          0.0,
          -0.835861
        ],
        [
          -26044.4,
          122.387,
          23753.2
        ]
      ],
      "objLayer": 0,
      "props": {}
    },
    "ft_t1_airfield_01_01_spawn_04": {
      "type": "Point",
      "tm": [
        [
          -0.880523,
          0.0,
          0.474002
        ],
        [
          0.0,
          1.0,
          0.0
        ],
        [
          -0.474002,
          0.0,
          -0.880523
        ],
        [
          -27507.1,
          112.972,
          23834.6
        ]
      ],
      "objLayer": 0,
      "props": {}
    },
    "ft_t1_airfield_01_01_spawn_05": {
      "type": "Point",
      "tm": [
        [
          -0.835861,
          0.0,
          0.548941
        ],
        [
          0.0,
          1.0,
          0.0
        ],
        [
          -0.548941,
          0.0,
          -0.835861
        ],
        [
          -25750.1,
          113.294,
          24838.6
        ]
      ],
      "objLayer": 0,
      "props": {}
    },
    "ft_t1_airfield_01_01_spawn_06": {
      "type": "Point",
      "tm": [
        [
          -0.835861,
          0.0,
          0.548941
        ],
        [
          0.0,
          1.0,
          0.0
        ],
        [
          -0.548941,
          0.0,
          -0.835861
        ],
        [
          -26287.4,
          123.933,
          23759.6
        ]
      ],
      "objLayer": 0,
      "props": {}
    },
    "ft_t1_airfield_01_01_spawn_07": {
      "type": "Point",
      "tm": [
        [
          -0.835861,
          0.0,
          0.548941
        ],
        [
          0.0,
          1.0,
          0.0
        ],
        [
          -0.548941,
          0.0,
          -0.835861
        ],
        [
          -26434.3,
          123.225,
          24843.1
        ]
      ],
      "objLayer": 0,
      "props": {}
    },
    "ft_t1_airfield_01_01_spawn_08": {
      "type": "Point",
      "tm": [
        [
          -0.835861,
          0.0,
          0.548941
        ],
        [
          0.0,
          1.0,
          0.0
        ],
        [
          -0.548941,
          0.0,
          -0.835861
        ],
        [
          -27330.9,
          124.254,
          24918.0
        ]
      ],
      "objLayer": 0,
      "props": {}
    },
    "ft_t1_airfield_01_01_spawn_09": {
      "type": "Point",
      "tm": [
        [
          -0.835861,
          0.0,
          0.548941
        ],
        [
          0.0,
          1.0,
          0.0
        ],
        [
          -0.548941,
          0.0,
          -0.835861
        ],
        [
          -26929.6,
          114.874,
          23863.4
        ]
      ],
      "objLayer": 0,
      "props": {}
    },
    "ft_t1_airfield_01_01_spawn_10": {
      "type": "Point",
      "tm": [
        [
          -0.835861,
          0.0,
          0.548941
        ],
        [
          0.0,
          1.0,
          0.0
        ],
        [
          -0.548941,
          0.0,
          -0.835861
        ],
        [
          -27175.4,
          118.839,
          23829.8
        ]
      ],
      "objLayer": 0,
      "props": {}
    },
    "ft_t1_airfield_01_01_spawn_11": {
      "type": "Point",
      "tm": [
        [
          -0.835861,
          0.0,
          0.548941
        ],
        [
          0.0,
          1.0,
          0.0
        ],
        [
          -0.548941,
          0.0,
          -0.835861
        ],
        [
          -26666.1,
          117.407,
          24849.5
        ]
      ],
      "objLayer": 0,
      "props": {}
    },
    "ft_t1_airfield_01_01_spawn_12": {
      "type": "Point",
      "tm": [
        [
          -0.835861,
          0.0,
          0.548941
        ],
        [
          0.0,
          1.0,
          0.0
        ],
        [
          -0.548941,
          0.0,
          -0.835861
        ],
        [
          -27007.6,
          123.247,
          24820.0
        ]
      ],
      "objLayer": 0,
      "props": {}
    },
    "ft_t1_airfield_01_01_spawn_13": {
      "type": "Point",
      "tm": [
        [
          -0.835861,
          0.0,
          0.548941
        ],
        [
          0.0,
          1.0,
          0.0
        ],
        [
          -0.548941,
          0.0,
          -0.835861
        ],
        [
          -26000.0,
          114.936,
          24863.8
        ]
      ],
      "objLayer": 0,
      "props": {}
    },
    "ft_t1_airfield_01_01_spawn_14": {
      "type": "Point",
      "tm": [
        [
          -0.835861,
          0.0,
          0.548941
        ],
        [
          0.0,
          1.0,
          0.0
        ],
        [
          -0.548941,
          0.0,
          -0.835861
        ],
        [
          -26630.1,
          119.539,
          23806.4
        ]
      ],
      "objLayer": 0,
      "props": {}
    },
    "ft_t1_airfield_01_02_spawn_01": {
      "type": "Point",
      "tm": [
        [
          -0.915617,
          0.0,
          0.402052
        ],
        [
          0.0,
          1.0,
          0.0
        ],
        [
          -0.402052,
          0.0,
          -0.915617
        ],
        [
          -26002.0,
          350.55,
          -25681.3
        ]
      ],
      "objLayer": 0,
      "props": {}
    },
    "ft_t1_airfield_01_02_spawn_02": {
      "type": "Point",
      "tm": [
        [
          -0.915617,
          0.0,
          0.402052
        ],
        [
          0.0,
          1.0,
          0.0
        ],
        [
          -0.402052,
          0.0,
          -0.915617
        ],
        [
          -25814.7,
          335.96,
          -24545.0
        ]
      ],
      "objLayer": 0,
      "props": {}
    },
    "ft_t1_airfield_01_02_spawn_03": {
      "type": "Point",
      "tm": [
        [
          -0.915617,
          0.0,
          0.402052
        ],
        [
          0.0,
          1.0,
          0.0
        ],
        [
          -0.402052,
          0.0,
          -0.915617
        ],
        [
          -25478.4,
          335.939,
          -24516.8
        ]
      ],
      "objLayer": 0,
      "props": {}
    },
    "ft_t1_airfield_01_02_spawn_04": {
      "type": "Point",
      "tm": [
        [
          -0.915617,
          0.0,
          0.402052
        ],
        [
          0.0,
          1.0,
          0.0
        ],
        [
          -0.402052,
          0.0,
          -0.915617
        ],
        [
          -26827.0,
          352.397,
          -24968.5
        ]
      ],
      "objLayer": 0,
      "props": {}
    },
    "ft_t1_airfield_01_02_spawn_05": {
      "type": "Point",
      "tm": [
        [
          -0.915617,
          0.0,
          0.402052
        ],
        [
          0.0,
          1.0,
          0.0
        ],
        [
          -0.402052,
          0.0,
          -0.915617
        ],
        [
          -26311.9,
          339.199,
          -25812.6
        ]
      ],
      "objLayer": 0,
      "props": {}
    },
    "ft_t1_airfield_01_02_spawn_06": {
      "type": "Point",
      "tm": [
        [
          -0.915617,
          0.0,
          0.402052
        ],
        [
          0.0,
          1.0,
          0.0
        ],
        [
          -0.402052,
          0.0,
          -0.915617
        ],
        [
          -25454.4,
          337.816,
          -25546.5
        ]
      ],
      "objLayer": 0,
      "props": {}
    },
    "ft_t1_airfield_01_02_spawn_07": {
      "type": "Point",
      "tm": [
        [
          -0.915617,
          0.0,
          0.402052
        ],
        [
          0.0,
          1.0,
          0.0
        ],
        [
          -0.402052,
          0.0,
          -0.915617
        ],
        [
          -25004.3,
          329.67,
          -25385.6
        ]
      ],
      "objLayer": 0,
      "props": {}
    },
    "ft_t1_airfield_01_02_spawn_08": {
      "type": "Point",
      "tm": [
        [
          -0.915617,
          0.0,
          0.402052
        ],
        [
          0.0,
          1.0,
          0.0
        ],
        [
          -0.402052,
          0.0,
          -0.915617
        ],
        [
          -26091.7,
          358.185,
          -24580.0
        ]
      ],
      "objLayer": 0,
      "props": {}
    },
    "ft_t1_airfield_01_02_spawn_09": {
      "type": "Point",
      "tm": [
        [
          -0.915617,
          0.0,
          0.402052
        ],
        [
          0.0,
          1.0,
          0.0
        ],
        [
          -0.402052,
          0.0,
          -0.915617
        ],
        [
          -27169.1,
          359.128,
          -25107.1
        ]
      ],
      "objLayer": 0,
      "props": {}
    },
    "ft_t1_airfield_01_02_spawn_10": {
      "type": "Point",
      "tm": [
        [
          -0.915617,
          0.0,
          0.402052
        ],
        [
          0.0,
          1.0,
          0.0
        ],
        [
          -0.402052,
          0.0,
          -0.915617
        ],
        [
          -25744.8,
          335.003,
          -25611.9
        ]
      ],
      "objLayer": 0,
      "props": {}
    },
    "ft_t1_airfield_01_02_spawn_11": {
      "type": "Point",
      "tm": [
        [
          -0.915617,
          0.0,
          0.402052
        ],
        [
          0.0,
          1.0,
          0.0
        ],
        [
          -0.402052,
          0.0,
          -0.915617
        ],
        [
          -26444.4,
          364.183,
          -24748.8
        ]
      ],
      "objLayer": 0,
      "props": {}
    },
    "ft_t1_airfield_01_02_spawn_12": {
      "type": "Point",
      "tm": [
        [
          -0.915617,
          0.0,
          0.402052
        ],
        [
          0.0,
          1.0,
          0.0
        ],
        [
          -0.402052,
          0.0,
          -0.915617
        ],
        [
          -26699.7,
          358.124,
          -24866.0
        ]
      ],
      "objLayer": 0,
      "props": {}
    },
    "ft_t1_airfield_01_02_spawn_13": {
      "type": "Point",
      "tm": [
        [
          -0.915617,
          0.0,
          0.402052
        ],
        [
          0.0,
          1.0,
          0.0
        ],
        [
          -0.402052,
          0.0,
          -0.915617
        ],
        [
          -26562.4,
          326.998,
          -25932.7
        ]
      ],
      "objLayer": 0,
      "props": {}
    },
    "ft_t1_airfield_01_02_spawn_14": {
      "type": "Point",
      "tm": [
        [
          -0.915617,
          0.0,
          0.402052
        ],
        [
          0.0,
          1.0,
          0.0
        ],
        [
          -0.402052,
          0.0,
          -0.915617
        ],
        [
          -26910.5,
          328.893,
          -26035.8
        ]
      ],
      "objLayer": 0,
      "props": {}
    },
    "ft_t1_airfield_01_03_spawn_01": {
      "type": "Point",
      "tm": [
        [
          -0.323004,
          0.0,
          -0.946397
        ],
        [
          0.0,
          1.0,
          0.0
        ],
        [
          0.946397,
          0.0,
          -0.323004
        ],
        [
          -26748.4,
          70.3758,
          4948.0
        ]
      ],
      "objLayer": 0,
      "props": {}
    },
    "ft_t1_airfield_01_03_spawn_02": {
      "type": "Point",
      "tm": [
        [
          -0.323004,
          0.0,
          -0.946397
        ],
        [
          0.0,
          1.0,
          0.0
        ],
        [
          0.946397,
          0.0,
          -0.323004
        ],
        [
          -27326.6,
          82.008,
          5826.87
        ]
      ],
      "objLayer": 0,
      "props": {}
    },
    "ft_t1_airfield_01_03_spawn_03": {
      "type": "Point",
      "tm": [
        [
          -0.323004,
          0.0,
          -0.946397
        ],
        [
          0.0,
          1.0,
          0.0
        ],
        [
          0.946397,
          0.0,
          -0.323004
        ],
        [
          -25810.8,
          71.0189,
