{
  "selected_tag": "",
  "bin_dump_file": "",
  "mission_settings": {
    "player": {
      "army": 1
    },
    "player_teamB": {
      "army": 2
    },
    "mission": {
      "level": "levels/air_smolensk.bin",
      "type": "domination",
      "environment": "Day",
      "weather": "hazy",
      "restoreType": "attempts",
      "optionalTakeOff": false
    }
  },
  "imports": {},
  "triggers": {
    "isCategory": true,
    "is_enabled": true
  },
  "mission_objectives": {
    "isCategory": true,
    "is_enabled": true
  },
  "variables": {},
  "dialogs": {},
  "airfields": {},
  "effects": {},
  "units": {
    "objectGroups": [
      {
        "name": "bdt_t2_bomb_object_01",
        "tm": [
          [
            -0.945052,
            0.0,
            -0.326913
          ],
          [
            0.0,
            1.0,
            0.0
          ],
          [
            0.326913,
            0.0,
            -0.945052
          ],
          [
            8682.72,
            125.8,
            3675.29
          ]
        ],
        "unit_class": "dynBase_hq_camp_square",
        "objLayer": 2,
        "props": {
          "army": 2,
          "active": false
        }
      },
      {
        "name": "bdt_t2_bomb_object_02",
        "tm": [
          [
            -0.956048,
            0.0,
            0.293219
          ],
          [
            0.0,
            1.0,
            0.0
          ],
          [
            -0.293219,
            0.0,
            -0.956048
          ],
          [
            -3856.56,
            175.9,
            10751.0
          ]
        ],
        "unit_class": "dynBase_fuel_storage_square",
        "objLayer": 2,
        "props": {
          "army": 2,
          "active": false
        }
      },
      {
        "name": "bdt_t2_bomb_object_03",
        "tm": [
          [
            -0.035782,
            0.0,
            -0.999362
          ],
          [
            0.0,
            1.0,
            0.0
          ],
          [
            0.999362,
            0.0,
            -0.035782
          ],
          [
            -8824.85,
            119.2,
            7954.11
          ]
        ],
        "unit_class": "dynBase_oil_storage_small_square",
        "objLayer": 2,
        "props": {
          "army": 2,
          "active": false
        }
      },
      {
        "name": "bdt_t1_bomb_object_01",
        "tm": [
          [
            -0.712812,
            0.0,
            -0.701355
          ],
          [
            0.0,
            1.0,
            0.0
          ],
          [
            0.701355,
            0.0,
            -0.712812
          ],
          [
            -711.018,
            104.4,
            -14701.1
          ]
        ],
        "unit_class": "dynBase_fuel_storage_square",
        "objLayer": 2,
        "props": {
          "army": 1,
          "active": false
        }
      },
      {
        "name": "bdt_t1_bomb_object_02",
        "tm": [
          [
            -0.0517106,
            0.0,
            -0.998661
          ],
          [
            0.0,
            1.0,
            0.0
          ],
          [
            0.998661,
            0.0,
            -0.0517106
          ],
          [
            5587.64,
            69.9498,
            -9336.55
          ]
        ],
        "unit_class": "dynBase_small_factory_square",
        "objLayer": 2,
        "props": {
          "army": 1,
          "active": false
        }
      },
      {
        "name": "bdt_t1_bomb_object_03",
        "tm": [
          [
            0.0529383,
            0.0,
            -0.998597
          ],
          [
            0.0,
            1.0,
            0.0
          ],
          [
            0.998597,
            0.0,
            0.0529383
          ],
          [
            -9539.2,
            175.25,
            -8326.85
          ]
        ],
        "unit_class": "dynBase_oil_storage_small_square",
        "objLayer": 2,
        "props": {
          "army": 1,
          "active": false
        }
      },
      {
        "name": "bdt_t2_bomb_object_04",
        "tm": [
          [
            -0.58663,
            0.0,
            -0.809855
          ],
          [
            0.0,
            1.0,
            0.0
          ],
          [
            0.809855,
            0.0,
            -0.58663
          ],
          [
            10766.2,
            123.75,
            7002.28
          ]
        ],
        "unit_class": "dynBase_small_factory_square",
        "objLayer": 2,
        "props": {
          "army": 2,
          "active": false
        }
      },
      {
        "name": "bdt_t1_bomb_object_04",
        "tm": [
          [
            -0.299923,
            0.0,
            -0.953964
          ],
          [
            0.0,
            1.0,
            0.0
          ],
          [
            0.953964,
            0.0,
            -0.299923
          ],
          [
            -13345.8,
            32.7498,
            -1110.5
          ]
        ],
        "unit_class": "dynBase_field_camp_square",
        "objLayer": 2,
        "props": {
          "army": 1,
          "active": false
        }
      },
      {
        "name": "bdt_t1_bomb_object_05",
        "tm": [
          [
            -0.299923,
            0.0,
            -0.953964
          ],
          [
            0.0,
            1.0,
            0.0
          ],
          [
            0.953964,
            0.0,
            -0.299923
          ],
          [
            -15344.6,
            50.8498,
            -4317.8
          ]
        ],
        "unit_class": "dynBase_military_base_square",
        "objLayer": 2,
        "props": {
          "army": 1,
          "active": false
        }
      },
      {
        "name": "bdt_t1_bomb_object_06",
        "tm": [
          [
            -0.299923,
            0.0,
            -0.953964
          ],
          [
            0.0,
            1.0,
            0.0
          ],
          [
            0.953964,
            0.0,
            -0.299923
          ],
          [
            -12911.8,
            186.0,
            -9059.55
          ]
        ],
        "unit_class": "dynBase_oil_storage_large_square",
        "objLayer": 2,
        "props": {
          "army": 1,
          "active": false
        }
      },
      {
        "name": "bdt_t1_bomb_object_07",
        "tm": [
          [
            -0.299923,
            0.0,
            -0.953964
          ],
          [
            0.0,
            1.0,
            0.0
          ],
          [
            0.953964,
            0.0,
            -0.299923
          ],
          [
            -11826.7,
            119.25,
            -4584.41
          ]
        ],
        "unit_class": "dynBase_oil_storage_large_square",
        "objLayer": 2,
        "props": {
          "army": 1,
          "active": false
        }
      },
      {
        "name": "bdt_t1_bomb_object_08",
        "tm": [
          [
            -0.712812,
            0.0,
            -0.701355
          ],
          [
            0.0,
            1.0,
            0.0
          ],
          [
            0.701355,
            0.0,
            -0.712812
          ],
          [
            5639.61,
            245.462,
            -12794.1
          ]
        ],
        "unit_class": "dynBase_small_factory_square",
        "objLayer": 2,
        "props": {
          "army": 1,
          "active": false
        }
      },
      {
        "name": "bdt_t1_bomb_object_09",
        "tm": [
          [
            -0.712812,
            0.0,
            -0.701355
          ],
          [
            0.0,
            1.0,
            0.0
          ],
          [
            0.701355,
            0.0,
            -0.712812
          ],
          [
            -4020.64,
            154.7,
            -11735.2
          ]
        ],
        "unit_class": "dynBase_petrol_camp_square",
        "objLayer": 2,
        "props": {
          "army": 1,
          "active": false
        }
      },
      {
        "name": "bdt_t1_bomb_object_10",
        "tm": [
          [
            -0.712812,
            0.0,
            -0.701355
          ],
          [
            0.0,
            1.0,
            0.0
          ],
          [
            0.701355,
            0.0,
            -0.712812
          ],
          [
            1770.94,
            100.15,
            -11326.8
          ]
        ],
        "unit_class": "dynBase_petrol_camp_square",
        "objLayer": 2,
        "props": {
          "army": 1,
          "active": false
        }
      },
      {
        "name": "bdt_t2_bomb_object_05",
        "tm": [
          [
            -0.58663,
            0.0,
            -0.809855
          ],
          [
            0.0,
            1.0,
            0.0
          ],
          [
            0.809855,
            0.0,
            -0.58663
          ],
          [
            11713.2,
            65.85,
            2538.75
          ]
        ],
        "unit_class": "dynBase_petrol_camp_square",
        "objLayer": 2,
        "props": {
          "army": 2,
          "active": false
        }
      },
      {
        "name": "bdt_t2_bomb_object_06",
        "tm": [
          [
            -0.137975,
            0.0,
            -0.990436
          ],
          [
            0.0,
            1.0,
            0.0
          ],
          [
            0.990436,
            0.0,
            -0.137975
          ],
          [
            9401.45,
            57.55,
            -2114.93
          ]
        ],
        "unit_class": "dynBase_military_base_square",
        "objLayer": 2,
        "props": {
          "army": 2,
          "active": false
        }
      },
      {
        "name": "bdt_t2_bomb_object_07",
        "tm": [
          [
            -0.58663,
            0.0,
            -0.809855
          ],
          [
            0.0,
            1.0,
            0.0
          ],
          [
            0.809855,
            0.0,
            -0.58663
          ],
          [
            6144.93,
            166.95,
            7843.28
          ]
        ],
        "unit_class": "dynBase_fuel_storage_square",
        "objLayer": 2,
        "props": {
          "army": 2,
          "active": false
        }
      },
      {
        "name": "bdt_t2_bomb_object_08",
        "tm": [
          [
            -0.035782,
            0.0,
            -0.999362
          ],
          [
            0.0,
            1.0,
            0.0
          ],
          [
            0.999362,
            0.0,
            -0.035782
          ],
          [
            -1607.86,
            179.95,
            13777.0
          ]
        ],
        "unit_class": "dynBase_ammunition_storage_square",
        "objLayer": 2,
        "props": {
          "army": 2,
          "active": false
        }
      },
      {
        "name": "bdt_t2_bomb_object_09",
        "tm": [
          [
            -0.035782,
            0.0,
            -0.999362
          ],
          [
            0.0,
            1.0,
            0.0
          ],
          [
            0.999362,
            0.0,
            -0.035782
          ],
          [
            -7988.01,
            154.3,
            11999.0
          ]
        ],
        "unit_class": "dynBase_field_camp_square",
        "objLayer": 2,
        "props": {
          "army": 2,
          "active": false
        }
      },
      {
        "name": "bdt_t2_bomb_object_10",
        "tm": [
          [
            -0.035782,
            0.0,
            -0.999362
          ],
          [
            0.0,
            1.0,
            0.0
          ],
          [
            0.999362,
            0.0,
            -0.035782
          ],
          [
            1948.75,
            157.9,
            9513.4
          ]
        ],
        "unit_class": "dynBase_oil_storage_small_square",
        "objLayer": 2,
        "props": {
          "army": 2,
          "active": false
        }
      }
    ]
  },
  "areas": {
    "bdt_t2_bomb_zone_01": {
      "type": "Sphere",
      "tm": [
        [
          -425.276,
          0.0,
          -147.112
        ],
        [
          0.0,
          450.0,
          0.0
        ],
        [
          147.112,
          0.0,
          -425.276
        ],
        [
          8682.83,
          170.303,
          3682.36
        ]
      ],
      "objLayer": 0,
      "props": {}
    },
    "bdt_t2_bomb_zone_02": {
      "type": "Sphere",
      "tm": [
        [
          -406.336,
          0.0,
          -193.371
        ],
        [
          0.0,
          450.0,
          0.0
        ],
        [
          193.371,
          0.0,
          -406.336
        ],
        [
          -3856.79,
          176.22,
          10729.3
        ]
      ],
      "objLayer": 0,
      "props": {}
    },
    "bdt_t2_bomb_zone_03": {
      "type": "Sphere",
      "tm": [
        [
          -16.104,
          0.0,
          -449.711
        ],
        [
          0.0,
          450.0,
          0.0
        ],
        [
          449.711,
          0.0,
          -16.104
        ],
        [
          -8816.41,
          119.15,
          7959.1
        ]
      ],
      "objLayer": 0,
      "props": {}
    },
    "bdt_t1_bomb_zone_01": {
      "type": "Sphere",
      "tm": [
        [
          -320.766,
          0.0,
          -315.608
        ],
        [
          0.0,
          450.0,
          0.0
        ],
        [
          315.608,
          0.0,
          -320.766
        ],
        [
          -717.618,
          104.442,
          -14712.0
        ]
      ],
      "objLayer": 0,
      "props": {}
    },
    "bdt_t1_bomb_zone_02": {
      "type": "Sphere",
      "tm": [
        [
          -119.986,
          0.0,
          -433.708
        ],
        [
          0.0,
          450.0,
          0.0
        ],
        [
          433.708,
          0.0,
          -119.986
        ],
        [
          5588.5,
          99.4017,
          -9341.15
        ]
      ],
      "objLayer": 0,
      "props": {}
    },
    "bdt_t1_bomb_zone_03": {
      "type": "Sphere",
      "tm": [
        [
          -148.966,
          0.0,
          -424.627
        ],
        [
          0.0,
          450.0,
          0.0
        ],
        [
          424.627,
          0.0,
          -148.966
        ],
        [
          -9540.52,
          175.119,
          -8332.35
        ]
      ],
      "objLayer": 0,
      "props": {}
    },
    "bdt_t2_bomb_zone_04": {
      "type": "Sphere",
      "tm": [
        [
          -263.984,
          0.0,
          -364.433
        ],
        [
          0.0,
          450.0,
          0.0
        ],
        [
          364.433,
          0.0,
          -263.984
        ],
        [
          10760.3,
          168.117,
          6997.06
        ]
      ],
      "objLayer": 0,
      "props": {}
    },
    "bdt_t1_bomb_zone_04": {
      "type": "Sphere",
      "tm": [
        [
          -148.966,
          0.0,
          -424.627
        ],
        [
          0.0,
          450.0,
          0.0
        ],
        [
          424.627,
          0.0,
          -148.966
        ],
        [
          -13340.5,
          32.7168,
          -1112.66
        ]
      ],
      "objLayer": 0,
      "props": {}
    },
    "bdt_t2_bomb_zone_01_aaa_point_01": {
      "type": "Point",
      "tm": [
        [
          -0.60123,
          0.0,
          -0.799074
        ],
        [
          0.0,
          1.0,
          0.0
        ],
        [
          0.799074,
          0.0,
          -0.60123
        ],
        [
          8487.88,
          172.436,
          3795.54
        ]
      ],
      "objLayer": 0,
      "props": {}
    },
    "bdt_t2_bomb_zone_01_aaa_point_02": {
      "type": "Point",
      "tm": [
        [
          -0.60123,
          0.0,
          -0.799074
        ],
        [
          0.0,
          1.0,
          0.0
        ],
        [
          0.799074,
          0.0,
          -0.60123
        ],
        [
          8971.42,
          172.062,
          3636.5
        ]
      ],
      "objLayer": 0,
      "props": {}
    },
    "bdt_t2_bomb_zone_01_aaa_point_03": {
      "type": "Point",
      "tm": [
        [
          -0.60123,
          0.0,
          -0.799074
        ],
        [
          0.0,
          1.0,
          0.0
        ],
        [
          0.799074,
          0.0,
          -0.60123
        ],
        [
          8906.48,
          170.644,
          3536.76
        ]
      ],
      "objLayer": 0,
      "props": {}
    },
    "bdt_t2_bomb_zone_01_aaa_point_04": {
      "type": "Point",
      "tm": [
        [
          -0.60123,
          0.0,
          -0.799074
        ],
        [
          0.0,
          1.0,
          0.0
        ],
        [
          0.799074,
          0.0,
          -0.60123
        ],
        [
          8693.97,
          166.906,
          3215.17
        ]
      ],
      "objLayer": 0,
      "props": {}
    },
    "bdt_t2_bomb_zone_02_aaa_point_01": {
      "type": "Point",
      "tm": [
        [
          -0.508896,
          0.0,
          -0.860826
        ],
        [
          0.0,
          1.0,
          0.0
        ],
        [
          0.860826,
          0.0,
          -0.508896
        ],
        [
          -3884.27,
          173.58,
          10976.3
        ]
      ],
      "objLayer": 0,
      "props": {}
    },
    "bdt_t2_bomb_zone_02_aaa_point_02": {
      "type": "Point",
      "tm": [
        [
          -0.508896,
          0.0,
          -0.860826
        ],
        [
          0.0,
          1.0,
          0.0
        ],
        [
          0.860826,
          0.0,
          -0.508896
        ],
        [
          -3613.83,
          175.42,
          10510.0
        ]
      ],
      "objLayer": 0,
      "props": {}
    },
    "bdt_t2_bomb_zone_02_aaa_point_03": {
      "type": "Point",
      "tm": [
        [
          -0.508896,
          0.0,
          -0.860826
        ],
        [
          0.0,
          1.0,
          0.0
        ],
        [
          0.860826,
          0.0,
          -0.508896
        ],
        [
          -3631.6,
          179.23,
          10894.9
        ]
      ],
      "objLayer": 0,
      "props": {}
    },
    "bdt_t2_bomb_zone_02_aaa_point_04": {
      "type": "Point",
      "tm": [
        [
          -0.508896,
          0.0,
          -0.860826
        ],
        [
          0.0,
          1.0,
          0.0
        ],
        [
          0.860826,
          0.0,
          -0.508896
        ],
        [
          -4005.49,
          173.51,
          10554.6
        ]
      ],
      "objLayer": 0,
      "props": {}
    },
    "bdt_t2_bomb_zone_03_aaa_point_01": {
      "type": "Point",
      "tm": [
        [
          -0.508896,
          0.0,
          -0.860826
        ],
        [
          0.0,
          1.0,
          0.0
        ],
        [
          0.860826,
          0.0,
          -0.508896
        ],
        [
          -9094.32,
          121.95,
          8066.58
        ]
      ],
      "objLayer": 0,
      "props": {}
    },
    "bdt_t2_bomb_zone_03_aaa_point_02": {
      "type": "Point",
      "tm": [
        [
          -0.508896,
          0.0,
          -0.860826
        ],
        [
          0.0,
          1.0,
          0.0
        ],
        [
          0.860826,
          0.0,
          -0.508896
        ],
        [
          -8639.27,
          115.89,
          7726.19
        ]
      ],
      "objLayer": 0,
      "props": {}
    },
    "bdt_t2_bomb_zone_03_aaa_point_03": {
      "type": "Point",
      "tm": [
        [
          -0.508896,
          0.0,
          -0.860826
        ],
        [
          0.0,
          1.0,
          0.0
        ],
        [
          0.860826,
          0.0,
          -0.508896
        ],
        [
          -8498.6,
          116.28,
          7999.51
        ]
      ],
      "objLayer": 0,
      "props": {}
    },
    "bdt_t2_bomb_zone_03_aaa_point_04": {
      "type": "Point",
      "tm": [
        [
          -0.508896,
          0.0,
          -0.860826
        ],
        [
          0.0,
          1.0,
          0.0
        ],
        [
          0.860826,
          0.0,
          -0.508896
        ],
        [
          -8937.09,
          121.81,
          8233.73
        ]
      ],
      "objLayer": 0,
      "props": {}
    },
    "bdt_t2_bomb_zone_04_aaa_point_01": {
      "type": "Point",
      "tm": [
        [
          -0.60123,
          0.0,
          -0.799074
        ],
        [
          0.0,
          1.0,
          0.0
        ],
        [
          0.799074,
          0.0,
          -0.60123
        ],
        [
          10800.8,
          163.97,
          6667.25
        ]
      ],
      "objLayer": 0,
      "props": {}
    },
    "bdt_t2_bomb_zone_04_aaa_point_02": {
      "type": "Point",
      "tm": [
        [
          -0.60123,
          0.0,
          -0.799074
        ],
        [
          0.0,
          1.0,
          0.0
        ],
        [
          0.799074,
          0.0,
          -0.60123
        ],
        [
          11058.5,
          163.731,
          7045.63
        ]
      ],
      "objLayer": 0,
      "props": {}
    },
    "bdt_t2_bomb_zone_04_aaa_point_03": {
      "type": "Point",
      "tm": [
        [
          -0.60123,
          0.0,
          -0.799074
        ],
        [
          0.0,
          1.0,
          0.0
        ],
        [
          0.799074,
          0.0,
          -0.60123
        ],
        [
          10498.4,
          163.574,
          7047.0
        ]
      ],
      "objLayer": 0,
      "props": {}
    },
    "bdt_t2_bomb_zone_04_aaa_point_04": {
      "type": "Point",
      "tm": [
        [
          -0.60123,
          0.0,
          -0.799074
        ],
        [
          0.0,
          1.0,
          0.0
        ],
        [
          0.799074,
          0.0,
          -0.60123
        ],
        [
          10665.6,
          123.829,
          7225.17
        ]
      ],
      "objLayer": 0,
      "props": {}
    },
    "bdt_t1_bomb_zone_01_aaa_point_01": {
      "type": "Point",
      "tm": [
        [
          -0.199434,
          0.0,
          -0.97991
        ],
        [
          0.0,
          1.0,
          0.0
        ],
        [
          0.97991,
          0.0,
          -0.199434
        ],
        [
          -759.568,
          107.824,
          -14963.1
        ]
      ],
      "objLayer": 0,
      "props": {}
    },
    "bdt_t1_bomb_zone_01_aaa_point_02": {
      "type": "Point",
      "tm": [
        [
          -0.199434,
          0.0,
          -0.97991
        ],
        [
          0.0,
          1.0,
          0.0
        ],
        [
          0.97991,
          0.0,
          -0.199434
        ],
        [
          -608.788,
          101.771,
          -14483.4
        ]
      ],
      "objLayer": 0,
      "props": {}
    },
    "bdt_t1_bomb_zone_01_aaa_point_03": {
      "type": "Point",
      "tm": [
        [
          -0.199434,
          0.0,
          -0.97991
        ],
        [
          0.0,
          1.0,
          0.0
        ],
        [
          0.97991,
          0.0,
          -0.199434
        ],
        [
          -938.628,
          117.303,
          -14637.3
        ]
      ],
      "objLayer": 0,
      "props": {}
    },
    "bdt_t1_bomb_zone_01_aaa_point_04": {
      "type": "Point",
      "tm": [
        [
          -0.199434,
          0.0,
          -0.97991
        ],
        [
          0.0,
          1.0,
          0.0
        ],
        [
          0.97991,
          0.0,
          -0.199434
        ],
        [
          -780.928,
          110.541,
          -14471.9
        ]
      ],
      "objLayer": 0,
      "props": {}
    },
    "bdt_t1_bomb_zone_02_aaa_point_01": {
      "type": "Point",
      "tm": [
        [
          -0.199434,
          0.0,
          -0.97991
        ],
        [
          0.0,
          1.0,
          0.0
        ],
        [
          0.97991,
          0.0,
          -0.199434
        ],
        [
          5726.55,
          97.1427,
          -9573.75
        ]
      ],
      "objLayer": 0,
      "props": {}
    },
    "bdt_t1_bomb_zone_02_aaa_point_02": {
      "type": "Point",
      "tm": [
        [
          -0.199434,
          0.0,
          -0.97991
        ],
        [
          0.0,
          1.0,
          0.0
        ],
        [
          0.97991,
          0.0,
          -0.199434
        ],
        [
          5852.73,
          166.704,
          -9312.35
        ]
      ],
      "objLayer": 0,
      "props": {}
    },
    "bdt_t1_bomb_zone_02_aaa_point_03": {
      "type": "Point",
      "tm": [
        [
          -0.199434,
          0.0,
          -0.97991
        ],
        [
          0.0,
          1.0,
          0.0
        ],
        [
          0.97991,
          0.0,
          -0.199434
        ],
        [
          5164.36,
          127.826,
          -9189.35
        ]
      ],
      "objLayer": 0,
      "props": {}
    },
    "bdt_t1_bomb_zone_02_aaa_point_04": {
      "type": "Point",
      "tm": [
        [
          -0.199434,
          0.0,
          -0.97991
        ],
        [
          0.0,
          1.0,
          0.0
        ],
        [
          0.97991,
          0.0,
          -0.199434
        ],
        [
          5689.34,
          175.476,
          -9027.85
        ]
      ],
      "objLayer": 0,
      "props": {}
    },
    "bdt_t1_bomb_zone_03_aaa_point_01": {
      "type": "Point",
      "tm": [
        [
          -0.306885,
          0.0,
          -0.951746
        ],
        [
          0.0,
          1.0,
          0.0
        ],
        [
          0.951746,
          0.0,
          -0.306885
        ],
        [
          -9699.15,
          179.49,
          -8068.67
        ]
      ],
      "objLayer": 0,
      "props": {}
    },
    "bdt_t1_bomb_zone_03_aaa_point_02": {
      "type": "Point",
      "tm": [
        [
          -0.306885,
          0.0,
          -0.951746
        ],
        [
          0.0,
          1.0,
          0.0
        ],
        [
          0.951746,
          0.0,
          -0.306885
        ],
        [
          -9403.28,
          172.172,
          -8531.85
        ]
      ],
      "objLayer": 0,
      "props": {}
    },
    "bdt_t1_bomb_zone_03_aaa_point_03": {
      "type": "Point",
      "tm": [
        [
          -0.306885,
          0.0,
          -0.951746
        ],
        [
          0.0,
          1.0,
          0.0
        ],
        [
          0.951746,
          0.0,
          -0.306885
        ],
        [
          -9256.36,
          178.939,
          -8293.64
        ]
      ],
      "objLayer": 0,
      "props": {}
    },
    "bdt_t1_bomb_zone_03_aaa_point_04": {
      "type": "Point",
      "tm": [
        [
          -0.306885,
          0.0,
          -0.951746
        ],
        [
          0.0,
          1.0,
          0.0
        ],
        [
          0.951746,
          0.0,
          -0.306885
        ],
        [
          -9768.81,
          176.733,
          -8458.65
        ]
      ],
      "objLayer": 0,
      "props": {}
    },
    "bdt_t1_bomb_zone_04_aaa_point_01": {
      "type": "Point",
      "tm": [
        [
          -0.306885,
          0.0,
          -0.951746
        ],
        [
          0.0,
          1.0,
          0.0
        ],
        [
          0.951746,
          0.0,
          -0.306885
        ],
        [
          -13556.2,
          34.9068,
          -1344.74
        ]
      ],
      "objLayer": 0,
      "props": {}
    },
    "bdt_t1_bomb_zone_04_aaa_point_02": {
      "type": "Point",
      "tm": [
        [
          -0.306885,
          0.0,
          -0.951746
        ],
        [
          0.0,
          1.0,
          0.0
        ],
        [
          0.951746,
          0.0,
          -0.306885
        ],
        [
          -13235.1,
          32.8338,
          -1342.35
        ]
      ],
      "objLayer": 0,
      "props": {}
    },
    "bdt_t1_bomb_zone_04_aaa_point_03": {
      "type": "Point",
      "tm": [
        [
          -0.306885,
          0.0,
          -0.951746
        ],
        [
          0.0,
          1.0,
          0.0
        ],
        [
          0.951746,
          0.0,
          -0.306885
        ],
        [
          -13615.5,
          33.7617,
          -1017.66
        ]
      ],
      "objLayer": 0,
      "props": {}
    },
    "bdt_t1_bomb_zone_04_aaa_point_04": {
      "type": "Point",
      "tm": [
        [
          -0.306885,
          0.0,
          -0.951746
        ],
        [
          0.0,
          1.0,
          0.0
        ],
        [
          0.951746,
          0.0,
          -0.306885
        ],
        [
          -13033.5,
          32.1748,
          -1047.45
        ]
      ],
      "objLayer": 0,
      "props": {}
    },
    "bdt_t1_bomb_zone_05": {
      "type": "Sphere",
      "tm": [
        [
          -148.966,
          0.0,
          -424.627
        ],
        [
          0.0,
          450.0,
          0.0
        ],
        [
          424.627,
          0.0,
          -148.966
        ],
        [
          -15339.0,
          50.8718,
          -4319.92
        ]
      ],
      "objLayer": 0,
      "props": {}
    },
    "bdt_t1_bomb_zone_06": {
      "type": "Sphere",
      "tm": [
        [
          -148.966,
          0.0,
          -424.627
        ],
        [
          0.0,
          450.0,
          0.0
        ],
        [
          424.627,
          0.0,
          -148.966
        ],
        [
          -12906.4,
          186.058,
          -9061.75
        ]
      ],
      "objLayer": 0,
      "props": {}
    },
    "bdt_t1_bomb_zone_07": {
      "type": "Sphere",
      "tm": [
        [
          -148.966,
          0.0,
          -424.627
        ],
        [
          0.0,
          450.0,
          0.0
        ],
        [
          424.627,
          0.0,
          -148.966
        ],
        [
          -11821.2,
          119.365,
          -4586.63
        ]
      ],
      "objLayer": 0,
      "props": {}
    },
    "bdt_t1_bomb_zone_08": {
      "type": "Sphere",
      "tm": [
        [
          -320.766,
          0.0,
          -315.608
        ],
        [
          0.0,
          450.0,
          0.0
        ],
        [
          315.608,
          0.0,
          -320.766
        ],
        [
          5632.94,
          92.3998,
          -12804.9
        ]
      ],
      "objLayer": 0,
      "props": {}
    },
    "bdt_t1_bomb_zone_09": {
      "type": "Sphere",
      "tm": [
        [
          -320.766,
          0.0,
          -315.608
        ],
        [
          0.0,
          450.0,
          0.0
        ],
        [
          315.608,
          0.0,
          -320.766
        ],
        [
          -4027.16,
          154.991,
          -11745.8
        ]
      ],
      "objLayer": 0,
      "props": {}
    },
    "bdt_t1_bomb_zone_10": {
      "type": "Sphere",
      "tm": [
        [
          -320.766,
          0.0,
          -315.608
        ],
        [
          0.0,
          450.0,
          0.0
        ],
        [
          315.608,
          0.0,
          -320.766
        ],
        [
          1764.28,
          133.255,
          -11337.6
        ]
      ],
      "objLayer": 0,
      "props": {}
    },
    "bdt_t1_bomb_zone_05_aaa_point_01": {
      "type": "Point",
      "tm": [
        [
          -0.306885,
          0.0,
          -0.951746
        ],
        [
          0.0,
          1.0,
          0.0
        ],
        [
          0.951746,
          0.0,
          -0.306885
        ],
        [
          -15233.6,
          51.1298,
          -4067.0
        ]
      ],
      "objLayer": 0,
      "props": {}
    },
    "bdt_t1_bomb_zone_05_aaa_point_02": {
      "type": "Point",
      "tm": [
        [
          -0.306885,
          0.0,
          -0.951746
        ],
        [
          0.0,
          1.0,
          0.0
        ],
        [
          0.951746,
          0.0,
          -0.306885
        ],
        [
          -15388.5,
          50.2288,
          -4172.53
        ]
      ],
      "objLayer": 0,
      "props": {}
    },
    "bdt_t1_bomb_zone_05_aaa_point_03": {
      "type": "Point",
      "tm": [
        [
          -0.306885,
          0.0,
          -0.951746
        ],
        [
          0.0,
          1.0,
          0.0
        ],
        [
          0.951746,
          0.0,
          -0.306885
        ],
        [
          -15459.8,
          51.4387,
          -4581.05
        ]
      ],
      "objLayer": 0,
      "props": {}
    },
    "bdt_t1_bomb_zone_05_aaa_point_04": {
      "type": "Point",
      "tm": [
        [
          -0.306885,
          0.0,
          -0.951746
        ],
        [
          0.0,
          1.0,
          0.0
        ],
        [
          0.951746,
          0.0,
          -0.306885
        ],
        [
          -15225.2,
          52.1408,
          -4573.07
        ]
      ],
      "objLayer": 0,
      "props": {}
    },
    "bdt_t1_bomb_zone_06_aaa_point_01": {
      "type": "Point",
      "tm": [
        [
          -0.306885,
          0.0,
          -0.951746
        ],
        [
          0.0,
          1.0,
          0.0
        ],
        [
          0.951746,
          0.0,
          -0.306885
        ],
        [
          -13122.7,
          181.35,
          -8802.85
        ]
      ],
      "objLayer": 0,
      "props": {}
    },
    "bdt_t1_bomb_zone_06_aaa_point_02": {
      "type": "Point",
      "tm": [
        [
          -0.306885,
          0.0,
          -0.951746
        ],
        [
          0.0,
          1.0,
          0.0
        ],
        [
          0.951746,
          0.0,
          -0.306885
        ],
        [
          -12867.0,
          183.608,
          -8739.45
        ]
      ],
      "objLayer": 0,
      "props": {}
    },
    "bdt_t1_bomb_zone_06_aaa_point_03": {
      "type": "Point",
      "tm": [
        [
          -0.306885,
          0.0,
          -0.951746
        ],
        [
          0.0,
          1.0,
          0.0
        ],
        [
          0.951746,
          0.0,
          -0.306885
        ],
        [
          -12615.5,
          187.583,
          -9166.15
        ]
      ],
      "objLayer": 0,
      "props": {}
    },
    "bdt_t1_bomb_zone_06_aaa_point_04": {
      "type": "Point",
      "tm": [
        [
          -0.306885,
          0.0,
          -0.951746
        ],
        [
          0.0,
          1.0,
          0.0
        ],
        [
          0.951746,
          0.0,
          -0.306885
        ],
        [
          -13112.7,
          183.357,
          -9276.35
        ]
      ],
      "objLayer": 0,
      "props": {}
    },
    "bdt_t1_bomb_zone_07_aaa_point_01": {
      "type": "Point",
      "tm": [
        [
          -0.306885,
          0.0,
          -0.951746
        ],
        [
          0.0,
          1.0,
          0.0
        ],
        [
          0.951746,
          0.0,
          -0.306885
        ],
        [
          -11618.0,
          120.667,
          -4809.14
        ]
      ],
      "objLayer": 0,
      "props": {}
    },
    "bdt_t1_bomb_zone_07_aaa_point_02": {
      "type": "Point",
      "tm": [
        [
          -0.306885,
          0.0,
          -0.951746
        ],
        [
          0.0,
          1.0,
          0.0
        ],
        [
          0.951746,
          0.0,
          -0.306885
        ],
        [
          -12052.8,
          113.371,
          -4325.89
        ]
      ],
      "objLayer": 0,
      "props": {}
    },
    "bdt_t1_bomb_zone_07_aaa_point_03": {
      "type": "Point",
      "tm": [
        [
          -0.306885,
          0.0,
          -0.951746
        ],
        [
          0.0,
          1.0,
          0.0
        ],
        [
          0.951746,
          0.0,
          -0.306885
        ],
        [
          -12061.0,
          108.508,
          -4821.95
        ]
      ],
      "objLayer": 0,
      "props": {}
    },
    "bdt_t1_bomb_zone_07_aaa_point_04": {
      "type": "Point",
      "tm": [
        [
          -0.306885,
          0.0,
          -0.951746
        ],
        [
          0.0,
          1.0,
          0.0
        ],
        [
          0.951746,
          0.0,
          -0.306885
        ],
        [
          -11426.5,
          117.936,
          -4511.8
        ]
      ],
      "objLayer": 0,
      "props": {}
    },
    "bdt_t1_bomb_zone_08_aaa_point_01": {
      "type": "Point",
      "tm": [
        [
          -0.199434,
          0.0,
          -0.97991
        ],
        [
          0.0,
          1.0,
          0.0
        ],
        [
          0.97991,
          0.0,
          -0.199434
        ],
        [
          5943.29,
          220.662,
          -12789.0
        ]
      ],
      "objLayer": 0,
      "props": {}
    },
    "bdt_t1_bomb_zone_08_aaa_point_02": {
      "type": "Point",
      "tm": [
        [
          -0.199434,
          0.0,
          -0.97991
        ],
        [
          0.0,
          1.0,
          0.0
        ],
        [
          0.97991,
          0.0,
          -0.199434
        ],
        [
          5578.72,
          278.021,
          -12503.8
        ]
      ],
      "objLayer": 0,
      "props": {}
    },
    "bdt_t1_bomb_zone_08_aaa_point_03": {
      "type": "Point",
      "tm": [
        [
          -0.199434,
          0.0,
          -0.97991
        ],
        [
          0.0,
          1.0,
          0.0
        ],
        [
          0.97991,
          0.0,
          -0.199434
        ],
        [
          5275.26,
          275.593,
          -12794.5
        ]
      ],
      "objLayer": 0,
      "props": {}
    },
    "bdt_t1_bomb_zone_08_aaa_point_04": {
      "type": "Point",
      "tm": [
        [
          -0.199434,
          0.0,
          -0.97991
        ],
        [
          0.0,
          1.0,
          0.0
        ],
        [
          0.97991,
          0.0,
          -0.199434
        ],
        [
          5584.43,
          278.709,
          -13072.8
        ]
      ],
      "objLayer": 0,
      "props": {}
    },
    "bdt_t1_bomb_zone_09_aaa_point_01": {
      "type": "Point",
      "tm": [
        [
          -0.199434,
          0.0,
          -0.97991
        ],
        [
          0.0,
          1.0,
          0.0
        ],
        [
          0.97991,
          0.0,
          -0.199434
        ],
        [
          -3857.47,
          154.682,
          -11331.2
        ]
      ],
      "objLayer": 0,
      "props": {}
    },
    "bdt_t1_bomb_zone_09_aaa_point_02": {
      "type": "Point",
      "tm": [
        [
          -0.199434,
          0.0,
          -0.97991
        ],
        [
          0.0,
          1.0,
          0.0
        ],
        [
          0.97991,
          0.0,
          -0.199434
        ],
        [
          -4331.39,
          146.17,
          -11470.5
        ]
      ],
      "objLayer": 0,
      "props": {}
    },
    "bdt_t1_bomb_zone_09_aaa_point_03": {
      "type": "Point",
      "tm": [
        [
          -0.199434,
          0.0,
          -0.97991
        ],
        [
          0.0,
          1.0,
          0.0
        ],
        [
          0.97991,
          0.0,
          -0.199434
        ],
        [
          -3530.69,
          160.377,
          -11780.0
        ]
      ],
      "objLayer": 0,
      "props": {}
    },
    "bdt_t1_bomb_zone_09_aaa_point_04": {
      "type": "Point",
      "tm": [
        [
          -0.199434,
          0.0,
          -0.97991
        ],
        [
          0.0,
          1.0,
          0.0
        ],
        [
          0.97991,
