{
  "selected_tag": "",
  "bin_dump_file": "",
  "mission_settings": {
    "player": {
      "army": 1,
      "wing": "ft_armada"
    },
    "player_teamB": {
      "army": 2
    },
    "mission": {
      "level": "levels/water.bin",
      "type": "singleMission",
      "environment": "Day",
      "weather": "hazy",
      "restoreType": "attempts",
      "optionalTakeOff": false
    },
    "spectator_points": []
  },
  "imports": [],
  "triggers": {
    "isCategory": true,
    "is_enabled": true,
    "fields_high_start": {
      "is_enabled": true,
      "comments": "",
      "props": {
        "actionsType": "PERFORM_ONE_BY_ONE",
        "conditionsType": "ALL",
        "enableAfterComplete": false
      },
      "events": {
        "initMission": []
      },
      "conditions": [],
      "actions": [
        {
          "varSetInt": [
            {
              "value": 0
            },
            {
              "var": "ft_t1_max_near_airfields_count"
            },
            {
              "var": "ft_t2_max_near_airfields_count"
            }
          ]
        },
        {
          "varSetInt": [
            {
              "value": 0
            },
            {
              "var": "ft_t1_max_mid_airfields_count"
            },
            {
              "var": "ft_t2_max_mid_airfields_count"
            }
          ]
        },
        {
          "varSetInt": [
            {
              "value": 3
            },
            {
              "var": "ft_t1_max_far_airfields_count"
            },
            {
              "var": "ft_t2_max_far_airfields_count"
            }
          ]
        },
        {
          "comment": {
            "value": ""
          }
        },
        {
          "varSetReal": {
            "value": 10000.0,
            "var": "ft_generate_distance_between"
          }
        }
      ],
      "else_actions": []
    }
  },
  "mission_objectives": {
    "isCategory": true,
    "is_enabled": true
  },
  "variables": [],
  "dialogs": [],
  "airfields": [],
  "effects": [],
  "units": [
    {
      "objectGroups": {
        "name": "ft_t1_airfield_01_01",
        "tm": [
          [-0.991445,0.0,-0.130526],
          [0.0,1.0,0.0],
          [0.130526,0.0,-0.991445],
          [-25852.6,192.436,17874.5]
        ],
        "unit_class": "dynaf_universal_1line_3000_a",
        "objLayer": 2,
        "props": {
          "army": 1,
          "active": false
        }
      }
    },
    {
      "objectGroups": {
        "name": "ft_t1_airfield_01_02",
        "tm": [
          [-0.994476,0.0,-0.104959],
          [0.0,1.0,0.0],
          [0.104959,0.0,-0.994476],
          [-25074.5,151.951,-2647.62]
        ],
        "unit_class": "dynaf_universal_1line_3000_a",
        "objLayer": 2,
        "props": {
          "army": 1,
          "active": false
        }
      }
    },
    {
      "objectGroups": {
        "name": "ft_t1_airfield_01_03",
        "tm": [
          [-0.957541,0.0,-0.288295],
          [0.0,1.0,0.0],
          [0.288295,0.0,-0.957541],
          [-25962.1,62.6328,-27013.0]
        ],
        "unit_class": "dynaf_universal_1line_3000_a",
        "objLayer": 2,
        "props": {
          "army": 1,
          "active": false
        }
      }
    },
    {
      "objectGroups": {
        "name": "ft_t1_airfield_02_01",
        "tm": [
          [-0.994761,0.0,-0.102227],
          [0.0,1.0,0.0],
          [0.102227,0.0,-0.994761],
          [-20973.0,128.092,7346.52]
        ],
        "unit_class": "dynaf_universal_1line_3000_a",
        "objLayer": 2,
        "props": {
          "army": 1,
          "active": false
        }
      }
    },
    {
      "objectGroups": {
        "name": "ft_t1_airfield_02_02",
        "tm": [
          [-0.999865,0.0,-0.0163627],
          [0.0,1.0,0.0],
          [0.0163627,0.0,-0.999865],
          [-19995.3,212.694,26604.1]
        ],
        "unit_class": "dynaf_universal_1line_3000_a",
        "objLayer": 2,
        "props": {
          "army": 1,
          "active": false
        }
      }
    },
    {
      "objectGroups": {
        "name": "ft_t2_airfield_01_01",
        "tm": [
          [0.8811,0.0,-0.47293],
          [0.0,1.0,0.0],
          [0.47293,0.0,0.8811],
          [25581.8,140.869,-25058.6]
        ],
        "unit_class": "dynaf_universal_1line_3000_a",
        "objLayer": 2,
        "props": {
          "army": 2,
          "active": false
        }
      }
    },
    {
      "objectGroups": {
        "name": "ft_t2_airfield_01_02",
        "tm": [
          [0.916609,0.0,0.399785],
          [0.0,1.0,0.0],
          [-0.399785,0.0,0.916609],
          [25579.9,300.003,26838.2]
        ],
        "unit_class": "dynaf_universal_1line_3000_a",
        "objLayer": 2,
        "props": {
          "army": 2,
          "active": false
        }
      }
    },
    {
      "objectGroups": {
        "name": "ft_t2_airfield_01_03",
        "tm": [
          [0.900951,0.0,0.433924],
          [0.0,1.0,0.0],
          [-0.433924,0.0,0.900951],
          [25728.0,138.353,-6849.96]
        ],
        "unit_class": "dynaf_universal_1line_3000_a",
        "objLayer": 2,
        "props": {
          "army": 2,
          "active": false
        }
      }
    },
    {
      "objectGroups": {
        "name": "ft_t2_airfield_02_01",
        "tm": [
          [0.917977,0.0,0.396635],
          [0.0,1.0,0.0],
          [-0.396635,0.0,0.917977],
          [19596.0,178.399,1292.38]
        ],
        "unit_class": "dynaf_universal_1line_3000_a",
        "objLayer": 2,
        "props": {
          "army": 2,
          "active": false
        }
      }
    },
    {
      "objectGroups": {
        "name": "ft_t2_airfield_02_02",
        "tm": [
          [0.999048,0.0,0.0436177],
          [0.0,1.0,0.0],
          [-0.0436177,0.0,0.999048],
          [19765.9,173.321,-14290.5]
        ],
        "unit_class": "dynaf_universal_1line_3000_a",
        "objLayer": 2,
        "props": {
          "army": 2,
          "active": false
        }
      }
    },
    {
      "objectGroups": {
        "name": "ft_t1_airfield_02_03",
        "tm": [
          [-0.968401,0.0,0.249399],
          [0.0,1.0,0.0],
          [-0.249399,0.0,-0.968401],
          [-20978.5,203.775,-9058.07]
        ],
        "unit_class": "dynaf_universal_1line_3000_a",
        "objLayer": 2,
        "props": {
          "army": 1,
          "active": false
        }
      }
    },
    {
      "objectGroups": {
        "name": "ft_t2_airfield_02_03",
        "tm": [
          [0.999579,0.0,-0.0290005],
          [0.0,1.0,0.0],
          [0.0290005,0.0,0.999579],
          [20001.9,208.732,12737.1]
        ],
        "unit_class": "dynaf_universal_1line_3000_a",
        "objLayer": 2,
        "props": {
          "army": 2,
          "active": false
        }
      }
    },
    {
      "objectGroups": {
        "name": "ft_t1_airfield_02_04",
        "tm": [
          [-0.987196,0.0,0.159511],
          [0.0,1.0,0.0],
          [-0.159511,0.0,-0.987196],
          [-20835.9,144.98,-21828.4]
        ],
        "unit_class": "dynaf_universal_1line_3000_a",
        "objLayer": 2,
        "props": {
          "army": 1,
          "active": false
        }
      }
    },
    {
      "objectGroups": {
        "name": "ft_t2_airfield_02_04",
        "tm": [
          [0.999307,0.0,-0.0372041],
          [0.0,1.0,0.0],
          [0.0372041,0.0,0.999307],
          [18537.2,238.303,22138.2]
        ],
        "unit_class": "dynaf_universal_1line_3000_a",
        "objLayer": 2,
        "props": {
          "army": 2,
          "active": false
        }
      }
    },
    {
      "squad": {
        "name": "ft_t1_airfields_squad",
        "tm": [
          [1.0,0.0,0.0],
          [0.0,1.0,0.0],
          [0.0,0.0,1.0],
          [-16512.9,3.87109,49773.2]
        ],
        "props": [
          {
            "object_marking": 0
          },
          {
            "squad_members": "ft_t1_airfield_01_01"
          },
          {
            "squad_members": "ft_t1_airfield_01_02"
          },
          {
            "squad_members": "ft_t1_airfield_01_03"
          },
          {
            "squad_members": "ft_t1_airfield_02_01"
          },
          {
            "squad_members": "ft_t1_airfield_02_02"
          },
          {
            "squad_members": "ft_t1_airfield_02_03"
          },
          {
            "squad_members": "ft_t1_airfield_02_04"
          }
        ]
      }
    },
    {
      "squad": {
        "name": "ft_t2_airfields_squad",
        "tm": [
          [-1.0,0.0,-1.19209e-07],
          [0.0,1.0,0.0],
          [1.19209e-07,0.0,-1.0],
          [20944.2,140.344,45975.5]
        ],
        "props": [
          {
            "object_marking": 0
          },
          {
            "squad_members": "ft_t2_airfield_01_01"
          },
          {
            "squad_members": "ft_t2_airfield_01_02"
          },
          {
            "squad_members": "ft_t2_airfield_01_03"
          },
          {
            "squad_members": "ft_t2_airfield_02_01"
          },
          {
            "squad_members": "ft_t2_airfield_02_02"
          },
          {
            "squad_members": "ft_t2_airfield_02_03"
          },
          {
            "squad_members": "ft_t2_airfield_02_04"
          }
        ]
      }
    },
    {
      "squad": {
        "name": "all_bomb_targets_squad",
        "tm": [
          [-1.0,0.0,-1.19209e-07],
          [0.0,1.0,0.0],
          [1.19209e-07,0.0,-1.0],
          [-1662.52,90.4883,-48704.6]
        ],
        "props": [
          {
            "object_marking": 0
          },
          {
            "squad_members": "ft_t1_airfield_01_01_bomb_target"
          },
          {
            "squad_members": "ft_t1_airfield_02_01_bomb_target"
          },
          {
            "squad_members": "ft_t1_airfield_01_02_bomb_target"
          },
          {
            "squad_members": "ft_t1_airfield_02_02_bomb_target"
          },
          {
            "squad_members": "ft_t1_airfield_01_03_bomb_target"
          },
          {
            "squad_members": "ft_t1_airfield_02_03_bomb_target"
          },
          {
            "squad_members": "ft_t1_airfield_02_04_bomb_target"
          },
          {
            "squad_members": "ft_t2_airfield_01_01_bomb_target"
          },
          {
            "squad_members": "ft_t2_airfield_02_01_bomb_target"
          },
          {
            "squad_members": "ft_t2_airfield_01_02_bomb_target"
          },
          {
            "squad_members": "ft_t2_airfield_02_02_bomb_target"
          },
          {
            "squad_members": "ft_t2_airfield_01_03_bomb_target"
          },
          {
            "squad_members": "ft_t2_airfield_02_03_bomb_target"
          },
          {
            "squad_members": "ft_t2_airfield_02_04_bomb_target"
          }
        ]
      }
    },
    {
      "structures": {
        "name": "ft_t1_airfield_01_01_bomb_target",
        "tm": [
          [-0.991445,0.0,-0.130526],
          [0.0,1.0,0.0],
          [0.130526,0.0,-0.991445],
          [-25852.6,192.436,17874.5]
        ],
        "unit_class": "dummy_immortal",
        "objLayer": 2,
        "closed_waypoints": false,
        "isShipSpline": false,
        "shipTurnRadius": 100.0,
        "weapons": "",
        "bullets0": "",
        "bullets1": "",
        "bullets2": "",
        "bullets3": "",
        "bulletsCount0": 0,
        "bulletsCount1": 0,
        "bulletsCount2": 0,
        "bulletsCount3": 0,
        "crewSkillK": 0.0,
        "applyAllMods": false,
        "props": {
          "army": 1,
          "count": 1,
          "formation_type": "rows",
          "formation_div": 3,
          "formation_step": [2.5,2.0],
          "formation_noise": [0.1,0.1],
          "uniqueName": "",
          "attack_type": "fire_at_will",
          "stealthRadius": 0.0,
          "setStealth": true,
          "targetableByAi": false
        },
        "way": []
      }
    },
    {
      "structures": {
        "name": "ft_t1_airfield_02_01_bomb_target",
        "tm": [
          [-0.994761,0.0,-0.102227],
          [0.0,1.0,0.0],
          [0.102227,0.0,-0.994761],
          [-20973.0,128.092,7346.52]
        ],
        "unit_class": "dummy_immortal",
        "objLayer": 2,
        "closed_waypoints": false,
        "isShipSpline": false,
        "shipTurnRadius": 100.0,
        "weapons": "",
        "bullets0": "",
        "bullets1": "",
        "bullets2": "",
        "bullets3": "",
        "bulletsCount0": 0,
        "bulletsCount1": 0,
        "bulletsCount2": 0,
        "bulletsCount3": 0,
        "crewSkillK": 0.0,
        "applyAllMods": false,
        "props": {
          "army": 1,
          "count": 1,
          "formation_type": "rows",
          "formation_div": 3,
          "formation_step": [2.5,2.0],
          "formation_noise": [0.1,0.1],
          "uniqueName": "",
          "attack_type": "fire_at_will",
          "stealthRadius": 0.0,
          "setStealth": true,
          "targetableByAi": false
        },
        "way": []
      }
    },
    {
      "structures": {
        "name": "ft_t1_airfield_01_03_bomb_target",
        "tm": [
          [-0.957541,0.0,-0.288295],
          [0.0,1.0,0.0],
          [0.288295,0.0,-0.957541],
          [-25962.1,62.6328,-27013.0]
        ],
        "unit_class": "dummy_immortal",
        "objLayer": 2,
        "closed_waypoints": false,
        "isShipSpline": false,
        "shipTurnRadius": 100.0,
        "weapons": "",
        "bullets0": "",
        "bullets1": "",
        "bullets2": "",
        "bullets3": "",
        "bulletsCount0": 0,
        "bulletsCount1": 0,
        "bulletsCount2": 0,
        "bulletsCount3": 0,
        "crewSkillK": 0.0,
        "applyAllMods": false,
        "props": {
          "army": 1,
          "count": 1,
          "formation_type": "rows",
          "formation_div": 3,
          "formation_step": [2.5,2.0],
          "formation_noise": [0.1,0.1],
          "uniqueName": "",
          "attack_type": "fire_at_will",
          "stealthRadius": 0.0,
          "setStealth": true,
          "targetableByAi": false
        },
        "way": []
      }
    },
    {
      "structures": {
        "name": "ft_t1_airfield_02_02_bomb_target",
        "tm": [
          [-0.999865,0.0,-0.0163627],
          [0.0,1.0,0.0],
          [0.0163627,0.0,-0.999865],
          [-19995.3,212.694,26604.1]
        ],
        "unit_class": "dummy_immortal",
        "objLayer": 2,
        "closed_waypoints": false,
        "isShipSpline": false,
        "shipTurnRadius": 100.0,
        "weapons": "",
        "bullets0": "",
        "bullets1": "",
        "bullets2": "",
        "bullets3": "",
        "bulletsCount0": 0,
        "bulletsCount1": 0,
        "bulletsCount2": 0,
        "bulletsCount3": 0,
        "crewSkillK": 0.0,
        "applyAllMods": false,
        "props": {
          "army": 1,
          "count": 1,
          "formation_type": "rows",
          "formation_div": 3,
          "formation_step": [2.5,2.0],
          "formation_noise": [0.1,0.1],
          "uniqueName": "",
          "attack_type": "fire_at_will",
          "stealthRadius": 0.0,
          "setStealth": true,
          "targetableByAi": false
        },
        "way": []
      }
    },
    {
      "structures": {
        "name": "ft_t1_airfield_01_02_bomb_target",
        "tm": [
          [-0.994476,0.0,-0.104959],
          [0.0,1.0,0.0],
          [0.104959,0.0,-0.994476],
          [-25074.6,151.951,-2647.71]
        ],
        "unit_class": "dummy_immortal",
        "objLayer": 2,
        "closed_waypoints": false,
        "isShipSpline": false,
        "shipTurnRadius": 100.0,
        "weapons": "",
        "bullets0": "",
        "bullets1": "",
        "bullets2": "",
        "bullets3": "",
        "bulletsCount0": 0,
        "bulletsCount1": 0,
        "bulletsCount2": 0,
        "bulletsCount3": 0,
        "crewSkillK": 0.0,
        "applyAllMods": false,
        "props": {
          "army": 1,
          "count": 1,
          "formation_type": "rows",
          "formation_div": 3,
          "formation_step": [2.5,2.0],
          "formation_noise": [0.1,0.1],
          "uniqueName": "",
          "attack_type": "fire_at_will",
          "stealthRadius": 0.0,
          "setStealth": true,
          "targetableByAi": false
        },
        "way": []
      }
    },
    {
      "structures": {
        "name": "ft_t2_airfield_01_01_bomb_target",
        "tm": [
          [0.8811,0.0,-0.47293],
          [0.0,1.0,0.0],
          [0.47293,0.0,0.8811],
          [25581.8,140.869,-25058.6]
        ],
        "unit_class": "dummy_immortal",
        "objLayer": 2,
        "closed_waypoints": false,
        "isShipSpline": false,
        "shipTurnRadius": 100.0,
        "weapons": "",
        "bullets0": "",
        "bullets1": "",
        "bullets2": "",
        "bullets3": "",
        "bulletsCount0": 0,
        "bulletsCount1": 0,
        "bulletsCount2": 0,
        "bulletsCount3": 0,
        "crewSkillK": 0.0,
        "applyAllMods": false,
        "props": {
          "army": 2,
          "count": 1,
          "formation_type": "rows",
          "formation_div": 3,
          "formation_step": [2.5,2.0],
          "formation_noise": [0.1,0.1],
          "uniqueName": "",
          "attack_type": "fire_at_will",
          "stealthRadius": 0.0,
          "setStealth": true,
          "targetableByAi": false
        },
        "way": []
      }
    },
    {
      "structures": {
        "name": "ft_t2_airfield_02_01_bomb_target",
        "tm": [
          [0.972905,0.0,0.231205],
          [0.0,1.0,0.0],
          [-0.231205,0.0,0.972905],
          [19596.0,178.399,1292.38]
        ],
        "unit_class": "dummy_immortal",
        "objLayer": 2,
        "closed_waypoints": false,
        "isShipSpline": false,
        "shipTurnRadius": 100.0,
        "weapons": "",
        "bullets0": "",
        "bullets1": "",
        "bullets2": "",
        "bullets3": "",
        "bulletsCount0": 0,
        "bulletsCount1": 0,
        "bulletsCount2": 0,
        "bulletsCount3": 0,
        "crewSkillK": 0.0,
        "applyAllMods": false,
        "props": {
          "army": 2,
          "count": 1,
          "formation_type": "rows",
          "formation_div": 3,
          "formation_step": [2.5,2.0],
          "formation_noise": [0.1,0.1],
          "uniqueName": "",
          "attack_type": "fire_at_will",
          "stealthRadius": 0.0,
          "setStealth": true,
          "targetableByAi": false
        },
        "way": []
      }
    },
    {
      "structures": {
        "name": "ft_t2_airfield_02_02_bomb_target",
        "tm": [
          [0.999048,0.0,0.0436177],
          [0.0,1.0,0.0],
          [-0.0436177,0.0,0.999048],
          [19753.7,173.562,-14288.9]
        ],
        "unit_class": "dummy_immortal",
        "objLayer": 2,
        "closed_waypoints": false,
        "isShipSpline": false,
        "shipTurnRadius": 100.0,
        "weapons": "",
        "bullets0": "",
        "bullets1": "",
        "bullets2": "",
        "bullets3": "",
        "bulletsCount0": 0,
        "bulletsCount1": 0,
        "bulletsCount2": 0,
        "bulletsCount3": 0,
        "crewSkillK": 0.0,
        "applyAllMods": false,
        "props": {
          "army": 2,
          "count": 1,
          "formation_type": "rows",
          "formation_div": 3,
          "formation_step": [2.5,2.0],
          "formation_noise": [0.1,0.1],
          "uniqueName": "",
          "attack_type": "fire_at_will",
          "stealthRadius": 0.0,
          "setStealth": true,
          "targetableByAi": false
        },
        "way": []
      }
    },
    {
      "structures": {
        "name": "ft_t2_airfield_01_02_bomb_target",
        "tm": [
          [0.916609,0.0,0.399785],
          [0.0,1.0,0.0],
          [-0.399785,0.0,0.916609],
          [25579.9,300.003,26838.2]
        ],
        "unit_class": "dummy_immortal",
        "objLayer": 2,
        "closed_waypoints": false,
        "isShipSpline": false,
        "shipTurnRadius": 100.0,
        "weapons": "",
        "bullets0": "",
        "bullets1": "",
        "bullets2": "",
        "bullets3": "",
        "bulletsCount0": 0,
        "bulletsCount1": 0,
        "bulletsCount2": 0,
        "bulletsCount3": 0,
        "crewSkillK": 0.0,
        "applyAllMods": false,
        "props": {
          "army": 2,
          "count": 1,
          "formation_type": "rows",
          "formation_div": 3,
          "formation_step": [2.5,2.0],
          "formation_noise": [0.1,0.1],
          "uniqueName": "",
          "attack_type": "fire_at_will",
          "stealthRadius": 0.0,
          "setStealth": true,
          "targetableByAi": false
        },
        "way": []
      }
    },
    {
      "structures": {
        "name": "ft_t2_airfield_01_03_bomb_target",
        "tm": [
          [0.900951,0.0,0.433924],
          [0.0,1.0,0.0],
          [-0.433924,0.0,0.900951],
          [25728.0,138.353,-6849.96]
        ],
        "unit_class": "dummy_immortal",
        "objLayer": 2,
        "closed_waypoints": false,
        "isShipSpline": false,
        "shipTurnRadius": 100.0,
        "weapons": "",
        "bullets0": "",
        "bullets1": "",
        "bullets2": "",
        "bullets3": "",
        "bulletsCount0": 0,
        "bulletsCount1": 0,
        "bulletsCount2": 0,
        "bulletsCount3": 0,
        "crewSkillK": 0.0,
        "applyAllMods": false,
        "props": {
          "army": 2,
          "count": 1,
          "formation_type": "rows",
          "formation_div": 3,
          "formation_step": [2.5,2.0],
          "formation_noise": [0.1,0.1],
          "uniqueName": "",
          "attack_type": "fire_at_will",
          "stealthRadius": 0.0,
          "setStealth": true,
          "targetableByAi": false
        },
        "way": []
      }
    },
    {
      "structures": {
        "name": "ft_t1_airfield_02_03_bomb_target",
        "tm": [
          [-0.927563,0.0,0.373667],
          [0.0,1.0,0.0],
          [-0.373667,0.0,-0.927563],
          [-20977.8,203.941,-9052.87]
        ],
        "unit_class": "dummy_immortal",
        "objLayer": 2,
        "closed_waypoints": false,
        "isShipSpline": false,
        "shipTurnRadius": 100.0,
        "weapons": "",
        "bullets0": "",
        "bullets1": "",
        "bullets2": "",
        "bullets3": "",
        "bulletsCount0": 0,
        "bulletsCount1": 0,
        "bulletsCount2": 0,
        "bulletsCount3": 0,
        "crewSkillK": 0.0,
        "applyAllMods": false,
        "props": {
          "army": 1,
          "count": 1,
          "formation_type": "rows",
          "formation_div": 3,
          "formation_step": [2.5,2.0],
          "formation_noise": [0.1,0.1],
          "uniqueName": "",
          "attack_type": "fire_at_will",
          "stealthRadius": 0.0,
          "setStealth": true,
          "targetableByAi": false
        },
        "way": []
      }
    },
    {
      "structures": {
        "name": "ft_t2_airfield_02_03_bomb_target",
        "tm": [
          [0.993248,0.0,-0.116009],
          [0.0,1.0,0.0],
          [0.116009,0.0,0.993248],
          [20001.8,208.736,12737.2]
        ],
        "unit_class": "dummy_immortal",
        "objLayer": 2,
        "closed_waypoints": false,
        "isShipSpline": false,
        "shipTurnRadius": 100.0,
        "weapons": "",
        "bullets0": "",
        "bullets1": "",
        "bullets2": "",
        "bullets3": "",
        "bulletsCount0": 0,
        "bulletsCount1": 0,
        "bulletsCount2": 0,
        "bulletsCount3": 0,
        "crewSkillK": 0.0,
        "applyAllMods": false,
        "props": {
          "army": 2,
          "count": 1,
          "formation_type": "rows",
          "formation_div": 3,
          "formation_step": [2.5,2.0],
          "formation_noise": [0.1,0.1],
          "uniqueName": "",
          "attack_type": "fire_at_will",
          "stealthRadius": 0.0,
          "setStealth": true,
          "targetableByAi": false
        },
        "way": []
      }
    },
    {
      "structures": {
        "name": "ft_t1_airfield_02_04_bomb_target",
        "tm": [
          [-0.95793,0.0,0.287002],
          [0.0,1.0,0.0],
          [-0.287002,0.0,-0.95793],
          [-20835.6,145.578,-21823.2]
        ],
        "unit_class": "dummy_immortal",
        "objLayer": 2,
        "closed_waypoints": false,
        "isShipSpline": false,
        "shipTurnRadius": 100.0,
        "weapons": "",
        "bullets0": "",
        "bullets1": "",
        "bullets2": "",
        "bullets3": "",
        "bulletsCount0": 0,
        "bulletsCount1": 0,
        "bulletsCount2": 0,
        "bulletsCount3": 0,
        "crewSkillK": 0.0,
        "applyAllMods": false,
        "props": {
          "army": 1,
          "count": 1,
          "formation_type": "rows",
          "formation_div": 3,
          "formation_step": [2.5,2.0],
          "formation_noise": [0.1,0.1],
          "uniqueName": "",
          "attack_type": "fire_at_will",
          "stealthRadius": 0.0,
          "setStealth": true,
          "targetableByAi": false
        },
        "way": []
      }
    },
    {
      "structures": {
        "name": "ft_t2_airfield_02_04_bomb_target",
        "tm": [
          [0.992262,0.0,-0.124158],
          [0.0,1.0,0.0],
          [0.124158,0.0,0.992262],
          [18537.1,238.301,22138.2]
        ],
        "unit_class": "dummy_immortal",
        "objLayer": 2,
        "closed_waypoints": false,
        "isShipSpline": false,
        "shipTurnRadius": 100.0,
        "weapons": "",
        "bullets0": "",
        "bullets1": "",
        "bullets2": "",
        "bullets3": "",
        "bulletsCount0": 0,
        "bulletsCount1": 0,
        "bulletsCount2": 0,
        "bulletsCount3": 0,
        "crewSkillK": 0.0,
        "applyAllMods": false,
        "props": {
          "army": 2,
          "count": 1,
          "formation_type": "rows",
          "formation_div": 3,
          "formation_step": [2.5,2.0],
          "formation_noise": [0.1,0.1],
          "uniqueName": "",
          "attack_type": "fire_at_will",
          "stealthRadius": 0.0,
          "setStealth": true,
          "targetableByAi": false
        },
        "way": []
      }
    }
  ],
  "areas": {
    "ft_t2_airfield_01_01_bomb_zone": {
      "type": "Box",
      "tm": [
        [2820.17,0.0,-1512.16],
        [0.0,1000.0,0.0],
        [567.06,0.0,1057.56],
        [25557.3,86.7571,-25175.8]
      ],
      "objLayer": 0,
      "props": []
    },
    "ft_t2_airfield_01_02_bomb_zone": {
      "type": "Box",
      "tm": [
        [-2933.15,0.0,-1279.31],
        [0.0,1000.0,0.0],
        [479.741,0.0,-1099.93],
        [25602.7,245.91,26746.6]
      ],
      "objLayer": 0,
      "props": []
    },
    "ft_t2_airfield_01_03_bomb_zone": {
      "type": "Box",
      "tm": [
        [2883.45,0.0,1387.71],
        [0.0,1000.0,0.0],
        [-520.388,0.0,1081.29],
        [25666.1,89.1438,-6810.84]
      ],
      "objLayer": 0,
      "props": []
    },
    "ft_t2_airfield_02_01_bomb_zone": {
      "type": "Box",
      "tm": [
        [-2879.36,0.0,-1396.17],
        [0.0,1000.0,0.0],
        [523.559,0.0,-1079.76],
        [19664.6,128.62,1306.18]
      ],
      "objLayer": 0,
      "props": []
    },
    "ft_t2_airfield_02_02_bomb_zone": {
      "type": "Box",
      "tm": [
        [3196.95,0.0,139.582],
        [0.0,1000.0,0.0],
        [-52.3429,0.0,1198.85],
        [19742.9,124.304,-14275.0]
      ],
      "objLayer": 0,
      "props": []
    },
    "ft_t1_airfield_01_01_bomb_zone": {
      "type": "Box",
      "tm": [
        [-3172.62,0.0,-417.685],
        [0.0,1000.0,0.0],
        [156.631,0.0,-1189.73],
        [-25859.8,145.2,17982.9]
      ],
      "objLayer": 0,
      "props": []
    },
    "ft_t1_airfield_01_03_bomb_zone": {
      "type": "Box",
      "tm": [
        [-3064.28,0.0,-922.031],
        [0.0,1000.0,0.0],
        [345.759,0.0,-1149.11],
        [-26038.3,14.8547,-26914.0]
      ],
      "objLayer": 0,
      "props": []
    },
    "ft_t1_airfield_01_02_bomb_zone": {
      "type": "Box",
      "tm": [
        [-3182.32,0.0,-335.869],
        [0.0,1000.0,0.0],
        [125.951,0.0,-1193.37],
        [-25162.1,93.737,-2575.35]
      ],
      "objLayer": 0,
      "props": []
    },
    "ft_t1_airfield_02_01_bomb_zone": {
      "type": "Box",
      "tm": [
        [-3183.24,0.0,-327.125],
        [0.0,1000.0,0.0],
        [122.672,0.0,-1193.71],
        [-21053.8,70.3028,7259.65]
      ],
      "objLayer": 0,
      "props": []
    },
    "ft_t1_airfield_02_02_bomb_zone": {
      "type": "Box",
      "tm": [
        [-3199.99,0.0,-9.67468],
        [0.0,1000.0,0.0],
        [3.63153,0.0,-1200.0],
        [-20040.5,-157.8,26576.8]
      ],
      "objLayer": 0,
      "props": []
    },
    "ft_t1_airfield_01_01_spawn_01": {
      "type": "Point",
      "tm": [
        [-0.923879,0.0,0.382683],
        [0.0,1.0,0.0],
        [-0.382683,0.0,-0.923879],
        [-26937.5,183.231,18409.3]
      ],
      "objLayer": 0,
      "props": []
    },
    "ft_t1_airfield_01_01_spawn_02": {
      "type": "Point",
      "tm": [
        [-0.923879,0.0,0.382683],
        [0.0,1.0,0.0],
        [-0.382683,0.0,-0.923879],
        [-24779.0,147.825,18645.8]
      ],
      "objLayer": 0,
      "props": []
    },
    "ft_t1_airfield_01_01_spawn_03": {
      "type": "Point",
      "tm": [
        [-0.923879,0.0,0.382683],
        [0.0,1.0,0.0],
        [-0.382683,0.0,-0.923879],
        [-26932.9,168.62,17140.2]
      ],
      "objLayer": 0,
      "props": []
    },
    "ft_t1_airfield_01_01_spawn_04": {
      "type": "Point",
      "tm": [
        [-0.923879,0.0,0.382683],
        [0.0,1.0,0.0],
        [-0.382683,0.0,-0.923879],
        [-26552.6,174.026,17185.7]
      ],
      "objLayer": 0,
      "props": []
    },
    "ft_t1_airfield_01_01_spawn_05": {
      "type": "Point",
      "tm": [
        [-0.923879,0.0,0.382683],
        [0.0,1.0,0.0],
        [-0.382683,0.0,-0.923879],
        [-25418.5,161.541,18730.5]
      ],
      "objLayer": 0,
      "props": []
    },
    "ft_t1_airfield_01_01_spawn_06": {
      "type": "Point",
      "tm": [
        [-0.923879,0.0,0.382683],
        [0.0,1.0,0.0],
        [-0.382683,0.0,-0.923879],
        [-24816.1,187.499,17434.8]
      ],
      "objLayer": 0,
      "props": []
    },
    "ft_t1_airfield_01_01_spawn_07": {
      "type": "Point",
      "tm": [
        [-0.923879,0.0,0.382683],
        [0.0,1.0,0.0],
        [-0.382683,0.0,-0.923879],
        [-25862.8,177.195,18647.0]
      ],
      "objLayer": 0,
      "props": []
    },
    "ft_t1_airfield_01_01_spawn_08": {
      "type": "Point",
      "tm": [
        [-0.923879,0.0,0.382683],
        [0.0,1.0,0.0],
        [-0.382683,0.0,-0.923879],
        [-26710.2,187.867,18495.6]
      ],
      "objLayer": 0,
      "props": []
    },
    "ft_t1_airfield_01_01_spawn_09": {
      "type": "Point",
      "tm": [
        [-0.923879,0.0,0.382683],
        [0.0,1.0,0.0],
        [-0.382683,0.0,-0.923879],
        [-25632.6,179.491,17425.3]
      ],
      "objLayer": 0,
      "props": []
    },
    "ft_t1_airfield_01_01_spawn_10": {
      "type": "Point",
      "tm": [
        [-0.923879,0.0,0.382683],
        [0.0,1.0,0.0],
        [-0.382683,0.0,-0.923879],
        [-25320.8,181.126,17384.1]
      ],
      "objLayer": 0,
      "props": []
    },
    "ft_t1_airfield_01_01_spawn_11": {
      "type": "Point",
      "tm": [
        [-0.923879,0.0,0.382683],
        [0.0,1.0,0.0],
        [-0.382683,0.0,-0.923879],
        [-25109.6,169.691,18695.3]
      ],
      "objLayer": 0,
      "props": []
    },
    "ft_t1_airfield_01_01_spawn_12": {
      "type": "Point",
      "tm": [
        [-0.923879,0.0,0.382683],
        [0.0,1.0,0.0],
        [-0.382683,0.0,-0.923879],
        [-26493.4,189.757,18444.3]
      ],
      "objLayer": 0,
      "props": []
    },
    "ft_t1_airfield_01_01_spawn_13": {
      "type": "Point",
      "tm": [
        [-0.923879,0.0,0.382683],
        [0.0,1.0,0.0],
        [-0.382683,0.0,-0.923879],
        [-25968.1,178.466,17314.3]
      ],
      "objLayer": 0,
      "props": []
    },
    "ft_t1_airfield_01_01_spawn_14": {
      "type": "Point",
      "tm": [
        [-0.923879,0.0,0.382683],
        [0.0,1.0,0.0],
        [-0.382683,0.0,-0.923879],
        [-24520.5,186.374,17427.7]
      ],
      "objLayer": 0,
      "props": []
    },
    "ft_t1_airfield_01_02_spawn_01": {
      "type": "Point",
      "tm": [
        [-0.600052,0.0,0.799961],
        [0.0,1.0,0.0],
        [-0.799961,0.0,-0.600052],
        [-23719.2,176.839,-1870.79]
      ],
      "objLayer": 0,
      "props": []
    },
    "ft_t1_airfield_01_02_spawn_02": {
      "type": "Point",
      "tm": [
        [-0.829279,0.0,0.558835],
        [0.0,1.0,0.0],
        [-0.558835,0.0,-0.829279],
        [-24448.0,139.786,-3342.05]
      ],
      "objLayer": 0,
      "props": []
    },
    "ft_t1_airfield_01_02_spawn_03": {
      "type": "Point",
      "tm": [
        [-0.829279,0.0,0.558835],
        [0.0,1.0,0.0],
        [-0.558835,0.0,-0.829279],
        [-24071.5,170.208,-1888.81]
      ],
      "objLayer": 0,
      "props": []
    },
    "ft_t1_airfield_01_02_spawn_04": {
      "type": "Point",
      "tm": [
        [-0.829279,0.0,0.558835],
        [0.0,1.0,0.0],
        [-0.558835,0.0,-0.829279],
        [-26355.5,146.276,-2148.86]
      ],
      "objLayer": 0,
      "props": []
    },
    "ft_t1_airfield_01_02_spawn_05": {
      "type": "Point",
      "tm": [
        [-0.829279,0.0,0.558835],
        [0.0,1.0,0.0],
        [-0.558835,0.0,-0.829279],
        [-26319.4,124.894,-3671.53]
      ],
      "objLayer": 0,
      "props": []
    },
    "ft_t1_airfield_01_02_spawn_06": {
      "type": "Point",
      "tm": [
        [-0.829279,0.0,0.558835],
        [0.0,1.0,0.0],
        [-0.558835,0.0,-0.829279],
        [-25184.0,133.58,-3434.47]
      ],
      "objLayer": 0,
      "props": []
    },
    "ft_t1_airfield_01_02_spawn_07": {
      "type": "Point",
      "tm": [
        [-0.829279,0.0,0.558835],
        [0.0,1.0,0.0],
        [-0.558835,0.0,-0.829279],
        [-23550.3,163.32,-3114.28]
      ],
      "objLayer": 0,
      "props": []
    },
    "ft_t1_airfield_01_02_spawn_08": {
      "type": "Point",
      "tm": [
        [-0.829279,0.0,0.558835],
        [0.0,1.0,0.0],
        [-0.558835,0.0,-0.829279],
        [-24677.9,140.341,-1957.71]
      ],
      "objLayer": 0,
      "props": []
    },
    "ft_t1_airfield_01_02_spawn_09": {
      "type": "Point",
      "tm": [
        [-0.829279,0.0,0.558835],
        [0.0,1.0,0.0],
        [-0.558835,0.0,-0.829279],
        [-26000.1,122.554,-2123.54]
      ],
      "objLayer": 0,
      "props": []
    },
    "ft_t1_airfield_01_02_spawn_10": {
      "type": "Point",
      "tm": [
        [-0.829279,0.0,0.558835],
        [0.0,1.0,0.0],
        [-0.558835,0.0,-0.829279],
        [-24024.5,149.061,-3284.29]
      ],
      "objLayer": 0,
      "props": []
    },
    "ft_t1_airfield_01_02_spawn_11": {
      "type": "Point",
      "tm": [
        [-0.829279,0.0,0.558835],
        [0.0,1.0,0.0],
        [-0.558835,0.0,-0.829279],
        [-24324.7,159.119,-1909.55]
      ],
      "objLayer": 0,
      "props": []
    },
    "ft_t1_airfield_01_02_spawn_12": {
      "type": "Point",
      "tm": [
        [-0.829279,0.0,0.558835],
        [0.0,1.0,0.0],
        [-0.558835,0.0,-0.829279],
        [-25501.5,91.6424,-2029.52]
      ],
      "objLayer": 0,
      "props": []
    },
    "ft_t1_airfield_01_02_spawn_13": {
      "type": "Point",
      "tm": [
        [-0.829279,0.0,0.558835],
        [0.0,1.0,0.0],
        [-0.558835,0.0,-0.829279],
        [-25543.5,127.503,-3523.91]
      ],
      "objLayer": 0,
      "props": []
    },
    "ft_t1_airfield_01_02_spawn_14": {
      "type": "Point",
      "tm": [
        [-0.829279,0.0,0.558835],
        [0.0,1.0,0.0],
        [-0.558835,0.0,-0.829279],
        [-25989.3,124.749,-3598.22]
      ],
      "objLayer": 0,
      "props": []
    },
    "ft_t1_airfield_01_03_spawn_01": {
      "type": "Point",
      "tm": [
        [-0.859374,0.0,0.511348],
        [0.0,1.0,0.0],
        [-0.511348,0.0,-0.859374],
        [-26728.7,29.6927,-27852.6]
      ],
      "objLayer": 0,
      "props": []
    },
    "ft_t1_airfield_01_03_spawn_02": {
      "type": "Point",
      "tm": [
        [-0.859374,0.0,0.511348],
        [0.0,1.0,0.0],
        [-0.511348,0.0,-0.859374],
        [-24665.5,11.1755,-27221.0]
      ],
      "objLayer": 0,
      "props": []
    },
    "ft_t1_airfield_01_03_spawn_03": {
      "type": "Point",
      "tm": [
        [-0.27134,0.0,-0.962483],
        [0.0,1.0,0.0],
        [0.962483,0.0,-0.27134],
        [-25540.7,15.3562,-26044.3]
      ],
      "objLayer": 0,
      "props": []
    },
    "ft_t1_airfield_01_03_spawn_04": {
      "type": "Point",
      "tm": [
        [-0.27134,0.0,-0.962483],
        [0.0,1.0,0.0],
        [0.962483,0.0,-0.27134],
        [-24834.3,9.25649,-27398.8]
      ],
      "objLayer": 0,
      "props": []
    },
    "ft_t1_airfield_01_03_spawn_05": {
      "type": "Point",
      "tm": [
        [-0.27134,0.0,-0.962483],
        [0.0,1.0,0.0],
        [0.962483,0.0,-0.27134],
        [-25618.8,44.6701,-27429.9]
      ],
      "objLayer": 0,
      "props": []
    },
    "ft_t1_airfield_01_03_spawn_06": {
      "type": "Point",
      "tm": [
        [-0.27134,0.0,-0.962483],
        [0.0,1.0,0.0],
        [0.962483,0.0,-0.27134],
        [-26919.5,62.0111,-26828.5]
      ],
      "objLayer": 0,
      "props": []
    },
    "ft_t1_airfield_01_03_spawn_07": {
      "type": "Point",
      "tm": [
        [-0.859374,0.0,0.511348],
        [0.0,1.0,0.0],
        [-0.511348,0.0,-0.859374],
        [-27202.5,29.2594,-27981.6]
      ],
      "objLayer": 0,
      "props": []
    },
    "ft_t1_airfield_01_03_spawn_08": {
      "type": "Point",
      "tm": [
        [-0.27134,0.0,-0.962483],
        [0.0,1.0,0.0],
        [0.962483,0.0,-0.27134],
        [-27152.9,43.3782,-26839.8]
      ],
      "objLayer": 0,
      "props": []
    },
    "ft_t1_airfield_01_03_spawn_09": {
      "type": "Point",
      "tm": [
        [-0.27134,0.0,-0.962483],
        [0.0,1.0,0.0],
        [0.962483,0.0,-0.27134],
        [-25994.7,53.2514,-26512.3]
      ],
      "objLayer": 0,
      "props": []
    },
    "ft_t1_airfield_01_03_spawn_10": {
      "type": "Point",
      "tm": [
        [-0.27134,0.0,-0.962483],
        [0.0,1.0,0.0],
        [0.962483,0.0,-0.27134],
        [-26718.0,49.5767,-26667.3]
      ],
      "objLayer": 0,
      "props": []
    },
    "ft_t1_airfield_01_03_spawn_11": {
      "type": "Point",
      "tm": [
        [-0.27134,0.0,-0.962483],
        [0.0,1.0,0.0],
        [0.962483,0.0,-0.27134],
        [-25188.5,19.3123,-27375.7]
      ],
      "objLayer": 0,
      "props": []
    },
    "ft_t1_airfield_01_03_spawn_12": {
      "type": "Point",
      "tm": [
        [-0.27134,0.0,-0.962483],
        [0.0,1.0,0.0],
        [0.962483,0.0,-0.27134],
        [-25270.7,25.8245,-26173.2]
      ],
      "objLayer": 0,
      "props": []
    },
    "ft_t1_airfield_01_03_spawn_13": {
      "type": "Point",
      "tm": [
        [-0.27134,0.0,-0.962483],
        [0.0,1.0,0.0],
        [0.962483,0.0,-0.27134],
        [-26268.0,58.5803,-26534.1]
      ],
      "objLayer": 0,
      "props": []
    },
    "ft_t1_airfield_01_03_spawn_14": {
      "type": "Point",
      "tm": [
        [-0.27134,0.0,-0.962483],
        [0.0,1.0,0.0],
        [0.962483,0.0,-0.27134],
        [-26465.9,35.7895,-27715.9]
      ],
      "objLayer": 0,
      "props": []
    },
    "ft_t1_airfield_02_01_spawn_01": {
      "type": "Point",
      "tm": [
        [-0.934407,0.0,-0.356207],
        [0.0,1.0,0.0],
