{
  "selected_tag": "",
  "bin_dump_file": "",
  "mission_settings": {
    "player": {
      "army": 1,
      "wing": ""
    },
    "player_teamB": {
      "army": 2
    },
    "mission": {
      "type": "singleMission",
      "level": "levels/water.bin",
      "restoreType": "attempts",
      "optionalTakeOff": false,
      "environment": "Day",
      "weather": "hazy"
    },
    "spectator_points": []
  },
  "imports": [],
  "triggers": {
    "isCategory": true,
    "is_enabled": true,
    "flt_tank_part_init": {
      "is_enabled": true,
      "comments": "",
      "props": {
        "actionsType": "PERFORM_ONE_BY_ONE",
        "conditionsType": "ALL",
        "enableAfterComplete": false
      },
      "events": {
        "periodicEvent": {
          "time": 1.0
        }
      },
      "conditions": [],
      "actions": {
        "varSetInt": {
          "value": 152,
          "var": "flt_tank_spots_num"
        }
      },
      "else_actions": []
    }
  },
  "mission_objectives": {
    "isCategory": true,
    "is_enabled": true
  },
  "variables": [],
  "dialogs": [],
  "airfields": [],
  "effects": [],
  "units": [],
  "areas": {
    "flt_tank_spot_01": {
      "type": "Point",
      "tm": [
        [-0.857689,0.0,0.514169],
        [0.0,1.0,0.0],
        [-0.514169,0.0,-0.857689],
        [23526.3,86.8627,-17400.9]
      ],
      "objLayer": 0,
      "props": []
    },
    "flt_tank_spot_02": {
      "type": "Point",
      "tm": [
        [-0.863667,0.0,0.504064],
        [0.0,1.0,0.0],
        [-0.504064,0.0,-0.863667],
        [22020.1,92.3141,-17425.0]
      ],
      "objLayer": 0,
      "props": []
    },
    "flt_tank_spot_03": {
      "type": "Point",
      "tm": [
        [-0.986269,0.0,0.165148],
        [0.0,1.0,0.0],
        [-0.165148,0.0,-0.986269],
        [19689.5,103.884,-18550.5]
      ],
      "objLayer": 0,
      "props": []
    },
    "flt_tank_spot_04": {
      "type": "Point",
      "tm": [
        [-0.870972,0.0,0.491332],
        [0.0,1.0,0.0],
        [-0.491332,0.0,-0.870972],
        [17964.3,90.8935,-17462.7]
      ],
      "objLayer": 0,
      "props": []
    },
    "flt_tank_spot_05": {
      "type": "Point",
      "tm": [
        [-0.355766,0.0,0.934575],
        [0.0,1.0,0.0],
        [-0.934575,0.0,-0.355766],
        [20018.6,90.4092,-14496.7]
      ],
      "objLayer": 0,
      "props": []
    },
    "flt_tank_spot_06": {
      "type": "Point",
      "tm": [
        [-0.925317,0.0,0.379194],
        [0.0,1.0,0.0],
        [-0.379194,0.0,-0.925317],
        [19603.4,99.5186,-14396.8]
      ],
      "objLayer": 0,
      "props": []
    },
    "flt_tank_spot_07": {
      "type": "Point",
      "tm": [
        [1.0,0.0,0.0],
        [0.0,1.0,0.0],
        [0.0,0.0,1.0],
        [19388.4,113.563,-13050.3]
      ],
      "objLayer": 0,
      "props": []
    },
    "flt_tank_spot_08": {
      "type": "Point",
      "tm": [
        [-0.819466,0.0,0.573128],
        [0.0,1.0,0.0],
        [-0.573128,0.0,-0.819466],
        [17875.1,110.738,-13306.4]
      ],
      "objLayer": 0,
      "props": []
    },
    "flt_tank_spot_09": {
      "type": "Point",
      "tm": [
        [0.859948,0.0,-0.510382],
        [0.0,1.0,0.0],
        [0.510382,0.0,0.859948],
        [23525.1,168.69,-9097.51]
      ],
      "objLayer": 0,
      "props": []
    },
    "flt_tank_spot_10": {
      "type": "Point",
      "tm": [
        [-0.969588,0.0,-0.244742],
        [0.0,1.0,0.0],
        [0.244742,0.0,-0.969588],
        [22351.9,161.865,-9428.85]
      ],
      "objLayer": 0,
      "props": []
    },
    "flt_tank_spot_11": {
      "type": "Point",
      "tm": [
        [0.578418,0.0,0.815741],
        [0.0,1.0,0.0],
        [-0.815741,0.0,0.578418],
        [21883.1,179.373,-9036.33]
      ],
      "objLayer": 0,
      "props": []
    },
    "flt_tank_spot_12": {
      "type": "Point",
      "tm": [
        [-0.98046,0.0,0.196719],
        [0.0,1.0,0.0],
        [-0.196719,0.0,-0.98046],
        [19674.1,175.17,-10448.1]
      ],
      "objLayer": 0,
      "props": []
    },
    "flt_tank_spot_13": {
      "type": "Point",
      "tm": [
        [1.0,0.0,0.0],
        [0.0,1.0,0.0],
        [0.0,0.0,1.0],
        [19989.6,291.927,-2421.49]
      ],
      "objLayer": 0,
      "props": []
    },
    "flt_tank_spot_14": {
      "type": "Point",
      "tm": [
        [0.978065,0.0,-0.208302],
        [0.0,1.0,0.0],
        [0.208302,0.0,0.978065],
        [19867.3,291.703,-2027.1]
      ],
      "objLayer": 0,
      "props": []
    },
    "flt_tank_spot_15": {
      "type": "Point",
      "tm": [
        [0.848285,0.0,-0.52954],
        [0.0,1.0,0.0],
        [0.52954,0.0,0.848285],
        [17642.7,290.456,-3120.41]
      ],
      "objLayer": 0,
      "props": []
    },
    "flt_tank_spot_16": {
      "type": "Point",
      "tm": [
        [0.919677,0.0,-0.392677],
        [0.0,1.0,0.0],
        [0.392677,0.0,0.919677],
        [17485.6,296.286,-3299.17]
      ],
      "objLayer": 0,
      "props": []
    },
    "flt_tank_spot_17": {
      "type": "Point",
      "tm": [
        [-0.976565,0.0,0.215222],
        [0.0,1.0,0.0],
        [-0.215222,0.0,-0.976565],
        [19652.6,136.908,6027.46]
      ],
      "objLayer": 0,
      "props": []
    },
    "flt_tank_spot_18": {
      "type": "Point",
      "tm": [
        [-0.567645,0.0,0.823273],
        [0.0,1.0,0.0],
        [-0.823273,0.0,-0.567645],
        [17885.7,81.5294,6935.02]
      ],
      "objLayer": 0,
      "props": []
    },
    "flt_tank_spot_19": {
      "type": "Point",
      "tm": [
        [1.0,0.0,0.0],
        [0.0,1.0,0.0],
        [0.0,0.0,1.0],
        [17737.8,142.945,6799.73]
      ],
      "objLayer": 0,
      "props": []
    },
    "flt_tank_spot_20": {
      "type": "Point",
      "tm": [
        [-0.568773,0.0,0.822494],
        [0.0,1.0,0.0],
        [-0.822494,0.0,-0.568773],
        [16367.7,223.782,5842.7]
      ],
      "objLayer": 0,
      "props": []
    },
    "flt_tank_spot_21": {
      "type": "Point",
      "tm": [
        [0.906456,0.0,-0.422301],
        [0.0,1.0,0.0],
        [0.422301,0.0,0.906456],
        [21551.6,75.9352,9864.32]
      ],
      "objLayer": 0,
      "props": []
    },
    "flt_tank_spot_22": {
      "type": "Point",
      "tm": [
        [1.0,0.0,0.0],
        [0.0,1.0,0.0],
        [0.0,0.0,1.0],
        [21719.1,186.895,10899.4]
      ],
      "objLayer": 0,
      "props": []
    },
    "flt_tank_spot_23": {
      "type": "Point",
      "tm": [
        [-0.684039,0.0,-0.729445],
        [0.0,1.0,0.0],
        [0.729445,0.0,-0.684039],
        [21225.1,135.914,10165.6]
      ],
      "objLayer": 0,
      "props": []
    },
    "flt_tank_spot_24": {
      "type": "Point",
      "tm": [
        [-0.552357,0.0,-0.833607],
        [0.0,1.0,0.0],
        [0.833607,0.0,-0.552357],
        [20879.2,55.3123,10574.3]
      ],
      "objLayer": 0,
      "props": []
    },
    "flt_tank_spot_25": {
      "type": "Point",
      "tm": [
        [0.990062,0.0,-0.140633],
        [0.0,1.0,0.0],
        [0.140633,0.0,0.990062],
        [22127.0,283.822,24379.5]
      ],
      "objLayer": 0,
      "props": []
    },
    "flt_tank_spot_26": {
      "type": "Point",
      "tm": [
        [1.0,0.0,0.0],
        [0.0,1.0,0.0],
        [0.0,0.0,1.0],
        [22064.7,270.406,24208.8]
      ],
      "objLayer": 0,
      "props": []
    },
    "flt_tank_spot_27": {
      "type": "Point",
      "tm": [
        [0.973129,0.0,-0.230261],
        [0.0,1.0,0.0],
        [0.230261,0.0,0.973129],
        [15777.6,113.978,21329.3]
      ],
      "objLayer": 0,
      "props": []
    },
    "flt_tank_spot_28": {
      "type": "Point",
      "tm": [
        [0.157866,0.0,-0.987461],
        [0.0,1.0,0.0],
        [0.987461,0.0,0.157866],
        [13660.7,287.408,21316.9]
      ],
      "objLayer": 0,
      "props": []
    },
    "flt_tank_spot_29": {
      "type": "Point",
      "tm": [
        [0.680473,0.0,0.732773],
        [0.0,1.0,0.0],
        [-0.732773,0.0,0.680473],
        [13563.6,92.4904,-15241.1]
      ],
      "objLayer": 0,
      "props": []
    },
    "flt_tank_spot_30": {
      "type": "Point",
      "tm": [
        [1.0,0.0,0.0],
        [0.0,1.0,0.0],
        [0.0,0.0,1.0],
        [15119.6,119.606,-13306.9]
      ],
      "objLayer": 0,
      "props": []
    },
    "flt_tank_spot_31": {
      "type": "Point",
      "tm": [
        [0.12466,0.0,0.992199],
        [0.0,1.0,0.0],
        [-0.992199,0.0,0.12466],
        [13729.3,114.803,-13229.1]
      ],
      "objLayer": 0,
      "props": []
    },
    "flt_tank_spot_32": {
      "type": "Point",
      "tm": [
        [0.851492,0.0,0.524367],
        [0.0,1.0,0.0],
        [-0.524367,0.0,0.851492],
        [13750.6,175.194,-11282.1]
      ],
      "objLayer": 0,
      "props": []
    },
    "flt_tank_spot_33": {
      "type": "Point",
      "tm": [
        [0.306086,0.0,-0.952004],
        [0.0,1.0,0.0],
        [0.952004,0.0,0.306086],
        [13731.3,276.823,-7543.74]
      ],
      "objLayer": 0,
      "props": []
    },
    "flt_tank_spot_34": {
      "type": "Point",
      "tm": [
        [-0.863014,0.0,0.505181],
        [0.0,1.0,0.0],
        [-0.505181,0.0,-0.863014],
        [14014.2,303.434,-7079.79]
      ],
      "objLayer": 0,
      "props": []
    },
    "flt_tank_spot_35": {
      "type": "Point",
      "tm": [
        [-0.89458,0.0,0.446908],
        [0.0,1.0,0.0],
        [-0.446908,0.0,-0.89458],
        [13850.1,291.125,-7130.03]
      ],
      "objLayer": 0,
      "props": []
    },
    "flt_tank_spot_36": {
      "type": "Point",
      "tm": [
        [0.285214,0.0,0.958464],
        [0.0,1.0,0.0],
        [-0.958464,0.0,0.285214],
        [13467.5,290.406,-7296.78]
      ],
      "objLayer": 0,
      "props": []
    },
    "flt_tank_spot_37": {
      "type": "Point",
      "tm": [
        [-0.596131,0.0,0.802887],
        [0.0,1.0,0.0],
        [-0.802887,0.0,-0.596131],
        [9052.4,194.406,-24200.9]
      ],
      "objLayer": 0,
      "props": []
    },
    "flt_tank_spot_38": {
      "type": "Point",
      "tm": [
        [-0.319929,0.0,0.947442],
        [0.0,1.0,0.0],
        [-0.947442,0.0,-0.319929],
        [8318.64,216.919,-24676.9]
      ],
      "objLayer": 0,
      "props": []
    },
    "flt_tank_spot_39": {
      "type": "Point",
      "tm": [
        [-0.47911,0.0,0.877755],
        [0.0,1.0,0.0],
        [-0.877755,0.0,-0.47911],
        [7434.97,180.343,-22627.1]
      ],
      "objLayer": 0,
      "props": []
    },
    "flt_tank_spot_40": {
      "type": "Point",
      "tm": [
        [0.863876,0.0,-0.503704],
        [0.0,1.0,0.0],
        [0.503704,0.0,0.863876],
        [7126.38,201.988,-21377.7]
      ],
      "objLayer": 0,
      "props": []
    },
    "flt_tank_spot_41": {
      "type": "Point",
      "tm": [
        [-0.372483,0.0,0.928039],
        [0.0,1.0,0.0],
        [-0.928039,0.0,-0.372483],
        [7679.66,113.099,-18522.3]
      ],
      "objLayer": 0,
      "props": []
    },
    "flt_tank_spot_42": {
      "type": "Point",
      "tm": [
        [-0.6196,0.0,0.784917],
        [0.0,1.0,0.0],
        [-0.784917,0.0,-0.6196],
        [7376.07,125.156,-18465.9]
      ],
      "objLayer": 0,
      "props": []
    },
    "flt_tank_spot_43": {
      "type": "Point",
      "tm": [
        [-0.667198,0.0,-0.74488],
        [0.0,1.0,0.0],
        [0.74488,0.0,-0.667198],
        [5398.29,62.3715,-15218.6]
      ],
      "objLayer": 0,
      "props": []
    },
    "flt_tank_spot_44": {
      "type": "Point",
      "tm": [
        [-0.447552,0.0,-0.894258],
        [0.0,1.0,0.0],
        [0.894258,0.0,-0.447552],
        [5371.19,93.6521,-15596.2]
      ],
      "objLayer": 0,
      "props": []
    },
    "flt_tank_spot_45": {
      "type": "Point",
      "tm": [
        [0.912867,0.0,-0.408257],
        [0.0,1.0,0.0],
        [0.408257,0.0,0.912867],
        [2606.26,277.433,-10805.1]
      ],
      "objLayer": 0,
      "props": []
    },
    "flt_tank_spot_46": {
      "type": "Point",
      "tm": [
        [0.833936,0.0,-0.551861],
        [0.0,1.0,0.0],
        [0.551861,0.0,0.833936],
        [2500.94,285.782,-10955.6]
      ],
      "objLayer": 0,
      "props": []
    },
    "flt_tank_spot_47": {
      "type": "Point",
      "tm": [
        [-0.784631,0.0,-0.619962],
        [0.0,1.0,0.0],
        [0.619962,0.0,-0.784631],
        [2103.82,285.459,-11030.5]
      ],
      "objLayer": 0,
      "props": []
    },
    "flt_tank_spot_48": {
      "type": "Point",
      "tm": [
        [-0.674422,0.0,-0.738346],
        [0.0,1.0,0.0],
        [0.738346,0.0,-0.674422],
        [1858.32,293.819,-10714.6]
      ],
      "objLayer": 0,
      "props": []
    },
    "flt_tank_spot_49": {
      "type": "Point",
      "tm": [
        [0.849634,0.0,-0.527372],
        [0.0,1.0,0.0],
        [0.527372,0.0,0.849634],
        [7183.56,248.446,-808.846]
      ],
      "objLayer": 0,
      "props": []
    },
    "flt_tank_spot_50": {
      "type": "Point",
      "tm": [
        [0.994345,0.0,0.106196],
        [0.0,1.0,0.0],
        [-0.106196,0.0,0.994345],
        [7022.25,242.768,-858.155]
      ],
      "objLayer": 0,
      "props": []
    },
    "flt_tank_spot_51": {
      "type": "Point",
      "tm": [
        [0.774685,0.0,0.632347],
        [0.0,1.0,0.0],
        [-0.632347,0.0,0.774685],
        [6995.21,257.8,3091.08]
      ],
      "objLayer": 0,
      "props": []
    },
    "flt_tank_spot_52": {
      "type": "Point",
      "tm": [
        [-0.294559,0.0,-0.955633],
        [0.0,1.0,0.0],
        [0.955633,0.0,-0.294559],
        [6685.28,240.054,3239.67]
      ],
      "objLayer": 0,
      "props": []
    },
    "flt_tank_spot_53": {
      "type": "Point",
      "tm": [
        [0.835884,0.0,-0.548906],
        [0.0,1.0,0.0],
        [0.548906,0.0,0.835884],
        [5808.49,291.641,5149.13]
      ],
      "objLayer": 0,
      "props": []
    },
    "flt_tank_spot_54": {
      "type": "Point",
      "tm": [
        [0.816757,0.0,0.576982],
        [0.0,1.0,0.0],
        [-0.576982,0.0,0.816757],
        [5759.48,297.644,5252.05]
      ],
      "objLayer": 0,
      "props": []
    },
    "flt_tank_spot_55": {
      "type": "Point",
      "tm": [
        [-0.801457,0.0,-0.598052],
        [0.0,1.0,0.0],
        [0.598052,0.0,-0.801457],
        [5644.39,292.657,5159.62]
      ],
      "objLayer": 0,
      "props": []
    },
    "flt_tank_spot_56": {
      "type": "Point",
      "tm": [
        [-0.554688,0.0,0.832058],
        [0.0,1.0,0.0],
        [-0.832058,0.0,-0.554688],
        [5663.51,300.534,5273.6]
      ],
      "objLayer": 0,
      "props": []
    },
    "flt_tank_spot_57": {
      "type": "Point",
      "tm": [
        [-0.662681,0.0,-0.748902],
        [0.0,1.0,0.0],
        [0.748902,0.0,-0.662681],
        [1074.09,315.684,9441.68]
      ],
      "objLayer": 0,
      "props": []
    },
    "flt_tank_spot_58": {
      "type": "Point",
      "tm": [
        [-0.658651,0.0,-0.752448],
        [0.0,1.0,0.0],
        [0.752448,0.0,-0.658651],
        [1653.15,309.677,9678.3]
      ],
      "objLayer": 0,
      "props": []
    },
    "flt_tank_spot_59": {
      "type": "Point",
      "tm": [
        [0.0943598,0.0,0.995538],
        [0.0,1.0,0.0],
        [-0.995538,0.0,0.0943598],
        [1592.55,310.005,10301.9]
      ],
      "objLayer": 0,
      "props": []
    },
    "flt_tank_spot_60": {
      "type": "Point",
      "tm": [
        [-0.428161,0.0,0.903702],
        [0.0,1.0,0.0],
        [-0.903702,0.0,-0.428161],
        [954.233,292.309,10369.1]
      ],
      "objLayer": 0,
      "props": []
    },
    "flt_tank_spot_61": {
      "type": "Point",
      "tm": [
        [0.856055,0.0,0.516885],
        [0.0,1.0,0.0],
        [-0.516885,0.0,0.856055],
        [-2609.17,296.917,5118.59]
      ],
      "objLayer": 0,
      "props": []
    },
    "flt_tank_spot_62": {
      "type": "Point",
      "tm": [
        [0.79996,0.0,-0.600053],
        [0.0,1.0,0.0],
        [0.600053,0.0,0.79996],
        [-2621.03,297.732,5063.68]
      ],
      "objLayer": 0,
      "props": []
    },
    "flt_tank_spot_63": {
      "type": "Point",
      "tm": [
        [-0.956203,0.0,-0.292705],
        [0.0,1.0,0.0],
        [0.292705,0.0,-0.956203],
        [-3780.23,319.869,6590.24]
      ],
      "objLayer": 0,
      "props": []
    },
    "flt_tank_spot_64": {
      "type": "Point",
      "tm": [
        [0.859544,0.0,-0.511062],
        [0.0,1.0,0.0],
        [0.511062,0.0,0.859544],
        [-4031.12,317.859,6789.79]
      ],
      "objLayer": 0,
      "props": []
    },
    "flt_tank_spot_65": {
      "type": "Point",
      "tm": [
        [-0.720951,0.0,0.692986],
        [0.0,1.0,0.0],
        [-0.692986,0.0,-0.720951],
        [-6702.39,269.899,9272.73]
      ],
      "objLayer": 0,
      "props": []
    },
    "flt_tank_spot_66": {
      "type": "Point",
      "tm": [
        [-0.668326,0.0,0.743868],
        [0.0,1.0,0.0],
        [-0.743868,0.0,-0.668326],
        [-6877.12,274.566,9128.72]
      ],
      "objLayer": 0,
      "props": []
    },
    "flt_tank_spot_67": {
      "type": "Point",
      "tm": [
        [-0.586948,0.0,0.809625],
        [0.0,1.0,0.0],
        [-0.809625,0.0,-0.586948],
        [-6432.92,209.924,13575.2]
      ],
      "objLayer": 0,
      "props": []
    },
    "flt_tank_spot_68": {
      "type": "Point",
      "tm": [
        [-0.12391,0.0,-0.992293],
        [0.0,1.0,0.0],
        [0.992293,0.0,-0.12391],
        [-6397.24,194.901,13106.4]
      ],
      "objLayer": 0,
      "props": []
    },
    "flt_tank_spot_69": {
      "type": "Point",
      "tm": [
        [0.885214,0.0,0.465185],
        [0.0,1.0,0.0],
        [-0.465185,0.0,0.885214],
        [-2601.63,273.692,1024.38]
      ],
      "objLayer": 0,
      "props": []
    },
    "flt_tank_spot_70": {
      "type": "Point",
      "tm": [
        [-0.690578,0.0,-0.723258],
        [0.0,1.0,0.0],
        [0.723258,0.0,-0.690578],
        [-2796.39,252.056,1167.07]
      ],
      "objLayer": 0,
      "props": []
    },
    "flt_tank_spot_71": {
      "type": "Point",
      "tm": [
        [0.879467,0.0,-0.47596],
        [0.0,1.0,0.0],
        [0.47596,0.0,0.879467],
        [-2621.02,219.274,-1004.17]
      ],
      "objLayer": 0,
      "props": []
    },
    "flt_tank_spot_72": {
      "type": "Point",
      "tm": [
        [-0.148053,0.0,-0.988979],
        [0.0,1.0,0.0],
        [0.988979,0.0,-0.148053],
        [-2889.35,284.264,-827.622]
      ],
      "objLayer": 0,
      "props": []
    },
    "flt_tank_spot_73": {
      "type": "Point",
      "tm": [
        [1.0,0.0,0.0],
        [0.0,1.0,0.0],
        [0.0,0.0,1.0],
        [-14875.5,226.605,22352.5]
      ],
      "objLayer": 0,
      "props": []
    },
    "flt_tank_spot_74": {
      "type": "Point",
      "tm": [
        [-0.342166,0.0,-0.93964],
        [0.0,1.0,0.0],
        [0.93964,0.0,-0.342166],
        [-14984.9,226.402,22300.7]
      ],
      "objLayer": 0,
      "props": []
    },
    "flt_tank_spot_75": {
      "type": "Point",
      "tm": [
        [-0.656427,0.0,0.754389],
        [0.0,1.0,0.0],
        [-0.754389,0.0,-0.656427],
        [-12198.0,181.899,20753.4]
      ],
      "objLayer": 0,
      "props": []
    },
    "flt_tank_spot_76": {
      "type": "Point",
      "tm": [
        [-0.933647,0.0,0.358193],
        [0.0,1.0,0.0],
        [-0.358193,0.0,-0.933647],
        [-12361.5,136.026,20493.9]
      ],
      "objLayer": 0,
      "props": []
    },
    "flt_tank_spot_77": {
      "type": "Point",
      "tm": [
        [0.703064,0.0,-0.711127],
        [0.0,1.0,0.0],
        [0.711127,0.0,0.703064],
        [-14729.5,292.329,9593.89]
      ],
      "objLayer": 0,
      "props": []
    },
    "flt_tank_spot_78": {
      "type": "Point",
      "tm": [
        [0.644199,0.0,-0.764858],
        [0.0,1.0,0.0],
        [0.764858,0.0,0.644199],
        [-14856.7,288.909,9436.17]
      ],
      "objLayer": 0,
      "props": []
    },
    "flt_tank_spot_79": {
      "type": "Point",
      "tm": [
        [-0.974234,0.0,-0.225538],
        [0.0,1.0,0.0],
        [0.225538,0.0,-0.974234],
        [-14772.9,290.844,8985.97]
      ],
      "objLayer": 0,
      "props": []
    },
    "flt_tank_spot_80": {
      "type": "Point",
      "tm": [
        [-0.693863,0.0,-0.720107],
        [0.0,1.0,0.0],
        [0.720107,0.0,-0.693863],
        [-15094.8,284.203,9353.34]
      ],
      "objLayer": 0,
      "props": []
    },
    "flt_tank_spot_81": {
      "type": "Point",
      "tm": [
        [-0.987594,0.0,-0.157028],
        [0.0,1.0,0.0],
        [0.157028,0.0,-0.987594],
        [-23213.5,231.715,7265.19]
      ],
      "objLayer": 0,
      "props": []
    },
    "flt_tank_spot_82": {
      "type": "Point",
      "tm": [
        [0.85107,0.0,-0.525052],
        [0.0,1.0,0.0],
        [0.525052,0.0,0.85107],
        [-23110.7,229.627,7193.54]
      ],
      "objLayer": 0,
      "props": []
    },
    "flt_tank_spot_83": {
      "type": "Point",
      "tm": [
        [0.615485,0.0,0.788148],
        [0.0,1.0,0.0],
        [-0.788148,0.0,0.615485],
        [-23344.7,298.069,5189.9]
      ],
      "objLayer": 0,
      "props": []
    },
    "flt_tank_spot_84": {
      "type": "Point",
      "tm": [
        [0.819477,0.0,0.573112],
        [0.0,1.0,0.0],
        [-0.573112,0.0,0.819477],
        [-23262.5,330.834,4988.36]
      ],
      "objLayer": 0,
      "props": []
    },
    "flt_tank_spot_85": {
      "type": "Point",
      "tm": [
        [0.801115,0.0,-0.59851],
        [0.0,1.0,0.0],
        [0.59851,0.0,0.801115],
        [-23269.6,316.266,3180.23]
      ],
      "objLayer": 0,
      "props": []
    },
    "flt_tank_spot_86": {
      "type": "Point",
      "tm": [
        [0.516003,0.0,-0.856587],
        [0.0,1.0,0.0],
        [0.856587,0.0,0.516003],
        [-23252.7,313.025,3342.47]
      ],
      "objLayer": 0,
      "props": []
    },
    "flt_tank_spot_87": {
      "type": "Point",
      "tm": [
        [0.944359,0.0,-0.328915],
        [0.0,1.0,0.0],
        [0.328915,0.0,0.944359],
        [-21430.0,320.582,1975.81]
      ],
      "objLayer": 0,
      "props": []
    },
    "flt_tank_spot_88": {
      "type": "Point",
      "tm": [
        [0.908676,0.0,-0.417502],
        [0.0,1.0,0.0],
        [0.417502,0.0,0.908676],
        [-21262.4,321.111,2088.18]
      ],
      "objLayer": 0,
      "props": []
    },
    "flt_tank_spot_89": {
      "type": "Point",
      "tm": [
        [1.0,0.0,0.0],
        [0.0,1.0,0.0],
        [0.0,0.0,1.0],
        [-23904.2,283.377,816.395]
      ],
      "objLayer": 0,
      "props": []
    },
    "flt_tank_spot_90": {
      "type": "Point",
      "tm": [
        [0.519336,0.0,0.85457],
        [0.0,1.0,0.0],
        [-0.85457,0.0,0.519336],
        [-23150.8,291.428,1227.83]
      ],
      "objLayer": 0,
      "props": []
    },
    "flt_tank_spot_91": {
      "type": "Point",
      "tm": [
        [0.251967,0.0,0.967736],
        [0.0,1.0,0.0],
        [-0.967736,0.0,0.251967],
        [-23371.7,251.991,-863.968]
      ],
      "objLayer": 0,
      "props": []
    },
    "flt_tank_spot_92": {
      "type": "Point",
      "tm": [
        [1.0,0.0,0.0],
        [0.0,1.0,0.0],
        [0.0,0.0,1.0],
        [-23992.9,281.914,1679.54]
      ],
      "objLayer": 0,
      "props": []
    },
    "flt_tank_spot_93": {
      "type": "Point",
      "tm": [
        [0.521663,0.0,-0.853152],
        [0.0,1.0,0.0],
        [0.853152,0.0,0.521663],
        [-23235.8,211.174,-3198.83]
      ],
      "objLayer": 0,
      "props": []
    },
    "flt_tank_spot_94": {
      "type": "Point",
      "tm": [
        [0.391327,0.0,-0.920252],
        [0.0,1.0,0.0],
        [0.920252,0.0,0.391327],
        [-23434.8,235.811,-3171.17]
      ],
      "objLayer": 0,
      "props": []
    },
    "flt_tank_spot_95": {
      "type": "Point",
      "tm": [
        [-0.655657,0.0,-0.755059],
        [0.0,1.0,0.0],
        [0.755059,0.0,-0.655657],
        [-23335.2,211.472,-7079.63]
      ],
      "objLayer": 0,
      "props": []
    },
    "flt_tank_spot_96": {
      "type": "Point",
      "tm": [
        [0.792248,0.0,-0.610199],
        [0.0,1.0,0.0],
        [0.610199,0.0,0.792248],
        [-21885.0,237.304,-4953.65]
      ],
      "objLayer": 0,
      "props": []
    },
    "flt_tank_spot_97": {
      "type": "Point",
      "tm": [
        [0.910747,0.0,0.412964],
        [0.0,1.0,0.0],
        [-0.412964,0.0,0.910747],
        [-19349.0,279.764,5293.62]
      ],
      "objLayer": 0,
      "props": []
    },
    "flt_tank_spot_98": {
      "type": "Point",
      "tm": [
        [0.323251,0.0,-0.946313],
        [0.0,1.0,0.0],
        [0.946313,0.0,0.323251],
        [-19404.4,276.177,4910.21]
      ],
      "objLayer": 0,
      "props": []
    },
    "flt_tank_spot_99": {
      "type": "Point",
      "tm": [
        [0.229398,0.0,-0.973333],
        [0.0,1.0,0.0],
        [0.973333,0.0,0.229398],
        [-19392.2,318.322,789.571]
      ],
      "objLayer": 0,
      "props": []
    },
    "flt_tank_spot_100": {
      "type": "Point",
      "tm": [
        [0.598634,0.0,-0.801022],
        [0.0,1.0,0.0],
        [0.801022,0.0,0.598634],
        [-18897.1,302.504,1161.88]
      ],
      "objLayer": 0,
      "props": []
    },
    "flt_tank_spot_101": {
      "type": "Point",
      "tm": [
        [0.860817,0.0,-0.508914],
        [0.0,1.0,0.0],
        [0.508914,0.0,0.860817],
        [-7027.85,304.803,4864.91]
      ],
      "objLayer": 0,
      "props": []
    },
    "flt_tank_spot_102": {
      "type": "Point",
      "tm": [
        [1.0,0.0,0.0],
        [0.0,1.0,0.0],
        [0.0,0.0,1.0],
        [-6862.4,291.737,3178.24]
      ],
      "objLayer": 0,
      "props": []
    },
    "flt_tank_spot_103": {
      "type": "Point",
      "tm": [
        [0.780114,0.0,-0.625637],
        [0.0,1.0,0.0],
        [0.625637,0.0,0.780114],
        [-6735.69,282.683,-988.215]
      ],
      "objLayer": 0,
      "props": []
    },
    "flt_tank_spot_104": {
      "type": "Point",
      "tm": [
        [0.471637,0.0,-0.881793],
        [0.0,1.0,0.0],
        [0.881793,0.0,0.471637],
        [-6586.83,313.653,5237.86]
      ],
      "objLayer": 0,
      "props": []
    },
    "flt_tank_spot_106": {
      "type": "Point",
      "tm": [
        [-0.682869,0.0,-0.73054],
        [0.0,1.0,0.0],
        [0.73054,0.0,-0.682869],
        [-11067.3,237.79,1088.71]
      ],
      "objLayer": 0,
      "props": []
    },
    "flt_tank_spot_105": {
      "type": "Point",
      "tm": [
        [-0.43896,0.0,0.898506],
        [0.0,1.0,0.0],
        [-0.898506,0.0,-0.43896],
        [-13521.0,279.591,-747.929]
      ],
      "objLayer": 0,
      "props": []
    },
    "flt_tank_spot_107": {
      "type": "Point",
      "tm": [
        [0.624858,0.0,-0.780738],
        [0.0,1.0,0.0],
        [0.780738,0.0,0.624858],
        [-14865.1,250.964,-2848.28]
      ],
      "objLayer": 0,
      "props": []
    },
    "flt_tank_spot_108": {
      "type": "Point",
      "tm": [
        [0.775746,0.0,-0.631045],
        [0.0,1.0,0.0],
        [0.631045,0.0,0.775746],
        [-13103.0,275.898,-2081.47]
      ],
      "objLayer": 0,
      "props": []
    },
    "flt_tank_spot_109": {
      "type": "Point",
      "tm": [
        [0.776813,0.0,0.629731],
        [0.0,1.0,0.0],
        [-0.629731,0.0,0.776813],
        [-14886.3,269.043,-7163.16]
      ],
      "objLayer": 0,
      "props": []
    },
    "flt_tank_spot_110": {
      "type": "Point",
      "tm": [
        [0.811151,0.0,0.584836],
        [0.0,1.0,0.0],
        [-0.584836,0.0,0.811151],
        [-14706.3,268.803,-7365.53]
      ],
      "objLayer": 0,
      "props": []
    },
    "flt_tank_spot_111": {
      "type": "Point",
      "tm": [
        [1.0,0.0,0.0],
        [0.0,1.0,0.0],
        [0.0,0.0,1.0],
        [-15020.5,240.617,-9113.8]
      ],
      "objLayer": 0,
      "props": []
    },
    "flt_tank_spot_112": {
      "type": "Point",
      "tm": [
        [1.0,0.0,0.0],
        [0.0,1.0,0.0],
        [0.0,0.0,1.0],
        [-13542.5,258.878,-9036.17]
      ],
      "objLayer": 0,
      "props": []
    },
    "flt_tank_spot_113": {
      "type": "Point",
      "tm": [
        [0.877558,0.0,-0.47947],
        [0.0,1.0,0.0],
        [0.47947,0.0,0.877558],
        [-17393.4,234.284,-10285.0]
      ],
      "objLayer": 0,
      "props": []
    },
    "flt_tank_spot_114": {
      "type": "Point",
      "tm": [
        [0.679531,0.0,-0.733647],
        [0.0,1.0,0.0],
        [0.733647,0.0,0.679531],
        [-18939.3,207.744,-11064.6]
      ],
      "objLayer": 0,
      "props": []
    },
    "flt_tank_spot_115": {
      "type": "Point",
      "tm": [
        [0.560993,0.0,-0.827821],
        [0.0,1.0,0.0],
        [0.827821,0.0,0.560993],
        [-19173.2,211.518,-11346.4]
      ],
      "objLayer": 0,
      "props": []
    },
    "flt_tank_spot_116": {
      "type": "Point",
      "tm": [
        [0.899777,0.0,-0.436351],
        [0.0,1.0,0.0],
        [0.436351,0.0,0.899777],
        [-21467.4,222.845,-10290.8]
      ],
      "objLayer": 0,
      "props": []
    },
    "flt_tank_spot_117": {
      "type": "Point",
      "tm": [
        [0.988331,0.0,0.15232],
        [0.0,1.0,0.0],
        [-0.15232,0.0,0.988331],
        [-10864.3,243.072,-11539.6]
      ],
      "objLayer": 0,
      "props": []
    },
    "flt_tank_spot_118": {
      "type": "Point",
      "tm": [
        [0.564863,0.0,0.825184],
        [0.0,1.0,0.0],
        [-0.825184,0.0,0.564863],
        [-11192.7,246.868,-12048.0]
      ],
      "objLayer": 0,
      "props": []
    },
    "flt_tank_spot_119": {
      "type": "Point",
      "tm": [
        [1.0,0.0,0.0],
        [0.0,1.0,0.0],
        [0.0,0.0,1.0],
        [-12853.5,204.27,-11640.3]
      ],
      "objLayer": 0,
      "props": []
    },
    "flt_tank_spot_120": {
      "type": "Point",
      "tm": [
        [0.0514601,0.0,0.998675],
        [0.0,1.0,0.0],
        [-0.998675,0.0,0.0514601],
        [-12524.5,210.957,-12387.8]
      ],
      "objLayer": 0,
      "props": []
    },
    "flt_tank_spot_121": {
      "type": "Point",
      "tm": [
        [1.0,0.0,0.0],
        [0.0,1.0,0.0],
        [0.0,0.0,1.0],
        [-13077.1,223.134,-14538.7]
      ],
      "objLayer": 0,
      "props": []
    },
    "flt_tank_spot_122": {
      "type": "Point",
      "tm": [
        [1.0,0.0,0.0],
        [0.0,1.0,0.0],
        [0.0,0.0,1.0],
        [-11199.9,218.031,-15368.3]
      ],
      "objLayer": 0,
      "props": []
    },
    "flt_tank_spot_123": {
      "type": "Point",
      "tm": [
        [0.922242,0.0,0.386614],
        [0.0,1.0,0.0],
        [-0.386614,0.0,0.922242],
        [-9430.85,252.917,-13351.1]
      ],
      "objLayer": 0,
      "props": []
    },
    "flt_tank_spot_124": {
      "type": "Point",
      "tm": [
        [0.971878,0.0,0.235484],
        [0.0,1.0,0.0],
        [-0.235484,0.0,0.971878],
        [-9160.0,226.593,-14257.1]
      ],
      "objLayer": 0,
      "props": []
    },
    "flt_tank_spot_125": {
      "type": "Point",
      "tm": [
        [0.977211,0.0,-0.212271],
        [0.0,1.0,0.0],
        [0.212271,0.0,0.977211],
        [-4921.72,249.953,-14445.9]
      ],
      "objLayer": 0,
      "props": []
    },
    "flt_tank_spot_126": {
      "type": "Point",
      "tm": [
        [1.0,0.0,0.0],
        [0.0,1.0,0.0],
        [0.0,0.0,1.0],
        [-3498.32,184.339,-19656.0]
      ],
      "objLayer": 0,
      "props": []
    },
    "flt_tank_spot_127": {
      "type": "Point",
      "tm": [
        [1.0,0.0,0.0],
        [0.0,1.0,0.0],
        [0.0,0.0,1.0],
        [-3521.47,199.064,-19823.2]
      ],
      "objLayer": 0,
      "props": []
    },
    "flt_tank_spot_128": {
      "type": "Point",
      "tm": [
        [1.0,0.0,0.0],
        [0.0,1.0,0.0],
        [0.0,0.0,1.0],
        [-4528.65,200.4,-20022.9]
      ],
      "objLayer": 0,
      "props": []
    },
    "flt_tank_spot_129": {
      "type": "Point",
      "tm": [
        [0.671938,0.0,-0.740607],
        [0.0,1.0,0.0],
        [0.740607,0.0,0.671938],
        [-2561.06,157.19,-23345.9]
      ],
      "objLayer": 0,
      "props": []
    },
    "flt_tank_spot_130": {
      "type": "Point",
      "tm": [
        [0.654283,0.0,-0.756249],
        [0.0,1.0,0.0],
        [0.756249,0.0,0.654283],
        [-2421.91,152.511,-23198.8]
      ],
      "objLayer": 0,
      "props": []
    },
    "flt_tank_spot_131": {
      "type": "Point",
      "tm": [
        [0.937187,0.0,-0.348826],
        [0.0,1.0,0.0],
        [0.348826,0.0,0.937187],
        [-2670.82,140.454,-25728.8]
      ],
      "objLayer": 0,
      "props": []
    },
    "flt_tank_spot_132": {
      "type": "Point",
      "tm": [
        [0.831621,0.0,-0.555344],
        [0.0,1.0,0.0],
        [0.555344,0.0,0.831621],
        [-2764.91,145.752,-25495.8]
      ],
      "objLayer": 0,
      "props": []
    },
    "flt_tank_spot_133": {
      "type": "Point",
      "tm": [
        [0.920767,0.0,-0.390113],
        [0.0,1.0,0.0],
        [0.390113,0.0,0.920767],
        [-7333.73,162.107,-20890.3]
      ],
      "objLayer": 0,
      "props": []
    },
    "flt_tank_spot_134": {
      "type": "Point",
      "tm": [
        [0.75132,0.0,-0.659938],
        [0.0,1.0,0.0],
        [0.659938,0.0,0.75132],
        [-5495.24,176.574,-21513.1]
      ],
      "objLayer": 0,
      "props": []
    },
    "flt_tank_spot_135": {
      "type": "Point",
      "tm": [
        [0.601468,0.0,-0.798897],
        [0.0,1.0,0.0],
        [0.798897,0.0,0.601468],
        [-4894.81,162.828,-22570.9]
      ],
      "objLayer": 0,
      "props": []
    },
    "flt_tank_spot_136": {
      "type": "Point",
      "tm": [
        [0.59471,0.0,-0.803941],
        [0.0,1.0,0.0],
        [0.803941,0.0,0.59471],
        [-6660.8,153.598,-23335.7]
      ],
      "objLayer": 0,
      "props": []
    },
    "flt_tank_spot_137": {
      "type": "Point",
      "tm": [
        [0.896236,0.0,0.443578],
        [0.0,1.0,0.0],
        [-0.443578,0.0,0.896236],
        [-13494.9,144.276,-21388.0]
      ],
      "objLayer": 0,
      "props": []
    },
    "flt_tank_spot_138": {
      "type": "Point",
      "tm": [
        [0.21782,0.0,0.975989],
        [0.0,1.0,0.0],
        [-0.975989,0.0,0.21782],
        [-13801.6,148.741,-21367.8]
      ],
      "objLayer": 0,
      "props": []
    },
    "flt_tank_spot_139": {
      "type": "Point",
      "tm": [
        [0.213663,0.0,0.976907],
        [0.0,1.0,0.0],
        [-0.976907,0.0,0.213663],
        [-17904.3,112.954,-21322.0]
      ],
      "objLayer": 0,
      "props": []
    },
    "flt_tank_spot_140": {
      "type": "Point",
      "tm": [
        [0.910459,0.0,0.413599],
        [0.0,1.0,0.0],
        [-0.413599,0.0,0.910459],
        [-17509.0,129.283,-21494.7]
      ],
      "objLayer": 0,
      "props": []
    },
    "flt_tank_spot_141": {
      "type": "Point",
      "tm": [
        [-0.162393,0.0,-0.986726],
        [0.0,1.0,0.0],
        [0.986726,0.0,-0.162393],
        [-19275.2,191.547,-17231.5]
      ],
      "objLayer": 0,
      "props": []
    },
    "flt_tank_spot_142": {
      "type": "Point",
      "tm": [
        [0.244285,0.0,-0.969704],
        [0.0,1.0,0.0],
        [0.969704,0.0,0.244285],
        [-18895.9,214.737,-17259.0]
      ],
      "objLayer": 0,
      "props": []
    },
    "flt_tank_spot_143": {
      "type": "Point",
      "tm": [
        [0.876949,0.0,0.480584],
        [0.0,1.0,0.0],
        [-0.480584,0.0,0.876949],
        [-21347.5,211.777,-18564.7]
      ],
      "objLayer": 0,
      "props": []
    },
    "flt_tank_spot_144": {
      "type": "Point",
      "tm": [
        [0.863394,0.0,0.50453],
        [0.0,1.0,0.0],
        [-0.50453,0.0,0.863394],
        [-21203.0,216.608,-18468.0]
      ],
      "objLayer": 0,
      "props": []
    },
    "flt_tank_spot_145": {
      "type": "Point",
      "tm": [
        [-0.172367,0.0,-0.985033],
        [0.0,1.0,0.0],
        [0.985033,0.0,-0.172367],
        [-10567.8,133.05,-23339.4]
      ],
      "objLayer": 0,
      "props": []
    },
    "flt_tank_spot_146": {
      "type": "Point",
      "tm": [
        [0.264234,0.0,-0.964459],
        [0.0,1.0,0.0],
        [0.964459,0.0,0.264234],
        [-11120.0,134.225,-23710.1]
      ],
      "objLayer": 0,
      "props": []
    },
    "flt_tank_spot_147": {
      "type": "Point",
      "tm": [
        [0.960009,0.0,0.27997],
        [0.0,1.0,0.0],
        [-0.27997,0.0,0.960009],
        [-14834.0,130.236,-23623.1]
      ],
      "objLayer": 0,
      "props": []
    },
    "flt_tank_spot_148": {
      "type": "Point",
      "tm": [
        [0.808277,0.0,-0.588803],
        [0.0,1.0,0.0],
        [0.588803,0.0,0.808277],
        [-15267.0,115.504,-23771.2]
      ],
      "objLayer": 0,
      "props": []
    },
    "flt_tank_spot_149": {
      "type": "Point",
      "tm": [
        [-0.960483,0.0,0.278339],
        [0.0,1.0,0.0],
        [-0.278339,0.0,-0.960483],
        [-23436.3,147.568,-24623.5]
      ],
      "objLayer": 0,
      "props": []
    },
    "flt_tank_spot_150": {
      "type": "Point",
      "tm": [
        [-0.57885,0.0,0.815434],
        [0.0,1.0,0.0],
        [-0.815434,0.0,-0.57885],
        [-23238.2,101.534,-24209.7]
      ],
      "objLayer": 0,
      "props": []
    },
    "flt_tank_spot_151": {
      "type": "Point",
      "tm": [
        [1.0,0.0,0.0],
        [0.0,1.0,0.0],
        [0.0,0.0,1.0],
        [-19023.2,91.1255,-23927.0]
      ],
      "objLayer": 0,
      "props": []
    },
    "flt_tank_spot_152": {
      "type": "Point",
      "tm": [
        [0.905685,0.0,-0.423952],
        [0.0,1.0,0.0],
        [0.423952,0.0,0.905685],
        [-21392.9,107.634,-22606.9]
      ],
      "objLayer": 0,
      "props": []
    }
  },
  "objLayers": [
    {
      "layer": {
        "enabled": true
      }
    },
    {
      "layer": {
        "enabled": true
      }
    },
    {
      "layer": {
        "enabled": true
      }
    },
    {
      "layer": {
        "enabled": true
      }
    }
  ],
  "wayPoints": {
    "flt_tank_road_01": {
      "closed_waypoints": false,
      "isShipSpline": false,
      "shipTurnRadius": 100.0,
      "way": {
        "flt_tank_road_01_wp_01": {
          "type": "normal",
          "tm": [
            [1.0,0.0,0.0],
            [0.0,1.0,0.0],
            [0.0,0.0,1.0],
            [23514.4,89.3381,-17393.8]
          ],
          "props": {
            "speed": 30.0,
            "tas": false,
            "moveType": "GATHER_TO",
            "shouldKeepFormation": false,
            "canUsePathFinder": false
          }
        },
        "flt_tank_road_01_wp_02": {
          "type": "normal",
          "tm": [
            [1.0,0.0,0.0],
            [0.0,1.0,0.0],
            [0.0,0.0,1.0],
            [23336.6,119.981,-17409.7]
          ],
          "props": {
            "speed": 30.0,
            "tas": false,
            "moveType": "USE_SPLINES",
            "shouldKeepFormation": false,
            "canUsePathFinder": false
          }
        },
        "flt_tank_road_01_wp_03": {
          "type": "normal",
          "tm": [
            [1.0,0.0,0.0],
            [0.0,1.0,0.0],
            [0.0,0.0,1.0],
            [23348.6,142.092,-17158.4]
          ],
          "props": {
            "speed": 30.0,
            "tas": false,
            "moveType": "USE_SPLINES",
            "shouldKeepFormation": false,
            "canUsePathFinder": false
          }
        },
        "flt_tank_road_01_wp_04": {
          "type": "normal",
          "tm": [
            [1.0,0.0,0.0],
            [0.0,1.0,0.0],
            [0.0,0.0,1.0],
            [23056.9,163.783,-17296.0]
          ],
          "props": {
            "speed": 30.0,
            "tas": false,
            "moveType": "USE_SPLINES",
            "shouldKeepFormation": false,
            "canUsePathFinder": false
          }
        },
        "flt_tank_road_01_wp_05": {
