{
  "selected_tag": "",
  "bin_dump_file": "",
  "mission_settings": {
    "player": {
      "army": 1,
      "wing": "bdt_armada"
    },
    "player_teamB": {
      "army": 2
    },
    "mission": {
      "level": "levels/water.bin",
      "type": "singleMission",
      "environment": "Day",
      "weather": "hazy",
      "restoreType": "attempts",
      "optionalTakeOff": true
    },
    "spectator_points": {}
  },
  "imports": {
    "import_record": [
      {
        "file": "gameData/missions/templates/enduring_confrontation/bdt_bases_destroy_template.blk",
        "importAreas": true,
        "importUnits": true,
        "importTriggers": true,
        "importMissionObjectives": true,
        "importWayPoints": true,
        "showAreas": true,
        "showUnits": true,
        "showTriggers": true,
        "showMissionObjectives": true,
        "showWayPoints": true,
        "excludes": {}
      },
      {
        "file": "gameData/missions/templates/units_sets/land_sets_aaa_bases/bdt_t1_uk_rank_01.blk",
        "rankRange": [
          0,
          4
        ],
        "importAreas": true,
        "importUnits": true,
        "importTriggers": true,
        "importMissionObjectives": true,
        "importWayPoints": true,
        "showAreas": true,
        "showUnits": true,
        "showTriggers": true,
        "showMissionObjectives": true,
        "showWayPoints": true,
        "excludes": {}
      },
      {
        "file": "gameData/missions/templates/units_sets/land_sets_aaa_bases/bdt_t1_uk_rank_02.blk",
        "rankRange": [
          5,
          8
        ],
        "importAreas": true,
        "importUnits": true,
        "importTriggers": true,
        "importMissionObjectives": true,
        "importWayPoints": true,
        "showAreas": true,
        "showUnits": true,
        "showTriggers": true,
        "showMissionObjectives": true,
        "showWayPoints": true,
        "excludes": {}
      },
      {
        "file": "gameData/missions/templates/units_sets/land_sets_aaa_bases/bdt_t1_uk_rank_03.blk",
        "rankRange": [
          9,
          13
        ],
        "importAreas": true,
        "importUnits": true,
        "importTriggers": true,
        "importMissionObjectives": true,
        "importWayPoints": true,
        "showAreas": true,
        "showUnits": true,
        "showTriggers": true,
        "showMissionObjectives": true,
        "showWayPoints": true,
        "excludes": {}
      },
      {
        "file": "gameData/missions/templates/units_sets/land_sets_aaa_bases/bdt_t1_uk_rank_04.blk",
        "rankRange": [
          14,
          19
        ],
        "importAreas": true,
        "importUnits": true,
        "importTriggers": true,
        "importMissionObjectives": true,
        "importWayPoints": true,
        "showAreas": true,
        "showUnits": true,
        "showTriggers": true,
        "showMissionObjectives": true,
        "showWayPoints": true,
        "excludes": {}
      },
      {
        "file": "gameData/missions/templates/units_sets/land_sets_aaa_bases/bdt_t1_uk_rank_05.blk",
        "rankRange": [
          20,
          24
        ],
        "importAreas": true,
        "importUnits": true,
        "importTriggers": true,
        "importMissionObjectives": true,
        "importWayPoints": true,
        "showAreas": true,
        "showUnits": true,
        "showTriggers": true,
        "showMissionObjectives": true,
        "showWayPoints": true,
        "excludes": {}
      },
      {
        "file": "gameData/missions/templates/units_sets/land_sets_aaa_bases/bdt_t1_uk_rank_06.blk",
        "rankRange": [
          25,
          50
        ],
        "importAreas": true,
        "importUnits": true,
        "importTriggers": true,
        "importMissionObjectives": true,
        "importWayPoints": true,
        "showAreas": true,
        "showUnits": true,
        "showTriggers": true,
        "showMissionObjectives": true,
        "showWayPoints": true,
        "excludes": {}
      },
      {
        "file": "gameData/missions/templates/units_sets/land_sets_aaa_bases/bdt_t2_germ_rank_01.blk",
        "rankRange": [
          0,
          4
        ],
        "importAreas": true,
        "importUnits": true,
        "importTriggers": true,
        "importMissionObjectives": true,
        "importWayPoints": true,
        "showAreas": true,
        "showUnits": true,
        "showTriggers": true,
        "showMissionObjectives": true,
        "showWayPoints": true,
        "excludes": {}
      },
      {
        "file": "gameData/missions/templates/units_sets/land_sets_aaa_bases/bdt_t2_germ_rank_02.blk",
        "rankRange": [
          5,
          8
        ],
        "importAreas": true,
        "importUnits": true,
        "importTriggers": true,
        "importMissionObjectives": true,
        "importWayPoints": true,
        "showAreas": true,
        "showUnits": true,
        "showTriggers": true,
        "showMissionObjectives": true,
        "showWayPoints": true,
        "excludes": {}
      },
      {
        "file": "gameData/missions/templates/units_sets/land_sets_aaa_bases/bdt_t2_germ_rank_03.blk",
        "rankRange": [
          9,
          13
        ],
        "importAreas": true,
        "importUnits": true,
        "importTriggers": true,
        "importMissionObjectives": true,
        "importWayPoints": true,
        "showAreas": true,
        "showUnits": true,
        "showTriggers": true,
        "showMissionObjectives": true,
        "showWayPoints": true,
        "excludes": {}
      },
      {
        "file": "gameData/missions/templates/units_sets/land_sets_aaa_bases/bdt_t2_germ_rank_04.blk",
        "rankRange": [
          14,
          19
        ],
        "importAreas": true,
        "importUnits": true,
        "importTriggers": true,
        "importMissionObjectives": true,
        "importWayPoints": true,
        "showAreas": true,
        "showUnits": true,
        "showTriggers": true,
        "showMissionObjectives": true,
        "showWayPoints": true,
        "excludes": {}
      },
      {
        "file": "gameData/missions/templates/units_sets/land_sets_aaa_bases/bdt_t2_germ_rank_05.blk",
        "rankRange": [
          20,
          24
        ],
        "importAreas": true,
        "importUnits": true,
        "importTriggers": true,
        "importMissionObjectives": true,
        "importWayPoints": true,
        "showAreas": true,
        "showUnits": true,
        "showTriggers": true,
        "showMissionObjectives": true,
        "showWayPoints": true,
        "excludes": {}
      },
      {
        "file": "gameData/missions/templates/units_sets/land_sets_aaa_bases/bdt_t2_germ_rank_06.blk",
        "rankRange": [
          25,
          50
        ],
        "importAreas": true,
        "importUnits": true,
        "importTriggers": true,
        "importMissionObjectives": true,
        "importWayPoints": true,
        "showAreas": true,
        "showUnits": true,
        "showTriggers": true,
        "showMissionObjectives": true,
        "showWayPoints": true,
        "excludes": {}
      }
    ]
  },
  "triggers": {
    "isCategory": true,
    "is_enabled": true,
    "bdt_part_init": {
      "is_enabled": true,
      "comments": "",
      "props": {
        "actionsType": "PERFORM_ONE_BY_ONE",
        "conditionsType": "ALL",
        "enableAfterComplete": false
      },
      "events": {
        "initMission": {}
      },
      "conditions": {},
      "actions": {
        "comment": [
          {
            "value": "ukazyvaem maksimal'noe kolichestvo baz +1"
          },
          {
            "value": "govorim chto shablon sam sebya restartit"
          }
        ],
        "varSetInt": [
          {
            "value": 21,
            "var": "bdt_t1_total_bases_max_count"
          },
          {
            "value": 21,
            "var": "bdt_t2_total_bases_max_count"
          }
        ],
        "varSetBool": {
          "value": true,
          "var": "bdt_self_restart"
        }
      },
      "else_actions": {}
    }
  },
  "mission_objectives": {
    "isCategory": true,
    "is_enabled": true
  },
  "variables": {},
  "dialogs": {},
  "airfields": {},
  "effects": {},
  "units": {
    "objectGroups": [
      {
        "name": "bdt_t1_bomb_object_01",
        "tm": [
          [
            -0.573577,
            0.0,
            -0.819152
          ],
          [
            0.0,
            1.0,
            0.0
          ],
          [
            0.819152,
            0.0,
            -0.573577
          ],
          [
            -21738.5,
            71.75,
            14995.2
          ]
        ],
        "unit_class": "dynBase_small_factory_square",
        "objLayer": 2,
        "props": {
          "army": 1,
          "active": false
        }
      },
      {
        "name": "bdt_t1_bomb_object_02",
        "tm": [
          [
            -0.793353,
            0.0,
            0.608762
          ],
          [
            0.0,
            1.0,
            0.0
          ],
          [
            -0.608762,
            0.0,
            -0.793353
          ],
          [
            -18904.8,
            4.7,
            18850.2
          ]
        ],
        "unit_class": "dynBase_petrol_camp_square",
        "objLayer": 2,
        "props": {
          "army": 1,
          "active": false
        }
      },
      {
        "name": "bdt_t1_bomb_object_03",
        "tm": [
          [
            -2.68221E-07,
            0.0,
            1.0
          ],
          [
            0.0,
            1.0,
            0.0
          ],
          [
            -1.0,
            0.0,
            -2.68221E-07
          ],
          [
            -27566.2,
            186.833,
            8645.38
          ]
        ],
        "unit_class": "dynBase_oil_storage_small_square",
        "objLayer": 2,
        "props": {
          "army": 1,
          "active": false
        }
      },
      {
        "name": "bdt_t1_bomb_object_04",
        "tm": [
          [
            0.130527,
            0.0,
            0.991445
          ],
          [
            0.0,
            1.0,
            0.0
          ],
          [
            -0.991445,
            0.0,
            0.130527
          ],
          [
            -38267.2,
            252.801,
            2804.99
          ]
        ],
        "unit_class": "dynBase_oil_storage_large_square",
        "objLayer": 2,
        "props": {
          "army": 1,
          "active": false
        }
      },
      {
        "name": "bdt_t1_bomb_object_05",
        "tm": [
          [
            -0.906308,
            0.0,
            -0.422618
          ],
          [
            0.0,
            1.0,
            0.0
          ],
          [
            0.422618,
            0.0,
            -0.906308
          ],
          [
            -36402.5,
            83.3,
            17486.3
          ]
        ],
        "unit_class": "dynBase_military_base_square",
        "objLayer": 2,
        "props": {
          "army": 1,
          "active": false
        }
      },
      {
        "name": "bdt_t1_bomb_object_06",
        "tm": [
          [
            0.0871556,
            0.0,
            0.996195
          ],
          [
            0.0,
            1.0,
            0.0
          ],
          [
            -0.996195,
            0.0,
            0.0871556
          ],
          [
            -26606.0,
            64.6302,
            17464.1
          ]
        ],
        "unit_class": "dynBase_hq_camp_square",
        "objLayer": 2,
        "props": {
          "army": 1,
          "active": false
        }
      },
      {
        "name": "bdt_t1_bomb_object_07",
        "tm": [
          [
            -0.984807,
            0.0,
            0.173648
          ],
          [
            0.0,
            1.0,
            0.0
          ],
          [
            -0.173648,
            0.0,
            -0.984807
          ],
          [
            -32409.0,
            120.25,
            12956.7
          ]
        ],
        "unit_class": "dynBase_fuel_storage_square",
        "objLayer": 2,
        "props": {
          "army": 1,
          "active": false
        }
      },
      {
        "name": "bdt_t1_bomb_object_08",
        "tm": [
          [
            -0.216439,
            0.0,
            0.976296
          ],
          [
            0.0,
            1.0,
            0.0
          ],
          [
            -0.976296,
            0.0,
            -0.216439
          ],
          [
            -16973.6,
            75.35,
            27386.3
          ]
        ],
        "unit_class": "dynBase_field_camp_square",
        "objLayer": 2,
        "props": {
          "army": 1,
          "active": false
        }
      },
      {
        "name": "bdt_t2_bomb_object_01",
        "tm": [
          [
            -0.939694,
            0.0,
            0.34202
          ],
          [
            0.0,
            1.0,
            0.0
          ],
          [
            -0.34202,
            0.0,
            -0.939694
          ],
          [
            35699.6,
            7.95,
            -13949.4
          ]
        ],
        "unit_class": "dynBase_ammunition_camp_square",
        "objLayer": 2,
        "props": {
          "army": 2,
          "active": false
        }
      },
      {
        "name": "bdt_t2_bomb_object_02",
        "tm": [
          [
            -0.939693,
            0.0,
            0.34202
          ],
          [
            0.0,
            1.0,
            0.0
          ],
          [
            -0.34202,
            0.0,
            -0.939693
          ],
          [
            35652.5,
            8.03534,
            -25573.7
          ]
        ],
        "unit_class": "dynBase_ammunition_storage_square",
        "objLayer": 2,
        "props": {
          "army": 2,
          "active": false
        }
      },
      {
        "name": "bdt_t2_bomb_object_03",
        "tm": [
          [
            -0.965926,
            0.0,
            0.258819
          ],
          [
            0.0,
            1.0,
            0.0
          ],
          [
            -0.258819,
            0.0,
            -0.965926
          ],
          [
            33521.3,
            191.196,
            -35934.7
          ]
        ],
        "unit_class": "dynBase_field_camp_square",
        "objLayer": 2,
        "props": {
          "army": 2,
          "active": false
        }
      },
      {
        "name": "bdt_t2_bomb_object_04",
        "tm": [
          [
            -0.965926,
            0.0,
            0.258819
          ],
          [
            0.0,
            1.0,
            0.0
          ],
          [
            -0.258819,
            0.0,
            -0.965926
          ],
          [
            14725.0,
            39.55,
            -23862.2
          ]
        ],
        "unit_class": "dynBase_fuel_storage_square",
        "objLayer": 2,
        "props": {
          "army": 2,
          "active": false
        }
      },
      {
        "name": "bdt_t2_bomb_object_05",
        "tm": [
          [
            -0.707107,
            0.0,
            0.707107
          ],
          [
            0.0,
            1.0,
            0.0
          ],
          [
            -0.707107,
            0.0,
            -0.707107
          ],
          [
            23626.5,
            8.37231,
            -27396.9
          ]
        ],
        "unit_class": "dynBase_hq_camp_square",
        "objLayer": 2,
        "props": {
          "army": 2,
          "active": false
        }
      },
      {
        "name": "bdt_t2_bomb_object_06",
        "tm": [
          [
            -0.939693,
            0.0,
            0.34202
          ],
          [
            0.0,
            1.0,
            0.0
          ],
          [
            -0.34202,
            0.0,
            -0.939693
          ],
          [
            28104.0,
            8.05627,
            -19228.6
          ]
        ],
        "unit_class": "dynBase_military_base_square",
        "objLayer": 2,
        "props": {
          "army": 2,
          "active": false
        }
      },
      {
        "name": "bdt_t2_bomb_object_07",
        "tm": [
          [
            -0.866025,
            0.0,
            0.500001
          ],
          [
            0.0,
            1.0,
            0.0
          ],
          [
            -0.500001,
            0.0,
            -0.866025
          ],
          [
            1129.8,
            160.739,
            -30074.2
          ]
        ],
        "unit_class": "dynBase_oil_storage_large_square",
        "objLayer": 2,
        "props": {
          "army": 2,
          "active": false
        }
      },
      {
        "name": "bdt_t2_bomb_object_08",
        "tm": [
          [
            -0.766044,
            0.0,
            0.642788
          ],
          [
            0.0,
            1.0,
            0.0
          ],
          [
            -0.642788,
            0.0,
            -0.766044
          ],
          [
            15803.7,
            103.702,
            -35164.2
          ]
        ],
        "unit_class": "dynBase_oil_storage_small_square",
        "objLayer": 2,
        "props": {
          "army": 2,
          "active": false
        }
      },
      {
        "name": "bdt_t2_bomb_object_09",
        "tm": [
          [
            -0.766044,
            0.0,
            0.642788
          ],
          [
            0.0,
            1.0,
            0.0
          ],
          [
            -0.642788,
            0.0,
            -0.766044
          ],
          [
            -467.517,
            107.294,
            -41425.8
          ]
        ],
        "unit_class": "dynBase_petrol_camp_square",
        "objLayer": 2,
        "props": {
          "army": 2,
          "active": false
        }
      },
      {
        "name": "bdt_t2_bomb_object_10",
        "tm": [
          [
            -0.130526,
            0.0,
            0.991445
          ],
          [
            0.0,
            1.0,
            0.0
          ],
          [
            -0.991445,
            0.0,
            -0.130526
          ],
          [
            9203.02,
            52.6225,
            -34061.7
          ]
        ],
        "unit_class": "dynBase_small_factory_square",
        "objLayer": 2,
        "props": {
          "army": 2,
          "active": false
        }
      },
      {
        "name": "bdt_t1_bomb_object_09",
        "tm": [
          [
            -0.984808,
            0.0,
            -0.173648
          ],
          [
            0.0,
            1.0,
            0.0
          ],
          [
            0.173648,
            0.0,
            -0.984808
          ],
          [
            -39189.1,
            72.55,
            21586.2
          ]
        ],
        "unit_class": "dynBase_fuel_storage_square",
        "objLayer": 2,
        "props": {
          "army": 1,
          "active": false
        }
      },
      {
        "name": "bdt_t1_bomb_object_10",
        "tm": [
          [
            -0.953717,
            0.0,
            0.300706
          ],
          [
            0.0,
            1.0,
            0.0
          ],
          [
            -0.300706,
            0.0,
            -0.953717
          ],
          [
            -32880.5,
            69.6,
            24767.6
          ]
        ],
        "unit_class": "dynBase_field_camp_square",
        "objLayer": 2,
        "props": {
          "army": 1,
          "active": false
        }
      },
      {
        "name": "bdt_t2_bomb_object_11",
        "tm": [
          [
            -0.965926,
            0.0,
            0.258819
          ],
          [
            0.0,
            1.0,
            0.0
          ],
          [
            -0.258819,
            0.0,
            -0.965926
          ],
          [
            8312.27,
            192.914,
            -24803.6
          ]
        ],
        "unit_class": "dynBase_fuel_storage_square",
        "objLayer": 2,
        "props": {
          "army": 2,
          "active": false
        }
      },
      {
        "name": "bdt_t2_bomb_object_12",
        "tm": [
          [
            -0.965926,
            0.0,
            0.258819
          ],
          [
            0.0,
            1.0,
            0.0
          ],
          [
            -0.258819,
            0.0,
            -0.965926
          ],
          [
            22202.8,
            24.9424,
            -20053.9
          ]
        ],
        "unit_class": "dynBase_fuel_storage_square",
        "objLayer": 2,
        "props": {
          "army": 2,
          "active": false
        }
      },
      {
        "name": "bdt_t2_bomb_object_13",
        "tm": [
          [
            -0.965926,
            0.0,
            0.258819
          ],
          [
            0.0,
            1.0,
            0.0
          ],
          [
            -0.258819,
            0.0,
            -0.965926
          ],
          [
            26497.7,
            10.6913,
            -13644.8
          ]
        ],
        "unit_class": "dynBase_fuel_storage_square",
        "objLayer": 2,
        "props": {
          "army": 2,
          "active": false
        }
      },
      {
        "name": "bdt_t2_bomb_object_14",
        "tm": [
          [
            -0.965926,
            0.0,
            0.258819
          ],
          [
            0.0,
            1.0,
            0.0
          ],
          [
            -0.258819,
            0.0,
            -0.965926
          ],
          [
            17729.2,
            53.2752,
            -27138.5
          ]
        ],
        "unit_class": "dynBase_fuel_storage_square",
        "objLayer": 2,
        "props": {
          "army": 2,
          "active": false
        }
      },
      {
        "name": "bdt_t2_bomb_object_15",
        "tm": [
          [
            -0.965926,
            0.0,
            0.258819
          ],
          [
            0.0,
            1.0,
            0.0
          ],
          [
            -0.258819,
            0.0,
            -0.965926
          ],
          [
            11904.0,
            43.0237,
            -20492.3
          ]
        ],
        "unit_class": "dynBase_fuel_storage_square",
        "objLayer": 2,
        "props": {
          "army": 2,
          "active": false
        }
      },
      {
        "name": "bdt_t2_bomb_object_16",
        "tm": [
          [
            -0.965926,
            0.0,
            0.258819
          ],
          [
            0.0,
            1.0,
            0.0
          ],
          [
            -0.258819,
            0.0,
            -0.965926
          ],
          [
            35065.9,
            30.1075,
            -18774.2
          ]
        ],
        "unit_class": "dynBase_fuel_storage_square",
        "objLayer": 2,
        "props": {
          "army": 2,
          "active": false
        }
      },
      {
        "name": "bdt_t2_bomb_object_17",
        "tm": [
          [
            -0.965926,
            0.0,
            0.258819
          ],
          [
            0.0,
            1.0,
            0.0
          ],
          [
            -0.258819,
            0.0,
            -0.965926
          ],
          [
            27556.8,
            12.732,
            -28239.6
          ]
        ],
        "unit_class": "dynBase_fuel_storage_square",
        "objLayer": 2,
        "props": {
          "army": 2,
          "active": false
        }
      },
      {
        "name": "bdt_t2_bomb_object_18",
        "tm": [
          [
            -0.965926,
            0.0,
            0.258819
          ],
          [
            0.0,
            1.0,
            0.0
          ],
          [
            -0.258819,
            0.0,
            -0.965926
          ],
          [
            26486.0,
            221.897,
            -33754.8
          ]
        ],
        "unit_class": "dynBase_fuel_storage_square",
        "objLayer": 2,
        "props": {
          "army": 2,
          "active": false
        }
      },
      {
        "name": "bdt_t2_bomb_object_19",
        "tm": [
          [
            -0.965926,
            0.0,
            0.258819
          ],
          [
            0.0,
            1.0,
            0.0
          ],
          [
            -0.258819,
            0.0,
            -0.965926
          ],
          [
            17453.0,
            227.335,
            -31283.4
          ]
        ],
        "unit_class": "dynBase_fuel_storage_square",
        "objLayer": 2,
        "props": {
          "army": 2,
          "active": false
        }
      },
      {
        "name": "bdt_t2_bomb_object_20",
        "tm": [
          [
            -0.965926,
            0.0,
            0.258819
          ],
          [
            0.0,
            1.0,
            0.0
          ],
          [
            -0.258819,
            0.0,
            -0.965926
          ],
          [
            12027.5,
            155.803,
            -28302.4
          ]
        ],
        "unit_class": "dynBase_fuel_storage_square",
        "objLayer": 2,
        "props": {
          "army": 2,
          "active": false
        }
      },
      {
        "name": "bdt_t1_bomb_object_11",
        "tm": [
          [
            0.130527,
            0.0,
            0.991445
          ],
          [
            0.0,
            1.0,
            0.0
          ],
          [
            -0.991445,
            0.0,
            0.130527
          ],
          [
            -32656.0,
            86.527,
            -448.416
          ]
        ],
        "unit_class": "dynBase_oil_storage_large_square",
        "objLayer": 2,
        "props": {
          "army": 1,
          "active": false
        }
      },
      {
        "name": "bdt_t1_bomb_object_12",
        "tm": [
          [
            0.130527,
            0.0,
            0.991445
          ],
          [
            0.0,
            1.0,
            0.0
          ],
          [
            -0.991445,
            0.0,
            0.130527
          ],
          [
            -33802.8,
            230.029,
            2380.0
          ]
        ],
        "unit_class": "dynBase_oil_storage_large_square",
        "objLayer": 2,
        "props": {
          "army": 1,
          "active": false
        }
      },
      {
        "name": "bdt_t1_bomb_object_13",
        "tm": [
          [
            0.130527,
            0.0,
            0.991445
          ],
          [
            0.0,
            1.0,
            0.0
          ],
          [
            -0.991445,
            0.0,
            0.130527
          ],
          [
            -24219.2,
            101.662,
            3840.61
          ]
        ],
        "unit_class": "dynBase_oil_storage_large_square",
        "objLayer": 2,
        "props": {
          "army": 1,
          "active": false
        }
      },
      {
        "name": "bdt_t1_bomb_object_14",
        "tm": [
          [
            0.130527,
            0.0,
            0.991445
          ],
          [
            0.0,
            1.0,
            0.0
          ],
          [
            -0.991445,
            0.0,
            0.130527
          ],
          [
            -18662.8,
            121.331,
            6472.51
          ]
        ],
        "unit_class": "dynBase_oil_storage_large_square",
        "objLayer": 2,
        "props": {
          "army": 1,
          "active": false
        }
      },
      {
        "name": "bdt_t1_bomb_object_15",
        "tm": [
          [
            0.130527,
            0.0,
            0.991445
          ],
          [
            0.0,
            1.0,
            0.0
          ],
          [
            -0.991445,
            0.0,
            0.130527
          ],
          [
            -23300.0,
            112.437,
            10861.8
          ]
        ],
        "unit_class": "dynBase_oil_storage_large_square",
        "objLayer": 2,
        "props": {
          "army": 1,
          "active": false
        }
      },
      {
        "name": "bdt_t1_bomb_object_16",
        "tm": [
          [
            0.130527,
            0.0,
            0.991445
          ],
          [
            0.0,
            1.0,
            0.0
          ],
          [
            -0.991445,
            0.0,
            0.130527
          ],
          [
            -31402.8,
            205.375,
            6460.43
          ]
        ],
        "unit_class": "dynBase_oil_storage_large_square",
        "objLayer": 2,
        "props": {
          "army": 1,
          "active": false
        }
      },
      {
        "name": "bdt_t1_bomb_object_17",
        "tm": [
          [
            0.130527,
            0.0,
            0.991445
          ],
          [
            0.0,
            1.0,
            0.0
          ],
          [
            -0.991445,
            0.0,
            0.130527
          ],
          [
            -29358.3,
            31.2728,
            21022.4
          ]
        ],
        "unit_class": "dynBase_oil_storage_large_square",
        "objLayer": 2,
        "props": {
          "army": 1,
          "active": false
        }
      },
      {
        "name": "bdt_t1_bomb_object_18",
        "tm": [
          [
            0.130527,
            0.0,
            0.991445
          ],
          [
            0.0,
            1.0,
            0.0
          ],
          [
            -0.991445,
            0.0,
            0.130527
          ],
          [
            -20381.4,
            20.5421,
            22583.3
          ]
        ],
        "unit_class": "dynBase_oil_storage_large_square",
        "objLayer": 2,
        "props": {
          "army": 1,
          "active": false
        }
      },
      {
        "name": "bdt_t1_bomb_object_19",
        "tm": [
          [
            0.130527,
            0.0,
            0.991445
          ],
          [
            0.0,
            1.0,
            0.0
          ],
          [
            -0.991445,
            0.0,
            0.130527
          ],
          [
            -18821.5,
            47.6898,
            31123.6
          ]
        ],
        "unit_class": "dynBase_oil_storage_large_square",
        "objLayer": 2,
        "props": {
          "army": 1,
          "active": false
        }
      },
      {
        "name": "bdt_t1_bomb_object_20",
        "tm": [
          [
            0.130527,
            0.0,
            0.991445
          ],
          [
            0.0,
            1.0,
            0.0
          ],
          [
            -0.991445,
            0.0,
            0.130527
          ],
          [
            -28859.4,
            122.277,
            12420.3
          ]
        ],
        "unit_class": "dynBase_oil_storage_large_square",
        "objLayer": 2,
        "props": {
          "army": 1,
          "active": false
        }
      }
    ],
    "armada": {
      "name": "bdt_armada",
      "tm": [
        [
          -0.130526,
          0.0,
          0.991445
        ],
        [
          0.0,
          1.0,
          0.0
        ],
        [
          -0.991445,
          0.0,
          -0.130526
        ],
        [
          29940.5,
          1243.64,
          -21375.9
        ]
      ],
      "unit_class": "b-17g",
      "objLayer": 1,
      "closed_waypoints": false,
      "isShipSpline": false,
      "shipTurnRadius": 100.0,
      "weapons": "B17G_8x1000lbs",
      "bullets0": "",
      "bullets1": "",
      "bullets2": "",
      "bullets3": "",
      "bulletsCount0": 0,
      "bulletsCount1": 0,
      "bulletsCount2": 0,
      "bulletsCount3": 0,
      "crewSkillK": 0.0,
      "applyAllMods": false,
      "props": {
        "army": 2,
        "count": 1,
        "free_distance": 70.0,
        "floating_distance": 50.0,
        "minimum_distance_to_earth": 20.0,
        "altLimit": 6000.0,
        "attack_type": "fire_at_will",
        "skill": 4,
        "plane": {
          "wing_formation": "Diamond",
          "row_distances": 3.0,
          "col_distances": 3.0,
          "super_formation": "Diamond",
          "super_row_distances": 1.5,
          "super_col_distances": 1.5,
          "ai_skill": "NORMAL",
          "task": "FLY_WAYPOINT"
        }
      },
      "way": {}
    }
  },
  "areas": {
    "bdt_t1_bomb_zone_01": {
      "type": "Sphere",
      "tm": [
        [
          -321.394,
          0.0,
          -383.022
        ],
        [
          0.0,
          500.0,
          0.0
        ],
        [
          383.022,
          0.0,
          -321.394
        ],
        [
          -21754.5,
          57.198,
          14973.7
        ]
      ],
      "objLayer": 0,
      "props": {}
    },
    "bdt_t1_bomb_zone_02": {
      "type": "Sphere",
      "tm": [
        [
          -368.638,
          0.0,
          337.795
        ],
        [
          0.0,
          500.0,
          0.0
        ],
        [
          -337.795,
          0.0,
          -368.638
        ],
        [
          -18906.2,
          4.60575,
          18847.3
        ]
      ],
      "objLayer": 0,
      "props": {}
    },
    "bdt_t1_bomb_zone_03": {
      "type": "Sphere",
      "tm": [
        [
          43.578,
          0.0,
          498.097
        ],
        [
          0.0,
          500.0,
          0.0
        ],
        [
          -498.097,
          0.0,
          43.578
        ],
        [
          -27573.6,
          186.349,
          8635.46
        ]
      ],
      "objLayer": 0,
      "props": {}
    },
    "bdt_t1_bomb_zone_04": {
      "type": "Sphere",
      "tm": [
        [
          -65.263,
          0.0,
          495.722
        ],
        [
          0.0,
          500.0,
          0.0
        ],
        [
          -495.722,
          0.0,
          -65.263
        ],
        [
          -38272.2,
          251.45,
          2812.7
        ]
      ],
      "objLayer": 0,
      "props": {}
    },
    "bdt_t1_bomb_zone_05": {
      "type": "Sphere",
      "tm": [
        [
          -500.0,
          0.0,
          -0.000289917
        ],
        [
          0.0,
          500.0,
          0.0
        ],
        [
          0.000289917,
          0.0,
          -500.0
        ],
        [
          -36403.6,
          83.18,
          17489.5
        ]
      ],
      "objLayer": 0,
      "props": {}
    },
    "bdt_t1_bomb_zone_06": {
      "type": "Sphere",
      "tm": [
        [
          129.409,
          0.0,
          482.962
        ],
        [
          0.0,
          500.0,
          0.0
        ],
        [
          -482.962,
          0.0,
          129.409
        ],
        [
          -26609.8,
          65.1902,
          17461.4
        ]
      ],
      "objLayer": 0,
      "props": {}
    },
    "bdt_t1_bomb_zone_07": {
      "type": "Sphere",
      "tm": [
        [
          -337.795,
          0.0,
          368.638
        ],
        [
          0.0,
          500.0,
          0.0
        ],
        [
          -368.638,
          0.0,
          -337.795
        ],
        [
          -32413.3,
          120.255,
          12964.5
        ]
      ],
      "objLayer": 0,
      "props": {}
    },
    "bdt_t1_bomb_zone_08": {
      "type": "Sphere",
      "tm": [
        [
          211.309,
          0.0,
          453.154
        ],
        [
          0.0,
          500.0,
          0.0
        ],
        [
          -453.154,
          0.0,
          211.309
        ],
        [
          -16969.3,
          75.2692,
          27391.5
        ]
      ],
      "objLayer": 0,
      "props": {}
    },
    "bdt_t2_bomb_zone_01": {
      "type": "Sphere",
      "tm": [
        [
          -268.65,
          0.0,
          421.696
        ],
        [
          0.0,
          500.0,
          0.0
        ],
        [
          -421.696,
          0.0,
          -268.65
        ],
        [
          35699.3,
          7.95013,
          -13939.0
        ]
      ],
      "objLayer": 0,
      "props": {}
    },
    "bdt_t2_bomb_zone_02": {
      "type": "Sphere",
      "tm": [
        [
          -268.65,
          0.0,
          421.695
        ],
        [
          0.0,
          500.0,
          0.0
        ],
        [
          -421.695,
          0.0,
          -268.65
        ],
        [
          35656.4,
          8.03522,
          -25579.9
        ]
      ],
      "objLayer": 0,
      "props": {}
    },
    "bdt_t2_bomb_zone_03": {
      "type": "Sphere",
      "tm": [
        [
          -304.38,
          0.0,
          396.677
        ],
        [
          0.0,
          500.0,
          0.0
        ],
        [
          -396.677,
          0.0,
          -304.38
        ],
        [
          33525.3,
          190.581,
          -35921.6
        ]
      ],
      "objLayer": 0,
      "props": {}
    },
    "bdt_t2_bomb_zone_04": {
      "type": "Sphere",
      "tm": [
        [
          -304.38,
          0.0,
          396.676
        ],
        [
          0.0,
          500.0,
          0.0
        ],
        [
          -396.676,
          0.0,
          -304.38
        ],
        [
          14715.8,
          39.3652,
          -23852.8
        ]
      ],
      "objLayer": 0,
      "props": {}
    },
    "bdt_t2_bomb_zone_05": {
      "type": "Sphere",
      "tm": [
        [
          -65.263,
          0.0,
          495.722
        ],
        [
          0.0,
          500.0,
          0.0
        ],
        [
          -495.722,
          0.0,
          -65.263
        ],
        [
          23621.2,
          8.36761,
          -27392.0
        ]
      ],
      "objLayer": 0,
      "props": {}
    },
    "bdt_t2_bomb_zone_06": {
      "type": "Sphere",
      "tm": [
        [
          -171.01,
          0.0,
          469.845
        ],
        [
          0.0,
          500.0,
          0.0
        ],
        [
          -469.845,
          0.0,
          -171.01
        ],
        [
          28096.1,
          8.05523,
          -19230.8
        ]
      ],
      "objLayer": 0,
      "props": {}
    },
    "bdt_t2_bomb_zone_07": {
      "type": "Sphere",
      "tm": [
        [
          -250.0,
          0.0,
          433.013
        ],
        [
          0.0,
          500.0,
          0.0
        ],
        [
          -433.013,
          0.0,
          -250.0
        ],
        [
          1133.98,
          160.708,
          -30070.9
        ]
      ],
      "objLayer": 0,
      "props": {}
    },
    "bdt_t2_bomb_zone_08": {
      "type": "Sphere",
      "tm": [
        [
          -65.263,
          0.0,
          495.722
        ],
        [
          0.0,
          500.0,
          0.0
        ],
        [
          -495.722,
          0.0,
          -65.263
        ],
        [
          15822.6,
          106.398,
          -35173.9
        ]
      ],
      "objLayer": 0,
      "props": {}
    },
    "bdt_t2_bomb_zone_09": {
      "type": "Sphere",
      "tm": [
        [
          65.2635,
          0.0,
          495.723
        ],
        [
          0.0,
          500.0,
          0.0
        ],
        [
          -495.723,
          0.0,
          65.2635
        ],
        [
          -459.597,
          108.992,
          -41402.4
        ]
      ],
      "objLayer": 0,
      "props": {}
    },
    "bdt_t2_bomb_zone_10": {
      "type": "Sphere",
      "tm": [
        [
          383.023,
          0.0,
          321.394
        ],
        [
          0.0,
          500.0,
          0.0
        ],
        [
          -321.394,
          0.0,
          383.023
        ],
        [
          9224.52,
          53.2137,
          -34049.7
        ]
      ],
