{
  "selected_tag": "",
  "bin_dump_file": "",
  "mission_settings": {
    "player": {
      "army": 1
    },
    "player_teamB": {
      "army": 2
    },
    "mission": {
      "level": "levels/air_smolensk.bin",
      "type": "domination",
      "environment": "Day",
      "weather": "hazy",
      "restoreType": "attempts",
      "optionalTakeOff": false
    }
  },
  "imports": {
    "import_record": [
      {
        "file": "gameData/missions/templates/enduring_confrontation/bdt_bases_destroy_template.blk",
        "importAreas": true,
        "importUnits": true,
        "importTriggers": true,
        "importMissionObjectives": true,
        "importWayPoints": true,
        "showAreas": true,
        "showUnits": true,
        "showTriggers": true,
        "showMissionObjectives": true,
        "showWayPoints": true,
        "excludes": {}
      },
      {
        "file": "gameData/missions/templates/units_sets/land_sets_aaa_bases/bdt_t1_usa_rank_01.blk",
        "rankRange": [
          0,
          4
        ],
        "importAreas": true,
        "importUnits": true,
        "importTriggers": true,
        "importMissionObjectives": true,
        "importWayPoints": true,
        "showAreas": true,
        "showUnits": true,
        "showTriggers": true,
        "showMissionObjectives": true,
        "showWayPoints": true,
        "excludes": {}
      },
      {
        "file": "gameData/missions/templates/units_sets/land_sets_aaa_bases/bdt_t1_usa_rank_02.blk",
        "rankRange": [
          5,
          8
        ],
        "importAreas": true,
        "importUnits": true,
        "importTriggers": true,
        "importMissionObjectives": true,
        "importWayPoints": true,
        "showAreas": true,
        "showUnits": true,
        "showTriggers": true,
        "showMissionObjectives": true,
        "showWayPoints": true,
        "excludes": {}
      },
      {
        "file": "gameData/missions/templates/units_sets/land_sets_aaa_bases/bdt_t1_usa_rank_03.blk",
        "rankRange": [
          9,
          13
        ],
        "importAreas": true,
        "importUnits": true,
        "importTriggers": true,
        "importMissionObjectives": true,
        "importWayPoints": true,
        "showAreas": true,
        "showUnits": true,
        "showTriggers": true,
        "showMissionObjectives": true,
        "showWayPoints": true,
        "excludes": {}
      },
      {
        "file": "gameData/missions/templates/units_sets/land_sets_aaa_bases/bdt_t1_usa_rank_04.blk",
        "rankRange": [
          14,
          19
        ],
        "importAreas": true,
        "importUnits": true,
        "importTriggers": true,
        "importMissionObjectives": true,
        "importWayPoints": true,
        "showAreas": true,
        "showUnits": true,
        "showTriggers": true,
        "showMissionObjectives": true,
        "showWayPoints": true,
        "excludes": {}
      },
      {
        "file": "gameData/missions/templates/units_sets/land_sets_aaa_bases/bdt_t1_usa_rank_05.blk",
        "rankRange": [
          20,
          24
        ],
        "importAreas": true,
        "importUnits": true,
        "importTriggers": true,
        "importMissionObjectives": true,
        "importWayPoints": true,
        "showAreas": true,
        "showUnits": true,
        "showTriggers": true,
        "showMissionObjectives": true,
        "showWayPoints": true,
        "excludes": {}
      },
      {
        "file": "gameData/missions/templates/units_sets/land_sets_aaa_bases/bdt_t1_usa_rank_06.blk",
        "rankRange": [
          25,
          50
        ],
        "importAreas": true,
        "importUnits": true,
        "importTriggers": true,
        "importMissionObjectives": true,
        "importWayPoints": true,
        "showAreas": true,
        "showUnits": true,
        "showTriggers": true,
        "showMissionObjectives": true,
        "showWayPoints": true,
        "excludes": {}
      },
      {
        "file": "gameData/missions/templates/units_sets/land_sets_aaa_bases/bdt_t2_germ_rank_01.blk",
        "rankRange": [
          0,
          4
        ],
        "importAreas": true,
        "importUnits": true,
        "importTriggers": true,
        "importMissionObjectives": true,
        "importWayPoints": true,
        "showAreas": true,
        "showUnits": true,
        "showTriggers": true,
        "showMissionObjectives": true,
        "showWayPoints": true,
        "excludes": {}
      },
      {
        "file": "gameData/missions/templates/units_sets/land_sets_aaa_bases/bdt_t2_germ_rank_02.blk",
        "rankRange": [
          5,
          8
        ],
        "importAreas": true,
        "importUnits": true,
        "importTriggers": true,
        "importMissionObjectives": true,
        "importWayPoints": true,
        "showAreas": true,
        "showUnits": true,
        "showTriggers": true,
        "showMissionObjectives": true,
        "showWayPoints": true,
        "excludes": {}
      },
      {
        "file": "gameData/missions/templates/units_sets/land_sets_aaa_bases/bdt_t2_germ_rank_03.blk",
        "rankRange": [
          9,
          13
        ],
        "importAreas": true,
        "importUnits": true,
        "importTriggers": true,
        "importMissionObjectives": true,
        "importWayPoints": true,
        "showAreas": true,
        "showUnits": true,
        "showTriggers": true,
        "showMissionObjectives": true,
        "showWayPoints": true,
        "excludes": {}
      },
      {
        "file": "gameData/missions/templates/units_sets/land_sets_aaa_bases/bdt_t2_germ_rank_04.blk",
        "rankRange": [
          14,
          19
        ],
        "importAreas": true,
        "importUnits": true,
        "importTriggers": true,
        "importMissionObjectives": true,
        "importWayPoints": true,
        "showAreas": true,
        "showUnits": true,
        "showTriggers": true,
        "showMissionObjectives": true,
        "showWayPoints": true,
        "excludes": {}
      },
      {
        "file": "gameData/missions/templates/units_sets/land_sets_aaa_bases/bdt_t2_germ_rank_05.blk",
        "rankRange": [
          20,
          24
        ],
        "importAreas": true,
        "importUnits": true,
        "importTriggers": true,
        "importMissionObjectives": true,
        "importWayPoints": true,
        "showAreas": true,
        "showUnits": true,
        "showTriggers": true,
        "showMissionObjectives": true,
        "showWayPoints": true,
        "excludes": {}
      },
      {
        "file": "gameData/missions/templates/units_sets/land_sets_aaa_bases/bdt_t2_germ_rank_06.blk",
        "rankRange": [
          25,
          50
        ],
        "importAreas": true,
        "importUnits": true,
        "importTriggers": true,
        "importMissionObjectives": true,
        "importWayPoints": true,
        "showAreas": true,
        "showUnits": true,
        "showTriggers": true,
        "showMissionObjectives": true,
        "showWayPoints": true,
        "excludes": {}
      }
    ]
  },
  "triggers": {
    "isCategory": true,
    "is_enabled": true,
    "bdt_part_init": {
      "is_enabled": true,
      "comments": "",
      "props": {
        "actionsType": "PERFORM_ONE_BY_ONE",
        "conditionsType": "ALL",
        "enableAfterComplete": false
      },
      "events": {
        "initMission": {}
      },
      "conditions": {},
      "actions": {
        "comment": [
          {
            "value": "set max bases amount +1"
          },
          {
            "value": "enable self restarting for template"
          },
          {
            "value": "increase one-moment bases amount"
          },
          {
            "value": ""
          },
          {
            "value": ""
          },
          {
            "value": ""
          },
          {
            "value": ""
          }
        ],
        "varSetInt": [
          {
            "value": 9,
            "var": "bdt_t1_total_bases_max_count"
          },
          {
            "value": 9,
            "var": "bdt_t2_total_bases_max_count"
          },
          {
            "value": 4,
            "var": [
              "bdt_t1_active_bases_max_count",
              "bdt_t2_active_bases_max_count"
            ]
          },
          {
            "value": 1,
            "var": "bdt_delay_timer"
          }
        ],
        "varSetBool": [
          {
            "value": true,
            "var": "bdt_self_restart"
          },
          {
            "value": true,
            "var": "bMirrorSpawn"
          }
        ],
        "varSetString": {
          "value": "bfd",
          "var": "bdt_game_mode"
        },
        "varSetReal": {
          "value": 2000.0,
          "var": [
            "bdt_t1_min_zone_distance",
            "bdt_t2_min_zone_distance"
          ]
        }
      },
      "else_actions": {}
    }
  },
  "mission_objectives": {
    "isCategory": true,
    "is_enabled": true
  },
  "variables": {},
  "dialogs": {},
  "airfields": {},
  "effects": {},
  "units": {
    "objectGroups": [
      {
        "name": "bdt_t2_bomb_object_01",
        "tm": [
          [
            0.993572,
            0.0,
            -0.113194
          ],
          [
            0.0,
            1.0,
            0.0
          ],
          [
            0.113194,
            0.0,
            0.993572
          ],
          [
            -6944.91,
            104.148,
            -11981.4
          ]
        ],
        "unit_class": "dynBase_hq_camp_square",
        "objLayer": 2,
        "props": {
          "army": 2,
          "active": true
        }
      },
      {
        "name": "bdt_t2_bomb_object_02",
        "tm": [
          [
            0.656068,
            0.0,
            -0.754705
          ],
          [
            0.0,
            1.0,
            0.0
          ],
          [
            0.754705,
            0.0,
            0.656068
          ],
          [
            -4766.27,
            152.553,
            -18522.0
          ]
        ],
        "unit_class": "dynBase_fuel_storage_square",
        "objLayer": 2,
        "props": {
          "army": 2,
          "active": true
        }
      },
      {
        "name": "bdt_t2_bomb_object_03",
        "tm": [
          [
            0.559185,
            0.0,
            0.829045
          ],
          [
            0.0,
            1.0,
            0.0
          ],
          [
            -0.829045,
            0.0,
            0.559185
          ],
          [
            -3260.85,
            194.84,
            -19846.5
          ]
        ],
        "unit_class": "dynBase_oil_storage_small_square",
        "objLayer": 2,
        "props": {
          "army": 2,
          "active": true
        }
      },
      {
        "name": "bdt_t1_bomb_object_01",
        "tm": [
          [
            0.975965,
            0.0,
            0.217921
          ],
          [
            0.0,
            1.0,
            0.0
          ],
          [
            -0.217921,
            0.0,
            0.975965
          ],
          [
            1581.58,
            17.6788,
            -5121.9
          ]
        ],
        "unit_class": "dynBase_fuel_storage_square",
        "objLayer": 2,
        "props": {
          "army": 1,
          "active": true
        }
      },
      {
        "name": "bdt_t1_bomb_object_02",
        "tm": [
          [
            0.572331,
            0.0,
            0.820021
          ],
          [
            0.0,
            1.0,
            0.0
          ],
          [
            -0.820021,
            0.0,
            0.572331
          ],
          [
            5129.58,
            54.7319,
            -6529.54
          ]
        ],
        "unit_class": "dynBase_small_factory_square",
        "objLayer": 2,
        "props": {
          "army": 1,
          "active": false
        }
      },
      {
        "name": "bdt_t1_bomb_object_03",
        "tm": [
          [
            0.383433,
            0.0,
            0.923568
          ],
          [
            0.0,
            1.0,
            0.0
          ],
          [
            -0.923568,
            0.0,
            0.383433
          ],
          [
            8636.86,
            144.685,
            -13677.9
          ]
        ],
        "unit_class": "dynBase_oil_storage_small_square",
        "objLayer": 2,
        "props": {
          "army": 1,
          "active": false
        }
      },
      {
        "name": "bdt_t2_bomb_object_04",
        "tm": [
          [
            0.878811,
            0.0,
            0.477168
          ],
          [
            0.0,
            1.0,
            0.0
          ],
          [
            -0.477168,
            0.0,
            0.878811
          ],
          [
            -5827.12,
            86.0524,
            -9069.84
          ]
        ],
        "unit_class": "dynBase_small_factory_square",
        "objLayer": 2,
        "props": {
          "army": 2,
          "active": true
        }
      },
      {
        "name": "bdt_t1_bomb_object_04",
        "tm": [
          [
            0.682431,
            0.0,
            0.73095
          ],
          [
            0.0,
            1.0,
            0.0
          ],
          [
            -0.73095,
            0.0,
            0.682431
          ],
          [
            7791.47,
            126.288,
            -16422.2
          ]
        ],
        "unit_class": "dynBase_field_camp_square",
        "objLayer": 2,
        "props": {
          "army": 1,
          "active": false
        }
      },
      {
        "name": "bdt_t1_bomb_object_05",
        "tm": [
          [
            0.682431,
            0.0,
            0.73095
          ],
          [
            0.0,
            1.0,
            0.0
          ],
          [
            -0.73095,
            0.0,
            0.682431
          ],
          [
            10060.6,
            172.415,
            -17297.0
          ]
        ],
        "unit_class": "dynBase_military_base_square",
        "objLayer": 2,
        "props": {
          "army": 1,
          "active": false
        }
      },
      {
        "name": "bdt_t1_bomb_object_06",
        "tm": [
          [
            0.682431,
            0.0,
            0.73095
          ],
          [
            0.0,
            1.0,
            0.0
          ],
          [
            -0.73095,
            0.0,
            0.682431
          ],
          [
            10022.5,
            158.051,
            -13637.0
          ]
        ],
        "unit_class": "dynBase_oil_storage_large_square",
        "objLayer": 2,
        "props": {
          "army": 1,
          "active": false
        }
      },
      {
        "name": "bdt_t1_bomb_object_07",
        "tm": [
          [
            0.682431,
            0.0,
            0.73095
          ],
          [
            0.0,
            1.0,
            0.0
          ],
          [
            -0.73095,
            0.0,
            0.682431
          ],
          [
            9725.6,
            90.4837,
            -11777.1
          ]
        ],
        "unit_class": "dynBase_oil_storage_large_square",
        "objLayer": 2,
        "props": {
          "army": 1,
          "active": false
        }
      },
      {
        "name": "bdt_t1_bomb_object_08",
        "tm": [
          [
            0.975965,
            0.0,
            0.217921
          ],
          [
            0.0,
            1.0,
            0.0
          ],
          [
            -0.217921,
            0.0,
            0.975965
          ],
          [
            1858.96,
            98.8768,
            -3618.54
          ]
        ],
        "unit_class": "dynBase_small_factory_square",
        "objLayer": 2,
        "props": {
          "army": 1,
          "active": true
        }
      },
      {
        "name": "bdt_t1_bomb_object_09",
        "tm": [
          [
            0.975965,
            0.0,
            0.217921
          ],
          [
            0.0,
            1.0,
            0.0
          ],
          [
            -0.217921,
            0.0,
            0.975965
          ],
          [
            4014.99,
            120.876,
            -4617.12
          ]
        ],
        "unit_class": "dynBase_hq_camp_square",
        "objLayer": 2,
        "props": {
          "army": 1,
          "active": true
        }
      },
      {
        "name": "bdt_t1_bomb_object_10",
        "tm": [
          [
            0.975965,
            0.0,
            0.217921
          ],
          [
            0.0,
            1.0,
            0.0
          ],
          [
            -0.217921,
            0.0,
            0.975965
          ],
          [
            6129.93,
            57.5204,
            -5466.02
          ]
        ],
        "unit_class": "dynBase_petrol_camp_square",
        "objLayer": 2,
        "props": {
          "army": 1,
          "active": true
        }
      },
      {
        "name": "bdt_t2_bomb_object_05",
        "tm": [
          [
            0.878811,
            0.0,
            0.477168
          ],
          [
            0.0,
            1.0,
            0.0
          ],
          [
            -0.477168,
            0.0,
            0.878811
          ],
          [
            -6544.47,
            22.8859,
            -7780.76
          ]
        ],
        "unit_class": "dynBase_petrol_camp_square",
        "objLayer": 2,
        "props": {
          "army": 2,
          "active": true
        }
      },
      {
        "name": "bdt_t2_bomb_object_06",
        "tm": [
          [
            0.552107,
            0.0,
            0.833773
          ],
          [
            0.0,
            1.0,
            0.0
          ],
          [
            -0.833773,
            0.0,
            0.552107
          ],
          [
            -7477.82,
            57.8271,
            -9747.28
          ]
        ],
        "unit_class": "dynBase_military_base_square",
        "objLayer": 2,
        "props": {
          "army": 2,
          "active": true
        }
      },
      {
        "name": "bdt_t2_bomb_object_07",
        "tm": [
          [
            0.878811,
            0.0,
            0.477168
          ],
          [
            0.0,
            1.0,
            0.0
          ],
          [
            -0.477168,
            0.0,
            0.878811
          ],
          [
            -8502.3,
            104.997,
            -12164.7
          ]
        ],
        "unit_class": "dynBase_fuel_storage_square",
        "objLayer": 2,
        "props": {
          "army": 2,
          "active": true
        }
      },
      {
        "name": "bdt_t2_bomb_object_08",
        "tm": [
          [
            0.559185,
            0.0,
            0.829045
          ],
          [
            0.0,
            1.0,
            0.0
          ],
          [
            -0.829045,
            0.0,
            0.559185
          ],
          [
            -3177.26,
            199.853,
            -21286.5
          ]
        ],
        "unit_class": "dynBase_ammunition_storage_square",
        "objLayer": 2,
        "props": {
          "army": 2,
          "active": true
        }
      },
      {
        "name": "bdt_t2_bomb_object_09",
        "tm": [
          [
            0.559185,
            0.0,
            0.829045
          ],
          [
            0.0,
            1.0,
            0.0
          ],
          [
            -0.829045,
            0.0,
            0.559185
          ],
          [
            -4831.86,
            194.356,
            -20388.9
          ]
        ],
        "unit_class": "dynBase_field_camp_square",
        "objLayer": 2,
        "props": {
          "army": 2,
          "active": true
        }
      },
      {
        "name": "bdt_t2_bomb_object_10",
        "tm": [
          [
            0.559185,
            0.0,
            0.829045
          ],
          [
            0.0,
            1.0,
            0.0
          ],
          [
            -0.829045,
            0.0,
            0.559185
          ],
          [
            -7179.91,
            104.197,
            -18554.8
          ]
        ],
        "unit_class": "dynBase_oil_storage_small_square",
        "objLayer": 2,
        "props": {
          "army": 2,
          "active": true
        }
      }
    ]
  },
  "areas": {
    "bdt_t2_bomb_zone_01": {
      "type": "Sphere",
      "tm": [
        [
          447.109,
          0.0,
          -50.9371
        ],
        [
          0.0,
          450.0,
          0.0
        ],
        [
          50.9371,
          0.0,
          447.109
        ],
        [
          -6948.03,
          104.245,
          -11987.8
        ]
      ],
      "objLayer": 0,
      "props": {}
    },
    "bdt_t2_bomb_zone_02": {
      "type": "Sphere",
      "tm": [
        [
          447.109,
          0.0,
          -50.9371
        ],
        [
          0.0,
          450.0,
          0.0
        ],
        [
          50.9371,
          0.0,
          447.109
        ],
        [
          -4754.77,
          152.92,
          -18503.7
        ]
      ],
      "objLayer": 0,
      "props": {}
    },
    "bdt_t2_bomb_zone_03": {
      "type": "Sphere",
      "tm": [
        [
          251.634,
          0.0,
          373.07
        ],
        [
          0.0,
          450.0,
          0.0
        ],
        [
          -373.07,
          0.0,
          251.634
        ],
        [
          -3270.65,
          194.698,
          -19846.2
        ]
      ],
      "objLayer": 0,
      "props": {}
    },
    "bdt_t1_bomb_zone_01": {
      "type": "Sphere",
      "tm": [
        [
          439.185,
          0.0,
          98.0647
        ],
        [
          0.0,
          450.0,
          0.0
        ],
        [
          -98.0647,
          0.0,
          439.185
        ],
        [
          1592.91,
          17.8083,
          -5116.2
        ]
      ],
      "objLayer": 0,
      "props": {}
    },
    "bdt_t1_bomb_zone_02": {
      "type": "Sphere",
      "tm": [
        [
          331.312,
          0.0,
          304.519
        ],
        [
          0.0,
          450.0,
          0.0
        ],
        [
          -304.519,
          0.0,
          331.312
        ],
        [
          5131.41,
          54.7199,
          -6525.01
        ]
      ],
      "objLayer": 0,
      "props": {}
    },
    "bdt_t1_bomb_zone_03": {
      "type": "Sphere",
      "tm": [
        [
          317.714,
          0.0,
          318.682
        ],
        [
          0.0,
          450.0,
          0.0
        ],
        [
          -318.682,
          0.0,
          317.714
        ],
        [
          8640.47,
          144.782,
          -13673.4
        ]
      ],
      "objLayer": 0,
      "props": {}
    },
    "bdt_t2_bomb_zone_04": {
      "type": "Sphere",
      "tm": [
        [
          395.465,
          0.0,
          214.726
        ],
        [
          0.0,
          450.0,
          0.0
        ],
        [
          -214.726,
          0.0,
          395.465
        ],
        [
          -5819.4,
          86.6481,
          -9067.88
        ]
      ],
      "objLayer": 0,
      "props": {}
    },
    "bdt_t1_bomb_zone_04": {
      "type": "Sphere",
      "tm": [
        [
          317.714,
          0.0,
          318.682
        ],
        [
          0.0,
          450.0,
          0.0
        ],
        [
          -318.682,
          0.0,
          317.714
        ],
        [
          7787.57,
          126.084,
          -16417.9
        ]
      ],
      "objLayer": 0,
      "props": {}
    },
    "bdt_t2_bomb_zone_01_aaa_point_01": {
      "type": "Point",
      "tm": [
        [
          0.887325,
          0.0,
          0.461143
        ],
        [
          0.0,
          1.0,
          0.0
        ],
        [
          -0.461143,
          0.0,
          0.887325
        ],
        [
          -6821.01,
          80.7985,
          -12174.1
        ]
      ],
      "objLayer": 0,
      "props": {}
    },
    "bdt_t2_bomb_zone_01_aaa_point_02": {
      "type": "Point",
      "tm": [
        [
          0.887325,
          0.0,
          0.461143
        ],
        [
          0.0,
          1.0,
          0.0
        ],
        [
          -0.461143,
          0.0,
          0.887325
        ],
        [
          -7188.53,
          120.397,
          -11821.8
        ]
      ],
      "objLayer": 0,
      "props": {}
    },
    "bdt_t2_bomb_zone_01_aaa_point_03": {
      "type": "Point",
      "tm": [
        [
          0.887325,
          0.0,
          0.461143
        ],
        [
          0.0,
          1.0,
          0.0
        ],
        [
          -0.461143,
          0.0,
          0.887325
        ],
        [
          -7086.89,
          0.0,
          -11759.9
        ]
      ],
      "objLayer": 0,
      "props": {}
    },
    "bdt_t2_bomb_zone_01_aaa_point_04": {
      "type": "Point",
      "tm": [
        [
          0.887325,
          0.0,
          0.461143
        ],
        [
          0.0,
          1.0,
          0.0
        ],
        [
          -0.461143,
          0.0,
          0.887325
        ],
        [
          -6756.29,
          103.5,
          -11561.5
        ]
      ],
      "objLayer": 0,
      "props": {}
    },
    "bdt_t2_bomb_zone_02_aaa_point_01": {
      "type": "Point",
      "tm": [
        [
          0.887325,
          0.0,
          0.461143
        ],
        [
          0.0,
          1.0,
          0.0
        ],
        [
          -0.461143,
          0.0,
          0.887325
        ],
        [
          -4862.2,
          154.704,
          -18727.9
        ]
      ],
      "objLayer": 0,
      "props": {}
    },
    "bdt_t2_bomb_zone_02_aaa_point_02": {
      "type": "Point",
      "tm": [
        [
          0.887325,
          0.0,
          0.461143
        ],
        [
          0.0,
          1.0,
          0.0
        ],
        [
          -0.461143,
          0.0,
          0.887325
        ],
        [
          -4844.78,
          141.217,
          -18189.1
        ]
      ],
      "objLayer": 0,
      "props": {}
    },
    "bdt_t2_bomb_zone_02_aaa_point_03": {
      "type": "Point",
      "tm": [
        [
          0.887325,
          0.0,
          0.461143
        ],
        [
          0.0,
          1.0,
          0.0
        ],
        [
          -0.461143,
          0.0,
          0.887325
        ],
        [
          -5033.47,
          143.579,
          -18525.2
        ]
      ],
      "objLayer": 0,
      "props": {}
    },
    "bdt_t2_bomb_zone_02_aaa_point_04": {
      "type": "Point",
      "tm": [
        [
          0.887325,
          0.0,
          0.461143
        ],
        [
          0.0,
          1.0,
          0.0
        ],
        [
          -0.461143,
          0.0,
          0.887325
        ],
        [
          -4536.16,
          154.294,
          -18434.2
        ]
      ],
      "objLayer": 0,
      "props": {}
    },
    "bdt_t2_bomb_zone_03_aaa_point_01": {
      "type": "Point",
      "tm": [
        [
          0.887325,
          0.0,
          0.461143
        ],
        [
          0.0,
          1.0,
          0.0
        ],
        [
          -0.461143,
          0.0,
          0.887325
        ],
        [
          -2833.31,
          187.458,
          -19963.7
        ]
      ],
      "objLayer": 0,
      "props": {}
    },
    "bdt_t2_bomb_zone_03_aaa_point_02": {
      "type": "Point",
      "tm": [
        [
          0.887325,
          0.0,
          0.461143
        ],
        [
          0.0,
          1.0,
          0.0
        ],
        [
          -0.461143,
          0.0,
          0.887325
        ],
        [
          -3297.75,
          187.87,
          -19554.9
        ]
      ],
      "objLayer": 0,
      "props": {}
    },
    "bdt_t2_bomb_zone_03_aaa_point_03": {
      "type": "Point",
      "tm": [
        [
          0.887325,
          0.0,
          0.461143
        ],
        [
          0.0,
          1.0,
          0.0
        ],
        [
          -0.461143,
          0.0,
          0.887325
        ],
        [
          -3561.69,
          190.705,
          -19712.3
        ]
      ],
      "objLayer": 0,
      "props": {}
    },
    "bdt_t2_bomb_zone_03_aaa_point_04": {
      "type": "Point",
      "tm": [
        [
          0.887325,
          0.0,
          0.461143
        ],
        [
          0.0,
          1.0,
          0.0
        ],
        [
          -0.461143,
          0.0,
          0.887325
        ],
        [
          -3411.6,
          198.349,
          -20149.1
        ]
      ],
      "objLayer": 0,
      "props": {}
    },
    "bdt_t2_bomb_zone_04_aaa_point_01": {
      "type": "Point",
      "tm": [
        [
          0.887325,
          0.0,
          0.461143
        ],
        [
          0.0,
          1.0,
          0.0
        ],
        [
          -0.461143,
          0.0,
          0.887325
        ],
        [
          -5713.5,
          104.725,
          -8752.89
        ]
      ],
      "objLayer": 0,
      "props": {}
    },
    "bdt_t2_bomb_zone_04_aaa_point_02": {
      "type": "Point",
      "tm": [
        [
          0.887325,
          0.0,
          0.461143
        ],
        [
          0.0,
          1.0,
          0.0
        ],
        [
          -0.461143,
          0.0,
          0.887325
        ],
        [
          -6109.4,
          76.1889,
          -8982.82
        ]
      ],
      "objLayer": 0,
      "props": {}
    },
    "bdt_t2_bomb_zone_04_aaa_point_03": {
      "type": "Point",
      "tm": [
        [
          0.887325,
          0.0,
          0.461143
        ],
        [
          0.0,
          1.0,
          0.0
        ],
        [
          -0.461143,
          0.0,
          0.887325
        ],
        [
          -5604.81,
          97.7598,
          -9225.93
        ]
      ],
      "objLayer": 0,
      "props": {}
    },
    "bdt_t2_bomb_zone_04_aaa_point_04": {
      "type": "Point",
      "tm": [
        [
          0.887325,
          0.0,
          0.461143
        ],
        [
          0.0,
          1.0,
          0.0
        ],
        [
          -0.461143,
          0.0,
          0.887325
        ],
        [
          -5832.62,
          86.1962,
          -9314.34
        ]
      ],
      "objLayer": 0,
      "props": {}
    },
    "bdt_t1_bomb_zone_01_aaa_point_01": {
      "type": "Point",
      "tm": [
        [
          0.687755,
          0.0,
          0.725942
        ],
        [
          0.0,
          1.0,
          0.0
        ],
        [
          -0.725942,
          0.0,
          0.687755
        ],
        [
          1761.45,
          10.5481,
          -4925.14
        ]
      ],
      "objLayer": 0,
      "props": {}
    },
    "bdt_t1_bomb_zone_01_aaa_point_02": {
      "type": "Point",
      "tm": [
        [
          0.687755,
          0.0,
          0.725942
        ],
        [
          0.0,
          1.0,
          0.0
        ],
        [
          -0.725942,
          0.0,
          0.687755
        ],
        [
          1379.64,
          21.4594,
          -5252.57
        ]
      ],
      "objLayer": 0,
      "props": {}
    },
    "bdt_t1_bomb_zone_01_aaa_point_03": {
      "type": "Point",
      "tm": [
        [
          0.687755,
          0.0,
          0.725942
        ],
        [
          0.0,
          1.0,
          0.0
        ],
        [
          -0.725942,
          0.0,
          0.687755
        ],
        [
          1740.84,
          25.4489,
          -5296.56
        ]
      ],
      "objLayer": 0,
      "props": {}
    },
    "bdt_t1_bomb_zone_01_aaa_point_04": {
      "type": "Point",
      "tm": [
        [
          0.687755,
          0.0,
          0.725942
        ],
        [
          0.0,
          1.0,
          0.0
        ],
        [
          -0.725942,
          0.0,
          0.687755
        ],
        [
          1519.55,
          24.8878,
          -5353.42
        ]
      ],
      "objLayer": 0,
      "props": {}
    },
    "bdt_t1_bomb_zone_02_aaa_point_01": {
      "type": "Point",
      "tm": [
        [
          0.687755,
          0.0,
          0.725942
        ],
        [
          0.0,
          1.0,
          0.0
        ],
        [
          -0.725942,
          0.0,
          0.687755
        ],
        [
          5137.31,
          43.4056,
          -6254.73
        ]
      ],
      "objLayer": 0,
      "props": {}
    },
    "bdt_t1_bomb_zone_02_aaa_point_02": {
      "type": "Point",
      "tm": [
        [
          0.687755,
          0.0,
          0.725942
        ],
        [
          0.0,
          1.0,
          0.0
        ],
        [
          -0.725942,
          0.0,
          0.687755
        ],
        [
          4891.8,
          44.1819,
          -6409.78
        ]
      ],
      "objLayer": 0,
      "props": {}
    },
    "bdt_t1_bomb_zone_02_aaa_point_03": {
      "type": "Point",
      "tm": [
        [
          0.687755,
          0.0,
          0.725942
        ],
        [
          0.0,
          1.0,
          0.0
        ],
        [
          -0.725942,
          0.0,
          0.687755
        ],
        [
          5411.02,
          78.7866,
          -6878.36
        ]
      ],
      "objLayer": 0,
      "props": {}
    },
    "bdt_t1_bomb_zone_02_aaa_point_04": {
      "type": "Point",
      "tm": [
        [
          0.687755,
          0.0,
          0.725942
        ],
        [
          0.0,
          1.0,
          0.0
        ],
        [
          -0.725942,
          0.0,
          0.687755
        ],
        [
          4879.99,
          34.7195,
          -6737.62
        ]
      ],
      "objLayer": 0,
      "props": {}
    },
    "bdt_t1_bomb_zone_03_aaa_point_01": {
      "type": "Point",
      "tm": [
        [
          0.687755,
          0.0,
          0.725942
        ],
        [
          0.0,
          1.0,
          0.0
        ],
        [
          -0.725942,
          0.0,
          0.687755
        ],
        [
          8669.65,
          144.617,
          -13979.8
        ]
      ],
      "objLayer": 0,
      "props": {}
    },
    "bdt_t1_bomb_zone_03_aaa_point_02": {
      "type": "Point",
      "tm": [
        [
          0.687755,
          0.0,
          0.725942
        ],
        [
          0.0,
          1.0,
          0.0
        ],
        [
          -0.725942,
          0.0,
          0.687755
        ],
        [
          8602.81,
          143.04,
          -13434.2
        ]
      ],
      "objLayer": 0,
      "props": {}
    },
    "bdt_t1_bomb_zone_03_aaa_point_03": {
      "type": "Point",
      "tm": [
        [
          0.687755,
          0.0,
          0.725942
        ],
        [
          0.0,
          1.0,
          0.0
        ],
        [
          -0.725942,
          0.0,
          0.687755
        ],
        [
          8367.38,
          137.564,
          -13585.7
        ]
      ],
      "objLayer": 0,
      "props": {}
    },
    "bdt_t1_bomb_zone_03_aaa_point_04": {
      "type": "Point",
      "tm": [
        [
          0.687755,
          0.0,
          0.725942
        ],
        [
          0.0,
          1.0,
          0.0
        ],
        [
          -0.725942,
          0.0,
          0.687755
        ],
        [
          8900.94,
          149.73,
          -13658.1
        ]
      ],
      "objLayer": 0,
      "props": {}
    },
    "bdt_t1_bomb_zone_04_aaa_point_01": {
      "type": "Point",
      "tm": [
        [
          0.687755,
          0.0,
          0.725942
        ],
        [
          0.0,
          1.0,
          0.0
        ],
        [
          -0.725942,
          0.0,
          0.687755
        ],
        [
          8082.31,
          136.174,
          -16301.7
        ]
      ],
      "objLayer": 0,
      "props": {}
    },
    "bdt_t1_bomb_zone_04_aaa_point_02": {
      "type": "Point",
      "tm": [
        [
          0.687755,
          0.0,
          0.725942
        ],
        [
          0.0,
          1.0,
          0.0
        ],
        [
          -0.725942,
          0.0,
          0.687755
        ],
        [
          7791.62,
          139.361,
          -16165.2
        ]
      ],
      "objLayer": 0,
      "props": {}
    },
    "bdt_t1_bomb_zone_04_aaa_point_03": {
      "type": "Point",
      "tm": [
        [
          0.687755,
          0.0,
          0.725942
        ],
        [
          0.0,
          1.0,
          0.0
        ],
        [
          -0.725942,
          0.0,
          0.687755
        ],
        [
          7994.55,
          150.214,
          -16622.3
        ]
      ],
      "objLayer": 0,
      "props": {}
    },
    "bdt_t1_bomb_zone_04_aaa_point_04": {
      "type": "Point",
      "tm": [
        [
          0.687755,
          0.0,
          0.725942
        ],
        [
          0.0,
          1.0,
          0.0
        ],
        [
          -0.725942,
          0.0,
          0.687755
        ],
        [
          7482.48,
          148.041,
          -16344.2
        ]
      ],
      "objLayer": 0,
      "props": {}
    },
    "bdt_t1_bomb_zone_05": {
      "type": "Sphere",
      "tm": [
        [
          317.714,
          0.0,
          318.682
        ],
        [
          0.0,
          450.0,
          0.0
        ],
        [
          -318.682,
          0.0,
          317.714
        ],
        [
          10056.6,
          172.277,
          -17292.7
        ]
      ],
