{
  "selected_tag": "",
  "bin_dump_file": "",
  "mission_settings": {
    "player": {
      "army": 1
    },
    "player_teamB": {
      "army": 2
    },
    "mission": {
      "type": "singleMission",
      "level": "levels/water.bin",
      "environment": "Day",
      "weather": "hazy",
      "restoreType": "attempts",
      "optionalTakeOff": false
    }
  },
  "imports": {
    "import_record": {
      "file": "gameData/missions/templates/enduring_confrontation/tl_takeoff_landing_template.blk",
      "importAreas": true,
      "importUnits": true,
      "importTriggers": true,
      "importMissionObjectives": true,
      "importWayPoints": true,
      "showAreas": true,
      "showUnits": true,
      "showTriggers": true,
      "showMissionObjectives": true,
      "showWayPoints": true,
      "excludes": []
    }
  },
  "triggers": {
    "isCategory": true,
    "is_enabled": true
  },
  "mission_objectives": {
    "isCategory": true,
    "is_enabled": true
  },
  "variables": [],
  "dialogs": [],
  "airfields": [],
  "effects": [],
  "units": [
    {
      "squad": {
        "name": "tl_all_fields_squad",
        "tm": [
          [-1.0,0.0,-5.96046e-08],
          [0.0,1.0,0.0],
          [5.96046e-08,0.0,-1.0],
          [17615.5,3.84961,-14569.4]
        ],
        "props": [
          {
            "object_marking": 0
          },
          {
            "squad_members": "tl_base_01"
          },
          {
            "squad_members": "tl_base_02"
          },
          {
            "squad_members": "tl_base_03"
          },
          {
            "squad_members": "tl_base_04"
          },
          {
            "squad_members": "tl_base_05"
          },
          {
            "squad_members": "tl_base_06"
          },
          {
            "squad_members": "tl_base_07"
          },
          {
            "squad_members": "tl_base_08"
          },
          {
            "squad_members": "tl_base_09"
          },
          {
            "squad_members": "tl_base_10"
          },
          {
            "squad_members": "tl_base_11"
          },
          {
            "squad_members": "tl_base_12"
          }
        ]
      }
    },
    {
      "squad": {
        "name": "tl_t1_squad",
        "tm": [
          [-1.0,0.0,-5.96046e-08],
          [0.0,1.0,0.0],
          [5.96046e-08,0.0,-1.0],
          [18221.2,3.85034,-12866.4]
        ],
        "props": [
          {
            "object_marking": 0
          },
          {
            "squad_members": "tl_base_01"
          },
          {
            "squad_members": "tl_base_02"
          },
          {
            "squad_members": "tl_base_03"
          },
          {
            "squad_members": "tl_base_04"
          },
          {
            "squad_members": "tl_base_05"
          },
          {
            "squad_members": "tl_base_06"
          },
          {
            "squad_members": "tl_base_07"
          },
          {
            "squad_members": "tl_base_08"
          },
          {
            "squad_members": "tl_base_09"
          },
          {
            "squad_members": "tl_base_10"
          },
          {
            "squad_members": "tl_base_11"
          },
          {
            "squad_members": "tl_base_12"
          },
          {
            "object_type": "isTeamA"
          }
        ]
      }
    },
    {
      "squad": {
        "name": "tl_t2_squad",
        "tm": [
          [-1.0,0.0,-5.96046e-08],
          [0.0,1.0,0.0],
          [5.96046e-08,0.0,-1.0],
          [17428.8,3.85034,-16506.2]
        ],
        "props": [
          {
            "object_marking": 0
          },
          {
            "squad_members": "tl_base_01"
          },
          {
            "squad_members": "tl_base_02"
          },
          {
            "squad_members": "tl_base_03"
          },
          {
            "squad_members": "tl_base_04"
          },
          {
            "squad_members": "tl_base_05"
          },
          {
            "squad_members": "tl_base_06"
          },
          {
            "squad_members": "tl_base_07"
          },
          {
            "squad_members": "tl_base_08"
          },
          {
            "squad_members": "tl_base_09"
          },
          {
            "squad_members": "tl_base_10"
          },
          {
            "squad_members": "tl_base_11"
          },
          {
            "squad_members": "tl_base_12"
          },
          {
            "object_type": "isTeamB"
          }
        ]
      }
    },
    {
      "objectGroups": {
        "name": "tl_base_08",
        "tm": [
          [-0.257747,0.0,0.966212],
          [0.0,1.0,0.0],
          [-0.966212,0.0,-0.257747],
          [-1710.74,1546.2,13256.1]
        ],
        "unit_class": "dynHelipad_dirt_a_ussr",
        "objLayer": 1,
        "props": {
          "army": 1,
          "active": false
        }
      }
    },
    {
      "objectGroups": {
        "name": "tl_base_09",
        "tm": [
          [-0.385554,0.0,0.922685],
          [0.0,1.0,0.0],
          [-0.922685,0.0,-0.385554],
          [-10458.5,1544.65,13491.1]
        ],
        "unit_class": "dynHelipad_dirt_a_ussr",
        "objLayer": 1,
        "props": {
          "army": 1,
          "active": false
        }
      }
    },
    {
      "objectGroups": {
        "name": "tl_base_07",
        "tm": [
          [0.766278,0.0,-0.642509],
          [0.0,1.0,0.0],
          [0.642509,0.0,0.766278],
          [4026.11,1551.18,13166.7]
        ],
        "unit_class": "dynHelipad_dirt_a_ussr",
        "objLayer": 1,
        "props": {
          "army": 1,
          "active": false
        }
      }
    },
    {
      "objectGroups": {
        "name": "tl_base_06",
        "tm": [
          [0.0807616,0.0,-0.996733],
          [0.0,1.0,0.0],
          [0.996733,0.0,0.0807616],
          [5350.81,1584.16,8376.48]
        ],
        "unit_class": "dynHelipad_dirt_a_ussr",
        "objLayer": 1,
        "props": {
          "army": 2,
          "active": false
        }
      }
    },
    {
      "objectGroups": {
        "name": "tl_base_04",
        "tm": [
          [-0.720905,0.0,0.693032],
          [0.0,1.0,0.0],
          [-0.693032,0.0,-0.720905],
          [-13984.0,1603.18,8636.7]
        ],
        "unit_class": "dynHelipad_dirt_a_ussr",
        "objLayer": 1,
        "props": {
          "army": 2,
          "active": false
        }
      }
    },
    {
      "objectGroups": {
        "name": "tl_base_05",
        "tm": [
          [-0.0976437,0.0,0.995221],
          [0.0,1.0,0.0],
          [-0.995221,0.0,-0.0976437],
          [-2296.7,1539.81,8752.96]
        ],
        "unit_class": "dynHelipad_dirt_a_ussr",
        "objLayer": 1,
        "props": {
          "army": 2,
          "active": false
        }
      }
    },
    {
      "objectGroups": {
        "name": "tl_base_10",
        "tm": [
          [0.0647318,0.0,0.997902],
          [0.0,1.0,0.0],
          [-0.997902,0.0,0.0647318],
          [-19115.2,1858.0,-2293.61]
        ],
        "unit_class": "dynHelipad_dirt_a_usa",
        "objLayer": 1,
        "props": {
          "army": 2,
          "active": false
        }
      }
    },
    {
      "objectGroups": {
        "name": "tl_base_11",
        "tm": [
          [0.250652,0.0,0.968077],
          [0.0,1.0,0.0],
          [-0.968077,0.0,0.250652],
          [-14676.4,1652.65,-2487.79]
        ],
        "unit_class": "dynHelipad_dirt_a_usa",
        "objLayer": 1,
        "props": {
          "army": 2,
          "active": false
        }
      }
    },
    {
      "objectGroups": {
        "name": "tl_base_12",
        "tm": [
          [0.326356,0.0,0.945247],
          [0.0,1.0,0.0],
          [-0.945247,0.0,0.326356],
          [-4626.07,1792.98,-2845.31]
        ],
        "unit_class": "dynHelipad_dirt_a_usa",
        "objLayer": 1,
        "props": {
          "army": 2,
          "active": false
        }
      }
    },
    {
      "objectGroups": {
        "name": "tl_base_01",
        "tm": [
          [-0.53571,0.0,0.844401],
          [0.0,1.0,0.0],
          [-0.844401,0.0,-0.53571],
          [-715.969,1657.85,4075.19]
        ],
        "unit_class": "dynHelipad_dirt_a_ussr",
        "objLayer": 1,
        "props": {
          "army": 2,
          "active": false
        }
      }
    },
    {
      "objectGroups": {
        "name": "tl_base_02",
        "tm": [
          [0.201976,0.0,0.97939],
          [0.0,1.0,0.0],
          [-0.97939,0.0,0.201976],
          [-5704.65,1584.3,2890.48]
        ],
        "unit_class": "dynHelipad_dirt_a_ussr",
        "objLayer": 1,
        "props": {
          "army": 2,
          "active": false
        }
      }
    },
    {
      "objectGroups": {
        "name": "tl_base_03",
        "tm": [
          [-0.602894,0.0,0.79782],
          [0.0,1.0,0.0],
          [-0.79782,0.0,-0.602894],
          [-11204.4,1578.75,3615.11]
        ],
        "unit_class": "dynHelipad_dirt_a_ussr",
        "objLayer": 1,
        "props": {
          "army": 2,
          "active": false
        }
      }
    }
  ],
  "areas": {
    "tl_battle_area": {
      "type": "Box",
      "tm": [
        [0.00260417,0.0,28672.0],
        [0.0,1200.0,0.0],
        [-28672.0,0.0,0.00260417],
        [-8192.0,2555.05,0.0]
      ],
      "objLayer": 3,
      "props": []
    },
    "tl_zone_01": {
      "type": "Box",
      "tm": [
        [311.467,0.0,-512.824],
        [0.0,250.0,0.0],
        [512.824,0.0,311.466],
        [-723.701,1628.6,4136.89]
      ],
      "objLayer": 0,
      "props": []
    },
    "tl_zone_02": {
      "type": "Box",
      "tm": [
        [121.672,0.0,587.534],
        [0.0,250.0,0.0],
        [-587.533,0.0,121.673],
        [-5704.5,1531.5,2880.28]
      ],
      "objLayer": 0,
      "props": []
    },
    "tl_zone_03": {
      "type": "Box",
      "tm": [
        [-367.023,0.0,474.652],
        [0.0,250.0,0.0],
        [-474.652,0.0,-367.022],
        [-11193.1,1542.7,3621.96]
      ],
      "objLayer": 0,
      "props": []
    },
    "tl_zone_04": {
      "type": "Box",
      "tm": [
        [-427.211,0.0,421.297],
        [0.0,250.0,0.0],
        [-421.297,0.0,-427.21],
        [-13982.7,1567.18,8644.2]
      ],
      "objLayer": 0,
      "props": []
    },
    "tl_zone_05": {
      "type": "Box",
      "tm": [
        [-55.6435,0.0,597.414],
        [0.0,250.0,0.0],
        [-597.414,0.0,-55.6426],
        [-2300.2,1510.06,8755.76]
      ],
      "objLayer": 0,
      "props": []
    },
    "tl_zone_06": {
      "type": "Box",
      "tm": [
        [-55.6435,0.0,597.414],
        [0.0,250.0,0.0],
        [-597.414,0.0,-55.6426],
        [5358.56,1545.96,8390.63]
      ],
      "objLayer": 0,
      "props": []
    },
    "tl_zone_07": {
      "type": "Box",
      "tm": [
        [386.128,0.0,459.244],
        [0.0,250.0,0.0],
        [-459.243,0.0,386.128],
        [4029.11,1531.2,13170.1]
      ],
      "objLayer": 0,
      "props": []
    },
    "tl_zone_08": {
      "type": "Box",
      "tm": [
        [579.652,0.0,154.932],
        [0.0,250.0,0.0],
        [-154.931,0.0,579.652],
        [-1708.59,1531.2,13264.3]
      ],
      "objLayer": 0,
      "props": []
    },
    "tl_zone_09": {
      "type": "Box",
      "tm": [
        [553.047,0.0,232.678],
        [0.0,250.0,0.0],
        [-232.677,0.0,553.047],
        [-10458.1,1532.6,13497.3]
      ],
      "objLayer": 0,
      "props": []
    },
    "tl_zone_10": {
      "type": "Box",
      "tm": [
        [570.061,0.0,-187.165],
        [0.0,250.0,0.0],
        [187.166,0.0,570.06],
        [-19112.4,1786.6,-2278.71]
      ],
      "objLayer": 0,
      "props": []
    },
    "tl_zone_11": {
      "type": "Box",
      "tm": [
        [570.061,0.0,-187.165],
        [0.0,250.0,0.0],
        [187.166,0.0,570.06],
        [-14675.9,1633.65,-2491.14]
      ],
      "objLayer": 0,
      "props": []
    }
  },
  "objLayers": [
    {
      "layer": {
        "enabled": true
      }
    },
    {
      "layer": {
        "enabled": true
      }
    },
    {
      "layer": {
        "enabled": true
      }
    },
    {
      "layer": {
        "enabled": false
      }
    }
  ],
  "wayPoints": []
}