{
  "selected_tag": "",
  "bin_dump_file": "",
  "mission_settings": {
    "player": {
      "army": 1
    },
    "player_teamB": {
      "army": 2
    },
    "mission": {
      "level": "levels/air_smolensk.bin",
      "type": "domination",
      "environment": "Day",
      "weather": "hazy",
      "restoreType": "attempts",
      "optionalTakeOff": false
    }
  },
  "imports": {},
  "triggers": {
    "isCategory": true,
    "is_enabled": true
  },
  "mission_objectives": {
    "isCategory": true,
    "is_enabled": true
  },
  "variables": {},
  "dialogs": {},
  "airfields": {},
  "effects": {},
  "units": {
    "objectGroups": [
      {
        "name": "bdt_t2_bomb_object_01",
        "tm": [
          [
            -0.999567,
            0.0,
            -0.0293433
          ],
          [
            0.0,
            1.0,
            0.0
          ],
          [
            0.0293433,
            0.0,
            -0.999567
          ],
          [
            38860.7,
            2344.03,
            -5180.73
          ]
        ],
        "unit_class": "dynBase_hq_camp_square",
        "objLayer": 2,
        "props": {
          "army": 2,
          "active": false
        }
      },
      {
        "name": "bdt_t2_bomb_object_02",
        "tm": [
          [
            -0.824615,
            0.0,
            0.565699
          ],
          [
            0.0,
            1.0,
            0.0
          ],
          [
            -0.565699,
            0.0,
            -0.824615
          ],
          [
            31156.0,
            2946.85,
            -538.7
          ]
        ],
        "unit_class": "dynBase_fuel_storage_square",
        "objLayer": 2,
        "props": {
          "army": 2,
          "active": false
        }
      },
      {
        "name": "bdt_t2_bomb_object_03",
        "tm": [
          [
            -0.332995,
            0.0,
            -0.942931
          ],
          [
            0.0,
            1.0,
            0.0
          ],
          [
            0.942931,
            0.0,
            -0.332995
          ],
          [
            27301.0,
            2949.7,
            -1172.35
          ]
        ],
        "unit_class": "dynBase_oil_storage_small_square",
        "objLayer": 2,
        "props": {
          "army": 2,
          "active": false
        }
      },
      {
        "name": "bdt_t1_bomb_object_01",
        "tm": [
          [
            -0.889928,
            0.0,
            -0.4561
          ],
          [
            0.0,
            1.0,
            0.0
          ],
          [
            0.4561,
            0.0,
            -0.889928
          ],
          [
            28214.2,
            3724.15,
            -22191.2
          ]
        ],
        "unit_class": "dynBase_fuel_storage_square",
        "objLayer": 2,
        "props": {
          "army": 1,
          "active": false
        }
      },
      {
        "name": "bdt_t1_bomb_object_02",
        "tm": [
          [
            -0.347985,
            0.0,
            -0.937499
          ],
          [
            0.0,
            1.0,
            0.0
          ],
          [
            0.937499,
            0.0,
            -0.347985
          ],
          [
            34086.4,
            2650.78,
            -17896.5
          ]
        ],
        "unit_class": "dynBase_small_factory_square",
        "objLayer": 2,
        "props": {
          "army": 1,
          "active": false
        }
      },
      {
        "name": "bdt_t1_bomb_object_03",
        "tm": [
          [
            -0.248106,
            0.0,
            -0.968732
          ],
          [
            0.0,
            1.0,
            0.0
          ],
          [
            0.968732,
            0.0,
            -0.248106
          ],
          [
            22652.4,
            1944.12,
            -14007.4
          ]
        ],
        "unit_class": "dynBase_oil_storage_small_square",
        "objLayer": 2,
        "props": {
          "army": 1,
          "active": false
        }
      },
      {
        "name": "bdt_t2_bomb_object_04",
        "tm": [
          [
            -0.801966,
            0.0,
            -0.597369
          ],
          [
            0.0,
            1.0,
            0.0
          ],
          [
            0.597369,
            0.0,
            -0.801966
          ],
          [
            42481.9,
            2529.35,
            -6315.8
          ]
        ],
        "unit_class": "dynBase_small_factory_square",
        "objLayer": 2,
        "props": {
          "army": 2,
          "active": false
        }
      },
      {
        "name": "bdt_t1_bomb_object_04",
        "tm": [
          [
            -0.571473,
            0.0,
            -0.820621
          ],
          [
            0.0,
            1.0,
            0.0
          ],
          [
            0.820621,
            0.0,
            -0.571473
          ],
          [
            21854.5,
            2928.5,
            -4980.2
          ]
        ],
        "unit_class": "dynBase_field_camp_square",
        "objLayer": 2,
        "props": {
          "army": 1,
          "active": false
        }
      },
      {
        "name": "bdt_t1_bomb_object_05",
        "tm": [
          [
            -0.571473,
            0.0,
            -0.820621
          ],
          [
            0.0,
            1.0,
            0.0
          ],
          [
            0.820621,
            0.0,
            -0.571473
          ],
          [
            21432.6,
            2202.7,
            -9065.5
          ]
        ],
        "unit_class": "dynBase_military_base_square",
        "objLayer": 2,
        "props": {
          "army": 1,
          "active": false
        }
      },
      {
        "name": "bdt_t1_bomb_object_06",
        "tm": [
          [
            -0.571473,
            0.0,
            -0.820621
          ],
          [
            0.0,
            1.0,
            0.0
          ],
          [
            0.820621,
            0.0,
            -0.571473
          ],
          [
            18516.2,
            2410.8,
            -13139.4
          ]
        ],
        "unit_class": "dynBase_oil_storage_large_square",
        "objLayer": 2,
        "props": {
          "army": 1,
          "active": false
        }
      },
      {
        "name": "bdt_t1_bomb_object_07",
        "tm": [
          [
            -0.571473,
            0.0,
            -0.820621
          ],
          [
            0.0,
            1.0,
            0.0
          ],
          [
            0.820621,
            0.0,
            -0.571473
          ],
          [
            18387.6,
            2813.1,
            -9321.1
          ]
        ],
        "unit_class": "dynBase_oil_storage_large_square",
        "objLayer": 2,
        "props": {
          "army": 1,
          "active": false
        }
      },
      {
        "name": "bdt_t1_bomb_object_08",
        "tm": [
          [
            -0.889928,
            0.0,
            -0.4561
          ],
          [
            0.0,
            1.0,
            0.0
          ],
          [
            0.4561,
            0.0,
            -0.889928
          ],
          [
            30432.0,
            2467.2,
            -18726.0
          ]
        ],
        "unit_class": "dynBase_small_factory_square",
        "objLayer": 2,
        "props": {
          "army": 1,
          "active": false
        }
      },
      {
        "name": "bdt_t1_bomb_object_09",
        "tm": [
          [
            -0.889928,
            0.0,
            -0.4561
          ],
          [
            0.0,
            1.0,
            0.0
          ],
          [
            0.4561,
            0.0,
            -0.889928
          ],
          [
            25141.3,
            2084.5,
            -17631.5
          ]
        ],
        "unit_class": "dynBase_petrol_camp_square",
        "objLayer": 2,
        "props": {
          "army": 1,
          "active": false
        }
      },
      {
        "name": "bdt_t1_bomb_object_10",
        "tm": [
          [
            -0.889928,
            0.0,
            -0.4561
          ],
          [
            0.0,
            1.0,
            0.0
          ],
          [
            0.4561,
            0.0,
            -0.889928
          ],
          [
            31867.1,
            3230.85,
            -21986.2
          ]
        ],
        "unit_class": "dynBase_petrol_camp_square",
        "objLayer": 2,
        "props": {
          "army": 1,
          "active": false
        }
      },
      {
        "name": "bdt_t2_bomb_object_05",
        "tm": [
          [
            -0.801966,
            0.0,
            -0.597369
          ],
          [
            0.0,
            1.0,
            0.0
          ],
          [
            0.597369,
            0.0,
            -0.801966
          ],
          [
            42792.0,
            3075.65,
            -10627.9
          ]
        ],
        "unit_class": "dynBase_petrol_camp_square",
        "objLayer": 2,
        "props": {
          "army": 2,
          "active": false
        }
      },
      {
        "name": "bdt_t2_bomb_object_06",
        "tm": [
          [
            -0.427843,
            0.0,
            -0.903853
          ],
          [
            0.0,
            1.0,
            0.0
          ],
          [
            0.903853,
            0.0,
            -0.427843
          ],
          [
            39664.4,
            3064.6,
            -12966.0
          ]
        ],
        "unit_class": "dynBase_military_base_square",
        "objLayer": 2,
        "props": {
          "army": 2,
          "active": false
        }
      },
      {
        "name": "bdt_t2_bomb_object_07",
        "tm": [
          [
            -0.801966,
            0.0,
            -0.597369
          ],
          [
            0.0,
            1.0,
            0.0
          ],
          [
            0.597369,
            0.0,
            -0.801966
          ],
          [
            39834.8,
            2382.65,
            -8768.75
          ]
        ],
        "unit_class": "dynBase_fuel_storage_square",
        "objLayer": 2,
        "props": {
          "army": 2,
          "active": false
        }
      },
      {
        "name": "bdt_t2_bomb_object_08",
        "tm": [
          [
            -0.332995,
            0.0,
            -0.942931
          ],
          [
            0.0,
            1.0,
            0.0
          ],
          [
            0.942931,
            0.0,
            -0.332995
          ],
          [
            33756.7,
            3229.3,
            2286.15
          ]
        ],
        "unit_class": "dynBase_ammunition_storage_square",
        "objLayer": 2,
        "props": {
          "army": 2,
          "active": false
        }
      },
      {
        "name": "bdt_t2_bomb_object_09",
        "tm": [
          [
            -0.332995,
            0.0,
            -0.942931
          ],
          [
            0.0,
            1.0,
            0.0
          ],
          [
            0.942931,
            0.0,
            -0.332995
          ],
          [
            28951.3,
            3186.44,
            2690.81
          ]
        ],
        "unit_class": "dynBase_field_camp_square",
        "objLayer": 2,
        "props": {
          "army": 2,
          "active": false
        }
      },
      {
        "name": "bdt_t2_bomb_object_10",
        "tm": [
          [
            -0.332995,
            0.0,
            -0.942931
          ],
          [
            0.0,
            1.0,
            0.0
          ],
          [
            0.942931,
            0.0,
            -0.332995
          ],
          [
            35373.7,
            2628.25,
            -1969.2
          ]
        ],
        "unit_class": "dynBase_oil_storage_small_square",
        "objLayer": 2,
        "props": {
          "army": 2,
          "active": false
        }
      }
    ]
  },
  "areas": {
    "bdt_t2_bomb_zone_01": {
      "type": "Sphere",
      "tm": [
        [
          -449.807,
          0.0,
          -13.2051
        ],
        [
          0.0,
          450.0,
          0.0
        ],
        [
          13.2051,
          0.0,
          -449.807
        ],
        [
          38862.9,
          2345.81,
          -5174.0
        ]
      ],
      "objLayer": 0,
      "props": {}
    },
    "bdt_t2_bomb_zone_02": {
      "type": "Sphere",
      "tm": [
        [
          -445.568,
          0.0,
          -63.0109
        ],
        [
          0.0,
          450.0,
          0.0
        ],
        [
          63.0109,
          0.0,
          -445.568
        ],
        [
          31149.4,
          2934.77,
          -559.329
        ]
      ],
      "objLayer": 0,
      "props": {}
    },
    "bdt_t2_bomb_zone_03": {
      "type": "Sphere",
      "tm": [
        [
          -149.849,
          0.0,
          -424.317
        ],
        [
          0.0,
          450.0,
          0.0
        ],
        [
          424.317,
          0.0,
          -149.849
        ],
        [
          27310.6,
          2949.19,
          -1170.1
        ]
      ],
      "objLayer": 0,
      "props": {}
    },
    "bdt_t1_bomb_zone_01": {
      "type": "Sphere",
      "tm": [
        [
          -400.468,
          0.0,
          -205.243
        ],
        [
          0.0,
          450.0,
          0.0
        ],
        [
          205.243,
          0.0,
          -400.468
        ],
        [
          28204.6,
          3724.19,
          -22199.8
        ]
      ],
      "objLayer": 0,
      "props": {}
    },
    "bdt_t1_bomb_zone_02": {
      "type": "Sphere",
      "tm": [
        [
          -244.192,
          0.0,
          -377.981
        ],
        [
          0.0,
          450.0,
          0.0
        ],
        [
          377.981,
          0.0,
          -244.192
        ],
        [
          34085.9,
          2651.18,
          -17901.2
        ]
      ],
      "objLayer": 0,
      "props": {}
    },
    "bdt_t1_bomb_zone_03": {
      "type": "Sphere",
      "tm": [
        [
          -269.131,
          0.0,
          -360.649
        ],
        [
          0.0,
          450.0,
          0.0
        ],
        [
          360.649,
          0.0,
          -269.131
        ],
        [
          22649.4,
          1943.99,
          -14012.3
        ]
      ],
      "objLayer": 0,
      "props": {}
    },
    "bdt_t2_bomb_zone_04": {
      "type": "Sphere",
      "tm": [
        [
          -360.884,
          0.0,
          -268.815
        ],
        [
          0.0,
          450.0,
          0.0
        ],
        [
          268.815,
          0.0,
          -360.884
        ],
        [
          42474.6,
          2526.52,
          -6318.99
        ]
      ],
      "objLayer": 0,
      "props": {}
    },
    "bdt_t1_bomb_zone_04": {
      "type": "Sphere",
      "tm": [
        [
          -269.131,
          0.0,
          -360.649
        ],
        [
          0.0,
          450.0,
          0.0
        ],
        [
          360.649,
          0.0,
          -269.131
        ],
        [
          21858.8,
          2928.47,
          -4983.85
        ]
      ],
      "objLayer": 0,
      "props": {}
    },
    "bdt_t2_bomb_zone_01_aaa_point_01": {
      "type": "Point",
      "tm": [
        [
          -0.812675,
          0.0,
          -0.582716
        ],
        [
          0.0,
          1.0,
          0.0
        ],
        [
          0.582716,
          0.0,
          -0.812675
        ],
        [
          38710.7,
          2336.17,
          -5007.7
        ]
      ],
      "objLayer": 0,
      "props": {}
    },
    "bdt_t2_bomb_zone_01_aaa_point_02": {
      "type": "Point",
      "tm": [
        [
          -0.812675,
          0.0,
          -0.582716
        ],
        [
          0.0,
          1.0,
          0.0
        ],
        [
          0.582716,
          0.0,
          -0.812675
        ],
        [
          39124.6,
          2389.84,
          -5304.08
        ]
      ],
      "objLayer": 0,
      "props": {}
    },
    "bdt_t2_bomb_zone_01_aaa_point_03": {
      "type": "Point",
      "tm": [
        [
          -0.812675,
          0.0,
          -0.582716
        ],
        [
          0.0,
          1.0,
          0.0
        ],
        [
          0.582716,
          0.0,
          -0.812675
        ],
        [
          39032.8,
          2351.99,
          -5379.82
        ]
      ],
      "objLayer": 0,
      "props": {}
    },
    "bdt_t2_bomb_zone_01_aaa_point_04": {
      "type": "Point",
      "tm": [
        [
          -0.812675,
          0.0,
          -0.582716
        ],
        [
          0.0,
          1.0,
          0.0
        ],
        [
          0.582716,
          0.0,
          -0.812675
        ],
        [
          38733.8,
          2320.75,
          -5623.15
        ]
      ],
      "objLayer": 0,
      "props": {}
    },
    "bdt_t2_bomb_zone_02_aaa_point_01": {
      "type": "Point",
      "tm": [
        [
          -0.743032,
          0.0,
          -0.669253
        ],
        [
          0.0,
          1.0,
          0.0
        ],
        [
          0.669253,
          0.0,
          -0.743032
        ],
        [
          31197.0,
          3043.98,
          -315.405
        ]
      ],
      "objLayer": 0,
      "props": {}
    },
    "bdt_t2_bomb_zone_02_aaa_point_02": {
      "type": "Point",
      "tm": [
        [
          -0.743032,
          0.0,
          -0.669253
        ],
        [
          0.0,
          1.0,
          0.0
        ],
        [
          0.669253,
          0.0,
          -0.743032
        ],
        [
          31315.7,
          2774.16,
          -841.222
        ]
      ],
      "objLayer": 0,
      "props": {}
    },
    "bdt_t2_bomb_zone_02_aaa_point_03": {
      "type": "Point",
      "tm": [
        [
          -0.743032,
          0.0,
          -0.669253
        ],
        [
          0.0,
          1.0,
          0.0
        ],
        [
          0.669253,
          0.0,
          -0.743032
        ],
        [
          31413.8,
          2934.77,
          -468.6
        ]
      ],
      "objLayer": 0,
      "props": {}
    },
    "bdt_t2_bomb_zone_02_aaa_point_04": {
      "type": "Point",
      "tm": [
        [
          -0.743032,
          0.0,
          -0.669253
        ],
        [
          0.0,
          1.0,
          0.0
        ],
        [
          0.669253,
          0.0,
          -0.743032
        ],
        [
          30955.2,
          2892.32,
          -681.548
        ]
      ],
      "objLayer": 0,
      "props": {}
    },
    "bdt_t2_bomb_zone_03_aaa_point_01": {
      "type": "Point",
      "tm": [
        [
          -0.743032,
          0.0,
          -0.669253
        ],
        [
          0.0,
          1.0,
          0.0
        ],
        [
          0.669253,
          0.0,
          -0.743032
        ],
        [
          27077.5,
          2945.21,
          -984.43
        ]
      ],
      "objLayer": 0,
      "props": {}
    },
    "bdt_t2_bomb_zone_03_aaa_point_02": {
      "type": "Point",
      "tm": [
        [
          -0.743032,
          0.0,
          -0.669253
        ],
        [
          0.0,
          1.0,
          0.0
        ],
        [
          0.669253,
          0.0,
          -0.743032
        ],
        [
          27409.9,
          2812.68,
          -1445.33
        ]
      ],
      "objLayer": 0,
      "props": {}
    },
    "bdt_t2_bomb_zone_03_aaa_point_03": {
      "type": "Point",
      "tm": [
        [
          -0.743032,
          0.0,
          -0.669253
        ],
        [
          0.0,
          1.0,
          0.0
        ],
        [
          0.669253,
          0.0,
          -0.743032
        ],
        [
          27625.9,
          2883.09,
          -1226.58
        ]
      ],
      "objLayer": 0,
      "props": {}
    },
    "bdt_t2_bomb_zone_03_aaa_point_04": {
      "type": "Point",
      "tm": [
        [
          -0.743032,
          0.0,
          -0.669253
        ],
        [
          0.0,
          1.0,
          0.0
        ],
        [
          0.669253,
          0.0,
          -0.743032
        ],
        [
          27277.5,
          2984.51,
          -871.951
        ]
      ],
      "objLayer": 0,
      "props": {}
    },
    "bdt_t2_bomb_zone_04_aaa_point_01": {
      "type": "Point",
      "tm": [
        [
          -0.812675,
          0.0,
          -0.582716
        ],
        [
          0.0,
          1.0,
          0.0
        ],
        [
          0.582716,
          0.0,
          -0.812675
        ],
        [
          42414.6,
          2460.29,
          -6645.8
        ]
      ],
      "objLayer": 0,
      "props": {}
    },
    "bdt_t2_bomb_zone_04_aaa_point_02": {
      "type": "Point",
      "tm": [
        [
          -0.812675,
          0.0,
          -0.582716
        ],
        [
          0.0,
          1.0,
          0.0
        ],
        [
          0.582716,
          0.0,
          -0.812675
        ],
        [
          42773.8,
          2573.28,
          -6361.84
        ]
      ],
      "objLayer": 0,
      "props": {}
    },
    "bdt_t2_bomb_zone_04_aaa_point_03": {
      "type": "Point",
      "tm": [
        [
          -0.812675,
          0.0,
          -0.582716
        ],
        [
          0.0,
          1.0,
          0.0
        ],
        [
          0.582716,
          0.0,
          -0.812675
        ],
        [
          42239.7,
          2517.44,
          -6193.03
        ]
      ],
      "objLayer": 0,
      "props": {}
    },
    "bdt_t2_bomb_zone_04_aaa_point_04": {
      "type": "Point",
      "tm": [
        [
          -0.812675,
          0.0,
          -0.582716
        ],
        [
          0.0,
          1.0,
          0.0
        ],
        [
          0.582716,
          0.0,
          -0.812675
        ],
        [
          42452.6,
          2608.84,
          -6073.04
        ]
      ],
      "objLayer": 0,
      "props": {}
    },
    "bdt_t1_bomb_zone_01_aaa_point_01": {
      "type": "Point",
      "tm": [
        [
          -0.483342,
          0.0,
          -0.875431
        ],
        [
          0.0,
          1.0,
          0.0
        ],
        [
          0.875431,
          0.0,
          -0.483342
        ],
        [
          28089.5,
          3727.58,
          -22426.8
        ]
      ],
      "objLayer": 0,
      "props": {}
    },
    "bdt_t1_bomb_zone_01_aaa_point_02": {
      "type": "Point",
      "tm": [
        [
          -0.483342,
          0.0,
          -0.875431
        ],
        [
          0.0,
          1.0,
          0.0
        ],
        [
          0.875431,
          0.0,
          -0.483342
        ],
        [
          28376.9,
          3679.83,
          -22014.2
        ]
      ],
      "objLayer": 0,
      "props": {}
    },
    "bdt_t1_bomb_zone_01_aaa_point_03": {
      "type": "Point",
      "tm": [
        [
          -0.483342,
          0.0,
          -0.875431
        ],
        [
          0.0,
          1.0,
          0.0
        ],
        [
          0.875431,
          0.0,
          -0.483342
        ],
        [
          28016.1,
          3737.06,
          -22062.4
        ]
      ],
      "objLayer": 0,
      "props": {}
    },
    "bdt_t1_bomb_zone_01_aaa_point_04": {
      "type": "Point",
      "tm": [
        [
          -0.483342,
          0.0,
          -0.875431
        ],
        [
          0.0,
          1.0,
          0.0
        ],
        [
          0.875431,
          0.0,
          -0.483342
        ],
        [
          28216.0,
          3730.3,
          -21951.7
        ]
      ],
      "objLayer": 0,
      "props": {}
    },
    "bdt_t1_bomb_zone_02_aaa_point_01": {
      "type": "Point",
      "tm": [
        [
          -0.483342,
          0.0,
          -0.875431
        ],
        [
          0.0,
          1.0,
          0.0
        ],
        [
          0.875431,
          0.0,
          -0.483342
        ],
        [
          34148.1,
          2580.37,
          -18164.4
        ]
      ],
      "objLayer": 0,
      "props": {}
    },
    "bdt_t1_bomb_zone_02_aaa_point_02": {
      "type": "Point",
      "tm": [
        [
          -0.483342,
          0.0,
          -0.875431
        ],
        [
          0.0,
          1.0,
          0.0
        ],
        [
          0.875431,
          0.0,
          -0.483342
        ],
        [
          34346.6,
          2624.14,
          -17952.7
        ]
      ],
      "objLayer": 0,
      "props": {}
    },
    "bdt_t1_bomb_zone_02_aaa_point_03": {
      "type": "Point",
      "tm": [
        [
          -0.483342,
          0.0,
          -0.875431
        ],
        [
          0.0,
          1.0,
          0.0
        ],
        [
          0.875431,
          0.0,
          -0.483342
        ],
        [
          33726.5,
          2566.8,
          -17629.4
        ]
      ],
      "objLayer": 0,
      "props": {}
    },
    "bdt_t1_bomb_zone_02_aaa_point_04": {
      "type": "Point",
      "tm": [
        [
          -0.483342,
          0.0,
          -0.875431
        ],
        [
          0.0,
          1.0,
          0.0
        ],
        [
          0.875431,
          0.0,
          -0.483342
        ],
        [
          34275.8,
          2703.21,
          -17632.4
        ]
      ],
      "objLayer": 0,
      "props": {}
    },
    "bdt_t1_bomb_zone_03_aaa_point_01": {
      "type": "Point",
      "tm": [
        [
          -0.577454,
          0.0,
          -0.816424
        ],
        [
          0.0,
          1.0,
          0.0
        ],
        [
          0.816424,
          0.0,
          -0.577454
        ],
        [
          22576.9,
          1948.36,
          -13713.2
        ]
      ],
      "objLayer": 0,
      "props": {}
    },
    "bdt_t1_bomb_zone_03_aaa_point_02": {
      "type": "Point",
      "tm": [
        [
          -0.577454,
          0.0,
          -0.816424
        ],
        [
          0.0,
          1.0,
          0.0
        ],
        [
          0.816424,
          0.0,
          -0.577454
        ],
        [
          22720.7,
          1941.05,
          -14243.7
        ]
      ],
      "objLayer": 0,
      "props": {}
    },
    "bdt_t1_bomb_zone_03_aaa_point_03": {
      "type": "Point",
      "tm": [
        [
          -0.577454,
          0.0,
          -0.816424
        ],
        [
          0.0,
          1.0,
          0.0
        ],
        [
          0.816424,
          0.0,
          -0.577454
        ],
        [
          22932.2,
          1947.81,
          -14060.3
        ]
      ],
      "objLayer": 0,
      "props": {}
    },
    "bdt_t1_bomb_zone_03_aaa_point_04": {
      "type": "Point",
      "tm": [
        [
          -0.577454,
          0.0,
          -0.816424
        ],
        [
          0.0,
          1.0,
          0.0
        ],
        [
          0.816424,
          0.0,
          -0.577454
        ],
        [
          22393.8,
          1945.61,
          -14064.5
        ]
      ],
      "objLayer": 0,
      "props": {}
    },
    "bdt_t1_bomb_zone_04_aaa_point_01": {
      "type": "Point",
      "tm": [
        [
          -0.577454,
          0.0,
          -0.816424
        ],
        [
          0.0,
          1.0,
          0.0
        ],
        [
          0.816424,
          0.0,
          -0.577454
        ],
        [
          21583.7,
          2930.66,
          -5140.81
        ]
      ],
      "objLayer": 0,
      "props": {}
    },
    "bdt_t1_bomb_zone_04_aaa_point_02": {
      "type": "Point",
      "tm": [
        [
          -0.577454,
          0.0,
          -0.816424
        ],
        [
          0.0,
          1.0,
          0.0
        ],
        [
          0.816424,
          0.0,
          -0.577454
        ],
        [
          21890.8,
          2928.59,
          -5234.57
        ]
      ],
      "objLayer": 0,
      "props": {}
    },
    "bdt_t1_bomb_zone_04_aaa_point_03": {
      "type": "Point",
      "tm": [
        [
          -0.577454,
          0.0,
          -0.816424
        ],
        [
          0.0,
          1.0,
          0.0
        ],
        [
          0.816424,
          0.0,
          -0.577454
        ],
        [
          21625.0,
          2929.52,
          -4810.99
        ]
      ],
      "objLayer": 0,
      "props": {}
    },
    "bdt_t1_bomb_zone_04_aaa_point_04": {
      "type": "Point",
      "tm": [
        [
          -0.577454,
          0.0,
          -0.816424
        ],
        [
          0.0,
          1.0,
          0.0
        ],
        [
          0.816424,
          0.0,
          -0.577454
        ],
        [
          22171.3,
          2927.93,
          -5013.44
        ]
      ],
      "objLayer": 0,
      "props": {}
    },
    "bdt_t1_bomb_zone_05": {
      "type": "Sphere",
      "tm": [
        [
          -269.131,
          0.0,
          -360.649
        ],
        [
          0.0,
          450.0,
          0.0
        ],
        [
          360.649,
          0.0,
          -269.131
        ],
        [
          21437.2,
          2200.91,
          -9069.17
        ]
      ],
      "objLayer": 0,
      "props": {}
    },
    "bdt_t1_bomb_zone_06": {
      "type": "Sphere",
      "tm": [
        [
          -269.131,
          0.0,
          -360.649
        ],
        [
          0.0,
          450.0,
          0.0
        ],
        [
          360.649,
          0.0,
          -269.131
        ],
        [
          18520.6,
          2410.86,
          -13143.1
        ]
      ],
      "objLayer": 0,
      "props": {}
    },
    "bdt_t1_bomb_zone_07": {
      "type": "Sphere",
      "tm": [
        [
          -269.131,
          0.0,
          -360.649
        ],
        [
          0.0,
          450.0,
          0.0
        ],
        [
          360.649,
          0.0,
          -269.131
        ],
        [
          18392.2,
          2813.22,
          -9324.87
        ]
      ],
      "objLayer": 0,
      "props": {}
    },
    "bdt_t1_bomb_zone_08": {
      "type": "Sphere",
      "tm": [
        [
          -400.468,
          0.0,
          -205.243
        ],
        [
          0.0,
          450.0,
          0.0
        ],
        [
          205.243,
          0.0,
          -400.468
        ],
        [
          30422.4,
          2473.75,
          -18734.3
        ]
      ],
      "objLayer": 0,
      "props": {}
    },
    "bdt_t1_bomb_zone_09": {
      "type": "Sphere",
      "tm": [
        [
          -400.468,
          0.0,
          -205.243
        ],
        [
          0.0,
          450.0,
          0.0
        ],
        [
          205.243,
          0.0,
          -400.468
        ],
        [
          25131.8,
          2083.45,
          -17639.6
        ]
      ],
      "objLayer": 0,
      "props": {}
    },
    "bdt_t1_bomb_zone_10": {
      "type": "Sphere",
      "tm": [
        [
          -400.468,
          0.0,
          -205.243
        ],
        [
          0.0,
          450.0,
          0.0
        ],
        [
          205.243,
          0.0,
          -400.468
        ],
        [
          31857.5,
          3237.06,
          -21994.6
        ]
      ],
      "objLayer": 0,
      "props": {}
    },
    "bdt_t1_bomb_zone_05_aaa_point_01": {
      "type": "Point",
      "tm": [
        [
          -0.577454,
          0.0,
          -0.816424
        ],
        [
          0.0,
          1.0,
          0.0
        ],
        [
          0.816424,
          0.0,
          -0.577454
        ],
        [
          21613.5,
          2194.25,
          -8859.37
        ]
      ],
      "objLayer": 0,
      "props": {}
    },
    "bdt_t1_bomb_zone_05_aaa_point_02": {
      "type": "Point",
      "tm": [
        [
          -0.577454,
          0.0,
          -0.816424
        ],
        [
          0.0,
          1.0,
          0.0
        ],
        [
          0.816424,
          0.0,
          -0.577454
        ],
        [
          21434.2,
          2229.12,
          -8913.74
        ]
      ],
      "objLayer": 0,
      "props": {}
    },
    "bdt_t1_bomb_zone_05_aaa_point_03": {
      "type": "Point",
      "tm": [
        [
          -0.577454,
          0.0,
          -0.816424
        ],
        [
          0.0,
          1.0,
          0.0
        ],
        [
          0.816424,
          0.0,
          -0.577454
        ],
        [
          21243.9,
          2219.77,
          -9282.23
        ]
      ],
      "objLayer": 0,
      "props": {}
    },
    "bdt_t1_bomb_zone_05_aaa_point_04": {
      "type": "Point",
      "tm": [
        [
          -0.577454,
          0.0,
          -0.816424
        ],
        [
          0.0,
          1.0,
          0.0
        ],
        [
          0.816424,
          0.0,
          -0.577454
        ],
        [
          21470.1,
          2144.05,
          -9344.77
        ]
      ],
      "objLayer": 0,
      "props": {}
    },
    "bdt_t1_bomb_zone_06_aaa_point_01": {
      "type": "Point",
      "tm": [
        [
          -0.577454,
          0.0,
          -0.816424
        ],
        [
          0.0,
          1.0,
          0.0
        ],
        [
          0.816424,
          0.0,
          -0.577454
        ],
        [
          18391.7,
          2406.15,
          -12831.4
        ]
      ],
      "objLayer": 0,
      "props": {}
    },
    "bdt_t1_bomb_zone_06_aaa_point_02": {
      "type": "Point",
      "tm": [
        [
          -0.577454,
          0.0,
          -0.816424
        ],
        [
          0.0,
          1.0,
          0.0
        ],
        [
          0.816424,
          0.0,
          -0.577454
        ],
        [
          18654.7,
          2408.41,
          -12847.4
        ]
      ],
      "objLayer": 0,
      "props": {}
    },
    "bdt_t1_bomb_zone_06_aaa_point_03": {
      "type": "Point",
      "tm": [
        [
          -0.577454,
          0.0,
          -0.816424
        ],
        [
          0.0,
          1.0,
          0.0
        ],
        [
          0.816424,
          0.0,
          -0.577454
        ],
        [
          18767.0,
          2412.39,
          -13329.8
        ]
      ],
      "objLayer": 0,
      "props": {}
    },
    "bdt_t1_bomb_zone_06_aaa_point_04": {
      "type": "Point",
      "tm": [
        [
          -0.577454,
          0.0,
          -0.816424
        ],
        [
          0.0,
          1.0,
          0.0
        ],
        [
          0.816424,
          0.0,
          -0.577454
        ],
        [
          18259.7,
          2408.16,
          -13286.3
        ]
      ],
      "objLayer": 0,
      "props": {}
    },
    "bdt_t1_bomb_zone_07_aaa_point_01": {
      "type": "Point",
      "tm": [
        [
          -0.577454,
          0.0,
          -0.816424
        ],
        [
          0.0,
          1.0,
          0.0
        ],
        [
          0.816424,
          0.0,
          -0.577454
        ],
        [
          18519.4,
          2814.52,
          -9597.89
        ]
      ],
      "objLayer": 0,
      "props": {}
    },
    "bdt_t1_bomb_zone_07_aaa_point_02": {
      "type": "Point",
      "tm": [
        [
          -0.577454,
          0.0,
          -0.816424
        ],
        [
          0.0,
          1.0,
          0.0
        ],
        [
          0.816424,
          0.0,
          -0.577454
        ],
        [
          18249.0,
          2807.23,
          -9006.75
        ]
      ],
      "objLayer": 0,
      "props": {}
    },
    "bdt_t1_bomb_zone_07_aaa_point_03": {
      "type": "Point",
      "tm": [
        [
          -0.577454,
          0.0,
          -0.816424
        ],
        [
          0.0,
          1.0,
          0.0
        ],
        [
          0.816424,
          0.0,
          -0.577454
        ],
        [
          18092.8,
          2802.36,
          -9477.65
        ]
      ],
      "objLayer": 0,
      "props": {}
    },
    "bdt_t1_bomb_zone_07_aaa_point_04": {
      "type": "Point",
      "tm": [
        [
          -0.577454,
          0.0,
          -0.816424
        ],
        [
          0.0,
          1.0,
          0.0
        ],
        [
          0.816424,
          0.0,
          -0.577454
        ],
        [
          18791.1,
          2811.78,
          -9371.46
        ]
      ],
      "objLayer": 0,
      "props": {}
    },
    "bdt_t1_bomb_zone_08_aaa_point_01": {
      "type": "Point",
      "tm": [
        [
          -0.483342,
          0.0,
          -0.875431
        ],
        [
          0.0,
          1.0,
          0.0
        ],
        [
          0.875431,
          0.0,
          -0.483342
        ],
        [
          30723.4,
          2406.92,
          -18812.0
        ]
      ],
      "objLayer": 0,
      "props": {}
    },
    "bdt_t1_bomb_zone_08_aaa_point_02": {
      "type": "Point",
      "tm": [
        [
          -0.483342,
          0.0,
          -0.875431
        ],
        [
          0.0,
          1.0,
          0.0
        ],
        [
          0.875431,
          0.0,
          -0.483342
        ],
        [
          30460.8,
          2352.9,
          -18430.8
        ]
      ],
      "objLayer": 0,
      "props": {}
    },
    "bdt_t1_bomb_zone_08_aaa_point_03": {
      "type": "Point",
      "tm": [
        [
          -0.483342,
          0.0,
          -0.875431
        ],
        [
          0.0,
          1.0,
          0.0
        ],
        [
          0.875431,
          0.0,
          -0.483342
        ],
        [
          30084.3,
          2596.96,
          -18617.6
        ]
      ],
      "objLayer": 0,
      "props": {}
    },
    "bdt_t1_bomb_zone_08_aaa_point_04": {
      "type": "Point",
      "tm": [
        [
          -0.483342,
          0.0,
          -0.875431
        ],
        [
          0.0,
          1.0,
          0.0
        ],
        [
          0.875431,
          0.0,
          -0.483342
        ],
        [
          30296.1,
          2583.63,
          -18975.4
        ]
      ],
      "objLayer": 0,
      "props": {}
    },
    "bdt_t1_bomb_zone_09_aaa_point_01": {
      "type": "Point",
      "tm": [
        [
          -0.483342,
          0.0,
          -0.875431
        ],
        [
          0.0,
          1.0,
          0.0
        ],
        [
          0.875431,
          0.0,
          -0.483342
        ],
        [
          25417.8,
          2022.66,
          -17294.6
        ]
      ],
      "objLayer": 0,
      "props": {}
    },
    "bdt_t1_bomb_zone_09_aaa_point_02": {
      "type": "Point",
      "tm": [
        [
          -0.483342,
          0.0,
          -0.875431
        ],
        [
          0.0,
          1.0,
          0.0
        ],
        [
          0.875431,
          0.0,
          -0.483342
        ],
        [
          24923.8,
          1927.56,
          -17285.8
        ]
      ],
      "objLayer": 0,
      "props": {}
    },
    "bdt_t1_bomb_zone_09_aaa_point_03": {
      "type": "Point",
      "tm": [
        [
          -0.483342,
          0.0,
          -0.875431
        ],
        [
          0.0,
          1.0,
          0.0
        ],
        [
          0.875431,
          0.0,
          -0.483342
        ],
        [
          26125.6,
          2157.71,
          -17605.4
        ]
      ],
      "objLayer": 0,
      "props": {}
    },
    "bdt_t1_bomb_zone_09_aaa_point_04": {
      "type": "Point",
      "tm": [
        [
          -0.483342,
          0.0,
          -0.875431
        ],
        [
          0.0,
          1.0,
          0.0
        ],
