{
  "selected_tag": "",
  "bin_dump_file": "",
  "mission_settings": {
    "player": {
      "army": 1
    },
    "player_teamB": {
      "army": 2
    },
    "mission": {
      "level": "levels/air_smolensk.bin",
      "type": "domination",
      "environment": "Day",
      "weather": "hazy",
      "restoreType": "attempts",
      "optionalTakeOff": false
    }
  },
  "imports": {},
  "triggers": {
    "isCategory": true,
    "is_enabled": true
  },
  "mission_objectives": {
    "isCategory": true,
    "is_enabled": true
  },
  "variables": {},
  "dialogs": {},
  "airfields": {},
  "effects": {},
  "units": {
    "objectGroups": [
      {
        "name": "bdt_t2_bomb_object_01",
        "tm": [
          [
            -0.999567,
            0.0,
            -0.0293434
          ],
          [
            0.0,
            1.0,
            0.0
          ],
          [
            0.0293434,
            0.0,
            -0.999567
          ],
          [
            41537.1,
            2779.19,
            -8737.87
          ]
        ],
        "unit_class": "dynBase_hq_camp_square",
        "objLayer": 2,
        "props": {
          "army": 2,
          "active": false
        }
      },
      {
        "name": "bdt_t2_bomb_object_02",
        "tm": [
          [
            -0.824615,
            0.0,
            0.5657
          ],
          [
            0.0,
            1.0,
            0.0
          ],
          [
            -0.5657,
            0.0,
            -0.824615
          ],
          [
            31557.1,
            3251.65,
            1697.05
          ]
        ],
        "unit_class": "dynBase_fuel_storage_square",
        "objLayer": 2,
        "props": {
          "army": 2,
          "active": false
        }
      },
      {
        "name": "bdt_t2_bomb_object_03",
        "tm": [
          [
            -0.332996,
            0.0,
            -0.942931
          ],
          [
            0.0,
            1.0,
            0.0
          ],
          [
            0.942931,
            0.0,
            -0.332996
          ],
          [
            26190.7,
            3602.85,
            1727.65
          ]
        ],
        "unit_class": "dynBase_oil_storage_small_square",
        "objLayer": 2,
        "props": {
          "army": 2,
          "active": false
        }
      },
      {
        "name": "bdt_t1_bomb_object_01",
        "tm": [
          [
            -0.889928,
            0.0,
            -0.4561
          ],
          [
            0.0,
            1.0,
            0.0
          ],
          [
            0.4561,
            0.0,
            -0.889928
          ],
          [
            27114.8,
            3092.65,
            -23426.0
          ]
        ],
        "unit_class": "dynBase_fuel_storage_square",
        "objLayer": 2,
        "props": {
          "army": 1,
          "active": false
        }
      },
      {
        "name": "bdt_t1_bomb_object_02",
        "tm": [
          [
            -0.347986,
            0.0,
            -0.937499
          ],
          [
            0.0,
            1.0,
            0.0
          ],
          [
            0.937499,
            0.0,
            -0.347986
          ],
          [
            33888.6,
            2571.9,
            -20000.8
          ]
        ],
        "unit_class": "dynBase_small_factory_square",
        "objLayer": 2,
        "props": {
          "army": 1,
          "active": false
        }
      },
      {
        "name": "bdt_t1_bomb_object_03",
        "tm": [
          [
            -0.248106,
            0.0,
            -0.968732
          ],
          [
            0.0,
            1.0,
            0.0
          ],
          [
            0.968732,
            0.0,
            -0.248106
          ],
          [
            20559.9,
            2044.5,
            -14741.7
          ]
        ],
        "unit_class": "dynBase_oil_storage_small_square",
        "objLayer": 2,
        "props": {
          "army": 1,
          "active": false
        }
      },
      {
        "name": "bdt_t2_bomb_object_04",
        "tm": [
          [
            -0.801966,
            0.0,
            -0.597369
          ],
          [
            0.0,
            1.0,
            0.0
          ],
          [
            0.597369,
            0.0,
            -0.801966
          ],
          [
            44514.4,
            3017.65,
            -6204.4
          ]
        ],
        "unit_class": "dynBase_small_factory_square",
        "objLayer": 2,
        "props": {
          "army": 2,
          "active": false
        }
      },
      {
        "name": "bdt_t1_bomb_object_04",
        "tm": [
          [
            -0.571474,
            0.0,
            -0.820621
          ],
          [
            0.0,
            1.0,
            0.0
          ],
          [
            0.820621,
            0.0,
            -0.571474
          ],
          [
            19819.3,
            3105.1,
            -6062.85
          ]
        ],
        "unit_class": "dynBase_field_camp_square",
        "objLayer": 2,
        "props": {
          "army": 1,
          "active": false
        }
      },
      {
        "name": "bdt_t1_bomb_object_05",
        "tm": [
          [
            -0.571474,
            0.0,
            -0.820621
          ],
          [
            0.0,
            1.0,
            0.0
          ],
          [
            0.820621,
            0.0,
            -0.571474
          ],
          [
            16219.1,
            3211.0,
            -9180.05
          ]
        ],
        "unit_class": "dynBase_military_base_square",
        "objLayer": 2,
        "props": {
          "army": 1,
          "active": false
        }
      },
      {
        "name": "bdt_t1_bomb_object_06",
        "tm": [
          [
            -0.571474,
            0.0,
            -0.820621
          ],
          [
            0.0,
            1.0,
            0.0
          ],
          [
            0.820621,
            0.0,
            -0.571474
          ],
          [
            17081.6,
            2316.0,
            -14353.5
          ]
        ],
        "unit_class": "dynBase_oil_storage_large_square",
        "objLayer": 2,
        "props": {
          "army": 1,
          "active": false
        }
      },
      {
        "name": "bdt_t1_bomb_object_07",
        "tm": [
          [
            -0.571474,
            0.0,
            -0.820621
          ],
          [
            0.0,
            1.0,
            0.0
          ],
          [
            0.820621,
            0.0,
            -0.571474
          ],
          [
            19496.3,
            2353.05,
            -10486.4
          ]
        ],
        "unit_class": "dynBase_oil_storage_large_square",
        "objLayer": 2,
        "props": {
          "army": 1,
          "active": false
        }
      },
      {
        "name": "bdt_t1_bomb_object_08",
        "tm": [
          [
            -0.889928,
            0.0,
            -0.4561
          ],
          [
            0.0,
            1.0,
            0.0
          ],
          [
            0.4561,
            0.0,
            -0.889928
          ],
          [
            33586.9,
            3237.5,
            -23563.2
          ]
        ],
        "unit_class": "dynBase_small_factory_square",
        "objLayer": 2,
        "props": {
          "army": 1,
          "active": false
        }
      },
      {
        "name": "bdt_t1_bomb_object_09",
        "tm": [
          [
            -0.889928,
            0.0,
            -0.4561
          ],
          [
            0.0,
            1.0,
            0.0
          ],
          [
            0.4561,
            0.0,
            -0.889928
          ],
          [
            24718.5,
            2410.04,
            -19771.8
          ]
        ],
        "unit_class": "dynBase_petrol_camp_square",
        "objLayer": 2,
        "props": {
          "army": 1,
          "active": false
        }
      },
      {
        "name": "bdt_t1_bomb_object_10",
        "tm": [
          [
            -0.889928,
            0.0,
            -0.4561
          ],
          [
            0.0,
            1.0,
            0.0
          ],
          [
            0.4561,
            0.0,
            -0.889928
          ],
          [
            30399.0,
            2992.55,
            -21063.6
          ]
        ],
        "unit_class": "dynBase_petrol_camp_square",
        "objLayer": 2,
        "props": {
          "army": 1,
          "active": false
        }
      },
      {
        "name": "bdt_t2_bomb_object_05",
        "tm": [
          [
            -0.801966,
            0.0,
            -0.597369
          ],
          [
            0.0,
            1.0,
            0.0
          ],
          [
            0.597369,
            0.0,
            -0.801966
          ],
          [
            44635.3,
            3486.2,
            -11902.7
          ]
        ],
        "unit_class": "dynBase_petrol_camp_square",
        "objLayer": 2,
        "props": {
          "army": 2,
          "active": false
        }
      },
      {
        "name": "bdt_t2_bomb_object_06",
        "tm": [
          [
            -0.427843,
            0.0,
            -0.903853
          ],
          [
            0.0,
            1.0,
            0.0
          ],
          [
            0.903853,
            0.0,
            -0.427843
          ],
          [
            40491.4,
            2676.51,
            -14478.1
          ]
        ],
        "unit_class": "dynBase_military_base_square",
        "objLayer": 2,
        "props": {
          "army": 2,
          "active": false
        }
      },
      {
        "name": "bdt_t2_bomb_object_07",
        "tm": [
          [
            -0.801966,
            0.0,
            -0.597369
          ],
          [
            0.0,
            1.0,
            0.0
          ],
          [
            0.597369,
            0.0,
            -0.801966
          ],
          [
            40300.1,
            2598.55,
            -4061.3
          ]
        ],
        "unit_class": "dynBase_fuel_storage_square",
        "objLayer": 2,
        "props": {
          "army": 2,
          "active": false
        }
      },
      {
        "name": "bdt_t2_bomb_object_08",
        "tm": [
          [
            -0.332996,
            0.0,
            -0.942931
          ],
          [
            0.0,
            1.0,
            0.0
          ],
          [
            0.942931,
            0.0,
            -0.332996
          ],
          [
            34738.2,
            3227.95,
            3978.85
          ]
        ],
        "unit_class": "dynBase_ammunition_storage_square",
        "objLayer": 2,
        "props": {
          "army": 2,
          "active": false
        }
      },
      {
        "name": "bdt_t2_bomb_object_09",
        "tm": [
          [
            -0.332996,
            0.0,
            -0.942931
          ],
          [
            0.0,
            1.0,
            0.0
          ],
          [
            0.942931,
            0.0,
            -0.332996
          ],
          [
            27919.8,
            3009.65,
            4390.2
          ]
        ],
        "unit_class": "dynBase_field_camp_square",
        "objLayer": 2,
        "props": {
          "army": 2,
          "active": false
        }
      },
      {
        "name": "bdt_t2_bomb_object_10",
        "tm": [
          [
            -0.332996,
            0.0,
            -0.942931
          ],
          [
            0.0,
            1.0,
            0.0
          ],
          [
            0.942931,
            0.0,
            -0.332996
          ],
          [
            36149.5,
            3276.32,
            -136.98
          ]
        ],
        "unit_class": "dynBase_oil_storage_small_square",
        "objLayer": 2,
        "props": {
          "army": 2,
          "active": false
        }
      }
    ]
  },
  "areas": {
    "bdt_t2_bomb_zone_01": {
      "type": "Sphere",
      "tm": [
        [
          -449.808,
          0.0,
          -13.2049
        ],
        [
          0.0,
          450.0,
          0.0
        ],
        [
          13.2049,
          0.0,
          -449.808
        ],
        [
          41539.3,
          2778.61,
          -8731.16
        ]
      ],
      "objLayer": 0,
      "props": {}
    },
    "bdt_t2_bomb_zone_02": {
      "type": "Sphere",
      "tm": [
        [
          -445.568,
          0.0,
          -63.0109
        ],
        [
          0.0,
          450.0,
          0.0
        ],
        [
          63.0109,
          0.0,
          -445.568
        ],
        [
          31550.3,
          3251.97,
          1676.43
        ]
      ],
      "objLayer": 0,
      "props": {}
    },
    "bdt_t2_bomb_zone_03": {
      "type": "Sphere",
      "tm": [
        [
          -149.849,
          0.0,
          -424.316
        ],
        [
          0.0,
          450.0,
          0.0
        ],
        [
          424.316,
          0.0,
          -149.849
        ],
        [
          26200.3,
          3602.8,
          1729.89
        ]
      ],
      "objLayer": 0,
      "props": {}
    },
    "bdt_t1_bomb_zone_01": {
      "type": "Sphere",
      "tm": [
        [
          -400.468,
          0.0,
          -205.243
        ],
        [
          0.0,
          450.0,
          0.0
        ],
        [
          205.243,
          0.0,
          -400.468
        ],
        [
          27105.3,
          3098.2,
          -23434.4
        ]
      ],
      "objLayer": 0,
      "props": {}
    },
    "bdt_t1_bomb_zone_02": {
      "type": "Sphere",
      "tm": [
        [
          -244.192,
          0.0,
          -377.981
        ],
        [
          0.0,
          450.0,
          0.0
        ],
        [
          377.981,
          0.0,
          -244.192
        ],
        [
          33888.0,
          2569.27,
          -20005.5
        ]
      ],
      "objLayer": 0,
      "props": {}
    },
    "bdt_t1_bomb_zone_03": {
      "type": "Sphere",
      "tm": [
        [
          -269.131,
          0.0,
          -360.649
        ],
        [
          0.0,
          450.0,
          0.0
        ],
        [
          360.649,
          0.0,
          -269.131
        ],
        [
          20557.0,
          2044.37,
          -14746.5
        ]
      ],
      "objLayer": 0,
      "props": {}
    },
    "bdt_t2_bomb_zone_04": {
      "type": "Sphere",
      "tm": [
        [
          -360.885,
          0.0,
          -268.814
        ],
        [
          0.0,
          450.0,
          0.0
        ],
        [
          268.814,
          0.0,
          -360.885
        ],
        [
          44507.2,
          3015.47,
          -6207.61
        ]
      ],
      "objLayer": 0,
      "props": {}
    },
    "bdt_t1_bomb_zone_04": {
      "type": "Sphere",
      "tm": [
        [
          -269.131,
          0.0,
          -360.649
        ],
        [
          0.0,
          450.0,
          0.0
        ],
        [
          360.649,
          0.0,
          -269.131
        ],
        [
          19823.7,
          3103.47,
          -6066.5
        ]
      ],
      "objLayer": 0,
      "props": {}
    },
    "bdt_t2_bomb_zone_01_aaa_point_01": {
      "type": "Point",
      "tm": [
        [
          -0.812674,
          0.0,
          -0.582716
        ],
        [
          0.0,
          1.0,
          0.0
        ],
        [
          0.582716,
          0.0,
          -0.812674
        ],
        [
          41387.1,
          2691.33,
          -8564.86
        ]
      ],
      "objLayer": 0,
      "props": {}
    },
    "bdt_t2_bomb_zone_01_aaa_point_02": {
      "type": "Point",
      "tm": [
        [
          -0.812674,
          0.0,
          -0.582716
        ],
        [
          0.0,
          1.0,
          0.0
        ],
        [
          0.582716,
          0.0,
          -0.812674
        ],
        [
          41801.0,
          2886.32,
          -8861.22
        ]
      ],
      "objLayer": 0,
      "props": {}
    },
    "bdt_t2_bomb_zone_01_aaa_point_03": {
      "type": "Point",
      "tm": [
        [
          -0.812674,
          0.0,
          -0.582716
        ],
        [
          0.0,
          1.0,
          0.0
        ],
        [
          0.582716,
          0.0,
          -0.812674
        ],
        [
          41709.2,
          2871.49,
          -8936.98
        ]
      ],
      "objLayer": 0,
      "props": {}
    },
    "bdt_t2_bomb_zone_01_aaa_point_04": {
      "type": "Point",
      "tm": [
        [
          -0.812674,
          0.0,
          -0.582716
        ],
        [
          0.0,
          1.0,
          0.0
        ],
        [
          0.582716,
          0.0,
          -0.812674
        ],
        [
          41410.2,
          2692.69,
          -9180.3
        ]
      ],
      "objLayer": 0,
      "props": {}
    },
    "bdt_t2_bomb_zone_02_aaa_point_01": {
      "type": "Point",
      "tm": [
        [
          -0.743032,
          0.0,
          -0.669253
        ],
        [
          0.0,
          1.0,
          0.0
        ],
        [
          0.669253,
          0.0,
          -0.743032
        ],
        [
          31598.0,
          3249.33,
          1920.35
        ]
      ],
      "objLayer": 0,
      "props": {}
    },
    "bdt_t2_bomb_zone_02_aaa_point_02": {
      "type": "Point",
      "tm": [
        [
          -0.743032,
          0.0,
          -0.669253
        ],
        [
          0.0,
          1.0,
          0.0
        ],
        [
          0.669253,
          0.0,
          -0.743032
        ],
        [
          31716.6,
          3251.17,
          1394.53
        ]
      ],
      "objLayer": 0,
      "props": {}
    },
    "bdt_t2_bomb_zone_02_aaa_point_03": {
      "type": "Point",
      "tm": [
        [
          -0.743032,
          0.0,
          -0.669253
        ],
        [
          0.0,
          1.0,
          0.0
        ],
        [
          0.669253,
          0.0,
          -0.743032
        ],
        [
          31814.8,
          3235.32,
          1767.15
        ]
      ],
      "objLayer": 0,
      "props": {}
    },
    "bdt_t2_bomb_zone_02_aaa_point_04": {
      "type": "Point",
      "tm": [
        [
          -0.743032,
          0.0,
          -0.669253
        ],
        [
          0.0,
          1.0,
          0.0
        ],
        [
          0.669253,
          0.0,
          -0.743032
        ],
        [
          31356.2,
          3249.26,
          1554.21
        ]
      ],
      "objLayer": 0,
      "props": {}
    },
    "bdt_t2_bomb_zone_03_aaa_point_01": {
      "type": "Point",
      "tm": [
        [
          -0.743032,
          0.0,
          -0.669253
        ],
        [
          0.0,
          1.0,
          0.0
        ],
        [
          0.669253,
          0.0,
          -0.743032
        ],
        [
          25967.2,
          3605.6,
          1915.56
        ]
      ],
      "objLayer": 0,
      "props": {}
    },
    "bdt_t2_bomb_zone_03_aaa_point_02": {
      "type": "Point",
      "tm": [
        [
          -0.743032,
          0.0,
          -0.669253
        ],
        [
          0.0,
          1.0,
          0.0
        ],
        [
          0.669253,
          0.0,
          -0.743032
        ],
        [
          26299.7,
          3599.54,
          1454.66
        ]
      ],
      "objLayer": 0,
      "props": {}
    },
    "bdt_t2_bomb_zone_03_aaa_point_03": {
      "type": "Point",
      "tm": [
        [
          -0.743032,
          0.0,
          -0.669253
        ],
        [
          0.0,
          1.0,
          0.0
        ],
        [
          0.669253,
          0.0,
          -0.743032
        ],
        [
          26515.6,
          3599.93,
          1673.41
        ]
      ],
      "objLayer": 0,
      "props": {}
    },
    "bdt_t2_bomb_zone_03_aaa_point_04": {
      "type": "Point",
      "tm": [
        [
          -0.743032,
          0.0,
          -0.669253
        ],
        [
          0.0,
          1.0,
          0.0
        ],
        [
          0.669253,
          0.0,
          -0.743032
        ],
        [
          26167.3,
          3605.46,
          2028.04
        ]
      ],
      "objLayer": 0,
      "props": {}
    },
    "bdt_t2_bomb_zone_04_aaa_point_01": {
      "type": "Point",
      "tm": [
        [
          -0.812674,
          0.0,
          -0.582716
        ],
        [
          0.0,
          1.0,
          0.0
        ],
        [
          0.582716,
          0.0,
          -0.812674
        ],
        [
          44447.1,
          3075.15,
          -6534.41
        ]
      ],
      "objLayer": 0,
      "props": {}
    },
    "bdt_t2_bomb_zone_04_aaa_point_02": {
      "type": "Point",
      "tm": [
        [
          -0.812674,
          0.0,
          -0.582716
        ],
        [
          0.0,
          1.0,
          0.0
        ],
        [
          0.582716,
          0.0,
          -0.812674
        ],
        [
          44806.3,
          3075.31,
          -6250.44
        ]
      ],
      "objLayer": 0,
      "props": {}
    },
    "bdt_t2_bomb_zone_04_aaa_point_03": {
      "type": "Point",
      "tm": [
        [
          -0.812674,
          0.0,
          -0.582716
        ],
        [
          0.0,
          1.0,
          0.0
        ],
        [
          0.582716,
          0.0,
          -0.812674
        ],
        [
          44272.2,
          2883.09,
          -6081.64
        ]
      ],
      "objLayer": 0,
      "props": {}
    },
    "bdt_t2_bomb_zone_04_aaa_point_04": {
      "type": "Point",
      "tm": [
        [
          -0.812674,
          0.0,
          -0.582716
        ],
        [
          0.0,
          1.0,
          0.0
        ],
        [
          0.582716,
          0.0,
          -0.812674
        ],
        [
          44485.1,
          2941.84,
          -5961.62
        ]
      ],
      "objLayer": 0,
      "props": {}
    },
    "bdt_t1_bomb_zone_01_aaa_point_01": {
      "type": "Point",
      "tm": [
        [
          -0.483342,
          0.0,
          -0.87543
        ],
        [
          0.0,
          1.0,
          0.0
        ],
        [
          0.87543,
          0.0,
          -0.483342
        ],
        [
          26990.1,
          2917.24,
          -23661.6
        ]
      ],
      "objLayer": 0,
      "props": {}
    },
    "bdt_t1_bomb_zone_01_aaa_point_02": {
      "type": "Point",
      "tm": [
        [
          -0.483342,
          0.0,
          -0.87543
        ],
        [
          0.0,
          1.0,
          0.0
        ],
        [
          0.87543,
          0.0,
          -0.483342
        ],
        [
          27277.5,
          3076.5,
          -23248.8
        ]
      ],
      "objLayer": 0,
      "props": {}
    },
    "bdt_t1_bomb_zone_01_aaa_point_03": {
      "type": "Point",
      "tm": [
        [
          -0.483342,
          0.0,
          -0.87543
        ],
        [
          0.0,
          1.0,
          0.0
        ],
        [
          0.87543,
          0.0,
          -0.483342
        ],
        [
          26916.7,
          3234.96,
          -23297.0
        ]
      ],
      "objLayer": 0,
      "props": {}
    },
    "bdt_t1_bomb_zone_01_aaa_point_04": {
      "type": "Point",
      "tm": [
        [
          -0.483342,
          0.0,
          -0.87543
        ],
        [
          0.0,
          1.0,
          0.0
        ],
        [
          0.87543,
          0.0,
          -0.483342
        ],
        [
          27116.6,
          3172.64,
          -23186.4
        ]
      ],
      "objLayer": 0,
      "props": {}
    },
    "bdt_t1_bomb_zone_02_aaa_point_01": {
      "type": "Point",
      "tm": [
        [
          -0.483342,
          0.0,
          -0.87543
        ],
        [
          0.0,
          1.0,
          0.0
        ],
        [
          0.87543,
          0.0,
          -0.483342
        ],
        [
          33950.2,
          2571.23,
          -20268.7
        ]
      ],
      "objLayer": 0,
      "props": {}
    },
    "bdt_t1_bomb_zone_02_aaa_point_02": {
      "type": "Point",
      "tm": [
        [
          -0.483342,
          0.0,
          -0.87543
        ],
        [
          0.0,
          1.0,
          0.0
        ],
        [
          0.87543,
          0.0,
          -0.483342
        ],
        [
          34148.8,
          2569.6,
          -20057.0
        ]
      ],
      "objLayer": 0,
      "props": {}
    },
    "bdt_t1_bomb_zone_02_aaa_point_03": {
      "type": "Point",
      "tm": [
        [
          -0.483342,
          0.0,
          -0.87543
        ],
        [
          0.0,
          1.0,
          0.0
        ],
        [
          0.87543,
          0.0,
          -0.483342
        ],
        [
          33528.7,
          2465.73,
          -19733.8
        ]
      ],
      "objLayer": 0,
      "props": {}
    },
    "bdt_t1_bomb_zone_02_aaa_point_04": {
      "type": "Point",
      "tm": [
        [
          -0.483342,
          0.0,
          -0.87543
        ],
        [
          0.0,
          1.0,
          0.0
        ],
        [
          0.87543,
          0.0,
          -0.483342
        ],
        [
          34077.9,
          2429.86,
          -19736.7
        ]
      ],
      "objLayer": 0,
      "props": {}
    },
    "bdt_t1_bomb_zone_03_aaa_point_01": {
      "type": "Point",
      "tm": [
        [
          -0.577454,
          0.0,
          -0.816423
        ],
        [
          0.0,
          1.0,
          0.0
        ],
        [
          0.816423,
          0.0,
          -0.577454
        ],
        [
          20484.5,
          2197.03,
          -14447.5
        ]
      ],
      "objLayer": 0,
      "props": {}
    },
    "bdt_t1_bomb_zone_03_aaa_point_02": {
      "type": "Point",
      "tm": [
        [
          -0.577454,
          0.0,
          -0.816423
        ],
        [
          0.0,
          1.0,
          0.0
        ],
        [
          0.816423,
          0.0,
          -0.577454
        ],
        [
          20628.3,
          2041.42,
          -14977.9
        ]
      ],
      "objLayer": 0,
      "props": {}
    },
    "bdt_t1_bomb_zone_03_aaa_point_03": {
      "type": "Point",
      "tm": [
        [
          -0.577454,
          0.0,
          -0.816423
        ],
        [
          0.0,
          1.0,
          0.0
        ],
        [
          0.816423,
          0.0,
          -0.577454
        ],
        [
          20839.7,
          2048.19,
          -14794.6
        ]
      ],
      "objLayer": 0,
      "props": {}
    },
    "bdt_t1_bomb_zone_03_aaa_point_04": {
      "type": "Point",
      "tm": [
        [
          -0.577454,
          0.0,
          -0.816423
        ],
        [
          0.0,
          1.0,
          0.0
        ],
        [
          0.816423,
          0.0,
          -0.577454
        ],
        [
          20301.4,
          2045.98,
          -14798.8
        ]
      ],
      "objLayer": 0,
      "props": {}
    },
    "bdt_t1_bomb_zone_04_aaa_point_01": {
      "type": "Point",
      "tm": [
        [
          -0.577454,
          0.0,
          -0.816423
        ],
        [
          0.0,
          1.0,
          0.0
        ],
        [
          0.816423,
          0.0,
          -0.577454
        ],
        [
          19548.5,
          3043.41,
          -6223.45
        ]
      ],
      "objLayer": 0,
      "props": {}
    },
    "bdt_t1_bomb_zone_04_aaa_point_02": {
      "type": "Point",
      "tm": [
        [
          -0.577454,
          0.0,
          -0.816423
        ],
        [
          0.0,
          1.0,
          0.0
        ],
        [
          0.816423,
          0.0,
          -0.577454
        ],
        [
          19855.6,
          2927.5,
          -6317.2
        ]
      ],
      "objLayer": 0,
      "props": {}
    },
    "bdt_t1_bomb_zone_04_aaa_point_03": {
      "type": "Point",
      "tm": [
        [
          -0.577454,
          0.0,
          -0.816423
        ],
        [
          0.0,
          1.0,
          0.0
        ],
        [
          0.816423,
          0.0,
          -0.577454
        ],
        [
          19589.7,
          3193.53,
          -5893.61
        ]
      ],
      "objLayer": 0,
      "props": {}
    },
    "bdt_t1_bomb_zone_04_aaa_point_04": {
      "type": "Point",
      "tm": [
        [
          -0.577454,
          0.0,
          -0.816423
        ],
        [
          0.0,
          1.0,
          0.0
        ],
        [
          0.816423,
          0.0,
          -0.577454
        ],
        [
          20136.2,
          3008.38,
          -6096.08
        ]
      ],
      "objLayer": 0,
      "props": {}
    },
    "bdt_t1_bomb_zone_05": {
      "type": "Sphere",
      "tm": [
        [
          -269.131,
          0.0,
          -360.649
        ],
        [
          0.0,
          450.0,
          0.0
        ],
        [
          360.649,
          0.0,
          -269.131
        ],
        [
          16223.7,
          3211.02,
          -9183.72
        ]
      ],
      "objLayer": 0,
      "props": {}
    },
    "bdt_t1_bomb_zone_06": {
      "type": "Sphere",
      "tm": [
        [
          -269.131,
          0.0,
          -360.649
        ],
        [
          0.0,
          450.0,
          0.0
        ],
        [
          360.649,
          0.0,
          -269.131
        ],
        [
          17086.1,
          2314.9,
          -14357.2
        ]
      ],
      "objLayer": 0,
      "props": {}
    },
    "bdt_t1_bomb_zone_07": {
      "type": "Sphere",
      "tm": [
        [
          -269.131,
          0.0,
          -360.649
        ],
        [
          0.0,
          450.0,
          0.0
        ],
        [
          360.649,
          0.0,
          -269.131
        ],
        [
          19500.8,
          2351.03,
          -10490.2
        ]
      ],
      "objLayer": 0,
      "props": {}
    },
    "bdt_t1_bomb_zone_08": {
      "type": "Sphere",
      "tm": [
        [
          -400.468,
          0.0,
          -205.243
        ],
        [
          0.0,
          450.0,
          0.0
        ],
        [
          205.243,
          0.0,
          -400.468
        ],
        [
          33577.4,
          3237.13,
          -23571.6
        ]
      ],
      "objLayer": 0,
      "props": {}
    },
    "bdt_t1_bomb_zone_09": {
      "type": "Sphere",
      "tm": [
        [
          -400.468,
          0.0,
          -205.243
        ],
        [
          0.0,
          450.0,
          0.0
        ],
        [
          205.243,
          0.0,
          -400.468
        ],
        [
          24709.1,
          2412.1,
          -19779.9
        ]
      ],
      "objLayer": 0,
      "props": {}
    },
    "bdt_t1_bomb_zone_10": {
      "type": "Sphere",
      "tm": [
        [
          -400.468,
          0.0,
          -205.243
        ],
        [
          0.0,
          450.0,
          0.0
        ],
        [
          205.243,
          0.0,
          -400.468
        ],
        [
          30389.5,
          2992.78,
          -21071.8
        ]
      ],
      "objLayer": 0,
      "props": {}
    },
    "bdt_t1_bomb_zone_05_aaa_point_01": {
      "type": "Point",
      "tm": [
        [
          -0.577454,
          0.0,
          -0.816423
        ],
        [
          0.0,
          1.0,
          0.0
        ],
        [
          0.816423,
          0.0,
          -0.577454
        ],
        [
          16400.0,
          3211.28,
          -8973.92
        ]
      ],
      "objLayer": 0,
      "props": {}
    },
    "bdt_t1_bomb_zone_05_aaa_point_02": {
      "type": "Point",
      "tm": [
        [
          -0.577454,
          0.0,
          -0.816423
        ],
        [
          0.0,
          1.0,
          0.0
        ],
        [
          0.816423,
          0.0,
          -0.577454
        ],
        [
          16220.6,
          3210.38,
          -9028.3
        ]
      ],
      "objLayer": 0,
      "props": {}
    },
    "bdt_t1_bomb_zone_05_aaa_point_03": {
      "type": "Point",
      "tm": [
        [
          -0.577454,
          0.0,
          -0.816423
        ],
        [
          0.0,
          1.0,
          0.0
        ],
        [
          0.816423,
          0.0,
          -0.577454
        ],
        [
          16030.3,
          3211.59,
          -9396.77
        ]
      ],
      "objLayer": 0,
      "props": {}
    },
    "bdt_t1_bomb_zone_05_aaa_point_04": {
      "type": "Point",
      "tm": [
        [
          -0.577454,
          0.0,
          -0.816423
        ],
        [
          0.0,
          1.0,
          0.0
        ],
        [
          0.816423,
          0.0,
          -0.577454
        ],
        [
          16256.6,
          3176.27,
          -9459.31
        ]
      ],
      "objLayer": 0,
      "props": {}
    },
    "bdt_t1_bomb_zone_06_aaa_point_01": {
      "type": "Point",
      "tm": [
        [
          -0.577454,
          0.0,
          -0.816423
        ],
        [
          0.0,
          1.0,
          0.0
        ],
        [
          0.816423,
          0.0,
          -0.577454
        ],
        [
          16957.1,
          2272.4,
          -14045.5
        ]
      ],
      "objLayer": 0,
      "props": {}
    },
    "bdt_t1_bomb_zone_06_aaa_point_02": {
      "type": "Point",
      "tm": [
        [
          -0.577454,
          0.0,
          -0.816423
        ],
        [
          0.0,
          1.0,
          0.0
        ],
        [
          0.816423,
          0.0,
          -0.577454
        ],
        [
          17220.0,
          2309.21,
          -14061.5
        ]
      ],
      "objLayer": 0,
      "props": {}
    },
    "bdt_t1_bomb_zone_06_aaa_point_03": {
      "type": "Point",
      "tm": [
        [
          -0.577454,
          0.0,
          -0.816423
        ],
        [
          0.0,
          1.0,
          0.0
        ],
        [
          0.816423,
          0.0,
          -0.577454
        ],
        [
          17332.4,
          2225.97,
          -14543.8
        ]
      ],
      "objLayer": 0,
      "props": {}
    },
    "bdt_t1_bomb_zone_06_aaa_point_04": {
      "type": "Point",
      "tm": [
        [
          -0.577454,
          0.0,
          -0.816423
        ],
        [
          0.0,
          1.0,
          0.0
        ],
        [
          0.816423,
          0.0,
          -0.577454
        ],
        [
          16825.0,
          2373.85,
          -14500.3
        ]
      ],
      "objLayer": 0,
      "props": {}
    },
    "bdt_t1_bomb_zone_07_aaa_point_01": {
      "type": "Point",
      "tm": [
        [
          -0.577454,
          0.0,
          -0.816423
        ],
        [
          0.0,
          1.0,
          0.0
        ],
        [
          0.816423,
          0.0,
          -0.577454
        ],
        [
          19628.1,
          2323.82,
          -10763.3
        ]
      ],
      "objLayer": 0,
      "props": {}
    },
    "bdt_t1_bomb_zone_07_aaa_point_02": {
      "type": "Point",
      "tm": [
        [
          -0.577454,
          0.0,
          -0.816423
        ],
        [
          0.0,
          1.0,
          0.0
        ],
        [
          0.816423,
          0.0,
          -0.577454
        ],
        [
          19357.7,
          2354.01,
          -10172.1
        ]
      ],
      "objLayer": 0,
      "props": {}
    },
    "bdt_t1_bomb_zone_07_aaa_point_03": {
      "type": "Point",
      "tm": [
        [
          -0.577454,
          0.0,
          -0.816423
        ],
        [
          0.0,
          1.0,
          0.0
        ],
        [
          0.816423,
          0.0,
          -0.577454
        ],
        [
          19201.6,
          2498.74,
          -10643.1
        ]
      ],
      "objLayer": 0,
      "props": {}
    },
    "bdt_t1_bomb_zone_07_aaa_point_04": {
      "type": "Point",
      "tm": [
        [
          -0.577454,
          0.0,
          -0.816423
        ],
        [
          0.0,
          1.0,
          0.0
        ],
        [
          0.816423,
          0.0,
          -0.577454
        ],
        [
          19899.8,
          3280.72,
          -10536.8
        ]
      ],
      "objLayer": 0,
      "props": {}
    },
    "bdt_t1_bomb_zone_08_aaa_point_01": {
      "type": "Point",
      "tm": [
        [
          -0.483342,
          0.0,
          -0.87543
        ],
        [
          0.0,
          1.0,
          0.0
        ],
        [
          0.87543,
          0.0,
          -0.483342
        ],
        [
          33878.2,
          3179.95,
          -23649.2
        ]
      ],
      "objLayer": 0,
      "props": {}
    },
    "bdt_t1_bomb_zone_08_aaa_point_02": {
      "type": "Point",
      "tm": [
        [
          -0.483342,
          0.0,
          -0.87543
        ],
        [
          0.0,
          1.0,
          0.0
        ],
        [
          0.87543,
          0.0,
          -0.483342
        ],
        [
          33615.6,
          3252.04,
          -23268.0
        ]
      ],
      "objLayer": 0,
      "props": {}
    },
    "bdt_t1_bomb_zone_08_aaa_point_03": {
      "type": "Point",
      "tm": [
        [
          -0.483342,
          0.0,
          -0.87543
        ],
        [
          0.0,
          1.0,
          0.0
        ],
        [
          0.87543,
          0.0,
          -0.483342
        ],
        [
          33239.1,
          3281.81,
          -23454.7
        ]
      ],
      "objLayer": 0,
      "props": {}
    },
    "bdt_t1_bomb_zone_08_aaa_point_04": {
      "type": "Point",
      "tm": [
        [
          -0.483342,
          0.0,
          -0.87543
        ],
        [
          0.0,
          1.0,
          0.0
        ],
        [
          0.87543,
          0.0,
          -0.483342
        ],
        [
          33450.9,
          3194.15,
          -23812.6
        ]
      ],
      "objLayer": 0,
      "props": {}
    },
    "bdt_t1_bomb_zone_09_aaa_point_01": {
      "type": "Point",
      "tm": [
        [
          -0.483342,
          0.0,
          -0.87543
        ],
        [
          0.0,
          1.0,
          0.0
        ],
        [
          0.87543,
          0.0,
          -0.483342
        ],
        [
          24995.0,
          2334.86,
          -19435.0
        ]
      ],
      "objLayer": 0,
      "props": {}
    },
    "bdt_t1_bomb_zone_09_aaa_point_02": {
      "type": "Point",
      "tm": [
        [
          -0.483342,
          0.0,
          -0.87543
        ],
        [
          0.0,
          1.0,
          0.0
        ],
        [
          0.87543,
          0.0,
          -0.483342
        ],
        [
          24501.1,
          2270.49,
          -19426.2
        ]
      ],
      "objLayer": 0,
      "props": {}
    },
    "bdt_t1_bomb_zone_09_aaa_point_03": {
      "type": "Point",
      "tm": [
        [
          -0.483342,
          0.0,
          -0.87543
        ],
        [
          0.0,
          1.0,
          0.0
        ],
        [
          0.87543,
          0.0,
          -0.483342
        ],
        [
          25172.6,
          2445.7,
          -19960.9
        ]
      ],
      "objLayer": 0,
      "props": {}
    },
    "bdt_t1_bomb_zone_09_aaa_point_04": {
      "type": "Point",
      "tm": [
        [
          -0.483342,
          0.0,
          -0.87543
        ],
        [
          0.0,
          1.0,
          0.0
        ],
        [
          0.87543,
          0.0,
