{
  "selected_tag": "",
  "bin_dump_file": "",
  "mission_settings": {
    "player": {
      "army": 1
    },
    "player_teamB": {
      "army": 2
    },
    "mission": {
      "level": "levels/air_smolensk.bin",
      "type": "domination",
      "environment": "Day",
      "weather": "hazy",
      "restoreType": "attempts",
      "optionalTakeOff": false
    }
  },
  "imports": {},
  "triggers": {
    "isCategory": true,
    "is_enabled": true
  },
  "mission_objectives": {
    "isCategory": true,
    "is_enabled": true
  },
  "variables": {},
  "dialogs": {},
  "airfields": {},
  "effects": {},
  "units": {
    "objectGroups": [
      {
        "name": "bdt_t2_bomb_object_01",
        "tm": [
          [
            -0.999567,
            0.0,
            -0.0293446
          ],
          [
            0.0,
            1.0,
            0.0
          ],
          [
            0.0293446,
            0.0,
            -0.999567
          ],
          [
            37664.4,
            2278.65,
            -9031.35
          ]
        ],
        "unit_class": "dynBase_hq_camp_square",
        "objLayer": 2,
        "props": {
          "army": 2,
          "active": false
        }
      },
      {
        "name": "bdt_t2_bomb_object_02",
        "tm": [
          [
            -0.824615,
            0.0,
            0.565699
          ],
          [
            0.0,
            1.0,
            0.0
          ],
          [
            -0.565699,
            0.0,
            -0.824615
          ],
          [
            33998.0,
            2296.85,
            -3319.55
          ]
        ],
        "unit_class": "dynBase_fuel_storage_square",
        "objLayer": 2,
        "props": {
          "army": 2,
          "active": false
        }
      },
      {
        "name": "bdt_t2_bomb_object_03",
        "tm": [
          [
            -0.332994,
            0.0,
            -0.942931
          ],
          [
            0.0,
            1.0,
            0.0
          ],
          [
            0.942931,
            0.0,
            -0.332994
          ],
          [
            31282.3,
            2344.8,
            -2282.95
          ]
        ],
        "unit_class": "dynBase_oil_storage_small_square",
        "objLayer": 2,
        "props": {
          "army": 2,
          "active": false
        }
      },
      {
        "name": "bdt_t1_bomb_object_01",
        "tm": [
          [
            -0.889927,
            0.0,
            -0.456102
          ],
          [
            0.0,
            1.0,
            0.0
          ],
          [
            0.456102,
            0.0,
            -0.889927
          ],
          [
            32404.0,
            2559.85,
            -19080.8
          ]
        ],
        "unit_class": "dynBase_fuel_storage_square",
        "objLayer": 2,
        "props": {
          "army": 1,
          "active": false
        }
      },
      {
        "name": "bdt_t1_bomb_object_02",
        "tm": [
          [
            -0.347984,
            0.0,
            -0.937499
          ],
          [
            0.0,
            1.0,
            0.0
          ],
          [
            0.937499,
            0.0,
            -0.347984
          ],
          [
            30810.2,
            2063.55,
            -16658.4
          ]
        ],
        "unit_class": "dynBase_small_factory_square",
        "objLayer": 2,
        "props": {
          "army": 1,
          "active": false
        }
      },
      {
        "name": "bdt_t1_bomb_object_03",
        "tm": [
          [
            -0.248105,
            0.0,
            -0.968732
          ],
          [
            0.0,
            1.0,
            0.0
          ],
          [
            0.968732,
            0.0,
            -0.248105
          ],
          [
            24145.6,
            1954.2,
            -12623.1
          ]
        ],
        "unit_class": "dynBase_oil_storage_small_square",
        "objLayer": 2,
        "props": {
          "army": 1,
          "active": false
        }
      },
      {
        "name": "bdt_t2_bomb_object_04",
        "tm": [
          [
            -0.801966,
            0.0,
            -0.597371
          ],
          [
            0.0,
            1.0,
            0.0
          ],
          [
            0.597371,
            0.0,
            -0.801966
          ],
          [
            39413.9,
            2289.1,
            -6772.2
          ]
        ],
        "unit_class": "dynBase_small_factory_square",
        "objLayer": 2,
        "props": {
          "army": 2,
          "active": false
        }
      },
      {
        "name": "bdt_t1_bomb_object_04",
        "tm": [
          [
            -0.571472,
            0.0,
            -0.820622
          ],
          [
            0.0,
            1.0,
            0.0
          ],
          [
            0.820622,
            0.0,
            -0.571472
          ],
          [
            23418.7,
            2030.6,
            -9238.3
          ]
        ],
        "unit_class": "dynBase_field_camp_square",
        "objLayer": 2,
        "props": {
          "army": 1,
          "active": false
        }
      },
      {
        "name": "bdt_t1_bomb_object_05",
        "tm": [
          [
            -0.571472,
            0.0,
            -0.820622
          ],
          [
            0.0,
            1.0,
            0.0
          ],
          [
            0.820622,
            0.0,
            -0.571472
          ],
          [
            24067.7,
            2247.85,
            -6275.5
          ]
        ],
        "unit_class": "dynBase_military_base_square",
        "objLayer": 2,
        "props": {
          "army": 1,
          "active": false
        }
      },
      {
        "name": "bdt_t1_bomb_object_06",
        "tm": [
          [
            -0.571472,
            0.0,
            -0.820622
          ],
          [
            0.0,
            1.0,
            0.0
          ],
          [
            0.820622,
            0.0,
            -0.571472
          ],
          [
            21884.1,
            2203.7,
            -11606.2
          ]
        ],
        "unit_class": "dynBase_oil_storage_large_square",
        "objLayer": 2,
        "props": {
          "army": 1,
          "active": false
        }
      },
      {
        "name": "bdt_t1_bomb_object_07",
        "tm": [
          [
            -0.571472,
            0.0,
            -0.820622
          ],
          [
            0.0,
            1.0,
            0.0
          ],
          [
            0.820622,
            0.0,
            -0.571472
          ],
          [
            20664.3,
            2787.0,
            -7189.7
          ]
        ],
        "unit_class": "dynBase_oil_storage_large_square",
        "objLayer": 2,
        "props": {
          "army": 1,
          "active": false
        }
      },
      {
        "name": "bdt_t1_bomb_object_08",
        "tm": [
          [
            -0.889927,
            0.0,
            -0.456102
          ],
          [
            0.0,
            1.0,
            0.0
          ],
          [
            0.456102,
            0.0,
            -0.889927
          ],
          [
            33264.2,
            2169.3,
            -16062.6
          ]
        ],
        "unit_class": "dynBase_small_factory_square",
        "objLayer": 2,
        "props": {
          "army": 1,
          "active": false
        }
      },
      {
        "name": "bdt_t1_bomb_object_09",
        "tm": [
          [
            -0.889927,
            0.0,
            -0.456102
          ],
          [
            0.0,
            1.0,
            0.0
          ],
          [
            0.456102,
            0.0,
            -0.889927
          ],
          [
            27956.8,
            1997.31,
            -15769.7
          ]
        ],
        "unit_class": "dynBase_petrol_camp_square",
        "objLayer": 2,
        "props": {
          "army": 1,
          "active": false
        }
      },
      {
        "name": "bdt_t1_bomb_object_10",
        "tm": [
          [
            -0.889927,
            0.0,
            -0.456102
          ],
          [
            0.0,
            1.0,
            0.0
          ],
          [
            0.456102,
            0.0,
            -0.889927
          ],
          [
            28948.1,
            2748.5,
            -18788.0
          ]
        ],
        "unit_class": "dynBase_petrol_camp_square",
        "objLayer": 2,
        "props": {
          "army": 1,
          "active": false
        }
      },
      {
        "name": "bdt_t2_bomb_object_05",
        "tm": [
          [
            -0.801966,
            0.0,
            -0.597371
          ],
          [
            0.0,
            1.0,
            0.0
          ],
          [
            0.597371,
            0.0,
            -0.801966
          ],
          [
            40139.4,
            2870.3,
            -11224.5
          ]
        ],
        "unit_class": "dynBase_petrol_camp_square",
        "objLayer": 2,
        "props": {
          "army": 2,
          "active": false
        }
      },
      {
        "name": "bdt_t2_bomb_object_06",
        "tm": [
          [
            -0.427842,
            0.0,
            -0.903855
          ],
          [
            0.0,
            1.0,
            0.0
          ],
          [
            0.903855,
            0.0,
            -0.427842
          ],
          [
            37061.4,
            2133.55,
            -12507.3
          ]
        ],
        "unit_class": "dynBase_military_base_square",
        "objLayer": 2,
        "props": {
          "army": 2,
          "active": false
        }
      },
      {
        "name": "bdt_t2_bomb_object_07",
        "tm": [
          [
            -0.801966,
            0.0,
            -0.597371
          ],
          [
            0.0,
            1.0,
            0.0
          ],
          [
            0.597371,
            0.0,
            -0.801966
          ],
          [
            36974.0,
            2158.45,
            -6094.45
          ]
        ],
        "unit_class": "dynBase_fuel_storage_square",
        "objLayer": 2,
        "props": {
          "army": 2,
          "active": false
        }
      },
      {
        "name": "bdt_t2_bomb_object_08",
        "tm": [
          [
            -0.332994,
            0.0,
            -0.942931
          ],
          [
            0.0,
            1.0,
            0.0
          ],
          [
            0.942931,
            0.0,
            -0.332994
          ],
          [
            32424.4,
            2879.35,
            -740.6
          ]
        ],
        "unit_class": "dynBase_ammunition_storage_square",
        "objLayer": 2,
        "props": {
          "army": 2,
          "active": false
        }
      },
      {
        "name": "bdt_t2_bomb_object_09",
        "tm": [
          [
            -0.332994,
            0.0,
            -0.942931
          ],
          [
            0.0,
            1.0,
            0.0
          ],
          [
            0.942931,
            0.0,
            -0.332994
          ],
          [
            27993.2,
            2404.75,
            -2477.9
          ]
        ],
        "unit_class": "dynBase_field_camp_square",
        "objLayer": 2,
        "props": {
          "army": 2,
          "active": false
        }
      },
      {
        "name": "bdt_t2_bomb_object_10",
        "tm": [
          [
            -0.332994,
            0.0,
            -0.942931
          ],
          [
            0.0,
            1.0,
            0.0
          ],
          [
            0.942931,
            0.0,
            -0.332994
          ],
          [
            29081.6,
            3133.4,
            -254.25
          ]
        ],
        "unit_class": "dynBase_oil_storage_small_square",
        "objLayer": 2,
        "props": {
          "army": 2,
          "active": false
        }
      }
    ]
  },
  "areas": {
    "bdt_t2_bomb_zone_01": {
      "type": "Sphere",
      "tm": [
        [
          -449.807,
          0.0,
          -13.2052
        ],
        [
          0.0,
          450.0,
          0.0
        ],
        [
          13.2052,
          0.0,
          -449.807
        ],
        [
          37666.6,
          2279.21,
          -9024.63
        ]
      ],
      "objLayer": 0,
      "props": {}
    },
    "bdt_t2_bomb_zone_02": {
      "type": "Sphere",
      "tm": [
        [
          -445.567,
          0.0,
          -63.0122
        ],
        [
          0.0,
          450.0,
          0.0
        ],
        [
          63.0122,
          0.0,
          -445.567
        ],
        [
          33991.3,
          2295.23,
          -3340.19
        ]
      ],
      "objLayer": 0,
      "props": {}
    },
    "bdt_t2_bomb_zone_03": {
      "type": "Sphere",
      "tm": [
        [
          -149.849,
          0.0,
          -424.317
        ],
        [
          0.0,
          450.0,
          0.0
        ],
        [
          424.317,
          0.0,
          -149.849
        ],
        [
          31291.8,
          2345.5,
          -2280.71
        ]
      ],
      "objLayer": 0,
      "props": {}
    },
    "bdt_t1_bomb_zone_01": {
      "type": "Sphere",
      "tm": [
        [
          -400.468,
          0.0,
          -205.244
        ],
        [
          0.0,
          450.0,
          0.0
        ],
        [
          205.244,
          0.0,
          -400.468
        ],
        [
          32394.5,
          2574.51,
          -19089.1
        ]
      ],
      "objLayer": 0,
      "props": {}
    },
    "bdt_t1_bomb_zone_02": {
      "type": "Sphere",
      "tm": [
        [
          -244.192,
          0.0,
          -377.981
        ],
        [
          0.0,
          450.0,
          0.0
        ],
        [
          377.981,
          0.0,
          -244.192
        ],
        [
          30809.8,
          2064.54,
          -16663.0
        ]
      ],
      "objLayer": 0,
      "props": {}
    },
    "bdt_t1_bomb_zone_03": {
      "type": "Sphere",
      "tm": [
        [
          -269.13,
          0.0,
          -360.649
        ],
        [
          0.0,
          450.0,
          0.0
        ],
        [
          360.649,
          0.0,
          -269.13
        ],
        [
          24142.7,
          1953.53,
          -12627.9
        ]
      ],
      "objLayer": 0,
      "props": {}
    },
    "bdt_t2_bomb_zone_04": {
      "type": "Sphere",
      "tm": [
        [
          -360.884,
          0.0,
          -268.815
        ],
        [
          0.0,
          450.0,
          0.0
        ],
        [
          268.815,
          0.0,
          -360.884
        ],
        [
          39406.6,
          2288.17,
          -6775.39
        ]
      ],
      "objLayer": 0,
      "props": {}
    },
    "bdt_t1_bomb_zone_04": {
      "type": "Sphere",
      "tm": [
        [
          -269.13,
          0.0,
          -360.649
        ],
        [
          0.0,
          450.0,
          0.0
        ],
        [
          360.649,
          0.0,
          -269.13
        ],
        [
          23423.2,
          2031.26,
          -9241.96
        ]
      ],
      "objLayer": 0,
      "props": {}
    },
    "bdt_t2_bomb_zone_01_aaa_point_01": {
      "type": "Point",
      "tm": [
        [
          -0.812674,
          0.0,
          -0.582717
        ],
        [
          0.0,
          1.0,
          0.0
        ],
        [
          0.582717,
          0.0,
          -0.812674
        ],
        [
          37514.4,
          2269.26,
          -8858.33
        ]
      ],
      "objLayer": 0,
      "props": {}
    },
    "bdt_t2_bomb_zone_01_aaa_point_02": {
      "type": "Point",
      "tm": [
        [
          -0.812674,
          0.0,
          -0.582717
        ],
        [
          0.0,
          1.0,
          0.0
        ],
        [
          0.582717,
          0.0,
          -0.812674
        ],
        [
          37928.2,
          2307.8,
          -9154.69
        ]
      ],
      "objLayer": 0,
      "props": {}
    },
    "bdt_t2_bomb_zone_01_aaa_point_03": {
      "type": "Point",
      "tm": [
        [
          -0.812674,
          0.0,
          -0.582717
        ],
        [
          0.0,
          1.0,
          0.0
        ],
        [
          0.582717,
          0.0,
          -0.812674
        ],
        [
          37836.4,
          2292.79,
          -9230.44
        ]
      ],
      "objLayer": 0,
      "props": {}
    },
    "bdt_t2_bomb_zone_01_aaa_point_04": {
      "type": "Point",
      "tm": [
        [
          -0.812674,
          0.0,
          -0.582717
        ],
        [
          0.0,
          1.0,
          0.0
        ],
        [
          0.582717,
          0.0,
          -0.812674
        ],
        [
          37539.5,
          2214.04,
          -9538.31
        ]
      ],
      "objLayer": 0,
      "props": {}
    },
    "bdt_t2_bomb_zone_02_aaa_point_01": {
      "type": "Point",
      "tm": [
        [
          -0.743031,
          0.0,
          -0.669255
        ],
        [
          0.0,
          1.0,
          0.0
        ],
        [
          0.669255,
          0.0,
          -0.743031
        ],
        [
          34038.9,
          2328.9,
          -3096.25
        ]
      ],
      "objLayer": 0,
      "props": {}
    },
    "bdt_t2_bomb_zone_02_aaa_point_02": {
      "type": "Point",
      "tm": [
        [
          -0.743031,
          0.0,
          -0.669255
        ],
        [
          0.0,
          1.0,
          0.0
        ],
        [
          0.669255,
          0.0,
          -0.743031
        ],
        [
          34157.6,
          2359.15,
          -3622.07
        ]
      ],
      "objLayer": 0,
      "props": {}
    },
    "bdt_t2_bomb_zone_02_aaa_point_03": {
      "type": "Point",
      "tm": [
        [
          -0.743031,
          0.0,
          -0.669255
        ],
        [
          0.0,
          1.0,
          0.0
        ],
        [
          0.669255,
          0.0,
          -0.743031
        ],
        [
          34255.8,
          2415.11,
          -3249.46
        ]
      ],
      "objLayer": 0,
      "props": {}
    },
    "bdt_t2_bomb_zone_02_aaa_point_04": {
      "type": "Point",
      "tm": [
        [
          -0.743031,
          0.0,
          -0.669255
        ],
        [
          0.0,
          1.0,
          0.0
        ],
        [
          0.669255,
          0.0,
          -0.743031
        ],
        [
          33797.1,
          2268.37,
          -3462.4
        ]
      ],
      "objLayer": 0,
      "props": {}
    },
    "bdt_t2_bomb_zone_03_aaa_point_01": {
      "type": "Point",
      "tm": [
        [
          -0.743031,
          0.0,
          -0.669255
        ],
        [
          0.0,
          1.0,
          0.0
        ],
        [
          0.669255,
          0.0,
          -0.743031
        ],
        [
          31058.8,
          2418.88,
          -2095.04
        ]
      ],
      "objLayer": 0,
      "props": {}
    },
    "bdt_t2_bomb_zone_03_aaa_point_02": {
      "type": "Point",
      "tm": [
        [
          -0.743031,
          0.0,
          -0.669255
        ],
        [
          0.0,
          1.0,
          0.0
        ],
        [
          0.669255,
          0.0,
          -0.743031
        ],
        [
          31391.2,
          2248.26,
          -2555.93
        ]
      ],
      "objLayer": 0,
      "props": {}
    },
    "bdt_t2_bomb_zone_03_aaa_point_03": {
      "type": "Point",
      "tm": [
        [
          -0.743031,
          0.0,
          -0.669255
        ],
        [
          0.0,
          1.0,
          0.0
        ],
        [
          0.669255,
          0.0,
          -0.743031
        ],
        [
          31607.2,
          2334.35,
          -2337.19
        ]
      ],
      "objLayer": 0,
      "props": {}
    },
    "bdt_t2_bomb_zone_03_aaa_point_04": {
      "type": "Point",
      "tm": [
        [
          -0.743031,
          0.0,
          -0.669255
        ],
        [
          0.0,
          1.0,
          0.0
        ],
        [
          0.669255,
          0.0,
          -0.743031
        ],
        [
          31258.8,
          2385.4,
          -1982.56
        ]
      ],
      "objLayer": 0,
      "props": {}
    },
    "bdt_t2_bomb_zone_04_aaa_point_01": {
      "type": "Point",
      "tm": [
        [
          -0.812674,
          0.0,
          -0.582717
        ],
        [
          0.0,
          1.0,
          0.0
        ],
        [
          0.582717,
          0.0,
          -0.812674
        ],
        [
          39346.6,
          2289.49,
          -7102.19
        ]
      ],
      "objLayer": 0,
      "props": {}
    },
    "bdt_t2_bomb_zone_04_aaa_point_02": {
      "type": "Point",
      "tm": [
        [
          -0.812674,
          0.0,
          -0.582717
        ],
        [
          0.0,
          1.0,
          0.0
        ],
        [
          0.582717,
          0.0,
          -0.812674
        ],
        [
          39705.8,
          2331.51,
          -6818.23
        ]
      ],
      "objLayer": 0,
      "props": {}
    },
    "bdt_t2_bomb_zone_04_aaa_point_03": {
      "type": "Point",
      "tm": [
        [
          -0.812674,
          0.0,
          -0.582717
        ],
        [
          0.0,
          1.0,
          0.0
        ],
        [
          0.582717,
          0.0,
          -0.812674
        ],
        [
          39171.7,
          2257.29,
          -6649.43
        ]
      ],
      "objLayer": 0,
      "props": {}
    },
    "bdt_t2_bomb_zone_04_aaa_point_04": {
      "type": "Point",
      "tm": [
        [
          -0.812674,
          0.0,
          -0.582717
        ],
        [
          0.0,
          1.0,
          0.0
        ],
        [
          0.582717,
          0.0,
          -0.812674
        ],
        [
          39384.6,
          2277.74,
          -6529.43
        ]
      ],
      "objLayer": 0,
      "props": {}
    },
    "bdt_t1_bomb_zone_01_aaa_point_01": {
      "type": "Point",
      "tm": [
        [
          -0.483341,
          0.0,
          -0.875432
        ],
        [
          0.0,
          1.0,
          0.0
        ],
        [
          0.875432,
          0.0,
          -0.483341
        ],
        [
          32279.3,
          2684.72,
          -19316.3
        ]
      ],
      "objLayer": 0,
      "props": {}
    },
    "bdt_t1_bomb_zone_01_aaa_point_02": {
      "type": "Point",
      "tm": [
        [
          -0.483341,
          0.0,
          -0.875432
        ],
        [
          0.0,
          1.0,
          0.0
        ],
        [
          0.875432,
          0.0,
          -0.483341
        ],
        [
          32566.6,
          2547.08,
          -18903.6
        ]
      ],
      "objLayer": 0,
      "props": {}
    },
    "bdt_t1_bomb_zone_01_aaa_point_03": {
      "type": "Point",
      "tm": [
        [
          -0.483341,
          0.0,
          -0.875432
        ],
        [
          0.0,
          1.0,
          0.0
        ],
        [
          0.875432,
          0.0,
          -0.483341
        ],
        [
          32205.8,
          2478.33,
          -18951.9
        ]
      ],
      "objLayer": 0,
      "props": {}
    },
    "bdt_t1_bomb_zone_01_aaa_point_04": {
      "type": "Point",
      "tm": [
        [
          -0.483341,
          0.0,
          -0.875432
        ],
        [
          0.0,
          1.0,
          0.0
        ],
        [
          0.875432,
          0.0,
          -0.483341
        ],
        [
          32405.8,
          2421.82,
          -18841.1
        ]
      ],
      "objLayer": 0,
      "props": {}
    },
    "bdt_t1_bomb_zone_02_aaa_point_01": {
      "type": "Point",
      "tm": [
        [
          -0.483341,
          0.0,
          -0.875432
        ],
        [
          0.0,
          1.0,
          0.0
        ],
        [
          0.875432,
          0.0,
          -0.483341
        ],
        [
          30872.0,
          2137.96,
          -16926.2
        ]
      ],
      "objLayer": 0,
      "props": {}
    },
    "bdt_t1_bomb_zone_02_aaa_point_02": {
      "type": "Point",
      "tm": [
        [
          -0.483341,
          0.0,
          -0.875432
        ],
        [
          0.0,
          1.0,
          0.0
        ],
        [
          0.875432,
          0.0,
          -0.483341
        ],
        [
          31070.5,
          2130.89,
          -16714.6
        ]
      ],
      "objLayer": 0,
      "props": {}
    },
    "bdt_t1_bomb_zone_02_aaa_point_03": {
      "type": "Point",
      "tm": [
        [
          -0.483341,
          0.0,
          -0.875432
        ],
        [
          0.0,
          1.0,
          0.0
        ],
        [
          0.875432,
          0.0,
          -0.483341
        ],
        [
          30450.5,
          2031.44,
          -16391.3
        ]
      ],
      "objLayer": 0,
      "props": {}
    },
    "bdt_t1_bomb_zone_02_aaa_point_04": {
      "type": "Point",
      "tm": [
        [
          -0.483341,
          0.0,
          -0.875432
        ],
        [
          0.0,
          1.0,
          0.0
        ],
        [
          0.875432,
          0.0,
          -0.483341
        ],
        [
          30999.7,
          2079.09,
          -16394.2
        ]
      ],
      "objLayer": 0,
      "props": {}
    },
    "bdt_t1_bomb_zone_03_aaa_point_01": {
      "type": "Point",
      "tm": [
        [
          -0.577453,
          0.0,
          -0.816424
        ],
        [
          0.0,
          1.0,
          0.0
        ],
        [
          0.816424,
          0.0,
          -0.577453
        ],
        [
          24070.2,
          1990.32,
          -12328.8
        ]
      ],
      "objLayer": 0,
      "props": {}
    },
    "bdt_t1_bomb_zone_03_aaa_point_02": {
      "type": "Point",
      "tm": [
        [
          -0.577453,
          0.0,
          -0.816424
        ],
        [
          0.0,
          1.0,
          0.0
        ],
        [
          0.816424,
          0.0,
          -0.577453
        ],
        [
          24214.0,
          1952.77,
          -12859.4
        ]
      ],
      "objLayer": 0,
      "props": {}
    },
    "bdt_t1_bomb_zone_03_aaa_point_03": {
      "type": "Point",
      "tm": [
        [
          -0.577453,
          0.0,
          -0.816424
        ],
        [
          0.0,
          1.0,
          0.0
        ],
        [
          0.816424,
          0.0,
          -0.577453
        ],
        [
          24425.4,
          1943.67,
          -12675.9
        ]
      ],
      "objLayer": 0,
      "props": {}
    },
    "bdt_t1_bomb_zone_03_aaa_point_04": {
      "type": "Point",
      "tm": [
        [
          -0.577453,
          0.0,
          -0.816424
        ],
        [
          0.0,
          1.0,
          0.0
        ],
        [
          0.816424,
          0.0,
          -0.577453
        ],
        [
          23887.0,
          1977.36,
          -12680.1
        ]
      ],
      "objLayer": 0,
      "props": {}
    },
    "bdt_t1_bomb_zone_04_aaa_point_01": {
      "type": "Point",
      "tm": [
        [
          -0.577453,
          0.0,
          -0.816424
        ],
        [
          0.0,
          1.0,
          0.0
        ],
        [
          0.816424,
          0.0,
          -0.577453
        ],
        [
          23148.0,
          2063.02,
          -9398.92
        ]
      ],
      "objLayer": 0,
      "props": {}
    },
    "bdt_t1_bomb_zone_04_aaa_point_02": {
      "type": "Point",
      "tm": [
        [
          -0.577453,
          0.0,
          -0.816424
        ],
        [
          0.0,
          1.0,
          0.0
        ],
        [
          0.816424,
          0.0,
          -0.577453
        ],
        [
          23455.1,
          2045.96,
          -9492.68
        ]
      ],
      "objLayer": 0,
      "props": {}
    },
    "bdt_t1_bomb_zone_04_aaa_point_03": {
      "type": "Point",
      "tm": [
        [
          -0.577453,
          0.0,
          -0.816424
        ],
        [
          0.0,
          1.0,
          0.0
        ],
        [
          0.816424,
          0.0,
          -0.577453
        ],
        [
          23189.2,
          2053.19,
          -9069.09
        ]
      ],
      "objLayer": 0,
      "props": {}
    },
    "bdt_t1_bomb_zone_04_aaa_point_04": {
      "type": "Point",
      "tm": [
        [
          -0.577453,
          0.0,
          -0.816424
        ],
        [
          0.0,
          1.0,
          0.0
        ],
        [
          0.816424,
          0.0,
          -0.577453
        ],
        [
          23735.7,
          2067.07,
          -9271.55
        ]
      ],
      "objLayer": 0,
      "props": {}
    },
    "bdt_t1_bomb_zone_05": {
      "type": "Sphere",
      "tm": [
        [
          -269.13,
          0.0,
          -360.649
        ],
        [
          0.0,
          450.0,
          0.0
        ],
        [
          360.649,
          0.0,
          -269.13
        ],
        [
          24072.3,
          2247.58,
          -6279.17
        ]
      ],
      "objLayer": 0,
      "props": {}
    },
    "bdt_t1_bomb_zone_06": {
      "type": "Sphere",
      "tm": [
        [
          -269.13,
          0.0,
          -360.649
        ],
        [
          0.0,
          450.0,
          0.0
        ],
        [
          360.649,
          0.0,
          -269.13
        ],
        [
          21888.6,
          2202.58,
          -11609.9
        ]
      ],
      "objLayer": 0,
      "props": {}
    },
    "bdt_t1_bomb_zone_07": {
      "type": "Sphere",
      "tm": [
        [
          -269.13,
          0.0,
          -360.649
        ],
        [
          0.0,
          450.0,
          0.0
        ],
        [
          360.649,
          0.0,
          -269.13
        ],
        [
          20668.8,
          2784.91,
          -7193.45
        ]
      ],
      "objLayer": 0,
      "props": {}
    },
    "bdt_t1_bomb_zone_08": {
      "type": "Sphere",
      "tm": [
        [
          -400.468,
          0.0,
          -205.244
        ],
        [
          0.0,
          450.0,
          0.0
        ],
        [
          205.244,
          0.0,
          -400.468
        ],
        [
          33254.6,
          2172.63,
          -16070.9
        ]
      ],
      "objLayer": 0,
      "props": {}
    },
    "bdt_t1_bomb_zone_09": {
      "type": "Sphere",
      "tm": [
        [
          -400.468,
          0.0,
          -205.244
        ],
        [
          0.0,
          450.0,
          0.0
        ],
        [
          205.244,
          0.0,
          -400.468
        ],
        [
          27947.4,
          1997.6,
          -15777.8
        ]
      ],
      "objLayer": 0,
      "props": {}
    },
    "bdt_t1_bomb_zone_10": {
      "type": "Sphere",
      "tm": [
        [
          -400.468,
          0.0,
          -205.244
        ],
        [
          0.0,
          450.0,
          0.0
        ],
        [
          205.244,
          0.0,
          -400.468
        ],
        [
          28938.5,
          2749.3,
          -18796.3
        ]
      ],
      "objLayer": 0,
      "props": {}
    },
    "bdt_t1_bomb_zone_05_aaa_point_01": {
      "type": "Point",
      "tm": [
        [
          -0.577453,
          0.0,
          -0.816424
        ],
        [
          0.0,
          1.0,
          0.0
        ],
        [
          0.816424,
          0.0,
          -0.577453
        ],
        [
          24248.6,
          2236.53,
          -6069.37
        ]
      ],
      "objLayer": 0,
      "props": {}
    },
    "bdt_t1_bomb_zone_05_aaa_point_02": {
      "type": "Point",
      "tm": [
        [
          -0.577453,
          0.0,
          -0.816424
        ],
        [
          0.0,
          1.0,
          0.0
        ],
        [
          0.816424,
          0.0,
          -0.577453
        ],
        [
          24069.2,
          2247.48,
          -6123.74
        ]
      ],
      "objLayer": 0,
      "props": {}
    },
    "bdt_t1_bomb_zone_05_aaa_point_03": {
      "type": "Point",
      "tm": [
        [
          -0.577453,
          0.0,
          -0.816424
        ],
        [
          0.0,
          1.0,
          0.0
        ],
        [
          0.816424,
          0.0,
          -0.577453
        ],
        [
          23878.9,
          2259.67,
          -6492.24
        ]
      ],
      "objLayer": 0,
      "props": {}
    },
    "bdt_t1_bomb_zone_05_aaa_point_04": {
      "type": "Point",
      "tm": [
        [
          -0.577453,
          0.0,
          -0.816424
        ],
        [
          0.0,
          1.0,
          0.0
        ],
        [
          0.816424,
          0.0,
          -0.577453
        ],
        [
          24105.1,
          2238.47,
          -6554.76
        ]
      ],
      "objLayer": 0,
      "props": {}
    },
    "bdt_t1_bomb_zone_06_aaa_point_01": {
      "type": "Point",
      "tm": [
        [
          -0.577453,
          0.0,
          -0.816424
        ],
        [
          0.0,
          1.0,
          0.0
        ],
        [
          0.816424,
          0.0,
          -0.577453
        ],
        [
          21759.6,
          2257.66,
          -11298.2
        ]
      ],
      "objLayer": 0,
      "props": {}
    },
    "bdt_t1_bomb_zone_06_aaa_point_02": {
      "type": "Point",
      "tm": [
        [
          -0.577453,
          0.0,
          -0.816424
        ],
        [
          0.0,
          1.0,
          0.0
        ],
        [
          0.816424,
          0.0,
          -0.577453
        ],
        [
          22022.6,
          2205.31,
          -11314.2
        ]
      ],
      "objLayer": 0,
      "props": {}
    },
    "bdt_t1_bomb_zone_06_aaa_point_03": {
      "type": "Point",
      "tm": [
        [
          -0.577453,
          0.0,
          -0.816424
        ],
        [
          0.0,
          1.0,
          0.0
        ],
        [
          0.816424,
          0.0,
          -0.577453
        ],
        [
          22135.0,
          2145.64,
          -11796.5
        ]
      ],
      "objLayer": 0,
      "props": {}
    },
    "bdt_t1_bomb_zone_06_aaa_point_04": {
      "type": "Point",
      "tm": [
        [
          -0.577453,
          0.0,
          -0.816424
        ],
        [
          0.0,
          1.0,
          0.0
        ],
        [
          0.816424,
          0.0,
          -0.577453
        ],
        [
          21627.6,
          2167.13,
          -11752.9
        ]
      ],
      "objLayer": 0,
      "props": {}
    },
    "bdt_t1_bomb_zone_07_aaa_point_01": {
      "type": "Point",
      "tm": [
        [
          -0.577453,
          0.0,
          -0.816424
        ],
        [
          0.0,
          1.0,
          0.0
        ],
        [
          0.816424,
          0.0,
          -0.577453
        ],
        [
          20796.1,
          2670.54,
          -7466.48
        ]
      ],
      "objLayer": 0,
      "props": {}
    },
    "bdt_t1_bomb_zone_07_aaa_point_02": {
      "type": "Point",
      "tm": [
        [
          -0.577453,
          0.0,
          -0.816424
        ],
        [
          0.0,
          1.0,
          0.0
        ],
        [
          0.816424,
          0.0,
          -0.577453
        ],
        [
          20525.7,
          2947.39,
          -6875.34
        ]
      ],
      "objLayer": 0,
      "props": {}
    },
    "bdt_t1_bomb_zone_07_aaa_point_03": {
      "type": "Point",
      "tm": [
        [
          -0.577453,
          0.0,
          -0.816424
        ],
        [
          0.0,
          1.0,
          0.0
        ],
        [
          0.816424,
          0.0,
          -0.577453
        ],
        [
          20369.6,
          2774.62,
          -7346.28
        ]
      ],
      "objLayer": 0,
      "props": {}
    },
    "bdt_t1_bomb_zone_07_aaa_point_04": {
      "type": "Point",
      "tm": [
        [
          -0.577453,
          0.0,
          -0.816424
        ],
        [
          0.0,
          1.0,
          0.0
        ],
        [
          0.816424,
          0.0,
          -0.577453
        ],
        [
          21067.8,
          2645.78,
          -7240.06
        ]
      ],
      "objLayer": 0,
      "props": {}
    },
    "bdt_t1_bomb_zone_08_aaa_point_01": {
      "type": "Point",
      "tm": [
        [
          -0.483341,
          0.0,
          -0.875432
        ],
        [
          0.0,
          1.0,
          0.0
        ],
        [
          0.875432,
          0.0,
          -0.483341
        ],
        [
          33555.5,
          2216.15,
          -16148.5
        ]
      ],
      "objLayer": 0,
      "props": {}
    },
    "bdt_t1_bomb_zone_08_aaa_point_02": {
      "type": "Point",
      "tm": [
        [
          -0.483341,
          0.0,
          -0.875432
        ],
        [
          0.0,
          1.0,
          0.0
        ],
        [
          0.875432,
          0.0,
          -0.483341
        ],
        [
          33292.9,
          2147.18,
          -15767.3
        ]
      ],
      "objLayer": 0,
      "props": {}
    },
    "bdt_t1_bomb_zone_08_aaa_point_03": {
      "type": "Point",
      "tm": [
        [
          -0.483341,
          0.0,
          -0.875432
        ],
        [
          0.0,
          1.0,
          0.0
        ],
        [
          0.875432,
          0.0,
          -0.483341
        ],
        [
          32916.4,
          2167.13,
          -15954.0
        ]
      ],
      "objLayer": 0,
      "props": {}
    },
    "bdt_t1_bomb_zone_08_aaa_point_04": {
      "type": "Point",
      "tm": [
        [
          -0.483341,
          0.0,
          -0.875432
        ],
        [
          0.0,
          1.0,
          0.0
        ],
        [
          0.875432,
          0.0,
          -0.483341
        ],
        [
          33128.3,
          2313.24,
          -16311.9
        ]
      ],
      "objLayer": 0,
      "props": {}
    },
    "bdt_t1_bomb_zone_09_aaa_point_01": {
      "type": "Point",
      "tm": [
        [
          -0.483341,
          0.0,
          -0.875432
        ],
        [
          0.0,
          1.0,
          0.0
        ],
        [
          0.875432,
          0.0,
          -0.483341
        ],
        [
          28233.3,
          1997.3,
          -15433.0
        ]
      ],
      "objLayer": 0,
      "props": {}
    },
    "bdt_t1_bomb_zone_09_aaa_point_02": {
      "type": "Point",
      "tm": [
        [
          -0.483341,
          0.0,
          -0.875432
        ],
        [
          0.0,
          1.0,
          0.0
        ],
        [
          0.875432,
          0.0,
          -0.483341
        ],
        [
          27739.4,
          1988.78,
          -15424.2
        ]
      ],
      "objLayer": 0,
      "props": {}
    },
    "bdt_t1_bomb_zone_09_aaa_point_03": {
      "type": "Point",
      "tm": [
        [
          -0.483341,
          0.0,
          -0.875432
        ],
        [
          0.0,
          1.0,
          0.0
        ],
        [
          0.875432,
          0.0,
          -0.483341
        ],
        [
          28410.9,
          2002.99,
          -15959.0
        ]
      ],
      "objLayer": 0,
      "props": {}
    },
    "bdt_t1_bomb_zone_09_aaa_point_04": {
      "type": "Point",
      "tm": [
        [
          -0.483341,
          0.0,
          -0.875432
        ],
        [
          0.0,
          1.0,
          0.0
