{
  "selected_tag": "",
  "bin_dump_file": "",
  "mission_settings": {
    "player": [
      {
        "army": 1
      },
      {
        "wing": "t1_player01"
      },
      {
        "wing": "t1_player02"
      },
      {
        "wing": "t1_player03"
      },
      {
        "wing": "t1_player04"
      },
      {
        "wing": "t1_player05"
      },
      {
        "wing": "t1_player06"
      },
      {
        "wing": "t1_player07"
      },
      {
        "wing": "t1_player08"
      },
      {
        "wing": "t1_player09"
      },
      {
        "wing": "t1_player10"
      },
      {
        "wing": "t1_player11"
      },
      {
        "wing": "t1_player12"
      },
      {
        "wing": "t1_player13"
      },
      {
        "wing": "t1_player14"
      },
      {
        "wing": "t1_player15"
      },
      {
        "wing": "t1_player16"
      },
      {
        "wing": "t1_player17"
      },
      {
        "wing": "t1_player18"
      },
      {
        "wing": "t1_player19"
      },
      {
        "wing": "t1_player20"
      },
      {
        "wing": "t1_player21"
      },
      {
        "wing": "t1_player22"
      },
      {
        "wing": "t1_player23"
      },
      {
        "wing": "t1_player24"
      },
      {
        "wing": "t1_player25"
      },
      {
        "wing": "t1_player26"
      },
      {
        "wing": "t1_player27"
      },
      {
        "wing": "t1_player28"
      },
      {
        "wing": "t1_player29"
      },
      {
        "wing": "t1_player30"
      },
      {
        "wing": "t1_player31"
      },
      {
        "wing": "t1_player32"
      }
    ],
    "player_teamB": [
      {
        "army": 2
      },
      {
        "wing": "t2_player01"
      },
      {
        "wing": "t2_player02"
      },
      {
        "wing": "t2_player03"
      },
      {
        "wing": "t2_player04"
      },
      {
        "wing": "t2_player05"
      },
      {
        "wing": "t2_player06"
      },
      {
        "wing": "t2_player07"
      },
      {
        "wing": "t2_player08"
      },
      {
        "wing": "t2_player09"
      },
      {
        "wing": "t2_player10"
      },
      {
        "wing": "t2_player11"
      },
      {
        "wing": "t2_player12"
      },
      {
        "wing": "t2_player13"
      },
      {
        "wing": "t2_player14"
      },
      {
        "wing": "t2_player15"
      },
      {
        "wing": "t2_player16"
      },
      {
        "wing": "t2_player17"
      },
      {
        "wing": "t2_player18"
      },
      {
        "wing": "t2_player19"
      },
      {
        "wing": "t2_player20"
      },
      {
        "wing": "t2_player21"
      },
      {
        "wing": "t2_player22"
      },
      {
        "wing": "t2_player23"
      },
      {
        "wing": "t2_player24"
      },
      {
        "wing": "t2_player25"
      },
      {
        "wing": "t2_player26"
      },
      {
        "wing": "t2_player27"
      },
      {
        "wing": "t2_player28"
      },
      {
        "wing": "t2_player29"
      },
      {
        "wing": "t2_player30"
      },
      {
        "wing": "t2_player31"
      },
      {
        "wing": "t2_player32"
      },
      {
        "wing": "t2_player33"
      }
    ],
    "mission": {
      "level": "levels/avg_eastern_europe.bin",
      "type": "domination",
      "environment": "Day",
      "weather": "hazy",
      "locName": "missions/_CnvA;eastern_europe/name",
      "locDesc": "eastern_europe/desc;missions/_Cnv/desc",
      "scoreLimit": 10000,
      "timeLimit": 25,
      "deathPenaltyMul": 0.0,
      "postfix": "_CnvA",
      "allowedKillStreaks": true,
      "randomSpawnTeams": false,
      "remapAiTankModels": true,
      "country_axis": "germany",
      "country_allies": "ussr",
      "restoreType": "attempts",
      "optionalTakeOff": false,
      "showTacticalMapCellSize": true,
      "allowedUnitTypes": {
        "isAirplanesAllowed": true,
        "isTanksAllowed": true,
        "isShipsAllowed": false,
        "isHelicoptersAllowed": true
      }
    },
    "spectator_points": [],
    "briefing": {
      "place_loc": "",
      "date_loc": "",
      "objective_loc": "",
      "music": "action_01",
      "part": {
        "event": "",
        "minTime": 0,
        "slide": [
          {
            "map": true
          },
          {
            "minTime": 4
          },
          {
            "picture": ""
          },
          {
            "showAirMap": false
          },
          {
            "arrow": [
              {
                "width": 1
              },
              {
                "side": "ally"
              },
              {
                "point": "briefing_tanks"
              },
              {
                "point": "convoy_waypoint01"
              },
              {
                "point": "convoy_waypoint02"
              },
              {
                "point": "convoy_waypoint03"
              },
              {
                "point": "convoy_waypoint04"
              },
              {
                "point": "convoy_waypoint04"
              }
            ]
          },
          {
            "icon": {
              "icontype": "bomber",
              "side": "enemy",
              "target": "briefing_bombers",
              "lookAt": "briefing_tanks"
            }
          },
          {
            "icon": {
              "icontype": "tank",
              "side": "ally",
              "target": "briefing_tanks"
            }
          },
          {
            "icon": {
              "icontype": "tank",
              "side": "enemy",
              "target": "t2_tanks_spawn"
            }
          }
        ]
      }
    }
  },
  "imports": [
    {
      "import_record": {
        "file": "gameData/missions/templates/tank_templates/tank_base_logic_template.blk",
        "importAreas": true,
        "importUnits": true,
        "importTriggers": true,
        "importMissionObjectives": true,
        "importWayPoints": true,
        "showAreas": true,
        "showUnits": true,
        "showTriggers": true,
        "showMissionObjectives": true,
        "showWayPoints": true,
        "excludes": []
      }
    },
    {
      "import_record": {
        "file": "gameData/missions/templates/tank_convoy_template.blk",
        "importAreas": true,
        "importUnits": true,
        "importTriggers": true,
        "importMissionObjectives": true,
        "importWayPoints": true,
        "showAreas": true,
        "showUnits": true,
        "showTriggers": true,
        "showMissionObjectives": true,
        "showWayPoints": true,
        "excludes": []
      }
    },
    {
      "import_record": {
        "file": "gameData/missions/cta/tanks/eastern_europe/template_eastern_europe_air_spawn.blk",
        "importAreas": true,
        "importUnits": true,
        "importTriggers": true,
        "importMissionObjectives": true,
        "importWayPoints": true,
        "showAreas": true,
        "showUnits": true,
        "showTriggers": true,
        "showMissionObjectives": true,
        "showWayPoints": true,
        "excludes": []
      }
    },
    {
      "import_record": {
        "file": "gameData/missions/templates/ww_no_attackers_template.blk",
        "importAreas": true,
        "importUnits": true,
        "importTriggers": true,
        "importMissionObjectives": true,
        "importWayPoints": true,
        "showAreas": true,
        "showUnits": true,
        "showTriggers": true,
        "showMissionObjectives": true,
        "showWayPoints": true,
        "excludes": []
      }
    }
  ],
  "triggers": {
    "isCategory": true,
    "is_enabled": true,
    "eastern_europe_CnvA_init": {
      "is_enabled": true,
      "comments": "",
      "props": {
        "actionsType": "PERFORM_ONE_BY_ONE",
        "conditionsType": "ALL",
        "enableAfterComplete": false
      },
      "events": {
        "initMission": []
      },
      "conditions": [],
      "actions": [
        {
          "missionMarkAsRespawnPoint": {
            "loc_name": "missions/spawn",
            "spawnEffect": false,
            "isStrictSpawn": false,
            "isAirfield": false,
            "isUnit": false,
            "useExisting": false,
            "isIndividual": true,
            "removeAreas": false,
            "canSpawnOnNeutral": false,
            "showOnMap": true,
            "radius": 50.0,
            "onlyOnePlayerPerSpawnPoint": false,
            "resetStrictSpawnIndex": false,
            "forceCreate": false,
            "replaceAreas": false,
            "target": "t1_tanks_spawn00",
            "team": "A",
            "offset": [0.0,0.0,100.0],
            "tags": {
              "tank": true,
              "type_heavy_tank": true,
              "type_medium_tank": true,
              "type_light_tank": true,
              "type_tank_destroyer": true,
              "type_spaa": true
            }
          }
        },
        {
          "missionMarkAsRespawnPoint": {
            "loc_name": "missions/spawn",
            "spawnEffect": false,
            "isStrictSpawn": false,
            "isAirfield": false,
            "isUnit": false,
            "useExisting": false,
            "isIndividual": true,
            "removeAreas": false,
            "canSpawnOnNeutral": false,
            "showOnMap": true,
            "radius": -1.0,
            "onlyOnePlayerPerSpawnPoint": false,
            "resetStrictSpawnIndex": false,
            "forceCreate": false,
            "replaceAreas": false,
            "target": "t2_tanks_spawn",
            "team": "B",
            "offset": [0.0,0.0,0.0],
            "tags": {
              "tank": true,
              "type_heavy_tank": true,
              "type_medium_tank": true,
              "type_light_tank": true,
              "type_tank_destroyer": true,
              "type_spaa": true
            }
          }
        }
      ],
      "else_actions": []
    }
  },
  "mission_objectives": {
    "isCategory": true,
    "is_enabled": true
  },
  "variables": {
    "defenseMissionTeam": "teamA",
    "waypoints_num": 4
  },
  "dialogs": [],
  "airfields": [],
  "effects": [],
  "units": [
    {
      "tankModels": {
        "name": "t1_player01",
        "tm": [
          [1.0,0.0,0.0],
          [0.0,1.0,0.0],
          [0.0,0.0,1.0],
          [2346.43,48.7277,2709.35]
        ],
        "unit_class": "aaa_dummy",
        "objLayer": 1,
        "closed_waypoints": false,
        "isShipSpline": false,
        "shipTurnRadius": 100.0,
        "weapons": "",
        "bullets0": "",
        "bullets1": "",
        "bullets2": "",
        "bullets3": "",
        "bulletsCount0": 0,
        "bulletsCount1": 0,
        "bulletsCount2": 0,
        "bulletsCount3": 0,
        "props": {
          "army": 2,
          "count": 1,
          "formation_type": "rows",
          "formation_div": 3,
          "formation_step": [2.5,2.0],
          "formation_noise": [0.1,0.1],
          "uniqueName": "",
          "attack_type": "fire_at_will"
        },
        "way": []
      }
    },
    {
      "objectGroups": {
        "name": "notree02",
        "tm": [
          [0.912636,0.0,-0.408774],
          [0.0,1.0,0.0],
          [0.408774,0.0,0.912636],
          [3617.63,16.2009,1513.92]
        ],
        "unit_class": "noTreeObjectGroup100",
        "objLayer": 2,
        "props": {
          "army": 2,
          "active": true
        }
      }
    },
    {
      "objectGroups": {
        "name": "notree05",
        "tm": [
          [0.912636,0.0,-0.408774],
          [0.0,1.0,0.0],
          [0.408774,0.0,0.912636],
          [3527.33,16.2009,1545.25]
        ],
        "unit_class": "noTreeObjectGroup100",
        "objLayer": 2,
        "props": {
          "army": 2,
          "active": true
        }
      }
    },
    {
      "objectGroups": {
        "name": "notree08",
        "tm": [
          [0.912636,0.0,-0.408774],
          [0.0,1.0,0.0],
          [0.408774,0.0,0.912636],
          [3432.81,16.2009,1566.08]
        ],
        "unit_class": "noTreeObjectGroup100",
        "objLayer": 2,
        "props": {
          "army": 2,
          "active": true
        }
      }
    },
    {
      "objectGroups": {
        "name": "notree11",
        "tm": [
          [0.912636,0.0,-0.408774],
          [0.0,1.0,0.0],
          [0.408774,0.0,0.912636],
          [3343.66,16.2009,1592.59]
        ],
        "unit_class": "noTreeObjectGroup100",
        "objLayer": 2,
        "props": {
          "army": 2,
          "active": true
        }
      }
    },
    {
      "objectGroups": {
        "name": "notree14",
        "tm": [
          [0.912636,0.0,-0.408774],
          [0.0,1.0,0.0],
          [0.408774,0.0,0.912636],
          [3246.87,16.2009,1612.47]
        ],
        "unit_class": "noTreeObjectGroup100",
        "objLayer": 2,
        "props": {
          "army": 2,
          "active": true
        }
      }
    },
    {
      "objectGroups": {
        "name": "notree17",
        "tm": [
          [0.912636,0.0,-0.408774],
          [0.0,1.0,0.0],
          [0.408774,0.0,0.912636],
          [3167.02,16.2009,1647.72]
        ],
        "unit_class": "noTreeObjectGroup100",
        "objLayer": 2,
        "props": {
          "army": 2,
          "active": true
        }
      }
    },
    {
      "objectGroups": {
        "name": "notree20",
        "tm": [
          [0.912636,0.0,-0.408774],
          [0.0,1.0,0.0],
          [0.408774,0.0,0.912636],
          [3083.95,16.2,1689.5]
        ],
        "unit_class": "noTreeObjectGroup100",
        "objLayer": 2,
        "props": {
          "army": 2,
          "active": true
        }
      }
    },
    {
      "objectGroups": {
        "name": "notree23",
        "tm": [
          [0.992328,0.0,0.123639],
          [0.0,1.0,0.0],
          [-0.123639,0.0,0.992328],
          [3011.15,16.2,1688.3]
        ],
        "unit_class": "noTreeObjectGroup100",
        "objLayer": 2,
        "props": {
          "army": 2,
          "active": true
        }
      }
    },
    {
      "objectGroups": {
        "name": "notree26",
        "tm": [
          [0.992328,0.0,0.123639],
          [0.0,1.0,0.0],
          [-0.123639,0.0,0.992328],
          [2920.65,16.2,1674.55]
        ],
        "unit_class": "noTreeObjectGroup100",
        "objLayer": 2,
        "props": {
          "army": 2,
          "active": true
        }
      }
    },
    {
      "objectGroups": {
        "name": "notree29",
        "tm": [
          [0.992328,0.0,0.123639],
          [0.0,1.0,0.0],
          [-0.123639,0.0,0.992328],
          [2827.3,16.2,1684.0]
        ],
        "unit_class": "noTreeObjectGroup100",
        "objLayer": 2,
        "props": {
          "army": 2,
          "active": true
        }
      }
    },
    {
      "objectGroups": {
        "name": "notree32",
        "tm": [
          [0.992328,0.0,0.123639],
          [0.0,1.0,0.0],
          [-0.123639,0.0,0.992328],
          [2736.55,16.2,1630.55]
        ],
        "unit_class": "noTreeObjectGroup100",
        "objLayer": 2,
        "props": {
          "army": 2,
          "active": true
        }
      }
    },
    {
      "objectGroups": {
        "name": "notree35",
        "tm": [
          [0.87069,0.0,0.491833],
          [0.0,1.0,0.0],
          [-0.491833,0.0,0.87069],
          [2520.6,5.9,1473.05]
        ],
        "unit_class": "noTreeObjectGroup100",
        "objLayer": 2,
        "props": {
          "army": 2,
          "active": true
        }
      }
    },
    {
      "objectGroups": {
        "name": "notree38",
        "tm": [
          [0.87069,0.0,0.491833],
          [0.0,1.0,0.0],
          [-0.491833,0.0,0.87069],
          [2422.95,5.9,1452.95]
        ],
        "unit_class": "noTreeObjectGroup100",
        "objLayer": 2,
        "props": {
          "army": 2,
          "active": true
        }
      }
    },
    {
      "objectGroups": {
        "name": "notree41",
        "tm": [
          [0.977547,0.0,0.210717],
          [0.0,1.0,0.0],
          [-0.210717,0.0,0.977547],
          [2351.75,5.9,1424.35]
        ],
        "unit_class": "noTreeObjectGroup100",
        "objLayer": 2,
        "props": {
          "army": 2,
          "active": true
        }
      }
    },
    {
      "objectGroups": {
        "name": "notree44",
        "tm": [
          [0.977547,0.0,0.210717],
          [0.0,1.0,0.0],
          [-0.210717,0.0,0.977547],
          [2273.7,5.9,1392.8]
        ],
        "unit_class": "noTreeObjectGroup100",
        "objLayer": 2,
        "props": {
          "army": 2,
          "active": true
        }
      }
    },
    {
      "objectGroups": {
        "name": "notree47",
        "tm": [
          [0.977547,0.0,0.210717],
          [0.0,1.0,0.0],
          [-0.210717,0.0,0.977547],
          [2175.0,5.9,1374.4]
        ],
        "unit_class": "noTreeObjectGroup100",
        "objLayer": 2,
        "props": {
          "army": 2,
          "active": true
        }
      }
    },
    {
      "objectGroups": {
        "name": "notree50",
        "tm": [
          [0.977547,0.0,0.210717],
          [0.0,1.0,0.0],
          [-0.210717,0.0,0.977547],
          [2073.85,5.9,1388.6]
        ],
        "unit_class": "noTreeObjectGroup100",
        "objLayer": 2,
        "props": {
          "army": 2,
          "active": true
        }
      }
    },
    {
      "objectGroups": {
        "name": "notree53",
        "tm": [
          [0.988732,0.0,-0.149696],
          [0.0,1.0,0.0],
          [0.149696,0.0,0.988732],
          [1992.5,5.9,1338.05]
        ],
        "unit_class": "noTreeObjectGroup100",
        "objLayer": 2,
        "props": {
          "army": 2,
          "active": true
        }
      }
    },
    {
      "objectGroups": {
        "name": "notree56",
        "tm": [
          [0.778934,0.0,0.627106],
          [0.0,1.0,0.0],
          [-0.627106,0.0,0.778934],
          [1897.45,12.45,1298.55]
        ],
        "unit_class": "noTreeObjectGroup100",
        "objLayer": 2,
        "props": {
          "army": 2,
          "active": true
        }
      }
    },
    {
      "objectGroups": {
        "name": "notree59",
        "tm": [
          [0.778934,0.0,0.627106],
          [0.0,1.0,0.0],
          [-0.627106,0.0,0.778934],
          [1417.8,4.9,1399.3]
        ],
        "unit_class": "noTreeObjectGroup100",
        "objLayer": 2,
        "props": {
          "army": 2,
          "active": true
        }
      }
    },
    {
      "objectGroups": {
        "name": "notree62",
        "tm": [
          [0.778934,0.0,0.627106],
          [0.0,1.0,0.0],
          [-0.627106,0.0,0.778934],
          [1299.0,4.9,1414.2]
        ],
        "unit_class": "noTreeObjectGroup100",
        "objLayer": 2,
        "props": {
          "army": 2,
          "active": true
        }
      }
    },
    {
      "objectGroups": {
        "name": "notree65",
        "tm": [
          [0.778934,0.0,0.627106],
          [0.0,1.0,0.0],
          [-0.627106,0.0,0.778934],
          [1175.05,4.9,1439.0]
        ],
        "unit_class": "noTreeObjectGroup100",
        "objLayer": 2,
        "props": {
          "army": 2,
          "active": true
        }
      }
    },
    {
      "objectGroups": {
        "name": "notree68",
        "tm": [
          [0.37974,0.0,0.925094],
          [0.0,1.0,0.0],
          [-0.925094,0.0,0.37974],
          [1076.1,4.9,1462.8]
        ],
        "unit_class": "noTreeObjectGroup100",
        "objLayer": 2,
        "props": {
          "army": 2,
          "active": true
        }
      }
    },
    {
      "objectGroups": {
        "name": "notree71",
        "tm": [
          [0.597366,0.0,0.801969],
          [0.0,1.0,0.0],
          [-0.801969,0.0,0.597366],
          [760.75,4.9,1300.25]
        ],
        "unit_class": "noTreeObjectGroup100",
        "objLayer": 2,
        "props": {
          "army": 2,
          "active": true
        }
      }
    },
    {
      "objectGroups": {
        "name": "notree74",
        "tm": [
          [0.597366,0.0,0.801969],
          [0.0,1.0,0.0],
          [-0.801969,0.0,0.597366],
          [701.15,4.9,1225.85]
        ],
        "unit_class": "noTreeObjectGroup100",
        "objLayer": 2,
        "props": {
          "army": 2,
          "active": true
        }
      }
    },
    {
      "objectGroups": {
        "name": "notree77",
        "tm": [
          [0.597366,0.0,0.801969],
          [0.0,1.0,0.0],
          [-0.801969,0.0,0.597366],
          [675.05,4.9,1145.4]
        ],
        "unit_class": "noTreeObjectGroup100",
        "objLayer": 2,
        "props": {
          "army": 2,
          "active": true
        }
      }
    },
    {
      "objectGroups": {
        "name": "notree80",
        "tm": [
          [0.597366,0.0,0.801969],
          [0.0,1.0,0.0],
          [-0.801969,0.0,0.597366],
          [620.6,4.9,1070.55]
        ],
        "unit_class": "noTreeObjectGroup100",
        "objLayer": 2,
        "props": {
          "army": 2,
          "active": true
        }
      }
    },
    {
      "objectGroups": {
        "name": "notree83",
        "tm": [
          [0.597366,0.0,0.801969],
          [0.0,1.0,0.0],
          [-0.801969,0.0,0.597366],
          [570.7,4.9,989.1]
        ],
        "unit_class": "noTreeObjectGroup100",
        "objLayer": 2,
        "props": {
          "army": 2,
          "active": true
        }
      }
    },
    {
      "objectGroups": {
        "name": "notree86",
        "tm": [
          [0.597366,0.0,0.801969],
          [0.0,1.0,0.0],
          [-0.801969,0.0,0.597366],
          [541.2,4.9,898.65]
        ],
        "unit_class": "noTreeObjectGroup100",
        "objLayer": 2,
        "props": {
          "army": 2,
          "active": true
        }
      }
    },
    {
      "objectGroups": {
        "name": "notree89",
        "tm": [
          [0.597366,0.0,0.801969],
          [0.0,1.0,0.0],
          [-0.801969,0.0,0.597366],
          [498.15,4.9,811.35]
        ],
        "unit_class": "noTreeObjectGroup100",
        "objLayer": 2,
        "props": {
          "army": 2,
          "active": true
        }
      }
    },
    {
      "objectGroups": {
        "name": "notree92",
        "tm": [
          [0.597366,0.0,0.801969],
          [0.0,1.0,0.0],
          [-0.801969,0.0,0.597366],
          [459.5,4.9,720.65]
        ],
        "unit_class": "noTreeObjectGroup100",
        "objLayer": 2,
        "props": {
          "army": 2,
          "active": true
        }
      }
    },
    {
      "objectGroups": {
        "name": "notree95",
        "tm": [
          [0.597366,0.0,0.801969],
          [0.0,1.0,0.0],
          [-0.801969,0.0,0.597366],
          [471.1,4.9,595.55]
        ],
        "unit_class": "noTreeObjectGroup100",
        "objLayer": 2,
        "props": {
          "army": 2,
          "active": true
        }
      }
    },
    {
      "objectGroups": {
        "name": "notree98",
        "tm": [
          [0.597366,0.0,0.801969],
          [0.0,1.0,0.0],
          [-0.801969,0.0,0.597366],
          [454.25,4.9,489.0]
        ],
        "unit_class": "noTreeObjectGroup100",
        "objLayer": 2,
        "props": {
          "army": 2,
          "active": true
        }
      }
    },
    {
      "objectGroups": {
        "name": "notree101",
        "tm": [
          [0.597366,0.0,0.801969],
          [0.0,1.0,0.0],
          [-0.801969,0.0,0.597366],
          [457.7,4.9,408.5]
        ],
        "unit_class": "noTreeObjectGroup100",
        "objLayer": 2,
        "props": {
          "army": 2,
          "active": true
        }
      }
    },
    {
      "area_squad": {
        "name": "t1_tanks_spawn00",
        "tm": [
          [0.674998,0.0,0.73782],
          [0.0,1.0,0.0],
          [-0.73782,0.0,0.674998],
          [3474.22,33.2957,1433.48]
        ],
        "props": [
          {
            "squad_members": "t1_tanks_spawn00_01"
          },
          {
            "squad_members": "t1_tanks_spawn00_02"
          },
          {
            "squad_members": "t1_tanks_spawn00_03"
          },
          {
            "squad_members": "t1_tanks_spawn00_04"
          },
          {
            "squad_members": "t1_tanks_spawn00_05"
          },
          {
            "squad_members": "t1_tanks_spawn00_06"
          },
          {
            "squad_members": "t1_tanks_spawn00_07"
          },
          {
            "squad_members": "t1_tanks_spawn00_08"
          },
          {
            "squad_members": "t1_tanks_spawn00_09"
          },
          {
            "squad_members": "t1_tanks_spawn00_10"
          },
          {
            "squad_members": "t1_tanks_spawn00_11"
          },
          {
            "squad_members": "t1_tanks_spawn00_12"
          },
          {
            "squad_members": "t1_tanks_spawn00_13"
          },
          {
            "squad_members": "t1_tanks_spawn00_14"
          },
          {
            "squad_members": "t1_tanks_spawn00_15"
          },
          {
            "squad_members": "t1_tanks_spawn00_16"
          },
          {
            "squad_members": "t1_tanks_spawn00_17"
          },
          {
            "squad_members": "t1_tanks_spawn00_18"
          },
          {
            "squad_members": "t1_tanks_spawn00_19"
          },
          {
            "squad_members": "t1_tanks_spawn00_20"
          }
        ]
      }
    },
    {
      "area_squad": {
        "name": "t1_tanks_spawn01",
        "tm": [
          [0.901177,0.0,0.433449],
          [0.0,1.0,0.0],
          [-0.433449,0.0,0.901177],
          [2751.16,7.56319,1746.08]
        ],
        "props": [
          {
            "squad_members": "t1_tanks_spawn01_01"
          },
          {
            "squad_members": "t1_tanks_spawn01_02"
          },
          {
            "squad_members": "t1_tanks_spawn01_03"
          },
          {
            "squad_members": "t1_tanks_spawn01_04"
          },
          {
            "squad_members": "t1_tanks_spawn01_05"
          },
          {
            "squad_members": "t1_tanks_spawn01_06"
          },
          {
            "squad_members": "t1_tanks_spawn01_07"
          },
          {
            "squad_members": "t1_tanks_spawn01_08"
          },
          {
            "squad_members": "t1_tanks_spawn01_09"
          },
          {
            "squad_members": "t1_tanks_spawn01_10"
          },
          {
            "squad_members": "t1_tanks_spawn01_11"
          },
          {
            "squad_members": "t1_tanks_spawn01_12"
          },
          {
            "squad_members": "t1_tanks_spawn01_13"
          },
          {
            "squad_members": "t1_tanks_spawn01_14"
          },
          {
            "squad_members": "t1_tanks_spawn01_15"
          },
          {
            "squad_members": "t1_tanks_spawn01_16"
          },
          {
            "squad_members": "t1_tanks_spawn01_17"
          },
          {
            "squad_members": "t1_tanks_spawn01_18"
          },
          {
            "squad_members": "t1_tanks_spawn01_19"
          },
          {
            "squad_members": "t1_tanks_spawn01_20"
          }
        ]
      }
    },
    {
      "area_squad": {
        "name": "t1_tanks_spawn02",
        "tm": [
          [0.585921,0.0,-0.810368],
          [0.0,1.0,0.0],
          [0.810368,0.0,0.585921],
          [2107.13,12.8267,1448.38]
        ],
        "props": [
          {
            "squad_members": "t1_tanks_spawn02_01"
          },
          {
            "squad_members": "t1_tanks_spawn02_02"
          },
          {
            "squad_members": "t1_tanks_spawn02_03"
          },
          {
            "squad_members": "t1_tanks_spawn02_04"
          },
          {
            "squad_members": "t1_tanks_spawn02_05"
          },
          {
            "squad_members": "t1_tanks_spawn02_06"
          },
          {
            "squad_members": "t1_tanks_spawn02_07"
          },
          {
            "squad_members": "t1_tanks_spawn02_08"
          },
          {
            "squad_members": "t1_tanks_spawn02_09"
          },
          {
            "squad_members": "t1_tanks_spawn02_10"
          },
          {
            "squad_members": "t1_tanks_spawn02_11"
          },
          {
            "squad_members": "t1_tanks_spawn02_12"
          },
          {
            "squad_members": "t1_tanks_spawn02_13"
          },
          {
            "squad_members": "t1_tanks_spawn02_14"
          },
          {
            "squad_members": "t1_tanks_spawn02_15"
          },
          {
            "squad_members": "t1_tanks_spawn02_16"
          },
          {
            "squad_members": "t1_tanks_spawn02_17"
          },
          {
            "squad_members": "t1_tanks_spawn02_18"
          },
          {
            "squad_members": "t1_tanks_spawn02_19"
          },
          {
            "squad_members": "t1_tanks_spawn02_20"
          }
        ]
      }
    },
    {
      "area_squad": {
        "name": "t1_tanks_spawn03",
        "tm": [
          [-0.319666,0.0,0.94753],
          [0.0,1.0,0.0],
          [-0.94753,0.0,-0.319666],
          [646.019,11.4732,1286.29]
        ],
        "props": [
          {
            "squad_members": "t1_tanks_spawn03_01"
          },
          {
            "squad_members": "t1_tanks_spawn03_02"
          },
          {
            "squad_members": "t1_tanks_spawn03_03"
          },
          {
            "squad_members": "t1_tanks_spawn03_04"
          },
          {
            "squad_members": "t1_tanks_spawn03_05"
          },
          {
            "squad_members": "t1_tanks_spawn03_06"
          },
          {
            "squad_members": "t1_tanks_spawn03_07"
          },
          {
            "squad_members": "t1_tanks_spawn03_08"
          },
          {
            "squad_members": "t1_tanks_spawn03_09"
          },
          {
            "squad_members": "t1_tanks_spawn03_10"
          },
          {
            "squad_members": "t1_tanks_spawn03_11"
          },
          {
            "squad_members": "t1_tanks_spawn03_12"
          },
          {
            "squad_members": "t1_tanks_spawn03_13"
          },
          {
            "squad_members": "t1_tanks_spawn03_14"
          },
          {
            "squad_members": "t1_tanks_spawn03_15"
          },
          {
            "squad_members": "t1_tanks_spawn03_16"
          },
          {
            "squad_members": "t1_tanks_spawn03_17"
          },
          {
            "squad_members": "t1_tanks_spawn03_18"
          },
          {
            "squad_members": "t1_tanks_spawn03_19"
          },
          {
            "squad_members": "t1_tanks_spawn03_20"
          }
        ]
      }
    },
    {
      "area_squad": {
        "name": "t1_tanks_spawn04",
        "tm": [
          [0.0502349,0.0,0.998737],
          [0.0,1.0,0.0],
          [-0.998737,0.0,0.0502349],
          [392.159,16.0381,451.456]
        ],
        "props": [
          {
            "squad_members": "t1_tanks_spawn04_01"
          },
          {
            "squad_members": "t1_tanks_spawn04_02"
          },
          {
            "squad_members": "t1_tanks_spawn04_03"
          },
          {
            "squad_members": "t1_tanks_spawn04_04"
          },
          {
            "squad_members": "t1_tanks_spawn04_05"
          },
          {
            "squad_members": "t1_tanks_spawn04_06"
          },
          {
            "squad_members": "t1_tanks_spawn04_07"
          },
          {
            "squad_members": "t1_tanks_spawn04_08"
          },
          {
            "squad_members": "t1_tanks_spawn04_09"
          },
          {
            "squad_members": "t1_tanks_spawn04_10"
          },
          {
            "squad_members": "t1_tanks_spawn04_11"
          },
          {
            "squad_members": "t1_tanks_spawn04_12"
          },
          {
            "squad_members": "t1_tanks_spawn04_13"
          },
          {
            "squad_members": "t1_tanks_spawn04_14"
          },
          {
            "squad_members": "t1_tanks_spawn04_15"
          },
          {
            "squad_members": "t1_tanks_spawn04_16"
          },
          {
            "squad_members": "t1_tanks_spawn04_17"
          },
          {
            "squad_members": "t1_tanks_spawn04_18"
          },
          {
            "squad_members": "t1_tanks_spawn04_19"
          },
          {
            "squad_members": "t1_tanks_spawn04_20"
          }
        ]
      }
    },
    {
      "area_squad": {
        "name": "t2_tanks_spawn",
        "tm": [
          [0.994249,0.0,0.107093],
          [0.0,1.0,0.0],
          [-0.107093,0.0,0.994249],
          [2042.22,17.132,294.687]
        ],
        "props": [
          {
            "squad_members": "t2_tanks_spawn01"
          },
          {
            "squad_members": "t2_tanks_spawn02"
          },
          {
            "squad_members": "t2_tanks_spawn03"
          },
          {
            "squad_members": "t2_tanks_spawn04"
          },
          {
            "squad_members": "t2_tanks_spawn05"
          },
          {
            "squad_members": "t2_tanks_spawn06"
          },
          {
            "squad_members": "t2_tanks_spawn07"
          },
          {
            "squad_members": "t2_tanks_spawn08"
          },
          {
            "squad_members": "t2_tanks_spawn09"
          },
          {
            "squad_members": "t2_tanks_spawn10"
          },
          {
            "squad_members": "t2_tanks_spawn11"
          },
          {
            "squad_members": "t2_tanks_spawn12"
          },
          {
            "squad_members": "t2_tanks_spawn13"
          },
          {
            "squad_members": "t2_tanks_spawn14"
          },
          {
            "squad_members": "t2_tanks_spawn15"
          },
          {
            "squad_members": "t2_tanks_spawn16"
          },
          {
            "squad_members": "t2_tanks_spawn17"
          },
          {
            "squad_members": "t2_tanks_spawn18"
          },
          {
            "squad_members": "t2_tanks_spawn19"
          },
          {
            "squad_members": "t2_tanks_spawn20"
          }
        ]
      }
    },
    {
      "area_squad": {
        "name": "t1_rearm_zone",
        "tm": [
          [1.0,0.0,0.0],
          [0.0,1.0,0.0],
          [0.0,0.0,1.0],
          [-822.154,23.2117,-95.1837]
        ],
        "props": [
          {
            "squad_members": "t1_rearm_zone_01"
          },
          {
            "squad_members": "t1_rearm_zone_02"
          }
        ]
      }
    },
    {
      "area_squad": {
        "name": "t2_rearm_zone",
        "tm": [
          [1.0,0.0,0.0],
          [0.0,1.0,0.0],
          [0.0,0.0,1.0],
          [562.478,23.2117,-501.735]
        ],
        "props": [
          {
            "squad_members": "t2_rearm_zone_01"
          },
          {
            "squad_members": "t2_rearm_zone_02"
          }
        ]
      }
    }
  ],
  "areas": {
    "briefing_bombers": {
      "type": "Point",
      "tm": [
        [1.0,0.0,0.0],
        [0.0,1.0,0.0],
        [0.0,0.0,1.0],
        [649.795,41.1797,2787.04]
      ],
      "objLayer": 0,
      "props": []
    },
    "briefing_tanks": {
      "type": "Point",
      "tm": [
        [1.0,0.0,0.0],
        [0.0,1.0,0.0],
        [0.0,0.0,1.0],
        [3644.4,24.0971,1524.35]
      ],
      "objLayer": 0,
      "props": []
    },
    "convoy_waypoint01": {
      "type": "Point",
      "tm": [
        [-69.1952,0.0,-72.1941],
        [0.0,100.0,0.0],
        [72.1941,0.0,-69.1952],
        [2778.88,19.2913,1643.22]
      ],
      "objLayer": 0,
      "props": []
    },
    "convoy_waypoint02": {
      "type": "Point",
      "tm": [
        [-72.5571,0.0,-68.8148],
        [0.0,100.0,0.0],
        [68.8148,0.0,-72.5571],
        [2118.38,7.8458,1380.98]
      ],
      "objLayer": 0,
      "props": []
    },
    "convoy_waypoint03": {
      "type": "Point",
      "tm": [
        [96.7124,0.0,25.4302],
        [0.0,100.0,0.0],
        [-25.4302,0.0,96.7124],
        [775.393,10.6036,1350.14]
      ],
      "objLayer": 0,
      "props": []
    },
    "convoy_waypoint04": {
      "type": "Point",
      "tm": [
        [69.0739,0.0,72.3102],
        [0.0,100.0,0.0],
        [-72.3102,0.0,69.0739],
        [464.971,16.6657,431.604]
      ],
      "objLayer": 0,
      "props": []
    },
    "convoy_waypoint00": {
      "type": "Point",
      "tm": [
        [-97.4345,0.0,22.5062],
        [0.0,100.0,0.0],
        [-22.5062,0.0,-97.4345],
        [3550.84,30.0767,1541.29]
      ],
      "objLayer": 0,
      "props": []
    },
    "convoy_starting_point": {
      "type": "Point",
      "tm": [
        [-0.908302,0.0,0.418315],
        [0.0,1.0,0.0],
        [-0.418315,0.0,-0.908302],
        [3760.57,29.7429,1413.04]
      ],
      "objLayer": 0,
      "props": []
    },
    "cnv_battle_area": {
      "type": "Box",
      "tm": [
        [4096.0,0.0,0.0],
        [0.0,931.89,0.0],
        [0.0,0.0,4096.0],
        [2048.0,12.1382,2048.0]
      ],
      "objLayer": 0,
      "props": []
    },
    "area_03": {
      "type": "Sphere",
      "tm": [
        [2000.0,0.0,0.0],
        [0.0,2000.0,0.0],
        [0.0,0.0,2000.0],
        [1979.12,18.4395,372.911]
      ],
      "objLayer": 0,
      "props": []
    },
    "area_04": {
      "type": "Sphere",
      "tm": [
        [1000.0,0.0,0.0],
        [0.0,1000.0,0.0],
        [0.0,0.0,1000.0],
        [1208.61,46.5,1234.86]
      ],
      "objLayer": 0,
      "props": []
    },
    "notree01": {
      "type": "Box",
      "tm": [
        [91.2636,0.0,-40.8774],
        [0.0,50.0,0.0],
        [40.8774,0.0,91.2636],
        [3617.63,16.2009,1513.92]
      ],
      "objLayer": 0,
      "props": []
    },
    "notree04": {
      "type": "Box",
      "tm": [
        [91.2636,0.0,-40.8774],
        [0.0,50.0,0.0],
        [40.8774,0.0,91.2636],
        [3527.33,16.2009,1545.25]
      ],
      "objLayer": 0,
      "props": []
    },
    "notree07": {
      "type": "Box",
      "tm": [
        [91.2636,0.0,-40.8774],
        [0.0,50.0,0.0],
        [40.8774,0.0,91.2636],
        [3432.81,16.2009,1566.08]
      ],
      "objLayer": 0,
      "props": []
    },
    "notree10": {
      "type": "Box",
      "tm": [
        [91.2636,0.0,-40.8774],
        [0.0,50.0,0.0],
        [40.8774,0.0,91.2636],
        [3343.66,16.2009,1592.59]
      ],
      "objLayer": 0,
      "props": []
    },
    "notree13": {
      "type": "Box",
      "tm": [
        [91.2636,0.0,-40.8774],
        [0.0,50.0,0.0],
        [40.8774,0.0,91.2636],
        [3246.87,16.2009,1612.47]
      ],
      "objLayer": 0,
      "props": []
    },
    "notree16": {
      "type": "Box",
      "tm": [
        [91.2636,0.0,-40.8774],
        [0.0,50.0,0.0],
        [40.8774,0.0,91.2636],
        [3167.02,16.2009,1647.72]
      ],
      "objLayer": 0,
      "props": []
    },
    "notree19": {
      "type": "Box",
      "tm": [
        [91.2636,0.0,-40.8774],
        [0.0,50.0,0.0],
        [40.8774,0.0,91.2636],
        [3083.95,16.2,1689.5]
      ],
      "objLayer": 0,
      "props": []
    },
    "notree22": {
      "type": "Box",
      "tm": [
        [99.2327,0.0,12.3639],
        [0.0,50.0,0.0],
        [-12.3639,0.0,99.2327],
        [3011.15,16.2,1688.3]
      ],
      "objLayer": 0,
      "props": []
    },
    "notree25": {
      "type": "Box",
      "tm": [
        [99.2327,0.0,12.3639],
        [0.0,50.0,0.0],
        [-12.3639,0.0,99.2327],
        [2920.65,16.2,1674.55]
      ],
      "objLayer": 0,
      "props": []
    },
    "notree28": {
      "type": "Box",
      "tm": [
        [99.2327,0.0,12.3639],
        [0.0,50.0,0.0],
        [-12.3639,0.0,99.2327],
        [2827.3,16.2,1684.0]
      ],
