{
  "selected_tag": "",
  "bin_dump_file": "",
  "mission_settings": {
    "atmosphere": {
      "pressure": 760.0,
      "temperature": 30.0
    },
    "player": {
      "army": 1,
      "wing": ""
    },
    "player_teamB": {
      "army": 2
    },
    "mission": {
      "level": "levels/avg_eastern_europe.bin",
      "type": "domination",
      "restoreType": "attempts",
      "optionalTakeOff": false,
      "environment": "Day",
      "weather": "hazy",
      "country_axis": "germany",
      "country_allies": "ussr"
    },
    "spectator_points": [],
    "briefing": {
      "place_loc": "",
      "date_loc": "",
      "objective_loc": "",
      "music": "action_01"
    }
  },
  "imports": {
    "import_record": {
      "file": "gameData/missions/templates/tank_templates/ai_base_defense_template.blk",
      "importAreas": true,
      "importUnits": true,
      "importTriggers": true,
      "importMissionObjectives": true,
      "importWayPoints": true,
      "showAreas": true,
      "showUnits": true,
      "showTriggers": true,
      "showMissionObjectives": true,
      "showWayPoints": true,
      "excludes": []
    }
  },
  "triggers": {
    "isCategory": true,
    "is_enabled": true
  },
  "mission_objectives": {
    "isCategory": true,
    "is_enabled": true
  },
  "variables": [],
  "dialogs": [],
  "airfields": [],
  "effects": [],
  "units": [
    {
      "objectGroups": {
        "name": "t1_trench01",
        "tm": [
          [-0.00190032,0.0,-0.999999],
          [0.0,1.0,0.0],
          [0.999999,0.0,-0.00190032],
          [2653.5,1.92304,1749.45]
        ],
        "unit_class": "det_trench_half_a_onground",
        "objLayer": 2,
        "props": {
          "army": 1,
          "active": true
        }
      }
    },
    {
      "objectGroups": {
        "name": "t1_trench02",
        "tm": [
          [-0.997868,0.0,-0.0652533],
          [0.0,1.0,0.0],
          [0.0652533,0.0,-0.997868],
          [2615.79,1.85,1627.1]
        ],
        "unit_class": "rendinst_fortification_sandbags_onground_a",
        "objLayer": 2,
        "props": {
          "army": 1,
          "active": true
        }
      }
    },
    {
      "objectGroups": {
        "name": "t1_trench03",
        "tm": [
          [-0.831129,0.0,-0.556081],
          [0.0,1.0,0.0],
          [0.556081,0.0,-0.831129],
          [2619.61,1.85001,1604.91]
        ],
        "unit_class": "rendinst_fortification_sandbags_onground_a",
        "objLayer": 2,
        "props": {
          "army": 1,
          "active": true
        }
      }
    },
    {
      "objectGroups": {
        "name": "t1_trench04",
        "tm": [
          [0.135745,0.0,-0.990745],
          [0.0,1.0,0.0],
          [0.990745,0.0,0.135745],
          [2655.56,1.876,1713.46]
        ],
        "unit_class": "det_trench_half_a_onground",
        "objLayer": 2,
        "props": {
          "army": 1,
          "active": true
        }
      }
    },
    {
      "objectGroups": {
        "name": "t1_trench06",
        "tm": [
          [0.113835,0.0,-0.993499],
          [0.0,1.0,0.0],
          [0.993499,0.0,0.113835],
          [2662.14,1.98491,1732.32]
        ],
        "unit_class": "det_trench_system_c_onground",
        "objLayer": 2,
        "props": {
          "army": 1,
          "active": true
        }
      }
    },
    {
      "objectGroups": {
        "name": "t1_trench08",
        "tm": [
          [-0.895417,0.0,-0.445231],
          [0.0,1.0,0.0],
          [0.445231,0.0,-0.895417],
          [2609.0,1.85,1878.19]
        ],
        "unit_class": "rendinst_fortification_sandbags_onground_a",
        "objLayer": 2,
        "props": {
          "army": 1,
          "active": true
        }
      }
    },
    {
      "objectGroups": {
        "name": "t1_trench09",
        "tm": [
          [-0.986356,0.0,-0.164622],
          [0.0,1.0,0.0],
          [0.164622,0.0,-0.986356],
          [2584.16,1.85,1904.61]
        ],
        "unit_class": "rendinst_fortification_sandbags_onground_a",
        "objLayer": 2,
        "props": {
          "army": 1,
          "active": true
        }
      }
    },
    {
      "objectGroups": {
        "name": "t1_trench10",
        "tm": [
          [-0.999984,0.0,0.00578711],
          [0.0,1.0,0.0],
          [-0.00578711,0.0,-0.999984],
          [2599.05,3.15,1728.08]
        ],
        "unit_class": "rendinst_fortification_sandbags_onground_a",
        "objLayer": 2,
        "props": {
          "army": 1,
          "active": true
        }
      }
    },
    {
      "objectGroups": {
        "name": "t1_trench11",
        "tm": [
          [-0.965201,0.0,0.261507],
          [0.0,1.0,0.0],
          [-0.261507,0.0,-0.965201],
          [2520.94,1.84918,2050.92]
        ],
        "unit_class": "rendinst_fortification_sandbags_onground_a",
        "objLayer": 2,
        "props": {
          "army": 1,
          "active": true
        }
      }
    },
    {
      "objectGroups": {
        "name": "t1_trench12",
        "tm": [
          [-0.796205,0.0,-0.605026],
          [0.0,1.0,0.0],
          [0.605026,0.0,-0.796205],
          [2606.97,3.33916,1773.77]
        ],
        "unit_class": "rendinst_fortification_sandbags_onground_a",
        "objLayer": 2,
        "props": {
          "army": 1,
          "active": true
        }
      }
    },
    {
      "objectGroups": {
        "name": "t1_trench13",
        "tm": [
          [-0.75349,0.0,-0.65746],
          [0.0,1.0,0.0],
          [0.65746,0.0,-0.75349],
          [2598.84,3.95731,1785.95]
        ],
        "unit_class": "rendinst_fortification_sandbags_onground_a",
        "objLayer": 2,
        "props": {
          "army": 1,
          "active": true
        }
      }
    },
    {
      "tankModels": {
        "name": "t1_antiTankGun01",
        "tm": [
          [-0.851427,0.0,-0.52447],
          [0.0,1.0,0.0],
          [0.52447,0.0,-0.851427],
          [2620.9,1.85,1605.95]
        ],
        "unit_class": "germ_at_gun_pak40",
        "objLayer": 1,
        "closed_waypoints": false,
        "isShipSpline": false,
        "shipTurnRadius": 100.0,
        "weapons": "",
        "bullets0": "",
        "bullets1": "",
        "bullets2": "",
        "bullets3": "",
        "bulletsCount0": 0,
        "bulletsCount1": 0,
        "bulletsCount2": 0,
        "bulletsCount3": 0,
        "props": {
          "army": 1,
          "count": 1,
          "formation_type": "rows",
          "formation_div": 3,
          "formation_step": [2.5,2.0],
          "formation_noise": [0.1,0.1],
          "uniqueName": "",
          "attack_type": "fire_at_will",
          "targetableByAi": false,
          "unitReplacementType": "antiTankGun"
        },
        "way": []
      }
    },
    {
      "tankModels": {
        "name": "t1_antiTankGun02",
        "tm": [
          [-0.735505,0.0,-0.677517],
          [0.0,1.0,0.0],
          [0.677517,0.0,-0.735505],
          [2600.05,1.85,1787.14]
        ],
        "unit_class": "germ_at_gun_pak40",
        "objLayer": 1,
        "closed_waypoints": false,
        "isShipSpline": false,
        "shipTurnRadius": 100.0,
        "weapons": "",
        "bullets0": "",
        "bullets1": "",
        "bullets2": "",
        "bullets3": "",
        "bulletsCount0": 0,
        "bulletsCount1": 0,
        "bulletsCount2": 0,
        "bulletsCount3": 0,
        "props": {
          "army": 1,
          "count": 1,
          "formation_type": "rows",
          "formation_div": 3,
          "formation_step": [2.5,2.0],
          "formation_noise": [0.1,0.1],
          "uniqueName": "",
          "attack_type": "fire_at_will",
          "targetableByAi": false,
          "unitReplacementType": "antiTankGun"
        },
        "way": []
      }
    },
    {
      "tankModels": {
        "name": "t1_antiTankGun03",
        "tm": [
          [-0.998938,0.0,-0.0460601],
          [0.0,1.0,0.0],
          [0.0460601,0.0,-0.998938],
          [2617.62,1.85,1627.1]
        ],
        "unit_class": "germ_at_gun_pak40",
        "objLayer": 1,
        "closed_waypoints": false,
        "isShipSpline": false,
        "shipTurnRadius": 100.0,
        "weapons": "",
        "bullets0": "",
        "bullets1": "",
        "bullets2": "",
        "bullets3": "",
        "bulletsCount0": 0,
        "bulletsCount1": 0,
        "bulletsCount2": 0,
        "bulletsCount3": 0,
        "props": {
          "army": 1,
          "count": 1,
          "formation_type": "rows",
          "formation_div": 3,
          "formation_step": [2.5,2.0],
          "formation_noise": [0.1,0.1],
          "uniqueName": "",
          "attack_type": "fire_at_will",
          "targetableByAi": false,
          "unitReplacementType": "antiTankGun"
        },
        "way": []
      }
    },
    {
      "tankModels": {
        "name": "t1_antiTankGun04",
        "tm": [
          [-0.998277,0.0,0.0586686],
          [0.0,1.0,0.0],
          [-0.0586686,0.0,-0.998277],
          [2600.78,1.85,1727.99]
        ],
        "unit_class": "germ_at_gun_pak40",
        "objLayer": 1,
        "closed_waypoints": false,
        "isShipSpline": false,
        "shipTurnRadius": 100.0,
        "weapons": "",
        "bullets0": "",
        "bullets1": "",
        "bullets2": "",
        "bullets3": "",
        "bulletsCount0": 0,
        "bulletsCount1": 0,
        "bulletsCount2": 0,
        "bulletsCount3": 0,
        "props": {
          "army": 1,
          "count": 1,
          "formation_type": "rows",
          "formation_div": 3,
          "formation_step": [2.5,2.0],
          "formation_noise": [0.1,0.1],
          "uniqueName": "",
          "attack_type": "fire_at_will",
          "targetableByAi": false,
          "unitReplacementType": "antiTankGun"
        },
        "way": []
      }
    },
    {
      "tankModels": {
        "name": "t1_antiTankGun05",
        "tm": [
          [-0.978625,0.0,-0.205653],
          [0.0,1.0,0.0],
          [0.205653,0.0,-0.978625],
          [2663.4,1.9,1714.5]
        ],
        "unit_class": "germ_at_gun_pak40",
        "objLayer": 1,
        "closed_waypoints": false,
        "isShipSpline": false,
        "shipTurnRadius": 100.0,
        "weapons": "",
        "bullets0": "",
        "bullets1": "",
        "bullets2": "",
        "bullets3": "",
        "bulletsCount0": 0,
        "bulletsCount1": 0,
        "bulletsCount2": 0,
        "bulletsCount3": 0,
        "props": {
          "army": 1,
          "count": 1,
          "formation_type": "rows",
          "formation_div": 3,
          "formation_step": [2.5,2.0],
          "formation_noise": [0.1,0.1],
          "uniqueName": "",
          "attack_type": "fire_at_will",
          "targetableByAi": false,
          "unitReplacementType": "antiTankGun"
        },
        "way": []
      }
    },
    {
      "tankModels": {
        "name": "t1_antiTankGun06",
        "tm": [
          [-0.997303,0.0,-0.0733888],
          [0.0,1.0,0.0],
          [0.0733888,0.0,-0.997303],
          [2675.35,2.72046,1724.25]
        ],
        "unit_class": "germ_at_gun_pak40",
        "objLayer": 1,
        "closed_waypoints": false,
        "isShipSpline": false,
        "shipTurnRadius": 100.0,
        "weapons": "",
        "bullets0": "",
        "bullets1": "",
        "bullets2": "",
        "bullets3": "",
        "bulletsCount0": 0,
        "bulletsCount1": 0,
        "bulletsCount2": 0,
        "bulletsCount3": 0,
        "props": {
          "army": 1,
          "count": 1,
          "formation_type": "rows",
          "formation_div": 3,
          "formation_step": [2.5,2.0],
          "formation_noise": [0.1,0.1],
          "uniqueName": "",
          "attack_type": "fire_at_will",
          "targetableByAi": false,
          "unitReplacementType": "antiTankGun"
        },
        "way": []
      }
    },
    {
      "tankModels": {
        "name": "t1_antiTankGun07",
        "tm": [
          [-0.999436,0.0,0.0335623],
          [0.0,1.0,0.0],
          [-0.0335623,0.0,-0.999436],
          [2578.08,1.85,1700.41]
        ],
        "unit_class": "germ_at_gun_pak40",
        "objLayer": 1,
        "closed_waypoints": false,
        "isShipSpline": false,
        "shipTurnRadius": 100.0,
        "weapons": "",
        "bullets0": "",
        "bullets1": "",
        "bullets2": "",
        "bullets3": "",
        "bulletsCount0": 0,
        "bulletsCount1": 0,
        "bulletsCount2": 0,
        "bulletsCount3": 0,
        "props": {
          "army": 1,
          "count": 1,
          "formation_type": "rows",
          "formation_div": 3,
          "formation_step": [2.5,2.0],
          "formation_noise": [0.1,0.1],
          "uniqueName": "",
          "attack_type": "fire_at_will",
          "targetableByAi": false,
          "unitReplacementType": "antiTankGun"
        },
        "way": []
      }
    },
    {
      "tankModels": {
        "name": "t1_antiTankGun08",
        "tm": [
          [-0.951431,0.0,-0.307861],
          [0.0,1.0,0.0],
          [0.307861,0.0,-0.951431],
          [2587.26,1.85,1905.77]
        ],
        "unit_class": "germ_at_gun_pak40",
        "objLayer": 1,
        "closed_waypoints": false,
        "isShipSpline": false,
        "shipTurnRadius": 100.0,
        "weapons": "",
        "bullets0": "",
        "bullets1": "",
        "bullets2": "",
        "bullets3": "",
        "bulletsCount0": 0,
        "bulletsCount1": 0,
        "bulletsCount2": 0,
        "bulletsCount3": 0,
        "props": {
          "army": 1,
          "count": 1,
          "formation_type": "rows",
          "formation_div": 3,
          "formation_step": [2.5,2.0],
          "formation_noise": [0.1,0.1],
          "uniqueName": "",
          "attack_type": "fire_at_will",
          "targetableByAi": false,
          "unitReplacementType": "antiTankGun"
        },
        "way": []
      }
    },
    {
      "tankModels": {
        "name": "t1_antiTankGun09",
        "tm": [
          [-0.825758,0.0,-0.564023],
          [0.0,1.0,0.0],
          [0.564023,0.0,-0.825758],
          [2610.22,1.85,1879.39]
        ],
        "unit_class": "germ_at_gun_pak40",
        "objLayer": 1,
        "closed_waypoints": false,
        "isShipSpline": false,
        "shipTurnRadius": 100.0,
        "weapons": "",
        "bullets0": "",
        "bullets1": "",
        "bullets2": "",
        "bullets3": "",
        "bulletsCount0": 0,
        "bulletsCount1": 0,
        "bulletsCount2": 0,
        "bulletsCount3": 0,
        "props": {
          "army": 1,
          "count": 1,
          "formation_type": "rows",
          "formation_div": 3,
          "formation_step": [2.5,2.0],
          "formation_noise": [0.1,0.1],
          "uniqueName": "",
          "attack_type": "fire_at_will",
          "targetableByAi": false,
          "unitReplacementType": "antiTankGun"
        },
        "way": []
      }
    },
    {
      "tankModels": {
        "name": "t1_antiTankGun10",
        "tm": [
          [-0.902538,0.0,0.43061],
          [0.0,1.0,0.0],
          [-0.43061,0.0,-0.902538],
          [2663.7,2.08119,1747.45]
        ],
        "unit_class": "germ_at_gun_pak40",
        "objLayer": 1,
        "closed_waypoints": false,
        "isShipSpline": false,
        "shipTurnRadius": 100.0,
        "weapons": "",
        "bullets0": "",
        "bullets1": "",
        "bullets2": "",
        "bullets3": "",
        "bulletsCount0": 0,
        "bulletsCount1": 0,
        "bulletsCount2": 0,
        "bulletsCount3": 0,
        "props": {
          "army": 1,
          "count": 1,
          "formation_type": "rows",
          "formation_div": 3,
          "formation_step": [2.5,2.0],
          "formation_noise": [0.1,0.1],
          "uniqueName": "",
          "attack_type": "fire_at_will",
          "targetableByAi": false,
          "unitReplacementType": "antiTankGun"
        },
        "way": []
      }
    },
    {
      "tankModels": {
        "name": "t1_antiTankGun11",
        "tm": [
          [-0.999209,0.0,-0.0397161],
          [0.0,1.0,0.0],
          [0.0397161,0.0,-0.999209],
          [2596.28,1.85,1897.35]
        ],
        "unit_class": "germ_at_gun_pak40",
        "objLayer": 1,
        "closed_waypoints": false,
        "isShipSpline": false,
        "shipTurnRadius": 100.0,
        "weapons": "",
        "bullets0": "",
        "bullets1": "",
        "bullets2": "",
        "bullets3": "",
        "bulletsCount0": 0,
        "bulletsCount1": 0,
        "bulletsCount2": 0,
        "bulletsCount3": 0,
        "props": {
          "army": 1,
          "count": 1,
          "formation_type": "rows",
          "formation_div": 3,
          "formation_step": [2.5,2.0],
          "formation_noise": [0.1,0.1],
          "uniqueName": "",
          "attack_type": "fire_at_will",
          "targetableByAi": false,
          "unitReplacementType": "antiTankGun"
        },
        "way": []
      }
    },
    {
      "tankModels": {
        "name": "t1_antiTankGun12",
        "tm": [
          [-0.99997,0.0,-0.00765797],
          [0.0,1.0,0.0],
          [0.00765797,0.0,-0.99997],
          [2601.66,1.85,1887.71]
        ],
        "unit_class": "germ_at_gun_pak40",
        "objLayer": 1,
        "closed_waypoints": false,
        "isShipSpline": false,
        "shipTurnRadius": 100.0,
        "weapons": "",
        "bullets0": "",
        "bullets1": "",
        "bullets2": "",
        "bullets3": "",
        "bulletsCount0": 0,
        "bulletsCount1": 0,
        "bulletsCount2": 0,
        "bulletsCount3": 0,
        "props": {
          "army": 1,
          "count": 1,
          "formation_type": "rows",
          "formation_div": 3,
          "formation_step": [2.5,2.0],
          "formation_noise": [0.1,0.1],
          "uniqueName": "",
          "attack_type": "fire_at_will",
          "targetableByAi": false,
          "unitReplacementType": "antiTankGun"
        },
        "way": []
      }
    },
    {
      "tankModels": {
        "name": "t1_antiTankGun13",
        "tm": [
          [-0.937499,0.0,-0.347982],
          [0.0,1.0,0.0],
          [0.347982,0.0,-0.937499],
          [2608.79,1.85001,1739.7]
        ],
        "unit_class": "germ_at_gun_pak40",
        "objLayer": 1,
        "closed_waypoints": false,
        "isShipSpline": false,
        "shipTurnRadius": 100.0,
        "weapons": "",
        "bullets0": "",
        "bullets1": "",
        "bullets2": "",
        "bullets3": "",
        "bulletsCount0": 0,
        "bulletsCount1": 0,
        "bulletsCount2": 0,
        "bulletsCount3": 0,
        "props": {
          "army": 1,
          "count": 1,
          "formation_type": "rows",
          "formation_div": 3,
          "formation_step": [2.5,2.0],
          "formation_noise": [0.1,0.1],
          "uniqueName": "",
          "attack_type": "fire_at_will",
          "targetableByAi": false,
          "unitReplacementType": "antiTankGun"
        },
        "way": []
      }
    },
    {
      "tankModels": {
        "name": "t1_antiTankGun14",
        "tm": [
          [-0.941382,0.0,0.337337],
          [0.0,1.0,0.0],
          [-0.337337,0.0,-0.941382],
          [2677.09,2.92453,1735.88]
        ],
        "unit_class": "germ_at_gun_pak40",
        "objLayer": 1,
        "closed_waypoints": false,
        "isShipSpline": false,
        "shipTurnRadius": 100.0,
        "weapons": "",
        "bullets0": "",
        "bullets1": "",
        "bullets2": "",
        "bullets3": "",
        "bulletsCount0": 0,
        "bulletsCount1": 0,
        "bulletsCount2": 0,
        "bulletsCount3": 0,
        "props": {
          "army": 1,
          "count": 1,
          "formation_type": "rows",
          "formation_div": 3,
          "formation_step": [2.5,2.0],
          "formation_noise": [0.1,0.1],
          "uniqueName": "",
          "attack_type": "fire_at_will",
          "targetableByAi": false,
          "unitReplacementType": "antiTankGun"
        },
        "way": []
      }
    },
    {
      "tankModels": {
        "name": "t1_antiTankGun15",
        "tm": [
          [-0.987312,0.0,-0.158789],
          [0.0,1.0,0.0],
          [0.158789,0.0,-0.987312],
          [2611.1,1.85001,1756.34]
        ],
        "unit_class": "germ_at_gun_pak40",
        "objLayer": 1,
        "closed_waypoints": false,
        "isShipSpline": false,
        "shipTurnRadius": 100.0,
        "weapons": "",
        "bullets0": "",
        "bullets1": "",
        "bullets2": "",
        "bullets3": "",
        "bulletsCount0": 0,
        "bulletsCount1": 0,
        "bulletsCount2": 0,
        "bulletsCount3": 0,
        "props": {
          "army": 1,
          "count": 1,
          "formation_type": "rows",
          "formation_div": 3,
          "formation_step": [2.5,2.0],
          "formation_noise": [0.1,0.1],
          "uniqueName": "",
          "attack_type": "fire_at_will",
          "targetableByAi": false,
          "unitReplacementType": "antiTankGun"
        },
        "way": []
      }
    },
    {
      "tankModels": {
        "name": "t1_antiTankGun16",
        "tm": [
          [-0.828261,0.0,-0.56034],
          [0.0,1.0,0.0],
          [0.56034,0.0,-0.828261],
          [2608.4,1.85001,1774.7]
        ],
        "unit_class": "germ_at_gun_pak40",
        "objLayer": 1,
        "closed_waypoints": false,
        "isShipSpline": false,
        "shipTurnRadius": 100.0,
        "weapons": "",
        "bullets0": "",
        "bullets1": "",
        "bullets2": "",
        "bullets3": "",
        "bulletsCount0": 0,
        "bulletsCount1": 0,
        "bulletsCount2": 0,
        "bulletsCount3": 0,
        "props": {
          "army": 1,
          "count": 1,
          "formation_type": "rows",
          "formation_div": 3,
          "formation_step": [2.5,2.0],
          "formation_noise": [0.1,0.1],
          "uniqueName": "",
          "attack_type": "fire_at_will",
          "targetableByAi": false,
          "unitReplacementType": "antiTankGun"
        },
        "way": []
      }
    },
    {
      "squad": {
        "name": "t1_zoneDef_sq",
        "tm": [
          [0.708862,0.0,0.705347],
          [0.0,1.0,0.0],
          [-0.705347,0.0,0.708862],
          [2544.36,1.85,1892.22]
        ],
        "props": [
          {
            "object_marking": 0
          },
          {
            "squad_members": "t1_antiTankGun01"
          },
          {
            "squad_members": "t1_antiTankGun02"
          },
          {
            "squad_members": "t1_antiTankGun03"
          },
          {
            "squad_members": "t1_antiTankGun04"
          },
          {
            "squad_members": "t1_antiTankGun05"
          },
          {
            "squad_members": "t1_antiTankGun06"
          },
          {
            "squad_members": "t1_antiTankGun07"
          },
          {
            "squad_members": "t1_antiTankGun08"
          },
          {
            "squad_members": "t1_antiTankGun09"
          },
          {
            "squad_members": "t1_antiTankGun10"
          },
          {
            "squad_members": "t1_antiTankGun11"
          },
          {
            "squad_members": "t1_antiTankGun12"
          },
          {
            "squad_members": "t1_antiTankGun13"
          },
          {
            "squad_members": "t1_antiTankGun14"
          },
          {
            "squad_members": "t1_antiTankGun15"
          },
          {
            "squad_members": "t1_antiTankGun16"
          },
          {
            "squad_members": "t1_antiTankGun17"
          },
          {
            "squad_members": "t1_antiTankGun18"
          },
          {
            "squad_members": "t1_antiTankGun19"
          },
          {
            "squad_members": "t1_antiTankGun20"
          }
        ]
      }
    },
    {
      "squad": {
        "name": "t1_trench_sq",
        "tm": [
          [0.708862,0.0,0.705347],
          [0.0,1.0,0.0],
          [-0.705347,0.0,0.708862],
          [2521.93,1.85,1894.3]
        ],
        "props": [
          {
            "object_marking": 0
          },
          {
            "squad_members": "t1_trench01"
          },
          {
            "squad_members": "t1_trench02"
          },
          {
            "squad_members": "t1_trench03"
          },
          {
            "squad_members": "t1_trench04"
          },
          {
            "squad_members": "t1_trench06"
          },
          {
            "squad_members": "t1_trench08"
          },
          {
            "squad_members": "t1_trench09"
          },
          {
            "squad_members": "t1_trench10"
          },
          {
            "squad_members": "t1_trench11"
          },
          {
            "squad_members": "t1_trench12"
          },
          {
            "squad_members": "t1_trench13"
          },
          {
            "squad_members": "t1_trench14"
          },
          {
            "squad_members": "t1_trench15"
          },
          {
            "squad_members": "t1_trench16"
          },
          {
            "squad_members": "t1_trench17"
          },
          {
            "squad_members": "t1_trench18"
          },
          {
            "squad_members": "t1_trench19"
          },
          {
            "squad_members": "t1_trench20"
          },
          {
            "squad_members": "t1_trench05"
          }
        ]
      }
    },
    {
      "objectGroups": {
        "name": "t1_trench14",
        "tm": [
          [-0.962377,0.0,-0.271722],
          [0.0,1.0,0.0],
          [0.271722,0.0,-0.962377],
          [2523.06,1.85,2015.06]
        ],
        "unit_class": "rendinst_fortification_sandbags_onground_a",
        "objLayer": 2,
        "props": {
          "army": 1,
          "active": true
        }
      }
    },
    {
      "objectGroups": {
        "name": "t1_trench15",
        "tm": [
          [-0.98915,0.0,-0.146898],
          [0.0,1.0,0.0],
          [0.146898,0.0,-0.98915],
          [2516.84,1.85,2034.24]
        ],
        "unit_class": "rendinst_fortification_sandbags_onground_a",
        "objLayer": 2,
        "props": {
          "army": 1,
          "active": true
        }
      }
    },
    {
      "objectGroups": {
        "name": "t1_trench16",
        "tm": [
          [-0.98978,0.0,0.14259],
          [0.0,1.0,0.0],
          [-0.14259,0.0,-0.98978],
          [2576.05,1.85,1700.26]
        ],
        "unit_class": "rendinst_fortification_sandbags_onground_a",
        "objLayer": 2,
        "props": {
          "army": 1,
          "active": true
        }
      }
    },
    {
      "objectGroups": {
        "name": "t2_trench01",
        "tm": [
          [0.998368,0.0,0.057137],
          [0.0,1.0,0.0],
          [-0.0571351,0.0,0.998366],
          [1659.44,6.75,1368.74]
        ],
        "unit_class": "rendinst_fortification_sandbags_onground_a",
        "objLayer": 2,
        "props": {
          "army": 2,
          "active": true
        }
      }
    },
    {
      "objectGroups": {
        "name": "t2_trench02",
        "tm": [
          [0.962847,0.0,0.270045],
          [0.0,1.0,0.0],
          [-0.270045,0.0,0.962847],
          [1636.96,1.85,1597.33]
        ],
        "unit_class": "rendinst_fortification_sandbags_onground_a",
        "objLayer": 2,
        "props": {
          "army": 2,
          "active": true
        }
      }
    },
    {
      "objectGroups": {
        "name": "t2_trench03",
        "tm": [
          [0.932408,0.00902541,-0.361294],
          [-0.00921487,0.999957,0.00119847],
          [0.361289,0.00221181,0.932451],
          [1636.97,1.85,1577.31]
        ],
        "unit_class": "rendinst_fortification_sandbags_onground_a",
        "objLayer": 2,
        "props": {
          "army": 2,
          "active": true
        }
      }
    },
    {
      "objectGroups": {
        "name": "t2_trench04",
        "tm": [
          [0.995387,0.0,-0.095954],
          [0.0,1.0,0.0],
          [0.095954,0.0,0.995387],
          [1705.86,1.87148,1463.51]
        ],
        "unit_class": "rendinst_fortification_sandbags_onground_a",
        "objLayer": 2,
        "props": {
          "army": 2,
          "active": true
        }
      }
    },
    {
      "objectGroups": {
        "name": "t2_trench05",
        "tm": [
          [0.942772,0.0,-0.333439],
          [0.0,1.0,0.0],
          [0.333439,0.0,0.942772],
          [1620.56,1.85,1620.68]
        ],
        "unit_class": "rendinst_fortification_sandbags_onground_a",
        "objLayer": 2,
        "props": {
          "army": 2,
          "active": true
        }
      }
    },
    {
      "objectGroups": {
        "name": "t2_trench06",
        "tm": [
          [0.850323,0.0,0.52626],
          [0.0,1.0,0.0],
          [-0.52626,0.0,0.850323],
          [1622.06,1.85,1603.7]
        ],
        "unit_class": "rendinst_fortification_sandbags_onground_a",
        "objLayer": 2,
        "props": {
          "army": 2,
          "active": true
        }
      }
    },
    {
      "objectGroups": {
        "name": "t2_trench07",
        "tm": [
          [0.750282,0.0,0.661118],
          [0.0,1.0,0.0],
          [-0.661118,0.0,0.750282],
          [1688.85,11.7884,1165.39]
        ],
        "unit_class": "rendinst_fortification_sandbags_onground_a",
        "objLayer": 2,
        "props": {
          "army": 2,
          "active": true
        }
      }
    },
    {
      "objectGroups": {
        "name": "t2_trench08",
        "tm": [
          [0.993531,0.0,0.113572],
          [0.0,1.0,0.0],
          [-0.113572,0.0,0.993531],
          [1581.3,8.58476,1299.92]
        ],
        "unit_class": "rendinst_fortification_sandbags_onground_a",
        "objLayer": 2,
        "props": {
          "army": 2,
          "active": true
        }
      }
    },
    {
      "objectGroups": {
        "name": "t2_trench09",
        "tm": [
          [0.996917,0.0,-0.0784581],
          [0.0,1.0,0.0],
          [0.0784581,0.0,0.996917],
          [1582.9,7.31822,1325.36]
        ],
        "unit_class": "rendinst_fortification_sandbags_onground_a",
        "objLayer": 2,
        "props": {
          "army": 2,
          "active": true
        }
      }
    },
    {
      "objectGroups": {
        "name": "t2_trench10",
        "tm": [
          [0.970448,0.0,0.241306],
          [0.0,1.0,0.0],
          [-0.241306,0.0,0.970448],
          [1669.14,11.2272,1216.36]
        ],
        "unit_class": "rendinst_fortification_sandbags_onground_a",
        "objLayer": 2,
        "props": {
          "army": 2,
          "active": true
        }
      }
    },
    {
      "objectGroups": {
        "name": "t2_trench11",
        "tm": [
          [0.948231,0.0,0.31758],
          [0.0,1.0,0.0],
          [-0.31758,0.0,0.948231],
          [1625.42,11.0442,1249.1]
        ],
        "unit_class": "rendinst_fortification_sandbags_onground_a",
        "objLayer": 2,
        "props": {
          "army": 2,
          "active": true
        }
      }
    },
    {
      "objectGroups": {
        "name": "t2_trench12",
        "tm": [
          [0.816313,0.0,0.57761],
          [0.0,1.0,0.0],
          [-0.57761,0.0,0.816313],
          [1663.98,11.4997,1196.91]
        ],
        "unit_class": "rendinst_fortification_sandbags_onground_a",
        "objLayer": 2,
        "props": {
          "army": 2,
          "active": true
        }
      }
    },
    {
      "objectGroups": {
        "name": "t2_trench13",
        "tm": [
          [0.99271,0.0,0.120526],
          [0.0,1.0,0.0],
          [-0.120525,0.0,0.99271],
          [1617.41,10.0796,1273.38]
        ],
        "unit_class": "rendinst_fortification_sandbags_onground_a",
        "objLayer": 2,
        "props": {
          "army": 2,
          "active": true
        }
      }
    },
    {
      "squad": {
        "name": "t2_trench_sq",
        "tm": [
          [-0.842246,0.0,0.539093],
          [0.0,1.0,0.0],
          [-0.539093,0.0,-0.842246],
          [1598.66,51.3783,1498.33]
        ],
        "props": [
          {
            "object_marking": 0
          },
          {
            "squad_members": "t2_trench01"
          },
          {
            "squad_members": "t2_trench02"
          },
          {
            "squad_members": "t2_trench03"
          },
          {
            "squad_members": "t2_trench04"
          },
          {
            "squad_members": "t2_trench05"
          },
          {
            "squad_members": "t2_trench06"
          },
          {
            "squad_members": "t2_trench07"
          },
          {
            "squad_members": "t2_trench08"
          },
          {
            "squad_members": "t2_trench09"
          },
          {
            "squad_members": "t2_trench10"
          },
          {
            "squad_members": "t2_trench11"
          },
          {
            "squad_members": "t2_trench12"
          },
          {
            "squad_members": "t2_trench13"
          },
          {
            "squad_members": "t2_trench14"
          },
          {
            "squad_members": "t2_trench15"
          },
          {
            "squad_members": "t2_trench16"
          },
          {
            "squad_members": "t2_trench17"
          },
          {
            "squad_members": "t2_trench18"
          },
          {
            "squad_members": "t2_trench19"
          },
          {
            "squad_members": "t2_trench20"
          }
        ]
      }
    },
    {
      "tankModels": {
        "name": "t2_antiTankGun01",
        "tm": [
          [0.93843,0.0,0.34547],
          [0.0,1.0,0.0],
          [-0.34547,0.0,0.93843],
          [1624.31,10.8916,1248.63]
        ],
        "unit_class": "germ_at_gun_pak40",
        "objLayer": 1,
        "closed_waypoints": false,
        "isShipSpline": false,
        "shipTurnRadius": 100.0,
        "weapons": "",
        "bullets0": "",
        "bullets1": "",
        "bullets2": "",
        "bullets3": "",
        "bulletsCount0": 0,
        "bulletsCount1": 0,
        "bulletsCount2": 0,
        "bulletsCount3": 0,
        "props": {
          "army": 2,
          "count": 1,
          "formation_type": "rows",
          "formation_div": 3,
          "formation_step": [2.5,2.0],
          "formation_noise": [0.1,0.1],
          "uniqueName": "",
          "attack_type": "fire_at_will",
          "targetableByAi": false,
          "unitReplacementType": "antiTankGun"
        },
        "way": []
      }
    },
    {
      "tankModels": {
        "name": "t2_antiTankGun02",
        "tm": [
          [0.836362,0.0,0.548176],
          [0.0,1.0,0.0],
          [-0.548176,0.0,0.836362],
          [1672.03,12.3404,1170.36]
        ],
        "unit_class": "germ_at_gun_pak40",
        "objLayer": 1,
        "closed_waypoints": false,
        "isShipSpline": false,
        "shipTurnRadius": 100.0,
        "weapons": "",
        "bullets0": "",
        "bullets1": "",
        "bullets2": "",
        "bullets3": "",
        "bulletsCount0": 0,
        "bulletsCount1": 0,
        "bulletsCount2": 0,
        "bulletsCount3": 0,
        "props": {
          "army": 2,
          "count": 1,
          "formation_type": "rows",
          "formation_div": 3,
          "formation_step": [2.5,2.0],
          "formation_noise": [0.1,0.1],
          "uniqueName": "",
          "attack_type": "fire_at_will",
          "targetableByAi": false,
          "unitReplacementType": "antiTankGun"
        },
        "way": []
      }
    },
    {
      "tankModels": {
        "name": "t2_antiTankGun03",
        "tm": [
          [0.830243,0.0,0.557399],
          [0.0,1.0,0.0],
          [-0.557399,0.0,0.830243],
          [1662.09,12.0009,1195.56]
        ],
        "unit_class": "germ_at_gun_pak40",
        "objLayer": 1,
        "closed_waypoints": false,
        "isShipSpline": false,
        "shipTurnRadius": 100.0,
        "weapons": "",
        "bullets0": "",
        "bullets1": "",
        "bullets2": "",
        "bullets3": "",
        "bulletsCount0": 0,
        "bulletsCount1": 0,
        "bulletsCount2": 0,
        "bulletsCount3": 0,
        "props": {
          "army": 2,
          "count": 1,
          "formation_type": "rows",
          "formation_div": 3,
          "formation_step": [2.5,2.0],
          "formation_noise": [0.1,0.1],
          "uniqueName": "",
          "attack_type": "fire_at_will",
          "targetableByAi": false,
          "unitReplacementType": "antiTankGun"
        },
        "way": []
      }
    },
    {
      "tankModels": {
        "name": "t2_antiTankGun04",
        "tm": [
          [0.933856,0.0,0.357649],
          [0.0,1.0,0.0],
          [-0.357649,0.0,0.933856],
          [1666.96,11.7093,1215.0]
        ],
        "unit_class": "germ_at_gun_pak40",
        "objLayer": 1,
        "closed_waypoints": false,
        "isShipSpline": false,
        "shipTurnRadius": 100.0,
        "weapons": "",
        "bullets0": "",
        "bullets1": "",
        "bullets2": "",
        "bullets3": "",
        "bulletsCount0": 0,
        "bulletsCount1": 0,
        "bulletsCount2": 0,
        "bulletsCount3": 0,
        "props": {
          "army": 2,
          "count": 1,
          "formation_type": "rows",
          "formation_div": 3,
          "formation_step": [2.5,2.0],
          "formation_noise": [0.1,0.1],
          "uniqueName": "",
          "attack_type": "fire_at_will",
          "targetableByAi": false,
          "unitReplacementType": "antiTankGun"
        },
        "way": []
      }
    },
    {
      "tankModels": {
        "name": "t2_antiTankGun05",
        "tm": [
          [0.999375,0.0,-0.0353776],
          [0.0,1.0,0.0],
          [0.0353776,0.0,0.999375],
          [1578.95,9.18137,1285.39]
        ],
        "unit_class": "germ_at_gun_pak40",
        "objLayer": 1,
        "closed_waypoints": false,
        "isShipSpline": false,
        "shipTurnRadius": 100.0,
        "weapons": "",
        "bullets0": "",
        "bullets1": "",
        "bullets2": "",
        "bullets3": "",
        "bulletsCount0": 0,
        "bulletsCount1": 0,
        "bulletsCount2": 0,
        "bulletsCount3": 0,
        "props": {
          "army": 2,
          "count": 1,
          "formation_type": "rows",
          "formation_div": 3,
          "formation_step": [2.5,2.0],
          "formation_noise": [0.1,0.1],
          "uniqueName": "",
          "attack_type": "fire_at_will",
          "targetableByAi": false,
          "unitReplacementType": "antiTankGun"
        },
        "way": []
      }
    },
    {
      "tankModels": {
        "name": "t2_antiTankGun06",
        "tm": [
          [0.946722,0.0,0.32205],
          [0.0,1.0,0.0],
          [-0.32205,0.0,0.946722],
          [1629.86,11.1354,1236.33]
        ],
        "unit_class": "germ_at_gun_pak40",
        "objLayer": 1,
        "closed_waypoints": false,
        "isShipSpline": false,
        "shipTurnRadius": 100.0,
        "weapons": "",
        "bullets0": "",
        "bullets1": "",
        "bullets2": "",
        "bullets3": "",
        "bulletsCount0": 0,
        "bulletsCount1": 0,
        "bulletsCount2": 0,
        "bulletsCount3": 0,
        "props": {
          "army": 2,
          "count": 1,
          "formation_type": "rows",
          "formation_div": 3,
          "formation_step": [2.5,2.0],
          "formation_noise": [0.1,0.1],
          "uniqueName": "",
          "attack_type": "fire_at_will",
          "targetableByAi": false,
          "unitReplacementType": "antiTankGun"
        },
        "way": []
      }
    },
    {
      "tankModels": {
        "name": "t2_antiTankGun07",
        "tm": [
          [0.67961,0.0,0.733572],
          [0.0,1.0,0.0],
          [-0.733572,0.0,0.67961],
          [1687.43,12.7676,1163.72]
        ],
        "unit_class": "germ_at_gun_pak40",
        "objLayer": 1,
        "closed_waypoints": false,
