{
  "selected_tag": "",
  "bin_dump_file": "",
  "mission_settings": {
    "player": {
      "army": 1
    },
    "player_teamB": {
      "army": 2
    },
    "mission": {
      "level": "levels/water.bin",
      "type": "singleMission",
      "environment": "Day",
      "weather": "clear",
      "restoreType": "attempts",
      "optionalTakeOff": false
    },
    "spectator_points": {}
  },
  "imports": {},
  "triggers": {
    "isCategory": true,
    "is_enabled": true,
    "fields_small_start": {
      "is_enabled": true,
      "comments": "",
      "props": {
        "actionsType": "PERFORM_ONE_BY_ONE",
        "conditionsType": "ALL",
        "enableAfterComplete": false
      },
      "events": {
        "initMission": {}
      },
      "conditions": {},
      "actions": {
        "varSetInt": [
          {
            "value": 3,
            "var": [
              "ft_t1_max_near_airfields_count",
              "ft_t2_max_near_airfields_count"
            ]
          },
          {
            "value": 2,
            "var": [
              "ft_t1_max_mid_airfields_count",
              "ft_t2_max_mid_airfields_count"
            ]
          },
          {
            "value": 2,
            "var": [
              "ft_t1_max_far_airfields_count",
              "ft_t2_max_far_airfields_count"
            ]
          }
        ],
        "comment": {
          "value": ""
        },
        "varSetReal": {
          "value": 30000.0,
          "var": "ft_generate_distance_between"
        }
      },
      "else_actions": {}
    }
  },
  "mission_objectives": {
    "isCategory": true,
    "is_enabled": true
  },
  "variables": {},
  "dialogs": {},
  "airfields": {},
  "effects": {},
  "units": {
    "objectGroups": [
      {
        "name": "ft_t1_airfield_01_01",
        "tm": [
          [
            0.98447,
            0.0,
            0.175558
          ],
          [
            0.0,
            1.0,
            0.0
          ],
          [
            -0.175558,
            0.0,
            0.98447
          ],
          [
            51323.7,
            3537.3,
            -50605.6
          ]
        ],
        "unit_class": "dynaf_universal_1line_b_big",
        "objLayer": 2,
        "props": {
          "army": 1,
          "active": false
        }
      },
      {
        "name": "ft_t1_airfield_01_02",
        "tm": [
          [
            0.927836,
            0.0,
            0.372988
          ],
          [
            0.0,
            1.0,
            0.0
          ],
          [
            -0.372988,
            0.0,
            0.927836
          ],
          [
            55293.3,
            1839.1,
            -10117.1
          ]
        ],
        "unit_class": "dynaf_universal_1line_b_big",
        "objLayer": 2,
        "props": {
          "army": 1,
          "active": false
        }
      },
      {
        "name": "ft_t1_airfield_01_03",
        "tm": [
          [
            0.999669,
            0.0,
            0.0256662
          ],
          [
            0.0,
            1.0,
            0.0
          ],
          [
            -0.0256662,
            0.0,
            0.999669
          ],
          [
            51585.3,
            1173.05,
            12097.9
          ]
        ],
        "unit_class": "dynaf_universal_1line_b_big",
        "objLayer": 2,
        "props": {
          "army": 1,
          "active": false
        }
      },
      {
        "name": "ft_t1_airfield_02_01",
        "tm": [
          [
            0.999992,
            0.0,
            0.00390547
          ],
          [
            0.0,
            1.0,
            0.0
          ],
          [
            -0.00390547,
            0.0,
            0.999992
          ],
          [
            34675.7,
            2245.55,
            -34816.2
          ]
        ],
        "unit_class": "dynaf_universal_1line_b_big",
        "objLayer": 2,
        "props": {
          "army": 1,
          "active": false
        }
      },
      {
        "name": "ft_t1_airfield_02_02",
        "tm": [
          [
            0.960411,
            0.0,
            -0.278584
          ],
          [
            0.0,
            1.0,
            0.0
          ],
          [
            0.278584,
            0.0,
            0.960411
          ],
          [
            32052.2,
            2900.61,
            11433.5
          ]
        ],
        "unit_class": "dynaf_universal_1line_b_big",
        "objLayer": 2,
        "props": {
          "army": 1,
          "active": false
        }
      },
      {
        "name": "ft_t1_airfield_03_01",
        "tm": [
          [
            0.999991,
            0.0,
            0.00419852
          ],
          [
            0.0,
            1.0,
            0.0
          ],
          [
            -0.00419852,
            0.0,
            0.999991
          ],
          [
            13311.2,
            2181.91,
            -19175.2
          ]
        ],
        "unit_class": "dynaf_universal_1line_b",
        "objLayer": 2,
        "props": {
          "army": 1,
          "active": false
        }
      },
      {
        "name": "ft_t1_airfield_03_02",
        "tm": [
          [
            0.995464,
            0.0,
            0.095136
          ],
          [
            0.0,
            1.0,
            0.0
          ],
          [
            -0.095136,
            0.0,
            0.995464
          ],
          [
            14535.7,
            898.108,
            45597.1
          ]
        ],
        "unit_class": "dynaf_universal_1line_b",
        "objLayer": 2,
        "props": {
          "army": 1,
          "active": false
        }
      },
      {
        "name": "ft_t2_airfield_01_01",
        "tm": [
          [
            -0.929777,
            0.0,
            0.368125
          ],
          [
            0.0,
            1.0,
            0.0
          ],
          [
            -0.368125,
            0.0,
            -0.929777
          ],
          [
            -53757.4,
            1182.92,
            48482.0
          ]
        ],
        "unit_class": "dynaf_universal_1line_b_big",
        "objLayer": 2,
        "props": {
          "army": 2,
          "active": false
        }
      },
      {
        "name": "ft_t2_airfield_01_02",
        "tm": [
          [
            -0.993509,
            0.0,
            -0.113754
          ],
          [
            0.0,
            1.0,
            0.0
          ],
          [
            0.113754,
            0.0,
            -0.993509
          ],
          [
            -54553.4,
            1384.81,
            30451.1
          ]
        ],
        "unit_class": "dynaf_universal_1line_b_big",
        "objLayer": 2,
        "props": {
          "army": 2,
          "active": false
        }
      },
      {
        "name": "ft_t2_airfield_01_03",
        "tm": [
          [
            -0.897861,
            0.0,
            -0.440277
          ],
          [
            0.0,
            1.0,
            0.0
          ],
          [
            0.440277,
            0.0,
            -0.897861
          ],
          [
            -53716.3,
            1801.5,
            -51415.6
          ]
        ],
        "unit_class": "dynaf_universal_1line_b_big",
        "objLayer": 2,
        "props": {
          "army": 2,
          "active": false
        }
      },
      {
        "name": "ft_t2_airfield_02_01",
        "tm": [
          [
            -0.860663,
            0.0,
            0.509174
          ],
          [
            0.0,
            1.0,
            0.0
          ],
          [
            -0.509174,
            0.0,
            -0.860663
          ],
          [
            -32043.5,
            2843.15,
            32515.5
          ]
        ],
        "unit_class": "dynaf_universal_1line_b_big",
        "objLayer": 2,
        "props": {
          "army": 2,
          "active": false
        }
      },
      {
        "name": "ft_t2_airfield_02_02",
        "tm": [
          [
            -0.997275,
            0.0,
            -0.0737645
          ],
          [
            0.0,
            1.0,
            0.0
          ],
          [
            0.0737645,
            0.0,
            -0.997275
          ],
          [
            -32455.9,
            1516.95,
            -18844.1
          ]
        ],
        "unit_class": "dynaf_universal_1line_b_big",
        "objLayer": 2,
        "props": {
          "army": 2,
          "active": false
        }
      },
      {
        "name": "ft_t2_airfield_03_01",
        "tm": [
          [
            -0.97692,
            0.0,
            0.213609
          ],
          [
            0.0,
            1.0,
            0.0
          ],
          [
            -0.213609,
            0.0,
            -0.97692
          ],
          [
            -12834.4,
            4239.7,
            27919.8
          ]
        ],
        "unit_class": "dynaf_universal_1line_b",
        "objLayer": 2,
        "props": {
          "army": 2,
          "active": false
        }
      },
      {
        "name": "ft_t2_airfield_03_02",
        "tm": [
          [
            -0.998418,
            0.0,
            -0.0562069
          ],
          [
            0.0,
            1.0,
            0.0
          ],
          [
            0.0562069,
            0.0,
            -0.998418
          ],
          [
            -13481.4,
            1096.98,
            -55037.4
          ]
        ],
        "unit_class": "dynaf_universal_1line_b_big",
        "objLayer": 2,
        "props": {
          "army": 2,
          "active": false
        }
      },
      {
        "name": "ft_t1_airfield_02_03",
        "tm": [
          [
            0.993067,
            0.0,
            -0.117557
          ],
          [
            0.0,
            1.0,
            0.0
          ],
          [
            0.117557,
            0.0,
            0.993067
          ],
          [
            34785.4,
            1254.85,
            28271.8
          ]
        ],
        "unit_class": "dynaf_universal_1line_b_big",
        "objLayer": 2,
        "props": {
          "army": 1,
          "active": false
        }
      },
      {
        "name": "ft_t1_airfield_03_03",
        "tm": [
          [
            0.750088,
            0.0,
            0.661337
          ],
          [
            0.0,
            1.0,
            0.0
          ],
          [
            -0.661337,
            0.0,
            0.750088
          ],
          [
            15558.1,
            2740.08,
            9752.15
          ]
        ],
        "unit_class": "dynaf_universal_1line_b_big",
        "objLayer": 2,
        "props": {
          "army": 1,
          "active": false
        }
      },
      {
        "name": "ft_t2_airfield_03_03",
        "tm": [
          [
            -0.996414,
            0.0,
            0.0846161
          ],
          [
            0.0,
            1.0,
            0.0
          ],
          [
            -0.0846161,
            0.0,
            -0.996414
          ],
          [
            -15806.7,
            1337.66,
            -30203.9
          ]
        ],
        "unit_class": "dynaf_universal_1line_b_big",
        "objLayer": 2,
        "props": {
          "army": 2,
          "active": false
        }
      },
      {
        "name": "ft_t2_airfield_02_03",
        "tm": [
          [
            -0.968481,
            0.0,
            0.249086
          ],
          [
            0.0,
            1.0,
            0.0
          ],
          [
            -0.249086,
            0.0,
            -0.968481
          ],
          [
            -34856.9,
            1854.95,
            14376.6
          ]
        ],
        "unit_class": "dynaf_universal_1line_b_big",
        "objLayer": 2,
        "props": {
          "army": 2,
          "active": false
        }
      },
      {
        "name": "ft_t1_airfield_03_04",
        "tm": [
          [
            0.992603,
            0.0,
            -0.121401
          ],
          [
            0.0,
            1.0,
            0.0
          ],
          [
            0.121401,
            0.0,
            0.992603
          ],
          [
            14028.5,
            1508.4,
            -48453.3
          ]
        ],
        "unit_class": "dynaf_universal_1line_b",
        "objLayer": 2,
        "props": {
          "army": 1,
          "active": false
        }
      },
      {
        "name": "ft_t1_airfield_02_04",
        "tm": [
          [
            0.948587,
            0.0,
            0.316517
          ],
          [
            0.0,
            1.0,
            0.0
          ],
          [
            -0.316517,
            0.0,
            0.948587
          ],
          [
            35035.9,
            1001.26,
            50401.7
          ]
        ],
        "unit_class": "dynaf_universal_1line_b_big",
        "objLayer": 2,
        "props": {
          "army": 1,
          "active": false
        }
      },
      {
        "name": "ft_t2_airfield_03_04",
        "tm": [
          [
            -0.458898,
            0.0,
            0.888489
          ],
          [
            0.0,
            1.0,
            0.0
          ],
          [
            -0.888489,
            0.0,
            -0.458898
          ],
          [
            -13079.8,
            2116.83,
            58654.8
          ]
        ],
        "unit_class": "dynaf_universal_1line_b_big",
        "objLayer": 2,
        "props": {
          "army": 2,
          "active": false
        }
      },
      {
        "name": "ft_t2_airfield_02_04",
        "tm": [
          [
            -0.9966,
            0.0,
            0.0823845
          ],
          [
            0.0,
            1.0,
            0.0
          ],
          [
            -0.0823845,
            0.0,
            -0.9966
          ],
          [
            -33674.3,
            1549.3,
            -39909.1
          ]
        ],
        "unit_class": "dynaf_universal_1line_b_big",
        "objLayer": 2,
        "props": {
          "army": 2,
          "active": false
        }
      },
      {
        "name": "ft_t2_airfield_01_04",
        "tm": [
          [
            -0.992489,
            0.0,
            -0.122332
          ],
          [
            0.0,
            1.0,
            0.0
          ],
          [
            0.122332,
            0.0,
            -0.992489
          ],
          [
            -54491.0,
            468.699,
            11367.4
          ]
        ],
        "unit_class": "dynaf_universal_1line_b_big",
        "objLayer": 2,
        "props": {
          "army": 2,
          "active": false
        }
      },
      {
        "name": "ft_t1_airfield_01_04",
        "tm": [
          [
            0.998966,
            0.0,
            -0.0454422
          ],
          [
            0.0,
            1.0,
            0.0
          ],
          [
            0.0454422,
            0.0,
            0.998966
          ],
          [
            53886.4,
            1013.35,
            32858.2
          ]
        ],
        "unit_class": "dynaf_universal_1line_b_big",
        "objLayer": 2,
        "props": {
          "army": 1,
          "active": false
        }
      },
      {
        "name": "ft_t1_airfield_01_05",
        "tm": [
          [
            0.996071,
            0.0,
            0.0885597
          ],
          [
            0.0,
            1.0,
            0.0
          ],
          [
            -0.0885597,
            0.0,
            0.996071
          ],
          [
            49654.2,
            3299.2,
            -22660.8
          ]
        ],
        "unit_class": "dynaf_universal_1line_b_big",
        "objLayer": 2,
        "props": {
          "army": 1,
          "active": false
        }
      },
      {
        "name": "ft_t2_airfield_01_05",
        "tm": [
          [
            -0.998837,
            0.0,
            0.0482229
          ],
          [
            0.0,
            1.0,
            0.0
          ],
          [
            -0.0482229,
            0.0,
            -0.998837
          ],
          [
            -56025.1,
            408.419,
            -11836.9
          ]
        ],
        "unit_class": "dynaf_universal_1line_b",
        "objLayer": 2,
        "props": {
          "army": 2,
          "active": false
        }
      },
      {
        "name": "ft_t2_airfield_03_05",
        "tm": [
          [
            -0.986861,
            0.0,
            0.161577
          ],
          [
            0.0,
            1.0,
            0.0
          ],
          [
            -0.161577,
            0.0,
            -0.986861
          ],
          [
            -13008.5,
            3001.45,
            14315.4
          ]
        ],
        "unit_class": "dynaf_universal_1line_b_big",
        "objLayer": 2,
        "props": {
          "army": 2,
          "active": false
        }
      },
      {
        "name": "ft_t1_airfield_03_05",
        "tm": [
          [
            0.98296,
            0.0,
            -0.18382
          ],
          [
            0.0,
            1.0,
            0.0
          ],
          [
            0.18382,
            0.0,
            0.98296
          ],
          [
            13152.4,
            1725.2,
            -33049.3
          ]
        ],
        "unit_class": "dynaf_universal_1line_b",
        "objLayer": 2,
        "props": {
          "army": 1,
          "active": false
        }
      },
      {
        "name": "ft_t2_airfield_02_05",
        "tm": [
          [
            -0.962343,
            0.0,
            -0.271836
          ],
          [
            0.0,
            1.0,
            0.0
          ],
          [
            0.271836,
            0.0,
            -0.962343
          ],
          [
            -30138.0,
            2951.75,
            54830.8
          ]
        ],
        "unit_class": "dynaf_universal_1line_b_big",
        "objLayer": 2,
        "props": {
          "army": 2,
          "active": false
        }
      },
      {
        "name": "ft_t1_airfield_02_05",
        "tm": [
          [
            0.98882,
            0.0,
            0.14911
          ],
          [
            0.0,
            1.0,
            0.0
          ],
          [
            -0.14911,
            0.0,
            0.98882
          ],
          [
            33490.8,
            2763.43,
            -14218.9
          ]
        ],
        "unit_class": "dynaf_universal_1line_b",
        "objLayer": 2,
        "props": {
          "army": 1,
          "active": false
        }
      }
    ],
    "squad": [
      {
        "name": "ft_t1_airfields_squad",
        "tm": [
          [
            1.0,
            0.0,
            -2.32831E-10
          ],
          [
            0.0,
            1.0,
            0.0
          ],
          [
            2.32831E-10,
            0.0,
            1.0
          ],
          [
            44616.3,
            -10.6328,
            -74025.3
          ]
        ],
        "props": {
          "squad_members": [
            "ft_t1_airfield_01_01",
            "ft_t1_airfield_01_02",
            "ft_t1_airfield_01_03",
            "ft_t1_airfield_01_04",
            "ft_t1_airfield_01_05",
            "ft_t1_airfield_02_01",
            "ft_t1_airfield_02_02",
            "ft_t1_airfield_02_03",
            "ft_t1_airfield_02_04",
            "ft_t1_airfield_02_05",
            "ft_t1_airfield_03_01",
            "ft_t1_airfield_03_02",
            "ft_t1_airfield_03_03",
            "ft_t1_airfield_03_04",
            "ft_t1_airfield_03_05"
          ],
          "object_marking": 0
        }
      },
      {
        "name": "ft_t2_airfields_squad",
        "tm": [
          [
            1.0,
            0.0,
            -2.32831E-10
          ],
          [
            0.0,
            1.0,
            0.0
          ],
          [
            2.32831E-10,
            0.0,
            1.0
          ],
          [
            -42353.9,
            140.354,
            -75264.6
          ]
        ],
        "props": {
          "squad_members": [
            "ft_t2_airfield_01_01",
            "ft_t2_airfield_01_02",
            "ft_t2_airfield_01_03",
            "ft_t2_airfield_01_04",
            "ft_t2_airfield_01_05",
            "ft_t2_airfield_02_01",
            "ft_t2_airfield_02_02",
            "ft_t2_airfield_02_03",
            "ft_t2_airfield_02_04",
            "ft_t2_airfield_02_05",
            "ft_t2_airfield_03_01",
            "ft_t2_airfield_03_02",
            "ft_t2_airfield_03_03",
            "ft_t2_airfield_03_04",
            "ft_t2_airfield_03_05"
          ],
          "object_marking": 0
        }
      }
    ]
  },
  "areas": {
    "ft_t2_airfield_01_01_bomb_zone": {
      "type": "Box",
      "tm": [
        [
          -3254.3,
          0.0,
          1288.2
        ],
        [
          0.0,
          1000.0,
          0.0
        ],
        [
          -552.086,
          0.0,
          -1394.7
        ],
        [
          -53792.5,
          1120.77,
          48483.3
        ]
      ],
      "objLayer": 0,
      "props": {}
    },
    "ft_t2_airfield_01_02_bomb_zone": {
      "type": "Box",
      "tm": [
        [
          -3477.43,
          0.0,
          -396.865
        ],
        [
          0.0,
          1000.0,
          0.0
        ],
        [
          170.092,
          0.0,
          -1490.32
        ],
        [
          -54546.2,
          1330.71,
          30466.0
        ]
      ],
      "objLayer": 0,
      "props": {}
    },
    "ft_t2_airfield_01_03_bomb_zone": {
      "type": "Box",
      "tm": [
        [
          -3142.15,
          0.0,
          -1541.72
        ],
        [
          0.0,
          1000.0,
          0.0
        ],
        [
          660.742,
          0.0,
          -1346.63
        ],
        [
          -53727.8,
          1727.73,
          -51406.2
        ]
      ],
      "objLayer": 0,
      "props": {}
    },
    "ft_t2_airfield_02_01_bomb_zone": {
      "type": "Box",
      "tm": [
        [
          -3012.6,
          0.0,
          1781.65
        ],
        [
          0.0,
          1000.0,
          0.0
        ],
        [
          -763.564,
          0.0,
          -1291.11
        ],
        [
          -32002.2,
          2683.42,
          32490.6
        ]
      ],
      "objLayer": 0,
      "props": {}
    },
    "ft_t2_airfield_02_02_bomb_zone": {
      "type": "Box",
      "tm": [
        [
          -3490.46,
          0.0,
          -258.348
        ],
        [
          0.0,
          1000.0,
          0.0
        ],
        [
          110.72,
          0.0,
          -1495.9
        ],
        [
          -32468.8,
          1413.68,
          -18866.5
        ]
      ],
      "objLayer": 0,
      "props": {}
    },
    "ft_t2_airfield_03_01_bomb_zone": {
      "type": "Box",
      "tm": [
        [
          -3419.16,
          0.0,
          747.914
        ],
        [
          0.0,
          1000.0,
          0.0
        ],
        [
          -320.542,
          0.0,
          -1465.35
        ],
        [
          -12781.1,
          4153.85,
          27903.8
        ]
      ],
      "objLayer": 0,
      "props": {}
    },
    "ft_t2_airfield_03_02_bomb_zone": {
      "type": "Box",
      "tm": [
        [
          -3494.54,
          0.0,
          -195.374
        ],
        [
          0.0,
          1000.0,
          0.0
        ],
        [
          83.7338,
          0.0,
          -1497.66
        ],
        [
          -13444.0,
          1018.95,
          -55038.5
        ]
      ],
      "objLayer": 0,
      "props": {}
    },
    "ft_t1_airfield_01_01_bomb_zone": {
      "type": "Box",
      "tm": [
        [
          3445.76,
          0.0,
          613.783
        ],
        [
          0.0,
          1000.0,
          0.0
        ],
        [
          -263.046,
          0.0,
          1476.75
        ],
        [
          51431.0,
          3410.8,
          -50605.9
        ]
      ],
      "objLayer": 0,
      "props": {}
    },
    "ft_t1_airfield_01_03_bomb_zone": {
      "type": "Box",
      "tm": [
        [
          3498.84,
          0.0,
          89.8361
        ],
        [
          0.0,
          1000.0,
          0.0
        ],
        [
          -38.4993,
          0.0,
          1499.51
        ],
        [
          51507.5,
          1081.25,
          12071.2
        ]
      ],
      "objLayer": 0,
      "props": {}
    },
    "ft_t1_airfield_01_02_bomb_zone": {
      "type": "Box",
      "tm": [
        [
          3248.47,
          0.0,
          1302.84
        ],
        [
          0.0,
          1000.0,
          0.0
        ],
        [
          -558.359,
          0.0,
          1392.2
        ],
        [
          55353.7,
          1764.1,
          -10064.1
        ]
      ],
      "objLayer": 0,
      "props": {}
    },
    "ft_t1_airfield_02_01_bomb_zone": {
      "type": "Box",
      "tm": [
        [
          3499.97,
          0.0,
          13.6712
        ],
        [
          0.0,
          1000.0,
          0.0
        ],
        [
          -5.86297,
          0.0,
          1499.99
        ],
        [
          34587.6,
          2134.85,
          -34821.0
        ]
      ],
      "objLayer": 0,
      "props": {}
    },
    "ft_t1_airfield_02_02_bomb_zone": {
      "type": "Box",
      "tm": [
        [
          3361.44,
          0.0,
          -975.043
        ],
        [
          0.0,
          1000.0,
          0.0
        ],
        [
          417.875,
          0.0,
          1440.62
        ],
        [
          32086.6,
          2815.65,
          11433.7
        ]
      ],
      "objLayer": 0,
      "props": {}
    },
    "ft_t1_airfield_03_01_bomb_zone": {
      "type": "Box",
      "tm": [
        [
          3499.97,
          0.0,
          14.6964
        ],
        [
          0.0,
          1000.0,
          0.0
        ],
        [
          -6.30341,
          0.0,
          1499.99
        ],
        [
          13232.4,
          2044.96,
          -19178.5
        ]
      ],
      "objLayer": 0,
      "props": {}
    },
    "ft_t1_airfield_03_02_bomb_zone": {
      "type": "Box",
      "tm": [
        [
          3484.12,
          0.0,
          332.989
        ],
        [
          0.0,
          1000.0,
          0.0
        ],
        [
          -142.709,
          0.0,
          1493.2
        ],
        [
          14705.2,
          726.247,
          45660.0
        ]
      ],
      "objLayer": 0,
      "props": {}
    },
    "ft_t1_airfield_01_01_spawn_01": {
      "type": "Point",
      "tm": [
        [
          0.890309,
          0.0,
          -0.455357
        ],
        [
          0.0,
          1.0,
          0.0
        ],
        [
          0.455357,
          0.0,
          0.890309
        ],
        [
          50939.2,
          3697.66,
          -51335.5
        ]
      ],
      "objLayer": 0,
      "props": {}
    },
    "ft_t1_airfield_01_01_spawn_02": {
      "type": "Point",
      "tm": [
        [
          0.732399,
          0.0,
          0.680876
        ],
        [
          0.0,
          1.0,
          0.0
        ],
        [
          -0.680876,
          0.0,
          0.732399
        ],
        [
          50696.6,
          3704.25,
          -51438.5
        ]
      ],
      "objLayer": 0,
      "props": {}
    },
    "ft_t1_airfield_01_01_spawn_03": {
      "type": "Point",
      "tm": [
        [
          0.890309,
          0.0,
          -0.455357
        ],
        [
          0.0,
          1.0,
          0.0
        ],
        [
          0.455357,
          0.0,
          0.890309
        ],
        [
          51190.5,
          3668.93,
          -50081.9
        ]
      ],
      "objLayer": 0,
      "props": {}
    },
    "ft_t1_airfield_01_01_spawn_04": {
      "type": "Point",
      "tm": [
        [
          0.890309,
          0.0,
          -0.455357
        ],
        [
          0.0,
          1.0,
          0.0
        ],
        [
          0.455357,
          0.0,
          0.890309
        ],
        [
          50634.6,
          3665.85,
          -50098.1
        ]
      ],
      "objLayer": 0,
      "props": {}
    },
    "ft_t1_airfield_01_01_spawn_05": {
      "type": "Point",
      "tm": [
        [
          0.890309,
          0.0,
          -0.455357
        ],
        [
          0.0,
          1.0,
          0.0
        ],
        [
          0.455357,
          0.0,
          0.890309
        ],
        [
          51260.2,
          3696.56,
          -51329.7
        ]
      ],
      "objLayer": 0,
      "props": {}
    },
    "ft_t1_airfield_01_01_spawn_06": {
      "type": "Point",
      "tm": [
        [
          0.890309,
          0.0,
          -0.455357
        ],
        [
          0.0,
          1.0,
          0.0
        ],
        [
          0.455357,
          0.0,
          0.890309
        ],
        [
          50905.6,
          3669.22,
          -50099.3
        ]
      ],
      "objLayer": 0,
      "props": {}
    },
    "ft_t1_airfield_01_01_spawn_07": {
      "type": "Point",
      "tm": [
        [
          0.890309,
          0.0,
          -0.455357
        ],
        [
          0.0,
          1.0,
          0.0
        ],
        [
          0.455357,
          0.0,
          0.890309
        ],
        [
          51602.0,
          3716.0,
          -51305.4
        ]
      ],
      "objLayer": 0,
      "props": {}
    },
    "ft_t1_airfield_01_01_spawn_08": {
      "type": "Point",
      "tm": [
        [
          0.890309,
          0.0,
          -0.455357
        ],
        [
          0.0,
          1.0,
          0.0
        ],
        [
          0.455357,
          0.0,
          0.890309
        ],
        [
          52139.8,
          3741.5,
          -51313.2
        ]
      ],
      "objLayer": 0,
      "props": {}
    },
    "ft_t1_airfield_01_01_spawn_09": {
      "type": "Point",
      "tm": [
        [
          0.890309,
          0.0,
          -0.455357
        ],
        [
          0.0,
          1.0,
          0.0
        ],
        [
          0.455357,
          0.0,
          0.890309
        ],
        [
          52112.5,
          3667.88,
          -50022.4
        ]
      ],
      "objLayer": 0,
      "props": {}
    },
    "ft_t1_airfield_01_01_spawn_10": {
      "type": "Point",
      "tm": [
        [
          0.890309,
          0.0,
          -0.455357
        ],
        [
          0.0,
          1.0,
          0.0
        ],
        [
          0.455357,
          0.0,
          0.890309
        ],
        [
          52332.4,
          3669.68,
          -49999.5
        ]
      ],
      "objLayer": 0,
      "props": {}
    },
    "ft_t1_airfield_01_01_spawn_11": {
      "type": "Point",
      "tm": [
        [
          0.890309,
          0.0,
          -0.455357
        ],
        [
          0.0,
          1.0,
          0.0
        ],
        [
          0.455357,
          0.0,
          0.890309
        ],
        [
          51847.7,
          3738.22,
          -51336.4
        ]
      ],
      "objLayer": 0,
      "props": {}
    },
    "ft_t1_airfield_01_01_spawn_12": {
      "type": "Point",
      "tm": [
        [
          0.890309,
          0.0,
          -0.455357
        ],
        [
          0.0,
          1.0,
          0.0
        ],
        [
          0.455357,
          0.0,
          0.890309
        ],
        [
          52419.3,
          3742.47,
          -51186.3
        ]
      ],
      "objLayer": 0,
      "props": {}
    },
    "ft_t1_airfield_01_01_spawn_13": {
      "type": "Point",
      "tm": [
        [
          0.890309,
          0.0,
          -0.455357
        ],
        [
          0.0,
          1.0,
          0.0
        ],
        [
          0.455357,
          0.0,
          0.890309
        ],
        [
          51786.6,
          3668.54,
          -50053.4
        ]
      ],
      "objLayer": 0,
      "props": {}
    },
    "ft_t1_airfield_01_01_spawn_14": {
      "type": "Point",
      "tm": [
        [
          0.890309,
          0.0,
          -0.455357
        ],
        [
          0.0,
          1.0,
          0.0
        ],
        [
          0.455357,
          0.0,
          0.890309
        ],
        [
          51462.7,
          3670.32,
          -50081.1
        ]
      ],
      "objLayer": 0,
      "props": {}
    },
    "ft_t1_airfield_01_02_spawn_01": {
      "type": "Point",
      "tm": [
        [
          0.919505,
          0.0,
          -0.393076
        ],
        [
          0.0,
          1.0,
          0.0
        ],
        [
          0.393076,
          0.0,
          0.919505
        ],
        [
          54684.0,
          1878.87,
          -10829.5
        ]
      ],
      "objLayer": 0,
      "props": {}
    },
    "ft_t1_airfield_01_02_spawn_02": {
      "type": "Point",
      "tm": [
        [
          0.919505,
          0.0,
          -0.393076
        ],
        [
          0.0,
          1.0,
          0.0
        ],
        [
          0.393076,
          0.0,
          0.919505
        ],
        [
          54224.7,
          1880.53,
          -10037.9
        ]
      ],
      "objLayer": 0,
      "props": {}
    },
    "ft_t1_airfield_01_02_spawn_03": {
      "type": "Point",
      "tm": [
        [
          0.919505,
          0.0,
          -0.393076
        ],
        [
          0.0,
          1.0,
          0.0
        ],
        [
          0.393076,
          0.0,
          0.919505
        ],
        [
          55145.1,
          1880.18,
          -10702.2
        ]
      ],
      "objLayer": 0,
      "props": {}
    },
    "ft_t1_airfield_01_02_spawn_04": {
      "type": "Point",
      "tm": [
        [
          0.919505,
          0.0,
          -0.393076
        ],
        [
          0.0,
          1.0,
          0.0
        ],
        [
          0.393076,
          0.0,
          0.919505
        ],
        [
          54898.4,
          1879.54,
          -10814.8
        ]
      ],
      "objLayer": 0,
      "props": {}
    },
    "ft_t1_airfield_01_02_spawn_05": {
      "type": "Point",
      "tm": [
        [
          0.919505,
          0.0,
          -0.393076
        ],
        [
          0.0,
          1.0,
          0.0
        ],
        [
          0.393076,
          0.0,
          0.919505
        ],
        [
          55167.0,
          1885.65,
          -9588.66
        ]
      ],
      "objLayer": 0,
      "props": {}
    },
    "ft_t1_airfield_01_02_spawn_06": {
      "type": "Point",
      "tm": [
        [
          0.919505,
          0.0,
          -0.393076
        ],
        [
          0.0,
          1.0,
          0.0
        ],
        [
          0.393076,
          0.0,
          0.919505
        ],
        [
          54944.5,
          1899.99,
          -9693.99
        ]
      ],
      "objLayer": 0,
      "props": {}
    },
    "ft_t1_airfield_01_02_spawn_07": {
      "type": "Point",
      "tm": [
        [
          0.919505,
          0.0,
          -0.393076
        ],
        [
          0.0,
          1.0,
          0.0
        ],
        [
          0.393076,
          0.0,
          0.919505
        ],
        [
          54638.5,
          1886.49,
          -9839.66
        ]
      ],
      "objLayer": 0,
      "props": {}
    },
    "ft_t1_airfield_01_02_spawn_08": {
      "type": "Point",
      "tm": [
        [
          0.919505,
          0.0,
          -0.393076
        ],
        [
          0.0,
          1.0,
          0.0
        ],
        [
          0.393076,
          0.0,
          0.919505
        ],
        [
          55862.0,
          1878.9,
          -10366.8
        ]
      ],
      "objLayer": 0,
      "props": {}
    },
    "ft_t1_airfield_01_02_spawn_09": {
      "type": "Point",
      "tm": [
        [
          0.919505,
          0.0,
          -0.393076
        ],
        [
          0.0,
          1.0,
          0.0
        ],
        [
          0.393076,
          0.0,
          0.919505
        ],
        [
          56225.4,
          1879.41,
          -10201.6
        ]
      ],
      "objLayer": 0,
      "props": {}
    },
    "ft_t1_airfield_01_02_spawn_10": {
      "type": "Point",
      "tm": [
        [
          0.919505,
          0.0,
          -0.393076
        ],
        [
          0.0,
          1.0,
          0.0
        ],
        [
          0.393076,
          0.0,
          0.919505
        ],
        [
          54448.2,
          1880.03,
          -9918.99
        ]
      ],
      "objLayer": 0,
      "props": {}
    },
    "ft_t1_airfield_01_02_spawn_11": {
      "type": "Point",
      "tm": [
        [
          0.919505,
          0.0,
          -0.393076
        ],
        [
          0.0,
          1.0,
          0.0
        ],
        [
          0.393076,
          0.0,
          0.919505
        ],
        [
          55339.9,
          1880.51,
          -10590.6
        ]
      ],
      "objLayer": 0,
      "props": {}
    },
    "ft_t1_airfield_01_02_spawn_12": {
      "type": "Point",
      "tm": [
        [
          0.919505,
          0.0,
          -0.393076
        ],
        [
          0.0,
          1.0,
          0.0
        ],
        [
          0.393076,
          0.0,
          0.919505
        ],
        [
          55586.2,
