{
  "selected_tag": "",
  "bin_dump_file": "",
  "mission_settings": {
    "player": [
      {
        "army": 1
      },
      {
        "wing": "t1_player01"
      },
      {
        "wing": "t1_player02"
      },
      {
        "wing": "t1_player03"
      },
      {
        "wing": "t1_player04"
      },
      {
        "wing": "t1_player05"
      },
      {
        "wing": "t1_player06"
      },
      {
        "wing": "t1_player07"
      },
      {
        "wing": "t1_player08"
      },
      {
        "wing": "t1_player09"
      },
      {
        "wing": "t1_player10"
      },
      {
        "wing": "t1_player11"
      },
      {
        "wing": "t1_player12"
      },
      {
        "wing": "t1_player13"
      },
      {
        "wing": "t1_player14"
      },
      {
        "wing": "t1_player15"
      },
      {
        "wing": "t1_player16"
      }
    ],
    "player_teamB": [
      {
        "army": 2
      },
      {
        "wing": "t2_player01"
      },
      {
        "wing": "t2_player02"
      },
      {
        "wing": "t2_player03"
      },
      {
        "wing": "t2_player04"
      },
      {
        "wing": "t2_player05"
      },
      {
        "wing": "t2_player06"
      },
      {
        "wing": "t2_player07"
      },
      {
        "wing": "t2_player08"
      },
      {
        "wing": "t2_player09"
      },
      {
        "wing": "t2_player10"
      },
      {
        "wing": "t2_player11"
      },
      {
        "wing": "t2_player12"
      },
      {
        "wing": "t2_player13"
      },
      {
        "wing": "t2_player14"
      },
      {
        "wing": "t2_player15"
      },
      {
        "wing": "t2_player16"
      },
      {
        "wing": "t2_player17"
      }
    ],
    "mission": {
      "level": "levels/avn_volcanic_island.bin",
      "type": "domination",
      "environment": "Day",
      "weather": "hazy",
      "locName": "missions/_NDom;volcanic_islands/name",
      "locDesc": "volcanic_islands/desc;missions/_NDom/desc",
      "scoreLimit": 10000,
      "timeLimit": 30,
      "deathPenaltyMul": 0.5,
      "ctaCaptureZoneEqualPenaltyMul": 0.0,
      "showTacticalMapCellSize": true,
      "country_axis": "germany",
      "country_allies": "ussr",
      "restoreType": "attempts",
      "optionalTakeOff": true,
      "allowedUnitTypes": {
        "isAirplanesAllowed": true,
        "isTanksAllowed": false,
        "isShipsAllowed": true,
        "isHelicoptersAllowed": false
      }
    },
    "spectator_points": [],
    "briefing": {
      "place_loc": "",
      "date_loc": "",
      "objective_loc": "",
      "music": "action_01",
      "part": {
        "event": "",
        "minTime": 0,
        "slide": [
          {
            "map": true
          },
          {
            "minTime": 4
          },
          {
            "picture": ""
          },
          {
            "showAirMap": false
          },
          {
            "icon": {
              "icontype": "ship",
              "side": "ally",
              "target": "briefing_t1_boatspawn01"
            }
          },
          {
            "icon": {
              "icontype": "ship",
              "side": "ally",
              "target": "briefing_t1_boatspawn02"
            }
          },
          {
            "icon": {
              "icontype": "destroyer",
              "side": "ally",
              "target": "briefing_t1_shipspawn01"
            }
          },
          {
            "icon": {
              "icontype": "destroyer",
              "side": "ally",
              "target": "briefing_t1_shipspawn02"
            }
          },
          {
            "icon": {
              "icontype": "destroyer",
              "side": "ally",
              "target": "briefing_t1_shipspawn03"
            }
          },
          {
            "icon": {
              "icontype": "ship",
              "side": "enemy",
              "target": "briefing_t2_boatspawn01"
            }
          },
          {
            "icon": {
              "icontype": "ship",
              "side": "enemy",
              "target": "briefing_t2_boatspawn02"
            }
          },
          {
            "icon": {
              "icontype": "destroyer",
              "side": "enemy",
              "target": "briefing_t2_shipspawn01"
            }
          },
          {
            "icon": {
              "icontype": "destroyer",
              "side": "enemy",
              "target": "briefing_t2_shipspawn02"
            }
          },
          {
            "icon": {
              "icontype": "destroyer",
              "side": "enemy",
              "target": "briefing_t2_shipspawn03"
            }
          },
          {
            "icon": {
              "icontype": "basezone_A",
              "side": "neutral",
              "target": "briefing_capture01"
            }
          },
          {
            "icon": {
              "icontype": "basezone_B",
              "side": "neutral",
              "target": "briefing_capture02"
            }
          },
          {
            "icon": {
              "icontype": "basezone_C",
              "side": "neutral",
              "target": "briefing_capture03"
            }
          },
          {
            "battleArea": {
              "target": "briefing_battlearea"
            }
          }
        ]
      }
    }
  },
  "imports": [
    {
      "import_record": {
        "file": "gameData/missions/templates/navy_templates/ship_base_logic.blk",
        "importAreas": true,
        "importUnits": true,
        "importTriggers": true,
        "importMissionObjectives": true,
        "importWayPoints": true,
        "showAreas": true,
        "showUnits": true,
        "showTriggers": true,
        "showMissionObjectives": true,
        "showWayPoints": true,
        "excludes": []
      }
    },
    {
      "import_record": {
        "file": "gameData/missions/templates/navy_templates/ndom_template.blk",
        "importAreas": true,
        "importUnits": true,
        "importTriggers": true,
        "importMissionObjectives": true,
        "importWayPoints": true,
        "showAreas": true,
        "showUnits": true,
        "showTriggers": true,
        "showMissionObjectives": true,
        "showWayPoints": true,
        "excludes": []
      }
    },
    {
      "import_record": {
        "file": "gameData/missions/cta/ships/volcanic_island/template_volcanic_islands_air_spawn.blk",
        "importAreas": true,
        "importUnits": true,
        "importTriggers": true,
        "importMissionObjectives": true,
        "importWayPoints": true,
        "showAreas": true,
        "showUnits": true,
        "showTriggers": true,
        "showMissionObjectives": true,
        "showWayPoints": true,
        "excludes": []
      }
    },
    {
      "import_record": {
        "file": "gameData/missions/cta/ships/volcanic_island/spotareas/volcanic_islands_NDom_spotareas_template.blk",
        "importAreas": true,
        "importUnits": true,
        "importTriggers": true,
        "importMissionObjectives": true,
        "importWayPoints": true,
        "showAreas": true,
        "showUnits": true,
        "showTriggers": true,
        "showMissionObjectives": true,
        "showWayPoints": true,
        "excludes": []
      }
    }
  ],
  "triggers": {
    "isCategory": true,
    "is_enabled": true
  },
  "mission_objectives": {
    "isCategory": true,
    "is_enabled": true
  },
  "variables": [],
  "dialogs": [],
  "airfields": [],
  "effects": [],
  "units": {
    "armada": {
      "name": "t1_player01",
      "tm": [
        [1.0,0.0,0.0],
        [0.0,1.0,0.0],
        [0.0,0.0,1.0],
        [-4764.84,400.0,-3307.37]
      ],
      "unit_class": "a-20g",
      "objLayer": 1,
      "closed_waypoints": false,
      "isShipSpline": false,
      "shipTurnRadius": 100.0,
      "weapons": "",
      "bullets0": "",
      "bullets1": "",
      "bullets2": "",
      "bullets3": "",
      "bulletsCount0": 0,
      "bulletsCount1": 0,
      "bulletsCount2": 0,
      "bulletsCount3": 0,
      "crewSkillK": 0.0,
      "props": {
        "army": 2,
        "count": 1,
        "free_distance": 70.0,
        "floating_distance": 50.0,
        "minimum_distance_to_earth": 20.0,
        "altLimit": 6000.0,
        "attack_type": "fire_at_will",
        "skill": 4,
        "plane": {
          "wing_formation": "Diamond",
          "row_distances": 3.0,
          "col_distances": 3.0,
          "super_formation": "Diamond",
          "super_row_distances": 1.5,
          "super_col_distances": 1.5,
          "ai_skill": "NORMAL",
          "task": "FLY_WAYPOINT"
        }
      },
      "way": []
    },
    "objectGroups": {
      "name": "objectGroups_01",
      "tm": [
        [0.939693,0.0,0.34202],
        [0.0,1.0,0.0],
        [-0.34202,0.0,0.939693],
        [-697.25,-0.4,830.5]
      ],
      "unit_class": "det_container_ship_triple_e_class_b",
      "objLayer": 2,
      "props": {
        "army": 0,
        "active": true
      }
    }
  },
  "areas": {
    "briefing_capture02": {
      "type": "Point",
      "tm": [
        [-0.0436193,0.0,0.999048],
        [0.0,1.0,0.0],
        [-0.999048,0.0,-0.0436193],
        [-0.439941,0.000488281,1.55005]
      ],
      "objLayer": 0,
      "props": []
    },
    "briefing_capture01": {
      "type": "Point",
      "tm": [
        [-0.0436193,0.0,0.999048],
        [0.0,1.0,0.0],
        [-0.999048,0.0,-0.0436193],
        [-2053.53,0.0,1839.02]
      ],
      "objLayer": 0,
      "props": []
    },
    "briefing_capture03": {
      "type": "Point",
      "tm": [
        [-0.0436193,0.0,0.999048],
        [0.0,1.0,0.0],
        [-0.999048,0.0,-0.0436193],
        [2083.18,0.0,-1868.87]
      ],
      "objLayer": 0,
      "props": []
    },
    "briefing_battlearea": {
      "type": "Box",
      "tm": [
        [12288.0,0.0,0.0],
        [0.0,700.0,0.0],
        [0.0,0.0,12288.0],
        [0.0,0.0,0.0]
      ],
      "objLayer": 3,
      "props": []
    },
    "briefing_t1_boatspawn01": {
      "type": "Point",
      "tm": [
        [-0.904832,0.0,0.42577],
        [0.0,1.0,0.0],
        [-0.42577,0.0,-0.904832],
        [-964.02,265.522,-1572.95]
      ],
      "objLayer": 0,
      "props": []
    },
    "briefing_t1_boatspawn02": {
      "type": "Point",
      "tm": [
        [0.187926,0.0,0.982184],
        [0.0,1.0,0.0],
        [-0.982184,0.0,0.187926],
        [-1589.46,210.222,-1238.25]
      ],
      "objLayer": 0,
      "props": []
    },
    "briefing_t2_boatspawn01": {
      "type": "Point",
      "tm": [
        [-0.644407,0.0,0.764683],
        [0.0,1.0,0.0],
        [-0.764683,0.0,-0.644407],
        [1788.19,133.985,990.348]
      ],
      "objLayer": 0,
      "props": []
    },
    "briefing_t2_boatspawn02": {
      "type": "Point",
      "tm": [
        [-0.644407,0.0,0.764683],
        [0.0,1.0,0.0],
        [-0.764683,0.0,-0.644407],
        [838.272,110.982,1744.4]
      ],
      "objLayer": 0,
      "props": []
    },
    "briefing_t2_shipspawn01": {
      "type": "Point",
      "tm": [
        [-0.644407,0.0,0.764683],
        [0.0,1.0,0.0],
        [-0.764683,0.0,-0.644407],
        [599.632,110.982,4975.33]
      ],
      "objLayer": 0,
      "props": []
    },
    "briefing_t2_shipspawn02": {
      "type": "Point",
      "tm": [
        [-0.644407,0.0,0.764683],
        [0.0,1.0,0.0],
        [-0.764683,0.0,-0.644407],
        [4857.13,110.981,1158.5]
      ],
      "objLayer": 0,
      "props": []
    },
    "briefing_t1_shipspawn01": {
      "type": "Point",
      "tm": [
        [-0.644407,0.0,0.764683],
        [0.0,1.0,0.0],
        [-0.764683,0.0,-0.644407],
        [-571.78,110.982,-5023.71]
      ],
      "objLayer": 0,
      "props": []
    },
    "briefing_t1_shipspawn02": {
      "type": "Point",
      "tm": [
        [-0.644407,0.0,0.764683],
        [0.0,1.0,0.0],
        [-0.764683,0.0,-0.644407],
        [-4868.15,110.98,-1054.85]
      ],
      "objLayer": 0,
      "props": []
    },
    "briefing_t1_shipspawn03": {
      "type": "Point",
      "tm": [
        [-0.644407,0.0,0.764683],
        [0.0,1.0,0.0],
        [-0.764683,0.0,-0.644407],
        [-3436.17,110.983,-3831.45]
      ],
      "objLayer": 0,
      "props": []
    },
    "briefing_t2_shipspawn03": {
      "type": "Point",
      "tm": [
        [-0.644407,0.0,0.764683],
        [0.0,1.0,0.0],
        [-0.764683,0.0,-0.644407],
        [3381.98,110.982,3724.21]
      ],
      "objLayer": 0,
      "props": []
    }
  },
  "objLayers": [
    {
      "layer": {
        "enabled": true
      }
    },
    {
      "layer": {
        "enabled": true
      }
    },
    {
      "layer": {
        "enabled": true
      }
    },
    {
      "layer": {
        "enabled": true
      }
    }
  ],
  "wayPoints": []
}