{
  "selected_tag": "",
  "bin_dump_file": "",
  "mission_settings": {
    "player": {
      "army": 1
    },
    "player_teamB": {
      "army": 2
    },
    "mission": {
      "level": "levels/air_smolensk.bin",
      "type": "domination",
      "environment": "Day",
      "weather": "hazy",
      "restoreType": "attempts",
      "optionalTakeOff": false
    }
  },
  "imports": {},
  "triggers": {
    "isCategory": true,
    "is_enabled": true
  },
  "mission_objectives": {
    "isCategory": true,
    "is_enabled": true
  },
  "variables": {},
  "dialogs": {},
  "airfields": {},
  "effects": {},
  "units": {
    "objectGroups": [
      {
        "name": "bdt_t1_bomb_object_01",
        "tm": [
          [
            0.745259,
            0.0,
            -0.666772
          ],
          [
            0.0,
            1.0,
            0.0
          ],
          [
            0.666772,
            0.0,
            0.745259
          ],
          [
            -9074.02,
            44.0566,
            12002.4
          ]
        ],
        "unit_class": "dynBase_hq_camp_square",
        "objLayer": 2,
        "props": {
          "army": 2,
          "active": false
        }
      },
      {
        "name": "bdt_t1_bomb_object_02",
        "tm": [
          [
            0.208752,
            0.0,
            -0.977971
          ],
          [
            0.0,
            1.0,
            0.0
          ],
          [
            0.977971,
            0.0,
            0.208752
          ],
          [
            -10780.2,
            54.0797,
            -3620.83
          ]
        ],
        "unit_class": "dynBase_fuel_storage_square",
        "objLayer": 2,
        "props": {
          "army": 2,
          "active": false
        }
      },
      {
        "name": "bdt_t1_bomb_object_03",
        "tm": [
          [
            0.890617,
            0.0,
            0.454759
          ],
          [
            0.0,
            1.0,
            0.0
          ],
          [
            -0.454759,
            0.0,
            0.890617
          ],
          [
            -4631.94,
            175.33,
            -5552.54
          ]
        ],
        "unit_class": "dynBase_oil_storage_small_square",
        "objLayer": 2,
        "props": {
          "army": 2,
          "active": false
        }
      },
      {
        "name": "bdt_t2_bomb_object_01",
        "tm": [
          [
            0.95949,
            0.0,
            -0.281743
          ],
          [
            0.0,
            1.0,
            0.0
          ],
          [
            0.281743,
            0.0,
            0.95949
          ],
          [
            10430.6,
            49.126,
            13507.5
          ]
        ],
        "unit_class": "dynBase_fuel_storage_square",
        "objLayer": 2,
        "props": {
          "army": 1,
          "active": false
        }
      },
      {
        "name": "bdt_t2_bomb_object_02",
        "tm": [
          [
            0.897751,
            0.0,
            0.4405
          ],
          [
            0.0,
            1.0,
            0.0
          ],
          [
            -0.4405,
            0.0,
            0.897751
          ],
          [
            4985.0,
            49.7756,
            16708.1
          ]
        ],
        "unit_class": "dynBase_small_factory_square",
        "objLayer": 2,
        "props": {
          "army": 1,
          "active": false
        }
      },
      {
        "name": "bdt_t2_bomb_object_03",
        "tm": [
          [
            0.846801,
            0.0,
            0.531908
          ],
          [
            0.0,
            1.0,
            0.0
          ],
          [
            -0.531908,
            0.0,
            0.846801
          ],
          [
            10583.3,
            11.7333,
            3357.74
          ]
        ],
        "unit_class": "dynBase_oil_storage_small_square",
        "objLayer": 2,
        "props": {
          "army": 1,
          "active": false
        }
      },
      {
        "name": "bdt_t1_bomb_object_04",
        "tm": [
          [
            0.992928,
            0.0,
            -0.118721
          ],
          [
            0.0,
            1.0,
            0.0
          ],
          [
            0.118721,
            0.0,
            0.992928
          ],
          [
            -12878.3,
            19.3972,
            12265.9
          ]
        ],
        "unit_class": "dynBase_small_factory_square",
        "objLayer": 2,
        "props": {
          "army": 2,
          "active": false
        }
      },
      {
        "name": "bdt_t2_bomb_object_04",
        "tm": [
          [
            0.979411,
            0.0,
            0.201881
          ],
          [
            0.0,
            1.0,
            0.0
          ],
          [
            -0.201881,
            0.0,
            0.979411
          ],
          [
            5349.0,
            80.6412,
            -5349.8
          ]
        ],
        "unit_class": "dynBase_field_camp_square",
        "objLayer": 2,
        "props": {
          "army": 1,
          "active": false
        }
      },
      {
        "name": "bdt_t2_bomb_object_05",
        "tm": [
          [
            0.979411,
            0.0,
            0.201881
          ],
          [
            0.0,
            1.0,
            0.0
          ],
          [
            -0.201881,
            0.0,
            0.979411
          ],
          [
            9702.86,
            55.8323,
            -5256.34
          ]
        ],
        "unit_class": "dynBase_military_base_square",
        "objLayer": 2,
        "props": {
          "army": 1,
          "active": false
        }
      },
      {
        "name": "bdt_t2_bomb_object_06",
        "tm": [
          [
            0.979411,
            0.0,
            0.201881
          ],
          [
            0.0,
            1.0,
            0.0
          ],
          [
            -0.201881,
            0.0,
            0.979411
          ],
          [
            12473.5,
            208.644,
            -1095.2
          ]
        ],
        "unit_class": "dynBase_oil_storage_large_square",
        "objLayer": 2,
        "props": {
          "army": 1,
          "active": false
        }
      },
      {
        "name": "bdt_t2_bomb_object_07",
        "tm": [
          [
            0.979411,
            0.0,
            0.201881
          ],
          [
            0.0,
            1.0,
            0.0
          ],
          [
            -0.201881,
            0.0,
            0.979411
          ],
          [
            9061.05,
            81.4054,
            -1089.86
          ]
        ],
        "unit_class": "dynBase_oil_storage_large_square",
        "objLayer": 2,
        "props": {
          "army": 1,
          "active": false
        }
      },
      {
        "name": "bdt_t2_bomb_object_08",
        "tm": [
          [
            0.95949,
            0.0,
            -0.281743
          ],
          [
            0.0,
            1.0,
            0.0
          ],
          [
            0.281743,
            0.0,
            0.95949
          ],
          [
            8144.48,
            20.6682,
            15952.1
          ]
        ],
        "unit_class": "dynBase_small_factory_square",
        "objLayer": 2,
        "props": {
          "army": 1,
          "active": false
        }
      },
      {
        "name": "bdt_t2_bomb_object_09",
        "tm": [
          [
            0.95949,
            0.0,
            -0.281743
          ],
          [
            0.0,
            1.0,
            0.0
          ],
          [
            0.281743,
            0.0,
            0.95949
          ],
          [
            11491.8,
            57.4573,
            8345.78
          ]
        ],
        "unit_class": "dynBase_petrol_camp_square",
        "objLayer": 2,
        "props": {
          "army": 1,
          "active": false
        }
      },
      {
        "name": "bdt_t2_bomb_object_10",
        "tm": [
          [
            0.95949,
            0.0,
            -0.281743
          ],
          [
            0.0,
            1.0,
            0.0
          ],
          [
            0.281743,
            0.0,
            0.95949
          ],
          [
            7973.81,
            7.64435,
            11973.6
          ]
        ],
        "unit_class": "dynBase_petrol_camp_square",
        "objLayer": 2,
        "props": {
          "army": 1,
          "active": false
        }
      },
      {
        "name": "bdt_t1_bomb_object_05",
        "tm": [
          [
            0.992928,
            0.0,
            -0.118721
          ],
          [
            0.0,
            1.0,
            0.0
          ],
          [
            0.118721,
            0.0,
            0.992928
          ],
          [
            -9225.7,
            39.0054,
            16412.7
          ]
        ],
        "unit_class": "dynBase_petrol_camp_square",
        "objLayer": 2,
        "props": {
          "army": 2,
          "active": false
        }
      },
      {
        "name": "bdt_t1_bomb_object_06",
        "tm": [
          [
            0.932518,
            0.0,
            0.361125
          ],
          [
            0.0,
            1.0,
            0.0
          ],
          [
            -0.361125,
            0.0,
            0.932518
          ],
          [
            -4668.78,
            37.648,
            14798.6
          ]
        ],
        "unit_class": "dynBase_military_base_square",
        "objLayer": 2,
        "props": {
          "army": 2,
          "active": false
        }
      },
      {
        "name": "bdt_t1_bomb_object_07",
        "tm": [
          [
            0.992928,
            0.0,
            -0.118721
          ],
          [
            0.0,
            1.0,
            0.0
          ],
          [
            0.118721,
            0.0,
            0.992928
          ],
          [
            -11369.9,
            405.174,
            7199.38
          ]
        ],
        "unit_class": "dynBase_fuel_storage_square",
        "objLayer": 2,
        "props": {
          "army": 2,
          "active": false
        }
      },
      {
        "name": "bdt_t1_bomb_object_08",
        "tm": [
          [
            0.890617,
            0.0,
            0.454759
          ],
          [
            0.0,
            1.0,
            0.0
          ],
          [
            -0.454759,
            0.0,
            0.890617
          ],
          [
            -15203.1,
            107.506,
            1050.3
          ]
        ],
        "unit_class": "dynBase_ammunition_storage_square",
        "objLayer": 2,
        "props": {
          "army": 2,
          "active": false
        }
      },
      {
        "name": "bdt_t1_bomb_object_09",
        "tm": [
          [
            0.890617,
            0.0,
            0.454759
          ],
          [
            0.0,
            1.0,
            0.0
          ],
          [
            -0.454759,
            0.0,
            0.890617
          ],
          [
            -6607.37,
            53.4163,
            -8839.18
          ]
        ],
        "unit_class": "dynBase_field_camp_square",
        "objLayer": 2,
        "props": {
          "army": 2,
          "active": false
        }
      },
      {
        "name": "bdt_t1_bomb_object_10",
        "tm": [
          [
            0.890617,
            0.0,
            0.454759
          ],
          [
            0.0,
            1.0,
            0.0
          ],
          [
            -0.454759,
            0.0,
            0.890617
          ],
          [
            -14383.1,
            190.943,
            6390.87
          ]
        ],
        "unit_class": "dynBase_oil_storage_small_square",
        "objLayer": 2,
        "props": {
          "army": 2,
          "active": false
        }
      }
    ]
  },
  "areas": {
    "bdt_t1_bomb_zone_01": {
      "type": "Sphere",
      "tm": [
        [
          335.369,
          0.0,
          -300.049
        ],
        [
          0.0,
          450.0,
          0.0
        ],
        [
          300.049,
          0.0,
          335.369
        ],
        [
          -9080.25,
          57.6747,
          11999.0
        ]
      ],
      "objLayer": 0,
      "props": {}
    },
    "bdt_t1_bomb_zone_02": {
      "type": "Sphere",
      "tm": [
        [
          366.578,
          0.0,
          -261.002
        ],
        [
          0.0,
          450.0,
          0.0
        ],
        [
          261.002,
          0.0,
          366.578
        ],
        [
          -10761.2,
          54.3997,
          -3610.49
        ]
      ],
      "objLayer": 0,
      "props": {}
    },
    "bdt_t1_bomb_zone_03": {
      "type": "Sphere",
      "tm": [
        [
          400.777,
          0.0,
          204.639
        ],
        [
          0.0,
          450.0,
          0.0
        ],
        [
          -204.639,
          0.0,
          400.777
        ],
        [
          -4640.4,
          175.28,
          -5547.59
        ]
      ],
      "objLayer": 0,
      "props": {}
    },
    "bdt_t2_bomb_zone_01": {
      "type": "Sphere",
      "tm": [
        [
          431.769,
          0.0,
          -126.786
        ],
        [
          0.0,
          450.0,
          0.0
        ],
        [
          126.786,
          0.0,
          431.769
        ],
        [
          10443.4,
          49.168,
          13507.0
        ]
      ],
      "objLayer": 0,
      "props": {}
    },
    "bdt_t2_bomb_zone_02": {
      "type": "Sphere",
      "tm": [
        [
          437.316,
          0.0,
          106.087
        ],
        [
          0.0,
          450.0,
          0.0
        ],
        [
          -106.087,
          0.0,
          437.316
        ],
        [
          4988.6,
          49.7146,
          16711.1
        ]
      ],
      "objLayer": 0,
      "props": {}
    },
    "bdt_t2_bomb_zone_03": {
      "type": "Sphere",
      "tm": [
        [
          443.475,
          0.0,
          76.3484
        ],
        [
          0.0,
          450.0,
          0.0
        ],
        [
          -76.3484,
          0.0,
          443.475
        ],
        [
          10588.8,
          11.6023,
          3359.26
        ]
      ],
      "objLayer": 0,
      "props": {}
    },
    "bdt_t1_bomb_zone_04": {
      "type": "Sphere",
      "tm": [
        [
          446.816,
          0.0,
          -53.4256
        ],
        [
          0.0,
          450.0,
          0.0
        ],
        [
          53.4256,
          0.0,
          446.816
        ],
        [
          -12870.9,
          35.0302,
          12263.3
        ]
      ],
      "objLayer": 0,
      "props": {}
    },
    "bdt_t2_bomb_zone_04": {
      "type": "Sphere",
      "tm": [
        [
          443.475,
          0.0,
          76.3484
        ],
        [
          0.0,
          450.0,
          0.0
        ],
        [
          -76.3484,
          0.0,
          443.475
        ],
        [
          5348.31,
          80.6082,
          -5344.12
        ]
      ],
      "objLayer": 0,
      "props": {}
    },
    "bdt_t1_bomb_zone_01_aaa_point_01": {
      "type": "Point",
      "tm": [
        [
          0.990608,
          0.0,
          -0.136721
        ],
        [
          0.0,
          1.0,
          0.0
        ],
        [
          0.136721,
          0.0,
          0.990608
        ],
        [
          -9084.33,
          59.8076,
          11773.6
        ]
      ],
      "objLayer": 0,
      "props": {}
    },
    "bdt_t1_bomb_zone_01_aaa_point_02": {
      "type": "Point",
      "tm": [
        [
          0.990608,
          0.0,
          -0.136721
        ],
        [
          0.0,
          1.0,
          0.0
        ],
        [
          0.136721,
          0.0,
          0.990608
        ],
        [
          -9180.53,
          59.4337,
          12273.5
        ]
      ],
      "objLayer": 0,
      "props": {}
    },
    "bdt_t1_bomb_zone_01_aaa_point_03": {
      "type": "Point",
      "tm": [
        [
          0.990608,
          0.0,
          -0.136721
        ],
        [
          0.0,
          1.0,
          0.0
        ],
        [
          0.136721,
          0.0,
          0.990608
        ],
        [
          -9061.8,
          58.0157,
          12265.3
        ]
      ],
      "objLayer": 0,
      "props": {}
    },
    "bdt_t1_bomb_zone_01_aaa_point_04": {
      "type": "Point",
      "tm": [
        [
          0.990608,
          0.0,
          -0.136721
        ],
        [
          0.0,
          1.0,
          0.0
        ],
        [
          0.136721,
          0.0,
          0.990608
        ],
        [
          -8677.45,
          54.2776,
          12236.0
        ]
      ],
      "objLayer": 0,
      "props": {}
    },
    "bdt_t1_bomb_zone_02_aaa_point_01": {
      "type": "Point",
      "tm": [
        [
          0.99966,
          0.0,
          -0.02601
        ],
        [
          0.0,
          1.0,
          0.0
        ],
        [
          0.02601,
          0.0,
          0.99966
        ],
        [
          -10963.6,
          51.7597,
          -3754.63
        ]
      ],
      "objLayer": 0,
      "props": {}
    },
    "bdt_t1_bomb_zone_02_aaa_point_02": {
      "type": "Point",
      "tm": [
        [
          0.99966,
          0.0,
          -0.02601
        ],
        [
          0.0,
          1.0,
          0.0
        ],
        [
          0.02601,
          0.0,
          0.99966
        ],
        [
          -10733.3,
          53.5997,
          -3420.39
        ]
      ],
      "objLayer": 0,
      "props": {}
    },
    "bdt_t1_bomb_zone_02_aaa_point_03": {
      "type": "Point",
      "tm": [
        [
          0.99966,
          0.0,
          -0.02601
        ],
        [
          0.0,
          1.0,
          0.0
        ],
        [
          0.02601,
          0.0,
          0.99966
        ],
        [
          -11015.4,
          57.4097,
          -3494.28
        ]
      ],
      "objLayer": 0,
      "props": {}
    },
    "bdt_t1_bomb_zone_02_aaa_point_04": {
      "type": "Point",
      "tm": [
        [
          0.99966,
          0.0,
          -0.02601
        ],
        [
          0.0,
          1.0,
          0.0
        ],
        [
          0.02601,
          0.0,
          0.99966
        ],
        [
          -10536.2,
          51.6897,
          -3655.46
        ]
      ],
      "objLayer": 0,
      "props": {}
    },
    "bdt_t1_bomb_zone_03_aaa_point_01": {
      "type": "Point",
      "tm": [
        [
          0.99966,
          0.0,
          -0.02601
        ],
        [
          0.0,
          1.0,
          0.0
        ],
        [
          0.02601,
          0.0,
          0.99966
        ],
        [
          -4599.16,
          178.08,
          -5842.69
        ]
      ],
      "objLayer": 0,
      "props": {}
    },
    "bdt_t1_bomb_zone_03_aaa_point_02": {
      "type": "Point",
      "tm": [
        [
          0.99966,
          0.0,
          -0.02601
        ],
        [
          0.0,
          1.0,
          0.0
        ],
        [
          0.02601,
          0.0,
          0.99966
        ],
        [
          -4523.04,
          172.02,
          -5279.53
        ]
      ],
      "objLayer": 0,
      "props": {}
    },
    "bdt_t1_bomb_zone_03_aaa_point_03": {
      "type": "Point",
      "tm": [
        [
          0.99966,
          0.0,
          -0.02601
        ],
        [
          0.0,
          1.0,
          0.0
        ],
        [
          0.02601,
          0.0,
          0.99966
        ],
        [
          -4830.27,
          172.41,
          -5289.55
        ]
      ],
      "objLayer": 0,
      "props": {}
    },
    "bdt_t1_bomb_zone_03_aaa_point_04": {
      "type": "Point",
      "tm": [
        [
          0.99966,
          0.0,
          -0.02601
        ],
        [
          0.0,
          1.0,
          0.0
        ],
        [
          0.02601,
          0.0,
          0.99966
        ],
        [
          -4821.67,
          177.94,
          -5786.59
        ]
      ],
      "objLayer": 0,
      "props": {}
    },
    "bdt_t1_bomb_zone_04_aaa_point_01": {
      "type": "Point",
      "tm": [
        [
          0.990608,
          0.0,
          -0.136721
        ],
        [
          0.0,
          1.0,
          0.0
        ],
        [
          0.136721,
          0.0,
          0.990608
        ],
        [
          -12602.4,
          30.8832,
          12459.0
        ]
      ],
      "objLayer": 0,
      "props": {}
    },
    "bdt_t1_bomb_zone_04_aaa_point_02": {
      "type": "Point",
      "tm": [
        [
          0.990608,
          0.0,
          -0.136721
        ],
        [
          0.0,
          1.0,
          0.0
        ],
        [
          0.136721,
          0.0,
          0.990608
        ],
        [
          -13058.4,
          30.6442,
          12500.2
        ]
      ],
      "objLayer": 0,
      "props": {}
    },
    "bdt_t1_bomb_zone_04_aaa_point_03": {
      "type": "Point",
      "tm": [
        [
          0.990608,
          0.0,
          -0.136721
        ],
        [
          0.0,
          1.0,
          0.0
        ],
        [
          0.136721,
          0.0,
          0.990608
        ],
        [
          -12787.1,
          30.4872,
          12010.1
        ]
      ],
      "objLayer": 0,
      "props": {}
    },
    "bdt_t1_bomb_zone_04_aaa_point_04": {
      "type": "Point",
      "tm": [
        [
          0.990608,
          0.0,
          -0.136721
        ],
        [
          0.0,
          1.0,
          0.0
        ],
        [
          0.136721,
          0.0,
          0.990608
        ],
        [
          -13024.1,
          -9.25778,
          12069.6
        ]
      ],
      "objLayer": 0,
      "props": {}
    },
    "bdt_t2_bomb_zone_01_aaa_point_01": {
      "type": "Point",
      "tm": [
        [
          0.95321,
          0.0,
          0.302304
        ],
        [
          0.0,
          1.0,
          0.0
        ],
        [
          -0.302304,
          0.0,
          0.95321
        ],
        [
          10683.2,
          52.55,
          13592.5
        ]
      ],
      "objLayer": 0,
      "props": {}
    },
    "bdt_t2_bomb_zone_01_aaa_point_02": {
      "type": "Point",
      "tm": [
        [
          0.95321,
          0.0,
          0.302304
        ],
        [
          0.0,
          1.0,
          0.0
        ],
        [
          -0.302304,
          0.0,
          0.95321
        ],
        [
          10190.7,
          46.497,
          13490.9
        ]
      ],
      "objLayer": 0,
      "props": {}
    },
    "bdt_t2_bomb_zone_01_aaa_point_03": {
      "type": "Point",
      "tm": [
        [
          0.95321,
          0.0,
          0.302304
        ],
        [
          0.0,
          1.0,
          0.0
        ],
        [
          -0.302304,
          0.0,
          0.95321
        ],
        [
          10485.6,
          62.029,
          13277.6
        ]
      ],
      "objLayer": 0,
      "props": {}
    },
    "bdt_t2_bomb_zone_01_aaa_point_04": {
      "type": "Point",
      "tm": [
        [
          0.95321,
          0.0,
          0.302304
        ],
        [
          0.0,
          1.0,
          0.0
        ],
        [
          -0.302304,
          0.0,
          0.95321
        ],
        [
          10264.4,
          55.267,
          13334.9
        ]
      ],
      "objLayer": 0,
      "props": {}
    },
    "bdt_t2_bomb_zone_02_aaa_point_01": {
      "type": "Point",
      "tm": [
        [
          0.95321,
          0.0,
          0.302304
        ],
        [
          0.0,
          1.0,
          0.0
        ],
        [
          -0.302304,
          0.0,
          0.95321
        ],
        [
          5124.69,
          73.095,
          16944.8
        ]
      ],
      "objLayer": 0,
      "props": {}
    },
    "bdt_t2_bomb_zone_02_aaa_point_02": {
      "type": "Point",
      "tm": [
        [
          0.95321,
          0.0,
          0.302304
        ],
        [
          0.0,
          1.0,
          0.0
        ],
        [
          -0.302304,
          0.0,
          0.95321
        ],
        [
          4873.94,
          142.656,
          17073.3
        ]
      ],
      "objLayer": 0,
      "props": {}
    },
    "bdt_t2_bomb_zone_02_aaa_point_03": {
      "type": "Point",
      "tm": [
        [
          0.95321,
          0.0,
          0.302304
        ],
        [
          0.0,
          1.0,
          0.0
        ],
        [
          -0.302304,
          0.0,
          0.95321
        ],
        [
          5111.66,
          78.1386,
          16802.6
        ]
      ],
      "objLayer": 0,
      "props": {}
    },
    "bdt_t2_bomb_zone_02_aaa_point_04": {
      "type": "Point",
      "tm": [
        [
          0.95321,
          0.0,
          0.302304
        ],
        [
          0.0,
          1.0,
          0.0
        ],
        [
          -0.302304,
          0.0,
          0.95321
        ],
        [
          4973.9,
          125.788,
          16760.2
        ]
      ],
      "objLayer": 0,
      "props": {}
    },
    "bdt_t2_bomb_zone_03_aaa_point_01": {
      "type": "Point",
      "tm": [
        [
          0.980858,
          0.0,
          0.194719
        ],
        [
          0.0,
          1.0,
          0.0
        ],
        [
          -0.194719,
          0.0,
          0.980858
        ],
        [
          10385.1,
          15.9738,
          3285.63
        ]
      ],
      "objLayer": 0,
      "props": {}
    },
    "bdt_t2_bomb_zone_03_aaa_point_02": {
      "type": "Point",
      "tm": [
        [
          0.980858,
          0.0,
          0.194719
        ],
        [
          0.0,
          1.0,
          0.0
        ],
        [
          -0.194719,
          0.0,
          0.980858
        ],
        [
          10696.3,
          8.65529,
          3576.2
        ]
      ],
      "objLayer": 0,
      "props": {}
    },
    "bdt_t2_bomb_zone_03_aaa_point_03": {
      "type": "Point",
      "tm": [
        [
          0.980858,
          0.0,
          0.194719
        ],
        [
          0.0,
          1.0,
          0.0
        ],
        [
          -0.194719,
          0.0,
          0.980858
        ],
        [
          10416.7,
          15.4223,
          3588.73
        ]
      ],
      "objLayer": 0,
      "props": {}
    },
    "bdt_t2_bomb_zone_03_aaa_point_04": {
      "type": "Point",
      "tm": [
        [
          0.980858,
          0.0,
          0.194719
        ],
        [
          0.0,
          1.0,
          0.0
        ],
        [
          -0.194719,
          0.0,
          0.980858
        ],
        [
          10657.1,
          13.2163,
          3175.17
        ]
      ],
      "objLayer": 0,
      "props": {}
    },
    "bdt_t2_bomb_zone_04_aaa_point_01": {
      "type": "Point",
      "tm": [
        [
          0.980858,
          0.0,
          0.194719
        ],
        [
          0.0,
          1.0,
          0.0
        ],
        [
          -0.194719,
          0.0,
          0.980858
        ],
        [
          5656.0,
          82.7982,
          -5419.73
        ]
      ],
      "objLayer": 0,
      "props": {}
    },
    "bdt_t2_bomb_zone_04_aaa_point_02": {
      "type": "Point",
      "tm": [
        [
          0.980858,
          0.0,
          0.194719
        ],
        [
          0.0,
          1.0,
          0.0
        ],
        [
          -0.194719,
          0.0,
          0.980858
        ],
        [
          5497.74,
          80.7253,
          -5140.32
        ]
      ],
      "objLayer": 0,
      "props": {}
    },
    "bdt_t2_bomb_zone_04_aaa_point_03": {
      "type": "Point",
      "tm": [
        [
          0.980858,
          0.0,
          0.194719
        ],
        [
          0.0,
          1.0,
          0.0
        ],
        [
          -0.194719,
          0.0,
          0.980858
        ],
        [
          5399.04,
          81.6532,
          -5630.61
        ]
      ],
      "objLayer": 0,
      "props": {}
    },
    "bdt_t2_bomb_zone_04_aaa_point_04": {
      "type": "Point",
      "tm": [
        [
          0.980858,
          0.0,
          0.194719
        ],
        [
          0.0,
          1.0,
          0.0
        ],
        [
          -0.194719,
          0.0,
          0.980858
        ],
        [
          5142.02,
          80.0663,
          -5107.59
        ]
      ],
      "objLayer": 0,
      "props": {}
    },
    "bdt_t2_bomb_zone_05": {
      "type": "Sphere",
      "tm": [
        [
          443.475,
          0.0,
          76.3484
        ],
        [
          0.0,
          450.0,
          0.0
        ],
        [
          -76.3484,
          0.0,
          443.475
        ],
        [
          9702.03,
          55.8543,
          -5250.5
        ]
      ],
      "objLayer": 0,
      "props": {}
    },
    "bdt_t2_bomb_zone_06": {
      "type": "Sphere",
      "tm": [
        [
          443.475,
          0.0,
          76.3484
        ],
        [
          0.0,
          450.0,
          0.0
        ],
        [
          -76.3484,
          0.0,
          443.475
        ],
        [
          12472.7,
          208.702,
          -1089.41
        ]
      ],
      "objLayer": 0,
      "props": {}
    },
    "bdt_t2_bomb_zone_07": {
      "type": "Sphere",
      "tm": [
        [
          443.475,
          0.0,
          76.3484
        ],
        [
          0.0,
          450.0,
          0.0
        ],
        [
          -76.3484,
          0.0,
          443.475
        ],
        [
          9060.31,
          81.5204,
          -1083.98
        ]
      ],
      "objLayer": 0,
      "props": {}
    },
    "bdt_t2_bomb_zone_08": {
      "type": "Sphere",
      "tm": [
        [
          431.769,
          0.0,
          -126.786
        ],
        [
          0.0,
          450.0,
          0.0
        ],
        [
          126.786,
          0.0,
          431.769
        ],
        [
          8157.16,
          18.6762,
          15951.6
        ]
      ],
      "objLayer": 0,
      "props": {}
    },
    "bdt_t2_bomb_zone_09": {
      "type": "Sphere",
      "tm": [
        [
          431.769,
          0.0,
          -126.786
        ],
        [
          0.0,
          450.0,
          0.0
        ],
        [
          126.786,
          0.0,
          431.769
        ],
        [
          11504.2,
          57.7483,
          8345.25
        ]
      ],
      "objLayer": 0,
      "props": {}
    },
    "bdt_t2_bomb_zone_10": {
      "type": "Sphere",
      "tm": [
        [
          431.769,
          0.0,
          -126.786
        ],
        [
          0.0,
          450.0,
          0.0
        ],
        [
          126.786,
          0.0,
          431.769
        ],
        [
          7986.48,
          8.14456,
          11973.0
        ]
      ],
      "objLayer": 0,
      "props": {}
    },
    "bdt_t2_bomb_zone_05_aaa_point_01": {
      "type": "Point",
      "tm": [
        [
          0.980858,
          0.0,
          0.194719
        ],
        [
          0.0,
          1.0,
          0.0
        ],
        [
          -0.194719,
          0.0,
          0.980858
        ],
        [
          9429.73,
          56.1123,
          -5281.32
        ]
      ],
      "objLayer": 0,
      "props": {}
    },
    "bdt_t2_bomb_zone_05_aaa_point_02": {
      "type": "Point",
      "tm": [
        [
          0.980858,
          0.0,
          0.194719
        ],
        [
          0.0,
          1.0,
          0.0
        ],
        [
          -0.194719,
          0.0,
          0.980858
        ],
        [
          9597.28,
          55.2113,
          -5365.35
        ]
      ],
      "objLayer": 0,
      "props": {}
    },
    "bdt_t2_bomb_zone_05_aaa_point_03": {
      "type": "Point",
      "tm": [
        [
          0.980858,
          0.0,
          0.194719
        ],
        [
          0.0,
          1.0,
          0.0
        ],
        [
          -0.194719,
          0.0,
          0.980858
        ],
        [
          9988.96,
          56.4213,
          -5229.06
        ]
      ],
      "objLayer": 0,
      "props": {}
    },
    "bdt_t2_bomb_zone_05_aaa_point_04": {
      "type": "Point",
      "tm": [
        [
          0.980858,
          0.0,
          0.194719
        ],
        [
          0.0,
          1.0,
          0.0
        ],
        [
          -0.194719,
          0.0,
          0.980858
        ],
        [
          9867.89,
          57.1233,
          -5027.95
        ]
      ],
      "objLayer": 0,
      "props": {}
    },
    "bdt_t2_bomb_zone_06_aaa_point_01": {
      "type": "Point",
      "tm": [
        [
          0.980858,
          0.0,
          0.194719
        ],
        [
          0.0,
          1.0,
          0.0
        ],
        [
          -0.194719,
          0.0,
          0.980858
        ],
        [
          12351.7,
          203.994,
          -1404.32
        ]
      ],
      "objLayer": 0,
      "props": {}
    },
    "bdt_t2_bomb_zone_06_aaa_point_02": {
      "type": "Point",
      "tm": [
        [
          0.980858,
          0.0,
          0.194719
        ],
        [
          0.0,
          1.0,
          0.0
        ],
        [
          -0.194719,
          0.0,
          0.980858
        ],
        [
          12172.0,
          206.252,
          -1211.73
        ]
      ],
      "objLayer": 0,
      "props": {}
    },
    "bdt_t2_bomb_zone_06_aaa_point_03": {
      "type": "Point",
      "tm": [
        [
          0.980858,
          0.0,
          0.194719
        ],
        [
          0.0,
          1.0,
          0.0
        ],
        [
          -0.194719,
          0.0,
          0.980858
        ],
        [
          12422.5,
          210.227,
          -784.452
        ]
      ],
      "objLayer": 0,
      "props": {}
    },
    "bdt_t2_bomb_zone_06_aaa_point_04": {
      "type": "Point",
      "tm": [
        [
          0.980858,
          0.0,
          0.194719
        ],
        [
          0.0,
          1.0,
          0.0
        ],
        [
          -0.194719,
          0.0,
          0.980858
        ],
        [
          12760.6,
          206.001,
          -1165.3
        ]
      ],
      "objLayer": 0,
      "props": {}
    },
    "bdt_t2_bomb_zone_07_aaa_point_01": {
      "type": "Point",
      "tm": [
        [
          0.980858,
          0.0,
          0.194719
        ],
        [
          0.0,
          1.0,
          0.0
        ],
        [
          -0.194719,
          0.0,
          0.980858
        ],
        [
          9155.96,
          82.8224,
          -798.297
        ]
      ],
      "objLayer": 0,
      "props": {}
    },
    "bdt_t2_bomb_zone_07_aaa_point_02": {
      "type": "Point",
      "tm": [
        [
          0.980858,
          0.0,
          0.194719
        ],
        [
          0.0,
          1.0,
          0.0
        ],
        [
          -0.194719,
          0.0,
          0.980858
        ],
        [
          8945.17,
          75.5264,
          -1413.24
        ]
      ],
      "objLayer": 0,
      "props": {}
    },
    "bdt_t2_bomb_zone_07_aaa_point_03": {
      "type": "Point",
      "tm": [
        [
          0.980858,
          0.0,
          0.194719
        ],
        [
          0.0,
          1.0,
          0.0
        ],
        [
          -0.194719,
          0.0,
          0.980858
        ],
        [
          9382.55,
          70.6634,
          -1179.06
        ]
      ],
      "objLayer": 0,
      "props": {}
    },
    "bdt_t2_bomb_zone_07_aaa_point_04": {
      "type": "Point",
      "tm": [
        [
          0.980858,
          0.0,
          0.194719
        ],
        [
          0.0,
          1.0,
          0.0
        ],
        [
          -0.194719,
          0.0,
          0.980858
        ],
        [
          8802.97,
          80.0914,
          -775.487
        ]
      ],
      "objLayer": 0,
      "props": {}
    },
    "bdt_t2_bomb_zone_08_aaa_point_01": {
      "type": "Point",
      "tm": [
        [
          0.95321,
          0.0,
          0.302304
        ],
        [
          0.0,
          1.0,
          0.0
        ],
        [
          -0.302304,
          0.0,
          0.95321
        ],
        [
          7992.33,
          -37.4798,
          16215.0
        ]
      ],
      "objLayer": 0,
      "props": {}
    },
    "bdt_t2_bomb_zone_08_aaa_point_02": {
      "type": "Point",
      "tm": [
        [
          0.95321,
          0.0,
          0.302304
        ],
        [
          0.0,
          1.0,
          0.0
        ],
        [
          -0.302304,
          0.0,
          0.95321
        ],
        [
          8048.51,
          19.8793,
          15711.1
        ]
      ],
      "objLayer": 0,
      "props": {}
    },
    "bdt_t2_bomb_zone_08_aaa_point_03": {
      "type": "Point",
      "tm": [
        [
          0.95321,
          0.0,
          0.302304
        ],
        [
          0.0,
          1.0,
          0.0
        ],
        [
          -0.302304,
          0.0,
          0.95321
        ],
        [
          8373.15,
          17.4512,
          15807.9
        ]
      ],
      "objLayer": 0,
      "props": {}
    },
    "bdt_t2_bomb_zone_08_aaa_point_04": {
      "type": "Point",
      "tm": [
        [
          0.95321,
          0.0,
          0.302304
        ],
        [
          0.0,
          1.0,
          0.0
        ],
        [
          -0.302304,
          0.0,
          0.95321
        ],
        [
          8414.76,
          20.5673,
          16039.4
        ]
      ],
      "objLayer": 0,
      "props": {}
    },
    "bdt_t2_bomb_zone_09_aaa_point_01": {
      "type": "Point",
      "tm": [
        [
          0.95321,
          0.0,
          0.302304
        ],
        [
          0.0,
          1.0,
          0.0
        ],
        [
          -0.302304,
          0.0,
          0.95321
        ],
        [
          11076.3,
          57.4393,
          8451.87
        ]
      ],
      "objLayer": 0,
      "props": {}
    },
    "bdt_t2_bomb_zone_09_aaa_point_02": {
      "type": "Point",
      "tm": [
        [
          0.95321,
          0.0,
          0.302304
        ],
        [
          0.0,
          1.0,
          0.0
        ],
        [
          -0.302304,
          0.0,
          0.95321
        ],
        [
          11622.8,
          48.9272,
          8019.95
        ]
      ],
      "objLayer": 0,
      "props": {}
    },
    "bdt_t2_bomb_zone_09_aaa_point_03": {
      "type": "Point",
      "tm": [
        [
          0.95321,
          0.0,
          0.302304
        ],
        [
          0.0,
          1.0,
          0.0
        ],
        [
          -0.302304,
          0.0,
          0.95321
        ],
        [
          11292.7,
          63.1343,
          8795.67
        ]
      ],
      "objLayer": 0,
      "props": {}
    },
    "bdt_t2_bomb_zone_09_aaa_point_04": {
      "type": "Point",
      "tm": [
        [
          0.95321,
          0.0,
          0.302304
        ],
        [
          0.0,
          1.0,
          0.0
        ],
        [
          -0.302304,
          0.0,
          0.95321
        ],
        [
          11834.8,
          49.5213,
          8113.0
        ]
      ],
      "objLayer": 0,
      "props": {}
    },
    "bdt_t2_bomb_zone_10_aaa_point_01": {
