{
  "selected_tag": "",
  "bin_dump_file": "",
  "mission_settings": {
    "player": {
      "army": 1
    },
    "player_teamB": {
      "army": 2
    },
    "mission": {
      "level": "levels/air_smolensk.bin",
      "type": "domination",
      "environment": "Day",
      "weather": "hazy",
      "restoreType": "attempts",
      "optionalTakeOff": false
    }
  },
  "imports": {},
  "triggers": {
    "isCategory": true,
    "is_enabled": true
  },
  "mission_objectives": {
    "isCategory": true,
    "is_enabled": true
  },
  "variables": {},
  "dialogs": {},
  "airfields": {},
  "effects": {},
  "units": {
    "objectGroups": [
      {
        "name": "bdt_t1_bomb_object_01",
        "tm": [
          [
            0.745259,
            0.0,
            -0.666772
          ],
          [
            0.0,
            1.0,
            0.0
          ],
          [
            0.666772,
            0.0,
            0.745259
          ],
          [
            -8703.05,
            195.071,
            6704.54
          ]
        ],
        "unit_class": "dynBase_hq_camp_square",
        "objLayer": 2,
        "props": {
          "army": 2,
          "active": false
        }
      },
      {
        "name": "bdt_t1_bomb_object_02",
        "tm": [
          [
            0.208753,
            0.0,
            -0.977971
          ],
          [
            0.0,
            1.0,
            0.0
          ],
          [
            0.977971,
            0.0,
            0.208753
          ],
          [
            -12156.3,
            130.99,
            5242.75
          ]
        ],
        "unit_class": "dynBase_fuel_storage_square",
        "objLayer": 2,
        "props": {
          "army": 2,
          "active": false
        }
      },
      {
        "name": "bdt_t1_bomb_object_03",
        "tm": [
          [
            0.890617,
            0.0,
            0.454759
          ],
          [
            0.0,
            1.0,
            0.0
          ],
          [
            -0.454759,
            0.0,
            0.890617
          ],
          [
            -4629.63,
            253.537,
            -3962.11
          ]
        ],
        "unit_class": "dynBase_oil_storage_small_square",
        "objLayer": 2,
        "props": {
          "army": 2,
          "active": false
        }
      },
      {
        "name": "bdt_t2_bomb_object_01",
        "tm": [
          [
            0.95949,
            0.0,
            -0.281742
          ],
          [
            0.0,
            1.0,
            0.0
          ],
          [
            0.281742,
            0.0,
            0.95949
          ],
          [
            10851.4,
            28.6511,
            11670.0
          ]
        ],
        "unit_class": "dynBase_fuel_storage_square",
        "objLayer": 2,
        "props": {
          "army": 1,
          "active": false
        }
      },
      {
        "name": "bdt_t2_bomb_object_02",
        "tm": [
          [
            0.897751,
            0.0,
            0.4405
          ],
          [
            0.0,
            1.0,
            0.0
          ],
          [
            -0.4405,
            0.0,
            0.897751
          ],
          [
            2715.71,
            49.0054,
            13938.2
          ]
        ],
        "unit_class": "dynBase_small_factory_square",
        "objLayer": 2,
        "props": {
          "army": 1,
          "active": false
        }
      },
      {
        "name": "bdt_t2_bomb_object_03",
        "tm": [
          [
            0.846801,
            0.0,
            0.531909
          ],
          [
            0.0,
            1.0,
            0.0
          ],
          [
            -0.531909,
            0.0,
            0.846801
          ],
          [
            7829.66,
            166.534,
            2389.87
          ]
        ],
        "unit_class": "dynBase_oil_storage_small_square",
        "objLayer": 2,
        "props": {
          "army": 1,
          "active": false
        }
      },
      {
        "name": "bdt_t1_bomb_object_04",
        "tm": [
          [
            0.992928,
            0.0,
            -0.118721
          ],
          [
            0.0,
            1.0,
            0.0
          ],
          [
            0.118721,
            0.0,
            0.992928
          ],
          [
            -11683.2,
            35.7332,
            10524.6
          ]
        ],
        "unit_class": "dynBase_small_factory_square",
        "objLayer": 2,
        "props": {
          "army": 2,
          "active": false
        }
      },
      {
        "name": "bdt_t2_bomb_object_04",
        "tm": [
          [
            0.97941,
            0.0,
            0.201882
          ],
          [
            0.0,
            1.0,
            0.0
          ],
          [
            -0.201882,
            0.0,
            0.97941
          ],
          [
            3220.81,
            107.668,
            -3668.78
          ]
        ],
        "unit_class": "dynBase_field_camp_square",
        "objLayer": 2,
        "props": {
          "army": 1,
          "active": false
        }
      },
      {
        "name": "bdt_t2_bomb_object_05",
        "tm": [
          [
            0.97941,
            0.0,
            0.201882
          ],
          [
            0.0,
            1.0,
            0.0
          ],
          [
            -0.201882,
            0.0,
            0.97941
          ],
          [
            6363.15,
            124.337,
            -1777.21
          ]
        ],
        "unit_class": "dynBase_military_base_square",
        "objLayer": 2,
        "props": {
          "army": 1,
          "active": false
        }
      },
      {
        "name": "bdt_t2_bomb_object_06",
        "tm": [
          [
            0.97941,
            0.0,
            0.201882
          ],
          [
            0.0,
            1.0,
            0.0
          ],
          [
            -0.201882,
            0.0,
            0.97941
          ],
          [
            10597.1,
            122.96,
            -675.753
          ]
        ],
        "unit_class": "dynBase_oil_storage_large_square",
        "objLayer": 2,
        "props": {
          "army": 1,
          "active": false
        }
      },
      {
        "name": "bdt_t2_bomb_object_07",
        "tm": [
          [
            0.97941,
            0.0,
            0.201882
          ],
          [
            0.0,
            1.0,
            0.0
          ],
          [
            -0.201882,
            0.0,
            0.97941
          ],
          [
            8666.12,
            44.5461,
            -4258.77
          ]
        ],
        "unit_class": "dynBase_oil_storage_large_square",
        "objLayer": 2,
        "props": {
          "army": 1,
          "active": false
        }
      },
      {
        "name": "bdt_t2_bomb_object_08",
        "tm": [
          [
            0.95949,
            0.0,
            -0.281742
          ],
          [
            0.0,
            1.0,
            0.0
          ],
          [
            0.281742,
            0.0,
            0.95949
          ],
          [
            5665.39,
            73.3368,
            11338.5
          ]
        ],
        "unit_class": "dynBase_small_factory_square",
        "objLayer": 2,
        "props": {
          "army": 1,
          "active": false
        }
      },
      {
        "name": "bdt_t2_bomb_object_09",
        "tm": [
          [
            0.95949,
            0.0,
            -0.281742
          ],
          [
            0.0,
            1.0,
            0.0
          ],
          [
            0.281742,
            0.0,
            0.95949
          ],
          [
            8508.98,
            33.955,
            7556.77
          ]
        ],
        "unit_class": "dynBase_petrol_camp_square",
        "objLayer": 2,
        "props": {
          "army": 1,
          "active": false
        }
      },
      {
        "name": "bdt_t2_bomb_object_10",
        "tm": [
          [
            0.95949,
            0.0,
            -0.281742
          ],
          [
            0.0,
            1.0,
            0.0
          ],
          [
            0.281742,
            0.0,
            0.95949
          ],
          [
            6478.3,
            34.2048,
            14600.6
          ]
        ],
        "unit_class": "dynBase_petrol_camp_square",
        "objLayer": 2,
        "props": {
          "army": 1,
          "active": false
        }
      },
      {
        "name": "bdt_t1_bomb_object_05",
        "tm": [
          [
            0.992928,
            0.0,
            -0.118721
          ],
          [
            0.0,
            1.0,
            0.0
          ],
          [
            0.118721,
            0.0,
            0.992928
          ],
          [
            -9484.64,
            56.4713,
            13656.1
          ]
        ],
        "unit_class": "dynBase_petrol_camp_square",
        "objLayer": 2,
        "props": {
          "army": 2,
          "active": false
        }
      },
      {
        "name": "bdt_t1_bomb_object_06",
        "tm": [
          [
            0.932518,
            0.0,
            0.361125
          ],
          [
            0.0,
            1.0,
            0.0
          ],
          [
            -0.361125,
            0.0,
            0.932518
          ],
          [
            -5191.14,
            52.4609,
            13638.0
          ]
        ],
        "unit_class": "dynBase_military_base_square",
        "objLayer": 2,
        "props": {
          "army": 2,
          "active": false
        }
      },
      {
        "name": "bdt_t1_bomb_object_07",
        "tm": [
          [
            0.992928,
            0.0,
            -0.118721
          ],
          [
            0.0,
            1.0,
            0.0
          ],
          [
            0.118721,
            0.0,
            0.992928
          ],
          [
            -8330.44,
            66.6349,
            11009.2
          ]
        ],
        "unit_class": "dynBase_fuel_storage_square",
        "objLayer": 2,
        "props": {
          "army": 2,
          "active": false
        }
      },
      {
        "name": "bdt_t1_bomb_object_08",
        "tm": [
          [
            0.890617,
            0.0,
            0.454759
          ],
          [
            0.0,
            1.0,
            0.0
          ],
          [
            -0.454759,
            0.0,
            0.890617
          ],
          [
            -10770.0,
            43.5366,
            -3602.28
          ]
        ],
        "unit_class": "dynBase_ammunition_storage_square",
        "objLayer": 2,
        "props": {
          "army": 2,
          "active": false
        }
      },
      {
        "name": "bdt_t1_bomb_object_09",
        "tm": [
          [
            0.890617,
            0.0,
            0.454759
          ],
          [
            0.0,
            1.0,
            0.0
          ],
          [
            -0.454759,
            0.0,
            0.890617
          ],
          [
            -7088.03,
            52.3676,
            -3343.12
          ]
        ],
        "unit_class": "dynBase_field_camp_square",
        "objLayer": 2,
        "props": {
          "army": 2,
          "active": false
        }
      },
      {
        "name": "bdt_t1_bomb_object_10",
        "tm": [
          [
            0.890617,
            0.0,
            0.454759
          ],
          [
            0.0,
            1.0,
            0.0
          ],
          [
            -0.454759,
            0.0,
            0.890617
          ],
          [
            -9277.58,
            13.3007,
            2083.33
          ]
        ],
        "unit_class": "dynBase_oil_storage_small_square",
        "objLayer": 2,
        "props": {
          "army": 2,
          "active": false
        }
      }
    ]
  },
  "areas": {
    "bdt_t1_bomb_zone_01": {
      "type": "Sphere",
      "tm": [
        [
          335.368,
          0.0,
          -300.048
        ],
        [
          0.0,
          450.0,
          0.0
        ],
        [
          300.048,
          0.0,
          335.368
        ],
        [
          -8709.28,
          195.142,
          6701.19
        ]
      ],
      "objLayer": 0,
      "props": {}
    },
    "bdt_t1_bomb_zone_02": {
      "type": "Sphere",
      "tm": [
        [
          366.578,
          0.0,
          -261.002
        ],
        [
          0.0,
          450.0,
          0.0
        ],
        [
          261.002,
          0.0,
          366.578
        ],
        [
          -12137.3,
          131.31,
          5253.1
        ]
      ],
      "objLayer": 0,
      "props": {}
    },
    "bdt_t1_bomb_zone_03": {
      "type": "Sphere",
      "tm": [
        [
          400.777,
          0.0,
          204.639
        ],
        [
          0.0,
          450.0,
          0.0
        ],
        [
          -204.639,
          0.0,
          400.777
        ],
        [
          -4638.1,
          253.487,
          -3957.17
        ]
      ],
      "objLayer": 0,
      "props": {}
    },
    "bdt_t2_bomb_zone_01": {
      "type": "Sphere",
      "tm": [
        [
          431.769,
          0.0,
          -126.785
        ],
        [
          0.0,
          450.0,
          0.0
        ],
        [
          126.785,
          0.0,
          431.769
        ],
        [
          10864.2,
          28.6931,
          11669.5
        ]
      ],
      "objLayer": 0,
      "props": {}
    },
    "bdt_t2_bomb_zone_02": {
      "type": "Sphere",
      "tm": [
        [
          437.316,
          0.0,
          106.087
        ],
        [
          0.0,
          450.0,
          0.0
        ],
        [
          -106.087,
          0.0,
          437.316
        ],
        [
          2719.35,
          47.5204,
          13941.2
        ]
      ],
      "objLayer": 0,
      "props": {}
    },
    "bdt_t2_bomb_zone_03": {
      "type": "Sphere",
      "tm": [
        [
          443.475,
          0.0,
          76.3484
        ],
        [
          0.0,
          450.0,
          0.0
        ],
        [
          -76.3484,
          0.0,
          443.475
        ],
        [
          7835.14,
          166.403,
          2391.42
        ]
      ],
      "objLayer": 0,
      "props": {}
    },
    "bdt_t1_bomb_zone_04": {
      "type": "Sphere",
      "tm": [
        [
          446.816,
          0.0,
          -53.4248
        ],
        [
          0.0,
          450.0,
          0.0
        ],
        [
          53.4248,
          0.0,
          446.816
        ],
        [
          -11675.7,
          35.6672,
          10522.0
        ]
      ],
      "objLayer": 0,
      "props": {}
    },
    "bdt_t2_bomb_zone_04": {
      "type": "Sphere",
      "tm": [
        [
          443.475,
          0.0,
          76.3484
        ],
        [
          0.0,
          450.0,
          0.0
        ],
        [
          -76.3484,
          0.0,
          443.475
        ],
        [
          3220.1,
          107.635,
          -3663.07
        ]
      ],
      "objLayer": 0,
      "props": {}
    },
    "bdt_t1_bomb_zone_01_aaa_point_01": {
      "type": "Point",
      "tm": [
        [
          0.990609,
          0.0,
          -0.136721
        ],
        [
          0.0,
          1.0,
          0.0
        ],
        [
          0.136721,
          0.0,
          0.990609
        ],
        [
          -8713.36,
          197.274,
          6475.8
        ]
      ],
      "objLayer": 0,
      "props": {}
    },
    "bdt_t1_bomb_zone_01_aaa_point_02": {
      "type": "Point",
      "tm": [
        [
          0.990609,
          0.0,
          -0.136721
        ],
        [
          0.0,
          1.0,
          0.0
        ],
        [
          0.136721,
          0.0,
          0.990609
        ],
        [
          -8809.55,
          196.9,
          6975.65
        ]
      ],
      "objLayer": 0,
      "props": {}
    },
    "bdt_t1_bomb_zone_01_aaa_point_03": {
      "type": "Point",
      "tm": [
        [
          0.990609,
          0.0,
          -0.136721
        ],
        [
          0.0,
          1.0,
          0.0
        ],
        [
          0.136721,
          0.0,
          0.990609
        ],
        [
          -8690.83,
          195.483,
          6967.41
        ]
      ],
      "objLayer": 0,
      "props": {}
    },
    "bdt_t1_bomb_zone_01_aaa_point_04": {
      "type": "Point",
      "tm": [
        [
          0.990609,
          0.0,
          -0.136721
        ],
        [
          0.0,
          1.0,
          0.0
        ],
        [
          0.136721,
          0.0,
          0.990609
        ],
        [
          -8306.48,
          191.745,
          6938.13
        ]
      ],
      "objLayer": 0,
      "props": {}
    },
    "bdt_t1_bomb_zone_02_aaa_point_01": {
      "type": "Point",
      "tm": [
        [
          0.99966,
          0.0,
          -0.0260099
        ],
        [
          0.0,
          1.0,
          0.0
        ],
        [
          0.0260099,
          0.0,
          0.99966
        ],
        [
          -12339.7,
          128.67,
          5108.96
        ]
      ],
      "objLayer": 0,
      "props": {}
    },
    "bdt_t1_bomb_zone_02_aaa_point_02": {
      "type": "Point",
      "tm": [
        [
          0.99966,
          0.0,
          -0.0260099
        ],
        [
          0.0,
          1.0,
          0.0
        ],
        [
          0.0260099,
          0.0,
          0.99966
        ],
        [
          -11985.3,
          120.809,
          5337.27
        ]
      ],
      "objLayer": 0,
      "props": {}
    },
    "bdt_t1_bomb_zone_02_aaa_point_03": {
      "type": "Point",
      "tm": [
        [
          0.99966,
          0.0,
          -0.0260099
        ],
        [
          0.0,
          1.0,
          0.0
        ],
        [
          0.0260099,
          0.0,
          0.99966
        ],
        [
          -12379.4,
          134.32,
          5313.96
        ]
      ],
      "objLayer": 0,
      "props": {}
    },
    "bdt_t1_bomb_zone_02_aaa_point_04": {
      "type": "Point",
      "tm": [
        [
          0.99966,
          0.0,
          -0.0260099
        ],
        [
          0.0,
          1.0,
          0.0
        ],
        [
          0.0260099,
          0.0,
          0.99966
        ],
        [
          -11912.3,
          128.6,
          5208.13
        ]
      ],
      "objLayer": 0,
      "props": {}
    },
    "bdt_t1_bomb_zone_03_aaa_point_01": {
      "type": "Point",
      "tm": [
        [
          0.99966,
          0.0,
          -0.0260099
        ],
        [
          0.0,
          1.0,
          0.0
        ],
        [
          0.0260099,
          0.0,
          0.99966
        ],
        [
          -4322.11,
          256.287,
          -3814.46
        ]
      ],
      "objLayer": 0,
      "props": {}
    },
    "bdt_t1_bomb_zone_03_aaa_point_02": {
      "type": "Point",
      "tm": [
        [
          0.99966,
          0.0,
          -0.0260099
        ],
        [
          0.0,
          1.0,
          0.0
        ],
        [
          0.0260099,
          0.0,
          0.99966
        ],
        [
          -4520.74,
          250.227,
          -3689.12
        ]
      ],
      "objLayer": 0,
      "props": {}
    },
    "bdt_t1_bomb_zone_03_aaa_point_03": {
      "type": "Point",
      "tm": [
        [
          0.99966,
          0.0,
          -0.0260099
        ],
        [
          0.0,
          1.0,
          0.0
        ],
        [
          0.0260099,
          0.0,
          0.99966
        ],
        [
          -4862.8,
          261.326,
          -3781.1
        ]
      ],
      "objLayer": 0,
      "props": {}
    },
    "bdt_t1_bomb_zone_03_aaa_point_04": {
      "type": "Point",
      "tm": [
        [
          0.99966,
          0.0,
          -0.0260099
        ],
        [
          0.0,
          1.0,
          0.0
        ],
        [
          0.0260099,
          0.0,
          0.99966
        ],
        [
          -4953.54,
          265.249,
          -4003.13
        ]
      ],
      "objLayer": 0,
      "props": {}
    },
    "bdt_t1_bomb_zone_04_aaa_point_01": {
      "type": "Point",
      "tm": [
        [
          0.990609,
          0.0,
          -0.136721
        ],
        [
          0.0,
          1.0,
          0.0
        ],
        [
          0.136721,
          0.0,
          0.990609
        ],
        [
          -11407.2,
          31.5202,
          10717.7
        ]
      ],
      "objLayer": 0,
      "props": {}
    },
    "bdt_t1_bomb_zone_04_aaa_point_02": {
      "type": "Point",
      "tm": [
        [
          0.990609,
          0.0,
          -0.136721
        ],
        [
          0.0,
          1.0,
          0.0
        ],
        [
          0.136721,
          0.0,
          0.990609
        ],
        [
          -11863.2,
          31.2812,
          10759.0
        ]
      ],
      "objLayer": 0,
      "props": {}
    },
    "bdt_t1_bomb_zone_04_aaa_point_03": {
      "type": "Point",
      "tm": [
        [
          0.990609,
          0.0,
          -0.136721
        ],
        [
          0.0,
          1.0,
          0.0
        ],
        [
          0.136721,
          0.0,
          0.990609
        ],
        [
          -11592.0,
          31.1242,
          10268.9
        ]
      ],
      "objLayer": 0,
      "props": {}
    },
    "bdt_t1_bomb_zone_04_aaa_point_04": {
      "type": "Point",
      "tm": [
        [
          0.990609,
          0.0,
          -0.136721
        ],
        [
          0.0,
          1.0,
          0.0
        ],
        [
          0.136721,
          0.0,
          0.990609
        ],
        [
          -11829.0,
          -8.62079,
          10328.4
        ]
      ],
      "objLayer": 0,
      "props": {}
    },
    "bdt_t2_bomb_zone_01_aaa_point_01": {
      "type": "Point",
      "tm": [
        [
          0.953211,
          0.0,
          0.302305
        ],
        [
          0.0,
          1.0,
          0.0
        ],
        [
          -0.302305,
          0.0,
          0.953211
        ],
        [
          11104.0,
          32.0751,
          11755.0
        ]
      ],
      "objLayer": 0,
      "props": {}
    },
    "bdt_t2_bomb_zone_01_aaa_point_02": {
      "type": "Point",
      "tm": [
        [
          0.953211,
          0.0,
          0.302305
        ],
        [
          0.0,
          1.0,
          0.0
        ],
        [
          -0.302305,
          0.0,
          0.953211
        ],
        [
          10611.5,
          26.0221,
          11653.5
        ]
      ],
      "objLayer": 0,
      "props": {}
    },
    "bdt_t2_bomb_zone_01_aaa_point_03": {
      "type": "Point",
      "tm": [
        [
          0.953211,
          0.0,
          0.302305
        ],
        [
          0.0,
          1.0,
          0.0
        ],
        [
          -0.302305,
          0.0,
          0.953211
        ],
        [
          10906.4,
          41.5541,
          11440.1
        ]
      ],
      "objLayer": 0,
      "props": {}
    },
    "bdt_t2_bomb_zone_01_aaa_point_04": {
      "type": "Point",
      "tm": [
        [
          0.953211,
          0.0,
          0.302305
        ],
        [
          0.0,
          1.0,
          0.0
        ],
        [
          -0.302305,
          0.0,
          0.953211
        ],
        [
          10685.2,
          34.7921,
          11497.4
        ]
      ],
      "objLayer": 0,
      "props": {}
    },
    "bdt_t2_bomb_zone_02_aaa_point_01": {
      "type": "Point",
      "tm": [
        [
          0.953211,
          0.0,
          0.302305
        ],
        [
          0.0,
          1.0,
          0.0
        ],
        [
          -0.302305,
          0.0,
          0.953211
        ],
        [
          2741.97,
          45.2614,
          14206.3
        ]
      ],
      "objLayer": 0,
      "props": {}
    },
    "bdt_t2_bomb_zone_02_aaa_point_02": {
      "type": "Point",
      "tm": [
        [
          0.953211,
          0.0,
          0.302305
        ],
        [
          0.0,
          1.0,
          0.0
        ],
        [
          -0.302305,
          0.0,
          0.953211
        ],
        [
          2519.51,
          114.822,
          14038.2
        ]
      ],
      "objLayer": 0,
      "props": {}
    },
    "bdt_t2_bomb_zone_02_aaa_point_03": {
      "type": "Point",
      "tm": [
        [
          0.953211,
          0.0,
          0.302305
        ],
        [
          0.0,
          1.0,
          0.0
        ],
        [
          -0.302305,
          0.0,
          0.953211
        ],
        [
          2901.53,
          75.9443,
          13665.3
        ]
      ],
      "objLayer": 0,
      "props": {}
    },
    "bdt_t2_bomb_zone_02_aaa_point_04": {
      "type": "Point",
      "tm": [
        [
          0.953211,
          0.0,
          0.302305
        ],
        [
          0.0,
          1.0,
          0.0
        ],
        [
          -0.302305,
          0.0,
          0.953211
        ],
        [
          2465.44,
          123.594,
          13826.1
        ]
      ],
      "objLayer": 0,
      "props": {}
    },
    "bdt_t2_bomb_zone_03_aaa_point_01": {
      "type": "Point",
      "tm": [
        [
          0.980859,
          0.0,
          0.19472
        ],
        [
          0.0,
          1.0,
          0.0
        ],
        [
          -0.19472,
          0.0,
          0.980859
        ],
        [
          7681.87,
          170.774,
          2124.55
        ]
      ],
      "objLayer": 0,
      "props": {}
    },
    "bdt_t2_bomb_zone_03_aaa_point_02": {
      "type": "Point",
      "tm": [
        [
          0.980859,
          0.0,
          0.19472
        ],
        [
          0.0,
          1.0,
          0.0
        ],
        [
          -0.19472,
          0.0,
          0.980859
        ],
        [
          7942.72,
          163.456,
          2608.35
        ]
      ],
      "objLayer": 0,
      "props": {}
    },
    "bdt_t2_bomb_zone_03_aaa_point_03": {
      "type": "Point",
      "tm": [
        [
          0.980859,
          0.0,
          0.19472
        ],
        [
          0.0,
          1.0,
          0.0
        ],
        [
          -0.19472,
          0.0,
          0.980859
        ],
        [
          7663.08,
          170.223,
          2620.87
        ]
      ],
      "objLayer": 0,
      "props": {}
    },
    "bdt_t2_bomb_zone_03_aaa_point_04": {
      "type": "Point",
      "tm": [
        [
          0.980859,
          0.0,
          0.19472
        ],
        [
          0.0,
          1.0,
          0.0
        ],
        [
          -0.19472,
          0.0,
          0.980859
        ],
        [
          8056.49,
          168.017,
          2253.34
        ]
      ],
      "objLayer": 0,
      "props": {}
    },
    "bdt_t2_bomb_zone_04_aaa_point_01": {
      "type": "Point",
      "tm": [
        [
          0.980859,
          0.0,
          0.19472
        ],
        [
          0.0,
          1.0,
          0.0
        ],
        [
          -0.19472,
          0.0,
          0.980859
        ],
        [
          3527.78,
          146.039,
          -3738.66
        ]
      ],
      "objLayer": 0,
      "props": {}
    },
    "bdt_t2_bomb_zone_04_aaa_point_02": {
      "type": "Point",
      "tm": [
        [
          0.980859,
          0.0,
          0.19472
        ],
        [
          0.0,
          1.0,
          0.0
        ],
        [
          -0.19472,
          0.0,
          0.980859
        ],
        [
          3369.5,
          107.752,
          -3459.21
        ]
      ],
      "objLayer": 0,
      "props": {}
    },
    "bdt_t2_bomb_zone_04_aaa_point_03": {
      "type": "Point",
      "tm": [
        [
          0.980859,
          0.0,
          0.19472
        ],
        [
          0.0,
          1.0,
          0.0
        ],
        [
          -0.19472,
          0.0,
          0.980859
        ],
        [
          3270.81,
          144.894,
          -3949.49
        ]
      ],
      "objLayer": 0,
      "props": {}
    },
    "bdt_t2_bomb_zone_04_aaa_point_04": {
      "type": "Point",
      "tm": [
        [
          0.980859,
          0.0,
          0.19472
        ],
        [
          0.0,
          1.0,
          0.0
        ],
        [
          -0.19472,
          0.0,
          0.980859
        ],
        [
          3013.8,
          107.093,
          -3426.5
        ]
      ],
      "objLayer": 0,
      "props": {}
    },
    "bdt_t2_bomb_zone_05": {
      "type": "Sphere",
      "tm": [
        [
          443.475,
          0.0,
          76.3484
        ],
        [
          0.0,
          450.0,
          0.0
        ],
        [
          -76.3484,
          0.0,
          443.475
        ],
        [
          6362.33,
          124.359,
          -1771.37
        ]
      ],
      "objLayer": 0,
      "props": {}
    },
    "bdt_t2_bomb_zone_06": {
      "type": "Sphere",
      "tm": [
        [
          443.475,
          0.0,
          76.3484
        ],
        [
          0.0,
          450.0,
          0.0
        ],
        [
          -76.3484,
          0.0,
          443.475
        ],
        [
          10596.4,
          142.864,
          -670.07
        ]
      ],
      "objLayer": 0,
      "props": {}
    },
    "bdt_t2_bomb_zone_07": {
      "type": "Sphere",
      "tm": [
        [
          443.475,
          0.0,
          76.3484
        ],
        [
          0.0,
          450.0,
          0.0
        ],
        [
          -76.3484,
          0.0,
          443.475
        ],
        [
          8665.39,
          52.4099,
          -4252.88
        ]
      ],
      "objLayer": 0,
      "props": {}
    },
    "bdt_t2_bomb_zone_08": {
      "type": "Sphere",
      "tm": [
        [
          431.769,
          0.0,
          -126.785
        ],
        [
          0.0,
          450.0,
          0.0
        ],
        [
          126.785,
          0.0,
          431.769
        ],
        [
          5678.07,
          73.7558,
          11337.9
        ]
      ],
      "objLayer": 0,
      "props": {}
    },
    "bdt_t2_bomb_zone_09": {
      "type": "Sphere",
      "tm": [
        [
          431.769,
          0.0,
          -126.785
        ],
        [
          0.0,
          450.0,
          0.0
        ],
        [
          126.785,
          0.0,
          431.769
        ],
        [
          8521.42,
          34.2459,
          7556.23
        ]
      ],
      "objLayer": 0,
      "props": {}
    },
    "bdt_t2_bomb_zone_10": {
      "type": "Sphere",
      "tm": [
        [
          431.769,
          0.0,
          -126.785
        ],
        [
          0.0,
          450.0,
          0.0
        ],
        [
          126.785,
          0.0,
          431.769
        ],
        [
          6490.98,
          48.5099,
          14600.0
        ]
      ],
      "objLayer": 0,
      "props": {}
    },
    "bdt_t2_bomb_zone_05_aaa_point_01": {
      "type": "Point",
      "tm": [
        [
          0.980859,
          0.0,
          0.19472
        ],
        [
          0.0,
          1.0,
          0.0
        ],
        [
          -0.19472,
          0.0,
          0.980859
        ],
        [
          6090.03,
          124.617,
          -1802.2
        ]
      ],
      "objLayer": 0,
      "props": {}
    },
    "bdt_t2_bomb_zone_05_aaa_point_02": {
      "type": "Point",
      "tm": [
        [
          0.980859,
          0.0,
          0.19472
        ],
        [
          0.0,
          1.0,
          0.0
        ],
        [
          -0.19472,
          0.0,
          0.980859
        ],
        [
          6257.58,
          123.716,
          -1886.24
        ]
      ],
      "objLayer": 0,
      "props": {}
    },
    "bdt_t2_bomb_zone_05_aaa_point_03": {
      "type": "Point",
      "tm": [
        [
          0.980859,
          0.0,
          0.19472
        ],
        [
          0.0,
          1.0,
          0.0
        ],
        [
          -0.19472,
          0.0,
          0.980859
        ],
        [
          6649.26,
          124.926,
          -1749.93
        ]
      ],
      "objLayer": 0,
      "props": {}
    },
    "bdt_t2_bomb_zone_05_aaa_point_04": {
      "type": "Point",
      "tm": [
        [
          0.980859,
          0.0,
          0.19472
        ],
        [
          0.0,
          1.0,
          0.0
        ],
        [
          -0.19472,
          0.0,
          0.980859
        ],
        [
          6528.2,
          125.628,
          -1548.84
        ]
      ],
      "objLayer": 0,
      "props": {}
    },
    "bdt_t2_bomb_zone_06_aaa_point_01": {
      "type": "Point",
      "tm": [
        [
          0.980859,
          0.0,
          0.19472
        ],
        [
          0.0,
          1.0,
          0.0
        ],
        [
          -0.19472,
          0.0,
          0.980859
        ],
        [
          10475.4,
          154.524,
          -984.963
        ]
      ],
      "objLayer": 0,
      "props": {}
    },
    "bdt_t2_bomb_zone_06_aaa_point_02": {
      "type": "Point",
      "tm": [
        [
          0.980859,
          0.0,
          0.19472
        ],
        [
          0.0,
          1.0,
          0.0
        ],
        [
          -0.19472,
          0.0,
          0.980859
        ],
        [
          10295.6,
          156.782,
          -792.273
        ]
      ],
      "objLayer": 0,
      "props": {}
    },
    "bdt_t2_bomb_zone_06_aaa_point_03": {
      "type": "Point",
      "tm": [
        [
          0.980859,
          0.0,
          0.19472
        ],
        [
          0.0,
          1.0,
          0.0
        ],
        [
          -0.19472,
          0.0,
          0.980859
        ],
        [
          10546.2,
          160.757,
          -364.988
        ]
      ],
      "objLayer": 0,
      "props": {}
    },
    "bdt_t2_bomb_zone_06_aaa_point_04": {
      "type": "Point",
      "tm": [
        [
          0.980859,
          0.0,
          0.19472
        ],
        [
          0.0,
          1.0,
          0.0
        ],
        [
          -0.19472,
          0.0,
          0.980859
        ],
        [
          10884.3,
          156.531,
          -745.84
        ]
      ],
      "objLayer": 0,
      "props": {}
    },
    "bdt_t2_bomb_zone_07_aaa_point_01": {
      "type": "Point",
      "tm": [
        [
          0.980859,
          0.0,
          0.19472
        ],
        [
          0.0,
          1.0,
          0.0
        ],
        [
          -0.19472,
          0.0,
          0.980859
        ],
        [
          8761.08,
          53.7119,
          -3967.29
        ]
      ],
      "objLayer": 0,
      "props": {}
    },
    "bdt_t2_bomb_zone_07_aaa_point_02": {
      "type": "Point",
      "tm": [
        [
          0.980859,
          0.0,
          0.19472
        ],
        [
          0.0,
          1.0,
          0.0
        ],
        [
          -0.19472,
          0.0,
          0.980859
        ],
        [
          8550.3,
          46.4159,
          -4582.22
        ]
      ],
      "objLayer": 0,
      "props": {}
    },
    "bdt_t2_bomb_zone_07_aaa_point_03": {
      "type": "Point",
      "tm": [
        [
          0.980859,
          0.0,
          0.19472
        ],
        [
          0.0,
          1.0,
          0.0
        ],
        [
          -0.19472,
          0.0,
          0.980859
        ],
        [
          8987.73,
          41.5529,
          -4348.14
        ]
      ],
      "objLayer": 0,
      "props": {}
    },
    "bdt_t2_bomb_zone_07_aaa_point_04": {
      "type": "Point",
      "tm": [
        [
          0.980859,
          0.0,
          0.19472
        ],
        [
          0.0,
          1.0,
          0.0
        ],
        [
          -0.19472,
          0.0,
          0.980859
        ],
        [
          8623.16,
          50.9809,
          -3813.3
        ]
      ],
      "objLayer": 0,
      "props": {}
    },
    "bdt_t2_bomb_zone_08_aaa_point_01": {
      "type": "Point",
      "tm": [
        [
          0.953211,
          0.0,
          0.302305
        ],
        [
          0.0,
          1.0,
          0.0
        ],
        [
          -0.302305,
          0.0,
          0.953211
        ],
        [
          5513.24,
          17.6001,
          11601.4
        ]
      ],
      "objLayer": 0,
      "props": {}
    },
    "bdt_t2_bomb_zone_08_aaa_point_02": {
      "type": "Point",
      "tm": [
        [
          0.953211,
          0.0,
          0.302305
        ],
        [
          0.0,
          1.0,
          0.0
        ],
        [
          -0.302305,
          0.0,
          0.953211
        ],
        [
          5441.35,
          74.9588,
          11144.1
        ]
      ],
      "objLayer": 0,
      "props": {}
    },
    "bdt_t2_bomb_zone_08_aaa_point_03": {
      "type": "Point",
      "tm": [
        [
          0.953211,
          0.0,
          0.302305
        ],
        [
          0.0,
          1.0,
          0.0
        ],
        [
          -0.302305,
          0.0,
          0.953211
        ],
        [
          5842.94,
          72.5308,
          11020.4
        ]
      ],
      "objLayer": 0,
      "props": {}
    },
    "bdt_t2_bomb_zone_08_aaa_point_04": {
      "type": "Point",
      "tm": [
        [
          0.953211,
          0.0,
          0.302305
        ],
        [
          0.0,
          1.0,
          0.0
        ],
        [
          -0.302305,
          0.0,
          0.953211
        ],
        [
          5935.66,
          75.6468,
          11425.8
        ]
      ],
      "objLayer": 0,
      "props": {}
    },
    "bdt_t2_bomb_zone_09_aaa_point_01": {
      "type": "Point",
      "tm": [
        [
          0.953211,
          0.0,
          0.302305
        ],
        [
          0.0,
          1.0,
          0.0
        ],
        [
          -0.302305,
          0.0,
          0.953211
        ],
        [
          8076.62,
          33.937,
          7502.86
        ]
      ],
      "objLayer": 0,
      "props": {}
    },
    "bdt_t2_bomb_zone_09_aaa_point_02": {
      "type": "Point",
      "tm": [
        [
          0.953211,
          0.0,
          0.302305
        ],
        [
          0.0,
          1.0,
          0.0
        ],
        [
          -0.302305,
          0.0,
          0.953211
        ],
        [
          8428.82,
          25.425,
          7156.51
        ]
      ],
      "objLayer": 0,
      "props": {}
    },
    "bdt_t2_bomb_zone_09_aaa_point_03": {
      "type": "Point",
      "tm": [
        [
          0.953211,
          0.0,
          0.302305
        ],
        [
          0.0,
          1.0,
          0.0
        ],
        [
          -0.302305,
          0.0,
          0.953211
        ],
        [
          8309.85,
          39.632,
          8006.66
        ]
      ],
      "objLayer": 0,
      "props": {}
    },
    "bdt_t2_bomb_zone_09_aaa_point_04": {
      "type": "Point",
      "tm": [
        [
          0.953211,
          0.0,
          0.302305
        ],
        [
          0.0,
          1.0,
          0.0
        ],
        [
          -0.302305,
          0.0,
          0.953211
        ],
        [
          8851.99,
          26.019,
          7323.98
        ]
      ],
      "objLayer": 0,
      "props": {}
    },
