{
  "selected_tag": "",
  "bin_dump_file": "",
  "mission_settings": {
    "player": {
      "army": 1
    },
    "player_teamB": {
      "army": 2
    },
    "mission": {
      "level": "levels/air_smolensk.bin",
      "type": "domination",
      "environment": "Day",
      "weather": "hazy",
      "restoreType": "attempts",
      "optionalTakeOff": false
    }
  },
  "imports": {},
  "triggers": {
    "isCategory": true,
    "is_enabled": true
  },
  "mission_objectives": {
    "isCategory": true,
    "is_enabled": true
  },
  "variables": {},
  "dialogs": {},
  "airfields": {},
  "effects": {},
  "units": {
    "objectGroups": [
      {
        "name": "bdt_t1_bomb_object_01",
        "tm": [
          [
            0.74526,
            0.0,
            -0.666771
          ],
          [
            0.0,
            1.0,
            0.0
          ],
          [
            0.666771,
            0.0,
            0.74526
          ],
          [
            -6327.32,
            1169.13,
            9371.66
          ]
        ],
        "unit_class": "dynBase_small_factory_square",
        "objLayer": 2,
        "props": {
          "army": 2,
          "active": false
        }
      },
      {
        "name": "bdt_t1_bomb_object_02",
        "tm": [
          [
            0.208753,
            0.0,
            -0.977971
          ],
          [
            0.0,
            1.0,
            0.0
          ],
          [
            0.977971,
            0.0,
            0.208753
          ],
          [
            -8908.55,
            91.6097,
            3268.68
          ]
        ],
        "unit_class": "dynBase_fuel_storage_square",
        "objLayer": 2,
        "props": {
          "army": 2,
          "active": false
        }
      },
      {
        "name": "bdt_t1_bomb_object_03",
        "tm": [
          [
            0.890617,
            0.0,
            0.45476
          ],
          [
            0.0,
            1.0,
            0.0
          ],
          [
            -0.45476,
            0.0,
            0.890617
          ],
          [
            -5411.82,
            26.9602,
            332.126
          ]
        ],
        "unit_class": "dynBase_oil_storage_small_square",
        "objLayer": 2,
        "props": {
          "army": 2,
          "active": false
        }
      },
      {
        "name": "bdt_t2_bomb_object_01",
        "tm": [
          [
            0.95949,
            0.0,
            -0.281741
          ],
          [
            0.0,
            1.0,
            0.0
          ],
          [
            0.281741,
            0.0,
            0.95949
          ],
          [
            5150.04,
            17.5834,
            12668.3
          ]
        ],
        "unit_class": "dynBase_fuel_storage_square",
        "objLayer": 2,
        "props": {
          "army": 1,
          "active": false
        }
      },
      {
        "name": "bdt_t2_bomb_object_02",
        "tm": [
          [
            0.897751,
            0.0,
            0.440501
          ],
          [
            0.0,
            1.0,
            0.0
          ],
          [
            -0.440501,
            0.0,
            0.897751
          ],
          [
            4244.22,
            26.019,
            10810.5
          ]
        ],
        "unit_class": "dynBase_small_factory_square",
        "objLayer": 2,
        "props": {
          "army": 1,
          "active": false
        }
      },
      {
        "name": "bdt_t2_bomb_object_03",
        "tm": [
          [
            0.8468,
            0.0,
            0.53191
          ],
          [
            0.0,
            1.0,
            0.0
          ],
          [
            -0.53191,
            0.0,
            0.8468
          ],
          [
            6287.14,
            320.045,
            2584.67
          ]
        ],
        "unit_class": "dynBase_oil_storage_small_square",
        "objLayer": 2,
        "props": {
          "army": 1,
          "active": false
        }
      },
      {
        "name": "bdt_t1_bomb_object_04",
        "tm": [
          [
            0.992928,
            0.0,
            -0.118719
          ],
          [
            0.0,
            1.0,
            0.0
          ],
          [
            0.118719,
            0.0,
            0.992928
          ],
          [
            -8812.17,
            562.604,
            8815.98
          ]
        ],
        "unit_class": "dynBase_small_factory_square",
        "objLayer": 2,
        "props": {
          "army": 2,
          "active": false
        }
      },
      {
        "name": "bdt_t2_bomb_object_04",
        "tm": [
          [
            0.97941,
            0.0,
            0.201883
          ],
          [
            0.0,
            1.0,
            0.0
          ],
          [
            -0.201883,
            0.0,
            0.97941
          ],
          [
            4795.94,
            58.6946,
            -706.52
          ]
        ],
        "unit_class": "dynBase_field_camp_square",
        "objLayer": 2,
        "props": {
          "army": 1,
          "active": false
        }
      },
      {
        "name": "bdt_t2_bomb_object_05",
        "tm": [
          [
            0.97941,
            0.0,
            0.201883
          ],
          [
            0.0,
            1.0,
            0.0
          ],
          [
            -0.201883,
            0.0,
            0.97941
          ],
          [
            1741.65,
            170.566,
            -3006.24
          ]
        ],
        "unit_class": "dynBase_military_base_square",
        "objLayer": 2,
        "props": {
          "army": 1,
          "active": false
        }
      },
      {
        "name": "bdt_t2_bomb_object_06",
        "tm": [
          [
            0.97941,
            0.0,
            0.201883
          ],
          [
            0.0,
            1.0,
            0.0
          ],
          [
            -0.201883,
            0.0,
            0.97941
          ],
          [
            7743.45,
            42.9734,
            215.429
          ]
        ],
        "unit_class": "dynBase_oil_storage_large_square",
        "objLayer": 2,
        "props": {
          "army": 1,
          "active": false
        }
      },
      {
        "name": "bdt_t2_bomb_object_07",
        "tm": [
          [
            0.97941,
            0.0,
            0.201883
          ],
          [
            0.0,
            1.0,
            0.0
          ],
          [
            -0.201883,
            0.0,
            0.97941
          ],
          [
            3584.94,
            167.993,
            -3719.98
          ]
        ],
        "unit_class": "dynBase_oil_storage_large_square",
        "objLayer": 2,
        "props": {
          "army": 1,
          "active": false
        }
      },
      {
        "name": "bdt_t2_bomb_object_08",
        "tm": [
          [
            0.95949,
            0.0,
            -0.281741
          ],
          [
            0.0,
            1.0,
            0.0
          ],
          [
            0.281741,
            0.0,
            0.95949
          ],
          [
            2005.63,
            42.7107,
            11429.1
          ]
        ],
        "unit_class": "dynBase_small_factory_square",
        "objLayer": 2,
        "props": {
          "army": 1,
          "active": false
        }
      },
      {
        "name": "bdt_t2_bomb_object_09",
        "tm": [
          [
            0.95949,
            0.0,
            -0.281741
          ],
          [
            0.0,
            1.0,
            0.0
          ],
          [
            0.281741,
            0.0,
            0.95949
          ],
          [
            5747.26,
            364.854,
            7371.19
          ]
        ],
        "unit_class": "dynBase_petrol_camp_square",
        "objLayer": 2,
        "props": {
          "army": 1,
          "active": false
        }
      },
      {
        "name": "bdt_t2_bomb_object_10",
        "tm": [
          [
            0.95949,
            0.0,
            -0.281741
          ],
          [
            0.0,
            1.0,
            0.0
          ],
          [
            0.281741,
            0.0,
            0.95949
          ],
          [
            7679.06,
            92.3572,
            10914.3
          ]
        ],
        "unit_class": "dynBase_petrol_camp_square",
        "objLayer": 2,
        "props": {
          "army": 1,
          "active": false
        }
      },
      {
        "name": "bdt_t1_bomb_object_05",
        "tm": [
          [
            0.992928,
            0.0,
            -0.118719
          ],
          [
            0.0,
            1.0,
            0.0
          ],
          [
            0.118719,
            0.0,
            0.992928
          ],
          [
            -6486.08,
            73.4184,
            12789.3
          ]
        ],
        "unit_class": "dynBase_petrol_camp_square",
        "objLayer": 2,
        "props": {
          "army": 2,
          "active": false
        }
      },
      {
        "name": "bdt_t1_bomb_object_06",
        "tm": [
          [
            0.932518,
            0.0,
            0.361126
          ],
          [
            0.0,
            1.0,
            0.0
          ],
          [
            -0.361126,
            0.0,
            0.932518
          ],
          [
            -2974.78,
            199.251,
            11427.0
          ]
        ],
        "unit_class": "dynBase_military_base_square",
        "objLayer": 2,
        "props": {
          "army": 2,
          "active": false
        }
      },
      {
        "name": "bdt_t1_bomb_object_07",
        "tm": [
          [
            0.992928,
            0.0,
            -0.118719
          ],
          [
            0.0,
            1.0,
            0.0
          ],
          [
            0.118719,
            0.0,
            0.992928
          ],
          [
            -7857.0,
            164.741,
            6714.54
          ]
        ],
        "unit_class": "dynBase_fuel_storage_square",
        "objLayer": 2,
        "props": {
          "army": 2,
          "active": false
        }
      },
      {
        "name": "bdt_t1_bomb_object_08",
        "tm": [
          [
            0.890617,
            0.0,
            0.45476
          ],
          [
            0.0,
            1.0,
            0.0
          ],
          [
            -0.45476,
            0.0,
            0.890617
          ],
          [
            -7102.17,
            42.6176,
            -3370.4
          ]
        ],
        "unit_class": "dynBase_ammunition_storage_square",
        "objLayer": 2,
        "props": {
          "army": 2,
          "active": false
        }
      },
      {
        "name": "bdt_t1_bomb_object_09",
        "tm": [
          [
            0.890617,
            0.0,
            0.45476
          ],
          [
            0.0,
            1.0,
            0.0
          ],
          [
            -0.45476,
            0.0,
            0.890617
          ],
          [
            -2348.96,
            5.12915,
            -1293.8
          ]
        ],
        "unit_class": "dynBase_field_camp_square",
        "objLayer": 2,
        "props": {
          "army": 2,
          "active": false
        }
      },
      {
        "name": "bdt_t1_bomb_object_10",
        "tm": [
          [
            0.890617,
            0.0,
            0.45476
          ],
          [
            0.0,
            1.0,
            0.0
          ],
          [
            -0.45476,
            0.0,
            0.890617
          ],
          [
            -4711.36,
            263.422,
            -3981.58
          ]
        ],
        "unit_class": "dynBase_oil_storage_small_square",
        "objLayer": 2,
        "props": {
          "army": 2,
          "active": false
        }
      }
    ]
  },
  "areas": {
    "bdt_t1_bomb_zone_01": {
      "type": "Sphere",
      "tm": [
        [
          335.368,
          0.0,
          -300.048
        ],
        [
          0.0,
          450.0,
          0.0
        ],
        [
          300.048,
          0.0,
          335.368
        ],
        [
          -6333.56,
          1169.2,
          9368.3
        ]
      ],
      "objLayer": 0,
      "props": {}
    },
    "bdt_t1_bomb_zone_02": {
      "type": "Sphere",
      "tm": [
        [
          366.578,
          0.0,
          -261.001
        ],
        [
          0.0,
          450.0,
          0.0
        ],
        [
          261.001,
          0.0,
          366.578
        ],
        [
          -8889.48,
          91.9297,
          3279.03
        ]
      ],
      "objLayer": 0,
      "props": {}
    },
    "bdt_t1_bomb_zone_03": {
      "type": "Sphere",
      "tm": [
        [
          400.777,
          0.0,
          204.639
        ],
        [
          0.0,
          450.0,
          0.0
        ],
        [
          -204.639,
          0.0,
          400.777
        ],
        [
          -5420.3,
          26.9102,
          337.069
        ]
      ],
      "objLayer": 0,
      "props": {}
    },
    "bdt_t2_bomb_zone_01": {
      "type": "Sphere",
      "tm": [
        [
          431.77,
          0.0,
          -126.785
        ],
        [
          0.0,
          450.0,
          0.0
        ],
        [
          126.785,
          0.0,
          431.77
        ],
        [
          5162.69,
          17.6254,
          12667.8
        ]
      ],
      "objLayer": 0,
      "props": {}
    },
    "bdt_t2_bomb_zone_02": {
      "type": "Sphere",
      "tm": [
        [
          437.316,
          0.0,
          106.087
        ],
        [
          0.0,
          450.0,
          0.0
        ],
        [
          -106.087,
          0.0,
          437.316
        ],
        [
          4247.86,
          24.534,
          10813.5
        ]
      ],
      "objLayer": 0,
      "props": {}
    },
    "bdt_t2_bomb_zone_03": {
      "type": "Sphere",
      "tm": [
        [
          443.475,
          0.0,
          76.3484
        ],
        [
          0.0,
          450.0,
          0.0
        ],
        [
          -76.3484,
          0.0,
          443.475
        ],
        [
          6292.62,
          319.914,
          2586.21
        ]
      ],
      "objLayer": 0,
      "props": {}
    },
    "bdt_t1_bomb_zone_04": {
      "type": "Sphere",
      "tm": [
        [
          446.816,
          0.0,
          -53.4248
        ],
        [
          0.0,
          450.0,
          0.0
        ],
        [
          53.4248,
          0.0,
          446.816
        ],
        [
          -8804.71,
          562.538,
          8813.3
        ]
      ],
      "objLayer": 0,
      "props": {}
    },
    "bdt_t2_bomb_zone_04": {
      "type": "Sphere",
      "tm": [
        [
          443.475,
          0.0,
          76.3484
        ],
        [
          0.0,
          450.0,
          0.0
        ],
        [
          -76.3484,
          0.0,
          443.475
        ],
        [
          4795.23,
          58.6615,
          -700.804
        ]
      ],
      "objLayer": 0,
      "props": {}
    },
    "bdt_t1_bomb_zone_01_aaa_point_01": {
      "type": "Point",
      "tm": [
        [
          0.990608,
          0.0,
          -0.13672
        ],
        [
          0.0,
          1.0,
          0.0
        ],
        [
          0.13672,
          0.0,
          0.990608
        ],
        [
          -6337.64,
          1171.33,
          9142.92
        ]
      ],
      "objLayer": 0,
      "props": {}
    },
    "bdt_t1_bomb_zone_01_aaa_point_02": {
      "type": "Point",
      "tm": [
        [
          0.990608,
          0.0,
          -0.13672
        ],
        [
          0.0,
          1.0,
          0.0
        ],
        [
          0.13672,
          0.0,
          0.990608
        ],
        [
          -6433.83,
          1170.96,
          9642.77
        ]
      ],
      "objLayer": 0,
      "props": {}
    },
    "bdt_t1_bomb_zone_01_aaa_point_03": {
      "type": "Point",
      "tm": [
        [
          0.990608,
          0.0,
          -0.13672
        ],
        [
          0.0,
          1.0,
          0.0
        ],
        [
          0.13672,
          0.0,
          0.990608
        ],
        [
          -6315.1,
          1169.54,
          9634.53
        ]
      ],
      "objLayer": 0,
      "props": {}
    },
    "bdt_t1_bomb_zone_01_aaa_point_04": {
      "type": "Point",
      "tm": [
        [
          0.990608,
          0.0,
          -0.13672
        ],
        [
          0.0,
          1.0,
          0.0
        ],
        [
          0.13672,
          0.0,
          0.990608
        ],
        [
          -6454.54,
          1154.47,
          9050.46
        ]
      ],
      "objLayer": 0,
      "props": {}
    },
    "bdt_t1_bomb_zone_02_aaa_point_01": {
      "type": "Point",
      "tm": [
        [
          0.99966,
          0.0,
          -0.0260085
        ],
        [
          0.0,
          1.0,
          0.0
        ],
        [
          0.0260085,
          0.0,
          0.99966
        ],
        [
          -9091.95,
          89.2897,
          3134.89
        ]
      ],
      "objLayer": 0,
      "props": {}
    },
    "bdt_t1_bomb_zone_02_aaa_point_02": {
      "type": "Point",
      "tm": [
        [
          0.99966,
          0.0,
          -0.0260085
        ],
        [
          0.0,
          1.0,
          0.0
        ],
        [
          0.0260085,
          0.0,
          0.99966
        ],
        [
          -8816.05,
          91.1297,
          3597.96
        ]
      ],
      "objLayer": 0,
      "props": {}
    },
    "bdt_t1_bomb_zone_02_aaa_point_03": {
      "type": "Point",
      "tm": [
        [
          0.99966,
          0.0,
          -0.0260085
        ],
        [
          0.0,
          1.0,
          0.0
        ],
        [
          0.0260085,
          0.0,
          0.99966
        ],
        [
          -9143.74,
          94.9397,
          3395.24
        ]
      ],
      "objLayer": 0,
      "props": {}
    },
    "bdt_t1_bomb_zone_02_aaa_point_04": {
      "type": "Point",
      "tm": [
        [
          0.99966,
          0.0,
          -0.0260085
        ],
        [
          0.0,
          1.0,
          0.0
        ],
        [
          0.0260085,
          0.0,
          0.99966
        ],
        [
          -8664.54,
          89.2197,
          3234.04
        ]
      ],
      "objLayer": 0,
      "props": {}
    },
    "bdt_t1_bomb_zone_03_aaa_point_01": {
      "type": "Point",
      "tm": [
        [
          0.99966,
          0.0,
          -0.0260085
        ],
        [
          0.0,
          1.0,
          0.0
        ],
        [
          0.0260085,
          0.0,
          0.99966
        ],
        [
          -5379.05,
          29.7102,
          41.9591
        ]
      ],
      "objLayer": 0,
      "props": {}
    },
    "bdt_t1_bomb_zone_03_aaa_point_02": {
      "type": "Point",
      "tm": [
        [
          0.99966,
          0.0,
          -0.0260085
        ],
        [
          0.0,
          1.0,
          0.0
        ],
        [
          0.0260085,
          0.0,
          0.99966
        ],
        [
          -5302.92,
          23.6502,
          605.122
        ]
      ],
      "objLayer": 0,
      "props": {}
    },
    "bdt_t1_bomb_zone_03_aaa_point_03": {
      "type": "Point",
      "tm": [
        [
          0.99966,
          0.0,
          -0.0260085
        ],
        [
          0.0,
          1.0,
          0.0
        ],
        [
          0.0260085,
          0.0,
          0.99966
        ],
        [
          -5634.53,
          24.0402,
          520.584
        ]
      ],
      "objLayer": 0,
      "props": {}
    },
    "bdt_t1_bomb_zone_03_aaa_point_04": {
      "type": "Point",
      "tm": [
        [
          0.99966,
          0.0,
          -0.0260085
        ],
        [
          0.0,
          1.0,
          0.0
        ],
        [
          0.0260085,
          0.0,
          0.99966
        ],
        [
          -5601.57,
          29.5702,
          98.0611
        ]
      ],
      "objLayer": 0,
      "props": {}
    },
    "bdt_t1_bomb_zone_04_aaa_point_01": {
      "type": "Point",
      "tm": [
        [
          0.990608,
          0.0,
          -0.13672
        ],
        [
          0.0,
          1.0,
          0.0
        ],
        [
          0.13672,
          0.0,
          0.990608
        ],
        [
          -8536.2,
          558.391,
          9009.02
        ]
      ],
      "objLayer": 0,
      "props": {}
    },
    "bdt_t1_bomb_zone_04_aaa_point_02": {
      "type": "Point",
      "tm": [
        [
          0.990608,
          0.0,
          -0.13672
        ],
        [
          0.0,
          1.0,
          0.0
        ],
        [
          0.13672,
          0.0,
          0.990608
        ],
        [
          -8992.2,
          558.152,
          9050.29
        ]
      ],
      "objLayer": 0,
      "props": {}
    },
    "bdt_t1_bomb_zone_04_aaa_point_03": {
      "type": "Point",
      "tm": [
        [
          0.990608,
          0.0,
          -0.13672
        ],
        [
          0.0,
          1.0,
          0.0
        ],
        [
          0.13672,
          0.0,
          0.990608
        ],
        [
          -8721.0,
          557.995,
          8560.21
        ]
      ],
      "objLayer": 0,
      "props": {}
    },
    "bdt_t1_bomb_zone_04_aaa_point_04": {
      "type": "Point",
      "tm": [
        [
          0.990608,
          0.0,
          -0.13672
        ],
        [
          0.0,
          1.0,
          0.0
        ],
        [
          0.13672,
          0.0,
          0.990608
        ],
        [
          -8958.0,
          518.25,
          8619.7
        ]
      ],
      "objLayer": 0,
      "props": {}
    },
    "bdt_t2_bomb_zone_01_aaa_point_01": {
      "type": "Point",
      "tm": [
        [
          0.953211,
          0.0,
          0.302306
        ],
        [
          0.0,
          1.0,
          0.0
        ],
        [
          -0.302306,
          0.0,
          0.953211
        ],
        [
          5402.58,
          21.0073,
          12753.3
        ]
      ],
      "objLayer": 0,
      "props": {}
    },
    "bdt_t2_bomb_zone_01_aaa_point_02": {
      "type": "Point",
      "tm": [
        [
          0.953211,
          0.0,
          0.302306
        ],
        [
          0.0,
          1.0,
          0.0
        ],
        [
          -0.302306,
          0.0,
          0.953211
        ],
        [
          4910.01,
          14.9544,
          12651.7
        ]
      ],
      "objLayer": 0,
      "props": {}
    },
    "bdt_t2_bomb_zone_01_aaa_point_03": {
      "type": "Point",
      "tm": [
        [
          0.953211,
          0.0,
          0.302306
        ],
        [
          0.0,
          1.0,
          0.0
        ],
        [
          -0.302306,
          0.0,
          0.953211
        ],
        [
          5204.98,
          30.4863,
          12438.4
        ]
      ],
      "objLayer": 0,
      "props": {}
    },
    "bdt_t2_bomb_zone_01_aaa_point_04": {
      "type": "Point",
      "tm": [
        [
          0.953211,
          0.0,
          0.302306
        ],
        [
          0.0,
          1.0,
          0.0
        ],
        [
          -0.302306,
          0.0,
          0.953211
        ],
        [
          4983.68,
          23.7243,
          12495.7
        ]
      ],
      "objLayer": 0,
      "props": {}
    },
    "bdt_t2_bomb_zone_02_aaa_point_01": {
      "type": "Point",
      "tm": [
        [
          0.953211,
          0.0,
          0.302306
        ],
        [
          0.0,
          1.0,
          0.0
        ],
        [
          -0.302306,
          0.0,
          0.953211
        ],
        [
          4383.91,
          22.275,
          11047.3
        ]
      ],
      "objLayer": 0,
      "props": {}
    },
    "bdt_t2_bomb_zone_02_aaa_point_02": {
      "type": "Point",
      "tm": [
        [
          0.953211,
          0.0,
          0.302306
        ],
        [
          0.0,
          1.0,
          0.0
        ],
        [
          -0.302306,
          0.0,
          0.953211
        ],
        [
          4094.17,
          91.8357,
          11030.4
        ]
      ],
      "objLayer": 0,
      "props": {}
    },
    "bdt_t2_bomb_zone_02_aaa_point_03": {
      "type": "Point",
      "tm": [
        [
          0.953211,
          0.0,
          0.302306
        ],
        [
          0.0,
          1.0,
          0.0
        ],
        [
          -0.302306,
          0.0,
          0.953211
        ],
        [
          4321.46,
          52.9577,
          10369.1
        ]
      ],
      "objLayer": 0,
      "props": {}
    },
    "bdt_t2_bomb_zone_02_aaa_point_04": {
      "type": "Point",
      "tm": [
        [
          0.953211,
          0.0,
          0.302306
        ],
        [
          0.0,
          1.0,
          0.0
        ],
        [
          -0.302306,
          0.0,
          0.953211
        ],
        [
          3925.05,
          93.2004,
          10749.3
        ]
      ],
      "objLayer": 0,
      "props": {}
    },
    "bdt_t2_bomb_zone_03_aaa_point_01": {
      "type": "Point",
      "tm": [
        [
          0.980859,
          0.0,
          0.194721
        ],
        [
          0.0,
          1.0,
          0.0
        ],
        [
          -0.194721,
          0.0,
          0.980859
        ],
        [
          6139.34,
          324.285,
          2319.34
        ]
      ],
      "objLayer": 0,
      "props": {}
    },
    "bdt_t2_bomb_zone_03_aaa_point_02": {
      "type": "Point",
      "tm": [
        [
          0.980859,
          0.0,
          0.194721
        ],
        [
          0.0,
          1.0,
          0.0
        ],
        [
          -0.194721,
          0.0,
          0.980859
        ],
        [
          6400.2,
          316.967,
          2803.15
        ]
      ],
      "objLayer": 0,
      "props": {}
    },
    "bdt_t2_bomb_zone_03_aaa_point_03": {
      "type": "Point",
      "tm": [
        [
          0.980859,
          0.0,
          0.194721
        ],
        [
          0.0,
          1.0,
          0.0
        ],
        [
          -0.194721,
          0.0,
          0.980859
        ],
        [
          6120.57,
          323.734,
          2815.66
        ]
      ],
      "objLayer": 0,
      "props": {}
    },
    "bdt_t2_bomb_zone_03_aaa_point_04": {
      "type": "Point",
      "tm": [
        [
          0.980859,
          0.0,
          0.194721
        ],
        [
          0.0,
          1.0,
          0.0
        ],
        [
          -0.194721,
          0.0,
          0.980859
        ],
        [
          6513.96,
          321.528,
          2448.14
        ]
      ],
      "objLayer": 0,
      "props": {}
    },
    "bdt_t2_bomb_zone_04_aaa_point_01": {
      "type": "Point",
      "tm": [
        [
          0.980859,
          0.0,
          0.194721
        ],
        [
          0.0,
          1.0,
          0.0
        ],
        [
          -0.194721,
          0.0,
          0.980859
        ],
        [
          5102.91,
          60.8515,
          -776.399
        ]
      ],
      "objLayer": 0,
      "props": {}
    },
    "bdt_t2_bomb_zone_04_aaa_point_02": {
      "type": "Point",
      "tm": [
        [
          0.980859,
          0.0,
          0.194721
        ],
        [
          0.0,
          1.0,
          0.0
        ],
        [
          -0.194721,
          0.0,
          0.980859
        ],
        [
          4867.0,
          58.7785,
          -461.314
        ]
      ],
      "objLayer": 0,
      "props": {}
    },
    "bdt_t2_bomb_zone_04_aaa_point_03": {
      "type": "Point",
      "tm": [
        [
          0.980859,
          0.0,
          0.194721
        ],
        [
          0.0,
          1.0,
          0.0
        ],
        [
          -0.194721,
          0.0,
          0.980859
        ],
        [
          4845.93,
          59.7066,
          -987.24
        ]
      ],
      "objLayer": 0,
      "props": {}
    },
    "bdt_t2_bomb_zone_04_aaa_point_04": {
      "type": "Point",
      "tm": [
        [
          0.980859,
          0.0,
          0.194721
        ],
        [
          0.0,
          1.0,
          0.0
        ],
        [
          -0.194721,
          0.0,
          0.980859
        ],
        [
          4588.93,
          58.1195,
          -464.243
        ]
      ],
      "objLayer": 0,
      "props": {}
    },
    "bdt_t2_bomb_zone_05": {
      "type": "Sphere",
      "tm": [
        [
          443.475,
          0.0,
          76.3484
        ],
        [
          0.0,
          450.0,
          0.0
        ],
        [
          -76.3484,
          0.0,
          443.475
        ],
        [
          1740.83,
          170.588,
          -3000.41
        ]
      ],
      "objLayer": 0,
      "props": {}
    },
    "bdt_t2_bomb_zone_06": {
      "type": "Sphere",
      "tm": [
        [
          443.475,
          0.0,
          76.3484
        ],
        [
          0.0,
          450.0,
          0.0
        ],
        [
          -76.3484,
          0.0,
          443.475
        ],
        [
          7742.75,
          43.0314,
          221.15
        ]
      ],
      "objLayer": 0,
      "props": {}
    },
    "bdt_t2_bomb_zone_07": {
      "type": "Sphere",
      "tm": [
        [
          443.475,
          0.0,
          76.3484
        ],
        [
          0.0,
          450.0,
          0.0
        ],
        [
          -76.3484,
          0.0,
          443.475
        ],
        [
          3584.25,
          168.108,
          -3714.14
        ]
      ],
      "objLayer": 0,
      "props": {}
    },
    "bdt_t2_bomb_zone_08": {
      "type": "Sphere",
      "tm": [
        [
          431.77,
          0.0,
          -126.785
        ],
        [
          0.0,
          450.0,
          0.0
        ],
        [
          126.785,
          0.0,
          431.77
        ],
        [
          2018.32,
          43.1297,
          11428.6
        ]
      ],
      "objLayer": 0,
      "props": {}
    },
    "bdt_t2_bomb_zone_09": {
      "type": "Sphere",
      "tm": [
        [
          431.77,
          0.0,
          -126.785
        ],
        [
          0.0,
          450.0,
          0.0
        ],
        [
          126.785,
          0.0,
          431.77
        ],
        [
          5759.69,
          365.145,
          7370.65
        ]
      ],
      "objLayer": 0,
      "props": {}
    },
    "bdt_t2_bomb_zone_10": {
      "type": "Sphere",
      "tm": [
        [
          431.77,
          0.0,
          -126.785
        ],
        [
          0.0,
          450.0,
          0.0
        ],
        [
          126.785,
          0.0,
          431.77
        ],
        [
          7691.73,
          94.5252,
          10913.8
        ]
      ],
      "objLayer": 0,
      "props": {}
    },
    "bdt_t2_bomb_zone_05_aaa_point_01": {
      "type": "Point",
      "tm": [
        [
          0.980859,
          0.0,
          0.194721
        ],
        [
          0.0,
          1.0,
          0.0
        ],
        [
          -0.194721,
          0.0,
          0.980859
        ],
        [
          1468.54,
          170.846,
          -3031.25
        ]
      ],
      "objLayer": 0,
      "props": {}
    },
    "bdt_t2_bomb_zone_05_aaa_point_02": {
      "type": "Point",
      "tm": [
        [
          0.980859,
          0.0,
          0.194721
        ],
        [
          0.0,
          1.0,
          0.0
        ],
        [
          -0.194721,
          0.0,
          0.980859
        ],
        [
          1636.09,
          169.945,
          -3115.29
        ]
      ],
      "objLayer": 0,
      "props": {}
    },
    "bdt_t2_bomb_zone_05_aaa_point_03": {
      "type": "Point",
      "tm": [
        [
          0.980859,
          0.0,
          0.194721
        ],
        [
          0.0,
          1.0,
          0.0
        ],
        [
          -0.194721,
          0.0,
          0.980859
        ],
        [
          2027.76,
          171.155,
          -2978.97
        ]
      ],
      "objLayer": 0,
      "props": {}
    },
    "bdt_t2_bomb_zone_05_aaa_point_04": {
      "type": "Point",
      "tm": [
        [
          0.980859,
          0.0,
          0.194721
        ],
        [
          0.0,
          1.0,
          0.0
        ],
        [
          -0.194721,
          0.0,
          0.980859
        ],
        [
          1906.7,
          171.857,
          -2777.88
        ]
      ],
      "objLayer": 0,
      "props": {}
    },
    "bdt_t2_bomb_zone_06_aaa_point_01": {
      "type": "Point",
      "tm": [
        [
          0.980859,
          0.0,
          0.194721
        ],
        [
          0.0,
          1.0,
          0.0
        ],
        [
          -0.194721,
          0.0,
          0.980859
        ],
        [
          7621.74,
          38.3234,
          -93.7421
        ]
      ],
      "objLayer": 0,
      "props": {}
    },
    "bdt_t2_bomb_zone_06_aaa_point_02": {
      "type": "Point",
      "tm": [
        [
          0.980859,
          0.0,
          0.194721
        ],
        [
          0.0,
          1.0,
          0.0
        ],
        [
          -0.194721,
          0.0,
          0.980859
        ],
        [
          7441.99,
          40.5815,
          98.9214
        ]
      ],
      "objLayer": 0,
      "props": {}
    },
    "bdt_t2_bomb_zone_06_aaa_point_03": {
      "type": "Point",
      "tm": [
        [
          0.980859,
          0.0,
          0.194721
        ],
        [
          0.0,
          1.0,
          0.0
        ],
        [
          -0.194721,
          0.0,
          0.980859
        ],
        [
          7692.54,
          44.5563,
          526.194
        ]
      ],
      "objLayer": 0,
      "props": {}
    },
    "bdt_t2_bomb_zone_06_aaa_point_04": {
      "type": "Point",
      "tm": [
        [
          0.980859,
          0.0,
          0.194721
        ],
        [
          0.0,
          1.0,
          0.0
        ],
        [
          -0.194721,
          0.0,
          0.980859
        ],
        [
          8030.63,
          40.3305,
          145.321
        ]
      ],
      "objLayer": 0,
      "props": {}
    },
    "bdt_t2_bomb_zone_07_aaa_point_01": {
      "type": "Point",
      "tm": [
        [
          0.980859,
          0.0,
          0.194721
        ],
        [
          0.0,
          1.0,
          0.0
        ],
        [
          -0.194721,
          0.0,
          0.980859
        ],
        [
          3679.91,
          169.41,
          -3428.51
        ]
      ],
      "objLayer": 0,
      "props": {}
    },
    "bdt_t2_bomb_zone_07_aaa_point_02": {
      "type": "Point",
      "tm": [
        [
          0.980859,
          0.0,
          0.194721
        ],
        [
          0.0,
          1.0,
          0.0
        ],
        [
          -0.194721,
          0.0,
          0.980859
        ],
        [
          3469.12,
          162.114,
          -4043.43
        ]
      ],
      "objLayer": 0,
      "props": {}
    },
    "bdt_t2_bomb_zone_07_aaa_point_03": {
      "type": "Point",
      "tm": [
        [
          0.980859,
          0.0,
          0.194721
        ],
        [
          0.0,
          1.0,
          0.0
        ],
        [
          -0.194721,
          0.0,
          0.980859
        ],
        [
          3906.49,
          157.251,
          -3809.26
        ]
      ],
      "objLayer": 0,
      "props": {}
    },
    "bdt_t2_bomb_zone_07_aaa_point_04": {
      "type": "Point",
      "tm": [
        [
          0.980859,
          0.0,
          0.194721
        ],
        [
          0.0,
          1.0,
          0.0
        ],
        [
          -0.194721,
          0.0,
          0.980859
        ],
        [
          3326.9,
          166.679,
          -3405.67
        ]
      ],
      "objLayer": 0,
      "props": {}
    },
    "bdt_t2_bomb_zone_08_aaa_point_01": {
      "type": "Point",
      "tm": [
        [
          0.953211,
          0.0,
          0.302306
        ],
        [
          0.0,
          1.0,
          0.0
        ],
        [
          -0.302306,
          0.0,
          0.953211
        ],
        [
          1722.02,
          24.0079,
          11375.0
        ]
      ],
      "objLayer": 0,
      "props": {}
    },
    "bdt_t2_bomb_zone_08_aaa_point_02": {
      "type": "Point",
      "tm": [
        [
          0.953211,
          0.0,
          0.302306
        ],
        [
          0.0,
          1.0,
          0.0
        ],
        [
          -0.302306,
          0.0,
          0.953211
        ],
        [
          1781.59,
          44.3327,
          11234.8
        ]
      ],
      "objLayer": 0,
      "props": {}
    },
    "bdt_t2_bomb_zone_08_aaa_point_03": {
      "type": "Point",
      "tm": [
        [
          0.953211,
          0.0,
          0.302306
        ],
        [
          0.0,
          1.0,
          0.0
        ],
        [
          -0.302306,
          0.0,
          0.953211
        ],
        [
          2183.19,
          41.9047,
          11111.0
        ]
      ],
      "objLayer": 0,
      "props": {}
    },
    "bdt_t2_bomb_zone_08_aaa_point_04": {
      "type": "Point",
      "tm": [
        [
          0.953211,
          0.0,
          0.302306
        ],
        [
          0.0,
          1.0,
          0.0
        ],
        [
          -0.302306,
          0.0,
          0.953211
        ],
        [
          2206.63,
          45.0207,
          11509.5
        ]
      ],
      "objLayer": 0,
      "props": {}
    },
    "bdt_t2_bomb_zone_09_aaa_point_01": {
      "type": "Point",
      "tm": [
        [
          0.953211,
          0.0,
          0.302306
        ],
        [
          0.0,
          1.0,
          0.0
        ],
        [
          -0.302306,
          0.0,
          0.953211
        ],
        [
          5314.91,
          364.836,
          7317.29
        ]
      ],
      "objLayer": 0,
      "props": {}
    },
    "bdt_t2_bomb_zone_09_aaa_point_02": {
      "type": "Point",
      "tm": [
        [
          0.953211,
          0.0,
          0.302306
        ],
        [
          0.0,
          1.0,
          0.0
        ],
        [
          -0.302306,
          0.0,
          0.953211
        ],
        [
          5667.13,
          356.324,
          6970.95
        ]
      ],
      "objLayer": 0,
      "props": {}
    },
    "bdt_t2_bomb_zone_09_aaa_point_03": {
      "type": "Point",
      "tm": [
        [
          0.953211,
          0.0,
          0.302306
        ],
        [
          0.0,
          1.0,
          0.0
        ],
        [
          -0.302306,
          0.0,
          0.953211
        ],
        [
          5548.12,
          370.531,
          7821.08
        ]
      ],
      "objLayer": 0,
      "props": {}
    },
    "bdt_t2_bomb_zone_09_aaa_point_04": {
      "type": "Point",
      "tm": [
        [
          0.953211,
          0.0,
          0.302306
        ],
        [
          0.0,
          1.0,
          0.0
        ],
        [
          -0.302306,
          0.0,
          0.953211
        ],
        [
          6090.27,
          356.918,
          7138.4
        ]
      ],
      "objLayer": 0,
      "props": {}
    },
