{
  "selected_tag": "",
  "bin_dump_file": "",
  "mission_settings": {
    "player": {
      "army": 1,
      "wing": ""
    },
    "player_teamB": {
      "army": 2,
      "wing": ""
    },
    "mission": {
      "level": "levels/berlin.bin",
      "type": "domination",
      "environment": "Day",
      "weather": "hazy",
      "deathPenaltyMulRounds": 0.0,
      "stars": {
        "latitude": 52.5,
        "longitude": 13.0,
        "year": 1945,
        "month": 4,
        "day": 2
      }
    },
    "spectator_points": {}
  },
  "imports": {
    "import_record": {
      "file": "gameData/missions/templates/air_templates/gs/assaults_gs_template.blk",
      "importAreas": true,
      "importUnits": true,
      "importTriggers": true,
      "importMissionObjectives": true,
      "importWayPoints": true,
      "showAreas": true,
      "showUnits": true,
      "showTriggers": true,
      "showMissionObjectives": true,
      "showWayPoints": true,
      "excludes": {}
    }
  },
  "triggers": {
    "isCategory": true,
    "is_enabled": true
  },
  "mission_objectives": {
    "isCategory": true,
    "is_enabled": true
  },
  "variables": {
    "ai_assaults_saved": 0,
    "ft_helicopters_pad_exclusive": false
  },
  "dialogs": {},
  "airfields": {},
  "effects": {},
  "units": {},
  "areas": {
    "at_area": {
      "type": "Sphere",
      "tm": [
        [
          -8724.78,
          0.0,
          13412.0
        ],
        [
          0.0,
          16000.0,
          0.0
        ],
        [
          -13412.0,
          0.0,
          -8724.78
        ],
        [
          30558.7,
          3000.0,
          -9592.4
        ]
      ],
      "objLayer": 0,
      "props": {}
    },
    "at_t2_spawn_01_01": {
      "type": "Point",
      "tm": [
        [
          -0.857029,
          0.0,
          -0.515271
        ],
        [
          0.0,
          1.0,
          0.0
        ],
        [
          0.515271,
          0.0,
          -0.857029
        ],
        [
          35971.9,
          3000.0,
          -3706.46
        ]
      ],
      "objLayer": 0,
      "props": {}
    },
    "at_t1_spawn_01_01": {
      "type": "Point",
      "tm": [
        [
          0.857029,
          0.0,
          0.515271
        ],
        [
          0.0,
          1.0,
          0.0
        ],
        [
          -0.515271,
          0.0,
          0.857029
        ],
        [
          22908.3,
          2999.99,
          -11965.7
        ]
      ],
      "objLayer": 0,
      "props": {}
    },
    "at_t2_spawn_01_02": {
      "type": "Point",
      "tm": [
        [
          -0.857029,
          0.0,
          -0.515271
        ],
        [
          0.0,
          1.0,
          0.0
        ],
        [
          0.515271,
          0.0,
          -0.857029
        ],
        [
          38194.4,
          3000.0,
          -7208.2
        ]
      ],
      "objLayer": 0,
      "props": {}
    },
    "at_t1_spawn_01_02": {
      "type": "Point",
      "tm": [
        [
          0.857029,
          0.0,
          0.515271
        ],
        [
          0.0,
          1.0,
          0.0
        ],
        [
          -0.515271,
          0.0,
          0.857029
        ],
        [
          25135.1,
          2999.99,
          -15473.2
        ]
      ],
      "objLayer": 0,
      "props": {}
    },
    "at_t1_spawn_02_01": {
      "type": "Point",
      "tm": [
        [
          0.857029,
          0.0,
          0.515271
        ],
        [
          0.0,
          1.0,
          0.0
        ],
        [
          -0.515271,
          0.0,
          0.857029
        ],
        [
          26788.1,
          2999.99,
          -16644.8
        ]
      ],
      "objLayer": 0,
      "props": {}
    },
    "at_t1_spawn_02_02": {
      "type": "Point",
      "tm": [
        [
          0.857029,
          0.0,
          0.515271
        ],
        [
          0.0,
          1.0,
          0.0
        ],
        [
          -0.515271,
          0.0,
          0.857029
        ],
        [
          22571.1,
          2999.99,
          -10019.0
        ]
      ],
      "objLayer": 0,
      "props": {}
    },
    "at_t2_spawn_02_01": {
      "type": "Point",
      "tm": [
        [
          -0.857029,
          0.0,
          -0.515271
        ],
        [
          0.0,
          1.0,
          0.0
        ],
        [
          0.515271,
          0.0,
          -0.857029
        ],
        [
          38714.6,
          3000.01,
          -9437.8
        ]
      ],
      "objLayer": 0,
      "props": {}
    },
    "at_t2_spawn_02_02": {
      "type": "Point",
      "tm": [
        [
          -0.857029,
          0.0,
          -0.515271
        ],
        [
          0.0,
          1.0,
          0.0
        ],
        [
          0.515271,
          0.0,
          -0.857029
        ],
        [
          34301.2,
          3000.0,
          -2542.84
        ]
      ],
      "objLayer": 0,
      "props": {}
    }
  },
  "objLayers": {},
  "wayPoints": {}
}