{
  "selected_tag": "",
  "bin_dump_file": "",
  "mission_settings": {
    "player": {
      "army": 1
    },
    "player_teamB": {
      "army": 2
    },
    "mission": {
      "level": "levels/air_smolensk.bin",
      "type": "domination",
      "environment": "Day",
      "weather": "hazy",
      "restoreType": "attempts",
      "optionalTakeOff": false
    }
  },
  "imports": {
    "import_record": [
      {
        "file": "gameData/missions/templates/enduring_confrontation/bdt_bases_destroy_template.blk",
        "importAreas": true,
        "importUnits": true,
        "importTriggers": true,
        "importMissionObjectives": true,
        "importWayPoints": true,
        "showAreas": true,
        "showUnits": true,
        "showTriggers": true,
        "showMissionObjectives": true,
        "showWayPoints": true,
        "excludes": {}
      },
      {
        "file": "gameData/missions/templates/units_sets/land_sets_aaa_bases/bdt_t1_uk_rank_01.blk",
        "rankRange": [
          0,
          4
        ],
        "importAreas": true,
        "importUnits": true,
        "importTriggers": true,
        "importMissionObjectives": true,
        "importWayPoints": true,
        "showAreas": true,
        "showUnits": true,
        "showTriggers": true,
        "showMissionObjectives": true,
        "showWayPoints": true,
        "excludes": {}
      },
      {
        "file": "gameData/missions/templates/units_sets/land_sets_aaa_bases/bdt_t1_uk_rank_02.blk",
        "rankRange": [
          5,
          8
        ],
        "importAreas": true,
        "importUnits": true,
        "importTriggers": true,
        "importMissionObjectives": true,
        "importWayPoints": true,
        "showAreas": true,
        "showUnits": true,
        "showTriggers": true,
        "showMissionObjectives": true,
        "showWayPoints": true,
        "excludes": {}
      },
      {
        "file": "gameData/missions/templates/units_sets/land_sets_aaa_bases/bdt_t1_uk_rank_03.blk",
        "rankRange": [
          9,
          13
        ],
        "importAreas": true,
        "importUnits": true,
        "importTriggers": true,
        "importMissionObjectives": true,
        "importWayPoints": true,
        "showAreas": true,
        "showUnits": true,
        "showTriggers": true,
        "showMissionObjectives": true,
        "showWayPoints": true,
        "excludes": {}
      },
      {
        "file": "gameData/missions/templates/units_sets/land_sets_aaa_bases/bdt_t1_uk_rank_04.blk",
        "rankRange": [
          14,
          19
        ],
        "importAreas": true,
        "importUnits": true,
        "importTriggers": true,
        "importMissionObjectives": true,
        "importWayPoints": true,
        "showAreas": true,
        "showUnits": true,
        "showTriggers": true,
        "showMissionObjectives": true,
        "showWayPoints": true,
        "excludes": {}
      },
      {
        "file": "gameData/missions/templates/units_sets/land_sets_aaa_bases/bdt_t1_uk_rank_05.blk",
        "rankRange": [
          20,
          24
        ],
        "importAreas": true,
        "importUnits": true,
        "importTriggers": true,
        "importMissionObjectives": true,
        "importWayPoints": true,
        "showAreas": true,
        "showUnits": true,
        "showTriggers": true,
        "showMissionObjectives": true,
        "showWayPoints": true,
        "excludes": {}
      },
      {
        "file": "gameData/missions/templates/units_sets/land_sets_aaa_bases/bdt_t1_uk_rank_06.blk",
        "rankRange": [
          25,
          50
        ],
        "importAreas": true,
        "importUnits": true,
        "importTriggers": true,
        "importMissionObjectives": true,
        "importWayPoints": true,
        "showAreas": true,
        "showUnits": true,
        "showTriggers": true,
        "showMissionObjectives": true,
        "showWayPoints": true,
        "excludes": {}
      },
      {
        "file": "gameData/missions/templates/units_sets/land_sets_aaa_bases/bdt_t2_germ_rank_01.blk",
        "rankRange": [
          0,
          4
        ],
        "importAreas": true,
        "importUnits": true,
        "importTriggers": true,
        "importMissionObjectives": true,
        "importWayPoints": true,
        "showAreas": true,
        "showUnits": true,
        "showTriggers": true,
        "showMissionObjectives": true,
        "showWayPoints": true,
        "excludes": {}
      },
      {
        "file": "gameData/missions/templates/units_sets/land_sets_aaa_bases/bdt_t2_germ_rank_02.blk",
        "rankRange": [
          5,
          8
        ],
        "importAreas": true,
        "importUnits": true,
        "importTriggers": true,
        "importMissionObjectives": true,
        "importWayPoints": true,
        "showAreas": true,
        "showUnits": true,
        "showTriggers": true,
        "showMissionObjectives": true,
        "showWayPoints": true,
        "excludes": {}
      },
      {
        "file": "gameData/missions/templates/units_sets/land_sets_aaa_bases/bdt_t2_germ_rank_03.blk",
        "rankRange": [
          9,
          13
        ],
        "importAreas": true,
        "importUnits": true,
        "importTriggers": true,
        "importMissionObjectives": true,
        "importWayPoints": true,
        "showAreas": true,
        "showUnits": true,
        "showTriggers": true,
        "showMissionObjectives": true,
        "showWayPoints": true,
        "excludes": {}
      },
      {
        "file": "gameData/missions/templates/units_sets/land_sets_aaa_bases/bdt_t2_germ_rank_04.blk",
        "rankRange": [
          14,
          19
        ],
        "importAreas": true,
        "importUnits": true,
        "importTriggers": true,
        "importMissionObjectives": true,
        "importWayPoints": true,
        "showAreas": true,
        "showUnits": true,
        "showTriggers": true,
        "showMissionObjectives": true,
        "showWayPoints": true,
        "excludes": {}
      },
      {
        "file": "gameData/missions/templates/units_sets/land_sets_aaa_bases/bdt_t2_germ_rank_05.blk",
        "rankRange": [
          20,
          24
        ],
        "importAreas": true,
        "importUnits": true,
        "importTriggers": true,
        "importMissionObjectives": true,
        "importWayPoints": true,
        "showAreas": true,
        "showUnits": true,
        "showTriggers": true,
        "showMissionObjectives": true,
        "showWayPoints": true,
        "excludes": {}
      },
      {
        "file": "gameData/missions/templates/units_sets/land_sets_aaa_bases/bdt_t2_germ_rank_06.blk",
        "rankRange": [
          25,
          50
        ],
        "importAreas": true,
        "importUnits": true,
        "importTriggers": true,
        "importMissionObjectives": true,
        "importWayPoints": true,
        "showAreas": true,
        "showUnits": true,
        "showTriggers": true,
        "showMissionObjectives": true,
        "showWayPoints": true,
        "excludes": {}
      }
    ]
  },
  "triggers": {
    "isCategory": true,
    "is_enabled": true,
    "bdt_part_init": {
      "is_enabled": true,
      "comments": "",
      "props": {
        "actionsType": "PERFORM_ONE_BY_ONE",
        "conditionsType": "ALL",
        "enableAfterComplete": false
      },
      "events": {
        "initMission": {}
      },
      "conditions": {},
      "actions": {
        "comment": [
          {
            "value": "set max bases amount +1"
          },
          {
            "value": "enable self restarting for template"
          },
          {
            "value": "increase one-moment bases amount"
          },
          {
            "value": ""
          },
          {
            "value": ""
          },
          {
            "value": ""
          },
          {
            "value": ""
          }
        ],
        "varSetInt": [
          {
            "value": 9,
            "var": "bdt_t1_total_bases_max_count"
          },
          {
            "value": 9,
            "var": "bdt_t2_total_bases_max_count"
          },
          {
            "value": 4,
            "var": [
              "bdt_t1_active_bases_max_count",
              "bdt_t2_active_bases_max_count"
            ]
          },
          {
            "value": 1,
            "var": "bdt_delay_timer"
          }
        ],
        "varSetBool": [
          {
            "value": true,
            "var": "bdt_self_restart"
          },
          {
            "value": true,
            "var": "bMirrorSpawn"
          }
        ],
        "varSetString": {
          "value": "bfd",
          "var": "bdt_game_mode"
        },
        "varSetReal": {
          "value": 2000.0,
          "var": [
            "bdt_t1_min_zone_distance",
            "bdt_t2_min_zone_distance"
          ]
        }
      },
      "else_actions": {}
    }
  },
  "mission_objectives": {
    "isCategory": true,
    "is_enabled": true
  },
  "variables": {},
  "dialogs": {},
  "airfields": {},
  "effects": {},
  "units": {
    "objectGroups": [
      {
        "name": "bdt_t2_bomb_object_01",
        "tm": [
          [
            0.318758,
            0.0,
            -0.947835
          ],
          [
            0.0,
            1.0,
            0.0
          ],
          [
            0.947835,
            0.0,
            0.318758
          ],
          [
            -501.004,
            138.157,
            8053.32
          ]
        ],
        "unit_class": "dynBase_hq_camp_square",
        "objLayer": 2,
        "props": {
          "army": 2,
          "active": true
        }
      },
      {
        "name": "bdt_t2_bomb_object_02",
        "tm": [
          [
            -0.745284,
            0.0,
            -0.666749
          ],
          [
            0.0,
            1.0,
            0.0
          ],
          [
            0.666749,
            0.0,
            -0.745284
          ],
          [
            -3045.11,
            141.234,
            7071.57
          ]
        ],
        "unit_class": "dynBase_fuel_storage_square",
        "objLayer": 2,
        "props": {
          "army": 2,
          "active": true
        }
      },
      {
        "name": "bdt_t2_bomb_object_03",
        "tm": [
          [
            0.836925,
            0.0,
            -0.547322
          ],
          [
            0.0,
            1.0,
            0.0
          ],
          [
            0.547322,
            0.0,
            0.836925
          ],
          [
            -4690.31,
            149.629,
            5238.92
          ]
        ],
        "unit_class": "dynBase_oil_storage_small_square",
        "objLayer": 2,
        "props": {
          "army": 2,
          "active": true
        }
      },
      {
        "name": "bdt_t1_bomb_object_01",
        "tm": [
          [
            -0.847793,
            0.0,
            -0.530327
          ],
          [
            0.0,
            1.0,
            0.0
          ],
          [
            0.530327,
            0.0,
            -0.847793
          ],
          [
            4289.83,
            35.9219,
            -6546.51
          ]
        ],
        "unit_class": "dynBase_fuel_storage_square",
        "objLayer": 2,
        "props": {
          "army": 1,
          "active": true
        }
      },
      {
        "name": "bdt_t1_bomb_object_02",
        "tm": [
          [
            -0.266774,
            0.0,
            -0.963757
          ],
          [
            0.0,
            1.0,
            0.0
          ],
          [
            0.963757,
            0.0,
            -0.266774
          ],
          [
            1700.77,
            97.668,
            -6838.99
          ]
        ],
        "unit_class": "dynBase_small_factory_square",
        "objLayer": 2,
        "props": {
          "army": 1,
          "active": false
        }
      },
      {
        "name": "bdt_t1_bomb_object_03",
        "tm": [
          [
            0.658176,
            0.0,
            -0.752864
          ],
          [
            0.0,
            1.0,
            0.0
          ],
          [
            0.752864,
            0.0,
            0.658176
          ],
          [
            -1774.32,
            252.361,
            -5470.52
          ]
        ],
        "unit_class": "dynBase_oil_storage_small_square",
        "objLayer": 2,
        "props": {
          "army": 1,
          "active": false
        }
      },
      {
        "name": "bdt_t2_bomb_object_04",
        "tm": [
          [
            0.804769,
            0.0,
            -0.593587
          ],
          [
            0.0,
            1.0,
            0.0
          ],
          [
            0.593587,
            0.0,
            0.804769
          ],
          [
            2464.4,
            28.149,
            8340.34
          ]
        ],
        "unit_class": "dynBase_small_factory_square",
        "objLayer": 2,
        "props": {
          "army": 2,
          "active": true
        }
      },
      {
        "name": "bdt_t1_bomb_object_04",
        "tm": [
          [
            0.353043,
            0.0,
            -0.935607
          ],
          [
            0.0,
            1.0,
            0.0
          ],
          [
            0.935607,
            0.0,
            0.353043
          ],
          [
            -3900.03,
            383.385,
            -3307.64
          ]
        ],
        "unit_class": "dynBase_field_camp_square",
        "objLayer": 2,
        "props": {
          "army": 1,
          "active": false
        }
      },
      {
        "name": "bdt_t1_bomb_object_05",
        "tm": [
          [
            0.353043,
            0.0,
            -0.935607
          ],
          [
            0.0,
            1.0,
            0.0
          ],
          [
            0.935607,
            0.0,
            0.353043
          ],
          [
            -5319.09,
            271.808,
            -5167.89
          ]
        ],
        "unit_class": "dynBase_military_base_square",
        "objLayer": 2,
        "props": {
          "army": 1,
          "active": false
        }
      },
      {
        "name": "bdt_t1_bomb_object_06",
        "tm": [
          [
            0.353043,
            0.0,
            -0.935607
          ],
          [
            0.0,
            1.0,
            0.0
          ],
          [
            0.935607,
            0.0,
            0.353043
          ],
          [
            -2954.47,
            312.463,
            -6213.4
          ]
        ],
        "unit_class": "dynBase_oil_storage_large_square",
        "objLayer": 2,
        "props": {
          "army": 1,
          "active": false
        }
      },
      {
        "name": "bdt_t1_bomb_object_07",
        "tm": [
          [
            0.353043,
            0.0,
            -0.935607
          ],
          [
            0.0,
            1.0,
            0.0
          ],
          [
            0.935607,
            0.0,
            0.353043
          ],
          [
            -1220.24,
            214.58,
            -7438.6
          ]
        ],
        "unit_class": "dynBase_oil_storage_large_square",
        "objLayer": 2,
        "props": {
          "army": 1,
          "active": false
        }
      },
      {
        "name": "bdt_t1_bomb_object_08",
        "tm": [
          [
            -0.847793,
            0.0,
            -0.530327
          ],
          [
            0.0,
            1.0,
            0.0
          ],
          [
            0.530327,
            0.0,
            -0.847793
          ],
          [
            4528.61,
            5.01923,
            -8056.47
          ]
        ],
        "unit_class": "dynBase_small_factory_square",
        "objLayer": 2,
        "props": {
          "army": 1,
          "active": true
        }
      },
      {
        "name": "bdt_t1_bomb_object_09",
        "tm": [
          [
            -0.847793,
            0.0,
            -0.530327
          ],
          [
            0.0,
            1.0,
            0.0
          ],
          [
            0.530327,
            0.0,
            -0.847793
          ],
          [
            2163.14,
            25.48,
            -7832.4
          ]
        ],
        "unit_class": "dynBase_hq_camp_square",
        "objLayer": 2,
        "props": {
          "army": 1,
          "active": true
        }
      },
      {
        "name": "bdt_t1_bomb_object_10",
        "tm": [
          [
            -0.847793,
            0.0,
            -0.530327
          ],
          [
            0.0,
            1.0,
            0.0
          ],
          [
            0.530327,
            0.0,
            -0.847793
          ],
          [
            436.796,
            170.072,
            -8149.57
          ]
        ],
        "unit_class": "dynBase_petrol_camp_square",
        "objLayer": 2,
        "props": {
          "army": 1,
          "active": true
        }
      },
      {
        "name": "bdt_t2_bomb_object_05",
        "tm": [
          [
            0.804769,
            0.0,
            -0.593587
          ],
          [
            0.0,
            1.0,
            0.0
          ],
          [
            0.593587,
            0.0,
            0.804769
          ],
          [
            3638.57,
            7.37531,
            10326.3
          ]
        ],
        "unit_class": "dynBase_petrol_camp_square",
        "objLayer": 2,
        "props": {
          "army": 2,
          "active": true
        }
      },
      {
        "name": "bdt_t2_bomb_object_06",
        "tm": [
          [
            0.98921,
            0.0,
            -0.146504
          ],
          [
            0.0,
            1.0,
            0.0
          ],
          [
            0.146504,
            0.0,
            0.98921
          ],
          [
            1566.73,
            23.9493,
            10606.0
          ]
        ],
        "unit_class": "dynBase_military_base_square",
        "objLayer": 2,
        "props": {
          "army": 2,
          "active": true
        }
      },
      {
        "name": "bdt_t2_bomb_object_07",
        "tm": [
          [
            0.804769,
            0.0,
            -0.593587
          ],
          [
            0.0,
            1.0,
            0.0
          ],
          [
            0.593587,
            0.0,
            0.804769
          ],
          [
            -1330.92,
            69.1679,
            9800.42
          ]
        ],
        "unit_class": "dynBase_fuel_storage_square",
        "objLayer": 2,
        "props": {
          "army": 2,
          "active": true
        }
      },
      {
        "name": "bdt_t2_bomb_object_08",
        "tm": [
          [
            0.836925,
            0.0,
            -0.547322
          ],
          [
            0.0,
            1.0,
            0.0
          ],
          [
            0.547322,
            0.0,
            0.836925
          ],
          [
            -6128.95,
            115.661,
            5134.8
          ]
        ],
        "unit_class": "dynBase_ammunition_storage_square",
        "objLayer": 2,
        "props": {
          "army": 2,
          "active": true
        }
      },
      {
        "name": "bdt_t2_bomb_object_09",
        "tm": [
          [
            0.836925,
            0.0,
            -0.547322
          ],
          [
            0.0,
            1.0,
            0.0
          ],
          [
            0.547322,
            0.0,
            0.836925
          ],
          [
            -5287.56,
            138.502,
            6572.58
          ]
        ],
        "unit_class": "dynBase_field_camp_square",
        "objLayer": 2,
        "props": {
          "army": 2,
          "active": true
        }
      },
      {
        "name": "bdt_t2_bomb_object_10",
        "tm": [
          [
            0.836925,
            0.0,
            -0.547322
          ],
          [
            0.0,
            1.0,
            0.0
          ],
          [
            0.547322,
            0.0,
            0.836925
          ],
          [
            -4279.44,
            142.548,
            8468.43
          ]
        ],
        "unit_class": "dynBase_oil_storage_small_square",
        "objLayer": 2,
        "props": {
          "army": 2,
          "active": true
        }
      }
    ]
  },
  "areas": {
    "bdt_t2_bomb_zone_01": {
      "type": "Sphere",
      "tm": [
        [
          143.442,
          0.0,
          -426.527
        ],
        [
          0.0,
          450.0,
          0.0
        ],
        [
          426.527,
          0.0,
          143.442
        ],
        [
          -508.15,
          137.993,
          8053.4
        ]
      ],
      "objLayer": 0,
      "props": {}
    },
    "bdt_t2_bomb_zone_02": {
      "type": "Sphere",
      "tm": [
        [
          -44.5645,
          0.0,
          -447.789
        ],
        [
          0.0,
          450.0,
          0.0
        ],
        [
          447.789,
          0.0,
          -44.5645
        ],
        [
          -3026.76,
          141.331,
          7060.32
        ]
      ],
      "objLayer": 0,
      "props": {}
    },
    "bdt_t2_bomb_zone_03": {
      "type": "Sphere",
      "tm": [
        [
          376.616,
          0.0,
          -246.296
        ],
        [
          0.0,
          450.0,
          0.0
        ],
        [
          246.296,
          0.0,
          376.616
        ],
        [
          -4690.12,
          149.568,
          5248.68
        ]
      ],
      "objLayer": 0,
      "props": {}
    },
    "bdt_t1_bomb_zone_01": {
      "type": "Sphere",
      "tm": [
        [
          -381.507,
          0.0,
          -238.648
        ],
        [
          0.0,
          450.0,
          0.0
        ],
        [
          238.648,
          0.0,
          -381.507
        ],
        [
          4281.02,
          28.6449,
          -6555.63
        ]
      ],
      "objLayer": 0,
      "props": {}
    },
    "bdt_t1_bomb_zone_02": {
      "type": "Sphere",
      "tm": [
        [
          -211.07,
          0.0,
          -397.429
        ],
        [
          0.0,
          450.0,
          0.0
        ],
        [
          397.429,
          0.0,
          -211.07
        ],
        [
          1700.57,
          97.6638,
          -6843.79
        ]
      ],
      "objLayer": 0,
      "props": {}
    },
    "bdt_t1_bomb_zone_03": {
      "type": "Sphere",
      "tm": [
        [
          144.98,
          0.0,
          -426.007
        ],
        [
          0.0,
          450.0,
          0.0
        ],
        [
          426.007,
          0.0,
          144.98
        ],
        [
          -1771.94,
          245.792,
          -5475.72
        ]
      ],
      "objLayer": 0,
      "props": {}
    },
    "bdt_t2_bomb_zone_04": {
      "type": "Sphere",
      "tm": [
        [
          362.145,
          0.0,
          -267.115
        ],
        [
          0.0,
          450.0,
          0.0
        ],
        [
          267.115,
          0.0,
          362.145
        ],
        [
          2469.47,
          28.1376,
          8334.21
        ]
      ],
      "objLayer": 0,
      "props": {}
    },
    "bdt_t1_bomb_zone_04": {
      "type": "Sphere",
      "tm": [
        [
          144.98,
          0.0,
          -426.007
        ],
        [
          0.0,
          450.0,
          0.0
        ],
        [
          426.007,
          0.0,
          144.98
        ],
        [
          -3894.49,
          383.31,
          -3306.04
        ]
      ],
      "objLayer": 0,
      "props": {}
    },
    "bdt_t2_bomb_zone_01_aaa_point_01": {
      "type": "Point",
      "tm": [
        [
          0.793865,
          0.0,
          -0.608092
        ],
        [
          0.0,
          1.0,
          0.0
        ],
        [
          0.608092,
          0.0,
          0.793865
        ],
        [
          -622.892,
          120.573,
          7859.42
        ]
      ],
      "objLayer": 0,
      "props": {}
    },
    "bdt_t2_bomb_zone_01_aaa_point_02": {
      "type": "Point",
      "tm": [
        [
          0.793865,
          0.0,
          -0.608092
        ],
        [
          0.0,
          1.0,
          0.0
        ],
        [
          0.608092,
          0.0,
          0.793865
        ],
        [
          -459.675,
          137.386,
          8341.65
        ]
      ],
      "objLayer": 0,
      "props": {}
    },
    "bdt_t2_bomb_zone_01_aaa_point_03": {
      "type": "Point",
      "tm": [
        [
          0.793865,
          0.0,
          -0.608092
        ],
        [
          0.0,
          1.0,
          0.0
        ],
        [
          0.608092,
          0.0,
          0.793865
        ],
        [
          -360.564,
          137.282,
          8275.81
        ]
      ],
      "objLayer": 0,
      "props": {}
    },
    "bdt_t2_bomb_zone_01_aaa_point_04": {
      "type": "Point",
      "tm": [
        [
          0.793865,
          0.0,
          -0.608092
        ],
        [
          0.0,
          1.0,
          0.0
        ],
        [
          0.608092,
          0.0,
          0.793865
        ],
        [
          -40.73,
          104.667,
          8060.53
        ]
      ],
      "objLayer": 0,
      "props": {}
    },
    "bdt_t2_bomb_zone_02_aaa_point_01": {
      "type": "Point",
      "tm": [
        [
          0.473733,
          0.0,
          -0.880667
        ],
        [
          0.0,
          1.0,
          0.0
        ],
        [
          0.880667,
          0.0,
          0.473733
        ],
        [
          -3252.38,
          140.26,
          7164.5
        ]
      ],
      "objLayer": 0,
      "props": {}
    },
    "bdt_t2_bomb_zone_02_aaa_point_02": {
      "type": "Point",
      "tm": [
        [
          0.473733,
          0.0,
          -0.880667
        ],
        [
          0.0,
          1.0,
          0.0
        ],
        [
          0.880667,
          0.0,
          0.473733
        ],
        [
          -2713.38,
          145.992,
          7154.78
        ]
      ],
      "objLayer": 0,
      "props": {}
    },
    "bdt_t2_bomb_zone_02_aaa_point_03": {
      "type": "Point",
      "tm": [
        [
          0.473733,
          0.0,
          -0.880667
        ],
        [
          0.0,
          1.0,
          0.0
        ],
        [
          0.880667,
          0.0,
          0.473733
        ],
        [
          -3052.15,
          141.21,
          7338.69
        ]
      ],
      "objLayer": 0,
      "props": {}
    },
    "bdt_t2_bomb_zone_02_aaa_point_04": {
      "type": "Point",
      "tm": [
        [
          0.473733,
          0.0,
          -0.880667
        ],
        [
          0.0,
          1.0,
          0.0
        ],
        [
          0.880667,
          0.0,
          0.473733
        ],
        [
          -2954.09,
          145.635,
          6842.72
        ]
      ],
      "objLayer": 0,
      "props": {}
    },
    "bdt_t2_bomb_zone_03_aaa_point_01": {
      "type": "Point",
      "tm": [
        [
          0.473733,
          0.0,
          -0.880667
        ],
        [
          0.0,
          1.0,
          0.0
        ],
        [
          0.880667,
          0.0,
          0.473733
        ],
        [
          -4801.38,
          151.858,
          4809.73
        ]
      ],
      "objLayer": 0,
      "props": {}
    },
    "bdt_t2_bomb_zone_03_aaa_point_02": {
      "type": "Point",
      "tm": [
        [
          0.473733,
          0.0,
          -0.880667
        ],
        [
          0.0,
          1.0,
          0.0
        ],
        [
          0.880667,
          0.0,
          0.473733
        ],
        [
          -4399.27,
          150.933,
          5279.96
        ]
      ],
      "objLayer": 0,
      "props": {}
    },
    "bdt_t2_bomb_zone_03_aaa_point_03": {
      "type": "Point",
      "tm": [
        [
          0.473733,
          0.0,
          -0.880667
        ],
        [
          0.0,
          1.0,
          0.0
        ],
        [
          0.880667,
          0.0,
          0.473733
        ],
        [
          -4560.39,
          147.752,
          5541.6
        ]
      ],
      "objLayer": 0,
      "props": {}
    },
    "bdt_t2_bomb_zone_03_aaa_point_04": {
      "type": "Point",
      "tm": [
        [
          0.473733,
          0.0,
          -0.880667
        ],
        [
          0.0,
          1.0,
          0.0
        ],
        [
          0.880667,
          0.0,
          0.473733
        ],
        [
          -4994.96,
          148.007,
          5385.34
        ]
      ],
      "objLayer": 0,
      "props": {}
    },
    "bdt_t2_bomb_zone_04_aaa_point_01": {
      "type": "Point",
      "tm": [
        [
          0.793865,
          0.0,
          -0.608092
        ],
        [
          0.0,
          1.0,
          0.0
        ],
        [
          0.608092,
          0.0,
          0.793865
        ],
        [
          2799.66,
          982.079,
          8371.87
        ]
      ],
      "objLayer": 0,
      "props": {}
    },
    "bdt_t2_bomb_zone_04_aaa_point_02": {
      "type": "Point",
      "tm": [
        [
          0.793865,
          0.0,
          -0.608092
        ],
        [
          0.0,
          1.0,
          0.0
        ],
        [
          0.608092,
          0.0,
          0.793865
        ],
        [
          2423.59,
          30.8778,
          8633.01
        ]
      ],
      "objLayer": 0,
      "props": {}
    },
    "bdt_t2_bomb_zone_04_aaa_point_03": {
      "type": "Point",
      "tm": [
        [
          0.793865,
          0.0,
          -0.608092
        ],
        [
          0.0,
          1.0,
          0.0
        ],
        [
          0.608092,
          0.0,
          0.793865
        ],
        [
          2417.34,
          981.653,
          8072.93
        ]
      ],
      "objLayer": 0,
      "props": {}
    },
    "bdt_t2_bomb_zone_04_aaa_point_04": {
      "type": "Point",
      "tm": [
        [
          0.793865,
          0.0,
          -0.608092
        ],
        [
          0.0,
          1.0,
          0.0
        ],
        [
          0.608092,
          0.0,
          0.793865
        ],
        [
          2240.64,
          34.5689,
          8241.67
        ]
      ],
      "objLayer": 0,
      "props": {}
    },
    "bdt_t1_bomb_zone_01_aaa_point_01": {
      "type": "Point",
      "tm": [
        [
          -0.406929,
          0.0,
          -0.91346
        ],
        [
          0.0,
          1.0,
          0.0
        ],
        [
          0.91346,
          0.0,
          -0.406929
        ],
        [
          4185.65,
          114.874,
          -6791.88
        ]
      ],
      "objLayer": 0,
      "props": {}
    },
    "bdt_t1_bomb_zone_01_aaa_point_02": {
      "type": "Point",
      "tm": [
        [
          -0.406929,
          0.0,
          -0.91346
        ],
        [
          0.0,
          1.0,
          0.0
        ],
        [
          0.91346,
          0.0,
          -0.406929
        ],
        [
          4436.76,
          135.647,
          -6356.07
        ]
      ],
      "objLayer": 0,
      "props": {}
    },
    "bdt_t1_bomb_zone_01_aaa_point_03": {
      "type": "Point",
      "tm": [
        [
          -0.406929,
          0.0,
          -0.91346
        ],
        [
          0.0,
          1.0,
          0.0
        ],
        [
          0.91346,
          0.0,
          -0.406929
        ],
        [
          4081.51,
          135.659,
          -6434.81
        ]
      ],
      "objLayer": 0,
      "props": {}
    },
    "bdt_t1_bomb_zone_01_aaa_point_04": {
      "type": "Point",
      "tm": [
        [
          -0.406929,
          0.0,
          -0.91346
        ],
        [
          0.0,
          1.0,
          0.0
        ],
        [
          0.91346,
          0.0,
          -0.406929
        ],
        [
          4271.25,
          135.651,
          -6307.51
        ]
      ],
      "objLayer": 0,
      "props": {}
    },
    "bdt_t1_bomb_zone_02_aaa_point_01": {
      "type": "Point",
      "tm": [
        [
          -0.406929,
          0.0,
          -0.91346
        ],
        [
          0.0,
          1.0,
          0.0
        ],
        [
          0.91346,
          0.0,
          -0.406929
        ],
        [
          1785.0,
          97.4448,
          -7100.66
        ]
      ],
      "objLayer": 0,
      "props": {}
    },
    "bdt_t1_bomb_zone_02_aaa_point_02": {
      "type": "Point",
      "tm": [
        [
          -0.406929,
          0.0,
          -0.91346
        ],
        [
          0.0,
          1.0,
          0.0
        ],
        [
          0.91346,
          0.0,
          -0.406929
        ],
        [
          1964.81,
          97.5518,
          -6872.77
        ]
      ],
      "objLayer": 0,
      "props": {}
    },
    "bdt_t1_bomb_zone_02_aaa_point_03": {
      "type": "Point",
      "tm": [
        [
          -0.406929,
          0.0,
          -0.91346
        ],
        [
          0.0,
          1.0,
          0.0
        ],
        [
          0.91346,
          0.0,
          -0.406929
        ],
        [
          1319.34,
          97.9897,
          -6603.7
        ]
      ],
      "objLayer": 0,
      "props": {}
    },
    "bdt_t1_bomb_zone_02_aaa_point_04": {
      "type": "Point",
      "tm": [
        [
          -0.406929,
          0.0,
          -0.91346
        ],
        [
          0.0,
          1.0,
          0.0
        ],
        [
          0.91346,
          0.0,
          -0.406929
        ],
        [
          1866.88,
          97.8018,
          -6559.7
        ]
      ],
      "objLayer": 0,
      "props": {}
    },
    "bdt_t1_bomb_zone_03_aaa_point_01": {
      "type": "Point",
      "tm": [
        [
          0.346195,
          0.0,
          -0.938162
        ],
        [
          0.0,
          1.0,
          0.0
        ],
        [
          0.938162,
          0.0,
          0.346195
        ],
        [
          -2059.54,
          260.225,
          -5366.16
        ]
      ],
      "objLayer": 0,
      "props": {}
    },
    "bdt_t1_bomb_zone_03_aaa_point_02": {
      "type": "Point",
      "tm": [
        [
          0.346195,
          0.0,
          -0.938162
        ],
        [
          0.0,
          1.0,
          0.0
        ],
        [
          0.938162,
          0.0,
          0.346195
        ],
        [
          -1540.81,
          250.447,
          -5547.91
        ]
      ],
      "objLayer": 0,
      "props": {}
    },
    "bdt_t1_bomb_zone_03_aaa_point_03": {
      "type": "Point",
      "tm": [
        [
          0.346195,
          0.0,
          -0.938162
        ],
        [
          0.0,
          1.0,
          0.0
        ],
        [
          0.938162,
          0.0,
          0.346195
        ],
        [
          -1572.35,
          262.921,
          -5269.74
        ]
      ],
      "objLayer": 0,
      "props": {}
    },
    "bdt_t1_bomb_zone_03_aaa_point_04": {
      "type": "Point",
      "tm": [
        [
          0.346195,
          0.0,
          -0.938162
        ],
        [
          0.0,
          1.0,
          0.0
        ],
        [
          0.938162,
          0.0,
          0.346195
        ],
        [
          -1873.59,
          250.668,
          -5716.02
        ]
      ],
      "objLayer": 0,
      "props": {}
    },
    "bdt_t1_bomb_zone_04_aaa_point_01": {
      "type": "Point",
      "tm": [
        [
          0.346195,
          0.0,
          -0.938162
        ],
        [
          0.0,
          1.0,
          0.0
        ],
        [
          0.938162,
          0.0,
          0.346195
        ],
        [
          -3920.86,
          388.788,
          -3621.75
        ]
      ],
      "objLayer": 0,
      "props": {}
    },
    "bdt_t1_bomb_zone_04_aaa_point_02": {
      "type": "Point",
      "tm": [
        [
          0.346195,
          0.0,
          -0.938162
        ],
        [
          0.0,
          1.0,
          0.0
        ],
        [
          0.938162,
          0.0,
          0.346195
        ],
        [
          -3669.72,
          383.156,
          -3421.59
        ]
      ],
      "objLayer": 0,
      "props": {}
    },
    "bdt_t1_bomb_zone_04_aaa_point_03": {
      "type": "Point",
      "tm": [
        [
          0.346195,
          0.0,
          -0.938162
        ],
        [
          0.0,
          1.0,
          0.0
        ],
        [
          0.938162,
          0.0,
          0.346195
        ],
        [
          -4169.42,
          387.213,
          -3401.06
        ]
      ],
      "objLayer": 0,
      "props": {}
    },
    "bdt_t1_bomb_zone_04_aaa_point_04": {
      "type": "Point",
      "tm": [
        [
          0.346195,
          0.0,
          -0.938162
        ],
        [
          0.0,
          1.0,
          0.0
        ],
        [
          0.938162,
          0.0,
          0.346195
        ],
        [
          -3693.23,
          390.825,
          -3065.17
        ]
      ],
      "objLayer": 0,
      "props": {}
    },
    "bdt_t1_bomb_zone_05": {
      "type": "Sphere",
      "tm": [
        [
          144.98,
          0.0,
          -426.007
        ],
        [
          0.0,
          450.0,
          0.0
        ],
        [
          426.007,
          0.0,
          144.98
        ],
        [
          -5313.51,
          271.911,
          -5166.26
        ]
      ],
      "objLayer": 0,
      "props": {}
    },
    "bdt_t1_bomb_zone_06": {
      "type": "Sphere",
      "tm": [
        [
          144.98,
          0.0,
          -426.007
        ],
        [
          0.0,
          450.0,
          0.0
        ],
        [
          426.007,
          0.0,
          144.98
        ],
        [
          -2948.94,
          312.432,
          -6211.79
        ]
      ],
      "objLayer": 0,
      "props": {}
    },
    "bdt_t1_bomb_zone_07": {
      "type": "Sphere",
      "tm": [
        [
          144.98,
          0.0,
          -426.007
        ],
        [
          0.0,
          450.0,
          0.0
        ],
        [
          426.007,
          0.0,
          144.98
        ],
        [
          -1214.61,
          192.855,
          -7436.92
        ]
      ],
      "objLayer": 0,
      "props": {}
    },
    "bdt_t1_bomb_zone_08": {
      "type": "Sphere",
      "tm": [
        [
          -381.507,
          0.0,
          -238.648
        ],
        [
          0.0,
          450.0,
          0.0
        ],
        [
          238.648,
          0.0,
          -381.507
        ],
        [
          4519.8,
          6.37799,
          -8065.6
        ]
      ],
      "objLayer": 0,
      "props": {}
    },
    "bdt_t1_bomb_zone_09": {
      "type": "Sphere",
      "tm": [
        [
          -381.507,
          0.0,
          -238.648
        ],
        [
          0.0,
          450.0,
          0.0
        ],
        [
          238.648,
          0.0,
          -381.507
        ],
        [
          2154.41,
          16.707,
          -7841.44
        ]
      ],
      "objLayer": 0,
      "props": {}
    },
    "bdt_t1_bomb_zone_10": {
      "type": "Sphere",
      "tm": [
        [
          -381.507,
          0.0,
          -238.648
        ],
        [
          0.0,
          450.0,
          0.0
        ],
        [
          238.648,
          0.0,
          -381.507
        ],
        [
          427.987,
          170.045,
          -8158.72
        ]
      ],
      "objLayer": 0,
