{
  "selected_tag": "",
  "bin_dump_file": "",
  "mission_settings": {
    "player": {
      "army": 1
    },
    "player_teamB": {
      "army": 2
    },
    "mission": {
      "level": "levels/water.bin",
      "type": "singleMission",
      "environment": "Day",
      "weather": "clear",
      "restoreType": "attempts",
      "optionalTakeOff": false
    },
    "spectator_points": {}
  },
  "imports": {},
  "triggers": {
    "isCategory": true,
    "is_enabled": true,
    "ft_small_init": {
      "is_enabled": true,
      "comments": "",
      "props": {
        "actionsType": "PERFORM_ONE_BY_ONE",
        "conditionsType": "ALL",
        "enableAfterComplete": false
      },
      "events": {
        "initMission": {}
      },
      "conditions": {},
      "actions": {
        "varSetInt": [
          {
            "value": 3,
            "var": [
              "ft_t1_max_near_airfields_count",
              "ft_t2_max_near_airfields_count"
            ]
          },
          {
            "value": 2,
            "var": [
              "ft_t1_max_mid_airfields_count",
              "ft_t2_max_mid_airfields_count"
            ]
          },
          {
            "value": 2,
            "var": [
              "ft_t1_max_far_airfields_count",
              "ft_t2_max_far_airfields_count"
            ]
          }
        ]
      },
      "else_actions": {}
    }
  },
  "mission_objectives": {
    "isCategory": true,
    "is_enabled": true
  },
  "variables": {},
  "dialogs": {},
  "airfields": {},
  "effects": {},
  "units": {
    "objectGroups": [
      {
        "name": "ft_t1_airfield_02_01",
        "tm": [
          [
            -0.655556,
            0.0,
            -0.755146
          ],
          [
            0.0,
            1.0,
            0.0
          ],
          [
            0.755146,
            0.0,
            -0.655556
          ],
          [
            -26976.4,
            39.4841,
            -37261.6
          ]
        ],
        "unit_class": "dynaf_universal_1line_b",
        "objLayer": 2,
        "props": {
          "army": 1,
          "active": false
        }
      },
      {
        "name": "ft_t1_airfield_02_02",
        "tm": [
          [
            0.269469,
            0.0,
            -0.963009
          ],
          [
            0.0,
            1.0,
            0.0
          ],
          [
            0.963009,
            0.0,
            0.269469
          ],
          [
            11548.3,
            74.4375,
            -38694.3
          ]
        ],
        "unit_class": "dynaf_universal_1line_b",
        "objLayer": 2,
        "props": {
          "army": 1,
          "active": false
        }
      },
      {
        "name": "ft_t1_airfield_03_01",
        "tm": [
          [
            -0.131165,
            0.0,
            -0.991362
          ],
          [
            0.0,
            1.0,
            0.0
          ],
          [
            0.991362,
            0.0,
            -0.131165
          ],
          [
            28311.4,
            113.055,
            -20678.8
          ]
        ],
        "unit_class": "dynaf_universal_1line_d",
        "objLayer": 2,
        "props": {
          "army": 1,
          "active": false
        }
      },
      {
        "name": "ft_t1_airfield_03_02",
        "tm": [
          [
            0.41853,
            0.0,
            -0.908204
          ],
          [
            0.0,
            1.0,
            0.0
          ],
          [
            0.908204,
            0.0,
            0.41853
          ],
          [
            -26475.6,
            56.166,
            -19748.0
          ]
        ],
        "unit_class": "dynaf_universal_1line_d",
        "objLayer": 2,
        "props": {
          "army": 1,
          "active": false
        }
      },
      {
        "name": "ft_t2_airfield_01_01",
        "tm": [
          [
            0.260201,
            0.0,
            0.965553
          ],
          [
            0.0,
            1.0,
            0.0
          ],
          [
            -0.965553,
            0.0,
            0.260201
          ],
          [
            -18137.1,
            77.7366,
            56612.4
          ]
        ],
        "unit_class": "dynaf_universal_1line_c_big",
        "objLayer": 2,
        "props": {
          "army": 2,
          "active": false
        }
      },
      {
        "name": "ft_t2_airfield_01_02",
        "tm": [
          [
            -0.0469051,
            0.0,
            0.9989
          ],
          [
            0.0,
            1.0,
            0.0
          ],
          [
            -0.9989,
            0.0,
            -0.0469051
          ],
          [
            -54504.5,
            97.6482,
            58012.5
          ]
        ],
        "unit_class": "dynaf_universal_1line_c_big",
        "objLayer": 2,
        "props": {
          "army": 2,
          "active": false
        }
      },
      {
        "name": "ft_t2_airfield_02_01",
        "tm": [
          [
            -0.185062,
            0.0,
            0.982726
          ],
          [
            0.0,
            1.0,
            0.0
          ],
          [
            -0.982726,
            0.0,
            -0.185062
          ],
          [
            -35524.9,
            77.5332,
            40607.2
          ]
        ],
        "unit_class": "dynaf_universal_1line_c",
        "objLayer": 2,
        "props": {
          "army": 2,
          "active": false
        }
      },
      {
        "name": "ft_t2_airfield_02_02",
        "tm": [
          [
            -0.452037,
            0.0,
            0.892
          ],
          [
            0.0,
            1.0,
            0.0
          ],
          [
            -0.892,
            0.0,
            -0.452037
          ],
          [
            -56004.4,
            138.517,
            36757.6
          ]
        ],
        "unit_class": "dynaf_universal_1line_c_big",
        "objLayer": 2,
        "props": {
          "army": 2,
          "active": false
        }
      },
      {
        "name": "ft_t2_airfield_03_01",
        "tm": [
          [
            -0.72105,
            0.0,
            0.692885
          ],
          [
            0.0,
            1.0,
            0.0
          ],
          [
            -0.692885,
            0.0,
            -0.72105
          ],
          [
            3363.2,
            27.35,
            14441.2
          ]
        ],
        "unit_class": "dynaf_universal_1line_d",
        "objLayer": 2,
        "props": {
          "army": 2,
          "active": false
        }
      },
      {
        "name": "ft_t2_airfield_03_02",
        "tm": [
          [
            0.194243,
            0.0,
            0.980953
          ],
          [
            0.0,
            1.0,
            0.0
          ],
          [
            -0.980953,
            0.0,
            0.194243
          ],
          [
            30296.4,
            89.55,
            11636.0
          ]
        ],
        "unit_class": "dynaf_universal_1line_d",
        "objLayer": 2,
        "props": {
          "army": 2,
          "active": false
        }
      },
      {
        "name": "ft_t1_airfield_01_01",
        "tm": [
          [
            0.463777,
            0.0,
            -0.885953
          ],
          [
            0.0,
            1.0,
            0.0
          ],
          [
            0.885953,
            0.0,
            0.463777
          ],
          [
            52455.2,
            128.208,
            -56135.0
          ]
        ],
        "unit_class": "dynaf_universal_1line_c_big",
        "objLayer": 2,
        "props": {
          "army": 1,
          "active": false
        }
      },
      {
        "name": "ft_t1_airfield_01_02",
        "tm": [
          [
            0.357185,
            0.0,
            -0.934033
          ],
          [
            0.0,
            1.0,
            0.0
          ],
          [
            0.934033,
            0.0,
            0.357185
          ],
          [
            -37645.8,
            131.131,
            -54167.9
          ]
        ],
        "unit_class": "dynaf_universal_1line_c",
        "objLayer": 2,
        "props": {
          "army": 1,
          "active": false
        }
      },
      {
        "name": "ft_t1_airfield_03_03",
        "tm": [
          [
            -0.131165,
            0.0,
            -0.991362
          ],
          [
            0.0,
            1.0,
            0.0
          ],
          [
            0.991362,
            0.0,
            -0.131165
          ],
          [
            6753.44,
            92.0156,
            -19874.8
          ]
        ],
        "unit_class": "dynaf_universal_1line_d",
        "objLayer": 2,
        "props": {
          "army": 1,
          "active": false
        }
      },
      {
        "name": "ft_t1_airfield_03_04",
        "tm": [
          [
            -0.191012,
            0.0,
            -0.981589
          ],
          [
            0.0,
            1.0,
            0.0
          ],
          [
            0.981589,
            0.0,
            -0.191012
          ],
          [
            -55857.1,
            72.1948,
            -20782.4
          ]
        ],
        "unit_class": "dynaf_universal_1line_d",
        "objLayer": 2,
        "props": {
          "army": 1,
          "active": false
        }
      },
      {
        "name": "ft_t2_airfield_03_03",
        "tm": [
          [
            -0.238649,
            0.0,
            0.971107
          ],
          [
            0.0,
            1.0,
            0.0
          ],
          [
            -0.971107,
            0.0,
            -0.238649
          ],
          [
            -28799.9,
            40.3161,
            13763.3
          ]
        ],
        "unit_class": "dynaf_universal_1line_d",
        "objLayer": 2,
        "props": {
          "army": 2,
          "active": false
        }
      },
      {
        "name": "ft_t2_airfield_02_03",
        "tm": [
          [
            0.658607,
            0.0,
            0.752489
          ],
          [
            0.0,
            1.0,
            0.0
          ],
          [
            -0.752489,
            0.0,
            0.658607
          ],
          [
            59509.6,
            44.7625,
            27303.8
          ]
        ],
        "unit_class": "dynaf_universal_1line_c_big",
        "objLayer": 2,
        "props": {
          "army": 2,
          "active": false
        }
      },
      {
        "name": "ft_t1_airfield_02_03",
        "tm": [
          [
            0.374893,
            0.0,
            -0.927068
          ],
          [
            0.0,
            1.0,
            0.0
          ],
          [
            0.927068,
            0.0,
            0.374893
          ],
          [
            40872.2,
            94.6379,
            -37614.2
          ]
        ],
        "unit_class": "dynaf_universal_1line_b_big",
        "objLayer": 2,
        "props": {
          "army": 1,
          "active": false
        }
      },
      {
        "name": "ft_t2_airfield_03_04",
        "tm": [
          [
            -0.238649,
            0.0,
            0.971107
          ],
          [
            0.0,
            1.0,
            0.0
          ],
          [
            -0.971107,
            0.0,
            -0.238649
          ],
          [
            -57107.6,
            67.416,
            12807.8
          ]
        ],
        "unit_class": "dynaf_universal_1line_d",
        "objLayer": 2,
        "props": {
          "army": 2,
          "active": false
        }
      },
      {
        "name": "ft_t1_airfield_02_04",
        "tm": [
          [
            0.0506682,
            0.0,
            -0.998715
          ],
          [
            0.0,
            1.0,
            0.0
          ],
          [
            0.998715,
            0.0,
            0.0506682
          ],
          [
            -54006.6,
            87.8381,
            -38443.8
          ]
        ],
        "unit_class": "dynaf_universal_1line_b",
        "objLayer": 2,
        "props": {
          "army": 1,
          "active": false
        }
      },
      {
        "name": "ft_t2_airfield_01_03",
        "tm": [
          [
            -0.0469051,
            0.0,
            0.9989
          ],
          [
            0.0,
            1.0,
            0.0
          ],
          [
            -0.9989,
            0.0,
            -0.0469051
          ],
          [
            -33617.2,
            97.6484,
            57293.1
          ]
        ],
        "unit_class": "dynaf_universal_1line_c_big",
        "objLayer": 2,
        "props": {
          "army": 2,
          "active": false
        }
      },
      {
        "name": "ft_t2_airfield_02_04",
        "tm": [
          [
            0.311856,
            0.0,
            0.950129
          ],
          [
            0.0,
            1.0,
            0.0
          ],
          [
            -0.950129,
            0.0,
            0.311856
          ],
          [
            -22083.8,
            62.1018,
            43965.2
          ]
        ],
        "unit_class": "dynaf_universal_1line_c",
        "objLayer": 2,
        "props": {
          "army": 2,
          "active": false
        }
      },
      {
        "name": "ft_t2_airfield_03_05",
        "tm": [
          [
            0.0692635,
            0.0,
            0.997598
          ],
          [
            0.0,
            1.0,
            0.0
          ],
          [
            -0.997598,
            0.0,
            0.0692635
          ],
          [
            55327.9,
            89.5469,
            11644.3
          ]
        ],
        "unit_class": "dynaf_universal_1line_d",
        "objLayer": 2,
        "props": {
          "army": 2,
          "active": false
        }
      },
      {
        "name": "ft_t1_airfield_01_03",
        "tm": [
          [
            -0.187586,
            0.0,
            -0.982249
          ],
          [
            0.0,
            1.0,
            0.0
          ],
          [
            0.982249,
            0.0,
            -0.187586
          ],
          [
            20744.3,
            63.11,
            -56305.8
          ]
        ],
        "unit_class": "dynaf_universal_1line_c_big",
        "objLayer": 2,
        "props": {
          "army": 1,
          "active": false
        }
      }
    ],
    "squad": [
      {
        "name": "ft_t1_airfields_squad",
        "tm": [
          [
            -0.991445,
            0.0,
            -0.130526
          ],
          [
            0.0,
            1.0,
            0.0
          ],
          [
            0.130526,
            0.0,
            -0.991445
          ],
          [
            -27316.7,
            3.85156,
            -88012.6
          ]
        ],
        "props": {
          "object_marking": 0,
          "squad_members": [
            "ft_t1_airfield_01_01",
            "ft_t1_airfield_01_02",
            "ft_t1_airfield_01_03",
            "ft_t1_airfield_02_01",
            "ft_t1_airfield_02_02",
            "ft_t1_airfield_02_03",
            "ft_t1_airfield_02_04",
            "ft_t1_airfield_03_01",
            "ft_t1_airfield_03_02",
            "ft_t1_airfield_03_03",
            "ft_t1_airfield_03_04"
          ]
        }
      },
      {
        "name": "ft_t2_airfields_squad",
        "tm": [
          [
            -0.991445,
            0.0,
            -0.130526
          ],
          [
            0.0,
            1.0,
            0.0
          ],
          [
            0.130526,
            0.0,
            -0.991445
          ],
          [
            230.344,
            7.98047,
            72155.4
          ]
        ],
        "props": {
          "object_marking": 0,
          "squad_members": [
            "ft_t2_airfield_01_01",
            "ft_t2_airfield_01_02",
            "ft_t2_airfield_01_03",
            "ft_t2_airfield_02_01",
            "ft_t2_airfield_02_02",
            "ft_t2_airfield_02_03",
            "ft_t2_airfield_02_04",
            "ft_t2_airfield_03_01",
            "ft_t2_airfield_03_02",
            "ft_t2_airfield_03_03",
            "ft_t2_airfield_03_04",
            "ft_t2_airfield_03_05"
          ]
        }
      },
      {
        "name": "all_bomb_targets_squad",
        "tm": [
          [
            -0.991445,
            0.0,
            -0.130526
          ],
          [
            0.0,
            1.0,
            0.0
          ],
          [
            0.130526,
            0.0,
            -0.991445
          ],
          [
            -80923.5,
            7.97266,
            -3909.71
          ]
        ],
        "props": {
          "object_marking": 0,
          "squad_members": [
            "ft_t1_airfield_01_01_bomb_target",
            "ft_t1_airfield_01_02_bomb_target",
            "ft_t1_airfield_01_03_bomb_target",
            "ft_t1_airfield_02_01_bomb_target",
            "ft_t1_airfield_02_02_bomb_target",
            "ft_t1_airfield_02_03_bomb_target",
            "ft_t1_airfield_02_04_bomb_target",
            "ft_t2_airfield_02_01_bomb_target",
            "ft_t1_airfield_03_01_bomb_target",
            "ft_t1_airfield_03_02_bomb_target",
            "ft_t1_airfield_03_03_bomb_target",
            "ft_t1_airfield_03_04_bomb_target",
            "ft_t2_airfield_01_01_bomb_target",
            "ft_t2_airfield_01_02_bomb_target",
            "ft_t2_airfield_01_03_bomb_target",
            "ft_t2_airfield_02_01_bomb_target",
            "ft_t2_airfield_02_02_bomb_target",
            "ft_t2_airfield_02_03_bomb_target",
            "ft_t2_airfield_02_04_bomb_target",
            "ft_t2_airfield_03_01_bomb_target",
            "ft_t2_airfield_03_02_bomb_target",
            "ft_t2_airfield_03_03_bomb_target",
            "ft_t2_airfield_03_04_bomb_target",
            "ft_t2_airfield_03_05_bomb_target"
          ]
        }
      }
    ],
    "structures": [
      {
        "name": "ft_t1_airfield_01_01_bomb_target",
        "tm": [
          [
            0.572609,
            0.0,
            -0.819828
          ],
          [
            0.0,
            1.0,
            0.0
          ],
          [
            0.819828,
            0.0,
            0.572609
          ],
          [
            52455.2,
            128.181,
            -56135.0
          ]
        ],
        "unit_class": "dummy_immortal",
        "objLayer": 2,
        "closed_waypoints": false,
        "isShipSpline": false,
        "shipTurnRadius": 100.0,
        "weapons": "",
        "bullets0": "",
        "bullets1": "",
        "bullets2": "",
        "bullets3": "",
        "bulletsCount0": 0,
        "bulletsCount1": 0,
        "bulletsCount2": 0,
        "bulletsCount3": 0,
        "crewSkillK": 0.0,
        "applyAllMods": false,
        "props": {
          "army": 1,
          "count": 1,
          "formation_type": "rows",
          "formation_div": 3,
          "formation_step": [
            2.5,
            2.0
          ],
          "formation_noise": [
            0.1,
            0.1
          ],
          "uniqueName": "",
          "attack_type": "fire_at_will",
          "stealthRadius": 0.0,
          "setStealth": true,
          "targetableByAi": false
        },
        "way": {}
      },
      {
        "name": "ft_t1_airfield_02_01_bomb_target",
        "tm": [
          [
            -0.655556,
            0.0,
            -0.755146
          ],
          [
            0.0,
            1.0,
            0.0
          ],
          [
            0.755146,
            0.0,
            -0.655556
          ],
          [
            -26976.4,
            39.4841,
            -37261.6
          ]
        ],
        "unit_class": "dummy_immortal",
        "objLayer": 2,
        "closed_waypoints": false,
        "isShipSpline": false,
        "shipTurnRadius": 100.0,
        "weapons": "",
        "bullets0": "",
        "bullets1": "",
        "bullets2": "",
        "bullets3": "",
        "bulletsCount0": 0,
        "bulletsCount1": 0,
        "bulletsCount2": 0,
        "bulletsCount3": 0,
        "crewSkillK": 0.0,
        "applyAllMods": false,
        "props": {
          "army": 1,
          "count": 1,
          "formation_type": "rows",
          "formation_div": 3,
          "formation_step": [
            2.5,
            2.0
          ],
          "formation_noise": [
            0.1,
            0.1
          ],
          "uniqueName": "",
          "attack_type": "fire_at_will",
          "stealthRadius": 0.0,
          "setStealth": true,
          "targetableByAi": false
        },
        "way": {}
      },
      {
        "name": "ft_t1_airfield_03_02_bomb_target",
        "tm": [
          [
            0.41853,
            0.0,
            -0.908204
          ],
          [
            0.0,
            1.0,
            0.0
          ],
          [
            0.908204,
            0.0,
            0.41853
          ],
          [
            -26475.6,
            56.166,
            -19748.0
          ]
        ],
        "unit_class": "dummy_immortal",
        "objLayer": 2,
        "closed_waypoints": false,
        "isShipSpline": false,
        "shipTurnRadius": 100.0,
        "weapons": "",
        "bullets0": "",
        "bullets1": "",
        "bullets2": "",
        "bullets3": "",
        "bulletsCount0": 0,
        "bulletsCount1": 0,
        "bulletsCount2": 0,
        "bulletsCount3": 0,
        "crewSkillK": 0.0,
        "applyAllMods": false,
        "props": {
          "army": 1,
          "count": 1,
          "formation_type": "rows",
          "formation_div": 3,
          "formation_step": [
            2.5,
            2.0
          ],
          "formation_noise": [
            0.1,
            0.1
          ],
          "uniqueName": "",
          "attack_type": "fire_at_will",
          "stealthRadius": 0.0,
          "setStealth": true,
          "targetableByAi": false
        },
        "way": {}
      },
      {
        "name": "ft_t1_airfield_02_02_bomb_target",
        "tm": [
          [
            0.269469,
            0.0,
            -0.963009
          ],
          [
            0.0,
            1.0,
            0.0
          ],
          [
            0.963009,
            0.0,
            0.269469
          ],
          [
            11548.3,
            74.4375,
            -38694.3
          ]
        ],
        "unit_class": "dummy_immortal",
        "objLayer": 2,
        "closed_waypoints": false,
        "isShipSpline": false,
        "shipTurnRadius": 100.0,
        "weapons": "",
        "bullets0": "",
        "bullets1": "",
        "bullets2": "",
        "bullets3": "",
        "bulletsCount0": 0,
        "bulletsCount1": 0,
        "bulletsCount2": 0,
        "bulletsCount3": 0,
        "crewSkillK": 0.0,
        "applyAllMods": false,
        "props": {
          "army": 1,
          "count": 1,
          "formation_type": "rows",
          "formation_div": 3,
          "formation_step": [
            2.5,
            2.0
          ],
          "formation_noise": [
            0.1,
            0.1
          ],
          "uniqueName": "",
          "attack_type": "fire_at_will",
          "stealthRadius": 0.0,
          "setStealth": true,
          "targetableByAi": false
        },
        "way": {}
      },
      {
        "name": "ft_t1_airfield_01_02_bomb_target",
        "tm": [
          [
            0.357549,
            0.0,
            -0.933894
          ],
          [
            0.0,
            1.0,
            0.0
          ],
          [
            0.933894,
            0.0,
            0.357549
          ],
          [
            -37645.7,
            130.937,
            -54168.3
          ]
        ],
        "unit_class": "dummy_immortal",
        "objLayer": 2,
        "closed_waypoints": false,
        "isShipSpline": false,
        "shipTurnRadius": 100.0,
        "weapons": "",
        "bullets0": "",
        "bullets1": "",
        "bullets2": "",
        "bullets3": "",
        "bulletsCount0": 0,
        "bulletsCount1": 0,
        "bulletsCount2": 0,
        "bulletsCount3": 0,
        "crewSkillK": 0.0,
        "applyAllMods": false,
        "props": {
          "army": 1,
          "count": 1,
          "formation_type": "rows",
          "formation_div": 3,
          "formation_step": [
            2.5,
            2.0
          ],
          "formation_noise": [
            0.1,
            0.1
          ],
          "uniqueName": "",
          "attack_type": "fire_at_will",
          "stealthRadius": 0.0,
          "setStealth": true,
          "targetableByAi": false
        },
        "way": {}
      },
      {
        "name": "ft_t2_airfield_01_01_bomb_target",
        "tm": [
          [
            0.538506,
            0.0,
            0.842621
          ],
          [
            0.0,
            1.0,
            0.0
          ],
          [
            -0.842621,
            0.0,
            0.538506
          ],
          [
            -18137.1,
            77.7366,
            56612.4
          ]
        ],
        "unit_class": "dummy_immortal",
        "objLayer": 2,
        "closed_waypoints": false,
        "isShipSpline": false,
        "shipTurnRadius": 100.0,
        "weapons": "",
        "bullets0": "",
        "bullets1": "",
        "bullets2": "",
        "bullets3": "",
        "bulletsCount0": 0,
        "bulletsCount1": 0,
        "bulletsCount2": 0,
        "bulletsCount3": 0,
        "crewSkillK": 0.0,
        "applyAllMods": false,
        "props": {
          "army": 2,
          "count": 1,
          "formation_type": "rows",
          "formation_div": 3,
          "formation_step": [
            2.5,
            2.0
          ],
          "formation_noise": [
            0.1,
            0.1
          ],
          "uniqueName": "",
          "attack_type": "fire_at_will",
          "stealthRadius": 0.0,
          "setStealth": true,
          "targetableByAi": false
        },
        "way": {}
      },
      {
        "name": "ft_t2_airfield_02_01_bomb_target",
        "tm": [
          [
            0.0816357,
            0.0,
            0.996661
          ],
          [
            0.0,
            1.0,
            0.0
          ],
          [
            -0.996661,
            0.0,
            0.0816357
          ],
          [
            -35524.9,
            77.2362,
            40607.2
          ]
        ],
        "unit_class": "dummy_immortal",
        "objLayer": 2,
        "closed_waypoints": false,
        "isShipSpline": false,
        "shipTurnRadius": 100.0,
        "weapons": "",
        "bullets0": "",
        "bullets1": "",
        "bullets2": "",
        "bullets3": "",
        "bulletsCount0": 0,
        "bulletsCount1": 0,
        "bulletsCount2": 0,
        "bulletsCount3": 0,
        "crewSkillK": 0.0,
        "applyAllMods": false,
        "props": {
          "army": 2,
          "count": 1,
          "formation_type": "rows",
          "formation_div": 3,
          "formation_step": [
            2.5,
            2.0
          ],
          "formation_noise": [
            0.1,
            0.1
          ],
          "uniqueName": "",
          "attack_type": "fire_at_will",
          "stealthRadius": 0.0,
          "setStealth": true,
          "targetableByAi": false
        },
        "way": {}
      },
      {
        "name": "ft_t2_airfield_03_01_bomb_target",
        "tm": [
          [
            -0.72105,
            0.0,
            0.692885
          ],
          [
            0.0,
            1.0,
            0.0
          ],
          [
            -0.692885,
            0.0,
            -0.72105
          ],
          [
            3356.58,
            55.5555,
            14441.4
          ]
        ],
        "unit_class": "dummy_immortal",
        "objLayer": 2,
        "closed_waypoints": false,
        "isShipSpline": false,
        "shipTurnRadius": 100.0,
        "weapons": "",
        "bullets0": "",
        "bullets1": "",
        "bullets2": "",
        "bullets3": "",
        "bulletsCount0": 0,
        "bulletsCount1": 0,
        "bulletsCount2": 0,
        "bulletsCount3": 0,
        "crewSkillK": 0.0,
        "applyAllMods": false,
        "props": {
          "army": 2,
          "count": 1,
          "formation_type": "rows",
          "formation_div": 3,
          "formation_step": [
            2.5,
            2.0
          ],
          "formation_noise": [
            0.1,
            0.1
          ],
          "uniqueName": "",
          "attack_type": "fire_at_will",
          "stealthRadius": 0.0,
          "setStealth": true,
          "targetableByAi": false
        },
        "way": {}
      },
      {
        "name": "ft_t2_airfield_02_02_bomb_target",
        "tm": [
          [
            -0.452037,
            0.0,
            0.892
          ],
          [
            0.0,
            1.0,
            0.0
          ],
          [
            -0.892,
            0.0,
            -0.452037
          ],
          [
            -56000.9,
            138.498,
            36746.0
          ]
        ],
        "unit_class": "dummy_immortal",
        "objLayer": 2,
        "closed_waypoints": false,
        "isShipSpline": false,
        "shipTurnRadius": 100.0,
        "weapons": "",
        "bullets0": "",
        "bullets1": "",
        "bullets2": "",
        "bullets3": "",
        "bulletsCount0": 0,
        "bulletsCount1": 0,
        "bulletsCount2": 0,
        "bulletsCount3": 0,
        "crewSkillK": 0.0,
        "applyAllMods": false,
        "props": {
          "army": 2,
          "count": 1,
          "formation_type": "rows",
          "formation_div": 3,
          "formation_step": [
            2.5,
            2.0
          ],
          "formation_noise": [
            0.1,
            0.1
          ],
          "uniqueName": "",
          "attack_type": "fire_at_will",
          "stealthRadius": 0.0,
          "setStealth": true,
          "targetableByAi": false
        },
        "way": {}
      },
      {
        "name": "ft_t2_airfield_01_02_bomb_target",
        "tm": [
          [
            0.0418064,
            0.0,
            -0.999127
          ],
          [
            0.0,
            1.0,
            0.0
          ],
          [
            0.999127,
            0.0,
            0.0418064
          ],
          [
            -54504.5,
            97.6482,
            58012.5
          ]
        ],
        "unit_class": "dummy_immortal",
        "objLayer": 2,
        "closed_waypoints": false,
        "isShipSpline": false,
        "shipTurnRadius": 100.0,
        "weapons": "",
        "bullets0": "",
        "bullets1": "",
        "bullets2": "",
        "bullets3": "",
        "bulletsCount0": 0,
        "bulletsCount1": 0,
        "bulletsCount2": 0,
        "bulletsCount3": 0,
        "crewSkillK": 0.0,
        "applyAllMods": false,
        "props": {
          "army": 2,
          "count": 1,
          "formation_type": "rows",
          "formation_div": 3,
          "formation_step": [
            2.5,
            2.0
          ],
          "formation_noise": [
            0.1,
            0.1
          ],
          "uniqueName": "",
          "attack_type": "fire_at_will",
          "stealthRadius": 0.0,
          "setStealth": true,
          "targetableByAi": false
        },
        "way": {}
      },
      {
        "name": "ft_t2_airfield_03_02_bomb_target",
        "tm": [
          [
            0.194243,
            0.0,
            0.980953
          ],
          [
            0.0,
            1.0,
            0.0
          ],
          [
            -0.980953,
            0.0,
            0.194243
          ],
          [
            30296.4,
            89.55,
            11636.0
          ]
        ],
        "unit_class": "dummy_immortal",
        "objLayer": 2,
        "closed_waypoints": false,
        "isShipSpline": false,
        "shipTurnRadius": 100.0,
        "weapons": "",
        "bullets0": "",
        "bullets1": "",
        "bullets2": "",
        "bullets3": "",
        "bulletsCount0": 0,
        "bulletsCount1": 0,
        "bulletsCount2": 0,
        "bulletsCount3": 0,
        "crewSkillK": 0.0,
        "applyAllMods": false,
        "props": {
          "army": 2,
          "count": 1,
          "formation_type": "rows",
          "formation_div": 3,
          "formation_step": [
            2.5,
            2.0
          ],
          "formation_noise": [
            0.1,
            0.1
          ],
          "uniqueName": "",
          "attack_type": "fire_at_will",
          "stealthRadius": 0.0,
          "setStealth": true,
          "targetableByAi": false
        },
        "way": {}
      },
      {
        "name": "ft_t1_airfield_03_03_bomb_target",
        "tm": [
          [
            -0.29298,
            0.0,
            -0.95612
          ],
          [
            0.0,
            1.0,
            0.0
          ],
          [
            0.95612,
            0.0,
            -0.29298
          ],
          [
            6753.44,
            92.0156,
            -19874.8
          ]
        ],
        "unit_class": "dummy_immortal",
        "objLayer": 2,
        "closed_waypoints": false,
        "isShipSpline": false,
        "shipTurnRadius": 100.0,
        "weapons": "",
        "bullets0": "",
        "bullets1": "",
        "bullets2": "",
        "bullets3": "",
        "bulletsCount0": 0,
        "bulletsCount1": 0,
        "bulletsCount2": 0,
        "bulletsCount3": 0,
        "crewSkillK": 0.0,
        "applyAllMods": false,
        "props": {
          "army": 1,
          "count": 1,
          "formation_type": "rows",
          "formation_div": 3,
          "formation_step": [
            2.5,
            2.0
          ],
          "formation_noise": [
            0.1,
            0.1
          ],
          "uniqueName": "",
          "attack_type": "fire_at_will",
          "stealthRadius": 0.0,
          "setStealth": true,
          "targetableByAi": false
        },
        "way": {}
      },
      {
        "name": "ft_t1_airfield_03_04_bomb_target",
        "tm": [
          [
            -0.191012,
            0.0,
            -0.981589
          ],
          [
            0.0,
            1.0,
            0.0
          ],
          [
            0.981589,
            0.0,
            -0.191012
          ],
          [
            -55857.1,
            72.1948,
            -20782.4
          ]
        ],
        "unit_class": "dummy_immortal",
        "objLayer": 2,
        "closed_waypoints": false,
        "isShipSpline": false,
        "shipTurnRadius": 100.0,
        "weapons": "",
        "bullets0": "",
        "bullets1": "",
        "bullets2": "",
        "bullets3": "",
        "bulletsCount0": 0,
        "bulletsCount1": 0,
        "bulletsCount2": 0,
        "bulletsCount3": 0,
        "crewSkillK": 0.0,
        "applyAllMods": false,
        "props": {
          "army": 1,
          "count": 1,
          "formation_type": "rows",
          "formation_div": 3,
          "formation_step": [
            2.5,
            2.0
          ],
          "formation_noise": [
            0.1,
            0.1
          ],
          "uniqueName": "",
          "attack_type": "fire_at_will",
          "stealthRadius": 0.0,
          "setStealth": true,
          "targetableByAi": false
        },
        "way": {}
      },
      {
        "name": "ft_t2_airfield_03_03_bomb_target",
        "tm": [
          [
            -0.238649,
            0.0,
            0.971107
          ],
          [
            0.0,
            1.0,
            0.0
          ],
          [
            -0.971107,
            0.0,
            -0.238649
          ],
          [
            -28805.4,
            81.4,
            13767.0
          ]
        ],
        "unit_class": "dummy_immortal",
        "objLayer": 2,
        "closed_waypoints": false,
        "isShipSpline": false,
        "shipTurnRadius": 100.0,
        "weapons": "",
        "bullets0": "",
        "bullets1": "",
        "bullets2": "",
        "bullets3": "",
        "bulletsCount0": 0,
        "bulletsCount1": 0,
        "bulletsCount2": 0,
        "bulletsCount3": 0,
        "crewSkillK": 0.0,
        "applyAllMods": false,
        "props": {
          "army": 2,
          "count": 1,
          "formation_type": "rows",
          "formation_div": 3,
          "formation_step": [
            2.5,
            2.0
          ],
          "formation_noise": [
            0.1,
            0.1
          ],
          "uniqueName": "",
          "attack_type": "fire_at_will",
          "stealthRadius": 0.0,
          "setStealth": true,
          "targetableByAi": false
        },
        "way": {}
      },
      {
        "name": "ft_t2_airfield_02_03_bomb_target",
        "tm": [
          [
            0.658607,
            0.0,
            0.752489
          ],
          [
            0.0,
            1.0,
            0.0
          ],
          [
            -0.752489,
            0.0,
            0.658607
          ],
          [
            59500.0,
            44.7439,
            27296.2
          ]
        ],
        "unit_class": "dummy_immortal",
        "objLayer": 2,
        "closed_waypoints": false,
        "isShipSpline": false,
        "shipTurnRadius": 100.0,
        "weapons": "",
        "bullets0": "",
        "bullets1": "",
        "bullets2": "",
        "bullets3": "",
        "bulletsCount0": 0,
        "bulletsCount1": 0,
        "bulletsCount2": 0,
        "bulletsCount3": 0,
        "crewSkillK": 0.0,
        "applyAllMods": false,
        "props": {
          "army": 2,
          "count": 1,
          "formation_type": "rows",
          "formation_div": 3,
          "formation_step": [
            2.5,
            2.0
          ],
          "formation_noise": [
            0.1,
            0.1
          ],
          "uniqueName": "",
          "attack_type": "fire_at_will",
          "stealthRadius": 0.0,
          "setStealth": true,
          "targetableByAi": false
        },
        "way": {}
      },
      {
        "name": "ft_t1_airfield_02_03_bomb_target",
        "tm": [
          [
            0.374893,
            0.0,
            -0.927068
          ],
          [
            0.0,
            1.0,
            0.0
          ],
          [
            0.927068,
            0.0,
            0.374893
          ],
          [
            40872.2,
            94.6379,
            -37614.2
          ]
        ],
        "unit_class": "dummy_immortal",
        "objLayer": 2,
        "closed_waypoints": false,
        "isShipSpline": false,
        "shipTurnRadius": 100.0,
        "weapons": "",
        "bullets0": "",
        "bullets1": "",
        "bullets2": "",
        "bullets3": "",
        "bulletsCount0": 0,
        "bulletsCount1": 0,
        "bulletsCount2": 0,
        "bulletsCount3": 0,
        "crewSkillK": 0.0,
        "applyAllMods": false,
        "props": {
          "army": 1,
          "count": 1,
          "formation_type": "rows",
          "formation_div": 3,
          "formation_step": [
            2.5,
            2.0
          ],
          "formation_noise": [
            0.1,
            0.1
          ],
          "uniqueName": "",
          "attack_type": "fire_at_will",
          "stealthRadius": 0.0,
          "setStealth": true,
          "targetableByAi": false
        },
        "way": {}
      },
      {
        "name": "ft_t2_airfield_03_04_bomb_target",
        "tm": [
          [
            -0.238649,
