{
  "selected_tag": "",
  "bin_dump_file": "",
  "mission_settings": {
    "player": {
      "army": 1
    },
    "player_teamB": {
      "army": 2
    },
    "mission": {
      "level": "levels/water.bin",
      "type": "singleMission",
      "environment": "Day",
      "weather": "clear",
      "restoreType": "attempts",
      "optionalTakeOff": false
    },
    "spectator_points": {}
  },
  "imports": {},
  "triggers": {
    "isCategory": true,
    "is_enabled": true,
    "ft_high_init": {
      "is_enabled": true,
      "comments": "",
      "props": {
        "actionsType": "PERFORM_ONE_BY_ONE",
        "conditionsType": "ALL",
        "enableAfterComplete": false
      },
      "events": {
        "initMission": {}
      },
      "conditions": {},
      "actions": {
        "varSetInt": [
          {
            "value": 0,
            "var": [
              "ft_t1_max_near_airfields_count",
              "ft_t2_max_near_airfields_count"
            ]
          },
          {
            "value": 3,
            "var": [
              "ft_t1_max_mid_airfields_count",
              "ft_t2_max_mid_airfields_count"
            ]
          },
          {
            "value": 2,
            "var": [
              "ft_t1_max_far_airfields_count",
              "ft_t2_max_far_airfields_count"
            ]
          }
        ]
      },
      "else_actions": {}
    }
  },
  "mission_objectives": {
    "isCategory": true,
    "is_enabled": true
  },
  "variables": {},
  "dialogs": {},
  "airfields": {},
  "effects": {},
  "units": {
    "objectGroups": [
      {
        "name": "ft_t1_airfield_02_01",
        "tm": [
          [
            -0.655556,
            0.0,
            -0.755146
          ],
          [
            0.0,
            1.0,
            0.0
          ],
          [
            0.755146,
            0.0,
            -0.655556
          ],
          [
            -26976.4,
            39.4841,
            -37261.6
          ]
        ],
        "unit_class": "dynaf_universal_1line_3000_a",
        "objLayer": 2,
        "props": {
          "army": 1,
          "active": false
        }
      },
      {
        "name": "ft_t1_airfield_02_02",
        "tm": [
          [
            -0.183453,
            0.0,
            -0.983028
          ],
          [
            0.0,
            1.0,
            0.0
          ],
          [
            0.983028,
            0.0,
            -0.183453
          ],
          [
            11012.1,
            74.4375,
            -38694.3
          ]
        ],
        "unit_class": "dynaf_universal_1line_3000_a",
        "objLayer": 2,
        "props": {
          "army": 1,
          "active": false
        }
      },
      {
        "name": "ft_t2_airfield_01_01",
        "tm": [
          [
            0.260201,
            0.0,
            0.965553
          ],
          [
            0.0,
            1.0,
            0.0
          ],
          [
            -0.965553,
            0.0,
            0.260201
          ],
          [
            -18137.1,
            77.7366,
            56612.4
          ]
        ],
        "unit_class": "dynaf_universal_1line_3000_a",
        "objLayer": 2,
        "props": {
          "army": 2,
          "active": false
        }
      },
      {
        "name": "ft_t2_airfield_01_02",
        "tm": [
          [
            -0.0469051,
            0.0,
            0.9989
          ],
          [
            0.0,
            1.0,
            0.0
          ],
          [
            -0.9989,
            0.0,
            -0.0469051
          ],
          [
            -54504.5,
            113.621,
            58012.5
          ]
        ],
        "unit_class": "dynaf_universal_1line_3000_a",
        "objLayer": 2,
        "props": {
          "army": 2,
          "active": false
        }
      },
      {
        "name": "ft_t2_airfield_02_01",
        "tm": [
          [
            -0.105055,
            0.0,
            0.994465
          ],
          [
            0.0,
            1.0,
            0.0
          ],
          [
            -0.994465,
            0.0,
            -0.105055
          ],
          [
            -32945.3,
            126.089,
            40474.0
          ]
        ],
        "unit_class": "dynaf_universal_1line_3000_a",
        "objLayer": 2,
        "props": {
          "army": 2,
          "active": false
        }
      },
      {
        "name": "ft_t2_airfield_02_02",
        "tm": [
          [
            -0.452037,
            0.0,
            0.892
          ],
          [
            0.0,
            1.0,
            0.0
          ],
          [
            -0.892,
            0.0,
            -0.452037
          ],
          [
            -56004.4,
            138.517,
            36757.6
          ]
        ],
        "unit_class": "dynaf_universal_1line_3000_a",
        "objLayer": 2,
        "props": {
          "army": 2,
          "active": false
        }
      },
      {
        "name": "ft_t1_airfield_01_01",
        "tm": [
          [
            0.463777,
            0.0,
            -0.885953
          ],
          [
            0.0,
            1.0,
            0.0
          ],
          [
            0.885953,
            0.0,
            0.463777
          ],
          [
            52455.2,
            128.208,
            -56135.0
          ]
        ],
        "unit_class": "dynaf_universal_1line_3000_a",
        "objLayer": 2,
        "props": {
          "army": 1,
          "active": false
        }
      },
      {
        "name": "ft_t1_airfield_01_02",
        "tm": [
          [
            0.357185,
            0.0,
            -0.934033
          ],
          [
            0.0,
            1.0,
            0.0
          ],
          [
            0.934033,
            0.0,
            0.357185
          ],
          [
            -37484.5,
            131.131,
            -53921.3
          ]
        ],
        "unit_class": "dynaf_universal_1line_3000_a",
        "objLayer": 2,
        "props": {
          "army": 1,
          "active": false
        }
      },
      {
        "name": "ft_t2_airfield_02_03",
        "tm": [
          [
            0.658607,
            0.0,
            0.752489
          ],
          [
            0.0,
            1.0,
            0.0
          ],
          [
            -0.752489,
            0.0,
            0.658607
          ],
          [
            59509.6,
            44.7625,
            27303.8
          ]
        ],
        "unit_class": "dynaf_universal_1line_3000_a",
        "objLayer": 2,
        "props": {
          "army": 2,
          "active": false
        }
      },
      {
        "name": "ft_t1_airfield_02_03",
        "tm": [
          [
            0.374893,
            0.0,
            -0.927068
          ],
          [
            0.0,
            1.0,
            0.0
          ],
          [
            0.927068,
            0.0,
            0.374893
          ],
          [
            40872.2,
            94.6379,
            -37614.2
          ]
        ],
        "unit_class": "dynaf_universal_1line_3000_a",
        "objLayer": 2,
        "props": {
          "army": 1,
          "active": false
        }
      },
      {
        "name": "ft_t1_airfield_02_04",
        "tm": [
          [
            0.350896,
            0.0,
            -0.936414
          ],
          [
            0.0,
            1.0,
            0.0
          ],
          [
            0.936414,
            0.0,
            0.350896
          ],
          [
            -53821.5,
            124.338,
            -39677.5
          ]
        ],
        "unit_class": "dynaf_universal_1line_3000_a_big",
        "objLayer": 2,
        "props": {
          "army": 1,
          "active": false
        }
      },
      {
        "name": "ft_t2_airfield_01_03",
        "tm": [
          [
            -0.0469051,
            0.0,
            0.9989
          ],
          [
            0.0,
            1.0,
            0.0
          ],
          [
            -0.9989,
            0.0,
            -0.0469051
          ],
          [
            -33617.2,
            97.6484,
            57142.9
          ]
        ],
        "unit_class": "dynaf_universal_1line_3000_a",
        "objLayer": 2,
        "props": {
          "army": 2,
          "active": false
        }
      },
      {
        "name": "ft_t2_airfield_02_04",
        "tm": [
          [
            0.311856,
            0.0,
            0.950129
          ],
          [
            0.0,
            1.0,
            0.0
          ],
          [
            -0.950129,
            0.0,
            0.311856
          ],
          [
            -22083.8,
            62.1018,
            43965.2
          ]
        ],
        "unit_class": "dynaf_universal_1line_3000_a",
        "objLayer": 2,
        "props": {
          "army": 2,
          "active": false
        }
      },
      {
        "name": "ft_t1_airfield_01_03",
        "tm": [
          [
            -0.187586,
            0.0,
            -0.982249
          ],
          [
            0.0,
            1.0,
            0.0
          ],
          [
            0.982249,
            0.0,
            -0.187586
          ],
          [
            20744.3,
            63.11,
            -56369.1
          ]
        ],
        "unit_class": "dynaf_universal_1line_3000_a",
        "objLayer": 2,
        "props": {
          "army": 1,
          "active": false
        }
      }
    ],
    "squad": [
      {
        "name": "ft_t1_airfields_squad",
        "tm": [
          [
            -0.991445,
            0.0,
            -0.130526
          ],
          [
            0.0,
            1.0,
            0.0
          ],
          [
            0.130526,
            0.0,
            -0.991445
          ],
          [
            -27316.7,
            3.85156,
            -88012.6
          ]
        ],
        "props": {
          "object_marking": 0,
          "squad_members": [
            "ft_t1_airfield_01_01",
            "ft_t1_airfield_01_02",
            "ft_t1_airfield_01_03",
            "ft_t1_airfield_02_01",
            "ft_t1_airfield_02_02",
            "ft_t1_airfield_02_03",
            "ft_t1_airfield_02_04"
          ]
        }
      },
      {
        "name": "ft_t2_airfields_squad",
        "tm": [
          [
            -0.991445,
            0.0,
            -0.130526
          ],
          [
            0.0,
            1.0,
            0.0
          ],
          [
            0.130526,
            0.0,
            -0.991445
          ],
          [
            -65920.1,
            37307.8,
            22380.6
          ]
        ],
        "props": {
          "object_marking": 0,
          "squad_members": [
            "ft_t2_airfield_01_01",
            "ft_t2_airfield_01_02",
            "ft_t2_airfield_01_03",
            "ft_t2_airfield_02_01",
            "ft_t2_airfield_02_02",
            "ft_t2_airfield_02_03",
            "ft_t2_airfield_02_04"
          ]
        }
      },
      {
        "name": "all_bomb_targets_squad",
        "tm": [
          [
            -0.991445,
            0.0,
            -0.130526
          ],
          [
            0.0,
            1.0,
            0.0
          ],
          [
            0.130526,
            0.0,
            -0.991445
          ],
          [
            -71270.8,
            7.97266,
            -12996.3
          ]
        ],
        "props": {
          "object_marking": 0,
          "squad_members": [
            "ft_t1_airfield_01_01_bomb_target",
            "ft_t1_airfield_01_02_bomb_target",
            "ft_t1_airfield_01_03_bomb_target",
            "ft_t1_airfield_02_01_bomb_target",
            "ft_t1_airfield_02_02_bomb_target",
            "ft_t1_airfield_02_03_bomb_target",
            "ft_t1_airfield_02_04_bomb_target",
            "ft_t2_airfield_01_01_bomb_target",
            "ft_t2_airfield_01_02_bomb_target",
            "ft_t2_airfield_01_03_bomb_target",
            "ft_t2_airfield_02_01_bomb_target",
            "ft_t2_airfield_02_02_bomb_target",
            "ft_t2_airfield_02_03_bomb_target",
            "ft_t2_airfield_02_04_bomb_target"
          ]
        }
      }
    ],
    "structures": [
      {
        "name": "ft_t1_airfield_01_01_bomb_target",
        "tm": [
          [
            0.572609,
            0.0,
            -0.819828
          ],
          [
            0.0,
            1.0,
            0.0
          ],
          [
            0.819828,
            0.0,
            0.572609
          ],
          [
            52455.2,
            128.181,
            -56135.0
          ]
        ],
        "unit_class": "dummy_immortal",
        "objLayer": 2,
        "closed_waypoints": false,
        "isShipSpline": false,
        "shipTurnRadius": 100.0,
        "weapons": "",
        "bullets0": "",
        "bullets1": "",
        "bullets2": "",
        "bullets3": "",
        "bulletsCount0": 0,
        "bulletsCount1": 0,
        "bulletsCount2": 0,
        "bulletsCount3": 0,
        "crewSkillK": 0.0,
        "applyAllMods": false,
        "props": {
          "army": 1,
          "count": 1,
          "formation_type": "rows",
          "formation_div": 3,
          "formation_step": [
            2.5,
            2.0
          ],
          "formation_noise": [
            0.1,
            0.1
          ],
          "uniqueName": "",
          "attack_type": "fire_at_will",
          "stealthRadius": 0.0,
          "setStealth": true,
          "targetableByAi": false
        },
        "way": {}
      },
      {
        "name": "ft_t1_airfield_02_01_bomb_target",
        "tm": [
          [
            -0.655556,
            0.0,
            -0.755146
          ],
          [
            0.0,
            1.0,
            0.0
          ],
          [
            0.755146,
            0.0,
            -0.655556
          ],
          [
            -26976.4,
            39.4841,
            -37261.6
          ]
        ],
        "unit_class": "dummy_immortal",
        "objLayer": 2,
        "closed_waypoints": false,
        "isShipSpline": false,
        "shipTurnRadius": 100.0,
        "weapons": "",
        "bullets0": "",
        "bullets1": "",
        "bullets2": "",
        "bullets3": "",
        "bulletsCount0": 0,
        "bulletsCount1": 0,
        "bulletsCount2": 0,
        "bulletsCount3": 0,
        "crewSkillK": 0.0,
        "applyAllMods": false,
        "props": {
          "army": 1,
          "count": 1,
          "formation_type": "rows",
          "formation_div": 3,
          "formation_step": [
            2.5,
            2.0
          ],
          "formation_noise": [
            0.1,
            0.1
          ],
          "uniqueName": "",
          "attack_type": "fire_at_will",
          "stealthRadius": 0.0,
          "setStealth": true,
          "targetableByAi": false
        },
        "way": {}
      },
      {
        "name": "ft_t1_airfield_02_02_bomb_target",
        "tm": [
          [
            -0.183453,
            0.0,
            -0.983028
          ],
          [
            0.0,
            1.0,
            0.0
          ],
          [
            0.983028,
            0.0,
            -0.183453
          ],
          [
            11012.1,
            74.4375,
            -38694.3
          ]
        ],
        "unit_class": "dummy_immortal",
        "objLayer": 2,
        "closed_waypoints": false,
        "isShipSpline": false,
        "shipTurnRadius": 100.0,
        "weapons": "",
        "bullets0": "",
        "bullets1": "",
        "bullets2": "",
        "bullets3": "",
        "bulletsCount0": 0,
        "bulletsCount1": 0,
        "bulletsCount2": 0,
        "bulletsCount3": 0,
        "crewSkillK": 0.0,
        "applyAllMods": false,
        "props": {
          "army": 1,
          "count": 1,
          "formation_type": "rows",
          "formation_div": 3,
          "formation_step": [
            2.5,
            2.0
          ],
          "formation_noise": [
            0.1,
            0.1
          ],
          "uniqueName": "",
          "attack_type": "fire_at_will",
          "stealthRadius": 0.0,
          "setStealth": true,
          "targetableByAi": false
        },
        "way": {}
      },
      {
        "name": "ft_t1_airfield_01_02_bomb_target",
        "tm": [
          [
            0.357549,
            0.0,
            -0.933894
          ],
          [
            0.0,
            1.0,
            0.0
          ],
          [
            0.933894,
            0.0,
            0.357549
          ],
          [
            -37484.4,
            130.937,
            -53921.7
          ]
        ],
        "unit_class": "dummy_immortal",
        "objLayer": 2,
        "closed_waypoints": false,
        "isShipSpline": false,
        "shipTurnRadius": 100.0,
        "weapons": "",
        "bullets0": "",
        "bullets1": "",
        "bullets2": "",
        "bullets3": "",
        "bulletsCount0": 0,
        "bulletsCount1": 0,
        "bulletsCount2": 0,
        "bulletsCount3": 0,
        "crewSkillK": 0.0,
        "applyAllMods": false,
        "props": {
          "army": 1,
          "count": 1,
          "formation_type": "rows",
          "formation_div": 3,
          "formation_step": [
            2.5,
            2.0
          ],
          "formation_noise": [
            0.1,
            0.1
          ],
          "uniqueName": "",
          "attack_type": "fire_at_will",
          "stealthRadius": 0.0,
          "setStealth": true,
          "targetableByAi": false
        },
        "way": {}
      },
      {
        "name": "ft_t2_airfield_01_01_bomb_target",
        "tm": [
          [
            0.538506,
            0.0,
            0.842621
          ],
          [
            0.0,
            1.0,
            0.0
          ],
          [
            -0.842621,
            0.0,
            0.538506
          ],
          [
            -18137.1,
            77.7366,
            56612.4
          ]
        ],
        "unit_class": "dummy_immortal",
        "objLayer": 2,
        "closed_waypoints": false,
        "isShipSpline": false,
        "shipTurnRadius": 100.0,
        "weapons": "",
        "bullets0": "",
        "bullets1": "",
        "bullets2": "",
        "bullets3": "",
        "bulletsCount0": 0,
        "bulletsCount1": 0,
        "bulletsCount2": 0,
        "bulletsCount3": 0,
        "crewSkillK": 0.0,
        "applyAllMods": false,
        "props": {
          "army": 2,
          "count": 1,
          "formation_type": "rows",
          "formation_div": 3,
          "formation_step": [
            2.5,
            2.0
          ],
          "formation_noise": [
            0.1,
            0.1
          ],
          "uniqueName": "",
          "attack_type": "fire_at_will",
          "stealthRadius": 0.0,
          "setStealth": true,
          "targetableByAi": false
        },
        "way": {}
      },
      {
        "name": "ft_t2_airfield_02_01_bomb_target",
        "tm": [
          [
            0.161897,
            0.0,
            0.986806
          ],
          [
            0.0,
            1.0,
            0.0
          ],
          [
            -0.986806,
            0.0,
            0.161897
          ],
          [
            -32945.3,
            125.792,
            40474.0
          ]
        ],
        "unit_class": "dummy_immortal",
        "objLayer": 2,
        "closed_waypoints": false,
        "isShipSpline": false,
        "shipTurnRadius": 100.0,
        "weapons": "",
        "bullets0": "",
        "bullets1": "",
        "bullets2": "",
        "bullets3": "",
        "bulletsCount0": 0,
        "bulletsCount1": 0,
        "bulletsCount2": 0,
        "bulletsCount3": 0,
        "crewSkillK": 0.0,
        "applyAllMods": false,
        "props": {
          "army": 2,
          "count": 1,
          "formation_type": "rows",
          "formation_div": 3,
          "formation_step": [
            2.5,
            2.0
          ],
          "formation_noise": [
            0.1,
            0.1
          ],
          "uniqueName": "",
          "attack_type": "fire_at_will",
          "stealthRadius": 0.0,
          "setStealth": true,
          "targetableByAi": false
        },
        "way": {}
      },
      {
        "name": "ft_t2_airfield_02_02_bomb_target",
        "tm": [
          [
            -0.452037,
            0.0,
            0.892
          ],
          [
            0.0,
            1.0,
            0.0
          ],
          [
            -0.892,
            0.0,
            -0.452037
          ],
          [
            -56000.9,
            138.498,
            36746.0
          ]
        ],
        "unit_class": "dummy_immortal",
        "objLayer": 2,
        "closed_waypoints": false,
        "isShipSpline": false,
        "shipTurnRadius": 100.0,
        "weapons": "",
        "bullets0": "",
        "bullets1": "",
        "bullets2": "",
        "bullets3": "",
        "bulletsCount0": 0,
        "bulletsCount1": 0,
        "bulletsCount2": 0,
        "bulletsCount3": 0,
        "crewSkillK": 0.0,
        "applyAllMods": false,
        "props": {
          "army": 2,
          "count": 1,
          "formation_type": "rows",
          "formation_div": 3,
          "formation_step": [
            2.5,
            2.0
          ],
          "formation_noise": [
            0.1,
            0.1
          ],
          "uniqueName": "",
          "attack_type": "fire_at_will",
          "stealthRadius": 0.0,
          "setStealth": true,
          "targetableByAi": false
        },
        "way": {}
      },
      {
        "name": "ft_t2_airfield_01_02_bomb_target",
        "tm": [
          [
            0.0418064,
            0.0,
            -0.999127
          ],
          [
            0.0,
            1.0,
            0.0
          ],
          [
            0.999127,
            0.0,
            0.0418064
          ],
          [
            -54504.5,
            113.621,
            58012.5
          ]
        ],
        "unit_class": "dummy_immortal",
        "objLayer": 2,
        "closed_waypoints": false,
        "isShipSpline": false,
        "shipTurnRadius": 100.0,
        "weapons": "",
        "bullets0": "",
        "bullets1": "",
        "bullets2": "",
        "bullets3": "",
        "bulletsCount0": 0,
        "bulletsCount1": 0,
        "bulletsCount2": 0,
        "bulletsCount3": 0,
        "crewSkillK": 0.0,
        "applyAllMods": false,
        "props": {
          "army": 2,
          "count": 1,
          "formation_type": "rows",
          "formation_div": 3,
          "formation_step": [
            2.5,
            2.0
          ],
          "formation_noise": [
            0.1,
            0.1
          ],
          "uniqueName": "",
          "attack_type": "fire_at_will",
          "stealthRadius": 0.0,
          "setStealth": true,
          "targetableByAi": false
        },
        "way": {}
      },
      {
        "name": "ft_t2_airfield_02_03_bomb_target",
        "tm": [
          [
            0.658607,
            0.0,
            0.752489
          ],
          [
            0.0,
            1.0,
            0.0
          ],
          [
            -0.752489,
            0.0,
            0.658607
          ],
          [
            59500.0,
            44.7439,
            27296.2
          ]
        ],
        "unit_class": "dummy_immortal",
        "objLayer": 2,
        "closed_waypoints": false,
        "isShipSpline": false,
        "shipTurnRadius": 100.0,
        "weapons": "",
        "bullets0": "",
        "bullets1": "",
        "bullets2": "",
        "bullets3": "",
        "bulletsCount0": 0,
        "bulletsCount1": 0,
        "bulletsCount2": 0,
        "bulletsCount3": 0,
        "crewSkillK": 0.0,
        "applyAllMods": false,
        "props": {
          "army": 2,
          "count": 1,
          "formation_type": "rows",
          "formation_div": 3,
          "formation_step": [
            2.5,
            2.0
          ],
          "formation_noise": [
            0.1,
            0.1
          ],
          "uniqueName": "",
          "attack_type": "fire_at_will",
          "stealthRadius": 0.0,
          "setStealth": true,
          "targetableByAi": false
        },
        "way": {}
      },
      {
        "name": "ft_t1_airfield_02_03_bomb_target",
        "tm": [
          [
            0.374893,
            0.0,
            -0.927068
          ],
          [
            0.0,
            1.0,
            0.0
          ],
          [
            0.927068,
            0.0,
            0.374893
          ],
          [
            40872.2,
            94.6379,
            -37614.2
          ]
        ],
        "unit_class": "dummy_immortal",
        "objLayer": 2,
        "closed_waypoints": false,
        "isShipSpline": false,
        "shipTurnRadius": 100.0,
        "weapons": "",
        "bullets0": "",
        "bullets1": "",
        "bullets2": "",
        "bullets3": "",
        "bulletsCount0": 0,
        "bulletsCount1": 0,
        "bulletsCount2": 0,
        "bulletsCount3": 0,
        "crewSkillK": 0.0,
        "applyAllMods": false,
        "props": {
          "army": 1,
          "count": 1,
          "formation_type": "rows",
          "formation_div": 3,
          "formation_step": [
            2.5,
            2.0
          ],
          "formation_noise": [
            0.1,
            0.1
          ],
          "uniqueName": "",
          "attack_type": "fire_at_will",
          "stealthRadius": 0.0,
          "setStealth": true,
          "targetableByAi": false
        },
        "way": {}
      },
      {
        "name": "ft_t1_airfield_02_04_bomb_target",
        "tm": [
          [
            0.350896,
            0.0,
            -0.936414
          ],
          [
            0.0,
            1.0,
            0.0
          ],
          [
            0.936414,
            0.0,
            0.350896
          ],
          [
            -53821.5,
            124.338,
            -39677.5
          ]
        ],
        "unit_class": "dummy_immortal",
        "objLayer": 2,
        "closed_waypoints": false,
        "isShipSpline": false,
        "shipTurnRadius": 100.0,
        "weapons": "",
        "bullets0": "",
        "bullets1": "",
        "bullets2": "",
        "bullets3": "",
        "bulletsCount0": 0,
        "bulletsCount1": 0,
        "bulletsCount2": 0,
        "bulletsCount3": 0,
        "crewSkillK": 0.0,
        "applyAllMods": false,
        "props": {
          "army": 1,
          "count": 1,
          "formation_type": "rows",
          "formation_div": 3,
          "formation_step": [
            2.5,
            2.0
          ],
          "formation_noise": [
            0.1,
            0.1
          ],
          "uniqueName": "",
          "attack_type": "fire_at_will",
          "stealthRadius": 0.0,
          "setStealth": true,
          "targetableByAi": false
        },
        "way": {}
      },
      {
        "name": "ft_t2_airfield_01_03_bomb_target",
        "tm": [
          [
            0.0418064,
            0.0,
            -0.999127
          ],
          [
            0.0,
            1.0,
            0.0
          ],
          [
            0.999127,
            0.0,
            0.0418064
          ],
          [
            -33617.2,
            97.6484,
            57142.9
          ]
        ],
        "unit_class": "dummy_immortal",
        "objLayer": 2,
        "closed_waypoints": false,
        "isShipSpline": false,
        "shipTurnRadius": 100.0,
        "weapons": "",
        "bullets0": "",
        "bullets1": "",
        "bullets2": "",
        "bullets3": "",
        "bulletsCount0": 0,
        "bulletsCount1": 0,
        "bulletsCount2": 0,
        "bulletsCount3": 0,
        "crewSkillK": 0.0,
        "applyAllMods": false,
        "props": {
          "army": 2,
          "count": 1,
          "formation_type": "rows",
          "formation_div": 3,
          "formation_step": [
            2.5,
            2.0
          ],
          "formation_noise": [
            0.1,
            0.1
          ],
          "uniqueName": "",
          "attack_type": "fire_at_will",
          "stealthRadius": 0.0,
          "setStealth": true,
          "targetableByAi": false
        },
        "way": {}
      },
      {
        "name": "ft_t2_airfield_02_04_bomb_target",
        "tm": [
          [
            0.552206,
            0.0,
            0.833706
          ],
          [
            0.0,
            1.0,
            0.0
          ],
          [
            -0.833706,
            0.0,
            0.552206
          ],
          [
            -22083.8,
            61.8048,
            43965.2
          ]
        ],
        "unit_class": "dummy_immortal",
        "objLayer": 2,
        "closed_waypoints": false,
        "isShipSpline": false,
        "shipTurnRadius": 100.0,
        "weapons": "",
        "bullets0": "",
        "bullets1": "",
        "bullets2": "",
        "bullets3": "",
        "bulletsCount0": 0,
        "bulletsCount1": 0,
        "bulletsCount2": 0,
        "bulletsCount3": 0,
        "crewSkillK": 0.0,
        "applyAllMods": false,
        "props": {
          "army": 2,
          "count": 1,
          "formation_type": "rows",
          "formation_div": 3,
          "formation_step": [
            2.5,
            2.0
          ],
          "formation_noise": [
            0.1,
            0.1
          ],
          "uniqueName": "",
          "attack_type": "fire_at_will",
          "stealthRadius": 0.0,
          "setStealth": true,
          "targetableByAi": false
        },
        "way": {}
      },
      {
        "name": "ft_t1_airfield_01_03_bomb_target",
        "tm": [
          [
            -0.0612339,
            0.0,
            -0.998123
          ],
          [
            0.0,
            1.0,
            0.0
          ],
          [
            0.998123,
            0.0,
            -0.0612339
          ],
          [
            20744.3,
            63.0835,
            -56369.1
          ]
        ],
        "unit_class": "dummy_immortal",
        "objLayer": 2,
        "closed_waypoints": false,
        "isShipSpline": false,
        "shipTurnRadius": 100.0,
        "weapons": "",
        "bullets0": "",
        "bullets1": "",
        "bullets2": "",
        "bullets3": "",
        "bulletsCount0": 0,
        "bulletsCount1": 0,
        "bulletsCount2": 0,
        "bulletsCount3": 0,
        "crewSkillK": 0.0,
        "applyAllMods": false,
        "props": {
          "army": 1,
          "count": 1,
          "formation_type": "rows",
          "formation_div": 3,
          "formation_step": [
            2.5,
            2.0
          ],
          "formation_noise": [
            0.1,
            0.1
          ],
          "uniqueName": "",
          "attack_type": "fire_at_will",
          "stealthRadius": 0.0,
          "setStealth": true,
          "targetableByAi": false
        },
        "way": {}
      }
    ]
  },
  "areas": {
    "ft_t2_airfield_01_01_bomb_zone": {
      "type": "Box",
      "tm": [
        [
          -990.235,
          0.0,
          -3875.49
        ],
        [
          0.0,
          450.0,
          0.0
        ],
        [
          1211.09,
          0.0,
          -309.449
        ],
        [
          -18127.8,
          1.79467,
          56755.3
        ]
      ],
      "objLayer": 0,
      "props": {}
    },
    "ft_t2_airfield_01_02_bomb_zone": {
      "type": "Box",
      "tm": [
        [
          -167.232,
          0.0,
          3996.5
        ],
        [
          0.0,
          450.0,
          0.0
        ],
        [
          -1248.91,
          0.0,
          -52.2558
        ],
        [
          -54502.4,
          31.6596,
          58051.7
        ]
      ],
      "objLayer": 0,
      "props": {}
    },
    "ft_t2_airfield_02_01_bomb_zone": {
      "type": "Box",
      "tm": [
        [
          -422.667,
          0.0,
          3977.61
        ],
        [
          0.0,
          450.0,
          0.0
        ],
        [
          -1243.01,
          0.0,
          -132.077
        ],
        [
          -32985.8,
          -77.4229,
          40441.3
        ]
      ],
      "objLayer": 0,
      "props": {}
    },
    "ft_t2_airfield_02_02_bomb_zone": {
      "type": "Box",
      "tm": [
        [
          1828.36,
          0.0,
          -3557.68
        ],
        [
          0.0,
          450.0,
          0.0
        ],
        [
          1111.77,
          0.0,
          571.361
        ],
        [
          -55963.6,
          56.0576,
          36719.2
        ]
      ],
      "objLayer": 0,
      "props": {}
    },
    "ft_t1_airfield_01_01_bomb_zone": {
      "type": "Box",
      "tm": [
        [
          1847.31,
          0.0,
          -3547.88
        ],
        [
          0.0,
          450.0,
          0.0
        ],
        [
          1108.71,
          0.0,
          577.284
        ],
        [
          52441.8,
          14.7609,
          -56080.0
        ]
      ],
      "objLayer": 0,
      "props": {}
    },
    "ft_t1_airfield_01_02_bomb_zone": {
      "type": "Box",
      "tm": [
        [
          1430.18,
          0.0,
          -3735.58
        ],
        [
          0.0,
          450.0,
          0.0
        ],
        [
          1167.37,
          0.0,
          446.936
        ],
        [
          -37482.1,
          92.4368,
          -53877.3
        ]
      ],
      "objLayer": 0,
      "props": {}
    },
    "ft_t1_airfield_02_01_bomb_zone": {
      "type": "Box",
      "tm": [
        [
          -2622.23,
          0.0,
          -3020.59
        ],
        [
          0.0,
          450.0,
          0.0
        ],
        [
          943.931,
          0.0,
          -819.444
        ],
        [
          -27017.9,
          -42.8382,
          -37308.3
        ]
      ],
      "objLayer": 0,
      "props": {}
    },
    "ft_t1_airfield_02_02_bomb_zone": {
      "type": "Box",
      "tm": [
        [
          -727.999,
          0.0,
          -3933.19
        ],
        [
          0.0,
          450.0,
          0.0
        ],
        [
          1229.12,
          0.0,
          -227.493
        ],
        [
          11011.7,
          -10.3593,
          -38731.8
        ]
      ],
      "objLayer": 0,
      "props": {}
    },
    "ft_t1_airfield_01_01_spawn_01": {
      "type": "Point",
      "tm": [
        [
          0.0859805,
          0.0,
          -0.996298
        ],
        [
          0.0,
          1.0,
          0.0
        ],
        [
          0.996298,
          0.0,
          0.0859805
        ],
        [
          52645.2,
          60.1885,
          -57261.8
        ]
      ],
      "objLayer": 0,
      "props": {}
    },
    "ft_t1_airfield_01_01_spawn_02": {
      "type": "Point",
      "tm": [
        [
          0.0859805,
          0.0,
          -0.996298
        ],
        [
          0.0,
          1.0,
          0.0
        ],
        [
          0.996298,
          0.0,
          0.0859805
        ],
        [
          52226.0,
          59.2817,
          -54734.1
        ]
      ],
      "objLayer": 0,
      "props": {}
    },
    "ft_t1_airfield_01_01_spawn_03": {
      "type": "Point",
      "tm": [
        [
          0.0859805,
          0.0,
          -0.996298
        ],
        [
          0.0,
          1.0,
          0.0
        ],
        [
          0.996298,
          0.0,
          0.0859805
        ],
        [
          52412.0,
          58.5596,
          -55019.7
        ]
      ],
      "objLayer": 0,
      "props": {}
    },
    "ft_t1_airfield_01_01_spawn_04": {
      "type": "Point",
      "tm": [
        [
          0.172485,
          0.0,
          -0.985012
        ],
        [
          0.0,
          1.0,
          0.0
        ],
        [
          0.985012,
          0.0,
          0.172485
        ],
        [
          53531.1,
          61.0862,
          -56591.2
        ]
      ],
      "objLayer": 0,
      "props": {}
    },
    "ft_t1_airfield_01_01_spawn_05": {
      "type": "Point",
      "tm": [
        [
          0.0859805,
          0.0,
          -0.996298
        ],
        [
          0.0,
          1.0,
          0.0
        ],
        [
          0.996298,
          0.0,
          0.0859805
        ],
        [
          51573.7,
          60.1067,
          -55972.2
        ]
      ],
      "objLayer": 0,
      "props": {}
    },
    "ft_t1_airfield_01_01_spawn_06": {
      "type": "Point",
      "tm": [
        [
          0.0859805,
          0.0,
          -0.996298
        ],
        [
          0.0,
          1.0,
          0.0
        ],
        [
          0.996298,
          0.0,
          0.0859805
        ],
        [
          51246.2,
          58.4193,
          -55322.2
        ]
      ],
      "objLayer": 0,
      "props": {}
    },
    "ft_t1_airfield_01_01_spawn_07": {
      "type": "Point",
      "tm": [
        [
          0.0859805,
          0.0,
          -0.996298
        ],
        [
          0.0,
          1.0,
          0.0
        ],
        [
          0.996298,
          0.0,
          0.0859805
        ],
        [
          51777.2,
          60.4166,
          -56289.1
        ]
      ],
      "objLayer": 0,
      "props": {}
    },
    "ft_t1_airfield_01_01_spawn_08": {
      "type": "Point",
      "tm": [
        [
          0.0859805,
          0.0,
          -0.996298
        ],
        [
          0.0,
          1.0,
          0.0
        ],
        [
          0.996298,
          0.0,
          0.0859805
        ],
        [
          52057.0,
          60.2754,
          -56604.8
        ]
      ],
      "objLayer": 0,
      "props": {}
    },
    "ft_t1_airfield_01_01_spawn_09": {
      "type": "Point",
      "tm": [
        [
          0.0859805,
          0.0,
          -0.996298
        ],
        [
          0.0,
          1.0,
          0.0
        ],
        [
          0.996298,
          0.0,
          0.0859805
        ],
        [
          52544.3,
          60.1085,
          -55309.8
        ]
      ],
      "objLayer": 0,
      "props": {}
    },
    "ft_t1_airfield_01_01_spawn_10": {
      "type": "Point",
      "tm": [
        [
          0.0859805,
          0.0,
          -0.996298
        ],
        [
          0.0,
          1.0,
          0.0
        ],
        [
          0.996298,
          0.0,
          0.0859805
        ],
        [
          53007.3,
          58.8343,
          -55850.1
        ]
      ],
      "objLayer": 0,
      "props": {}
    },
    "ft_t1_airfield_01_01_spawn_11": {
      "type": "Point",
      "tm": [
        [
          0.0859805,
          0.0,
          -0.996298
        ],
        [
          0.0,
          1.0,
          0.0
        ],
        [
          0.996298,
          0.0,
          0.0859805
        ],
        [
          51311.3,
          60.0769,
          -55658.2
        ]
      ],
      "objLayer": 0,
      "props": {}
    },
    "ft_t1_airfield_01_01_spawn_12": {
      "type": "Point",
      "tm": [
        [
          0.0859805,
          0.0,
          -0.996298
        ],
        [
          0.0,
          1.0,
          0.0
        ],
        [
          0.996298,
          0.0,
          0.0859805
        ],
        [
          52356.3,
          62.9104,
          -56934.3
        ]
      ],
      "objLayer": 0,
      "props": {}
    },
    "ft_t1_airfield_01_01_spawn_13": {
      "type": "Point",
      "tm": [
        [
          0.0859805,
          0.0,
          -0.996298
        ],
