{
  "selected_tag": "",
  "bin_dump_file": "",
  "mission_settings": {
    "player": {
      "army": 1
    },
    "player_teamB": {
      "army": 2
    },
    "mission": {
      "level": "levels/air_smolensk.bin",
      "type": "domination",
      "environment": "Day",
      "weather": "hazy",
      "restoreType": "attempts",
      "optionalTakeOff": false
    }
  },
  "imports": {
    "import_record": [
      {
        "file": "gameData/missions/templates/enduring_confrontation/bdt_bases_destroy_template.blk",
        "importAreas": true,
        "importUnits": true,
        "importTriggers": true,
        "importMissionObjectives": true,
        "importWayPoints": true,
        "showAreas": true,
        "showUnits": true,
        "showTriggers": true,
        "showMissionObjectives": true,
        "showWayPoints": true,
        "excludes": {}
      },
      {
        "file": "gameData/missions/templates/units_sets/land_sets_aaa_bases/bdt_t1_ussr_rank_01.blk",
        "rankRange": [
          0,
          4
        ],
        "importAreas": true,
        "importUnits": true,
        "importTriggers": true,
        "importMissionObjectives": true,
        "importWayPoints": true,
        "showAreas": true,
        "showUnits": true,
        "showTriggers": true,
        "showMissionObjectives": true,
        "showWayPoints": true,
        "excludes": {}
      },
      {
        "file": "gameData/missions/templates/units_sets/land_sets_aaa_bases/bdt_t1_ussr_rank_02.blk",
        "rankRange": [
          5,
          8
        ],
        "importAreas": true,
        "importUnits": true,
        "importTriggers": true,
        "importMissionObjectives": true,
        "importWayPoints": true,
        "showAreas": true,
        "showUnits": true,
        "showTriggers": true,
        "showMissionObjectives": true,
        "showWayPoints": true,
        "excludes": {}
      },
      {
        "file": "gameData/missions/templates/units_sets/land_sets_aaa_bases/bdt_t1_ussr_rank_03.blk",
        "rankRange": [
          9,
          13
        ],
        "importAreas": true,
        "importUnits": true,
        "importTriggers": true,
        "importMissionObjectives": true,
        "importWayPoints": true,
        "showAreas": true,
        "showUnits": true,
        "showTriggers": true,
        "showMissionObjectives": true,
        "showWayPoints": true,
        "excludes": {}
      },
      {
        "file": "gameData/missions/templates/units_sets/land_sets_aaa_bases/bdt_t1_ussr_rank_04.blk",
        "rankRange": [
          14,
          19
        ],
        "importAreas": true,
        "importUnits": true,
        "importTriggers": true,
        "importMissionObjectives": true,
        "importWayPoints": true,
        "showAreas": true,
        "showUnits": true,
        "showTriggers": true,
        "showMissionObjectives": true,
        "showWayPoints": true,
        "excludes": {}
      },
      {
        "file": "gameData/missions/templates/units_sets/land_sets_aaa_bases/bdt_t1_ussr_rank_05.blk",
        "rankRange": [
          20,
          24
        ],
        "importAreas": true,
        "importUnits": true,
        "importTriggers": true,
        "importMissionObjectives": true,
        "importWayPoints": true,
        "showAreas": true,
        "showUnits": true,
        "showTriggers": true,
        "showMissionObjectives": true,
        "showWayPoints": true,
        "excludes": {}
      },
      {
        "file": "gameData/missions/templates/units_sets/land_sets_aaa_bases/bdt_t1_ussr_rank_06.blk",
        "rankRange": [
          25,
          50
        ],
        "importAreas": true,
        "importUnits": true,
        "importTriggers": true,
        "importMissionObjectives": true,
        "importWayPoints": true,
        "showAreas": true,
        "showUnits": true,
        "showTriggers": true,
        "showMissionObjectives": true,
        "showWayPoints": true,
        "excludes": {}
      },
      {
        "file": "gameData/missions/templates/units_sets/land_sets_aaa_bases/bdt_t2_germ_rank_01.blk",
        "rankRange": [
          0,
          4
        ],
        "importAreas": true,
        "importUnits": true,
        "importTriggers": true,
        "importMissionObjectives": true,
        "importWayPoints": true,
        "showAreas": true,
        "showUnits": true,
        "showTriggers": true,
        "showMissionObjectives": true,
        "showWayPoints": true,
        "excludes": {}
      },
      {
        "file": "gameData/missions/templates/units_sets/land_sets_aaa_bases/bdt_t2_germ_rank_02.blk",
        "rankRange": [
          5,
          8
        ],
        "importAreas": true,
        "importUnits": true,
        "importTriggers": true,
        "importMissionObjectives": true,
        "importWayPoints": true,
        "showAreas": true,
        "showUnits": true,
        "showTriggers": true,
        "showMissionObjectives": true,
        "showWayPoints": true,
        "excludes": {}
      },
      {
        "file": "gameData/missions/templates/units_sets/land_sets_aaa_bases/bdt_t2_germ_rank_03.blk",
        "rankRange": [
          9,
          13
        ],
        "importAreas": true,
        "importUnits": true,
        "importTriggers": true,
        "importMissionObjectives": true,
        "importWayPoints": true,
        "showAreas": true,
        "showUnits": true,
        "showTriggers": true,
        "showMissionObjectives": true,
        "showWayPoints": true,
        "excludes": {}
      },
      {
        "file": "gameData/missions/templates/units_sets/land_sets_aaa_bases/bdt_t2_germ_rank_04.blk",
        "rankRange": [
          14,
          19
        ],
        "importAreas": true,
        "importUnits": true,
        "importTriggers": true,
        "importMissionObjectives": true,
        "importWayPoints": true,
        "showAreas": true,
        "showUnits": true,
        "showTriggers": true,
        "showMissionObjectives": true,
        "showWayPoints": true,
        "excludes": {}
      },
      {
        "file": "gameData/missions/templates/units_sets/land_sets_aaa_bases/bdt_t2_germ_rank_05.blk",
        "rankRange": [
          20,
          24
        ],
        "importAreas": true,
        "importUnits": true,
        "importTriggers": true,
        "importMissionObjectives": true,
        "importWayPoints": true,
        "showAreas": true,
        "showUnits": true,
        "showTriggers": true,
        "showMissionObjectives": true,
        "showWayPoints": true,
        "excludes": {}
      },
      {
        "file": "gameData/missions/templates/units_sets/land_sets_aaa_bases/bdt_t2_germ_rank_06.blk",
        "rankRange": [
          25,
          50
        ],
        "importAreas": true,
        "importUnits": true,
        "importTriggers": true,
        "importMissionObjectives": true,
        "importWayPoints": true,
        "showAreas": true,
        "showUnits": true,
        "showTriggers": true,
        "showMissionObjectives": true,
        "showWayPoints": true,
        "excludes": {}
      }
    ]
  },
  "triggers": {
    "isCategory": true,
    "is_enabled": true,
    "bdt_part_init": {
      "is_enabled": true,
      "comments": "",
      "props": {
        "actionsType": "PERFORM_ONE_BY_ONE",
        "conditionsType": "ALL",
        "enableAfterComplete": false
      },
      "events": {
        "initMission": {}
      },
      "conditions": {},
      "actions": {
        "comment": [
          {
            "value": "set max bases amount +1"
          },
          {
            "value": "enable self restarting for template"
          },
          {
            "value": "increase one-moment bases amount"
          },
          {
            "value": ""
          },
          {
            "value": ""
          },
          {
            "value": ""
          },
          {
            "value": ""
          }
        ],
        "varSetInt": [
          {
            "value": 9,
            "var": "bdt_t1_total_bases_max_count"
          },
          {
            "value": 9,
            "var": "bdt_t2_total_bases_max_count"
          },
          {
            "value": 4,
            "var": [
              "bdt_t1_active_bases_max_count",
              "bdt_t2_active_bases_max_count"
            ]
          },
          {
            "value": 1,
            "var": "bdt_delay_timer"
          }
        ],
        "varSetBool": [
          {
            "value": true,
            "var": "bdt_self_restart"
          },
          {
            "value": true,
            "var": "bMirrorSpawn"
          }
        ],
        "varSetString": {
          "value": "bfd",
          "var": "bdt_game_mode"
        },
        "varSetReal": {
          "value": 2000.0,
          "var": [
            "bdt_t1_min_zone_distance",
            "bdt_t2_min_zone_distance"
          ]
        }
      },
      "else_actions": {}
    }
  },
  "mission_objectives": {
    "isCategory": true,
    "is_enabled": true
  },
  "variables": {},
  "dialogs": {},
  "airfields": {},
  "effects": {},
  "units": {
    "objectGroups": [
      {
        "name": "bdt_t2_bomb_object_01",
        "tm": [
          [
            0.495978,
            0.0,
            -0.868333
          ],
          [
            0.0,
            1.0,
            0.0
          ],
          [
            0.868333,
            0.0,
            0.495978
          ],
          [
            175.913,
            4.32327,
            17684.1
          ]
        ],
        "unit_class": "dynBase_hq_camp_square",
        "objLayer": 2,
        "props": {
          "army": 2,
          "active": false
        }
      },
      {
        "name": "bdt_t2_bomb_object_02",
        "tm": [
          [
            -0.111433,
            0.0,
            -0.993774
          ],
          [
            0.0,
            1.0,
            0.0
          ],
          [
            0.993774,
            0.0,
            -0.111433
          ],
          [
            -3286.38,
            -5.55597,
            7897.73
          ]
        ],
        "unit_class": "dynBase_fuel_storage_square",
        "objLayer": 2,
        "props": {
          "army": 2,
          "active": false
        }
      },
      {
        "name": "bdt_t2_bomb_object_03",
        "tm": [
          [
            0.988752,
            0.0,
            0.149573
          ],
          [
            0.0,
            1.0,
            0.0
          ],
          [
            -0.149573,
            0.0,
            0.988752
          ],
          [
            -2577.11,
            -4.7812,
            5396.22
          ]
        ],
        "unit_class": "dynBase_oil_storage_small_square",
        "objLayer": 2,
        "props": {
          "army": 2,
          "active": false
        }
      },
      {
        "name": "bdt_t1_bomb_object_01",
        "tm": [
          [
            0.821034,
            0.0,
            -0.570877
          ],
          [
            0.0,
            1.0,
            0.0
          ],
          [
            0.570877,
            0.0,
            0.821034
          ],
          [
            15389.2,
            4.68246,
            12266.3
          ]
        ],
        "unit_class": "dynBase_fuel_storage_square",
        "objLayer": 2,
        "props": {
          "army": 1,
          "active": false
        }
      },
      {
        "name": "bdt_t1_bomb_object_02",
        "tm": [
          [
            0.991009,
            0.0,
            0.133789
          ],
          [
            0.0,
            1.0,
            0.0
          ],
          [
            -0.133789,
            0.0,
            0.991009
          ],
          [
            13223.2,
            -10.4183,
            7043.91
          ]
        ],
        "unit_class": "dynBase_small_factory_square",
        "objLayer": 2,
        "props": {
          "army": 1,
          "active": false
        }
      },
      {
        "name": "bdt_t1_bomb_object_03",
        "tm": [
          [
            0.971602,
            0.0,
            0.236623
          ],
          [
            0.0,
            1.0,
            0.0
          ],
          [
            -0.236623,
            0.0,
            0.971602
          ],
          [
            7833.02,
            -3.04456,
            3944.29
          ]
        ],
        "unit_class": "dynBase_oil_storage_small_square",
        "objLayer": 2,
        "props": {
          "army": 1,
          "active": false
        }
      },
      {
        "name": "bdt_t2_bomb_object_04",
        "tm": [
          [
            0.904339,
            0.0,
            -0.426814
          ],
          [
            0.0,
            1.0,
            0.0
          ],
          [
            0.426814,
            0.0,
            0.904339
          ],
          [
            4195.47,
            184.725,
            18860.4
          ]
        ],
        "unit_class": "dynBase_small_factory_square",
        "objLayer": 2,
        "props": {
          "army": 2,
          "active": false
        }
      },
      {
        "name": "bdt_t1_bomb_object_04",
        "tm": [
          [
            0.992965,
            0.0,
            -0.118406
          ],
          [
            0.0,
            1.0,
            0.0
          ],
          [
            0.118406,
            0.0,
            0.992965
          ],
          [
            5059.6,
            -4.96683,
            2714.1
          ]
        ],
        "unit_class": "dynBase_field_camp_square",
        "objLayer": 2,
        "props": {
          "army": 1,
          "active": false
        }
      },
      {
        "name": "bdt_t1_bomb_object_05",
        "tm": [
          [
            0.992965,
            0.0,
            -0.118406
          ],
          [
            0.0,
            1.0,
            0.0
          ],
          [
            0.118406,
            0.0,
            0.992965
          ],
          [
            5913.15,
            -10.4167,
            737.266
          ]
        ],
        "unit_class": "dynBase_military_base_square",
        "objLayer": 2,
        "props": {
          "army": 1,
          "active": false
        }
      },
      {
        "name": "bdt_t1_bomb_object_06",
        "tm": [
          [
            0.992965,
            0.0,
            -0.118406
          ],
          [
            0.0,
            1.0,
            0.0
          ],
          [
            0.118406,
            0.0,
            0.992965
          ],
          [
            8585.33,
            -0.842041,
            1521.77
          ]
        ],
        "unit_class": "dynBase_oil_storage_large_square",
        "objLayer": 2,
        "props": {
          "army": 1,
          "active": false
        }
      },
      {
        "name": "bdt_t1_bomb_object_07",
        "tm": [
          [
            0.992965,
            0.0,
            -0.118406
          ],
          [
            0.0,
            1.0,
            0.0
          ],
          [
            0.118406,
            0.0,
            0.992965
          ],
          [
            10335.9,
            1.00647,
            3249.29
          ]
        ],
        "unit_class": "dynBase_oil_storage_large_square",
        "objLayer": 2,
        "props": {
          "army": 1,
          "active": false
        }
      },
      {
        "name": "bdt_t1_bomb_object_08",
        "tm": [
          [
            0.821034,
            0.0,
            -0.570877
          ],
          [
            0.0,
            1.0,
            0.0
          ],
          [
            0.570877,
            0.0,
            0.821034
          ],
          [
            14363.9,
            -4.79618,
            13053.1
          ]
        ],
        "unit_class": "dynBase_small_factory_square",
        "objLayer": 2,
        "props": {
          "army": 1,
          "active": false
        }
      },
      {
        "name": "bdt_t1_bomb_object_09",
        "tm": [
          [
            0.821034,
            0.0,
            -0.570877
          ],
          [
            0.0,
            1.0,
            0.0
          ],
          [
            0.570877,
            0.0,
            0.821034
          ],
          [
            13593.9,
            -7.31677,
            10475.8
          ]
        ],
        "unit_class": "dynBase_petrol_camp_square",
        "objLayer": 2,
        "props": {
          "army": 1,
          "active": false
        }
      },
      {
        "name": "bdt_t1_bomb_object_10",
        "tm": [
          [
            0.821034,
            0.0,
            -0.570877
          ],
          [
            0.0,
            1.0,
            0.0
          ],
          [
            0.570877,
            0.0,
            0.821034
          ],
          [
            14771.7,
            -10.4166,
            6124.98
          ]
        ],
        "unit_class": "dynBase_petrol_camp_square",
        "objLayer": 2,
        "props": {
          "army": 1,
          "active": false
        }
      },
      {
        "name": "bdt_t2_bomb_object_05",
        "tm": [
          [
            0.904339,
            0.0,
            -0.426814
          ],
          [
            0.0,
            1.0,
            0.0
          ],
          [
            0.426814,
            0.0,
            0.904339
          ],
          [
            4738.57,
            181.523,
            19970.3
          ]
        ],
        "unit_class": "dynBase_petrol_camp_square",
        "objLayer": 2,
        "props": {
          "army": 2,
          "active": false
        }
      },
      {
        "name": "bdt_t2_bomb_object_06",
        "tm": [
          [
            0.998872,
            0.0,
            0.0474914
          ],
          [
            0.0,
            1.0,
            0.0
          ],
          [
            -0.0474914,
            0.0,
            0.998872
          ],
          [
            1901.3,
            137.628,
            19518.4
          ]
        ],
        "unit_class": "dynBase_military_base_square",
        "objLayer": 2,
        "props": {
          "army": 2,
          "active": false
        }
      },
      {
        "name": "bdt_t2_bomb_object_07",
        "tm": [
          [
            0.904339,
            0.0,
            -0.426814
          ],
          [
            0.0,
            1.0,
            0.0
          ],
          [
            0.426814,
            0.0,
            0.904339
          ],
          [
            -982.545,
            81.338,
            18648.5
          ]
        ],
        "unit_class": "dynBase_fuel_storage_square",
        "objLayer": 2,
        "props": {
          "army": 2,
          "active": false
        }
      },
      {
        "name": "bdt_t2_bomb_object_08",
        "tm": [
          [
            0.988752,
            0.0,
            0.149573
          ],
          [
            0.0,
            1.0,
            0.0
          ],
          [
            -0.149573,
            0.0,
            0.988752
          ],
          [
            -2499.06,
            1.54973,
            3840.11
          ]
        ],
        "unit_class": "dynBase_ammunition_storage_square",
        "objLayer": 2,
        "props": {
          "army": 2,
          "active": false
        }
      },
      {
        "name": "bdt_t2_bomb_object_09",
        "tm": [
          [
            0.988752,
            0.0,
            0.149573
          ],
          [
            0.0,
            1.0,
            0.0
          ],
          [
            -0.149573,
            0.0,
            0.988752
          ],
          [
            -5086.27,
            69.3162,
            7838.29
          ]
        ],
        "unit_class": "dynBase_field_camp_square",
        "objLayer": 2,
        "props": {
          "army": 2,
          "active": false
        }
      },
      {
        "name": "bdt_t2_bomb_object_10",
        "tm": [
          [
            0.988752,
            0.0,
            0.149573
          ],
          [
            0.0,
            1.0,
            0.0
          ],
          [
            -0.149573,
            0.0,
            0.988752
          ],
          [
            -4574.68,
            124.659,
            9356.08
          ]
        ],
        "unit_class": "dynBase_oil_storage_small_square",
        "objLayer": 2,
        "props": {
          "army": 2,
          "active": false
        }
      }
    ]
  },
  "areas": {
    "bdt_t2_bomb_zone_01": {
      "type": "Sphere",
      "tm": [
        [
          223.192,
          0.0,
          -390.751
        ],
        [
          0.0,
          450.0,
          0.0
        ],
        [
          390.751,
          0.0,
          223.192
        ],
        [
          168.842,
          4.83607,
          17682.9
        ]
      ],
      "objLayer": 0,
      "props": {}
    },
    "bdt_t2_bomb_zone_02": {
      "type": "Sphere",
      "tm": [
        [
          265.152,
          0.0,
          -363.587
        ],
        [
          0.0,
          450.0,
          0.0
        ],
        [
          363.587,
          0.0,
          265.152
        ],
        [
          -3265.07,
          -4.85892,
          7901.52
        ]
      ],
      "objLayer": 0,
      "props": {}
    },
    "bdt_t2_bomb_zone_03": {
      "type": "Sphere",
      "tm": [
        [
          444.938,
          0.0,
          67.3066
        ],
        [
          0.0,
          450.0,
          0.0
        ],
        [
          -67.3066,
          0.0,
          444.938
        ],
        [
          -2583.53,
          -5.04236,
          5403.61
        ]
      ],
      "objLayer": 0,
      "props": {}
    },
    "bdt_t1_bomb_zone_01": {
      "type": "Sphere",
      "tm": [
        [
          369.466,
          0.0,
          -256.896
        ],
        [
          0.0,
          450.0,
          0.0
        ],
        [
          256.896,
          0.0,
          369.466
        ],
        [
          15401.1,
          4.39077,
          12261.8
        ]
      ],
      "objLayer": 0,
      "props": {}
    },
    "bdt_t1_bomb_zone_02": {
      "type": "Sphere",
      "tm": [
        [
          448.414,
          0.0,
          -37.7446
        ],
        [
          0.0,
          450.0,
          0.0
        ],
        [
          37.7446,
          0.0,
          448.414
        ],
        [
          13227.7,
          -10.4183,
          7045.62
        ]
      ],
      "objLayer": 0,
      "props": {}
    },
    "bdt_t1_bomb_zone_03": {
      "type": "Sphere",
      "tm": [
        [
          444.847,
          0.0,
          -67.9038
        ],
        [
          0.0,
          450.0,
          0.0
        ],
        [
          67.9038,
          0.0,
          444.847
        ],
        [
          7838.71,
          -3.04456,
          3944.01
        ]
      ],
      "objLayer": 0,
      "props": {}
    },
    "bdt_t2_bomb_zone_04": {
      "type": "Sphere",
      "tm": [
        [
          406.952,
          0.0,
          -192.066
        ],
        [
          0.0,
          450.0,
          0.0
        ],
        [
          192.066,
          0.0,
          406.952
        ],
        [
          4201.62,
          184.873,
          18855.5
        ]
      ],
      "objLayer": 0,
      "props": {}
    },
    "bdt_t1_bomb_zone_04": {
      "type": "Sphere",
      "tm": [
        [
          444.847,
          0.0,
          -67.9038
        ],
        [
          0.0,
          450.0,
          0.0
        ],
        [
          67.9038,
          0.0,
          444.847
        ],
        [
          5060.73,
          -4.97808,
          2719.75
        ]
      ],
      "objLayer": 0,
      "props": {}
    },
    "bdt_t2_bomb_zone_01_aaa_point_01": {
      "type": "Point",
      "tm": [
        [
          0.896444,
          0.0,
          -0.443153
        ],
        [
          0.0,
          1.0,
          0.0
        ],
        [
          0.443153,
          0.0,
          0.896444
        ],
        [
          93.7271,
          51.6452,
          17470.4
        ]
      ],
      "objLayer": 0,
      "props": {}
    },
    "bdt_t2_bomb_zone_01_aaa_point_02": {
      "type": "Point",
      "tm": [
        [
          0.896444,
          0.0,
          -0.443153
        ],
        [
          0.0,
          1.0,
          0.0
        ],
        [
          0.443153,
          0.0,
          0.896444
        ],
        [
          160.656,
          2.49618,
          17975.1
        ]
      ],
      "objLayer": 0,
      "props": {}
    },
    "bdt_t2_bomb_zone_01_aaa_point_03": {
      "type": "Point",
      "tm": [
        [
          0.896444,
          0.0,
          -0.443153
        ],
        [
          0.0,
          1.0,
          0.0
        ],
        [
          0.443153,
          0.0,
          0.896444
        ],
        [
          270.676,
          -3.88014,
          17929.7
        ]
      ],
      "objLayer": 0,
      "props": {}
    },
    "bdt_t2_bomb_zone_01_aaa_point_04": {
      "type": "Point",
      "tm": [
        [
          0.896444,
          0.0,
          -0.443153
        ],
        [
          0.0,
          1.0,
          0.0
        ],
        [
          0.443153,
          0.0,
          0.896444
        ],
        [
          626.062,
          -6.63894,
          17780.2
        ]
      ],
      "objLayer": 0,
      "props": {}
    },
    "bdt_t2_bomb_zone_02_aaa_point_01": {
      "type": "Point",
      "tm": [
        [
          0.940063,
          0.0,
          -0.340995
        ],
        [
          0.0,
          1.0,
          0.0
        ],
        [
          0.340995,
          0.0,
          0.940063
        ],
        [
          -3502.79,
          -6.85896,
          7828.84
        ]
      ],
      "objLayer": 0,
      "props": {}
    },
    "bdt_t2_bomb_zone_02_aaa_point_02": {
      "type": "Point",
      "tm": [
        [
          0.940063,
          0.0,
          -0.340995
        ],
        [
          0.0,
          1.0,
          0.0
        ],
        [
          0.340995,
          0.0,
          0.940063
        ],
        [
          -3094.44,
          23.4769,
          8180.82
        ]
      ],
      "objLayer": 0,
      "props": {}
    },
    "bdt_t2_bomb_zone_02_aaa_point_03": {
      "type": "Point",
      "tm": [
        [
          0.940063,
          0.0,
          -0.340995
        ],
        [
          0.0,
          1.0,
          0.0
        ],
        [
          0.340995,
          0.0,
          0.940063
        ],
        [
          -3469.56,
          -6.01137,
          8092.2
        ]
      ],
      "objLayer": 0,
      "props": {}
    },
    "bdt_t2_bomb_zone_02_aaa_point_04": {
      "type": "Point",
      "tm": [
        [
          0.940063,
          0.0,
          -0.340995
        ],
        [
          0.0,
          1.0,
          0.0
        ],
        [
          0.340995,
          0.0,
          0.940063
        ],
        [
          -3065.96,
          2.2854,
          7787.67
        ]
      ],
      "objLayer": 0,
      "props": {}
    },
    "bdt_t2_bomb_zone_03_aaa_point_01": {
      "type": "Point",
      "tm": [
        [
          0.940063,
          0.0,
          -0.340995
        ],
        [
          0.0,
          1.0,
          0.0
        ],
        [
          0.340995,
          0.0,
          0.940063
        ],
        [
          -2373.97,
          21.0312,
          5002.2
        ]
      ],
      "objLayer": 0,
      "props": {}
    },
    "bdt_t2_bomb_zone_03_aaa_point_02": {
      "type": "Point",
      "tm": [
        [
          0.940063,
          0.0,
          -0.340995
        ],
        [
          0.0,
          1.0,
          0.0
        ],
        [
          0.340995,
          0.0,
          0.940063
        ],
        [
          -2387.45,
          -6.85124,
          5620.76
        ]
      ],
      "objLayer": 0,
      "props": {}
    },
    "bdt_t2_bomb_zone_03_aaa_point_03": {
      "type": "Point",
      "tm": [
        [
          0.940063,
          0.0,
          -0.340995
        ],
        [
          0.0,
          1.0,
          0.0
        ],
        [
          0.340995,
          0.0,
          0.940063
        ],
        [
          -2681.96,
          -7.01144,
          5708.45
        ]
      ],
      "objLayer": 0,
      "props": {}
    },
    "bdt_t2_bomb_zone_03_aaa_point_04": {
      "type": "Point",
      "tm": [
        [
          0.940063,
          0.0,
          -0.340995
        ],
        [
          0.0,
          1.0,
          0.0
        ],
        [
          0.340995,
          0.0,
          0.940063
        ],
        [
          -2831.16,
          6.96476,
          5234.24
        ]
      ],
      "objLayer": 0,
      "props": {}
    },
    "bdt_t2_bomb_zone_04_aaa_point_01": {
      "type": "Point",
      "tm": [
        [
          0.896444,
          0.0,
          -0.443153
        ],
        [
          0.0,
          1.0,
          0.0
        ],
        [
          0.443153,
          0.0,
          0.896444
        ],
        [
          4518.31,
          194.26,
          18956.2
        ]
      ],
      "objLayer": 0,
      "props": {}
    },
    "bdt_t2_bomb_zone_04_aaa_point_02": {
      "type": "Point",
      "tm": [
        [
          0.896444,
          0.0,
          -0.443153
        ],
        [
          0.0,
          1.0,
          0.0
        ],
        [
          0.443153,
          0.0,
          0.896444
        ],
        [
          4098.84,
          186.162,
          19139.6
        ]
      ],
      "objLayer": 0,
      "props": {}
    },
    "bdt_t2_bomb_zone_04_aaa_point_03": {
      "type": "Point",
      "tm": [
        [
          0.896444,
          0.0,
          -0.443153
        ],
        [
          0.0,
          1.0,
          0.0
        ],
        [
          0.443153,
          0.0,
          0.896444
        ],
        [
          4201.0,
          176.792,
          18588.9
        ]
      ],
      "objLayer": 0,
      "props": {}
    },
    "bdt_t2_bomb_zone_04_aaa_point_04": {
      "type": "Point",
      "tm": [
        [
          0.896444,
          0.0,
          -0.443153
        ],
        [
          0.0,
          1.0,
          0.0
        ],
        [
          0.443153,
          0.0,
          0.896444
        ],
        [
          3995.03,
          179.322,
          18720.3
        ]
      ],
      "objLayer": 0,
      "props": {}
    },
    "bdt_t1_bomb_zone_01_aaa_point_01": {
      "type": "Point",
      "tm": [
        [
          0.99989,
          0.0,
          -0.0148543
        ],
        [
          0.0,
          1.0,
          0.0
        ],
        [
          0.0148543,
          0.0,
          0.99989
        ],
        [
          15655.8,
          -1.33052,
          12267.0
        ]
      ],
      "objLayer": 0,
      "props": {}
    },
    "bdt_t1_bomb_zone_01_aaa_point_02": {
      "type": "Point",
      "tm": [
        [
          0.99989,
          0.0,
          -0.0148543
        ],
        [
          0.0,
          1.0,
          0.0
        ],
        [
          0.0148543,
          0.0,
          0.99989
        ],
        [
          15156.3,
          11.2425,
          12326.5
        ]
      ],
      "objLayer": 0,
      "props": {}
    },
    "bdt_t1_bomb_zone_01_aaa_point_03": {
      "type": "Point",
      "tm": [
        [
          0.99989,
          0.0,
          -0.0148543
        ],
        [
          0.0,
          1.0,
          0.0
        ],
        [
          0.0148543,
          0.0,
          0.99989
        ],
        [
          15368.5,
          -0.558098,
          12030.8
        ]
      ],
      "objLayer": 0,
      "props": {}
    },
    "bdt_t1_bomb_zone_01_aaa_point_04": {
      "type": "Point",
      "tm": [
        [
          0.99989,
          0.0,
          -0.0148543
        ],
        [
          0.0,
          1.0,
          0.0
        ],
        [
          0.0148543,
          0.0,
          0.99989
        ],
        [
          15176.8,
          8.2334,
          12155.2
        ]
      ],
      "objLayer": 0,
      "props": {}
    },
    "bdt_t1_bomb_zone_02_aaa_point_01": {
      "type": "Point",
      "tm": [
        [
          0.99989,
          0.0,
          -0.0148543
        ],
        [
          0.0,
          1.0,
          0.0
        ],
        [
          0.0148543,
          0.0,
          0.99989
        ],
        [
          13430.6,
          -10.4183,
          7224.27
        ]
      ],
      "objLayer": 0,
      "props": {}
    },
    "bdt_t1_bomb_zone_02_aaa_point_02": {
      "type": "Point",
      "tm": [
        [
          0.99989,
          0.0,
          -0.0148543
        ],
        [
          0.0,
          1.0,
          0.0
        ],
        [
          0.0148543,
          0.0,
          0.99989
        ],
        [
          13150.4,
          -10.4183,
          7299.95
        ]
      ],
      "objLayer": 0,
      "props": {}
    },
    "bdt_t1_bomb_zone_02_aaa_point_03": {
      "type": "Point",
      "tm": [
        [
          0.99989,
          0.0,
          -0.0148543
        ],
        [
          0.0,
          1.0,
          0.0
        ],
        [
          0.0148543,
          0.0,
          0.99989
        ],
        [
          13156.8,
          -7.01812,
          6600.71
        ]
      ],
      "objLayer": 0,
      "props": {}
    },
    "bdt_t1_bomb_zone_02_aaa_point_04": {
      "type": "Point",
      "tm": [
        [
          0.99989,
          0.0,
          -0.0148543
        ],
        [
          0.0,
          1.0,
          0.0
        ],
        [
          0.0148543,
          0.0,
          0.99989
        ],
        [
          12901.1,
          -9.87182,
          7086.79
        ]
      ],
      "objLayer": 0,
      "props": {}
    },
    "bdt_t1_bomb_zone_03_aaa_point_01": {
      "type": "Point",
      "tm": [
        [
          0.992073,
          0.0,
          -0.12566
        ],
        [
          0.0,
          1.0,
          0.0
        ],
        [
          0.12566,
          0.0,
          0.992073
        ],
        [
          7608.88,
          -3.04456,
          3739.37
        ]
      ],
      "objLayer": 0,
      "props": {}
    },
    "bdt_t1_bomb_zone_03_aaa_point_02": {
      "type": "Point",
      "tm": [
        [
          0.992073,
          0.0,
          -0.12566
        ],
        [
          0.0,
          1.0,
          0.0
        ],
        [
          0.12566,
          0.0,
          0.992073
        ],
        [
          8009.4,
          -3.04456,
          4115.76
        ]
      ],
      "objLayer": 0,
      "props": {}
    },
    "bdt_t1_bomb_zone_03_aaa_point_03": {
      "type": "Point",
      "tm": [
        [
          0.992073,
          0.0,
          -0.12566
        ],
        [
          0.0,
          1.0,
          0.0
        ],
        [
          0.12566,
          0.0,
          0.992073
        ],
        [
          7748.09,
          -3.04456,
          4216.1
        ]
      ],
      "objLayer": 0,
      "props": {}
    },
    "bdt_t1_bomb_zone_03_aaa_point_04": {
      "type": "Point",
      "tm": [
        [
          0.992073,
          0.0,
          -0.12566
        ],
        [
          0.0,
          1.0,
          0.0
        ],
        [
          0.12566,
          0.0,
          0.992073
        ],
        [
          8005.0,
          -2.18065,
          3742.97
        ]
      ],
      "objLayer": 0,
      "props": {}
    },
    "bdt_t1_bomb_zone_04_aaa_point_01": {
      "type": "Point",
      "tm": [
        [
          0.992073,
          0.0,
          -0.12566
        ],
        [
          0.0,
          1.0,
          0.0
        ],
        [
          0.12566,
          0.0,
          0.992073
        ],
        [
          5328.69,
          -3.87521,
          2550.69
        ]
      ],
      "objLayer": 0,
      "props": {}
    },
    "bdt_t1_bomb_zone_04_aaa_point_02": {
      "type": "Point",
      "tm": [
        [
          0.992073,
          0.0,
          -0.12566
        ],
        [
          0.0,
          1.0,
          0.0
        ],
        [
          0.12566,
          0.0,
          0.992073
        ],
        [
          5266.96,
          -4.50649,
          2865.84
        ]
      ],
      "objLayer": 0,
      "props": {}
    },
    "bdt_t1_bomb_zone_04_aaa_point_03": {
      "type": "Point",
      "tm": [
        [
          0.992073,
          0.0,
          -0.12566
        ],
        [
          0.0,
          1.0,
          0.0
        ],
        [
          0.12566,
          0.0,
          0.992073
        ],
        [
          5018.2,
          -4.60897,
          2431.98
        ]
      ],
      "objLayer": 0,
      "props": {}
    },
    "bdt_t1_bomb_zone_04_aaa_point_04": {
      "type": "Point",
      "tm": [
        [
          0.992073,
          0.0,
          -0.12566
        ],
        [
          0.0,
          1.0,
          0.0
        ],
        [
          0.12566,
          0.0,
          0.992073
        ],
        [
          4939.88,
          -6.5695,
          3009.43
        ]
      ],
      "objLayer": 0,
      "props": {}
    },
    "bdt_t1_bomb_zone_05": {
      "type": "Sphere",
      "tm": [
        [
          444.847,
          0.0,
          -67.9038
        ],
        [
          0.0,
          450.0,
          0.0
        ],
        [
          67.9038,
          0.0,
          444.847
        ],
        [
          5914.22,
          -10.4167,
          742.973
        ]
      ],
      "objLayer": 0,
      "props": {}
    },
    "bdt_t1_bomb_zone_06": {
      "type": "Sphere",
      "tm": [
        [
          444.847,
          0.0,
          -67.9038
        ],
        [
          0.0,
          450.0,
          0.0
        ],
        [
          67.9038,
          0.0,
          444.847
        ],
        [
          8586.49,
          -0.842041,
          1527.42
        ]
      ],
      "objLayer": 0,
      "props": {}
    },
    "bdt_t1_bomb_zone_07": {
      "type": "Sphere",
      "tm": [
        [
          444.847,
          0.0,
          -67.9038
        ],
        [
          0.0,
          450.0,
          0.0
        ],
        [
          67.9038,
          0.0,
          444.847
        ],
        [
          10337.1,
          1.01879,
          3255.03
        ]
      ],
      "objLayer": 0,
      "props": {}
    },
    "bdt_t1_bomb_zone_08": {
      "type": "Sphere",
      "tm": [
        [
          369.466,
          0.0,
          -256.896
        ],
        [
          0.0,
          450.0,
          0.0
        ],
        [
          256.896,
          0.0,
          369.466
        ],
        [
          14375.8,
          -4.43444,
          13048.6
        ]
      ],
      "objLayer": 0,
      "props": {}
    },
    "bdt_t1_bomb_zone_09": {
      "type": "Sphere",
      "tm": [
        [
          369.466,
          0.0,
          -256.896
        ],
        [
          0.0,
          450.0,
          0.0
        ],
        [
          256.896,
          0.0,
          369.466
        ],
        [
          13605.6,
          -7.31677,
          10471.4
        ]
      ],
      "objLayer": 0,
      "props": {}
    },
    "bdt_t1_bomb_zone_10": {
      "type": "Sphere",
      "tm": [
        [
          369.466,
          0.0,
          -256.896
        ],
        [
          0.0,
          450.0,
          0.0
        ],
        [
          256.896,
          0.0,
          369.466
        ],
        [
          14783.6,
          -10.4166,
          6120.47
        ]
      ],
      "objLayer": 0,
