{
  "selected_tag": "",
  "bin_dump_file": "",
  "mission_settings": {
    "player": [
      {
        "army": 1
      },
      {
        "wing": "t1_player01"
      },
      {
        "wing": "t1_player02"
      },
      {
        "wing": "t1_player03"
      },
      {
        "wing": "t1_player04"
      },
      {
        "wing": "t1_player05"
      },
      {
        "wing": "t1_player06"
      },
      {
        "wing": "t1_player07"
      },
      {
        "wing": "t1_player08"
      },
      {
        "wing": "t1_player09"
      },
      {
        "wing": "t1_player10"
      },
      {
        "wing": "t1_player11"
      },
      {
        "wing": "t1_player12"
      },
      {
        "wing": "t1_player13"
      },
      {
        "wing": "t1_player14"
      },
      {
        "wing": "t1_player15"
      },
      {
        "wing": "t1_player16"
      },
      {
        "wing": "t1_player17"
      },
      {
        "wing": "t1_player18"
      },
      {
        "wing": "t1_player19"
      },
      {
        "wing": "t1_player20"
      },
      {
        "wing": "t1_player21"
      },
      {
        "wing": "t1_player22"
      },
      {
        "wing": "t1_player23"
      },
      {
        "wing": "t1_player24"
      },
      {
        "wing": "t1_player25"
      },
      {
        "wing": "t1_player26"
      },
      {
        "wing": "t1_player27"
      },
      {
        "wing": "t1_player28"
      },
      {
        "wing": "t1_player29"
      },
      {
        "wing": "t1_player30"
      },
      {
        "wing": "t1_player31"
      },
      {
        "wing": "t1_player32"
      }
    ],
    "player_teamB": [
      {
        "army": 2
      },
      {
        "wing": "t2_player01"
      },
      {
        "wing": "t2_player02"
      },
      {
        "wing": "t2_player03"
      },
      {
        "wing": "t2_player04"
      },
      {
        "wing": "t2_player05"
      },
      {
        "wing": "t2_player06"
      },
      {
        "wing": "t2_player07"
      },
      {
        "wing": "t2_player08"
      },
      {
        "wing": "t2_player09"
      },
      {
        "wing": "t2_player10"
      },
      {
        "wing": "t2_player11"
      },
      {
        "wing": "t2_player12"
      },
      {
        "wing": "t2_player13"
      },
      {
        "wing": "t2_player14"
      },
      {
        "wing": "t2_player15"
      },
      {
        "wing": "t2_player16"
      },
      {
        "wing": "t2_player17"
      },
      {
        "wing": "t2_player18"
      },
      {
        "wing": "t2_player19"
      },
      {
        "wing": "t2_player20"
      },
      {
        "wing": "t2_player21"
      },
      {
        "wing": "t2_player22"
      },
      {
        "wing": "t2_player23"
      },
      {
        "wing": "t2_player24"
      },
      {
        "wing": "t2_player25"
      },
      {
        "wing": "t2_player26"
      },
      {
        "wing": "t2_player27"
      },
      {
        "wing": "t2_player28"
      },
      {
        "wing": "t2_player29"
      },
      {
        "wing": "t2_player30"
      },
      {
        "wing": "t2_player31"
      },
      {
        "wing": "t2_player32"
      },
      {
        "wing": "t2_player33"
      }
    ],
    "mission": {
      "type": "domination",
      "level": "levels/air_ladoga.bin",
      "environment": "Day",
      "weather": "hazy",
      "locName": "missions/_frontline_BfD_norespawn;location/air_ladoga",
      "locDesc": "missions/_frontline_BfD_norespawn/desc",
      "scoreLimit": 5000,
      "timeLimit": 25,
      "deathPenaltyMul": 0.1,
      "allowEmptyTeams": false,
      "country_axis": "germany",
      "country_allies": "ussr",
      "restoreType": "attempts",
      "optionalTakeOff": false,
      "allowedUnitTypes": {
        "isAirplanesAllowed": true,
        "isTanksAllowed": false,
        "isShipsAllowed": false,
        "isHelicoptersAllowed": false
      }
    },
    "spectator_points": []
  },
  "imports": [
    {
      "import_record": {
        "file": "gameData/missions/templates/air_templates/air_frontline_base_logic_template.blk",
        "importAreas": true,
        "importUnits": true,
        "importTriggers": true,
        "importMissionObjectives": true,
        "importWayPoints": true,
        "showAreas": true,
        "showUnits": true,
        "showTriggers": true,
        "showMissionObjectives": true,
        "showWayPoints": true,
        "excludes": []
      }
    },
    {
      "import_record": {
        "file": "gameData/missions/templates/destroy_bomb_areas_template.blk",
        "importAreas": true,
        "importUnits": true,
        "importTriggers": true,
        "importMissionObjectives": true,
        "importWayPoints": true,
        "showAreas": true,
        "showUnits": true,
        "showTriggers": true,
        "showMissionObjectives": true,
        "showWayPoints": true,
        "excludes": []
      }
    },
    {
      "import_record": {
        "file": "gameData/missions/templates/destroy_airfield_zone_template.blk",
        "importAreas": true,
        "importUnits": true,
        "importTriggers": true,
        "importMissionObjectives": true,
        "importWayPoints": true,
        "showAreas": true,
        "showUnits": true,
        "showTriggers": true,
        "showMissionObjectives": true,
        "showWayPoints": true,
        "excludes": []
      }
    },
    {
      "import_record": {
        "file": "gameData/missions/templates/air_templates/air_frontline_units_death_template.blk",
        "importAreas": true,
        "importUnits": true,
        "importTriggers": true,
        "importMissionObjectives": true,
        "importWayPoints": true,
        "showAreas": true,
        "showUnits": true,
        "showTriggers": true,
        "showMissionObjectives": true,
        "showWayPoints": true,
        "excludes": []
      }
    },
    {
      "import_record": {
        "file": "gameData/missions/templates/gs_objectives_template.blk",
        "importAreas": true,
        "importUnits": true,
        "importTriggers": true,
        "importMissionObjectives": true,
        "importWayPoints": true,
        "showAreas": true,
        "showUnits": true,
        "showTriggers": true,
        "showMissionObjectives": true,
        "showWayPoints": true,
        "excludes": []
      }
    },
    {
      "import_record": {
        "file": "gameData/missions/templates/air_templates/rb_air_spawns_template.blk",
        "importAreas": true,
        "importUnits": true,
        "importTriggers": true,
        "importMissionObjectives": true,
        "importWayPoints": true,
        "showAreas": true,
        "showUnits": true,
        "showTriggers": true,
        "showMissionObjectives": true,
        "showWayPoints": true,
        "excludes": []
      }
    }
  ],
  "triggers": {
    "isCategory": true,
    "is_enabled": true,
    "mission_init": {
      "is_enabled": true,
      "comments": "",
      "props": {
        "actionsType": "PERFORM_ONE_BY_ONE",
        "conditionsType": "ALL",
        "enableAfterComplete": false
      },
      "events": {
        "initMission": []
      },
      "conditions": [],
      "actions": [
        {
          "unitSetProperties": [
            {
              "object_marking": 0
            },
            {
              "object_var_name": ""
            },
            {
              "object_var_comp_op": "equal"
            },
            {
              "object_var_value": 0
            },
            {
              "object": "t1_mguns_squad"
            },
            {
              "object": "t2_mguns_squad"
            },
            {
              "object": "t1_artillery_squad"
            },
            {
              "object": "t2_artillery_squad"
            },
            {
              "object": "t1_tanks_squad"
            },
            {
              "object": "t2_tanks_squad"
            },
            {
              "accuracy": 0.0
            },
            {
              "effShootingRate": 0.0
            }
          ]
        },
        {
          "unitSetProperties": [
            {
              "object_marking": 0
            },
            {
              "object_var_name": ""
            },
            {
              "object_var_comp_op": "equal"
            },
            {
              "object_var_value": 0
            },
            {
              "object": "t1_big_aaa_squad"
            },
            {
              "object": "t2_big_aaa_squad"
            },
            {
              "object": "t1_small_aaa_squad"
            },
            {
              "object": "t2_small_aaa_squad"
            },
            {
              "accuracy": 0.1
            },
            {
              "effShootingRate": 0.1
            },
            {
              "fireRandom": true
            },
            {
              "targetChangeInterval": 5.0
            },
            {
              "targetChangeProb": 0.25
            }
          ]
        },
        {
          "__missionMarkAsRespawnPoint": {
            "loc_name": "missions/airfield_spawn",
            "spawnEffect": false,
            "isAirfield": true,
            "isUnit": false,
            "radius": -1.0,
            "isStrictSpawn": false,
            "useExisting": false,
            "isIndividual": false,
            "removeAreas": false,
            "canSpawnOnNeutral": false,
            "showOnMap": true,
            "onlyOnePlayerPerSpawnPoint": false,
            "resetStrictSpawnIndex": false,
            "forceCreate": false,
            "replaceAreas": false,
            "ignoreTeamsOnReuse": false,
            "target": "t1_airfield",
            "team": "A",
            "separate_fuel_time": false,
            "modular_airfield": false,
            "offset": [0.0,0.0,0.0],
            "tags": {
              "type_bomber": false,
              "type_assault": false,
              "tank": false
            }
          }
        },
        {
          "__missionMarkAsRespawnPoint": {
            "loc_name": "missions/airfield_spawn",
            "spawnEffect": false,
            "isAirfield": true,
            "isUnit": false,
            "radius": -1.0,
            "isStrictSpawn": false,
            "useExisting": false,
            "isIndividual": false,
            "removeAreas": false,
            "canSpawnOnNeutral": false,
            "showOnMap": true,
            "onlyOnePlayerPerSpawnPoint": false,
            "resetStrictSpawnIndex": false,
            "forceCreate": false,
            "replaceAreas": false,
            "ignoreTeamsOnReuse": false,
            "target": "t2_airfield",
            "team": "B",
            "separate_fuel_time": false,
            "modular_airfield": false,
            "offset": [0.0,0.0,0.0],
            "tags": {
              "type_bomber": false,
              "type_assault": false,
              "tank": false
            }
          }
        },
        {
          "unitSetIndication": {
            "set": true,
            "target_marking": 0,
            "object_var_name": "",
            "object_var_comp_op": "equal",
            "object_var_value": 0,
            "target": "t1_quest_units_squad",
            "team": "B"
          }
        },
        {
          "unitSetIndication": {
            "set": true,
            "target_marking": 0,
            "object_var_name": "",
            "object_var_comp_op": "equal",
            "object_var_value": 0,
            "target": "t2_quest_units_squad",
            "team": "A"
          }
        },
        {
          "varSetReal": {
            "value": 1200.0,
            "var": "historical_destroy_timer"
          }
        },
        {
          "varSetBool": {
            "value": true,
            "var": "isBombingZonesAffect"
          }
        },
        {
          "__varSetBool": {
            "value": true,
            "var": "force_air_spawn"
          }
        },
        {
          "__varSetInt": {
            "value": 4,
            "var": "max_bomb_areas"
          }
        },
        {
          "unitSetProperties": [
            {
              "object_marking": 0
            },
            {
              "object_var_name": ""
            },
            {
              "object_var_comp_op": "equal"
            },
            {
              "object_var_value": 0
            },
            {
              "object": "t1_def_aaa_squad"
            },
            {
              "object": "t2_def_aaa_squad"
            },
            {
              "fireRandom": true
            },
            {
              "targetChangeInterval": 5.0
            },
            {
              "targetChangeProb": 0.25
            }
          ]
        }
      ],
      "else_actions": []
    }
  },
  "mission_objectives": {
    "isCategory": true,
    "is_enabled": true
  },
  "variables": [],
  "dialogs": [],
  "airfields": [],
  "effects": [],
  "units": [
    {
      "objectGroups": {
        "name": "trench_01",
        "tm": [
          [0.07933,0.0115272,-0.996781],
          [0.0,0.999933,0.0115636],
          [0.996848,-0.000917344,0.0793247],
          [-5685.63,41.9093,1526.08]
        ],
        "unit_class": "dynTrench_long_a",
        "objLayer": 2,
        "props": {
          "army": 0,
          "active": true
        }
      }
    },
    {
      "objectGroups": {
        "name": "trench_02",
        "tm": [
          [0.07933,0.0089818,-0.996808],
          [0.0,0.999959,0.0090102],
          [0.996848,-0.000714779,0.0793268],
          [-5656.67,46.904,1105.19]
        ],
        "unit_class": "dynTrench_long_a",
        "objLayer": 2,
        "props": {
          "army": 0,
          "active": true
        }
      }
    },
    {
      "objectGroups": {
        "name": "trench_03",
        "tm": [
          [0.225854,0.0239173,-0.973867],
          [-0.00535616,0.999714,0.0233099],
          [0.974146,-4.84381e-05,0.225918],
          [-5629.11,47.3183,815.869]
        ],
        "unit_class": "dynTrench_long_b",
        "objLayer": 2,
        "props": {
          "army": 0,
          "active": true
        }
      }
    },
    {
      "objectGroups": {
        "name": "trench_04",
        "tm": [
          [0.225854,0.0033484,-0.974156],
          [-0.00535616,0.999983,0.00219537],
          [0.974146,0.00472189,0.225869],
          [-5594.35,47.5374,644.628]
        ],
        "unit_class": "dynTrench_long_b",
        "objLayer": 2,
        "props": {
          "army": 0,
          "active": true
        }
      }
    },
    {
      "objectGroups": {
        "name": "trench_05",
        "tm": [
          [0.225854,0.00137484,-0.97416],
          [-0.00535616,0.999986,0.000169487],
          [0.974146,0.00517948,0.225858],
          [-5530.54,47.3829,350.228]
        ],
        "unit_class": "dynTrench_long_a",
        "objLayer": 2,
        "props": {
          "army": 0,
          "active": true
        }
      }
    },
    {
      "objectGroups": {
        "name": "trench_06",
        "tm": [
          [-0.10552,-0.0295014,-0.993979],
          [-0.00311441,0.999565,-0.0293365],
          [0.994412,2.22045e-16,-0.105565],
          [-5564.64,49.1709,-1252.39]
        ],
        "unit_class": "dynTrench_long_b",
        "objLayer": 2,
        "props": {
          "army": 0,
          "active": true
        }
      }
    },
    {
      "objectGroups": {
        "name": "trench_07",
        "tm": [
          [-0.618073,0.0118789,-0.786031],
          [-0.0111998,0.999651,0.0239139],
          [0.786042,0.023584,-0.617724],
          [-5665.14,46.4984,-3298.76]
        ],
        "unit_class": "dynTrench_long_a",
        "objLayer": 2,
        "props": {
          "army": 0,
          "active": true
        }
      }
    },
    {
      "objectGroups": {
        "name": "trench_08",
        "tm": [
          [-0.352385,-0.00961023,-0.935805],
          [-0.0239604,0.999712,-0.001244],
          [0.935548,0.0219839,-0.352514],
          [-5875.97,46.8746,-3662.71]
        ],
        "unit_class": "dynTrench_long_a",
        "objLayer": 2,
        "props": {
          "army": 0,
          "active": true
        }
      }
    },
    {
      "objectGroups": {
        "name": "trench_09",
        "tm": [
          [0.289742,-0.00326635,-0.957099],
          [-0.0213487,0.999724,-0.00987468],
          [0.956867,0.0232939,0.289592],
          [-5840.31,47.5408,-4348.33]
        ],
        "unit_class": "dynTrench_long_a",
        "objLayer": 2,
        "props": {
          "army": 0,
          "active": true
        }
      }
    },
    {
      "objectGroups": {
        "name": "trench_10",
        "tm": [
          [0.568853,0.0126106,-0.822343],
          [-0.0239604,0.999712,-0.001244],
          [0.82209,0.0204114,0.568992],
          [-5660.16,49.8154,-4732.46]
        ],
        "unit_class": "dynTrench_long_a",
        "objLayer": 2,
        "props": {
          "army": 0,
          "active": true
        }
      }
    },
    {
      "objectGroups": {
        "name": "trench_11",
        "tm": [
          [-0.0907528,0.022863,-0.995611],
          [-0.0215838,0.999456,0.0249188],
          [0.995639,0.0237505,-0.0902099],
          [-5365.77,51.0779,-4984.17]
        ],
        "unit_class": "dynTrench_long_b",
        "objLayer": 2,
        "props": {
          "army": 0,
          "active": true
        }
      }
    },
    {
      "objectGroups": {
        "name": "trench_12",
        "tm": [
          [0.096741,0.00367045,-0.995303],
          [-0.0239542,0.999712,0.00135844],
          [0.995022,0.0237103,0.0968007],
          [-6076.91,50.4431,-9626.85]
        ],
        "unit_class": "dynTrench_long_a",
        "objLayer": 2,
        "props": {
          "army": 0,
          "active": true
        }
      }
    },
    {
      "objectGroups": {
        "name": "trench_13",
        "tm": [
          [-0.0355054,0.00050721,-0.999369],
          [-0.0239542,0.999712,0.00135844],
          [0.999082,0.0239874,-0.0354828],
          [-6065.5,48.222,-9928.46]
        ],
        "unit_class": "dynTrench_long_b",
        "objLayer": 2,
        "props": {
          "army": 0,
          "active": true
        }
      }
    },
    {
      "objectGroups": {
        "name": "trench_14",
        "tm": [
          [0.0529877,0.0148846,-0.998484],
          [-0.0247502,0.999602,0.0135878],
          [0.998289,0.0239927,0.0533351],
          [-6058.02,47.1326,-10351.1]
        ],
        "unit_class": "dynTrench_long_a",
        "objLayer": 2,
        "props": {
          "army": 0,
          "active": true
        }
      }
    },
    {
      "objectGroups": {
        "name": "trench_15",
        "tm": [
          [0.0533495,3.60359e-05,-0.998576],
          [-0.0239604,0.999712,-0.001244],
          [0.998289,0.0239927,0.0533351],
          [-6041.62,47.693,-10759.9]
        ],
        "unit_class": "dynTrench_long_a",
        "objLayer": 2,
        "props": {
          "army": 0,
          "active": true
        }
      }
    },
    {
      "objectGroups": {
        "name": "trench_17",
        "tm": [
          [-0.0692895,0.00233639,-0.997594],
          [-0.023598,0.999714,0.00398041],
          [0.997318,0.023817,-0.0692144],
          [-6051.52,47.0089,-11178.7]
        ],
        "unit_class": "dynTrench_long_a",
        "objLayer": 2,
        "props": {
          "army": 0,
          "active": true
        }
      }
    },
    {
      "objectGroups": {
        "name": "trench_18",
        "tm": [
          [0.0831122,0.00368495,-0.996533],
          [-0.0239323,0.999712,0.00170073],
          [0.996253,0.023708,0.083177],
          [-6056.06,47.2398,-11592.6]
        ],
        "unit_class": "dynTrench_long_a",
        "objLayer": 2,
        "props": {
          "army": 0,
          "active": true
        }
      }
    },
    {
      "objectGroups": {
        "name": "trench_16",
        "tm": [
          [0.0645897,4.36283e-05,-1.20897],
          [-0.0239604,0.999712,-0.001244],
          [0.998289,0.0239927,0.0533351],
          [-6032.99,45.7629,-11916.1]
        ],
        "unit_class": "dynTrench_long_b",
        "objLayer": 2,
        "props": {
          "army": 0,
          "active": true
        }
      }
    },
    {
      "objectGroups": {
        "name": "trench_19",
        "tm": [
          [-0.0706383,-0.00293428,-0.997498],
          [-0.0239604,0.999712,-0.001244],
          [0.997214,0.0238126,-0.0706882],
          [-6050.42,46.0,-12237.9]
        ],
        "unit_class": "dynTrench_long_a",
        "objLayer": 2,
        "props": {
          "army": 0,
          "active": true
        }
      }
    },
    {
      "objectGroups": {
        "name": "trench_20",
        "tm": [
          [0.335851,-0.0108552,-0.941853],
          [-0.0239604,0.999511,-0.0200636],
          [0.94161,0.0293056,0.335428],
          [-6002.33,46.7502,-12628.3]
        ],
        "unit_class": "dynTrench_long_a",
        "objLayer": 2,
        "props": {
          "army": 0,
          "active": true
        }
      }
    },
    {
      "objectGroups": {
        "name": "trench_21",
        "tm": [
          [-0.0279746,0.0115591,-0.999542],
          [0.0,0.999933,0.0115636],
          [0.999609,0.000323488,-0.0279727],
          [-5514.53,41.1688,1549.31]
        ],
        "unit_class": "dynTrench_long_a",
        "objLayer": 2,
        "props": {
          "army": 0,
          "active": true
        }
      }
    },
    {
      "objectGroups": {
        "name": "trench_22",
        "tm": [
          [0.252669,0.0,-0.967552],
          [0.0,1.0,0.0],
          [0.967552,0.0,0.252669],
          [-5475.42,46.2655,981.089]
        ],
        "unit_class": "dynTrench_long_a",
        "objLayer": 2,
        "props": {
          "army": 0,
          "active": true
        }
      }
    },
    {
      "objectGroups": {
        "name": "trench_23",
        "tm": [
          [0.017751,0.000411022,-0.999842],
          [-0.00438895,0.99999,0.00033316],
          [0.999833,0.00438234,0.0177526],
          [-5523.96,45.1705,1266.58]
        ],
        "unit_class": "dynTrench_long_b",
        "objLayer": 2,
        "props": {
          "army": 0,
          "active": true
        }
      }
    },
    {
      "objectGroups": {
        "name": "trench_24",
        "tm": [
          [0.225854,0.0122558,-0.974084],
          [0.0157218,0.999745,0.0162241],
          [0.974034,-0.0189786,0.225604],
          [-5408.63,47.2783,693.615]
        ],
        "unit_class": "dynTrench_long_b",
        "objLayer": 2,
        "props": {
          "army": 0,
          "active": true
        }
      }
    },
    {
      "objectGroups": {
        "name": "trench_25",
        "tm": [
          [0.168357,0.00222244,-0.985724],
          [-0.00534785,0.999985,0.0013412],
          [0.985711,0.00504571,0.168367],
          [-5357.3,49.8641,396.764]
        ],
        "unit_class": "dynTrench_long_a",
        "objLayer": 2,
        "props": {
          "army": 0,
          "active": true
        }
      }
    },
    {
      "objectGroups": {
        "name": "trench_26",
        "tm": [
          [-0.10584,-0.00133308,-0.994381],
          [-0.018128,0.999836,0.000589126],
          [0.994218,0.0180885,-0.105846],
          [-5388.98,54.0,-1290.37]
        ],
        "unit_class": "dynTrench_long_a",
        "objLayer": 2,
        "props": {
          "army": 0,
          "active": true
        }
      }
    },
    {
      "objectGroups": {
        "name": "trench_27",
        "tm": [
          [-0.618073,0.0118789,-0.786031],
          [-0.0111998,0.999651,0.0239139],
          [0.786042,0.023584,-0.617724],
          [-5519.75,46.4902,-3384.54]
        ],
        "unit_class": "dynTrench_long_a",
        "objLayer": 2,
        "props": {
          "army": 0,
          "active": true
        }
      }
    },
    {
      "objectGroups": {
        "name": "trench_28",
        "tm": [
          [-0.242463,-0.00701841,-0.970135],
          [-0.0239604,0.999712,-0.001244],
          [0.969865,0.0229432,-0.242561],
          [-5711.27,46.8955,-3763.57]
        ],
        "unit_class": "dynTrench_long_a",
        "objLayer": 2,
        "props": {
          "army": 0,
          "active": true
        }
      }
    },
    {
      "objectGroups": {
        "name": "trench_29",
        "tm": [
          [0.289632,0.00173751,-0.957137],
          [-0.0227987,0.999728,-0.00508408],
          [0.956867,0.0232939,0.289592],
          [-5651.41,47.5066,-4340.83]
        ],
        "unit_class": "dynTrench_long_a",
        "objLayer": 2,
        "props": {
          "army": 0,
          "active": true
        }
      }
    },
    {
      "objectGroups": {
        "name": "trench_30",
        "tm": [
          [0.568853,0.0126106,-0.822343],
          [-0.0239604,0.999712,-0.001244],
          [0.82209,0.0204114,0.568992],
          [-5476.26,48.1413,-4721.25]
        ],
        "unit_class": "dynTrench_long_a",
        "objLayer": 2,
        "props": {
          "army": 0,
          "active": true
        }
      }
    },
    {
      "objectGroups": {
        "name": "trench_32",
        "tm": [
          [-0.00660935,0.00120041,-0.999978],
          [-0.0239542,0.999712,0.00135844],
          [0.999691,0.0239627,-0.00657915],
          [-5917.63,47.0,-9636.66]
        ],
        "unit_class": "dynTrench_long_a",
        "objLayer": 2,
        "props": {
          "army": 0,
          "active": true
        }
      }
    },
    {
      "objectGroups": {
        "name": "trench_33",
        "tm": [
          [0.0867941,0.00343339,-0.99622],
          [-0.0239542,0.999712,0.00135844],
          [0.995939,0.0237458,0.0868519],
          [-5925.83,47.4473,-9940.86]
        ],
        "unit_class": "dynTrench_long_a",
        "objLayer": 2,
        "props": {
          "army": 0,
          "active": true
        }
      }
    },
    {
      "objectGroups": {
        "name": "trench_34",
        "tm": [
          [0.0533495,3.60359e-05,-0.998576],
          [-0.0239604,0.999712,-0.001244],
          [0.998289,0.0239927,0.0533351],
          [-5903.22,47.0,-10359.1]
        ],
        "unit_class": "dynTrench_long_a",
        "objLayer": 2,
        "props": {
          "army": 0,
          "active": true
        }
      }
    },
    {
      "objectGroups": {
        "name": "trench_35",
        "tm": [
          [0.0533495,3.60359e-05,-0.998576],
          [-0.0239604,0.999712,-0.001244],
          [0.998289,0.0239927,0.0533351],
          [-5887.92,47.678,-10767.9]
        ],
        "unit_class": "dynTrench_long_a",
        "objLayer": 2,
        "props": {
          "army": 0,
          "active": true
        }
      }
    },
    {
      "objectGroups": {
        "name": "trench_36",
        "tm": [
          [-0.0692895,0.00233639,-0.997594],
          [-0.023598,0.999714,0.00398041],
          [0.997318,0.023817,-0.0692144],
          [-5897.92,47.0,-11183.0]
        ],
        "unit_class": "dynTrench_long_a",
        "objLayer": 2,
        "props": {
          "army": 0,
          "active": true
        }
      }
    },
    {
      "objectGroups": {
        "name": "trench_37",
        "tm": [
          [0.402375,0.00368495,-0.915467],
          [-0.0231865,0.999712,-0.00616711],
          [0.915181,0.023708,0.402345],
          [-5886.64,46.1702,-11475.0]
        ],
        "unit_class": "dynTrench_long_b",
        "objLayer": 2,
        "props": {
          "army": 0,
          "active": true
        }
      }
    },
    {
      "objectGroups": {
        "name": "trench_38",
        "tm": [
          [0.0533495,3.60359e-05,-0.998576],
          [-0.0239604,0.999712,-0.001244],
          [0.998289,0.0239927,0.0533351],
          [-5861.41,45.6345,-11872.2]
        ],
        "unit_class": "dynTrench_long_a",
        "objLayer": 2,
        "props": {
          "army": 0,
          "active": true
        }
      }
    },
    {
      "objectGroups": {
        "name": "trench_39",
        "tm": [
          [-0.0706383,-0.00293428,-0.997498],
          [-0.0239604,0.999712,-0.001244],
          [0.997214,0.0238126,-0.0706882],
          [-5874.72,46.5039,-12279.8]
        ],
        "unit_class": "dynTrench_long_a",
        "objLayer": 2,
        "props": {
          "army": 0,
          "active": true
        }
      }
    },
    {
      "objectGroups": {
        "name": "trench_40",
        "tm": [
          [0.335851,-0.0108552,-0.941853],
          [-0.0239604,0.999511,-0.0200636],
          [0.94161,0.0293056,0.335428],
          [-5826.63,43.1715,-12670.2]
        ],
        "unit_class": "dynTrench_long_a",
        "objLayer": 2,
        "props": {
          "army": 0,
          "active": true
        }
      }
    },
    {
      "objectGroups": {
        "name": "trench_41",
        "tm": [
          [0.99955,-0.00028514,0.0300085],
          [-5.18244e-05,0.999937,0.0112277],
          [-0.0300099,-0.0112242,0.999487],
          [-5595.43,42.6819,1475.01]
        ],
        "unit_class": "dynTrench_long_b",
        "objLayer": 2,
        "props": {
          "army": 0,
          "active": true
        }
      }
    },
    {
      "objectGroups": {
        "name": "trench_42",
        "tm": [
          [0.836326,5.2032e-05,0.0862557],
          [-2.72654e-05,1.0,-0.00033883],
          [-0.102592,0.000334242,0.994724],
          [-5559.6,48.4143,1001.42]
        ],
        "unit_class": "dynTrench_long_b",
        "objLayer": 2,
        "props": {
          "army": 0,
          "active": true
        }
      }
    },
    {
      "objectGroups": {
        "name": "trench_43",
        "tm": [
          [0.992644,0.000419001,0.121068],
          [0.0011465,0.999917,-0.0128608],
          [-0.121063,0.012905,0.992561],
          [-5438.76,48.0261,434.141]
        ],
        "unit_class": "dynTrench_long_b",
        "objLayer": 2,
        "props": {
          "army": 0,
          "active": true
        }
      }
    },
    {
      "objectGroups": {
        "name": "trench_44",
        "tm": [
          [0.999819,-0.0158397,-0.0106228],
          [0.0155199,0.999443,-0.0295396],
          [0.0110848,0.0293694,0.999507],
          [-5468.39,51.1101,-1258.99]
        ],
        "unit_class": "dynTrench_long_b",
        "objLayer": 2,
        "props": {
          "army": 0,
          "active": true
        }
      }
    },
    {
      "objectGroups": {
        "name": "trench_45",
        "tm": [
          [0.726281,0.0108599,-0.687313],
          [-0.0249083,0.999635,-0.0105257],
          [0.686947,0.0247645,0.726285],
          [-5624.59,47.9086,-3382.36]
        ],
        "unit_class": "dynTrench_long_b",
        "objLayer": 2,
        "props": {
          "army": 0,
          "active": true
        }
      }
    },
    {
      "objectGroups": {
        "name": "trench_46",
        "tm": [
          [1.00202,-0.0106913,-0.430285],
          [-0.000220051,0.999679,-0.0253515],
          [0.39468,0.0233803,0.918521],
          [-5798.75,48.9061,-3752.56]
        ],
        "unit_class": "dynTrench_long_b",
        "objLayer": 2,
        "props": {
          "army": 0,
          "active": true
        }
      }
    },
    {
      "objectGroups": {
        "name": "trench_47",
        "tm": [
          [0.995956,-0.0347582,-0.0828571],
          [0.0384693,0.998307,0.0436213],
          [0.0812005,-0.0466323,0.995606],
          [-5753.41,47.5157,-4285.33]
        ],
        "unit_class": "dynTrench_long_b",
        "objLayer": 2,
        "props": {
          "army": 0,
          "active": true
        }
      }
    },
    {
      "objectGroups": {
        "name": "trench_48",
        "tm": [
          [0.942542,-0.0149283,0.333754],
          [0.00929575,0.999786,0.018467],
          [-0.333958,-0.0143034,0.94248],
          [-5582.68,48.0232,-4682.09]
        ],
        "unit_class": "dynTrench_long_b",
        "objLayer": 2,
        "props": {
          "army": 0,
          "active": true
        }
      }
    },
    {
      "objectGroups": {
        "name": "trench_31",
        "tm": [
          [0.998698,-0.0182662,0.0476233],
          [0.0181263,0.99983,0.0033673],
          [-0.0476771,-0.00249966,0.99886],
          [-5978.28,48.5056,-9624.62]
        ],
        "unit_class": "dynTrench_long_b",
        "objLayer": 2,
        "props": {
          "army": 0,
          "active": true
        }
      }
    },
    {
      "objectGroups": {
        "name": "trench_49",
        "tm": [
          [0.998698,-0.0182662,0.0476233],
          [0.0181263,0.99983,0.0033673],
          [-0.0476771,-0.00249966,0.99886],
          [-5972.19,47.8634,-10022.9]
        ],
        "unit_class": "dynTrench_long_b",
        "objLayer": 2,
        "props": {
          "army": 0,
          "active": true
        }
      }
    },
    {
      "objectGroups": {
        "name": "trench_50",
        "tm": [
          [0.987665,-0.0182662,0.155511],
          [0.017655,0.99983,0.00531073],
          [-0.155582,-0.00249966,0.98782],
          [-5962.52,47.1322,-10340.0]
        ],
        "unit_class": "dynTrench_long_b",
        "objLayer": 2,
        "props": {
          "army": 0,
          "active": true
        }
      }
    },
    {
      "objectGroups": {
        "name": "trench_51",
        "tm": [
          [0.987665,-0.0182662,0.155511],
          [0.017655,0.99983,0.00531073],
          [-0.155582,-0.00249966,0.98782],
          [-5948.42,47.6203,-10803.7]
        ],
        "unit_class": "dynTrench_long_b",
        "objLayer": 2,
        "props": {
          "army": 0,
          "active": true
        }
      }
    },
    {
      "objectGroups": {
        "name": "trench_52",
        "tm": [
          [0.987665,-0.0182662,0.155511],
          [0.017655,0.99983,0.00531073],
          [-0.155582,-0.00249966,0.98782],
          [-5954.02,47.049,-11153.4]
        ],
        "unit_class": "dynTrench_long_b",
        "objLayer": 2,
        "props": {
          "army": 0,
          "active": true
        }
      }
    },
    {
      "objectGroups": {
        "name": "trench_53",
        "tm": [
          [0.987665,-0.0182662,0.155511],
          [0.017655,0.99983,0.00531073],
          [-0.155582,-0.00249966,0.98782],
          [-5952.62,46.2053,-11522.7]
        ],
        "unit_class": "dynTrench_long_b",
        "objLayer": 2,
        "props": {
          "army": 0,
          "active": true
        }
      }
    },
    {
      "objectGroups": {
        "name": "trench_54",
        "tm": [
          [0.998319,-0.0173345,-0.0553112],
          [0.017655,0.99983,0.00531073],
          [0.0552098,-0.0062783,0.998455],
          [-5932.02,45.6159,-11946.4]
        ],
        "unit_class": "dynTrench_long_b",
        "objLayer": 2,
        "props": {
          "army": 0,
          "active": true
        }
      }
    },
    {
      "objectGroups": {
        "name": "trench_55",
        "tm": [
          [0.999242,-0.0178284,0.0346035],
          [0.017655,0.99983,0.00531073],
          [-0.0346922,-0.00469576,0.999387],
          [-5955.02,45.9808,-12370.9]
        ],
        "unit_class": "dynTrench_long_b",
        "objLayer": 2,
        "props": {
          "army": 0,
          "active": true
        }
      }
    },
    {
      "objectGroups": {
        "name": "trench_56",
        "tm": [
          [0.07933,0.00658056,-0.996827],
          [0.0,0.999978,0.00660136],
          [0.996848,-0.000523686,0.0793283],
          [-4755.92,40.2656,1447.49]
        ],
        "unit_class": "dynTrench_long_a",
        "objLayer": 2,
        "props": {
          "army": 0,
          "active": true
        }
      }
    },
    {
      "objectGroups": {
        "name": "trench_57",
        "tm": [
          [0.0793298,-0.00184549,-0.996847],
          [-0.000186925,0.999998,-0.00186619],
          [0.996848,0.000334381,0.0793293],
          [-4728.71,42.9849,1027.93]
        ],
        "unit_class": "dynTrench_long_a",
        "objLayer": 2,
        "props": {
          "army": 0,
          "active": true
        }
      }
    },
    {
      "objectGroups": {
        "name": "trench_59",
        "tm": [
          [0.113035,0.00415337,-0.993582],
          [0.00232194,0.999988,0.00444454],
          [0.993588,-0.0028094,0.113024],
          [-4687.24,44.3409,584.931]
        ],
        "unit_class": "dynTrench_long_b",
        "objLayer": 2,
        "props": {
          "army": 0,
          "active": true
        }
      }
    },
    {
      "objectGroups": {
        "name": "trench_60",
        "tm": [
          [0.225916,0.00329461,-0.974142],
          [-0.000793948,0.999994,0.00319789],
          [0.974146,5.09606e-05,0.225918],
          [-4633.75,46.6405,289.303]
        ],
        "unit_class": "dynTrench_long_a",
        "objLayer": 2,
        "props": {
          "army": 0,
          "active": true
        }
      }
    },
    {
      "objectGroups": {
        "name": "trench_62",
        "tm": [
          [-0.131508,-0.0431389,-0.990376],
          [-0.0290773,0.998791,-0.0396443],
          [0.990889,0.023584,-0.132603],
          [-4404.67,46.2668,-3381.15]
        ],
        "unit_class": "dynTrench_long_a",
        "objLayer": 2,
        "props": {
          "army": 0,
          "active": true
        }
      }
    },
    {
      "objectGroups": {
        "name": "trench_64",
        "tm": [
          [0.097476,0.00173548,-0.995236],
          [-0.0278527,0.999612,-0.00098485],
          [0.994848,0.027816,0.0974865],
          [-4539.58,47.2554,-4267.06]
        ],
        "unit_class": "dynTrench_long_a",
        "objLayer": 2,
        "props": {
          "army": 0,
          "active": true
        }
      }
    },
    {
      "objectGroups": {
        "name": "trench_65",
        "tm": [
          [0.301093,0.00381937,-0.953587],
          [-0.020614,0.999784,-0.00250444],
          [0.953372,0.0204114,0.301107],
          [-4461.01,46.6783,-4685.23]
        ],
        "unit_class": "dynTrench_long_a",
        "objLayer": 2,
        "props": {
          "army": 0,
          "active": true
        }
      }
    },
    {
      "objectGroups": {
        "name": "trench_66",
        "tm": [
          [-0.0861982,0.0224645,-0.996025],
          [-0.0219704,0.99946,0.0244433],
          [0.996036,0.02399,-0.085658],
          [-4416.85,49.6585,-5096.53]
        ],
        "unit_class": "dynTrench_long_a",
        "objLayer": 2,
        "props": {
          "army": 0,
          "active": true
        }
      }
    },
    {
      "objectGroups": {
        "name": "trench_69",
        "tm": [
          [0.266594,-0.000797701,-0.963809],
          [-0.0530826,0.99847,-0.0155092],
          [0.962346,0.0552961,0.266143],
          [-4996.88,35.6024,-10200.4]
        ],
        "unit_class": "dynTrench_long_a",
        "objLayer": 2,
        "props": {
          "army": 0,
          "active": true
        }
      }
    },
    {
      "objectGroups": {
        "name": "trench_70",
        "tm": [
          [0.0720067,0.00824574,-0.997371],
          [0.0144239,0.999852,0.00930757],
          [0.997301,-0.0150561,0.0718767],
          [-4934.2,34.9689,-10548.8]
        ],
        "unit_class": "dynTrench_long_a",
        "objLayer": 2,
        "props": {
          "army": 0,
          "active": true
        }
      }
    },
    {
      "objectGroups": {
        "name": "trench_71",
        "tm": [
          [0.284382,-0.00208236,-0.958709],
          [-0.0214756,0.999733,-0.00854187],
          [0.958471,0.023018,0.284262],
          [-4867.51,34.8256,-10964.0]
        ],
        "unit_class": "dynTrench_long_a",
        "objLayer": 2,
        "props": {
          "army": 0,
          "active": true
        }
      }
    },
    {
      "objectGroups": {
        "name": "trench_73",
        "tm": [
          [0.283747,0.00626735,-0.958878],
          [-0.0253945,0.999677,-0.000980554],
