{
  "selected_tag": "",
  "bin_dump_file": "",
  "mission_settings": {
    "player": {
      "army": 1,
      "wing": [
        "t1_player01",
        "t1_player02",
        "t1_player03",
        "t1_player04",
        "t1_player05",
        "t1_player06",
        "t1_player07",
        "t1_player08",
        "t1_player09",
        "t1_player10",
        "t1_player11",
        "t1_player12",
        "t1_player13",
        "t1_player14",
        "t1_player15",
        "t1_player16",
        "t1_player17",
        "t1_player18",
        "t1_player19",
        "t1_player20",
        "t1_player21",
        "t1_player22",
        "t1_player23",
        "t1_player24",
        "t1_player25",
        "t1_player26",
        "t1_player27",
        "t1_player28",
        "t1_player29",
        "t1_player30",
        "t1_player31",
        "t1_player32"
      ]
    },
    "player_teamB": {
      "army": 2,
      "wing": [
        "t2_player01",
        "t2_player02",
        "t2_player03",
        "t2_player04",
        "t2_player05",
        "t2_player06",
        "t2_player07",
        "t2_player08",
        "t2_player09",
        "t2_player10",
        "t2_player11",
        "t2_player12",
        "t2_player13",
        "t2_player14",
        "t2_player15",
        "t2_player16",
        "t2_player17",
        "t2_player18",
        "t2_player19",
        "t2_player20",
        "t2_player21",
        "t2_player22",
        "t2_player23",
        "t2_player24",
        "t2_player25",
        "t2_player26",
        "t2_player27",
        "t2_player28",
        "t2_player29",
        "t2_player30",
        "t2_player31",
        "t2_player32",
        "t2_player33"
      ]
    },
    "mission": {
      "level": "levels/moscow.bin",
      "type": "domination",
      "environment": "Day",
      "weather": "hazy",
      "locName": "missions/moscow_serpuhov_BfD_norespawn",
      "locDesc": "missions/_BfD_norespawn/desc",
      "scoreLimit": 7600,
      "timeLimit": 25,
      "deathPenaltyMul": 0.4,
      "ctaCaptureZoneEqualPenaltyMul": 0.0,
      "allowEmptyTeams": false,
      "country_axis": "germany",
      "country_allies": "ussr",
      "restoreType": "attempts",
      "optionalTakeOff": false,
      "allowedUnitTypes": {
        "isAirplanesAllowed": true,
        "isTanksAllowed": false,
        "isShipsAllowed": false,
        "isHelicoptersAllowed": false
      }
    },
    "atmosphere": {
      "pressure": 760.0,
      "temperature": -15.0
    },
    "spectator_points": {},
    "briefing": {
      "place_loc": "",
      "date_loc": "",
      "objective_loc": "",
      "music": "action_01",
      "part": {
        "event": "",
        "minTime": 0,
        "slide": {
          "map": true,
          "minTime": 4,
          "picture": "",
          "showAirMap": false,
          "icon": [
            {
              "icontype": "fighter",
              "side": "ally",
              "target": "briefing_t1_air_spawn",
              "lookAt": "briefing_center"
            },
            {
              "icontype": "fighter",
              "side": "enemy",
              "target": "briefing_t2_air_spawn",
              "lookAt": "briefing_center"
            },
            {
              "icontype": "artillery",
              "side": "ally",
              "target": "briefing_t1_def_01"
            },
            {
              "icontype": "artillery",
              "side": "ally",
              "target": "briefing_t1_def_02"
            },
            {
              "icontype": "artillery",
              "side": "enemy",
              "target": "briefing_t2_def_01"
            },
            {
              "icontype": "artillery",
              "side": "enemy",
              "target": "briefing_t2_def_02"
            },
            {
              "icontype": "artillery",
              "side": "enemy",
              "target": "briefing_t2_def_03"
            },
            {
              "icontype": "tank",
              "side": "ally",
              "target": "briefing_t1_tank_01"
            }
          ]
        }
      }
    }
  },
  "imports": {
    "import_record": [
      {
        "file": "gameData/missions/templates/base_logic_template.blk",
        "importAreas": true,
        "importUnits": true,
        "importTriggers": true,
        "importMissionObjectives": true,
        "importWayPoints": true,
        "showAreas": true,
        "showUnits": true,
        "showTriggers": true,
        "showMissionObjectives": true,
        "showWayPoints": true,
        "excludes": {}
      },
      {
        "file": "gameData/missions/templates/land_units_move_template.blk",
        "importAreas": true,
        "importUnits": true,
        "importTriggers": true,
        "importMissionObjectives": true,
        "importWayPoints": true,
        "showAreas": true,
        "showUnits": true,
        "showTriggers": true,
        "showMissionObjectives": true,
        "showWayPoints": true,
        "excludes": {}
      },
      {
        "file": "gameData/missions/bridges/moscow_bridges.blk",
        "importAreas": true,
        "importUnits": true,
        "importTriggers": true,
        "importMissionObjectives": true,
        "importWayPoints": true,
        "showAreas": true,
        "showUnits": true,
        "showTriggers": true,
        "showMissionObjectives": true,
        "showWayPoints": true,
        "excludes": {}
      },
      {
        "file": "gameData/missions/templates/land_units_death_template.blk",
        "importAreas": true,
        "importUnits": true,
        "importTriggers": true,
        "importMissionObjectives": true,
        "importWayPoints": true,
        "showAreas": true,
        "showUnits": true,
        "showTriggers": true,
        "showMissionObjectives": true,
        "showWayPoints": true,
        "excludes": {}
      },
      {
        "file": "gameData/missions/cta/planes/historical/BfD/moscow_serpuhov/airfields_part.blk",
        "importAreas": true,
        "importUnits": true,
        "importTriggers": true,
        "importMissionObjectives": true,
        "importWayPoints": true,
        "showAreas": true,
        "showUnits": true,
        "showTriggers": true,
        "showMissionObjectives": true,
        "showWayPoints": true,
        "excludes": {}
      },
      {
        "file": "gameData/missions/cta/planes/historical/BfD/moscow_serpuhov/at_assaults_part.blk",
        "importAreas": true,
        "importUnits": true,
        "importTriggers": true,
        "importMissionObjectives": true,
        "importWayPoints": true,
        "showAreas": true,
        "showUnits": true,
        "showTriggers": true,
        "showMissionObjectives": true,
        "showWayPoints": true,
        "excludes": {}
      },
      {
        "file": "gameData/missions/templates/air_templates/gs/template_at_bfd_ussr_germ_planeset.blk",
        "importAreas": true,
        "importUnits": true,
        "importTriggers": true,
        "importMissionObjectives": true,
        "importWayPoints": true,
        "showAreas": true,
        "showUnits": true,
        "showTriggers": true,
        "showMissionObjectives": true,
        "showWayPoints": true,
        "excludes": {}
      },
      {
        "file": "gameData/missions/cta/planes/historical/BfD/moscow_serpuhov/bdt_bases_destroy_part.blk",
        "importAreas": true,
        "importUnits": true,
        "importTriggers": true,
        "importMissionObjectives": true,
        "importWayPoints": true,
        "showAreas": true,
        "showUnits": true,
        "showTriggers": true,
        "showMissionObjectives": true,
        "showWayPoints": true,
        "excludes": {}
      },
      {
        "file": "gameData/missions/templates/air_templates/aat_aaa_template.blk",
        "importAreas": true,
        "importUnits": true,
        "importTriggers": true,
        "importMissionObjectives": true,
        "importWayPoints": true,
        "showAreas": true,
        "showUnits": true,
        "showTriggers": true,
        "showMissionObjectives": true,
        "showWayPoints": true,
        "excludes": {}
      }
    ]
  },
  "triggers": {
    "isCategory": true,
    "is_enabled": true,
    "start_mission": {
      "is_enabled": true,
      "comments": "",
      "props": {
        "actionsType": "PERFORM_ONE_BY_ONE",
        "conditionsType": "ALL",
        "enableAfterComplete": false
      },
      "events": {
        "initMission": {}
      },
      "conditions": {},
      "actions": {
        "varSetBool": [
          {
            "value": false,
            "var": "barabashka_enabled"
          },
          {
            "value": true,
            "var": "bMirrorSpawn"
          }
        ],
        "varSetString": [
          {
            "value": "bfd",
            "var": "bdt_game_mode"
          },
          {
            "value": "bfd",
            "var": "at_game_mode"
          }
        ],
        "varSetInt": [
          {
            "value": 11,
            "var": [
              "bdt_t1_total_bases_max_count",
              "bdt_t2_total_bases_max_count"
            ]
          },
          {
            "value": 4,
            "var": [
              "bdt_t1_active_bases_max_count",
              "bdt_t2_active_bases_max_count"
            ]
          }
        ],
        "comment": {
          "value": "nastrojka vtorostepennyh yunitov"
        },
        "unitSetProperties": [
          {
            "object": [
              "t1_artillery_squad",
              "t2_artillery_squad",
              "t2_tanks_squad",
              "t1_tanks_squad",
              "t1_bunkers_squad",
              "t2_bunkers_squad",
              "t1_trucks_squad",
              "t2_trucks_squad"
            ],
            "object_marking": 0,
            "object_var_name": "",
            "object_var_comp_op": "equal",
            "object_var_value": 0,
            "accuracy": 0.0,
            "effShootingRate": 0.0
          },
          {
            "object": [
              "t1_aaa_squad",
              "t2_aaa_squad"
            ],
            "object_marking": 0,
            "object_var_name": "",
            "object_var_comp_op": "equal",
            "object_var_value": 0,
            "targetAir": true,
            "targetGnd": false,
            "accuracy": 0.1,
            "effShootingRate": 0.1,
            "fireRandom": true,
            "targetChangeInterval": 5.0,
            "targetChangeProb": 0.25
          }
        ],
        "unitSetIndication": {
          "set": true,
          "target": [
            "t1_quest_units_squad",
            "t2_quest_units_squad"
          ],
          "target_marking": 0,
          "object_var_name": "",
          "object_var_comp_op": "equal",
          "object_var_value": 0
        }
      },
      "else_actions": {}
    },
    "indicators": {
      "is_enabled": false,
      "comments": "",
      "props": {
        "actionsType": "PERFORM_ONE_BY_ONE",
        "conditionsType": "ALL",
        "enableAfterComplete": true
      },
      "events": {
        "periodicEvent": {
          "time": 1.0
        }
      },
      "conditions": {},
      "actions": {
        "missionSetTargetsIndicator": [
          {
            "target_type": "isActive",
            "target_marking": 0,
            "delta": 0,
            "icon": "tank",
            "icon army": 1,
            "set": true,
            "object_var_name": "",
            "object_var_comp_op": "equal",
            "object_var_value": 0,
            "target": "t1_quest_units_squad"
          },
          {
            "target_type": "isActive",
            "target_marking": 0,
            "delta": 0,
            "icon": "tank",
            "icon army": 2,
            "set": true,
            "object_var_name": "",
            "object_var_comp_op": "equal",
            "object_var_value": 0,
            "target": "t2_quest_units_squad"
          }
        ]
      },
      "else_actions": {}
    }
  },
  "mission_objectives": {
    "isCategory": true,
    "is_enabled": true,
    "t1_normandy_BfD_win": {
      "is_enabled": true,
      "comments": "",
      "type": "abstractMissionObjective",
      "props": {
        "isPrimary": true,
        "timeLimit": 3600,
        "team": "A"
      },
      "onSuccess": {},
      "onFailed": {}
    },
    "t2_normandy_BfD_win": {
      "is_enabled": true,
      "comments": "",
      "type": "abstractMissionObjective",
      "props": {
        "isPrimary": true,
        "timeLimit": 3600,
        "team": "B"
      },
      "onSuccess": {},
      "onFailed": {}
    }
  },
  "variables": {
    "town_01_cur_tank_name": "",
    "town_01_retreat_chance": 0,
    "town_01_cur_retreat_chance": 0,
    "retreat_chance": 100,
    "town_02_cur_tank_name": "",
    "town_02_retreat_chance": 0,
    "town_02_cur_retreat_chance": 0,
    "town_03_cur_tank_name": "",
    "town_03_retreat_chance": 0,
    "town_03_cur_retreat_chance": 0,
    "town_04_cur_tank_name": "",
    "town_04_retreat_chance": 0,
    "town_04_cur_retreat_chance": 0,
    "soldiers_blowupaer_name": "",
    "town_01_name": "",
    "town_02_name": "",
    "cur_town_idx": 0,
    "town_01_zone_name": "",
    "town_02_zone_name": "",
    "town_01_t1_units_name": "",
    "town_02_t1_units_name": "",
    "town_01_t2_units_name": "",
    "town_02_t2_units_name": "",
    "town_01_t1_quest": "",
    "town_02_t1_quest": "",
    "town_01_t2_quest": "",
    "town_02_t2_quest": "",
    "town_01_t1_area_name": "",
    "town_01_t2_area_name": "",
    "town_02_t1_area_name": "",
    "town_02_t2_area_name": ""
  },
  "dialogs": {},
  "airfields": {},
  "effects": {},
  "units": {
    "objectGroups": [
      {
        "name": "t1_trench_01",
        "tm": [
          [
            -0.537466,
            0.0103837,
            0.843221
          ],
          [
            -0.0123156,
            0.999721,
            -0.0201609
          ],
          [
            -0.843195,
            -0.0212203,
            -0.537188
          ],
          [
            17457.2,
            39.8945,
            -49947.3
          ]
        ],
        "unit_class": "dynTrench_small_bunker_axis",
        "objLayer": 2,
        "props": {
          "army": 1,
          "active": true
        }
      },
      {
        "name": "t2_trench_01",
        "tm": [
          [
            0.0798554,
            -0.0447963,
            -0.995799
          ],
          [
            -0.0137812,
            0.998844,
            -0.0460386
          ],
          [
            0.996711,
            0.0173997,
            0.0791455
          ],
          [
            15375.4,
            39.6831,
            -51659.5
          ]
        ],
        "unit_class": "dynTrench_small_bunker_axis",
        "objLayer": 2,
        "props": {
          "army": 2,
          "active": true
        }
      },
      {
        "name": "t1_trench_02",
        "tm": [
          [
            -0.537466,
            0.0103837,
            0.843221
          ],
          [
            -0.0123156,
            0.999721,
            -0.0201609
          ],
          [
            -0.843195,
            -0.0212203,
            -0.537188
          ],
          [
            17079.7,
            39.0753,
            -49266.9
          ]
        ],
        "unit_class": "dynTrench_small_bunker_axis",
        "objLayer": 2,
        "props": {
          "army": 1,
          "active": true
        }
      },
      {
        "name": "t1_trench_03",
        "tm": [
          [
            -0.537466,
            0.0103837,
            0.843221
          ],
          [
            -0.0123156,
            0.999721,
            -0.0201609
          ],
          [
            -0.843195,
            -0.0212203,
            -0.537188
          ],
          [
            18059.8,
            39.0753,
            -51524.2
          ]
        ],
        "unit_class": "dynTrench_small_bunker_axis",
        "objLayer": 2,
        "props": {
          "army": 1,
          "active": true
        }
      },
      {
        "name": "t1_trench_04",
        "tm": [
          [
            -0.537466,
            -0.0199341,
            0.843049
          ],
          [
            -0.0123156,
            0.9998,
            0.0157889
          ],
          [
            -0.843195,
            -0.00189642,
            -0.537604
          ],
          [
            18070.0,
            44.3138,
            -52534.4
          ]
        ],
        "unit_class": "dynTrench_small_bunker_axis",
        "objLayer": 2,
        "props": {
          "army": 1,
          "active": true
        }
      },
      {
        "name": "t1_trench_05",
        "tm": [
          [
            -0.537385,
            -0.00756424,
            0.843303
          ],
          [
            0.00766912,
            0.999875,
            0.0138556
          ],
          [
            -0.843302,
            0.0139135,
            -0.53726
          ],
          [
            19285.0,
            125.977,
            -54113.2
          ]
        ],
        "unit_class": "dynTrench_small_bunker_axis",
        "objLayer": 2,
        "props": {
          "army": 1,
          "active": true
        }
      },
      {
        "name": "t1_trench_06",
        "tm": [
          [
            -0.413026,
            0.067964,
            0.908179
          ],
          [
            0.0136382,
            0.997562,
            -0.0684505
          ],
          [
            -0.910616,
            -0.0158856,
            -0.412946
          ],
          [
            19492.9,
            134.713,
            -54518.9
          ]
        ],
        "unit_class": "dynTrench_small_bunker_axis",
        "objLayer": 2,
        "props": {
          "army": 1,
          "active": true
        }
      },
      {
        "name": "t1_trench_07",
        "tm": [
          [
            -0.26428,
            0.0479774,
            0.963252
          ],
          [
            0.0567625,
            0.997805,
            -0.034125
          ],
          [
            -0.962773,
            0.0456583,
            -0.266424
          ],
          [
            19734.9,
            100.532,
            -55163.5
          ]
        ],
        "unit_class": "dynTrench_small_bunker_axis",
        "objLayer": 2,
        "props": {
          "army": 1,
          "active": true
        }
      },
      {
        "name": "t1_trench_08",
        "tm": [
          [
            -0.0482762,
            -0.0264637,
            0.998483
          ],
          [
            0.0624132,
            0.997616,
            0.0294583
          ],
          [
            -0.996882,
            0.0637409,
            -0.0465094
          ],
          [
            20307.0,
            67.357,
            -55268.7
          ]
        ],
        "unit_class": "dynTrench_small_bunker_axis",
        "objLayer": 2,
        "props": {
          "army": 1,
          "active": true
        }
      },
      {
        "name": "t1_trench_09",
        "tm": [
          [
            0.222356,
            0.0274049,
            0.97458
          ],
          [
            0.0772854,
            0.995964,
            -0.0456394
          ],
          [
            -0.971897,
            0.0854692,
            0.219341
          ],
          [
            20088.7,
            70.7117,
            -55896.2
          ]
        ],
        "unit_class": "dynTrench_small_bunker_axis",
        "objLayer": 2,
        "props": {
          "army": 1,
          "active": true
        }
      },
      {
        "name": "t2_trench_02",
        "tm": [
          [
            0.846741,
            -0.0306494,
            -0.53112
          ],
          [
            0.020254,
            0.999472,
            -0.0253867
          ],
          [
            0.531619,
            0.0107387,
            0.846916
          ],
          [
            15775.9,
            39.6832,
            -52515.8
          ]
        ],
        "unit_class": "dynTrench_small_bunker_axis",
        "objLayer": 2,
        "props": {
          "army": 2,
          "active": true
        }
      },
      {
        "name": "t2_trench_03",
        "tm": [
          [
            0.545278,
            -0.00695604,
            -0.838226
          ],
          [
            0.0210839,
            0.999763,
            0.00541871
          ],
          [
            0.83799,
            -0.0206278,
            0.545296
          ],
          [
            16177.0,
            39.6831,
            -53469.5
          ]
        ],
        "unit_class": "dynTrench_small_bunker_axis",
        "objLayer": 2,
        "props": {
          "army": 2,
          "active": true
        }
      },
      {
        "name": "t2_trench_04",
        "tm": [
          [
            0.545129,
            0.014512,
            -0.838226
          ],
          [
            0.00711021,
            0.999734,
            0.021932
          ],
          [
            0.838322,
            -0.0179157,
            0.544881
          ],
          [
            16787.8,
            44.884,
            -54559.3
          ]
        ],
        "unit_class": "dynTrench_small_bunker_axis",
        "objLayer": 2,
        "props": {
          "army": 2,
          "active": true
        }
      },
      {
        "name": "t2_trench_05",
        "tm": [
          [
            0.543364,
            0.0195877,
            -0.839268
          ],
          [
            -0.056484,
            0.998315,
            -0.0132696
          ],
          [
            0.837595,
            0.0546155,
            0.543556
          ],
          [
            17344.3,
            76.6673,
            -55152.6
          ]
        ],
        "unit_class": "dynTrench_small_bunker_axis",
        "objLayer": 2,
        "props": {
          "army": 2,
          "active": true
        }
      },
      {
        "name": "t2_trench_06",
        "tm": [
          [
            0.543715,
            -0.00168465,
            -0.839268
          ],
          [
            -0.0173849,
            0.999761,
            -0.0132696
          ],
          [
            0.83909,
            0.0218055,
            0.543556
          ],
          [
            16046.6,
            44.6151,
            -56178.6
          ]
        ],
        "unit_class": "dynTrench_small_bunker_axis",
        "objLayer": 2,
        "props": {
          "army": 2,
          "active": true
        }
      },
      {
        "name": "t2_trench_07",
        "tm": [
          [
            0.543777,
            0.00594025,
            -0.839208
          ],
          [
            -0.00965255,
            0.999953,
            0.000823435
          ],
          [
            0.839174,
            0.00765278,
            0.543809
          ],
          [
            15782.6,
            45.5075,
            -55488.8
          ]
        ],
        "unit_class": "dynTrench_small_bunker_axis",
        "objLayer": 2,
        "props": {
          "army": 2,
          "active": true
        }
      },
      {
        "name": "t2_trench_08",
        "tm": [
          [
            0.396013,
            0.00594025,
            -0.918225
          ],
          [
            -0.00937954,
            0.999953,
            0.00242365
          ],
          [
            0.918197,
            0.00765278,
            0.39605
          ],
          [
            14263.1,
            39.2978,
            -53817.3
          ]
        ],
        "unit_class": "dynTrench_small_bunker_axis",
        "objLayer": 2,
        "props": {
          "army": 2,
          "active": true
        }
      },
      {
        "name": "t2_trench_09",
        "tm": [
          [
            0.726782,
            0.00594025,
            -0.686842
          ],
          [
            -0.00957356,
            0.999953,
            -0.00148217
          ],
          [
            0.686802,
            0.00765278,
            0.726805
          ],
          [
            15547.9,
            42.3003,
            -54717.4
          ]
        ],
        "unit_class": "dynTrench_small_bunker_axis",
        "objLayer": 2,
        "props": {
          "army": 2,
          "active": true
        }
      },
      {
        "name": "t2_trench_10",
        "tm": [
          [
            -0.131792,
            0.00594025,
            -0.991259
          ],
          [
            -0.00680327,
            0.999953,
            0.00689677
          ],
          [
            0.991254,
            0.00765278,
            -0.131746
          ],
          [
            13249.4,
            44.0798,
            -51382.6
          ]
        ],
        "unit_class": "dynTrench_small_bunker_axis",
        "objLayer": 2,
        "props": {
          "army": 2,
          "active": true
        }
      },
      {
        "name": "t2_trench_11",
        "tm": [
          [
            -0.131792,
            0.00940268,
            -0.991232
          ],
          [
            -0.00680327,
            0.999923,
            0.0103896
          ],
          [
            0.991254,
            0.00811292,
            -0.131718
          ],
          [
            13833.1,
            40.5755,
            -51110.5
          ]
        ],
        "unit_class": "dynTrench_small_bunker_axis",
        "objLayer": 2,
        "props": {
          "army": 2,
          "active": true
        }
      }
    ],
    "structures": [
      {
        "name": "t1_bunker_01",
        "tm": [
          [
            -0.800495,
            0.0751887,
            -0.594604
          ],
          [
            0.120376,
            0.992053,
            -0.0366107
          ],
          [
            0.587126,
            -0.100882,
            -0.803184
          ],
          [
            17444.4,
            54.858,
            -49941.5
          ]
        ],
        "unit_class": "uk_bunker_light_fat",
        "objLayer": 1,
        "closed_waypoints": false,
        "isShipSpline": false,
        "shipTurnRadius": 100.0,
        "weapons": "",
        "bullets0": "",
        "bullets1": "",
        "bullets2": "",
        "bullets3": "",
        "bulletsCount0": 0,
        "bulletsCount1": 0,
        "bulletsCount2": 0,
        "bulletsCount3": 0,
        "crewSkillK": 0.0,
        "applyAllMods": false,
        "props": {
          "army": 1,
          "count": 1,
          "formation_type": "rows",
          "formation_div": 3,
          "formation_step": [
            2.5,
            2.0
          ],
          "formation_noise": [
            0.1,
            0.1
          ],
          "uniqueName": "",
          "attack_type": "fire_at_will"
        },
        "way": {}
      },
      {
        "name": "t1_art_01",
        "tm": [
          [
            -0.800495,
            0.0751887,
            -0.594604
          ],
          [
            0.120376,
            0.992053,
            -0.0366107
          ],
          [
            0.587126,
            -0.100882,
            -0.803184
          ],
          [
            17503.7,
            47.9952,
            -50016.4
          ]
        ],
        "unit_class": "ussr_quest_large_art_noground",
        "objLayer": 1,
        "closed_waypoints": false,
        "isShipSpline": false,
        "shipTurnRadius": 100.0,
        "weapons": "",
        "bullets0": "",
        "bullets1": "",
        "bullets2": "",
        "bullets3": "",
        "bulletsCount0": 0,
        "bulletsCount1": 0,
        "bulletsCount2": 0,
        "bulletsCount3": 0,
        "crewSkillK": 0.0,
        "applyAllMods": false,
        "props": {
          "army": 1,
          "count": 1,
          "formation_type": "rows",
          "formation_div": 3,
          "formation_step": [
            2.5,
            2.0
          ],
          "formation_noise": [
            0.1,
            0.1
          ],
          "uniqueName": "",
          "attack_type": "fire_at_will"
        },
        "way": {}
      },
      {
        "name": "t1_art_02",
        "tm": [
          [
            -0.800495,
            0.0751887,
            -0.594604
          ],
          [
            0.120376,
            0.992053,
            -0.0366107
          ],
          [
            0.587126,
            -0.100882,
            -0.803184
          ],
          [
            17389.2,
            46.5023,
            -49893.2
          ]
        ],
        "unit_class": "ussr_quest_large_art_noground",
        "objLayer": 1,
        "closed_waypoints": false,
        "isShipSpline": false,
        "shipTurnRadius": 100.0,
        "weapons": "",
        "bullets0": "",
        "bullets1": "",
        "bullets2": "",
        "bullets3": "",
        "bulletsCount0": 0,
        "bulletsCount1": 0,
        "bulletsCount2": 0,
        "bulletsCount3": 0,
        "crewSkillK": 0.0,
        "applyAllMods": false,
        "props": {
          "army": 1,
          "count": 1,
          "formation_type": "rows",
          "formation_div": 3,
          "formation_step": [
            2.5,
            2.0
          ],
          "formation_noise": [
            0.1,
            0.1
          ],
          "uniqueName": "",
          "attack_type": "fire_at_will"
        },
        "way": {}
      },
      {
        "name": "t2_bunker_01",
        "tm": [
          [
            0.982572,
            0.117328,
            0.144175
          ],
          [
            -0.123013,
            0.991916,
            0.0311403
          ],
          [
            -0.139357,
            -0.0483335,
            0.989062
          ],
          [
            15383.6,
            54.2696,
            -51671.5
          ]
        ],
        "unit_class": "uk_bunker_light_fat",
        "objLayer": 1,
        "closed_waypoints": false,
        "isShipSpline": false,
        "shipTurnRadius": 100.0,
        "weapons": "",
        "bullets0": "",
        "bullets1": "",
        "bullets2": "",
        "bullets3": "",
        "bulletsCount0": 0,
        "bulletsCount1": 0,
        "bulletsCount2": 0,
        "bulletsCount3": 0,
        "crewSkillK": 0.0,
        "applyAllMods": false,
        "props": {
          "army": 2,
          "count": 1,
          "formation_type": "rows",
          "formation_div": 3,
          "formation_step": [
            2.5,
            2.0
          ],
          "formation_noise": [
            0.1,
            0.1
          ],
          "uniqueName": "",
          "attack_type": "fire_at_will"
        },
        "way": {}
      },
      {
        "name": "t2_art_02",
        "tm": [
          [
            0.982572,
            0.117328,
            0.144175
          ],
          [
            -0.123013,
            0.991916,
            0.0311403
          ],
          [
            -0.139357,
            -0.0483335,
            0.989062
          ],
          [
            15366.4,
            52.2839,
            -51577.2
          ]
        ],
        "unit_class": "ussr_quest_large_art_noground",
        "objLayer": 1,
        "closed_waypoints": false,
        "isShipSpline": false,
        "shipTurnRadius": 100.0,
        "weapons": "",
        "bullets0": "",
        "bullets1": "",
        "bullets2": "",
        "bullets3": "",
        "bulletsCount0": 0,
        "bulletsCount1": 0,
        "bulletsCount2": 0,
        "bulletsCount3": 0,
        "crewSkillK": 0.0,
        "applyAllMods": false,
        "props": {
          "army": 2,
          "count": 1,
          "formation_type": "rows",
          "formation_div": 3,
          "formation_step": [
            2.5,
            2.0
          ],
          "formation_noise": [
            0.1,
            0.1
          ],
          "uniqueName": "",
          "attack_type": "fire_at_will"
        },
        "way": {}
      },
      {
        "name": "t2_art_01",
        "tm": [
          [
            0.982572,
            0.117328,
            0.144175
          ],
          [
            -0.123013,
            0.991916,
            0.0311403
          ],
          [
            -0.139357,
            -0.0483335,
            0.989062
          ],
          [
            15410.0,
            42.8363,
            -51739.4
          ]
        ],
        "unit_class": "ussr_quest_large_art_noground",
        "objLayer": 1,
        "closed_waypoints": false,
        "isShipSpline": false,
        "shipTurnRadius": 100.0,
        "weapons": "",
        "bullets0": "",
        "bullets1": "",
        "bullets2": "",
        "bullets3": "",
        "bulletsCount0": 0,
        "bulletsCount1": 0,
        "bulletsCount2": 0,
        "bulletsCount3": 0,
        "crewSkillK": 0.0,
        "applyAllMods": false,
        "props": {
          "army": 2,
          "count": 1,
          "formation_type": "rows",
          "formation_div": 3,
          "formation_step": [
            2.5,
            2.0
          ],
          "formation_noise": [
            0.1,
            0.1
          ],
          "uniqueName": "",
          "attack_type": "fire_at_will"
        },
        "way": {}
      },
      {
        "name": "t1_bunker_02",
        "tm": [
          [
            -0.800495,
            0.0751887,
            -0.594604
          ],
          [
            0.120376,
            0.992053,
            -0.0366107
          ],
          [
            0.587126,
            -0.100882,
            -0.803184
          ],
          [
            17066.8,
            54.0388,
            -49261.1
          ]
        ],
        "unit_class": "uk_bunker_light_fat",
        "objLayer": 1,
        "closed_waypoints": false,
        "isShipSpline": false,
        "shipTurnRadius": 100.0,
        "weapons": "",
        "bullets0": "",
        "bullets1": "",
        "bullets2": "",
        "bullets3": "",
        "bulletsCount0": 0,
        "bulletsCount1": 0,
        "bulletsCount2": 0,
        "bulletsCount3": 0,
        "crewSkillK": 0.0,
        "applyAllMods": false,
        "props": {
          "army": 1,
          "count": 1,
          "formation_type": "rows",
          "formation_div": 3,
          "formation_step": [
            2.5,
            2.0
          ],
          "formation_noise": [
            0.1,
            0.1
          ],
          "uniqueName": "",
          "attack_type": "fire_at_will"
        },
        "way": {}
      },
      {
        "name": "t1_art_03",
        "tm": [
          [
            -0.800495,
            0.0751887,
            -0.594604
          ],
          [
            0.120376,
            0.992053,
            -0.0366107
          ],
          [
            0.587126,
            -0.100882,
            -0.803184
          ],
          [
            17126.2,
            47.1759,
            -49336.0
          ]
        ],
        "unit_class": "ussr_quest_large_art_noground",
        "objLayer": 1,
        "closed_waypoints": false,
        "isShipSpline": false,
        "shipTurnRadius": 100.0,
        "weapons": "",
        "bullets0": "",
        "bullets1": "",
        "bullets2": "",
        "bullets3": "",
        "bulletsCount0": 0,
        "bulletsCount1": 0,
        "bulletsCount2": 0,
        "bulletsCount3": 0,
        "crewSkillK": 0.0,
        "applyAllMods": false,
        "props": {
          "army": 1,
          "count": 1,
          "formation_type": "rows",
          "formation_div": 3,
          "formation_step": [
            2.5,
            2.0
          ],
          "formation_noise": [
            0.1,
            0.1
          ],
          "uniqueName": "",
          "attack_type": "fire_at_will"
        },
        "way": {}
      },
      {
        "name": "t1_art_04",
        "tm": [
          [
            -0.800495,
            0.0751887,
            -0.594604
          ],
          [
            0.120376,
            0.992053,
            -0.0366107
          ],
          [
            0.587126,
            -0.100882,
            -0.803184
          ],
          [
            17011.7,
            45.6831,
            -49212.8
          ]
        ],
        "unit_class": "ussr_quest_large_art_noground",
        "objLayer": 1,
        "closed_waypoints": false,
        "isShipSpline": false,
        "shipTurnRadius": 100.0,
        "weapons": "",
        "bullets0": "",
        "bullets1": "",
        "bullets2": "",
        "bullets3": "",
        "bulletsCount0": 0,
        "bulletsCount1": 0,
        "bulletsCount2": 0,
        "bulletsCount3": 0,
        "crewSkillK": 0.0,
        "applyAllMods": false,
        "props": {
          "army": 1,
          "count": 1,
          "formation_type": "rows",
          "formation_div": 3,
          "formation_step": [
            2.5,
            2.0
          ],
          "formation_noise": [
            0.1,
            0.1
          ],
          "uniqueName": "",
          "attack_type": "fire_at_will"
        },
        "way": {}
      },
      {
        "name": "t1_bunker_03",
        "tm": [
          [
            -0.800495,
            0.0751887,
            -0.594604
          ],
          [
            0.120376,
            0.992053,
            -0.0366107
          ],
          [
            0.587126,
            -0.100882,
            -0.803184
          ],
          [
            18046.9,
            54.0388,
            -51518.4
          ]
        ],
        "unit_class": "uk_bunker_light_fat",
        "objLayer": 1,
        "closed_waypoints": false,
        "isShipSpline": false,
        "shipTurnRadius": 100.0,
        "weapons": "",
        "bullets0": "",
        "bullets1": "",
        "bullets2": "",
        "bullets3": "",
        "bulletsCount0": 0,
        "bulletsCount1": 0,
        "bulletsCount2": 0,
        "bulletsCount3": 0,
        "crewSkillK": 0.0,
        "applyAllMods": false,
        "props": {
          "army": 1,
          "count": 1,
          "formation_type": "rows",
          "formation_div": 3,
          "formation_step": [
            2.5,
            2.0
          ],
          "formation_noise": [
            0.1,
            0.1
          ],
          "uniqueName": "",
          "attack_type": "fire_at_will"
        },
        "way": {}
      },
      {
        "name": "t1_art_05",
        "tm": [
          [
            -0.800495,
            0.0751887,
            -0.594604
          ],
          [
            0.120376,
            0.992053,
            -0.0366107
          ],
          [
            0.587126,
            -0.100882,
            -0.803184
          ],
          [
            18106.3,
            47.1759,
            -51593.3
          ]
        ],
        "unit_class": "ussr_quest_large_art_noground",
        "objLayer": 1,
        "closed_waypoints": false,
        "isShipSpline": false,
        "shipTurnRadius": 100.0,
        "weapons": "",
        "bullets0": "",
        "bullets1": "",
        "bullets2": "",
        "bullets3": "",
        "bulletsCount0": 0,
        "bulletsCount1": 0,
        "bulletsCount2": 0,
        "bulletsCount3": 0,
        "crewSkillK": 0.0,
        "applyAllMods": false,
        "props": {
          "army": 1,
          "count": 1,
          "formation_type": "rows",
          "formation_div": 3,
          "formation_step": [
            2.5,
            2.0
          ],
          "formation_noise": [
            0.1,
            0.1
          ],
          "uniqueName": "",
          "attack_type": "fire_at_will"
        },
        "way": {}
      },
      {
        "name": "t1_art_06",
        "tm": [
          [
            -0.800495,
            0.0751887,
            -0.594604
          ],
          [
            0.120376,
            0.992053,
            -0.0366107
          ],
          [
            0.587126,
            -0.100882,
            -0.803184
          ],
          [
