{
  "selected_tag": "",
  "bin_dump_file": "",
  "mission_settings": {
    "player": [
      {
        "army": 1
      },
      {
        "wing": "t1_player01"
      },
      {
        "wing": "t1_player02"
      },
      {
        "wing": "t1_player03"
      },
      {
        "wing": "t1_player04"
      },
      {
        "wing": "t1_player05"
      },
      {
        "wing": "t1_player06"
      },
      {
        "wing": "t1_player07"
      },
      {
        "wing": "t1_player08"
      },
      {
        "wing": "t1_player09"
      },
      {
        "wing": "t1_player10"
      },
      {
        "wing": "t1_player11"
      },
      {
        "wing": "t1_player12"
      },
      {
        "wing": "t1_player13"
      },
      {
        "wing": "t1_player14"
      },
      {
        "wing": "t1_player15"
      },
      {
        "wing": "t1_player16"
      },
      {
        "wing": "t1_player17"
      },
      {
        "wing": "t1_player18"
      },
      {
        "wing": "t1_player19"
      },
      {
        "wing": "t1_player20"
      },
      {
        "wing": "t1_player21"
      },
      {
        "wing": "t1_player22"
      },
      {
        "wing": "t1_player23"
      },
      {
        "wing": "t1_player24"
      },
      {
        "wing": "t1_player25"
      },
      {
        "wing": "t1_player26"
      },
      {
        "wing": "t1_player27"
      },
      {
        "wing": "t1_player28"
      },
      {
        "wing": "t1_player29"
      },
      {
        "wing": "t1_player30"
      },
      {
        "wing": "t1_player31"
      },
      {
        "wing": "t1_player32"
      }
    ],
    "player_teamB": [
      {
        "army": 2
      },
      {
        "wing": "t2_player01"
      },
      {
        "wing": "t2_player02"
      },
      {
        "wing": "t2_player03"
      },
      {
        "wing": "t2_player04"
      },
      {
        "wing": "t2_player05"
      },
      {
        "wing": "t2_player06"
      },
      {
        "wing": "t2_player07"
      },
      {
        "wing": "t2_player08"
      },
      {
        "wing": "t2_player09"
      },
      {
        "wing": "t2_player10"
      },
      {
        "wing": "t2_player11"
      },
      {
        "wing": "t2_player12"
      },
      {
        "wing": "t2_player13"
      },
      {
        "wing": "t2_player14"
      },
      {
        "wing": "t2_player15"
      },
      {
        "wing": "t2_player16"
      },
      {
        "wing": "t2_player17"
      },
      {
        "wing": "t2_player18"
      },
      {
        "wing": "t2_player19"
      },
      {
        "wing": "t2_player20"
      },
      {
        "wing": "t2_player21"
      },
      {
        "wing": "t2_player22"
      },
      {
        "wing": "t2_player23"
      },
      {
        "wing": "t2_player24"
      },
      {
        "wing": "t2_player25"
      },
      {
        "wing": "t2_player26"
      },
      {
        "wing": "t2_player27"
      },
      {
        "wing": "t2_player28"
      },
      {
        "wing": "t2_player29"
      },
      {
        "wing": "t2_player30"
      },
      {
        "wing": "t2_player31"
      },
      {
        "wing": "t2_player32"
      },
      {
        "wing": "t2_player33"
      }
    ],
    "mission": {
      "level": "levels/mozdok.bin",
      "type": "domination",
      "environment": "Day",
      "weather": "hazy",
      "locName": "missions/_frontline_BfD_norespawn;location/mozdok",
      "locDesc": "missions/_frontline_BfD_norespawn/desc",
      "scoreLimit": 5000,
      "timeLimit": 60,
      "deathPenaltyMul": 0.1,
      "country_axis": "germany",
      "country_allies": "ussr",
      "restoreType": "attempts",
      "optionalTakeOff": false,
      "allowedUnitTypes": {
        "isAirplanesAllowed": true,
        "isTanksAllowed": false,
        "isShipsAllowed": false,
        "isHelicoptersAllowed": false
      }
    },
    "spectator_points": [],
    "briefing": {
      "place_loc": "",
      "date_loc": "",
      "objective_loc": "",
      "music": "action_01",
      "part": {
        "event": "",
        "minTime": 0,
        "slide": [
          {
            "map": true
          },
          {
            "minTime": 4
          },
          {
            "picture": ""
          },
          {
            "showAirMap": false
          },
          {
            "arrow": [
              {
                "width": 1
              },
              {
                "side": "enemy"
              },
              {
                "point": "t1_brifing_tank_01"
              },
              {
                "point": "t1_briefing_art_01"
              }
            ]
          },
          {
            "arrow": [
              {
                "width": 1
              },
              {
                "side": "enemy"
              },
              {
                "point": "t1_brifing_tank_02"
              },
              {
                "point": "t1_briefing_art_02"
              }
            ]
          },
          {
            "icon": {
              "icontype": "fighter",
              "side": "ally",
              "target": "t1_main_bomber_spawn",
              "lookAt": "area_01"
            }
          },
          {
            "icon": {
              "icontype": "fighter",
              "side": "enemy",
              "target": "t2_main_bomber_spawn",
              "lookAt": "area_01"
            }
          },
          {
            "icon": {
              "icontype": "artillery",
              "side": "ally",
              "target": "t1_briefing_art_01"
            }
          },
          {
            "icon": {
              "icontype": "artillery",
              "side": "ally",
              "target": "t1_briefing_art_02"
            }
          },
          {
            "icon": {
              "icontype": "tank",
              "side": "enemy",
              "target": "t1_brifing_tank_01"
            }
          },
          {
            "icon": {
              "icontype": "tank",
              "side": "enemy",
              "target": "t1_brifing_tank_02"
            }
          }
        ]
      }
    }
  },
  "imports": [
    {
      "import_record": {
        "file": "gameData/missions/templates/air_templates/air_frontline_base_logic_template.blk",
        "importAreas": true,
        "importUnits": true,
        "importTriggers": true,
        "importMissionObjectives": true,
        "importWayPoints": true,
        "showAreas": true,
        "showUnits": true,
        "showTriggers": true,
        "showMissionObjectives": true,
        "showWayPoints": true,
        "excludes": []
      }
    },
    {
      "import_record": {
        "file": "gameData/missions/bridges/mozdok_bridges.blk",
        "importAreas": true,
        "importUnits": true,
        "importTriggers": true,
        "importMissionObjectives": true,
        "importWayPoints": true,
        "showAreas": true,
        "showUnits": true,
        "showTriggers": true,
        "showMissionObjectives": true,
        "showWayPoints": true,
        "excludes": []
      }
    },
    {
      "import_record": {
        "file": "gameData/missions/templates/air_templates/air_frontline_units_death_template.blk",
        "importAreas": true,
        "importUnits": true,
        "importTriggers": true,
        "importMissionObjectives": true,
        "importWayPoints": true,
        "showAreas": true,
        "showUnits": true,
        "showTriggers": true,
        "showMissionObjectives": true,
        "showWayPoints": true,
        "excludes": []
      }
    },
    {
      "import_record": {
        "file": "gameData/missions/templates/destroy_bomb_areas_template.blk",
        "importAreas": true,
        "importUnits": true,
        "importTriggers": true,
        "importMissionObjectives": true,
        "importWayPoints": true,
        "showAreas": true,
        "showUnits": true,
        "showTriggers": true,
        "showMissionObjectives": true,
        "showWayPoints": true,
        "excludes": []
      }
    },
    {
      "import_record": {
        "file": "gameData/missions/templates/destroy_airfield_zone_template.blk",
        "importAreas": true,
        "importUnits": true,
        "importTriggers": true,
        "importMissionObjectives": true,
        "importWayPoints": true,
        "showAreas": true,
        "showUnits": true,
        "showTriggers": true,
        "showMissionObjectives": true,
        "showWayPoints": true,
        "excludes": []
      }
    },
    {
      "import_record": {
        "file": "gameData/missions/templates/gs_objectives_template.blk",
        "importAreas": true,
        "importUnits": true,
        "importTriggers": true,
        "importMissionObjectives": true,
        "importWayPoints": true,
        "showAreas": true,
        "showUnits": true,
        "showTriggers": true,
        "showMissionObjectives": true,
        "showWayPoints": true,
        "excludes": []
      }
    },
    {
      "import_record": {
        "file": "gameData/missions/templates/air_templates/rb_air_spawns_template.blk",
        "importAreas": true,
        "importUnits": true,
        "importTriggers": true,
        "importMissionObjectives": true,
        "importWayPoints": true,
        "showAreas": true,
        "showUnits": true,
        "showTriggers": true,
        "showMissionObjectives": true,
        "showWayPoints": true,
        "excludes": []
      }
    }
  ],
  "triggers": {
    "isCategory": true,
    "is_enabled": true,
    "mission_init": {
      "is_enabled": true,
      "comments": "",
      "props": {
        "actionsType": "PERFORM_ONE_BY_ONE",
        "conditionsType": "ALL",
        "enableAfterComplete": false
      },
      "events": {
        "initMission": []
      },
      "conditions": [],
      "actions": [
        {
          "unitSetProperties": [
            {
              "object_marking": 0
            },
            {
              "object_var_name": ""
            },
            {
              "object_var_comp_op": "equal"
            },
            {
              "object_var_value": 0
            },
            {
              "object": "t1_mguns_squad"
            },
            {
              "object": "t2_mguns_squad"
            },
            {
              "object": "t1_artillery_squad"
            },
            {
              "object": "t2_artillery_squad"
            },
            {
              "object": "t1_tanks_squad"
            },
            {
              "object": "t2_tanks_squad"
            },
            {
              "accuracy": 0.0
            },
            {
              "effShootingRate": 0.0
            }
          ]
        },
        {
          "unitSetProperties": [
            {
              "object_marking": 0
            },
            {
              "object_var_name": ""
            },
            {
              "object_var_comp_op": "equal"
            },
            {
              "object_var_value": 0
            },
            {
              "object": "t1_big_aaa_squad"
            },
            {
              "object": "t2_big_aaa_squad"
            },
            {
              "accuracy": 0.1
            },
            {
              "effShootingRate": 0.1
            }
          ]
        },
        {
          "unitSetProperties": [
            {
              "object_marking": 0
            },
            {
              "object_var_name": ""
            },
            {
              "object_var_comp_op": "equal"
            },
            {
              "object_var_value": 0
            },
            {
              "object": "t1_aaa_squad"
            },
            {
              "object": "t2_aaa_squad"
            },
            {
              "accuracy": 0.1
            },
            {
              "effShootingRate": 0.1
            },
            {
              "fireRandom": true
            },
            {
              "targetChangeInterval": 5.0
            },
            {
              "targetChangeProb": 0.25
            }
          ]
        },
        {
          "__missionMarkAsRespawnPoint": {
            "loc_name": "missions/airfield_spawn",
            "spawnEffect": false,
            "isAirfield": true,
            "isUnit": false,
            "radius": -1.0,
            "isStrictSpawn": false,
            "useExisting": false,
            "isIndividual": false,
            "removeAreas": false,
            "canSpawnOnNeutral": false,
            "showOnMap": true,
            "onlyOnePlayerPerSpawnPoint": false,
            "resetStrictSpawnIndex": false,
            "forceCreate": false,
            "replaceAreas": false,
            "target": "t1_airfield",
            "team": "A",
            "offset": [0.0,0.0,0.0],
            "tags": {
              "type_bomber": false,
              "type_assault": false,
              "type_interceptor": false,
              "type_aa_fighter": false,
              "tank": false
            }
          }
        },
        {
          "__missionMarkAsRespawnPoint": {
            "loc_name": "missions/airfield_spawn",
            "spawnEffect": false,
            "isAirfield": true,
            "isUnit": false,
            "radius": -1.0,
            "isStrictSpawn": false,
            "useExisting": false,
            "isIndividual": false,
            "removeAreas": false,
            "canSpawnOnNeutral": false,
            "showOnMap": true,
            "onlyOnePlayerPerSpawnPoint": false,
            "resetStrictSpawnIndex": false,
            "forceCreate": false,
            "replaceAreas": false,
            "target": "t2_airfield",
            "team": "B",
            "offset": [0.0,0.0,0.0],
            "tags": {
              "type_bomber": false,
              "type_assault": false,
              "type_interceptor": false,
              "type_aa_fighter": false,
              "tank": false
            }
          }
        },
        {
          "varSetBool": {
            "value": true,
            "var": "isBombingZonesAffect"
          }
        }
      ],
      "else_actions": []
    }
  },
  "mission_objectives": {
    "isCategory": true,
    "is_enabled": true
  },
  "variables": [],
  "dialogs": [],
  "airfields": [],
  "effects": [],
  "units": [
    {
      "objectGroups": {
        "name": "t1_trench_01",
        "tm": [
          [0.0871558,0.0,0.996195],
          [0.0,1.0,0.0],
          [-0.996195,0.0,0.0871558],
          [19179.9,233.384,-16493.3]
        ],
        "unit_class": "dynTrench_long_a",
        "objLayer": 2,
        "props": {
          "army": 1,
          "active": true
        }
      }
    },
    {
      "objectGroups": {
        "name": "t1_trench_02",
        "tm": [
          [0.0871558,0.0,0.996195],
          [0.0,1.0,0.0],
          [-0.996195,0.0,0.0871558],
          [19250.6,234.666,-15942.8]
        ],
        "unit_class": "dynTrench_long_a",
        "objLayer": 2,
        "props": {
          "army": 1,
          "active": true
        }
      }
    },
    {
      "objectGroups": {
        "name": "t1_trench_03",
        "tm": [
          [0.173648,0.0,0.984808],
          [0.0,1.0,0.0],
          [-0.984808,0.0,0.173648],
          [19288.2,234.666,-15672.7]
        ],
        "unit_class": "dynTrench_long_b",
        "objLayer": 2,
        "props": {
          "army": 1,
          "active": true
        }
      }
    },
    {
      "objectGroups": {
        "name": "t1_trench_04",
        "tm": [
          [0.0871558,0.0,0.996195],
          [0.0,1.0,0.0],
          [-0.996195,0.0,0.0871558],
          [19311.2,234.666,-15532.5]
        ],
        "unit_class": "dynTrench_long_b",
        "objLayer": 2,
        "props": {
          "army": 1,
          "active": true
        }
      }
    },
    {
      "objectGroups": {
        "name": "t1_trench_05",
        "tm": [
          [-0.0871557,0.0,0.996195],
          [0.0,1.0,0.0],
          [-0.996195,0.0,-0.0871557],
          [19324.9,233.176,-15177.8]
        ],
        "unit_class": "dynTrench_long_a",
        "objLayer": 2,
        "props": {
          "army": 1,
          "active": true
        }
      }
    },
    {
      "objectGroups": {
        "name": "t1_trench_06",
        "tm": [
          [-0.0871557,0.0,0.996195],
          [0.0,1.0,0.0],
          [-0.996195,0.0,-0.0871557],
          [19293.4,233.176,-14785.6]
        ],
        "unit_class": "dynTrench_long_a",
        "objLayer": 2,
        "props": {
          "army": 1,
          "active": true
        }
      }
    },
    {
      "objectGroups": {
        "name": "t1_trench_07",
        "tm": [
          [-0.0871557,0.0,0.996195],
          [0.0,1.0,0.0],
          [-0.996195,0.0,-0.0871557],
          [19276.0,233.176,-14512.7]
        ],
        "unit_class": "dynTrench_long_b",
        "objLayer": 2,
        "props": {
          "army": 1,
          "active": true
        }
      }
    },
    {
      "objectGroups": {
        "name": "t1_trench_08",
        "tm": [
          [0.21644,0.0,0.976296],
          [0.0,1.0,0.0],
          [-0.976296,0.0,0.21644],
          [19301.7,233.176,-14314.0]
        ],
        "unit_class": "dynTrench_long_b",
        "objLayer": 2,
        "props": {
          "army": 1,
          "active": true
        }
      }
    },
    {
      "objectGroups": {
        "name": "t1_trench_09",
        "tm": [
          [0.0436194,0.0,0.999048],
          [0.0,1.0,0.0],
          [-0.999048,0.0,0.0436194],
          [19495.1,229.786,-13832.1]
        ],
        "unit_class": "dynTrench_long_a",
        "objLayer": 2,
        "props": {
          "army": 1,
          "active": true
        }
      }
    },
    {
      "objectGroups": {
        "name": "t1_trench_10",
        "tm": [
          [0.0436194,0.0,0.999048],
          [0.0,1.0,0.0],
          [-0.999048,0.0,0.0436194],
          [19692.8,229.0,-13076.4]
        ],
        "unit_class": "dynTrench_long_a",
        "objLayer": 2,
        "props": {
          "army": 1,
          "active": true
        }
      }
    },
    {
      "objectGroups": {
        "name": "t1_trench_11",
        "tm": [
          [0.173648,0.0,0.984808],
          [0.0,1.0,0.0],
          [-0.984808,0.0,0.173648],
          [19743.8,229.13,-12663.6]
        ],
        "unit_class": "dynTrench_long_a",
        "objLayer": 2,
        "props": {
          "army": 1,
          "active": true
        }
      }
    },
    {
      "objectGroups": {
        "name": "t1_trench_12",
        "tm": [
          [0.173648,0.0,0.984808],
          [0.0,1.0,0.0],
          [-0.984808,0.0,0.173648],
          [19840.8,227.973,-12138.0]
        ],
        "unit_class": "dynTrench_long_a",
        "objLayer": 2,
        "props": {
          "army": 1,
          "active": true
        }
      }
    },
    {
      "objectGroups": {
        "name": "t1_trench_13",
        "tm": [
          [0.258819,0.0,0.965926],
          [0.0,1.0,0.0],
          [-0.965926,0.0,0.258819],
          [19934.4,227.844,-11749.2]
        ],
        "unit_class": "dynTrench_long_a",
        "objLayer": 2,
        "props": {
          "army": 1,
          "active": true
        }
      }
    },
    {
      "objectGroups": {
        "name": "t1_trench_14",
        "tm": [
          [0.422618,0.0,0.906308],
          [0.0,1.0,0.0],
          [-0.906308,0.0,0.422618],
          [20083.3,227.791,-11356.7]
        ],
        "unit_class": "dynTrench_long_a",
        "objLayer": 2,
        "props": {
          "army": 1,
          "active": true
        }
      }
    },
    {
      "objectGroups": {
        "name": "t1_trench_15",
        "tm": [
          [0.608761,0.0,0.793353],
          [0.0,1.0,0.0],
          [-0.793353,0.0,0.608761],
          [20389.7,228.698,-10900.9]
        ],
        "unit_class": "dynTrench_long_a",
        "objLayer": 2,
        "props": {
          "army": 1,
          "active": true
        }
      }
    },
    {
      "objectGroups": {
        "name": "t1_trench_16",
        "tm": [
          [0.608761,0.0,0.793353],
          [0.0,1.0,0.0],
          [-0.793353,0.0,0.608761],
          [20569.1,228.698,-10680.2]
        ],
        "unit_class": "dynTrench_long_b",
        "objLayer": 2,
        "props": {
          "army": 1,
          "active": true
        }
      }
    },
    {
      "objectGroups": {
        "name": "t1_trench_17",
        "tm": [
          [0.21644,0.0,0.976296],
          [0.0,1.0,0.0],
          [-0.976296,0.0,0.21644],
          [19325.4,233.384,-16616.5]
        ],
        "unit_class": "dynTrench_long_a",
        "objLayer": 2,
        "props": {
          "army": 1,
          "active": true
        }
      }
    },
    {
      "objectGroups": {
        "name": "t1_trench_18",
        "tm": [
          [-0.984808,0.0,0.173648],
          [0.0,1.0,0.0],
          [-0.173648,0.0,-0.984808],
          [19254.7,233.384,-16546.6]
        ],
        "unit_class": "dynTrench_long_b",
        "objLayer": 2,
        "props": {
          "army": 1,
          "active": true
        }
      }
    },
    {
      "objectGroups": {
        "name": "t1_trench_19",
        "tm": [
          [-0.087156,0.0,0.996195],
          [0.0,1.0,0.0],
          [-0.996195,0.0,-0.087156],
          [19366.1,233.384,-16360.8]
        ],
        "unit_class": "dynTrench_long_b",
        "objLayer": 2,
        "props": {
          "army": 1,
          "active": true
        }
      }
    },
    {
      "objectGroups": {
        "name": "t1_trench_20",
        "tm": [
          [-0.984808,0.0,0.173648],
          [0.0,1.0,0.0],
          [-0.173648,0.0,-0.984808],
          [19326.6,234.666,-15998.1]
        ],
        "unit_class": "dynTrench_long_b",
        "objLayer": 2,
        "props": {
          "army": 1,
          "active": true
        }
      }
    },
    {
      "objectGroups": {
        "name": "t1_trench_21",
        "tm": [
          [0.21644,0.0,0.976296],
          [0.0,1.0,0.0],
          [-0.976296,0.0,0.21644],
          [19438.1,234.666,-15948.2]
        ],
        "unit_class": "dynTrench_long_a",
        "objLayer": 2,
        "props": {
          "army": 1,
          "active": true
        }
      }
    },
    {
      "objectGroups": {
        "name": "t1_trench_22",
        "tm": [
          [-0.130526,0.0,0.991445],
          [0.0,1.0,0.0],
          [-0.991445,0.0,-0.130526],
          [19476.8,234.666,-15690.1]
        ],
        "unit_class": "dynTrench_long_b",
        "objLayer": 2,
        "props": {
          "army": 1,
          "active": true
        }
      }
    },
    {
      "objectGroups": {
        "name": "t1_trench_23",
        "tm": [
          [1.049,0.0,0.0458003],
          [0.0,1.0,0.0],
          [-0.0436194,0.0,0.999048],
          [19375.4,234.666,-15647.8]
        ],
        "unit_class": "dynTrench_long_b",
        "objLayer": 2,
        "props": {
          "army": 1,
          "active": true
        }
      }
    },
    {
      "objectGroups": {
        "name": "t1_trench_24",
        "tm": [
          [-0.984808,0.0,0.173648],
          [0.0,1.0,0.0],
          [-0.173648,0.0,-0.984808],
          [19406.8,233.176,-15227.3]
        ],
        "unit_class": "dynTrench_long_b",
        "objLayer": 2,
        "props": {
          "army": 1,
          "active": true
        }
      }
    },
    {
      "objectGroups": {
        "name": "t1_trench_25",
        "tm": [
          [0.976296,0.0,0.21644],
          [0.0,1.0,0.0],
          [-0.21644,0.0,0.976296],
          [19371.5,233.176,-14696.8]
        ],
        "unit_class": "dynTrench_long_b",
        "objLayer": 2,
        "props": {
          "army": 1,
          "active": true
        }
      }
    },
    {
      "objectGroups": {
        "name": "t1_trench_26",
        "tm": [
          [0.976296,0.0,0.21644],
          [0.0,1.0,0.0],
          [-0.21644,0.0,0.976296],
          [19574.9,229.786,-13846.2]
        ],
        "unit_class": "dynTrench_long_b",
        "objLayer": 2,
        "props": {
          "army": 1,
          "active": true
        }
      }
    },
    {
      "objectGroups": {
        "name": "t1_trench_27",
        "tm": [
          [-0.991445,0.0,0.130526],
          [0.0,1.0,0.0],
          [-0.130526,0.0,-0.991445],
          [19775.9,229.0,-13065.7]
        ],
        "unit_class": "dynTrench_long_b",
        "objLayer": 2,
        "props": {
          "army": 1,
          "active": true
        }
      }
    },
    {
      "objectGroups": {
        "name": "t1_trench_28",
        "tm": [
          [-0.991445,0.0,0.130526],
          [0.0,1.0,0.0],
          [-0.130526,0.0,-0.991445],
          [19819.5,229.13,-12709.5]
        ],
        "unit_class": "dynTrench_long_b",
        "objLayer": 2,
        "props": {
          "army": 1,
          "active": true
        }
      }
    },
    {
      "objectGroups": {
        "name": "t1_trench_29",
        "tm": [
          [-0.991445,0.0,0.130526],
          [0.0,1.0,0.0],
          [-0.130526,0.0,-0.991445],
          [19889.5,227.973,-12245.8]
        ],
        "unit_class": "dynTrench_long_b",
        "objLayer": 2,
        "props": {
          "army": 1,
          "active": true
        }
      }
    },
    {
      "objectGroups": {
        "name": "t1_trench_30",
        "tm": [
          [0.976296,0.0,-0.21644],
          [0.0,1.0,0.0],
          [0.21644,0.0,0.976296],
          [19942.5,227.844,-12010.5]
        ],
        "unit_class": "dynTrench_long_b",
        "objLayer": 2,
        "props": {
          "army": 1,
          "active": true
        }
      }
    },
    {
      "objectGroups": {
        "name": "t1_trench_31",
        "tm": [
          [0.976296,0.0,-0.21644],
          [0.0,1.0,0.0],
          [0.21644,0.0,0.976296],
          [20020.4,227.844,-11747.6]
        ],
        "unit_class": "dynTrench_long_b",
        "objLayer": 2,
        "props": {
          "army": 1,
          "active": true
        }
      }
    },
    {
      "objectGroups": {
        "name": "t1_trench_32",
        "tm": [
          [-0.906308,0.0,0.422619],
          [0.0,1.0,0.0],
          [-0.422619,0.0,-0.906308],
          [20144.9,227.791,-11420.5]
        ],
        "unit_class": "dynTrench_long_b",
        "objLayer": 2,
        "props": {
          "army": 1,
          "active": true
        }
      }
    },
    {
      "objectGroups": {
        "name": "t1_trench_33",
        "tm": [
          [-0.906308,0.0,0.422619],
          [0.0,1.0,0.0],
          [-0.422619,0.0,-0.906308],
          [20401.3,228.698,-11003.6]
        ],
        "unit_class": "dynTrench_long_b",
        "objLayer": 2,
        "props": {
          "army": 1,
          "active": true
        }
      }
    },
    {
      "objectGroups": {
        "name": "t1_trench_34",
        "tm": [
          [0.608761,0.0,-0.793354],
          [0.0,1.0,0.0],
          [0.793354,0.0,0.608761],
          [20625.6,228.698,-10728.0]
        ],
        "unit_class": "dynTrench_long_b",
        "objLayer": 2,
        "props": {
          "army": 1,
          "active": true
        }
      }
    },
    {
      "objectGroups": {
        "name": "t1_trench_35",
        "tm": [
          [0.21644,0.0,0.976296],
          [0.0,1.0,0.0],
          [-0.976296,0.0,0.21644],
          [19680.1,229.786,-13758.4]
        ],
        "unit_class": "dynTrench_long_b",
        "objLayer": 2,
        "props": {
          "army": 1,
          "active": true
        }
      }
    },
    {
      "objectGroups": {
        "name": "t1_trench_36",
        "tm": [
          [-0.0871554,0.0,0.996195],
          [0.0,1.0,0.0],
          [-0.996195,0.0,-0.0871554],
          [19663.9,229.786,-13913.3]
        ],
        "unit_class": "dynTrench_long_b",
        "objLayer": 2,
        "props": {
          "army": 1,
          "active": true
        }
      }
    },
    {
      "objectGroups": {
        "name": "t1_trench_37",
        "tm": [
          [0.130526,0.0,0.991445],
          [0.0,1.0,0.0],
          [-0.991445,0.0,0.130526],
          [19886.0,229.0,-13013.0]
        ],
        "unit_class": "dynTrench_long_a",
        "objLayer": 2,
        "props": {
          "army": 1,
          "active": true
        }
      }
    },
    {
      "objectGroups": {
        "name": "t1_trench_39",
        "tm": [
          [0.0436194,0.0,0.999048],
          [0.0,1.0,0.0],
          [-0.999048,0.0,0.0436194],
          [19924.1,229.13,-12627.0]
        ],
        "unit_class": "dynTrench_long_a",
        "objLayer": 2,
        "props": {
          "army": 1,
          "active": true
        }
      }
    },
    {
      "objectGroups": {
        "name": "t1_trench_40",
        "tm": [
          [0.216439,0.0,0.976296],
          [0.0,1.0,0.0],
          [-0.976296,0.0,0.216439],
          [20010.5,227.844,-12138.3]
        ],
        "unit_class": "dynTrench_long_a",
        "objLayer": 2,
        "props": {
          "army": 1,
          "active": true
        }
      }
    },
    {
      "objectGroups": {
        "name": "t1_trench_41",
        "tm": [
          [0.258819,0.0,0.965926],
          [0.0,1.0,0.0],
          [-0.965926,0.0,0.258819],
          [20108.6,227.844,-11755.0]
        ],
        "unit_class": "dynTrench_long_a",
        "objLayer": 2,
        "props": {
          "army": 1,
          "active": true
        }
      }
    },
    {
      "objectGroups": {
        "name": "t1_trench_42",
        "tm": [
          [0.573576,0.0,0.819152],
          [0.0,1.0,0.0],
          [-0.819152,0.0,0.573576],
          [20281.2,227.791,-11398.2]
        ],
        "unit_class": "dynTrench_long_a",
        "objLayer": 2,
        "props": {
          "army": 1,
          "active": true
        }
      }
    },
    {
      "objectGroups": {
        "name": "t1_trench_43",
        "tm": [
          [0.608761,0.0,0.793353],
          [0.0,1.0,0.0],
          [-0.793353,0.0,0.608761],
          [20559.3,228.698,-10953.8]
        ],
        "unit_class": "dynTrench_long_a",
        "objLayer": 2,
        "props": {
          "army": 1,
          "active": true
        }
      }
    },
    {
      "objectGroups": {
        "name": "t1_trench_44",
        "tm": [
          [0.608761,0.0,0.793353],
          [0.0,1.0,0.0],
          [-0.793353,0.0,0.608761],
          [20725.6,228.698,-10743.7]
        ],
        "unit_class": "dynTrench_long_b",
        "objLayer": 2,
        "props": {
          "army": 1,
          "active": true
        }
      }
    },
    {
      "objectGroups": {
        "name": "t2_trench_01",
        "tm": [
          [0.0871558,0.0,0.996195],
          [0.0,1.0,0.0],
          [-0.996195,0.0,0.0871558],
          [18708.2,235.0,-16587.3]
        ],
        "unit_class": "dynTrench_long_a",
        "objLayer": 2,
        "props": {
          "army": 2,
          "active": true
        }
      }
    },
    {
      "objectGroups": {
        "name": "t2_trench_02",
        "tm": [
          [0.0871558,0.0,0.996195],
          [0.0,1.0,0.0],
          [-0.996195,0.0,0.0871558],
          [18750.3,235.0,-16184.8]
        ],
        "unit_class": "dynTrench_long_a",
        "objLayer": 2,
        "props": {
          "army": 2,
          "active": true
        }
      }
    },
    {
      "objectGroups": {
        "name": "t2_trench_03",
        "tm": [
          [0.173648,0.0,0.984808],
          [0.0,1.0,0.0],
          [-0.984808,0.0,0.173648],
          [18813.8,235.0,-15639.5]
        ],
        "unit_class": "dynTrench_long_a",
        "objLayer": 2,
        "props": {
          "army": 2,
          "active": true
        }
      }
    },
    {
      "objectGroups": {
        "name": "t2_trench_04",
        "tm": [
          [0.173648,0.0,0.984808],
          [0.0,1.0,0.0],
          [-0.984808,0.0,0.173648],
          [18885.3,235.0,-15251.2]
        ],
        "unit_class": "dynTrench_long_a",
        "objLayer": 2,
        "props": {
          "army": 2,
          "active": true
        }
      }
    },
    {
      "objectGroups": {
        "name": "t2_trench_05",
        "tm": [
          [0.0,0.0,1.0],
          [0.0,1.0,0.0],
          [-1.0,0.0,0.0],
          [18927.4,235.0,-14850.2]
        ],
        "unit_class": "dynTrench_long_a",
        "objLayer": 2,
        "props": {
          "army": 2,
          "active": true
        }
      }
    },
    {
      "objectGroups": {
        "name": "t2_trench_06",
        "tm": [
          [0.0,0.0,1.0],
          [0.0,1.0,0.0],
          [-1.0,0.0,0.0],
          [18933.9,235.0,-14566.2]
        ],
        "unit_class": "dynTrench_long_b",
        "objLayer": 2,
        "props": {
          "army": 2,
          "active": true
        }
      }
    },
    {
      "objectGroups": {
        "name": "t2_trench_07",
        "tm": [
          [-0.21644,0.0,0.976296],
          [0.0,1.0,0.0],
          [-0.976296,0.0,-0.21644],
          [18916.5,235.0,-14454.1]
        ],
        "unit_class": "dynTrench_long_b",
        "objLayer": 2,
        "props": {
          "army": 2,
          "active": true
        }
      }
    },
    {
      "objectGroups": {
        "name": "t2_trench_08",
        "tm": [
          [0.173648,0.0,0.984808],
          [0.0,1.0,0.0],
          [-0.984808,0.0,0.173648],
          [18912.7,235.0,-14257.0]
        ],
        "unit_class": "dynTrench_long_b",
        "objLayer": 2,
        "props": {
          "army": 2,
          "active": true
        }
      }
    },
    {
      "objectGroups": {
        "name": "t2_trench_09",
        "tm": [
          [0.173648,0.0,0.984808],
          [0.0,1.0,0.0],
          [-0.984808,0.0,0.173648],
          [18939.4,235.0,-14118.6]
        ],
        "unit_class": "dynTrench_long_b",
        "objLayer": 2,
        "props": {
          "army": 2,
          "active": true
        }
      }
    },
    {
      "objectGroups": {
        "name": "t2_trench_10",
        "tm": [
          [0.173648,0.0,0.984808],
          [0.0,1.0,0.0],
          [-0.984808,0.0,0.173648],
          [19120.3,231.0,-13724.7]
        ],
        "unit_class": "dynTrench_long_a",
        "objLayer": 2,
        "props": {
          "army": 2,
          "active": true
        }
      }
    },
    {
      "objectGroups": {
        "name": "t2_trench_11",
        "tm": [
          [0.173648,0.0,0.984808],
          [0.0,1.0,0.0],
          [-0.984808,0.0,0.173648],
          [19197.5,231.0,-13326.9]
        ],
        "unit_class": "dynTrench_long_a",
        "objLayer": 2,
        "props": {
          "army": 2,
          "active": true
        }
      }
    },
    {
      "objectGroups": {
        "name": "t2_trench_12",
        "tm": [
          [0.173648,0.0,0.984808],
          [0.0,1.0,0.0],
          [-0.984808,0.0,0.173648],
          [19271.7,231.0,-12936.5]
        ],
        "unit_class": "dynTrench_long_a",
        "objLayer": 2,
        "props": {
          "army": 2,
          "active": true
        }
      }
    },
    {
      "objectGroups": {
        "name": "t2_trench_13",
        "tm": [
          [0.0871558,0.0,0.996195],
          [0.0,1.0,0.0],
          [-0.996195,0.0,0.0871558],
          [19349.8,231.13,-12443.2]
        ],
        "unit_class": "dynTrench_long_a",
        "objLayer": 2,
        "props": {
          "army": 2,
          "active": true
        }
      }
    },
    {
      "objectGroups": {
        "name": "t2_trench_14",
        "tm": [
          [0.0871558,0.0,0.996195],
          [0.0,1.0,0.0],
          [-0.996195,0.0,0.0871558],
          [19378.0,231.13,-12173.9]
        ],
        "unit_class": "dynTrench_long_b",
        "objLayer": 2,
        "props": {
          "army": 2,
          "active": true
        }
      }
    },
    {
      "objectGroups": {
        "name": "t2_trench_15",
        "tm": [
          [0.34202,0.0,0.939693],
          [0.0,1.0,0.0],
          [-0.939693,0.0,0.34202],
          [19529.3,231.0,-11676.5]
        ],
        "unit_class": "dynTrench_long_a",
        "objLayer": 2,
        "props": {
          "army": 2,
          "active": true
        }
      }
    },
    {
      "objectGroups": {
        "name": "t2_trench_16",
        "tm": [
          [0.461749,0.0,0.887011],
          [0.0,1.0,0.0],
          [-0.887011,0.0,0.461749],
          [19641.1,231.0,-11421.1]
        ],
        "unit_class": "dynTrench_long_b",
        "objLayer": 2,
        "props": {
          "army": 2,
          "active": true
        }
      }
    },
    {
      "objectGroups": {
        "name": "t2_trench_17",
        "tm": [
          [0.461749,0.0,0.887011],
          [0.0,1.0,0.0],
          [-0.887011,0.0,0.461749],
          [19823.6,231.0,-11054.1]
        ],
        "unit_class": "dynTrench_long_a",
        "objLayer": 2,
        "props": {
          "army": 2,
          "active": true
        }
      }
    },
    {
      "objectGroups": {
        "name": "t2_trench_18",
        "tm": [
          [0.573577,0.0,0.819152],
          [0.0,1.0,0.0],
          [-0.819152,0.0,0.573577],
          [20043.6,231.0,-10700.8]
        ],
        "unit_class": "dynTrench_long_a",
        "objLayer": 2,
        "props": {
          "army": 2,
          "active": true
        }
      }
    },
    {
      "objectGroups": {
        "name": "t2_trench_19",
        "tm": [
          [0.675591,0.0,0.737278],
          [0.0,1.0,0.0],
          [-0.737278,0.0,0.675591],
          [20294.4,231.0,-10396.4]
        ],
        "unit_class": "dynTrench_long_a",
        "objLayer": 2,
        "props": {
          "army": 2,
          "active": true
        }
      }
    },
    {
      "objectGroups": {
        "name": "t2_trench_20",
        "tm": [
          [-0.984808,0.0,0.173648],
          [0.0,1.0,0.0],
          [-0.173648,0.0,-0.984808],
          [18628.2,235.0,-16519.4]
        ],
        "unit_class": "dynTrench_long_b",
        "objLayer": 2,
        "props": {
          "army": 2,
          "active": true
        }
      }
    },
    {
      "objectGroups": {
        "name": "t2_trench_21",
        "tm": [
          [0.984808,0.0,-0.173648],
          [0.0,1.0,0.0],
          [0.173648,0.0,0.984808],
          [18670.9,235.0,-16117.9]
        ],
        "unit_class": "dynTrench_long_b",
        "objLayer": 2,
        "props": {
          "army": 2,
          "active": true
        }
      }
    },
    {
      "objectGroups": {
        "name": "t2_trench_22",
        "tm": [
          [0.984808,0.0,-0.173648],
          [0.0,1.0,0.0],
          [0.173648,0.0,0.984808],
          [18701.6,235.0,-15693.5]
        ],
        "unit_class": "dynTrench_long_b",
        "objLayer": 2,
        "props": {
          "army": 2,
          "active": true
        }
      }
    },
    {
      "objectGroups": {
        "name": "t2_trench_23",
        "tm": [
          [-0.984808,0.0,0.173648],
          [0.0,1.0,0.0],
          [-0.173648,0.0,-0.984808],
          [18775.0,235.0,-15306.5]
        ],
        "unit_class": "dynTrench_long_b",
        "objLayer": 2,
        "props": {
          "army": 2,
          "active": true
        }
      }
    },
    {
      "objectGroups": {
        "name": "t2_trench_24",
        "tm": [
          [-0.984808,0.0,0.173648],
          [0.0,1.0,0.0],
          [-0.173648,0.0,-0.984808],
          [18832.8,235.0,-14910.8]
        ],
        "unit_class": "dynTrench_long_b",
        "objLayer": 2,
        "props": {
          "army": 2,
          "active": true
        }
      }
    },
    {
      "objectGroups": {
        "name": "t2_trench_25",
        "tm": [
          [0.999049,0.0,-0.0436197],
          [0.0,1.0,0.0],
          [0.0436197,0.0,0.999049],
          [18842.0,235.0,-14559.7]
        ],
        "unit_class": "dynTrench_long_b",
        "objLayer": 2,
        "props": {
          "army": 2,
          "active": true
        }
      }
    },
    {
      "objectGroups": {
        "name": "t2_trench_26",
        "tm": [
