{
  "selected_tag": "",
  "bin_dump_file": "",
  "mission_settings": {
    "player": {
      "army": 1
    },
    "player_teamB": {
      "army": 2
    },
    "mission": {
      "level": "levels/water.bin",
      "type": "singleMission",
      "restoreType": "attempts",
      "optionalTakeOff": false,
      "environment": "Day",
      "weather": "hazy"
    },
    "spectator_points": []
  },
  "imports": [],
  "triggers": {
    "isCategory": true,
    "is_enabled": true
  },
  "mission_objectives": {
    "isCategory": true,
    "is_enabled": true
  },
  "variables": [],
  "dialogs": [],
  "airfields": [],
  "effects": [],
  "units": [
    {
      "objectGroups": {
        "name": "t1_airfield",
        "tm": [
          [0.822488,0.0,-0.568782],
          [0.0,1.0,0.0],
          [0.568782,0.0,0.822488],
          [6785.58,394.304,-9533.38]
        ],
        "unit_class": "dynaf_universal_1line_3000_a",
        "objLayer": 2,
        "props": {
          "army": 1,
          "active": true
        }
      }
    },
    {
      "objectGroups": {
        "name": "t2_airfield",
        "tm": [
          [-0.965926,0.0,0.25882],
          [0.0,1.0,0.0],
          [-0.25882,0.0,-0.965926],
          [-10070.7,144.318,9272.58]
        ],
        "unit_class": "dynaf_universal_1line_3000_a",
        "objLayer": 2,
        "props": {
          "army": 2,
          "active": true
        }
      }
    },
    {
      "air_defence": {
        "name": "t1_big_aaa_01",
        "tm": [
          [0.903824,0.0,0.427904],
          [0.0,1.0,0.0],
          [-0.427904,0.0,0.903824],
          [6953.72,420.098,-9124.95]
        ],
        "unit_class": "ussr_85mm_52k",
        "objLayer": 1,
        "closed_waypoints": false,
        "isShipSpline": false,
        "shipTurnRadius": 100.0,
        "weapons": "",
        "bullets0": "",
        "bullets1": "",
        "bullets2": "",
        "bullets3": "",
        "bulletsCount0": 0,
        "bulletsCount1": 0,
        "bulletsCount2": 0,
        "bulletsCount3": 0,
        "props": {
          "army": 1,
          "count": 1,
          "formation_type": "rows",
          "formation_div": 3,
          "formation_step": [2.5,2.0],
          "formation_noise": [0.1,0.1],
          "uniqueName": "",
          "attack_type": "fire_at_will"
        },
        "way": []
      }
    },
    {
      "air_defence": {
        "name": "t1_big_aaa_02",
        "tm": [
          [0.903824,0.0,0.427904],
          [0.0,1.0,0.0],
          [-0.427904,0.0,0.903824],
          [6281.83,411.416,-9787.45]
        ],
        "unit_class": "ussr_85mm_52k",
        "objLayer": 1,
        "closed_waypoints": false,
        "isShipSpline": false,
        "shipTurnRadius": 100.0,
        "weapons": "",
        "bullets0": "",
        "bullets1": "",
        "bullets2": "",
        "bullets3": "",
        "bulletsCount0": 0,
        "bulletsCount1": 0,
        "bulletsCount2": 0,
        "bulletsCount3": 0,
        "props": {
          "army": 1,
          "count": 1,
          "formation_type": "rows",
          "formation_div": 3,
          "formation_step": [2.5,2.0],
          "formation_noise": [0.1,0.1],
          "uniqueName": "",
          "attack_type": "fire_at_will"
        },
        "way": []
      }
    },
    {
      "air_defence": {
        "name": "t1_big_aaa_03",
        "tm": [
          [0.903824,0.0,0.427904],
          [0.0,1.0,0.0],
          [-0.427904,0.0,0.903824],
          [6374.28,419.158,-8986.12]
        ],
        "unit_class": "ussr_85mm_52k",
        "objLayer": 1,
        "closed_waypoints": false,
        "isShipSpline": false,
        "shipTurnRadius": 100.0,
        "weapons": "",
        "bullets0": "",
        "bullets1": "",
        "bullets2": "",
        "bullets3": "",
        "bulletsCount0": 0,
        "bulletsCount1": 0,
        "bulletsCount2": 0,
        "bulletsCount3": 0,
        "props": {
          "army": 1,
          "count": 1,
          "formation_type": "rows",
          "formation_div": 3,
          "formation_step": [2.5,2.0],
          "formation_noise": [0.1,0.1],
          "uniqueName": "",
          "attack_type": "fire_at_will"
        },
        "way": []
      }
    },
    {
      "air_defence": {
        "name": "t1_big_aaa_04",
        "tm": [
          [0.903824,0.0,0.427904],
          [0.0,1.0,0.0],
          [-0.427904,0.0,0.903824],
          [7570.17,416.926,-10549.6]
        ],
        "unit_class": "ussr_85mm_52k",
        "objLayer": 1,
        "closed_waypoints": false,
        "isShipSpline": false,
        "shipTurnRadius": 100.0,
        "weapons": "",
        "bullets0": "",
        "bullets1": "",
        "bullets2": "",
        "bullets3": "",
        "bulletsCount0": 0,
        "bulletsCount1": 0,
        "bulletsCount2": 0,
        "bulletsCount3": 0,
        "props": {
          "army": 1,
          "count": 1,
          "formation_type": "rows",
          "formation_div": 3,
          "formation_step": [2.5,2.0],
          "formation_noise": [0.1,0.1],
          "uniqueName": "",
          "attack_type": "fire_at_will"
        },
        "way": []
      }
    },
    {
      "air_defence": {
        "name": "t1_big_aaa_05",
        "tm": [
          [0.903824,0.0,0.427904],
          [0.0,1.0,0.0],
          [-0.427904,0.0,0.903824],
          [6323.39,120.866,-10035.0]
        ],
        "unit_class": "ussr_85mm_52k",
        "objLayer": 1,
        "closed_waypoints": false,
        "isShipSpline": false,
        "shipTurnRadius": 100.0,
        "weapons": "",
        "bullets0": "",
        "bullets1": "",
        "bullets2": "",
        "bullets3": "",
        "bulletsCount0": 0,
        "bulletsCount1": 0,
        "bulletsCount2": 0,
        "bulletsCount3": 0,
        "props": {
          "army": 1,
          "count": 1,
          "formation_type": "rows",
          "formation_div": 3,
          "formation_step": [2.5,2.0],
          "formation_noise": [0.1,0.1],
          "uniqueName": "",
          "attack_type": "fire_at_will"
        },
        "way": []
      }
    },
    {
      "air_defence": {
        "name": "t1_big_aaa_06",
        "tm": [
          [0.903824,0.0,0.427904],
          [0.0,1.0,0.0],
          [-0.427904,0.0,0.903824],
          [7441.57,436.12,-8889.86]
        ],
        "unit_class": "ussr_85mm_52k",
        "objLayer": 1,
        "closed_waypoints": false,
        "isShipSpline": false,
        "shipTurnRadius": 100.0,
        "weapons": "",
        "bullets0": "",
        "bullets1": "",
        "bullets2": "",
        "bullets3": "",
        "bulletsCount0": 0,
        "bulletsCount1": 0,
        "bulletsCount2": 0,
        "bulletsCount3": 0,
        "props": {
          "army": 1,
          "count": 1,
          "formation_type": "rows",
          "formation_div": 3,
          "formation_step": [2.5,2.0],
          "formation_noise": [0.1,0.1],
          "uniqueName": "",
          "attack_type": "fire_at_will"
        },
        "way": []
      }
    },
    {
      "air_defence": {
        "name": "t1_medium_aaa_01",
        "tm": [
          [0.903824,0.0,0.427904],
          [0.0,1.0,0.0],
          [-0.427904,0.0,0.903824],
          [7413.7,412.204,-9653.26]
        ],
        "unit_class": "ussr_37mm_61k_airfield",
        "objLayer": 1,
        "closed_waypoints": false,
        "isShipSpline": false,
        "shipTurnRadius": 100.0,
        "weapons": "",
        "bullets0": "",
        "bullets1": "",
        "bullets2": "",
        "bullets3": "",
        "bulletsCount0": 0,
        "bulletsCount1": 0,
        "bulletsCount2": 0,
        "bulletsCount3": 0,
        "props": {
          "army": 1,
          "count": 1,
          "formation_type": "rows",
          "formation_div": 3,
          "formation_step": [2.5,2.0],
          "formation_noise": [0.1,0.1],
          "uniqueName": "",
          "attack_type": "fire_at_will"
        },
        "way": []
      }
    },
    {
      "air_defence": {
        "name": "t1_medium_aaa_02",
        "tm": [
          [0.903824,0.0,0.427904],
          [0.0,1.0,0.0],
          [-0.427904,0.0,0.903824],
          [6630.5,408.349,-9895.05]
        ],
        "unit_class": "ussr_37mm_61k_airfield",
        "objLayer": 1,
        "closed_waypoints": false,
        "isShipSpline": false,
        "shipTurnRadius": 100.0,
        "weapons": "",
        "bullets0": "",
        "bullets1": "",
        "bullets2": "",
        "bullets3": "",
        "bulletsCount0": 0,
        "bulletsCount1": 0,
        "bulletsCount2": 0,
        "bulletsCount3": 0,
        "props": {
          "army": 1,
          "count": 1,
          "formation_type": "rows",
          "formation_div": 3,
          "formation_step": [2.5,2.0],
          "formation_noise": [0.1,0.1],
          "uniqueName": "",
          "attack_type": "fire_at_will"
        },
        "way": []
      }
    },
    {
      "air_defence": {
        "name": "t1_medium_aaa_03",
        "tm": [
          [0.903824,0.0,0.427904],
          [0.0,1.0,0.0],
          [-0.427904,0.0,0.903824],
          [5886.55,414.281,-9494.17]
        ],
        "unit_class": "ussr_37mm_61k_airfield",
        "objLayer": 1,
        "closed_waypoints": false,
        "isShipSpline": false,
        "shipTurnRadius": 100.0,
        "weapons": "",
        "bullets0": "",
        "bullets1": "",
        "bullets2": "",
        "bullets3": "",
        "bulletsCount0": 0,
        "bulletsCount1": 0,
        "bulletsCount2": 0,
        "bulletsCount3": 0,
        "props": {
          "army": 1,
          "count": 1,
          "formation_type": "rows",
          "formation_div": 3,
          "formation_step": [2.5,2.0],
          "formation_noise": [0.1,0.1],
          "uniqueName": "",
          "attack_type": "fire_at_will"
        },
        "way": []
      }
    },
    {
      "air_defence": {
        "name": "t1_medium_aaa_04",
        "tm": [
          [0.903824,0.0,0.427904],
          [0.0,1.0,0.0],
          [-0.427904,0.0,0.903824],
          [7156.99,418.292,-9456.14]
        ],
        "unit_class": "ussr_37mm_61k_airfield",
        "objLayer": 1,
        "closed_waypoints": false,
        "isShipSpline": false,
        "shipTurnRadius": 100.0,
        "weapons": "",
        "bullets0": "",
        "bullets1": "",
        "bullets2": "",
        "bullets3": "",
        "bulletsCount0": 0,
        "bulletsCount1": 0,
        "bulletsCount2": 0,
        "bulletsCount3": 0,
        "props": {
          "army": 1,
          "count": 1,
          "formation_type": "rows",
          "formation_div": 3,
          "formation_step": [2.5,2.0],
          "formation_noise": [0.1,0.1],
          "uniqueName": "",
          "attack_type": "fire_at_will"
        },
        "way": []
      }
    },
    {
      "squad": {
        "name": "t1_airfield_aaa_squad",
        "tm": [
          [0.903824,0.0,0.427904],
          [0.0,1.0,0.0],
          [-0.427904,0.0,0.903824],
          [8161.39,410.454,-9411.16]
        ],
        "props": [
          {
            "object_marking": 0
          },
          {
            "squad_members": "t1_big_aaa_01"
          },
          {
            "squad_members": "t1_big_aaa_02"
          },
          {
            "squad_members": "t1_big_aaa_03"
          },
          {
            "squad_members": "t1_big_aaa_04"
          },
          {
            "squad_members": "t1_big_aaa_05"
          },
          {
            "squad_members": "t1_big_aaa_06"
          },
          {
            "squad_members": "t1_medium_aaa_01"
          },
          {
            "squad_members": "t1_medium_aaa_02"
          },
          {
            "squad_members": "t1_medium_aaa_03"
          },
          {
            "squad_members": "t1_medium_aaa_04"
          }
        ]
      }
    },
    {
      "air_defence": {
        "name": "t2_big_aaa_01",
        "tm": [
          [0.906308,0.0,0.422618],
          [0.0,1.0,0.0],
          [-0.422618,0.0,0.906308],
          [-9592.45,167.425,9496.48]
        ],
        "unit_class": "germ_88mm_flak36",
        "objLayer": 1,
        "closed_waypoints": false,
        "isShipSpline": false,
        "shipTurnRadius": 100.0,
        "weapons": "",
        "bullets0": "",
        "bullets1": "",
        "bullets2": "",
        "bullets3": "",
        "bulletsCount0": 0,
        "bulletsCount1": 0,
        "bulletsCount2": 0,
        "bulletsCount3": 0,
        "props": {
          "army": 2,
          "count": 1,
          "formation_type": "rows",
          "formation_div": 3,
          "formation_step": [2.5,2.0],
          "formation_noise": [0.1,0.1],
          "uniqueName": "",
          "attack_type": "fire_at_will"
        },
        "way": []
      }
    },
    {
      "air_defence": {
        "name": "t2_big_aaa_02",
        "tm": [
          [0.906308,0.0,0.422618],
          [0.0,1.0,0.0],
          [-0.422618,0.0,0.906308],
          [-9691.28,162.988,8894.99]
        ],
        "unit_class": "germ_88mm_flak36",
        "objLayer": 1,
        "closed_waypoints": false,
        "isShipSpline": false,
        "shipTurnRadius": 100.0,
        "weapons": "",
        "bullets0": "",
        "bullets1": "",
        "bullets2": "",
        "bullets3": "",
        "bulletsCount0": 0,
        "bulletsCount1": 0,
        "bulletsCount2": 0,
        "bulletsCount3": 0,
        "props": {
          "army": 2,
          "count": 1,
          "formation_type": "rows",
          "formation_div": 3,
          "formation_step": [2.5,2.0],
          "formation_noise": [0.1,0.1],
          "uniqueName": "",
          "attack_type": "fire_at_will"
        },
        "way": []
      }
    },
    {
      "air_defence": {
        "name": "t2_big_aaa_03",
        "tm": [
          [0.906308,0.0,0.422618],
          [0.0,1.0,0.0],
          [-0.422618,0.0,0.906308],
          [-10239.2,161.93,9272.12]
        ],
        "unit_class": "germ_88mm_flak36",
        "objLayer": 1,
        "closed_waypoints": false,
        "isShipSpline": false,
        "shipTurnRadius": 100.0,
        "weapons": "",
        "bullets0": "",
        "bullets1": "",
        "bullets2": "",
        "bullets3": "",
        "bulletsCount0": 0,
        "bulletsCount1": 0,
        "bulletsCount2": 0,
        "bulletsCount3": 0,
        "props": {
          "army": 2,
          "count": 1,
          "formation_type": "rows",
          "formation_div": 3,
          "formation_step": [2.5,2.0],
          "formation_noise": [0.1,0.1],
          "uniqueName": "",
          "attack_type": "fire_at_will"
        },
        "way": []
      }
    },
    {
      "air_defence": {
        "name": "t2_big_aaa_04",
        "tm": [
          [0.906308,0.0,0.422618],
          [0.0,1.0,0.0],
          [-0.422618,0.0,0.906308],
          [-10664.0,163.164,9873.87]
        ],
        "unit_class": "germ_88mm_flak36",
        "objLayer": 1,
        "closed_waypoints": false,
        "isShipSpline": false,
        "shipTurnRadius": 100.0,
        "weapons": "",
        "bullets0": "",
        "bullets1": "",
        "bullets2": "",
        "bullets3": "",
        "bulletsCount0": 0,
        "bulletsCount1": 0,
        "bulletsCount2": 0,
        "bulletsCount3": 0,
        "props": {
          "army": 2,
          "count": 1,
          "formation_type": "rows",
          "formation_div": 3,
          "formation_step": [2.5,2.0],
          "formation_noise": [0.1,0.1],
          "uniqueName": "",
          "attack_type": "fire_at_will"
        },
        "way": []
      }
    },
    {
      "air_defence": {
        "name": "t2_big_aaa_05",
        "tm": [
          [0.906308,0.0,0.422618],
          [0.0,1.0,0.0],
          [-0.422618,0.0,0.906308],
          [-11005.2,177.3,9032.99]
        ],
        "unit_class": "germ_88mm_flak36",
        "objLayer": 1,
        "closed_waypoints": false,
        "isShipSpline": false,
        "shipTurnRadius": 100.0,
        "weapons": "",
        "bullets0": "",
        "bullets1": "",
        "bullets2": "",
        "bullets3": "",
        "bulletsCount0": 0,
        "bulletsCount1": 0,
        "bulletsCount2": 0,
        "bulletsCount3": 0,
        "props": {
          "army": 2,
          "count": 1,
          "formation_type": "rows",
          "formation_div": 3,
          "formation_step": [2.5,2.0],
          "formation_noise": [0.1,0.1],
          "uniqueName": "",
          "attack_type": "fire_at_will"
        },
        "way": []
      }
    },
    {
      "air_defence": {
        "name": "t2_big_aaa_06",
        "tm": [
          [0.906308,0.0,0.422618],
          [0.0,1.0,0.0],
          [-0.422618,0.0,0.906308],
          [-10846.1,171.161,9509.48]
        ],
        "unit_class": "germ_88mm_flak36",
        "objLayer": 1,
        "closed_waypoints": false,
        "isShipSpline": false,
        "shipTurnRadius": 100.0,
        "weapons": "",
        "bullets0": "",
        "bullets1": "",
        "bullets2": "",
        "bullets3": "",
        "bulletsCount0": 0,
        "bulletsCount1": 0,
        "bulletsCount2": 0,
        "bulletsCount3": 0,
        "props": {
          "army": 2,
          "count": 1,
          "formation_type": "rows",
          "formation_div": 3,
          "formation_step": [2.5,2.0],
          "formation_noise": [0.1,0.1],
          "uniqueName": "",
          "attack_type": "fire_at_will"
        },
        "way": []
      }
    },
    {
      "air_defence": {
        "name": "t2_medium_aaa_01",
        "tm": [
          [0.906308,0.0,0.422618],
          [0.0,1.0,0.0],
          [-0.422618,0.0,0.906308],
          [-10134.8,165.822,9670.39]
        ],
        "unit_class": "germ_37mm_flak43_airfield",
        "objLayer": 1,
        "closed_waypoints": false,
        "isShipSpline": false,
        "shipTurnRadius": 100.0,
        "weapons": "",
        "bullets0": "",
        "bullets1": "",
        "bullets2": "",
        "bullets3": "",
        "bulletsCount0": 0,
        "bulletsCount1": 0,
        "bulletsCount2": 0,
        "bulletsCount3": 0,
        "props": {
          "army": 2,
          "count": 1,
          "formation_type": "rows",
          "formation_div": 3,
          "formation_step": [2.5,2.0],
          "formation_noise": [0.1,0.1],
          "uniqueName": "",
          "attack_type": "fire_at_will"
        },
        "way": []
      }
    },
    {
      "air_defence": {
        "name": "t2_medium_aaa_02",
        "tm": [
          [0.906308,0.0,0.422618],
          [0.0,1.0,0.0],
          [-0.422618,0.0,0.906308],
          [-10664.7,163.507,9316.01]
        ],
        "unit_class": "germ_37mm_flak43_airfield",
        "objLayer": 1,
        "closed_waypoints": false,
        "isShipSpline": false,
        "shipTurnRadius": 100.0,
        "weapons": "",
        "bullets0": "",
        "bullets1": "",
        "bullets2": "",
        "bullets3": "",
        "bulletsCount0": 0,
        "bulletsCount1": 0,
        "bulletsCount2": 0,
        "bulletsCount3": 0,
        "props": {
          "army": 2,
          "count": 1,
          "formation_type": "rows",
          "formation_div": 3,
          "formation_step": [2.5,2.0],
          "formation_noise": [0.1,0.1],
          "uniqueName": "",
          "attack_type": "fire_at_will"
        },
        "way": []
      }
    },
    {
      "air_defence": {
        "name": "t2_medium_aaa_03",
        "tm": [
          [0.906308,0.0,0.422618],
          [0.0,1.0,0.0],
          [-0.422618,0.0,0.906308],
          [-9910.93,166.452,8959.5]
        ],
        "unit_class": "germ_37mm_flak43_airfield",
        "objLayer": 1,
        "closed_waypoints": false,
        "isShipSpline": false,
        "shipTurnRadius": 100.0,
        "weapons": "",
        "bullets0": "",
        "bullets1": "",
        "bullets2": "",
        "bullets3": "",
        "bulletsCount0": 0,
        "bulletsCount1": 0,
        "bulletsCount2": 0,
        "bulletsCount3": 0,
        "props": {
          "army": 2,
          "count": 1,
          "formation_type": "rows",
          "formation_div": 3,
          "formation_step": [2.5,2.0],
          "formation_noise": [0.1,0.1],
          "uniqueName": "",
          "attack_type": "fire_at_will"
        },
        "way": []
      }
    },
    {
      "air_defence": {
        "name": "t2_medium_aaa_04",
        "tm": [
          [0.906308,0.0,0.422618],
          [0.0,1.0,0.0],
          [-0.422618,0.0,0.906308],
          [-9814.02,168.568,9644.62]
        ],
        "unit_class": "germ_37mm_flak43_airfield",
        "objLayer": 1,
        "closed_waypoints": false,
        "isShipSpline": false,
        "shipTurnRadius": 100.0,
        "weapons": "",
        "bullets0": "",
        "bullets1": "",
        "bullets2": "",
        "bullets3": "",
        "bulletsCount0": 0,
        "bulletsCount1": 0,
        "bulletsCount2": 0,
        "bulletsCount3": 0,
        "props": {
          "army": 2,
          "count": 1,
          "formation_type": "rows",
          "formation_div": 3,
          "formation_step": [2.5,2.0],
          "formation_noise": [0.1,0.1],
          "uniqueName": "",
          "attack_type": "fire_at_will"
        },
        "way": []
      }
    },
    {
      "squad": {
        "name": "t2_airfield_aaa_squad",
        "tm": [
          [0.906308,0.0,-0.422618],
          [0.0,1.0,0.0],
          [0.422618,0.0,0.906308],
          [-2839.55,130.85,9833.69]
        ],
        "props": [
          {
            "object_marking": 0
          },
          {
            "squad_members": "t2_big_aaa_01"
          },
          {
            "squad_members": "t2_big_aaa_02"
          },
          {
            "squad_members": "t2_big_aaa_03"
          },
          {
            "squad_members": "t2_big_aaa_04"
          },
          {
            "squad_members": "t2_big_aaa_05"
          },
          {
            "squad_members": "t2_big_aaa_06"
          },
          {
            "squad_members": "t2_medium_aaa_01"
          },
          {
            "squad_members": "t2_medium_aaa_02"
          },
          {
            "squad_members": "t2_medium_aaa_03"
          },
          {
            "squad_members": "t2_medium_aaa_04"
          }
        ]
      }
    }
  ],
  "areas": [],
  "objLayers": [
    {
      "layer": {
        "enabled": true
      }
    },
    {
      "layer": {
        "enabled": true
      }
    },
    {
      "layer": {
        "enabled": true
      }
    },
    {
      "layer": {
        "enabled": true
      }
    },
    {
      "layer": {
        "enabled": true
      }
    },
    {
      "layer": {
        "enabled": false
      }
    },
    {
      "layer": {
        "enabled": false
      }
    }
  ],
  "wayPoints": []
}