{
  "selected_tag": "",
  "bin_dump_file": "",
  "mission_settings": {
    "player": [
      {
        "army": 1
      },
      {
        "wing": "t1_player01"
      },
      {
        "wing": "t1_player02"
      },
      {
        "wing": "t1_player03"
      },
      {
        "wing": "t1_player04"
      },
      {
        "wing": "t1_player05"
      },
      {
        "wing": "t1_player06"
      },
      {
        "wing": "t1_player07"
      },
      {
        "wing": "t1_player08"
      },
      {
        "wing": "t1_player09"
      },
      {
        "wing": "t1_player10"
      },
      {
        "wing": "t1_player11"
      },
      {
        "wing": "t1_player12"
      },
      {
        "wing": "t1_player13"
      },
      {
        "wing": "t1_player14"
      },
      {
        "wing": "t1_player15"
      },
      {
        "wing": "t1_player16"
      },
      {
        "wing": "t1_player17"
      },
      {
        "wing": "t1_player18"
      },
      {
        "wing": "t1_player19"
      },
      {
        "wing": "t1_player20"
      },
      {
        "wing": "t1_player21"
      },
      {
        "wing": "t1_player22"
      },
      {
        "wing": "t1_player23"
      },
      {
        "wing": "t1_player24"
      },
      {
        "wing": "t1_player25"
      },
      {
        "wing": "t1_player26"
      },
      {
        "wing": "t1_player27"
      },
      {
        "wing": "t1_player28"
      },
      {
        "wing": "t1_player29"
      },
      {
        "wing": "t1_player30"
      },
      {
        "wing": "t1_player31"
      },
      {
        "wing": "t1_player32"
      }
    ],
    "player_teamB": [
      {
        "army": 2
      },
      {
        "wing": "t2_player01"
      },
      {
        "wing": "t2_player02"
      },
      {
        "wing": "t2_player03"
      },
      {
        "wing": "t2_player04"
      },
      {
        "wing": "t2_player05"
      },
      {
        "wing": "t2_player06"
      },
      {
        "wing": "t2_player07"
      },
      {
        "wing": "t2_player08"
      },
      {
        "wing": "t2_player09"
      },
      {
        "wing": "t2_player10"
      },
      {
        "wing": "t2_player11"
      },
      {
        "wing": "t2_player12"
      },
      {
        "wing": "t2_player13"
      },
      {
        "wing": "t2_player14"
      },
      {
        "wing": "t2_player15"
      },
      {
        "wing": "t2_player16"
      },
      {
        "wing": "t2_player17"
      },
      {
        "wing": "t2_player18"
      },
      {
        "wing": "t2_player19"
      },
      {
        "wing": "t2_player20"
      },
      {
        "wing": "t2_player21"
      },
      {
        "wing": "t2_player22"
      },
      {
        "wing": "t2_player23"
      },
      {
        "wing": "t2_player24"
      },
      {
        "wing": "t2_player25"
      },
      {
        "wing": "t2_player26"
      },
      {
        "wing": "t2_player27"
      },
      {
        "wing": "t2_player28"
      },
      {
        "wing": "t2_player29"
      },
      {
        "wing": "t2_player30"
      },
      {
        "wing": "t2_player31"
      },
      {
        "wing": "t2_player32"
      },
      {
        "wing": "t2_player33"
      }
    ],
    "mission": [
      {
        "level": "levels/avg_alaska_town.bin"
      },
      {
        "type": "domination"
      },
      {
        "restoreType": "attempts"
      },
      {
        "optionalTakeOff": false
      },
      {
        "environment": "Day"
      },
      {
        "weather": "clear"
      },
      {
        "locName": "missions/_Bttl;alaska_town/name"
      },
      {
        "locDesc": "alaska_town/desc;missions/_Bttl/desc"
      },
      {
        "scoreLimit": 10000
      },
      {
        "timeLimit": 25
      },
      {
        "deathPenaltyMul": 1.0
      },
      {
        "postfix": "_Bttl"
      },
      {
        "ctaCaptureZoneEqualPenaltyMul": 0.5
      },
      {
        "useAlternativeMapCoord": false
      },
      {
        "allowedKillStreaks": true
      },
      {
        "randomSpawnTeams": false
      },
      {
        "remapAiTankModels": true
      },
      {
        "battleAreaColorPreset": "battleArea"
      },
      {
        "country_axis": "germany"
      },
      {
        "country_allies": "ussr"
      },
      {
        "showTacticalMapCellSize": true
      },
      {
        "allowedUnitTypes": {
          "isAirplanesAllowed": true,
          "isTanksAllowed": true,
          "isShipsAllowed": false,
          "isHelicoptersAllowed": true
        }
      },
      {
        "mission": {
          "difficulty": "arcade",
          "useAlternativeMapCoord": false,
          "scoreLimit": 6000,
          "randomSpawnTeams": false,
          "remapAiTankModels": true
        }
      },
      {
        "mission": {
          "difficulty": "realistic",
          "useAlternativeMapCoord": false,
          "scoreLimit": 6000,
          "randomSpawnTeams": true,
          "remapAiTankModels": true
        }
      },
      {
        "mission": {
          "difficulty": "hardcore",
          "useAlternativeMapCoord": false,
          "scoreLimit": 6000,
          "randomSpawnTeams": true,
          "remapAiTankModels": true
        }
      }
    ],
    "spectator_points": [],
    "briefing": {
      "place_loc": "",
      "date_loc": "",
      "objective_loc": "",
      "music": "action_01",
      "part": {
        "event": "",
        "minTime": 0,
        "slide": [
          {
            "map": true
          },
          {
            "minTime": 4
          },
          {
            "picture": ""
          },
          {
            "showAirMap": false
          },
          {
            "icon": {
              "icontype": "tank",
              "side": "ally",
              "target": "briefing_t1_resp01"
            }
          },
          {
            "icon": {
              "icontype": "tank",
              "side": "ally",
              "target": "briefing_t1_resp02"
            }
          },
          {
            "icon": {
              "icontype": "tank",
              "side": "enemy",
              "target": "briefing_t2_resp01"
            }
          },
          {
            "icon": {
              "icontype": "tank",
              "side": "enemy",
              "target": "briefing_t2_resp02"
            }
          },
          {
            "icon": {
              "icontype": "basezone_A",
              "side": "ally",
              "target": "briefing_t1_capturezone"
            }
          },
          {
            "icon": {
              "icontype": "basezone_B",
              "side": "enemy",
              "target": "briefing_t2_capturezone"
            }
          },
          {
            "battleArea": {
              "target": "briefing_bttl_battle_area"
            }
          }
        ]
      }
    }
  },
  "imports": [
    {
      "import_record": {
        "file": "gameData/missions/templates/tank_templates/tank_base_logic_template.blk",
        "importAreas": true,
        "importUnits": true,
        "importTriggers": true,
        "importMissionObjectives": true,
        "importWayPoints": true,
        "showAreas": true,
        "showUnits": true,
        "showTriggers": true,
        "showMissionObjectives": true,
        "showWayPoints": true,
        "excludes": []
      }
    },
    {
      "import_record": {
        "file": "gameData/missions/cta/tanks/alaska_town/template_alaska_town_air_spawns.blk",
        "importAreas": true,
        "importUnits": true,
        "importTriggers": true,
        "importMissionObjectives": true,
        "importWayPoints": true,
        "showAreas": true,
        "showUnits": true,
        "showTriggers": true,
        "showMissionObjectives": true,
        "showWayPoints": true,
        "excludes": []
      }
    },
    {
      "import_record": {
        "file": "gameData/missions/cta/tanks/alaska_town/battleareas/template_alaska_town_Bttl_battlearea.blk",
        "importAreas": true,
        "importUnits": true,
        "importTriggers": true,
        "importMissionObjectives": true,
        "importWayPoints": true,
        "showAreas": true,
        "showUnits": true,
        "showTriggers": true,
        "showMissionObjectives": true,
        "showWayPoints": true,
        "excludes": []
      }
    },
    {
      "import_record": {
        "file": "gameData/missions/templates/tank_templates/bttl_template.blk",
        "importAreas": true,
        "importUnits": true,
        "importTriggers": true,
        "importMissionObjectives": true,
        "importWayPoints": true,
        "showAreas": true,
        "showUnits": true,
        "showTriggers": true,
        "showMissionObjectives": true,
        "showWayPoints": true,
        "excludes": []
      }
    }
  ],
  "triggers": {
    "isCategory": true,
    "is_enabled": true
  },
  "mission_objectives": {
    "isCategory": true,
    "is_enabled": true
  },
  "variables": [],
  "dialogs": [],
  "airfields": [],
  "effects": [],
  "units": {
    "tankModels": {
      "name": "t1_player01",
      "tm": [
        [-0.173648,0.0,-0.984808],
        [0.0,1.0,0.0],
        [0.984808,0.0,-0.173648],
        [2459.35,112.808,2031.88]
      ],
      "unit_class": "aaa_dummy",
      "objLayer": 1,
      "closed_waypoints": false,
      "isShipSpline": false,
      "shipTurnRadius": 100.0,
      "weapons": "",
      "bullets0": "",
      "bullets1": "",
      "bullets2": "",
      "bullets3": "",
      "bulletsCount0": 0,
      "bulletsCount1": 0,
      "bulletsCount2": 0,
      "bulletsCount3": 0,
      "props": {
        "army": 2,
        "count": 1,
        "formation_type": "rows",
        "formation_div": 3,
        "formation_step": [2.5,2.0],
        "formation_noise": [0.1,0.1],
        "uniqueName": "",
        "attack_type": "fire_at_will"
      },
      "way": []
    }
  },
  "areas": {
    "briefing_t1_resp01": {
      "type": "Point",
      "tm": [
        [-0.173648,0.0,-0.984808],
        [0.0,1.0,0.0],
        [0.984808,0.0,-0.173648],
        [2058.68,49.1504,1392.72]
      ],
      "objLayer": 0,
      "props": []
    },
    "briefing_t1_resp02": {
      "type": "Point",
      "tm": [
        [-0.173648,0.0,-0.984808],
        [0.0,1.0,0.0],
        [0.984808,0.0,-0.173648],
        [2287.46,45.8535,1483.87]
      ],
      "objLayer": 0,
      "props": []
    },
    "briefing_t2_resp01": {
      "type": "Point",
      "tm": [
        [-0.173648,0.0,-0.984808],
        [0.0,1.0,0.0],
        [0.984808,0.0,-0.173648],
        [1555.03,47.1099,2330.85]
      ],
      "objLayer": 0,
      "props": []
    },
    "briefing_t2_resp02": {
      "type": "Point",
      "tm": [
        [-0.173648,0.0,-0.984808],
        [0.0,1.0,0.0],
        [0.984808,0.0,-0.173648],
        [1806.63,48.6506,2523.91]
      ],
      "objLayer": 0,
      "props": []
    },
    "briefing_t1_capturezone": {
      "type": "Point",
      "tm": [
        [-0.173648,0.0,-0.984808],
        [0.0,1.0,0.0],
        [0.984808,0.0,-0.173648],
        [1757.01,50.0056,1700.49]
      ],
      "objLayer": 0,
      "props": []
    },
    "briefing_t2_capturezone": {
      "type": "Point",
      "tm": [
        [-0.173648,0.0,-0.984808],
        [0.0,1.0,0.0],
        [0.984808,0.0,-0.173648],
        [2034.62,48.2447,2095.87]
      ],
      "objLayer": 0,
      "props": []
    },
    "briefing_t1_rb_resp02": {
      "type": "Point",
      "tm": [
        [-0.173648,0.0,-0.984808],
        [0.0,1.0,0.0],
        [0.984808,0.0,-0.173648],
        [2281.66,45.7121,1480.0]
      ],
      "objLayer": 0,
      "props": []
    },
    "briefing_t1_rb_resp01": {
      "type": "Point",
      "tm": [
        [-0.173648,0.0,-0.984808],
        [0.0,1.0,0.0],
        [0.984808,0.0,-0.173648],
        [2210.58,49.3863,1466.34]
      ],
      "objLayer": 0,
      "props": []
    },
    "briefing_t2_rb_resp01": {
      "type": "Point",
      "tm": [
        [-0.173648,0.0,-0.984808],
        [0.0,1.0,0.0],
        [0.984808,0.0,-0.173648],
        [1554.87,47.1107,2330.88]
      ],
      "objLayer": 0,
      "props": []
    },
    "briefing_t2_rb_resp02": {
      "type": "Point",
      "tm": [
        [-0.173648,0.0,-0.984808],
        [0.0,1.0,0.0],
        [0.984808,0.0,-0.173648],
        [1804.63,48.1019,2537.1]
      ],
      "objLayer": 0,
      "props": []
    },
    "briefing_t1_rb_capturezone": {
      "type": "Point",
      "tm": [
        [-0.173648,0.0,-0.984808],
        [0.0,1.0,0.0],
        [0.984808,0.0,-0.173648],
        [1756.95,50.0056,1700.46]
      ],
      "objLayer": 0,
      "props": []
    },
    "briefing_t2_rb_capturezone": {
      "type": "Point",
      "tm": [
        [-0.173648,0.0,-0.984808],
        [0.0,1.0,0.0],
        [0.984808,0.0,-0.173648],
        [2034.44,48.2454,2092.75]
      ],
      "objLayer": 0,
      "props": []
    },
    "briefing_t1_resp04": {
      "type": "Point",
      "tm": [
        [-0.173648,0.0,-0.984808],
        [0.0,1.0,0.0],
        [0.984808,0.0,-0.173648],
        [2061.11,49.3572,1391.07]
      ],
      "objLayer": 0,
      "props": []
    },
    "briefing_bttl_battle_area": {
      "type": "Box",
      "tm": [
        [-9.72258e-05,0.0,1500.0],
        [0.0,400.0,0.0],
        [-1500.0,0.0,-9.72258e-05],
        [1947.2,122.55,1979.0]
      ],
      "objLayer": 4,
      "props": []
    }
  },
  "objLayers": [
    {
      "layer": {
        "enabled": true
      }
    },
    {
      "layer": {
        "enabled": true
      }
    },
    {
      "layer": {
        "enabled": true
      }
    },
    {
      "layer": {
        "enabled": false
      }
    }
  ],
  "wayPoints": []
}