{
  "selected_tag": "",
  "bin_dump_file": "",
  "mission_settings": {
    "player": {
      "army": 1,
      "wing": "bdt_armada"
    },
    "player_teamB": {
      "army": 2
    },
    "mission": {
      "level": "levels/water.bin",
      "type": "singleMission",
      "environment": "Day",
      "weather": "hazy",
      "restoreType": "attempts",
      "optionalTakeOff": true
    },
    "spectator_points": {}
  },
  "imports": {
    "import_record": [
      {
        "file": "gameData/missions/templates/enduring_confrontation/bdt_bases_destroy_template.blk",
        "importAreas": true,
        "importUnits": true,
        "importTriggers": true,
        "importMissionObjectives": true,
        "importWayPoints": true,
        "showAreas": true,
        "showUnits": true,
        "showTriggers": true,
        "showMissionObjectives": true,
        "showWayPoints": true,
        "excludes": {}
      },
      {
        "file": "gameData/missions/templates/units_sets/land_sets_aaa_bases/bdt_t1_ussr_rank_01.blk",
        "rankRange": [
          0,
          4
        ],
        "importAreas": true,
        "importUnits": true,
        "importTriggers": true,
        "importMissionObjectives": true,
        "importWayPoints": true,
        "showAreas": true,
        "showUnits": true,
        "showTriggers": true,
        "showMissionObjectives": true,
        "showWayPoints": true,
        "excludes": {}
      },
      {
        "file": "gameData/missions/templates/units_sets/land_sets_aaa_bases/bdt_t1_ussr_rank_02.blk",
        "rankRange": [
          5,
          8
        ],
        "importAreas": true,
        "importUnits": true,
        "importTriggers": true,
        "importMissionObjectives": true,
        "importWayPoints": true,
        "showAreas": true,
        "showUnits": true,
        "showTriggers": true,
        "showMissionObjectives": true,
        "showWayPoints": true,
        "excludes": {}
      },
      {
        "file": "gameData/missions/templates/units_sets/land_sets_aaa_bases/bdt_t1_ussr_rank_03.blk",
        "rankRange": [
          9,
          13
        ],
        "importAreas": true,
        "importUnits": true,
        "importTriggers": true,
        "importMissionObjectives": true,
        "importWayPoints": true,
        "showAreas": true,
        "showUnits": true,
        "showTriggers": true,
        "showMissionObjectives": true,
        "showWayPoints": true,
        "excludes": {}
      },
      {
        "file": "gameData/missions/templates/units_sets/land_sets_aaa_bases/bdt_t1_ussr_rank_04.blk",
        "rankRange": [
          14,
          19
        ],
        "importAreas": true,
        "importUnits": true,
        "importTriggers": true,
        "importMissionObjectives": true,
        "importWayPoints": true,
        "showAreas": true,
        "showUnits": true,
        "showTriggers": true,
        "showMissionObjectives": true,
        "showWayPoints": true,
        "excludes": {}
      },
      {
        "file": "gameData/missions/templates/units_sets/land_sets_aaa_bases/bdt_t1_ussr_rank_05.blk",
        "rankRange": [
          20,
          24
        ],
        "importAreas": true,
        "importUnits": true,
        "importTriggers": true,
        "importMissionObjectives": true,
        "importWayPoints": true,
        "showAreas": true,
        "showUnits": true,
        "showTriggers": true,
        "showMissionObjectives": true,
        "showWayPoints": true,
        "excludes": {}
      },
      {
        "file": "gameData/missions/templates/units_sets/land_sets_aaa_bases/bdt_t1_ussr_rank_06.blk",
        "rankRange": [
          25,
          50
        ],
        "importAreas": true,
        "importUnits": true,
        "importTriggers": true,
        "importMissionObjectives": true,
        "importWayPoints": true,
        "showAreas": true,
        "showUnits": true,
        "showTriggers": true,
        "showMissionObjectives": true,
        "showWayPoints": true,
        "excludes": {}
      },
      {
        "file": "gameData/missions/templates/units_sets/land_sets_aaa_bases/bdt_t2_germ_rank_01.blk",
        "rankRange": [
          0,
          4
        ],
        "importAreas": true,
        "importUnits": true,
        "importTriggers": true,
        "importMissionObjectives": true,
        "importWayPoints": true,
        "showAreas": true,
        "showUnits": true,
        "showTriggers": true,
        "showMissionObjectives": true,
        "showWayPoints": true,
        "excludes": {}
      },
      {
        "file": "gameData/missions/templates/units_sets/land_sets_aaa_bases/bdt_t2_germ_rank_02.blk",
        "rankRange": [
          5,
          8
        ],
        "importAreas": true,
        "importUnits": true,
        "importTriggers": true,
        "importMissionObjectives": true,
        "importWayPoints": true,
        "showAreas": true,
        "showUnits": true,
        "showTriggers": true,
        "showMissionObjectives": true,
        "showWayPoints": true,
        "excludes": {}
      },
      {
        "file": "gameData/missions/templates/units_sets/land_sets_aaa_bases/bdt_t2_germ_rank_03.blk",
        "rankRange": [
          9,
          13
        ],
        "importAreas": true,
        "importUnits": true,
        "importTriggers": true,
        "importMissionObjectives": true,
        "importWayPoints": true,
        "showAreas": true,
        "showUnits": true,
        "showTriggers": true,
        "showMissionObjectives": true,
        "showWayPoints": true,
        "excludes": {}
      },
      {
        "file": "gameData/missions/templates/units_sets/land_sets_aaa_bases/bdt_t2_germ_rank_04.blk",
        "rankRange": [
          14,
          19
        ],
        "importAreas": true,
        "importUnits": true,
        "importTriggers": true,
        "importMissionObjectives": true,
        "importWayPoints": true,
        "showAreas": true,
        "showUnits": true,
        "showTriggers": true,
        "showMissionObjectives": true,
        "showWayPoints": true,
        "excludes": {}
      },
      {
        "file": "gameData/missions/templates/units_sets/land_sets_aaa_bases/bdt_t2_germ_rank_05.blk",
        "rankRange": [
          20,
          24
        ],
        "importAreas": true,
        "importUnits": true,
        "importTriggers": true,
        "importMissionObjectives": true,
        "importWayPoints": true,
        "showAreas": true,
        "showUnits": true,
        "showTriggers": true,
        "showMissionObjectives": true,
        "showWayPoints": true,
        "excludes": {}
      },
      {
        "file": "gameData/missions/templates/units_sets/land_sets_aaa_bases/bdt_t2_germ_rank_06.blk",
        "rankRange": [
          25,
          50
        ],
        "importAreas": true,
        "importUnits": true,
        "importTriggers": true,
        "importMissionObjectives": true,
        "importWayPoints": true,
        "showAreas": true,
        "showUnits": true,
        "showTriggers": true,
        "showMissionObjectives": true,
        "showWayPoints": true,
        "excludes": {}
      }
    ]
  },
  "triggers": {
    "isCategory": true,
    "is_enabled": true,
    "bdt_part_init": {
      "is_enabled": true,
      "comments": "",
      "props": {
        "actionsType": "PERFORM_ONE_BY_ONE",
        "conditionsType": "ALL",
        "enableAfterComplete": false
      },
      "events": {
        "initMission": {}
      },
      "conditions": {},
      "actions": {
        "comment": [
          {
            "value": "ukazyvaem maksimal'noe kolichestvo baz +1"
          },
          {
            "value": "govorim chto shablon sam sebya restartit"
          }
        ],
        "varSetInt": [
          {
            "value": 21,
            "var": "bdt_t1_total_bases_max_count"
          },
          {
            "value": 21,
            "var": "bdt_t2_total_bases_max_count"
          }
        ],
        "varSetBool": {
          "value": true,
          "var": "bdt_self_restart"
        }
      },
      "else_actions": {}
    }
  },
  "mission_objectives": {
    "isCategory": true,
    "is_enabled": true
  },
  "variables": {},
  "dialogs": {},
  "airfields": {},
  "effects": {},
  "units": {
    "objectGroups": [
      {
        "name": "bdt_t1_bomb_object_01",
        "tm": [
          [
            0.793354,
            0.0,
            0.608761
          ],
          [
            0.0,
            1.0,
            0.0
          ],
          [
            -0.608761,
            0.0,
            0.793354
          ],
          [
            14329.8,
            170.135,
            -25781.3
          ]
        ],
        "unit_class": "dynBase_ammunition_camp_square",
        "objLayer": 2,
        "props": {
          "army": 1,
          "active": false
        }
      },
      {
        "name": "bdt_t1_bomb_object_02",
        "tm": [
          [
            0.996195,
            0.0,
            0.0871557
          ],
          [
            0.0,
            1.0,
            0.0
          ],
          [
            -0.0871557,
            0.0,
            0.996195
          ],
          [
            6688.2,
            156.806,
            -14699.7
          ]
        ],
        "unit_class": "dynBase_ammunition_camp_square",
        "objLayer": 2,
        "props": {
          "army": 1,
          "active": false
        }
      },
      {
        "name": "bdt_t1_bomb_object_03",
        "tm": [
          [
            0.766045,
            0.0,
            0.642788
          ],
          [
            0.0,
            1.0,
            0.0
          ],
          [
            -0.642788,
            0.0,
            0.766045
          ],
          [
            9057.94,
            166.458,
            -22422.4
          ]
        ],
        "unit_class": "dynBase_ammunition_camp_square",
        "objLayer": 2,
        "props": {
          "army": 1,
          "active": false
        }
      },
      {
        "name": "bdt_t1_bomb_object_04",
        "tm": [
          [
            0.906308,
            0.0,
            0.422618
          ],
          [
            0.0,
            1.0,
            0.0
          ],
          [
            -0.422618,
            0.0,
            0.906308
          ],
          [
            11916.6,
            165.991,
            -6136.07
          ]
        ],
        "unit_class": "dynBase_ammunition_camp_square",
        "objLayer": 2,
        "props": {
          "army": 1,
          "active": false
        }
      },
      {
        "name": "bdt_t1_bomb_object_05",
        "tm": [
          [
            0.793354,
            0.0,
            0.608761
          ],
          [
            0.0,
            1.0,
            0.0
          ],
          [
            -0.608761,
            0.0,
            0.793354
          ],
          [
            18811.0,
            209.781,
            6106.52
          ]
        ],
        "unit_class": "dynBase_ammunition_camp_square",
        "objLayer": 2,
        "props": {
          "army": 1,
          "active": false
        }
      },
      {
        "name": "bdt_t1_bomb_object_06",
        "tm": [
          [
            0.984808,
            0.0,
            0.173648
          ],
          [
            0.0,
            1.0,
            0.0
          ],
          [
            -0.173648,
            0.0,
            0.984808
          ],
          [
            11331.5,
            123.216,
            6635.25
          ]
        ],
        "unit_class": "dynBase_ammunition_camp_square",
        "objLayer": 2,
        "props": {
          "army": 1,
          "active": false
        }
      },
      {
        "name": "bdt_t1_bomb_object_07",
        "tm": [
          [
            0.793353,
            0.0,
            0.608761
          ],
          [
            0.0,
            1.0,
            0.0
          ],
          [
            -0.608761,
            0.0,
            0.793353
          ],
          [
            18764.5,
            189.608,
            20875.6
          ]
        ],
        "unit_class": "dynBase_ammunition_camp_square",
        "objLayer": 2,
        "props": {
          "army": 1,
          "active": false
        }
      },
      {
        "name": "bdt_t1_bomb_object_08",
        "tm": [
          [
            0.793353,
            0.0,
            0.608761
          ],
          [
            0.0,
            1.0,
            0.0
          ],
          [
            -0.608761,
            0.0,
            0.793353
          ],
          [
            24969.3,
            140.387,
            20718.1
          ]
        ],
        "unit_class": "dynBase_ammunition_camp_square",
        "objLayer": 2,
        "props": {
          "army": 1,
          "active": false
        }
      },
      {
        "name": "bdt_t2_bomb_object_01",
        "tm": [
          [
            0.793354,
            0.0,
            0.608762
          ],
          [
            0.0,
            1.0,
            0.0
          ],
          [
            -0.608762,
            0.0,
            0.793354
          ],
          [
            -22425.4,
            195.089,
            -12706.7
          ]
        ],
        "unit_class": "dynBase_ammunition_camp_square",
        "objLayer": 2,
        "props": {
          "army": 2,
          "active": false
        }
      },
      {
        "name": "bdt_t2_bomb_object_02",
        "tm": [
          [
            0.793354,
            0.0,
            0.608762
          ],
          [
            0.0,
            1.0,
            0.0
          ],
          [
            -0.608762,
            0.0,
            0.793354
          ],
          [
            -11622.5,
            186.138,
            3897.02
          ]
        ],
        "unit_class": "dynBase_ammunition_camp_square",
        "objLayer": 2,
        "props": {
          "army": 2,
          "active": false
        }
      },
      {
        "name": "bdt_t2_bomb_object_03",
        "tm": [
          [
            0.819153,
            0.0,
            0.573577
          ],
          [
            0.0,
            1.0,
            0.0
          ],
          [
            -0.573577,
            0.0,
            0.819153
          ],
          [
            -7336.94,
            89.0688,
            -25008.5
          ]
        ],
        "unit_class": "dynBase_ammunition_camp_square",
        "objLayer": 2,
        "props": {
          "army": 2,
          "active": false
        }
      },
      {
        "name": "bdt_t2_bomb_object_04",
        "tm": [
          [
            0.999049,
            0.0,
            0.0436195
          ],
          [
            0.0,
            1.0,
            0.0
          ],
          [
            -0.0436195,
            0.0,
            0.999049
          ],
          [
            -22226.8,
            129.41,
            -6462.71
          ]
        ],
        "unit_class": "dynBase_ammunition_camp_square",
        "objLayer": 2,
        "props": {
          "army": 2,
          "active": false
        }
      },
      {
        "name": "bdt_t2_bomb_object_05",
        "tm": [
          [
            0.996196,
            0.0,
            -0.0871557
          ],
          [
            0.0,
            1.0,
            0.0
          ],
          [
            0.0871557,
            0.0,
            0.996196
          ],
          [
            -8434.5,
            82.5968,
            14442.9
          ]
        ],
        "unit_class": "dynBase_ammunition_camp_square",
        "objLayer": 2,
        "props": {
          "army": 2,
          "active": false
        }
      },
      {
        "name": "bdt_t2_bomb_object_06",
        "tm": [
          [
            0.843392,
            0.0,
            0.5373
          ],
          [
            0.0,
            1.0,
            0.0
          ],
          [
            -0.5373,
            0.0,
            0.843392
          ],
          [
            -8426.04,
            112.521,
            -13161.0
          ]
        ],
        "unit_class": "dynBase_ammunition_camp_square",
        "objLayer": 2,
        "props": {
          "army": 2,
          "active": false
        }
      },
      {
        "name": "bdt_t2_bomb_object_07",
        "tm": [
          [
            0.866026,
            0.0,
            0.5
          ],
          [
            0.0,
            1.0,
            0.0
          ],
          [
            -0.5,
            0.0,
            0.866026
          ],
          [
            -10660.3,
            122.307,
            -4388.62
          ]
        ],
        "unit_class": "dynBase_ammunition_camp_square",
        "objLayer": 2,
        "props": {
          "army": 2,
          "active": false
        }
      },
      {
        "name": "bdt_t2_bomb_object_08",
        "tm": [
          [
            0.999049,
            0.0,
            0.0436188
          ],
          [
            0.0,
            1.0,
            0.0
          ],
          [
            -0.0436188,
            0.0,
            0.999049
          ],
          [
            -17687.3,
            80.988,
            3015.61
          ]
        ],
        "unit_class": "dynBase_ammunition_camp_square",
        "objLayer": 2,
        "props": {
          "army": 2,
          "active": false
        }
      },
      {
        "name": "bdt_t2_bomb_object_09",
        "tm": [
          [
            0.92388,
            0.0,
            0.382684
          ],
          [
            0.0,
            1.0,
            0.0
          ],
          [
            -0.382684,
            0.0,
            0.92388
          ],
          [
            -13606.1,
            200.128,
            -18415.3
          ]
        ],
        "unit_class": "dynBase_ammunition_camp_square",
        "objLayer": 2,
        "props": {
          "army": 2,
          "active": false
        }
      },
      {
        "name": "bdt_t2_bomb_object_10",
        "tm": [
          [
            1.0,
            0.0,
            8.9407e-8
          ],
          [
            0.0,
            1.0,
            0.0
          ],
          [
            -8.9407e-8,
            0.0,
            1.0
          ],
          [
            -19326.8,
            75.4,
            -19482.2
          ]
        ],
        "unit_class": "dynBase_ammunition_camp_square",
        "objLayer": 2,
        "props": {
          "army": 2,
          "active": false
        }
      },
      {
        "name": "bdt_t1_bomb_object_09",
        "tm": [
          [
            0.996195,
            0.0,
            0.0871551
          ],
          [
            0.0,
            1.0,
            0.0
          ],
          [
            -0.0871551,
            0.0,
            0.996195
          ],
          [
            20753.1,
            162.383,
            -2032.7
          ]
        ],
        "unit_class": "dynBase_ammunition_camp_square",
        "objLayer": 2,
        "props": {
          "army": 1,
          "active": false
        }
      },
      {
        "name": "bdt_t1_bomb_object_10",
        "tm": [
          [
            0.843392,
            0.0,
            0.5373
          ],
          [
            0.0,
            1.0,
            0.0
          ],
          [
            -0.5373,
            0.0,
            0.843392
          ],
          [
            18496.1,
            49.3792,
            -17367.7
          ]
        ],
        "unit_class": "dynBase_ammunition_camp_square",
        "objLayer": 2,
        "props": {
          "army": 1,
          "active": false
        }
      },
      {
        "name": "bdt_t2_bomb_object_11",
        "tm": [
          [
            0.999049,
            0.0,
            0.0436195
          ],
          [
            0.0,
            1.0,
            0.0
          ],
          [
            -0.0436195,
            0.0,
            0.999049
          ],
          [
            -9043.11,
            129.41,
            22799.9
          ]
        ],
        "unit_class": "dynBase_ammunition_camp_square",
        "objLayer": 2,
        "props": {
          "army": 2,
          "active": false
        }
      },
      {
        "name": "bdt_t2_bomb_object_12",
        "tm": [
          [
            0.999049,
            0.0,
            0.0436195
          ],
          [
            0.0,
            1.0,
            0.0
          ],
          [
            -0.0436195,
            0.0,
            0.999049
          ],
          [
            -14727.9,
            129.41,
            21039.5
          ]
        ],
        "unit_class": "dynBase_ammunition_camp_square",
        "objLayer": 2,
        "props": {
          "army": 2,
          "active": false
        }
      },
      {
        "name": "bdt_t2_bomb_object_13",
        "tm": [
          [
            0.999049,
            0.0,
            0.0436195
          ],
          [
            0.0,
            1.0,
            0.0
          ],
          [
            -0.0436195,
            0.0,
            0.999049
          ],
          [
            -16042.1,
            78.3797,
            15274.1
          ]
        ],
        "unit_class": "dynBase_ammunition_camp_square",
        "objLayer": 2,
        "props": {
          "army": 2,
          "active": false
        }
      },
      {
        "name": "bdt_t2_bomb_object_14",
        "tm": [
          [
            0.999049,
            0.0,
            0.0436195
          ],
          [
            0.0,
            1.0,
            0.0
          ],
          [
            -0.0436195,
            0.0,
            0.999049
          ],
          [
            -17936.8,
            44.161,
            25828.4
          ]
        ],
        "unit_class": "dynBase_ammunition_camp_square",
        "objLayer": 2,
        "props": {
          "army": 2,
          "active": false
        }
      },
      {
        "name": "bdt_t2_bomb_object_15",
        "tm": [
          [
            0.999049,
            0.0,
            0.0436195
          ],
          [
            0.0,
            1.0,
            0.0
          ],
          [
            -0.0436195,
            0.0,
            0.999049
          ],
          [
            -19981.0,
            112.135,
            28664.7
          ]
        ],
        "unit_class": "dynBase_ammunition_camp_square",
        "objLayer": 2,
        "props": {
          "army": 2,
          "active": false
        }
      },
      {
        "name": "bdt_t2_bomb_object_16",
        "tm": [
          [
            0.999049,
            0.0,
            0.0436195
          ],
          [
            0.0,
            1.0,
            0.0
          ],
          [
            -0.0436195,
            0.0,
            0.999049
          ],
          [
            -20733.5,
            112.138,
            17145.1
          ]
        ],
        "unit_class": "dynBase_ammunition_camp_square",
        "objLayer": 2,
        "props": {
          "army": 2,
          "active": false
        }
      },
      {
        "name": "bdt_t2_bomb_object_17",
        "tm": [
          [
            0.999049,
            0.0,
            0.0436195
          ],
          [
            0.0,
            1.0,
            0.0
          ],
          [
            -0.0436195,
            0.0,
            0.999049
          ],
          [
            -14981.0,
            178.688,
            8802.72
          ]
        ],
        "unit_class": "dynBase_ammunition_camp_square",
        "objLayer": 2,
        "props": {
          "army": 2,
          "active": false
        }
      },
      {
        "name": "bdt_t2_bomb_object_18",
        "tm": [
          [
            0.999049,
            0.0,
            0.0436195
          ],
          [
            0.0,
            1.0,
            0.0
          ],
          [
            -0.0436195,
            0.0,
            0.999049
          ],
          [
            -19874.2,
            104.481,
            4553.08
          ]
        ],
        "unit_class": "dynBase_ammunition_camp_square",
        "objLayer": 2,
        "props": {
          "army": 2,
          "active": false
        }
      },
      {
        "name": "bdt_t2_bomb_object_19",
        "tm": [
          [
            0.999049,
            0.0,
            0.0436195
          ],
          [
            0.0,
            1.0,
            0.0
          ],
          [
            -0.0436195,
            0.0,
            0.999049
          ],
          [
            -15061.7,
            104.481,
            -7212.19
          ]
        ],
        "unit_class": "dynBase_ammunition_camp_square",
        "objLayer": 2,
        "props": {
          "army": 2,
          "active": false
        }
      },
      {
        "name": "bdt_t2_bomb_object_20",
        "tm": [
          [
            0.999049,
            0.0,
            0.0436195
          ],
          [
            0.0,
            1.0,
            0.0
          ],
          [
            -0.0436195,
            0.0,
            0.999049
          ],
          [
            -15748.6,
            157.034,
            -23845.0
          ]
        ],
        "unit_class": "dynBase_ammunition_camp_square",
        "objLayer": 2,
        "props": {
          "army": 2,
          "active": false
        }
      },
      {
        "name": "bdt_t1_bomb_object_11",
        "tm": [
          [
            0.793354,
            0.0,
            0.608761
          ],
          [
            0.0,
            1.0,
            0.0
          ],
          [
            -0.608761,
            0.0,
            0.793354
          ],
          [
            18253.9,
            116.979,
            -28443.8
          ]
        ],
        "unit_class": "dynBase_ammunition_camp_square",
        "objLayer": 2,
        "props": {
          "army": 1,
          "active": false
        }
      },
      {
        "name": "bdt_t1_bomb_object_12",
        "tm": [
          [
            0.793354,
            0.0,
            0.608761
          ],
          [
            0.0,
            1.0,
            0.0
          ],
          [
            -0.608761,
            0.0,
            0.793354
          ],
          [
            21889.4,
            74.3613,
            -26578.8
          ]
        ],
        "unit_class": "dynBase_ammunition_camp_square",
        "objLayer": 2,
        "props": {
          "army": 1,
          "active": false
        }
      },
      {
        "name": "bdt_t1_bomb_object_13",
        "tm": [
          [
            0.793354,
            0.0,
            0.608761
          ],
          [
            0.0,
            1.0,
            0.0
          ],
          [
            -0.608761,
            0.0,
            0.793354
          ],
          [
            22428.6,
            87.6035,
            -12479.4
          ]
        ],
        "unit_class": "dynBase_ammunition_camp_square",
        "objLayer": 2,
        "props": {
          "army": 1,
          "active": false
        }
      },
      {
        "name": "bdt_t1_bomb_object_14",
        "tm": [
          [
            0.793354,
            0.0,
            0.608761
          ],
          [
            0.0,
            1.0,
            0.0
          ],
          [
            -0.608761,
            0.0,
            0.793354
          ],
          [
            19322.5,
            155.461,
            -10404.2
          ]
        ],
        "unit_class": "dynBase_ammunition_camp_square",
        "objLayer": 2,
        "props": {
          "army": 1,
          "active": false
        }
      },
      {
        "name": "bdt_t1_bomb_object_15",
        "tm": [
          [
            0.793354,
            0.0,
            0.608761
          ],
          [
            0.0,
            1.0,
            0.0
          ],
          [
            -0.608761,
            0.0,
            0.793354
          ],
          [
            7714.25,
            46.3936,
            14998.6
          ]
        ],
        "unit_class": "dynBase_ammunition_camp_square",
        "objLayer": 2,
        "props": {
          "army": 1,
          "active": false
        }
      },
      {
        "name": "bdt_t1_bomb_object_16",
        "tm": [
          [
            0.793354,
            0.0,
            0.608761
          ],
          [
            0.0,
            1.0,
            0.0
          ],
          [
            -0.608761,
            0.0,
            0.793354
          ],
          [
            12287.5,
            196.846,
            22893.5
          ]
        ],
        "unit_class": "dynBase_ammunition_camp_square",
        "objLayer": 2,
        "props": {
          "army": 1,
          "active": false
        }
      },
      {
        "name": "bdt_t1_bomb_object_17",
        "tm": [
          [
            0.793354,
            0.0,
            0.608761
          ],
          [
            0.0,
            1.0,
            0.0
          ],
          [
            -0.608761,
            0.0,
            0.793354
          ],
          [
            14633.3,
            134.083,
            17468.4
          ]
        ],
        "unit_class": "dynBase_ammunition_camp_square",
        "objLayer": 2,
        "props": {
          "army": 1,
          "active": false
        }
      },
      {
        "name": "bdt_t1_bomb_object_18",
        "tm": [
          [
            0.793354,
            0.0,
            0.608761
          ],
          [
            0.0,
            1.0,
            0.0
          ],
          [
            -0.608761,
            0.0,
            0.793354
          ],
          [
            15596.0,
            159.549,
            26621.6
          ]
        ],
        "unit_class": "dynBase_ammunition_camp_square",
        "objLayer": 2,
        "props": {
          "army": 1,
          "active": false
        }
      },
      {
        "name": "bdt_t1_bomb_object_19",
        "tm": [
          [
            0.793354,
            0.0,
            0.608761
          ],
          [
            0.0,
            1.0,
            0.0
          ],
          [
            -0.608761,
            0.0,
            0.793354
          ],
          [
            7415.96,
            193.91,
            2890.51
          ]
        ],
        "unit_class": "dynBase_ammunition_camp_square",
        "objLayer": 2,
        "props": {
          "army": 1,
          "active": false
        }
      },
      {
        "name": "bdt_t1_bomb_object_20",
        "tm": [
          [
            0.793354,
            0.0,
            0.608761
          ],
          [
            0.0,
            1.0,
            0.0
          ],
          [
            -0.608761,
            0.0,
            0.793354
          ],
          [
            10172.4,
            190.406,
            -15958.6
          ]
        ],
        "unit_class": "dynBase_ammunition_camp_square",
        "objLayer": 2,
        "props": {
          "army": 1,
          "active": false
        }
      }
    ],
    "armada": {
      "name": "bdt_armada",
      "tm": [
        [
          1.0,
          0.0,
          0.0
        ],
        [
          0.0,
          1.0,
          0.0
        ],
        [
          0.0,
          0.0,
          1.0
        ],
        [
          -1691.98,
          1388.0,
          -4126.78
        ]
      ],
      "unit_class": "b-17g",
      "objLayer": 1,
      "closed_waypoints": false,
      "isShipSpline": false,
      "shipTurnRadius": 100.0,
      "weapons": "B17G_8x1000lbs",
      "bullets0": "",
      "bullets1": "",
      "bullets2": "",
      "bullets3": "",
      "bulletsCount0": 0,
      "bulletsCount1": 0,
      "bulletsCount2": 0,
      "bulletsCount3": 0,
      "crewSkillK": 0.0,
      "applyAllMods": false,
      "props": {
        "army": 2,
        "count": 1,
        "free_distance": 70.0,
        "floating_distance": 50.0,
        "minimum_distance_to_earth": 20.0,
        "altLimit": 6000.0,
        "attack_type": "fire_at_will",
        "skill": 4,
        "plane": {
          "wing_formation": "Diamond",
          "row_distances": 3.0,
          "col_distances": 3.0,
          "super_formation": "Diamond",
          "super_row_distances": 1.5,
          "super_col_distances": 1.5,
          "ai_skill": "NORMAL",
          "task": "FLY_WAYPOINT"
        }
      },
      "way": {}
    }
  },
  "areas": {
    "bdt_t1_bomb_zone_01": {
      "type": "Sphere",
      "tm": [
        [
          421.696,
          0.0,
          268.65
        ],
        [
          0.0,
          500.0,
          0.0
        ],
        [
          -268.65,
          0.0,
          421.696
        ],
        [
          14332.2,
          170.218,
          -25777.2
        ]
      ],
      "objLayer": 0,
      "props": {}
    },
    "bdt_t1_bomb_zone_02": {
      "type": "Sphere",
      "tm": [
        [
          500.0,
          0.0,
          0.0
        ],
        [
          0.0,
          500.0,
          0.0
        ],
        [
          0.0,
          0.0,
          500.0
        ],
        [
          6687.3,
          156.556,
          -14696.8
        ]
      ],
      "objLayer": 0,
      "props": {}
    },
    "bdt_t1_bomb_zone_03": {
      "type": "Sphere",
      "tm": [
        [
          409.576,
          0.0,
          286.788
        ],
        [
          0.0,
          500.0,
          0.0
        ],
        [
          -286.788,
          0.0,
          409.576
        ],
        [
          9063.59,
          166.11,
          -22442.8
        ]
      ],
      "objLayer": 0,
      "props": {}
    },
    "bdt_t1_bomb_zone_04": {
      "type": "Sphere",
      "tm": [
        [
          500.0,
          0.0,
          0.0
        ],
        [
          0.0,
          500.0,
          0.0
        ],
        [
          0.0,
          0.0,
          500.0
        ],
        [
          11924.9,
          175.668,
          -6132.12
        ]
      ],
      "objLayer": 0,
      "props": {}
    },
    "bdt_t1_bomb_zone_05": {
      "type": "Sphere",
      "tm": [
        [
          488.148,
          0.0,
          108.22
        ],
        [
          0.0,
          500.0,
          0.0
        ],
        [
          -108.22,
          0.0,
          488.148
        ],
        [
          18812.7,
          216.955,
          6103.62
        ]
      ],
      "objLayer": 0,
      "props": {}
    },
    "bdt_t1_bomb_zone_06": {
      "type": "Sphere",
      "tm": [
        [
          500.0,
          0.0,
          0.0
        ],
        [
          0.0,
          500.0,
          0.0
        ],
        [
          0.0,
          0.0,
          500.0
        ],
        [
          11328.0,
          118.129,
          6638.25
        ]
      ],
      "objLayer": 0,
      "props": {}
    },
    "bdt_t1_bomb_zone_07": {
      "type": "Sphere",
      "tm": [
        [
          500.0,
          0.0,
          0.0
        ],
        [
          0.0,
          500.0,
          0.0
        ],
        [
          0.0,
          0.0,
          500.0
        ],
        [
          18773.2,
          189.912,
          20873.5
        ]
      ],
      "objLayer": 0,
      "props": {}
    },
    "bdt_t1_bomb_zone_08": {
      "type": "Sphere",
      "tm": [
        [
          500.0,
          0.0,
          0.0
        ],
        [
          0.0,
          500.0,
          0.0
        ],
        [
          0.0,
          0.0,
          500.0
        ],
        [
          24975.7,
          139.426,
          20716.5
        ]
      ],
      "objLayer": 0,
      "props": {}
    },
    "bdt_t2_bomb_zone_01": {
      "type": "Sphere",
      "tm": [
        [
          500.0,
          0.0,
          0.0
        ],
        [
          0.0,
          500.0,
          0.0
        ],
        [
          0.0,
          0.0,
          500.0
        ],
        [
          -22416.4,
          96.3222,
          -12712.1
        ]
      ],
      "objLayer": 0,
      "props": {}
    },
    "bdt_t2_bomb_zone_02": {
      "type": "Sphere",
      "tm": [
        [
          500.0,
          0.0,
          0.0
        ],
        [
          0.0,
          500.0,
          0.0
        ],
        [
          0.0,
          0.0,
          500.0
        ],
        [
          -11630.0,
          165.847,
          3897.12
        ]
      ],
      "objLayer": 0,
      "props": {}
    },
    "bdt_t2_bomb_zone_03": {
      "type": "Sphere",
      "tm": [
        [
          499.524,
          0.0,
          -21.8097
        ],
        [
          0.0,
          500.0,
          0.0
        ],
        [
          21.8097,
          0.0,
          499.524
        ],
        [
          -7329.54,
          90.0429,
          -25019.9
        ]
      ],
      "objLayer": 0,
      "props": {}
    },
    "bdt_t2_bomb_zone_04": {
      "type": "Sphere",
      "tm": [
        [
          409.576,
          0.0,
          -286.788
        ],
        [
          0.0,
          500.0,
          0.0
        ],
        [
          286.788,
          0.0,
          409.576
        ],
        [
          -22215.0,
          88.7551,
          -6468.83
        ]
      ],
      "objLayer": 0,
      "props": {}
    },
    "bdt_t2_bomb_zone_05": {
      "type": "Sphere",
      "tm": [
        [
          368.639,
          0.0,
          -337.795
        ],
        [
          0.0,
          500.0,
          0.0
        ],
        [
          337.795,
          0.0,
          368.639
        ],
        [
          -8427.34,
          83.1926,
          14442.6
        ]
      ],
      "objLayer": 0,
      "props": {}
    },
    "bdt_t2_bomb_zone_06": {
      "type": "Sphere",
      "tm": [
        [
          476.858,
          0.0,
          -150.353
        ],
        [
          0.0,
          500.0,
          0.0
        ],
        [
          150.353,
          0.0,
          476.858
        ],
        [
          -8422.89,
          111.873,
          -13153.5
        ]
      ],
      "objLayer": 0,
      "props": {}
    },
    "bdt_t2_bomb_zone_07": {
      "type": "Sphere",
      "tm": [
        [
          500.0,
          0.0,
          0.0
        ],
        [
          0.0,
          500.0,
          0.0
        ],
        [
          0.0,
          0.0,
          500.0
        ],
        [
          -10671.4,
          123.852,
          -4366.51
        ]
      ],
      "objLayer": 0,
      "props": {}
    },
    "bdt_t2_bomb_zone_08": {
      "type": "Sphere",
      "tm": [
        [
          383.022,
          0.0,
          -321.394
        ],
        [
          0.0,
          500.0,
          0.0
        ],
        [
          321.394,
          0.0,
          383.022
        ],
        [
          -17691.3,
          60.1933,
          3029.91
        ]
      ],
      "objLayer": 0,
      "props": {}
    },
    "bdt_t2_bomb_zone_09": {
      "type": "Sphere",
      "tm": [
        [
          482.963,
          0.0,
          -129.41
        ],
        [
          0.0,
          500.0,
          0.0
        ],
        [
          129.41,
          0.0,
          482.963
        ],
        [
          -13619.6,
          160.889,
          -18409.5
        ]
      ],
      "objLayer": 0,
      "props": {}
    },
    "bdt_t2_bomb_zone_10": {
      "type": "Sphere",
      "tm": [
        [
          396.677,
          0.0,
          -304.381
        ],
        [
          0.0,
          500.0,
          0.0
        ],
        [
          304.381,
          0.0,
          396.677
        ],
        [
          -19290.1,
          75.8888,
          -19457.3
        ]
      ],
      "objLayer": 0,
      "props": {}
    },
    "bdt_t1_bomb_zone_09": {
      "type": "Sphere",
      "tm": [
