{
  "selected_tag": "",
  "bin_dump_file": "",
  "mission_settings": {
    "player": {
      "army": 1
    },
    "player_teamB": {
      "army": 2
    },
    "mission": {
      "type": "singleMission",
      "level": "levels/water.bin",
      "environment": "Day",
      "weather": "hazy",
      "restoreType": "attempts",
      "optionalTakeOff": false
    },
    "spectator_points": []
  },
  "imports": [],
  "triggers": {
    "isCategory": true,
    "is_enabled": true
  },
  "mission_objectives": {
    "isCategory": true,
    "is_enabled": true
  },
  "variables": [],
  "dialogs": [],
  "airfields": [],
  "effects": [],
  "units": [
    {
      "objectGroups": {
        "name": "t1_helipad",
        "tm": [
          [0.76735,0.0,-0.641228],
          [0.0,1.0,0.0],
          [0.641228,0.0,0.76735],
          [3323.74,60.6304,-2405.87]
        ],
        "unit_class": "dynHelipad_beton_a_ussr",
        "objLayer": 2,
        "props": {
          "army": 1,
          "isDelayed": true,
          "active": true
        }
      }
    },
    {
      "objectGroups": {
        "name": "t1_helipad_farspawn",
        "tm": [
          [0.747058,0.0,-0.664758],
          [0.0,1.0,0.0],
          [0.664758,0.0,0.747058],
          [9388.81,67.3348,-8580.68]
        ],
        "unit_class": "dynHelipad_beton_b_ussr",
        "objLayer": 2,
        "props": {
          "army": 1,
          "isDelayed": true,
          "active": true
        }
      }
    },
    {
      "objectGroups": {
        "name": "t2_helipad",
        "tm": [
          [-0.762937,0.0,0.646472],
          [0.0,1.0,0.0],
          [-0.646472,0.0,-0.762937],
          [-3091.15,61.5461,2534.4]
        ],
        "unit_class": "dynHelipad_beton_a_usa",
        "objLayer": 2,
        "props": {
          "army": 2,
          "isDelayed": true,
          "active": true
        }
      }
    },
    {
      "objectGroups": {
        "name": "t2_helipad_farspawn",
        "tm": [
          [-0.711785,0.0,0.702399],
          [0.0,1.0,0.0],
          [-0.702399,0.0,-0.711785],
          [-9204.81,68.3708,8820.75]
        ],
        "unit_class": "dynHelipad_beton_b_usa",
        "objLayer": 2,
        "props": {
          "army": 2,
          "isDelayed": true,
          "active": true
        }
      }
    },
    {
      "air_defence": {
        "name": "t2_helipad_defence_01",
        "tm": [
          [0.888487,0.0,-0.458901],
          [0.0,1.0,0.0],
          [0.458901,0.0,0.888487],
          [-2875.96,61.264,2571.02]
        ],
        "unit_class": "germ_20mm_flak38_helipad",
        "objLayer": 1,
        "closed_waypoints": false,
        "isShipSpline": false,
        "shipTurnRadius": 100.0,
        "weapons": "",
        "bullets0": "",
        "bullets1": "",
        "bullets2": "",
        "bullets3": "",
        "bulletsCount0": 0,
        "bulletsCount1": 0,
        "bulletsCount2": 0,
        "bulletsCount3": 0,
        "crewSkillK": 0.0,
        "props": {
          "army": 2,
          "count": 1,
          "formation_type": "rows",
          "formation_div": 3,
          "formation_step": [2.5,2.0],
          "formation_noise": [0.1,0.1],
          "uniqueName": "",
          "attack_type": "fire_at_will"
        },
        "way": []
      }
    },
    {
      "air_defence": {
        "name": "t2_helipad_defence_02",
        "tm": [
          [0.888487,0.0,-0.458901],
          [0.0,1.0,0.0],
          [0.458901,0.0,0.888487],
          [-3038.36,61.264,2362.36]
        ],
        "unit_class": "germ_20mm_flak38_helipad",
        "objLayer": 1,
        "closed_waypoints": false,
        "isShipSpline": false,
        "shipTurnRadius": 100.0,
        "weapons": "",
        "bullets0": "",
        "bullets1": "",
        "bullets2": "",
        "bullets3": "",
        "bulletsCount0": 0,
        "bulletsCount1": 0,
        "bulletsCount2": 0,
        "bulletsCount3": 0,
        "crewSkillK": 0.0,
        "props": {
          "army": 2,
          "count": 1,
          "formation_type": "rows",
          "formation_div": 3,
          "formation_step": [2.5,2.0],
          "formation_noise": [0.1,0.1],
          "uniqueName": "",
          "attack_type": "fire_at_will"
        },
        "way": []
      }
    },
    {
      "air_defence": {
        "name": "t2_helipad_defence_03",
        "tm": [
          [0.888487,0.0,-0.458901],
          [0.0,1.0,0.0],
          [0.458901,0.0,0.888487],
          [-3243.49,61.264,2508.21]
        ],
        "unit_class": "germ_20mm_flak38_helipad",
        "objLayer": 1,
        "closed_waypoints": false,
        "isShipSpline": false,
        "shipTurnRadius": 100.0,
        "weapons": "",
        "bullets0": "",
        "bullets1": "",
        "bullets2": "",
        "bullets3": "",
        "bulletsCount0": 0,
        "bulletsCount1": 0,
        "bulletsCount2": 0,
        "bulletsCount3": 0,
        "crewSkillK": 0.0,
        "props": {
          "army": 2,
          "count": 1,
          "formation_type": "rows",
          "formation_div": 3,
          "formation_step": [2.5,2.0],
          "formation_noise": [0.1,0.1],
          "uniqueName": "",
          "attack_type": "fire_at_will"
        },
        "way": []
      }
    },
    {
      "air_defence": {
        "name": "t2_helipad_defence_04",
        "tm": [
          [0.888487,0.0,-0.458901],
          [0.0,1.0,0.0],
          [0.458901,0.0,0.888487],
          [-3114.58,61.264,2691.39]
        ],
        "unit_class": "germ_20mm_flak38_helipad",
        "objLayer": 1,
        "closed_waypoints": false,
        "isShipSpline": false,
        "shipTurnRadius": 100.0,
        "weapons": "",
        "bullets0": "",
        "bullets1": "",
        "bullets2": "",
        "bullets3": "",
        "bulletsCount0": 0,
        "bulletsCount1": 0,
        "bulletsCount2": 0,
        "bulletsCount3": 0,
        "crewSkillK": 0.0,
        "props": {
          "army": 2,
          "count": 1,
          "formation_type": "rows",
          "formation_div": 3,
          "formation_step": [2.5,2.0],
          "formation_noise": [0.1,0.1],
          "uniqueName": "",
          "attack_type": "fire_at_will"
        },
        "way": []
      }
    },
    {
      "squad": {
        "name": "t2_helipad_aaa_squad",
        "tm": [
          [1.0,0.0,0.0],
          [0.0,1.0,0.0],
          [0.0,0.0,1.0],
          [-3068.1,61.264,2533.24]
        ],
        "props": [
          {
            "object_marking": 0
          },
          {
            "squad_members": "t2_helipad_defence_04"
          },
          {
            "squad_members": "t2_helipad_defence_03"
          },
          {
            "squad_members": "t2_helipad_defence_02"
          },
          {
            "squad_members": "t2_helipad_defence_01"
          }
        ]
      }
    },
    {
      "air_defence": {
        "name": "t1_helipad_defence_01",
        "tm": [
          [-0.809194,0.0,0.587542],
          [0.0,1.0,0.0],
          [-0.587542,0.0,-0.809194],
          [3272.18,61.264,-2261.6]
        ],
        "unit_class": "germ_20mm_flak38_helipad",
        "objLayer": 1,
        "closed_waypoints": false,
        "isShipSpline": false,
        "shipTurnRadius": 100.0,
        "weapons": "",
        "bullets0": "",
        "bullets1": "",
        "bullets2": "",
        "bullets3": "",
        "bulletsCount0": 0,
        "bulletsCount1": 0,
        "bulletsCount2": 0,
        "bulletsCount3": 0,
        "crewSkillK": 0.0,
        "props": {
          "army": 1,
          "count": 1,
          "formation_type": "rows",
          "formation_div": 3,
          "formation_step": [2.5,2.0],
          "formation_noise": [0.1,0.1],
          "uniqueName": "",
          "attack_type": "fire_at_will"
        },
        "way": []
      }
    },
    {
      "air_defence": {
        "name": "t1_helipad_defence_02",
        "tm": [
          [-0.809194,0.0,0.587542],
          [0.0,1.0,0.0],
          [-0.587542,0.0,-0.809194],
          [3143.28,61.264,-2444.79]
        ],
        "unit_class": "germ_20mm_flak38_helipad",
        "objLayer": 1,
        "closed_waypoints": false,
        "isShipSpline": false,
        "shipTurnRadius": 100.0,
        "weapons": "",
        "bullets0": "",
        "bullets1": "",
        "bullets2": "",
        "bullets3": "",
        "bulletsCount0": 0,
        "bulletsCount1": 0,
        "bulletsCount2": 0,
        "bulletsCount3": 0,
        "crewSkillK": 0.0,
        "props": {
          "army": 1,
          "count": 1,
          "formation_type": "rows",
          "formation_div": 3,
          "formation_step": [2.5,2.0],
          "formation_noise": [0.1,0.1],
          "uniqueName": "",
          "attack_type": "fire_at_will"
        },
        "way": []
      }
    },
    {
      "air_defence": {
        "name": "t1_helipad_defence_03",
        "tm": [
          [-0.809194,0.0,0.587542],
          [0.0,1.0,0.0],
          [-0.587542,0.0,-0.809194],
          [3348.4,61.264,-2590.64]
        ],
        "unit_class": "germ_20mm_flak38_helipad",
        "objLayer": 1,
        "closed_waypoints": false,
        "isShipSpline": false,
        "shipTurnRadius": 100.0,
        "weapons": "",
        "bullets0": "",
        "bullets1": "",
        "bullets2": "",
        "bullets3": "",
        "bulletsCount0": 0,
        "bulletsCount1": 0,
        "bulletsCount2": 0,
        "bulletsCount3": 0,
        "crewSkillK": 0.0,
        "props": {
          "army": 1,
          "count": 1,
          "formation_type": "rows",
          "formation_div": 3,
          "formation_step": [2.5,2.0],
          "formation_noise": [0.1,0.1],
          "uniqueName": "",
          "attack_type": "fire_at_will"
        },
        "way": []
      }
    },
    {
      "air_defence": {
        "name": "t1_helipad_defence_04",
        "tm": [
          [-0.809194,0.0,0.587542],
          [0.0,1.0,0.0],
          [-0.587542,0.0,-0.809194],
          [3510.8,61.264,-2381.97]
        ],
        "unit_class": "germ_20mm_flak38_helipad",
        "objLayer": 1,
        "closed_waypoints": false,
        "isShipSpline": false,
        "shipTurnRadius": 100.0,
        "weapons": "",
        "bullets0": "",
        "bullets1": "",
        "bullets2": "",
        "bullets3": "",
        "bulletsCount0": 0,
        "bulletsCount1": 0,
        "bulletsCount2": 0,
        "bulletsCount3": 0,
        "crewSkillK": 0.0,
        "props": {
          "army": 1,
          "count": 1,
          "formation_type": "rows",
          "formation_div": 3,
          "formation_step": [2.5,2.0],
          "formation_noise": [0.1,0.1],
          "uniqueName": "",
          "attack_type": "fire_at_will"
        },
        "way": []
      }
    },
    {
      "squad": {
        "name": "t1_helipad_aaa_squad",
        "tm": [
          [1.0,0.0,0.0],
          [0.0,1.0,0.0],
          [0.0,0.0,1.0],
          [3318.67,61.264,-2419.75]
        ],
        "props": [
          {
            "object_marking": 0
          },
          {
            "squad_members": "t1_helipad_defence_01"
          },
          {
            "squad_members": "t1_helipad_defence_04"
          },
          {
            "squad_members": "t1_helipad_defence_03"
          },
          {
            "squad_members": "t1_helipad_defence_02"
          }
        ]
      }
    }
  ],
  "areas": {
    "heli_4000": {
      "type": "Sphere",
      "tm": [
        [-6186.48,0.0,5072.22],
        [0.0,8000.0,0.0],
        [-5072.22,0.0,-6186.48],
        [0.0,8.04883,0.0]
      ],
      "objLayer": 4,
      "props": []
    }
  },
  "objLayers": [
    {
      "layer": {
        "enabled": true
      }
    },
    {
      "layer": {
        "enabled": true
      }
    },
    {
      "layer": {
        "enabled": true
      }
    },
    {
      "layer": {
        "enabled": true
      }
    },
    {
      "layer": {
        "enabled": true
      }
    }
  ],
  "wayPoints": []
}