{
  "selected_tag": "",
  "bin_dump_file": "",
  "mission_settings": {
    "player": {
      "army": 1
    },
    "player_teamB": {
      "army": 2
    },
    "mission": {
      "type": "domination",
      "level": "levels/avg_volokolamsk.bin",
      "environment": "Day",
      "weather": "hazy"
    }
  },
  "imports": {},
  "triggers": {
    "isCategory": true,
    "is_enabled": true
  },
  "mission_objectives": {
    "isCategory": true,
    "is_enabled": true
  },
  "variables": {},
  "dialogs": {},
  "airfields": {},
  "effects": {},
  "units": {
    "area_squad": [
      {
        "name": "spawn_t1b02",
        "tm": [
          [
            0.843391,
            0.0,
            0.5373
          ],
          [
            0.0,
            1.0,
            0.0
          ],
          [
            -0.5373,
            0.0,
            0.843391
          ],
          [
            66.1752,
            59.3,
            -693.154
          ]
        ],
        "props": {
          "squad_members": [
            "spawn_point_01",
            "spawn_point_02",
            "spawn_point_03",
            "spawn_point_04",
            "spawn_point_05",
            "spawn_point_06",
            "spawn_point_07",
            "spawn_point_08",
            "spawn_point_09",
            "spawn_point_10",
            "spawn_point_11",
            "spawn_point_12",
            "spawn_point_13",
            "spawn_point_14",
            "spawn_point_15",
            "spawn_point_16"
          ]
        }
      },
      {
        "name": "spawn_t1b01",
        "tm": [
          [
            0.174618,
            0.0,
            0.984637
          ],
          [
            0.0,
            1.0,
            0.0
          ],
          [
            -0.984637,
            0.0,
            0.174618
          ],
          [
            -274.2,
            71.15,
            -218.8
          ]
        ],
        "props": {
          "squad_members": [
            "spawn_point_33",
            "spawn_point_34",
            "spawn_point_35",
            "spawn_point_36",
            "spawn_point_37",
            "spawn_point_38",
            "spawn_point_39",
            "spawn_point_40",
            "spawn_point_41",
            "spawn_point_42",
            "spawn_point_43",
            "spawn_point_44",
            "spawn_point_45",
            "spawn_point_46",
            "spawn_point_47",
            "spawn_point_32"
          ]
        }
      },
      {
        "name": "spawn_t2b02",
        "tm": [
          [
            0.984808,
            0.0,
            0.173648
          ],
          [
            0.0,
            1.0,
            0.0
          ],
          [
            -0.173648,
            0.0,
            0.984808
          ],
          [
            -1006.54,
            69.0201,
            90.7106
          ]
        ],
        "props": {
          "squad_members": [
            "spawn_point_64",
            "spawn_point_65",
            "spawn_point_66",
            "spawn_point_67",
            "spawn_point_68",
            "spawn_point_69",
            "spawn_point_70",
            "spawn_point_71",
            "spawn_point_72",
            "spawn_point_73",
            "spawn_point_74",
            "spawn_point_75",
            "spawn_point_76",
            "spawn_point_77",
            "spawn_point_78",
            "spawn_point_63"
          ]
        }
      },
      {
        "name": "spawn_t1a02",
        "tm": [
          [
            0.991472,
            0.0,
            -0.130319
          ],
          [
            0.0,
            1.0,
            0.0
          ],
          [
            0.130319,
            0.0,
            0.991472
          ],
          [
            -652.259,
            84.2621,
            647.394
          ]
        ],
        "props": {
          "squad_members": [
            "spawn_point_126",
            "spawn_point_127",
            "spawn_point_128",
            "spawn_point_129",
            "spawn_point_130",
            "spawn_point_131",
            "spawn_point_132",
            "spawn_point_133",
            "spawn_point_134",
            "spawn_point_135",
            "spawn_point_136",
            "spawn_point_137",
            "spawn_point_138",
            "spawn_point_139",
            "spawn_point_140",
            "spawn_point_125"
          ]
        }
      },
      {
        "name": "spawn_t2a01",
        "tm": [
          [
            0.973877,
            0.0,
            -0.227076
          ],
          [
            0.0,
            1.0,
            0.0
          ],
          [
            0.227076,
            0.0,
            0.973877
          ],
          [
            -97.7576,
            71.9846,
            1236.82
          ]
        ],
        "props": {
          "squad_members": [
            "spawn_point_95",
            "spawn_point_96",
            "spawn_point_97",
            "spawn_point_98",
            "spawn_point_99",
            "spawn_point_100",
            "spawn_point_101",
            "spawn_point_102",
            "spawn_point_103",
            "spawn_point_104",
            "spawn_point_105",
            "spawn_point_106",
            "spawn_point_107",
            "spawn_point_108",
            "spawn_point_109",
            "spawn_point_94"
          ]
        }
      },
      {
        "name": "spawn_t2a02",
        "tm": [
          [
            1.0,
            0.0,
            0.0
          ],
          [
            0.0,
            1.0,
            0.0
          ],
          [
            0.0,
            0.0,
            1.0
          ],
          [
            305.25,
            66.55,
            1468.7
          ]
        ],
        "props": {
          "squad_members": [
            "spawn_point_157",
            "spawn_point_158",
            "spawn_point_159",
            "spawn_point_160",
            "spawn_point_161",
            "spawn_point_162",
            "spawn_point_163",
            "spawn_point_164",
            "spawn_point_165",
            "spawn_point_166",
            "spawn_point_167",
            "spawn_point_168",
            "spawn_point_169",
            "spawn_point_170",
            "spawn_point_171",
            "spawn_point_156"
          ]
        }
      },
      {
        "name": "t2b_pit_1st_sq",
        "tm": [
          [
            1.0,
            0.0,
            0.0
          ],
          [
            0.0,
            1.0,
            0.0
          ],
          [
            0.0,
            0.0,
            1.0
          ],
          [
            -974.5,
            85.9,
            69.9
          ]
        ],
        "props": {
          "squad_members": [
            "t2b_pit_01",
            "t2b_pit_02",
            "t2b_pit_03",
            "t2b_pit_04",
            "t2b_pit_05"
          ]
        }
      },
      {
        "name": "t2a_pit_2nd_sq",
        "tm": [
          [
            1.0,
            0.0,
            0.0
          ],
          [
            0.0,
            1.0,
            0.0
          ],
          [
            0.0,
            0.0,
            1.0
          ],
          [
            -424.05,
            72.7,
            1157.75
          ]
        ],
        "props": {
          "squad_members": [
            "t2a_pit_06",
            "t2a_pit_07",
            "t2a_pit_08",
            "t2a_pit_09",
            "t2a_pit_10",
            "t2a_pit_11",
            "t2a_pit_12",
            "t2a_pit_13",
            "t2a_pit_14",
            "t2a_pit_15"
          ]
        }
      },
      {
        "name": "t2a_pit_1st_sq",
        "tm": [
          [
            1.0,
            0.0,
            0.0
          ],
          [
            0.0,
            1.0,
            0.0
          ],
          [
            0.0,
            0.0,
            1.0
          ],
          [
            -574.283,
            63.8,
            792.797
          ]
        ],
        "props": {
          "squad_members": [
            "t2a_pit_01",
            "t2a_pit_02",
            "t2a_pit_03",
            "t2a_pit_04",
            "t2a_pit_05"
          ]
        }
      },
      {
        "name": "t2b_pit_2nd_sq",
        "tm": [
          [
            1.0,
            0.0,
            0.0
          ],
          [
            0.0,
            1.0,
            0.0
          ],
          [
            0.0,
            0.0,
            1.0
          ],
          [
            -555.4,
            59.5,
            -322.0
          ]
        ],
        "props": {
          "squad_members": [
            "t2b_pit_06",
            "t2b_pit_07",
            "t2b_pit_08",
            "t2b_pit_09",
            "t2b_pit_10",
            "t2b_pit_11",
            "t2b_pit_12",
            "t2b_pit_13",
            "t2b_pit_14",
            "t2b_pit_15"
          ]
        }
      },
      {
        "name": "spawn_t1a01",
        "tm": [
          [
            0.852849,
            0.0,
            0.522159
          ],
          [
            0.0,
            1.0,
            0.0
          ],
          [
            -0.522159,
            0.0,
            0.852849
          ],
          [
            -861.905,
            65.25,
            157.612
          ]
        ],
        "props": {
          "squad_members": [
            "spawn_point_142",
            "spawn_point_143",
            "spawn_point_144",
            "spawn_point_145",
            "spawn_point_146",
            "spawn_point_147",
            "spawn_point_148",
            "spawn_point_149",
            "spawn_point_150",
            "spawn_point_151",
            "spawn_point_152",
            "spawn_point_153",
            "spawn_point_154",
            "spawn_point_155",
            "spawn_point_172",
            "spawn_point_141"
          ]
        }
      },
      {
        "name": "spawn_t2b01",
        "tm": [
          [
            1.0,
            0.0,
            0.0
          ],
          [
            0.0,
            1.0,
            0.0
          ],
          [
            0.0,
            0.0,
            1.0
          ],
          [
            -976.15,
            62.75,
            641.6
          ]
        ],
        "props": {
          "squad_members": [
            "spawn_point_189",
            "spawn_point_190",
            "spawn_point_191",
            "spawn_point_192",
            "spawn_point_193",
            "spawn_point_194",
            "spawn_point_195",
            "spawn_point_196",
            "spawn_point_197",
            "spawn_point_198",
            "spawn_point_199",
            "spawn_point_200",
            "spawn_point_201",
            "spawn_point_202",
            "spawn_point_203",
            "spawn_point_188"
          ]
        }
      }
    ],
    "tankModels": {
      "name": "t1_player01",
      "tm": [
        [
          0.998301,
          0.0,
          0.0582725
        ],
        [
          0.0,
          1.0,
          0.0
        ],
        [
          -0.0582725,
          0.0,
          0.998301
        ],
        [
          1953.2,
          89.6,
          1311.65
        ]
      ],
      "unit_class": "germ_at_gun_pak38",
      "objLayer": 1,
      "closed_waypoints": false,
      "isShipSpline": false,
      "shipTurnRadius": 100.0,
      "weapons": "",
      "bullets0": "",
      "bullets1": "",
      "bullets2": "",
      "bullets3": "",
      "bulletsCount0": 0,
      "bulletsCount1": 0,
      "bulletsCount2": 0,
      "bulletsCount3": 0,
      "crewSkillK": 0.0,
      "applyAllMods": false,
      "props": {
        "army": 2,
        "count": 1,
        "formation_type": "rows",
        "formation_div": 3,
        "formation_step": [
          2.5,
          2.0
        ],
        "formation_noise": [
          0.1,
          0.1
        ],
        "isDelayed": true
      },
      "way": {}
    },
    "objectGroups": [
      {
        "name": "objectGroups_1310",
        "tm": [
          [
            -0.147645,
            0.0,
            0.98904
          ],
          [
            0.0,
            1.0,
            0.0
          ],
          [
            -0.98904,
            0.0,
            -0.147645
          ],
          [
            -738.477,
            76.5604,
            -287.98
          ]
        ],
        "unit_class": "czech_hedgehog_dynamic",
        "objLayer": 2,
        "props": {
          "army": 0,
          "active": true
        }
      },
      {
        "name": "objectGroups_1311",
        "tm": [
          [
            -0.147645,
            0.0,
            0.98904
          ],
          [
            0.0,
            1.0,
            0.0
          ],
          [
            -0.98904,
            0.0,
            -0.147645
          ],
          [
            -762.7,
            76.55,
            -370.8
          ]
        ],
        "unit_class": "czech_hedgehog_dynamic",
        "objLayer": 2,
        "props": {
          "army": 0,
          "active": true
        }
      },
      {
        "name": "objectGroups_1312",
        "tm": [
          [
            -0.989041,
            0.0,
            -0.147645
          ],
          [
            0.0,
            1.0,
            0.0
          ],
          [
            0.147645,
            0.0,
            -0.989041
          ],
          [
            -768.895,
            76.5602,
            -339.763
          ]
        ],
        "unit_class": "czech_hedgehog_dynamic",
        "objLayer": 2,
        "props": {
          "army": 0,
          "active": true
        }
      },
      {
        "name": "objectGroups_1313",
        "tm": [
          [
            -0.878895,
            0.0,
            -0.477012
          ],
          [
            0.0,
            1.0,
            0.0
          ],
          [
            0.477012,
            0.0,
            -0.878895
          ],
          [
            -772.181,
            76.5604,
            -357.487
          ]
        ],
        "unit_class": "czech_hedgehog_dynamic",
        "objLayer": 2,
        "props": {
          "army": 0,
          "active": true
        }
      },
      {
        "name": "objectGroups_1314",
        "tm": [
          [
            0.446348,
            0.0,
            0.894859
          ],
          [
            0.0,
            1.0,
            0.0
          ],
          [
            -0.894859,
            0.0,
            0.446348
          ],
          [
            -756.743,
            76.5604,
            -351.915
          ]
        ],
        "unit_class": "czech_hedgehog_dynamic",
        "objLayer": 2,
        "props": {
          "army": 0,
          "active": true
        }
      },
      {
        "name": "objectGroups_1316",
        "tm": [
          [
            -0.989041,
            0.0,
            -0.147645
          ],
          [
            0.0,
            1.0,
            0.0
          ],
          [
            0.147645,
            0.0,
            -0.989041
          ],
          [
            -754.641,
            76.5604,
            -291.839
          ]
        ],
        "unit_class": "czech_hedgehog_dynamic",
        "objLayer": 2,
        "props": {
          "army": 0,
          "active": true
        }
      },
      {
        "name": "objectGroups_1317",
        "tm": [
          [
            -0.878895,
            0.0,
            -0.477012
          ],
          [
            0.0,
            1.0,
            0.0
          ],
          [
            0.477012,
            0.0,
            -0.878895
          ],
          [
            -760.421,
            76.5604,
            -304.789
          ]
        ],
        "unit_class": "czech_hedgehog_dynamic",
        "objLayer": 2,
        "props": {
          "army": 0,
          "active": true
        }
      },
      {
        "name": "objectGroups_1318",
        "tm": [
          [
            0.446348,
            0.0,
            0.894859
          ],
          [
            0.0,
            1.0,
            0.0
          ],
          [
            -0.894859,
            0.0,
            0.446348
          ],
          [
            -742.002,
            76.5604,
            -304.283
          ]
        ],
        "unit_class": "czech_hedgehog_dynamic",
        "objLayer": 2,
        "props": {
          "army": 0,
          "active": true
        }
      },
      {
        "name": "objectGroups_1319",
        "tm": [
          [
            -0.147645,
            0.0,
            0.98904
          ],
          [
            0.0,
            1.0,
            0.0
          ],
          [
            -0.98904,
            0.0,
            -0.147645
          ],
          [
            -746.921,
            76.5604,
            -319.063
          ]
        ],
        "unit_class": "czech_hedgehog_dynamic",
        "objLayer": 2,
        "props": {
          "army": 0,
          "active": true
        }
      },
      {
        "name": "objectGroups_1320",
        "tm": [
          [
            0.629444,
            0.0,
            0.777046
          ],
          [
            0.0,
            1.0,
            0.0
          ],
          [
            -0.777046,
            0.0,
            0.629444
          ],
          [
            -764.734,
            76.5604,
            -324.49
          ]
        ],
        "unit_class": "czech_hedgehog_dynamic",
        "objLayer": 2,
        "props": {
          "army": 0,
          "active": true
        }
      },
      {
        "name": "objectGroups_1321",
        "tm": [
          [
            0.438225,
            0.0,
            -0.898865
          ],
          [
            0.0,
            1.0,
            0.0
          ],
          [
            0.898865,
            0.0,
            0.438225
          ],
          [
            -752.086,
            76.5604,
            -335.343
          ]
        ],
        "unit_class": "czech_hedgehog_dynamic",
        "objLayer": 2,
        "props": {
          "army": 0,
          "active": true
        }
      },
      {
        "name": "objectGroups_1322",
        "tm": [
          [
            -0.147645,
            0.0,
            0.98904
          ],
          [
            0.0,
            1.0,
            0.0
          ],
          [
            -0.98904,
            0.0,
            -0.147645
          ],
          [
            -786.198,
            76.5604,
            -364.231
          ]
        ],
        "unit_class": "czech_hedgehog_dynamic",
        "objLayer": 2,
        "props": {
          "army": 0,
          "active": true
        }
      },
      {
        "name": "objectGroups_1323",
        "tm": [
          [
            -0.989041,
            0.0,
            -0.147645
          ],
          [
            0.0,
            1.0,
            0.0
          ],
          [
            0.147645,
            0.0,
            -0.989041
          ],
          [
            -796.462,
            76.5602,
            -331.983
          ]
        ],
        "unit_class": "czech_hedgehog_dynamic",
        "objLayer": 2,
        "props": {
          "army": 0,
          "active": true
        }
      },
      {
        "name": "objectGroups_1324",
        "tm": [
          [
            -0.878895,
            0.0,
            -0.477012
          ],
          [
            0.0,
            1.0,
            0.0
          ],
          [
            0.477012,
            0.0,
            -0.878895
          ],
          [
            -799.747,
            76.5604,
            -349.697
          ]
        ],
        "unit_class": "czech_hedgehog_dynamic",
        "objLayer": 2,
        "props": {
          "army": 0,
          "active": true
        }
      },
      {
        "name": "objectGroups_1325",
        "tm": [
          [
            0.446348,
            0.0,
            0.894859
          ],
          [
            0.0,
            1.0,
            0.0
          ],
          [
            -0.894859,
            0.0,
            0.446348
          ],
          [
            -784.31,
            76.5604,
            -344.135
          ]
        ],
        "unit_class": "czech_hedgehog_dynamic",
        "objLayer": 2,
        "props": {
          "army": 0,
          "active": true
        }
      },
      {
        "name": "objectGroups_1327",
        "tm": [
          [
            -0.989041,
            0.0,
            -0.147645
          ],
          [
            0.0,
            1.0,
            0.0
          ],
          [
            0.147645,
            0.0,
            -0.989041
          ],
          [
            -782.208,
            76.5604,
            -284.059
          ]
        ],
        "unit_class": "czech_hedgehog_dynamic",
        "objLayer": 2,
        "props": {
          "army": 0,
          "active": true
        }
      },
      {
        "name": "objectGroups_1328",
        "tm": [
          [
            -0.878895,
            0.0,
            -0.477012
          ],
          [
            0.0,
            1.0,
            0.0
          ],
          [
            0.477012,
            0.0,
            -0.878895
          ],
          [
            -787.988,
            76.5604,
            -297.0
          ]
        ],
        "unit_class": "czech_hedgehog_dynamic",
        "objLayer": 2,
        "props": {
          "army": 0,
          "active": true
        }
      },
      {
        "name": "objectGroups_1329",
        "tm": [
          [
            0.446348,
            0.0,
            0.894859
          ],
          [
            0.0,
            1.0,
            0.0
          ],
          [
            -0.894859,
            0.0,
            0.446348
          ],
          [
            -769.568,
            76.5604,
            -296.502
          ]
        ],
        "unit_class": "czech_hedgehog_dynamic",
        "objLayer": 2,
        "props": {
          "army": 0,
          "active": true
        }
      },
      {
        "name": "objectGroups_1330",
        "tm": [
          [
            -0.147645,
            0.0,
            0.98904
          ],
          [
            0.0,
            1.0,
            0.0
          ],
          [
            -0.98904,
            0.0,
            -0.147645
          ],
          [
            -774.488,
            76.5604,
            -311.282
          ]
        ],
        "unit_class": "czech_hedgehog_dynamic",
        "objLayer": 2,
        "props": {
          "army": 0,
          "active": true
        }
      },
      {
        "name": "objectGroups_1331",
        "tm": [
          [
            0.629444,
            0.0,
            0.777046
          ],
          [
            0.0,
            1.0,
            0.0
          ],
          [
            -0.777046,
            0.0,
            0.629444
          ],
          [
            -792.301,
            76.5604,
            -316.71
          ]
        ],
        "unit_class": "czech_hedgehog_dynamic",
        "objLayer": 2,
        "props": {
          "army": 0,
          "active": true
        }
      },
      {
        "name": "objectGroups_1332",
        "tm": [
          [
            0.438225,
            0.0,
            -0.898865
          ],
          [
            0.0,
            1.0,
            0.0
          ],
          [
            0.898865,
            0.0,
            0.438225
          ],
          [
            -779.653,
            76.5604,
            -327.562
          ]
        ],
        "unit_class": "czech_hedgehog_dynamic",
        "objLayer": 2,
        "props": {
          "army": 0,
          "active": true
        }
      },
      {
        "name": "objectGroups_1333",
        "tm": [
          [
            -0.989041,
            0.0,
            -0.147645
          ],
          [
            0.0,
            1.0,
            0.0
          ],
          [
            0.147645,
            0.0,
            -0.989041
          ],
          [
            -777.93,
            76.5604,
            -378.205
          ]
        ],
        "unit_class": "czech_hedgehog_dynamic",
        "objLayer": 2,
        "props": {
          "army": 0,
          "active": true
        }
      },
      {
        "name": "objectGroups_1340",
        "tm": [
          [
            -0.989041,
            0.0,
            -0.147645
          ],
          [
            0.0,
            1.0,
            0.0
          ],
          [
            0.147645,
            0.0,
            -0.989041
          ],
          [
            -805.497,
            76.5604,
            -370.425
          ]
        ],
        "unit_class": "czech_hedgehog_dynamic",
        "objLayer": 2,
        "props": {
          "army": 0,
          "active": true
        }
      },
      {
        "name": "objectGroups_1341",
        "tm": [
          [
            -0.878895,
            0.0,
            -0.477012
          ],
          [
            0.0,
            1.0,
            0.0
          ],
          [
            0.477012,
            0.0,
            -0.878895
          ],
          [
            -811.277,
            76.5604,
            -383.366
          ]
        ],
        "unit_class": "czech_hedgehog_dynamic",
        "objLayer": 2,
        "props": {
          "army": 0,
          "active": true
        }
      },
      {
        "name": "objectGroups_1342",
        "tm": [
          [
            0.446348,
            0.0,
            0.894859
          ],
          [
            0.0,
            1.0,
            0.0
          ],
          [
            -0.894859,
            0.0,
            0.446348
          ],
          [
            -792.868,
            76.5604,
            -382.869
          ]
        ],
        "unit_class": "czech_hedgehog_dynamic",
        "objLayer": 2,
        "props": {
          "army": 0,
          "active": true
        }
      },
      {
        "name": "objectGroups_1346",
        "tm": [
          [
            0.438225,
            0.0,
            -0.898865
          ],
          [
            0.0,
            1.0,
            0.0
          ],
          [
            0.898865,
            0.0,
            0.438225
          ],
          [
            -770.617,
            76.5604,
            -280.181
          ]
        ],
        "unit_class": "czech_hedgehog_dynamic",
        "objLayer": 2,
        "props": {
          "army": 0,
          "active": true
        }
      },
      {
        "name": "objectGroups_1363",
        "tm": [
          [
            -0.147645,
            0.0,
            0.98904
          ],
          [
            0.0,
            1.0,
            0.0
          ],
          [
            -0.98904,
            0.0,
            -0.147645
          ],
          [
            -725.009,
            76.5604,
            -234.357
          ]
        ],
        "unit_class": "czech_hedgehog_dynamic",
        "objLayer": 2,
        "props": {
          "army": 0,
          "active": true
        }
      },
      {
        "name": "objectGroups_1364",
        "tm": [
          [
            -0.989041,
            0.0,
            -0.147645
          ],
          [
            0.0,
            1.0,
            0.0
          ],
          [
            0.147645,
            0.0,
            -0.989041
          ],
          [
            -732.519,
            76.5602,
            -202.419
          ]
        ],
        "unit_class": "czech_hedgehog_dynamic",
        "objLayer": 2,
        "props": {
          "army": 0,
          "active": true
        }
      },
      {
        "name": "objectGroups_1365",
        "tm": [
          [
            -0.878895,
            0.0,
            -0.477012
          ],
          [
            0.0,
            1.0,
            0.0
          ],
          [
            0.477012,
            0.0,
            -0.878895
          ],
          [
            -735.805,
            76.5604,
            -220.142
          ]
        ],
        "unit_class": "czech_hedgehog_dynamic",
        "objLayer": 2,
        "props": {
          "army": 0,
          "active": true
        }
      },
      {
        "name": "objectGroups_1366",
        "tm": [
          [
            0.446348,
            0.0,
            0.894859
          ],
          [
            0.0,
            1.0,
            0.0
          ],
          [
            -0.894859,
            0.0,
            0.446348
          ],
          [
            -720.368,
            76.5604,
            -214.57
          ]
        ],
        "unit_class": "czech_hedgehog_dynamic",
        "objLayer": 2,
        "props": {
          "army": 0,
          "active": true
        }
      },
      {
        "name": "objectGroups_1371",
        "tm": [
          [
            -0.147645,
            0.0,
            0.98904
          ],
          [
            0.0,
            1.0,
            0.0
          ],
          [
            -0.98904,
            0.0,
            -0.147645
          ],
          [
            -710.545,
            76.5604,
            -181.718
          ]
        ],
        "unit_class": "czech_hedgehog_dynamic",
        "objLayer": 2,
        "props": {
          "army": 0,
          "active": true
        }
      },
      {
        "name": "objectGroups_1372",
        "tm": [
          [
            0.629444,
            0.0,
            0.777046
          ],
          [
            0.0,
            1.0,
            0.0
          ],
          [
            -0.777046,
            0.0,
            0.629444
          ],
          [
            -728.359,
            76.5604,
            -187.146
          ]
        ],
        "unit_class": "czech_hedgehog_dynamic",
        "objLayer": 2,
        "props": {
          "army": 0,
          "active": true
        }
      },
      {
        "name": "objectGroups_1373",
        "tm": [
          [
            0.438225,
            0.0,
            -0.898865
          ],
          [
            0.0,
            1.0,
            0.0
          ],
          [
            0.898865,
            0.0,
            0.438225
          ],
          [
            -715.71,
            76.5604,
            -197.998
          ]
        ],
        "unit_class": "czech_hedgehog_dynamic",
        "objLayer": 2,
        "props": {
          "army": 0,
          "active": true
        }
      },
      {
        "name": "objectGroups_1374",
        "tm": [
          [
            -0.147645,
            0.0,
            0.98904
          ],
          [
            0.0,
            1.0,
            0.0
          ],
          [
            -0.98904,
            0.0,
            -0.147645
          ],
          [
            -749.823,
            76.5604,
            -226.887
          ]
        ],
        "unit_class": "czech_hedgehog_dynamic",
        "objLayer": 2,
        "props": {
          "army": 0,
          "active": true
        }
      },
      {
        "name": "objectGroups_1375",
        "tm": [
          [
            -0.989041,
            0.0,
            -0.147645
          ],
          [
            0.0,
            1.0,
            0.0
          ],
          [
            0.147645,
            0.0,
            -0.989041
          ],
          [
            -760.086,
            76.5602,
            -194.64
          ]
        ],
        "unit_class": "czech_hedgehog_dynamic",
        "objLayer": 2,
        "props": {
          "army": 0,
          "active": true
        }
      },
      {
        "name": "objectGroups_1376",
        "tm": [
          [
            -0.878895,
            0.0,
            -0.477012
          ],
          [
            0.0,
            1.0,
            0.0
          ],
          [
            0.477012,
            0.0,
            -0.878895
          ],
          [
            -763.372,
            76.5604,
            -212.352
          ]
        ],
        "unit_class": "czech_hedgehog_dynamic",
        "objLayer": 2,
        "props": {
          "army": 0,
          "active": true
        }
      },
      {
        "name": "objectGroups_1377",
        "tm": [
          [
            0.446348,
            0.0,
            0.894859
          ],
          [
            0.0,
            1.0,
            0.0
          ],
          [
            -0.894859,
            0.0,
            0.446348
          ],
          [
            -747.935,
            76.5604,
            -206.791
          ]
        ],
        "unit_class": "czech_hedgehog_dynamic",
        "objLayer": 2,
        "props": {
          "army": 0,
          "active": true
        }
      },
      {
        "name": "objectGroups_1384",
        "tm": [
          [
            0.438225,
            0.0,
            -0.898865
          ],
          [
            0.0,
            1.0,
            0.0
          ],
          [
            0.898865,
            0.0,
            0.438225
          ],
          [
            -743.277,
            76.5604,
            -190.218
          ]
        ],
        "unit_class": "czech_hedgehog_dynamic",
        "objLayer": 2,
        "props": {
          "army": 0,
          "active": true
        }
      },
      {
        "name": "objectGroups_1385",
        "tm": [
          [
            -0.989041,
            0.0,
            -0.147645
          ],
          [
            0.0,
            1.0,
            0.0
          ],
          [
            0.147645,
            0.0,
            -0.989041
          ],
          [
            -741.555,
            76.5604,
            -240.861
          ]
        ],
        "unit_class": "czech_hedgehog_dynamic",
        "objLayer": 2,
        "props": {
          "army": 0,
          "active": true
        }
      },
      {
        "name": "objectGroups_1386",
        "tm": [
          [
            -0.878895,
            0.0,
            -0.477012
          ],
          [
            0.0,
            1.0,
            0.0
          ],
          [
            0.477012,
            0.0,
            -0.878895
          ],
          [
            -746.672,
            76.5604,
            -255.828
          ]
        ],
        "unit_class": "czech_hedgehog_dynamic",
        "objLayer": 2,
        "props": {
          "army": 0,
          "active": true
        }
      },
      {
        "name": "objectGroups_1387",
        "tm": [
          [
            0.446348,
            0.0,
            0.894859
          ],
          [
            0.0,
            1.0,
            0.0
          ],
          [
            -0.894859,
            0.0,
            0.446348
          ],
          [
            -728.925,
            76.5604,
            -253.305
          ]
        ],
        "unit_class": "czech_hedgehog_dynamic",
        "objLayer": 2,
        "props": {
          "army": 0,
          "active": true
        }
      },
      {
        "name": "objectGroups_1388",
        "tm": [
          [
            -0.147645,
            0.0,
            0.98904
          ],
          [
            0.0,
            1.0,
            0.0
          ],
          [
            -0.98904,
            0.0,
            -0.147645
          ],
          [
            -733.845,
            76.5604,
            -268.084
          ]
        ],
        "unit_class": "czech_hedgehog_dynamic",
        "objLayer": 2,
        "props": {
          "army": 0,
          "active": true
        }
      },
      {
        "name": "objectGroups_1389",
        "tm": [
          [
            0.629444,
            0.0,
            0.777046
          ],
          [
            0.0,
            1.0,
            0.0
          ],
          [
            -0.777046,
            0.0,
            0.629444
          ],
          [
            -751.658,
            76.5604,
            -273.512
          ]
        ],
        "unit_class": "czech_hedgehog_dynamic",
        "objLayer": 2,
        "props": {
          "army": 0,
          "active": true
        }
      },
      {
        "name": "objectGroups_1391",
        "tm": [
          [
            -0.989041,
            0.0,
            -0.147645
          ],
          [
            0.0,
            1.0,
            0.0
          ],
          [
            0.147645,
            0.0,
            -0.989041
          ],
          [
            -769.122,
            76.5604,
            -233.081
          ]
        ],
        "unit_class": "czech_hedgehog_dynamic",
        "objLayer": 2,
        "props": {
          "army": 0,
          "active": true
        }
      },
      {
        "name": "objectGroups_1393",
        "tm": [
          [
            -0.878895,
            0.0,
            -0.477012
          ],
          [
            0.0,
            1.0,
            0.0
          ],
          [
            0.477012,
            0.0,
            -0.878895
          ],
          [
            -774.902,
            76.5604,
            -246.023
          ]
        ],
        "unit_class": "czech_hedgehog_dynamic",
        "objLayer": 2,
        "props": {
          "army": 0,
          "active": true
        }
      },
      {
        "name": "objectGroups_1394",
        "tm": [
          [
            0.446348,
            0.0,
            0.894859
          ],
          [
            0.0,
            1.0,
            0.0
          ],
          [
            -0.894859,
            0.0,
            0.446348
          ],
          [
            -756.492,
            76.5604,
            -245.524
          ]
        ],
        "unit_class": "czech_hedgehog_dynamic",
        "objLayer": 2,
        "props": {
          "army": 0,
          "active": true
        }
      },
      {
        "name": "objectGroups_1395",
        "tm": [
          [
            -0.147645,
            0.0,
            0.98904
          ],
          [
            0.0,
