{
  "selected_tag": "",
  "bin_dump_file": "",
  "mission_settings": {
    "player": {
      "army": 1
    },
    "player_teamB": {
      "army": 2
    },
    "mission": {
      "level": "levels/air_smolensk.bin",
      "type": "domination",
      "environment": "Day",
      "weather": "hazy",
      "restoreType": "attempts",
      "optionalTakeOff": false
    }
  },
  "imports": {},
  "triggers": {
    "isCategory": true,
    "is_enabled": true
  },
  "mission_objectives": {
    "isCategory": true,
    "is_enabled": true
  },
  "variables": {},
  "dialogs": {},
  "airfields": {},
  "effects": {},
  "units": {
    "objectGroups": [
      {
        "name": "bdt_t2_bomb_object_01",
        "tm": [
          [
            0.590754,
            0.0,
            -0.80685
          ],
          [
            0.0,
            1.0,
            0.0
          ],
          [
            0.80685,
            0.0,
            0.590754
          ],
          [
            -8544.64,
            87.0859,
            3427.55
          ]
        ],
        "unit_class": "dynBase_hq_camp_square",
        "objLayer": 2,
        "props": {
          "army": 2,
          "active": false
        }
      },
      {
        "name": "bdt_t2_bomb_object_02",
        "tm": [
          [
            0.00136814,
            0.0,
            -1.0
          ],
          [
            0.0,
            1.0,
            0.0
          ],
          [
            1.0,
            0.0,
            0.00136814
          ],
          [
            -6881.71,
            80.4023,
            -6305.2
          ]
        ],
        "unit_class": "dynBase_fuel_storage_square",
        "objLayer": 2,
        "props": {
          "army": 2,
          "active": false
        }
      },
      {
        "name": "bdt_t2_bomb_object_03",
        "tm": [
          [
            0.965572,
            0.0,
            0.260142
          ],
          [
            0.0,
            1.0,
            0.0
          ],
          [
            -0.260142,
            0.0,
            0.965572
          ],
          [
            -5936.75,
            68.7588,
            -4253.57
          ]
        ],
        "unit_class": "dynBase_oil_storage_small_square",
        "objLayer": 2,
        "props": {
          "army": 2,
          "active": false
        }
      },
      {
        "name": "bdt_t1_bomb_object_01",
        "tm": [
          [
            0.880185,
            0.0,
            -0.474628
          ],
          [
            0.0,
            1.0,
            0.0
          ],
          [
            0.474628,
            0.0,
            0.880185
          ],
          [
            9006.68,
            16.8789,
            2450.44
          ]
        ],
        "unit_class": "dynBase_fuel_storage_square",
        "objLayer": 2,
        "props": {
          "army": 1,
          "active": false
        }
      },
      {
        "name": "bdt_t1_bomb_object_02",
        "tm": [
          [
            0.969594,
            0.0,
            0.244712
          ],
          [
            0.0,
            1.0,
            0.0
          ],
          [
            -0.244712,
            0.0,
            0.969594
          ],
          [
            6021.35,
            16.8838,
            4214.89
          ]
        ],
        "unit_class": "dynBase_oil_storage_small_square",
        "objLayer": 2,
        "props": {
          "army": 1,
          "active": false
        }
      },
      {
        "name": "bdt_t1_bomb_object_03",
        "tm": [
          [
            0.938713,
            0.0,
            0.344701
          ],
          [
            0.0,
            1.0,
            0.0
          ],
          [
            -0.344701,
            0.0,
            0.938713
          ],
          [
            8585.7,
            53.5698,
            -3438.93
          ]
        ],
        "unit_class": "dynBase_oil_storage_small_square",
        "objLayer": 2,
        "props": {
          "army": 1,
          "active": false
        }
      },
      {
        "name": "bdt_t2_bomb_object_04",
        "tm": [
          [
            0.946709,
            0.0,
            -0.322088
          ],
          [
            0.0,
            1.0,
            0.0
          ],
          [
            0.322088,
            0.0,
            0.946709
          ],
          [
            -6107.75,
            65.6205,
            6981.26
          ]
        ],
        "unit_class": "dynBase_ammunition_storage_square",
        "objLayer": 2,
        "props": {
          "army": 2,
          "active": false
        }
      },
      {
        "name": "bdt_t1_bomb_object_04",
        "tm": [
          [
            0.999984,
            0.0,
            -0.00565258
          ],
          [
            0.0,
            1.0,
            0.0
          ],
          [
            0.00565258,
            0.0,
            0.999984
          ],
          [
            6223.31,
            50.7329,
            -7016.59
          ]
        ],
        "unit_class": "dynBase_field_camp_square",
        "objLayer": 2,
        "props": {
          "army": 1,
          "active": false
        }
      },
      {
        "name": "bdt_t1_bomb_object_05",
        "tm": [
          [
            0.999984,
            0.0,
            -0.00565258
          ],
          [
            0.0,
            1.0,
            0.0
          ],
          [
            0.00565258,
            0.0,
            0.999984
          ],
          [
            3414.07,
            51.7432,
            -6496.42
          ]
        ],
        "unit_class": "dynBase_military_base_square",
        "objLayer": 2,
        "props": {
          "army": 1,
          "active": false
        }
      },
      {
        "name": "bdt_t1_bomb_object_06",
        "tm": [
          [
            0.999984,
            0.0,
            -0.00565258
          ],
          [
            0.0,
            1.0,
            0.0
          ],
          [
            0.00565258,
            0.0,
            0.999984
          ],
          [
            5269.01,
            57.5117,
            -4979.31
          ]
        ],
        "unit_class": "dynBase_oil_storage_large_square",
        "objLayer": 2,
        "props": {
          "army": 1,
          "active": false
        }
      },
      {
        "name": "bdt_t1_bomb_object_07",
        "tm": [
          [
            0.999984,
            0.0,
            -0.00565258
          ],
          [
            0.0,
            1.0,
            0.0
          ],
          [
            0.00565258,
            0.0,
            0.999984
          ],
          [
            6910.45,
            54.3457,
            -2313.05
          ]
        ],
        "unit_class": "dynBase_oil_storage_large_square",
        "objLayer": 2,
        "props": {
          "army": 1,
          "active": false
        }
      },
      {
        "name": "bdt_t1_bomb_object_08",
        "tm": [
          [
            0.880185,
            0.0,
            -0.474628
          ],
          [
            0.0,
            1.0,
            0.0
          ],
          [
            0.474628,
            0.0,
            0.880185
          ],
          [
            4287.68,
            16.8789,
            6126.64
          ]
        ],
        "unit_class": "dynBase_ammunition_storage_square",
        "objLayer": 2,
        "props": {
          "army": 1,
          "active": false
        }
      },
      {
        "name": "bdt_t1_bomb_object_09",
        "tm": [
          [
            0.880185,
            0.0,
            -0.474628
          ],
          [
            0.0,
            1.0,
            0.0
          ],
          [
            0.474628,
            0.0,
            0.880185
          ],
          [
            7056.96,
            16.8833,
            1542.71
          ]
        ],
        "unit_class": "dynBase_oil_storage_small_square",
        "objLayer": 2,
        "props": {
          "army": 1,
          "active": false
        }
      },
      {
        "name": "bdt_t1_bomb_object_10",
        "tm": [
          [
            0.880185,
            0.0,
            -0.474628
          ],
          [
            0.0,
            1.0,
            0.0
          ],
          [
            0.474628,
            0.0,
            0.880185
          ],
          [
            7059.99,
            16.8818,
            6093.49
          ]
        ],
        "unit_class": "dynBase_military_base_square",
        "objLayer": 2,
        "props": {
          "army": 1,
          "active": false
        }
      },
      {
        "name": "bdt_t2_bomb_object_05",
        "tm": [
          [
            0.946709,
            0.0,
            -0.322088
          ],
          [
            0.0,
            1.0,
            0.0
          ],
          [
            0.322088,
            0.0,
            0.946709
          ],
          [
            -3342.55,
            51.2725,
            6548.83
          ]
        ],
        "unit_class": "dynBase_oil_storage_small_square",
        "objLayer": 2,
        "props": {
          "army": 2,
          "active": false
        }
      },
      {
        "name": "bdt_t2_bomb_object_06",
        "tm": [
          [
            0.987141,
            0.0,
            0.159853
          ],
          [
            0.0,
            1.0,
            0.0
          ],
          [
            -0.159853,
            0.0,
            0.987141
          ],
          [
            -5623.4,
            84.7275,
            4620.21
          ]
        ],
        "unit_class": "dynBase_military_base_square",
        "objLayer": 2,
        "props": {
          "army": 2,
          "active": false
        }
      },
      {
        "name": "bdt_t2_bomb_object_07",
        "tm": [
          [
            0.946709,
            0.0,
            -0.322088
          ],
          [
            0.0,
            1.0,
            0.0
          ],
          [
            0.322088,
            0.0,
            0.946709
          ],
          [
            -6833.71,
            68.9199,
            2176.92
          ]
        ],
        "unit_class": "dynBase_fuel_storage_square",
        "objLayer": 2,
        "props": {
          "army": 2,
          "active": false
        }
      },
      {
        "name": "bdt_t2_bomb_object_08",
        "tm": [
          [
            0.965572,
            0.0,
            0.260142
          ],
          [
            0.0,
            1.0,
            0.0
          ],
          [
            -0.260142,
            0.0,
            0.965572
          ],
          [
            -3806.96,
            38.0859,
            -6229.79
          ]
        ],
        "unit_class": "dynBase_ammunition_storage_square",
        "objLayer": 2,
        "props": {
          "army": 2,
          "active": false
        }
      },
      {
        "name": "bdt_t2_bomb_object_09",
        "tm": [
          [
            0.965572,
            0.0,
            0.260142
          ],
          [
            0.0,
            1.0,
            0.0
          ],
          [
            -0.260142,
            0.0,
            0.965572
          ],
          [
            -8864.77,
            50.9258,
            -2506.27
          ]
        ],
        "unit_class": "dynBase_field_camp_square",
        "objLayer": 2,
        "props": {
          "army": 2,
          "active": false
        }
      },
      {
        "name": "bdt_t2_bomb_object_10",
        "tm": [
          [
            0.965572,
            0.0,
            0.260142
          ],
          [
            0.0,
            1.0,
            0.0
          ],
          [
            -0.260142,
            0.0,
            0.965572
          ],
          [
            -7139.27,
            44.9248,
            -1521.69
          ]
        ],
        "unit_class": "dynBase_oil_storage_small_square",
        "objLayer": 2,
        "props": {
          "army": 2,
          "active": false
        }
      }
    ]
  },
  "areas": {
    "bdt_t2_bomb_zone_01": {
      "type": "Sphere",
      "tm": [
        [
          265.841,
          0.0,
          -363.083
        ],
        [
          0.0,
          450.0,
          0.0
        ],
        [
          363.083,
          0.0,
          265.841
        ],
        [
          -8551.54,
          67.7169,
          3425.59
        ]
      ],
      "objLayer": 0,
      "props": {}
    },
    "bdt_t2_bomb_zone_02": {
      "type": "Sphere",
      "tm": [
        [
          304.47,
          0.0,
          -331.36
        ],
        [
          0.0,
          450.0,
          0.0
        ],
        [
          331.36,
          0.0,
          304.47
        ],
        [
          -6860.96,
          79.6665,
          -6299.02
        ]
      ],
      "objLayer": 0,
      "props": {}
    },
    "bdt_t2_bomb_zone_03": {
      "type": "Sphere",
      "tm": [
        [
          434.507,
          0.0,
          117.062
        ],
        [
          0.0,
          450.0,
          0.0
        ],
        [
          -117.062,
          0.0,
          434.507
        ],
        [
          -5943.96,
          68.6758,
          -4246.95
        ]
      ],
      "objLayer": 0,
      "props": {}
    },
    "bdt_t1_bomb_zone_01": {
      "type": "Sphere",
      "tm": [
        [
          396.084,
          0.0,
          -213.584
        ],
        [
          0.0,
          450.0,
          0.0
        ],
        [
          213.584,
          0.0,
          396.084
        ],
        [
          9019.03,
          16.8788,
          2447.3
        ]
      ],
      "objLayer": 0,
      "props": {}
    },
    "bdt_t1_bomb_zone_02": {
      "type": "Sphere",
      "tm": [
        [
          449.81,
          0.0,
          13.0735
        ],
        [
          0.0,
          450.0,
          0.0
        ],
        [
          -13.0735,
          0.0,
          449.81
        ],
        [
          6025.58,
          16.8838,
          4217.1
        ]
      ],
      "objLayer": 0,
      "props": {}
    },
    "bdt_t1_bomb_zone_03": {
      "type": "Sphere",
      "tm": [
        [
          449.667,
          0.0,
          -17.2957
        ],
        [
          0.0,
          450.0,
          0.0
        ],
        [
          17.2957,
          0.0,
          449.667
        ],
        [
          8591.43,
          46.5998,
          -3438.6
        ]
      ],
      "objLayer": 0,
      "props": {}
    },
    "bdt_t2_bomb_zone_04": {
      "type": "Sphere",
      "tm": [
        [
          426.019,
          0.0,
          -144.94
        ],
        [
          0.0,
          450.0,
          0.0
        ],
        [
          144.94,
          0.0,
          426.019
        ],
        [
          -6101.08,
          65.621,
          6977.01
        ]
      ],
      "objLayer": 0,
      "props": {}
    },
    "bdt_t1_bomb_zone_04": {
      "type": "Sphere",
      "tm": [
        [
          449.667,
          0.0,
          -17.2957
        ],
        [
          0.0,
          450.0,
          0.0
        ],
        [
          17.2957,
          0.0,
          449.667
        ],
        [
          6223.76,
          50.7601,
          -7010.79
        ]
      ],
      "objLayer": 0,
      "props": {}
    },
    "bdt_t1_bomb_zone_05": {
      "type": "Sphere",
      "tm": [
        [
          449.667,
          0.0,
          -17.2957
        ],
        [
          0.0,
          450.0,
          0.0
        ],
        [
          17.2957,
          0.0,
          449.667
        ],
        [
          3414.48,
          51.5953,
          -6490.62
        ]
      ],
      "objLayer": 0,
      "props": {}
    },
    "bdt_t1_bomb_zone_06": {
      "type": "Sphere",
      "tm": [
        [
          449.667,
          0.0,
          -17.2957
        ],
        [
          0.0,
          450.0,
          0.0
        ],
        [
          17.2957,
          0.0,
          449.667
        ],
        [
          5269.52,
          58.1287,
          -4973.57
        ]
      ],
      "objLayer": 0,
      "props": {}
    },
    "bdt_t1_bomb_zone_07": {
      "type": "Sphere",
      "tm": [
        [
          449.667,
          0.0,
          -17.2957
        ],
        [
          0.0,
          450.0,
          0.0
        ],
        [
          17.2957,
          0.0,
          449.667
        ],
        [
          6910.98,
          53.6105,
          -2307.21
        ]
      ],
      "objLayer": 0,
      "props": {}
    },
    "bdt_t1_bomb_zone_08": {
      "type": "Sphere",
      "tm": [
        [
          396.084,
          0.0,
          -213.584
        ],
        [
          0.0,
          450.0,
          0.0
        ],
        [
          213.584,
          0.0,
          396.084
        ],
        [
          4299.99,
          16.8789,
          6123.5
        ]
      ],
      "objLayer": 0,
      "props": {}
    },
    "bdt_t1_bomb_zone_09": {
      "type": "Sphere",
      "tm": [
        [
          396.084,
          0.0,
          -213.584
        ],
        [
          0.0,
          450.0,
          0.0
        ],
        [
          213.584,
          0.0,
          396.084
        ],
        [
          7069.07,
          16.8833,
          1539.64
        ]
      ],
      "objLayer": 0,
      "props": {}
    },
    "bdt_t1_bomb_zone_10": {
      "type": "Sphere",
      "tm": [
        [
          396.084,
          0.0,
          -213.584
        ],
        [
          0.0,
          450.0,
          0.0
        ],
        [
          213.584,
          0.0,
          396.084
        ],
        [
          7072.33,
          16.8818,
          6090.37
        ]
      ],
      "objLayer": 0,
      "props": {}
    },
    "bdt_t2_bomb_zone_05": {
      "type": "Sphere",
      "tm": [
        [
          426.019,
          0.0,
          -144.94
        ],
        [
          0.0,
          450.0,
          0.0
        ],
        [
          144.94,
          0.0,
          426.019
        ],
        [
          -3336.07,
          51.2725,
          6544.57
        ]
      ],
      "objLayer": 0,
      "props": {}
    },
    "bdt_t2_bomb_zone_06": {
      "type": "Sphere",
      "tm": [
        [
          444.213,
          0.0,
          71.9343
        ],
        [
          0.0,
          450.0,
          0.0
        ],
        [
          -71.9343,
          0.0,
          444.213
        ],
        [
          -5615.45,
          84.9145,
          4619.42
        ]
      ],
      "objLayer": 0,
      "props": {}
    },
    "bdt_t2_bomb_zone_07": {
      "type": "Sphere",
      "tm": [
        [
          426.019,
          0.0,
          -144.94
        ],
        [
          0.0,
          450.0,
          0.0
        ],
        [
          144.94,
          0.0,
          426.019
        ],
        [
          -6827.12,
          56.8841,
          2172.49
        ]
      ],
      "objLayer": 0,
      "props": {}
    },
    "bdt_t2_bomb_zone_08": {
      "type": "Sphere",
      "tm": [
        [
          434.507,
          0.0,
          117.062
        ],
        [
          0.0,
          450.0,
          0.0
        ],
        [
          -117.062,
          0.0,
          434.507
        ],
        [
          -3814.06,
          38.1635,
          -6223.11
        ]
      ],
      "objLayer": 0,
      "props": {}
    },
    "bdt_t2_bomb_zone_09": {
      "type": "Sphere",
      "tm": [
        [
          434.507,
          0.0,
          117.062
        ],
        [
          0.0,
          450.0,
          0.0
        ],
        [
          -117.062,
          0.0,
          434.507
        ],
        [
          -8872.19,
          50.9028,
          -2499.66
        ]
      ],
      "objLayer": 0,
      "props": {}
    },
    "bdt_t2_bomb_zone_10": {
      "type": "Sphere",
      "tm": [
        [
          434.507,
          0.0,
          117.062
        ],
        [
          0.0,
          450.0,
          0.0
        ],
        [
          -117.062,
          0.0,
          434.507
        ],
        [
          -7146.34,
          48.5248,
          -1515.22
        ]
      ],
      "objLayer": 0,
      "props": {}
    },
    "small_bomb_zones_area_9000": {
      "type": "Sphere",
      "tm": [
        [
          12390.4,
          0.0,
          -13056.7
        ],
        [
          0.0,
          18000.0,
          0.0
        ],
        [
          13056.7,
          0.0,
          12390.4
        ],
        [
          0.0,
          369.01,
          0.0
        ]
      ],
      "objLayer": 3,
      "props": {}
    },
    "bdt_t1_bomb_zone_01_aaa_point_01": {
      "type": "Point",
      "tm": [
        [
          0.688353,
          0.0,
          -0.725376
        ],
        [
          0.0,
          1.0,
          0.0
        ],
        [
          0.725376,
          0.0,
          0.688353
        ],
        [
          8979.92,
          16.879,
          2201.02
        ]
      ],
      "objLayer": 0,
      "props": {}
    },
    "bdt_t1_bomb_zone_01_aaa_point_02": {
      "type": "Point",
      "tm": [
        [
          0.688353,
          0.0,
          -0.725376
        ],
        [
          0.0,
          1.0,
          0.0
        ],
        [
          0.725376,
          0.0,
          0.688353
        ],
        [
          9304.48,
          16.879,
          2460.0
        ]
      ],
      "objLayer": 0,
      "props": {}
    },
    "bdt_t1_bomb_zone_02_aaa_point_01": {
      "type": "Point",
      "tm": [
        [
          0.688353,
          0.0,
          -0.725376
        ],
        [
          0.0,
          1.0,
          0.0
        ],
        [
          0.725376,
          0.0,
          0.688353
        ],
        [
          5916.8,
          16.8842,
          3972.0
        ]
      ],
      "objLayer": 0,
      "props": {}
    },
    "bdt_t1_bomb_zone_02_aaa_point_02": {
      "type": "Point",
      "tm": [
        [
          0.688353,
          0.0,
          -0.725376
        ],
        [
          0.0,
          1.0,
          0.0
        ],
        [
          0.725376,
          0.0,
          0.688353
        ],
        [
          6205.76,
          16.8842,
          4018.52
        ]
      ],
      "objLayer": 0,
      "props": {}
    },
    "bdt_t1_bomb_zone_03_aaa_point_01": {
      "type": "Point",
      "tm": [
        [
          0.688353,
          0.0,
          -0.725376
        ],
        [
          0.0,
          1.0,
          0.0
        ],
        [
          0.725376,
          0.0,
          0.688353
        ],
        [
          8502.46,
          55.9582,
          -3192.44
        ]
      ],
      "objLayer": 0,
      "props": {}
    },
    "bdt_t1_bomb_zone_03_aaa_point_02": {
      "type": "Point",
      "tm": [
        [
          0.688353,
          0.0,
          -0.725376
        ],
        [
          0.0,
          1.0,
          0.0
        ],
        [
          0.725376,
          0.0,
          0.688353
        ],
        [
          8802.71,
          55.9582,
          -3623.83
        ]
      ],
      "objLayer": 0,
      "props": {}
    },
    "bdt_t1_bomb_zone_04_aaa_point_01": {
      "type": "Point",
      "tm": [
        [
          0.688353,
          0.0,
          -0.725376
        ],
        [
          0.0,
          1.0,
          0.0
        ],
        [
          0.725376,
          0.0,
          0.688353
        ],
        [
          6185.23,
          51.7938,
          -6725.86
        ]
      ],
      "objLayer": 0,
      "props": {}
    },
    "bdt_t1_bomb_zone_04_aaa_point_02": {
      "type": "Point",
      "tm": [
        [
          0.688353,
          0.0,
          -0.725376
        ],
        [
          0.0,
          1.0,
          0.0
        ],
        [
          0.725376,
          0.0,
          0.688353
        ],
        [
          5969.22,
          51.7937,
          -7118.2
        ]
      ],
      "objLayer": 0,
      "props": {}
    },
    "bdt_t1_bomb_zone_05_aaa_point_01": {
      "type": "Point",
      "tm": [
        [
          0.688353,
          0.0,
          -0.725376
        ],
        [
          0.0,
          1.0,
          0.0
        ],
        [
          0.725376,
          0.0,
          0.688353
        ],
        [
          3650.76,
          30.3721,
          -6348.53
        ]
      ],
      "objLayer": 0,
      "props": {}
    },
    "bdt_t1_bomb_zone_05_aaa_point_02": {
      "type": "Point",
      "tm": [
        [
          0.688353,
          0.0,
          -0.725376
        ],
        [
          0.0,
          1.0,
          0.0
        ],
        [
          0.725376,
          0.0,
          0.688353
        ],
        [
          3154.33,
          30.3721,
          -6591.41
        ]
      ],
      "objLayer": 0,
      "props": {}
    },
    "bdt_t1_bomb_zone_06_aaa_point_01": {
      "type": "Point",
      "tm": [
        [
          0.688353,
          0.0,
          -0.725376
        ],
        [
          0.0,
          1.0,
          0.0
        ],
        [
          0.725376,
          0.0,
          0.688353
        ],
        [
          5341.52,
          49.4551,
          -4713.48
        ]
      ],
      "objLayer": 0,
      "props": {}
    },
    "bdt_t1_bomb_zone_06_aaa_point_02": {
      "type": "Point",
      "tm": [
        [
          0.688353,
          0.0,
          -0.725376
        ],
        [
          0.0,
          1.0,
          0.0
        ],
        [
          0.725376,
          0.0,
          0.688353
        ],
        [
          5011.72,
          49.4551,
          -4881.37
        ]
      ],
      "objLayer": 0,
      "props": {}
    },
    "bdt_t1_bomb_zone_07_aaa_point_01": {
      "type": "Point",
      "tm": [
        [
          0.688353,
          0.0,
          -0.725376
        ],
        [
          0.0,
          1.0,
          0.0
        ],
        [
          0.725376,
          0.0,
          0.688353
        ],
        [
          6728.09,
          48.1767,
          -2147.99
        ]
      ],
      "objLayer": 0,
      "props": {}
    },
    "bdt_t1_bomb_zone_07_aaa_point_02": {
      "type": "Point",
      "tm": [
        [
          0.688353,
          0.0,
          -0.725376
        ],
        [
          0.0,
          1.0,
          0.0
        ],
        [
          0.725376,
          0.0,
          0.688353
        ],
        [
          7049.81,
          48.1767,
          -2501.29
        ]
      ],
      "objLayer": 0,
      "props": {}
    },
    "bdt_t1_bomb_zone_08_aaa_point_01": {
      "type": "Point",
      "tm": [
        [
          0.688353,
          0.0,
          -0.725376
        ],
        [
          0.0,
          1.0,
          0.0
        ],
        [
          0.725376,
          0.0,
          0.688353
        ],
        [
          4105.21,
          16.8786,
          6286.71
        ]
      ],
      "objLayer": 0,
      "props": {}
    },
    "bdt_t1_bomb_zone_08_aaa_point_02": {
      "type": "Point",
      "tm": [
        [
          0.688353,
          0.0,
          -0.725376
        ],
        [
          0.0,
          1.0,
          0.0
        ],
        [
          0.725376,
          0.0,
          0.688353
        ],
        [
          4058.6,
          16.8786,
          5947.02
        ]
      ],
      "objLayer": 0,
      "props": {}
    },
    "bdt_t1_bomb_zone_09_aaa_point_01": {
      "type": "Point",
      "tm": [
        [
          0.688353,
          0.0,
          -0.725376
        ],
        [
          0.0,
          1.0,
          0.0
        ],
        [
          0.725376,
          0.0,
          0.688353
        ],
        [
          7389.88,
          16.8835,
          1532.28
        ]
      ],
      "objLayer": 0,
      "props": {}
    },
    "bdt_t1_bomb_zone_09_aaa_point_02": {
      "type": "Point",
      "tm": [
        [
          0.688353,
          0.0,
          -0.725376
        ],
        [
          0.0,
          1.0,
          0.0
        ],
        [
          0.725376,
          0.0,
          0.688353
        ],
        [
          6863.47,
          16.8834,
          1287.33
        ]
      ],
      "objLayer": 0,
      "props": {}
    },
    "bdt_t2_bomb_zone_10_aaa_point_01": {
      "type": "Point",
      "tm": [
        [
          0.688353,
          0.0,
          -0.725376
        ],
        [
          0.0,
          1.0,
          0.0
        ],
        [
          0.725376,
          0.0,
          0.688353
        ],
        [
          -7052.59,
          38.674,
          -1797.07
        ]
      ],
      "objLayer": 0,
      "props": {}
    },
    "bdt_t2_bomb_zone_10_aaa_point_02": {
      "type": "Point",
      "tm": [
        [
          0.688353,
          0.0,
          -0.725376
        ],
        [
          0.0,
          1.0,
          0.0
        ],
        [
          0.725376,
          0.0,
          0.688353
        ],
        [
          -7382.16,
          38.674,
          -1816.49
        ]
      ],
      "objLayer": 0,
      "props": {}
    },
    "bdt_t1_bomb_zone_10_aaa_point_01": {
      "type": "Point",
      "tm": [
        [
          0.688353,
          0.0,
          -0.725376
        ],
        [
          0.0,
          1.0,
          0.0
        ],
        [
          0.725376,
          0.0,
          0.688353
        ],
        [
          6746.71,
          16.8825,
          6068.13
        ]
      ],
      "objLayer": 0,
      "props": {}
    },
    "bdt_t1_bomb_zone_10_aaa_point_02": {
      "type": "Point",
      "tm": [
        [
          0.688353,
          0.0,
          -0.725376
        ],
        [
          0.0,
          1.0,
          0.0
        ],
        [
          0.725376,
          0.0,
          0.688353
        ],
        [
          7403.42,
          16.8827,
          5689.17
        ]
      ],
      "objLayer": 0,
      "props": {}
    },
    "bdt_t2_bomb_zone_01_aaa_point_01": {
      "type": "Point",
      "tm": [
        [
          0.688353,
          0.0,
          -0.725376
        ],
        [
          0.0,
          1.0,
          0.0
        ],
        [
          0.725376,
          0.0,
          0.688353
        ],
        [
          -8493.27,
          68.5476,
          3173.84
        ]
      ],
      "objLayer": 0,
      "props": {}
    },
    "bdt_t2_bomb_zone_01_aaa_point_02": {
      "type": "Point",
      "tm": [
        [
          0.688353,
          0.0,
          -0.725376
        ],
        [
          0.0,
          1.0,
          0.0
        ],
        [
          0.725376,
          0.0,
          0.688353
        ],
        [
          -8797.72,
          68.5477,
          3524.02
        ]
      ],
      "objLayer": 0,
      "props": {}
    },
    "bdt_t2_bomb_zone_02_aaa_point_01": {
      "type": "Point",
      "tm": [
        [
          0.688353,
          0.0,
          -0.725376
        ],
        [
          0.0,
          1.0,
          0.0
        ],
        [
          0.725376,
          0.0,
          0.688353
        ],
        [
          -6648.54,
          77.0096,
          -6158.64
        ]
      ],
      "objLayer": 0,
      "props": {}
    },
    "bdt_t2_bomb_zone_02_aaa_point_02": {
      "type": "Point",
      "tm": [
        [
          0.688353,
          0.0,
          -0.725376
        ],
        [
          0.0,
          1.0,
          0.0
        ],
        [
          0.725376,
          0.0,
          0.688353
        ],
        [
          -7046.79,
          83.6484,
          -6571.02
        ]
      ],
      "objLayer": 0,
      "props": {}
    },
    "bdt_t2_bomb_zone_03_aaa_point_01": {
      "type": "Point",
      "tm": [
        [
          0.688353,
          0.0,
          -0.725376
        ],
        [
          0.0,
          1.0,
          0.0
        ],
        [
          0.725376,
          0.0,
          0.688353
        ],
        [
          -5753.49,
          72.9518,
          -4374.37
        ]
      ],
      "objLayer": 0,
      "props": {}
    },
    "bdt_t2_bomb_zone_03_aaa_point_02": {
      "type": "Point",
      "tm": [
        [
          0.688353,
          0.0,
          -0.725376
        ],
        [
          0.0,
          1.0,
          0.0
        ],
        [
          0.725376,
          0.0,
          0.688353
        ],
        [
          -6150.44,
          72.9518,
          -4123.77
        ]
      ],
      "objLayer": 0,
      "props": {}
    },
    "bdt_t2_bomb_zone_04_aaa_point_01": {
      "type": "Point",
      "tm": [
        [
          0.688353,
          0.0,
          -0.725376
        ],
        [
          0.0,
          1.0,
          0.0
        ],
        [
          0.725376,
          0.0,
          0.688353
        ],
        [
          -6135.04,
          65.6027,
          7208.99
        ]
      ],
      "objLayer": 0,
      "props": {}
    },
    "bdt_t2_bomb_zone_04_aaa_point_02": {
      "type": "Point",
      "tm": [
        [
          0.688353,
          0.0,
          -0.725376
        ],
        [
          0.0,
          1.0,
          0.0
        ],
        [
          0.725376,
          0.0,
          0.688353
        ],
        [
          -6457.96,
          65.6027,
          7059.53
        ]
      ],
      "objLayer": 0,
      "props": {}
    },
    "bdt_t2_bomb_zone_05_aaa_point_01": {
      "type": "Point",
      "tm": [
        [
          0.688353,
          0.0,
          -0.725376
        ],
        [
          0.0,
          1.0,
          0.0
        ],
        [
          0.725376,
          0.0,
          0.688353
        ],
        [
          -3295.91,
          51.2725,
          6313.71
        ]
      ],
      "objLayer": 0,
      "props": {}
    },
    "bdt_t2_bomb_zone_05_aaa_point_02": {
      "type": "Point",
      "tm": [
        [
          0.688353,
          0.0,
          -0.725376
        ],
        [
          0.0,
          1.0,
          0.0
        ],
        [
          0.725376,
          0.0,
          0.688353
        ],
        [
          -3419.54,
          51.2725,
          6769.66
        ]
      ],
      "objLayer": 0,
      "props": {}
    },
    "bdt_t2_bomb_zone_06_aaa_point_01": {
      "type": "Point",
      "tm": [
        [
          0.688353,
          0.0,
          -0.725376
        ],
        [
          0.0,
          1.0,
          0.0
        ],
        [
          0.725376,
          0.0,
          0.688353
        ],
        [
          -5446.11,
          34.5412,
          4425.91
        ]
      ],
      "objLayer": 0,
      "props": {}
    },
    "bdt_t2_bomb_zone_06_aaa_point_02": {
      "type": "Point",
      "tm": [
        [
          0.688353,
          0.0,
          -0.725376
        ],
        [
          0.0,
          1.0,
          0.0
        ],
        [
          0.725376,
          0.0,
          0.688353
        ],
        [
          -5439.85,
          34.5414,
          5265.33
        ]
      ],
      "objLayer": 0,
      "props": {}
    },
    "bdt_t2_bomb_zone_07_aaa_point_01": {
      "type": "Point",
      "tm": [
        [
          0.688353,
          0.0,
          -0.725376
        ],
        [
          0.0,
          1.0,
          0.0
        ],
        [
          0.725376,
          0.0,
          0.688353
        ],
        [
          -6885.48,
          53.7492,
          1922.45
        ]
      ],
      "objLayer": 0,
      "props": {}
    },
    "bdt_t2_bomb_zone_07_aaa_point_02": {
      "type": "Point",
      "tm": [
        [
          0.688353,
          0.0,
          -0.725376
        ],
        [
          0.0,
          1.0,
          0.0
        ],
        [
          0.725376,
          0.0,
          0.688353
        ],
        [
          -6965.31,
          70.4906,
          2414.5
        ]
      ],
      "objLayer": 0,
      "props": {}
    },
    "bdt_t2_bomb_zone_08_aaa_point_01": {
      "type": "Point",
      "tm": [
        [
          0.688353,
          0.0,
          -0.725376
        ],
        [
          0.0,
          1.0,
          0.0
        ],
        [
          0.725376,
          0.0,
          0.688353
        ],
        [
          -4073.58,
          42.2376,
          -6084.67
        ]
      ],
      "objLayer": 0,
      "props": {}
    },
    "bdt_t2_bomb_zone_08_aaa_point_02": {
      "type": "Point",
      "tm": [
        [
          0.688353,
          0.0,
          -0.725376
        ],
        [
          0.0,
          1.0,
          0.0
        ],
        [
          0.725376,
          0.0,
          0.688353
        ],
        [
          -3889.69,
          42.2376,
          -5888.75
        ]
      ],
      "objLayer": 0,
      "props": {}
    },
    "bdt_t2_bomb_zone_09_aaa_point_01": {
      "type": "Point",
      "tm": [
        [
          0.688353,
          0.0,
          -0.725376
        ],
        [
          0.0,
          1.0,
          0.0
        ],
        [
          0.725376,
          0.0,
          0.688353
        ],
        [
          -9035.06,
          44.9994,
          -2275.26
        ]
      ],
      "objLayer": 0,
      "props": {}
    },
    "bdt_t2_bomb_zone_09_aaa_point_02": {
      "type": "Point",
      "tm": [
        [
          0.688353,
          0.0,
          -0.725376
        ],
        [
          0.0,
          1.0,
          0.0
        ],
        [
          0.725376,
          0.0,
          0.688353
        ],
        [
          -8685.43,
          52.0733,
          -2773.54
        ]
      ],
      "objLayer": 0,
      "props": {}
    },
    "small_bomb_zones_area_7000": {
      "type": "Sphere",
      "tm": [
        [
          -732.702,
          0.0,
          -13980.8
        ],
        [
          0.0,
          14000.0,
          0.0
        ],
        [
          13980.8,
          0.0,
          -732.702
        ],
        [
          0.0,
          369.01,
          0.0
        ]
      ],
      "objLayer": 3,
      "props": {}
    }
  },
  "objLayers": {
    "layer": [
      {
        "enabled": true
      },
      {
        "enabled": true
      },
      {
        "enabled": true
      },
      {
        "enabled": false
      },
      {
        "enabled": false
      }
    ]
  },
  "wayPoints": {}
}