{
  "selected_tag": "",
  "bin_dump_file": "",
  "mission_settings": {
    "player": {
      "army": 1
    },
    "player_teamB": {
      "army": 2
    },
    "mission": {
      "type": "domination",
      "level": "levels/air_israel.bin",
      "environment": "Day",
      "weather": "hazy"
    }
  },
  "imports": {},
  "triggers": {
    "isCategory": true,
    "is_enabled": true,
    "static_units_mid_init": {
      "is_enabled": true,
      "comments": "",
      "props": {
        "actionsType": "PERFORM_ONE_BY_ONE",
        "conditionsType": "ALL",
        "enableAfterComplete": false
      },
      "events": {
        "initMission": {}
      },
      "conditions": {},
      "actions": {
        "comment": [
          {
            "value": "static units"
          },
          {
            "value": "static aaa"
          },
          {
            "value": ""
          }
        ],
        "unitSetProperties": [
          {
            "object": [
              "t1_artillery_mid_squad",
              "t1_bunkers_mid_squad",
              "t2_artillery_mid_squad",
              "t2_bunkers_mid_squad"
            ],
            "accuracy": 0.1,
            "checkVisibilityTarget": false
          },
          {
            "object": [
              "t1_aaa_static_squad",
              "t2_aaa_static_squad"
            ],
            "targetGnd": false,
            "accuracy": 0.1,
            "airAccuracy": 0.1,
            "fireRandom": true,
            "targetChangeInterval": 5.0,
            "targetChangeProb": 0.25,
            "DelayAfterShoot": 3.0
          }
        ]
      },
      "else_actions": {}
    }
  },
  "mission_objectives": {
    "isCategory": true,
    "is_enabled": true
  },
  "variables": {},
  "dialogs": {},
  "airfields": {},
  "effects": {},
  "units": {
    "objectGroups": [
      {
        "name": "t1_trench_mid_01",
        "tm": [
          [
            0.990442,
            -0.0221441,
            0.136143
          ],
          [
            0.0223522,
            0.99975,
            0.0
          ],
          [
            -0.136109,
            0.0030431,
            0.990689
          ],
          [
            -157.385,
            156.38,
            -7978.24
          ]
        ],
        "unit_class": "dynTrench_small_bunker_axis",
        "objLayer": 2,
        "props": {
          "army": 1,
          "active": true
        }
      },
      {
        "name": "t1_trench_mid_02",
        "tm": [
          [
            0.961365,
            -0.0156583,
            -0.274831
          ],
          [
            -0.012149,
            0.994995,
            -0.0991859
          ],
          [
            0.275009,
            0.0986927,
            0.956363
          ],
          [
            -6246.18,
            105.637,
            -8086.03
          ]
        ],
        "unit_class": "dynTrench_small_bunker_axis",
        "objLayer": 2,
        "props": {
          "army": 1,
          "active": true
        }
      },
      {
        "name": "t1_trench_mid_03",
        "tm": [
          [
            0.999998,
            -0.00177577,
            0.000365641
          ],
          [
            0.00177374,
            0.999983,
            0.00548261
          ],
          [
            -0.00037537,
            -0.00548195,
            0.999985
          ],
          [
            -5385.1,
            146.568,
            -8079.8
          ]
        ],
        "unit_class": "dynTrench_small_bunker_axis",
        "objLayer": 2,
        "props": {
          "army": 1,
          "active": true
        }
      },
      {
        "name": "t1_trench_mid_04",
        "tm": [
          [
            0.999998,
            -0.00178302,
            0.000328472
          ],
          [
            0.00177374,
            0.99965,
            0.0263675
          ],
          [
            -0.00037537,
            -0.0263669,
            0.999652
          ],
          [
            -981.693,
            190.117,
            -8044.61
          ]
        ],
        "unit_class": "dynTrench_small_bunker_axis",
        "objLayer": 2,
        "props": {
          "army": 1,
          "active": true
        }
      },
      {
        "name": "t1_trench_mid_05",
        "tm": [
          [
            0.99984,
            0.0178835,
            0.000365641
          ],
          [
            -0.0178853,
            0.999825,
            0.00548261
          ],
          [
            -0.000267528,
            -0.00548827,
            0.999985
          ],
          [
            -4641.73,
            145.223,
            -8128.46
          ]
        ],
        "unit_class": "dynTrench_small_bunker_axis",
        "objLayer": 2,
        "props": {
          "army": 1,
          "active": true
        }
      },
      {
        "name": "t2_trench_mid_01",
        "tm": [
          [
            -0.857878,
            0.0277348,
            0.513104
          ],
          [
            0.00620732,
            0.999029,
            -0.0436221
          ],
          [
            -0.513816,
            -0.0342375,
            -0.857217
          ],
          [
            -230.977,
            65.119,
            -3764.83
          ]
        ],
        "unit_class": "dynTrench_small_bunker_axis",
        "objLayer": 2,
        "props": {
          "army": 2,
          "active": true
        }
      },
      {
        "name": "t2_trench_mid_02",
        "tm": [
          [
            -0.998427,
            -0.00537787,
            0.055814
          ],
          [
            -0.0100339,
            0.996459,
            -0.0834782
          ],
          [
            -0.0551675,
            -0.0839068,
            -0.994945
          ],
          [
            -6161.45,
            149.967,
            -3566.54
          ]
        ],
        "unit_class": "dynTrench_small_bunker_axis",
        "objLayer": 2,
        "props": {
          "army": 2,
          "active": true
        }
      },
      {
        "name": "t2_trench_mid_03",
        "tm": [
          [
            -0.998271,
            0.0163512,
            0.0564463
          ],
          [
            0.0148926,
            0.999547,
            -0.0261632
          ],
          [
            -0.0568485,
            -0.0252774,
            -0.998063
          ],
          [
            -5451.68,
            161.003,
            -3596.32
          ]
        ],
        "unit_class": "dynTrench_small_bunker_axis",
        "objLayer": 2,
        "props": {
          "army": 2,
          "active": true
        }
      },
      {
        "name": "t2_trench_mid_04",
        "tm": [
          [
            -0.985922,
            -0.0156927,
            0.166467
          ],
          [
            -0.0133326,
            0.999794,
            0.0152854
          ],
          [
            -0.166673,
            0.0128508,
            -0.985929
          ],
          [
            -921.773,
            106.719,
            -3771.8
          ]
        ],
        "unit_class": "dynTrench_small_bunker_axis",
        "objLayer": 2,
        "props": {
          "army": 2,
          "active": true
        }
      },
      {
        "name": "t2_trench_mid_05",
        "tm": [
          [
            -0.998488,
            -0.00355757,
            0.0548547
          ],
          [
            -0.00486723,
            0.999706,
            -0.0237598
          ],
          [
            -0.0547541,
            -0.0239909,
            -0.998212
          ],
          [
            -4604.13,
            138.811,
            -3614.89
          ]
        ],
        "unit_class": "dynTrench_small_bunker_axis",
        "objLayer": 2,
        "props": {
          "army": 2,
          "active": true
        }
      },
      {
        "name": "t1_trench_mid_06",
        "tm": [
          [
            0.999998,
            -0.00178302,
            0.000328472
          ],
          [
            0.00177374,
            0.99965,
            0.0263675
          ],
          [
            -0.00037537,
            -0.0263669,
            0.999652
          ],
          [
            -1746.68,
            190.117,
            -8044.61
          ]
        ],
        "unit_class": "dynTrench_small_bunker_axis",
        "objLayer": 2,
        "props": {
          "army": 1,
          "active": true
        }
      },
      {
        "name": "t2_trench_mid_06",
        "tm": [
          [
            -0.985922,
            -0.0156927,
            0.166467
          ],
          [
            -0.0133326,
            0.999794,
            0.0152854
          ],
          [
            -0.166673,
            0.0128508,
            -0.985929
          ],
          [
            -1645.11,
            106.719,
            -3771.8
          ]
        ],
        "unit_class": "dynTrench_small_bunker_axis",
        "objLayer": 2,
        "props": {
          "army": 2,
          "active": true
        }
      }
    ],
    "structures": [
      {
        "name": "t1_art_mid_01",
        "tm": [
          [
            -0.126428,
            0.00282665,
            0.991971
          ],
          [
            0.0223522,
            0.99975,
            0.0
          ],
          [
            -0.991724,
            0.0221727,
            -0.12646
          ],
          [
            -79.1912,
            159.569,
            -7938.62
          ]
        ],
        "unit_class": "ussr_quest_large_art_noground",
        "objLayer": 1,
        "closed_waypoints": false,
        "isShipSpline": false,
        "shipTurnRadius": 100.0,
        "weapons": "",
        "bullets0": "",
        "bullets1": "",
        "bullets2": "",
        "bullets3": "",
        "bulletsCount0": 0,
        "bulletsCount1": 0,
        "bulletsCount2": 0,
        "bulletsCount3": 0,
        "crewSkillK": 0.0,
        "applyAllMods": false,
        "props": {
          "army": 1,
          "count": 1,
          "formation_type": "rows",
          "formation_div": 3,
          "formation_step": [
            2.5,
            2.0
          ],
          "formation_noise": [
            0.1,
            0.1
          ]
        },
        "way": {}
      },
      {
        "name": "t1_art_mid_02",
        "tm": [
          [
            -0.126428,
            0.00282665,
            0.991971
          ],
          [
            0.0223522,
            0.99975,
            0.0
          ],
          [
            -0.991724,
            0.0221727,
            -0.12646
          ],
          [
            -238.501,
            166.38,
            -7991.15
          ]
        ],
        "unit_class": "ussr_quest_large_art_noground",
        "objLayer": 1,
        "closed_waypoints": false,
        "isShipSpline": false,
        "shipTurnRadius": 100.0,
        "weapons": "",
        "bullets0": "",
        "bullets1": "",
        "bullets2": "",
        "bullets3": "",
        "bulletsCount0": 0,
        "bulletsCount1": 0,
        "bulletsCount2": 0,
        "bulletsCount3": 0,
        "crewSkillK": 0.0,
        "applyAllMods": false,
        "props": {
          "army": 1,
          "count": 1,
          "formation_type": "rows",
          "formation_div": 3,
          "formation_step": [
            2.5,
            2.0
          ],
          "formation_noise": [
            0.1,
            0.1
          ]
        },
        "way": {}
      },
      {
        "name": "t1_bunker_mid_01",
        "tm": [
          [
            -0.223272,
            0.00499187,
            0.974743
          ],
          [
            0.0223522,
            0.99975,
            0.0
          ],
          [
            -0.9745,
            0.0217876,
            -0.223328
          ],
          [
            -148.67,
            167.64,
            -7966.58
          ]
        ],
        "unit_class": "uk_bunker_light_fat",
        "objLayer": 1,
        "closed_waypoints": false,
        "isShipSpline": false,
        "shipTurnRadius": 100.0,
        "weapons": "",
        "bullets0": "",
        "bullets1": "",
        "bullets2": "",
        "bullets3": "",
        "bulletsCount0": 0,
        "bulletsCount1": 0,
        "bulletsCount2": 0,
        "bulletsCount3": 0,
        "crewSkillK": 0.0,
        "applyAllMods": false,
        "props": {
          "army": 1,
          "count": 1,
          "formation_type": "rows",
          "formation_div": 3,
          "formation_step": [
            2.5,
            2.0
          ],
          "formation_noise": [
            0.1,
            0.1
          ]
        },
        "way": {}
      },
      {
        "name": "t1_art_mid_03",
        "tm": [
          [
            0.284386,
            0.0985351,
            0.953633
          ],
          [
            -0.012149,
            0.994995,
            -0.0991859
          ],
          [
            -0.958633,
            0.0166215,
            0.28416
          ],
          [
            -6158.81,
            112.078,
            -8081.9
          ]
        ],
        "unit_class": "ussr_quest_large_art_noground",
        "objLayer": 1,
        "closed_waypoints": false,
        "isShipSpline": false,
        "shipTurnRadius": 100.0,
        "weapons": "",
        "bullets0": "",
        "bullets1": "",
        "bullets2": "",
        "bullets3": "",
        "bulletsCount0": 0,
        "bulletsCount1": 0,
        "bulletsCount2": 0,
        "bulletsCount3": 0,
        "crewSkillK": 0.0,
        "applyAllMods": false,
        "props": {
          "army": 1,
          "count": 1,
          "formation_type": "rows",
          "formation_div": 3,
          "formation_step": [
            2.5,
            2.0
          ],
          "formation_noise": [
            0.1,
            0.1
          ]
        },
        "way": {}
      },
      {
        "name": "t1_art_mid_04",
        "tm": [
          [
            0.284386,
            0.0985351,
            0.953633
          ],
          [
            -0.012149,
            0.994995,
            -0.0991859
          ],
          [
            -0.958633,
            0.0166215,
            0.28416
          ],
          [
            -6325.9,
            114.899,
            -8065.87
          ]
        ],
        "unit_class": "ussr_quest_large_art_noground",
        "objLayer": 1,
        "closed_waypoints": false,
        "isShipSpline": false,
        "shipTurnRadius": 100.0,
        "weapons": "",
        "bullets0": "",
        "bullets1": "",
        "bullets2": "",
        "bullets3": "",
        "bulletsCount0": 0,
        "bulletsCount1": 0,
        "bulletsCount2": 0,
        "bulletsCount3": 0,
        "crewSkillK": 0.0,
        "applyAllMods": false,
        "props": {
          "army": 1,
          "count": 1,
          "formation_type": "rows",
          "formation_div": 3,
          "formation_step": [
            2.5,
            2.0
          ],
          "formation_noise": [
            0.1,
            0.1
          ]
        },
        "way": {}
      },
      {
        "name": "t1_bunker_mid_02",
        "tm": [
          [
            0.188806,
            0.0996915,
            0.976941
          ],
          [
            -0.012149,
            0.994995,
            -0.0991859
          ],
          [
            -0.98194,
            0.00685804,
            0.189072
          ],
          [
            -6233.88,
            117.902,
            -8079.97
          ]
        ],
        "unit_class": "uk_bunker_light_fat",
        "objLayer": 1,
        "closed_waypoints": false,
        "isShipSpline": false,
        "shipTurnRadius": 100.0,
        "weapons": "",
        "bullets0": "",
        "bullets1": "",
        "bullets2": "",
        "bullets3": "",
        "bulletsCount0": 0,
        "bulletsCount1": 0,
        "bulletsCount2": 0,
        "bulletsCount3": 0,
        "crewSkillK": 0.0,
        "applyAllMods": false,
        "props": {
          "army": 1,
          "count": 1,
          "formation_type": "rows",
          "formation_div": 3,
          "formation_step": [
            2.5,
            2.0
          ],
          "formation_noise": [
            0.1,
            0.1
          ]
        },
        "way": {}
      },
      {
        "name": "t1_art_mid_05",
        "tm": [
          [
            0.00939268,
            -0.00549904,
            0.999941
          ],
          [
            0.00177374,
            0.999983,
            0.00548261
          ],
          [
            -0.999954,
            0.00172214,
            0.00940228
          ],
          [
            -5302.34,
            151.2,
            -8051.13
          ]
        ],
        "unit_class": "ussr_quest_large_art_noground",
        "objLayer": 1,
        "closed_waypoints": false,
        "isShipSpline": false,
        "shipTurnRadius": 100.0,
        "weapons": "",
        "bullets0": "",
        "bullets1": "",
        "bullets2": "",
        "bullets3": "",
        "bulletsCount0": 0,
        "bulletsCount1": 0,
        "bulletsCount2": 0,
        "bulletsCount3": 0,
        "crewSkillK": 0.0,
        "applyAllMods": false,
        "props": {
          "army": 1,
          "count": 1,
          "formation_type": "rows",
          "formation_div": 3,
          "formation_step": [
            2.5,
            2.0
          ],
          "formation_noise": [
            0.1,
            0.1
          ]
        },
        "way": {}
      },
      {
        "name": "t1_art_mid_06",
        "tm": [
          [
            0.00939268,
            -0.00549904,
            0.999941
          ],
          [
            0.00177374,
            0.999983,
            0.00548261
          ],
          [
            -0.999954,
            0.00172214,
            0.00940228
          ],
          [
            -5467.42,
            154.907,
            -8081.51
          ]
        ],
        "unit_class": "ussr_quest_large_art_noground",
        "objLayer": 1,
        "closed_waypoints": false,
        "isShipSpline": false,
        "shipTurnRadius": 100.0,
        "weapons": "",
        "bullets0": "",
        "bullets1": "",
        "bullets2": "",
        "bullets3": "",
        "bulletsCount0": 0,
        "bulletsCount1": 0,
        "bulletsCount2": 0,
        "bulletsCount3": 0,
        "crewSkillK": 0.0,
        "applyAllMods": false,
        "props": {
          "army": 1,
          "count": 1,
          "formation_type": "rows",
          "formation_div": 3,
          "formation_step": [
            2.5,
            2.0
          ],
          "formation_noise": [
            0.1,
            0.1
          ]
        },
        "way": {}
      },
      {
        "name": "t1_bunker_mid_03",
        "tm": [
          [
            -0.0889175,
            -0.00530319,
            0.996025
          ],
          [
            0.00177374,
            0.999983,
            0.00548261
          ],
          [
            -0.996037,
            0.0022542,
            -0.0889066
          ],
          [
            -5375.12,
            157.945,
            -8069.34
          ]
        ],
        "unit_class": "uk_bunker_light_fat",
        "objLayer": 1,
        "closed_waypoints": false,
        "isShipSpline": false,
        "shipTurnRadius": 100.0,
        "weapons": "",
        "bullets0": "",
        "bullets1": "",
        "bullets2": "",
        "bullets3": "",
        "bulletsCount0": 0,
        "bulletsCount1": 0,
        "bulletsCount2": 0,
        "bulletsCount3": 0,
        "crewSkillK": 0.0,
        "applyAllMods": false,
        "props": {
          "army": 1,
          "count": 1,
          "formation_type": "rows",
          "formation_div": 3,
          "formation_step": [
            2.5,
            2.0
          ],
          "formation_noise": [
            0.1,
            0.1
          ]
        },
        "way": {}
      },
      {
        "name": "t1_art_mid_07",
        "tm": [
          [
            0.00939268,
            -0.026383,
            0.999608
          ],
          [
            0.00177374,
            0.99965,
            0.0263675
          ],
          [
            -0.999954,
            0.00152538,
            0.0094362
          ],
          [
            -898.932,
            194.149,
            -8015.85
          ]
        ],
        "unit_class": "ussr_quest_large_art_noground",
        "objLayer": 1,
        "closed_waypoints": false,
        "isShipSpline": false,
        "shipTurnRadius": 100.0,
        "weapons": "",
        "bullets0": "",
        "bullets1": "",
        "bullets2": "",
        "bullets3": "",
        "bulletsCount0": 0,
        "bulletsCount1": 0,
        "bulletsCount2": 0,
        "bulletsCount3": 0,
        "crewSkillK": 0.0,
        "applyAllMods": false,
        "props": {
          "army": 1,
          "count": 1,
          "formation_type": "rows",
          "formation_div": 3,
          "formation_step": [
            2.5,
            2.0
          ],
          "formation_noise": [
            0.1,
            0.1
          ]
        },
        "way": {}
      },
      {
        "name": "t1_art_mid_08",
        "tm": [
          [
            0.00939268,
            -0.026383,
            0.999608
          ],
          [
            0.00177374,
            0.99965,
            0.0263675
          ],
          [
            -0.999954,
            0.00152538,
            0.0094362
          ],
          [
            -1064.0,
            198.49,
            -8046.15
          ]
        ],
        "unit_class": "ussr_quest_large_art_noground",
        "objLayer": 1,
        "closed_waypoints": false,
        "isShipSpline": false,
        "shipTurnRadius": 100.0,
        "weapons": "",
        "bullets0": "",
        "bullets1": "",
        "bullets2": "",
        "bullets3": "",
        "bulletsCount0": 0,
        "bulletsCount1": 0,
        "bulletsCount2": 0,
        "bulletsCount3": 0,
        "crewSkillK": 0.0,
        "applyAllMods": false,
        "props": {
          "army": 1,
          "count": 1,
          "formation_type": "rows",
          "formation_div": 3,
          "formation_step": [
            2.5,
            2.0
          ],
          "formation_noise": [
            0.1,
            0.1
          ]
        },
        "way": {}
      },
      {
        "name": "t1_bunker_mid_04",
        "tm": [
          [
            -0.0889175,
            -0.0261054,
            0.995697
          ],
          [
            0.00177374,
            0.99965,
            0.0263675
          ],
          [
            -0.996037,
            0.00411065,
            -0.0888401
          ],
          [
            -971.703,
            201.273,
            -8033.92
          ]
        ],
        "unit_class": "uk_bunker_light_fat",
        "objLayer": 1,
        "closed_waypoints": false,
        "isShipSpline": false,
        "shipTurnRadius": 100.0,
        "weapons": "",
        "bullets0": "",
        "bullets1": "",
        "bullets2": "",
        "bullets3": "",
        "bulletsCount0": 0,
        "bulletsCount1": 0,
        "bulletsCount2": 0,
        "bulletsCount3": 0,
        "crewSkillK": 0.0,
        "applyAllMods": false,
        "props": {
          "army": 1,
          "count": 1,
          "formation_type": "rows",
          "formation_div": 3,
          "formation_step": [
            2.5,
            2.0
          ],
          "formation_noise": [
            0.1,
            0.1
          ]
        },
        "way": {}
      },
      {
        "name": "t1_art_mid_09",
        "tm": [
          [
            0.00949897,
            -0.00531332,
            0.999941
          ],
          [
            -0.0178853,
            0.999825,
            0.00548261
          ],
          [
            -0.999795,
            -0.0179363,
            0.00940228
          ],
          [
            -4559.07,
            151.481,
            -8099.78
          ]
        ],
        "unit_class": "ussr_quest_large_art_noground",
        "objLayer": 1,
        "closed_waypoints": false,
        "isShipSpline": false,
        "shipTurnRadius": 100.0,
        "weapons": "",
        "bullets0": "",
        "bullets1": "",
        "bullets2": "",
        "bullets3": "",
        "bulletsCount0": 0,
        "bulletsCount1": 0,
        "bulletsCount2": 0,
        "bulletsCount3": 0,
        "crewSkillK": 0.0,
        "applyAllMods": false,
        "props": {
          "army": 1,
          "count": 1,
          "formation_type": "rows",
          "formation_div": 3,
          "formation_step": [
            2.5,
            2.0
          ],
          "formation_noise": [
            0.1,
            0.1
          ]
        },
        "way": {}
      },
      {
        "name": "t1_art_mid_10",
        "tm": [
          [
            0.00949897,
            -0.00531332,
            0.999941
          ],
          [
            -0.0178853,
            0.999825,
            0.00548261
          ],
          [
            -0.999795,
            -0.0179363,
            0.00940228
          ],
          [
            -4724.19,
            151.942,
            -8130.17
          ]
        ],
        "unit_class": "ussr_quest_large_art_noground",
        "objLayer": 1,
        "closed_waypoints": false,
        "isShipSpline": false,
        "shipTurnRadius": 100.0,
        "weapons": "",
        "bullets0": "",
        "bullets1": "",
        "bullets2": "",
        "bullets3": "",
        "bulletsCount0": 0,
        "bulletsCount1": 0,
        "bulletsCount2": 0,
        "bulletsCount3": 0,
        "crewSkillK": 0.0,
        "applyAllMods": false,
        "props": {
          "army": 1,
          "count": 1,
          "formation_type": "rows",
          "formation_div": 3,
          "formation_step": [
            2.5,
            2.0
          ],
          "formation_noise": [
            0.1,
            0.1
          ]
        },
        "way": {}
      },
      {
        "name": "t1_bunker_mid_05",
        "tm": [
          [
            -0.0887961,
            -0.00705019,
            0.996025
          ],
          [
            -0.0178853,
            0.999825,
            0.00548261
          ],
          [
            -0.995889,
            -0.0173273,
            -0.0889066
          ],
          [
            -4631.97,
            156.794,
            -8118.0
          ]
        ],
        "unit_class": "uk_bunker_light_fat",
        "objLayer": 1,
        "closed_waypoints": false,
        "isShipSpline": false,
        "shipTurnRadius": 100.0,
        "weapons": "",
        "bullets0": "",
        "bullets1": "",
        "bullets2": "",
        "bullets3": "",
        "bulletsCount0": 0,
        "bulletsCount1": 0,
        "bulletsCount2": 0,
        "bulletsCount3": 0,
        "crewSkillK": 0.0,
        "applyAllMods": false,
        "props": {
          "army": 1,
          "count": 1,
          "formation_type": "rows",
          "formation_div": 3,
          "formation_step": [
            2.5,
            2.0
          ],
          "formation_noise": [
            0.1,
            0.1
          ]
        },
        "way": {}
      },
      {
        "name": "t2_art_mid_01",
        "tm": [
          [
            -0.522171,
            -0.0339649,
            -0.852164
          ],
          [
            0.00620732,
            0.999029,
            -0.0436221
          ],
          [
            0.852818,
            -0.0280679,
            -0.521453
          ],
          [
            -316.662,
            71.366,
            -3747.11
          ]
        ],
        "unit_class": "ussr_quest_large_art_noground",
        "objLayer": 1,
        "closed_waypoints": false,
        "isShipSpline": false,
        "shipTurnRadius": 100.0,
        "weapons": "",
        "bullets0": "",
        "bullets1": "",
        "bullets2": "",
        "bullets3": "",
        "bulletsCount0": 0,
        "bulletsCount1": 0,
        "bulletsCount2": 0,
        "bulletsCount3": 0,
        "crewSkillK": 0.0,
        "applyAllMods": false,
        "props": {
          "army": 2,
          "count": 1,
          "formation_type": "rows",
          "formation_div": 3,
          "formation_step": [
            2.5,
            2.0
          ],
          "formation_noise": [
            0.1,
            0.1
          ]
        },
        "way": {}
      },
      {
        "name": "t2_art_mid_02",
        "tm": [
          [
            -0.522171,
            -0.0339649,
            -0.852164
          ],
          [
            0.00620732,
            0.999029,
            -0.0436221
          ],
          [
            0.852818,
            -0.0280679,
            -0.521453
          ],
          [
            -159.414,
            71.071,
            -3805.95
          ]
        ],
        "unit_class": "ussr_quest_large_art_noground",
        "objLayer": 1,
        "closed_waypoints": false,
        "isShipSpline": false,
        "shipTurnRadius": 100.0,
        "weapons": "",
        "bullets0": "",
        "bullets1": "",
        "bullets2": "",
        "bullets3": "",
        "bulletsCount0": 0,
        "bulletsCount1": 0,
        "bulletsCount2": 0,
        "bulletsCount3": 0,
        "crewSkillK": 0.0,
        "applyAllMods": false,
        "props": {
          "army": 2,
          "count": 1,
          "formation_type": "rows",
          "formation_div": 3,
          "formation_step": [
            2.5,
            2.0
          ],
          "formation_noise": [
            0.1,
            0.1
          ]
        },
        "way": {}
      },
      {
        "name": "t2_bunker_mid_01",
        "tm": [
          [
            -0.435838,
            -0.0365588,
            -0.899282
          ],
          [
            0.00620732,
            0.999029,
            -0.0436221
          ],
          [
            0.900004,
            -0.0245944,
            -0.435187
          ],
          [
            -244.804,
            76.481,
            -3769.12
          ]
        ],
        "unit_class": "uk_bunker_light_fat",
        "objLayer": 1,
        "closed_waypoints": false,
        "isShipSpline": false,
        "shipTurnRadius": 100.0,
        "weapons": "",
        "bullets0": "",
        "bullets1": "",
        "bullets2": "",
        "bullets3": "",
        "bulletsCount0": 0,
        "bulletsCount1": 0,
        "bulletsCount2": 0,
        "bulletsCount3": 0,
        "crewSkillK": 0.0,
        "applyAllMods": false,
        "props": {
          "army": 2,
          "count": 1,
          "formation_type": "rows",
          "formation_div": 3,
          "formation_step": [
            2.5,
            2.0
          ],
          "formation_noise": [
            0.1,
            0.1
          ]
        },
        "way": {}
      },
      {
        "name": "t2_art_mid_03",
        "tm": [
          [
            -0.0649175,
            -0.0839553,
            -0.994353
          ],
          [
            -0.0100339,
            0.996459,
            -0.0834782
          ],
          [
            0.99784,
            0.00455801,
            -0.06553
          ],
          [
            -6245.72,
            152.038,
            -3590.81
          ]
        ],
        "unit_class": "ussr_quest_large_art_noground",
        "objLayer": 1,
        "closed_waypoints": false,
        "isShipSpline": false,
        "shipTurnRadius": 100.0,
        "weapons": "",
        "bullets0": "",
        "bullets1": "",
        "bullets2": "",
        "bullets3": "",
        "bulletsCount0": 0,
        "bulletsCount1": 0,
        "bulletsCount2": 0,
        "bulletsCount3": 0,
        "crewSkillK": 0.0,
        "applyAllMods": false,
        "props": {
          "army": 2,
          "count": 1,
          "formation_type": "rows",
          "formation_div": 3,
          "formation_step": [
            2.5,
            2.0
          ],
          "formation_noise": [
            0.1,
            0.1
          ]
        },
        "way": {}
      },
      {
        "name": "t2_art_mid_04",
        "tm": [
          [
            -0.0649175,
            -0.0839553,
            -0.994353
          ],
          [
            -0.0100339,
            0.996459,
            -0.0834782
          ],
          [
            0.99784,
            0.00455801,
            -0.06553
          ],
          [
            -6079.24,
            158.709,
            -3570.11
          ]
        ],
        "unit_class": "ussr_quest_large_art_noground",
        "objLayer": 1,
        "closed_waypoints": false,
        "isShipSpline": false,
        "shipTurnRadius": 100.0,
        "weapons": "",
        "bullets0": "",
        "bullets1": "",
        "bullets2": "",
        "bullets3": "",
        "bulletsCount0": 0,
        "bulletsCount1": 0,
        "bulletsCount2": 0,
        "bulletsCount3": 0,
        "crewSkillK": 0.0,
        "applyAllMods": false,
        "props": {
          "army": 2,
          "count": 1,
          "formation_type": "rows",
          "formation_div": 3,
          "formation_step": [
            2.5,
            2.0
          ],
          "formation_noise": [
            0.1,
            0.1
          ]
        },
        "way": {}
      },
      {
        "name": "t2_bunker_mid_02",
        "tm": [
          [
            0.0334536,
            -0.0831011,
            -0.995979
          ],
          [
            -0.0100339,
            0.996459,
            -0.0834782
          ],
          [
            0.999389,
            0.0127862,
            0.0325014
          ],
          [
            -6172.1,
            160.452,
            -3577.28
          ]
        ],
        "unit_class": "uk_bunker_light_fat",
        "objLayer": 1,
        "closed_waypoints": false,
        "isShipSpline": false,
        "shipTurnRadius": 100.0,
        "weapons": "",
        "bullets0": "",
        "bullets1": "",
        "bullets2": "",
        "bullets3": "",
        "bulletsCount0": 0,
        "bulletsCount1": 0,
        "bulletsCount2": 0,
        "bulletsCount3": 0,
        "crewSkillK": 0.0,
        "applyAllMods": false,
        "props": {
          "army": 2,
          "count": 1,
          "formation_type": "rows",
          "formation_div": 3,
          "formation_step": [
            2.5,
            2.0
          ],
          "formation_noise": [
            0.1,
            0.1
          ]
        },
        "way": {}
      },
      {
        "name": "t2_art_mid_05",
        "tm": [
          [
            -0.066597,
            -0.0251164,
            -0.997464
          ],
          [
            0.0148926,
            0.999547,
            -0.0261632
          ],
          [
            0.997669,
            -0.0165973,
            -0.0661927
          ],
          [
            -5535.86,
            166.566,
            -3620.33
          ]
        ],
        "unit_class": "ussr_quest_large_art_noground",
        "objLayer": 1,
        "closed_waypoints": false,
        "isShipSpline": false,
        "shipTurnRadius": 100.0,
        "weapons": "",
        "bullets0": "",
        "bullets1": "",
        "bullets2": "",
        "bullets3": "",
        "bulletsCount0": 0,
        "bulletsCount1": 0,
        "bulletsCount2": 0,
        "bulletsCount3": 0,
        "crewSkillK": 0.0,
        "applyAllMods": false,
        "props": {
          "army": 2,
          "count": 1,
          "formation_type": "rows",
          "formation_div": 3,
          "formation_step": [
            2.5,
            2.0
          ],
          "formation_noise": [
            0.1,
            0.1
          ]
        },
        "way": {}
      },
      {
        "name": "t2_art_mid_06",
        "tm": [
          [
            -0.066597,
            -0.0251164,
            -0.997464
          ],
          [
            0.0148926,
            0.999547,
            -0.0261632
          ],
          [
            0.997669,
            -0.0165973,
            -0.0661927
          ],
          [
            -5369.28,
            167.881,
            -3599.46
          ]
        ],
        "unit_class": "ussr_quest_large_art_noground",
        "objLayer": 1,
        "closed_waypoints": false,
        "isShipSpline": false,
        "shipTurnRadius": 100.0,
        "weapons": "",
        "bullets0": "",
        "bullets1": "",
        "bullets2": "",
        "bullets3": "",
        "bulletsCount0": 0,
        "bulletsCount1": 0,
        "bulletsCount2": 0,
        "bulletsCount3": 0,
        "crewSkillK": 0.0,
        "applyAllMods": false,
        "props": {
          "army": 2,
          "count": 1,
          "formation_type": "rows",
          "formation_div": 3,
          "formation_step": [
            2.5,
            2.0
          ],
          "formation_noise": [
            0.1,
            0.1
          ]
        },
        "way": {}
      },
      {
        "name": "t2_bunker_mid_03",
        "tm": [
          [
            0.0317655,
            -0.0266259,
            -0.999141
          ],
          [
            0.0148926,
            0.999547,
            -0.0261632
          ],
          [
            0.999384,
            -0.0140487,
            0.0321476
          ],
          [
            -5462.06,
            172.351,
            -3606.42
          ]
        ],
        "unit_class": "uk_bunker_light_fat",
        "objLayer": 1,
        "closed_waypoints": false,
        "isShipSpline": false,
        "shipTurnRadius": 100.0,
        "weapons": "",
        "bullets0": "",
        "bullets1": "",
        "bullets2": "",
        "bullets3": "",
        "bulletsCount0": 0,
        "bulletsCount1": 0,
        "bulletsCount2": 0,
        "bulletsCount3": 0,
        "crewSkillK": 0.0,
        "applyAllMods": false,
        "props": {
          "army": 2,
          "count": 1,
          "formation_type": "rows",
          "formation_div": 3,
          "formation_step": [
            2.5,
            2.0
          ],
          "formation_noise": [
            0.1,
            0.1
          ]
        },
        "way": {}
      },
      {
        "name": "t2_art_mid_07",
        "tm": [
          [
            -0.176295,
            0.0126969,
            -0.984255
          ],
          [
            -0.0133326,
            0.999794,
            0.0152854
          ],
          [
            0.984247,
            0.0158174,
            -0.17609
          ],
          [
            -1008.2,
            110.723,
            -3786.15
          ]
        ],
        "unit_class": "ussr_quest_large_art_noground",
        "objLayer": 1,
        "closed_waypoints": false,
        "isShipSpline": false,
        "shipTurnRadius": 100.0,
        "weapons": "",
        "bullets0": "",
        "bullets1": "",
        "bullets2": "",
        "bullets3": "",
        "bulletsCount0": 0,
        "bulletsCount1": 0,
        "bulletsCount2": 0,
        "bulletsCount3": 0,
        "crewSkillK": 0.0,
        "applyAllMods": false,
        "props": {
          "army": 2,
          "count": 1,
          "formation_type": "rows",
          "formation_div": 3,
          "formation_step": [
            2.5,
            2.0
          ],
          "formation_noise": [
            0.1,
            0.1
          ]
        },
        "way": {}
      },
      {
        "name": "t2_art_mid_08",
        "tm": [
          [
            -0.176295,
            0.0126969,
            -0.984255
          ],
          [
            -0.0133326,
            0.999794,
            0.0152854
          ],
          [
            0.984247,
            0.0158174,
            -0.17609
          ],
          [
            -840.423,
            116.171,
            -3783.67
          ]
        ],
        "unit_class": "ussr_quest_large_art_noground",
        "objLayer": 1,
