{
  "selected_tag": "",
  "bin_dump_file": "",
  "mission_settings": {
    "player": {
      "army": 1
    },
    "player_teamB": {
      "army": 2
    },
    "mission": {
      "type": "domination",
      "level": "levels/air_israel.bin",
      "environment": "Day",
      "weather": "hazy"
    }
  },
  "imports": {},
  "triggers": {
    "isCategory": true,
    "is_enabled": true,
    "static_units_mid_init": {
      "is_enabled": true,
      "comments": "",
      "props": {
        "actionsType": "PERFORM_ONE_BY_ONE",
        "conditionsType": "ALL",
        "enableAfterComplete": false
      },
      "events": {
        "initMission": {}
      },
      "conditions": {},
      "actions": {
        "comment": [
          {
            "value": "static units"
          },
          {
            "value": "static aaa"
          },
          {
            "value": ""
          }
        ],
        "unitSetProperties": [
          {
            "object": [
              "t1_artillery_mid_squad",
              "t1_bunkers_mid_squad",
              "t2_artillery_mid_squad",
              "t2_bunkers_mid_squad"
            ],
            "accuracy": 0.1,
            "checkVisibilityTarget": false
          },
          {
            "object": [
              "t1_aaa_static_squad",
              "t2_aaa_static_squad"
            ],
            "targetGnd": false,
            "accuracy": 0.1,
            "airAccuracy": 0.1,
            "fireRandom": true,
            "targetChangeInterval": 5.0,
            "targetChangeProb": 0.25,
            "DelayAfterShoot": 3.0
          }
        ]
      },
      "else_actions": {}
    }
  },
  "mission_objectives": {
    "isCategory": true,
    "is_enabled": true
  },
  "variables": {},
  "dialogs": {},
  "airfields": {},
  "effects": {},
  "units": {
    "objectGroups": [
      {
        "name": "t1_trench_mid_01",
        "tm": [
          [
            0.990442,
            -0.0221441,
            0.136143
          ],
          [
            0.0223522,
            0.99975,
            0.0
          ],
          [
            -0.136109,
            0.0030431,
            0.990689
          ],
          [
            -157.385,
            273.119,
            -7978.24
          ]
        ],
        "unit_class": "dynTrench_small_bunker_axis",
        "objLayer": 2,
        "props": {
          "army": 1,
          "active": true
        }
      },
      {
        "name": "t1_trench_mid_02",
        "tm": [
          [
            0.961365,
            -0.0156583,
            -0.274831
          ],
          [
            -0.012149,
            0.994995,
            -0.0991859
          ],
          [
            0.275009,
            0.0986927,
            0.956363
          ],
          [
            -6246.18,
            200.71,
            -8086.03
          ]
        ],
        "unit_class": "dynTrench_small_bunker_axis",
        "objLayer": 2,
        "props": {
          "army": 1,
          "active": true
        }
      },
      {
        "name": "t1_trench_mid_03",
        "tm": [
          [
            0.999998,
            -0.00177577,
            0.000365641
          ],
          [
            0.00177374,
            0.999983,
            0.00548261
          ],
          [
            -0.00037537,
            -0.00548195,
            0.999985
          ],
          [
            -5036.16,
            241.641,
            -8475.41
          ]
        ],
        "unit_class": "dynTrench_small_bunker_axis",
        "objLayer": 2,
        "props": {
          "army": 1,
          "active": true
        }
      },
      {
        "name": "t1_trench_mid_04",
        "tm": [
          [
            0.999998,
            -0.00178302,
            0.000328472
          ],
          [
            0.00177374,
            0.99965,
            0.0263675
          ],
          [
            -0.00037537,
            -0.0263669,
            0.999652
          ],
          [
            -1381.42,
            306.856,
            -8430.52
          ]
        ],
        "unit_class": "dynTrench_small_bunker_axis",
        "objLayer": 2,
        "props": {
          "army": 1,
          "active": true
        }
      },
      {
        "name": "t1_trench_mid_05",
        "tm": [
          [
            0.99984,
            0.0178835,
            0.000365641
          ],
          [
            -0.0178853,
            0.999825,
            0.00548261
          ],
          [
            -0.000267528,
            -0.00548827,
            0.999985
          ],
          [
            -3299.43,
            287.922,
            -8694.14
          ]
        ],
        "unit_class": "dynTrench_small_bunker_axis",
        "objLayer": 2,
        "props": {
          "army": 1,
          "active": true
        }
      },
      {
        "name": "t2_trench_mid_01",
        "tm": [
          [
            -0.857878,
            0.0277348,
            0.513104
          ],
          [
            0.00620732,
            0.999029,
            -0.0436221
          ],
          [
            -0.513816,
            -0.0342375,
            -0.857217
          ],
          [
            -176.972,
            226.041,
            -3330.12
          ]
        ],
        "unit_class": "dynTrench_small_bunker_axis",
        "objLayer": 2,
        "props": {
          "army": 2,
          "active": true
        }
      },
      {
        "name": "t2_trench_mid_02",
        "tm": [
          [
            -0.998427,
            -0.00537787,
            0.055814
          ],
          [
            -0.0100339,
            0.996459,
            -0.0834782
          ],
          [
            -0.0551675,
            -0.0839068,
            -0.994945
          ],
          [
            -6161.45,
            310.239,
            -3299.95
          ]
        ],
        "unit_class": "dynTrench_small_bunker_axis",
        "objLayer": 2,
        "props": {
          "army": 2,
          "active": true
        }
      },
      {
        "name": "t2_trench_mid_03",
        "tm": [
          [
            -0.998271,
            0.0163512,
            0.0564463
          ],
          [
            0.0148926,
            0.999547,
            -0.0261632
          ],
          [
            -0.0568485,
            -0.0252774,
            -0.998063
          ],
          [
            -5041.94,
            321.275,
            -2910.41
          ]
        ],
        "unit_class": "dynTrench_small_bunker_axis",
        "objLayer": 2,
        "props": {
          "army": 2,
          "active": true
        }
      },
      {
        "name": "t2_trench_mid_04",
        "tm": [
          [
            -0.985922,
            -0.0156927,
            0.166467
          ],
          [
            -0.0133326,
            0.999794,
            0.0152854
          ],
          [
            -0.166673,
            0.0128508,
            -0.985929
          ],
          [
            -1792.23,
            267.641,
            -2901.4
          ]
        ],
        "unit_class": "dynTrench_small_bunker_axis",
        "objLayer": 2,
        "props": {
          "army": 2,
          "active": true
        }
      },
      {
        "name": "t2_trench_mid_05",
        "tm": [
          [
            -0.998488,
            -0.00355757,
            0.0548547
          ],
          [
            -0.00486723,
            0.999706,
            -0.0237598
          ],
          [
            -0.0547541,
            -0.0239909,
            -0.998212
          ],
          [
            -3285.26,
            299.083,
            -2698.78
          ]
        ],
        "unit_class": "dynTrench_small_bunker_axis",
        "objLayer": 2,
        "props": {
          "army": 2,
          "active": true
        }
      }
    ],
    "structures": [
      {
        "name": "t1_art_mid_01",
        "tm": [
          [
            -0.126428,
            0.00282665,
            0.991971
          ],
          [
            0.0223522,
            0.99975,
            0.0
          ],
          [
            -0.991724,
            0.0221727,
            -0.12646
          ],
          [
            -79.1912,
            276.308,
            -7938.62
          ]
        ],
        "unit_class": "ussr_quest_large_art_noground",
        "objLayer": 1,
        "closed_waypoints": false,
        "isShipSpline": false,
        "shipTurnRadius": 100.0,
        "weapons": "",
        "bullets0": "",
        "bullets1": "",
        "bullets2": "",
        "bullets3": "",
        "bulletsCount0": 0,
        "bulletsCount1": 0,
        "bulletsCount2": 0,
        "bulletsCount3": 0,
        "crewSkillK": 0.0,
        "applyAllMods": false,
        "props": {
          "army": 1,
          "count": 1,
          "formation_type": "rows",
          "formation_div": 3,
          "formation_step": [
            2.5,
            2.0
          ],
          "formation_noise": [
            0.1,
            0.1
          ]
        },
        "way": {}
      },
      {
        "name": "t1_art_mid_02",
        "tm": [
          [
            -0.126428,
            0.00282665,
            0.991971
          ],
          [
            0.0223522,
            0.99975,
            0.0
          ],
          [
            -0.991724,
            0.0221727,
            -0.12646
          ],
          [
            -238.501,
            283.119,
            -7991.15
          ]
        ],
        "unit_class": "ussr_quest_large_art_noground",
        "objLayer": 1,
        "closed_waypoints": false,
        "isShipSpline": false,
        "shipTurnRadius": 100.0,
        "weapons": "",
        "bullets0": "",
        "bullets1": "",
        "bullets2": "",
        "bullets3": "",
        "bulletsCount0": 0,
        "bulletsCount1": 0,
        "bulletsCount2": 0,
        "bulletsCount3": 0,
        "crewSkillK": 0.0,
        "applyAllMods": false,
        "props": {
          "army": 1,
          "count": 1,
          "formation_type": "rows",
          "formation_div": 3,
          "formation_step": [
            2.5,
            2.0
          ],
          "formation_noise": [
            0.1,
            0.1
          ]
        },
        "way": {}
      },
      {
        "name": "t1_bunker_mid_01",
        "tm": [
          [
            -0.223272,
            0.00499187,
            0.974743
          ],
          [
            0.0223522,
            0.99975,
            0.0
          ],
          [
            -0.9745,
            0.0217876,
            -0.223328
          ],
          [
            -148.67,
            284.379,
            -7966.58
          ]
        ],
        "unit_class": "uk_bunker_light_fat",
        "objLayer": 1,
        "closed_waypoints": false,
        "isShipSpline": false,
        "shipTurnRadius": 100.0,
        "weapons": "",
        "bullets0": "",
        "bullets1": "",
        "bullets2": "",
        "bullets3": "",
        "bulletsCount0": 0,
        "bulletsCount1": 0,
        "bulletsCount2": 0,
        "bulletsCount3": 0,
        "crewSkillK": 0.0,
        "applyAllMods": false,
        "props": {
          "army": 1,
          "count": 1,
          "formation_type": "rows",
          "formation_div": 3,
          "formation_step": [
            2.5,
            2.0
          ],
          "formation_noise": [
            0.1,
            0.1
          ]
        },
        "way": {}
      },
      {
        "name": "t1_art_mid_03",
        "tm": [
          [
            0.284386,
            0.0985351,
            0.953633
          ],
          [
            -0.012149,
            0.994995,
            -0.0991859
          ],
          [
            -0.958633,
            0.0166215,
            0.28416
          ],
          [
            -6158.81,
            207.151,
            -8081.9
          ]
        ],
        "unit_class": "ussr_quest_large_art_noground",
        "objLayer": 1,
        "closed_waypoints": false,
        "isShipSpline": false,
        "shipTurnRadius": 100.0,
        "weapons": "",
        "bullets0": "",
        "bullets1": "",
        "bullets2": "",
        "bullets3": "",
        "bulletsCount0": 0,
        "bulletsCount1": 0,
        "bulletsCount2": 0,
        "bulletsCount3": 0,
        "crewSkillK": 0.0,
        "applyAllMods": false,
        "props": {
          "army": 1,
          "count": 1,
          "formation_type": "rows",
          "formation_div": 3,
          "formation_step": [
            2.5,
            2.0
          ],
          "formation_noise": [
            0.1,
            0.1
          ]
        },
        "way": {}
      },
      {
        "name": "t1_art_mid_04",
        "tm": [
          [
            0.284386,
            0.0985351,
            0.953633
          ],
          [
            -0.012149,
            0.994995,
            -0.0991859
          ],
          [
            -0.958633,
            0.0166215,
            0.28416
          ],
          [
            -6325.9,
            209.972,
            -8065.87
          ]
        ],
        "unit_class": "ussr_quest_large_art_noground",
        "objLayer": 1,
        "closed_waypoints": false,
        "isShipSpline": false,
        "shipTurnRadius": 100.0,
        "weapons": "",
        "bullets0": "",
        "bullets1": "",
        "bullets2": "",
        "bullets3": "",
        "bulletsCount0": 0,
        "bulletsCount1": 0,
        "bulletsCount2": 0,
        "bulletsCount3": 0,
        "crewSkillK": 0.0,
        "applyAllMods": false,
        "props": {
          "army": 1,
          "count": 1,
          "formation_type": "rows",
          "formation_div": 3,
          "formation_step": [
            2.5,
            2.0
          ],
          "formation_noise": [
            0.1,
            0.1
          ]
        },
        "way": {}
      },
      {
        "name": "t1_bunker_mid_02",
        "tm": [
          [
            0.188806,
            0.0996915,
            0.976941
          ],
          [
            -0.012149,
            0.994995,
            -0.0991859
          ],
          [
            -0.98194,
            0.00685804,
            0.189072
          ],
          [
            -6233.88,
            212.975,
            -8079.97
          ]
        ],
        "unit_class": "uk_bunker_light_fat",
        "objLayer": 1,
        "closed_waypoints": false,
        "isShipSpline": false,
        "shipTurnRadius": 100.0,
        "weapons": "",
        "bullets0": "",
        "bullets1": "",
        "bullets2": "",
        "bullets3": "",
        "bulletsCount0": 0,
        "bulletsCount1": 0,
        "bulletsCount2": 0,
        "bulletsCount3": 0,
        "crewSkillK": 0.0,
        "applyAllMods": false,
        "props": {
          "army": 1,
          "count": 1,
          "formation_type": "rows",
          "formation_div": 3,
          "formation_step": [
            2.5,
            2.0
          ],
          "formation_noise": [
            0.1,
            0.1
          ]
        },
        "way": {}
      },
      {
        "name": "t1_art_mid_05",
        "tm": [
          [
            0.00939268,
            -0.00549904,
            0.999941
          ],
          [
            0.00177374,
            0.999983,
            0.00548261
          ],
          [
            -0.999954,
            0.00172214,
            0.00940228
          ],
          [
            -4953.39,
            246.273,
            -8446.74
          ]
        ],
        "unit_class": "ussr_quest_large_art_noground",
        "objLayer": 1,
        "closed_waypoints": false,
        "isShipSpline": false,
        "shipTurnRadius": 100.0,
        "weapons": "",
        "bullets0": "",
        "bullets1": "",
        "bullets2": "",
        "bullets3": "",
        "bulletsCount0": 0,
        "bulletsCount1": 0,
        "bulletsCount2": 0,
        "bulletsCount3": 0,
        "crewSkillK": 0.0,
        "applyAllMods": false,
        "props": {
          "army": 1,
          "count": 1,
          "formation_type": "rows",
          "formation_div": 3,
          "formation_step": [
            2.5,
            2.0
          ],
          "formation_noise": [
            0.1,
            0.1
          ]
        },
        "way": {}
      },
      {
        "name": "t1_art_mid_06",
        "tm": [
          [
            0.00939268,
            -0.00549904,
            0.999941
          ],
          [
            0.00177374,
            0.999983,
            0.00548261
          ],
          [
            -0.999954,
            0.00172214,
            0.00940228
          ],
          [
            -5118.47,
            249.98,
            -8477.12
          ]
        ],
        "unit_class": "ussr_quest_large_art_noground",
        "objLayer": 1,
        "closed_waypoints": false,
        "isShipSpline": false,
        "shipTurnRadius": 100.0,
        "weapons": "",
        "bullets0": "",
        "bullets1": "",
        "bullets2": "",
        "bullets3": "",
        "bulletsCount0": 0,
        "bulletsCount1": 0,
        "bulletsCount2": 0,
        "bulletsCount3": 0,
        "crewSkillK": 0.0,
        "applyAllMods": false,
        "props": {
          "army": 1,
          "count": 1,
          "formation_type": "rows",
          "formation_div": 3,
          "formation_step": [
            2.5,
            2.0
          ],
          "formation_noise": [
            0.1,
            0.1
          ]
        },
        "way": {}
      },
      {
        "name": "t1_bunker_mid_03",
        "tm": [
          [
            -0.0889175,
            -0.00530319,
            0.996025
          ],
          [
            0.00177374,
            0.999983,
            0.00548261
          ],
          [
            -0.996037,
            0.0022542,
            -0.0889066
          ],
          [
            -5026.17,
            253.018,
            -8464.95
          ]
        ],
        "unit_class": "uk_bunker_light_fat",
        "objLayer": 1,
        "closed_waypoints": false,
        "isShipSpline": false,
        "shipTurnRadius": 100.0,
        "weapons": "",
        "bullets0": "",
        "bullets1": "",
        "bullets2": "",
        "bullets3": "",
        "bulletsCount0": 0,
        "bulletsCount1": 0,
        "bulletsCount2": 0,
        "bulletsCount3": 0,
        "crewSkillK": 0.0,
        "applyAllMods": false,
        "props": {
          "army": 1,
          "count": 1,
          "formation_type": "rows",
          "formation_div": 3,
          "formation_step": [
            2.5,
            2.0
          ],
          "formation_noise": [
            0.1,
            0.1
          ]
        },
        "way": {}
      },
      {
        "name": "t1_art_mid_07",
        "tm": [
          [
            0.00939268,
            -0.026383,
            0.999608
          ],
          [
            0.00177374,
            0.99965,
            0.0263675
          ],
          [
            -0.999954,
            0.00152538,
            0.0094362
          ],
          [
            -1298.66,
            310.888,
            -8401.76
          ]
        ],
        "unit_class": "ussr_quest_large_art_noground",
        "objLayer": 1,
        "closed_waypoints": false,
        "isShipSpline": false,
        "shipTurnRadius": 100.0,
        "weapons": "",
        "bullets0": "",
        "bullets1": "",
        "bullets2": "",
        "bullets3": "",
        "bulletsCount0": 0,
        "bulletsCount1": 0,
        "bulletsCount2": 0,
        "bulletsCount3": 0,
        "crewSkillK": 0.0,
        "applyAllMods": false,
        "props": {
          "army": 1,
          "count": 1,
          "formation_type": "rows",
          "formation_div": 3,
          "formation_step": [
            2.5,
            2.0
          ],
          "formation_noise": [
            0.1,
            0.1
          ]
        },
        "way": {}
      },
      {
        "name": "t1_art_mid_08",
        "tm": [
          [
            0.00939268,
            -0.026383,
            0.999608
          ],
          [
            0.00177374,
            0.99965,
            0.0263675
          ],
          [
            -0.999954,
            0.00152538,
            0.0094362
          ],
          [
            -1463.73,
            315.229,
            -8432.05
          ]
        ],
        "unit_class": "ussr_quest_large_art_noground",
        "objLayer": 1,
        "closed_waypoints": false,
        "isShipSpline": false,
        "shipTurnRadius": 100.0,
        "weapons": "",
        "bullets0": "",
        "bullets1": "",
        "bullets2": "",
        "bullets3": "",
        "bulletsCount0": 0,
        "bulletsCount1": 0,
        "bulletsCount2": 0,
        "bulletsCount3": 0,
        "crewSkillK": 0.0,
        "applyAllMods": false,
        "props": {
          "army": 1,
          "count": 1,
          "formation_type": "rows",
          "formation_div": 3,
          "formation_step": [
            2.5,
            2.0
          ],
          "formation_noise": [
            0.1,
            0.1
          ]
        },
        "way": {}
      },
      {
        "name": "t1_bunker_mid_04",
        "tm": [
          [
            -0.0889175,
            -0.0261054,
            0.995697
          ],
          [
            0.00177374,
            0.99965,
            0.0263675
          ],
          [
            -0.996037,
            0.00411065,
            -0.0888401
          ],
          [
            -1371.43,
            318.012,
            -8419.82
          ]
        ],
        "unit_class": "uk_bunker_light_fat",
        "objLayer": 1,
        "closed_waypoints": false,
        "isShipSpline": false,
        "shipTurnRadius": 100.0,
        "weapons": "",
        "bullets0": "",
        "bullets1": "",
        "bullets2": "",
        "bullets3": "",
        "bulletsCount0": 0,
        "bulletsCount1": 0,
        "bulletsCount2": 0,
        "bulletsCount3": 0,
        "crewSkillK": 0.0,
        "applyAllMods": false,
        "props": {
          "army": 1,
          "count": 1,
          "formation_type": "rows",
          "formation_div": 3,
          "formation_step": [
            2.5,
            2.0
          ],
          "formation_noise": [
            0.1,
            0.1
          ]
        },
        "way": {}
      },
      {
        "name": "t1_art_mid_09",
        "tm": [
          [
            0.00949897,
            -0.00531332,
            0.999941
          ],
          [
            -0.0178853,
            0.999825,
            0.00548261
          ],
          [
            -0.999795,
            -0.0179363,
            0.00940228
          ],
          [
            -3216.77,
            294.18,
            -8665.46
          ]
        ],
        "unit_class": "ussr_quest_large_art_noground",
        "objLayer": 1,
        "closed_waypoints": false,
        "isShipSpline": false,
        "shipTurnRadius": 100.0,
        "weapons": "",
        "bullets0": "",
        "bullets1": "",
        "bullets2": "",
        "bullets3": "",
        "bulletsCount0": 0,
        "bulletsCount1": 0,
        "bulletsCount2": 0,
        "bulletsCount3": 0,
        "crewSkillK": 0.0,
        "applyAllMods": false,
        "props": {
          "army": 1,
          "count": 1,
          "formation_type": "rows",
          "formation_div": 3,
          "formation_step": [
            2.5,
            2.0
          ],
          "formation_noise": [
            0.1,
            0.1
          ]
        },
        "way": {}
      },
      {
        "name": "t1_art_mid_10",
        "tm": [
          [
            0.00949897,
            -0.00531332,
            0.999941
          ],
          [
            -0.0178853,
            0.999825,
            0.00548261
          ],
          [
            -0.999795,
            -0.0179363,
            0.00940228
          ],
          [
            -3381.89,
            294.641,
            -8695.85
          ]
        ],
        "unit_class": "ussr_quest_large_art_noground",
        "objLayer": 1,
        "closed_waypoints": false,
        "isShipSpline": false,
        "shipTurnRadius": 100.0,
        "weapons": "",
        "bullets0": "",
        "bullets1": "",
        "bullets2": "",
        "bullets3": "",
        "bulletsCount0": 0,
        "bulletsCount1": 0,
        "bulletsCount2": 0,
        "bulletsCount3": 0,
        "crewSkillK": 0.0,
        "applyAllMods": false,
        "props": {
          "army": 1,
          "count": 1,
          "formation_type": "rows",
          "formation_div": 3,
          "formation_step": [
            2.5,
            2.0
          ],
          "formation_noise": [
            0.1,
            0.1
          ]
        },
        "way": {}
      },
      {
        "name": "t1_bunker_mid_05",
        "tm": [
          [
            -0.0887961,
            -0.00705019,
            0.996025
          ],
          [
            -0.0178853,
            0.999825,
            0.00548261
          ],
          [
            -0.995889,
            -0.0173273,
            -0.0889066
          ],
          [
            -3289.67,
            299.493,
            -8683.68
          ]
        ],
        "unit_class": "uk_bunker_light_fat",
        "objLayer": 1,
        "closed_waypoints": false,
        "isShipSpline": false,
        "shipTurnRadius": 100.0,
        "weapons": "",
        "bullets0": "",
        "bullets1": "",
        "bullets2": "",
        "bullets3": "",
        "bulletsCount0": 0,
        "bulletsCount1": 0,
        "bulletsCount2": 0,
        "bulletsCount3": 0,
        "crewSkillK": 0.0,
        "applyAllMods": false,
        "props": {
          "army": 1,
          "count": 1,
          "formation_type": "rows",
          "formation_div": 3,
          "formation_step": [
            2.5,
            2.0
          ],
          "formation_noise": [
            0.1,
            0.1
          ]
        },
        "way": {}
      },
      {
        "name": "t2_art_mid_01",
        "tm": [
          [
            -0.522171,
            -0.0339649,
            -0.852164
          ],
          [
            0.00620732,
            0.999029,
            -0.0436221
          ],
          [
            0.852818,
            -0.0280679,
            -0.521453
          ],
          [
            -262.657,
            232.288,
            -3312.4
          ]
        ],
        "unit_class": "ussr_quest_large_art_noground",
        "objLayer": 1,
        "closed_waypoints": false,
        "isShipSpline": false,
        "shipTurnRadius": 100.0,
        "weapons": "",
        "bullets0": "",
        "bullets1": "",
        "bullets2": "",
        "bullets3": "",
        "bulletsCount0": 0,
        "bulletsCount1": 0,
        "bulletsCount2": 0,
        "bulletsCount3": 0,
        "crewSkillK": 0.0,
        "applyAllMods": false,
        "props": {
          "army": 2,
          "count": 1,
          "formation_type": "rows",
          "formation_div": 3,
          "formation_step": [
            2.5,
            2.0
          ],
          "formation_noise": [
            0.1,
            0.1
          ]
        },
        "way": {}
      },
      {
        "name": "t2_art_mid_02",
        "tm": [
          [
            -0.522171,
            -0.0339649,
            -0.852164
          ],
          [
            0.00620732,
            0.999029,
            -0.0436221
          ],
          [
            0.852818,
            -0.0280679,
            -0.521453
          ],
          [
            -105.409,
            231.993,
            -3371.24
          ]
        ],
        "unit_class": "ussr_quest_large_art_noground",
        "objLayer": 1,
        "closed_waypoints": false,
        "isShipSpline": false,
        "shipTurnRadius": 100.0,
        "weapons": "",
        "bullets0": "",
        "bullets1": "",
        "bullets2": "",
        "bullets3": "",
        "bulletsCount0": 0,
        "bulletsCount1": 0,
        "bulletsCount2": 0,
        "bulletsCount3": 0,
        "crewSkillK": 0.0,
        "applyAllMods": false,
        "props": {
          "army": 2,
          "count": 1,
          "formation_type": "rows",
          "formation_div": 3,
          "formation_step": [
            2.5,
            2.0
          ],
          "formation_noise": [
            0.1,
            0.1
          ]
        },
        "way": {}
      },
      {
        "name": "t2_bunker_mid_01",
        "tm": [
          [
            -0.435838,
            -0.0365588,
            -0.899282
          ],
          [
            0.00620732,
            0.999029,
            -0.0436221
          ],
          [
            0.900004,
            -0.0245944,
            -0.435187
          ],
          [
            -190.799,
            237.403,
            -3334.41
          ]
        ],
        "unit_class": "uk_bunker_light_fat",
        "objLayer": 1,
        "closed_waypoints": false,
        "isShipSpline": false,
        "shipTurnRadius": 100.0,
        "weapons": "",
        "bullets0": "",
        "bullets1": "",
        "bullets2": "",
        "bullets3": "",
        "bulletsCount0": 0,
        "bulletsCount1": 0,
        "bulletsCount2": 0,
        "bulletsCount3": 0,
        "crewSkillK": 0.0,
        "applyAllMods": false,
        "props": {
          "army": 2,
          "count": 1,
          "formation_type": "rows",
          "formation_div": 3,
          "formation_step": [
            2.5,
            2.0
          ],
          "formation_noise": [
            0.1,
            0.1
          ]
        },
        "way": {}
      },
      {
        "name": "t2_art_mid_03",
        "tm": [
          [
            -0.0649175,
            -0.0839553,
            -0.994353
          ],
          [
            -0.0100339,
            0.996459,
            -0.0834782
          ],
          [
            0.99784,
            0.00455801,
            -0.06553
          ],
          [
            -6245.72,
            312.31,
            -3324.22
          ]
        ],
        "unit_class": "ussr_quest_large_art_noground",
        "objLayer": 1,
        "closed_waypoints": false,
        "isShipSpline": false,
        "shipTurnRadius": 100.0,
        "weapons": "",
        "bullets0": "",
        "bullets1": "",
        "bullets2": "",
        "bullets3": "",
        "bulletsCount0": 0,
        "bulletsCount1": 0,
        "bulletsCount2": 0,
        "bulletsCount3": 0,
        "crewSkillK": 0.0,
        "applyAllMods": false,
        "props": {
          "army": 2,
          "count": 1,
          "formation_type": "rows",
          "formation_div": 3,
          "formation_step": [
            2.5,
            2.0
          ],
          "formation_noise": [
            0.1,
            0.1
          ]
        },
        "way": {}
      },
      {
        "name": "t2_art_mid_04",
        "tm": [
          [
            -0.0649175,
            -0.0839553,
            -0.994353
          ],
          [
            -0.0100339,
            0.996459,
            -0.0834782
          ],
          [
            0.99784,
            0.00455801,
            -0.06553
          ],
          [
            -6079.24,
            318.981,
            -3303.52
          ]
        ],
        "unit_class": "ussr_quest_large_art_noground",
        "objLayer": 1,
        "closed_waypoints": false,
        "isShipSpline": false,
        "shipTurnRadius": 100.0,
        "weapons": "",
        "bullets0": "",
        "bullets1": "",
        "bullets2": "",
        "bullets3": "",
        "bulletsCount0": 0,
        "bulletsCount1": 0,
        "bulletsCount2": 0,
        "bulletsCount3": 0,
        "crewSkillK": 0.0,
        "applyAllMods": false,
        "props": {
          "army": 2,
          "count": 1,
          "formation_type": "rows",
          "formation_div": 3,
          "formation_step": [
            2.5,
            2.0
          ],
          "formation_noise": [
            0.1,
            0.1
          ]
        },
        "way": {}
      },
      {
        "name": "t2_bunker_mid_02",
        "tm": [
          [
            0.0334536,
            -0.0831011,
            -0.995979
          ],
          [
            -0.0100339,
            0.996459,
            -0.0834782
          ],
          [
            0.999389,
            0.0127862,
            0.0325014
          ],
          [
            -6172.1,
            320.724,
            -3310.69
          ]
        ],
        "unit_class": "uk_bunker_light_fat",
        "objLayer": 1,
        "closed_waypoints": false,
        "isShipSpline": false,
        "shipTurnRadius": 100.0,
        "weapons": "",
        "bullets0": "",
        "bullets1": "",
        "bullets2": "",
        "bullets3": "",
        "bulletsCount0": 0,
        "bulletsCount1": 0,
        "bulletsCount2": 0,
        "bulletsCount3": 0,
        "crewSkillK": 0.0,
        "applyAllMods": false,
        "props": {
          "army": 2,
          "count": 1,
          "formation_type": "rows",
          "formation_div": 3,
          "formation_step": [
            2.5,
            2.0
          ],
          "formation_noise": [
            0.1,
            0.1
          ]
        },
        "way": {}
      },
      {
        "name": "t2_art_mid_05",
        "tm": [
          [
            -0.066597,
            -0.0251164,
            -0.997464
          ],
          [
            0.0148926,
            0.999547,
            -0.0261632
          ],
          [
            0.997669,
            -0.0165973,
            -0.0661927
          ],
          [
            -5126.12,
            326.838,
            -2934.42
          ]
        ],
        "unit_class": "ussr_quest_large_art_noground",
        "objLayer": 1,
        "closed_waypoints": false,
        "isShipSpline": false,
        "shipTurnRadius": 100.0,
        "weapons": "",
        "bullets0": "",
        "bullets1": "",
        "bullets2": "",
        "bullets3": "",
        "bulletsCount0": 0,
        "bulletsCount1": 0,
        "bulletsCount2": 0,
        "bulletsCount3": 0,
        "crewSkillK": 0.0,
        "applyAllMods": false,
        "props": {
          "army": 2,
          "count": 1,
          "formation_type": "rows",
          "formation_div": 3,
          "formation_step": [
            2.5,
            2.0
          ],
          "formation_noise": [
            0.1,
            0.1
          ]
        },
        "way": {}
      },
      {
        "name": "t2_art_mid_06",
        "tm": [
          [
            -0.066597,
            -0.0251164,
            -0.997464
          ],
          [
            0.0148926,
            0.999547,
            -0.0261632
          ],
          [
            0.997669,
            -0.0165973,
            -0.0661927
          ],
          [
            -4959.54,
            328.153,
            -2913.55
          ]
        ],
        "unit_class": "ussr_quest_large_art_noground",
        "objLayer": 1,
        "closed_waypoints": false,
        "isShipSpline": false,
        "shipTurnRadius": 100.0,
        "weapons": "",
        "bullets0": "",
        "bullets1": "",
        "bullets2": "",
        "bullets3": "",
        "bulletsCount0": 0,
        "bulletsCount1": 0,
        "bulletsCount2": 0,
        "bulletsCount3": 0,
        "crewSkillK": 0.0,
        "applyAllMods": false,
        "props": {
          "army": 2,
          "count": 1,
          "formation_type": "rows",
          "formation_div": 3,
          "formation_step": [
            2.5,
            2.0
          ],
          "formation_noise": [
            0.1,
            0.1
          ]
        },
        "way": {}
      },
      {
        "name": "t2_bunker_mid_03",
        "tm": [
          [
            0.0317655,
            -0.0266259,
            -0.999141
          ],
          [
            0.0148926,
            0.999547,
            -0.0261632
          ],
          [
            0.999384,
            -0.0140487,
            0.0321476
          ],
          [
            -5052.32,
            332.623,
            -2920.51
          ]
        ],
        "unit_class": "uk_bunker_light_fat",
        "objLayer": 1,
        "closed_waypoints": false,
        "isShipSpline": false,
        "shipTurnRadius": 100.0,
        "weapons": "",
        "bullets0": "",
        "bullets1": "",
        "bullets2": "",
        "bullets3": "",
        "bulletsCount0": 0,
        "bulletsCount1": 0,
        "bulletsCount2": 0,
        "bulletsCount3": 0,
        "crewSkillK": 0.0,
        "applyAllMods": false,
        "props": {
          "army": 2,
          "count": 1,
          "formation_type": "rows",
          "formation_div": 3,
          "formation_step": [
            2.5,
            2.0
          ],
          "formation_noise": [
            0.1,
            0.1
          ]
        },
        "way": {}
      },
      {
        "name": "t2_art_mid_07",
        "tm": [
          [
            -0.176295,
            0.0126969,
            -0.984255
          ],
          [
            -0.0133326,
            0.999794,
            0.0152854
          ],
          [
            0.984247,
            0.0158174,
            -0.17609
          ],
          [
            -1878.66,
            271.645,
            -2915.75
          ]
        ],
        "unit_class": "ussr_quest_large_art_noground",
        "objLayer": 1,
        "closed_waypoints": false,
        "isShipSpline": false,
        "shipTurnRadius": 100.0,
        "weapons": "",
        "bullets0": "",
        "bullets1": "",
        "bullets2": "",
        "bullets3": "",
        "bulletsCount0": 0,
        "bulletsCount1": 0,
        "bulletsCount2": 0,
        "bulletsCount3": 0,
        "crewSkillK": 0.0,
        "applyAllMods": false,
        "props": {
          "army": 2,
          "count": 1,
          "formation_type": "rows",
          "formation_div": 3,
          "formation_step": [
            2.5,
            2.0
          ],
          "formation_noise": [
            0.1,
            0.1
          ]
        },
        "way": {}
      },
      {
        "name": "t2_art_mid_08",
        "tm": [
          [
            -0.176295,
            0.0126969,
            -0.984255
          ],
          [
            -0.0133326,
            0.999794,
            0.0152854
          ],
          [
            0.984247,
            0.0158174,
            -0.17609
          ],
          [
            -1710.88,
            277.093,
            -2913.27
          ]
        ],
        "unit_class": "ussr_quest_large_art_noground",
        "objLayer": 1,
        "closed_waypoints": false,
        "isShipSpline": false,
        "shipTurnRadius": 100.0,
        "weapons": "",
        "bullets0": "",
        "bullets1": "",
        "bullets2": "",
        "bullets3": "",
        "bulletsCount0": 0,
        "bulletsCount1": 0,
        "bulletsCount2": 0,
        "bulletsCount3": 0,
        "crewSkillK": 0.0,
        "applyAllMods": false,
        "props": {
          "army": 2,
          "count": 1,
          "formation_type": "rows",
          "formation_div": 3,
          "formation_step": [
            2.5,
            2.0
          ],
          "formation_noise": [
            0.1,
            0.1
          ]
        },
        "way": {}
      },
      {
        "name": "t2_bunker_mid_04",
        "tm": [
          [
            -0.0787213,
            0.0141898,
            -0.996796
          ],
          [
            -0.0133326,
            0.999794,
            0.0152854
          ],
          [
            0.996808,
            0.0144932,
            -0.0785159
          ],
          [
            -1803.95,
            279.067,
            -2909.81
          ]
        ],
        "unit_class": "uk_bunker_light_fat",
        "objLayer": 1,
