{
  "selected_tag": "",
  "bin_dump_file": "",
  "mission_settings": {
    "atmosphere": {
      "pressure": 760.0,
      "temperature": 30.0
    },
    "player": [
      {
        "army": 1
      },
      {
        "wing": "t1_player01"
      },
      {
        "wing": "t1_player02"
      },
      {
        "wing": "t1_player03"
      },
      {
        "wing": "t1_player04"
      },
      {
        "wing": "t1_player05"
      },
      {
        "wing": "t1_player06"
      },
      {
        "wing": "t1_player07"
      },
      {
        "wing": "t1_player08"
      },
      {
        "wing": "t1_player09"
      },
      {
        "wing": "t1_player10"
      },
      {
        "wing": "t1_player11"
      },
      {
        "wing": "t1_player12"
      },
      {
        "wing": "t1_player13"
      },
      {
        "wing": "t1_player14"
      },
      {
        "wing": "t1_player15"
      },
      {
        "wing": "t1_player16"
      }
    ],
    "player_teamB": [
      {
        "army": 2
      },
      {
        "wing": "t2_player01"
      },
      {
        "wing": "t2_player02"
      },
      {
        "wing": "t2_player03"
      },
      {
        "wing": "t2_player04"
      },
      {
        "wing": "t2_player05"
      },
      {
        "wing": "t2_player06"
      },
      {
        "wing": "t2_player07"
      },
      {
        "wing": "t2_player08"
      },
      {
        "wing": "t2_player09"
      },
      {
        "wing": "t2_player10"
      },
      {
        "wing": "t2_player11"
      },
      {
        "wing": "t2_player12"
      },
      {
        "wing": "t2_player13"
      },
      {
        "wing": "t2_player14"
      },
      {
        "wing": "t2_player15"
      },
      {
        "wing": "t2_player16"
      },
      {
        "wing": "t2_player17"
      }
    ],
    "mission": {
      "level": "levels/avg_guadalcanal.bin",
      "type": "domination",
      "restoreType": "attempts",
      "optionalTakeOff": false,
      "environment": "Day",
      "weather": "hazy",
      "scoreLimit": 6400,
      "timeLimit": 25,
      "deathPenaltyMul": 1.0,
      "randomSpawnTeams": true,
      "remapAiTankModels": true,
      "country_axis": "germany",
      "country_allies": "ussr"
    },
    "spectator_points": [],
    "briefing": {
      "place_loc": "",
      "date_loc": "",
      "objective_loc": "",
      "music": "action_01",
      "part": {
        "event": "",
        "minTime": 0,
        "slide": [
          {
            "map": true
          },
          {
            "minTime": 4
          },
          {
            "picture": ""
          },
          {
            "showAirMap": false
          },
          {
            "icon": {
              "icontype": "tank",
              "side": "ally",
              "target": "t2_tank_spawn_01"
            }
          },
          {
            "icon": {
              "icontype": "tank",
              "side": "ally",
              "target": "t2_tank_spawn_02"
            }
          },
          {
            "icon": {
              "icontype": "tank",
              "side": "enemy",
              "target": "t1_tank_spawn_01"
            }
          },
          {
            "icon": {
              "icontype": "tank",
              "side": "enemy",
              "target": "t1_tank_spawn_02"
            }
          },
          {
            "captureZone": {
              "area": "capture_area_01",
              "side": "ally",
              "type": "ground"
            }
          },
          {
            "captureZone": {
              "area": "capture_area_02",
              "side": "enemy",
              "type": "ground"
            }
          }
        ]
      }
    }
  },
  "imports": {
    "import_record": {
      "file": "gameData/missions/templates/tank_templates/dbttl_template.blk",
      "importAreas": true,
      "importUnits": true,
      "importTriggers": true,
      "importMissionObjectives": true,
      "importWayPoints": true,
      "showAreas": true,
      "showUnits": true,
      "showTriggers": true,
      "showMissionObjectives": true,
      "showWayPoints": true,
      "excludes": []
    }
  },
  "triggers": {
    "isCategory": true,
    "is_enabled": true
  },
  "mission_objectives": {
    "isCategory": true,
    "is_enabled": true
  },
  "variables": [],
  "dialogs": [],
  "airfields": [],
  "effects": [],
  "units": [
    {
      "tankModels": {
        "name": "t1_player01",
        "tm": [
          [-0.706339,0.0429567,0.706568],
          [0.0357307,0.999049,-0.0250194],
          [-0.706972,0.00757444,-0.707202],
          [852.326,246.7,1110.41]
        ],
        "unit_class": "germ_flakpanzer_I_ausf_A",
        "objLayer": 0,
        "closed_waypoints": false,
        "isShipSpline": false,
        "shipTurnRadius": 100.0,
        "weapons": "",
        "bullets0": "",
        "bullets1": "",
        "bullets2": "",
        "bullets3": "",
        "bulletsCount0": 0,
        "bulletsCount1": 0,
        "bulletsCount2": 0,
        "bulletsCount3": 0,
        "props": {
          "army": 2,
          "count": 1,
          "formation_type": "rows",
          "formation_div": 3,
          "formation_step": [2.5,2.0],
          "formation_noise": [0.1,0.1],
          "uniqueName": "",
          "attack_type": "fire_at_will"
        },
        "way": []
      }
    },
    {
      "area_squad": {
        "name": "dbttl_t1_spawn_01",
        "tm": [
          [0.113948,0.0,0.993487],
          [0.0,1.0,0.0],
          [-0.993487,0.0,0.113948],
          [2870.08,671.245,2751.96]
        ],
        "props": [
          {
            "squad_members": "dbttl_t1_spawn_01_01"
          },
          {
            "squad_members": "dbttl_t1_spawn_01_02"
          },
          {
            "squad_members": "dbttl_t1_spawn_01_03"
          },
          {
            "squad_members": "dbttl_t1_spawn_01_04"
          },
          {
            "squad_members": "dbttl_t1_spawn_01_05"
          },
          {
            "squad_members": "dbttl_t1_spawn_01_06"
          },
          {
            "squad_members": "dbttl_t1_spawn_01_07"
          },
          {
            "squad_members": "dbttl_t1_spawn_01_08"
          },
          {
            "squad_members": "dbttl_t1_spawn_01_09"
          },
          {
            "squad_members": "dbttl_t1_spawn_01_10"
          },
          {
            "squad_members": "dbttl_t1_spawn_01_11"
          },
          {
            "squad_members": "dbttl_t1_spawn_01_12"
          },
          {
            "squad_members": "dbttl_t1_spawn_01_13"
          },
          {
            "squad_members": "dbttl_t1_spawn_01_14"
          },
          {
            "squad_members": "dbttl_t1_spawn_01_15"
          },
          {
            "squad_members": "dbttl_t1_spawn_01_16"
          },
          {
            "squad_members": "dbttl_t1_spawn_01_17"
          },
          {
            "squad_members": "dbttl_t1_spawn_01_18"
          },
          {
            "squad_members": "dbttl_t1_spawn_01_19"
          },
          {
            "squad_members": "dbttl_t1_spawn_01_20"
          }
        ]
      }
    },
    {
      "area_squad": {
        "name": "dbttl_t1_spawn_02",
        "tm": [
          [0.692879,0.0,-0.721054],
          [0.0,1.0,0.0],
          [0.721054,0.0,0.692879],
          [3536.01,681.19,2612.99]
        ],
        "props": [
          {
            "squad_members": "dbttl_t1_spawn_02_01"
          },
          {
            "squad_members": "dbttl_t1_spawn_02_02"
          },
          {
            "squad_members": "dbttl_t1_spawn_02_03"
          },
          {
            "squad_members": "dbttl_t1_spawn_02_04"
          },
          {
            "squad_members": "dbttl_t1_spawn_02_05"
          },
          {
            "squad_members": "dbttl_t1_spawn_02_06"
          },
          {
            "squad_members": "dbttl_t1_spawn_02_07"
          },
          {
            "squad_members": "dbttl_t1_spawn_02_08"
          },
          {
            "squad_members": "dbttl_t1_spawn_02_09"
          },
          {
            "squad_members": "dbttl_t1_spawn_02_10"
          },
          {
            "squad_members": "dbttl_t1_spawn_02_11"
          },
          {
            "squad_members": "dbttl_t1_spawn_02_12"
          },
          {
            "squad_members": "dbttl_t1_spawn_02_13"
          },
          {
            "squad_members": "dbttl_t1_spawn_02_14"
          },
          {
            "squad_members": "dbttl_t1_spawn_02_15"
          },
          {
            "squad_members": "dbttl_t1_spawn_02_16"
          },
          {
            "squad_members": "dbttl_t1_spawn_02_17"
          },
          {
            "squad_members": "dbttl_t1_spawn_02_18"
          },
          {
            "squad_members": "dbttl_t1_spawn_02_19"
          },
          {
            "squad_members": "dbttl_t1_spawn_02_20"
          }
        ]
      }
    },
    {
      "area_squad": {
        "name": "dbttl_t2_spawn_01",
        "tm": [
          [-0.996709,0.0,0.0810665],
          [0.0,1.0,0.0],
          [-0.0810665,0.0,-0.996709],
          [2716.07,661.134,1568.97]
        ],
        "props": [
          {
            "squad_members": "dbttl_t2_spawn_01_01"
          },
          {
            "squad_members": "dbttl_t2_spawn_01_02"
          },
          {
            "squad_members": "dbttl_t2_spawn_01_03"
          },
          {
            "squad_members": "dbttl_t2_spawn_01_04"
          },
          {
            "squad_members": "dbttl_t2_spawn_01_05"
          },
          {
            "squad_members": "dbttl_t2_spawn_01_06"
          },
          {
            "squad_members": "dbttl_t2_spawn_01_07"
          },
          {
            "squad_members": "dbttl_t2_spawn_01_08"
          },
          {
            "squad_members": "dbttl_t2_spawn_01_09"
          },
          {
            "squad_members": "dbttl_t2_spawn_01_10"
          },
          {
            "squad_members": "dbttl_t2_spawn_01_11"
          },
          {
            "squad_members": "dbttl_t2_spawn_01_12"
          },
          {
            "squad_members": "dbttl_t2_spawn_01_13"
          },
          {
            "squad_members": "dbttl_t2_spawn_01_14"
          },
          {
            "squad_members": "dbttl_t2_spawn_01_15"
          },
          {
            "squad_members": "dbttl_t2_spawn_01_16"
          },
          {
            "squad_members": "dbttl_t2_spawn_01_17"
          },
          {
            "squad_members": "dbttl_t2_spawn_01_18"
          },
          {
            "squad_members": "dbttl_t2_spawn_01_19"
          },
          {
            "squad_members": "dbttl_t2_spawn_01_20"
          }
        ]
      }
    },
    {
      "area_squad": {
        "name": "dbttl_t2_spawn_02",
        "tm": [
          [-0.430188,0.0,0.90274],
          [0.0,1.0,0.0],
          [-0.90274,0.0,-0.430188],
          [3390.81,690.283,1571.86]
        ],
        "props": [
          {
            "squad_members": "dbttl_t2_spawn_02_01"
          },
          {
            "squad_members": "dbttl_t2_spawn_02_02"
          },
          {
            "squad_members": "dbttl_t2_spawn_02_03"
          },
          {
            "squad_members": "dbttl_t2_spawn_02_04"
          },
          {
            "squad_members": "dbttl_t2_spawn_02_05"
          },
          {
            "squad_members": "dbttl_t2_spawn_02_06"
          },
          {
            "squad_members": "dbttl_t2_spawn_02_07"
          },
          {
            "squad_members": "dbttl_t2_spawn_02_08"
          },
          {
            "squad_members": "dbttl_t2_spawn_02_09"
          },
          {
            "squad_members": "dbttl_t2_spawn_02_10"
          },
          {
            "squad_members": "dbttl_t2_spawn_02_11"
          },
          {
            "squad_members": "dbttl_t2_spawn_02_12"
          },
          {
            "squad_members": "dbttl_t2_spawn_02_13"
          },
          {
            "squad_members": "dbttl_t2_spawn_02_14"
          },
          {
            "squad_members": "dbttl_t2_spawn_02_15"
          },
          {
            "squad_members": "dbttl_t2_spawn_02_16"
          },
          {
            "squad_members": "dbttl_t2_spawn_02_17"
          },
          {
            "squad_members": "dbttl_t2_spawn_02_18"
          },
          {
            "squad_members": "dbttl_t2_spawn_02_19"
          },
          {
            "squad_members": "dbttl_t2_spawn_02_20"
          }
        ]
      }
    },
    {
      "objectGroups": {
        "name": "t1_trench01",
        "tm": [
          [0.173648,0.0,0.984808],
          [0.0,1.0,0.0],
          [-0.984808,0.0,0.173648],
          [3266.14,689.455,2295.66]
        ],
        "unit_class": "rendinst_fortification_sand_trench_onground_a",
        "objLayer": 2,
        "props": {
          "army": 1,
          "active": true
        }
      }
    },
    {
      "objectGroups": {
        "name": "t1_trench02",
        "tm": [
          [0.0436194,0.0,0.999048],
          [0.0,1.0,0.0],
          [-0.999048,0.0,0.0436194],
          [2756.5,672.5,2284.2]
        ],
        "unit_class": "rendinst_fortification_sand_trench_onground_a",
        "objLayer": 2,
        "props": {
          "army": 1,
          "active": true
        }
      }
    },
    {
      "objectGroups": {
        "name": "t1_trench03",
        "tm": [
          [0.300706,0.0,0.953717],
          [0.0,1.0,0.0],
          [-0.953717,0.0,0.300706],
          [2903.38,689.455,2286.92]
        ],
        "unit_class": "rendinst_fortification_sand_trench_onground_a",
        "objLayer": 2,
        "props": {
          "army": 1,
          "active": true
        }
      }
    },
    {
      "objectGroups": {
        "name": "t1_trench04",
        "tm": [
          [0.300706,0.0,0.953717],
          [0.0,1.0,0.0],
          [-0.953717,0.0,0.300706],
          [2937.45,689.45,2294.55]
        ],
        "unit_class": "rendinst_fortification_sand_trench_onground_a",
        "objLayer": 2,
        "props": {
          "army": 1,
          "active": true
        }
      }
    },
    {
      "objectGroups": {
        "name": "t1_trench05",
        "tm": [
          [-0.300706,0.0,0.953717],
          [0.0,1.0,0.0],
          [-0.953717,0.0,-0.300706],
          [3030.3,689.455,2308.68]
        ],
        "unit_class": "rendinst_fortification_sand_trench_onground_a",
        "objLayer": 2,
        "props": {
          "army": 1,
          "active": true
        }
      }
    },
    {
      "objectGroups": {
        "name": "t1_trench06",
        "tm": [
          [0.300706,0.0,0.953717],
          [0.0,1.0,0.0],
          [-0.953717,0.0,0.300706],
          [3225.32,689.455,2308.7]
        ],
        "unit_class": "rendinst_fortification_sand_trench_onground_a",
        "objLayer": 2,
        "props": {
          "army": 1,
          "active": true
        }
      }
    },
    {
      "objectGroups": {
        "name": "t1_trench07",
        "tm": [
          [-0.0871556,0.0,0.996195],
          [0.0,1.0,0.0],
          [-0.996195,0.0,-0.0871556],
          [3182.68,689.455,2316.16]
        ],
        "unit_class": "rendinst_fortification_sand_trench_onground_a",
        "objLayer": 2,
        "props": {
          "army": 1,
          "active": true
        }
      }
    },
    {
      "objectGroups": {
        "name": "t1_trench08",
        "tm": [
          [0.130526,0.0,0.991445],
          [0.0,1.0,0.0],
          [-0.991445,0.0,0.130526],
          [3138.99,689.455,2321.8]
        ],
        "unit_class": "rendinst_fortification_sand_trench_onground_a",
        "objLayer": 2,
        "props": {
          "army": 1,
          "active": true
        }
      }
    },
    {
      "objectGroups": {
        "name": "t1_trench09",
        "tm": [
          [-0.0871557,0.0,-0.996195],
          [0.0,1.0,0.0],
          [0.996195,0.0,-0.0871557],
          [3060.62,689.455,2316.68]
        ],
        "unit_class": "rendinst_fortification_sandbags_onground_a",
        "objLayer": 2,
        "props": {
          "army": 1,
          "active": true
        }
      }
    },
    {
      "objectGroups": {
        "name": "t1_trench10",
        "tm": [
          [0.0871558,0.0,-0.996195],
          [0.0,1.0,0.0],
          [0.996195,0.0,0.0871558],
          [3047.75,689.455,2316.1]
        ],
        "unit_class": "rendinst_fortification_sandbags_onground_a",
        "objLayer": 2,
        "props": {
          "army": 1,
          "active": true
        }
      }
    },
    {
      "objectGroups": {
        "name": "t2_trench01",
        "tm": [
          [-0.841839,0.0,-0.539728],
          [0.0,1.0,0.0],
          [0.539728,0.0,-0.841839],
          [3329.55,683.35,2064.1]
        ],
        "unit_class": "rendinst_fortification_sand_trench_onground_a",
        "objLayer": 2,
        "props": {
          "army": 2,
          "active": true
        }
      }
    },
    {
      "objectGroups": {
        "name": "t2_trench02",
        "tm": [
          [0.502494,0.0,-0.864581],
          [0.0,1.0,0.0],
          [0.864581,0.0,0.502494],
          [3273.5,689.25,2081.95]
        ],
        "unit_class": "rendinst_fortification_sand_trench_onground_a",
        "objLayer": 2,
        "props": {
          "army": 2,
          "active": true
        }
      }
    },
    {
      "objectGroups": {
        "name": "t2_trench03",
        "tm": [
          [-0.0954538,0.0,-0.995434],
          [0.0,1.0,0.0],
          [0.995434,0.0,-0.0954538],
          [3222.55,689.45,2044.9]
        ],
        "unit_class": "rendinst_fortification_sand_trench_onground_a",
        "objLayer": 2,
        "props": {
          "army": 2,
          "active": true
        }
      }
    },
    {
      "objectGroups": {
        "name": "t2_trench04",
        "tm": [
          [-0.374972,0.0,0.927036],
          [0.0,1.0,0.0],
          [-0.927036,0.0,-0.374972],
          [3022.4,689.455,2000.81]
        ],
        "unit_class": "rendinst_fortification_sandbags_onground_a",
        "objLayer": 2,
        "props": {
          "army": 2,
          "active": true
        }
      }
    },
    {
      "objectGroups": {
        "name": "t2_trench05",
        "tm": [
          [-0.224567,0.0,-0.974458],
          [0.0,1.0,0.0],
          [0.974458,0.0,-0.224567],
          [2966.1,689.45,2005.2]
        ],
        "unit_class": "rendinst_fortification_sand_trench_onground_a",
        "objLayer": 2,
        "props": {
          "army": 2,
          "active": true
        }
      }
    },
    {
      "objectGroups": {
        "name": "t2_trench06",
        "tm": [
          [-0.0188596,0.0,-0.999822],
          [0.0,1.0,0.0],
          [0.999822,0.0,-0.0188596],
          [2794.81,671.673,1979.81]
        ],
        "unit_class": "rendinst_fortification_sand_trench_onground_a",
        "objLayer": 2,
        "props": {
          "army": 2,
          "active": true
        }
      }
    },
    {
      "objectGroups": {
        "name": "t2_trench07",
        "tm": [
          [-0.149201,0.0,-0.988807],
          [0.0,1.0,0.0],
          [0.988807,0.0,-0.149201],
          [2716.85,671.0,1989.45]
        ],
        "unit_class": "rendinst_fortification_sand_trench_onground_a",
        "objLayer": 2,
        "props": {
          "army": 2,
          "active": true
        }
      }
    },
    {
      "objectGroups": {
        "name": "t2_trench08",
        "tm": [
          [0.146768,0.0,-0.989171],
          [0.0,1.0,0.0],
          [0.989171,0.0,0.146768],
          [2883.85,680.55,2014.5]
        ],
        "unit_class": "rendinst_fortification_sand_trench_onground_a",
        "objLayer": 2,
        "props": {
          "army": 2,
          "active": true
        }
      }
    },
    {
      "objectGroups": {
        "name": "t2_trench09",
        "tm": [
          [0.157474,0.0,0.987523],
          [0.0,1.0,0.0],
          [-0.987523,0.0,0.157474],
          [2947.25,689.45,2042.95]
        ],
        "unit_class": "rendinst_fortification_sandbags_onground_a",
        "objLayer": 2,
        "props": {
          "army": 2,
          "active": true
        }
      }
    },
    {
      "objectGroups": {
        "name": "t2_trench10",
        "tm": [
          [0.39066,0.0,0.920535],
          [0.0,1.0,0.0],
          [-0.920535,0.0,0.39066],
          [3166.95,689.45,2094.95]
        ],
        "unit_class": "rendinst_fortification_sandbags_onground_a",
        "objLayer": 2,
        "props": {
          "army": 2,
          "active": true
        }
      }
    },
    {
      "squad": {
        "name": "t1_trench_sq",
        "tm": [
          [1.0,0.0,0.0],
          [0.0,1.0,0.0],
          [0.0,0.0,1.0],
          [3063.21,693.272,2522.36]
        ],
        "props": [
          {
            "object_marking": 0
          },
          {
            "squad_members": "t1_trench01"
          },
          {
            "squad_members": "t1_trench02"
          },
          {
            "squad_members": "t1_trench03"
          },
          {
            "squad_members": "t1_trench04"
          },
          {
            "squad_members": "t1_trench05"
          },
          {
            "squad_members": "t1_trench06"
          },
          {
            "squad_members": "t1_trench07"
          },
          {
            "squad_members": "t1_trench08"
          },
          {
            "squad_members": "t1_trench09"
          },
          {
            "squad_members": "t1_trench10"
          }
        ]
      }
    },
    {
      "squad": {
        "name": "t2_trench_sq",
        "tm": [
          [1.0,0.0,0.0],
          [0.0,1.0,0.0],
          [0.0,0.0,1.0],
          [2956.54,695.993,1829.83]
        ],
        "props": [
          {
            "object_marking": 0
          },
          {
            "squad_members": "t2_trench01"
          },
          {
            "squad_members": "t2_trench02"
          },
          {
            "squad_members": "t2_trench03"
          },
          {
            "squad_members": "t2_trench04"
          },
          {
            "squad_members": "t2_trench05"
          },
          {
            "squad_members": "t2_trench06"
          },
          {
            "squad_members": "t2_trench07"
          },
          {
            "squad_members": "t2_trench08"
          },
          {
            "squad_members": "t2_trench09"
          },
          {
            "squad_members": "t2_trench10"
          },
          {
            "squad_members": "t2_trench11"
          },
          {
            "squad_members": "t2_trench12"
          },
          {
            "squad_members": "t2_trench13"
          },
          {
            "squad_members": "t2_trench14"
          },
          {
            "squad_members": "t2_trench15"
          },
          {
            "squad_members": "t2_trench16"
          },
          {
            "squad_members": "t2_trench17"
          },
          {
            "squad_members": "t2_trench18"
          },
          {
            "squad_members": "t2_trench19"
          },
          {
            "squad_members": "t2_trench20"
          }
        ]
      }
    },
    {
      "tankModels": {
        "name": "t1_antiTankGun01",
        "tm": [
          [-0.231492,0.0,-0.972837],
          [0.0,1.0,0.0],
          [0.972837,0.0,-0.231492],
          [3256.46,689.629,2300.65]
        ],
        "unit_class": "germ_at_gun_pak38",
        "objLayer": 1,
        "closed_waypoints": false,
        "isShipSpline": false,
        "shipTurnRadius": 100.0,
        "weapons": "",
        "bullets0": "",
        "bullets1": "",
        "bullets2": "",
        "bullets3": "",
        "bulletsCount0": 0,
        "bulletsCount1": 0,
        "bulletsCount2": 0,
        "bulletsCount3": 0,
        "props": {
          "army": 1,
          "count": 1,
          "formation_type": "rows",
          "formation_div": 3,
          "formation_step": [2.5,2.0],
          "formation_noise": [0.1,0.1],
          "uniqueName": "",
          "attack_type": "fire_at_will",
          "targetableByAi": false,
          "unitReplacementType": "antiTankGun"
        },
        "way": []
      }
    },
    {
      "tankModels": {
        "name": "t1_antiTankGun02",
        "tm": [
          [-0.0749627,0.0,-0.997186],
          [0.0,1.0,0.0],
          [0.997186,0.0,-0.0749627],
          [3242.85,689.552,2303.69]
        ],
        "unit_class": "germ_at_gun_pak38",
        "objLayer": 1,
        "closed_waypoints": false,
        "isShipSpline": false,
        "shipTurnRadius": 100.0,
        "weapons": "",
        "bullets0": "",
        "bullets1": "",
        "bullets2": "",
        "bullets3": "",
        "bulletsCount0": 0,
        "bulletsCount1": 0,
        "bulletsCount2": 0,
        "bulletsCount3": 0,
        "props": {
          "army": 1,
          "count": 1,
          "formation_type": "rows",
          "formation_div": 3,
          "formation_step": [2.5,2.0],
          "formation_noise": [0.1,0.1],
          "uniqueName": "",
          "attack_type": "fire_at_will",
          "targetableByAi": false,
          "unitReplacementType": "antiTankGun"
        },
        "way": []
      }
    },
    {
      "tankModels": {
        "name": "t1_antiTankGun03",
        "tm": [
          [-0.0313947,0.0,-0.999507],
          [0.0,1.0,0.0],
          [0.999507,0.0,-0.0313947],
          [3203.11,689.546,2313.19]
        ],
        "unit_class": "germ_at_gun_pak38",
        "objLayer": 1,
        "closed_waypoints": false,
        "isShipSpline": false,
        "shipTurnRadius": 100.0,
        "weapons": "",
        "bullets0": "",
        "bullets1": "",
        "bullets2": "",
        "bullets3": "",
        "bulletsCount0": 0,
        "bulletsCount1": 0,
        "bulletsCount2": 0,
        "bulletsCount3": 0,
        "props": {
          "army": 1,
          "count": 1,
          "formation_type": "rows",
          "formation_div": 3,
          "formation_step": [2.5,2.0],
          "formation_noise": [0.1,0.1],
          "uniqueName": "",
          "attack_type": "fire_at_will",
          "targetableByAi": false,
          "unitReplacementType": "antiTankGun"
        },
        "way": []
      }
    },
    {
      "tankModels": {
        "name": "t1_antiTankGun04",
        "tm": [
          [-0.165508,0.0,-0.986209],
          [0.0,1.0,0.0],
          [0.986209,0.0,-0.165508],
          [3214.94,689.512,2313.9]
        ],
        "unit_class": "germ_at_gun_pak38",
        "objLayer": 1,
        "closed_waypoints": false,
        "isShipSpline": false,
        "shipTurnRadius": 100.0,
        "weapons": "",
        "bullets0": "",
        "bullets1": "",
        "bullets2": "",
        "bullets3": "",
        "bulletsCount0": 0,
        "bulletsCount1": 0,
        "bulletsCount2": 0,
        "bulletsCount3": 0,
        "props": {
          "army": 1,
          "count": 1,
          "formation_type": "rows",
          "formation_div": 3,
          "formation_step": [2.5,2.0],
          "formation_noise": [0.1,0.1],
          "uniqueName": "",
          "attack_type": "fire_at_will",
          "targetableByAi": false,
          "unitReplacementType": "antiTankGun"
        },
        "way": []
      }
    },
    {
      "tankModels": {
        "name": "t1_antiTankGun05",
        "tm": [
          [0.0907602,0.0,-0.995872],
          [0.0,1.0,0.0],
          [0.995872,0.0,0.0907602],
          [3171.46,690.212,2318.14]
        ],
        "unit_class": "germ_at_gun_pak38",
        "objLayer": 1,
        "closed_waypoints": false,
        "isShipSpline": false,
        "shipTurnRadius": 100.0,
        "weapons": "",
        "bullets0": "",
        "bullets1": "",
        "bullets2": "",
        "bullets3": "",
        "bulletsCount0": 0,
        "bulletsCount1": 0,
        "bulletsCount2": 0,
        "bulletsCount3": 0,
        "props": {
          "army": 1,
          "count": 1,
          "formation_type": "rows",
          "formation_div": 3,
          "formation_step": [2.5,2.0],
          "formation_noise": [0.1,0.1],
          "uniqueName": "",
          "attack_type": "fire_at_will",
          "targetableByAi": false,
          "unitReplacementType": "antiTankGun"
        },
        "way": []
      }
    },
    {
      "tankModels": {
        "name": "t1_antiTankGun06",
        "tm": [
          [-0.0313948,0.0,-0.999507],
          [0.0,1.0,0.0],
          [0.999507,0.0,-0.0313948],
          [3160.72,690.284,2317.52]
        ],
        "unit_class": "germ_at_gun_pak38",
        "objLayer": 1,
        "closed_waypoints": false,
        "isShipSpline": false,
        "shipTurnRadius": 100.0,
        "weapons": "",
        "bullets0": "",
        "bullets1": "",
        "bullets2": "",
        "bullets3": "",
        "bulletsCount0": 0,
        "bulletsCount1": 0,
        "bulletsCount2": 0,
        "bulletsCount3": 0,
        "props": {
          "army": 1,
          "count": 1,
          "formation_type": "rows",
          "formation_div": 3,
          "formation_step": [2.5,2.0],
          "formation_noise": [0.1,0.1],
          "uniqueName": "",
          "attack_type": "fire_at_will",
          "targetableByAi": false,
          "unitReplacementType": "antiTankGun"
        },
        "way": []
      }
    },
    {
      "tankModels": {
        "name": "t1_antiTankGun07",
        "tm": [
          [0.0993357,0.0,-0.995054],
          [0.0,1.0,0.0],
          [0.995054,0.0,0.0993357],
          [3123.61,689.989,2320.81]
        ],
        "unit_class": "germ_at_gun_pak38",
        "objLayer": 1,
        "closed_waypoints": false,
        "isShipSpline": false,
        "shipTurnRadius": 100.0,
        "weapons": "",
        "bullets0": "",
        "bullets1": "",
        "bullets2": "",
        "bullets3": "",
        "bulletsCount0": 0,
        "bulletsCount1": 0,
        "bulletsCount2": 0,
        "bulletsCount3": 0,
        "props": {
          "army": 1,
          "count": 1,
          "formation_type": "rows",
          "formation_div": 3,
          "formation_step": [2.5,2.0],
          "formation_noise": [0.1,0.1],
          "uniqueName": "",
          "attack_type": "fire_at_will",
          "targetableByAi": false,
          "unitReplacementType": "antiTankGun"
        },
        "way": []
      }
    },
    {
      "tankModels": {
        "name": "t1_antiTankGun08",
        "tm": [
          [0.0907602,0.0,-0.995872],
          [0.0,1.0,0.0],
          [0.995872,0.0,0.0907602],
          [3150.24,689.89,2324.05]
        ],
        "unit_class": "germ_at_gun_pak38",
        "objLayer": 1,
        "closed_waypoints": false,
        "isShipSpline": false,
        "shipTurnRadius": 100.0,
        "weapons": "",
        "bullets0": "",
        "bullets1": "",
        "bullets2": "",
        "bullets3": "",
        "bulletsCount0": 0,
        "bulletsCount1": 0,
        "bulletsCount2": 0,
        "bulletsCount3": 0,
        "props": {
          "army": 1,
          "count": 1,
          "formation_type": "rows",
          "formation_div": 3,
          "formation_step": [2.5,2.0],
          "formation_noise": [0.1,0.1],
          "uniqueName": "",
          "attack_type": "fire_at_will",
          "targetableByAi": false,
          "unitReplacementType": "antiTankGun"
        },
        "way": []
      }
    },
    {
      "tankModels": {
        "name": "t1_antiTankGun09",
        "tm": [
          [-0.0400036,0.0,-0.999199],
          [0.0,1.0,0.0],
          [0.999199,0.0,-0.0400036],
          [3060.69,690.359,2318.29]
        ],
        "unit_class": "germ_at_gun_pak38",
        "objLayer": 1,
        "closed_waypoints": false,
        "isShipSpline": false,
        "shipTurnRadius": 100.0,
        "weapons": "",
        "bullets0": "",
        "bullets1": "",
        "bullets2": "",
        "bullets3": "",
        "bulletsCount0": 0,
        "bulletsCount1": 0,
        "bulletsCount2": 0,
        "bulletsCount3": 0,
        "props": {
          "army": 1,
          "count": 1,
          "formation_type": "rows",
          "formation_div": 3,
          "formation_step": [2.5,2.0],
          "formation_noise": [0.1,0.1],
          "uniqueName": "",
          "attack_type": "fire_at_will",
          "targetableByAi": false,
          "unitReplacementType": "antiTankGun"
        },
        "way": []
      }
    },
    {
      "tankModels": {
        "name": "t1_antiTankGun10",
        "tm": [
          [0.576537,0.0,-0.817071],
          [0.0,1.0,0.0],
          [0.817071,0.0,0.576537],
          [2982.38,690.006,2300.33]
        ],
        "unit_class": "germ_at_gun_pak38",
        "objLayer": 1,
        "closed_waypoints": false,
        "isShipSpline": false,
        "shipTurnRadius": 100.0,
        "weapons": "",
        "bullets0": "",
        "bullets1": "",
        "bullets2": "",
        "bullets3": "",
        "bulletsCount0": 0,
        "bulletsCount1": 0,
        "bulletsCount2": 0,
        "bulletsCount3": 0,
        "props": {
          "army": 1,
          "count": 1,
          "formation_type": "rows",
          "formation_div": 3,
          "formation_step": [2.5,2.0],
          "formation_noise": [0.1,0.1],
          "uniqueName": "",
          "attack_type": "fire_at_will",
          "targetableByAi": false,
          "unitReplacementType": "antiTankGun"
        },
        "way": []
      }
    },
    {
      "tankModels": {
        "name": "t1_antiTankGun11",
        "tm": [
          [0.0907602,0.0,-0.995872],
          [0.0,1.0,0.0],
          [0.995872,0.0,0.0907602],
          [3047.36,690.395,2319.42]
        ],
        "unit_class": "germ_at_gun_pak38",
        "objLayer": 1,
        "closed_waypoints": false,
        "isShipSpline": false,
        "shipTurnRadius": 100.0,
        "weapons": "",
        "bullets0": "",
        "bullets1": "",
        "bullets2": "",
        "bullets3": "",
        "bulletsCount0": 0,
        "bulletsCount1": 0,
        "bulletsCount2": 0,
        "bulletsCount3": 0,
        "props": {
          "army": 1,
          "count": 1,
          "formation_type": "rows",
          "formation_div": 3,
          "formation_step": [2.5,2.0],
          "formation_noise": [0.1,0.1],
          "uniqueName": "",
          "attack_type": "fire_at_will",
          "targetableByAi": false,
          "unitReplacementType": "antiTankGun"
        },
        "way": []
      }
    },
    {
      "tankModels": {
        "name": "t1_antiTankGun12",
        "tm": [
          [0.262313,0.0,-0.964982],
          [0.0,1.0,0.0],
          [0.964982,0.0,0.262313],
          [2947.5,689.75,2295.0]
        ],
        "unit_class": "germ_at_gun_pak38",
        "objLayer": 1,
        "closed_waypoints": false,
        "isShipSpline": false,
        "shipTurnRadius": 100.0,
        "weapons": "",
        "bullets0": "",
        "bullets1": "",
        "bullets2": "",
        "bullets3": "",
        "bulletsCount0": 0,
        "bulletsCount1": 0,
        "bulletsCount2": 0,
        "bulletsCount3": 0,
        "props": {
          "army": 1,
          "count": 1,
          "formation_type": "rows",
          "formation_div": 3,
          "formation_step": [2.5,2.0],
          "formation_noise": [0.1,0.1],
          "uniqueName": "",
          "attack_type": "fire_at_will",
          "targetableByAi": false,
          "unitReplacementType": "antiTankGun"
        },
        "way": []
      }
    },
    {
      "tankModels": {
        "name": "t1_antiTankGun13",
        "tm": [
          [-0.277603,0.0,-0.960696],
          [0.0,1.0,0.0],
          [0.960696,0.0,-0.277603],
          [2893.4,684.084,2291.85]
        ],
        "unit_class": "germ_at_gun_pak38",
        "objLayer": 1,
        "closed_waypoints": false,
        "isShipSpline": false,
        "shipTurnRadius": 100.0,
        "weapons": "",
        "bullets0": "",
        "bullets1": "",
        "bullets2": "",
        "bullets3": "",
        "bulletsCount0": 0,
        "bulletsCount1": 0,
        "bulletsCount2": 0,
        "bulletsCount3": 0,
        "props": {
          "army": 1,
          "count": 1,
          "formation_type": "rows",
          "formation_div": 3,
          "formation_step": [2.5,2.0],
          "formation_noise": [0.1,0.1],
          "uniqueName": "",
          "attack_type": "fire_at_will",
          "targetableByAi": false,
          "unitReplacementType": "antiTankGun"
        },
        "way": []
      }
    },
    {
      "tankModels": {
        "name": "t1_antiTankGun14",
        "tm": [
          [0.143893,0.0,-0.989593],
          [0.0,1.0,0.0],
          [0.989593,0.0,0.143893],
          [2719.95,671.3,2284.65]
        ],
        "unit_class": "germ_at_gun_pak38",
        "objLayer": 1,
        "closed_waypoints": false,
        "isShipSpline": false,
        "shipTurnRadius": 100.0,
        "weapons": "",
        "bullets0": "",
        "bullets1": "",
        "bullets2": "",
        "bullets3": "",
        "bulletsCount0": 0,
        "bulletsCount1": 0,
        "bulletsCount2": 0,
        "bulletsCount3": 0,
        "props": {
          "army": 1,
          "count": 1,
          "formation_type": "rows",
          "formation_div": 3,
          "formation_step": [2.5,2.0],
          "formation_noise": [0.1,0.1],
          "uniqueName": "",
          "attack_type": "fire_at_will",
          "targetableByAi": false,
          "unitReplacementType": "antiTankGun"
        },
        "way": []
      }
    },
    {
      "tankModels": {
        "name": "t1_antiTankGun15",
        "tm": [
          [0.228366,0.0,-0.973575],
          [0.0,1.0,0.0],
          [0.973575,0.0,0.228366],
          [3112.92,690.335,2324.82]
        ],
        "unit_class": "germ_at_gun_pak38",
        "objLayer": 1,
        "closed_waypoints": false,
        "isShipSpline": false,
        "shipTurnRadius": 100.0,
        "weapons": "",
        "bullets0": "",
        "bullets1": "",
        "bullets2": "",
        "bullets3": "",
        "bulletsCount0": 0,
        "bulletsCount1": 0,
        "bulletsCount2": 0,
        "bulletsCount3": 0,
        "props": {
          "army": 1,
          "count": 1,
          "formation_type": "rows",
          "formation_div": 3,
          "formation_step": [2.5,2.0],
          "formation_noise": [0.1,0.1],
          "uniqueName": "",
          "attack_type": "fire_at_will",
          "targetableByAi": false,
          "unitReplacementType": "antiTankGun"
        },
        "way": []
      }
    },
    {
      "tankModels": {
        "name": "t1_antiTankGun16",
        "tm": [
          [0.618421,0.0,-0.785847],
          [0.0,1.0,0.0],
          [0.785847,0.0,0.618421],
          [3002.19,690.371,2309.4]
        ],
        "unit_class": "germ_at_gun_pak38",
        "objLayer": 1,
        "closed_waypoints": false,
        "isShipSpline": false,
        "shipTurnRadius": 100.0,
        "weapons": "",
        "bullets0": "",
        "bullets1": "",
        "bullets2": "",
        "bullets3": "",
        "bulletsCount0": 0,
        "bulletsCount1": 0,
        "bulletsCount2": 0,
        "bulletsCount3": 0,
        "props": {
          "army": 1,
          "count": 1,
          "formation_type": "rows",
          "formation_div": 3,
          "formation_step": [2.5,2.0],
          "formation_noise": [0.1,0.1],
          "uniqueName": "",
          "attack_type": "fire_at_will",
          "targetableByAi": false,
          "unitReplacementType": "antiTankGun"
        },
        "way": []
      }
    },
    {
      "tankModels": {
        "name": "t1_antiTankGun17",
        "tm": [
          [0.0558375,0.0,-0.99844],
          [0.0,1.0,0.0],
          [0.99844,0.0,0.0558375],
          [3019.24,690.395,2309.88]
        ],
        "unit_class": "germ_at_gun_pak38",
        "objLayer": 1,
        "closed_waypoints": false,
