{
  "selected_tag": "",
  "bin_dump_file": "",
  "mission_settings": {
    "player": {
      "army": 1
    },
    "player_teamB": {
      "army": 2
    },
    "mission": {
      "level": "levels/air_smolensk.bin",
      "type": "domination",
      "environment": "Day",
      "weather": "hazy",
      "restoreType": "attempts",
      "optionalTakeOff": false
    }
  },
  "imports": {},
  "triggers": {
    "isCategory": true,
    "is_enabled": true
  },
  "mission_objectives": {
    "isCategory": true,
    "is_enabled": true
  },
  "variables": {},
  "dialogs": {},
  "airfields": {},
  "effects": {},
  "units": {
    "objectGroups": [
      {
        "name": "bdt_t2_bomb_object_01",
        "tm": [
          [
            0.27771,
            0.0,
            -0.960663
          ],
          [
            0.0,
            1.0,
            0.0
          ],
          [
            0.960663,
            0.0,
            0.27771
          ],
          [
            15030.3,
            -1.4,
            -3657.35
          ]
        ],
        "unit_class": "dynBase_hq_camp_square",
        "objLayer": 2,
        "props": {
          "army": 2,
          "active": false
        }
      },
      {
        "name": "bdt_t2_bomb_object_02",
        "tm": [
          [
            -0.342164,
            0.0,
            -0.939644
          ],
          [
            0.0,
            1.0,
            0.0
          ],
          [
            0.939644,
            0.0,
            -0.342164
          ],
          [
            7317.05,
            71.4,
            -15814.7
          ]
        ],
        "unit_class": "dynBase_fuel_storage_square",
        "objLayer": 2,
        "props": {
          "army": 2,
          "active": false
        }
      },
      {
        "name": "bdt_t2_bomb_object_03",
        "tm": [
          [
            0.996184,
            0.0,
            -0.0873058
          ],
          [
            0.0,
            1.0,
            0.0
          ],
          [
            0.0873058,
            0.0,
            0.996184
          ],
          [
            9853.89,
            43.9396,
            -20920.7
          ]
        ],
        "unit_class": "dynBase_oil_storage_small_square",
        "objLayer": 2,
        "props": {
          "army": 2,
          "active": false
        }
      },
      {
        "name": "bdt_t1_bomb_object_01",
        "tm": [
          [
            0.663636,
            0.0,
            -0.748055
          ],
          [
            0.0,
            1.0,
            0.0
          ],
          [
            0.748055,
            0.0,
            0.663636
          ],
          [
            32897.6,
            59.4244,
            -13986.9
          ]
        ],
        "unit_class": "dynBase_fuel_storage_square",
        "objLayer": 2,
        "props": {
          "army": 1,
          "active": false
        }
      },
      {
        "name": "bdt_t1_bomb_object_02",
        "tm": [
          [
            0.994662,
            0.0,
            -0.103177
          ],
          [
            0.0,
            1.0,
            0.0
          ],
          [
            0.103177,
            0.0,
            0.994662
          ],
          [
            27865.1,
            6.14111,
            -7419.82
          ]
        ],
        "unit_class": "dynBase_small_factory_square",
        "objLayer": 2,
        "props": {
          "army": 1,
          "active": false
        }
      },
      {
        "name": "bdt_t1_bomb_object_03",
        "tm": [
          [
            0.999998,
            0.0,
            0.00133553
          ],
          [
            0.0,
            1.0,
            0.0
          ],
          [
            -0.00133553,
            0.0,
            0.999998
          ],
          [
            26076.2,
            70.3929,
            -22474.3
          ]
        ],
        "unit_class": "dynBase_oil_storage_small_square",
        "objLayer": 2,
        "props": {
          "army": 1,
          "active": false
        }
      },
      {
        "name": "bdt_t2_bomb_object_04",
        "tm": [
          [
            0.778503,
            0.0,
            -0.62764
          ],
          [
            0.0,
            1.0,
            0.0
          ],
          [
            0.62764,
            0.0,
            0.778503
          ],
          [
            9531.05,
            0.0999999,
            -3478.45
          ]
        ],
        "unit_class": "dynBase_small_factory_square",
        "objLayer": 2,
        "props": {
          "army": 2,
          "active": false
        }
      },
      {
        "name": "bdt_t1_bomb_object_04",
        "tm": [
          [
            0.937216,
            0.0,
            -0.348751
          ],
          [
            0.0,
            1.0,
            0.0
          ],
          [
            0.348751,
            0.0,
            0.937216
          ],
          [
            17644.4,
            79.7216,
            -24611.5
          ]
        ],
        "unit_class": "dynBase_field_camp_square",
        "objLayer": 2,
        "props": {
          "army": 1,
          "active": false
        }
      },
      {
        "name": "bdt_t1_bomb_object_05",
        "tm": [
          [
            0.937216,
            0.0,
            -0.348751
          ],
          [
            0.0,
            1.0,
            0.0
          ],
          [
            0.348751,
            0.0,
            0.937216
          ],
          [
            21772.9,
            68.7856,
            -28065.1
          ]
        ],
        "unit_class": "dynBase_military_base_square",
        "objLayer": 2,
        "props": {
          "army": 1,
          "active": false
        }
      },
      {
        "name": "bdt_t1_bomb_object_06",
        "tm": [
          [
            0.937216,
            0.0,
            -0.348751
          ],
          [
            0.0,
            1.0,
            0.0
          ],
          [
            0.348751,
            0.0,
            0.937216
          ],
          [
            26633.9,
            59.9559,
            -25880.2
          ]
        ],
        "unit_class": "dynBase_oil_storage_large_square",
        "objLayer": 2,
        "props": {
          "army": 1,
          "active": false
        }
      },
      {
        "name": "bdt_t1_bomb_object_07",
        "tm": [
          [
            0.937216,
            0.0,
            -0.348751
          ],
          [
            0.0,
            1.0,
            0.0
          ],
          [
            0.348751,
            0.0,
            0.937216
          ],
          [
            22220.8,
            301.446,
            -24565.6
          ]
        ],
        "unit_class": "dynBase_oil_storage_large_square",
        "objLayer": 2,
        "props": {
          "army": 1,
          "active": false
        }
      },
      {
        "name": "bdt_t1_bomb_object_08",
        "tm": [
          [
            0.663636,
            0.0,
            -0.748055
          ],
          [
            0.0,
            1.0,
            0.0
          ],
          [
            0.748055,
            0.0,
            0.663636
          ],
          [
            31320.9,
            -19.8542,
            -7546.33
          ]
        ],
        "unit_class": "dynBase_small_factory_square",
        "objLayer": 2,
        "props": {
          "army": 1,
          "active": false
        }
      },
      {
        "name": "bdt_t1_bomb_object_09",
        "tm": [
          [
            0.663636,
            0.0,
            -0.748055
          ],
          [
            0.0,
            1.0,
            0.0
          ],
          [
            0.748055,
            0.0,
            0.663636
          ],
          [
            29135.0,
            80.7983,
            -16820.1
          ]
        ],
        "unit_class": "dynBase_petrol_camp_square",
        "objLayer": 2,
        "props": {
          "army": 1,
          "active": false
        }
      },
      {
        "name": "bdt_t1_bomb_object_10",
        "tm": [
          [
            0.663636,
            0.0,
            -0.748055
          ],
          [
            0.0,
            1.0,
            0.0
          ],
          [
            0.748055,
            0.0,
            0.663636
          ],
          [
            29655.8,
            25.5027,
            -11334.2
          ]
        ],
        "unit_class": "dynBase_petrol_camp_square",
        "objLayer": 2,
        "props": {
          "army": 1,
          "active": false
        }
      },
      {
        "name": "bdt_t2_bomb_object_05",
        "tm": [
          [
            0.778503,
            0.0,
            -0.62764
          ],
          [
            0.0,
            1.0,
            0.0
          ],
          [
            0.62764,
            0.0,
            0.778503
          ],
          [
            19947.6,
            -29.5,
            -311.4
          ]
        ],
        "unit_class": "dynBase_petrol_camp_square",
        "objLayer": 2,
        "props": {
          "army": 2,
          "active": false
        }
      },
      {
        "name": "bdt_t2_bomb_object_06",
        "tm": [
          [
            0.981996,
            0.0,
            -0.188902
          ],
          [
            0.0,
            1.0,
            0.0
          ],
          [
            0.188902,
            0.0,
            0.981996
          ],
          [
            20849.9,
            -31.65,
            -3238.4
          ]
        ],
        "unit_class": "dynBase_military_base_square",
        "objLayer": 2,
        "props": {
          "army": 2,
          "active": false
        }
      },
      {
        "name": "bdt_t2_bomb_object_07",
        "tm": [
          [
            0.778503,
            0.0,
            -0.62764
          ],
          [
            0.0,
            1.0,
            0.0
          ],
          [
            0.62764,
            0.0,
            0.778503
          ],
          [
            12621.8,
            34.7,
            -5081.25
          ]
        ],
        "unit_class": "dynBase_fuel_storage_square",
        "objLayer": 2,
        "props": {
          "army": 2,
          "active": false
        }
      },
      {
        "name": "bdt_t2_bomb_object_08",
        "tm": [
          [
            0.996184,
            0.0,
            -0.0873058
          ],
          [
            0.0,
            1.0,
            0.0
          ],
          [
            0.0873058,
            0.0,
            0.996184
          ],
          [
            4411.14,
            48.646,
            -13412.9
          ]
        ],
        "unit_class": "dynBase_ammunition_storage_square",
        "objLayer": 2,
        "props": {
          "army": 2,
          "active": false
        }
      },
      {
        "name": "bdt_t2_bomb_object_09",
        "tm": [
          [
            0.996184,
            0.0,
            -0.0873058
          ],
          [
            0.0,
            1.0,
            0.0
          ],
          [
            0.0873058,
            0.0,
            0.996184
          ],
          [
            5857.43,
            25.3406,
            -19876.2
          ]
        ],
        "unit_class": "dynBase_field_camp_square",
        "objLayer": 2,
        "props": {
          "army": 2,
          "active": false
        }
      },
      {
        "name": "bdt_t2_bomb_object_10",
        "tm": [
          [
            0.996184,
            0.0,
            -0.0873058
          ],
          [
            0.0,
            1.0,
            0.0
          ],
          [
            0.0873058,
            0.0,
            0.996184
          ],
          [
            8044.94,
            73.05,
            -11019.8
          ]
        ],
        "unit_class": "dynBase_oil_storage_small_square",
        "objLayer": 2,
        "props": {
          "army": 2,
          "active": false
        }
      }
    ]
  },
  "areas": {
    "bdt_t2_bomb_zone_01": {
      "type": "Sphere",
      "tm": [
        [
          124.97,
          0.0,
          -432.301
        ],
        [
          0.0,
          450.0,
          0.0
        ],
        [
          432.301,
          0.0,
          124.97
        ],
        [
          15023.3,
          43.103,
          -3656.87
        ]
      ],
      "objLayer": 0,
      "props": {}
    },
    "bdt_t2_bomb_zone_02": {
      "type": "Sphere",
      "tm": [
        [
          172.145,
          0.0,
          -415.774
        ],
        [
          0.0,
          450.0,
          0.0
        ],
        [
          415.774,
          0.0,
          172.145
        ],
        [
          7338.7,
          71.7199,
          -15816.2
        ]
      ],
      "objLayer": 0,
      "props": {}
    },
    "bdt_t2_bomb_zone_03": {
      "type": "Sphere",
      "tm": [
        [
          448.281,
          0.0,
          -39.2896
        ],
        [
          0.0,
          450.0,
          0.0
        ],
        [
          39.2896,
          0.0,
          448.281
        ],
        [
          9849.32,
          43.8896,
          -20912.2
        ]
      ],
      "objLayer": 0,
      "props": {}
    },
    "bdt_t1_bomb_zone_01": {
      "type": "Sphere",
      "tm": [
        [
          298.635,
          0.0,
          -336.626
        ],
        [
          0.0,
          450.0,
          0.0
        ],
        [
          336.626,
          0.0,
          298.635
        ],
        [
          32908.1,
          59.4664,
          -13994.0
        ]
      ],
      "objLayer": 0,
      "props": {}
    },
    "bdt_t1_bomb_zone_02": {
      "type": "Sphere",
      "tm": [
        [
          426.938,
          0.0,
          -142.208
        ],
        [
          0.0,
          450.0,
          0.0
        ],
        [
          142.208,
          0.0,
          426.938
        ],
        [
          27869.9,
          35.5933,
          -7419.18
        ]
      ],
      "objLayer": 0,
      "props": {}
    },
    "bdt_t1_bomb_zone_03": {
      "type": "Sphere",
      "tm": [
        [
          416.374,
          0.0,
          -170.68
        ],
        [
          0.0,
          450.0,
          0.0
        ],
        [
          170.68,
          0.0,
          416.374
        ],
        [
          26081.7,
          70.262,
          -22476.0
        ]
      ],
      "objLayer": 0,
      "props": {}
    },
    "bdt_t2_bomb_zone_04": {
      "type": "Sphere",
      "tm": [
        [
          350.325,
          0.0,
          -282.439
        ],
        [
          0.0,
          450.0,
          0.0
        ],
        [
          282.439,
          0.0,
          350.325
        ],
        [
          9535.94,
          44.467,
          -3484.61
        ]
      ],
      "objLayer": 0,
      "props": {}
    },
    "bdt_t1_bomb_zone_04": {
      "type": "Sphere",
      "tm": [
        [
          416.374,
          0.0,
          -170.68
        ],
        [
          0.0,
          450.0,
          0.0
        ],
        [
          170.68,
          0.0,
          416.374
        ],
        [
          17646.7,
          79.6885,
          -24606.3
        ]
      ],
      "objLayer": 0,
      "props": {}
    },
    "bdt_t2_bomb_zone_01_aaa_point_01": {
      "type": "Point",
      "tm": [
        [
          0.766984,
          0.0,
          -0.641665
        ],
        [
          0.0,
          1.0,
          0.0
        ],
        [
          0.641665,
          0.0,
          0.766984
        ],
        [
          14900.4,
          45.236,
          -3845.78
        ]
      ],
      "objLayer": 0,
      "props": {}
    },
    "bdt_t2_bomb_zone_01_aaa_point_02": {
      "type": "Point",
      "tm": [
        [
          0.766984,
          0.0,
          -0.641665
        ],
        [
          0.0,
          1.0,
          0.0
        ],
        [
          0.641665,
          0.0,
          0.766984
        ],
        [
          15084.0,
          44.862,
          -3371.04
        ]
      ],
      "objLayer": 0,
      "props": {}
    },
    "bdt_t2_bomb_zone_01_aaa_point_03": {
      "type": "Point",
      "tm": [
        [
          0.766984,
          0.0,
          -0.641665
        ],
        [
          0.0,
          1.0,
          0.0
        ],
        [
          0.641665,
          0.0,
          0.766984
        ],
        [
          15180.2,
          43.444,
          -3441.1
        ]
      ],
      "objLayer": 0,
      "props": {}
    },
    "bdt_t2_bomb_zone_01_aaa_point_04": {
      "type": "Point",
      "tm": [
        [
          0.766984,
          0.0,
          -0.641665
        ],
        [
          0.0,
          1.0,
          0.0
        ],
        [
          0.641665,
          0.0,
          0.766984
        ],
        [
          15490.4,
          39.706,
          -3669.91
        ]
      ],
      "objLayer": 0,
      "props": {}
    },
    "bdt_t2_bomb_zone_02_aaa_point_01": {
      "type": "Point",
      "tm": [
        [
          0.833417,
          0.0,
          -0.552641
        ],
        [
          0.0,
          1.0,
          0.0
        ],
        [
          0.552641,
          0.0,
          0.833417
        ],
        [
          7090.6,
          69.0799,
          -15830.9
        ]
      ],
      "objLayer": 0,
      "props": {}
    },
    "bdt_t2_bomb_zone_02_aaa_point_02": {
      "type": "Point",
      "tm": [
        [
          0.833417,
          0.0,
          -0.552641
        ],
        [
          0.0,
          1.0,
          0.0
        ],
        [
          0.552641,
          0.0,
          0.833417
        ],
        [
          7570.24,
          70.92,
          -15584.8
        ]
      ],
      "objLayer": 0,
      "props": {}
    },
    "bdt_t2_bomb_zone_02_aaa_point_03": {
      "type": "Point",
      "tm": [
        [
          0.833417,
          0.0,
          -0.552641
        ],
        [
          0.0,
          1.0,
          0.0
        ],
        [
          0.552641,
          0.0,
          0.833417
        ],
        [
          7184.91,
          74.7299,
          -15582.6
        ]
      ],
      "objLayer": 0,
      "props": {}
    },
    "bdt_t2_bomb_zone_02_aaa_point_04": {
      "type": "Point",
      "tm": [
        [
          0.833417,
          0.0,
          -0.552641
        ],
        [
          0.0,
          1.0,
          0.0
        ],
        [
          0.552641,
          0.0,
          0.833417
        ],
        [
          7505.48,
          69.01,
          -15973.6
        ]
      ],
      "objLayer": 0,
      "props": {}
    },
    "bdt_t2_bomb_zone_03_aaa_point_01": {
      "type": "Point",
      "tm": [
        [
          0.833417,
          0.0,
          -0.552641
        ],
        [
          0.0,
          1.0,
          0.0
        ],
        [
          0.552641,
          0.0,
          0.833417
        ],
        [
          9727.55,
          46.6896,
          -21184.1
        ]
      ],
      "objLayer": 0,
      "props": {}
    },
    "bdt_t2_bomb_zone_03_aaa_point_02": {
      "type": "Point",
      "tm": [
        [
          0.833417,
          0.0,
          -0.552641
        ],
        [
          0.0,
          1.0,
          0.0
        ],
        [
          0.552641,
          0.0,
          0.833417
        ],
        [
          10091.0,
          40.6296,
          -20747.2
        ]
      ],
      "objLayer": 0,
      "props": {}
    },
    "bdt_t2_bomb_zone_03_aaa_point_03": {
      "type": "Point",
      "tm": [
        [
          0.833417,
          0.0,
          -0.552641
        ],
        [
          0.0,
          1.0,
          0.0
        ],
        [
          0.552641,
          0.0,
          0.833417
        ],
        [
          9825.26,
          41.0196,
          -20592.6
        ]
      ],
      "objLayer": 0,
      "props": {}
    },
    "bdt_t2_bomb_zone_03_aaa_point_04": {
      "type": "Point",
      "tm": [
        [
          0.833417,
          0.0,
          -0.552641
        ],
        [
          0.0,
          1.0,
          0.0
        ],
        [
          0.552641,
          0.0,
          0.833417
        ],
        [
          9568.77,
          46.5496,
          -21018.5
        ]
      ],
      "objLayer": 0,
      "props": {}
    },
    "bdt_t2_bomb_zone_04_aaa_point_01": {
      "type": "Point",
      "tm": [
        [
          0.766984,
          0.0,
          -0.641665
        ],
        [
          0.0,
          1.0,
          0.0
        ],
        [
          0.641665,
          0.0,
          0.766984
        ],
        [
          9867.48,
          40.3201,
          -3461.28
        ]
      ],
      "objLayer": 0,
      "props": {}
    },
    "bdt_t2_bomb_zone_04_aaa_point_02": {
      "type": "Point",
      "tm": [
        [
          0.766984,
          0.0,
          -0.641665
        ],
        [
          0.0,
          1.0,
          0.0
        ],
        [
          0.641665,
          0.0,
          0.766984
        ],
        [
          9502.87,
          40.0811,
          -3184.3
        ]
      ],
      "objLayer": 0,
      "props": {}
    },
    "bdt_t2_bomb_zone_04_aaa_point_03": {
      "type": "Point",
      "tm": [
        [
          0.766984,
          0.0,
          -0.641665
        ],
        [
          0.0,
          1.0,
          0.0
        ],
        [
          0.641665,
          0.0,
          0.766984
        ],
        [
          9472.6,
          39.9241,
          -3743.58
        ]
      ],
      "objLayer": 0,
      "props": {}
    },
    "bdt_t2_bomb_zone_04_aaa_point_04": {
      "type": "Point",
      "tm": [
        [
          0.766984,
          0.0,
          -0.641665
        ],
        [
          0.0,
          1.0,
          0.0
        ],
        [
          0.641665,
          0.0,
          0.766984
        ],
        [
          9303.19,
          0.178979,
          -3567.41
        ]
      ],
      "objLayer": 0,
      "props": {}
    },
    "bdt_t1_bomb_zone_01_aaa_point_01": {
      "type": "Point",
      "tm": [
        [
          0.968313,
          0.0,
          -0.249735
        ],
        [
          0.0,
          1.0,
          0.0
        ],
        [
          0.249735,
          0.0,
          0.968313
        ],
        [
          33156.8,
          62.8483,
          -14048.9
        ]
      ],
      "objLayer": 0,
      "props": {}
    },
    "bdt_t1_bomb_zone_01_aaa_point_02": {
      "type": "Point",
      "tm": [
        [
          0.968313,
          0.0,
          -0.249735
        ],
        [
          0.0,
          1.0,
          0.0
        ],
        [
          0.249735,
          0.0,
          0.968313
        ],
        [
          32685.3,
          56.7953,
          -13873.6
        ]
      ],
      "objLayer": 0,
      "props": {}
    },
    "bdt_t1_bomb_zone_01_aaa_point_03": {
      "type": "Point",
      "tm": [
        [
          0.968313,
          0.0,
          -0.249735
        ],
        [
          0.0,
          1.0,
          0.0
        ],
        [
          0.249735,
          0.0,
          0.968313
        ],
        [
          32822.2,
          72.3273,
          -14210.9
        ]
      ],
      "objLayer": 0,
      "props": {}
    },
    "bdt_t1_bomb_zone_01_aaa_point_04": {
      "type": "Point",
      "tm": [
        [
          0.968313,
          0.0,
          -0.249735
        ],
        [
          0.0,
          1.0,
          0.0
        ],
        [
          0.249735,
          0.0,
          0.968313
        ],
        [
          32665.2,
          65.5652,
          -14044.9
        ]
      ],
      "objLayer": 0,
      "props": {}
    },
    "bdt_t1_bomb_zone_02_aaa_point_01": {
      "type": "Point",
      "tm": [
        [
          0.968313,
          0.0,
          -0.249735
        ],
        [
          0.0,
          1.0,
          0.0
        ],
        [
          0.249735,
          0.0,
          0.968313
        ],
        [
          28109.3,
          33.3341,
          -7293.33
        ]
      ],
      "objLayer": 0,
      "props": {}
    },
    "bdt_t1_bomb_zone_02_aaa_point_02": {
      "type": "Point",
      "tm": [
        [
          0.968313,
          0.0,
          -0.249735
        ],
        [
          0.0,
          1.0,
          0.0
        ],
        [
          0.249735,
          0.0,
          0.968313
        ],
        [
          27854.7,
          102.895,
          -7153.82
        ]
      ],
      "objLayer": 0,
      "props": {}
    },
    "bdt_t1_bomb_zone_02_aaa_point_03": {
      "type": "Point",
      "tm": [
        [
          0.968313,
          0.0,
          -0.249735
        ],
        [
          0.0,
          1.0,
          0.0
        ],
        [
          0.249735,
          0.0,
          0.968313
        ],
        [
          27696.4,
          64.0172,
          -7834.92
        ]
      ],
      "objLayer": 0,
      "props": {}
    },
    "bdt_t1_bomb_zone_02_aaa_point_04": {
      "type": "Point",
      "tm": [
        [
          0.968313,
          0.0,
          -0.249735
        ],
        [
          0.0,
          1.0,
          0.0
        ],
        [
          0.249735,
          0.0,
          0.968313
        ],
        [
          27562.1,
          111.667,
          -7302.31
        ]
      ],
      "objLayer": 0,
      "props": {}
    },
    "bdt_t1_bomb_zone_03_aaa_point_01": {
      "type": "Point",
      "tm": [
        [
          0.934641,
          0.0,
          -0.35559
        ],
        [
          0.0,
          1.0,
          0.0
        ],
        [
          0.35559,
          0.0,
          0.934641
        ],
        [
          25810.2,
          74.6329,
          -22620.7
        ]
      ],
      "objLayer": 0,
      "props": {}
    },
    "bdt_t1_bomb_zone_03_aaa_point_02": {
      "type": "Point",
      "tm": [
        [
          0.934641,
          0.0,
          -0.35559
        ],
        [
          0.0,
          1.0,
          0.0
        ],
        [
          0.35559,
          0.0,
          0.934641
        ],
        [
          26287.8,
          67.3149,
          -22349.2
        ]
      ],
      "objLayer": 0,
      "props": {}
    },
    "bdt_t1_bomb_zone_03_aaa_point_03": {
      "type": "Point",
      "tm": [
        [
          0.934641,
          0.0,
          -0.35559
        ],
        [
          0.0,
          1.0,
          0.0
        ],
        [
          0.35559,
          0.0,
          0.934641
        ],
        [
          26057.6,
          74.0819,
          -22190.2
        ]
      ],
      "objLayer": 0,
      "props": {}
    },
    "bdt_t1_bomb_zone_03_aaa_point_04": {
      "type": "Point",
      "tm": [
        [
          0.934641,
          0.0,
          -0.35559
        ],
        [
          0.0,
          1.0,
          0.0
        ],
        [
          0.35559,
          0.0,
          0.934641
        ],
        [
          26195.9,
          71.8759,
          -22710.5
        ]
      ],
      "objLayer": 0,
      "props": {}
    },
    "bdt_t1_bomb_zone_04_aaa_point_01": {
      "type": "Point",
      "tm": [
        [
          0.934641,
          0.0,
          -0.35559
        ],
        [
          0.0,
          1.0,
          0.0
        ],
        [
          0.35559,
          0.0,
          0.934641
        ],
        [
          17867.3,
          81.8785,
          -24833.7
        ]
      ],
      "objLayer": 0,
      "props": {}
    },
    "bdt_t1_bomb_zone_04_aaa_point_02": {
      "type": "Point",
      "tm": [
        [
          0.934641,
          0.0,
          -0.35559
        ],
        [
          0.0,
          1.0,
          0.0
        ],
        [
          0.35559,
          0.0,
          0.934641
        ],
        [
          17881.6,
          79.8055,
          -24512.9
        ]
      ],
      "objLayer": 0,
      "props": {}
    },
    "bdt_t1_bomb_zone_04_aaa_point_03": {
      "type": "Point",
      "tm": [
        [
          0.934641,
          0.0,
          -0.35559
        ],
        [
          0.0,
          1.0,
          0.0
        ],
        [
          0.35559,
          0.0,
          0.934641
        ],
        [
          17537.7,
          80.7335,
          -24876.1
        ]
      ],
      "objLayer": 0,
      "props": {}
    },
    "bdt_t1_bomb_zone_04_aaa_point_04": {
      "type": "Point",
      "tm": [
        [
          0.934641,
          0.0,
          -0.35559
        ],
        [
          0.0,
          1.0,
          0.0
        ],
        [
          0.35559,
          0.0,
          0.934641
        ],
        [
          17597.4,
          79.1465,
          -24296.4
        ]
      ],
      "objLayer": 0,
      "props": {}
    },
    "bdt_t1_bomb_zone_05": {
      "type": "Sphere",
      "tm": [
        [
          416.374,
          0.0,
          -170.68
        ],
        [
          0.0,
          450.0,
          0.0
        ],
        [
          170.68,
          0.0,
          416.374
        ],
        [
          21775.3,
          68.8076,
          -28059.7
        ]
      ],
      "objLayer": 0,
      "props": {}
    },
    "bdt_t1_bomb_zone_06": {
      "type": "Sphere",
      "tm": [
        [
          416.374,
          0.0,
          -170.68
        ],
        [
          0.0,
          450.0,
          0.0
        ],
        [
          170.68,
          0.0,
          416.374
        ],
        [
          26636.3,
          60.0139,
          -25875.0
        ]
      ],
      "objLayer": 0,
      "props": {}
    },
    "bdt_t1_bomb_zone_07": {
      "type": "Sphere",
      "tm": [
        [
          416.374,
          0.0,
          -170.68
        ],
        [
          0.0,
          450.0,
          0.0
        ],
        [
          170.68,
          0.0,
          416.374
        ],
        [
          22223.2,
          301.561,
          -24560.3
        ]
      ],
      "objLayer": 0,
      "props": {}
    },
    "bdt_t1_bomb_zone_08": {
      "type": "Sphere",
      "tm": [
        [
          298.635,
          0.0,
          -336.626
        ],
        [
          0.0,
          450.0,
          0.0
        ],
        [
          336.626,
          0.0,
          298.635
        ],
        [
          31331.3,
          11.5017,
          -7553.5
        ]
      ],
      "objLayer": 0,
      "props": {}
    },
    "bdt_t1_bomb_zone_09": {
      "type": "Sphere",
      "tm": [
        [
          298.635,
          0.0,
          -336.626
        ],
        [
          0.0,
          450.0,
          0.0
        ],
        [
          336.626,
          0.0,
          298.635
        ],
        [
          29145.3,
          81.0893,
          -16827.2
        ]
      ],
      "objLayer": 0,
      "props": {}
    },
    "bdt_t1_bomb_zone_10": {
      "type": "Sphere",
      "tm": [
        [
          298.635,
          0.0,
          -336.626
        ],
        [
          0.0,
          450.0,
          0.0
        ],
        [
          336.626,
          0.0,
          298.635
        ],
        [
          29666.2,
          58.6077,
          -11341.3
        ]
      ],
      "objLayer": 0,
      "props": {}
    },
    "bdt_t1_bomb_zone_05_aaa_point_01": {
      "type": "Point",
      "tm": [
        [
          0.934641,
          0.0,
          -0.35559
        ],
        [
          0.0,
          1.0,
          0.0
        ],
        [
          0.35559,
          0.0,
          0.934641
        ],
        [
          21528.2,
          69.0656,
          -27941.3
        ]
      ],
      "objLayer": 0,
      "props": {}
    },
    "bdt_t1_bomb_zone_05_aaa_point_02": {
      "type": "Point",
      "tm": [
        [
          0.934641,
          0.0,
          -0.35559
        ],
        [
          0.0,
          1.0,
          0.0
        ],
        [
          0.35559,
          0.0,
          0.934641
        ],
        [
          21625.5,
          68.1646,
          -28101.5
        ]
      ],
      "objLayer": 0,
      "props": {}
    },
    "bdt_t1_bomb_zone_05_aaa_point_03": {
      "type": "Point",
      "tm": [
        [
          0.934641,
          0.0,
          -0.35559
        ],
        [
          0.0,
          1.0,
          0.0
        ],
        [
          0.35559,
          0.0,
          0.934641
        ],
        [
          22029.8,
          69.3746,
          -28193.8
        ]
      ],
      "objLayer": 0,
      "props": {}
    },
    "bdt_t1_bomb_zone_05_aaa_point_04": {
      "type": "Point",
      "tm": [
        [
          0.934641,
          0.0,
          -0.35559
        ],
        [
          0.0,
          1.0,
          0.0
        ],
        [
          0.35559,
          0.0,
          0.934641
        ],
        [
          22034.0,
          70.0767,
          -27959.1
        ]
      ],
      "objLayer": 0,
      "props": {}
    },
    "bdt_t1_bomb_zone_06_aaa_point_01": {
      "type": "Point",
      "tm": [
        [
          0.934641,
          0.0,
          -0.35559
        ],
        [
          0.0,
          1.0,
          0.0
        ],
        [
          0.35559,
          0.0,
          0.934641
        ],
        [
          26366.6,
          55.3059,
          -26077.6
        ]
      ],
      "objLayer": 0,
      "props": {}
    },
    "bdt_t1_bomb_zone_06_aaa_point_02": {
      "type": "Point",
      "tm": [
        [
          0.934641,
          0.0,
          -0.35559
        ],
        [
          0.0,
          1.0,
          0.0
        ],
        [
          0.35559,
          0.0,
          0.934641
        ],
        [
          26316.4,
          57.5638,
          -25818.9
        ]
      ],
      "objLayer": 0,
      "props": {}
    },
    "bdt_t1_bomb_zone_06_aaa_point_03": {
      "type": "Point",
      "tm": [
        [
          0.934641,
          0.0,
          -0.35559
        ],
        [
          0.0,
          1.0,
          0.0
        ],
        [
          0.35559,
          0.0,
          0.934641
        ],
        [
          26755.7,
          61.5389,
          -25589.9
        ]
      ],
      "objLayer": 0,
      "props": {}
    },
    "bdt_t1_bomb_zone_06_aaa_point_04": {
      "type": "Point",
      "tm": [
        [
          0.934641,
          0.0,
          -0.35559
        ],
        [
          0.0,
          1.0,
          0.0
        ],
        [
          0.35559,
          0.0,
          0.934641
        ],
        [
          26840.0,
          57.3129,
          -26092.0
        ]
      ],
      "objLayer": 0,
      "props": {}
    },
    "bdt_t1_bomb_zone_07_aaa_point_01": {
      "type": "Point",
      "tm": [
        [
          0.934641,
          0.0,
          -0.35559
        ],
        [
          0.0,
          1.0,
          0.0
        ],
        [
          0.35559,
          0.0,
          0.934641
        ],
        [
          22455.8,
          302.863,
          -24368.9
        ]
      ],
      "objLayer": 0,
      "props": {}
    },
    "bdt_t1_bomb_zone_07_aaa_point_02": {
      "type": "Point",
      "tm": [
        [
          0.934641,
          0.0,
          -0.35559
        ],
        [
          0.0,
          1.0,
          0.0
        ],
        [
          0.35559,
          0.0,
          0.934641
        ],
        [
          21950.9,
          295.567,
          -24778.1
        ]
      ],
      "objLayer": 0,
      "props": {}
    },
    "bdt_t1_bomb_zone_07_aaa_point_03": {
      "type": "Point",
      "tm": [
        [
          0.934641,
          0.0,
          -0.35559
        ],
        [
          0.0,
          1.0,
          0.0
        ],
        [
          0.35559,
          0.0,
          0.934641
        ],
        [
          22445.9,
          290.704,
          -24811.9
        ]
      ],
      "objLayer": 0,
      "props": {}
    },
    "bdt_t1_bomb_zone_07_aaa_point_04": {
      "type": "Point",
      "tm": [
        [
          0.934641,
          0.0,
          -0.35559
        ],
        [
          0.0,
          1.0,
          0.0
        ],
        [
          0.35559,
          0.0,
          0.934641
        ],
        [
          22168.9,
          300.132,
          -24162.2
        ]
      ],
      "objLayer": 0,
      "props": {}
    },
    "bdt_t1_bomb_zone_08_aaa_point_01": {
      "type": "Point",
      "tm": [
        [
          0.968313,
          0.0,
          -0.249735
        ],
        [
          0.0,
          1.0,
          0.0
        ],
        [
          0.249735,
          0.0,
          0.968313
        ],
        [
          31331.3,
          -44.6543,
          -7242.76
        ]
      ],
      "objLayer": 0,
      "props": {}
    },
    "bdt_t1_bomb_zone_08_aaa_point_02": {
      "type": "Point",
      "tm": [
        [
          0.968313,
          0.0,
          -0.249735
        ],
        [
          0.0,
          1.0,
          0.0
        ],
        [
          0.249735,
          0.0,
          0.968313
        ],
        [
          31027.8,
          12.7047,
          -7592.08
        ]
      ],
      "objLayer": 0,
      "props": {}
    },
    "bdt_t1_bomb_zone_08_aaa_point_03": {
      "type": "Point",
      "tm": [
        [
          0.968313,
          0.0,
          -0.249735
        ],
        [
          0.0,
          1.0,
          0.0
        ],
        [
          0.249735,
          0.0,
          0.968313
        ],
        [
          31302.5,
          10.2767,
          -7910.26
        ]
      ],
      "objLayer": 0,
      "props": {}
    },
    "bdt_t1_bomb_zone_08_aaa_point_04": {
      "type": "Point",
      "tm": [
        [
          0.968313,
          0.0,
          -0.249735
        ],
        [
          0.0,
          1.0,
          0.0
        ],
        [
          0.249735,
          0.0,
          0.968313
        ],
        [
          31596.3,
          13.3927,
          -7615.76
        ]
      ],
      "objLayer": 0,
      "props": {}
    },
    "bdt_t1_bomb_zone_09_aaa_point_01": {
      "type": "Point",
      "tm": [
        [
          0.968313,
          0.0,
          -0.249735
        ],
        [
          0.0,
          1.0,
          0.0
        ],
        [
          0.249735,
          0.0,
          0.968313
        ],
        [
          28739.9,
          80.7803,
          -16636.2
        ]
      ],
      "objLayer": 0,
      "props": {}
    },
    "bdt_t1_bomb_zone_09_aaa_point_02": {
      "type": "Point",
      "tm": [
        [
          0.968313,
          0.0,
          -0.249735
        ],
        [
          0.0,
          1.0,
          0.0
        ],
        [
          0.249735,
          0.0,
          0.968313
        ],
        [
          28854.7,
          72.2683,
          -17116.8
        ]
      ],
      "objLayer": 0,
      "props": {}
    },
    "bdt_t1_bomb_zone_09_aaa_point_03": {
      "type": "Point",
      "tm": [
        [
          0.968313,
          0.0,
          -0.249735
        ],
        [
          0.0,
          1.0,
          0.0
        ],
        [
          0.249735,
          0.0,
          0.968313
        ],
        [
          29205.2,
          86.4753,
          -16333.1
        ]
      ],
      "objLayer": 0,
      "props": {}
    },
    "bdt_t1_bomb_zone_09_aaa_point_04": {
      "type": "Point",
      "tm": [
        [
          0.968313,
          0.0,
          -0.249735
        ],
        [
          0.0,
          1.0,
          0.0
        ],
        [
          0.249735,
          0.0,
          0.968313
        ],
        [
          29302.2,
          72.8623,
          -17199.4
        ]
      ],
      "objLayer": 0,
      "props": {}
    },
