{
  "selected_tag": "",
  "bin_dump_file": "",
  "mission_settings": {
    "player": {
      "army": 1
    },
    "player_teamB": {
      "army": 2
    },
    "mission": {
      "level": "levels/water.bin",
      "type": "domination",
      "environment": "Day",
      "weather": "hazy",
      "restoreType": "attempts",
      "optionalTakeOff": false
    },
    "spectator_points": []
  },
  "imports": [],
  "triggers": {
    "isCategory": true,
    "is_enabled": true,
    "fields_high_start": {
      "is_enabled": true,
      "comments": "",
      "props": {
        "actionsType": "PERFORM_ONE_BY_ONE",
        "conditionsType": "ALL",
        "enableAfterComplete": false
      },
      "events": {
        "initMission": []
      },
      "conditions": [],
      "actions": [
        {
          "varSetInt": [
            {
              "value": 0
            },
            {
              "var": "ft_t1_max_near_airfields_count"
            },
            {
              "var": "ft_t2_max_near_airfields_count"
            }
          ]
        },
        {
          "varSetInt": [
            {
              "value": 0
            },
            {
              "var": "ft_t1_max_mid_airfields_count"
            },
            {
              "var": "ft_t2_max_mid_airfields_count"
            }
          ]
        },
        {
          "varSetInt": [
            {
              "value": 3
            },
            {
              "var": "ft_t1_max_far_airfields_count"
            },
            {
              "var": "ft_t2_max_far_airfields_count"
            }
          ]
        },
        {
          "comment": {
            "value": ""
          }
        },
        {
          "varSetReal": {
            "value": 15000.0,
            "var": "ft_generate_distance_between"
          }
        }
      ],
      "else_actions": []
    }
  },
  "mission_objectives": {
    "isCategory": true,
    "is_enabled": true
  },
  "variables": [],
  "dialogs": [],
  "airfields": [],
  "effects": [],
  "units": [
    {
      "objectGroups": {
        "name": "ft_t1_airfield_01_01",
        "tm": [
          [0.991445,0.0,0.130526],
          [0.0,1.0,0.0],
          [-0.130526,0.0,0.991445],
          [37328.0,188.599,-31364.9]
        ],
        "unit_class": "dynaf_universal_1line_3000_a",
        "objLayer": 2,
        "props": {
          "army": 1,
          "active": false
        }
      }
    },
    {
      "objectGroups": {
        "name": "ft_t1_airfield_01_02",
        "tm": [
          [0.642788,0.0,-0.766044],
          [0.0,1.0,0.0],
          [0.766044,0.0,0.642788],
          [36726.1,145.583,18871.0]
        ],
        "unit_class": "dynaf_universal_1line_3000_a",
        "objLayer": 2,
        "props": {
          "army": 1,
          "active": false
        }
      }
    },
    {
      "objectGroups": {
        "name": "ft_t1_airfield_01_03",
        "tm": [
          [0.949103,0.0,-0.314963],
          [0.0,1.0,0.0],
          [0.314963,0.0,0.949103],
          [35209.3,184.387,34116.1]
        ],
        "unit_class": "dynaf_universal_1line_3000_a",
        "objLayer": 2,
        "props": {
          "army": 1,
          "active": false
        }
      }
    },
    {
      "objectGroups": {
        "name": "ft_t1_airfield_02_01",
        "tm": [
          [0.965926,0.0,-0.258819],
          [0.0,1.0,0.0],
          [0.258819,0.0,0.965926],
          [24831.8,164.943,-3409.84]
        ],
        "unit_class": "dynaf_universal_1line_3000_a",
        "objLayer": 2,
        "props": {
          "army": 1,
          "active": false
        }
      }
    },
    {
      "objectGroups": {
        "name": "ft_t1_airfield_02_02",
        "tm": [
          [0.995374,0.0,-0.0960671],
          [0.0,1.0,0.0],
          [0.0960671,0.0,0.995374],
          [24068.0,241.5,-28632.4]
        ],
        "unit_class": "dynaf_universal_1line_3000_a",
        "objLayer": 2,
        "props": {
          "army": 1,
          "active": false
        }
      }
    },
    {
      "objectGroups": {
        "name": "ft_t2_airfield_01_01",
        "tm": [
          [-0.999855,0.0,0.017015],
          [0.0,1.0,0.0],
          [-0.017015,0.0,-0.999855],
          [-38400.5,127.4,30422.9]
        ],
        "unit_class": "dynaf_universal_1line_3000_a",
        "objLayer": 2,
        "props": {
          "army": 2,
          "active": false
        }
      }
    },
    {
      "objectGroups": {
        "name": "ft_t2_airfield_01_02",
        "tm": [
          [-0.999141,0.0,0.0414607],
          [0.0,1.0,0.0],
          [-0.0414607,0.0,-0.999141],
          [-36008.5,215.399,-34898.7]
        ],
        "unit_class": "dynaf_universal_1line_3000_a",
        "objLayer": 2,
        "props": {
          "army": 2,
          "active": false
        }
      }
    },
    {
      "objectGroups": {
        "name": "ft_t2_airfield_01_03",
        "tm": [
          [-0.996052,0.0,0.0887856],
          [0.0,1.0,0.0],
          [-0.0887856,0.0,-0.996052],
          [-37736.8,132.899,-3631.76]
        ],
        "unit_class": "dynaf_universal_1line_3000_a",
        "objLayer": 2,
        "props": {
          "army": 2,
          "active": false
        }
      }
    },
    {
      "objectGroups": {
        "name": "ft_t2_airfield_02_01",
        "tm": [
          [-0.991445,0.0,0.130527],
          [0.0,1.0,0.0],
          [-0.130527,0.0,-0.991445],
          [-26750.4,138.963,-457.266]
        ],
        "unit_class": "dynaf_universal_1line_3000_a",
        "objLayer": 2,
        "props": {
          "army": 2,
          "active": false
        }
      }
    },
    {
      "objectGroups": {
        "name": "ft_t2_airfield_02_02",
        "tm": [
          [-0.998176,0.0,0.0603592],
          [0.0,1.0,0.0],
          [-0.0603592,0.0,-0.998176],
          [-23296.9,117.693,35692.6]
        ],
        "unit_class": "dynaf_universal_1line_3000_a",
        "objLayer": 2,
        "props": {
          "army": 2,
          "active": false
        }
      }
    },
    {
      "objectGroups": {
        "name": "ft_t1_airfield_02_03",
        "tm": [
          [0.991445,0.0,-0.130526],
          [0.0,1.0,0.0],
          [0.130526,0.0,0.991445],
          [27878.8,168.045,9302.15]
        ],
        "unit_class": "dynaf_universal_1line_3000_a",
        "objLayer": 2,
        "props": {
          "army": 1,
          "active": false
        }
      }
    },
    {
      "objectGroups": {
        "name": "ft_t2_airfield_02_03",
        "tm": [
          [-0.9981,0.0,-0.0616105],
          [0.0,1.0,0.0],
          [0.0616105,0.0,-0.9981],
          [-24725.1,153.651,-10211.8]
        ],
        "unit_class": "dynaf_universal_1line_3000_a",
        "objLayer": 2,
        "props": {
          "army": 2,
          "active": false
        }
      }
    },
    {
      "objectGroups": {
        "name": "ft_t1_airfield_01_04",
        "tm": [
          [0.996365,0.0,-0.0851904],
          [0.0,1.0,0.0],
          [0.0851904,0.0,0.996365],
          [36927.3,124.769,-11575.3]
        ],
        "unit_class": "dynaf_universal_1line_3000_a",
        "objLayer": 2,
        "props": {
          "army": 1,
          "active": false
        }
      }
    },
    {
      "objectGroups": {
        "name": "ft_t1_airfield_01_05",
        "tm": [
          [0.999869,0.0,0.0162169],
          [0.0,1.0,0.0],
          [-0.0162169,0.0,0.999869],
          [35277.7,109.409,1600.39]
        ],
        "unit_class": "dynaf_universal_1line_3000_a",
        "objLayer": 2,
        "props": {
          "army": 1,
          "active": false
        }
      }
    },
    {
      "objectGroups": {
        "name": "ft_t1_airfield_02_04",
        "tm": [
          [0.996809,0.0,0.0798262],
          [0.0,1.0,0.0],
          [-0.0798262,0.0,0.996809],
          [24131.9,225.499,30606.1]
        ],
        "unit_class": "dynaf_universal_1line_3000_a",
        "objLayer": 2,
        "props": {
          "army": 1,
          "active": false
        }
      }
    },
    {
      "objectGroups": {
        "name": "ft_t1_airfield_02_05",
        "tm": [
          [0.961944,0.0,-0.273248],
          [0.0,1.0,0.0],
          [0.273248,0.0,0.961944],
          [22741.3,138.303,-16767.5]
        ],
        "unit_class": "dynaf_universal_1line_3000_a",
        "objLayer": 2,
        "props": {
          "army": 1,
          "active": false
        }
      }
    },
    {
      "objectGroups": {
        "name": "ft_t2_airfield_01_04",
        "tm": [
          [-0.993992,0.0,0.109451],
          [0.0,1.0,0.0],
          [-0.109451,0.0,-0.993992],
          [-37400.0,100.0,22600.0]
        ],
        "unit_class": "dynaf_universal_1line_3000_a",
        "objLayer": 2,
        "props": {
          "army": 2,
          "active": false
        }
      }
    },
    {
      "objectGroups": {
        "name": "ft_t2_airfield_01_05",
        "tm": [
          [-0.998673,0.0,0.0514979],
          [0.0,1.0,0.0],
          [-0.0514979,0.0,-0.998673],
          [-34602.2,94.9592,-18344.0]
        ],
        "unit_class": "dynaf_universal_1line_3000_a",
        "objLayer": 2,
        "props": {
          "army": 2,
          "active": false
        }
      }
    },
    {
      "objectGroups": {
        "name": "ft_t2_airfield_02_04",
        "tm": [
          [-0.99999,0.00311032,-0.00313377],
          [0.00313026,0.999975,-0.00637581],
          [0.0031139,-0.00638556,-0.999974],
          [-26300.0,148.974,-27300.0]
        ],
        "unit_class": "dynaf_universal_1line_3000_a",
        "objLayer": 2,
        "props": {
          "army": 2,
          "active": false
        }
      }
    },
    {
      "objectGroups": {
        "name": "ft_t2_airfield_02_05",
        "tm": [
          [-0.999048,0.0,-0.0436175],
          [0.0,1.0,0.0],
          [0.0436175,0.0,-0.999048],
          [-27178.9,175.299,14620.1]
        ],
        "unit_class": "dynaf_universal_1line_3000_a",
        "objLayer": 2,
        "props": {
          "army": 2,
          "active": false
        }
      }
    },
    {
      "squad": {
        "name": "ft_t1_airfields_squad",
        "tm": [
          [-1.0,0.0,1.78814e-07],
          [0.0,1.0,0.0],
          [-1.78814e-07,0.0,-1.0],
          [25296.4,3.84375,52068.6]
        ],
        "props": [
          {
            "object_marking": 0
          },
          {
            "squad_members": "ft_t1_airfield_01_01"
          },
          {
            "squad_members": "ft_t1_airfield_01_02"
          },
          {
            "squad_members": "ft_t1_airfield_01_03"
          },
          {
            "squad_members": "ft_t1_airfield_01_04"
          },
          {
            "squad_members": "ft_t1_airfield_01_05"
          },
          {
            "squad_members": "ft_t1_airfield_02_01"
          },
          {
            "squad_members": "ft_t1_airfield_02_02"
          },
          {
            "squad_members": "ft_t1_airfield_02_03"
          },
          {
            "squad_members": "ft_t1_airfield_02_04"
          },
          {
            "squad_members": "ft_t1_airfield_02_05"
          }
        ]
      }
    },
    {
      "squad": {
        "name": "ft_t2_airfields_squad",
        "tm": [
          [1.0,0.0,-5.96046e-08],
          [0.0,1.0,0.0],
          [5.96046e-08,0.0,1.0],
          [-28533.1,140.352,56537.0]
        ],
        "props": [
          {
            "object_marking": 0
          },
          {
            "squad_members": "ft_t2_airfield_01_01"
          },
          {
            "squad_members": "ft_t2_airfield_01_02"
          },
          {
            "squad_members": "ft_t2_airfield_01_03"
          },
          {
            "squad_members": "ft_t2_airfield_01_04"
          },
          {
            "squad_members": "ft_t2_airfield_01_05"
          },
          {
            "squad_members": "ft_t2_airfield_02_01"
          },
          {
            "squad_members": "ft_t2_airfield_02_02"
          },
          {
            "squad_members": "ft_t2_airfield_02_03"
          },
          {
            "squad_members": "ft_t2_airfield_02_04"
          },
          {
            "squad_members": "ft_t2_airfield_02_05"
          }
        ]
      }
    },
    {
      "squad": {
        "name": "all_bomb_targets_squad",
        "tm": [
          [1.0,0.0,-5.96046e-08],
          [0.0,1.0,0.0],
          [5.96046e-08,0.0,1.0],
          [702.658,90.4844,56832.8]
        ],
        "props": [
          {
            "object_marking": 0
          },
          {
            "squad_members": "ft_t1_airfield_01_01_bomb_target"
          },
          {
            "squad_members": "ft_t1_airfield_02_01_bomb_target"
          },
          {
            "squad_members": "ft_t1_airfield_01_02_bomb_target"
          },
          {
            "squad_members": "ft_t1_airfield_02_02_bomb_target"
          },
          {
            "squad_members": "ft_t1_airfield_01_03_bomb_target"
          },
          {
            "squad_members": "ft_t1_airfield_02_03_bomb_target"
          },
          {
            "squad_members": "ft_t1_airfield_01_04_bomb_target"
          },
          {
            "squad_members": "ft_t1_airfield_02_04_bomb_target"
          },
          {
            "squad_members": "ft_t1_airfield_01_05_bomb_target"
          },
          {
            "squad_members": "ft_t1_airfield_02_05_bomb_target"
          },
          {
            "squad_members": "ft_t2_airfield_01_01_bomb_target"
          },
          {
            "squad_members": "ft_t2_airfield_02_01_bomb_target"
          },
          {
            "squad_members": "ft_t2_airfield_01_02_bomb_target"
          },
          {
            "squad_members": "ft_t2_airfield_02_02_bomb_target"
          },
          {
            "squad_members": "ft_t2_airfield_01_03_bomb_target"
          },
          {
            "squad_members": "ft_t2_airfield_02_03_bomb_target"
          },
          {
            "squad_members": "ft_t2_airfield_01_04_bomb_target"
          },
          {
            "squad_members": "ft_t2_airfield_02_04_bomb_target"
          },
          {
            "squad_members": "ft_t2_airfield_01_05_bomb_target"
          },
          {
            "squad_members": "ft_t2_airfield_02_05_bomb_target"
          }
        ]
      }
    },
    {
      "structures": {
        "name": "ft_t1_airfield_01_01_bomb_target",
        "tm": [
          [0.991445,0.0,0.130526],
          [0.0,1.0,0.0],
          [-0.130526,0.0,0.991445],
          [37328.0,188.599,-31364.9]
        ],
        "unit_class": "dummy",
        "objLayer": 2,
        "closed_waypoints": false,
        "isShipSpline": false,
        "shipTurnRadius": 100.0,
        "weapons": "",
        "bullets0": "",
        "bullets1": "",
        "bullets2": "",
        "bullets3": "",
        "bulletsCount0": 0,
        "bulletsCount1": 0,
        "bulletsCount2": 0,
        "bulletsCount3": 0,
        "crewSkillK": 0.0,
        "applyAllMods": false,
        "props": {
          "army": 1,
          "count": 1,
          "formation_type": "rows",
          "formation_div": 3,
          "formation_step": [2.5,2.0],
          "formation_noise": [0.1,0.1],
          "uniqueName": "",
          "attack_type": "fire_at_will",
          "stealthRadius": 0.0,
          "setStealth": true,
          "targetableByAi": false
        },
        "way": []
      }
    },
    {
      "structures": {
        "name": "ft_t1_airfield_02_01_bomb_target",
        "tm": [
          [0.965926,0.0,-0.258819],
          [0.0,1.0,0.0],
          [0.258819,0.0,0.965926],
          [24831.8,164.943,-3409.84]
        ],
        "unit_class": "dummy",
        "objLayer": 2,
        "closed_waypoints": false,
        "isShipSpline": false,
        "shipTurnRadius": 100.0,
        "weapons": "",
        "bullets0": "",
        "bullets1": "",
        "bullets2": "",
        "bullets3": "",
        "bulletsCount0": 0,
        "bulletsCount1": 0,
        "bulletsCount2": 0,
        "bulletsCount3": 0,
        "crewSkillK": 0.0,
        "applyAllMods": false,
        "props": {
          "army": 1,
          "count": 1,
          "formation_type": "rows",
          "formation_div": 3,
          "formation_step": [2.5,2.0],
          "formation_noise": [0.1,0.1],
          "uniqueName": "",
          "attack_type": "fire_at_will",
          "stealthRadius": 0.0,
          "setStealth": true,
          "targetableByAi": false
        },
        "way": []
      }
    },
    {
      "structures": {
        "name": "ft_t1_airfield_01_03_bomb_target",
        "tm": [
          [0.821597,0.0,-0.570067],
          [0.0,1.0,0.0],
          [0.570067,0.0,0.821597],
          [35209.3,184.393,34116.0]
        ],
        "unit_class": "dummy",
        "objLayer": 2,
        "closed_waypoints": false,
        "isShipSpline": false,
        "shipTurnRadius": 100.0,
        "weapons": "",
        "bullets0": "",
        "bullets1": "",
        "bullets2": "",
        "bullets3": "",
        "bulletsCount0": 0,
        "bulletsCount1": 0,
        "bulletsCount2": 0,
        "bulletsCount3": 0,
        "crewSkillK": 0.0,
        "applyAllMods": false,
        "props": {
          "army": 1,
          "count": 1,
          "formation_type": "rows",
          "formation_div": 3,
          "formation_step": [2.5,2.0],
          "formation_noise": [0.1,0.1],
          "uniqueName": "",
          "attack_type": "fire_at_will",
          "stealthRadius": 0.0,
          "setStealth": true,
          "targetableByAi": false
        },
        "way": []
      }
    },
    {
      "structures": {
        "name": "ft_t1_airfield_02_02_bomb_target",
        "tm": [
          [0.995374,0.0,-0.0960671],
          [0.0,1.0,0.0],
          [0.0960671,0.0,0.995374],
          [24068.0,241.5,-28632.4]
        ],
        "unit_class": "dummy",
        "objLayer": 2,
        "closed_waypoints": false,
        "isShipSpline": false,
        "shipTurnRadius": 100.0,
        "weapons": "",
        "bullets0": "",
        "bullets1": "",
        "bullets2": "",
        "bullets3": "",
        "bulletsCount0": 0,
        "bulletsCount1": 0,
        "bulletsCount2": 0,
        "bulletsCount3": 0,
        "crewSkillK": 0.0,
        "applyAllMods": false,
        "props": {
          "army": 1,
          "count": 1,
          "formation_type": "rows",
          "formation_div": 3,
          "formation_step": [2.5,2.0],
          "formation_noise": [0.1,0.1],
          "uniqueName": "",
          "attack_type": "fire_at_will",
          "stealthRadius": 0.0,
          "setStealth": true,
          "targetableByAi": false
        },
        "way": []
      }
    },
    {
      "structures": {
        "name": "ft_t1_airfield_01_02_bomb_target",
        "tm": [
          [0.642788,0.0,-0.766044],
          [0.0,1.0,0.0],
          [0.766044,0.0,0.642788],
          [36726.2,145.608,18871.0]
        ],
        "unit_class": "dummy",
        "objLayer": 2,
        "closed_waypoints": false,
        "isShipSpline": false,
        "shipTurnRadius": 100.0,
        "weapons": "",
        "bullets0": "",
        "bullets1": "",
        "bullets2": "",
        "bullets3": "",
        "bulletsCount0": 0,
        "bulletsCount1": 0,
        "bulletsCount2": 0,
        "bulletsCount3": 0,
        "crewSkillK": 0.0,
        "applyAllMods": false,
        "props": {
          "army": 1,
          "count": 1,
          "formation_type": "rows",
          "formation_div": 3,
          "formation_step": [2.5,2.0],
          "formation_noise": [0.1,0.1],
          "uniqueName": "",
          "attack_type": "fire_at_will",
          "stealthRadius": 0.0,
          "setStealth": true,
          "targetableByAi": false
        },
        "way": []
      }
    },
    {
      "structures": {
        "name": "ft_t2_airfield_01_01_bomb_target",
        "tm": [
          [-0.999855,0.0,0.017015],
          [0.0,1.0,0.0],
          [-0.017015,0.0,-0.999855],
          [-38400.5,127.4,30422.9]
        ],
        "unit_class": "dummy",
        "objLayer": 2,
        "closed_waypoints": false,
        "isShipSpline": false,
        "shipTurnRadius": 100.0,
        "weapons": "",
        "bullets0": "",
        "bullets1": "",
        "bullets2": "",
        "bullets3": "",
        "bulletsCount0": 0,
        "bulletsCount1": 0,
        "bulletsCount2": 0,
        "bulletsCount3": 0,
        "crewSkillK": 0.0,
        "applyAllMods": false,
        "props": {
          "army": 2,
          "count": 1,
          "formation_type": "rows",
          "formation_div": 3,
          "formation_step": [2.5,2.0],
          "formation_noise": [0.1,0.1],
          "uniqueName": "",
          "attack_type": "fire_at_will",
          "stealthRadius": 0.0,
          "setStealth": true,
          "targetableByAi": false
        },
        "way": []
      }
    },
    {
      "structures": {
        "name": "ft_t2_airfield_02_01_bomb_target",
        "tm": [
          [-0.953717,0.0,0.300706],
          [0.0,1.0,0.0],
          [-0.300706,0.0,-0.953717],
          [-26750.4,138.963,-457.266]
        ],
        "unit_class": "dummy",
        "objLayer": 2,
        "closed_waypoints": false,
        "isShipSpline": false,
        "shipTurnRadius": 100.0,
        "weapons": "",
        "bullets0": "",
        "bullets1": "",
        "bullets2": "",
        "bullets3": "",
        "bulletsCount0": 0,
        "bulletsCount1": 0,
        "bulletsCount2": 0,
        "bulletsCount3": 0,
        "crewSkillK": 0.0,
        "applyAllMods": false,
        "props": {
          "army": 2,
          "count": 1,
          "formation_type": "rows",
          "formation_div": 3,
          "formation_step": [2.5,2.0],
          "formation_noise": [0.1,0.1],
          "uniqueName": "",
          "attack_type": "fire_at_will",
          "stealthRadius": 0.0,
          "setStealth": true,
          "targetableByAi": false
        },
        "way": []
      }
    },
    {
      "structures": {
        "name": "ft_t2_airfield_02_02_bomb_target",
        "tm": [
          [-0.998176,0.0,0.0603592],
          [0.0,1.0,0.0],
          [-0.0603592,0.0,-0.998176],
          [-23284.9,117.372,35689.7]
        ],
        "unit_class": "dummy",
        "objLayer": 2,
        "closed_waypoints": false,
        "isShipSpline": false,
        "shipTurnRadius": 100.0,
        "weapons": "",
        "bullets0": "",
        "bullets1": "",
        "bullets2": "",
        "bullets3": "",
        "bulletsCount0": 0,
        "bulletsCount1": 0,
        "bulletsCount2": 0,
        "bulletsCount3": 0,
        "crewSkillK": 0.0,
        "applyAllMods": false,
        "props": {
          "army": 2,
          "count": 1,
          "formation_type": "rows",
          "formation_div": 3,
          "formation_step": [2.5,2.0],
          "formation_noise": [0.1,0.1],
          "uniqueName": "",
          "attack_type": "fire_at_will",
          "stealthRadius": 0.0,
          "setStealth": true,
          "targetableByAi": false
        },
        "way": []
      }
    },
    {
      "structures": {
        "name": "ft_t2_airfield_01_02_bomb_target",
        "tm": [
          [-0.999141,0.0,0.0414607],
          [0.0,1.0,0.0],
          [-0.0414607,0.0,-0.999141],
          [-36008.5,215.399,-34898.7]
        ],
        "unit_class": "dummy",
        "objLayer": 2,
        "closed_waypoints": false,
        "isShipSpline": false,
        "shipTurnRadius": 100.0,
        "weapons": "",
        "bullets0": "",
        "bullets1": "",
        "bullets2": "",
        "bullets3": "",
        "bulletsCount0": 0,
        "bulletsCount1": 0,
        "bulletsCount2": 0,
        "bulletsCount3": 0,
        "crewSkillK": 0.0,
        "applyAllMods": false,
        "props": {
          "army": 2,
          "count": 1,
          "formation_type": "rows",
          "formation_div": 3,
          "formation_step": [2.5,2.0],
          "formation_noise": [0.1,0.1],
          "uniqueName": "",
          "attack_type": "fire_at_will",
          "stealthRadius": 0.0,
          "setStealth": true,
          "targetableByAi": false
        },
        "way": []
      }
    },
    {
      "structures": {
        "name": "ft_t2_airfield_01_03_bomb_target",
        "tm": [
          [-0.996052,0.0,0.0887856],
          [0.0,1.0,0.0],
          [-0.0887856,0.0,-0.996052],
          [-37736.8,132.899,-3631.76]
        ],
        "unit_class": "dummy",
        "objLayer": 2,
        "closed_waypoints": false,
        "isShipSpline": false,
        "shipTurnRadius": 100.0,
        "weapons": "",
        "bullets0": "",
        "bullets1": "",
        "bullets2": "",
        "bullets3": "",
        "bulletsCount0": 0,
        "bulletsCount1": 0,
        "bulletsCount2": 0,
        "bulletsCount3": 0,
        "crewSkillK": 0.0,
        "applyAllMods": false,
        "props": {
          "army": 2,
          "count": 1,
          "formation_type": "rows",
          "formation_div": 3,
          "formation_step": [2.5,2.0],
          "formation_noise": [0.1,0.1],
          "uniqueName": "",
          "attack_type": "fire_at_will",
          "stealthRadius": 0.0,
          "setStealth": true,
          "targetableByAi": false
        },
        "way": []
      }
    },
    {
      "structures": {
        "name": "ft_t1_airfield_02_03_bomb_target",
        "tm": [
          [0.965926,0.0,-0.258819],
          [0.0,1.0,0.0],
          [0.258819,0.0,0.965926],
          [27878.8,168.045,9296.95]
        ],
        "unit_class": "dummy",
        "objLayer": 2,
        "closed_waypoints": false,
        "isShipSpline": false,
        "shipTurnRadius": 100.0,
        "weapons": "",
        "bullets0": "",
        "bullets1": "",
        "bullets2": "",
        "bullets3": "",
        "bulletsCount0": 0,
        "bulletsCount1": 0,
        "bulletsCount2": 0,
        "bulletsCount3": 0,
        "crewSkillK": 0.0,
        "applyAllMods": false,
        "props": {
          "army": 1,
          "count": 1,
          "formation_type": "rows",
          "formation_div": 3,
          "formation_step": [2.5,2.0],
          "formation_noise": [0.1,0.1],
          "uniqueName": "",
          "attack_type": "fire_at_will",
          "stealthRadius": 0.0,
          "setStealth": true,
          "targetableByAi": false
        },
        "way": []
      }
    },
    {
      "structures": {
        "name": "ft_t2_airfield_02_03_bomb_target",
        "tm": [
          [-0.999672,0.0,0.0256139],
          [0.0,1.0,0.0],
          [-0.0256139,0.0,-0.999672],
          [-24725.0,153.65,-10211.9]
        ],
        "unit_class": "dummy",
        "objLayer": 2,
        "closed_waypoints": false,
        "isShipSpline": false,
        "shipTurnRadius": 100.0,
        "weapons": "",
        "bullets0": "",
        "bullets1": "",
        "bullets2": "",
        "bullets3": "",
        "bulletsCount0": 0,
        "bulletsCount1": 0,
        "bulletsCount2": 0,
        "bulletsCount3": 0,
        "crewSkillK": 0.0,
        "applyAllMods": false,
        "props": {
          "army": 2,
          "count": 1,
          "formation_type": "rows",
          "formation_div": 3,
          "formation_step": [2.5,2.0],
          "formation_noise": [0.1,0.1],
          "uniqueName": "",
          "attack_type": "fire_at_will",
          "stealthRadius": 0.0,
          "setStealth": true,
          "targetableByAi": false
        },
        "way": []
      }
    },
    {
      "structures": {
        "name": "ft_t1_airfield_01_04_bomb_target",
        "tm": [
          [0.996365,0.0,-0.0851904],
          [0.0,1.0,0.0],
          [0.0851904,0.0,0.996365],
          [36927.3,124.769,-11575.2]
        ],
        "unit_class": "dummy",
        "objLayer": 2,
        "closed_waypoints": false,
        "isShipSpline": false,
        "shipTurnRadius": 100.0,
        "weapons": "",
        "bullets0": "",
        "bullets1": "",
        "bullets2": "",
        "bullets3": "",
        "bulletsCount0": 0,
        "bulletsCount1": 0,
        "bulletsCount2": 0,
        "bulletsCount3": 0,
        "crewSkillK": 0.0,
        "applyAllMods": false,
        "props": {
          "army": 1,
          "count": 1,
          "formation_type": "rows",
          "formation_div": 3,
          "formation_step": [2.5,2.0],
          "formation_noise": [0.1,0.1],
          "uniqueName": "",
          "attack_type": "fire_at_will",
          "stealthRadius": 0.0,
          "setStealth": true,
          "targetableByAi": false
        },
        "way": []
      }
    },
    {
      "structures": {
        "name": "ft_t1_airfield_01_05_bomb_target",
        "tm": [
          [0.999869,0.0,0.0162169],
          [0.0,1.0,0.0],
          [-0.0162169,0.0,0.999869],
          [35277.7,109.409,1600.47]
        ],
        "unit_class": "dummy",
        "objLayer": 2,
        "closed_waypoints": false,
        "isShipSpline": false,
        "shipTurnRadius": 100.0,
        "weapons": "",
        "bullets0": "",
        "bullets1": "",
        "bullets2": "",
        "bullets3": "",
        "bulletsCount0": 0,
        "bulletsCount1": 0,
        "bulletsCount2": 0,
        "bulletsCount3": 0,
        "crewSkillK": 0.0,
        "applyAllMods": false,
        "props": {
          "army": 1,
          "count": 1,
          "formation_type": "rows",
          "formation_div": 3,
          "formation_step": [2.5,2.0],
          "formation_noise": [0.1,0.1],
          "uniqueName": "",
          "attack_type": "fire_at_will",
          "stealthRadius": 0.0,
          "setStealth": true,
          "targetableByAi": false
        },
        "way": []
      }
    },
    {
      "structures": {
        "name": "ft_t1_airfield_02_04_bomb_target",
        "tm": [
          [0.9987,0.0,-0.0509665],
          [0.0,1.0,0.0],
          [0.0509665,0.0,0.9987],
          [24126.2,225.499,30594.3]
        ],
        "unit_class": "dummy",
        "objLayer": 2,
        "closed_waypoints": false,
        "isShipSpline": false,
        "shipTurnRadius": 100.0,
        "weapons": "",
        "bullets0": "",
        "bullets1": "",
        "bullets2": "",
        "bullets3": "",
        "bulletsCount0": 0,
        "bulletsCount1": 0,
        "bulletsCount2": 0,
        "bulletsCount3": 0,
        "crewSkillK": 0.0,
        "applyAllMods": false,
        "props": {
          "army": 1,
          "count": 1,
          "formation_type": "rows",
          "formation_div": 3,
          "formation_step": [2.5,2.0],
          "formation_noise": [0.1,0.1],
          "uniqueName": "",
          "attack_type": "fire_at_will",
          "stealthRadius": 0.0,
          "setStealth": true,
          "targetableByAi": false
        },
        "way": []
      }
    },
    {
      "structures": {
        "name": "ft_t1_airfield_02_05_bomb_target",
        "tm": [
          [0.961944,0.0,-0.273248],
          [0.0,1.0,0.0],
          [0.273248,0.0,0.961944],
          [22741.3,138.303,-16767.5]
        ],
        "unit_class": "dummy",
        "objLayer": 2,
        "closed_waypoints": false,
        "isShipSpline": false,
        "shipTurnRadius": 100.0,
        "weapons": "",
        "bullets0": "",
        "bullets1": "",
        "bullets2": "",
        "bullets3": "",
        "bulletsCount0": 0,
        "bulletsCount1": 0,
        "bulletsCount2": 0,
        "bulletsCount3": 0,
        "crewSkillK": 0.0,
        "applyAllMods": false,
        "props": {
          "army": 1,
          "count": 1,
          "formation_type": "rows",
          "formation_div": 3,
          "formation_step": [2.5,2.0],
          "formation_noise": [0.1,0.1],
          "uniqueName": "",
          "attack_type": "fire_at_will",
          "stealthRadius": 0.0,
          "setStealth": true,
          "targetableByAi": false
        },
        "way": []
      }
    },
    {
      "structures": {
        "name": "ft_t2_airfield_01_04_bomb_target",
        "tm": [
          [-0.993992,0.0,0.109451],
          [0.0,1.0,0.0],
          [-0.109451,0.0,-0.993992],
          [-37400.0,100.0,22600.0]
        ],
        "unit_class": "dummy",
        "objLayer": 2,
        "closed_waypoints": false,
        "isShipSpline": false,
        "shipTurnRadius": 100.0,
        "weapons": "",
        "bullets0": "",
        "bullets1": "",
        "bullets2": "",
        "bullets3": "",
        "bulletsCount0": 0,
        "bulletsCount1": 0,
        "bulletsCount2": 0,
        "bulletsCount3": 0,
        "crewSkillK": 0.0,
        "applyAllMods": false,
        "props": {
          "army": 2,
          "count": 1,
          "formation_type": "rows",
          "formation_div": 3,
          "formation_step": [2.5,2.0],
          "formation_noise": [0.1,0.1],
          "uniqueName": "",
          "attack_type": "fire_at_will",
          "stealthRadius": 0.0,
          "setStealth": true,
          "targetableByAi": false
        },
        "way": []
      }
    },
    {
      "structures": {
        "name": "ft_t2_airfield_01_05_bomb_target",
        "tm": [
          [-0.998673,0.0,0.0514979],
          [0.0,1.0,0.0],
          [-0.0514979,0.0,-0.998673],
          [-34602.2,94.9592,-18344.0]
        ],
        "unit_class": "dummy",
        "objLayer": 2,
        "closed_waypoints": false,
        "isShipSpline": false,
        "shipTurnRadius": 100.0,
        "weapons": "",
        "bullets0": "",
        "bullets1": "",
        "bullets2": "",
        "bullets3": "",
        "bulletsCount0": 0,
        "bulletsCount1": 0,
        "bulletsCount2": 0,
        "bulletsCount3": 0,
        "crewSkillK": 0.0,
        "applyAllMods": false,
        "props": {
          "army": 2,
          "count": 1,
          "formation_type": "rows",
          "formation_div": 3,
          "formation_step": [2.5,2.0],
          "formation_noise": [0.1,0.1],
          "uniqueName": "",
          "attack_type": "fire_at_will",
          "stealthRadius": 0.0,
          "setStealth": true,
          "targetableByAi": false
        },
        "way": []
      }
    },
    {
      "structures": {
        "name": "ft_t2_airfield_02_04_bomb_target",
        "tm": [
          [-0.996456,0.00365502,0.0840308],
          [0.00313026,0.999975,-0.00637581],
          [-0.084052,-0.00609018,-0.996442],
          [-26299.9,148.974,-27300.0]
        ],
        "unit_class": "dummy",
        "objLayer": 2,
        "closed_waypoints": false,
        "isShipSpline": false,
        "shipTurnRadius": 100.0,
        "weapons": "",
        "bullets0": "",
        "bullets1": "",
        "bullets2": "",
        "bullets3": "",
        "bulletsCount0": 0,
        "bulletsCount1": 0,
        "bulletsCount2": 0,
        "bulletsCount3": 0,
        "crewSkillK": 0.0,
        "applyAllMods": false,
        "props": {
          "army": 2,
          "count": 1,
          "formation_type": "rows",
          "formation_div": 3,
          "formation_step": [2.5,2.0],
          "formation_noise": [0.1,0.1],
          "uniqueName": "",
          "attack_type": "fire_at_will",
          "stealthRadius": 0.0,
          "setStealth": true,
          "targetableByAi": false
        },
        "way": []
      }
    },
    {
      "structures": {
        "name": "ft_t2_airfield_02_05_bomb_target",
        "tm": [
          [-0.999048,0.0,-0.0436175],
          [0.0,1.0,0.0],
          [0.0436175,0.0,-0.999048],
          [-27166.7,175.299,14618.5]
        ],
        "unit_class": "dummy",
        "objLayer": 2,
        "closed_waypoints": false,
        "isShipSpline": false,
        "shipTurnRadius": 100.0,
        "weapons": "",
        "bullets0": "",
        "bullets1": "",
        "bullets2": "",
        "bullets3": "",
        "bulletsCount0": 0,
        "bulletsCount1": 0,
        "bulletsCount2": 0,
        "bulletsCount3": 0,
        "crewSkillK": 0.0,
        "applyAllMods": false,
        "props": {
          "army": 2,
          "count": 1,
          "formation_type": "rows",
          "formation_div": 3,
          "formation_step": [2.5,2.0],
          "formation_noise": [0.1,0.1],
          "uniqueName": "",
          "attack_type": "fire_at_will",
          "stealthRadius": 0.0,
          "setStealth": true,
          "targetableByAi": false
        },
        "way": []
      }
    }
  ],
  "areas": {
    "ft_t2_airfield_01_01_bomb_zone": {
      "type": "Box",
      "tm": [
        [3199.97,0.0,12.7464],
        [0.0,450.0,0.0],
        [-4.77969,0.0,1199.99],
        [-38465.1,-0.345398,30423.2]
      ],
      "objLayer": 0,
      "props": []
    },
    "ft_t2_airfield_01_02_bomb_zone": {
      "type": "Box",
      "tm": [
        [3197.25,0.0,-132.674],
        [0.0,450.0,0.0],
        [49.7543,0.0,1198.97],
        [-36046.8,86.4658,-34901.2]
      ],
      "objLayer": 0,
      "props": []
    },
    "ft_t2_airfield_01_03_bomb_zone": {
      "type": "Box",
      "tm": [
        [3190.59,0.0,-245.161],
        [0.0,450.0,0.0],
        [91.9374,0.0,1196.47],
        [-37678.9,36.7413,-3640.68]
      ],
      "objLayer": 0,
      "props": []
    },
    "ft_t2_airfield_02_01_bomb_zone": {
      "type": "Box",
      "tm": [
        [3172.32,0.0,-420.015],
        [0.0,450.0,0.0],
        [157.51,0.0,1189.62],
        [-26753.5,1.28381,-457.266]
      ],
      "objLayer": 0,
      "props": []
    },
    "ft_t2_airfield_02_02_bomb_zone": {
      "type": "Box",
      "tm": [
        [3194.9,0.0,-180.643],
        [0.0,450.0,0.0],
        [67.7425,0.0,1198.09],
        [-23340.7,-63.8643,35698.4]
      ],
      "objLayer": 0,
      "props": []
    },
    "ft_t1_airfield_01_01_bomb_zone": {
      "type": "Box",
      "tm": [
        [3172.62,0.0,417.685],
        [0.0,450.0,0.0],
        [-156.631,0.0,1189.73],
        [37281.6,50.0,-31326.1]
      ],
      "objLayer": 0,
      "props": []
    },
    "ft_t1_airfield_01_03_bomb_zone": {
      "type": "Box",
      "tm": [
        [3049.62,0.0,-969.456],
        [0.0,450.0,0.0],
        [363.546,0.0,1143.61],
        [35194.1,50.8933,34099.1]
      ],
      "objLayer": 0,
      "props": []
    },
    "ft_t1_airfield_01_02_bomb_zone": {
      "type": "Box",
      "tm": [
        [2056.92,0.0,-2451.34],
        [0.0,450.0,0.0],
        [919.253,0.0,771.346],
        [36662.8,42.708,18965.3]
      ],
      "objLayer": 0,
      "props": []
    },
    "ft_t1_airfield_02_01_bomb_zone": {
      "type": "Box",
      "tm": [
        [3090.96,0.0,-828.223],
        [0.0,450.0,0.0],
        [310.582,0.0,1159.11],
        [24766.2,-1.41895,-3397.86]
      ],
      "objLayer": 0,
      "props": []
    },
    "ft_t1_airfield_02_02_bomb_zone": {
      "type": "Box",
      "tm": [
        [3195.58,0.0,-168.186],
        [0.0,450.0,0.0],
        [63.0703,0.0,1198.34],
        [24115.8,39.6282,-28610.3]
      ],
      "objLayer": 0,
      "props": []
    },
    "ft_t1_airfield_01_01_spawn_01": {
      "type": "Point",
      "tm": [
        [0.923879,0.0,-0.382683],
        [0.0,1.0,0.0],
        [0.382683,0.0,0.923879],
        [38536.0,180.329,-31716.2]
      ],
      "objLayer": 0,
      "props": []
    },
    "ft_t1_airfield_01_01_spawn_02": {
      "type": "Point",
      "tm": [
        [0.923879,0.0,-0.382683],
        [0.0,1.0,0.0],
        [0.382683,0.0,0.923879],
        [36254.4,170.438,-32136.2]
      ],
      "objLayer": 0,
      "props": []
    },
    "ft_t1_airfield_01_01_spawn_03": {
      "type": "Point",
      "tm": [
        [0.923879,0.0,-0.382683],
        [0.0,1.0,0.0],
        [0.382683,0.0,0.923879],
        [36567.6,193.414,-30944.5]
      ],
      "objLayer": 0,
      "props": []
    },
    "ft_t1_airfield_01_01_spawn_04": {
      "type": "Point",
      "tm": [
        [0.923879,0.0,-0.382683],
        [0.0,1.0,0.0],
        [0.382683,0.0,0.923879],
        [35601.8,205.674,-31120.9]
      ],
      "objLayer": 0,
      "props": []
    },
    "ft_t1_airfield_01_01_spawn_05": {
