{
  "selected_tag": "",
  "bin_dump_file": "",
  "mission_settings": {
    "player": {
      "army": 1
    },
    "player_teamB": {
      "army": 2
    },
    "mission": {
      "type": "domination",
      "level": "levels/air_israel.bin",
      "environment": "Day",
      "weather": "hazy"
    }
  },
  "imports": {},
  "triggers": {
    "isCategory": true,
    "is_enabled": true,
    "static_units_high_init": {
      "is_enabled": true,
      "comments": "",
      "props": {
        "actionsType": "PERFORM_ONE_BY_ONE",
        "conditionsType": "ALL",
        "enableAfterComplete": false
      },
      "events": {
        "initMission": {}
      },
      "conditions": {},
      "actions": {
        "comment": [
          {
            "value": "static units"
          },
          {
            "value": "static aaa"
          },
          {
            "value": ""
          }
        ],
        "unitSetProperties": [
          {
            "object": [
              "t1_artillery_high_squad",
              "t1_bunkers_high_squad",
              "t2_artillery_high_squad",
              "t2_bunkers_high_squad"
            ],
            "accuracy": 0.1,
            "checkVisibilityTarget": false
          },
          {
            "object": [
              "t1_aaa_static_squad",
              "t2_aaa_static_squad"
            ],
            "targetGnd": false,
            "accuracy": 0.1,
            "airAccuracy": 0.1,
            "fireRandom": true,
            "targetChangeInterval": 5.0,
            "targetChangeProb": 0.25,
            "DelayAfterShoot": 3.0
          }
        ]
      },
      "else_actions": {}
    }
  },
  "mission_objectives": {
    "isCategory": true,
    "is_enabled": true
  },
  "variables": {},
  "dialogs": {},
  "airfields": {},
  "effects": {},
  "units": {
    "objectGroups": [
      {
        "name": "t1_trench_high_01",
        "tm": [
          [
            0.990648,
            0.00898329,
            0.136143
          ],
          [
            -0.00906766,
            0.999959,
            0.0
          ],
          [
            -0.136137,
            -0.0012345,
            0.990689
          ],
          [
            377.41,
            549.6,
            -17530.5
          ]
        ],
        "unit_class": "dynTrench_small_bunker_axis",
        "objLayer": 2,
        "props": {
          "army": 1,
          "active": true
        }
      },
      {
        "name": "t1_trench_high_02",
        "tm": [
          [
            0.928185,
            -0.015849,
            -0.371782
          ],
          [
            -0.000326648,
            0.999057,
            -0.0434053
          ],
          [
            0.372119,
            0.040409,
            0.927305
          ],
          [
            -8334.72,
            537.0,
            -17572.3
          ]
        ],
        "unit_class": "dynTrench_small_bunker_axis",
        "objLayer": 2,
        "props": {
          "army": 1,
          "active": true
        }
      },
      {
        "name": "t1_trench_high_03",
        "tm": [
          [
            0.999756,
            -0.0211532,
            0.006225
          ],
          [
            0.0214635,
            0.998267,
            -0.0547914
          ],
          [
            -0.00505523,
            0.0549116,
            0.998478
          ],
          [
            -7226.81,
            524.7,
            -17673.0
          ]
        ],
        "unit_class": "dynTrench_small_bunker_axis",
        "objLayer": 2,
        "props": {
          "army": 1,
          "active": true
        }
      },
      {
        "name": "t1_trench_high_04",
        "tm": [
          [
            0.999978,
            0.00641952,
            -0.00111418
          ],
          [
            -0.00645269,
            0.99944,
            -0.0328394
          ],
          [
            0.000902738,
            0.032846,
            0.99946
          ],
          [
            -859.093,
            538.1,
            -17667.2
          ]
        ],
        "unit_class": "dynTrench_small_bunker_axis",
        "objLayer": 2,
        "props": {
          "army": 1,
          "active": true
        }
      },
      {
        "name": "t1_trench_high_05",
        "tm": [
          [
            0.999998,
            -0.00205186,
            0.000365641
          ],
          [
            0.00204976,
            0.999983,
            0.00548261
          ],
          [
            -0.000376883,
            -0.00548185,
            0.999985
          ],
          [
            -2066.6,
            509.9,
            -17778.4
          ]
        ],
        "unit_class": "dynTrench_small_bunker_axis",
        "objLayer": 2,
        "props": {
          "army": 1,
          "active": true
        }
      },
      {
        "name": "t2_trench_high_01",
        "tm": [
          [
            -0.972665,
            0.0339902,
            0.229712
          ],
          [
            0.0190716,
            0.997581,
            -0.0668559
          ],
          [
            -0.231429,
            -0.0606474,
            -0.970959
          ],
          [
            437.54,
            538.6,
            -12845.8
          ]
        ],
        "unit_class": "dynTrench_small_bunker_axis",
        "objLayer": 2,
        "props": {
          "army": 2,
          "active": true
        }
      },
      {
        "name": "t2_trench_high_02",
        "tm": [
          [
            -0.980206,
            0.0537522,
            -0.190546
          ],
          [
            0.0464806,
            0.998017,
            0.0424308
          ],
          [
            0.192449,
            0.032734,
            -0.980761
          ],
          [
            -8073.12,
            512.25,
            -12787.1
          ]
        ],
        "unit_class": "dynTrench_small_bunker_axis",
        "objLayer": 2,
        "props": {
          "army": 2,
          "active": true
        }
      },
      {
        "name": "t2_trench_high_03",
        "tm": [
          [
            -0.998491,
            0.0136924,
            0.0531724
          ],
          [
            0.0107842,
            0.99845,
            -0.0545988
          ],
          [
            -0.0538375,
            -0.0539424,
            -0.997091
          ],
          [
            -6918.13,
            512.1,
            -12819.8
          ]
        ],
        "unit_class": "dynTrench_small_bunker_axis",
        "objLayer": 2,
        "props": {
          "army": 2,
          "active": true
        }
      },
      {
        "name": "t2_trench_high_04",
        "tm": [
          [
            -0.984712,
            -0.0637308,
            0.162107
          ],
          [
            -0.059093,
            0.997698,
            0.0332772
          ],
          [
            -0.163856,
            0.023189,
            -0.986213
          ],
          [
            -692.112,
            564.7,
            -12732.2
          ]
        ],
        "unit_class": "dynTrench_small_bunker_axis",
        "objLayer": 2,
        "props": {
          "army": 2,
          "active": true
        }
      },
      {
        "name": "t2_trench_high_05",
        "tm": [
          [
            -0.998466,
            0.0111718,
            0.0542324
          ],
          [
            0.0152511,
            0.997037,
            0.0753979
          ],
          [
            -0.0532294,
            0.0761093,
            -0.995678
          ],
          [
            -5902.32,
            528.75,
            -12785.9
          ]
        ],
        "unit_class": "dynTrench_small_bunker_axis",
        "objLayer": 2,
        "props": {
          "army": 2,
          "active": true
        }
      },
      {
        "name": "t2_trench_high_06",
        "tm": [
          [
            -0.984712,
            -0.0637308,
            0.162107
          ],
          [
            -0.059093,
            0.997698,
            0.0332772
          ],
          [
            -0.163856,
            0.023189,
            -0.986213
          ],
          [
            -1748.86,
            539.15,
            -12732.2
          ]
        ],
        "unit_class": "dynTrench_small_bunker_axis",
        "objLayer": 2,
        "props": {
          "army": 2,
          "active": true
        }
      },
      {
        "name": "t1_trench_high_06",
        "tm": [
          [
            0.999756,
            -0.0211532,
            0.006225
          ],
          [
            0.0214635,
            0.998267,
            -0.0547914
          ],
          [
            -0.00505523,
            0.0549116,
            0.998478
          ],
          [
            -5860.54,
            548.95,
            -17673.0
          ]
        ],
        "unit_class": "dynTrench_small_bunker_axis",
        "objLayer": 2,
        "props": {
          "army": 1,
          "active": true
        }
      }
    ],
    "tankModels": [
      {
        "name": "t1_art_high_01",
        "tm": [
          [
            -0.126455,
            -0.00114669,
            0.991971
          ],
          [
            -0.00906766,
            0.999959,
            0.0
          ],
          [
            -0.991931,
            -0.00899496,
            -0.12646
          ],
          [
            455.473,
            500.252,
            -17490.8
          ]
        ],
        "unit_class": "ussr_at_spg_9",
        "objLayer": 1,
        "closed_waypoints": false,
        "isShipSpline": false,
        "shipTurnRadius": 100.0,
        "weapons": "",
        "bullets0": "",
        "bullets1": "",
        "bullets2": "",
        "bullets3": "",
        "bulletsCount0": 0,
        "bulletsCount1": 0,
        "bulletsCount2": 0,
        "bulletsCount3": 0,
        "crewSkillK": 0.0,
        "applyAllMods": false,
        "props": {
          "army": 1,
          "count": 1,
          "formation_type": "rows",
          "formation_div": 3,
          "formation_step": [
            2.5,
            2.0
          ],
          "formation_noise": [
            0.1,
            0.1
          ]
        },
        "way": {}
      },
      {
        "name": "t1_art_high_02",
        "tm": [
          [
            -0.126455,
            -0.00114669,
            0.991971
          ],
          [
            -0.00906766,
            0.999959,
            0.0
          ],
          [
            -0.991931,
            -0.00899496,
            -0.12646
          ],
          [
            296.023,
            500.449,
            -17543.4
          ]
        ],
        "unit_class": "ussr_at_spg_9",
        "objLayer": 1,
        "closed_waypoints": false,
        "isShipSpline": false,
        "shipTurnRadius": 100.0,
        "weapons": "",
        "bullets0": "",
        "bullets1": "",
        "bullets2": "",
        "bullets3": "",
        "bulletsCount0": 0,
        "bulletsCount1": 0,
        "bulletsCount2": 0,
        "bulletsCount3": 0,
        "crewSkillK": 0.0,
        "applyAllMods": false,
        "props": {
          "army": 1,
          "count": 1,
          "formation_type": "rows",
          "formation_div": 3,
          "formation_step": [
            2.5,
            2.0
          ],
          "formation_noise": [
            0.1,
            0.1
          ]
        },
        "way": {}
      },
      {
        "name": "t1_aaa_high_01",
        "tm": [
          [
            -0.436633,
            0.0365123,
            0.898899
          ],
          [
            0.0280879,
            0.999242,
            -0.0269446
          ],
          [
            -0.899201,
            0.0134833,
            -0.437327
          ],
          [
            393.895,
            500.0,
            -17576.1
          ]
        ],
        "unit_class": "ussr_zsu_37_2",
        "objLayer": 1,
        "closed_waypoints": false,
        "isShipSpline": false,
        "shipTurnRadius": 100.0,
        "weapons": "",
        "bullets0": "",
        "bullets1": "",
        "bullets2": "",
        "bullets3": "",
        "bulletsCount0": 0,
        "bulletsCount1": 0,
        "bulletsCount2": 0,
        "bulletsCount3": 0,
        "crewSkillK": 0.0,
        "applyAllMods": false,
        "props": {
          "army": 1,
          "count": 1,
          "formation_type": "rows",
          "formation_div": 3,
          "formation_step": [
            2.5,
            2.0
          ],
          "formation_noise": [
            0.1,
            0.1
          ]
        },
        "way": {}
      },
      {
        "name": "t1_art_high_03",
        "tm": [
          [
            0.381168,
            0.0402524,
            0.923629
          ],
          [
            -0.000326648,
            0.999057,
            -0.0434053
          ],
          [
            -0.924506,
            0.0162429,
            0.380822
          ],
          [
            -8247.27,
            488.958,
            -17576.7
          ]
        ],
        "unit_class": "ussr_at_spg_9",
        "objLayer": 1,
        "closed_waypoints": false,
        "isShipSpline": false,
        "shipTurnRadius": 100.0,
        "weapons": "",
        "bullets0": "",
        "bullets1": "",
        "bullets2": "",
        "bullets3": "",
        "bulletsCount0": 0,
        "bulletsCount1": 0,
        "bulletsCount2": 0,
        "bulletsCount3": 0,
        "crewSkillK": 0.0,
        "applyAllMods": false,
        "props": {
          "army": 1,
          "count": 1,
          "formation_type": "rows",
          "formation_div": 3,
          "formation_step": [
            2.5,
            2.0
          ],
          "formation_noise": [
            0.1,
            0.1
          ]
        },
        "way": {}
      },
      {
        "name": "t1_art_high_04",
        "tm": [
          [
            0.381168,
            0.0402524,
            0.923629
          ],
          [
            -0.000326648,
            0.999057,
            -0.0434053
          ],
          [
            -0.924506,
            0.0162429,
            0.380822
          ],
          [
            -8411.78,
            493.594,
            -17543.7
          ]
        ],
        "unit_class": "ussr_at_spg_9",
        "objLayer": 1,
        "closed_waypoints": false,
        "isShipSpline": false,
        "shipTurnRadius": 100.0,
        "weapons": "",
        "bullets0": "",
        "bullets1": "",
        "bullets2": "",
        "bullets3": "",
        "bulletsCount0": 0,
        "bulletsCount1": 0,
        "bulletsCount2": 0,
        "bulletsCount3": 0,
        "crewSkillK": 0.0,
        "applyAllMods": false,
        "props": {
          "army": 1,
          "count": 1,
          "formation_type": "rows",
          "formation_div": 3,
          "formation_step": [
            2.5,
            2.0
          ],
          "formation_noise": [
            0.1,
            0.1
          ]
        },
        "way": {}
      },
      {
        "name": "t1_aaa_high_02",
        "tm": [
          [
            -0.207314,
            -0.0640962,
            0.976172
          ],
          [
            0.115075,
            0.989326,
            0.0893986
          ],
          [
            -0.971483,
            0.130866,
            -0.197725
          ],
          [
            -8343.0,
            485.65,
            -17620.4
          ]
        ],
        "unit_class": "ussr_zsu_37_2",
        "objLayer": 1,
        "closed_waypoints": false,
        "isShipSpline": false,
        "shipTurnRadius": 100.0,
        "weapons": "",
        "bullets0": "",
        "bullets1": "",
        "bullets2": "",
        "bullets3": "",
        "bulletsCount0": 0,
        "bulletsCount1": 0,
        "bulletsCount2": 0,
        "bulletsCount3": 0,
        "crewSkillK": 0.0,
        "applyAllMods": false,
        "props": {
          "army": 1,
          "count": 1,
          "formation_type": "rows",
          "formation_div": 3,
          "formation_step": [
            2.5,
            2.0
          ],
          "formation_noise": [
            0.1,
            0.1
          ]
        },
        "way": {}
      },
      {
        "name": "t1_art_high_05",
        "tm": [
          [
            0.00471073,
            0.0547023,
            0.998491
          ],
          [
            0.0214635,
            0.998267,
            -0.0547914
          ],
          [
            -0.999758,
            0.0216887,
            0.00352848
          ],
          [
            -7144.1,
            486.522,
            -17644.2
          ]
        ],
        "unit_class": "ussr_at_spg_9",
        "objLayer": 1,
        "closed_waypoints": false,
        "isShipSpline": false,
        "shipTurnRadius": 100.0,
        "weapons": "",
        "bullets0": "",
        "bullets1": "",
        "bullets2": "",
        "bullets3": "",
        "bulletsCount0": 0,
        "bulletsCount1": 0,
        "bulletsCount2": 0,
        "bulletsCount3": 0,
        "crewSkillK": 0.0,
        "applyAllMods": false,
        "props": {
          "army": 1,
          "count": 1,
          "formation_type": "rows",
          "formation_div": 3,
          "formation_step": [
            2.5,
            2.0
          ],
          "formation_noise": [
            0.1,
            0.1
          ]
        },
        "way": {}
      },
      {
        "name": "t1_art_high_06",
        "tm": [
          [
            0.00471073,
            0.0547023,
            0.998491
          ],
          [
            0.0214635,
            0.998267,
            -0.0547914
          ],
          [
            -0.999758,
            0.0216887,
            0.00352848
          ],
          [
            -7308.93,
            491.589,
            -17675.8
          ]
        ],
        "unit_class": "ussr_at_spg_9",
        "objLayer": 1,
        "closed_waypoints": false,
        "isShipSpline": false,
        "shipTurnRadius": 100.0,
        "weapons": "",
        "bullets0": "",
        "bullets1": "",
        "bullets2": "",
        "bullets3": "",
        "bulletsCount0": 0,
        "bulletsCount1": 0,
        "bulletsCount2": 0,
        "bulletsCount3": 0,
        "crewSkillK": 0.0,
        "applyAllMods": false,
        "props": {
          "army": 1,
          "count": 1,
          "formation_type": "rows",
          "formation_div": 3,
          "formation_step": [
            2.5,
            2.0
          ],
          "formation_noise": [
            0.1,
            0.1
          ]
        },
        "way": {}
      },
      {
        "name": "t1_aaa_high_03",
        "tm": [
          [
            0.315295,
            0.0492309,
            0.947715
          ],
          [
            0.0150733,
            0.998267,
            -0.0568717
          ],
          [
            -0.948873,
            0.0322173,
            0.314008
          ],
          [
            -7216.07,
            481.888,
            -17721.2
          ]
        ],
        "unit_class": "ussr_zsu_37_2",
        "objLayer": 1,
        "closed_waypoints": false,
        "isShipSpline": false,
        "shipTurnRadius": 100.0,
        "weapons": "",
        "bullets0": "",
        "bullets1": "",
        "bullets2": "",
        "bullets3": "",
        "bulletsCount0": 0,
        "bulletsCount1": 0,
        "bulletsCount2": 0,
        "bulletsCount3": 0,
        "crewSkillK": 0.0,
        "applyAllMods": false,
        "props": {
          "army": 1,
          "count": 1,
          "formation_type": "rows",
          "formation_div": 3,
          "formation_step": [
            2.5,
            2.0
          ],
          "formation_noise": [
            0.1,
            0.1
          ]
        },
        "way": {}
      },
      {
        "name": "t1_art_high_07",
        "tm": [
          [
            0.0106705,
            0.0329071,
            0.999402
          ],
          [
            -0.00645269,
            0.99944,
            -0.0328394
          ],
          [
            -0.999922,
            -0.00609832,
            0.0108769
          ],
          [
            -776.343,
            502.938,
            -17638.9
          ]
        ],
        "unit_class": "ussr_at_spg_9",
        "objLayer": 1,
        "closed_waypoints": false,
        "isShipSpline": false,
        "shipTurnRadius": 100.0,
        "weapons": "",
        "bullets0": "",
        "bullets1": "",
        "bullets2": "",
        "bullets3": "",
        "bulletsCount0": 0,
        "bulletsCount1": 0,
        "bulletsCount2": 0,
        "bulletsCount3": 0,
        "crewSkillK": 0.0,
        "applyAllMods": false,
        "props": {
          "army": 1,
          "count": 1,
          "formation_type": "rows",
          "formation_div": 3,
          "formation_step": [
            2.5,
            2.0
          ],
          "formation_noise": [
            0.1,
            0.1
          ]
        },
        "way": {}
      },
      {
        "name": "t1_art_high_08",
        "tm": [
          [
            0.0106705,
            0.0329071,
            0.999402
          ],
          [
            -0.00645269,
            0.99944,
            -0.0328394
          ],
          [
            -0.999922,
            -0.00609832,
            0.0108769
          ],
          [
            -941.473,
            504.129,
            -17669.1
          ]
        ],
        "unit_class": "ussr_at_spg_9",
        "objLayer": 1,
        "closed_waypoints": false,
        "isShipSpline": false,
        "shipTurnRadius": 100.0,
        "weapons": "",
        "bullets0": "",
        "bullets1": "",
        "bullets2": "",
        "bullets3": "",
        "bulletsCount0": 0,
        "bulletsCount1": 0,
        "bulletsCount2": 0,
        "bulletsCount3": 0,
        "crewSkillK": 0.0,
        "applyAllMods": false,
        "props": {
          "army": 1,
          "count": 1,
          "formation_type": "rows",
          "formation_div": 3,
          "formation_step": [
            2.5,
            2.0
          ],
          "formation_noise": [
            0.1,
            0.1
          ]
        },
        "way": {}
      },
      {
        "name": "t1_aaa_high_04",
        "tm": [
          [
            0.999978,
            0.00641952,
            -0.00111418
          ],
          [
            -0.00645269,
            0.99944,
            -0.0328394
          ],
          [
            0.000902738,
            0.032846,
            0.99946
          ],
          [
            -849.343,
            500.0,
            -17714.1
          ]
        ],
        "unit_class": "ussr_zsu_37_2",
        "objLayer": 1,
        "closed_waypoints": false,
        "isShipSpline": false,
        "shipTurnRadius": 100.0,
        "weapons": "",
        "bullets0": "",
        "bullets1": "",
        "bullets2": "",
        "bullets3": "",
        "bulletsCount0": 0,
        "bulletsCount1": 0,
        "bulletsCount2": 0,
        "bulletsCount3": 0,
        "crewSkillK": 0.0,
        "applyAllMods": false,
        "props": {
          "army": 1,
          "count": 1,
          "formation_type": "rows",
          "formation_div": 3,
          "formation_step": [
            2.5,
            2.0
          ],
          "formation_noise": [
            0.1,
            0.1
          ]
        },
        "way": {}
      },
      {
        "name": "t1_art_high_09",
        "tm": [
          [
            0.00939116,
            -0.00550163,
            0.999941
          ],
          [
            0.00204976,
            0.999983,
            0.00548261
          ],
          [
            -0.999954,
            0.00199817,
            0.00940228
          ],
          [
            -1983.83,
            469.687,
            -17749.7
          ]
        ],
        "unit_class": "ussr_at_spg_9",
        "objLayer": 1,
        "closed_waypoints": false,
        "isShipSpline": false,
        "shipTurnRadius": 100.0,
        "weapons": "",
        "bullets0": "",
        "bullets1": "",
        "bullets2": "",
        "bullets3": "",
        "bulletsCount0": 0,
        "bulletsCount1": 0,
        "bulletsCount2": 0,
        "bulletsCount3": 0,
        "crewSkillK": 0.0,
        "applyAllMods": false,
        "props": {
          "army": 1,
          "count": 1,
          "formation_type": "rows",
          "formation_div": 3,
          "formation_step": [
            2.5,
            2.0
          ],
          "formation_noise": [
            0.1,
            0.1
          ]
        },
        "way": {}
      },
      {
        "name": "t1_art_high_10",
        "tm": [
          [
            0.00939116,
            -0.00550163,
            0.999941
          ],
          [
            0.00204976,
            0.999983,
            0.00548261
          ],
          [
            -0.999954,
            0.00199817,
            0.00940228
          ],
          [
            -2148.91,
            473.44,
            -17780.1
          ]
        ],
        "unit_class": "ussr_at_spg_9",
        "objLayer": 1,
        "closed_waypoints": false,
        "isShipSpline": false,
        "shipTurnRadius": 100.0,
        "weapons": "",
        "bullets0": "",
        "bullets1": "",
        "bullets2": "",
        "bullets3": "",
        "bulletsCount0": 0,
        "bulletsCount1": 0,
        "bulletsCount2": 0,
        "bulletsCount3": 0,
        "crewSkillK": 0.0,
        "applyAllMods": false,
        "props": {
          "army": 1,
          "count": 1,
          "formation_type": "rows",
          "formation_div": 3,
          "formation_step": [
            2.5,
            2.0
          ],
          "formation_noise": [
            0.1,
            0.1
          ]
        },
        "way": {}
      },
      {
        "name": "t1_aaa_high_05",
        "tm": [
          [
            -0.34942,
            0.0248541,
            0.936636
          ],
          [
            0.0210465,
            0.999604,
            -0.0186735
          ],
          [
            -0.936729,
            0.013188,
            -0.349805
          ],
          [
            -2056.32,
            468.55,
            -17825.7
          ]
        ],
        "unit_class": "ussr_zsu_37_2",
        "objLayer": 1,
        "closed_waypoints": false,
        "isShipSpline": false,
        "shipTurnRadius": 100.0,
        "weapons": "",
        "bullets0": "",
        "bullets1": "",
        "bullets2": "",
        "bullets3": "",
        "bulletsCount0": 0,
        "bulletsCount1": 0,
        "bulletsCount2": 0,
        "bulletsCount3": 0,
        "crewSkillK": 0.0,
        "applyAllMods": false,
        "props": {
          "army": 1,
          "count": 1,
          "formation_type": "rows",
          "formation_div": 3,
          "formation_step": [
            2.5,
            2.0
          ],
          "formation_noise": [
            0.1,
            0.1
          ]
        },
        "way": {}
      },
      {
        "name": "t2_art_high_01",
        "tm": [
          [
            -0.240919,
            -0.0603125,
            -0.96867
          ],
          [
            0.0190716,
            0.997581,
            -0.0668559
          ],
          [
            0.970357,
            -0.034581,
            -0.239186
          ],
          [
            350.5,
            431.916,
            -12854.9
          ]
        ],
        "unit_class": "ussr_at_spg_9",
        "objLayer": 1,
        "closed_waypoints": false,
        "isShipSpline": false,
        "shipTurnRadius": 100.0,
        "weapons": "",
        "bullets0": "",
        "bullets1": "",
        "bullets2": "",
        "bullets3": "",
        "bulletsCount0": 0,
        "bulletsCount1": 0,
        "bulletsCount2": 0,
        "bulletsCount3": 0,
        "crewSkillK": 0.0,
        "applyAllMods": false,
        "props": {
          "army": 2,
          "count": 1,
          "formation_type": "rows",
          "formation_div": 3,
          "formation_step": [
            2.5,
            2.0
          ],
          "formation_noise": [
            0.1,
            0.1
          ]
        },
        "way": {}
      },
      {
        "name": "t2_art_high_02",
        "tm": [
          [
            -0.240919,
            -0.0603125,
            -0.96867
          ],
          [
            0.0190716,
            0.997581,
            -0.0668559
          ],
          [
            0.970357,
            -0.034581,
            -0.239186
          ],
          [
            518.18,
            431.385,
            -12863.6
          ]
        ],
        "unit_class": "ussr_at_spg_9",
        "objLayer": 1,
        "closed_waypoints": false,
        "isShipSpline": false,
        "shipTurnRadius": 100.0,
        "weapons": "",
        "bullets0": "",
        "bullets1": "",
        "bullets2": "",
        "bullets3": "",
        "bulletsCount0": 0,
        "bulletsCount1": 0,
        "bulletsCount2": 0,
        "bulletsCount3": 0,
        "crewSkillK": 0.0,
        "applyAllMods": false,
        "props": {
          "army": 2,
          "count": 1,
          "formation_type": "rows",
          "formation_div": 3,
          "formation_step": [
            2.5,
            2.0
          ],
          "formation_noise": [
            0.1,
            0.1
          ]
        },
        "way": {}
      },
      {
        "name": "t2_aaa_high_01",
        "tm": [
          [
            0.122721,
            0.000763748,
            -0.992441
          ],
          [
            0.0305886,
            0.999522,
            0.00455162
          ],
          [
            0.99197,
            -0.030916,
            0.122638
          ],
          [
            438.42,
            433.0,
            -12798.0
          ]
        ],
        "unit_class": "ussr_zsu_37_2",
        "objLayer": 1,
        "closed_waypoints": false,
        "isShipSpline": false,
        "shipTurnRadius": 100.0,
        "weapons": "",
        "bullets0": "",
        "bullets1": "",
        "bullets2": "",
        "bullets3": "",
        "bulletsCount0": 0,
        "bulletsCount1": 0,
        "bulletsCount2": 0,
        "bulletsCount3": 0,
        "crewSkillK": 0.0,
        "applyAllMods": false,
        "props": {
          "army": 2,
          "count": 1,
          "formation_type": "rows",
          "formation_div": 3,
          "formation_step": [
            2.5,
            2.0
          ],
          "formation_noise": [
            0.1,
            0.1
          ]
        },
        "way": {}
      },
      {
        "name": "t2_art_high_03",
        "tm": [
          [
            0.182865,
            0.033258,
            -0.982576
          ],
          [
            0.0464806,
            0.998017,
            0.0424308
          ],
          [
            0.982039,
            -0.0534299,
            0.180956
          ],
          [
            -8148.51,
            399.871,
            -12830.7
          ]
        ],
        "unit_class": "ussr_at_spg_9",
        "objLayer": 1,
        "closed_waypoints": false,
        "isShipSpline": false,
        "shipTurnRadius": 100.0,
        "weapons": "",
        "bullets0": "",
        "bullets1": "",
        "bullets2": "",
        "bullets3": "",
        "bulletsCount0": 0,
        "bulletsCount1": 0,
        "bulletsCount2": 0,
        "bulletsCount3": 0,
        "crewSkillK": 0.0,
        "applyAllMods": false,
        "props": {
          "army": 2,
          "count": 1,
          "formation_type": "rows",
          "formation_div": 3,
          "formation_step": [
            2.5,
            2.0
          ],
          "formation_noise": [
            0.1,
            0.1
          ]
        },
        "way": {}
      },
      {
        "name": "t2_art_high_04",
        "tm": [
          [
            0.182865,
            0.033258,
            -0.982576
          ],
          [
            0.0464806,
            0.998017,
            0.0424308
          ],
          [
            0.982039,
            -0.0534299,
            0.180956
          ],
          [
            -7992.38,
            393.243,
            -12769.4
          ]
        ],
        "unit_class": "ussr_at_spg_9",
        "objLayer": 1,
        "closed_waypoints": false,
        "isShipSpline": false,
        "shipTurnRadius": 100.0,
        "weapons": "",
        "bullets0": "",
        "bullets1": "",
        "bullets2": "",
        "bullets3": "",
        "bulletsCount0": 0,
        "bulletsCount1": 0,
        "bulletsCount2": 0,
        "bulletsCount3": 0,
        "crewSkillK": 0.0,
        "applyAllMods": false,
        "props": {
          "army": 2,
          "count": 1,
          "formation_type": "rows",
          "formation_div": 3,
          "formation_step": [
            2.5,
            2.0
          ],
          "formation_noise": [
            0.1,
            0.1
          ]
        },
        "way": {}
      },
      {
        "name": "t2_aaa_high_02",
        "tm": [
          [
            0.0718098,
            0.117483,
            -0.990475
          ],
          [
            0.119338,
            0.984894,
            0.125473
          ],
          [
            0.990253,
            -0.127211,
            0.0567052
          ],
          [
            -8092.05,
            392.15,
            -12742.3
          ]
        ],
        "unit_class": "ussr_zsu_37_2",
        "objLayer": 1,
        "closed_waypoints": false,
        "isShipSpline": false,
        "shipTurnRadius": 100.0,
        "weapons": "",
        "bullets0": "",
        "bullets1": "",
        "bullets2": "",
        "bullets3": "",
        "bulletsCount0": 0,
        "bulletsCount1": 0,
        "bulletsCount2": 0,
        "bulletsCount3": 0,
        "crewSkillK": 0.0,
        "applyAllMods": false,
        "props": {
          "army": 2,
          "count": 1,
          "formation_type": "rows",
          "formation_div": 3,
          "formation_step": [
            2.5,
            2.0
          ],
          "formation_noise": [
            0.1,
            0.1
          ]
        },
        "way": {}
      },
      {
        "name": "t2_art_high_05",
        "tm": [
          [
            -0.0635883,
            -0.0538062,
            -0.996525
          ],
          [
            0.0107842,
            0.99845,
            -0.0545988
          ],
          [
            0.997918,
            -0.0142186,
            -0.0629094
          ],
          [
            -7002.26,
            375.093,
            -12844.2
          ]
        ],
        "unit_class": "ussr_at_spg_9",
        "objLayer": 1,
        "closed_waypoints": false,
        "isShipSpline": false,
        "shipTurnRadius": 100.0,
        "weapons": "",
        "bullets0": "",
        "bullets1": "",
        "bullets2": "",
        "bullets3": "",
        "bulletsCount0": 0,
        "bulletsCount1": 0,
        "bulletsCount2": 0,
        "bulletsCount3": 0,
        "crewSkillK": 0.0,
        "applyAllMods": false,
        "props": {
          "army": 2,
          "count": 1,
          "formation_type": "rows",
          "formation_div": 3,
          "formation_step": [
            2.5,
            2.0
          ],
          "formation_noise": [
            0.1,
            0.1
          ]
        },
        "way": {}
      },
      {
        "name": "t2_art_high_06",
        "tm": [
          [
            -0.0635883,
            -0.0538062,
            -0.996525
          ],
          [
            0.0107842,
            0.99845,
            -0.0545988
          ],
          [
            0.997918,
            -0.0142186,
            -0.0629094
          ],
          [
            -6835.75,
            377.71,
            -12822.8
          ]
        ],
        "unit_class": "ussr_at_spg_9",
        "objLayer": 1,
        "closed_waypoints": false,
        "isShipSpline": false,
        "shipTurnRadius": 100.0,
        "weapons": "",
        "bullets0": "",
        "bullets1": "",
        "bullets2": "",
        "bullets3": "",
        "bulletsCount0": 0,
        "bulletsCount1": 0,
        "bulletsCount2": 0,
        "bulletsCount3": 0,
        "crewSkillK": 0.0,
        "applyAllMods": false,
        "props": {
          "army": 2,
          "count": 1,
          "formation_type": "rows",
          "formation_div": 3,
          "formation_step": [
            2.5,
            2.0
          ],
          "formation_noise": [
            0.1,
            0.1
          ]
        },
        "way": {}
      },
      {
        "name": "t2_aaa_high_03",
        "tm": [
          [
            0.111088,
            -0.0115106,
            -0.993743
          ],
          [
            0.0191223,
            0.999773,
            -0.00944294
          ],
          [
            0.993627,
            -0.0179537,
            0.111284
          ],
          [
            -6925.97,
            376.644,
            -12772.0
          ]
        ],
        "unit_class": "ussr_zsu_37_2",
        "objLayer": 1,
        "closed_waypoints": false,
        "isShipSpline": false,
        "shipTurnRadius": 100.0,
        "weapons": "",
        "bullets0": "",
        "bullets1": "",
        "bullets2": "",
        "bullets3": "",
        "bulletsCount0": 0,
        "bulletsCount1": 0,
        "bulletsCount2": 0,
        "bulletsCount3": 0,
        "crewSkillK": 0.0,
        "applyAllMods": false,
        "props": {
          "army": 2,
          "count": 1,
          "formation_type": "rows",
          "formation_div": 3,
          "formation_step": [
            2.5,
            2.0
          ],
          "formation_noise": [
            0.1,
            0.1
          ]
        },
        "way": {}
      },
      {
        "name": "t2_art_high_07",
        "tm": [
          [
            -0.173466,
            0.0225654,
            -0.984581
          ],
          [
            -0.059093,
            0.997698,
            0.0332772
          ],
          [
            0.983065,
            0.0639543,
            -0.171734
          ],
          [
            -778.592,
            459.281,
            -12746.8
          ]
        ],
        "unit_class": "ussr_at_spg_9",
        "objLayer": 1,
        "closed_waypoints": false,
        "isShipSpline": false,
        "shipTurnRadius": 100.0,
        "weapons": "",
        "bullets0": "",
        "bullets1": "",
        "bullets2": "",
        "bullets3": "",
        "bulletsCount0": 0,
        "bulletsCount1": 0,
        "bulletsCount2": 0,
        "bulletsCount3": 0,
        "crewSkillK": 0.0,
        "applyAllMods": false,
        "props": {
          "army": 2,
          "count": 1,
          "formation_type": "rows",
          "formation_div": 3,
          "formation_step": [
            2.5,
            2.0
          ],
          "formation_noise": [
            0.1,
            0.1
          ]
        },
        "way": {}
      },
      {
        "name": "t2_art_high_08",
        "tm": [
          [
            -0.173466,
            0.0225654,
            -0.984581
          ],
          [
            -0.059093,
            0.997698,
            0.0332772
          ],
          [
            0.983065,
            0.0639543,
            -0.171734
          ],
          [
            -611.242,
            472.338,
            -12743.5
          ]
        ],
        "unit_class": "ussr_at_spg_9",
        "objLayer": 1,
        "closed_waypoints": false,
        "isShipSpline": false,
        "shipTurnRadius": 100.0,
        "weapons": "",
        "bullets0": "",
        "bullets1": "",
        "bullets2": "",
        "bullets3": "",
        "bulletsCount0": 0,
        "bulletsCount1": 0,
        "bulletsCount2": 0,
        "bulletsCount3": 0,
        "crewSkillK": 0.0,
        "applyAllMods": false,
        "props": {
