{
  "selected_tag": "",
  "bin_dump_file": "",
  "mission_settings": {
    "player": {
      "army": 1,
      "wing": ""
    },
    "player_teamB": {
      "army": 2
    },
    "mission": {
      "type": "singleMission",
      "level": "levels/water.bin",
      "restoreType": "attempts",
      "optionalTakeOff": false,
      "environment": "Day",
      "weather": "hazy"
    },
    "spectator_points": []
  },
  "imports": [],
  "triggers": {
    "isCategory": true,
    "is_enabled": true,
    "flt_tanks_init": {
      "is_enabled": true,
      "comments": "",
      "props": {
        "actionsType": "PERFORM_ONE_BY_ONE",
        "conditionsType": "ALL",
        "enableAfterComplete": false
      },
      "events": {
        "initMission": []
      },
      "conditions": [],
      "actions": {
        "varSetInt": {
          "value": 120,
          "var": "flt_tank_spots_num"
        }
      },
      "else_actions": []
    }
  },
  "mission_objectives": {
    "isCategory": true,
    "is_enabled": true
  },
  "variables": [],
  "dialogs": [],
  "airfields": [],
  "effects": [],
  "units": [],
  "areas": {
    "flt_tank_spot_01": {
      "type": "Point",
      "tm": [
        [0.064658,0.0,0.997907],
        [0.0,1.0,0.0],
        [-0.997907,0.0,0.064658],
        [-30309.5,2220.94,-29348.6]
      ],
      "objLayer": 0,
      "props": []
    },
    "flt_tank_spot_02": {
      "type": "Point",
      "tm": [
        [-0.0268459,0.0,-0.99964],
        [0.0,1.0,0.0],
        [0.99964,0.0,-0.0268459],
        [-30348.6,2223.65,-29313.4]
      ],
      "objLayer": 0,
      "props": []
    },
    "flt_tank_spot_03": {
      "type": "Point",
      "tm": [
        [-0.0820249,0.0,-0.99663],
        [0.0,1.0,0.0],
        [0.99663,0.0,-0.0820249],
        [-26300.6,2171.36,-20773.5]
      ],
      "objLayer": 0,
      "props": []
    },
    "flt_tank_spot_04": {
      "type": "Point",
      "tm": [
        [-0.0777366,0.0,-0.996974],
        [0.0,1.0,0.0],
        [0.996974,0.0,-0.0777366],
        [-26290.1,2171.49,-20645.0]
      ],
      "objLayer": 0,
      "props": []
    },
    "flt_tank_spot_05": {
      "type": "Point",
      "tm": [
        [1.0,0.0,0.0],
        [0.0,1.0,0.0],
        [0.0,0.0,1.0],
        [-21281.5,1924.07,-25888.2]
      ],
      "objLayer": 0,
      "props": []
    },
    "flt_tank_spot_06": {
      "type": "Point",
      "tm": [
        [-0.997551,0.0,-0.0699431],
        [0.0,1.0,0.0],
        [0.0699431,0.0,-0.997551],
        [-21290.9,1939.44,-25607.7]
      ],
      "objLayer": 0,
      "props": []
    },
    "flt_tank_spot_07": {
      "type": "Point",
      "tm": [
        [0.94689,0.0,-0.321556],
        [0.0,1.0,0.0],
        [0.321556,0.0,0.94689],
        [-20557.4,1919.79,-24733.3]
      ],
      "objLayer": 0,
      "props": []
    },
    "flt_tank_spot_08": {
      "type": "Point",
      "tm": [
        [-0.875404,0.0,0.483392],
        [0.0,1.0,0.0],
        [-0.483392,0.0,-0.875404],
        [-19709.4,1925.42,-24365.7]
      ],
      "objLayer": 0,
      "props": []
    },
    "flt_tank_spot_09": {
      "type": "Point",
      "tm": [
        [0.060878,0.0,0.998145],
        [0.0,1.0,0.0],
        [-0.998145,0.0,0.060878],
        [-15663.5,1637.48,-27672.9]
      ],
      "objLayer": 0,
      "props": []
    },
    "flt_tank_spot_10": {
      "type": "Point",
      "tm": [
        [0.619241,0.0,-0.785201],
        [0.0,1.0,0.0],
        [0.785201,0.0,0.619241],
        [-16149.8,1530.54,-29451.9]
      ],
      "objLayer": 0,
      "props": []
    },
    "flt_tank_spot_11": {
      "type": "Point",
      "tm": [
        [0.563748,0.0,0.825947],
        [0.0,1.0,0.0],
        [-0.825947,0.0,0.563748],
        [-11068.1,1534.74,-30195.5]
      ],
      "objLayer": 0,
      "props": []
    },
    "flt_tank_spot_12": {
      "type": "Point",
      "tm": [
        [-0.980879,0.0,0.194617],
        [0.0,1.0,0.0],
        [-0.194617,0.0,-0.980879],
        [-9624.18,1535.0,-27883.5]
      ],
      "objLayer": 0,
      "props": []
    },
    "flt_tank_spot_13": {
      "type": "Point",
      "tm": [
        [0.990786,0.0,-0.135435],
        [0.0,1.0,0.0],
        [0.135435,0.0,0.990786],
        [-4991.79,1520.0,-30310.1]
      ],
      "objLayer": 0,
      "props": []
    },
    "flt_tank_spot_14": {
      "type": "Point",
      "tm": [
        [0.503755,0.0,0.863847],
        [0.0,1.0,0.0],
        [-0.863847,0.0,0.503755],
        [-3215.27,1507.01,-30267.7]
      ],
      "objLayer": 0,
      "props": []
    },
    "flt_tank_spot_15": {
      "type": "Point",
      "tm": [
        [0.0242975,0.0,-0.999705],
        [0.0,1.0,0.0],
        [0.999705,0.0,0.0242975],
        [-5337.06,1709.47,-24225.9]
      ],
      "objLayer": 0,
      "props": []
    },
    "flt_tank_spot_16": {
      "type": "Point",
      "tm": [
        [-0.156515,0.0,-0.987676],
        [0.0,1.0,0.0],
        [0.987676,0.0,-0.156515],
        [-2346.05,1652.36,-24755.4]
      ],
      "objLayer": 0,
      "props": []
    },
    "flt_tank_spot_17": {
      "type": "Point",
      "tm": [
        [0.844863,0.0,-0.534982],
        [0.0,1.0,0.0],
        [0.534982,0.0,0.844863],
        [-2.99277,1629.93,-25433.3]
      ],
      "objLayer": 0,
      "props": []
    },
    "flt_tank_spot_18": {
      "type": "Point",
      "tm": [
        [1.0,0.0,0.0],
        [0.0,1.0,0.0],
        [0.0,0.0,1.0],
        [-82.8782,1684.63,-24503.8]
      ],
      "objLayer": 0,
      "props": []
    },
    "flt_tank_spot_19": {
      "type": "Point",
      "tm": [
        [-0.999966,0.0,-0.00824603],
        [0.0,1.0,0.0],
        [0.00824603,0.0,-0.999966],
        [3219.48,1664.84,-26037.1]
      ],
      "objLayer": 0,
      "props": []
    },
    "flt_tank_spot_20": {
      "type": "Point",
      "tm": [
        [0.377517,0.0,0.926003],
        [0.0,1.0,0.0],
        [-0.926003,0.0,0.377517],
        [2808.6,1946.29,-22034.6]
      ],
      "objLayer": 0,
      "props": []
    },
    "flt_tank_spot_21": {
      "type": "Point",
      "tm": [
        [0.311076,0.0,-0.950385],
        [0.0,1.0,0.0],
        [0.950385,0.0,0.311076],
        [-22742.2,1961.77,-19193.5]
      ],
      "objLayer": 0,
      "props": []
    },
    "flt_tank_spot_22": {
      "type": "Point",
      "tm": [
        [-0.069884,0.0,-0.997555],
        [0.0,1.0,0.0],
        [0.997555,0.0,-0.069884],
        [-21283.3,1925.74,-20642.6]
      ],
      "objLayer": 0,
      "props": []
    },
    "flt_tank_spot_23": {
      "type": "Point",
      "tm": [
        [-0.12989,0.0,-0.991528],
        [0.0,1.0,0.0],
        [0.991528,0.0,-0.12989],
        [-19570.5,1892.3,-20601.4]
      ],
      "objLayer": 0,
      "props": []
    },
    "flt_tank_spot_24": {
      "type": "Point",
      "tm": [
        [-0.991097,0.0,-0.133142],
        [0.0,1.0,0.0],
        [0.133142,0.0,-0.991097],
        [-21274.5,1875.86,-16561.2]
      ],
      "objLayer": 0,
      "props": []
    },
    "flt_tank_spot_25": {
      "type": "Point",
      "tm": [
        [0.980566,0.0,0.19619],
        [0.0,1.0,0.0],
        [-0.19619,0.0,0.980566],
        [-13114.0,1803.85,-21847.6]
      ],
      "objLayer": 0,
      "props": []
    },
    "flt_tank_spot_26": {
      "type": "Point",
      "tm": [
        [-0.339056,0.0,0.940766],
        [0.0,1.0,0.0],
        [-0.940766,0.0,-0.339056],
        [-14655.2,1788.63,-19179.5]
      ],
      "objLayer": 0,
      "props": []
    },
    "flt_tank_spot_27": {
      "type": "Point",
      "tm": [
        [1.0,0.0,0.0],
        [0.0,1.0,0.0],
        [0.0,0.0,1.0],
        [-12161.4,1744.67,-18757.5]
      ],
      "objLayer": 0,
      "props": []
    },
    "flt_tank_spot_28": {
      "type": "Point",
      "tm": [
        [0.261535,0.0,-0.965194],
        [0.0,1.0,0.0],
        [0.965194,0.0,0.261535],
        [-10537.0,1751.82,-19053.7]
      ],
      "objLayer": 0,
      "props": []
    },
    "flt_tank_spot_29": {
      "type": "Point",
      "tm": [
        [0.987929,0.0,-0.154906],
        [0.0,1.0,0.0],
        [0.154906,0.0,0.987929],
        [-5886.68,1811.08,-20440.3]
      ],
      "objLayer": 0,
      "props": []
    },
    "flt_tank_spot_30": {
      "type": "Point",
      "tm": [
        [-0.0748473,0.0,0.997195],
        [0.0,1.0,0.0],
        [-0.997195,0.0,-0.0748473],
        [-4072.91,1824.13,-19644.0]
      ],
      "objLayer": 0,
      "props": []
    },
    "flt_tank_spot_31": {
      "type": "Point",
      "tm": [
        [1.0,0.0,0.0],
        [0.0,1.0,0.0],
        [0.0,0.0,1.0],
        [-1641.52,1875.61,-18977.6]
      ],
      "objLayer": 0,
      "props": []
    },
    "flt_tank_spot_32": {
      "type": "Point",
      "tm": [
        [0.984754,0.0,0.173953],
        [0.0,1.0,0.0],
        [-0.173953,0.0,0.984754],
        [-2552.42,1863.86,-17974.2]
      ],
      "objLayer": 0,
      "props": []
    },
    "flt_tank_spot_33": {
      "type": "Point",
      "tm": [
        [0.155194,0.0,-0.987884],
        [0.0,1.0,0.0],
        [0.987884,0.0,0.155194],
        [-4047.96,1815.99,-14319.5]
      ],
      "objLayer": 0,
      "props": []
    },
    "flt_tank_spot_34": {
      "type": "Point",
      "tm": [
        [0.991982,0.0,0.126379],
        [0.0,1.0,0.0],
        [-0.126379,0.0,0.991982],
        [-2902.17,1854.59,-14012.2]
      ],
      "objLayer": 0,
      "props": []
    },
    "flt_tank_spot_35": {
      "type": "Point",
      "tm": [
        [-0.331735,0.0,0.943373],
        [0.0,1.0,0.0],
        [-0.943373,0.0,-0.331735],
        [941.9,1989.4,-15493.4]
      ],
      "objLayer": 0,
      "props": []
    },
    "flt_tank_spot_36": {
      "type": "Point",
      "tm": [
        [-0.848959,0.0,-0.528459],
        [0.0,1.0,0.0],
        [0.528459,0.0,-0.848959],
        [-1994.93,1877.93,-16203.1]
      ],
      "objLayer": 0,
      "props": []
    },
    "flt_tank_spot_37": {
      "type": "Point",
      "tm": [
        [-0.188402,0.0,-0.982092],
        [0.0,1.0,0.0],
        [0.982092,0.0,-0.188402],
        [-8475.04,1575.42,-13469.3]
      ],
      "objLayer": 0,
      "props": []
    },
    "flt_tank_spot_38": {
      "type": "Point",
      "tm": [
        [0.00989497,0.0,0.999951],
        [0.0,1.0,0.0],
        [-0.999951,0.0,0.00989497],
        [-8521.32,1573.91,-13537.9]
      ],
      "objLayer": 0,
      "props": []
    },
    "flt_tank_spot_39": {
      "type": "Point",
      "tm": [
        [0.103675,0.0,0.994611],
        [0.0,1.0,0.0],
        [-0.994611,0.0,0.103675],
        [-8247.56,1566.33,-13189.8]
      ],
      "objLayer": 0,
      "props": []
    },
    "flt_tank_spot_40": {
      "type": "Point",
      "tm": [
        [-0.989992,0.0,-0.141124],
        [0.0,1.0,0.0],
        [0.141124,0.0,-0.989992],
        [-8099.52,1553.66,-13413.9]
      ],
      "objLayer": 0,
      "props": []
    },
    "flt_tank_spot_41": {
      "type": "Point",
      "tm": [
        [0.048196,0.0,0.998838],
        [0.0,1.0,0.0],
        [-0.998838,0.0,0.048196],
        [-16963.2,1721.59,-14099.9]
      ],
      "objLayer": 0,
      "props": []
    },
    "flt_tank_spot_42": {
      "type": "Point",
      "tm": [
        [0.06903,0.0,0.997615],
        [0.0,1.0,0.0],
        [-0.997615,0.0,0.06903],
        [-16404.5,1662.77,-11983.7]
      ],
      "objLayer": 0,
      "props": []
    },
    "flt_tank_spot_43": {
      "type": "Point",
      "tm": [
        [0.338283,0.0,0.941044],
        [0.0,1.0,0.0],
        [-0.941044,0.0,0.338283],
        [-16167.0,1685.64,-10638.2]
      ],
      "objLayer": 0,
      "props": []
    },
    "flt_tank_spot_44": {
      "type": "Point",
      "tm": [
        [-0.69246,0.0,0.721456],
        [0.0,1.0,0.0],
        [-0.721456,0.0,-0.69246],
        [-15923.7,1673.2,-8159.27]
      ],
      "objLayer": 0,
      "props": []
    },
    "flt_tank_spot_45": {
      "type": "Point",
      "tm": [
        [0.0922312,0.0,0.995738],
        [0.0,1.0,0.0],
        [-0.995738,0.0,0.0922312],
        [-22747.4,1971.76,-14011.6]
      ],
      "objLayer": 0,
      "props": []
    },
    "flt_tank_spot_46": {
      "type": "Point",
      "tm": [
        [0.036481,0.0,0.999334],
        [0.0,1.0,0.0],
        [-0.999334,0.0,0.036481],
        [-23076.4,2048.47,-11969.4]
      ],
      "objLayer": 0,
      "props": []
    },
    "flt_tank_spot_47": {
      "type": "Point",
      "tm": [
        [0.705824,0.0,0.708387],
        [0.0,1.0,0.0],
        [-0.708387,0.0,0.705824],
        [-20130.6,1900.29,-13285.9]
      ],
      "objLayer": 0,
      "props": []
    },
    "flt_tank_spot_48": {
      "type": "Point",
      "tm": [
        [-0.994344,0.0,-0.106205],
        [0.0,1.0,0.0],
        [0.106205,0.0,-0.994344],
        [-19262.4,1879.29,-10742.4]
      ],
      "objLayer": 0,
      "props": []
    },
    "flt_tank_spot_49": {
      "type": "Point",
      "tm": [
        [1.0,0.0,0.0],
        [0.0,1.0,0.0],
        [0.0,0.0,1.0],
        [-27149.3,2266.85,-16690.5]
      ],
      "objLayer": 0,
      "props": []
    },
    "flt_tank_spot_50": {
      "type": "Point",
      "tm": [
        [0.1227,0.0,0.992444],
        [0.0,1.0,0.0],
        [-0.992444,0.0,0.1227],
        [-27321.3,2302.36,-16597.2]
      ],
      "objLayer": 0,
      "props": []
    },
    "flt_tank_spot_51": {
      "type": "Point",
      "tm": [
        [-0.0633241,0.0,-0.997993],
        [0.0,1.0,0.0],
        [0.997993,0.0,-0.0633241],
        [-25783.7,2222.6,-10983.4]
      ],
      "objLayer": 0,
      "props": []
    },
    "flt_tank_spot_52": {
      "type": "Point",
      "tm": [
        [0.0169973,0.0,0.999856],
        [0.0,1.0,0.0],
        [-0.999856,0.0,0.0169973],
        [-25738.2,2227.94,-10859.7]
      ],
      "objLayer": 0,
      "props": []
    },
    "flt_tank_spot_53": {
      "type": "Point",
      "tm": [
        [-0.989592,0.0,-0.143902],
        [0.0,1.0,0.0],
        [0.143902,0.0,-0.989592],
        [-18592.4,1768.11,-3167.89]
      ],
      "objLayer": 0,
      "props": []
    },
    "flt_tank_spot_54": {
      "type": "Point",
      "tm": [
        [0.978162,0.0,0.207846],
        [0.0,1.0,0.0],
        [-0.207846,0.0,0.978162],
        [-18188.0,1734.28,-2876.01]
      ],
      "objLayer": 0,
      "props": []
    },
    "flt_tank_spot_55": {
      "type": "Point",
      "tm": [
        [0.920198,0.0,0.391453],
        [0.0,1.0,0.0],
        [-0.391453,0.0,0.920198],
        [-13061.8,1612.75,-4792.9]
      ],
      "objLayer": 0,
      "props": []
    },
    "flt_tank_spot_56": {
      "type": "Point",
      "tm": [
        [0.0589616,0.0,0.99826],
        [0.0,1.0,0.0],
        [-0.99826,0.0,0.0589616],
        [-13643.0,1601.34,-981.858]
      ],
      "objLayer": 0,
      "props": []
    },
    "flt_tank_spot_57": {
      "type": "Point",
      "tm": [
        [0.480469,0.0,-0.877012],
        [0.0,1.0,0.0],
        [0.877012,0.0,0.480469],
        [-4655.56,1649.18,1194.77]
      ],
      "objLayer": 0,
      "props": []
    },
    "flt_tank_spot_58": {
      "type": "Point",
      "tm": [
        [0.879171,0.0,0.476507],
        [0.0,1.0,0.0],
        [-0.476507,0.0,0.879171],
        [-6753.56,1545.44,2011.1]
      ],
      "objLayer": 0,
      "props": []
    },
    "flt_tank_spot_59": {
      "type": "Point",
      "tm": [
        [0.24298,0.0,0.970031],
        [0.0,1.0,0.0],
        [-0.970031,0.0,0.24298],
        [-1732.01,1622.69,4465.38]
      ],
      "objLayer": 0,
      "props": []
    },
    "flt_tank_spot_60": {
      "type": "Point",
      "tm": [
        [0.984751,0.0,-0.173967],
        [0.0,1.0,0.0],
        [0.173967,0.0,0.984751],
        [-6738.1,1520.95,4458.11]
      ],
      "objLayer": 0,
      "props": []
    },
    "flt_tank_spot_61": {
      "type": "Point",
      "tm": [
        [-0.0435054,0.0,0.999053],
        [0.0,1.0,0.0],
        [-0.999053,0.0,-0.0435054],
        [-13034.2,1592.58,2520.31]
      ],
      "objLayer": 0,
      "props": []
    },
    "flt_tank_spot_62": {
      "type": "Point",
      "tm": [
        [0.0600815,0.0,0.998194],
        [0.0,1.0,0.0],
        [-0.998194,0.0,0.0600815],
        [-11560.9,1565.65,1666.94]
      ],
      "objLayer": 0,
      "props": []
    },
    "flt_tank_spot_63": {
      "type": "Point",
      "tm": [
        [-0.00884907,0.0,0.999961],
        [0.0,1.0,0.0],
        [-0.999961,0.0,-0.00884907],
        [-13592.2,1610.64,4594.36]
      ],
      "objLayer": 0,
      "props": []
    },
    "flt_tank_spot_64": {
      "type": "Point",
      "tm": [
        [-0.810922,0.0,-0.585155],
        [0.0,1.0,0.0],
        [0.585155,0.0,-0.810922],
        [-11088.2,1571.4,6511.22]
      ],
      "objLayer": 0,
      "props": []
    },
    "flt_tank_spot_65": {
      "type": "Point",
      "tm": [
        [0.101637,0.0,0.994821],
        [0.0,1.0,0.0],
        [-0.994821,0.0,0.101637],
        [-14885.9,1635.88,9176.08]
      ],
      "objLayer": 0,
      "props": []
    },
    "flt_tank_spot_66": {
      "type": "Point",
      "tm": [
        [1.0,0.0,0.0],
        [0.0,1.0,0.0],
        [0.0,0.0,1.0],
        [-14869.7,1631.11,9322.4]
      ],
      "objLayer": 0,
      "props": []
    },
    "flt_tank_spot_67": {
      "type": "Point",
      "tm": [
        [1.0,0.0,0.0],
        [0.0,1.0,0.0],
        [0.0,0.0,1.0],
        [-15832.2,1578.31,10658.4]
      ],
      "objLayer": 0,
      "props": []
    },
    "flt_tank_spot_68": {
      "type": "Point",
      "tm": [
        [0.216948,0.0,-0.976183],
        [0.0,1.0,0.0],
        [0.976183,0.0,0.216948],
        [-16132.2,1618.91,9568.02]
      ],
      "objLayer": 0,
      "props": []
    },
    "flt_tank_spot_69": {
      "type": "Point",
      "tm": [
        [0.0330218,0.0,0.999455],
        [0.0,1.0,0.0],
        [-0.999455,0.0,0.0330218],
        [-13046.4,1589.81,9856.76]
      ],
      "objLayer": 0,
      "props": []
    },
    "flt_tank_spot_70": {
      "type": "Point",
      "tm": [
        [-0.610942,0.0,0.791675],
        [0.0,1.0,0.0],
        [-0.791675,0.0,-0.610942],
        [-10035.4,1560.65,8855.47]
      ],
      "objLayer": 0,
      "props": []
    },
    "flt_tank_spot_71": {
      "type": "Point",
      "tm": [
        [0.979116,0.0,0.203301],
        [0.0,1.0,0.0],
        [-0.203301,0.0,0.979116],
        [-12687.3,1576.47,12576.3]
      ],
      "objLayer": 0,
      "props": []
    },
    "flt_tank_spot_72": {
      "type": "Point",
      "tm": [
        [1.0,0.0,0.0],
        [0.0,1.0,0.0],
        [0.0,0.0,1.0],
        [-7947.16,1533.05,12959.5]
      ],
      "objLayer": 0,
      "props": []
    },
    "flt_tank_spot_73": {
      "type": "Point",
      "tm": [
        [0.985544,0.0,-0.169421],
        [0.0,1.0,0.0],
        [0.169421,0.0,0.985544],
        [-2532.07,1534.06,10700.2]
      ],
      "objLayer": 0,
      "props": []
    },
    "flt_tank_spot_74": {
      "type": "Point",
      "tm": [
        [-0.996303,0.0,0.0859032],
        [0.0,1.0,0.0],
        [-0.0859032,0.0,-0.996303],
        [-3407.71,1529.56,13662.2]
      ],
      "objLayer": 0,
      "props": []
    },
    "flt_tank_spot_75": {
      "type": "Point",
      "tm": [
        [0.878738,0.0,0.477305],
        [0.0,1.0,0.0],
        [-0.477305,0.0,0.878738],
        [-5860.36,1532.78,11530.1]
      ],
      "objLayer": 0,
      "props": []
    },
    "flt_tank_spot_76": {
      "type": "Point",
      "tm": [
        [0.869001,0.0,0.494811],
        [0.0,1.0,0.0],
        [-0.494811,0.0,0.869001],
        [-5595.75,1519.02,13843.0]
      ],
      "objLayer": 0,
      "props": []
    },
    "flt_tank_spot_77": {
      "type": "Point",
      "tm": [
        [0.0805215,0.0,0.996753],
        [0.0,1.0,0.0],
        [-0.996753,0.0,0.0805215],
        [-12009.2,1568.34,14512.6]
      ],
      "objLayer": 0,
      "props": []
    },
    "flt_tank_spot_78": {
      "type": "Point",
      "tm": [
        [0.990287,0.0,-0.139041],
        [0.0,1.0,0.0],
        [0.139041,0.0,0.990287],
        [-13376.8,1607.51,16172.9]
      ],
      "objLayer": 0,
      "props": []
    },
    "flt_tank_spot_79": {
      "type": "Point",
      "tm": [
        [0.986957,0.0,-0.160983],
        [0.0,1.0,0.0],
        [0.160983,0.0,0.986957],
        [-13003.5,1603.78,16297.9]
      ],
      "objLayer": 0,
      "props": []
    },
    "flt_tank_spot_80": {
      "type": "Point",
      "tm": [
        [-0.992438,0.0,0.12275],
        [0.0,1.0,0.0],
        [-0.12275,0.0,-0.992438],
        [-12956.3,1577.19,14781.9]
      ],
      "objLayer": 0,
      "props": []
    },
    "flt_tank_spot_81": {
      "type": "Point",
      "tm": [
        [0.0755906,0.0,0.997139],
        [0.0,1.0,0.0],
        [-0.997139,0.0,0.0755906],
        [-8590.72,1550.47,15639.6]
      ],
      "objLayer": 0,
      "props": []
    },
    "flt_tank_spot_82": {
      "type": "Point",
      "tm": [
        [-0.904325,0.0,0.426845],
        [0.0,1.0,0.0],
        [-0.426845,0.0,-0.904325],
        [-10282.8,1605.55,18319.1]
      ],
      "objLayer": 0,
      "props": []
    },
    "flt_tank_spot_83": {
      "type": "Point",
      "tm": [
        [-0.241075,0.0,0.970506],
        [0.0,1.0,0.0],
        [-0.970506,0.0,-0.241075],
        [-5412.13,1540.31,16213.5]
      ],
      "objLayer": 0,
      "props": []
    },
    "flt_tank_spot_84": {
      "type": "Point",
      "tm": [
        [-0.987831,0.0,0.155531],
        [0.0,1.0,0.0],
        [-0.155531,0.0,-0.987831],
        [-5841.46,1531.67,18017.5]
      ],
      "objLayer": 0,
      "props": []
    },
    "flt_tank_spot_85": {
      "type": "Point",
      "tm": [
        [1.0,0.0,0.0],
        [0.0,1.0,0.0],
        [0.0,0.0,1.0],
        [8377.2,1519.11,9880.12]
      ],
      "objLayer": 0,
      "props": []
    },
    "flt_tank_spot_86": {
      "type": "Point",
      "tm": [
        [-0.998388,0.0,-0.0567503],
        [0.0,1.0,0.0],
        [0.0567503,0.0,-0.998388],
        [8179.97,1520.23,9930.63]
      ],
      "objLayer": 0,
      "props": []
    },
    "flt_tank_spot_87": {
      "type": "Point",
      "tm": [
        [0.994685,0.0,-0.10296],
        [0.0,1.0,0.0],
        [0.10296,0.0,0.994685],
        [9626.24,1519.25,9483.3]
      ],
      "objLayer": 0,
      "props": []
    },
    "flt_tank_spot_88": {
      "type": "Point",
      "tm": [
        [1.0,0.0,0.0],
        [0.0,1.0,0.0],
        [0.0,0.0,1.0],
        [9741.33,1520.28,9424.45]
      ],
      "objLayer": 0,
      "props": []
    },
    "flt_tank_spot_89": {
      "type": "Point",
      "tm": [
        [0.165955,0.0,0.986133],
        [0.0,1.0,0.0],
        [-0.986133,0.0,0.165955],
        [5571.78,1511.36,14634.5]
      ],
      "objLayer": 0,
      "props": []
    },
    "flt_tank_spot_90": {
      "type": "Point",
      "tm": [
        [-0.992246,0.0,-0.124286],
        [0.0,1.0,0.0],
        [0.124286,0.0,-0.992246],
        [5553.15,1515.35,14767.2]
      ],
      "objLayer": 0,
      "props": []
    },
    "flt_tank_spot_91": {
      "type": "Point",
      "tm": [
        [0.0914649,0.0,0.995808],
        [0.0,1.0,0.0],
        [-0.995808,0.0,0.0914649],
        [3802.73,1552.01,17459.5]
      ],
      "objLayer": 0,
      "props": []
    },
    "flt_tank_spot_92": {
      "type": "Point",
      "tm": [
        [0.983108,0.0,-0.183024],
        [0.0,1.0,0.0],
        [0.183024,0.0,0.983108],
        [3487.95,1554.33,17712.7]
      ],
      "objLayer": 0,
      "props": []
    },
    "flt_tank_spot_93": {
      "type": "Point",
      "tm": [
        [1.0,0.0,0.0],
        [0.0,1.0,0.0],
        [0.0,0.0,1.0],
        [-26291.8,1622.64,19719.8]
      ],
      "objLayer": 0,
      "props": []
    },
    "flt_tank_spot_94": {
      "type": "Point",
      "tm": [
        [-0.140052,0.0,-0.990144],
        [0.0,1.0,0.0],
        [0.990144,0.0,-0.140052],
        [-25991.2,1610.01,19642.5]
      ],
      "objLayer": 0,
      "props": []
    },
    "flt_tank_spot_95": {
      "type": "Point",
      "tm": [
        [0.0476218,0.0,0.998865],
        [0.0,1.0,0.0],
        [-0.998865,0.0,0.0476218],
        [-25979.6,1618.41,19784.5]
      ],
      "objLayer": 0,
      "props": []
    },
    "flt_tank_spot_96": {
      "type": "Point",
      "tm": [
        [0.987827,0.0,-0.155556],
        [0.0,1.0,0.0],
        [0.155556,0.0,0.987827],
        [-25832.7,1621.98,19802.4]
      ],
      "objLayer": 0,
      "props": []
    },
    "flt_tank_spot_97": {
      "type": "Point",
      "tm": [
        [0.405488,0.0,-0.9141],
        [0.0,1.0,0.0],
        [0.9141,0.0,0.405488],
        [-9785.13,1620.28,22046.1]
      ],
      "objLayer": 0,
      "props": []
    },
    "flt_tank_spot_98": {
      "type": "Point",
      "tm": [
        [0.999162,0.0,0.0409193],
        [0.0,1.0,0.0],
        [-0.0409193,0.0,0.999162],
        [-9525.51,1611.41,22604.6]
      ],
      "objLayer": 0,
      "props": []
    },
    "flt_tank_spot_99": {
      "type": "Point",
      "tm": [
        [1.0,0.0,0.0],
        [0.0,1.0,0.0],
        [0.0,0.0,1.0],
        [-7991.13,1516.44,24161.5]
      ],
      "objLayer": 0,
      "props": []
    },
    "flt_tank_spot_100": {
      "type": "Point",
      "tm": [
        [-0.522181,0.0,0.852834],
        [0.0,1.0,0.0],
        [-0.852834,0.0,-0.522181],
        [-6247.01,1531.34,23106.5]
      ],
      "objLayer": 0,
      "props": []
    },
    "flt_tank_spot_101": {
      "type": "Point",
      "tm": [
        [0.39965,0.0,-0.916668],
        [0.0,1.0,0.0],
        [0.916668,0.0,0.39965],
        [-6669.1,1714.56,27287.3]
      ],
      "objLayer": 0,
      "props": []
    },
    "flt_tank_spot_102": {
      "type": "Point",
      "tm": [
        [1.0,0.0,0.0],
        [0.0,1.0,0.0],
        [0.0,0.0,1.0],
        [-6310.05,1751.32,28459.7]
      ],
      "objLayer": 0,
      "props": []
    },
    "flt_tank_spot_103": {
      "type": "Point",
      "tm": [
        [0.971365,0.0,-0.237591],
        [0.0,1.0,0.0],
        [0.237591,0.0,0.971365],
        [-2903.29,1581.56,29006.3]
      ],
      "objLayer": 0,
      "props": []
    },
    "flt_tank_spot_104": {
      "type": "Point",
      "tm": [
        [0.976238,0.0,-0.2167],
        [0.0,1.0,0.0],
        [0.2167,0.0,0.976238],
        [-428.965,1622.17,27708.5]
      ],
      "objLayer": 0,
      "props": []
    },
    "flt_tank_spot_105": {
      "type": "Point",
      "tm": [
        [0.797803,0.0,-0.602919],
        [0.0,1.0,0.0],
        [0.602919,0.0,0.797803],
        [25.0156,1643.83,23690.3]
      ],
      "objLayer": 0,
      "props": []
    },
    "flt_tank_spot_106": {
      "type": "Point",
      "tm": [
        [0.871772,0.0,-0.489911],
        [0.0,1.0,0.0],
        [0.489911,0.0,0.871772],
        [-226.365,1607.9,21322.5]
      ],
      "objLayer": 0,
      "props": []
    },
    "flt_tank_spot_107": {
      "type": "Point",
      "tm": [
        [-0.999245,0.0,0.0388564],
        [0.0,1.0,0.0],
        [-0.0388564,0.0,-0.999245],
        [2535.44,1647.86,24094.4]
      ],
      "objLayer": 0,
      "props": []
    },
    "flt_tank_spot_108": {
      "type": "Point",
      "tm": [
        [-0.988774,0.0,-0.149418],
        [0.0,1.0,0.0],
        [0.149418,0.0,-0.988774],
        [3437.42,1622.06,21769.1]
      ],
      "objLayer": 0,
      "props": []
    },
    "flt_tank_spot_114": {
      "type": "Point",
      "tm": [
        [0.0354843,0.0,-0.99937],
        [0.0,1.0,0.0],
        [0.99937,0.0,0.0354843],
        [22486.8,1780.53,12783.1]
      ],
      "objLayer": 0,
      "props": []
    },
    "flt_tank_spot_113": {
      "type": "Point",
      "tm": [
        [-0.0195231,0.0,0.999809],
        [0.0,1.0,0.0],
        [-0.999809,0.0,-0.0195231],
        [22650.7,1788.6,12695.5]
      ],
      "objLayer": 0,
      "props": []
    },
    "flt_tank_spot_115": {
      "type": "Point",
      "tm": [
        [0.994374,0.0,-0.105925],
        [0.0,1.0,0.0],
        [0.105925,0.0,0.994374],
        [22659.8,1804.28,12340.5]
      ],
      "objLayer": 0,
      "props": []
    },
    "flt_tank_spot_116": {
      "type": "Point",
      "tm": [
        [-0.999985,0.0,-0.00553921],
        [0.0,1.0,0.0],
        [0.00553921,0.0,-0.999985],
        [22784.8,1806.88,12282.8]
      ],
      "objLayer": 0,
      "props": []
    },
    "flt_tank_spot_117": {
      "type": "Point",
      "tm": [
        [-0.067112,0.0,-0.997745],
        [0.0,1.0,0.0],
        [0.997745,0.0,-0.067112],
        [26333.9,1569.33,6724.67]
      ],
      "objLayer": 0,
      "props": []
    },
    "flt_tank_spot_118": {
      "type": "Point",
      "tm": [
        [1.0,0.0,0.0],
        [0.0,1.0,0.0],
        [0.0,0.0,1.0],
        [26467.6,1563.28,6300.82]
      ],
      "objLayer": 0,
      "props": []
    },
    "flt_tank_spot_119": {
      "type": "Point",
      "tm": [
        [1.0,0.0,0.0],
        [0.0,1.0,0.0],
        [0.0,0.0,1.0],
        [30934.8,1643.5,4656.21]
      ],
      "objLayer": 0,
      "props": []
    },
    "flt_tank_spot_120": {
      "type": "Point",
      "tm": [
        [-0.923842,0.0,-0.382773],
        [0.0,1.0,0.0],
        [0.382773,0.0,-0.923842],
        [31250.6,1667.41,4646.62]
      ],
      "objLayer": 0,
      "props": []
    },
    "flt_tank_spot_110": {
      "type": "Point",
      "tm": [
        [0.246854,0.0,0.969053],
        [0.0,1.0,0.0],
        [-0.969053,0.0,0.246854],
        [29428.4,1561.5,-4699.62]
      ],
      "objLayer": 0,
      "props": []
    },
    "flt_tank_spot_109": {
      "type": "Point",
      "tm": [
        [-0.13722,0.0,-0.990541],
        [0.0,1.0,0.0],
        [0.990541,0.0,-0.13722],
        [29472.9,1559.74,-4853.36]
      ],
      "objLayer": 0,
      "props": []
    },
    "flt_tank_spot_112": {
      "type": "Point",
      "tm": [
        [0.119383,0.0,-0.992848],
        [0.0,1.0,0.0],
        [0.992848,0.0,0.119383],
        [29854.8,1576.48,-7601.44]
      ],
      "objLayer": 0,
      "props": []
    },
    "flt_tank_spot_111": {
      "type": "Point",
      "tm": [
        [-0.103736,0.0,0.994605],
        [0.0,1.0,0.0],
        [-0.994605,0.0,-0.103736],
        [29913.7,1608.8,-10045.4]
      ],
      "objLayer": 0,
      "props": []
    }
  },
  "objLayers": [
    {
      "layer": {
        "enabled": true
      }
    },
    {
      "layer": {
        "enabled": true
      }
    },
    {
      "layer": {
        "enabled": true
      }
    },
    {
      "layer": {
        "enabled": true
      }
    }
  ],
  "wayPoints": {
    "flt_tank_road_01": {
      "closed_waypoints": false,
      "isShipSpline": false,
      "shipTurnRadius": 100.0,
      "way": {
        "flt_tank_road_01_wp_01": {
          "type": "normal",
          "tm": [
            [1.0,0.0,0.0],
            [0.0,1.0,0.0],
            [0.0,0.0,1.0],
            [-30310.1,2221.15,-29342.1]
          ],
          "props": {
            "speed": 30.0,
            "tas": false,
            "moveType": "GATHER_TO",
            "shouldKeepFormation": false,
            "canUsePathFinder": false
          }
        },
        "flt_tank_road_01_wp_02": {
          "type": "normal",
          "tm": [
            [1.0,0.0,0.0],
            [0.0,1.0,0.0],
            [0.0,0.0,1.0],
            [-29989.5,2215.74,-29033.0]
          ],
          "props": {
            "speed": 30.0,
            "tas": false,
            "moveType": "USE_SPLINES",
            "shouldKeepFormation": false,
            "canUsePathFinder": false
          }
        },
        "flt_tank_road_01_wp_03": {
          "type": "normal",
          "tm": [
            [1.0,0.0,0.0],
            [0.0,1.0,0.0],
            [0.0,0.0,1.0],
            [-30089.6,2220.33,-29025.3]
          ],
          "props": {
            "speed": 30.0,
            "tas": false,
            "moveType": "USE_SPLINES",
            "shouldKeepFormation": false,
            "canUsePathFinder": false
          }
        },
        "flt_tank_road_01_wp_04": {
          "type": "normal",
          "tm": [
            [1.0,0.0,0.0],
            [0.0,1.0,0.0],
            [0.0,0.0,1.0],
            [-29988.8,2224.22,-28745.2]
          ],
          "props": {
            "speed": 30.0,
            "tas": false,
            "moveType": "USE_SPLINES",
            "shouldKeepFormation": false,
            "canUsePathFinder": false
          }
        },
        "flt_tank_road_01_wp_05": {
          "type": "normal",
          "tm": [
            [1.0,0.0,0.0],
            [0.0,1.0,0.0],
            [0.0,0.0,1.0],
            [-29962.2,2223.1,-28744.2]
          ],
          "props": {
            "speed": 30.0,
            "tas": false,
            "moveType": "USE_SPLINES",
            "shouldKeepFormation": false,
            "canUsePathFinder": false
          }
        },
        "flt_tank_road_01_wp_06": {
          "type": "normal",
          "tm": [
            [1.0,0.0,0.0],
            [0.0,1.0,0.0],
            [0.0,0.0,1.0],
            [-29988.1,2215.7,-29032.1]
          ],
          "props": {
            "speed": 30.0,
            "tas": false,
            "moveType": "USE_SPLINES",
            "shouldKeepFormation": false,
            "canUsePathFinder": false
          }
        },
        "flt_tank_road_01_wp_07": {
          "type": "normal",
          "tm": [
            [1.0,0.0,0.0],
            [0.0,1.0,0.0],
            [0.0,0.0,1.0],
            [-30089.2,2220.35,-29024.2]
          ],
          "props": {
            "speed": 30.0,
            "tas": false,
            "moveType": "USE_SPLINES",
            "shouldKeepFormation": false,
            "canUsePathFinder": false
          }
        },
        "flt_tank_road_01_wp_08": {
          "type": "normal",
          "tm": [
            [1.0,0.0,0.0],
            [0.0,1.0,0.0],
            [0.0,0.0,1.0],
            [-30344.0,2231.36,-29028.0]
          ],
          "props": {
            "speed": 30.0,
            "tas": false,
            "moveType": "USE_SPLINES",
            "shouldKeepFormation": false,
            "canUsePathFinder": false
          }
        },
        "flt_tank_road_01_wp_09": {
          "type": "normal",
          "tm": [
            [1.0,0.0,0.0],
            [0.0,1.0,0.0],
            [0.0,0.0,1.0],
            [-30397.5,2233.77,-29025.1]
          ],
          "props": {
            "speed": 30.0,
            "tas": false,
            "moveType": "USE_SPLINES",
            "shouldKeepFormation": false,
            "canUsePathFinder": false
          }
        },
        "flt_tank_road_01_wp_10": {
          "type": "normal",
          "tm": [
            [1.0,0.0,0.0],
            [0.0,1.0,0.0],
            [0.0,0.0,1.0],
            [-29988.2,2224.16,-28746.3]
          ],
          "props": {
            "speed": 30.0,
            "tas": false,
            "moveType": "USE_SPLINES",
            "shouldKeepFormation": false,
            "canUsePathFinder": false
          }
        },
        "flt_tank_road_01_wp_11": {
          "type": "normal",
          "tm": [
            [1.0,0.0,0.0],
            [0.0,1.0,0.0],
            [0.0,0.0,1.0],
            [-30088.5,2220.29,-29025.3]
          ],
          "props": {
            "speed": 30.0,
            "tas": false,
            "moveType": "USE_SPLINES",
            "shouldKeepFormation": false,
            "canUsePathFinder": false
          }
        },
        "flt_tank_road_01_wp_12": {
          "type": "normal",
          "tm": [
            [1.0,0.0,0.0],
            [0.0,1.0,0.0],
            [0.0,0.0,1.0],
            [-29988.1,2215.69,-29032.3]
          ],
          "props": {
            "speed": 30.0,
            "tas": false,
            "moveType": "USE_SPLINES",
            "shouldKeepFormation": false,
            "canUsePathFinder": false
          }
        },
        "flt_tank_road_01_wp_13": {
          "type": "normal",
          "tm": [
            [1.0,0.0,0.0],
            [0.0,1.0,0.0],
            [0.0,0.0,1.0],
            [-30342.3,2215.68,-29593.6]
          ],
          "props": {
            "speed": 30.0,
            "tas": false,
            "moveType": "USE_SPLINES",
            "shouldKeepFormation": false,
            "canUsePathFinder": false
          }
        },
        "flt_tank_road_01_wp_14": {
          "type": "normal",
          "tm": [
            [1.0,0.0,0.0],
            [0.0,1.0,0.0],
            [0.0,0.0,1.0],
            [-30343.1,2231.34,-29027.1]
          ],
          "props": {
            "speed": 30.0,
            "tas": false,
            "moveType": "USE_SPLINES",
            "shouldKeepFormation": false,
            "canUsePathFinder": false
          }
        },
        "flt_tank_road_01_wp_15": {
          "type": "normal",
          "tm": [
            [1.0,0.0,0.0],
            [0.0,1.0,0.0],
            [0.0,0.0,1.0],
            [-30397.1,2233.76,-29025.2]
          ],
          "props": {
            "speed": 30.0,
            "tas": false,
            "moveType": "USE_SPLINES",
            "shouldKeepFormation": false,
            "canUsePathFinder": false
          }
        },
        "flt_tank_road_01_wp_16": {
          "type": "normal",
          "tm": [
            [1.0,0.0,0.0],
            [0.0,1.0,0.0],
            [0.0,0.0,1.0],
            [-30342.0,2215.65,-29594.2]
          ],
          "props": {
            "speed": 30.0,
            "tas": false,
            "moveType": "USE_SPLINES",
            "shouldKeepFormation": false,
            "canUsePathFinder": false
          }
        },
        "flt_tank_road_01_wp_17": {
          "type": "normal",
          "tm": [
            [1.0,0.0,0.0],
            [0.0,1.0,0.0],
            [0.0,0.0,1.0],
            [-30126.6,2186.97,-30214.3]
          ],
          "props": {
            "speed": 30.0,
            "tas": false,
            "moveType": "USE_SPLINES",
            "shouldKeepFormation": false,
            "canUsePathFinder": false
          }
        },
        "flt_tank_road_01_wp_18": {
          "type": "normal",
          "tm": [
            [1.0,0.0,0.0],
            [0.0,1.0,0.0],
            [0.0,0.0,1.0],
            [-29918.3,2180.13,-30143.1]
          ],
          "props": {
            "speed": 30.0,
            "tas": false,
            "moveType": "MOVETO_STRAIGHT",
            "shouldKeepFormation": false,
            "canUsePathFinder": false
          }
        }
      }
    },
    "flt_tank_road_02": {
      "closed_waypoints": false,
      "isShipSpline": false,
      "shipTurnRadius": 100.0,
      "way": {
        "flt_tank_road_02_wp_01": {
          "type": "normal",
          "tm": [
            [1.0,0.0,0.0],
            [0.0,1.0,0.0],
            [0.0,0.0,1.0],
            [-30348.4,2223.33,-29324.7]
          ],
          "props": {
            "speed": 30.0,
            "tas": false,
            "moveType": "GATHER_TO",
            "shouldKeepFormation": false,
            "canUsePathFinder": false
          }
        },
        "flt_tank_road_02_wp_02": {
          "type": "normal",
          "tm": [
            [1.0,0.0,0.0],
            [0.0,1.0,0.0],
            [0.0,0.0,1.0],
            [-30342.0,2215.65,-29594.4]
          ],
          "props": {
            "speed": 30.0,
            "tas": false,
            "moveType": "USE_SPLINES",
            "shouldKeepFormation": false,
            "canUsePathFinder": false
          }
        },
        "flt_tank_road_02_wp_03": {
          "type": "normal",
          "tm": [
            [1.0,0.0,0.0],
            [0.0,1.0,0.0],
            [0.0,0.0,1.0],
            [-30396.7,2233.76,-29024.6]
          ],
          "props": {
            "speed": 30.0,
            "tas": false,
            "moveType": "USE_SPLINES",
            "shouldKeepFormation": false,
            "canUsePathFinder": false
          }
        },
        "flt_tank_road_02_wp_04": {
          "type": "normal",
          "tm": [
            [1.0,0.0,0.0],
            [0.0,1.0,0.0],
            [0.0,0.0,1.0],
            [-30343.9,2231.38,-29027.2]
          ],
          "props": {
