{
  "selected_tag": "",
  "bin_dump_file": "",
  "mission_settings": {
    "player": {
      "army": 1
    },
    "player_teamB": {
      "army": 2
    },
    "mission": {
      "level": "levels/air_smolensk.bin",
      "type": "domination",
      "environment": "Day",
      "weather": "hazy",
      "restoreType": "attempts",
      "optionalTakeOff": false
    }
  },
  "imports": {
    "import_record": [
      {
        "file": "gameData/missions/templates/enduring_confrontation/bdt_bases_destroy_template.blk",
        "importAreas": true,
        "importUnits": true,
        "importTriggers": true,
        "importMissionObjectives": true,
        "importWayPoints": true,
        "showAreas": true,
        "showUnits": true,
        "showTriggers": true,
        "showMissionObjectives": true,
        "showWayPoints": true,
        "excludes": {}
      },
      {
        "file": "gameData/missions/templates/units_sets/land_sets_aaa_bases/bdt_t1_ussr_rank_01.blk",
        "rankRange": [
          0,
          4
        ],
        "importAreas": true,
        "importUnits": true,
        "importTriggers": true,
        "importMissionObjectives": true,
        "importWayPoints": true,
        "showAreas": true,
        "showUnits": true,
        "showTriggers": true,
        "showMissionObjectives": true,
        "showWayPoints": true,
        "excludes": {}
      },
      {
        "file": "gameData/missions/templates/units_sets/land_sets_aaa_bases/bdt_t1_ussr_rank_02.blk",
        "rankRange": [
          5,
          8
        ],
        "importAreas": true,
        "importUnits": true,
        "importTriggers": true,
        "importMissionObjectives": true,
        "importWayPoints": true,
        "showAreas": true,
        "showUnits": true,
        "showTriggers": true,
        "showMissionObjectives": true,
        "showWayPoints": true,
        "excludes": {}
      },
      {
        "file": "gameData/missions/templates/units_sets/land_sets_aaa_bases/bdt_t1_ussr_rank_03.blk",
        "rankRange": [
          9,
          13
        ],
        "importAreas": true,
        "importUnits": true,
        "importTriggers": true,
        "importMissionObjectives": true,
        "importWayPoints": true,
        "showAreas": true,
        "showUnits": true,
        "showTriggers": true,
        "showMissionObjectives": true,
        "showWayPoints": true,
        "excludes": {}
      },
      {
        "file": "gameData/missions/templates/units_sets/land_sets_aaa_bases/bdt_t1_ussr_rank_04.blk",
        "rankRange": [
          14,
          19
        ],
        "importAreas": true,
        "importUnits": true,
        "importTriggers": true,
        "importMissionObjectives": true,
        "importWayPoints": true,
        "showAreas": true,
        "showUnits": true,
        "showTriggers": true,
        "showMissionObjectives": true,
        "showWayPoints": true,
        "excludes": {}
      },
      {
        "file": "gameData/missions/templates/units_sets/land_sets_aaa_bases/bdt_t1_ussr_rank_05.blk",
        "rankRange": [
          20,
          24
        ],
        "importAreas": true,
        "importUnits": true,
        "importTriggers": true,
        "importMissionObjectives": true,
        "importWayPoints": true,
        "showAreas": true,
        "showUnits": true,
        "showTriggers": true,
        "showMissionObjectives": true,
        "showWayPoints": true,
        "excludes": {}
      },
      {
        "file": "gameData/missions/templates/units_sets/land_sets_aaa_bases/bdt_t1_ussr_rank_06.blk",
        "rankRange": [
          25,
          50
        ],
        "importAreas": true,
        "importUnits": true,
        "importTriggers": true,
        "importMissionObjectives": true,
        "importWayPoints": true,
        "showAreas": true,
        "showUnits": true,
        "showTriggers": true,
        "showMissionObjectives": true,
        "showWayPoints": true,
        "excludes": {}
      },
      {
        "file": "gameData/missions/templates/units_sets/land_sets_aaa_bases/bdt_t2_germ_rank_01.blk",
        "rankRange": [
          0,
          4
        ],
        "importAreas": true,
        "importUnits": true,
        "importTriggers": true,
        "importMissionObjectives": true,
        "importWayPoints": true,
        "showAreas": true,
        "showUnits": true,
        "showTriggers": true,
        "showMissionObjectives": true,
        "showWayPoints": true,
        "excludes": {}
      },
      {
        "file": "gameData/missions/templates/units_sets/land_sets_aaa_bases/bdt_t2_germ_rank_02.blk",
        "rankRange": [
          5,
          8
        ],
        "importAreas": true,
        "importUnits": true,
        "importTriggers": true,
        "importMissionObjectives": true,
        "importWayPoints": true,
        "showAreas": true,
        "showUnits": true,
        "showTriggers": true,
        "showMissionObjectives": true,
        "showWayPoints": true,
        "excludes": {}
      },
      {
        "file": "gameData/missions/templates/units_sets/land_sets_aaa_bases/bdt_t2_germ_rank_03.blk",
        "rankRange": [
          9,
          13
        ],
        "importAreas": true,
        "importUnits": true,
        "importTriggers": true,
        "importMissionObjectives": true,
        "importWayPoints": true,
        "showAreas": true,
        "showUnits": true,
        "showTriggers": true,
        "showMissionObjectives": true,
        "showWayPoints": true,
        "excludes": {}
      },
      {
        "file": "gameData/missions/templates/units_sets/land_sets_aaa_bases/bdt_t2_germ_rank_04.blk",
        "rankRange": [
          14,
          19
        ],
        "importAreas": true,
        "importUnits": true,
        "importTriggers": true,
        "importMissionObjectives": true,
        "importWayPoints": true,
        "showAreas": true,
        "showUnits": true,
        "showTriggers": true,
        "showMissionObjectives": true,
        "showWayPoints": true,
        "excludes": {}
      },
      {
        "file": "gameData/missions/templates/units_sets/land_sets_aaa_bases/bdt_t2_germ_rank_05.blk",
        "rankRange": [
          20,
          24
        ],
        "importAreas": true,
        "importUnits": true,
        "importTriggers": true,
        "importMissionObjectives": true,
        "importWayPoints": true,
        "showAreas": true,
        "showUnits": true,
        "showTriggers": true,
        "showMissionObjectives": true,
        "showWayPoints": true,
        "excludes": {}
      },
      {
        "file": "gameData/missions/templates/units_sets/land_sets_aaa_bases/bdt_t2_germ_rank_06.blk",
        "rankRange": [
          25,
          50
        ],
        "importAreas": true,
        "importUnits": true,
        "importTriggers": true,
        "importMissionObjectives": true,
        "importWayPoints": true,
        "showAreas": true,
        "showUnits": true,
        "showTriggers": true,
        "showMissionObjectives": true,
        "showWayPoints": true,
        "excludes": {}
      }
    ]
  },
  "triggers": {
    "isCategory": true,
    "is_enabled": true,
    "bdt_part_init": {
      "is_enabled": true,
      "comments": "",
      "props": {
        "actionsType": "PERFORM_ONE_BY_ONE",
        "conditionsType": "ALL",
        "enableAfterComplete": false
      },
      "events": {
        "initMission": {}
      },
      "conditions": {},
      "actions": {
        "comment": [
          {
            "value": "set max bases amount +1"
          },
          {
            "value": "enable self restarting for template"
          },
          {
            "value": "increase one-moment bases amount"
          },
          {
            "value": ""
          },
          {
            "value": ""
          },
          {
            "value": ""
          },
          {
            "value": ""
          }
        ],
        "varSetInt": [
          {
            "value": 9,
            "var": "bdt_t1_total_bases_max_count"
          },
          {
            "value": 9,
            "var": "bdt_t2_total_bases_max_count"
          },
          {
            "value": 4,
            "var": [
              "bdt_t1_active_bases_max_count",
              "bdt_t2_active_bases_max_count"
            ]
          },
          {
            "value": 1,
            "var": "bdt_delay_timer"
          }
        ],
        "varSetBool": [
          {
            "value": true,
            "var": "bdt_self_restart"
          },
          {
            "value": true,
            "var": "bMirrorSpawn"
          }
        ],
        "varSetString": {
          "value": "bfd",
          "var": "bdt_game_mode"
        },
        "varSetReal": {
          "value": 2000.0,
          "var": [
            "bdt_t1_min_zone_distance",
            "bdt_t2_min_zone_distance"
          ]
        }
      },
      "else_actions": {}
    }
  },
  "mission_objectives": {
    "isCategory": true,
    "is_enabled": true
  },
  "variables": {},
  "dialogs": {},
  "airfields": {},
  "effects": {},
  "units": {
    "objectGroups": [
      {
        "name": "bdt_t2_bomb_object_01",
        "tm": [
          [
            0.997279,
            0.0,
            0.0737025
          ],
          [
            0.0,
            1.0,
            0.0
          ],
          [
            -0.0737025,
            0.0,
            0.997279
          ],
          [
            -15727.7,
            53.3431,
            2750.63
          ]
        ],
        "unit_class": "dynBase_hq_camp_square",
        "objLayer": 2,
        "props": {
          "army": 2,
          "active": true
        }
      },
      {
        "name": "bdt_t2_bomb_object_02",
        "tm": [
          [
            0.848922,
            0.0,
            -0.528522
          ],
          [
            0.0,
            1.0,
            0.0
          ],
          [
            0.528522,
            0.0,
            0.848922
          ],
          [
            -8416.54,
            51.3535,
            -3957.1
          ]
        ],
        "unit_class": "dynBase_fuel_storage_square",
        "objLayer": 2,
        "props": {
          "army": 2,
          "active": true
        }
      },
      {
        "name": "bdt_t2_bomb_object_03",
        "tm": [
          [
            0.290794,
            0.0,
            0.956788
          ],
          [
            0.0,
            1.0,
            0.0
          ],
          [
            -0.956788,
            0.0,
            0.290794
          ],
          [
            -5853.44,
            52.0202,
            -4394.1
          ]
        ],
        "unit_class": "dynBase_oil_storage_small_square",
        "objLayer": 2,
        "props": {
          "army": 2,
          "active": true
        }
      },
      {
        "name": "bdt_t1_bomb_object_01",
        "tm": [
          [
            0.868796,
            0.0,
            0.495169
          ],
          [
            0.0,
            1.0,
            0.0
          ],
          [
            -0.495169,
            0.0,
            0.868796
          ],
          [
            -4317.04,
            51.5163,
            14779.3
          ]
        ],
        "unit_class": "dynBase_fuel_storage_square",
        "objLayer": 2,
        "props": {
          "army": 1,
          "active": true
        }
      },
      {
        "name": "bdt_t1_bomb_object_02",
        "tm": [
          [
            0.306011,
            0.0,
            0.952027
          ],
          [
            0.0,
            1.0,
            0.0
          ],
          [
            -0.952027,
            0.0,
            0.306011
          ],
          [
            -827.149,
            46.7873,
            10941.8
          ]
        ],
        "unit_class": "dynBase_small_factory_square",
        "objLayer": 2,
        "props": {
          "army": 1,
          "active": false
        }
      },
      {
        "name": "bdt_t1_bomb_object_03",
        "tm": [
          [
            0.204844,
            0.0,
            0.978795
          ],
          [
            0.0,
            1.0,
            0.0
          ],
          [
            -0.978795,
            0.0,
            0.204844
          ],
          [
            680.876,
            58.6237,
            5408.7
          ]
        ],
        "unit_class": "dynBase_oil_storage_small_square",
        "objLayer": 2,
        "props": {
          "army": 1,
          "active": false
        }
      },
      {
        "name": "bdt_t2_bomb_object_04",
        "tm": [
          [
            0.774648,
            0.0,
            0.632391
          ],
          [
            0.0,
            1.0,
            0.0
          ],
          [
            -0.632391,
            0.0,
            0.774648
          ],
          [
            -15088.8,
            64.2139,
            7516.39
          ]
        ],
        "unit_class": "dynBase_small_factory_square",
        "objLayer": 2,
        "props": {
          "army": 2,
          "active": true
        }
      },
      {
        "name": "bdt_t1_bomb_object_04",
        "tm": [
          [
            0.534467,
            0.0,
            0.845189
          ],
          [
            0.0,
            1.0,
            0.0
          ],
          [
            -0.845189,
            0.0,
            0.534467
          ],
          [
            -144.162,
            61.3411,
            1343.1
          ]
        ],
        "unit_class": "dynBase_field_camp_square",
        "objLayer": 2,
        "props": {
          "army": 1,
          "active": false
        }
      },
      {
        "name": "bdt_t1_bomb_object_05",
        "tm": [
          [
            0.534467,
            0.0,
            0.845189
          ],
          [
            0.0,
            1.0,
            0.0
          ],
          [
            -0.845189,
            0.0,
            0.534467
          ],
          [
            2007.6,
            54.7617,
            1262.3
          ]
        ],
        "unit_class": "dynBase_military_base_square",
        "objLayer": 2,
        "props": {
          "army": 1,
          "active": false
        }
      },
      {
        "name": "bdt_t1_bomb_object_06",
        "tm": [
          [
            0.534467,
            0.0,
            0.845189
          ],
          [
            0.0,
            1.0,
            0.0
          ],
          [
            -0.845189,
            0.0,
            0.534467
          ],
          [
            3272.57,
            68.344,
            4095.6
          ]
        ],
        "unit_class": "dynBase_oil_storage_large_square",
        "objLayer": 2,
        "props": {
          "army": 1,
          "active": false
        }
      },
      {
        "name": "bdt_t1_bomb_object_07",
        "tm": [
          [
            0.534467,
            0.0,
            0.845189
          ],
          [
            0.0,
            1.0,
            0.0
          ],
          [
            -0.845189,
            0.0,
            0.534467
          ],
          [
            2916.76,
            62.1074,
            5746.94
          ]
        ],
        "unit_class": "dynBase_oil_storage_large_square",
        "objLayer": 2,
        "props": {
          "army": 1,
          "active": false
        }
      },
      {
        "name": "bdt_t1_bomb_object_08",
        "tm": [
          [
            0.868796,
            0.0,
            0.495169
          ],
          [
            0.0,
            1.0,
            0.0
          ],
          [
            -0.495169,
            0.0,
            0.868796
          ],
          [
            -6046.85,
            41.5499,
            14572.9
          ]
        ],
        "unit_class": "dynBase_small_factory_square",
        "objLayer": 2,
        "props": {
          "army": 1,
          "active": true
        }
      },
      {
        "name": "bdt_t1_bomb_object_09",
        "tm": [
          [
            0.868796,
            0.0,
            0.495169
          ],
          [
            0.0,
            1.0,
            0.0
          ],
          [
            -0.495169,
            0.0,
            0.868796
          ],
          [
            -3510.62,
            46.7128,
            11837.4
          ]
        ],
        "unit_class": "dynBase_petrol_camp_square",
        "objLayer": 2,
        "props": {
          "army": 1,
          "active": true
        }
      },
      {
        "name": "bdt_t1_bomb_object_10",
        "tm": [
          [
            0.868796,
            0.0,
            0.495169
          ],
          [
            0.0,
            1.0,
            0.0
          ],
          [
            -0.495169,
            0.0,
            0.868796
          ],
          [
            475.134,
            43.6133,
            10690.1
          ]
        ],
        "unit_class": "dynBase_petrol_camp_square",
        "objLayer": 2,
        "props": {
          "army": 1,
          "active": true
        }
      },
      {
        "name": "bdt_t2_bomb_object_05",
        "tm": [
          [
            0.774648,
            0.0,
            0.632391
          ],
          [
            0.0,
            1.0,
            0.0
          ],
          [
            -0.632391,
            0.0,
            0.774648
          ],
          [
            -16035.9,
            90.863,
            8356.0
          ]
        ],
        "unit_class": "dynBase_petrol_camp_square",
        "objLayer": 2,
        "props": {
          "army": 2,
          "active": true
        }
      },
      {
        "name": "bdt_t2_bomb_object_06",
        "tm": [
          [
            0.387284,
            0.0,
            0.92196
          ],
          [
            0.0,
            1.0,
            0.0
          ],
          [
            -0.92196,
            0.0,
            0.387284
          ],
          [
            -17152.8,
            51.8032,
            5874.75
          ]
        ],
        "unit_class": "dynBase_military_base_square",
        "objLayer": 2,
        "props": {
          "army": 2,
          "active": true
        }
      },
      {
        "name": "bdt_t2_bomb_object_07",
        "tm": [
          [
            0.774648,
            0.0,
            0.632391
          ],
          [
            0.0,
            1.0,
            0.0
          ],
          [
            -0.632391,
            0.0,
            0.774648
          ],
          [
            -17127.3,
            88.8165,
            2751.82
          ]
        ],
        "unit_class": "dynBase_fuel_storage_square",
        "objLayer": 2,
        "props": {
          "army": 2,
          "active": true
        }
      },
      {
        "name": "bdt_t2_bomb_object_08",
        "tm": [
          [
            0.290794,
            0.0,
            0.956788
          ],
          [
            0.0,
            1.0,
            0.0
          ],
          [
            -0.956788,
            0.0,
            0.290794
          ],
          [
            -4415.39,
            49.0475,
            -4993.8
          ]
        ],
        "unit_class": "dynBase_ammunition_storage_square",
        "objLayer": 2,
        "props": {
          "army": 2,
          "active": true
        }
      },
      {
        "name": "bdt_t2_bomb_object_09",
        "tm": [
          [
            0.290794,
            0.0,
            0.956788
          ],
          [
            0.0,
            1.0,
            0.0
          ],
          [
            -0.956788,
            0.0,
            0.290794
          ],
          [
            -7992.67,
            60.2749,
            -5338.9
          ]
        ],
        "unit_class": "dynBase_field_camp_square",
        "objLayer": 2,
        "props": {
          "army": 2,
          "active": true
        }
      },
      {
        "name": "bdt_t2_bomb_object_10",
        "tm": [
          [
            0.290794,
            0.0,
            0.956788
          ],
          [
            0.0,
            1.0,
            0.0
          ],
          [
            -0.956788,
            0.0,
            0.290794
          ],
          [
            -10287.5,
            68.8395,
            -4491.8
          ]
        ],
        "unit_class": "dynBase_oil_storage_small_square",
        "objLayer": 2,
        "props": {
          "army": 2,
          "active": true
        }
      }
    ]
  },
  "areas": {
    "bdt_t2_bomb_zone_01": {
      "type": "Sphere",
      "tm": [
        [
          448.777,
          0.0,
          33.1669
        ],
        [
          0.0,
          450.0,
          0.0
        ],
        [
          -33.1669,
          0.0,
          448.777
        ],
        [
          -15729.7,
          53.1855,
          2743.74
        ]
      ],
      "objLayer": 0,
      "props": {}
    },
    "bdt_t2_bomb_zone_02": {
      "type": "Sphere",
      "tm": [
        [
          442.331,
          0.0,
          82.7354
        ],
        [
          0.0,
          450.0,
          0.0
        ],
        [
          -82.7354,
          0.0,
          442.331
        ],
        [
          -8410.79,
          51.1079,
          -3936.2
        ]
      ],
      "objLayer": 0,
      "props": {}
    },
    "bdt_t2_bomb_zone_03": {
      "type": "Sphere",
      "tm": [
        [
          130.858,
          0.0,
          430.553
        ],
        [
          0.0,
          450.0,
          0.0
        ],
        [
          -430.553,
          0.0,
          130.858
        ],
        [
          -5862.87,
          52.4239,
          -4396.8
        ]
      ],
      "objLayer": 0,
      "props": {}
    },
    "bdt_t1_bomb_zone_01": {
      "type": "Sphere",
      "tm": [
        [
          390.959,
          0.0,
          222.825
        ],
        [
          0.0,
          450.0,
          0.0
        ],
        [
          -222.825,
          0.0,
          390.959
        ],
        [
          -4307.83,
          51.8717,
          14788.1
        ]
      ],
      "objLayer": 0,
      "props": {}
    },
    "bdt_t1_bomb_zone_02": {
      "type": "Sphere",
      "tm": [
        [
          227.167,
          0.0,
          388.452
        ],
        [
          0.0,
          450.0,
          0.0
        ],
        [
          -388.452,
          0.0,
          227.167
        ],
        [
          -826.775,
          46.6466,
          10946.5
        ]
      ],
      "objLayer": 0,
      "props": {}
    },
    "bdt_t1_bomb_zone_03": {
      "type": "Sphere",
      "tm": [
        [
          252.85,
          0.0,
          372.245
        ],
        [
          0.0,
          450.0,
          0.0
        ],
        [
          -372.245,
          0.0,
          252.85
        ],
        [
          683.552,
          58.5231,
          5413.68
        ]
      ],
      "objLayer": 0,
      "props": {}
    },
    "bdt_t2_bomb_zone_04": {
      "type": "Sphere",
      "tm": [
        [
          348.591,
          0.0,
          284.576
        ],
        [
          0.0,
          450.0,
          0.0
        ],
        [
          -284.576,
          0.0,
          348.591
        ],
        [
          -15081.7,
          63.562,
          7519.85
        ]
      ],
      "objLayer": 0,
      "props": {}
    },
    "bdt_t1_bomb_zone_04": {
      "type": "Sphere",
      "tm": [
        [
          252.85,
          0.0,
          372.245
        ],
        [
          0.0,
          450.0,
          0.0
        ],
        [
          -372.245,
          0.0,
          252.85
        ],
        [
          -148.722,
          61.3424,
          1346.7
        ]
      ],
      "objLayer": 0,
      "props": {}
    },
    "bdt_t2_bomb_zone_01_aaa_point_01": {
      "type": "Point",
      "tm": [
        [
          0.785995,
          0.0,
          0.618229
        ],
        [
          0.0,
          1.0,
          0.0
        ],
        [
          -0.618229,
          0.0,
          0.785995
        ],
        [
          -15570.3,
          49.6232,
          2584.44
        ]
      ],
      "objLayer": 0,
      "props": {}
    },
    "bdt_t2_bomb_zone_01_aaa_point_02": {
      "type": "Point",
      "tm": [
        [
          0.785995,
          0.0,
          0.618229
        ],
        [
          0.0,
          1.0,
          0.0
        ],
        [
          -0.618229,
          0.0,
          0.785995
        ],
        [
          -15997.0,
          81.4863,
          2862.19
        ]
      ],
      "objLayer": 0,
      "props": {}
    },
    "bdt_t2_bomb_zone_01_aaa_point_03": {
      "type": "Point",
      "tm": [
        [
          0.785995,
          0.0,
          0.618229
        ],
        [
          0.0,
          1.0,
          0.0
        ],
        [
          -0.618229,
          0.0,
          0.785995
        ],
        [
          -15908.6,
          74.3898,
          2941.91
        ]
      ],
      "objLayer": 0,
      "props": {}
    },
    "bdt_t2_bomb_zone_01_aaa_point_04": {
      "type": "Point",
      "tm": [
        [
          0.785995,
          0.0,
          0.618229
        ],
        [
          0.0,
          1.0,
          0.0
        ],
        [
          -0.618229,
          0.0,
          0.785995
        ],
        [
          -15410.3,
          59.8848,
          2821.22
        ]
      ],
      "objLayer": 0,
      "props": {}
    },
    "bdt_t2_bomb_zone_02_aaa_point_01": {
      "type": "Point",
      "tm": [
        [
          0.712578,
          0.0,
          0.70159
        ],
        [
          0.0,
          1.0,
          0.0
        ],
        [
          -0.70159,
          0.0,
          0.712578
        ],
        [
          -8447.56,
          54.8595,
          -4182.0
        ]
      ],
      "objLayer": 0,
      "props": {}
    },
    "bdt_t2_bomb_zone_02_aaa_point_02": {
      "type": "Point",
      "tm": [
        [
          0.712578,
          0.0,
          0.70159
        ],
        [
          0.0,
          1.0,
          0.0
        ],
        [
          -0.70159,
          0.0,
          0.712578
        ],
        [
          -8589.39,
          53.5992,
          -3661.9
        ]
      ],
      "objLayer": 0,
      "props": {}
    },
    "bdt_t2_bomb_zone_02_aaa_point_03": {
      "type": "Point",
      "tm": [
        [
          0.712578,
          0.0,
          0.70159
        ],
        [
          0.0,
          1.0,
          0.0
        ],
        [
          -0.70159,
          0.0,
          0.712578
        ],
        [
          -8670.94,
          66.9049,
          -4038.6
        ]
      ],
      "objLayer": 0,
      "props": {}
    },
    "bdt_t2_bomb_zone_02_aaa_point_04": {
      "type": "Point",
      "tm": [
        [
          0.712578,
          0.0,
          0.70159
        ],
        [
          0.0,
          1.0,
          0.0
        ],
        [
          -0.70159,
          0.0,
          0.712578
        ],
        [
          -8222.3,
          50.5116,
          -3805.5
        ]
      ],
      "objLayer": 0,
      "props": {}
    },
    "bdt_t2_bomb_zone_03_aaa_point_01": {
      "type": "Point",
      "tm": [
        [
          0.712578,
          0.0,
          0.70159
        ],
        [
          0.0,
          1.0,
          0.0
        ],
        [
          -0.70159,
          0.0,
          0.712578
        ],
        [
          -5410.34,
          52.9746,
          -4380.5
        ]
      ],
      "objLayer": 0,
      "props": {}
    },
    "bdt_t2_bomb_zone_03_aaa_point_02": {
      "type": "Point",
      "tm": [
        [
          0.712578,
          0.0,
          0.70159
        ],
        [
          0.0,
          1.0,
          0.0
        ],
        [
          -0.70159,
          0.0,
          0.712578
        ],
        [
          -5974.4,
          54.2894,
          -4126.3
        ]
      ],
      "objLayer": 0,
      "props": {}
    },
    "bdt_t2_bomb_zone_03_aaa_point_03": {
      "type": "Point",
      "tm": [
        [
          0.712578,
          0.0,
          0.70159
        ],
        [
          0.0,
          1.0,
          0.0
        ],
        [
          -0.70159,
          0.0,
          0.712578
        ],
        [
          -6180.38,
          53.6871,
          -4354.3
        ]
      ],
      "objLayer": 0,
      "props": {}
    },
    "bdt_t2_bomb_zone_03_aaa_point_04": {
      "type": "Point",
      "tm": [
        [
          0.712578,
          0.0,
          0.70159
        ],
        [
          0.0,
          1.0,
          0.0
        ],
        [
          -0.70159,
          0.0,
          0.712578
        ],
        [
          -5816.64,
          54.2321,
          -4693.2
        ]
      ],
      "objLayer": 0,
      "props": {}
    },
    "bdt_t2_bomb_zone_04_aaa_point_01": {
      "type": "Point",
      "tm": [
        [
          0.785995,
          0.0,
          0.618229
        ],
        [
          0.0,
          1.0,
          0.0
        ],
        [
          -0.618229,
          0.0,
          0.785995
        ],
        [
          -15036.1,
          79.622,
          7848.99
        ]
      ],
      "objLayer": 0,
      "props": {}
    },
    "bdt_t2_bomb_zone_04_aaa_point_02": {
      "type": "Point",
      "tm": [
        [
          0.785995,
          0.0,
          0.618229
        ],
        [
          0.0,
          1.0,
          0.0
        ],
        [
          -0.618229,
          0.0,
          0.785995
        ],
        [
          -15382.3,
          68.9342,
          7549.41
        ]
      ],
      "objLayer": 0,
      "props": {}
    },
    "bdt_t2_bomb_zone_04_aaa_point_03": {
      "type": "Point",
      "tm": [
        [
          0.785995,
          0.0,
          0.618229
        ],
        [
          0.0,
          1.0,
          0.0
        ],
        [
          -0.618229,
          0.0,
          0.785995
        ],
        [
          -14841.3,
          45.6829,
          7404.44
        ]
      ],
      "objLayer": 0,
      "props": {}
    },
    "bdt_t2_bomb_zone_04_aaa_point_04": {
      "type": "Point",
      "tm": [
        [
          0.785995,
          0.0,
          0.618229
        ],
        [
          0.0,
          1.0,
          0.0
        ],
        [
          -0.618229,
          0.0,
          0.785995
        ],
        [
          -15048.6,
          44.3816,
          7275.12
        ]
      ],
      "objLayer": 0,
      "props": {}
    },
    "bdt_t1_bomb_zone_01_aaa_point_01": {
      "type": "Point",
      "tm": [
        [
          0.443991,
          0.0,
          0.896032
        ],
        [
          0.0,
          1.0,
          0.0
        ],
        [
          -0.896032,
          0.0,
          0.443991
        ],
        [
          -4202.89,
          45.1571,
          15020.3
        ]
      ],
      "objLayer": 0,
      "props": {}
    },
    "bdt_t1_bomb_zone_01_aaa_point_02": {
      "type": "Point",
      "tm": [
        [
          0.443991,
          0.0,
          0.896032
        ],
        [
          0.0,
          1.0,
          0.0
        ],
        [
          -0.896032,
          0.0,
          0.443991
        ],
        [
          -4471.67,
          47.5606,
          14595.1
        ]
      ],
      "objLayer": 0,
      "props": {}
    },
    "bdt_t1_bomb_zone_01_aaa_point_03": {
      "type": "Point",
      "tm": [
        [
          0.443991,
          0.0,
          0.896032
        ],
        [
          0.0,
          1.0,
          0.0
        ],
        [
          -0.896032,
          0.0,
          0.443991
        ],
        [
          -4113.38,
          50.5569,
          14659.3
        ]
      ],
      "objLayer": 0,
      "props": {}
    },
    "bdt_t1_bomb_zone_01_aaa_point_04": {
      "type": "Point",
      "tm": [
        [
          0.443991,
          0.0,
          0.896032
        ],
        [
          0.0,
          1.0,
          0.0
        ],
        [
          -0.896032,
          0.0,
          0.443991
        ],
        [
          -4308.18,
          48.5697,
          14539.9
        ]
      ],
      "objLayer": 0,
      "props": {}
    },
    "bdt_t1_bomb_zone_02_aaa_point_01": {
      "type": "Point",
      "tm": [
        [
          0.443991,
          0.0,
          0.896032
        ],
        [
          0.0,
          1.0,
          0.0
        ],
        [
          -0.896032,
          0.0,
          0.443991
        ],
        [
          -900.588,
          41.1762,
          11206.7
        ]
      ],
      "objLayer": 0,
      "props": {}
    },
    "bdt_t1_bomb_zone_02_aaa_point_02": {
      "type": "Point",
      "tm": [
        [
          0.443991,
          0.0,
          0.896032
        ],
        [
          0.0,
          1.0,
          0.0
        ],
        [
          -0.896032,
          0.0,
          0.443991
        ],
        [
          -1089.62,
          45.5747,
          10986.3
        ]
      ],
      "objLayer": 0,
      "props": {}
    },
    "bdt_t1_bomb_zone_02_aaa_point_03": {
      "type": "Point",
      "tm": [
        [
          0.443991,
          0.0,
          0.896032
        ],
        [
          0.0,
          1.0,
          0.0
        ],
        [
          -0.896032,
          0.0,
          0.443991
        ],
        [
          -455.705,
          47.028,
          10691.0
        ]
      ],
      "objLayer": 0,
      "props": {}
    },
    "bdt_t1_bomb_zone_02_aaa_point_04": {
      "type": "Point",
      "tm": [
        [
          0.443991,
          0.0,
          0.896032
        ],
        [
          0.0,
          1.0,
          0.0
        ],
        [
          -0.896032,
          0.0,
          0.443991
        ],
        [
          -1004.57,
          53.9808,
          10669.5
        ]
      ],
      "objLayer": 0,
      "props": {}
    },
    "bdt_t1_bomb_zone_03_aaa_point_01": {
      "type": "Point",
      "tm": [
        [
          0.54063,
          0.0,
          0.841261
        ],
        [
          0.0,
          1.0,
          0.0
        ],
        [
          -0.841261,
          0.0,
          0.54063
        ],
        [
          769.317,
          61.241,
          5118.18
        ]
      ],
      "objLayer": 0,
      "props": {}
    },
    "bdt_t1_bomb_zone_03_aaa_point_02": {
      "type": "Point",
      "tm": [
        [
          0.54063,
          0.0,
          0.841261
        ],
        [
          0.0,
          1.0,
          0.0
        ],
        [
          -0.841261,
          0.0,
          0.54063
        ],
        [
          602.074,
          58.2888,
          5641.74
        ]
      ],
      "objLayer": 0,
      "props": {}
    },
    "bdt_t1_bomb_zone_03_aaa_point_03": {
      "type": "Point",
      "tm": [
        [
          0.54063,
          0.0,
          0.841261
        ],
        [
          0.0,
          1.0,
          0.0
        ],
        [
          -0.841261,
          0.0,
          0.54063
        ],
        [
          398.971,
          57.7397,
          5449.09
        ]
      ],
      "objLayer": 0,
      "props": {}
    },
    "bdt_t1_bomb_zone_03_aaa_point_04": {
      "type": "Point",
      "tm": [
        [
          0.54063,
          0.0,
          0.841261
        ],
        [
          0.0,
          1.0,
          0.0
        ],
        [
          -0.841261,
          0.0,
          0.54063
        ],
        [
          936.625,
          58.0562,
          5477.22
        ]
      ],
      "objLayer": 0,
      "props": {}
    },
    "bdt_t1_bomb_zone_04_aaa_point_01": {
      "type": "Point",
      "tm": [
        [
          0.54063,
          0.0,
          0.841261
        ],
        [
          0.0,
          1.0,
          0.0
        ],
        [
          -0.841261,
          0.0,
          0.54063
        ],
        [
          119.254,
          60.987,
          1515.7
        ]
      ],
      "objLayer": 0,
      "props": {}
    },
    "bdt_t1_bomb_zone_04_aaa_point_02": {
      "type": "Point",
      "tm": [
        [
          0.54063,
          0.0,
          0.841261
        ],
        [
          0.0,
          1.0,
          0.0
        ],
        [
          -0.841261,
          0.0,
          0.54063
        ],
        [
          -191.766,
          61.007,
          1595.69
        ]
      ],
      "objLayer": 0,
      "props": {}
    },
    "bdt_t1_bomb_zone_04_aaa_point_03": {
      "type": "Point",
      "tm": [
        [
          0.54063,
          0.0,
          0.841261
        ],
        [
          0.0,
          1.0,
          0.0
        ],
        [
          -0.841261,
          0.0,
          0.54063
        ],
        [
          92.6621,
          61.7786,
          1184.3
        ]
      ],
      "objLayer": 0,
      "props": {}
    },
    "bdt_t1_bomb_zone_04_aaa_point_04": {
      "type": "Point",
      "tm": [
        [
          0.54063,
          0.0,
          0.841261
        ],
        [
          0.0,
          1.0,
          0.0
        ],
        [
          -0.841261,
          0.0,
          0.54063
        ],
        [
          -462.249,
          56.6452,
          1362.3
        ]
      ],
      "objLayer": 0,
      "props": {}
    },
    "bdt_t1_bomb_zone_05": {
      "type": "Sphere",
      "tm": [
        [
          252.85,
          0.0,
          372.245
        ],
        [
          0.0,
          450.0,
          0.0
        ],
        [
          -372.245,
          0.0,
          252.85
        ],
        [
          2002.87,
          54.8173,
          1265.6
        ]
      ],
      "objLayer": 0,
      "props": {}
    },
