{
  "selected_tag": "",
  "bin_dump_file": "",
  "mission_settings": {
    "player": {
      "army": 1
    },
    "player_teamB": {
      "army": 2
    },
    "mission": {
      "level": "levels/air_smolensk.bin",
      "type": "domination",
      "environment": "Day",
      "weather": "hazy",
      "restoreType": "attempts",
      "optionalTakeOff": false
    }
  },
  "imports": {},
  "triggers": {
    "isCategory": true,
    "is_enabled": true
  },
  "mission_objectives": {
    "isCategory": true,
    "is_enabled": true
  },
  "variables": {},
  "dialogs": {},
  "airfields": {},
  "effects": {},
  "units": {
    "objectGroups": [
      {
        "name": "bdt_t2_bomb_object_01",
        "tm": [
          [
            0.985488,
            0.0,
            -0.169731
          ],
          [
            0.0,
            1.0,
            0.0
          ],
          [
            0.169731,
            0.0,
            0.985488
          ],
          [
            -25994.7,
            137.351,
            -6551.57
          ]
        ],
        "unit_class": "dynBase_hq_camp_square",
        "objLayer": 2,
        "props": {
          "army": 2,
          "active": true
        }
      },
      {
        "name": "bdt_t2_bomb_object_02",
        "tm": [
          [
            0.611912,
            0.0,
            -0.790928
          ],
          [
            0.0,
            1.0,
            0.0
          ],
          [
            0.790928,
            0.0,
            0.611912
          ],
          [
            -22602.5,
            160.581,
            -12367.8
          ]
        ],
        "unit_class": "dynBase_fuel_storage_square",
        "objLayer": 2,
        "props": {
          "army": 2,
          "active": true
        }
      },
      {
        "name": "bdt_t2_bomb_object_03",
        "tm": [
          [
            0.605603,
            0.0,
            0.795769
          ],
          [
            0.0,
            1.0,
            0.0
          ],
          [
            -0.795769,
            0.0,
            0.605603
          ],
          [
            -17509.3,
            98.3676,
            -14939.4
          ]
        ],
        "unit_class": "dynBase_oil_storage_small_square",
        "objLayer": 2,
        "props": {
          "army": 2,
          "active": true
        }
      },
      {
        "name": "bdt_t1_bomb_object_01",
        "tm": [
          [
            0.986814,
            0.0,
            0.161849
          ],
          [
            0.0,
            1.0,
            0.0
          ],
          [
            -0.161849,
            0.0,
            0.986814
          ],
          [
            -12564.7,
            168.602,
            7014.66
          ]
        ],
        "unit_class": "dynBase_fuel_storage_square",
        "objLayer": 2,
        "props": {
          "army": 1,
          "active": true
        }
      },
      {
        "name": "bdt_t1_bomb_object_02",
        "tm": [
          [
            0.618213,
            0.0,
            0.78601
          ],
          [
            0.0,
            1.0,
            0.0
          ],
          [
            -0.78601,
            0.0,
            0.618213
          ],
          [
            -7393.58,
            204.676,
            4215.72
          ]
        ],
        "unit_class": "dynBase_small_factory_square",
        "objLayer": 2,
        "props": {
          "army": 1,
          "active": false
        }
      },
      {
        "name": "bdt_t1_bomb_object_03",
        "tm": [
          [
            0.435535,
            0.0,
            0.900173
          ],
          [
            0.0,
            1.0,
            0.0
          ],
          [
            -0.900173,
            0.0,
            0.435535
          ],
          [
            -3999.75,
            120.798,
            -1334.04
          ]
        ],
        "unit_class": "dynBase_oil_storage_small_square",
        "objLayer": 2,
        "props": {
          "army": 1,
          "active": false
        }
      },
      {
        "name": "bdt_t2_bomb_object_04",
        "tm": [
          [
            0.904619,
            0.0,
            0.426219
          ],
          [
            0.0,
            1.0,
            0.0
          ],
          [
            -0.426219,
            0.0,
            0.904619
          ],
          [
            -25651.1,
            133.528,
            -136.95
          ]
        ],
        "unit_class": "dynBase_small_factory_square",
        "objLayer": 2,
        "props": {
          "army": 2,
          "active": true
        }
      },
      {
        "name": "bdt_t1_bomb_object_04",
        "tm": [
          [
            0.723048,
            0.0,
            0.690798
          ],
          [
            0.0,
            1.0,
            0.0
          ],
          [
            -0.690798,
            0.0,
            0.723048
          ],
          [
            -4501.1,
            200.958,
            -7829.84
          ]
        ],
        "unit_class": "dynBase_field_camp_square",
        "objLayer": 2,
        "props": {
          "army": 1,
          "active": false
        }
      },
      {
        "name": "bdt_t1_bomb_object_05",
        "tm": [
          [
            0.723048,
            0.0,
            0.690798
          ],
          [
            0.0,
            1.0,
            0.0
          ],
          [
            -0.690798,
            0.0,
            0.723048
          ],
          [
            -6914.96,
            163.639,
            -8586.26
          ]
        ],
        "unit_class": "dynBase_military_base_square",
        "objLayer": 2,
        "props": {
          "army": 1,
          "active": false
        }
      },
      {
        "name": "bdt_t1_bomb_object_06",
        "tm": [
          [
            0.723048,
            0.0,
            0.690798
          ],
          [
            0.0,
            1.0,
            0.0
          ],
          [
            -0.690798,
            0.0,
            0.723048
          ],
          [
            -5540.09,
            187.987,
            -5068.09
          ]
        ],
        "unit_class": "dynBase_oil_storage_large_square",
        "objLayer": 2,
        "props": {
          "army": 1,
          "active": false
        }
      },
      {
        "name": "bdt_t1_bomb_object_07",
        "tm": [
          [
            0.723048,
            0.0,
            0.690798
          ],
          [
            0.0,
            1.0,
            0.0
          ],
          [
            -0.690798,
            0.0,
            0.723048
          ],
          [
            -6069.13,
            197.522,
            -1584.94
          ]
        ],
        "unit_class": "dynBase_oil_storage_large_square",
        "objLayer": 2,
        "props": {
          "army": 1,
          "active": false
        }
      },
      {
        "name": "bdt_t1_bomb_object_08",
        "tm": [
          [
            0.986814,
            0.0,
            0.161849
          ],
          [
            0.0,
            1.0,
            0.0
          ],
          [
            -0.161849,
            0.0,
            0.986814
          ],
          [
            -14946.4,
            127.698,
            5245.7
          ]
        ],
        "unit_class": "dynBase_small_factory_square",
        "objLayer": 2,
        "props": {
          "army": 1,
          "active": true
        }
      },
      {
        "name": "bdt_t1_bomb_object_09",
        "tm": [
          [
            0.986814,
            0.0,
            0.161849
          ],
          [
            0.0,
            1.0,
            0.0
          ],
          [
            -0.161849,
            0.0,
            0.986814
          ],
          [
            -11839.9,
            199.886,
            4540.48
          ]
        ],
        "unit_class": "dynBase_hq_camp_square",
        "objLayer": 2,
        "props": {
          "army": 1,
          "active": true
        }
      },
      {
        "name": "bdt_t1_bomb_object_10",
        "tm": [
          [
            0.986814,
            0.0,
            0.161849
          ],
          [
            0.0,
            1.0,
            0.0
          ],
          [
            -0.161849,
            0.0,
            0.986814
          ],
          [
            -8816.46,
            203.658,
            2795.63
          ]
        ],
        "unit_class": "dynBase_petrol_camp_square",
        "objLayer": 2,
        "props": {
          "army": 1,
          "active": true
        }
      },
      {
        "name": "bdt_t2_bomb_object_05",
        "tm": [
          [
            0.904619,
            0.0,
            0.426219
          ],
          [
            0.0,
            1.0,
            0.0
          ],
          [
            -0.426219,
            0.0,
            0.904619
          ],
          [
            -22885.6,
            74.9672,
            835.196
          ]
        ],
        "unit_class": "dynBase_petrol_camp_square",
        "objLayer": 2,
        "props": {
          "army": 2,
          "active": true
        }
      },
      {
        "name": "bdt_t2_bomb_object_06",
        "tm": [
          [
            0.598806,
            0.0,
            0.800894
          ],
          [
            0.0,
            1.0,
            0.0
          ],
          [
            -0.800894,
            0.0,
            0.598806
          ],
          [
            -24019.4,
            123.67,
            -3099.44
          ]
        ],
        "unit_class": "dynBase_military_base_square",
        "objLayer": 2,
        "props": {
          "army": 2,
          "active": true
        }
      },
      {
        "name": "bdt_t2_bomb_object_07",
        "tm": [
          [
            0.904619,
            0.0,
            0.426219
          ],
          [
            0.0,
            1.0,
            0.0
          ],
          [
            -0.426219,
            0.0,
            0.904619
          ],
          [
            -23772.0,
            155.241,
            -6488.5
          ]
        ],
        "unit_class": "dynBase_fuel_storage_square",
        "objLayer": 2,
        "props": {
          "army": 2,
          "active": true
        }
      },
      {
        "name": "bdt_t2_bomb_object_08",
        "tm": [
          [
            0.605603,
            0.0,
            0.795769
          ],
          [
            0.0,
            1.0,
            0.0
          ],
          [
            -0.795769,
            0.0,
            0.605603
          ],
          [
            -15232.6,
            135.127,
            -13257.0
          ]
        ],
        "unit_class": "dynBase_ammunition_storage_square",
        "objLayer": 2,
        "props": {
          "army": 2,
          "active": true
        }
      },
      {
        "name": "bdt_t2_bomb_object_09",
        "tm": [
          [
            0.605603,
            0.0,
            0.795769
          ],
          [
            0.0,
            1.0,
            0.0
          ],
          [
            -0.795769,
            0.0,
            0.605603
          ],
          [
            -18645.6,
            139.367,
            -12492.2
          ]
        ],
        "unit_class": "dynBase_field_camp_square",
        "objLayer": 2,
        "props": {
          "army": 2,
          "active": true
        }
      },
      {
        "name": "bdt_t2_bomb_object_10",
        "tm": [
          [
            0.605603,
            0.0,
            0.795769
          ],
          [
            0.0,
            1.0,
            0.0
          ],
          [
            -0.795769,
            0.0,
            0.605603
          ],
          [
            -21962.1,
            146.916,
            -10215.6
          ]
        ],
        "unit_class": "dynBase_oil_storage_small_square",
        "objLayer": 2,
        "props": {
          "army": 2,
          "active": true
        }
      }
    ]
  },
  "areas": {
    "bdt_t2_bomb_zone_01": {
      "type": "Sphere",
      "tm": [
        [
          443.472,
          0.0,
          -76.3799
        ],
        [
          0.0,
          450.0,
          0.0
        ],
        [
          76.3799,
          0.0,
          443.472
        ],
        [
          -25998.2,
          124.697,
          -6557.85
        ]
      ],
      "objLayer": 0,
      "props": {}
    },
    "bdt_t2_bomb_zone_02": {
      "type": "Sphere",
      "tm": [
        [
          443.472,
          0.0,
          -76.3799
        ],
        [
          0.0,
          450.0,
          0.0
        ],
        [
          76.3799,
          0.0,
          443.472
        ],
        [
          -22589.8,
          161.268,
          -12350.2
        ]
      ],
      "objLayer": 0,
      "props": {}
    },
    "bdt_t2_bomb_zone_03": {
      "type": "Sphere",
      "tm": [
        [
          272.523,
          0.0,
          358.095
        ],
        [
          0.0,
          450.0,
          0.0
        ],
        [
          -358.095,
          0.0,
          272.523
        ],
        [
          -17519.1,
          98.3726,
          -14938.5
        ]
      ],
      "objLayer": 0,
      "props": {}
    },
    "bdt_t1_bomb_zone_01": {
      "type": "Sphere",
      "tm": [
        [
          444.067,
          0.0,
          72.8317
        ],
        [
          0.0,
          450.0,
          0.0
        ],
        [
          -72.8317,
          0.0,
          444.067
        ],
        [
          -12553.0,
          168.523,
          7019.77
        ]
      ],
      "objLayer": 0,
      "props": {}
    },
    "bdt_t1_bomb_zone_02": {
      "type": "Sphere",
      "tm": [
        [
          348.157,
          0.0,
          285.108
        ],
        [
          0.0,
          450.0,
          0.0
        ],
        [
          -285.108,
          0.0,
          348.157
        ],
        [
          -7391.56,
          204.672,
          4219.98
        ]
      ],
      "objLayer": 0,
      "props": {}
    },
    "bdt_t1_bomb_zone_03": {
      "type": "Sphere",
      "tm": [
        [
          335.39,
          0.0,
          300.025
        ],
        [
          0.0,
          450.0,
          0.0
        ],
        [
          -300.025,
          0.0,
          335.39
        ],
        [
          -3995.88,
          120.707,
          -1329.83
        ]
      ],
      "objLayer": 0,
      "props": {}
    },
    "bdt_t2_bomb_zone_04": {
      "type": "Sphere",
      "tm": [
        [
          407.078,
          0.0,
          191.798
        ],
        [
          0.0,
          450.0,
          0.0
        ],
        [
          -191.798,
          0.0,
          407.078
        ],
        [
          -25643.2,
          132.806,
          -135.422
        ]
      ],
      "objLayer": 0,
      "props": {}
    },
    "bdt_t1_bomb_zone_04": {
      "type": "Sphere",
      "tm": [
        [
          335.39,
          0.0,
          300.025
        ],
        [
          0.0,
          450.0,
          0.0
        ],
        [
          -300.025,
          0.0,
          335.39
        ],
        [
          -4504.7,
          200.883,
          -7825.44
        ]
      ],
      "objLayer": 0,
      "props": {}
    },
    "bdt_t2_bomb_zone_01_aaa_point_01": {
      "type": "Point",
      "tm": [
        [
          0.912204,
          0.0,
          0.409734
        ],
        [
          0.0,
          1.0,
          0.0
        ],
        [
          -0.409734,
          0.0,
          0.912204
        ],
        [
          -25881.9,
          109.013,
          -6751.01
        ]
      ],
      "objLayer": 0,
      "props": {}
    },
    "bdt_t2_bomb_zone_01_aaa_point_02": {
      "type": "Point",
      "tm": [
        [
          0.912204,
          0.0,
          0.409734
        ],
        [
          0.0,
          1.0,
          0.0
        ],
        [
          -0.409734,
          0.0,
          0.912204
        ],
        [
          -26228.8,
          120.153,
          -6378.35
        ]
      ],
      "objLayer": 0,
      "props": {}
    },
    "bdt_t2_bomb_zone_01_aaa_point_03": {
      "type": "Point",
      "tm": [
        [
          0.912204,
          0.0,
          0.409734
        ],
        [
          0.0,
          1.0,
          0.0
        ],
        [
          -0.409734,
          0.0,
          0.912204
        ],
        [
          -26123.8,
          112.596,
          -6322.28
        ]
      ],
      "objLayer": 0,
      "props": {}
    },
    "bdt_t2_bomb_zone_01_aaa_point_04": {
      "type": "Point",
      "tm": [
        [
          0.912204,
          0.0,
          0.409734
        ],
        [
          0.0,
          1.0,
          0.0
        ],
        [
          -0.409734,
          0.0,
          0.912204
        ],
        [
          -25782.2,
          113.411,
          -6143.23
        ]
      ],
      "objLayer": 0,
      "props": {}
    },
    "bdt_t2_bomb_zone_02_aaa_point_01": {
      "type": "Point",
      "tm": [
        [
          0.912204,
          0.0,
          0.409734
        ],
        [
          0.0,
          1.0,
          0.0
        ],
        [
          -0.409734,
          0.0,
          0.912204
        ],
        [
          -22709.9,
          165.891,
          -12567.8
        ]
      ],
      "objLayer": 0,
      "props": {}
    },
    "bdt_t2_bomb_zone_02_aaa_point_02": {
      "type": "Point",
      "tm": [
        [
          0.912204,
          0.0,
          0.409734
        ],
        [
          0.0,
          1.0,
          0.0
        ],
        [
          -0.409734,
          0.0,
          0.912204
        ],
        [
          -22661.8,
          156.275,
          -12030.9
        ]
      ],
      "objLayer": 0,
      "props": {}
    },
    "bdt_t2_bomb_zone_02_aaa_point_03": {
      "type": "Point",
      "tm": [
        [
          0.912204,
          0.0,
          0.409734
        ],
        [
          0.0,
          1.0,
          0.0
        ],
        [
          -0.409734,
          0.0,
          0.912204
        ],
        [
          -22869.4,
          157.858,
          -12355.8
        ]
      ],
      "objLayer": 0,
      "props": {}
    },
    "bdt_t2_bomb_zone_02_aaa_point_04": {
      "type": "Point",
      "tm": [
        [
          0.912204,
          0.0,
          0.409734
        ],
        [
          0.0,
          1.0,
          0.0
        ],
        [
          -0.409734,
          0.0,
          0.912204
        ],
        [
          -22367.7,
          153.751,
          -12293.3
        ]
      ],
      "objLayer": 0,
      "props": {}
    },
    "bdt_t2_bomb_zone_03_aaa_point_01": {
      "type": "Point",
      "tm": [
        [
          0.912204,
          0.0,
          0.409734
        ],
        [
          0.0,
          1.0,
          0.0
        ],
        [
          -0.409734,
          0.0,
          0.912204
        ],
        [
          -17089.3,
          68.3916,
          -15080.7
        ]
      ],
      "objLayer": 0,
      "props": {}
    },
    "bdt_t2_bomb_zone_03_aaa_point_02": {
      "type": "Point",
      "tm": [
        [
          0.912204,
          0.0,
          0.409734
        ],
        [
          0.0,
          1.0,
          0.0
        ],
        [
          -0.409734,
          0.0,
          0.912204
        ],
        [
          -17529.5,
          81.2635,
          -14646.2
        ]
      ],
      "objLayer": 0,
      "props": {}
    },
    "bdt_t2_bomb_zone_03_aaa_point_03": {
      "type": "Point",
      "tm": [
        [
          0.912204,
          0.0,
          0.409734
        ],
        [
          0.0,
          1.0,
          0.0
        ],
        [
          -0.409734,
          0.0,
          0.912204
        ],
        [
          -17802.1,
          87.9816,
          -14788.2
        ]
      ],
      "objLayer": 0,
      "props": {}
    },
    "bdt_t2_bomb_zone_03_aaa_point_04": {
      "type": "Point",
      "tm": [
        [
          0.912204,
          0.0,
          0.409734
        ],
        [
          0.0,
          1.0,
          0.0
        ],
        [
          -0.409734,
          0.0,
          0.912204
        ],
        [
          -17677.1,
          107.29,
          -15232.8
        ]
      ],
      "objLayer": 0,
      "props": {}
    },
    "bdt_t2_bomb_zone_04_aaa_point_01": {
      "type": "Point",
      "tm": [
        [
          0.912204,
          0.0,
          0.409734
        ],
        [
          0.0,
          1.0,
          0.0
        ],
        [
          -0.409734,
          0.0,
          0.912204
        ],
        [
          -25519.5,
          138.872,
          173.051
        ]
      ],
      "objLayer": 0,
      "props": {}
    },
    "bdt_t2_bomb_zone_04_aaa_point_02": {
      "type": "Point",
      "tm": [
        [
          0.912204,
          0.0,
          0.409734
        ],
        [
          0.0,
          1.0,
          0.0
        ],
        [
          -0.409734,
          0.0,
          0.912204
        ],
        [
          -25927.8,
          153.021,
          -33.8618
        ]
      ],
      "objLayer": 0,
      "props": {}
    },
    "bdt_t2_bomb_zone_04_aaa_point_03": {
      "type": "Point",
      "tm": [
        [
          0.912204,
          0.0,
          0.409734
        ],
        [
          0.0,
          1.0,
          0.0
        ],
        [
          -0.409734,
          0.0,
          0.912204
        ],
        [
          -25438.0,
          94.5907,
          -305.391
        ]
      ],
      "objLayer": 0,
      "props": {}
    },
    "bdt_t2_bomb_zone_04_aaa_point_04": {
      "type": "Point",
      "tm": [
        [
          0.912204,
          0.0,
          0.409734
        ],
        [
          0.0,
          1.0,
          0.0
        ],
        [
          -0.409734,
          0.0,
          0.912204
        ],
        [
          -25670.4,
          113.481,
          -380.816
        ]
      ],
      "objLayer": 0,
      "props": {}
    },
    "bdt_t1_bomb_zone_01_aaa_point_01": {
      "type": "Point",
      "tm": [
        [
          0.728077,
          0.0,
          0.685494
        ],
        [
          0.0,
          1.0,
          0.0
        ],
        [
          -0.685494,
          0.0,
          0.728077
        ],
        [
          -12373.8,
          168.342,
          7200.8
        ]
      ],
      "objLayer": 0,
      "props": {}
    },
    "bdt_t1_bomb_zone_01_aaa_point_02": {
      "type": "Point",
      "tm": [
        [
          0.728077,
          0.0,
          0.685494
        ],
        [
          0.0,
          1.0,
          0.0
        ],
        [
          -0.685494,
          0.0,
          0.728077
        ],
        [
          -12773.8,
          169.732,
          6895.76
        ]
      ],
      "objLayer": 0,
      "props": {}
    },
    "bdt_t1_bomb_zone_01_aaa_point_03": {
      "type": "Point",
      "tm": [
        [
          0.728077,
          0.0,
          0.685494
        ],
        [
          0.0,
          1.0,
          0.0
        ],
        [
          -0.685494,
          0.0,
          0.728077
        ],
        [
          -12415.7,
          165.131,
          6831.21
        ]
      ],
      "objLayer": 0,
      "props": {}
    },
    "bdt_t1_bomb_zone_01_aaa_point_04": {
      "type": "Point",
      "tm": [
        [
          0.728077,
          0.0,
          0.685494
        ],
        [
          0.0,
          1.0,
          0.0
        ],
        [
          -0.685494,
          0.0,
          0.728077
        ],
        [
          -12639.8,
          167.169,
          6787.04
        ]
      ],
      "objLayer": 0,
      "props": {}
    },
    "bdt_t1_bomb_zone_02_aaa_point_01": {
      "type": "Point",
      "tm": [
        [
          0.728077,
          0.0,
          0.685494
        ],
        [
          0.0,
          1.0,
          0.0
        ],
        [
          -0.685494,
          0.0,
          0.728077
        ],
        [
          -7370.21,
          204.453,
          4489.61
        ]
      ],
      "objLayer": 0,
      "props": {}
    },
    "bdt_t1_bomb_zone_02_aaa_point_02": {
      "type": "Point",
      "tm": [
        [
          0.728077,
          0.0,
          0.685494
        ],
        [
          0.0,
          1.0,
          0.0
        ],
        [
          -0.685494,
          0.0,
          0.728077
        ],
        [
          -7624.12,
          204.56,
          4348.88
        ]
      ],
      "objLayer": 0,
      "props": {}
    },
    "bdt_t1_bomb_zone_02_aaa_point_03": {
      "type": "Point",
      "tm": [
        [
          0.728077,
          0.0,
          0.685494
        ],
        [
          0.0,
          1.0,
          0.0
        ],
        [
          -0.685494,
          0.0,
          0.728077
        ],
        [
          -7132.56,
          204.998,
          3851.33
        ]
      ],
      "objLayer": 0,
      "props": {}
    },
    "bdt_t1_bomb_zone_02_aaa_point_04": {
      "type": "Point",
      "tm": [
        [
          0.728077,
          0.0,
          0.685494
        ],
        [
          0.0,
          1.0,
          0.0
        ],
        [
          -0.685494,
          0.0,
          0.728077
        ],
        [
          -7654.66,
          204.81,
          4022.25
        ]
      ],
      "objLayer": 0,
      "props": {}
    },
    "bdt_t1_bomb_zone_03_aaa_point_01": {
      "type": "Point",
      "tm": [
        [
          0.728077,
          0.0,
          0.685494
        ],
        [
          0.0,
          1.0,
          0.0
        ],
        [
          -0.685494,
          0.0,
          0.728077
        ],
        [
          -3984.19,
          131.467,
          -1637.35
        ]
      ],
      "objLayer": 0,
      "props": {}
    },
    "bdt_t1_bomb_zone_03_aaa_point_02": {
      "type": "Point",
      "tm": [
        [
          0.728077,
          0.0,
          0.685494
        ],
        [
          0.0,
          1.0,
          0.0
        ],
        [
          -0.685494,
          0.0,
          0.728077
        ],
        [
          -4019.8,
          111.114,
          -1088.86
        ]
      ],
      "objLayer": 0,
      "props": {}
    },
    "bdt_t1_bomb_zone_03_aaa_point_03": {
      "type": "Point",
      "tm": [
        [
          0.728077,
          0.0,
          0.685494
        ],
        [
          0.0,
          1.0,
          0.0
        ],
        [
          -0.685494,
          0.0,
          0.728077
        ],
        [
          -4263.57,
          111.79,
          -1226.71
        ]
      ],
      "objLayer": 0,
      "props": {}
    },
    "bdt_t1_bomb_zone_03_aaa_point_04": {
      "type": "Point",
      "tm": [
        [
          0.728077,
          0.0,
          0.685494
        ],
        [
          0.0,
          1.0,
          0.0
        ],
        [
          -0.685494,
          0.0,
          0.728077
        ],
        [
          -3734.96,
          122.49,
          -1329.43
        ]
      ],
      "objLayer": 0,
      "props": {}
    },
    "bdt_t1_bomb_zone_04_aaa_point_01": {
      "type": "Point",
      "tm": [
        [
          0.728077,
          0.0,
          0.685494
        ],
        [
          0.0,
          1.0,
          0.0
        ],
        [
          -0.685494,
          0.0,
          0.728077
        ],
        [
          -4203.81,
          206.361,
          -7726.21
        ]
      ],
      "objLayer": 0,
      "props": {}
    },
    "bdt_t1_bomb_zone_04_aaa_point_02": {
      "type": "Point",
      "tm": [
        [
          0.728077,
          0.0,
          0.685494
        ],
        [
          0.0,
          1.0,
          0.0
        ],
        [
          -0.685494,
          0.0,
          0.728077
        ],
        [
          -4486.27,
          200.729,
          -7573.3
        ]
      ],
      "objLayer": 0,
      "props": {}
    },
    "bdt_t1_bomb_zone_04_aaa_point_03": {
      "type": "Point",
      "tm": [
        [
          0.728077,
          0.0,
          0.685494
        ],
        [
          0.0,
          1.0,
          0.0
        ],
        [
          -0.685494,
          0.0,
          0.728077
        ],
        [
          -4309.73,
          204.786,
          -8041.31
        ]
      ],
      "objLayer": 0,
      "props": {}
    },
    "bdt_t1_bomb_zone_04_aaa_point_04": {
      "type": "Point",
      "tm": [
        [
          0.728077,
          0.0,
          0.685494
        ],
        [
          0.0,
          1.0,
          0.0
        ],
        [
          -0.685494,
          0.0,
          0.728077
        ],
        [
          -4805.09,
          208.398,
          -7734.39
        ]
      ],
      "objLayer": 0,
      "props": {}
    },
    "bdt_t1_bomb_zone_05": {
      "type": "Sphere",
      "tm": [
        [
          335.39,
          0.0,
          300.025
        ],
        [
          0.0,
          450.0,
          0.0
        ],
        [
          -300.025,
          0.0,
          335.39
        ],
        [
          -6918.68,
          163.622,
          -8581.79
        ]
      ],
      "objLayer": 0,
      "props": {}
    },
    "bdt_t1_bomb_zone_06": {
      "type": "Sphere",
      "tm": [
        [
          335.39,
          0.0,
          300.025
        ],
        [
          0.0,
          450.0,
          0.0
        ],
        [
          -300.025,
          0.0,
          335.39
        ],
        [
          -5543.72,
          188.136,
          -5063.6
        ]
      ],
      "objLayer": 0,
      "props": {}
    },
    "bdt_t1_bomb_zone_07": {
      "type": "Sphere",
      "tm": [
        [
          335.39,
          0.0,
          300.025
        ],
        [
          0.0,
          450.0,
          0.0
        ],
        [
          -300.025,
          0.0,
          335.39
        ],
        [
          -6072.75,
          197.418,
          -1580.45
        ]
      ],
      "objLayer": 0,
      "props": {}
    },
    "bdt_t1_bomb_zone_08": {
      "type": "Sphere",
      "tm": [
        [
          444.067,
          0.0,
          72.8317
        ],
        [
          0.0,
          450.0,
          0.0
        ],
        [
          -72.8317,
          0.0,
          444.067
        ],
        [
          -14934.6,
          127.698,
          5250.74
        ]
      ],
      "objLayer": 0,
      "props": {}
    },
    "bdt_t1_bomb_zone_09": {
      "type": "Sphere",
      "tm": [
        [
          444.067,
          0.0,
          72.8317
        ],
        [
          0.0,
          450.0,
          0.0
        ],
        [
          -72.8317,
          0.0,
          444.067
        ],
        [
          -11828.5,
          199.886,
          4545.46
        ]
      ],
      "objLayer": 0,
      "props": {}
    },
    "bdt_t1_bomb_zone_10": {
      "type": "Sphere",
      "tm": [
        [
          444.067,
          0.0,
          72.8317
        ],
        [
          0.0,
          450.0,
          0.0
        ],
        [
          -72.8317,
          0.0,
          444.067
        ],
        [
          -8804.8,
          218.753,
          2800.65
        ]
      ],
      "objLayer": 0,
      "props": {}
    },
    "bdt_t1_bomb_zone_05_aaa_point_01": {
      "type": "Point",
      "tm": [
        [
          0.728077,
          0.0,
          0.685494
        ],
        [
          0.0,
          1.0,
          0.0
        ],
        [
          -0.685494,
          0.0,
          0.728077
        ],
        [
          -7133.15,
          163.787,
          -8752.45
        ]
      ],
      "objLayer": 0,
      "props": {}
    },
    "bdt_t1_bomb_zone_05_aaa_point_02": {
      "type": "Point",
      "tm": [
        [
          0.728077,
          0.0,
          0.685494
        ],
        [
          0.0,
          1.0,
          0.0
        ],
        [
          -0.685494,
          0.0,
          0.728077
        ],
        [
          -6748.99,
          164.487,
          -8823.76
        ]
      ],
      "objLayer": 0,
      "props": {}
    },
    "bdt_t1_bomb_zone_05_aaa_point_03": {
      "type": "Point",
      "tm": [
        [
          0.728077,
          0.0,
          0.685494
        ],
        [
          0.0,
          1.0,
          0.0
        ],
        [
          -0.685494,
          0.0,
          0.728077
        ],
        [
          -6528.71,
          163.555,
          -8360.11
        ]
      ],
      "objLayer": 0,
      "props": {}
    },
    "bdt_t1_bomb_zone_05_aaa_point_04": {
      "type": "Point",
      "tm": [
        [
          0.728077,
          0.0,
          0.685494
        ],
        [
          0.0,
          1.0,
          0.0
        ],
        [
          -0.685494,
          0.0,
          0.728077
        ],
        [
          -6896.14,
          162.921,
          -8305.21
        ]
      ],
      "objLayer": 0,
      "props": {}
    },
    "bdt_t1_bomb_zone_06_aaa_point_01": {
      "type": "Point",
      "tm": [
        [
          0.728077,
          0.0,
          0.685494
        ],
        [
          0.0,
          1.0,
          0.0
        ],
        [
          -0.685494,
          0.0,
          0.728077
        ],
        [
          -5479.26,
          172.371,
          -5394.68
        ]
      ],
      "objLayer": 0,
      "props": {}
    },
    "bdt_t1_bomb_zone_06_aaa_point_02": {
      "type": "Point",
      "tm": [
        [
          0.728077,
          0.0,
          0.685494
        ],
        [
          0.0,
          1.0,
          0.0
        ],
        [
          -0.685494,
          0.0,
          0.728077
        ],
        [
          -5733.79,
          171.58,
          -5326.8
        ]
      ],
      "objLayer": 0,
      "props": {}
    },
    "bdt_t1_bomb_zone_06_aaa_point_03": {
      "type": "Point",
      "tm": [
        [
          0.728077,
          0.0,
          0.685494
        ],
        [
          0.0,
          1.0,
          0.0
        ],
        [
          -0.685494,
          0.0,
          0.728077
        ],
        [
          -5748.13,
          191.941,
          -4831.64
        ]
      ],
      "objLayer": 0,
      "props": {}
    },
    "bdt_t1_bomb_zone_06_aaa_point_04": {
      "type": "Point",
      "tm": [
        [
          0.728077,
          0.0,
          0.685494
        ],
        [
          0.0,
          1.0,
          0.0
        ],
        [
          -0.685494,
          0.0,
          0.728077
        ],
        [
          -5259.47,
          195.913,
          -4975.14
        ]
      ],
      "objLayer": 0,
      "props": {}
    },
    "bdt_t1_bomb_zone_07_aaa_point_01": {
      "type": "Point",
      "tm": [
        [
          0.728077,
          0.0,
          0.685494
        ],
        [
          0.0,
          1.0,
          0.0
        ],
        [
          -0.685494,
          0.0,
          0.728077
        ],
        [
          -6143.24,
          194.887,
          -1287.52
        ]
      ],
      "objLayer": 0,
      "props": {}
    },
    "bdt_t1_bomb_zone_07_aaa_point_02": {
      "type": "Point",
      "tm": [
        [
          0.728077,
          0.0,
          0.685494
        ],
        [
          0.0,
          1.0,
          0.0
        ],
        [
          -0.685494,
          0.0,
          0.728077
        ],
        [
          -5995.54,
          205.085,
          -1920.56
        ]
      ],
      "objLayer": 0,
      "props": {}
    },
    "bdt_t1_bomb_zone_07_aaa_point_03": {
      "type": "Point",
      "tm": [
        [
          0.728077,
          0.0,
          0.685494
        ],
        [
          0.0,
          1.0,
          0.0
        ],
        [
          -0.685494,
          0.0,
          0.728077
        ],
        [
          -5749.16,
          206.692,
          -1490.04
        ]
      ],
      "objLayer": 0,
      "props": {}
    },
    "bdt_t1_bomb_zone_07_aaa_point_04": {
      "type": "Point",
      "tm": [
        [
          0.728077,
          0.0,
          0.685494
        ],
        [
          0.0,
          1.0,
          0.0
        ],
        [
          -0.685494,
          0.0,
          0.728077
        ],
        [
          -6454.53,
          187.311,
          -1455.4
        ]
      ],
      "objLayer": 0,
      "props": {}
    },
    "bdt_t1_bomb_zone_08_aaa_point_01": {
      "type": "Point",
      "tm": [
        [
          0.728077,
          0.0,
          0.685494
        ],
        [
          0.0,
          1.0,
          0.0
        ],
        [
          -0.685494,
          0.0,
          0.728077
        ],
        [
          -15197.3,
          127.69,
          5416.66
        ]
      ],
      "objLayer": 0,
      "props": {}
    },
    "bdt_t1_bomb_zone_08_aaa_point_02": {
      "type": "Point",
      "tm": [
        [
          0.728077,
          0.0,
          0.685494
        ],
        [
          0.0,
          1.0,
          0.0
        ],
        [
          -0.685494,
          0.0,
          0.728077
        ],
        [
          -15064.0,
          127.694,
          4973.46
        ]
      ],
      "objLayer": 0,
      "props": {}
    },
    "bdt_t1_bomb_zone_08_aaa_point_03": {
      "type": "Point",
      "tm": [
        [
          0.728077,
          0.0,
          0.685494
        ],
        [
          0.0,
          1.0,
          0.0
        ],
        [
          -0.685494,
          0.0,
          0.728077
        ],
        [
          -14648.5,
          127.707,
          5035.99
        ]
      ],
      "objLayer": 0,
      "props": {}
    },
    "bdt_t1_bomb_zone_08_aaa_point_04": {
      "type": "Point",
      "tm": [
        [
          0.728077,
          0.0,
          0.685494
        ],
        [
          0.0,
          1.0,
          0.0
        ],
        [
          -0.685494,
          0.0,
          0.728077
        ],
        [
          -14740.5,
          127.705,
          5441.59
        ]
      ],
      "objLayer": 0,
      "props": {}
    },
    "bdt_t1_bomb_zone_09_aaa_point_01": {
      "type": "Point",
      "tm": [
        [
          0.728077,
          0.0,
          0.685494
        ],
        [
          0.0,
          1.0,
          0.0
        ],
        [
          -0.685494,
          0.0,
          0.728077
        ],
        [
          -12206.3,
          192.858,
          4304.65
        ]
      ],
      "objLayer": 0,
      "props": {}
    },
    "bdt_t1_bomb_zone_09_aaa_point_02": {
      "type": "Point",
      "tm": [
        [
          0.728077,
          0.0,
          0.685494
        ],
        [
          0.0,
          1.0,
          0.0
        ],
        [
          -0.685494,
          0.0,
          0.728077
        ],
        [
          -11738.7,
          199.889,
          4145.12
        ]
      ],
      "objLayer": 0,
      "props": {}
    },
    "bdt_t1_bomb_zone_09_aaa_point_03": {
      "type": "Point",
      "tm": [
        [
          0.728077,
          0.0,
          0.685494
        ],
        [
          0.0,
          1.0,
          0.0
        ],
        [
          -0.685494,
          0.0,
          0.728077
        ],
        [
          -12252.2,
          37.7184,
          4903.49
        ]
      ],
      "objLayer": 0,
      "props": {}
    },
    "bdt_t1_bomb_zone_09_aaa_point_04": {
      "type": "Point",
      "tm": [
        [
          0.728077,
          0.0,
          0.685494
        ],
        [
          0.0,
          1.0,
          0.0
        ],
        [
          -0.685494,
          0.0,
          0.728077
        ],
        [
          -11429.9,
          199.76,
