{
  "selected_tag": "",
  "bin_dump_file": "",
  "mission_settings": {
    "player": [
      {
        "army": 1
      },
      {
        "wing": "t1_player01"
      },
      {
        "wing": "t1_player02"
      },
      {
        "wing": "t1_player03"
      },
      {
        "wing": "t1_player04"
      },
      {
        "wing": "t1_player05"
      },
      {
        "wing": "t1_player06"
      },
      {
        "wing": "t1_player07"
      },
      {
        "wing": "t1_player08"
      },
      {
        "wing": "t1_player09"
      },
      {
        "wing": "t1_player10"
      },
      {
        "wing": "t1_player11"
      },
      {
        "wing": "t1_player12"
      },
      {
        "wing": "t1_player13"
      },
      {
        "wing": "t1_player14"
      },
      {
        "wing": "t1_player15"
      },
      {
        "wing": "t1_player16"
      }
    ],
    "player_teamB": [
      {
        "army": 2
      },
      {
        "wing": "t2_player01"
      },
      {
        "wing": "t2_player02"
      },
      {
        "wing": "t2_player03"
      },
      {
        "wing": "t2_player04"
      },
      {
        "wing": "t2_player05"
      },
      {
        "wing": "t2_player06"
      },
      {
        "wing": "t2_player07"
      },
      {
        "wing": "t2_player08"
      },
      {
        "wing": "t2_player09"
      },
      {
        "wing": "t2_player10"
      },
      {
        "wing": "t2_player11"
      },
      {
        "wing": "t2_player12"
      },
      {
        "wing": "t2_player13"
      },
      {
        "wing": "t2_player14"
      },
      {
        "wing": "t2_player15"
      },
      {
        "wing": "t2_player16"
      },
      {
        "wing": "t2_player17"
      }
    ],
    "mission": {
      "level": "levels/water.bin",
      "type": "singleMission",
      "restoreType": "attempts",
      "optionalTakeOff": false,
      "environment": "Day",
      "weather": "hazy"
    },
    "spectator_points": []
  },
  "imports": [],
  "triggers": {
    "isCategory": true,
    "is_enabled": true,
    "init_spawns": {
      "is_enabled": true,
      "comments": "",
      "props": {
        "actionsType": "PERFORM_ONE_BY_ONE",
        "conditionsType": "ALL",
        "enableAfterComplete": false
      },
      "events": {
        "initMission": []
      },
      "conditions": [],
      "actions": [
        {
          "missionMarkAsRespawnPoint": {
            "loc_name": "",
            "spawnEffect": false,
            "isStrictSpawn": false,
            "isAirfield": false,
            "isUnit": false,
            "useExisting": false,
            "isIndividual": false,
            "removeAreas": false,
            "canSpawnOnNeutral": false,
            "showOnMap": true,
            "offset": [0.0,0.0,0.0],
            "radius": -1.0,
            "target": "spawnpoint01",
            "team": "A",
            "tags": []
          }
        },
        {
          "missionMarkAsRespawnPoint": {
            "loc_name": "",
            "spawnEffect": false,
            "isStrictSpawn": false,
            "isAirfield": false,
            "isUnit": false,
            "useExisting": false,
            "isIndividual": false,
            "removeAreas": false,
            "canSpawnOnNeutral": false,
            "showOnMap": true,
            "offset": [0.0,0.0,0.0],
            "radius": -1.0,
            "target": "spawnpoint02",
            "team": "B",
            "tags": []
          }
        }
      ],
      "else_actions": []
    }
  },
  "mission_objectives": {
    "isCategory": true,
    "is_enabled": true
  },
  "variables": [],
  "dialogs": [],
  "airfields": [],
  "effects": [],
  "units": [
    {
      "armada": {
        "name": "t1_player01",
        "tm": [
          [0.952787,0.0429567,-0.300583],
          [-0.0432462,0.999049,0.00569386],
          [0.300542,0.00757444,0.953739],
          [9866.59,689.521,-1260.26]
        ],
        "closed_waypoints": false,
        "unit_class": "fw-190f-8",
        "weapons": "",
        "objLayer": 0,
        "bullets0": "",
        "bullets1": "",
        "bullets2": "",
        "bullets3": "",
        "bulletsCount0": 0,
        "bulletsCount1": 0,
        "bulletsCount2": 0,
        "bulletsCount3": 0,
        "props": {
          "army": 1,
          "free_distance": 70.0,
          "floating_distance": 50.0,
          "minimum_distance_to_earth": 20.0,
          "altLimit": 6000.0,
          "attack_type": "fire_at_will",
          "skill": 4,
          "count": 1,
          "uniqueName": "",
          "plane": {
            "wing_formation": "F_DEFAULT",
            "ai_skill": "NORMAL",
            "task": "FLY_WAYPOINT",
            "row_distances": 1.5,
            "col_distances": 1.5,
            "super_formation": "Diamond",
            "super_row_distances": 1.5,
            "super_col_distances": 1.5
          }
        },
        "way": []
      }
    },
    {
      "armada": {
        "name": "t1_player02",
        "tm": [
          [0.952787,0.0429567,-0.300583],
          [-0.0432462,0.999049,0.00569386],
          [0.300542,0.00757444,0.953739],
          [9792.85,689.5,-1320.35]
        ],
        "closed_waypoints": false,
        "unit_class": "fw-190f-8",
        "weapons": "",
        "objLayer": 0,
        "bullets0": "",
        "bullets1": "",
        "bullets2": "",
        "bullets3": "",
        "bulletsCount0": 0,
        "bulletsCount1": 0,
        "bulletsCount2": 0,
        "bulletsCount3": 0,
        "props": {
          "army": 1,
          "free_distance": 70.0,
          "floating_distance": 50.0,
          "minimum_distance_to_earth": 20.0,
          "altLimit": 6000.0,
          "attack_type": "fire_at_will",
          "skill": 4,
          "count": 1,
          "uniqueName": "",
          "plane": {
            "wing_formation": "F_DEFAULT",
            "ai_skill": "NORMAL",
            "task": "FLY_WAYPOINT",
            "row_distances": 1.5,
            "col_distances": 1.5,
            "super_formation": "Diamond",
            "super_row_distances": 1.5,
            "super_col_distances": 1.5
          }
        },
        "way": []
      }
    },
    {
      "armada": {
        "name": "t1_player03",
        "tm": [
          [0.952787,0.0429567,-0.300583],
          [-0.0432462,0.999049,0.00569386],
          [0.300542,0.00757444,0.953739],
          [9640.7,689.5,-1284.3]
        ],
        "closed_waypoints": false,
        "unit_class": "fw-190f-8",
        "weapons": "",
        "objLayer": 0,
        "bullets0": "",
        "bullets1": "",
        "bullets2": "",
        "bullets3": "",
        "bulletsCount0": 0,
        "bulletsCount1": 0,
        "bulletsCount2": 0,
        "bulletsCount3": 0,
        "props": {
          "army": 1,
          "free_distance": 70.0,
          "floating_distance": 50.0,
          "minimum_distance_to_earth": 20.0,
          "altLimit": 6000.0,
          "attack_type": "fire_at_will",
          "skill": 4,
          "count": 1,
          "uniqueName": "",
          "plane": {
            "wing_formation": "F_DEFAULT",
            "ai_skill": "NORMAL",
            "task": "FLY_WAYPOINT",
            "row_distances": 1.5,
            "col_distances": 1.5,
            "super_formation": "Diamond",
            "super_row_distances": 1.5,
            "super_col_distances": 1.5
          }
        },
        "way": []
      }
    },
    {
      "armada": {
        "name": "t1_player04",
        "tm": [
          [0.952787,0.0429567,-0.300583],
          [-0.0432462,0.999049,0.00569386],
          [0.300542,0.00757444,0.953739],
          [9476.8,689.5,-1273.45]
        ],
        "closed_waypoints": false,
        "unit_class": "fw-190f-8",
        "weapons": "",
        "objLayer": 0,
        "bullets0": "",
        "bullets1": "",
        "bullets2": "",
        "bullets3": "",
        "bulletsCount0": 0,
        "bulletsCount1": 0,
        "bulletsCount2": 0,
        "bulletsCount3": 0,
        "props": {
          "army": 1,
          "free_distance": 70.0,
          "floating_distance": 50.0,
          "minimum_distance_to_earth": 20.0,
          "altLimit": 6000.0,
          "attack_type": "fire_at_will",
          "skill": 4,
          "count": 1,
          "uniqueName": "",
          "plane": {
            "wing_formation": "F_DEFAULT",
            "ai_skill": "NORMAL",
            "task": "FLY_WAYPOINT",
            "row_distances": 1.5,
            "col_distances": 1.5,
            "super_formation": "Diamond",
            "super_row_distances": 1.5,
            "super_col_distances": 1.5
          }
        },
        "way": []
      }
    },
    {
      "armada": {
        "name": "t1_player05",
        "tm": [
          [0.952787,0.0429567,-0.300583],
          [-0.0432462,0.999049,0.00569386],
          [0.300542,0.00757444,0.953739],
          [9177.9,689.5,-1202.4]
        ],
        "closed_waypoints": false,
        "unit_class": "fw-190f-8",
        "weapons": "",
        "objLayer": 0,
        "bullets0": "",
        "bullets1": "",
        "bullets2": "",
        "bullets3": "",
        "bulletsCount0": 0,
        "bulletsCount1": 0,
        "bulletsCount2": 0,
        "bulletsCount3": 0,
        "props": {
          "army": 1,
          "free_distance": 70.0,
          "floating_distance": 50.0,
          "minimum_distance_to_earth": 20.0,
          "altLimit": 6000.0,
          "attack_type": "fire_at_will",
          "skill": 4,
          "count": 1,
          "uniqueName": "",
          "plane": {
            "wing_formation": "F_DEFAULT",
            "ai_skill": "NORMAL",
            "task": "FLY_WAYPOINT",
            "row_distances": 1.5,
            "col_distances": 1.5,
            "super_formation": "Diamond",
            "super_row_distances": 1.5,
            "super_col_distances": 1.5
          }
        },
        "way": []
      }
    },
    {
      "armada": {
        "name": "t1_player06",
        "tm": [
          [0.952787,0.0429567,-0.300583],
          [-0.0432462,0.999049,0.00569386],
          [0.300542,0.00757444,0.953739],
          [8937.45,689.5,-1186.7]
        ],
        "closed_waypoints": false,
        "unit_class": "fw-190f-8",
        "weapons": "",
        "objLayer": 0,
        "bullets0": "",
        "bullets1": "",
        "bullets2": "",
        "bullets3": "",
        "bulletsCount0": 0,
        "bulletsCount1": 0,
        "bulletsCount2": 0,
        "bulletsCount3": 0,
        "props": {
          "army": 1,
          "free_distance": 70.0,
          "floating_distance": 50.0,
          "minimum_distance_to_earth": 20.0,
          "altLimit": 6000.0,
          "attack_type": "fire_at_will",
          "skill": 4,
          "count": 1,
          "uniqueName": "",
          "plane": {
            "wing_formation": "F_DEFAULT",
            "ai_skill": "NORMAL",
            "task": "FLY_WAYPOINT",
            "row_distances": 1.5,
            "col_distances": 1.5,
            "super_formation": "Diamond",
            "super_row_distances": 1.5,
            "super_col_distances": 1.5
          }
        },
        "way": []
      }
    },
    {
      "armada": {
        "name": "t1_player07",
        "tm": [
          [0.952787,0.0429567,-0.300583],
          [-0.0432462,0.999049,0.00569386],
          [0.300542,0.00757444,0.953739],
          [8724.75,689.5,-1122.2]
        ],
        "closed_waypoints": false,
        "unit_class": "fw-190f-8",
        "weapons": "",
        "objLayer": 0,
        "bullets0": "",
        "bullets1": "",
        "bullets2": "",
        "bullets3": "",
        "bulletsCount0": 0,
        "bulletsCount1": 0,
        "bulletsCount2": 0,
        "bulletsCount3": 0,
        "props": {
          "army": 1,
          "free_distance": 70.0,
          "floating_distance": 50.0,
          "minimum_distance_to_earth": 20.0,
          "altLimit": 6000.0,
          "attack_type": "fire_at_will",
          "skill": 4,
          "count": 1,
          "uniqueName": "",
          "plane": {
            "wing_formation": "F_DEFAULT",
            "ai_skill": "NORMAL",
            "task": "FLY_WAYPOINT",
            "row_distances": 1.5,
            "col_distances": 1.5,
            "super_formation": "Diamond",
            "super_row_distances": 1.5,
            "super_col_distances": 1.5
          }
        },
        "way": []
      }
    },
    {
      "armada": {
        "name": "t1_player08",
        "tm": [
          [0.952787,0.0429567,-0.300583],
          [-0.0432462,0.999049,0.00569386],
          [0.300542,0.00757444,0.953739],
          [8489.2,689.5,-1107.1]
        ],
        "closed_waypoints": false,
        "unit_class": "fw-190f-8",
        "weapons": "",
        "objLayer": 0,
        "bullets0": "",
        "bullets1": "",
        "bullets2": "",
        "bullets3": "",
        "bulletsCount0": 0,
        "bulletsCount1": 0,
        "bulletsCount2": 0,
        "bulletsCount3": 0,
        "props": {
          "army": 1,
          "free_distance": 70.0,
          "floating_distance": 50.0,
          "minimum_distance_to_earth": 20.0,
          "altLimit": 6000.0,
          "attack_type": "fire_at_will",
          "skill": 4,
          "count": 1,
          "uniqueName": "",
          "plane": {
            "wing_formation": "F_DEFAULT",
            "ai_skill": "NORMAL",
            "task": "FLY_WAYPOINT",
            "row_distances": 1.5,
            "col_distances": 1.5,
            "super_formation": "Diamond",
            "super_row_distances": 1.5,
            "super_col_distances": 1.5
          }
        },
        "way": []
      }
    },
    {
      "armada": {
        "name": "t1_player09",
        "tm": [
          [0.952787,0.0429567,-0.300583],
          [-0.0432462,0.999049,0.00569386],
          [0.300542,0.00757444,0.953739],
          [8378.6,689.5,-1087.45]
        ],
        "closed_waypoints": false,
        "unit_class": "fw-190f-8",
        "weapons": "",
        "objLayer": 0,
        "bullets0": "",
        "bullets1": "",
        "bullets2": "",
        "bullets3": "",
        "bulletsCount0": 0,
        "bulletsCount1": 0,
        "bulletsCount2": 0,
        "bulletsCount3": 0,
        "props": {
          "army": 1,
          "free_distance": 70.0,
          "floating_distance": 50.0,
          "minimum_distance_to_earth": 20.0,
          "altLimit": 6000.0,
          "attack_type": "fire_at_will",
          "skill": 4,
          "count": 1,
          "uniqueName": "",
          "plane": {
            "wing_formation": "F_DEFAULT",
            "ai_skill": "NORMAL",
            "task": "FLY_WAYPOINT",
            "row_distances": 1.5,
            "col_distances": 1.5,
            "super_formation": "Diamond",
            "super_row_distances": 1.5,
            "super_col_distances": 1.5
          }
        },
        "way": []
      }
    },
    {
      "armada": {
        "name": "t1_player10",
        "tm": [
          [0.952787,0.0429567,-0.300583],
          [-0.0432462,0.999049,0.00569386],
          [0.300542,0.00757444,0.953739],
          [8171.55,689.5,-1024.3]
        ],
        "closed_waypoints": false,
        "unit_class": "fw-190f-8",
        "weapons": "",
        "objLayer": 0,
        "bullets0": "",
        "bullets1": "",
        "bullets2": "",
        "bullets3": "",
        "bulletsCount0": 0,
        "bulletsCount1": 0,
        "bulletsCount2": 0,
        "bulletsCount3": 0,
        "props": {
          "army": 1,
          "free_distance": 70.0,
          "floating_distance": 50.0,
          "minimum_distance_to_earth": 20.0,
          "altLimit": 6000.0,
          "attack_type": "fire_at_will",
          "skill": 4,
          "count": 1,
          "uniqueName": "",
          "plane": {
            "wing_formation": "F_DEFAULT",
            "ai_skill": "NORMAL",
            "task": "FLY_WAYPOINT",
            "row_distances": 1.5,
            "col_distances": 1.5,
            "super_formation": "Diamond",
            "super_row_distances": 1.5,
            "super_col_distances": 1.5
          }
        },
        "way": []
      }
    },
    {
      "armada": {
        "name": "t1_player11",
        "tm": [
          [0.952787,0.0429567,-0.300583],
          [-0.0432462,0.999049,0.00569386],
          [0.300542,0.00757444,0.953739],
          [7909.95,689.5,-995.5]
        ],
        "closed_waypoints": false,
        "unit_class": "fw-190f-8",
        "weapons": "",
        "objLayer": 0,
        "bullets0": "",
        "bullets1": "",
        "bullets2": "",
        "bullets3": "",
        "bulletsCount0": 0,
        "bulletsCount1": 0,
        "bulletsCount2": 0,
        "bulletsCount3": 0,
        "props": {
          "army": 1,
          "free_distance": 70.0,
          "floating_distance": 50.0,
          "minimum_distance_to_earth": 20.0,
          "altLimit": 6000.0,
          "attack_type": "fire_at_will",
          "skill": 4,
          "count": 1,
          "uniqueName": "",
          "plane": {
            "wing_formation": "F_DEFAULT",
            "ai_skill": "NORMAL",
            "task": "FLY_WAYPOINT",
            "row_distances": 1.5,
            "col_distances": 1.5,
            "super_formation": "Diamond",
            "super_row_distances": 1.5,
            "super_col_distances": 1.5
          }
        },
        "way": []
      }
    },
    {
      "armada": {
        "name": "t1_player12",
        "tm": [
          [0.952787,0.0429567,-0.300583],
          [-0.0432462,0.999049,0.00569386],
          [0.300542,0.00757444,0.953739],
          [7783.0,689.5,-938.1]
        ],
        "closed_waypoints": false,
        "unit_class": "fw-190f-8",
        "weapons": "",
        "objLayer": 0,
        "bullets0": "",
        "bullets1": "",
        "bullets2": "",
        "bullets3": "",
        "bulletsCount0": 0,
        "bulletsCount1": 0,
        "bulletsCount2": 0,
        "bulletsCount3": 0,
        "props": {
          "army": 1,
          "free_distance": 70.0,
          "floating_distance": 50.0,
          "minimum_distance_to_earth": 20.0,
          "altLimit": 6000.0,
          "attack_type": "fire_at_will",
          "skill": 4,
          "count": 1,
          "uniqueName": "",
          "plane": {
            "wing_formation": "F_DEFAULT",
            "ai_skill": "NORMAL",
            "task": "FLY_WAYPOINT",
            "row_distances": 1.5,
            "col_distances": 1.5,
            "super_formation": "Diamond",
            "super_row_distances": 1.5,
            "super_col_distances": 1.5
          }
        },
        "way": []
      }
    },
    {
      "armada": {
        "name": "t1_player13",
        "tm": [
          [0.952787,0.0429567,-0.300583],
          [-0.0432462,0.999049,0.00569386],
          [0.300542,0.00757444,0.953739],
          [7656.95,689.5,-881.1]
        ],
        "closed_waypoints": false,
        "unit_class": "fw-190f-8",
        "weapons": "",
        "objLayer": 0,
        "bullets0": "",
        "bullets1": "",
        "bullets2": "",
        "bullets3": "",
        "bulletsCount0": 0,
        "bulletsCount1": 0,
        "bulletsCount2": 0,
        "bulletsCount3": 0,
        "props": {
          "army": 1,
          "free_distance": 70.0,
          "floating_distance": 50.0,
          "minimum_distance_to_earth": 20.0,
          "altLimit": 6000.0,
          "attack_type": "fire_at_will",
          "skill": 4,
          "count": 1,
          "uniqueName": "",
          "plane": {
            "wing_formation": "F_DEFAULT",
            "ai_skill": "NORMAL",
            "task": "FLY_WAYPOINT",
            "row_distances": 1.5,
            "col_distances": 1.5,
            "super_formation": "Diamond",
            "super_row_distances": 1.5,
            "super_col_distances": 1.5
          }
        },
        "way": []
      }
    },
    {
      "armada": {
        "name": "t1_player14",
        "tm": [
          [0.952787,0.0429567,-0.300583],
          [-0.0432462,0.999049,0.00569386],
          [0.300542,0.00757444,0.953739],
          [7463.85,689.5,-881.75]
        ],
        "closed_waypoints": false,
        "unit_class": "fw-190f-8",
        "weapons": "",
        "objLayer": 0,
        "bullets0": "",
        "bullets1": "",
        "bullets2": "",
        "bullets3": "",
        "bulletsCount0": 0,
        "bulletsCount1": 0,
        "bulletsCount2": 0,
        "bulletsCount3": 0,
        "props": {
          "army": 1,
          "free_distance": 70.0,
          "floating_distance": 50.0,
          "minimum_distance_to_earth": 20.0,
          "altLimit": 6000.0,
          "attack_type": "fire_at_will",
          "skill": 4,
          "count": 1,
          "uniqueName": "",
          "plane": {
            "wing_formation": "F_DEFAULT",
            "ai_skill": "NORMAL",
            "task": "FLY_WAYPOINT",
            "row_distances": 1.5,
            "col_distances": 1.5,
            "super_formation": "Diamond",
            "super_row_distances": 1.5,
            "super_col_distances": 1.5
          }
        },
        "way": []
      }
    },
    {
      "armada": {
        "name": "t1_player15",
        "tm": [
          [0.952787,0.0429567,-0.300583],
          [-0.0432462,0.999049,0.00569386],
          [0.300542,0.00757444,0.953739],
          [7265.9,689.5,-821.0]
        ],
        "closed_waypoints": false,
        "unit_class": "fw-190f-8",
        "weapons": "",
        "objLayer": 0,
        "bullets0": "",
        "bullets1": "",
        "bullets2": "",
        "bullets3": "",
        "bulletsCount0": 0,
        "bulletsCount1": 0,
        "bulletsCount2": 0,
        "bulletsCount3": 0,
        "props": {
          "army": 1,
          "free_distance": 70.0,
          "floating_distance": 50.0,
          "minimum_distance_to_earth": 20.0,
          "altLimit": 6000.0,
          "attack_type": "fire_at_will",
          "skill": 4,
          "count": 1,
          "uniqueName": "",
          "plane": {
            "wing_formation": "F_DEFAULT",
            "ai_skill": "NORMAL",
            "task": "FLY_WAYPOINT",
            "row_distances": 1.5,
            "col_distances": 1.5,
            "super_formation": "Diamond",
            "super_row_distances": 1.5,
            "super_col_distances": 1.5
          }
        },
        "way": []
      }
    },
    {
      "armada": {
        "name": "t1_player16",
        "tm": [
          [0.952787,0.0429567,-0.300583],
          [-0.0432462,0.999049,0.00569386],
          [0.300542,0.00757444,0.953739],
          [7082.05,689.5,-737.3]
        ],
        "closed_waypoints": false,
        "unit_class": "fw-190f-8",
        "weapons": "",
        "objLayer": 0,
        "bullets0": "",
        "bullets1": "",
        "bullets2": "",
        "bullets3": "",
        "bulletsCount0": 0,
        "bulletsCount1": 0,
        "bulletsCount2": 0,
        "bulletsCount3": 0,
        "props": {
          "army": 1,
          "free_distance": 70.0,
          "floating_distance": 50.0,
          "minimum_distance_to_earth": 20.0,
          "altLimit": 6000.0,
          "attack_type": "fire_at_will",
          "skill": 4,
          "count": 1,
          "uniqueName": "",
          "plane": {
            "wing_formation": "F_DEFAULT",
            "ai_skill": "NORMAL",
            "task": "FLY_WAYPOINT",
            "row_distances": 1.5,
            "col_distances": 1.5,
            "super_formation": "Diamond",
            "super_row_distances": 1.5,
            "super_col_distances": 1.5
          }
        },
        "way": []
      }
    },
    {
      "armada": {
        "name": "t2_player01",
        "tm": [
          [0.952787,0.0429567,-0.300583],
          [-0.0432462,0.999049,0.00569386],
          [0.300542,0.00757444,0.953739],
          [9799.1,689.5,-3175.65]
        ],
        "closed_waypoints": false,
        "unit_class": "fw-190f-8",
        "weapons": "",
        "objLayer": 0,
        "bullets0": "",
        "bullets1": "",
        "bullets2": "",
        "bullets3": "",
        "bulletsCount0": 0,
        "bulletsCount1": 0,
        "bulletsCount2": 0,
        "bulletsCount3": 0,
        "props": {
          "army": 2,
          "free_distance": 70.0,
          "floating_distance": 50.0,
          "minimum_distance_to_earth": 20.0,
          "altLimit": 6000.0,
          "attack_type": "fire_at_will",
          "skill": 4,
          "count": 1,
          "uniqueName": "",
          "plane": {
            "wing_formation": "F_DEFAULT",
            "ai_skill": "NORMAL",
            "task": "FLY_WAYPOINT",
            "row_distances": 1.5,
            "col_distances": 1.5,
            "super_formation": "Diamond",
            "super_row_distances": 1.5,
            "super_col_distances": 1.5
          }
        },
        "way": []
      }
    },
    {
      "armada": {
        "name": "t2_player02",
        "tm": [
          [0.952787,0.0429567,-0.300583],
          [-0.0432462,0.999049,0.00569386],
          [0.300542,0.00757444,0.953739],
          [9489.8,689.5,-3088.95]
        ],
        "closed_waypoints": false,
        "unit_class": "fw-190f-8",
        "weapons": "",
        "objLayer": 0,
        "bullets0": "",
        "bullets1": "",
        "bullets2": "",
        "bullets3": "",
        "bulletsCount0": 0,
        "bulletsCount1": 0,
        "bulletsCount2": 0,
        "bulletsCount3": 0,
        "props": {
          "army": 2,
          "free_distance": 70.0,
          "floating_distance": 50.0,
          "minimum_distance_to_earth": 20.0,
          "altLimit": 6000.0,
          "attack_type": "fire_at_will",
          "skill": 4,
          "count": 1,
          "uniqueName": "",
          "plane": {
            "wing_formation": "F_DEFAULT",
            "ai_skill": "NORMAL",
            "task": "FLY_WAYPOINT",
            "row_distances": 1.5,
            "col_distances": 1.5,
            "super_formation": "Diamond",
            "super_row_distances": 1.5,
            "super_col_distances": 1.5
          }
        },
        "way": []
      }
    },
    {
      "armada": {
        "name": "t2_player03",
        "tm": [
          [0.952787,0.0429567,-0.300583],
          [-0.0432462,0.999049,0.00569386],
          [0.300542,0.00757444,0.953739],
          [9219.55,689.5,-3020.4]
        ],
        "closed_waypoints": false,
        "unit_class": "fw-190f-8",
        "weapons": "",
        "objLayer": 0,
        "bullets0": "",
        "bullets1": "",
        "bullets2": "",
        "bullets3": "",
        "bulletsCount0": 0,
        "bulletsCount1": 0,
        "bulletsCount2": 0,
        "bulletsCount3": 0,
        "props": {
          "army": 2,
          "free_distance": 70.0,
          "floating_distance": 50.0,
          "minimum_distance_to_earth": 20.0,
          "altLimit": 6000.0,
          "attack_type": "fire_at_will",
          "skill": 4,
          "count": 1,
          "uniqueName": "",
          "plane": {
            "wing_formation": "F_DEFAULT",
            "ai_skill": "NORMAL",
            "task": "FLY_WAYPOINT",
            "row_distances": 1.5,
            "col_distances": 1.5,
            "super_formation": "Diamond",
            "super_row_distances": 1.5,
            "super_col_distances": 1.5
          }
        },
        "way": []
      }
    },
    {
      "armada": {
        "name": "t2_player04",
        "tm": [
          [0.952787,0.0429567,-0.300583],
          [-0.0432462,0.999049,0.00569386],
          [0.300542,0.00757444,0.953739],
          [9008.25,689.5,-3011.5]
        ],
        "closed_waypoints": false,
        "unit_class": "fw-190f-8",
        "weapons": "",
        "objLayer": 0,
        "bullets0": "",
        "bullets1": "",
        "bullets2": "",
        "bullets3": "",
        "bulletsCount0": 0,
        "bulletsCount1": 0,
        "bulletsCount2": 0,
        "bulletsCount3": 0,
        "props": {
          "army": 2,
          "free_distance": 70.0,
          "floating_distance": 50.0,
          "minimum_distance_to_earth": 20.0,
          "altLimit": 6000.0,
          "attack_type": "fire_at_will",
          "skill": 4,
          "count": 1,
          "uniqueName": "",
          "plane": {
            "wing_formation": "F_DEFAULT",
            "ai_skill": "NORMAL",
            "task": "FLY_WAYPOINT",
            "row_distances": 1.5,
            "col_distances": 1.5,
            "super_formation": "Diamond",
            "super_row_distances": 1.5,
            "super_col_distances": 1.5
          }
        },
        "way": []
      }
    },
    {
      "armada": {
        "name": "t2_player05",
        "tm": [
          [0.952787,0.0429567,-0.300583],
          [-0.0432462,0.999049,0.00569386],
          [0.300542,0.00757444,0.953739],
          [8701.95,689.5,-3011.5]
        ],
        "closed_waypoints": false,
        "unit_class": "fw-190f-8",
        "weapons": "",
        "objLayer": 0,
        "bullets0": "",
        "bullets1": "",
        "bullets2": "",
        "bullets3": "",
        "bulletsCount0": 0,
        "bulletsCount1": 0,
        "bulletsCount2": 0,
        "bulletsCount3": 0,
        "props": {
          "army": 2,
          "free_distance": 70.0,
          "floating_distance": 50.0,
          "minimum_distance_to_earth": 20.0,
          "altLimit": 6000.0,
          "attack_type": "fire_at_will",
          "skill": 4,
          "count": 1,
          "uniqueName": "",
          "plane": {
            "wing_formation": "F_DEFAULT",
            "ai_skill": "NORMAL",
            "task": "FLY_WAYPOINT",
            "row_distances": 1.5,
            "col_distances": 1.5,
            "super_formation": "Diamond",
            "super_row_distances": 1.5,
            "super_col_distances": 1.5
          }
        },
        "way": []
      }
    },
    {
      "armada": {
        "name": "t2_player06",
        "tm": [
          [0.952787,0.0429567,-0.300583],
          [-0.0432462,0.999049,0.00569386],
          [0.300542,0.00757444,0.953739],
          [8528.7,689.5,-3019.45]
        ],
        "closed_waypoints": false,
        "unit_class": "fw-190f-8",
        "weapons": "",
        "objLayer": 0,
        "bullets0": "",
        "bullets1": "",
        "bullets2": "",
        "bullets3": "",
        "bulletsCount0": 0,
        "bulletsCount1": 0,
        "bulletsCount2": 0,
        "bulletsCount3": 0,
        "props": {
          "army": 2,
          "free_distance": 70.0,
          "floating_distance": 50.0,
          "minimum_distance_to_earth": 20.0,
          "altLimit": 6000.0,
          "attack_type": "fire_at_will",
          "skill": 4,
          "count": 1,
          "uniqueName": "",
          "plane": {
            "wing_formation": "F_DEFAULT",
            "ai_skill": "NORMAL",
            "task": "FLY_WAYPOINT",
            "row_distances": 1.5,
            "col_distances": 1.5,
            "super_formation": "Diamond",
            "super_row_distances": 1.5,
            "super_col_distances": 1.5
          }
        },
        "way": []
      }
    },
    {
      "armada": {
        "name": "t2_player07",
        "tm": [
          [0.952787,0.0429567,-0.300583],
          [-0.0432462,0.999049,0.00569386],
          [0.300542,0.00757444,0.953739],
          [8303.0,689.5,-2969.3]
        ],
        "closed_waypoints": false,
        "unit_class": "fw-190f-8",
        "weapons": "",
        "objLayer": 0,
        "bullets0": "",
        "bullets1": "",
        "bullets2": "",
        "bullets3": "",
        "bulletsCount0": 0,
        "bulletsCount1": 0,
        "bulletsCount2": 0,
        "bulletsCount3": 0,
        "props": {
          "army": 2,
          "free_distance": 70.0,
          "floating_distance": 50.0,
          "minimum_distance_to_earth": 20.0,
          "altLimit": 6000.0,
          "attack_type": "fire_at_will",
          "skill": 4,
          "count": 1,
          "uniqueName": "",
          "plane": {
            "wing_formation": "F_DEFAULT",
            "ai_skill": "NORMAL",
            "task": "FLY_WAYPOINT",
            "row_distances": 1.5,
            "col_distances": 1.5,
            "super_formation": "Diamond",
            "super_row_distances": 1.5,
            "super_col_distances": 1.5
          }
        },
        "way": []
      }
    },
    {
      "armada": {
        "name": "t2_player08",
        "tm": [
          [0.952787,0.0429567,-0.300583],
          [-0.0432462,0.999049,0.00569386],
          [0.300542,0.00757444,0.953739],
          [8112.5,689.5,-2936.15]
        ],
        "closed_waypoints": false,
        "unit_class": "fw-190f-8",
        "weapons": "",
        "objLayer": 0,
        "bullets0": "",
        "bullets1": "",
        "bullets2": "",
        "bullets3": "",
        "bulletsCount0": 0,
        "bulletsCount1": 0,
        "bulletsCount2": 0,
        "bulletsCount3": 0,
        "props": {
          "army": 2,
          "free_distance": 70.0,
          "floating_distance": 50.0,
          "minimum_distance_to_earth": 20.0,
          "altLimit": 6000.0,
          "attack_type": "fire_at_will",
          "skill": 4,
          "count": 1,
          "uniqueName": "",
          "plane": {
            "wing_formation": "F_DEFAULT",
            "ai_skill": "NORMAL",
            "task": "FLY_WAYPOINT",
            "row_distances": 1.5,
            "col_distances": 1.5,
            "super_formation": "Diamond",
            "super_row_distances": 1.5,
            "super_col_distances": 1.5
          }
        },
        "way": []
      }
    },
    {
      "armada": {
        "name": "t2_player09",
        "tm": [
          [0.952787,0.0429567,-0.300583],
          [-0.0432462,0.999049,0.00569386],
          [0.300542,0.00757444,0.953739],
          [7903.8,689.5,-2862.4]
        ],
        "closed_waypoints": false,
        "unit_class": "fw-190f-8",
        "weapons": "",
        "objLayer": 0,
        "bullets0": "",
        "bullets1": "",
        "bullets2": "",
        "bullets3": "",
        "bulletsCount0": 0,
        "bulletsCount1": 0,
        "bulletsCount2": 0,
        "bulletsCount3": 0,
        "props": {
          "army": 2,
          "free_distance": 70.0,
          "floating_distance": 50.0,
          "minimum_distance_to_earth": 20.0,
          "altLimit": 6000.0,
          "attack_type": "fire_at_will",
          "skill": 4,
          "count": 1,
          "uniqueName": "",
          "plane": {
            "wing_formation": "F_DEFAULT",
            "ai_skill": "NORMAL",
            "task": "FLY_WAYPOINT",
            "row_distances": 1.5,
            "col_distances": 1.5,
            "super_formation": "Diamond",
            "super_row_distances": 1.5,
            "super_col_distances": 1.5
          }
        },
        "way": []
      }
    },
    {
      "armada": {
        "name": "t2_player10",
        "tm": [
          [0.952787,0.0429567,-0.300583],
          [-0.0432462,0.999049,0.00569386],
          [0.300542,0.00757444,0.953739],
          [7709.8,689.5,-2765.0]
        ],
        "closed_waypoints": false,
        "unit_class": "fw-190f-8",
        "weapons": "",
        "objLayer": 0,
        "bullets0": "",
        "bullets1": "",
        "bullets2": "",
        "bullets3": "",
        "bulletsCount0": 0,
        "bulletsCount1": 0,
        "bulletsCount2": 0,
        "bulletsCount3": 0,
        "props": {
          "army": 2,
          "free_distance": 70.0,
          "floating_distance": 50.0,
          "minimum_distance_to_earth": 20.0,
          "altLimit": 6000.0,
          "attack_type": "fire_at_will",
          "skill": 4,
          "count": 1,
          "uniqueName": "",
          "plane": {
            "wing_formation": "F_DEFAULT",
            "ai_skill": "NORMAL",
            "task": "FLY_WAYPOINT",
            "row_distances": 1.5,
            "col_distances": 1.5,
            "super_formation": "Diamond",
            "super_row_distances": 1.5,
            "super_col_distances": 1.5
          }
        },
        "way": []
      }
    },
    {
      "armada": {
        "name": "t2_player11",
        "tm": [
          [0.952787,0.0429567,-0.300583],
          [-0.0432462,0.999049,0.00569386],
          [0.300542,0.00757444,0.953739],
          [7492.85,689.5,-2717.15]
        ],
        "closed_waypoints": false,
        "unit_class": "fw-190f-8",
        "weapons": "",
        "objLayer": 0,
        "bullets0": "",
        "bullets1": "",
        "bullets2": "",
        "bullets3": "",
        "bulletsCount0": 0,
        "bulletsCount1": 0,
        "bulletsCount2": 0,
        "bulletsCount3": 0,
        "props": {
          "army": 2,
          "free_distance": 70.0,
          "floating_distance": 50.0,
          "minimum_distance_to_earth": 20.0,
          "altLimit": 6000.0,
          "attack_type": "fire_at_will",
          "skill": 4,
          "count": 1,
          "uniqueName": "",
          "plane": {
            "wing_formation": "F_DEFAULT",
            "ai_skill": "NORMAL",
            "task": "FLY_WAYPOINT",
            "row_distances": 1.5,
            "col_distances": 1.5,
            "super_formation": "Diamond",
            "super_row_distances": 1.5,
            "super_col_distances": 1.5
          }
        },
        "way": []
      }
    },
    {
      "armada": {
        "name": "t2_player12",
        "tm": [
          [0.952787,0.0429567,-0.300583],
          [-0.0432462,0.999049,0.00569386],
          [0.300542,0.00757444,0.953739],
          [7385.2,689.5,-2693.4]
        ],
        "closed_waypoints": false,
        "unit_class": "fw-190f-8",
        "weapons": "",
        "objLayer": 0,
        "bullets0": "",
        "bullets1": "",
        "bullets2": "",
        "bullets3": "",
        "bulletsCount0": 0,
        "bulletsCount1": 0,
        "bulletsCount2": 0,
        "bulletsCount3": 0,
        "props": {
          "army": 2,
          "free_distance": 70.0,
          "floating_distance": 50.0,
          "minimum_distance_to_earth": 20.0,
          "altLimit": 6000.0,
          "attack_type": "fire_at_will",
          "skill": 4,
          "count": 1,
          "uniqueName": "",
          "plane": {
            "wing_formation": "F_DEFAULT",
            "ai_skill": "NORMAL",
            "task": "FLY_WAYPOINT",
            "row_distances": 1.5,
            "col_distances": 1.5,
            "super_formation": "Diamond",
            "super_row_distances": 1.5,
            "super_col_distances": 1.5
          }
        },
        "way": []
      }
    },
    {
      "armada": {
        "name": "t2_player13",
        "tm": [
          [0.952787,0.0429567,-0.300583],
          [-0.0432462,0.999049,0.00569386],
          [0.300542,0.00757444,0.953739],
          [7152.7,689.5,-2606.4]
        ],
        "closed_waypoints": false,
        "unit_class": "fw-190f-8",
        "weapons": "",
        "objLayer": 0,
        "bullets0": "",
        "bullets1": "",
        "bullets2": "",
        "bullets3": "",
        "bulletsCount0": 0,
        "bulletsCount1": 0,
        "bulletsCount2": 0,
        "bulletsCount3": 0,
        "props": {
          "army": 2,
          "free_distance": 70.0,
          "floating_distance": 50.0,
          "minimum_distance_to_earth": 20.0,
          "altLimit": 6000.0,
          "attack_type": "fire_at_will",
          "skill": 4,
          "count": 1,
          "uniqueName": "",
          "plane": {
            "wing_formation": "F_DEFAULT",
            "ai_skill": "NORMAL",
            "task": "FLY_WAYPOINT",
            "row_distances": 1.5,
            "col_distances": 1.5,
            "super_formation": "Diamond",
            "super_row_distances": 1.5,
            "super_col_distances": 1.5
          }
        },
        "way": []
      }
    },
    {
      "armada": {
        "name": "t2_player14",
        "tm": [
          [0.952787,0.0429567,-0.300583],
          [-0.0432462,0.999049,0.00569386],
          [0.300542,0.00757444,0.953739],
