{
  "className": "composit",
  "node": [
    {
      "type": "rendInst",
      "name": "%anniversary_number_10",
      "tm": [
        [
          -4.37114e-8,
          0.0,
          -1.0
        ],
        [
          0.0,
          1.0,
          0.0
        ],
        [
          1.0,
          0.0,
          -4.37114e-8
        ],
        [
          0.0,
          0.0,
          0.0
        ]
      ],
      "toGround": false
    },
    {
      "type": "rendInst",
      "name": "%anniversary_gift_pile_b",
      "tm": [
        [
          0.870521,
          0.0,
          -0.492132
        ],
        [
          0.0,
          1.0,
          0.0
        ],
        [
          0.492132,
          0.0,
          0.870521
        ],
        [
          -2.46494,
          0.0000038147,
          -7.15411
        ]
      ],
      "toGround": false
    },
    {
      "type": "rendInst",
      "name": "%large_box_b",
      "tm": [
        [
          -0.526202,
          0.0,
          -0.850359
        ],
        [
          0.0,
          1.0,
          0.0
        ],
        [
          0.850359,
          0.0,
          -0.526202
        ],
        [
          1.78107,
          0.0000038147,
          -6.77563
        ]
      ],
      "toGround": false
    },
    {
      "type": "rendInst",
      "name": "%anniversary_gift_pile_a",
      "tm": [
        [
          -0.847242,
          0.0,
          0.531207
        ],
        [
          0.0,
          1.0,
          0.0
        ],
        [
          -0.531207,
          0.0,
          -0.847242
        ],
        [
          0.402039,
          -0.00000762939,
          -8.1452
        ]
      ],
      "toGround": false
    },
    {
      "type": "rendInst",
      "name": "%anniversary_bomb_ny_b",
      "tm": [
        [
          -0.531597,
          0.0,
          -0.846997
        ],
        [
          0.0,
          1.0,
          0.0
        ],
        [
          0.846997,
          0.0,
          -0.531597
        ],
        [
          -4.19681,
          0.0,
          -4.93652
        ]
      ],
      "toGround": false
    },
    {
      "type": "rendInst",
      "name": "%anniversary_bomb_ny_c",
      "tm": [
        [
          -0.847492,
          0.0,
          -0.530808
        ],
        [
          0.0,
          1.0,
          0.0
        ],
        [
          0.530808,
          0.0,
          -0.847492
        ],
        [
          -4.18359,
          0.0,
          -3.40942
        ]
      ],
      "toGround": false
    },
    {
      "type": "rendInst",
      "name": "%anniversary_gift_pile_a",
      "tm": [
        [
          -0.758589,
          0.0,
          0.65157
        ],
        [
          0.0,
          1.0,
          0.0
        ],
        [
          -0.65157,
          0.0,
          -0.758589
        ],
        [
          -2.99799,
          -0.00000572205,
          5.74933
        ]
      ],
      "toGround": false
    },
    {
      "type": "rendInst",
      "name": "%large_box_a",
      "tm": [
        [
          -0.918027,
          0.0,
          -0.396517
        ],
        [
          0.0,
          1.0,
          0.0
        ],
        [
          0.396517,
          0.0,
          -0.918027
        ],
        [
          2.12878,
          0.0000038147,
          6.33484
        ]
      ],
      "toGround": false
    },
    {
      "type": "rendInst",
      "name": "%anniversary_gift_pile_c",
      "tm": [
        [
          -0.850351,
          0.0,
          0.526215
        ],
        [
          0.0,
          1.0,
          0.0
        ],
        [
          -0.526215,
          0.0,
          -0.850351
        ],
        [
          -3.92221,
          0.0,
          3.56696
        ]
      ],
      "toGround": false
    },
    {
      "type": "rendInst",
      "name": "%anniversary_gift_pile_c",
      "tm": [
        [
          -0.899484,
          0.0,
          -0.436953
        ],
        [
          0.0,
          1.0,
          0.0
        ],
        [
          0.436953,
          0.0,
          -0.899484
        ],
        [
          -0.77002,
          0.0,
          7.79797
        ]
      ],
      "toGround": false
    }
  ]
}