{
  "className": "composit",
  "size": [
    270.0,
    270.0
  ],
  "node": [
    {
      "name": "^^dynBase_small_factory_square_large_mesh",
      "tm": [
        [
          1.0,
          0.0,
          0.0
        ],
        [
          0.0,
          1.0,
          0.0
        ],
        [
          0.0,
          0.0,
          1.0
        ],
        [
          0.0,
          0.0,
          0.0
        ]
      ],
      "toGround": false
    },
    {
      "name": "++NoTreesBox000",
      "tm": [
        [
          220.0,
          0.0,
          0.0
        ],
        [
          0.0,
          20.0,
          0.0
        ],
        [
          0.0,
          0.0,
          220.0
        ],
        [
          0.0,
          0.0,
          0.0
        ]
      ]
    },
    {
      "name": "universal_airfield_shed_a",
      "tm": [
        [
          -3.37766e-7,
          0.0,
          -1.0
        ],
        [
          0.0,
          1.0,
          0.0
        ],
        [
          1.0,
          0.0,
          -3.37766e-7
        ],
        [
          63.1733,
          -0.0000305176,
          -117.057
        ]
      ]
    },
    {
      "name": "universal_airfield_shed_a",
      "tm": [
        [
          -3.37766e-7,
          0.0,
          -1.0
        ],
        [
          0.0,
          1.0,
          0.0
        ],
        [
          1.0,
          0.0,
          -3.37766e-7
        ],
        [
          63.1733,
          -0.0000305176,
          -141.545
        ]
      ]
    },
    {
      "name": "universal_airfield_oil_storage_b",
      "tm": [
        [
          0.766044,
          0.0,
          0.642788
        ],
        [
          0.0,
          1.0,
          0.0
        ],
        [
          -0.642788,
          0.0,
          0.766044
        ],
        [
          8.94128,
          0.0,
          51.7895
        ]
      ]
    },
    {
      "name": "universal_airfield_oil_storage_b",
      "tm": [
        [
          0.766044,
          0.0,
          0.642788
        ],
        [
          0.0,
          1.0,
          0.0
        ],
        [
          -0.642788,
          0.0,
          0.766044
        ],
        [
          12.9046,
          0.0,
          46.6965
        ]
      ]
    },
    {
      "name": "universal_airfield_oil_storage_b",
      "tm": [
        [
          0.766044,
          0.0,
          0.642788
        ],
        [
          0.0,
          1.0,
          0.0
        ],
        [
          -0.642788,
          0.0,
          0.766044
        ],
        [
          18.2341,
          0.0,
          40.4965
        ]
      ]
    },
    {
      "name": "universal_airfield_oil_storage_b",
      "tm": [
        [
          0.766044,
          0.0,
          0.642788
        ],
        [
          0.0,
          1.0,
          0.0
        ],
        [
          -0.642788,
          0.0,
          0.766044
        ],
        [
          23.5636,
          0.0,
          34.2966
        ]
      ]
    },
    {
      "name": "universal_airfield_barrels_group_b",
      "tm": [
        [
          -0.656058,
          0.0,
          -0.75471
        ],
        [
          0.0,
          1.0,
          0.0
        ],
        [
          0.75471,
          0.0,
          -0.656058
        ],
        [
          -53.0648,
          0.0,
          -62.5858
        ]
      ]
    },
    {
      "name": "universal_airfield_barrels_group_b",
      "tm": [
        [
          -0.0174514,
          0.0,
          -0.999847
        ],
        [
          0.0,
          1.0,
          0.0
        ],
        [
          0.999847,
          0.0,
          -0.0174514
        ],
        [
          -35.8948,
          0.0,
          -40.5434
        ]
      ]
    },
    {
      "name": "universal_airfield_oil_storage_b",
      "tm": [
        [
          -1.62921e-7,
          0.0,
          -1.0
        ],
        [
          0.0,
          1.0,
          0.0
        ],
        [
          1.0,
          0.0,
          -1.62921e-7
        ],
        [
          -46.8499,
          0.0,
          -42.8048
        ]
      ]
    },
    {
      "name": "universal_airfield_oil_storage_b",
      "tm": [
        [
          -1.62921e-7,
          0.0,
          -1.0
        ],
        [
          0.0,
          1.0,
          0.0
        ],
        [
          1.0,
          0.0,
          -1.62921e-7
        ],
        [
          -27.3938,
          0.0,
          -42.8048
        ]
      ]
    },
    {
      "name": "universal_airfield_oil_storage_b",
      "tm": [
        [
          -1.62921e-7,
          0.0,
          -1.0
        ],
        [
          0.0,
          1.0,
          0.0
        ],
        [
          1.0,
          0.0,
          -1.62921e-7
        ],
        [
          -45.569,
          0.0,
          -76.5016
        ]
      ]
    },
    {
      "name": "universal_airfield_oil_storage_b",
      "tm": [
        [
          -1.62921e-7,
          0.0,
          -1.0
        ],
        [
          0.0,
          1.0,
          0.0
        ],
        [
          1.0,
          0.0,
          -1.62921e-7
        ],
        [
          -26.7687,
          0.0,
          -76.5016
        ]
      ]
    },
    {
      "name": "st_factory_building_13d",
      "tm": [
        [
          1.19249e-8,
          0.0,
          1.0
        ],
        [
          0.0,
          1.0,
          0.0
        ],
        [
          -1.0,
          0.0,
          1.19249e-8
        ],
        [
          -107.137,
          0.0,
          -89.3554
        ]
      ]
    },
    {
      "name": "st_factory_building_13d",
      "tm": [
        [
          1.19249e-8,
          0.0,
          1.0
        ],
        [
          0.0,
          1.0,
          0.0
        ],
        [
          -1.0,
          0.0,
          1.19249e-8
        ],
        [
          -107.137,
          0.0,
          -70.4574
        ]
      ]
    },
    {
      "name": "st_factory_building_13d",
      "tm": [
        [
          1.19249e-8,
          0.0,
          1.0
        ],
        [
          0.0,
          1.0,
          0.0
        ],
        [
          -1.0,
          0.0,
          1.19249e-8
        ],
        [
          -127.575,
          0.0,
          -89.3554
        ]
      ]
    },
    {
      "name": "st_factory_building_13d",
      "tm": [
        [
          1.19249e-8,
          0.0,
          1.0
        ],
        [
          0.0,
          1.0,
          0.0
        ],
        [
          -1.0,
          0.0,
          1.19249e-8
        ],
        [
          -127.575,
          0.0,
          -70.8138
        ]
      ]
    },
    {
      "name": "universal_airfield_sandbags_a",
      "tm": [
        [
          -1.0,
          0.0,
          -1.50996e-7
        ],
        [
          0.0,
          1.0,
          0.0
        ],
        [
          1.50996e-7,
          0.0,
          -1.0
        ],
        [
          -97.2223,
          0.00000762939,
          -67.4061
        ]
      ]
    },
    {
      "name": "universal_airfield_sandbags_a",
      "tm": [
        [
          -1.0,
          0.0,
          -1.50996e-7
        ],
        [
          0.0,
          1.0,
          0.0
        ],
        [
          1.50996e-7,
          0.0,
          -1.0
        ],
        [
          -97.2223,
          0.00000762939,
          -70.9178
        ]
      ]
    },
    {
      "name": "universal_airfield_sandbags_a",
      "tm": [
        [
          -1.0,
          0.0,
          -1.50996e-7
        ],
        [
          0.0,
          1.0,
          0.0
        ],
        [
          1.50996e-7,
          0.0,
          -1.0
        ],
        [
          -97.2223,
          0.00000762939,
          -74.4296
        ]
      ]
    },
    {
      "name": "universal_airfield_sandbags_a",
      "tm": [
        [
          -1.0,
          0.0,
          -1.50996e-7
        ],
        [
          0.0,
          1.0,
          0.0
        ],
        [
          1.50996e-7,
          0.0,
          -1.0
        ],
        [
          -97.2223,
          0.00000762939,
          -77.9413
        ]
      ]
    },
    {
      "name": "universal_airfield_sandbags_a",
      "tm": [
        [
          -1.0,
          0.0,
          -1.50996e-7
        ],
        [
          0.0,
          1.0,
          0.0
        ],
        [
          1.50996e-7,
          0.0,
          -1.0
        ],
        [
          -97.2223,
          0.00000762939,
          -81.4531
        ]
      ]
    },
    {
      "name": "universal_airfield_sandbags_a",
      "tm": [
        [
          -1.0,
          0.0,
          -1.50996e-7
        ],
        [
          0.0,
          1.0,
          0.0
        ],
        [
          1.50996e-7,
          0.0,
          -1.0
        ],
        [
          -97.2223,
          0.00000762939,
          -84.9648
        ]
      ]
    },
    {
      "name": "universal_airfield_sandbags_a",
      "tm": [
        [
          -1.0,
          0.0,
          -1.50996e-7
        ],
        [
          0.0,
          1.0,
          0.0
        ],
        [
          1.50996e-7,
          0.0,
          -1.0
        ],
        [
          -97.2223,
          0.00000762939,
          -88.4766
        ]
      ]
    },
    {
      "name": "universal_airfield_sandbags_a",
      "tm": [
        [
          -1.0,
          0.0,
          -1.50996e-7
        ],
        [
          0.0,
          1.0,
          0.0
        ],
        [
          1.50996e-7,
          0.0,
          -1.0
        ],
        [
          -97.2223,
          0.00000762939,
          -91.9883
        ]
      ]
    },
    {
      "name": "universal_airfield_sandbags_a",
      "tm": [
        [
          -1.0,
          0.0,
          -1.50996e-7
        ],
        [
          0.0,
          1.0,
          0.0
        ],
        [
          1.50996e-7,
          0.0,
          -1.0
        ],
        [
          -97.2223,
          0.00000762939,
          -95.5001
        ]
      ]
    },
    {
      "name": "universal_airfield_sandbags_a",
      "tm": [
        [
          0.707107,
          0.0,
          0.707107
        ],
        [
          0.0,
          1.0,
          0.0
        ],
        [
          -0.707107,
          0.0,
          0.707107
        ],
        [
          36.7915,
          0.0,
          14.7451
        ]
      ]
    },
    {
      "name": "universal_airfield_sandbags_a",
      "tm": [
        [
          0.707107,
          0.0,
          0.707107
        ],
        [
          0.0,
          1.0,
          0.0
        ],
        [
          -0.707107,
          0.0,
          0.707107
        ],
        [
          39.3503,
          0.0,
          12.2382
        ]
      ]
    },
    {
      "name": "universal_airfield_sandbags_a",
      "tm": [
        [
          0.707107,
          0.0,
          0.707107
        ],
        [
          0.0,
          1.0,
          0.0
        ],
        [
          -0.707107,
          0.0,
          0.707107
        ],
        [
          41.909,
          0.0,
          9.73137
        ]
      ]
    },
    {
      "name": "universal_airfield_sandbags_a",
      "tm": [
        [
          0.707107,
          0.0,
          0.707107
        ],
        [
          0.0,
          1.0,
          0.0
        ],
        [
          -0.707107,
          0.0,
          0.707107
        ],
        [
          44.4678,
          0.0,
          7.22453
        ]
      ]
    },
    {
      "name": "universal_airfield_sandbags_a",
      "tm": [
        [
          0.707107,
          0.0,
          0.707107
        ],
        [
          0.0,
          1.0,
          0.0
        ],
        [
          -0.707107,
          0.0,
          0.707107
        ],
        [
          47.0266,
          0.0,
          4.71768
        ]
      ]
    },
    {
      "name": "universal_airfield_sandbags_a",
      "tm": [
        [
          0.707107,
          0.0,
          0.707107
        ],
        [
          0.0,
          1.0,
          0.0
        ],
        [
          -0.707107,
          0.0,
          0.707107
        ],
        [
          49.5854,
          0.0,
          2.21084
        ]
      ]
    },
    {
      "name": "universal_airfield_sandbags_a",
      "tm": [
        [
          -4.64912e-7,
          0.0,
          1.0
        ],
        [
          0.0,
          1.0,
          0.0
        ],
        [
          -1.0,
          0.0,
          -4.64912e-7
        ],
        [
          -26.2529,
          0.0,
          129.029
        ]
      ]
    },
    {
      "name": "universal_airfield_sandbags_a",
      "tm": [
        [
          -4.64912e-7,
          0.0,
          1.0
        ],
        [
          0.0,
          1.0,
          0.0
        ],
        [
          -1.0,
          0.0,
          -4.64912e-7
        ],
        [
          -22.7418,
          0.0,
          129.029
        ]
      ]
    },
    {
      "name": "universal_airfield_sandbags_a",
      "tm": [
        [
          -4.64912e-7,
          0.0,
          1.0
        ],
        [
          0.0,
          1.0,
          0.0
        ],
        [
          -1.0,
          0.0,
          -4.64912e-7
        ],
        [
          -19.2308,
          0.0,
          129.029
        ]
      ]
    },
    {
      "name": "universal_airfield_sandbags_a",
      "tm": [
        [
          -4.64912e-7,
          0.0,
          1.0
        ],
        [
          0.0,
          1.0,
          0.0
        ],
        [
          -1.0,
          0.0,
          -4.64912e-7
        ],
        [
          -15.7197,
          0.0,
          129.029
        ]
      ]
    },
    {
      "name": "universal_airfield_sandbags_a",
      "tm": [
        [
          -4.64912e-7,
          0.0,
          1.0
        ],
        [
          0.0,
          1.0,
          0.0
        ],
        [
          -1.0,
          0.0,
          -4.64912e-7
        ],
        [
          -12.2087,
          0.0,
          129.029
        ]
      ]
    },
    {
      "name": "universal_airfield_sandbags_a",
      "tm": [
        [
          -4.64912e-7,
          0.0,
          1.0
        ],
        [
          0.0,
          1.0,
          0.0
        ],
        [
          -1.0,
          0.0,
          -4.64912e-7
        ],
        [
          -8.69762,
          0.0,
          129.029
        ]
      ]
    },
    {
      "name": "universal_airfield_sandbags_a",
      "tm": [
        [
          -4.64912e-7,
          0.0,
          1.0
        ],
        [
          0.0,
          1.0,
          0.0
        ],
        [
          -1.0,
          0.0,
          -4.64912e-7
        ],
        [
          -5.18657,
          0.0,
          129.029
        ]
      ]
    },
    {
      "name": "universal_airfield_sandbags_a",
      "tm": [
        [
          -1.0,
          0.0,
          -1.50996e-7
        ],
        [
          0.0,
          1.0,
          0.0
        ],
        [
          1.50996e-7,
          0.0,
          -1.0
        ],
        [
          -59.6799,
          -0.00000762939,
          -162.413
        ]
      ]
    },
    {
      "name": "universal_airfield_sandbags_a",
      "tm": [
        [
          -1.0,
          0.0,
          -1.50996e-7
        ],
        [
          0.0,
          1.0,
          0.0
        ],
        [
          1.50996e-7,
          0.0,
          -1.0
        ],
        [
          -59.6799,
          -0.00000762939,
          -158.976
        ]
      ]
    },
    {
      "name": "universal_airfield_sandbags_a",
      "tm": [
        [
          -1.0,
          0.0,
          -1.50996e-7
        ],
        [
          0.0,
          1.0,
          0.0
        ],
        [
          1.50996e-7,
          0.0,
          -1.0
        ],
        [
          -59.6799,
          -0.00000762939,
          -155.539
        ]
      ]
    },
    {
      "name": "universal_airfield_sandbags_a",
      "tm": [
        [
          -1.0,
          0.0,
          -1.50996e-7
        ],
        [
          0.0,
          1.0,
          0.0
        ],
        [
          1.50996e-7,
          0.0,
          -1.0
        ],
        [
          -59.6799,
          -0.00000762939,
          -152.102
        ]
      ]
    },
    {
      "name": "universal_airfield_sandbags_a",
      "tm": [
        [
          -1.0,
          0.0,
          -1.50996e-7
        ],
        [
          0.0,
          1.0,
          0.0
        ],
        [
          1.50996e-7,
          0.0,
          -1.0
        ],
        [
          -59.6799,
          -0.00000762939,
          -148.666
        ]
      ]
    },
    {
      "name": "universal_airfield_sandbags_a",
      "tm": [
        [
          -1.0,
          0.0,
          -1.50996e-7
        ],
        [
          0.0,
          1.0,
          0.0
        ],
        [
          1.50996e-7,
          0.0,
          -1.0
        ],
        [
          -59.6799,
          -0.00000762939,
          -145.229
        ]
      ]
    },
    {
      "name": "universal_airfield_sandbags_a",
      "tm": [
        [
          -1.0,
          0.0,
          -1.50996e-7
        ],
        [
          0.0,
          1.0,
          0.0
        ],
        [
          1.50996e-7,
          0.0,
          -1.0
        ],
        [
          -59.6799,
          -0.00000762939,
          -141.792
        ]
      ]
    },
    {
      "name": "universal_airfield_sandbags_a",
      "tm": [
        [
          -1.0,
          0.0,
          -1.50996e-7
        ],
        [
          0.0,
          1.0,
          0.0
        ],
        [
          1.50996e-7,
          0.0,
          -1.0
        ],
        [
          -59.6799,
          -0.00000762939,
          -138.356
        ]
      ]
    },
    {
      "name": "universal_airfield_sandbags_a",
      "tm": [
        [
          -1.0,
          0.0,
          -1.50996e-7
        ],
        [
          0.0,
          1.0,
          0.0
        ],
        [
          1.50996e-7,
          0.0,
          -1.0
        ],
        [
          -59.6799,
          -0.00000762939,
          -134.919
        ]
      ]
    },
    {
      "name": "universal_airfield_sandbags_a",
      "tm": [
        [
          -1.0,
          0.0,
          -1.50996e-7
        ],
        [
          0.0,
          1.0,
          0.0
        ],
        [
          1.50996e-7,
          0.0,
          -1.0
        ],
        [
          -59.6799,
          -0.00000762939,
          -131.482
        ]
      ]
    },
    {
      "name": "box_pile_b",
      "tm": [
        [
          0.707107,
          0.0,
          0.707107
        ],
        [
          0.0,
          1.0,
          0.0
        ],
        [
          -0.707107,
          0.0,
          0.707107
        ],
        [
          -142.897,
          0.0,
          2.60468
        ]
      ]
    },
    {
      "name": "box_pile_b",
      "tm": [
        [
          0.866026,
          0.0,
          0.5
        ],
        [
          0.0,
          1.0,
          0.0
        ],
        [
          -0.5,
          0.0,
          0.866026
        ],
        [
          -111.086,
          0.0,
          -37.6113
        ]
      ]
    },
    {
      "name": "box_pile_b",
      "tm": [
        [
          0.707107,
          0.0,
          0.707107
        ],
        [
          0.0,
          1.0,
          0.0
        ],
        [
          -0.707107,
          0.0,
          0.707107
        ],
        [
          -116.807,
          0.0,
          13.3265
        ]
      ]
    },
    {
      "name": "box_pile_b",
      "tm": [
        [
          0.5373,
          0.0,
          0.843392
        ],
        [
          0.0,
          1.0,
          0.0
        ],
        [
          -0.843392,
          0.0,
          0.5373
        ],
        [
          -121.247,
          0.0,
          15.2162
        ]
      ]
    },
    {
      "name": "box_pile_b",
      "tm": [
        [
          0.976296,
          0.0,
          -0.21644
        ],
        [
          0.0,
          1.0,
          0.0
        ],
        [
          0.21644,
          0.0,
          0.976296
        ],
        [
          -115.966,
          0.0,
          20.1654
        ]
      ]
    },
    {
      "name": "box_pile_b",
      "tm": [
        [
          9.65599e-7,
          0.0,
          1.0
        ],
        [
          0.0,
          1.0,
          0.0
        ],
        [
          -1.0,
          0.0,
          9.65599e-7
        ],
        [
          11.5566,
          0.0,
          138.606
        ]
      ]
    },
    {
      "name": "box_pile_b",
      "tm": [
        [
          9.65599e-7,
          0.0,
          1.0
        ],
        [
          0.0,
          1.0,
          0.0
        ],
        [
          -1.0,
          0.0,
          9.65599e-7
        ],
        [
          5.95863,
          0.0,
          137.408
        ]
      ]
    },
    {
      "name": "box_pile_b",
      "tm": [
        [
          0.342021,
          0.0,
          0.939692
        ],
        [
          0.0,
          1.0,
          0.0
        ],
        [
          -0.939692,
          0.0,
          0.342021
        ],
        [
          13.2057,
          0.0000228882,
          151.424
        ]
      ]
    },
    {
      "name": "box_pile_b",
      "tm": [
        [
          0.342021,
          0.0,
          0.939692
        ],
        [
          0.0,
          1.0,
          0.0
        ],
        [
          -0.939692,
          0.0,
          0.342021
        ],
        [
          9.29832,
          0.0000228882,
          143.167
        ]
      ]
    },
    {
      "name": "box_pile_a",
      "tm": [
        [
          -0.906307,
          0.0,
          0.422619
        ],
        [
          0.0,
          1.0,
          0.0
        ],
        [
          -0.422619,
          0.0,
          -0.906307
        ],
        [
          12.1416,
          -0.0000686646,
          147.735
        ]
      ]
    },
    {
      "name": "box_pile_a",
      "tm": [
        [
          -0.573576,
          0.0,
          0.819152
        ],
        [
          0.0,
          1.0,
          0.0
        ],
        [
          -0.819152,
          0.0,
          -0.573576
        ],
        [
          80.9694,
          0.0,
          51.8479
        ]
      ]
    },
    {
      "name": "box_pile_a",
      "tm": [
        [
          -0.499999,
          0.0,
          0.866026
        ],
        [
          0.0,
          1.0,
          0.0
        ],
        [
          -0.866026,
          0.0,
          -0.499999
        ],
        [
          88.2376,
          0.0,
          72.55
        ]
      ]
    },
    {
      "name": "box_pile_a",
      "tm": [
        [
          -0.499999,
          0.0,
          0.866026
        ],
        [
          0.0,
          1.0,
          0.0
        ],
        [
          -0.866026,
          0.0,
          -0.499999
        ],
        [
          71.7586,
          0.00000762939,
          39.6284
        ]
      ]
    },
    {
      "name": "box_pile_a",
      "tm": [
        [
          0.984808,
          0.0,
          -0.173648
        ],
        [
          0.0,
          1.0,
          0.0
        ],
        [
          0.173648,
          0.0,
          0.984808
        ],
        [
          6.14325,
          0.0,
          57.65
        ]
      ]
    },
    {
      "name": "box_pile_b",
      "tm": [
        [
          0.573577,
          0.0,
          0.819152
        ],
        [
          0.0,
          1.0,
          0.0
        ],
        [
          -0.819152,
          0.0,
          0.573577
        ],
        [
          29.2522,
          0.0,
          35.6605
        ]
      ]
    },
    {
      "name": "box_pile_a",
      "tm": [
        [
          -0.996195,
          0.0,
          0.0871568
        ],
        [
          0.0,
          1.0,
          0.0
        ],
        [
          -0.0871568,
          0.0,
          -0.996195
        ],
        [
          -50.6498,
          0.0,
          144.708
        ]
      ]
    },
    {
      "name": "box_pile_a",
      "tm": [
        [
          9.65599e-7,
          0.0,
          1.0
        ],
        [
          0.0,
          1.0,
          0.0
        ],
        [
          -1.0,
          0.0,
          9.65599e-7
        ],
        [
          -49.1786,
          0.0,
          139.388
        ]
      ]
    },
    {
      "name": "box_pile_b",
      "tm": [
        [
          0.819152,
          0.0,
          0.573576
        ],
        [
          0.0,
          1.0,
          0.0
        ],
        [
          -0.573576,
          0.0,
          0.819152
        ],
        [
          29.0623,
          0.0,
          31.2565
        ]
      ]
    },
    {
      "name": "box_pile_a",
      "tm": [
        [
          -0.642787,
          0.0,
          0.766045
        ],
        [
          0.0,
          1.0,
          0.0
        ],
        [
          -0.766045,
          0.0,
          -0.642787
        ],
        [
          -52.6117,
          0.0,
          141.782
        ]
      ]
    },
    {
      "name": "universal_airfield_barrels_group_a",
      "tm": [
        [
          0.629321,
          0.0,
          -0.777146
        ],
        [
          0.0,
          1.0,
          0.0
        ],
        [
          0.777146,
          0.0,
          0.629321
        ],
        [
          -57.7788,
          -0.0000228882,
          -122.032
        ]
      ]
    },
    {
      "name": "universal_airfield_barrels_group_a",
      "tm": [
        [
          -0.559193,
          0.0,
          0.829038
        ],
        [
          0.0,
          1.0,
          0.0
        ],
        [
          -0.829038,
          0.0,
          -0.559193
        ],
        [
          -51.4358,
          -0.0000228882,
          -128.383
        ]
      ]
    },
    {
      "name": "box_pile_a",
      "tm": [
        [
          0.996195,
          0.0,
          -0.0871559
        ],
        [
          0.0,
          1.0,
          0.0
        ],
        [
          0.0871559,
          0.0,
          0.996195
        ],
        [
          -103.509,
          0.0,
          129.102
        ]
      ]
    },
    {
      "name": "universal_airfield_barrels_group_b",
      "tm": [
        [
          0.629321,
          0.0,
          -0.777146
        ],
        [
          0.0,
          1.0,
          0.0
        ],
        [
          0.777146,
          0.0,
          0.629321
        ],
        [
          -107.351,
          0.0,
          122.768
        ]
      ]
    },
    {
      "name": "box_pile_b",
      "tm": [
        [
          0.382684,
          0.0,
          0.92388
        ],
        [
          0.0,
          1.0,
          0.0
        ],
        [
          -0.92388,
          0.0,
          0.382684
        ],
        [
          87.5591,
          0.0,
          64.0201
        ]
      ]
    },
    {
      "name": "box_pile_b",
      "tm": [
        [
          0.707107,
          0.0,
          0.707107
        ],
        [
          0.0,
          1.0,
          0.0
        ],
        [
          -0.707107,
          0.0,
          0.707107
        ],
        [
          82.6676,
          0.0,
          60.6491
        ]
      ]
    },
    {
      "name": "universal_airfield_barrels_group_b",
      "tm": [
        [
          0.622514,
          0.0,
          0.782609
        ],
        [
          0.0,
          1.0,
          0.0
        ],
        [
          -0.782609,
          0.0,
          0.622514
        ],
        [
          50.6067,
          0.0,
          -22.1976
        ]
      ]
    },
    {
      "name": "box_pile_b",
      "tm": [
        [
          0.707107,
          0.0,
          0.707107
        ],
        [
          0.0,
          1.0,
          0.0
        ],
        [
          -0.707107,
          0.0,
          0.707107
        ],
        [
          11.1664,
          0.0,
          -5.67075
        ]
      ]
    },
    {
      "name": "box_pile_a",
      "tm": [
        [
          0.707106,
          0.0,
          -0.707107
        ],
        [
          0.0,
          1.0,
          0.0
        ],
        [
          0.707107,
          0.0,
          0.707106
        ],
        [
          14.523,
          0.0,
          -1.94106
        ]
      ]
    },
    {
      "name": "st_factory_building_13d",
      "tm": [
        [
          -0.707106,
          0.0,
          0.707107
        ],
        [
          0.0,
          1.0,
          0.0
        ],
        [
          -0.707107,
          0.0,
          -0.707106
        ],
        [
          18.6507,
          0.0,
          -15.6273
        ]
      ]
    },
    {
      "name": "st_factory_building_13d",
      "tm": [
        [
          -0.707106,
          0.0,
          0.707107
        ],
        [
          0.0,
          1.0,
          0.0
        ],
        [
          -0.707107,
          0.0,
          -0.707106
        ],
        [
          30.4563,
          0.0,
          -3.25956
        ]
      ]
    },
    {
      "name": "st_factory_building_13d",
      "tm": [
        [
          -0.707106,
          0.0,
          0.707107
        ],
        [
          0.0,
          1.0,
          0.0
        ],
        [
          -0.707107,
          0.0,
          -0.707106
        ],
        [
          42.5005,
          0.0,
          -15.9268
        ]
      ]
    },
    {
      "name": "st_factory_building_13d",
      "tm": [
        [
          -0.707106,
          0.0,
          0.707107
        ],
        [
          0.0,
          1.0,
          0.0
        ],
        [
          -0.707107,
          0.0,
          -0.707106
        ],
        [
          30.469,
          0.0,
          -28.3641
        ]
      ]
    },
    {
      "name": "box_pile_b",
      "tm": [
        [
          0.707107,
          0.0,
          0.707107
        ],
        [
          0.0,
          1.0,
          0.0
        ],
        [
          -0.707107,
          0.0,
          0.707107
        ],
        [
          -111.928,
          0.0,
          -18.6974
        ]
      ]
    },
    {
      "name": "box_pile_b",
      "tm": [
        [
          0.707107,
          0.0,
          0.707107
        ],
        [
          0.0,
          1.0,
          0.0
        ],
        [
          -0.707107,
          0.0,
          0.707107
        ],
        [
          -109.131,
          0.0,
          -20.8913
        ]
      ]
    },
    {
      "name": "box_pile_b",
      "tm": [
        [
          0.707107,
          0.0,
          0.707107
        ],
        [
          0.0,
          1.0,
          0.0
        ],
        [
          -0.707107,
          0.0,
          0.707107
        ],
        [
          22.1532,
          0.0,
          28.2077
        ]
      ]
    },
    {
      "name": "box_pile_a",
      "tm": [
        [
          0.707107,
          0.0,
          0.707107
        ],
        [
          0.0,
          1.0,
          0.0
        ],
        [
          -0.707107,
          0.0,
          0.707107
        ],
        [
          76.003,
          0.0,
          56.2977
        ]
      ]
    },
    {
      "name": "box_pile_a",
      "tm": [
        [
          0.707107,
          0.0,
          0.707107
        ],
        [
          0.0,
          1.0,
          0.0
        ],
        [
          -0.707107,
          0.0,
          0.707107
        ],
        [
          116.392,
          0.0000152588,
          29.0848
        ]
      ]
    },
    {
      "name": "box_pile_a",
      "tm": [
        [
          0.707107,
          0.0,
          0.707107
        ],
        [
          0.0,
          1.0,
          0.0
        ],
        [
          -0.707107,
          0.0,
          0.707107
        ],
        [
          119.728,
          0.0000152588,
          29.3727
        ]
      ]
    },
    {
      "name": "box_pile_a",
      "tm": [
        [
          0.707107,
          0.0,
          0.707107
        ],
        [
          0.0,
          1.0,
          0.0
        ],
        [
          -0.707107,
          0.0,
          0.707107
        ],
        [
          117.415,
          0.0000152588,
          26.6801
        ]
      ]
    },
    {
      "name": "zis5_a",
      "tm": [
        [
          0.998813,
          0.0,
          -0.0487001
        ],
        [
          0.0,
          1.0,
          0.0
        ],
        [
          0.0487001,
          0.0,
          0.998813
        ],
        [
          -51.0818,
          -0.0000152588,
          -149.455
        ]
      ]
    },
    {
      "name": "zis5_a",
      "tm": [
        [
          0.975182,
          0.0,
          -0.221402
        ],
        [
          0.0,
          1.0,
          0.0
        ],
        [
          0.221402,
          0.0,
          0.975182
        ],
        [
          -51.0818,
          -0.0000152588,
          -143.731
        ]
      ]
    },
    {
      "name": "box_pile_b",
      "tm": [
        [
          9.65599e-7,
          0.0,
          1.0
        ],
        [
          0.0,
          1.0,
          0.0
        ],
        [
          -1.0,
          0.0,
          9.65599e-7
        ],
        [
          -46.8247,
          0.0,
          -137.769
        ]
      ]
    },
    {
      "name": "box_pile_b",
      "tm": [
        [
          9.65599e-7,
          0.0,
          1.0
        ],
        [
          0.0,
          1.0,
          0.0
        ],
        [
          -1.0,
          0.0,
          9.65599e-7
        ],
        [
          -53.481,
          0.0,
          -134.789
        ]
      ]
    },
    {
      "name": "box_pile_a",
      "tm": [
        [
          9.65599e-7,
          0.0,
          1.0
        ],
        [
          0.0,
          1.0,
          0.0
        ],
        [
          -1.0,
          0.0,
          9.65599e-7
        ],
        [
          -51.0632,
          0.0,
          -139.3
        ]
      ]
    },
    {
      "name": "universal_airfield_shed_a",
      "tm": [
        [
          9.65599e-7,
          0.0,
          1.0
        ],
        [
          0.0,
          1.0,
          0.0
        ],
        [
          -1.0,
          0.0,
          9.65599e-7
        ],
        [
          -159.874,
          0.0,
          10.7477
        ]
      ]
    },
    {
      "name": "universal_airfield_shed_a",
      "tm": [
        [
          9.65599e-7,
          0.0,
          1.0
        ],
        [
          0.0,
          1.0,
          0.0
        ],
        [
          -1.0,
          0.0,
          9.65599e-7
        ],
        [
          -159.874,
          0.0,
          1.50329
        ]
      ]
    },
    {
      "name": "universal_airfield_shed_a",
      "tm": [
        [
          9.65599e-7,
          0.0,
          1.0
        ],
        [
          0.0,
          1.0,
          0.0
        ],
        [
          -1.0,
          0.0,
          9.65599e-7
        ],
        [
          -151.239,
          0.0,
          1.50329
        ]
      ]
    },
    {
      "name": "universal_airfield_shed_a",
      "tm": [
        [
          9.65599e-7,
          0.0,
          1.0
        ],
        [
          0.0,
          1.0,
          0.0
        ],
        [
          -1.0,
          0.0,
          9.65599e-7
        ],
        [
          -151.239,
          0.0,
          10.9395
        ]
      ]
    },
    {
      "name": "universal_airfield_barrack_g",
      "tm": [
        [
          -0.707107,
          0.0,
          -0.707107
        ],
        [
          0.0,
          1.0,
          0.0
        ],
        [
          0.707107,
          0.0,
          -0.707107
        ],
        [
          165.472,
          -0.0000457764,
          20.5984
        ]
      ]
    },
    {
      "name": "universal_airfield_barrack_g",
      "tm": [
        [
          -0.707107,
          0.0,
          -0.707107
        ],
        [
          0.0,
          1.0,
          0.0
        ],
        [
          0.707107,
          0.0,
          -0.707107
        ],
        [
          157.623,
          -0.0000457764,
          13.005
        ]
      ]
    },
    {
      "name": "universal_airfield_barrack_g",
      "tm": [
        [
          -0.707107,
          0.0,
          -0.707107
        ],
        [
          0.0,
          1.0,
          0.0
        ],
        [
          0.707107,
          0.0,
          -0.707107
        ],
        [
          153.9,
          -0.0000457764,
          24.5115
        ]
      ]
    },
    {
      "name": "universal_airfield_barrels_group_b",
      "tm": [
        [
          0.997564,
          0.0,
          0.0697576
        ],
        [
          0.0,
          1.0,
          0.0
        ],
        [
          -0.0697576,
          0.0,
          0.997564
        ],
        [
          -110.375,
          0.0,
          -1.57546
        ]
      ]
    },
    {
      "name": "universal_airfield_barrels_group_b",
      "tm": [
        [
          -0.275637,
          0.0,
          -0.961262
        ],
        [
          0.0,
          1.0,
          0.0
        ],
        [
          0.961262,
          0.0,
          -0.275637
        ],
        [
          128.168,
          0.0,
          103.498
        ]
      ]
    },
    {
      "name": "universal_airfield_barrels_group_b",
      "tm": [
        [
          0.748956,
          0.0,
          0.66262
        ],
        [
          0.0,
          1.0,
          0.0
        ],
        [
          -0.66262,
          0.0,
          0.748956
        ],
        [
          120.339,
          -0.0000133514,
          98.32
        ]
      ]
    },
    {
      "name": "universal_airfield_barrels_group_b",
      "tm": [
        [
          -0.987688,
          0.0,
          -0.156435
        ],
        [
          0.0,
          1.0,
          0.0
        ],
        [
          0.156435,
          0.0,
          -0.987688
        ],
        [
          119.456,
          0.0,
          105.677
        ]
      ]
    },
    {
      "name": "universal_airfield_barrack_a",
      "tm": [
        [
          1.00333e-7,
          0.0,
          1.32895
        ],
        [
          0.0,
          1.32895,
          0.0
        ],
        [
          -1.32895,
          0.0,
          1.00333e-7
        ],
        [
          72.1681,
          0.0,
          -105.188
        ]
      ]
    },
    {
      "name": "universal_airfield_barrack_a",
      "tm": [
        [
          1.00333e-7,
          0.0,
          1.32895
        ],
        [
          0.0,
          1.32895,
          0.0
        ],
        [
          -1.32895,
          0.0,
          1.00333e-7
        ],
        [
          72.1681,
          0.0,
          -128.995
        ]
      ]
    },
    {
      "name": "universal_airfield_barrack_a",
      "tm": [
        [
          1.00333e-7,
          0.0,
          1.32895
        ],
        [
          0.0,
          1.32895,
          0.0
        ],
        [
          -1.32895,
          0.0,
          1.00333e-7
        ],
        [
          72.1681,
          0.0,
          -152.802
        ]
      ]
    },
    {
      "name": "stcity_building_13",
      "tm": [
        [
          0.707107,
          0.0,
          -0.707107
        ],
        [
          0.0,
          1.0,
          0.0
        ],
        [
          0.707107,
          0.0,
          0.707107
        ],
        [
          148.127,
          0.0,
          88.832
        ]
      ]
    },
    {
