{
  "selected_tag": "",
  "bin_dump_file": "",
  "mission_settings": {
    "player": {
      "army": 1
    },
    "player_teamB": {
      "army": 2
    },
    "mission": {
      "level": "levels/water.bin",
      "type": "singleMission",
      "environment": "Day",
      "weather": "clear",
      "restoreType": "attempts",
      "optionalTakeOff": false
    },
    "spectator_points": {}
  },
  "imports": {},
  "triggers": {
    "isCategory": true,
    "is_enabled": true,
    "fields_high_start": {
      "is_enabled": true,
      "comments": "",
      "props": {
        "actionsType": "PERFORM_ONE_BY_ONE",
        "conditionsType": "ALL",
        "enableAfterComplete": false
      },
      "events": {
        "initMission": {}
      },
      "conditions": {},
      "actions": {
        "varSetInt": [
          {
            "value": 0,
            "var": [
              "ft_t1_max_near_airfields_count",
              "ft_t2_max_near_airfields_count"
            ]
          },
          {
            "value": 0,
            "var": [
              "ft_t1_max_mid_airfields_count",
              "ft_t2_max_mid_airfields_count"
            ]
          },
          {
            "value": 3,
            "var": [
              "ft_t1_max_far_airfields_count",
              "ft_t2_max_far_airfields_count"
            ]
          }
        ],
        "comment": {
          "value": ""
        },
        "varSetReal": {
          "value": 30000.0,
          "var": "ft_generate_distance_between"
        }
      },
      "else_actions": {}
    }
  },
  "mission_objectives": {
    "isCategory": true,
    "is_enabled": true
  },
  "variables": {},
  "dialogs": {},
  "airfields": {},
  "effects": {},
  "units": {
    "objectGroups": [
      {
        "name": "ft_t1_airfield_01_01",
        "tm": [
          [
            0.571987,
            0.0,
            0.820264
          ],
          [
            0.0,
            1.0,
            0.0
          ],
          [
            -0.820264,
            0.0,
            0.571987
          ],
          [
            59327.8,
            400.0,
            11740.4
          ]
        ],
        "unit_class": "dynaf_universal_1line_3000_a_big",
        "objLayer": 2,
        "props": {
          "army": 1,
          "active": false
        }
      },
      {
        "name": "ft_t1_airfield_01_02",
        "tm": [
          [
            0.612286,
            0.0,
            0.790636
          ],
          [
            0.0,
            1.0,
            0.0
          ],
          [
            -0.790636,
            0.0,
            0.612286
          ],
          [
            30397.0,
            606.534,
            42029.4
          ]
        ],
        "unit_class": "dynaf_universal_1line_3000_a_big",
        "objLayer": 2,
        "props": {
          "army": 1,
          "active": false
        }
      },
      {
        "name": "ft_t1_airfield_01_03",
        "tm": [
          [
            0.605529,
            0.0,
            0.795821
          ],
          [
            0.0,
            1.0,
            0.0
          ],
          [
            -0.795821,
            0.0,
            0.605529
          ],
          [
            41862.9,
            774.762,
            32557.2
          ]
        ],
        "unit_class": "dynaf_universal_1line_3000_a_big",
        "objLayer": 2,
        "props": {
          "army": 1,
          "active": false
        }
      },
      {
        "name": "ft_t1_airfield_02_01",
        "tm": [
          [
            0.902432,
            0.0,
            0.430832
          ],
          [
            0.0,
            1.0,
            0.0
          ],
          [
            -0.430832,
            0.0,
            0.902432
          ],
          [
            46192.9,
            196.45,
            4915.55
          ]
        ],
        "unit_class": "dynaf_universal_1line_b_big",
        "objLayer": 2,
        "props": {
          "army": 1,
          "active": false
        }
      },
      {
        "name": "ft_t1_airfield_02_02",
        "tm": [
          [
            0.593765,
            0.0,
            0.804638
          ],
          [
            0.0,
            1.0,
            0.0
          ],
          [
            -0.804638,
            0.0,
            0.593765
          ],
          [
            17082.2,
            590.95,
            32481.3
          ]
        ],
        "unit_class": "dynaf_universal_1line_b_big",
        "objLayer": 2,
        "props": {
          "army": 1,
          "active": false
        }
      },
      {
        "name": "ft_t1_airfield_03_01",
        "tm": [
          [
            0.586505,
            0.0,
            0.809946
          ],
          [
            0.0,
            1.0,
            0.0
          ],
          [
            -0.809946,
            0.0,
            0.586505
          ],
          [
            10991.0,
            528.8,
            7995.7
          ]
        ],
        "unit_class": "dynaf_universal_1line_b_big",
        "objLayer": 2,
        "props": {
          "army": 1,
          "active": false
        }
      },
      {
        "name": "ft_t1_airfield_03_02",
        "tm": [
          [
            0.393172,
            0.0,
            0.919464
          ],
          [
            0.0,
            1.0,
            0.0
          ],
          [
            -0.919464,
            0.0,
            0.393172
          ],
          [
            -13779.3,
            263.35,
            38469.5
          ]
        ],
        "unit_class": "dynaf_universal_1line_b_big",
        "objLayer": 2,
        "props": {
          "army": 1,
          "active": false
        }
      },
      {
        "name": "ft_t2_airfield_01_01",
        "tm": [
          [
            -0.473877,
            0.0,
            -0.880591
          ],
          [
            0.0,
            1.0,
            0.0
          ],
          [
            0.880591,
            0.0,
            -0.473877
          ],
          [
            -56636.7,
            134.4,
            -15953.0
          ]
        ],
        "unit_class": "dynaf_universal_1line_3000_a_big",
        "objLayer": 2,
        "props": {
          "army": 2,
          "active": false
        }
      },
      {
        "name": "ft_t2_airfield_01_02",
        "tm": [
          [
            -0.709071,
            0.0,
            -0.705137
          ],
          [
            0.0,
            1.0,
            0.0
          ],
          [
            0.705137,
            0.0,
            -0.709071
          ],
          [
            -22943.5,
            698.427,
            -49337.8
          ]
        ],
        "unit_class": "dynaf_universal_1line_3000_a_big",
        "objLayer": 2,
        "props": {
          "army": 2,
          "active": false
        }
      },
      {
        "name": "ft_t2_airfield_01_03",
        "tm": [
          [
            -0.504734,
            0.0,
            -0.863274
          ],
          [
            0.0,
            1.0,
            0.0
          ],
          [
            0.863274,
            0.0,
            -0.504734
          ],
          [
            -12518.4,
            345.15,
            -58148.1
          ]
        ],
        "unit_class": "dynaf_universal_1line_3000_a_big",
        "objLayer": 2,
        "props": {
          "army": 2,
          "active": false
        }
      },
      {
        "name": "ft_t2_airfield_02_01",
        "tm": [
          [
            -0.871289,
            0.0,
            -0.490769
          ],
          [
            0.0,
            1.0,
            0.0
          ],
          [
            0.490769,
            0.0,
            -0.871289
          ],
          [
            -42281.6,
            649.75,
            -8449.05
          ]
        ],
        "unit_class": "dynaf_universal_1line_b_big",
        "objLayer": 2,
        "props": {
          "army": 2,
          "active": false
        }
      },
      {
        "name": "ft_t2_airfield_02_02",
        "tm": [
          [
            -0.49429,
            0.0,
            -0.869297
          ],
          [
            0.0,
            1.0,
            0.0
          ],
          [
            0.869297,
            0.0,
            -0.49429
          ],
          [
            -18090.8,
            1186.75,
            -30685.3
          ]
        ],
        "unit_class": "dynaf_universal_1line_b_big",
        "objLayer": 2,
        "props": {
          "army": 2,
          "active": false
        }
      },
      {
        "name": "ft_t2_airfield_03_01",
        "tm": [
          [
            -0.735317,
            0.0,
            -0.677725
          ],
          [
            0.0,
            1.0,
            0.0
          ],
          [
            0.677725,
            0.0,
            -0.735317
          ],
          [
            -28478.6,
            469.15,
            11228.0
          ]
        ],
        "unit_class": "dynaf_universal_1line_b_big",
        "objLayer": 2,
        "props": {
          "army": 2,
          "active": false
        }
      },
      {
        "name": "ft_t2_airfield_03_02",
        "tm": [
          [
            -0.666244,
            0.0,
            -0.745732
          ],
          [
            0.0,
            1.0,
            0.0
          ],
          [
            0.745732,
            0.0,
            -0.666244
          ],
          [
            17901.0,
            85.1,
            -39784.8
          ]
        ],
        "unit_class": "dynaf_universal_1line_b_big",
        "objLayer": 2,
        "props": {
          "army": 2,
          "active": false
        }
      },
      {
        "name": "ft_t1_airfield_02_03",
        "tm": [
          [
            0.666012,
            0.0,
            0.745942
          ],
          [
            0.0,
            1.0,
            0.0
          ],
          [
            -0.745942,
            0.0,
            0.666012
          ],
          [
            4815.25,
            473.7,
            44301.1
          ]
        ],
        "unit_class": "dynaf_universal_1line_b_big",
        "objLayer": 2,
        "props": {
          "army": 1,
          "active": false
        }
      },
      {
        "name": "ft_t1_airfield_03_03",
        "tm": [
          [
            0.754553,
            0.0,
            0.656238
          ],
          [
            0.0,
            1.0,
            0.0
          ],
          [
            -0.656238,
            0.0,
            0.754553
          ],
          [
            -973.05,
            539.85,
            19521.0
          ]
        ],
        "unit_class": "dynaf_universal_1line_b_big",
        "objLayer": 2,
        "props": {
          "army": 1,
          "active": false
        }
      },
      {
        "name": "ft_t2_airfield_03_03",
        "tm": [
          [
            -0.764404,
            0.0,
            -0.644738
          ],
          [
            0.0,
            1.0,
            0.0
          ],
          [
            0.644738,
            0.0,
            -0.764404
          ],
          [
            5734.95,
            732.6,
            -25016.0
          ]
        ],
        "unit_class": "dynaf_universal_1line_b_big",
        "objLayer": 2,
        "props": {
          "army": 2,
          "active": false
        }
      },
      {
        "name": "ft_t2_airfield_02_03",
        "tm": [
          [
            -0.724275,
            0.0,
            -0.689511
          ],
          [
            0.0,
            1.0,
            0.0
          ],
          [
            0.689511,
            0.0,
            -0.724275
          ],
          [
            -27439.2,
            506.55,
            -21531.8
          ]
        ],
        "unit_class": "dynaf_universal_1line_b_big",
        "objLayer": 2,
        "props": {
          "army": 2,
          "active": false
        }
      },
      {
        "name": "ft_t1_airfield_03_04",
        "tm": [
          [
            0.146779,
            0.0,
            0.989169
          ],
          [
            0.0,
            1.0,
            0.0
          ],
          [
            -0.989169,
            0.0,
            0.146779
          ],
          [
            -32479.6,
            524.3,
            52491.4
          ]
        ],
        "unit_class": "dynaf_universal_1line_b_big",
        "objLayer": 2,
        "props": {
          "army": 1,
          "active": false
        }
      },
      {
        "name": "ft_t1_airfield_02_04",
        "tm": [
          [
            0.712325,
            0.0,
            0.70185
          ],
          [
            0.0,
            1.0,
            0.0
          ],
          [
            -0.70185,
            0.0,
            0.712325
          ],
          [
            -6360.1,
            384.0,
            53099.8
          ]
        ],
        "unit_class": "dynaf_universal_1line_b_big",
        "objLayer": 2,
        "props": {
          "army": 1,
          "active": false
        }
      },
      {
        "name": "ft_t2_airfield_03_04",
        "tm": [
          [
            -0.888016,
            0.0,
            -0.459815
          ],
          [
            0.0,
            1.0,
            0.0
          ],
          [
            0.459815,
            0.0,
            -0.888016
          ],
          [
            -45032.8,
            335.35,
            24621.0
          ]
        ],
        "unit_class": "dynaf_universal_1line_b_big",
        "objLayer": 2,
        "props": {
          "army": 2,
          "active": false
        }
      },
      {
        "name": "ft_t2_airfield_02_04",
        "tm": [
          [
            -0.474737,
            0.0,
            -0.880127
          ],
          [
            0.0,
            1.0,
            0.0
          ],
          [
            0.880127,
            0.0,
            -0.474737
          ],
          [
            -4251.8,
            302.95,
            -47254.6
          ]
        ],
        "unit_class": "dynaf_universal_1line_b_big",
        "objLayer": 2,
        "props": {
          "army": 2,
          "active": false
        }
      },
      {
        "name": "ft_t2_airfield_01_04",
        "tm": [
          [
            -0.767408,
            0.0,
            -0.64116
          ],
          [
            0.0,
            1.0,
            0.0
          ],
          [
            0.64116,
            0.0,
            -0.767408
          ],
          [
            -48970.7,
            515.3,
            -24140.0
          ]
        ],
        "unit_class": "dynaf_universal_1line_3000_a_big",
        "objLayer": 2,
        "props": {
          "army": 2,
          "active": false
        }
      },
      {
        "name": "ft_t1_airfield_01_04",
        "tm": [
          [
            0.506115,
            0.0,
            0.862465
          ],
          [
            0.0,
            1.0,
            0.0
          ],
          [
            -0.862465,
            0.0,
            0.506115
          ],
          [
            15663.0,
            463.55,
            54517.2
          ]
        ],
        "unit_class": "dynaf_universal_1line_3000_a_big",
        "objLayer": 2,
        "props": {
          "army": 1,
          "active": false
        }
      },
      {
        "name": "ft_t1_airfield_01_05",
        "tm": [
          [
            0.712124,
            0.0,
            0.702053
          ],
          [
            0.0,
            1.0,
            0.0
          ],
          [
            -0.702053,
            0.0,
            0.712124
          ],
          [
            49800.8,
            509.108,
            21048.4
          ]
        ],
        "unit_class": "dynaf_universal_1line_3000_a_big",
        "objLayer": 2,
        "props": {
          "army": 1,
          "active": false
        }
      },
      {
        "name": "ft_t2_airfield_01_05",
        "tm": [
          [
            -0.821244,
            0.0,
            -0.570578
          ],
          [
            0.0,
            1.0,
            0.0
          ],
          [
            0.570578,
            0.0,
            -0.821244
          ],
          [
            -38939.2,
            399.953,
            -34863.2
          ]
        ],
        "unit_class": "dynaf_universal_1line_3000_a_big",
        "objLayer": 2,
        "props": {
          "army": 2,
          "active": false
        }
      },
      {
        "name": "ft_t2_airfield_03_05",
        "tm": [
          [
            -0.633361,
            0.0,
            -0.773858
          ],
          [
            0.0,
            1.0,
            0.0
          ],
          [
            0.773858,
            0.0,
            -0.633361
          ],
          [
            -11420.7,
            745.45,
            -6650.9
          ]
        ],
        "unit_class": "dynaf_universal_1line_b_big",
        "objLayer": 2,
        "props": {
          "army": 2,
          "active": false
        }
      },
      {
        "name": "ft_t1_airfield_03_05",
        "tm": [
          [
            0.788265,
            0.0,
            0.615336
          ],
          [
            0.0,
            1.0,
            0.0
          ],
          [
            -0.615336,
            0.0,
            0.788265
          ],
          [
            23625.7,
            668.9,
            -5579.4
          ]
        ],
        "unit_class": "dynaf_universal_1line_b_big",
        "objLayer": 2,
        "props": {
          "army": 1,
          "active": false
        }
      },
      {
        "name": "ft_t2_airfield_02_05",
        "tm": [
          [
            -0.76452,
            0.0,
            -0.644599
          ],
          [
            0.0,
            1.0,
            0.0
          ],
          [
            0.644599,
            0.0,
            -0.76452
          ],
          [
            -57983.6,
            595.95,
            3847.55
          ]
        ],
        "unit_class": "dynaf_universal_1line_b_big",
        "objLayer": 2,
        "props": {
          "army": 2,
          "active": false
        }
      },
      {
        "name": "ft_t1_airfield_02_05",
        "tm": [
          [
            0.693711,
            0.0,
            0.720252
          ],
          [
            0.0,
            1.0,
            0.0
          ],
          [
            -0.720252,
            0.0,
            0.693711
          ],
          [
            35861.0,
            1169.2,
            16210.3
          ]
        ],
        "unit_class": "dynaf_universal_1line_b_big",
        "objLayer": 2,
        "props": {
          "army": 1,
          "active": false
        }
      }
    ],
    "squad": [
      {
        "name": "ft_t1_airfields_squad",
        "tm": [
          [
            0.707107,
            0.0,
            0.707107
          ],
          [
            0.0,
            1.0,
            0.0
          ],
          [
            -0.707107,
            0.0,
            0.707107
          ],
          [
            83892.3,
            -10.6328,
            -20795.3
          ]
        ],
        "props": {
          "squad_members": [
            "ft_t1_airfield_01_01",
            "ft_t1_airfield_01_02",
            "ft_t1_airfield_01_03",
            "ft_t1_airfield_01_04",
            "ft_t1_airfield_01_05",
            "ft_t1_airfield_02_01",
            "ft_t1_airfield_02_02",
            "ft_t1_airfield_02_03",
            "ft_t1_airfield_02_04",
            "ft_t1_airfield_02_05",
            "ft_t1_airfield_03_01",
            "ft_t1_airfield_03_02",
            "ft_t1_airfield_03_03",
            "ft_t1_airfield_03_04",
            "ft_t1_airfield_03_05"
          ],
          "object_marking": 0
        }
      },
      {
        "name": "ft_t2_airfields_squad",
        "tm": [
          [
            0.707107,
            0.0,
            0.707107
          ],
          [
            0.0,
            1.0,
            0.0
          ],
          [
            -0.707107,
            0.0,
            0.707107
          ],
          [
            23271.4,
            140.354,
            -83168.8
          ]
        ],
        "props": {
          "squad_members": [
            "ft_t2_airfield_01_01",
            "ft_t2_airfield_01_02",
            "ft_t2_airfield_01_03",
            "ft_t2_airfield_01_04",
            "ft_t2_airfield_01_05",
            "ft_t2_airfield_02_01",
            "ft_t2_airfield_02_02",
            "ft_t2_airfield_02_03",
            "ft_t2_airfield_02_04",
            "ft_t2_airfield_02_05",
            "ft_t2_airfield_03_01",
            "ft_t2_airfield_03_02",
            "ft_t2_airfield_03_03",
            "ft_t2_airfield_03_04",
            "ft_t2_airfield_03_05"
          ],
          "object_marking": 0
        }
      }
    ]
  },
  "areas": {
    "ft_t2_airfield_01_01_bomb_zone": {
      "type": "Box",
      "tm": [
        [
          -1658.64,
          0.0,
          -3082.02
        ],
        [
          0.0,
          1000.0,
          0.0
        ],
        [
          1320.87,
          0.0,
          -710.848
        ],
        [
          -56642.0,
          42.2307,
          -15987.6
        ]
      ],
      "objLayer": 0,
      "props": {}
    },
    "ft_t2_airfield_01_02_bomb_zone": {
      "type": "Box",
      "tm": [
        [
          -2482.66,
          0.0,
          -2467.07
        ],
        [
          0.0,
          1000.0,
          0.0
        ],
        [
          1057.32,
          0.0,
          -1063.99
        ],
        [
          -22947.1,
          702.13,
          -49321.7
        ]
      ],
      "objLayer": 0,
      "props": {}
    },
    "ft_t2_airfield_01_03_bomb_zone": {
      "type": "Box",
      "tm": [
        [
          -1765.85,
          0.0,
          -3021.89
        ],
        [
          0.0,
          1000.0,
          0.0
        ],
        [
          1295.09,
          0.0,
          -756.787
        ],
        [
          -12533.2,
          325.1,
          -58146.6
        ]
      ],
      "objLayer": 0,
      "props": {}
    },
    "ft_t2_airfield_02_01_bomb_zone": {
      "type": "Box",
      "tm": [
        [
          -3049.25,
          0.0,
          -1718.16
        ],
        [
          0.0,
          1000.0,
          0.0
        ],
        [
          736.352,
          0.0,
          -1306.82
        ],
        [
          -42239.3,
          557.731,
          -8425.74
        ]
      ],
      "objLayer": 0,
      "props": {}
    },
    "ft_t2_airfield_02_02_bomb_zone": {
      "type": "Box",
      "tm": [
        [
          -1729.87,
          0.0,
          -3042.63
        ],
        [
          0.0,
          1000.0,
          0.0
        ],
        [
          1303.98,
          0.0,
          -741.367
        ],
        [
          -18079.3,
          1058.79,
          -30708.5
        ]
      ],
      "objLayer": 0,
      "props": {}
    },
    "ft_t2_airfield_03_01_bomb_zone": {
      "type": "Box",
      "tm": [
        [
          -2573.8,
          0.0,
          -2371.83
        ],
        [
          0.0,
          1000.0,
          0.0
        ],
        [
          1016.49,
          0.0,
          -1103.06
        ],
        [
          -28434.9,
          388.58,
          11262.5
        ]
      ],
      "objLayer": 0,
      "props": {}
    },
    "ft_t2_airfield_03_02_bomb_zone": {
      "type": "Box",
      "tm": [
        [
          -2332.86,
          0.0,
          -2609.16
        ],
        [
          0.0,
          1000.0,
          0.0
        ],
        [
          1118.21,
          0.0,
          -999.797
        ],
        [
          17928.2,
          31.8197,
          -39759.1
        ]
      ],
      "objLayer": 0,
      "props": {}
    },
    "ft_t1_airfield_01_01_bomb_zone": {
      "type": "Box",
      "tm": [
        [
          2002.51,
          0.0,
          2870.53
        ],
        [
          0.0,
          1000.0,
          0.0
        ],
        [
          -1230.22,
          0.0,
          858.218
        ],
        [
          59509.3,
          305.0,
          11710.7
        ]
      ],
      "objLayer": 0,
      "props": {}
    },
    "ft_t1_airfield_01_03_bomb_zone": {
      "type": "Box",
      "tm": [
        [
          2119.35,
          0.0,
          2785.38
        ],
        [
          0.0,
          1000.0,
          0.0
        ],
        [
          -1193.74,
          0.0,
          908.297
        ],
        [
          41919.4,
          657.41,
          32585.0
        ]
      ],
      "objLayer": 0,
      "props": {}
    },
    "ft_t1_airfield_01_02_bomb_zone": {
      "type": "Box",
      "tm": [
        [
          2143.0,
          0.0,
          2767.22
        ],
        [
          0.0,
          1000.0,
          0.0
        ],
        [
          -1185.95,
          0.0,
          918.436
        ],
        [
          30553.3,
          467.13,
          42004.6
        ]
      ],
      "objLayer": 0,
      "props": {}
    },
    "ft_t1_airfield_02_01_bomb_zone": {
      "type": "Box",
      "tm": [
        [
          3158.51,
          0.0,
          1507.91
        ],
        [
          0.0,
          1000.0,
          0.0
        ],
        [
          -646.251,
          0.0,
          1353.64
        ],
        [
          46115.3,
          17.67,
          4873.55
        ]
      ],
      "objLayer": 0,
      "props": {}
    },
    "ft_t1_airfield_02_02_bomb_zone": {
      "type": "Box",
      "tm": [
        [
          2078.18,
          0.0,
          2816.23
        ],
        [
          0.0,
          1000.0,
          0.0
        ],
        [
          -1206.96,
          0.0,
          890.646
        ],
        [
          17094.0,
          531.39,
          32513.6
        ]
      ],
      "objLayer": 0,
      "props": {}
    },
    "ft_t1_airfield_03_01_bomb_zone": {
      "type": "Box",
      "tm": [
        [
          2052.77,
          0.0,
          2834.81
        ],
        [
          0.0,
          1000.0,
          0.0
        ],
        [
          -1214.92,
          0.0,
          879.755
        ],
        [
          10947.1,
          381.09,
          7930.23
        ]
      ],
      "objLayer": 0,
      "props": {}
    },
    "ft_t1_airfield_03_02_bomb_zone": {
      "type": "Box",
      "tm": [
        [
          1376.09,
          0.0,
          3218.13
        ],
        [
          0.0,
          1000.0,
          0.0
        ],
        [
          -1379.2,
          0.0,
          589.758
        ],
        [
          -13753.3,
          61.4699,
          38648.4
        ]
      ],
      "objLayer": 0,
      "props": {}
    },
    "ft_t1_airfield_01_01_spawn_01": {
      "type": "Point",
      "tm": [
        [
          0.95153,
          0.0,
          0.307558
        ],
        [
          0.0,
          1.0,
          0.0
        ],
        [
          -0.307558,
          0.0,
          0.95153
        ],
        [
          59572.0,
          483.36,
          10952.4
        ]
      ],
      "objLayer": 0,
      "props": {}
    },
    "ft_t1_airfield_01_01_spawn_02": {
      "type": "Point",
      "tm": [
        [
          0.0364322,
          0.0,
          0.999336
        ],
        [
          0.0,
          1.0,
          0.0
        ],
        [
          -0.999336,
          0.0,
          0.0364322
        ],
        [
          59473.3,
          489.951,
          10708.0
        ]
      ],
      "objLayer": 0,
      "props": {}
    },
    "ft_t1_airfield_01_01_spawn_03": {
      "type": "Point",
      "tm": [
        [
          0.95153,
          0.0,
          0.307558
        ],
        [
          0.0,
          1.0,
          0.0
        ],
        [
          -0.307558,
          0.0,
          0.95153
        ],
        [
          58863.2,
          454.63,
          12016.5
        ]
      ],
      "objLayer": 0,
      "props": {}
    },
    "ft_t1_airfield_01_01_spawn_04": {
      "type": "Point",
      "tm": [
        [
          0.95153,
          0.0,
          0.307558
        ],
        [
          0.0,
          1.0,
          0.0
        ],
        [
          -0.307558,
          0.0,
          0.95153
        ],
        [
          58481.6,
          451.55,
          11612.0
        ]
      ],
      "objLayer": 0,
      "props": {}
    },
    "ft_t1_airfield_01_01_spawn_05": {
      "type": "Point",
      "tm": [
        [
          0.95153,
          0.0,
          0.307558
        ],
        [
          0.0,
          1.0,
          0.0
        ],
        [
          -0.307558,
          0.0,
          0.95153
        ],
        [
          59794.9,
          482.26,
          11183.5
        ]
      ],
      "objLayer": 0,
      "props": {}
    },
    "ft_t1_airfield_01_01_spawn_06": {
      "type": "Point",
      "tm": [
        [
          0.95153,
          0.0,
          0.307558
        ],
        [
          0.0,
          1.0,
          0.0
        ],
        [
          -0.307558,
          0.0,
          0.95153
        ],
        [
          58674.1,
          454.92,
          11802.8
        ]
      ],
      "objLayer": 0,
      "props": {}
    },
    "ft_t1_airfield_01_01_spawn_07": {
      "type": "Point",
      "tm": [
        [
          0.95153,
          0.0,
          0.307558
        ],
        [
          0.0,
          1.0,
          0.0
        ],
        [
          -0.307558,
          0.0,
          0.95153
        ],
        [
          60019.4,
          501.7,
          11442.4
        ]
      ],
      "objLayer": 0,
      "props": {}
    },
    "ft_t1_airfield_01_01_spawn_08": {
      "type": "Point",
      "tm": [
        [
          0.95153,
          0.0,
          0.307558
        ],
        [
          0.0,
          1.0,
          0.0
        ],
        [
          -0.307558,
          0.0,
          0.95153
        ],
        [
          60405.2,
          527.201,
          11817.1
        ]
      ],
      "objLayer": 0,
      "props": {}
    },
    "ft_t1_airfield_01_01_spawn_09": {
      "type": "Point",
      "tm": [
        [
          0.95153,
          0.0,
          0.307558
        ],
        [
          0.0,
          1.0,
          0.0
        ],
        [
          -0.307558,
          0.0,
          0.95153
        ],
        [
          59473.1,
          453.58,
          12710.6
        ]
      ],
      "objLayer": 0,
      "props": {}
    },
    "ft_t1_airfield_01_01_spawn_10": {
      "type": "Point",
      "tm": [
        [
          0.95153,
          0.0,
          0.307558
        ],
        [
          0.0,
          1.0,
          0.0
        ],
        [
          -0.307558,
          0.0,
          0.95153
        ],
        [
          59612.4,
          455.38,
          12882.2
        ]
      ],
      "objLayer": 0,
      "props": {}
    },
    "ft_t1_airfield_01_01_spawn_11": {
      "type": "Point",
      "tm": [
        [
          0.95153,
          0.0,
          0.307558
        ],
        [
          0.0,
          1.0,
          0.0
        ],
        [
          -0.307558,
          0.0,
          0.95153
        ],
        [
          60215.0,
          523.92,
          11594.2
        ]
      ],
      "objLayer": 0,
      "props": {}
    },
    "ft_t1_airfield_01_01_spawn_12": {
      "type": "Point",
      "tm": [
        [
          0.95153,
          0.0,
          0.307558
        ],
        [
          0.0,
          1.0,
          0.0
        ],
        [
          -0.307558,
          0.0,
          0.95153
        ],
        [
          60513.1,
          528.171,
          12104.5
        ]
      ],
      "objLayer": 0,
      "props": {}
    },
    "ft_t1_airfield_01_01_spawn_13": {
      "type": "Point",
      "tm": [
        [
          0.95153,
          0.0,
          0.307558
        ],
        [
          0.0,
          1.0,
          0.0
        ],
        [
          -0.307558,
          0.0,
          0.95153
        ],
        [
          59264.6,
          454.24,
          12458.2
        ]
      ],
      "objLayer": 0,
      "props": {}
    },
    "ft_t1_airfield_01_01_spawn_14": {
      "type": "Point",
      "tm": [
        [
          0.95153,
          0.0,
          0.307558
        ],
        [
          0.0,
          1.0,
          0.0
        ],
        [
          -0.307558,
          0.0,
          0.95153
        ],
        [
          59055.2,
          456.02,
          12209.6
        ]
      ],
      "objLayer": 0,
      "props": {}
    },
    "ft_t1_airfield_01_02_spawn_01": {
      "type": "Point",
      "tm": [
        [
          0.992015,
          0.0,
          0.126111
        ],
        [
          0.0,
          1.0,
          0.0
        ],
        [
          -0.126111,
          0.0,
          0.992015
        ],
        [
          30362.8,
          611.92,
          41005.6
        ]
      ],
      "objLayer": 0,
      "props": {}
    },
    "ft_t1_airfield_01_02_spawn_02": {
      "type": "Point",
      "tm": [
        [
          0.992015,
          0.0,
          0.126111
        ],
        [
          0.0,
          1.0,
          0.0
        ],
        [
          -0.126111,
          0.0,
          0.992015
        ],
        [
          29566.2,
          613.58,
          41456.0
        ]
      ],
      "objLayer": 0,
      "props": {}
    },
    "ft_t1_airfield_01_02_spawn_03": {
      "type": "Point",
      "tm": [
        [
          0.992015,
          0.0,
          0.126111
        ],
        [
          0.0,
          1.0,
          0.0
        ],
        [
          -0.126111,
          0.0,
          0.992015
        ],
        [
          30696.2,
          613.23,
          41348.7
        ]
      ],
      "objLayer": 0,
      "props": {}
    },
    "ft_t1_airfield_01_02_spawn_04": {
      "type": "Point",
      "tm": [
        [
          0.992015,
          0.0,
          0.126111
        ],
        [
          0.0,
          1.0,
          0.0
        ],
        [
          -0.126111,
          0.0,
          0.992015
        ],
        [
          30540.3,
          612.59,
          41126.8
        ]
      ],
      "objLayer": 0,
      "props": {}
    },
    "ft_t1_airfield_01_02_spawn_05": {
      "type": "Point",
      "tm": [
        [
          0.992015,
          0.0,
          0.126111
        ],
        [
          0.0,
          1.0,
          0.0
        ],
        [
          -0.126111,
          0.0,
          0.992015
        ],
        [
          30151.8,
          618.7,
          42320.3
        ]
      ],
      "objLayer": 0,
      "props": {}
    },
    "ft_t1_airfield_01_02_spawn_06": {
      "type": "Point",
      "tm": [
        [
          0.992015,
          0.0,
          0.126111
        ],
        [
          0.0,
          1.0,
          0.0
        ],
        [
          -0.126111,
          0.0,
          0.992015
        ],
        [
          30013.0,
          633.04,
          42116.8
        ]
      ],
      "objLayer": 0,
      "props": {}
    },
    "ft_t1_airfield_01_02_spawn_07": {
      "type": "Point",
      "tm": [
        [
          0.992015,
          0.0,
          0.126111
        ],
        [
          0.0,
          1.0,
          0.0
        ],
        [
          -0.126111,
          0.0,
          0.992015
        ],
        [
          29822.8,
          619.54,
          41836.3
        ]
      ],
      "objLayer": 0,
      "props": {}
    },
    "ft_t1_airfield_01_02_spawn_08": {
      "type": "Point",
      "tm": [
        [
          0.992015,
          0.0,
          0.126111
        ],
        [
          0.0,
          1.0,
          0.0
        ],
        [
          -0.126111,
          0.0,
          0.992015
        ],
        [
          31144.7,
          611.95,
          42000.6
        ]
      ],
      "objLayer": 0,
      "props": {}
    },
    "ft_t1_airfield_01_02_spawn_09": {
      "type": "Point",
      "tm": [
        [
          0.992015,
          0.0,
          0.126111
        ],
        [
          0.0,
          1.0,
          0.0
        ],
        [
          -0.126111,
          0.0,
          0.992015
        ],
        [
          31374.5,
          612.46,
          42327.0
        ]
      ],
      "objLayer": 0,
      "props": {}
    },
    "ft_t1_airfield_01_02_spawn_10": {
      "type": "Point",
      "tm": [
        [
          0.992015,
          0.0,
          0.126111
        ],
        [
          0.0,
          1.0,
          0.0
        ],
        [
          -0.126111,
          0.0,
          0.992015
        ],
        [
          29698.7,
          613.08,
          41671.8
        ]
      ],
      "objLayer": 0,
      "props": {}
    },
    "ft_t1_airfield_01_02_spawn_11": {
      "type": "Point",
      "tm": [
        [
          0.992015,
          0.0,
          0.126111
        ],
        [
          0.0,
          1.0,
          0.0
        ],
        [
          -0.126111,
          0.0,
          0.992015
        ],
        [
          30807.7,
          613.56,
          41543.4
        ]
      ],
      "objLayer": 0,
      "props": {}
    },
    "ft_t1_airfield_01_02_spawn_12": {
      "type": "Point",
      "tm": [
        [
          0.992015,
          0.0,
          0.126111
        ],
        [
          0.0,
          1.0,
          0.0
        ],
        [
          -0.126111,
          0.0,
          0.992015
        ],
        [
          30967.7,
          613.53,
          41757.6
        ]
      ],
      "objLayer": 0,
      "props": {}
    },
    "ft_t1_airfield_01_02_spawn_13": {
      "type": "Point",
      "tm": [
        [
          0.992015,
          0.0,
          0.126111
        ],
        [
          0.0,
          1.0,
          0.0
        ],
        [
          -0.126111,
          0.0,
          0.992015
        ],
        [
          30328.6,
          612.81,
          42575.5
        ]
      ],
      "objLayer": 0,
      "props": {}
    },
    "ft_t1_airfield_01_02_spawn_14": {
      "type": "Point",
      "tm": [
        [
          0.992015,
          0.0,
          0.126111
        ],
        [
          0.0,
          1.0,
          0.0
        ],
        [
          -0.126111,
          0.0,
          0.992015
        ],
        [
          30595.7,
          613.62,
          42826.6
        ]
      ],
      "objLayer": 0,
      "props": {}
    },
    "ft_t1_airfield_01_03_spawn_01": {
      "type": "Point",
      "tm": [
        [
          -0.34584,
          0.0,
          0.938293
        ],
        [
          0.0,
          1.0,
          0.0
        ],
        [
          -0.938293,
          0.0,
          -0.34584
        ],
        [
          40859.8,
          804.59,
          31913.2
        ]
      ],
      "objLayer": 0,
      "props": {}
    },
    "ft_t1_airfield_01_03_spawn_02": {
      "type": "Point",
      "tm": [
        [
          -0.34584,
          0.0,
          0.938293
        ],
        [
          0.0,
          1.0,
          0.0
        ],
        [
          -0.938293,
          0.0,
          -0.34584
        ],
        [
          42800.0,
          795.42,
          32879.6
        ]
      ],
      "objLayer": 0,
      "props": {}
    },
    "ft_t1_airfield_01_03_spawn_03": {
      "type": "Point",
      "tm": [
        [
          -0.34584,
          0.0,
          0.938293
        ],
        [
          0.0,
          1.0,
          0.0
        ],
        [
          -0.938293,
          0.0,
          -0.34584
        ],
        [
          42120.5,
          803.73,
          31695.2
        ]
      ],
      "objLayer": 0,
      "props": {}
    },
