{
  "selected_tag": "",
  "bin_dump_file": "",
  "mission_settings": {
    "player": {
      "army": 1
    },
    "player_teamB": {
      "army": 2
    },
    "mission": {
      "level": "levels/water.bin",
      "type": "singleMission",
      "environment": "Day",
      "weather": "clear",
      "restoreType": "attempts",
      "optionalTakeOff": false
    },
    "spectator_points": {}
  },
  "imports": {},
  "triggers": {
    "isCategory": true,
    "is_enabled": true,
    "fields_high_start": {
      "is_enabled": true,
      "comments": "",
      "props": {
        "actionsType": "PERFORM_ONE_BY_ONE",
        "conditionsType": "ALL",
        "enableAfterComplete": false
      },
      "events": {
        "initMission": {}
      },
      "conditions": {},
      "actions": {
        "varSetInt": [
          {
            "value": 0,
            "var": [
              "ft_t1_max_near_airfields_count",
              "ft_t2_max_near_airfields_count"
            ]
          },
          {
            "value": 0,
            "var": [
              "ft_t1_max_mid_airfields_count",
              "ft_t2_max_mid_airfields_count"
            ]
          },
          {
            "value": 3,
            "var": [
              "ft_t1_max_far_airfields_count",
              "ft_t2_max_far_airfields_count"
            ]
          }
        ],
        "comment": {
          "value": ""
        },
        "varSetReal": {
          "value": 30000.0,
          "var": "ft_generate_distance_between"
        }
      },
      "else_actions": {}
    }
  },
  "mission_objectives": {
    "isCategory": true,
    "is_enabled": true
  },
  "variables": {},
  "dialogs": {},
  "airfields": {},
  "effects": {},
  "units": {
    "objectGroups": [
      {
        "name": "ft_t1_airfield_01_01",
        "tm": [
          [
            0.98447,
            0.0,
            0.175558
          ],
          [
            0.0,
            1.0,
            0.0
          ],
          [
            -0.175558,
            0.0,
            0.98447
          ],
          [
            51274.5,
            181.29,
            -49266.2
          ]
        ],
        "unit_class": "dynaf_universal_1line_3000_a_big",
        "objLayer": 2,
        "props": {
          "army": 1,
          "active": false
        }
      },
      {
        "name": "ft_t1_airfield_01_02",
        "tm": [
          [
            0.998683,
            0.0,
            0.0513065
          ],
          [
            0.0,
            1.0,
            0.0
          ],
          [
            -0.0513065,
            0.0,
            0.998683
          ],
          [
            53168.4,
            199.615,
            52392.5
          ]
        ],
        "unit_class": "dynaf_universal_1line_3000_a_big",
        "objLayer": 2,
        "props": {
          "army": 1,
          "active": false
        }
      },
      {
        "name": "ft_t1_airfield_01_03",
        "tm": [
          [
            0.999669,
            0.0,
            0.0256662
          ],
          [
            0.0,
            1.0,
            0.0
          ],
          [
            -0.0256662,
            0.0,
            0.999669
          ],
          [
            52789.1,
            141.572,
            9615.16
          ]
        ],
        "unit_class": "dynaf_universal_1line_3000_a_big",
        "objLayer": 2,
        "props": {
          "army": 1,
          "active": false
        }
      },
      {
        "name": "ft_t1_airfield_02_01",
        "tm": [
          [
            0.999992,
            0.0,
            0.00390547
          ],
          [
            0.0,
            1.0,
            0.0
          ],
          [
            -0.00390547,
            0.0,
            0.999992
          ],
          [
            34675.7,
            163.157,
            -34816.2
          ]
        ],
        "unit_class": "dynaf_universal_1line_b_big",
        "objLayer": 2,
        "props": {
          "army": 1,
          "active": false
        }
      },
      {
        "name": "ft_t1_airfield_02_02",
        "tm": [
          [
            0.960411,
            0.0,
            -0.278584
          ],
          [
            0.0,
            1.0,
            0.0
          ],
          [
            0.278584,
            0.0,
            0.960411
          ],
          [
            33940.7,
            68.2554,
            6768.12
          ]
        ],
        "unit_class": "dynaf_universal_1line_b_big",
        "objLayer": 2,
        "props": {
          "army": 1,
          "active": false
        }
      },
      {
        "name": "ft_t1_airfield_03_01",
        "tm": [
          [
            0.999991,
            0.0,
            0.00419852
          ],
          [
            0.0,
            1.0,
            0.0
          ],
          [
            -0.00419852,
            0.0,
            0.999991
          ],
          [
            12859.3,
            180.058,
            4923.51
          ]
        ],
        "unit_class": "dynaf_universal_1line_b",
        "objLayer": 2,
        "props": {
          "army": 1,
          "active": false
        }
      },
      {
        "name": "ft_t1_airfield_03_02",
        "tm": [
          [
            0.995464,
            0.0,
            0.095136
          ],
          [
            0.0,
            1.0,
            0.0
          ],
          [
            -0.095136,
            0.0,
            0.995464
          ],
          [
            12105.8,
            206.332,
            36227.1
          ]
        ],
        "unit_class": "dynaf_universal_1line_b",
        "objLayer": 2,
        "props": {
          "army": 1,
          "active": false
        }
      },
      {
        "name": "ft_t2_airfield_01_01",
        "tm": [
          [
            -0.969896,
            0.0,
            0.243521
          ],
          [
            0.0,
            1.0,
            0.0
          ],
          [
            -0.243521,
            0.0,
            -0.969896
          ],
          [
            -53757.4,
            90.446,
            48482.0
          ]
        ],
        "unit_class": "dynaf_universal_1line_3000_a_big",
        "objLayer": 2,
        "props": {
          "army": 2,
          "active": false
        }
      },
      {
        "name": "ft_t2_airfield_01_02",
        "tm": [
          [
            -0.993509,
            0.0,
            -0.113754
          ],
          [
            0.0,
            1.0,
            0.0
          ],
          [
            0.113754,
            0.0,
            -0.993509
          ],
          [
            -55041.4,
            99.6167,
            -25938.2
          ]
        ],
        "unit_class": "dynaf_universal_1line_3000_a_big",
        "objLayer": 2,
        "props": {
          "army": 2,
          "active": false
        }
      },
      {
        "name": "ft_t2_airfield_01_03",
        "tm": [
          [
            -0.967328,
            0.0,
            -0.253526
          ],
          [
            0.0,
            1.0,
            0.0
          ],
          [
            0.253526,
            0.0,
            -0.967328
          ],
          [
            -53717.7,
            148.886,
            -47801.0
          ]
        ],
        "unit_class": "dynaf_universal_1line_3000_a_big",
        "objLayer": 2,
        "props": {
          "army": 2,
          "active": false
        }
      },
      {
        "name": "ft_t2_airfield_02_01",
        "tm": [
          [
            -0.860663,
            0.0,
            0.509174
          ],
          [
            0.0,
            1.0,
            0.0
          ],
          [
            -0.509174,
            0.0,
            -0.860663
          ],
          [
            -34755.4,
            124.667,
            29214.0
          ]
        ],
        "unit_class": "dynaf_universal_1line_b_big",
        "objLayer": 2,
        "props": {
          "army": 2,
          "active": false
        }
      },
      {
        "name": "ft_t2_airfield_02_02",
        "tm": [
          [
            -0.997275,
            0.0,
            -0.0737645
          ],
          [
            0.0,
            1.0,
            0.0
          ],
          [
            0.0737645,
            0.0,
            -0.997275
          ],
          [
            -34200.8,
            108.79,
            -10209.1
          ]
        ],
        "unit_class": "dynaf_universal_1line_b_big",
        "objLayer": 2,
        "props": {
          "army": 2,
          "active": false
        }
      },
      {
        "name": "ft_t2_airfield_03_01",
        "tm": [
          [
            -0.97692,
            0.0,
            0.213609
          ],
          [
            0.0,
            1.0,
            0.0
          ],
          [
            -0.213609,
            0.0,
            -0.97692
          ],
          [
            -12834.4,
            78.9039,
            27919.8
          ]
        ],
        "unit_class": "dynaf_universal_1line_b",
        "objLayer": 2,
        "props": {
          "army": 2,
          "active": false
        }
      },
      {
        "name": "ft_t2_airfield_03_02",
        "tm": [
          [
            -0.998418,
            0.0,
            -0.0562069
          ],
          [
            0.0,
            1.0,
            0.0
          ],
          [
            0.0562069,
            0.0,
            -0.998418
          ],
          [
            -13002.2,
            66.624,
            -53154.0
          ]
        ],
        "unit_class": "dynaf_universal_1line_b_big",
        "objLayer": 2,
        "props": {
          "army": 2,
          "active": false
        }
      },
      {
        "name": "ft_t1_airfield_02_03",
        "tm": [
          [
            0.993067,
            0.0,
            -0.117557
          ],
          [
            0.0,
            1.0,
            0.0
          ],
          [
            0.117557,
            0.0,
            0.993067
          ],
          [
            35055.1,
            74.1079,
            26284.1
          ]
        ],
        "unit_class": "dynaf_universal_1line_b_big",
        "objLayer": 2,
        "props": {
          "army": 1,
          "active": false
        }
      },
      {
        "name": "ft_t1_airfield_03_03",
        "tm": [
          [
            0.999951,
            0.0,
            0.00985819
          ],
          [
            0.0,
            1.0,
            0.0
          ],
          [
            -0.00985819,
            0.0,
            0.999951
          ],
          [
            13071.3,
            187.464,
            19092.0
          ]
        ],
        "unit_class": "dynaf_universal_1line_b_big",
        "objLayer": 2,
        "props": {
          "army": 1,
          "active": false
        }
      },
      {
        "name": "ft_t2_airfield_03_03",
        "tm": [
          [
            -0.996414,
            0.0,
            0.0846161
          ],
          [
            0.0,
            1.0,
            0.0
          ],
          [
            -0.0846161,
            0.0,
            -0.996414
          ],
          [
            -13670.0,
            178.296,
            -17360.8
          ]
        ],
        "unit_class": "dynaf_universal_1line_b_big",
        "objLayer": 2,
        "props": {
          "army": 2,
          "active": false
        }
      },
      {
        "name": "ft_t2_airfield_02_03",
        "tm": [
          [
            -0.968481,
            0.0,
            0.249086
          ],
          [
            0.0,
            1.0,
            0.0
          ],
          [
            -0.249086,
            0.0,
            -0.968481
          ],
          [
            -35600.7,
            69.2339,
            9265.97
          ]
        ],
        "unit_class": "dynaf_universal_1line_b_big",
        "objLayer": 2,
        "props": {
          "army": 2,
          "active": false
        }
      },
      {
        "name": "ft_t1_airfield_03_04",
        "tm": [
          [
            0.951595,
            0.0,
            0.307354
          ],
          [
            0.0,
            1.0,
            0.0
          ],
          [
            -0.307354,
            0.0,
            0.951595
          ],
          [
            14028.5,
            50.8242,
            -48453.3
          ]
        ],
        "unit_class": "dynaf_universal_1line_b",
        "objLayer": 2,
        "props": {
          "army": 1,
          "active": false
        }
      },
      {
        "name": "ft_t1_airfield_02_04",
        "tm": [
          [
            0.948587,
            0.0,
            0.316517
          ],
          [
            0.0,
            1.0,
            0.0
          ],
          [
            -0.316517,
            0.0,
            0.948587
          ],
          [
            34985.3,
            183.697,
            49764.3
          ]
        ],
        "unit_class": "dynaf_universal_1line_b_big",
        "objLayer": 2,
        "props": {
          "army": 1,
          "active": false
        }
      },
      {
        "name": "ft_t2_airfield_03_04",
        "tm": [
          [
            -0.981696,
            0.0,
            -0.190454
          ],
          [
            0.0,
            1.0,
            0.0
          ],
          [
            0.190454,
            0.0,
            -0.981696
          ],
          [
            -13487.1,
            121.717,
            47366.4
          ]
        ],
        "unit_class": "dynaf_universal_1line_b_big",
        "objLayer": 2,
        "props": {
          "army": 2,
          "active": false
        }
      },
      {
        "name": "ft_t2_airfield_02_04",
        "tm": [
          [
            -0.9966,
            0.0,
            0.0823845
          ],
          [
            0.0,
            1.0,
            0.0
          ],
          [
            -0.0823845,
            0.0,
            -0.9966
          ],
          [
            -33674.3,
            179.676,
            -39909.1
          ]
        ],
        "unit_class": "dynaf_universal_1line_b_big",
        "objLayer": 2,
        "props": {
          "army": 2,
          "active": false
        }
      },
      {
        "name": "ft_t2_airfield_01_04",
        "tm": [
          [
            -0.987664,
            0.0,
            0.156589
          ],
          [
            0.0,
            1.0,
            0.0
          ],
          [
            -0.156589,
            0.0,
            -0.987664
          ],
          [
            -54292.2,
            114.129,
            22283.0
          ]
        ],
        "unit_class": "dynaf_universal_1line_3000_a_big",
        "objLayer": 2,
        "props": {
          "army": 2,
          "active": false
        }
      },
      {
        "name": "ft_t1_airfield_01_04",
        "tm": [
          [
            0.998966,
            0.0,
            -0.0454422
          ],
          [
            0.0,
            1.0,
            0.0
          ],
          [
            0.0454422,
            0.0,
            0.998966
          ],
          [
            50978.1,
            139.096,
            22841.4
          ]
        ],
        "unit_class": "dynaf_universal_1line_3000_a_big",
        "objLayer": 2,
        "props": {
          "army": 1,
          "active": false
        }
      },
      {
        "name": "ft_t1_airfield_01_05",
        "tm": [
          [
            0.996071,
            0.0,
            0.0885597
          ],
          [
            0.0,
            1.0,
            0.0
          ],
          [
            -0.0885597,
            0.0,
            0.996071
          ],
          [
            49654.2,
            186.777,
            -22660.8
          ]
        ],
        "unit_class": "dynaf_universal_1line_3000_a_big",
        "objLayer": 2,
        "props": {
          "army": 1,
          "active": false
        }
      },
      {
        "name": "ft_t2_airfield_01_05",
        "tm": [
          [
            -0.993423,
            0.0,
            0.114503
          ],
          [
            0.0,
            1.0,
            0.0
          ],
          [
            -0.114503,
            0.0,
            -0.993423
          ],
          [
            -54493.1,
            64.5728,
            -2250.74
          ]
        ],
        "unit_class": "dynaf_universal_1line_3000_a_big",
        "objLayer": 2,
        "props": {
          "army": 2,
          "active": false
        }
      },
      {
        "name": "ft_t2_airfield_03_05",
        "tm": [
          [
            -0.995054,
            0.0,
            -0.099347
          ],
          [
            0.0,
            1.0,
            0.0
          ],
          [
            0.099347,
            0.0,
            -0.995054
          ],
          [
            -13071.0,
            106.621,
            10750.4
          ]
        ],
        "unit_class": "dynaf_universal_1line_b_big",
        "objLayer": 2,
        "props": {
          "army": 2,
          "active": false
        }
      },
      {
        "name": "ft_t1_airfield_03_05",
        "tm": [
          [
            0.803875,
            0.0,
            -0.594798
          ],
          [
            0.0,
            1.0,
            0.0
          ],
          [
            0.594798,
            0.0,
            0.803875
          ],
          [
            12808.8,
            105.579,
            -13702.5
          ]
        ],
        "unit_class": "dynaf_universal_1line_b",
        "objLayer": 2,
        "props": {
          "army": 1,
          "active": false
        }
      },
      {
        "name": "ft_t2_airfield_02_05",
        "tm": [
          [
            -0.962343,
            0.0,
            -0.271836
          ],
          [
            0.0,
            1.0,
            0.0
          ],
          [
            0.271836,
            0.0,
            -0.962343
          ],
          [
            -32696.9,
            71.1538,
            54830.8
          ]
        ],
        "unit_class": "dynaf_universal_1line_b_big",
        "objLayer": 2,
        "props": {
          "army": 2,
          "active": false
        }
      },
      {
        "name": "ft_t1_airfield_02_05",
        "tm": [
          [
            0.98882,
            0.0,
            0.14911
          ],
          [
            0.0,
            1.0,
            0.0
          ],
          [
            -0.14911,
            0.0,
            0.98882
          ],
          [
            33490.8,
            24.2405,
            -14218.9
          ]
        ],
        "unit_class": "dynaf_universal_1line_b",
        "objLayer": 2,
        "props": {
          "army": 1,
          "active": false
        }
      }
    ],
    "squad": [
      {
        "name": "ft_t1_airfields_squad",
        "tm": [
          [
            1.0,
            0.0,
            -2.32831E-10
          ],
          [
            0.0,
            1.0,
            0.0
          ],
          [
            2.32831E-10,
            0.0,
            1.0
          ],
          [
            44616.3,
            -10.6328,
            -74025.3
          ]
        ],
        "props": {
          "squad_members": [
            "ft_t1_airfield_01_01",
            "ft_t1_airfield_01_02",
            "ft_t1_airfield_01_03",
            "ft_t1_airfield_01_04",
            "ft_t1_airfield_01_05",
            "ft_t1_airfield_02_01",
            "ft_t1_airfield_02_02",
            "ft_t1_airfield_02_03",
            "ft_t1_airfield_02_04",
            "ft_t1_airfield_02_05",
            "ft_t1_airfield_03_01",
            "ft_t1_airfield_03_02",
            "ft_t1_airfield_03_03",
            "ft_t1_airfield_03_04",
            "ft_t1_airfield_03_05"
          ],
          "object_marking": 0
        }
      },
      {
        "name": "ft_t2_airfields_squad",
        "tm": [
          [
            1.0,
            0.0,
            -2.32831E-10
          ],
          [
            0.0,
            1.0,
            0.0
          ],
          [
            2.32831E-10,
            0.0,
            1.0
          ],
          [
            -42353.9,
            140.354,
            -75264.6
          ]
        ],
        "props": {
          "squad_members": [
            "ft_t2_airfield_01_01",
            "ft_t2_airfield_01_02",
            "ft_t2_airfield_01_03",
            "ft_t2_airfield_01_04",
            "ft_t2_airfield_01_05",
            "ft_t2_airfield_02_01",
            "ft_t2_airfield_02_02",
            "ft_t2_airfield_02_03",
            "ft_t2_airfield_02_04",
            "ft_t2_airfield_02_05",
            "ft_t2_airfield_03_01",
            "ft_t2_airfield_03_02",
            "ft_t2_airfield_03_03",
            "ft_t2_airfield_03_04",
            "ft_t2_airfield_03_05"
          ],
          "object_marking": 0
        }
      }
    ]
  },
  "areas": {
    "ft_t2_airfield_01_01_bomb_zone": {
      "type": "Box",
      "tm": [
        [
          -3394.6,
          0.0,
          852.407
        ],
        [
          0.0,
          1000.0,
          0.0
        ],
        [
          -365.318,
          0.0,
          -1454.83
        ],
        [
          -53792.4,
          28.2962,
          48478.7
        ]
      ],
      "objLayer": 0,
      "props": {}
    },
    "ft_t2_airfield_01_02_bomb_zone": {
      "type": "Box",
      "tm": [
        [
          -3477.43,
          0.0,
          -396.865
        ],
        [
          0.0,
          1000.0,
          0.0
        ],
        [
          170.092,
          0.0,
          -1490.32
        ],
        [
          -55034.2,
          45.5167,
          -25923.3
        ]
      ],
      "objLayer": 0,
      "props": {}
    },
    "ft_t2_airfield_01_03_bomb_zone": {
      "type": "Box",
      "tm": [
        [
          -3385.44,
          0.0,
          -888.151
        ],
        [
          0.0,
          1000.0,
          0.0
        ],
        [
          380.641,
          0.0,
          -1450.9
        ],
        [
          -53727.1,
          130.616,
          -47789.5
        ]
      ],
      "objLayer": 0,
      "props": {}
    },
    "ft_t2_airfield_02_01_bomb_zone": {
      "type": "Box",
      "tm": [
        [
          -3012.6,
          0.0,
          1781.65
        ],
        [
          0.0,
          1000.0,
          0.0
        ],
        [
          -763.564,
          0.0,
          -1291.11
        ],
        [
          -34714.1,
          62.6675,
          29189.1
        ]
      ],
      "objLayer": 0,
      "props": {}
    },
    "ft_t2_airfield_02_02_bomb_zone": {
      "type": "Box",
      "tm": [
        [
          -3490.46,
          0.0,
          -258.348
        ],
        [
          0.0,
          1000.0,
          0.0
        ],
        [
          110.72,
          0.0,
          -1495.9
        ],
        [
          -34213.7,
          10.8494,
          -10231.5
        ]
      ],
      "objLayer": 0,
      "props": {}
    },
    "ft_t2_airfield_03_01_bomb_zone": {
      "type": "Box",
      "tm": [
        [
          -3419.16,
          0.0,
          747.914
        ],
        [
          0.0,
          1000.0,
          0.0
        ],
        [
          -320.542,
          0.0,
          -1465.35
        ],
        [
          -12781.1,
          53.6339,
          27903.8
        ]
      ],
      "objLayer": 0,
      "props": {}
    },
    "ft_t2_airfield_03_02_bomb_zone": {
      "type": "Box",
      "tm": [
        [
          -3494.54,
          0.0,
          -195.374
        ],
        [
          0.0,
          1000.0,
          0.0
        ],
        [
          83.7338,
          0.0,
          -1497.66
        ],
        [
          -12964.8,
          43.3641,
          -53155.1
        ]
      ],
      "objLayer": 0,
      "props": {}
    },
    "ft_t1_airfield_01_01_bomb_zone": {
      "type": "Box",
      "tm": [
        [
          3445.76,
          0.0,
          613.783
        ],
        [
          0.0,
          1000.0,
          0.0
        ],
        [
          -263.046,
          0.0,
          1476.75
        ],
        [
          51381.9,
          173.87,
          -49415.6
        ]
      ],
      "objLayer": 0,
      "props": {}
    },
    "ft_t1_airfield_01_03_bomb_zone": {
      "type": "Box",
      "tm": [
        [
          3498.84,
          0.0,
          89.8361
        ],
        [
          0.0,
          1000.0,
          0.0
        ],
        [
          -38.4993,
          0.0,
          1499.51
        ],
        [
          52846.2,
          30.329,
          9588.44
        ]
      ],
      "objLayer": 0,
      "props": {}
    },
    "ft_t1_airfield_01_02_bomb_zone": {
      "type": "Box",
      "tm": [
        [
          3495.39,
          0.0,
          179.564
        ],
        [
          0.0,
          1000.0,
          0.0
        ],
        [
          -76.9539,
          0.0,
          1498.02
        ],
        [
          53242.8,
          58.6277,
          52423.0
        ]
      ],
      "objLayer": 0,
      "props": {}
    },
    "ft_t1_airfield_02_01_bomb_zone": {
      "type": "Box",
      "tm": [
        [
          3499.97,
          0.0,
          13.6712
        ],
        [
          0.0,
          1000.0,
          0.0
        ],
        [
          -5.86297,
          0.0,
          1499.99
        ],
        [
          34587.6,
          52.4575,
          -34821.0
        ]
      ],
      "objLayer": 0,
      "props": {}
    },
    "ft_t1_airfield_02_02_bomb_zone": {
      "type": "Box",
      "tm": [
        [
          3361.44,
          0.0,
          -975.043
        ],
        [
          0.0,
          1000.0,
          0.0
        ],
        [
          417.875,
          0.0,
          1440.62
        ],
        [
          33975.1,
          -16.7041,
          6768.26
        ]
      ],
      "objLayer": 0,
      "props": {}
    },
    "ft_t1_airfield_03_01_bomb_zone": {
      "type": "Box",
      "tm": [
        [
          3499.97,
          0.0,
          14.6964
        ],
        [
          0.0,
          1000.0,
          0.0
        ],
        [
          -6.30341,
          0.0,
          1499.99
        ],
        [
          12780.5,
          66.958,
          4920.29
        ]
      ],
      "objLayer": 0,
      "props": {}
    },
    "ft_t1_airfield_03_02_bomb_zone": {
      "type": "Box",
      "tm": [
        [
          3484.12,
          0.0,
          332.989
        ],
        [
          0.0,
          1000.0,
          0.0
        ],
        [
          -142.709,
          0.0,
          1493.2
        ],
        [
          12275.3,
          34.4712,
          36290.0
        ]
      ],
      "objLayer": 0,
      "props": {}
    },
    "ft_t1_airfield_01_01_spawn_01": {
      "type": "Point",
      "tm": [
        [
          0.890309,
          0.0,
          -0.455357
        ],
        [
          0.0,
          1.0,
          0.0
        ],
        [
          0.455357,
          0.0,
          0.890309
        ],
        [
          50890.0,
          277.71,
          -49996.1
        ]
      ],
      "objLayer": 0,
      "props": {}
    },
    "ft_t1_airfield_01_01_spawn_02": {
      "type": "Point",
      "tm": [
        [
          0.732399,
          0.0,
          0.680876
        ],
        [
          0.0,
          1.0,
          0.0
        ],
        [
          -0.680876,
          0.0,
          0.732399
        ],
        [
          50647.4,
          284.301,
          -50099.1
        ]
      ],
      "objLayer": 0,
      "props": {}
    },
    "ft_t1_airfield_01_01_spawn_03": {
      "type": "Point",
      "tm": [
        [
          0.890309,
          0.0,
          -0.455357
        ],
        [
          0.0,
          1.0,
          0.0
        ],
        [
          0.455357,
          0.0,
          0.890309
        ],
        [
          51141.3,
          248.98,
          -48742.5
        ]
      ],
      "objLayer": 0,
      "props": {}
    },
    "ft_t1_airfield_01_01_spawn_04": {
      "type": "Point",
      "tm": [
        [
          0.890309,
          0.0,
          -0.455357
        ],
        [
          0.0,
          1.0,
          0.0
        ],
        [
          0.455357,
          0.0,
          0.890309
        ],
        [
          50585.4,
          245.9,
          -48758.7
        ]
      ],
      "objLayer": 0,
      "props": {}
    },
    "ft_t1_airfield_01_01_spawn_05": {
      "type": "Point",
      "tm": [
        [
          0.890309,
          0.0,
          -0.455357
        ],
        [
          0.0,
          1.0,
          0.0
        ],
        [
          0.455357,
          0.0,
          0.890309
        ],
        [
          51211.0,
          276.61,
          -49990.3
        ]
      ],
      "objLayer": 0,
      "props": {}
    },
    "ft_t1_airfield_01_01_spawn_06": {
      "type": "Point",
      "tm": [
        [
          0.890309,
          0.0,
          -0.455357
        ],
        [
          0.0,
          1.0,
          0.0
        ],
        [
          0.455357,
          0.0,
          0.890309
        ],
        [
          50856.4,
          249.27,
          -48759.9
        ]
      ],
      "objLayer": 0,
      "props": {}
    },
    "ft_t1_airfield_01_01_spawn_07": {
      "type": "Point",
      "tm": [
        [
          0.890309,
          0.0,
          -0.455357
        ],
        [
          0.0,
          1.0,
          0.0
        ],
        [
          0.455357,
          0.0,
          0.890309
        ],
        [
          51552.9,
          296.051,
          -49966.0
        ]
      ],
      "objLayer": 0,
      "props": {}
    },
    "ft_t1_airfield_01_01_spawn_08": {
      "type": "Point",
      "tm": [
        [
          0.890309,
          0.0,
          -0.455357
        ],
        [
          0.0,
          1.0,
          0.0
        ],
        [
          0.455357,
          0.0,
          0.890309
        ],
        [
          52090.6,
          321.551,
          -49973.8
        ]
      ],
      "objLayer": 0,
      "props": {}
    },
    "ft_t1_airfield_01_01_spawn_09": {
      "type": "Point",
      "tm": [
        [
          0.890309,
          0.0,
          -0.455357
        ],
        [
          0.0,
          1.0,
          0.0
        ],
        [
          0.455357,
          0.0,
          0.890309
        ],
        [
          52063.3,
          247.93,
          -48683.0
        ]
      ],
      "objLayer": 0,
      "props": {}
    },
    "ft_t1_airfield_01_01_spawn_10": {
      "type": "Point",
      "tm": [
        [
          0.890309,
          0.0,
          -0.455357
        ],
        [
          0.0,
          1.0,
          0.0
        ],
        [
          0.455357,
          0.0,
          0.890309
        ],
        [
          52283.2,
          249.73,
          -48660.1
        ]
      ],
      "objLayer": 0,
      "props": {}
    },
    "ft_t1_airfield_01_01_spawn_11": {
      "type": "Point",
      "tm": [
        [
          0.890309,
          0.0,
          -0.455357
        ],
        [
          0.0,
          1.0,
          0.0
        ],
        [
          0.455357,
          0.0,
          0.890309
        ],
        [
          51798.5,
          318.27,
          -49997.0
        ]
      ],
      "objLayer": 0,
      "props": {}
    },
    "ft_t1_airfield_01_01_spawn_12": {
      "type": "Point",
      "tm": [
        [
          0.890309,
          0.0,
          -0.455357
        ],
        [
          0.0,
          1.0,
          0.0
        ],
        [
          0.455357,
          0.0,
          0.890309
        ],
        [
          52370.1,
          322.52,
          -49846.9
        ]
      ],
      "objLayer": 0,
      "props": {}
    },
    "ft_t1_airfield_01_01_spawn_13": {
      "type": "Point",
      "tm": [
        [
          0.890309,
          0.0,
          -0.455357
        ],
        [
          0.0,
          1.0,
          0.0
        ],
        [
          0.455357,
          0.0,
          0.890309
        ],
        [
          51737.4,
          248.59,
          -48714.0
        ]
      ],
      "objLayer": 0,
      "props": {}
    },
    "ft_t1_airfield_01_01_spawn_14": {
      "type": "Point",
      "tm": [
        [
          0.890309,
          0.0,
          -0.455357
        ],
        [
          0.0,
          1.0,
          0.0
        ],
        [
          0.455357,
          0.0,
          0.890309
        ],
        [
          51413.5,
          250.37,
          -48741.7
        ]
      ],
      "objLayer": 0,
      "props": {}
    },
    "ft_t1_airfield_01_02_spawn_01": {
      "type": "Point",
      "tm": [
        [
          0.742453,
          0.0,
          -0.669897
        ],
        [
          0.0,
          1.0,
          0.0
        ],
        [
          0.669897,
          0.0,
          0.742453
        ],
        [
          52361.1,
          173.398,
          51916.0
        ]
      ],
      "objLayer": 0,
      "props": {}
    },
    "ft_t1_airfield_01_02_spawn_02": {
      "type": "Point",
      "tm": [
        [
          0.742453,
          0.0,
          -0.669897
        ],
        [
          0.0,
          1.0,
          0.0
        ],
        [
          0.669897,
          0.0,
          0.742453
        ],
        [
          52183.2,
          175.058,
          52813.8
        ]
      ],
      "objLayer": 0,
      "props": {}
    },
    "ft_t1_airfield_01_02_spawn_03": {
      "type": "Point",
      "tm": [
        [
          0.742453,
          0.0,
          -0.669897
        ],
        [
          0.0,
          1.0,
          0.0
        ],
        [
          0.669897,
          0.0,
          0.742453
        ],
        [
          52838.6,
          174.708,
          51887.0
        ]
      ],
      "objLayer": 0,
      "props": {}
    },
    "ft_t1_airfield_01_02_spawn_04": {
      "type": "Point",
      "tm": [
        [
          0.742453,
          0.0,
          -0.669897
        ],
        [
          0.0,
          1.0,
          0.0
        ],
        [
          0.669897,
          0.0,
          0.742453
        ],
        [
          52568.7,
          174.068,
          51860.5
        ]
      ],
      "objLayer": 0,
      "props": {}
    },
    "ft_t1_airfield_01_02_spawn_05": {
      "type": "Point",
      "tm": [
        [
          0.742453,
          0.0,
          -0.669897
        ],
        [
          0.0,
          1.0,
          0.0
        ],
        [
          0.669897,
          0.0,
          0.742453
        ],
        [
          53220.3,
          180.178,
          52933.3
        ]
      ],
      "objLayer": 0,
      "props": {}
    },
    "ft_t1_airfield_01_02_spawn_06": {
      "type": "Point",
      "tm": [
        [
          0.742453,
          0.0,
          -0.669897
        ],
        [
          0.0,
          1.0,
          0.0
        ],
        [
          0.669897,
          0.0,
          0.742453
        ],
        [
          52975.6,
          194.518,
          52905.8
        ]
      ],
      "objLayer": 0,
      "props": {}
    },
    "ft_t1_airfield_01_02_spawn_07": {
      "type": "Point",
      "tm": [
        [
          0.742453,
          0.0,
          -0.669897
        ],
        [
          0.0,
          1.0,
          0.0
        ],
        [
          0.669897,
          0.0,
          0.742453
        ],
        [
          52638.9,
          181.018,
          52867.2
        ]
      ],
      "objLayer": 0,
      "props": {}
    },
    "ft_t1_airfield_01_02_spawn_08": {
      "type": "Point",
      "tm": [
        [
          0.742453,
          0.0,
          -0.669897
        ],
        [
          0.0,
          1.0,
          0.0
        ],
        [
          0.669897,
          0.0,
          0.742453
        ],
        [
          53625.5,
          173.428,
          51972.0
        ]
      ],
      "objLayer": 0,
      "props": {}
    },
    "ft_t1_airfield_01_02_spawn_09": {
      "type": "Point",
      "tm": [
        [
          0.742453,
          0.0,
          -0.669897
        ],
        [
          0.0,
          1.0,
          0.0
        ],
        [
          0.669897,
          0.0,
          0.742453
        ],
        [
          54022.8,
          173.938,
          52010.4
        ]
      ],
      "objLayer": 0,
      "props": {}
    },
    "ft_t1_airfield_01_02_spawn_10": {
      "type": "Point",
      "tm": [
        [
          0.742453,
          0.0,
          -0.669897
        ],
        [
          0.0,
          1.0,
          0.0
        ],
        [
          0.669897,
          0.0,
          0.742453
        ],
        [
          52433.1,
          174.558,
          52853.9
        ]
      ],
      "objLayer": 0,
      "props": {}
    },
    "ft_t1_airfield_01_02_spawn_11": {
      "type": "Point",
      "tm": [
        [
          0.742453,
          0.0,
          -0.669897
        ],
        [
          0.0,
          1.0,
          0.0
        ],
        [
          0.669897,
          0.0,
          0.742453
        ],
        [
          53059.0,
          175.038,
          51929.4
        ]
      ],
      "objLayer": 0,
      "props": {}
    },
    "ft_t1_airfield_01_02_spawn_12": {
      "type": "Point",
      "tm": [
        [
          0.742453,
          0.0,
          -0.669897
        ],
        [
          0.0,
          1.0,
          0.0
        ],
        [
          0.669897,
          0.0,
          0.742453
        ],
        [
          53325.6,
          175.008,
          51947.8
        ]
      ],
      "objLayer": 0,
      "props": {}
    },
    "ft_t1_airfield_01_02_spawn_13": {
      "type": "Point",
      "tm": [
        [
          0.742453,
          0.0,
          -0.669897
        ],
        [
          0.0,
          1.0,
          0.0
        ],
        [
          0.669897,
          0.0,
          0.742453
        ],
        [
          53529.1,
          174.288,
          52965.6
        ]
      ],
      "objLayer": 0,
      "props": {}
    },
    "ft_t1_airfield_01_02_spawn_14": {
      "type": "Point",
      "tm": [
        [
          0.742453,
          0.0,
          -0.669897
        ],
        [
          0.0,
          1.0,
          0.0
        ],
        [
          0.669897,
          0.0,
          0.742453
        ],
        [
          53893.6,
          175.098,
          52926.8
        ]
      ],
      "objLayer": 0,
      "props": {}
    },
    "ft_t1_airfield_01_03_spawn_01": {
      "type": "Point",
      "tm": [
        [
          0.515475,
          0.0,
          0.856904
        ],
        [
          0.0,
          1.0,
          0.0
        ],
        [
          -0.856904,
          0.0,
          0.515475
        ],
        [
          51659.1,
          147.489,
          9994.67
        ]
      ],
      "objLayer": 0,
      "props": {}
    },
    "ft_t1_airfield_01_03_spawn_02": {
      "type": "Point",
      "tm": [
        [
          0.515475,
          0.0,
          0.856904
        ],
        [
          0.0,
          1.0,
          0.0
        ],
        [
          -0.856904,
          0.0,
          0.515475
        ],
        [
          53626.9,
          138.319,
          9085.92
        ]
      ],
      "objLayer": 0,
      "props": {}
    },
    "ft_t1_airfield_01_03_spawn_03": {
      "type": "Point",
      "tm": [
        [
          0.515475,
          0.0,
          0.856904
        ],
        [
          0.0,
          1.0,
          0.0
        ],
        [
          -0.856904,
          0.0,
          0.515475
        ],
        [
          52278.0,
          146.629,
