{
  "selected_tag": "",
  "bin_dump_file": "",
  "mission_settings": {
    "player": {
      "army": 1,
      "wing": ""
    },
    "player_teamB": {
      "army": 2
    },
    "mission": {
      "type": "singleMission",
      "level": "levels/water.bin",
      "restoreType": "attempts",
      "optionalTakeOff": false,
      "environment": "Day",
      "weather": "hazy"
    },
    "spectator_points": []
  },
  "imports": [],
  "triggers": {
    "isCategory": true,
    "is_enabled": true,
    "flt_tanks_init": {
      "is_enabled": true,
      "comments": "",
      "props": {
        "actionsType": "PERFORM_ONE_BY_ONE",
        "conditionsType": "ALL",
        "enableAfterComplete": false
      },
      "events": {
        "initMission": []
      },
      "conditions": [],
      "actions": {
        "varSetInt": {
          "value": 196,
          "var": "flt_tank_spots_num"
        }
      },
      "else_actions": []
    }
  },
  "mission_objectives": {
    "isCategory": true,
    "is_enabled": true
  },
  "variables": [],
  "dialogs": [],
  "airfields": [],
  "effects": [],
  "units": [],
  "areas": {
    "flt_tank_spot_01": {
      "type": "Point",
      "tm": [
        [0.986556,0.0,-0.163423],
        [0.0,1.0,0.0],
        [0.163423,0.0,0.986556],
        [17543.2,65.1452,25792.8]
      ],
      "objLayer": 0,
      "props": []
    },
    "flt_tank_spot_02": {
      "type": "Point",
      "tm": [
        [-0.983572,0.0,0.180519],
        [0.0,1.0,0.0],
        [-0.180519,0.0,-0.983572],
        [17396.4,97.6546,25826.9]
      ],
      "objLayer": 0,
      "props": []
    },
    "flt_tank_spot_03": {
      "type": "Point",
      "tm": [
        [0.992104,0.0,-0.125414],
        [0.0,1.0,0.0],
        [0.125414,0.0,0.992104],
        [17242.4,142.116,25579.8]
      ],
      "objLayer": 0,
      "props": []
    },
    "flt_tank_spot_04": {
      "type": "Point",
      "tm": [
        [0.124497,0.0,0.99222],
        [0.0,1.0,0.0],
        [-0.99222,0.0,0.124497],
        [17482.9,85.5105,26053.2]
      ],
      "objLayer": 0,
      "props": []
    },
    "flt_tank_spot_05": {
      "type": "Point",
      "tm": [
        [0.954419,0.0,-0.298471],
        [0.0,1.0,0.0],
        [0.298471,0.0,0.954419],
        [13176.5,280.897,22106.7]
      ],
      "objLayer": 0,
      "props": []
    },
    "flt_tank_spot_06": {
      "type": "Point",
      "tm": [
        [0.996871,0.0,-0.0790521],
        [0.0,1.0,0.0],
        [0.0790521,0.0,0.996871],
        [13174.0,252.314,21759.1]
      ],
      "objLayer": 0,
      "props": []
    },
    "flt_tank_spot_07": {
      "type": "Point",
      "tm": [
        [-0.944201,0.0,0.329368],
        [0.0,1.0,0.0],
        [-0.329368,0.0,-0.944201],
        [12916.3,279.689,21824.0]
      ],
      "objLayer": 0,
      "props": []
    },
    "flt_tank_spot_08": {
      "type": "Point",
      "tm": [
        [-0.99057,0.0,-0.13701],
        [0.0,1.0,0.0],
        [0.13701,0.0,-0.99057],
        [13098.4,108.529,21123.0]
      ],
      "objLayer": 0,
      "props": []
    },
    "flt_tank_spot_09": {
      "type": "Point",
      "tm": [
        [0.983909,0.0,0.178668],
        [0.0,1.0,0.0],
        [-0.178668,0.0,0.983909],
        [10881.2,356.511,17187.0]
      ],
      "objLayer": 0,
      "props": []
    },
    "flt_tank_spot_10": {
      "type": "Point",
      "tm": [
        [0.0508588,0.0,-0.998706],
        [0.0,1.0,0.0],
        [0.998706,0.0,0.0508588],
        [10818.1,352.391,17124.8]
      ],
      "objLayer": 0,
      "props": []
    },
    "flt_tank_spot_11": {
      "type": "Point",
      "tm": [
        [-0.984013,0.0,-0.178094],
        [0.0,1.0,0.0],
        [0.178094,0.0,-0.984013],
        [10576.0,369.464,17247.4]
      ],
      "objLayer": 0,
      "props": []
    },
    "flt_tank_spot_12": {
      "type": "Point",
      "tm": [
        [0.980417,0.0,-0.196933],
        [0.0,1.0,0.0],
        [0.196933,0.0,0.980417],
        [11268.5,326.928,16610.3]
      ],
      "objLayer": 0,
      "props": []
    },
    "flt_tank_spot_13": {
      "type": "Point",
      "tm": [
        [0.509112,0.0,0.8607],
        [0.0,1.0,0.0],
        [-0.8607,0.0,0.509112],
        [6511.39,181.389,16612.8]
      ],
      "objLayer": 0,
      "props": []
    },
    "flt_tank_spot_14": {
      "type": "Point",
      "tm": [
        [0.292379,0.0,0.956303],
        [0.0,1.0,0.0],
        [-0.956303,0.0,0.292379],
        [5656.18,140.393,16924.6]
      ],
      "objLayer": 0,
      "props": []
    },
    "flt_tank_spot_15": {
      "type": "Point",
      "tm": [
        [-0.970392,0.0,-0.241536],
        [0.0,1.0,0.0],
        [0.241536,0.0,-0.970392],
        [5425.33,114.099,17143.6]
      ],
      "objLayer": 0,
      "props": []
    },
    "flt_tank_spot_16": {
      "type": "Point",
      "tm": [
        [-0.998045,0.0,-0.0625073],
        [0.0,1.0,0.0],
        [0.0625073,0.0,-0.998045],
        [4794.89,107.684,17009.5]
      ],
      "objLayer": 0,
      "props": []
    },
    "flt_tank_spot_17": {
      "type": "Point",
      "tm": [
        [-0.00131158,0.0,-0.999999],
        [0.0,1.0,0.0],
        [0.999999,0.0,-0.00131158],
        [4222.31,58.1057,15081.6]
      ],
      "objLayer": 0,
      "props": []
    },
    "flt_tank_spot_18": {
      "type": "Point",
      "tm": [
        [-0.0113438,0.0,-0.999936],
        [0.0,1.0,0.0],
        [0.999936,0.0,-0.0113438],
        [3328.66,150.452,14969.0]
      ],
      "objLayer": 0,
      "props": []
    },
    "flt_tank_spot_19": {
      "type": "Point",
      "tm": [
        [-0.963292,0.0,0.268457],
        [0.0,1.0,0.0],
        [-0.268457,0.0,-0.963292],
        [2049.36,155.034,15579.3]
      ],
      "objLayer": 0,
      "props": []
    },
    "flt_tank_spot_20": {
      "type": "Point",
      "tm": [
        [-0.628532,0.0,0.777784],
        [0.0,1.0,0.0],
        [-0.777784,0.0,-0.628532],
        [3504.39,129.409,16458.3]
      ],
      "objLayer": 0,
      "props": []
    },
    "flt_tank_spot_21": {
      "type": "Point",
      "tm": [
        [0.937611,0.0,-0.347687],
        [0.0,1.0,0.0],
        [0.347687,0.0,0.937611],
        [-1297.8,144.565,16814.8]
      ],
      "objLayer": 0,
      "props": []
    },
    "flt_tank_spot_22": {
      "type": "Point",
      "tm": [
        [-0.948017,0.0,0.31822],
        [0.0,1.0,0.0],
        [-0.31822,0.0,-0.948017],
        [-1485.92,151.154,16811.2]
      ],
      "objLayer": 0,
      "props": []
    },
    "flt_tank_spot_23": {
      "type": "Point",
      "tm": [
        [0.993602,0.0,-0.11294],
        [0.0,1.0,0.0],
        [0.11294,0.0,0.993602],
        [-1386.8,70.7297,16395.3]
      ],
      "objLayer": 0,
      "props": []
    },
    "flt_tank_spot_24": {
      "type": "Point",
      "tm": [
        [-0.879602,0.0,0.47571],
        [0.0,1.0,0.0],
        [-0.47571,0.0,-0.879602],
        [-1598.81,92.3243,16445.6]
      ],
      "objLayer": 0,
      "props": []
    },
    "flt_tank_spot_25": {
      "type": "Point",
      "tm": [
        [0.948321,0.0,-0.317312],
        [0.0,1.0,0.0],
        [0.317312,0.0,0.948321],
        [-1427.36,396.092,19471.1]
      ],
      "objLayer": 0,
      "props": []
    },
    "flt_tank_spot_26": {
      "type": "Point",
      "tm": [
        [-0.975316,0.0,0.220814],
        [0.0,1.0,0.0],
        [-0.220814,0.0,-0.975316],
        [-1243.74,390.234,19746.6]
      ],
      "objLayer": 0,
      "props": []
    },
    "flt_tank_spot_27": {
      "type": "Point",
      "tm": [
        [0.987759,0.0,0.15599],
        [0.0,1.0,0.0],
        [-0.15599,0.0,0.987759],
        [-1143.83,371.373,20108.9]
      ],
      "objLayer": 0,
      "props": []
    },
    "flt_tank_spot_28": {
      "type": "Point",
      "tm": [
        [0.603171,0.0,0.797612],
        [0.0,1.0,0.0],
        [-0.797612,0.0,0.603171],
        [-1266.62,431.094,20688.6]
      ],
      "objLayer": 0,
      "props": []
    },
    "flt_tank_spot_29": {
      "type": "Point",
      "tm": [
        [-0.287608,0.0,-0.957748],
        [0.0,1.0,0.0],
        [0.957748,0.0,-0.287608],
        [507.652,454.797,25021.0]
      ],
      "objLayer": 0,
      "props": []
    },
    "flt_tank_spot_30": {
      "type": "Point",
      "tm": [
        [0.992076,0.0,0.125643],
        [0.0,1.0,0.0],
        [-0.125643,0.0,0.992076],
        [670.819,409.203,25375.3]
      ],
      "objLayer": 0,
      "props": []
    },
    "flt_tank_spot_31": {
      "type": "Point",
      "tm": [
        [-0.999948,0.0,0.0102195],
        [0.0,1.0,0.0],
        [-0.0102195,0.0,-0.999948],
        [441.95,420.404,25362.0]
      ],
      "objLayer": 0,
      "props": []
    },
    "flt_tank_spot_32": {
      "type": "Point",
      "tm": [
        [0.0696616,0.0,0.997571],
        [0.0,1.0,0.0],
        [-0.997571,0.0,0.0696616],
        [1089.14,474.146,25218.9]
      ],
      "objLayer": 0,
      "props": []
    },
    "flt_tank_spot_33": {
      "type": "Point",
      "tm": [
        [-0.956138,0.0,-0.292918],
        [0.0,1.0,0.0],
        [0.292918,0.0,-0.956138],
        [1996.0,472.845,29381.4]
      ],
      "objLayer": 0,
      "props": []
    },
    "flt_tank_spot_34": {
      "type": "Point",
      "tm": [
        [0.599728,0.0,-0.800204],
        [0.0,1.0,0.0],
        [0.800204,0.0,0.599728],
        [2123.66,485.135,29381.2]
      ],
      "objLayer": 0,
      "props": []
    },
    "flt_tank_spot_35": {
      "type": "Point",
      "tm": [
        [-0.0442821,0.0,0.999019],
        [0.0,1.0,0.0],
        [-0.999019,0.0,-0.0442821],
        [2081.47,486.967,29477.3]
      ],
      "objLayer": 0,
      "props": []
    },
    "flt_tank_spot_36": {
      "type": "Point",
      "tm": [
        [0.555804,0.0,0.831313],
        [0.0,1.0,0.0],
        [-0.831313,0.0,0.555804],
        [2504.11,449.434,29012.6]
      ],
      "objLayer": 0,
      "props": []
    },
    "flt_tank_spot_37": {
      "type": "Point",
      "tm": [
        [0.992108,0.0,-0.125386],
        [0.0,1.0,0.0],
        [0.125386,0.0,0.992108],
        [-4170.12,390.918,29667.6]
      ],
      "objLayer": 0,
      "props": []
    },
    "flt_tank_spot_38": {
      "type": "Point",
      "tm": [
        [0.985924,0.0,0.167194],
        [0.0,1.0,0.0],
        [-0.167194,0.0,0.985924],
        [-4623.45,333.105,29464.0]
      ],
      "objLayer": 0,
      "props": []
    },
    "flt_tank_spot_39": {
      "type": "Point",
      "tm": [
        [0.962706,0.0,-0.27055],
        [0.0,1.0,0.0],
        [0.27055,0.0,0.962706],
        [-4346.47,258.546,28720.6]
      ],
      "objLayer": 0,
      "props": []
    },
    "flt_tank_spot_40": {
      "type": "Point",
      "tm": [
        [-0.0294461,0.0,0.999566],
        [0.0,1.0,0.0],
        [-0.999566,0.0,-0.0294461],
        [-5304.47,255.974,29295.9]
      ],
      "objLayer": 0,
      "props": []
    },
    "flt_tank_spot_41": {
      "type": "Point",
      "tm": [
        [-0.0876882,0.0,-0.996148],
        [0.0,1.0,0.0],
        [0.996148,0.0,-0.0876882],
        [-2779.95,449.619,24162.1]
      ],
      "objLayer": 0,
      "props": []
    },
    "flt_tank_spot_42": {
      "type": "Point",
      "tm": [
        [-0.315419,0.0,-0.948952],
        [0.0,1.0,0.0],
        [0.948952,0.0,-0.315419],
        [-2543.18,448.023,24095.0]
      ],
      "objLayer": 0,
      "props": []
    },
    "flt_tank_spot_43": {
      "type": "Point",
      "tm": [
        [-0.212469,0.0,0.977168],
        [0.0,1.0,0.0],
        [-0.977168,0.0,-0.212469],
        [-2923.11,417.4,23540.7]
      ],
      "objLayer": 0,
      "props": []
    },
    "flt_tank_spot_44": {
      "type": "Point",
      "tm": [
        [0.374328,0.0,-0.927296],
        [0.0,1.0,0.0],
        [0.927296,0.0,0.374328],
        [-2770.14,419.934,23381.6]
      ],
      "objLayer": 0,
      "props": []
    },
    "flt_tank_spot_45": {
      "type": "Point",
      "tm": [
        [-0.00043641,0.0,-1.0],
        [0.0,1.0,0.0],
        [1.0,0.0,-0.00043641],
        [-12569.0,368.726,29563.2]
      ],
      "objLayer": 0,
      "props": []
    },
    "flt_tank_spot_46": {
      "type": "Point",
      "tm": [
        [-0.991049,0.0,0.133499],
        [0.0,1.0,0.0],
        [-0.133499,0.0,-0.991049],
        [-12646.4,369.486,29696.5]
      ],
      "objLayer": 0,
      "props": []
    },
    "flt_tank_spot_47": {
      "type": "Point",
      "tm": [
        [0.199691,0.0,0.979859],
        [0.0,1.0,0.0],
        [-0.979859,0.0,0.199691],
        [-12568.6,372.429,29733.3]
      ],
      "objLayer": 0,
      "props": []
    },
    "flt_tank_spot_48": {
      "type": "Point",
      "tm": [
        [0.993036,0.0,-0.117813],
        [0.0,1.0,0.0],
        [0.117813,0.0,0.993036],
        [-12442.2,369.243,29680.2]
      ],
      "objLayer": 0,
      "props": []
    },
    "flt_tank_spot_49": {
      "type": "Point",
      "tm": [
        [0.982075,0.0,-0.188492],
        [0.0,1.0,0.0],
        [0.188492,0.0,0.982075],
        [-10792.3,180.544,25968.9]
      ],
      "objLayer": 0,
      "props": []
    },
    "flt_tank_spot_50": {
      "type": "Point",
      "tm": [
        [0.0676148,0.0,-0.997711],
        [0.0,1.0,0.0],
        [0.997711,0.0,0.0676148],
        [-11183.1,220.906,26099.6]
      ],
      "objLayer": 0,
      "props": []
    },
    "flt_tank_spot_51": {
      "type": "Point",
      "tm": [
        [0.155344,0.0,-0.98786],
        [0.0,1.0,0.0],
        [0.98786,0.0,0.155344],
        [-11150.1,218.228,25381.6]
      ],
      "objLayer": 0,
      "props": []
    },
    "flt_tank_spot_52": {
      "type": "Point",
      "tm": [
        [-0.923781,0.0,-0.382921],
        [0.0,1.0,0.0],
        [0.382921,0.0,-0.923781],
        [-10470.4,131.616,25207.5]
      ],
      "objLayer": 0,
      "props": []
    },
    "flt_tank_spot_53": {
      "type": "Point",
      "tm": [
        [0.21192,0.0,-0.977287],
        [0.0,1.0,0.0],
        [0.977287,0.0,0.21192],
        [-5897.49,78.5573,16823.5]
      ],
      "objLayer": 0,
      "props": []
    },
    "flt_tank_spot_54": {
      "type": "Point",
      "tm": [
        [-0.136544,0.0,-0.990634],
        [0.0,1.0,0.0],
        [0.990634,0.0,-0.136544],
        [-6294.3,68.3236,17111.8]
      ],
      "objLayer": 0,
      "props": []
    },
    "flt_tank_spot_55": {
      "type": "Point",
      "tm": [
        [-0.999244,0.0,-0.0388799],
        [0.0,1.0,0.0],
        [0.0388799,0.0,-0.999244],
        [-6353.05,72.451,17208.6]
      ],
      "objLayer": 0,
      "props": []
    },
    "flt_tank_spot_56": {
      "type": "Point",
      "tm": [
        [0.994082,0.0,0.108636],
        [0.0,1.0,0.0],
        [-0.108636,0.0,0.994082],
        [-6147.31,106.304,17223.3]
      ],
      "objLayer": 0,
      "props": []
    },
    "flt_tank_spot_57": {
      "type": "Point",
      "tm": [
        [-0.101429,0.0,-0.994843],
        [0.0,1.0,0.0],
        [0.994843,0.0,-0.101429],
        [-20410.7,442.212,30161.1]
      ],
      "objLayer": 0,
      "props": []
    },
    "flt_tank_spot_58": {
      "type": "Point",
      "tm": [
        [-0.94793,0.0,0.318479],
        [0.0,1.0,0.0],
        [-0.318479,0.0,-0.94793],
        [-20491.2,437.024,29924.3]
      ],
      "objLayer": 0,
      "props": []
    },
    "flt_tank_spot_59": {
      "type": "Point",
      "tm": [
        [-0.109835,0.0,-0.99395],
        [0.0,1.0,0.0],
        [0.99395,0.0,-0.109835],
        [-20460.7,434.716,29822.1]
      ],
      "objLayer": 0,
      "props": []
    },
    "flt_tank_spot_60": {
      "type": "Point",
      "tm": [
        [0.983981,0.0,0.178274],
        [0.0,1.0,0.0],
        [-0.178274,0.0,0.983981],
        [-20019.9,451.395,29460.8]
      ],
      "objLayer": 0,
      "props": []
    },
    "flt_tank_spot_61": {
      "type": "Point",
      "tm": [
        [0.924522,0.0,-0.381129],
        [0.0,1.0,0.0],
        [0.381129,0.0,0.924522],
        [-31161.5,410.974,24925.3]
      ],
      "objLayer": 0,
      "props": []
    },
    "flt_tank_spot_62": {
      "type": "Point",
      "tm": [
        [-0.792971,0.0,-0.609259],
        [0.0,1.0,0.0],
        [0.609259,0.0,-0.792971],
        [-31036.1,398.11,24635.0]
      ],
      "objLayer": 0,
      "props": []
    },
    "flt_tank_spot_63": {
      "type": "Point",
      "tm": [
        [1.0,0.0,0.0],
        [0.0,1.0,0.0],
        [0.0,0.0,1.0],
        [-30891.4,402.777,24666.1]
      ],
      "objLayer": 0,
      "props": []
    },
    "flt_tank_spot_64": {
      "type": "Point",
      "tm": [
        [-0.847672,0.0,-0.530521],
        [0.0,1.0,0.0],
        [0.530521,0.0,-0.847672],
        [-31284.9,395.834,25566.9]
      ],
      "objLayer": 0,
      "props": []
    },
    "flt_tank_spot_65": {
      "type": "Point",
      "tm": [
        [0.940646,0.0,-0.339391],
        [0.0,1.0,0.0],
        [0.339391,0.0,0.940646],
        [-18681.6,364.615,20752.1]
      ],
      "objLayer": 0,
      "props": []
    },
    "flt_tank_spot_66": {
      "type": "Point",
      "tm": [
        [-0.580904,0.0,-0.813972],
        [0.0,1.0,0.0],
        [0.813972,0.0,-0.580904],
        [-19078.7,369.641,20739.1]
      ],
      "objLayer": 0,
      "props": []
    },
    "flt_tank_spot_67": {
      "type": "Point",
      "tm": [
        [0.94555,0.0,0.325476],
        [0.0,1.0,0.0],
        [-0.325476,0.0,0.94555],
        [-19013.1,420.586,19821.5]
      ],
      "objLayer": 0,
      "props": []
    },
    "flt_tank_spot_68": {
      "type": "Point",
      "tm": [
        [-0.999991,0.0,-0.00431448],
        [0.0,1.0,0.0],
        [0.00431448,0.0,-0.999991],
        [-19518.3,409.176,19901.7]
      ],
      "objLayer": 0,
      "props": []
    },
    "flt_tank_spot_69": {
      "type": "Point",
      "tm": [
        [-0.276019,0.0,-0.961152],
        [0.0,1.0,0.0],
        [0.961152,0.0,-0.276019],
        [-14725.3,115.064,17775.4]
      ],
      "objLayer": 0,
      "props": []
    },
    "flt_tank_spot_70": {
      "type": "Point",
      "tm": [
        [1.0,0.0,0.0],
        [0.0,1.0,0.0],
        [0.0,0.0,1.0],
        [-14602.8,103.757,17819.5]
      ],
      "objLayer": 0,
      "props": []
    },
    "flt_tank_spot_71": {
      "type": "Point",
      "tm": [
        [1.0,0.0,0.0],
        [0.0,1.0,0.0],
        [0.0,0.0,1.0],
        [-14895.5,105.808,17421.6]
      ],
      "objLayer": 0,
      "props": []
    },
    "flt_tank_spot_72": {
      "type": "Point",
      "tm": [
        [0.285946,0.0,0.958246],
        [0.0,1.0,0.0],
        [-0.958246,0.0,0.285946],
        [-14896.1,145.079,18064.7]
      ],
      "objLayer": 0,
      "props": []
    },
    "flt_tank_spot_73": {
      "type": "Point",
      "tm": [
        [0.174668,0.0,0.984627],
        [0.0,1.0,0.0],
        [-0.984627,0.0,0.174668],
        [-12002.0,23.1498,10881.3]
      ],
      "objLayer": 0,
      "props": []
    },
    "flt_tank_spot_74": {
      "type": "Point",
      "tm": [
        [0.987191,0.0,-0.159545],
        [0.0,1.0,0.0],
        [0.159545,0.0,0.987191],
        [-11943.3,25.7084,10766.1]
      ],
      "objLayer": 0,
      "props": []
    },
    "flt_tank_spot_75": {
      "type": "Point",
      "tm": [
        [-0.996572,0.0,0.0827292],
        [0.0,1.0,0.0],
        [-0.0827292,0.0,-0.996572],
        [-12168.2,13.0284,10805.1]
      ],
      "objLayer": 0,
      "props": []
    },
    "flt_tank_spot_76": {
      "type": "Point",
      "tm": [
        [-0.973286,0.0,0.229596],
        [0.0,1.0,0.0],
        [-0.229596,0.0,-0.973286],
        [-12145.3,45.15,11859.3]
      ],
      "objLayer": 0,
      "props": []
    },
    "flt_tank_spot_77": {
      "type": "Point",
      "tm": [
        [0.999911,0.0,0.0133443],
        [0.0,1.0,0.0],
        [-0.0133443,0.0,0.999911],
        [-5211.56,440.923,11919.8]
      ],
      "objLayer": 0,
      "props": []
    },
    "flt_tank_spot_78": {
      "type": "Point",
      "tm": [
        [-0.298016,0.0,-0.954561],
        [0.0,1.0,0.0],
        [0.954561,0.0,-0.298016],
        [-5620.72,440.655,11739.3]
      ],
      "objLayer": 0,
      "props": []
    },
    "flt_tank_spot_79": {
      "type": "Point",
      "tm": [
        [-0.987539,0.0,0.157376],
        [0.0,1.0,0.0],
        [-0.157376,0.0,-0.987539],
        [-5999.87,417.2,11815.1]
      ],
      "objLayer": 0,
      "props": []
    },
    "flt_tank_spot_80": {
      "type": "Point",
      "tm": [
        [-0.996722,0.0,-0.0808983],
        [0.0,1.0,0.0],
        [0.0808983,0.0,-0.996722],
        [-5485.04,459.285,10946.5]
      ],
      "objLayer": 0,
      "props": []
    },
    "flt_tank_spot_81": {
      "type": "Point",
      "tm": [
        [0.972813,0.0,-0.231591],
        [0.0,1.0,0.0],
        [0.231591,0.0,0.972813],
        [1475.1,220.869,11284.5]
      ],
      "objLayer": 0,
      "props": []
    },
    "flt_tank_spot_82": {
      "type": "Point",
      "tm": [
        [-0.143745,0.0,-0.989615],
        [0.0,1.0,0.0],
        [0.989615,0.0,-0.143745],
        [1330.07,212.265,11215.8]
      ],
      "objLayer": 0,
      "props": []
    },
    "flt_tank_spot_83": {
      "type": "Point",
      "tm": [
        [-0.905698,0.0,0.423923],
        [0.0,1.0,0.0],
        [-0.423923,0.0,-0.905698],
        [1362.53,204.149,11416.8]
      ],
      "objLayer": 0,
      "props": []
    },
    "flt_tank_spot_84": {
      "type": "Point",
      "tm": [
        [-0.334397,0.0,-0.942432],
        [0.0,1.0,0.0],
        [0.942432,0.0,-0.334397],
        [2175.85,285.623,11029.4]
      ],
      "objLayer": 0,
      "props": []
    },
    "flt_tank_spot_85": {
      "type": "Point",
      "tm": [
        [1.0,0.0,0.0],
        [0.0,1.0,0.0],
        [0.0,0.0,1.0],
        [1680.72,353.256,7805.02]
      ],
      "objLayer": 0,
      "props": []
    },
    "flt_tank_spot_86": {
      "type": "Point",
      "tm": [
        [-0.259247,0.0,-0.965811],
        [0.0,1.0,0.0],
        [0.965811,0.0,-0.259247],
        [1560.86,381.274,7645.89]
      ],
      "objLayer": 0,
      "props": []
    },
    "flt_tank_spot_87": {
      "type": "Point",
      "tm": [
        [0.0968141,0.0,0.995302],
        [0.0,1.0,0.0],
        [-0.995302,0.0,0.0968141],
        [1599.66,334.158,7861.54]
      ],
      "objLayer": 0,
      "props": []
    },
    "flt_tank_spot_88": {
      "type": "Point",
      "tm": [
        [0.183018,0.0,0.98311],
        [0.0,1.0,0.0],
        [-0.98311,0.0,0.183018],
        [1300.67,330.464,7696.83]
      ],
      "objLayer": 0,
      "props": []
    },
    "flt_tank_spot_89": {
      "type": "Point",
      "tm": [
        [1.0,0.0,0.0],
        [0.0,1.0,0.0],
        [0.0,0.0,1.0],
        [2525.31,437.71,3098.05]
      ],
      "objLayer": 0,
      "props": []
    },
    "flt_tank_spot_90": {
      "type": "Point",
      "tm": [
        [0.0716459,0.0,0.99743],
        [0.0,1.0,0.0],
        [-0.99743,0.0,0.0716459],
        [2104.24,434.834,3420.45]
      ],
      "objLayer": 0,
      "props": []
    },
    "flt_tank_spot_91": {
      "type": "Point",
      "tm": [
        [0.992428,0.0,-0.122831],
        [0.0,1.0,0.0],
        [0.122831,0.0,0.992428],
        [2411.04,450.394,3924.3]
      ],
      "objLayer": 0,
      "props": []
    },
    "flt_tank_spot_92": {
      "type": "Point",
      "tm": [
        [-0.101367,0.0,-0.994849],
        [0.0,1.0,0.0],
        [0.994849,0.0,-0.101367],
        [1834.85,426.163,3943.09]
      ],
      "objLayer": 0,
      "props": []
    },
    "flt_tank_spot_93": {
      "type": "Point",
      "tm": [
        [-0.167442,0.0,-0.985882],
        [0.0,1.0,0.0],
        [0.985882,0.0,-0.167442],
        [-1739.68,516.952,1677.26]
      ],
      "objLayer": 0,
      "props": []
    },
    "flt_tank_spot_94": {
      "type": "Point",
      "tm": [
        [-0.0276268,0.0,0.999618],
        [0.0,1.0,0.0],
        [-0.999618,0.0,-0.0276268],
        [-1734.35,517.919,1919.78]
      ],
      "objLayer": 0,
      "props": []
    },
    "flt_tank_spot_95": {
      "type": "Point",
      "tm": [
        [-0.997228,0.0,0.0744019],
        [0.0,1.0,0.0],
        [-0.0744019,0.0,-0.997228],
        [-1863.01,521.876,1779.99]
      ],
      "objLayer": 0,
      "props": []
    },
    "flt_tank_spot_96": {
      "type": "Point",
      "tm": [
        [0.983168,0.0,0.182701],
        [0.0,1.0,0.0],
        [-0.182701,0.0,0.983168],
        [-1604.42,512.739,1813.06]
      ],
      "objLayer": 0,
      "props": []
    },
    "flt_tank_spot_97": {
      "type": "Point",
      "tm": [
        [1.0,0.0,0.0],
        [0.0,1.0,0.0],
        [0.0,0.0,1.0],
        [-5704.92,484.136,2085.33]
      ],
      "objLayer": 0,
      "props": []
    },
    "flt_tank_spot_98": {
      "type": "Point",
      "tm": [
        [-0.247035,0.0,-0.969006],
        [0.0,1.0,0.0],
        [0.969006,0.0,-0.247035],
        [-5821.81,485.374,2011.22]
      ],
      "objLayer": 0,
      "props": []
    },
    "flt_tank_spot_99": {
      "type": "Point",
      "tm": [
        [1.0,0.0,0.0],
        [0.0,1.0,0.0],
        [0.0,0.0,1.0],
        [-5895.83,496.352,742.572]
      ],
      "objLayer": 0,
      "props": []
    },
    "flt_tank_spot_100": {
      "type": "Point",
      "tm": [
        [-0.997353,0.0,-0.0727101],
        [0.0,1.0,0.0],
        [0.0727101,0.0,-0.997353],
        [-6152.0,497.236,751.193]
      ],
      "objLayer": 0,
      "props": []
    },
    "flt_tank_spot_101": {
      "type": "Point",
      "tm": [
        [0.956892,0.0,-0.290442],
        [0.0,1.0,0.0],
        [0.290442,0.0,0.956892],
        [-12173.7,337.288,1965.56]
      ],
      "objLayer": 0,
      "props": []
    },
    "flt_tank_spot_102": {
      "type": "Point",
      "tm": [
        [-0.995207,0.0,0.0977957],
        [0.0,1.0,0.0],
        [-0.0977957,0.0,-0.995207],
        [-12565.8,297.018,2033.78]
      ],
      "objLayer": 0,
      "props": []
    },
    "flt_tank_spot_103": {
      "type": "Point",
      "tm": [
        [0.131143,0.0,0.991363],
        [0.0,1.0,0.0],
        [-0.991363,0.0,0.131143],
        [-12360.9,315.906,2107.0]
      ],
      "objLayer": 0,
      "props": []
    },
    "flt_tank_spot_104": {
      "type": "Point",
      "tm": [
        [-0.992965,0.0,-0.118407],
        [0.0,1.0,0.0],
        [0.118407,0.0,-0.992965],
        [-12379.0,197.112,2871.28]
      ],
      "objLayer": 0,
      "props": []
    },
    "flt_tank_spot_105": {
      "type": "Point",
      "tm": [
        [-0.388917,0.0,-0.921273],
        [0.0,1.0,0.0],
        [0.921273,0.0,-0.388917],
        [-9794.73,506.05,-683.203]
      ],
      "objLayer": 0,
      "props": []
    },
    "flt_tank_spot_106": {
      "type": "Point",
      "tm": [
        [0.941284,0.0,-0.337616],
        [0.0,1.0,0.0],
        [0.337616,0.0,0.941284],
        [-9671.68,508.859,-680.721]
      ],
      "objLayer": 0,
      "props": []
    },
    "flt_tank_spot_107": {
      "type": "Point",
      "tm": [
        [-0.26582,0.0,-0.964023],
        [0.0,1.0,0.0],
        [0.964023,0.0,-0.26582],
        [-10491.8,503.904,-825.338]
      ],
      "objLayer": 0,
      "props": []
    },
    "flt_tank_spot_108": {
      "type": "Point",
      "tm": [
        [0.987482,0.0,-0.157732],
        [0.0,1.0,0.0],
        [0.157732,0.0,0.987482],
        [-9814.18,505.69,-1658.96]
      ],
      "objLayer": 0,
      "props": []
    },
    "flt_tank_spot_109": {
      "type": "Point",
      "tm": [
        [-0.402388,0.0,-0.915469],
        [0.0,1.0,0.0],
        [0.915469,0.0,-0.402388],
        [-7692.03,535.245,-2629.26]
      ],
      "objLayer": 0,
      "props": []
    },
    "flt_tank_spot_110": {
      "type": "Point",
      "tm": [
        [0.163602,0.0,-0.986526],
        [0.0,1.0,0.0],
        [0.986526,0.0,0.163602],
        [-7201.71,519.401,-2975.41]
      ],
      "objLayer": 0,
      "props": []
    },
    "flt_tank_spot_111": {
      "type": "Point",
      "tm": [
        [0.335469,0.0,-0.942051],
        [0.0,1.0,0.0],
        [0.942051,0.0,0.335469],
        [-8611.22,557.249,-2625.8]
      ],
      "objLayer": 0,
      "props": []
    },
    "flt_tank_spot_112": {
      "type": "Point",
      "tm": [
        [-0.995914,0.0,-0.0903108],
        [0.0,1.0,0.0],
        [0.0903108,0.0,-0.995914],
        [-7324.12,529.15,-2241.16]
      ],
      "objLayer": 0,
      "props": []
    },
    "flt_tank_spot_113": {
      "type": "Point",
      "tm": [
        [-0.528368,0.0,-0.849016],
        [0.0,1.0,0.0],
        [0.849016,0.0,-0.528368],
        [-1060.67,522.878,-6000.17]
      ],
      "objLayer": 0,
      "props": []
    },
    "flt_tank_spot_114": {
      "type": "Point",
      "tm": [
        [-0.965106,0.0,0.261858],
        [0.0,1.0,0.0],
        [-0.261858,0.0,-0.965106],
        [-1151.8,522.026,-5901.86]
      ],
      "objLayer": 0,
      "props": []
    },
    "flt_tank_spot_115": {
      "type": "Point",
      "tm": [
        [-0.248287,0.0,0.968686],
        [0.0,1.0,0.0],
        [-0.968686,0.0,-0.248287],
        [-910.23,458.175,-5250.0]
      ],
      "objLayer": 0,
      "props": []
    },
    "flt_tank_spot_116": {
      "type": "Point",
      "tm": [
        [-0.998192,0.0,-0.0601033],
        [0.0,1.0,0.0],
        [0.0601033,0.0,-0.998192],
        [-2723.78,503.597,-4952.97]
      ],
      "objLayer": 0,
      "props": []
    },
    "flt_tank_spot_117": {
      "type": "Point",
      "tm": [
        [0.958725,0.0,-0.284334],
        [0.0,1.0,0.0],
        [0.284334,0.0,0.958725],
        [14532.7,583.265,-10503.1]
      ],
      "objLayer": 0,
      "props": []
    },
    "flt_tank_spot_118": {
      "type": "Point",
      "tm": [
        [-0.136634,0.0,-0.990622],
        [0.0,1.0,0.0],
        [0.990622,0.0,-0.136634],
        [14431.0,586.582,-10553.8]
      ],
      "objLayer": 0,
      "props": []
    },
    "flt_tank_spot_119": {
      "type": "Point",
      "tm": [
        [-0.965505,0.0,-0.260386],
        [0.0,1.0,0.0],
        [0.260386,0.0,-0.965505],
        [14373.4,587.044,-10411.7]
      ],
      "objLayer": 0,
      "props": []
    },
    "flt_tank_spot_120": {
      "type": "Point",
      "tm": [
        [0.232899,0.0,0.972501],
        [0.0,1.0,0.0],
        [-0.972501,0.0,0.232899],
        [14561.2,539.025,-9977.46]
      ],
      "objLayer": 0,
      "props": []
    },
    "flt_tank_spot_121": {
      "type": "Point",
      "tm": [
        [0.968154,0.0,-0.250354],
        [0.0,1.0,0.0],
        [0.250354,0.0,0.968154],
        [20602.2,512.057,-14147.3]
      ],
      "objLayer": 0,
      "props": []
    },
    "flt_tank_spot_122": {
      "type": "Point",
      "tm": [
        [-0.960274,0.0,0.279059],
        [0.0,1.0,0.0],
        [-0.279059,0.0,-0.960274],
        [20444.1,510.188,-14102.5]
      ],
      "objLayer": 0,
      "props": []
    },
    "flt_tank_spot_123": {
      "type": "Point",
      "tm": [
        [1.0,0.0,0.0],
        [0.0,1.0,0.0],
        [0.0,0.0,1.0],
        [20408.8,540.944,-13334.9]
      ],
      "objLayer": 0,
      "props": []
    },
    "flt_tank_spot_124": {
      "type": "Point",
      "tm": [
        [0.319393,0.0,-0.947622],
        [0.0,1.0,0.0],
        [0.947622,0.0,0.319393],
        [21111.1,554.344,-13625.7]
      ],
      "objLayer": 0,
      "props": []
    },
    "flt_tank_spot_125": {
      "type": "Point",
      "tm": [
        [-0.278417,0.0,-0.96046],
        [0.0,1.0,0.0],
        [0.96046,0.0,-0.278417],
        [24682.2,507.162,-11590.3]
      ],
      "objLayer": 0,
      "props": []
    },
    "flt_tank_spot_126": {
      "type": "Point",
      "tm": [
        [-0.88681,0.0,0.462134],
        [0.0,1.0,0.0],
        [-0.462134,0.0,-0.88681],
        [24629.2,496.317,-11489.8]
      ],
      "objLayer": 0,
      "props": []
    },
    "flt_tank_spot_127": {
      "type": "Point",
      "tm": [
        [0.987881,0.0,-0.155212],
        [0.0,1.0,0.0],
        [0.155212,0.0,0.987881],
        [24701.0,476.236,-12331.0]
      ],
      "objLayer": 0,
      "props": []
    },
    "flt_tank_spot_128": {
      "type": "Point",
      "tm": [
        [0.0885979,0.0,0.996067],
        [0.0,1.0,0.0],
        [-0.996067,0.0,0.0885979],
        [24125.0,508.27,-12567.1]
      ],
      "objLayer": 0,
      "props": []
    },
    "flt_tank_spot_129": {
      "type": "Point",
      "tm": [
        [0.577129,0.0,0.816653],
        [0.0,1.0,0.0],
        [-0.816653,0.0,0.577129],
        [27235.8,484.09,-13539.6]
      ],
      "objLayer": 0,
      "props": []
    },
    "flt_tank_spot_130": {
      "type": "Point",
      "tm": [
        [-0.99549,0.0,-0.0948629],
        [0.0,1.0,0.0],
        [0.0948629,0.0,-0.99549],
        [27104.0,469.094,-13591.4]
      ],
      "objLayer": 0,
      "props": []
    },
    "flt_tank_spot_131": {
      "type": "Point",
      "tm": [
        [-0.322101,0.0,-0.946705],
        [0.0,1.0,0.0],
        [0.946705,0.0,-0.322101],
        [27155.2,448.491,-13796.2]
      ],
      "objLayer": 0,
      "props": []
    },
    "flt_tank_spot_132": {
      "type": "Point",
      "tm": [
        [0.991037,0.0,-0.133586],
        [0.0,1.0,0.0],
        [0.133586,0.0,0.991037],
        [27660.3,399.081,-14375.5]
      ],
      "objLayer": 0,
      "props": []
    },
    "flt_tank_spot_133": {
      "type": "Point",
      "tm": [
        [1.0,0.0,0.0],
        [0.0,1.0,0.0],
        [0.0,0.0,1.0],
        [30538.1,556.302,-10779.7]
      ],
      "objLayer": 0,
      "props": []
    },
    "flt_tank_spot_134": {
      "type": "Point",
      "tm": [
        [1.0,0.0,0.0],
        [0.0,1.0,0.0],
        [0.0,0.0,1.0],
        [30235.8,541.63,-11252.6]
      ],
      "objLayer": 0,
      "props": []
    },
    "flt_tank_spot_135": {
      "type": "Point",
      "tm": [
        [-0.349481,0.0,-0.936944],
        [0.0,1.0,0.0],
        [0.936944,0.0,-0.349481],
        [30012.1,520.313,-11288.8]
      ],
      "objLayer": 0,
      "props": []
    },
    "flt_tank_spot_136": {
      "type": "Point",
      "tm": [
        [0.632806,0.0,0.77431],
        [0.0,1.0,0.0],
        [-0.77431,0.0,0.632806],
        [30154.7,548.231,-10919.7]
      ],
      "objLayer": 0,
      "props": []
    },
    "flt_tank_spot_137": {
      "type": "Point",
      "tm": [
        [0.987109,0.0,0.160046],
        [0.0,1.0,0.0],
        [-0.160046,0.0,0.987109],
        [12678.6,570.761,-16629.5]
      ],
      "objLayer": 0,
      "props": []
    },
    "flt_tank_spot_138": {
      "type": "Point",
      "tm": [
        [-0.999928,0.0,0.0119632],
        [0.0,1.0,0.0],
        [-0.0119632,0.0,-0.999928],
        [12204.6,571.873,-16406.6]
      ],
      "objLayer": 0,
      "props": []
    },
    "flt_tank_spot_139": {
      "type": "Point",
      "tm": [
        [0.104497,0.0,0.994525],
        [0.0,1.0,0.0],
        [-0.994525,0.0,0.104497],
        [11323.1,577.329,-16026.1]
      ],
      "objLayer": 0,
      "props": []
    },
    "flt_tank_spot_140": {
      "type": "Point",
      "tm": [
        [-0.366848,0.0,-0.930281],
        [0.0,1.0,0.0],
        [0.930281,0.0,-0.366848],
        [11169.2,562.657,-16340.7]
      ],
      "objLayer": 0,
      "props": []
    },
    "flt_tank_spot_141": {
      "type": "Point",
      "tm": [
        [0.214388,0.0,0.976749],
        [0.0,1.0,0.0],
        [-0.976749,0.0,0.214388],
        [13066.2,533.304,-20236.2]
      ],
      "objLayer": 0,
      "props": []
    },
    "flt_tank_spot_142": {
      "type": "Point",
      "tm": [
        [0.987111,0.0,0.160036],
        [0.0,1.0,0.0],
        [-0.160036,0.0,0.987111],
        [12569.5,515.261,-20935.5]
      ],
      "objLayer": 0,
      "props": []
    },
    "flt_tank_spot_143": {
      "type": "Point",
      "tm": [
        [0.366396,0.0,0.930459],
        [0.0,1.0,0.0],
        [-0.930459,0.0,0.366396],
        [11265.7,555.314,-20442.9]
      ],
      "objLayer": 0,
      "props": []
    },
    "flt_tank_spot_144": {
      "type": "Point",
      "tm": [
        [-0.292206,0.0,-0.956355],
        [0.0,1.0,0.0],
        [0.956355,0.0,-0.292206],
        [10806.0,538.992,-20852.6]
      ],
      "objLayer": 0,
      "props": []
    },
    "flt_tank_spot_145": {
      "type": "Point",
      "tm": [
        [-0.0615404,0.0,-0.998105],
        [0.0,1.0,0.0],
        [0.998105,0.0,-0.0615404],
        [3905.47,580.099,-18915.8]
      ],
      "objLayer": 0,
      "props": []
    },
    "flt_tank_spot_146": {
      "type": "Point",
      "tm": [
        [-0.999969,0.0,-0.00784379],
        [0.0,1.0,0.0],
        [0.00784379,0.0,-0.999969],
        [4922.8,542.82,-18436.7]
      ],
      "objLayer": 0,
      "props": []
    },
    "flt_tank_spot_147": {
      "type": "Point",
      "tm": [
        [0.989329,0.0,0.1457],
        [0.0,1.0,0.0],
        [-0.1457,0.0,0.989329],
        [8134.27,538.24,-17603.0]
      ],
      "objLayer": 0,
      "props": []
    },
    "flt_tank_spot_148": {
      "type": "Point",
      "tm": [
        [-0.530444,0.0,-0.84772],
        [0.0,1.0,0.0],
        [0.84772,0.0,-0.530444],
        [3543.37,536.913,-20141.3]
      ],
      "objLayer": 0,
      "props": []
    },
    "flt_tank_spot_149": {
      "type": "Point",
      "tm": [
        [0.932759,0.0,-0.360499],
        [0.0,1.0,0.0],
        [0.360499,0.0,0.932759],
        [3998.46,588.72,-24323.6]
      ],
      "objLayer": 0,
      "props": []
    },
    "flt_tank_spot_150": {
      "type": "Point",
      "tm": [
        [0.785679,0.0,-0.618634],
        [0.0,1.0,0.0],
        [0.618634,0.0,0.785679],
        [7656.11,568.72,-24544.7]
      ],
      "objLayer": 0,
      "props": []
    },
    "flt_tank_spot_151": {
      "type": "Point",
      "tm": [
        [-0.0970964,0.0,-0.995275],
        [0.0,1.0,0.0],
        [0.995275,0.0,-0.0970964],
        [6239.9,561.584,-24938.8]
      ],
      "objLayer": 0,
      "props": []
    },
    "flt_tank_spot_152": {
      "type": "Point",
      "tm": [
        [-0.187445,0.0,-0.982275],
        [0.0,1.0,0.0],
        [0.982275,0.0,-0.187445],
        [1982.58,579.886,-25151.1]
      ],
      "objLayer": 0,
      "props": []
    },
    "flt_tank_spot_153": {
      "type": "Point",
      "tm": [
        [-0.335068,0.0,-0.942194],
        [0.0,1.0,0.0],
        [0.942194,0.0,-0.335068],
        [-1279.16,559.136,-13083.4]
      ],
      "objLayer": 0,
      "props": []
    },
    "flt_tank_spot_154": {
      "type": "Point",
      "tm": [
        [-0.976082,0.0,0.217403],
        [0.0,1.0,0.0],
        [-0.217403,0.0,-0.976082],
        [-1337.32,554.967,-13006.1]
      ],
      "objLayer": 0,
      "props": []
    },
    "flt_tank_spot_155": {
      "type": "Point",
      "tm": [
        [0.305893,0.0,0.952066],
        [0.0,1.0,0.0],
        [-0.952066,0.0,0.305893],
        [-1245.71,557.14,-12964.4]
      ],
      "objLayer": 0,
      "props": []
    },
    "flt_tank_spot_156": {
      "type": "Point",
      "tm": [
        [0.97324,0.0,-0.229792],
        [0.0,1.0,0.0],
        [0.229792,0.0,0.97324],
        [-1189.23,559.455,-13041.8]
      ],
      "objLayer": 0,
      "props": []
    },
    "flt_tank_spot_157": {
      "type": "Point",
      "tm": [
        [-0.0157039,0.0,0.999877],
        [0.0,1.0,0.0],
        [-0.999877,0.0,-0.0157039],
        [-3520.32,546.698,-27919.9]
      ],
      "objLayer": 0,
      "props": []
    },
    "flt_tank_spot_158": {
      "type": "Point",
      "tm": [
        [-0.206524,0.0,-0.978442],
        [0.0,1.0,0.0],
        [0.978442,0.0,-0.206524],
        [-2972.37,536.44,-28108.3]
      ],
      "objLayer": 0,
      "props": []
    },
    "flt_tank_spot_159": {
      "type": "Point",
      "tm": [
        [0.996409,0.0,0.0846669],
        [0.0,1.0,0.0],
        [-0.0846669,0.0,0.996409],
        [-2362.55,548.156,-27861.5]
      ],
      "objLayer": 0,
      "props": []
    },
    "flt_tank_spot_160": {
      "type": "Point",
      "tm": [
        [-0.14685,0.0,-0.989159],
        [0.0,1.0,0.0],
        [0.989159,0.0,-0.14685],
        [-4198.14,550.873,-27460.9]
      ],
      "objLayer": 0,
      "props": []
    },
    "flt_tank_spot_161": {
