{
  "selected_tag": "",
  "bin_dump_file": "",
  "mission_settings": {
    "player": {
      "army": 1,
      "wing": ""
    },
    "player_teamB": {
      "army": 2,
      "wing": ""
    },
    "mission": {
      "level": "levels/berlin.bin",
      "type": "domination",
      "environment": "Day",
      "weather": "hazy",
      "deathPenaltyMulRounds": 0.0,
      "stars": {
        "latitude": 52.5,
        "longitude": 13.0,
        "year": 1945,
        "month": 4,
        "day": 2
      }
    },
    "spectator_points": {}
  },
  "imports": {
    "import_record": {
      "file": "gameData/missions/templates/air_templates/gs/assaults_gs_template.blk",
      "importAreas": true,
      "importUnits": true,
      "importTriggers": true,
      "importMissionObjectives": true,
      "importWayPoints": true,
      "showAreas": true,
      "showUnits": true,
      "showTriggers": true,
      "showMissionObjectives": true,
      "showWayPoints": true,
      "excludes": {}
    }
  },
  "triggers": {
    "isCategory": true,
    "is_enabled": true
  },
  "mission_objectives": {
    "isCategory": true,
    "is_enabled": true
  },
  "variables": {
    "ai_assaults_saved": 0,
    "ft_helicopters_pad_exclusive": false
  },
  "dialogs": {},
  "airfields": {},
  "effects": {},
  "units": {},
  "areas": {
    "at_area": {
      "type": "Sphere",
      "tm": [
        [
          -10131.3,
          0.0,
          12383.8
        ],
        [
          0.0,
          16000.0,
          0.0
        ],
        [
          -12383.8,
          0.0,
          -10131.3
        ],
        [
          8554.7,
          2500.0,
          -5409.0
        ]
      ],
      "objLayer": 0,
      "props": {}
    },
    "at_t2_spawn_01_01": {
      "type": "Point",
      "tm": [
        [
          -0.788155,
          0.0,
          -0.615479
        ],
        [
          0.0,
          1.0,
          0.0
        ],
        [
          0.615479,
          0.0,
          -0.788155
        ],
        [
          13213.5,
          2500.0,
          1090.47
        ]
      ],
      "objLayer": 0,
      "props": {}
    },
    "at_t1_spawn_01_01": {
      "type": "Point",
      "tm": [
        [
          0.788155,
          0.0,
          0.615479
        ],
        [
          0.0,
          1.0,
          0.0
        ],
        [
          -0.615479,
          0.0,
          0.788155
        ],
        [
          1248.87,
          2499.99,
          -8693.27
        ]
      ],
      "objLayer": 0,
      "props": {}
    },
    "at_t2_spawn_01_02": {
      "type": "Point",
      "tm": [
        [
          -0.788155,
          0.0,
          -0.615479
        ],
        [
          0.0,
          1.0,
          0.0
        ],
        [
          0.615479,
          0.0,
          -0.788155
        ],
        [
          15844.6,
          2500.0,
          -2115.68
        ]
      ],
      "objLayer": 0,
      "props": {}
    },
    "at_t1_spawn_01_02": {
      "type": "Point",
      "tm": [
        [
          0.788155,
          0.0,
          0.615479
        ],
        [
          0.0,
          1.0,
          0.0
        ],
        [
          -0.615479,
          0.0,
          0.788155
        ],
        [
          3884.89,
          2499.99,
          -11904.6
        ]
      ],
      "objLayer": 0,
      "props": {}
    },
    "at_t1_spawn_02_01": {
      "type": "Point",
      "tm": [
        [
          0.788155,
          0.0,
          0.615479
        ],
        [
          0.0,
          1.0,
          0.0
        ],
        [
          -0.615479,
          0.0,
          0.788155
        ],
        [
          5667.96,
          2499.99,
          -12866.9
        ]
      ],
      "objLayer": 0,
      "props": {}
    },
    "at_t1_spawn_02_02": {
      "type": "Point",
      "tm": [
        [
          0.788155,
          0.0,
          0.615479
        ],
        [
          0.0,
          1.0,
          0.0
        ],
        [
          -0.615479,
          0.0,
          0.788155
        ],
        [
          677.875,
          2499.99,
          -6801.9
        ]
      ],
      "objLayer": 0,
      "props": {}
    },
    "at_t2_spawn_02_01": {
      "type": "Point",
      "tm": [
        [
          -0.788155,
          0.0,
          -0.615479
        ],
        [
          0.0,
          1.0,
          0.0
        ],
        [
          0.615479,
          0.0,
          -0.788155
        ],
        [
          16631.5,
          2500.01,
          -4265.71
        ]
      ],
      "objLayer": 0,
      "props": {}
    },
    "at_t2_spawn_02_02": {
      "type": "Point",
      "tm": [
        [
          -0.788155,
          0.0,
          -0.615479
        ],
        [
          0.0,
          1.0,
          0.0
        ],
        [
          0.615479,
          0.0,
          -0.788155
        ],
        [
          11414.0,
          2500.0,
          2042.6
        ]
      ],
      "objLayer": 0,
      "props": {}
    }
  },
  "objLayers": {},
  "wayPoints": {}
}