{
  "selected_tag": "",
  "bin_dump_file": "",
  "mission_settings": {
    "player": {
      "army": 1
    },
    "player_teamB": {
      "army": 2
    },
    "mission": {
      "level": "levels/water.bin",
      "type": "singleMission",
      "environment": "Day",
      "weather": "clear",
      "restoreType": "attempts",
      "optionalTakeOff": false
    },
    "spectator_points": {}
  },
  "imports": {},
  "triggers": {
    "isCategory": true,
    "is_enabled": true,
    "ft_small_init": {
      "is_enabled": true,
      "comments": "",
      "props": {
        "actionsType": "PERFORM_ONE_BY_ONE",
        "conditionsType": "ALL",
        "enableAfterComplete": false
      },
      "events": {
        "initMission": {}
      },
      "conditions": {},
      "actions": {
        "varSetInt": [
          {
            "value": 2,
            "var": [
              "ft_t1_max_near_airfields_count",
              "ft_t2_max_near_airfields_count"
            ]
          },
          {
            "value": 2,
            "var": [
              "ft_t1_max_mid_airfields_count",
              "ft_t2_max_mid_airfields_count"
            ]
          },
          {
            "value": 2,
            "var": [
              "ft_t1_max_far_airfields_count",
              "ft_t2_max_far_airfields_count"
            ]
          }
        ]
      },
      "else_actions": {}
    }
  },
  "mission_objectives": {
    "isCategory": true,
    "is_enabled": true
  },
  "variables": {},
  "dialogs": {},
  "airfields": {},
  "effects": {},
  "units": {
    "objectGroups": [
      {
        "name": "ft_t1_airfield_02_01",
        "tm": [
          [
            -0.655556,
            0.0,
            -0.755146
          ],
          [
            0.0,
            1.0,
            0.0
          ],
          [
            0.755146,
            0.0,
            -0.655556
          ],
          [
            -26976.4,
            39.4841,
            -37261.6
          ]
        ],
        "unit_class": "dynaf_universal_1line_b",
        "objLayer": 2,
        "props": {
          "army": 1,
          "active": false
        }
      },
      {
        "name": "ft_t1_airfield_02_02",
        "tm": [
          [
            0.269469,
            0.0,
            -0.963009
          ],
          [
            0.0,
            1.0,
            0.0
          ],
          [
            0.963009,
            0.0,
            0.269469
          ],
          [
            10758.4,
            39.2134,
            -39115.7
          ]
        ],
        "unit_class": "dynaf_universal_1line_b",
        "objLayer": 2,
        "props": {
          "army": 1,
          "active": false
        }
      },
      {
        "name": "ft_t1_airfield_03_01",
        "tm": [
          [
            -0.131165,
            0.0,
            -0.991362
          ],
          [
            0.0,
            1.0,
            0.0
          ],
          [
            0.991362,
            0.0,
            -0.131165
          ],
          [
            28221.8,
            67.2523,
            -21069.1
          ]
        ],
        "unit_class": "dynaf_universal_1line_b",
        "objLayer": 2,
        "props": {
          "army": 1,
          "active": false
        }
      },
      {
        "name": "ft_t1_airfield_03_02",
        "tm": [
          [
            0.41853,
            0.0,
            -0.908204
          ],
          [
            0.0,
            1.0,
            0.0
          ],
          [
            0.908204,
            0.0,
            0.41853
          ],
          [
            -26475.6,
            56.166,
            -19748.0
          ]
        ],
        "unit_class": "dynaf_universal_1line_b",
        "objLayer": 2,
        "props": {
          "army": 1,
          "active": false
        }
      },
      {
        "name": "ft_t2_airfield_01_01",
        "tm": [
          [
            0.260201,
            0.0,
            0.965553
          ],
          [
            0.0,
            1.0,
            0.0
          ],
          [
            -0.965553,
            0.0,
            0.260201
          ],
          [
            -18137.1,
            77.7366,
            56612.4
          ]
        ],
        "unit_class": "dynaf_universal_1line_c_big",
        "objLayer": 2,
        "props": {
          "army": 2,
          "active": false
        }
      },
      {
        "name": "ft_t2_airfield_01_02",
        "tm": [
          [
            -0.0469051,
            0.0,
            0.9989
          ],
          [
            0.0,
            1.0,
            0.0
          ],
          [
            -0.9989,
            0.0,
            -0.0469051
          ],
          [
            -54504.5,
            97.6482,
            58012.5
          ]
        ],
        "unit_class": "dynaf_universal_1line_c_big",
        "objLayer": 2,
        "props": {
          "army": 2,
          "active": false
        }
      },
      {
        "name": "ft_t2_airfield_02_01",
        "tm": [
          [
            -0.185062,
            0.0,
            0.982726
          ],
          [
            0.0,
            1.0,
            0.0
          ],
          [
            -0.982726,
            0.0,
            -0.185062
          ],
          [
            -35524.9,
            77.5332,
            40607.2
          ]
        ],
        "unit_class": "dynaf_universal_1line_c",
        "objLayer": 2,
        "props": {
          "army": 2,
          "active": false
        }
      },
      {
        "name": "ft_t2_airfield_02_02",
        "tm": [
          [
            -0.452037,
            0.0,
            0.892
          ],
          [
            0.0,
            1.0,
            0.0
          ],
          [
            -0.892,
            0.0,
            -0.452037
          ],
          [
            -56004.4,
            138.517,
            36757.6
          ]
        ],
        "unit_class": "dynaf_universal_1line_c_big",
        "objLayer": 2,
        "props": {
          "army": 2,
          "active": false
        }
      },
      {
        "name": "ft_t2_airfield_03_01",
        "tm": [
          [
            -0.72105,
            0.0,
            0.692885
          ],
          [
            0.0,
            1.0,
            0.0
          ],
          [
            -0.692885,
            0.0,
            -0.72105
          ],
          [
            3363.2,
            27.35,
            14441.2
          ]
        ],
        "unit_class": "dynaf_universal_1line_b",
        "objLayer": 2,
        "props": {
          "army": 2,
          "active": false
        }
      },
      {
        "name": "ft_t2_airfield_03_02",
        "tm": [
          [
            0.194243,
            0.0,
            0.980953
          ],
          [
            0.0,
            1.0,
            0.0
          ],
          [
            -0.980953,
            0.0,
            0.194243
          ],
          [
            30296.4,
            89.55,
            11636.0
          ]
        ],
        "unit_class": "dynaf_universal_1line_b",
        "objLayer": 2,
        "props": {
          "army": 2,
          "active": false
        }
      },
      {
        "name": "ft_t1_airfield_01_01",
        "tm": [
          [
            0.463777,
            0.0,
            -0.885953
          ],
          [
            0.0,
            1.0,
            0.0
          ],
          [
            0.885953,
            0.0,
            0.463777
          ],
          [
            52455.2,
            128.208,
            -56135.0
          ]
        ],
        "unit_class": "dynaf_universal_1line_c_big",
        "objLayer": 2,
        "props": {
          "army": 1,
          "active": false
        }
      },
      {
        "name": "ft_t1_airfield_01_02",
        "tm": [
          [
            0.357185,
            0.0,
            -0.934033
          ],
          [
            0.0,
            1.0,
            0.0
          ],
          [
            0.934033,
            0.0,
            0.357185
          ],
          [
            -37645.8,
            131.131,
            -54167.9
          ]
        ],
        "unit_class": "dynaf_universal_1line_c",
        "objLayer": 2,
        "props": {
          "army": 1,
          "active": false
        }
      },
      {
        "name": "ft_t1_airfield_03_03",
        "tm": [
          [
            -0.131165,
            0.0,
            -0.991362
          ],
          [
            0.0,
            1.0,
            0.0
          ],
          [
            0.991362,
            0.0,
            -0.131165
          ],
          [
            6753.44,
            92.0156,
            -19874.8
          ]
        ],
        "unit_class": "dynaf_universal_1line_b",
        "objLayer": 2,
        "props": {
          "army": 1,
          "active": false
        }
      },
      {
        "name": "ft_t1_airfield_03_04",
        "tm": [
          [
            -0.191012,
            0.0,
            -0.981589
          ],
          [
            0.0,
            1.0,
            0.0
          ],
          [
            0.981589,
            0.0,
            -0.191012
          ],
          [
            -55857.1,
            72.1948,
            -20782.4
          ]
        ],
        "unit_class": "dynaf_universal_1line_b",
        "objLayer": 2,
        "props": {
          "army": 1,
          "active": false
        }
      },
      {
        "name": "ft_t2_airfield_03_03",
        "tm": [
          [
            -0.238649,
            0.0,
            0.971107
          ],
          [
            0.0,
            1.0,
            0.0
          ],
          [
            -0.971107,
            0.0,
            -0.238649
          ],
          [
            40624.4,
            50.0022,
            1048.39
          ]
        ],
        "unit_class": "dynaf_universal_1line_b",
        "objLayer": 2,
        "props": {
          "army": 2,
          "active": false
        }
      },
      {
        "name": "ft_t2_airfield_02_03",
        "tm": [
          [
            0.658607,
            0.0,
            0.752489
          ],
          [
            0.0,
            1.0,
            0.0
          ],
          [
            -0.752489,
            0.0,
            0.658607
          ],
          [
            59509.6,
            44.7625,
            27303.8
          ]
        ],
        "unit_class": "dynaf_universal_1line_c_big",
        "objLayer": 2,
        "props": {
          "army": 2,
          "active": false
        }
      },
      {
        "name": "ft_t1_airfield_02_03",
        "tm": [
          [
            0.374893,
            0.0,
            -0.927068
          ],
          [
            0.0,
            1.0,
            0.0
          ],
          [
            0.927068,
            0.0,
            0.374893
          ],
          [
            40872.2,
            94.6379,
            -37614.2
          ]
        ],
        "unit_class": "dynaf_universal_1line_b_big",
        "objLayer": 2,
        "props": {
          "army": 1,
          "active": false
        }
      },
      {
        "name": "ft_t2_airfield_03_04",
        "tm": [
          [
            0.282642,
            0.0,
            0.959226
          ],
          [
            0.0,
            1.0,
            0.0
          ],
          [
            -0.959226,
            0.0,
            0.282642
          ],
          [
            55389.3,
            67.416,
            -4349.34
          ]
        ],
        "unit_class": "dynaf_universal_1line_b",
        "objLayer": 2,
        "props": {
          "army": 2,
          "active": false
        }
      },
      {
        "name": "ft_t1_airfield_02_04",
        "tm": [
          [
            0.0506682,
            0.0,
            -0.998715
          ],
          [
            0.0,
            1.0,
            0.0
          ],
          [
            0.998715,
            0.0,
            0.0506682
          ],
          [
            -54006.6,
            87.8381,
            -38443.8
          ]
        ],
        "unit_class": "dynaf_universal_1line_b",
        "objLayer": 2,
        "props": {
          "army": 1,
          "active": false
        }
      },
      {
        "name": "ft_t2_airfield_01_03",
        "tm": [
          [
            -0.0469051,
            0.0,
            0.9989
          ],
          [
            0.0,
            1.0,
            0.0
          ],
          [
            -0.9989,
            0.0,
            -0.0469051
          ],
          [
            -33617.2,
            97.6484,
            57293.1
          ]
        ],
        "unit_class": "dynaf_universal_1line_c_big",
        "objLayer": 2,
        "props": {
          "army": 2,
          "active": false
        }
      },
      {
        "name": "ft_t2_airfield_02_04",
        "tm": [
          [
            0.311856,
            0.0,
            0.950129
          ],
          [
            0.0,
            1.0,
            0.0
          ],
          [
            -0.950129,
            0.0,
            0.311856
          ],
          [
            -22083.8,
            62.1018,
            43965.2
          ]
        ],
        "unit_class": "dynaf_universal_1line_c",
        "objLayer": 2,
        "props": {
          "army": 2,
          "active": false
        }
      },
      {
        "name": "ft_t2_airfield_03_05",
        "tm": [
          [
            0.0692635,
            0.0,
            0.997598
          ],
          [
            0.0,
            1.0,
            0.0
          ],
          [
            -0.997598,
            0.0,
            0.0692635
          ],
          [
            55493.9,
            62.4519,
            11925.7
          ]
        ],
        "unit_class": "dynaf_universal_1line_b",
        "objLayer": 2,
        "props": {
          "army": 2,
          "active": false
        }
      },
      {
        "name": "ft_t1_airfield_01_03",
        "tm": [
          [
            -0.187586,
            0.0,
            -0.982249
          ],
          [
            0.0,
            1.0,
            0.0
          ],
          [
            0.982249,
            0.0,
            -0.187586
          ],
          [
            20744.3,
            63.11,
            -56305.8
          ]
        ],
        "unit_class": "dynaf_universal_1line_c_big",
        "objLayer": 2,
        "props": {
          "army": 1,
          "active": false
        }
      }
    ],
    "squad": [
      {
        "name": "ft_t1_airfields_squad",
        "tm": [
          [
            -0.991445,
            0.0,
            -0.130526
          ],
          [
            0.0,
            1.0,
            0.0
          ],
          [
            0.130526,
            0.0,
            -0.991445
          ],
          [
            -27316.7,
            3.85156,
            -88012.6
          ]
        ],
        "props": {
          "squad_members": [
            "ft_t1_airfield_01_01",
            "ft_t1_airfield_01_02",
            "ft_t1_airfield_01_03",
            "ft_t1_airfield_02_01",
            "ft_t1_airfield_02_02",
            "ft_t1_airfield_02_03",
            "ft_t1_airfield_02_04",
            "ft_t1_airfield_03_01",
            "ft_t1_airfield_03_02",
            "ft_t1_airfield_03_03",
            "ft_t1_airfield_03_04"
          ],
          "object_marking": 0
        }
      },
      {
        "name": "ft_t2_airfields_squad",
        "tm": [
          [
            -0.991445,
            0.0,
            -0.130526
          ],
          [
            0.0,
            1.0,
            0.0
          ],
          [
            0.130526,
            0.0,
            -0.991445
          ],
          [
            230.344,
            7.98047,
            72155.4
          ]
        ],
        "props": {
          "squad_members": [
            "ft_t2_airfield_01_01",
            "ft_t2_airfield_01_02",
            "ft_t2_airfield_01_03",
            "ft_t2_airfield_02_01",
            "ft_t2_airfield_02_02",
            "ft_t2_airfield_02_03",
            "ft_t2_airfield_02_04",
            "ft_t2_airfield_03_01",
            "ft_t2_airfield_03_02",
            "ft_t2_airfield_03_03",
            "ft_t2_airfield_03_04",
            "ft_t2_airfield_03_05"
          ],
          "object_marking": 0
        }
      }
    ]
  },
  "areas": {
    "ft_t2_airfield_01_01_bomb_zone": {
      "type": "Box",
      "tm": [
        [
          -544.63,
          0.0,
          -2131.52
        ],
        [
          0.0,
          450.0,
          0.0
        ],
        [
          726.655,
          0.0,
          -185.67
        ],
        [
          -18127.8,
          1.79467,
          56755.3
        ]
      ],
      "objLayer": 0,
      "props": {}
    },
    "ft_t2_airfield_01_02_bomb_zone": {
      "type": "Box",
      "tm": [
        [
          -91.9779,
          0.0,
          2198.08
        ],
        [
          0.0,
          450.0,
          0.0
        ],
        [
          -1248.91,
          0.0,
          -52.256
        ],
        [
          -54502.4,
          15.6872,
          58051.7
        ]
      ],
      "objLayer": 0,
      "props": {}
    },
    "ft_t2_airfield_02_01_bomb_zone": {
      "type": "Box",
      "tm": [
        [
          -371.334,
          0.0,
          1965.23
        ],
        [
          0.0,
          450.0,
          0.0
        ],
        [
          -736.961,
          0.0,
          -139.246
        ],
        [
          -35562.7,
          -125.979,
          40571.3
        ]
      ],
      "objLayer": 0,
      "props": {}
    },
    "ft_t2_airfield_02_02_bomb_zone": {
      "type": "Box",
      "tm": [
        [
          914.177,
          0.0,
          -1778.84
        ],
        [
          0.0,
          450.0,
          0.0
        ],
        [
          667.065,
          0.0,
          342.817
        ],
        [
          -55963.6,
          56.0576,
          36719.2
        ]
      ],
      "objLayer": 0,
      "props": {}
    },
    "ft_t2_airfield_03_01_bomb_zone": {
      "type": "Box",
      "tm": [
        [
          1435.79,
          0.0,
          -1392.31
        ],
        [
          0.0,
          450.0,
          0.0
        ],
        [
          522.116,
          0.0,
          538.419
        ],
        [
          3360.16,
          -11.1722,
          14600.6
        ]
      ],
      "objLayer": 0,
      "props": {}
    },
    "ft_t2_airfield_03_02_bomb_zone": {
      "type": "Box",
      "tm": [
        [
          -451.804,
          0.0,
          -1948.3
        ],
        [
          0.0,
          450.0,
          0.0
        ],
        [
          730.613,
          0.0,
          -169.425
        ],
        [
          30445.2,
          3.66015,
          11701.6
        ]
      ],
      "objLayer": 0,
      "props": {}
    },
    "ft_t1_airfield_01_01_bomb_zone": {
      "type": "Box",
      "tm": [
        [
          1016.02,
          0.0,
          -1951.33
        ],
        [
          0.0,
          450.0,
          0.0
        ],
        [
          1108.71,
          0.0,
          577.284
        ],
        [
          52441.8,
          14.7609,
          -56080.0
        ]
      ],
      "objLayer": 0,
      "props": {}
    },
    "ft_t1_airfield_01_02_bomb_zone": {
      "type": "Box",
      "tm": [
        [
          786.601,
          0.0,
          -2054.57
        ],
        [
          0.0,
          450.0,
          0.0
        ],
        [
          1167.37,
          0.0,
          446.935
        ],
        [
          -37643.4,
          92.4368,
          -54123.9
        ]
      ],
      "objLayer": 0,
      "props": {}
    },
    "ft_t1_airfield_02_01_bomb_zone": {
      "type": "Box",
      "tm": [
        [
          -1311.11,
          0.0,
          -1510.29
        ],
        [
          0.0,
          450.0,
          0.0
        ],
        [
          566.359,
          0.0,
          -491.667
        ],
        [
          -27017.9,
          -42.8382,
          -37308.3
        ]
      ],
      "objLayer": 0,
      "props": {}
    },
    "ft_t1_airfield_02_02_bomb_zone": {
      "type": "Box",
      "tm": [
        [
          541.784,
          0.0,
          -1925.22
        ],
        [
          0.0,
          450.0,
          0.0
        ],
        [
          721.956,
          0.0,
          203.173
        ],
        [
          10774.6,
          -45.5834,
          -39149.5
        ]
      ],
      "objLayer": 0,
      "props": {}
    },
    "ft_t1_airfield_03_01_bomb_zone": {
      "type": "Box",
      "tm": [
        [
          -276.917,
          0.0,
          -1980.74
        ],
        [
          0.0,
          450.0,
          0.0
        ],
        [
          742.776,
          0.0,
          -103.844
        ],
        [
          28063.0,
          -41.4269,
          -21027.4
        ]
      ],
      "objLayer": 0,
      "props": {}
    },
    "ft_t1_airfield_03_02_bomb_zone": {
      "type": "Box",
      "tm": [
        [
          837.064,
          0.0,
          -1816.41
        ],
        [
          0.0,
          450.0,
          0.0
        ],
        [
          681.152,
          0.0,
          313.898
        ],
        [
          -26560.4,
          -30.0105,
          -19855.4
        ]
      ],
      "objLayer": 0,
      "props": {}
    },
    "ft_t1_airfield_01_01_spawn_01": {
      "type": "Point",
      "tm": [
        [
          0.0859805,
          0.0,
          -0.996298
        ],
        [
          0.0,
          1.0,
          0.0
        ],
        [
          0.996298,
          0.0,
          0.0859805
        ],
        [
          52645.2,
          60.1885,
          -57261.8
        ]
      ],
      "objLayer": 0,
      "props": {}
    },
    "ft_t1_airfield_01_01_spawn_02": {
      "type": "Point",
      "tm": [
        [
          0.0859805,
          0.0,
          -0.996298
        ],
        [
          0.0,
          1.0,
          0.0
        ],
        [
          0.996298,
          0.0,
          0.0859805
        ],
        [
          52226.0,
          59.2817,
          -54734.1
        ]
      ],
      "objLayer": 0,
      "props": {}
    },
    "ft_t1_airfield_01_01_spawn_03": {
      "type": "Point",
      "tm": [
        [
          0.0859805,
          0.0,
          -0.996298
        ],
        [
          0.0,
          1.0,
          0.0
        ],
        [
          0.996298,
          0.0,
          0.0859805
        ],
        [
          52412.0,
          58.5596,
          -55019.7
        ]
      ],
      "objLayer": 0,
      "props": {}
    },
    "ft_t1_airfield_01_01_spawn_04": {
      "type": "Point",
      "tm": [
        [
          0.172485,
          0.0,
          -0.985012
        ],
        [
          0.0,
          1.0,
          0.0
        ],
        [
          0.985012,
          0.0,
          0.172485
        ],
        [
          53531.1,
          61.0862,
          -56591.2
        ]
      ],
      "objLayer": 0,
      "props": {}
    },
    "ft_t1_airfield_01_01_spawn_05": {
      "type": "Point",
      "tm": [
        [
          0.0859805,
          0.0,
          -0.996298
        ],
        [
          0.0,
          1.0,
          0.0
        ],
        [
          0.996298,
          0.0,
          0.0859805
        ],
        [
          51573.7,
          60.1067,
          -55972.2
        ]
      ],
      "objLayer": 0,
      "props": {}
    },
    "ft_t1_airfield_01_01_spawn_06": {
      "type": "Point",
      "tm": [
        [
          0.0859805,
          0.0,
          -0.996298
        ],
        [
          0.0,
          1.0,
          0.0
        ],
        [
          0.996298,
          0.0,
          0.0859805
        ],
        [
          51246.2,
          58.4193,
          -55322.2
        ]
      ],
      "objLayer": 0,
      "props": {}
    },
    "ft_t1_airfield_01_01_spawn_07": {
      "type": "Point",
      "tm": [
        [
          0.0859805,
          0.0,
          -0.996298
        ],
        [
          0.0,
          1.0,
          0.0
        ],
        [
          0.996298,
          0.0,
          0.0859805
        ],
        [
          51777.2,
          60.4166,
          -56289.1
        ]
      ],
      "objLayer": 0,
      "props": {}
    },
    "ft_t1_airfield_01_01_spawn_08": {
      "type": "Point",
      "tm": [
        [
          0.0859805,
          0.0,
          -0.996298
        ],
        [
          0.0,
          1.0,
          0.0
        ],
        [
          0.996298,
          0.0,
          0.0859805
        ],
        [
          52057.0,
          60.2754,
          -56604.8
        ]
      ],
      "objLayer": 0,
      "props": {}
    },
    "ft_t1_airfield_01_01_spawn_09": {
      "type": "Point",
      "tm": [
        [
          0.0859805,
          0.0,
          -0.996298
        ],
        [
          0.0,
          1.0,
          0.0
        ],
        [
          0.996298,
          0.0,
          0.0859805
        ],
        [
          52544.3,
          60.1085,
          -55309.8
        ]
      ],
      "objLayer": 0,
      "props": {}
    },
    "ft_t1_airfield_01_01_spawn_10": {
      "type": "Point",
      "tm": [
        [
          0.0859805,
          0.0,
          -0.996298
        ],
        [
          0.0,
          1.0,
          0.0
        ],
        [
          0.996298,
          0.0,
          0.0859805
        ],
        [
          53007.3,
          58.8343,
          -55850.1
        ]
      ],
      "objLayer": 0,
      "props": {}
    },
    "ft_t1_airfield_01_01_spawn_11": {
      "type": "Point",
      "tm": [
        [
          0.0859805,
          0.0,
          -0.996298
        ],
        [
          0.0,
          1.0,
          0.0
        ],
        [
          0.996298,
          0.0,
          0.0859805
        ],
        [
          51311.3,
          60.0769,
          -55658.2
        ]
      ],
      "objLayer": 0,
      "props": {}
    },
    "ft_t1_airfield_01_01_spawn_12": {
      "type": "Point",
      "tm": [
        [
          0.0859805,
          0.0,
          -0.996298
        ],
        [
          0.0,
          1.0,
          0.0
        ],
        [
          0.996298,
          0.0,
          0.0859805
        ],
        [
          52356.3,
          62.9104,
          -56934.3
        ]
      ],
      "objLayer": 0,
      "props": {}
    },
    "ft_t1_airfield_01_01_spawn_13": {
      "type": "Point",
      "tm": [
        [
          0.0859805,
          0.0,
          -0.996298
        ],
        [
          0.0,
          1.0,
          0.0
        ],
        [
          0.996298,
          0.0,
          0.0859805
        ],
        [
          53299.5,
          57.604,
          -56249.2
        ]
      ],
      "objLayer": 0,
      "props": {}
    },
    "ft_t1_airfield_01_01_spawn_14": {
      "type": "Point",
      "tm": [
        [
          0.0859805,
          0.0,
          -0.996298
        ],
        [
          0.0,
          1.0,
          0.0
        ],
        [
          0.996298,
          0.0,
          0.0859805
        ],
        [
          52768.5,
          60.7518,
          -55568.9
        ]
      ],
      "objLayer": 0,
      "props": {}
    },
    "ft_t1_airfield_01_02_spawn_01": {
      "type": "Point",
      "tm": [
        [
          -0.326398,
          0.0,
          -0.945232
        ],
        [
          0.0,
          1.0,
          0.0
        ],
        [
          0.945232,
          0.0,
          -0.326398
        ],
        [
          -37191.4,
          181.716,
          -53819.9
        ]
      ],
      "objLayer": 0,
      "props": {}
    },
    "ft_t1_airfield_01_02_spawn_02": {
      "type": "Point",
      "tm": [
        [
          -0.326398,
          0.0,
          -0.945232
        ],
        [
          0.0,
          1.0,
          0.0
        ],
        [
          0.945232,
          0.0,
          -0.326398
        ],
        [
          -37521.3,
          191.566,
          -52571.0
        ]
      ],
      "objLayer": 0,
      "props": {}
    },
    "ft_t1_airfield_01_02_spawn_03": {
      "type": "Point",
      "tm": [
        [
          -0.326398,
          0.0,
          -0.945232
        ],
        [
          0.0,
          1.0,
          0.0
        ],
        [
          0.945232,
          0.0,
          -0.326398
        ],
        [
          -38573.5,
          139.364,
          -53454.2
        ]
      ],
      "objLayer": 0,
      "props": {}
    },
    "ft_t1_airfield_01_02_spawn_04": {
      "type": "Point",
      "tm": [
        [
          -0.326398,
          0.0,
          -0.945232
        ],
        [
          0.0,
          1.0,
          0.0
        ],
        [
          0.945232,
          0.0,
          -0.326398
        ],
        [
          -37595.5,
          115.708,
          -55485.1
        ]
      ],
      "objLayer": 0,
      "props": {}
    },
    "ft_t1_airfield_01_02_spawn_05": {
      "type": "Point",
      "tm": [
        [
          -0.326398,
          0.0,
          -0.945232
        ],
        [
          0.0,
          1.0,
          0.0
        ],
        [
          0.945232,
          0.0,
          -0.326398
        ],
        [
          -36755.0,
          122.417,
          -54923.7
        ]
      ],
      "objLayer": 0,
      "props": {}
    },
    "ft_t1_airfield_01_02_spawn_06": {
      "type": "Point",
      "tm": [
        [
          -0.326398,
          0.0,
          -0.945232
        ],
        [
          0.0,
          1.0,
          0.0
        ],
        [
          0.945232,
          0.0,
          -0.326398
        ],
        [
          -36879.5,
          134.458,
          -54522.9
        ]
      ],
      "objLayer": 0,
      "props": {}
    },
    "ft_t1_airfield_01_02_spawn_07": {
      "type": "Point",
      "tm": [
        [
          -0.326398,
          0.0,
          -0.945232
        ],
        [
          0.0,
          1.0,
          0.0
        ],
        [
          0.945232,
          0.0,
          -0.326398
        ],
        [
          -37481.9,
          192.446,
          -52926.5
        ]
      ],
      "objLayer": 0,
      "props": {}
    },
    "ft_t1_airfield_01_02_spawn_08": {
      "type": "Point",
      "tm": [
        [
          -0.326398,
          0.0,
          -0.945232
        ],
        [
          0.0,
          1.0,
          0.0
        ],
        [
          0.945232,
          0.0,
          -0.326398
        ],
        [
          -38229.4,
          128.903,
          -54590.6
        ]
      ],
      "objLayer": 0,
      "props": {}
    },
    "ft_t1_airfield_01_02_spawn_09": {
      "type": "Point",
      "tm": [
        [
          -0.326398,
          0.0,
          -0.945232
        ],
        [
          0.0,
          1.0,
          0.0
        ],
        [
          0.945232,
          0.0,
          -0.326398
        ],
        [
          -37800.7,
          114.558,
          -55129.4
        ]
      ],
      "objLayer": 0,
      "props": {}
    },
    "ft_t1_airfield_01_02_spawn_10": {
      "type": "Point",
      "tm": [
        [
          -0.326398,
          0.0,
          -0.945232
        ],
        [
          0.0,
          1.0,
          0.0
        ],
        [
          0.945232,
          0.0,
          -0.326398
        ],
        [
          -37131.3,
          186.142,
          -53132.0
        ]
      ],
      "objLayer": 0,
      "props": {}
    },
    "ft_t1_airfield_01_02_spawn_11": {
      "type": "Point",
      "tm": [
        [
          -0.326398,
          0.0,
          -0.945232
        ],
        [
          0.0,
          1.0,
          0.0
        ],
        [
          0.945232,
          0.0,
          -0.326398
        ],
        [
          -38350.2,
          126.152,
          -54302.5
        ]
      ],
      "objLayer": 0,
      "props": {}
    },
    "ft_t1_airfield_01_02_spawn_12": {
      "type": "Point",
      "tm": [
        [
          -0.326398,
          0.0,
          -0.945232
        ],
        [
          0.0,
          1.0,
          0.0
        ],
        [
          0.945232,
          0.0,
          -0.326398
        ],
        [
          -38008.9,
          120.895,
          -54904.7
        ]
      ],
      "objLayer": 0,
      "props": {}
    },
    "ft_t1_airfield_01_02_spawn_13": {
      "type": "Point",
      "tm": [
        [
          -0.326398,
          0.0,
          -0.945232
        ],
        [
          0.0,
          1.0,
          0.0
        ],
        [
          0.945232,
          0.0,
          -0.326398
        ],
        [
          -38545.6,
          134.811,
          -53910.4
        ]
      ],
      "objLayer": 0,
      "props": {}
    },
    "ft_t1_airfield_01_02_spawn_14": {
      "type": "Point",
      "tm": [
        [
          -0.326398,
          0.0,
          -0.945232
        ],
        [
          0.0,
          1.0,
          0.0
        ],
        [
          0.945232,
          0.0,
          -0.326398
        ],
        [
          -36978.1,
          137.706,
          -54156.4
        ]
      ],
      "objLayer": 0,
      "props": {}
    },
    "ft_t1_airfield_02_01_spawn_01": {
      "type": "Point",
      "tm": [
        [
          -0.437772,
          0.0,
          -0.899086
        ],
        [
          0.0,
          1.0,
          0.0
        ],
        [
          0.899086,
          0.0,
          -0.437772
        ],
        [
          -28337.5,
          -1.48706,
          -38078.4
        ]
      ],
      "objLayer": 0,
      "props": {}
    },
    "ft_t1_airfield_02_01_spawn_02": {
      "type": "Point",
      "tm": [
        [
          -0.437772,
          0.0,
          -0.899086
        ],
        [
          0.0,
          1.0,
          0.0
        ],
        [
          0.899086,
          0.0,
          -0.437772
        ],
        [
          -26753.4,
          62.949,
          -35983.4
        ]
      ],
      "objLayer": 0,
      "props": {}
    },
    "ft_t1_airfield_02_01_spawn_03": {
      "type": "Point",
      "tm": [
        [
          -0.437772,
          0.0,
          -0.899086
        ],
        [
          0.0,
          1.0,
          0.0
        ],
        [
          0.899086,
          0.0,
          -0.437772
        ],
        [
          -27273.2,
          60.2232,
          -36547.5
        ]
      ],
      "objLayer": 0,
      "props": {}
    },
    "ft_t1_airfield_02_01_spawn_04": {
      "type": "Point",
      "tm": [
        [
          -0.437772,
          0.0,
          -0.899086
        ],
        [
          0.0,
          1.0,
          0.0
        ],
        [
          0.899086,
          0.0,
          -0.437772
        ],
        [
          -27414.2,
          13.6849,
          -38499.6
        ]
      ],
      "objLayer": 0,
      "props": {}
    },
    "ft_t1_airfield_02_01_spawn_05": {
      "type": "Point",
      "tm": [
        [
          -0.437772,
          0.0,
          -0.899086
        ],
        [
          0.0,
          1.0,
          0.0
        ],
        [
          0.899086,
          0.0,
          -0.437772
        ],
        [
          -27015.4,
          14.048,
          -38181.8
        ]
      ],
      "objLayer": 0,
      "props": {}
    },
    "ft_t1_airfield_02_01_spawn_06": {
      "type": "Point",
      "tm": [
        [
          -0.437772,
          0.0,
          -0.899086
        ],
        [
          0.0,
          1.0,
          0.0
        ],
        [
          0.899086,
          0.0,
          -0.437772
        ],
        [
          -27765.3,
          52.9706,
          -37223.9
        ]
      ],
      "objLayer": 0,
      "props": {}
    },
    "ft_t1_airfield_02_01_spawn_07": {
      "type": "Point",
      "tm": [
        [
          -0.437772,
          0.0,
          -0.899086
        ],
        [
          0.0,
          1.0,
          0.0
        ],
        [
          0.899086,
          0.0,
          -0.437772
        ],
        [
          -25877.4,
          40.7789,
          -37088.2
        ]
      ],
      "objLayer": 0,
      "props": {}
    },
    "ft_t1_airfield_02_01_spawn_08": {
      "type": "Point",
      "tm": [
        [
          -0.437772,
          0.0,
          -0.899086
        ],
        [
          0.0,
          1.0,
          0.0
        ],
        [
          0.899086,
          0.0,
          -0.437772
        ],
        [
          -26239.6,
          34.7671,
          -37380.4
        ]
      ],
      "objLayer": 0,
      "props": {}
    },
    "ft_t1_airfield_02_01_spawn_09": {
      "type": "Point",
      "tm": [
        [
          -0.437772,
          0.0,
          -0.899086
        ],
        [
          0.0,
          1.0,
          0.0
        ],
        [
          0.899086,
          0.0,
          -0.437772
        ],
        [
          -28148.2,
          20.6772,
          -37675.8
        ]
      ],
      "objLayer": 0,
      "props": {}
    },
    "ft_t1_airfield_02_01_spawn_10": {
      "type": "Point",
      "tm": [
        [
          -0.437772,
          0.0,
          -0.899086
        ],
        [
          0.0,
          1.0,
          0.0
        ],
        [
          0.899086,
          0.0,
          -0.437772
        ],
        [
          -27589.7,
          44.1691,
          -36856.6
        ]
      ],
      "objLayer": 0,
      "props": {}
    },
    "ft_t1_airfield_02_01_spawn_11": {
      "type": "Point",
      "tm": [
        [
          -0.437772,
          0.0,
          -0.899086
        ],
        [
          0.0,
          1.0,
          0.0
        ],
        [
          0.899086,
          0.0,
          -0.437772
        ],
        [
          -26771.9,
          11.2266,
          -37934.0
        ]
      ],
      "objLayer": 0,
      "props": {}
    },
    "ft_t1_airfield_02_01_spawn_12": {
      "type": "Point",
      "tm": [
        [
          -0.437772,
          0.0,
          -0.899086
        ],
        [
          0.0,
          1.0,
          0.0
        ],
        [
          0.899086,
          0.0,
          -0.437772
        ],
        [
          -26505.3,
          19.1345,
          -37662.7
        ]
      ],
      "objLayer": 0,
      "props": {}
    },
    "ft_t1_airfield_02_01_spawn_13": {
      "type": "Point",
      "tm": [
        [
          -0.437772,
          0.0,
          -0.899086
        ],
        [
          0.0,
          1.0,
          0.0
        ],
        [
          0.899086,
          0.0,
          -0.437772
        ],
        [
          -27007.1,
          67.5543,
          -36169.6
        ]
      ],
      "objLayer": 0,
      "props": {}
    },
    "ft_t1_airfield_02_01_spawn_14": {
      "type": "Point",
      "tm": [
        [
          -0.437772,
          0.0,
          -0.899086
        ],
        [
          0.0,
          1.0,
          0.0
        ],
        [
          0.899086,
          0.0,
          -0.437772
        ],
        [
          -25726.5,
          44.2477,
          -36810.6
        ]
      ],
      "objLayer": 0,
      "props": {}
    },
    "ft_t1_airfield_02_02_spawn_01": {
      "type": "Point",
      "tm": [
        [
          0.227206,
          0.0,
          -0.973845
        ],
        [
          0.0,
          1.0,
          0.0
        ],
        [
          0.973845,
          0.0,
          0.227206
        ],
        [
          9688.4,
          52.5284,
          -37959.7
        ]
      ],
      "objLayer": 0,
      "props": {}
    },
    "ft_t1_airfield_02_02_spawn_02": {
      "type": "Point",
