{
  "selected_tag": "",
  "bin_dump_file": "",
  "mission_settings": {
    "player": {
      "army": 1,
      "wing": "ft_armada"
    },
    "player_teamB": {
      "army": 2
    },
    "mission": {
      "level": "levels/water.bin",
      "type": "singleMission",
      "environment": "Day",
      "weather": "hazy",
      "restoreType": "attempts",
      "optionalTakeOff": false
    },
    "spectator_points": []
  },
  "imports": [],
  "triggers": {
    "isCategory": true,
    "is_enabled": true,
    "fields_small_start": {
      "is_enabled": true,
      "comments": "",
      "props": {
        "actionsType": "PERFORM_ONE_BY_ONE",
        "conditionsType": "ALL",
        "enableAfterComplete": false
      },
      "events": {
        "initMission": []
      },
      "conditions": [],
      "actions": [
        {
          "varSetInt": [
            {
              "value": 3
            },
            {
              "var": "ft_t1_max_near_airfields_count"
            },
            {
              "var": "ft_t2_max_near_airfields_count"
            }
          ]
        },
        {
          "varSetInt": [
            {
              "value": 2
            },
            {
              "var": "ft_t1_max_mid_airfields_count"
            },
            {
              "var": "ft_t2_max_mid_airfields_count"
            }
          ]
        },
        {
          "varSetInt": [
            {
              "value": 2
            },
            {
              "var": "ft_t1_max_far_airfields_count"
            },
            {
              "var": "ft_t2_max_far_airfields_count"
            }
          ]
        },
        {
          "comment": {
            "value": ""
          }
        },
        {
          "varSetReal": {
            "value": 10000.0,
            "var": "ft_generate_distance_between"
          }
        }
      ],
      "else_actions": []
    }
  },
  "mission_objectives": {
    "isCategory": true,
    "is_enabled": true
  },
  "variables": [],
  "dialogs": [],
  "airfields": [],
  "effects": [],
  "units": [
    {
      "objectGroups": {
        "name": "ft_t1_airfield_01_01",
        "tm": [
          [-0.913297,0.0,0.40729],
          [0.0,1.0,0.0],
          [-0.40729,0.0,-0.913297],
          [-25601.6,134.946,22116.3]
        ],
        "unit_class": "dynaf_universal_1line_b",
        "objLayer": 2,
        "props": {
          "army": 1,
          "active": false
        }
      }
    },
    {
      "objectGroups": {
        "name": "ft_t1_airfield_01_02",
        "tm": [
          [-0.940161,0.0,0.340729],
          [0.0,1.0,0.0],
          [-0.340729,0.0,-0.940161],
          [-25137.2,41.8189,18088.7]
        ],
        "unit_class": "dynaf_universal_1line_b",
        "objLayer": 2,
        "props": {
          "army": 1,
          "active": false
        }
      }
    },
    {
      "objectGroups": {
        "name": "ft_t1_airfield_01_03",
        "tm": [
          [-0.886002,0.0,0.46368],
          [0.0,1.0,0.0],
          [-0.46368,0.0,-0.886002],
          [-23711.4,113.051,5274.19]
        ],
        "unit_class": "dynaf_universal_1line_b",
        "objLayer": 2,
        "props": {
          "army": 1,
          "active": false
        }
      }
    },
    {
      "objectGroups": {
        "name": "ft_t1_airfield_02_01",
        "tm": [
          [-0.819571,0.0,0.572976],
          [0.0,1.0,0.0],
          [-0.572976,0.0,-0.819571],
          [-19769.2,40.5856,-95.1986]
        ],
        "unit_class": "dynaf_universal_1line_b",
        "objLayer": 2,
        "props": {
          "army": 1,
          "active": false
        }
      }
    },
    {
      "objectGroups": {
        "name": "ft_t1_airfield_02_02",
        "tm": [
          [-0.90574,0.0,0.423834],
          [0.0,1.0,0.0],
          [-0.423834,0.0,-0.90574],
          [-17314.3,128.668,13282.0]
        ],
        "unit_class": "dynaf_universal_1line_b",
        "objLayer": 2,
        "props": {
          "army": 1,
          "active": false
        }
      }
    },
    {
      "objectGroups": {
        "name": "ft_t1_airfield_03_01",
        "tm": [
          [-0.820105,0.0,0.572214],
          [0.0,1.0,0.0],
          [-0.572214,0.0,-0.820105],
          [-13474.1,19.7345,19486.2]
        ],
        "unit_class": "dynaf_universal_1line_b",
        "objLayer": 2,
        "props": {
          "army": 1,
          "active": false
        }
      }
    },
    {
      "objectGroups": {
        "name": "ft_t1_airfield_03_02",
        "tm": [
          [-0.99997,0.0,-0.00789164],
          [0.0,1.0,0.0],
          [0.00789164,0.0,-0.99997],
          [-12800.8,180.999,11660.2]
        ],
        "unit_class": "dynaf_universal_1line_b",
        "objLayer": 2,
        "props": {
          "army": 1,
          "active": false
        }
      }
    },
    {
      "objectGroups": {
        "name": "ft_t2_airfield_01_01",
        "tm": [
          [0.901552,0.0,-0.43267],
          [0.0,1.0,0.0],
          [0.43267,0.0,0.901552],
          [25335.4,152.485,-26270.7]
        ],
        "unit_class": "dynaf_universal_1line_c",
        "objLayer": 2,
        "props": {
          "army": 2,
          "active": false
        }
      }
    },
    {
      "objectGroups": {
        "name": "ft_t2_airfield_01_02",
        "tm": [
          [0.984808,0.0,-0.173649],
          [0.0,1.0,0.0],
          [0.173649,0.0,0.984808],
          [25095.7,612.304,3732.88]
        ],
        "unit_class": "dynaf_universal_1line_c",
        "objLayer": 2,
        "props": {
          "army": 2,
          "active": false
        }
      }
    },
    {
      "objectGroups": {
        "name": "ft_t2_airfield_01_03",
        "tm": [
          [0.876188,0.0,0.481969],
          [0.0,1.0,0.0],
          [-0.481969,0.0,0.876188],
          [21312.6,545.088,21690.9]
        ],
        "unit_class": "dynaf_universal_1line_c",
        "objLayer": 2,
        "props": {
          "army": 2,
          "active": false
        }
      }
    },
    {
      "objectGroups": {
        "name": "ft_t2_airfield_02_01",
        "tm": [
          [0.91775,0.0,-0.397158],
          [0.0,1.0,0.0],
          [0.397158,0.0,0.91775],
          [17520.3,893.774,-3973.53]
        ],
        "unit_class": "dynaf_universal_1line_c",
        "objLayer": 2,
        "props": {
          "army": 2,
          "active": false
        }
      }
    },
    {
      "objectGroups": {
        "name": "ft_t2_airfield_02_02",
        "tm": [
          [0.989124,0.0,-0.147088],
          [0.0,1.0,0.0],
          [0.147088,0.0,0.989124],
          [18910.2,587.199,2574.03]
        ],
        "unit_class": "dynaf_universal_1line_c",
        "objLayer": 2,
        "props": {
          "army": 2,
          "active": false
        }
      }
    },
    {
      "objectGroups": {
        "name": "ft_t2_airfield_03_01",
        "tm": [
          [0.999728,0.0,-0.0233335],
          [0.0,1.0,0.0],
          [0.0233335,0.0,0.999728],
          [12299.9,235.836,16046.5]
        ],
        "unit_class": "dynaf_universal_1line_c",
        "objLayer": 2,
        "props": {
          "army": 2,
          "active": false
        }
      }
    },
    {
      "objectGroups": {
        "name": "ft_t2_airfield_03_02",
        "tm": [
          [0.952857,0.0,-0.303416],
          [0.0,1.0,0.0],
          [0.303416,0.0,0.952857],
          [13760.6,230.773,27767.9]
        ],
        "unit_class": "dynaf_universal_1line_c",
        "objLayer": 2,
        "props": {
          "army": 2,
          "active": false
        }
      }
    },
    {
      "objectGroups": {
        "name": "ft_t1_airfield_03_03",
        "tm": [
          [-0.921612,0.0,-0.388115],
          [0.0,1.0,0.0],
          [0.388115,0.0,-0.921612],
          [-13431.2,19.5841,15209.3]
        ],
        "unit_class": "dynaf_universal_1line_b",
        "objLayer": 2,
        "props": {
          "army": 1,
          "active": false
        }
      }
    },
    {
      "objectGroups": {
        "name": "ft_t1_airfield_02_03",
        "tm": [
          [-0.997622,0.0,0.0689071],
          [0.0,1.0,0.0],
          [-0.0689071,0.0,-0.997622],
          [-18407.2,30.5036,19239.0]
        ],
        "unit_class": "dynaf_universal_1line_b",
        "objLayer": 2,
        "props": {
          "army": 1,
          "active": false
        }
      }
    },
    {
      "objectGroups": {
        "name": "ft_t2_airfield_02_03",
        "tm": [
          [0.939693,0.0,-0.34202],
          [0.0,1.0,0.0],
          [0.34202,0.0,0.939693],
          [18741.3,434.379,9514.44]
        ],
        "unit_class": "dynaf_universal_1line_c",
        "objLayer": 2,
        "props": {
          "army": 2,
          "active": false
        }
      }
    },
    {
      "objectGroups": {
        "name": "ft_t2_airfield_03_03",
        "tm": [
          [0.897629,0.0,-0.440752],
          [0.0,1.0,0.0],
          [0.440752,0.0,0.897629],
          [13927.2,635.69,3871.59]
        ],
        "unit_class": "dynaf_universal_1line_c",
        "objLayer": 2,
        "props": {
          "army": 2,
          "active": false
        }
      }
    },
    {
      "objectGroups": {
        "name": "ft_t1_airfield_03_04",
        "tm": [
          [-0.957339,0.0,0.288969],
          [0.0,1.0,0.0],
          [-0.288969,0.0,-0.957339],
          [-13592.9,130.313,25015.2]
        ],
        "unit_class": "dynaf_universal_1line_b",
        "objLayer": 2,
        "props": {
          "army": 1,
          "active": false
        }
      }
    },
    {
      "objectGroups": {
        "name": "ft_t1_airfield_03_05",
        "tm": [
          [-0.727942,0.0,0.68564],
          [0.0,1.0,0.0],
          [-0.68564,0.0,-0.727942],
          [-14603.5,79.7374,3827.06]
        ],
        "unit_class": "dynaf_universal_1line_b",
        "objLayer": 2,
        "props": {
          "army": 1,
          "active": false
        }
      }
    },
    {
      "objectGroups": {
        "name": "ft_t1_airfield_01_04",
        "tm": [
          [-0.976295,0.0,0.216439],
          [0.0,1.0,0.0],
          [-0.216439,0.0,-0.976295],
          [-24567.2,24.259,14395.1]
        ],
        "unit_class": "dynaf_universal_1line_b",
        "objLayer": 2,
        "props": {
          "army": 1,
          "active": false
        }
      }
    },
    {
      "objectGroups": {
        "name": "ft_t1_airfield_01_05",
        "tm": [
          [-0.903084,0.0,0.429462],
          [0.0,1.0,0.0],
          [-0.429462,0.0,-0.903084],
          [-24597.9,21.8238,26278.2]
        ],
        "unit_class": "dynaf_universal_1line_b",
        "objLayer": 2,
        "props": {
          "army": 1,
          "active": false
        }
      }
    },
    {
      "objectGroups": {
        "name": "ft_t1_airfield_02_04",
        "tm": [
          [-0.846371,0.0,0.532592],
          [0.0,1.0,0.0],
          [-0.532592,0.0,-0.846371],
          [-18314.2,81.696,24613.3]
        ],
        "unit_class": "dynaf_universal_1line_b",
        "objLayer": 2,
        "props": {
          "army": 1,
          "active": false
        }
      }
    },
    {
      "objectGroups": {
        "name": "ft_t1_airfield_02_05",
        "tm": [
          [-0.996842,0.0,-0.0794128],
          [0.0,1.0,0.0],
          [0.0794128,0.0,-0.996842],
          [-19549.2,223.176,5301.26]
        ],
        "unit_class": "dynaf_universal_1line_b",
        "objLayer": 2,
        "props": {
          "army": 1,
          "active": false
        }
      }
    },
    {
      "objectGroups": {
        "name": "ft_t2_airfield_03_04",
        "tm": [
          [0.80403,0.0,-0.59459],
          [0.0,1.0,0.0],
          [0.59459,0.0,0.80403],
          [12089.9,66.8665,-15286.5]
        ],
        "unit_class": "dynaf_universal_1line_c",
        "objLayer": 2,
        "props": {
          "army": 2,
          "active": false
        }
      }
    },
    {
      "objectGroups": {
        "name": "ft_t2_airfield_03_05",
        "tm": [
          [0.945861,0.0,-0.324574],
          [0.0,1.0,0.0],
          [0.324574,0.0,0.945861],
          [12377.6,142.468,-8411.97]
        ],
        "unit_class": "dynaf_universal_1line_c",
        "objLayer": 2,
        "props": {
          "army": 2,
          "active": false
        }
      }
    },
    {
      "objectGroups": {
        "name": "ft_t2_airfield_02_04",
        "tm": [
          [0.598378,0.0,-0.801214],
          [0.0,1.0,0.0],
          [0.801214,0.0,0.598378],
          [17222.0,96.1409,-19356.2]
        ],
        "unit_class": "dynaf_universal_1line_c",
        "objLayer": 2,
        "props": {
          "army": 2,
          "active": false
        }
      }
    },
    {
      "objectGroups": {
        "name": "ft_t2_airfield_02_05",
        "tm": [
          [0.985325,0.0,-0.170688],
          [0.0,1.0,0.0],
          [0.170688,0.0,0.985325],
          [18510.1,232.427,13578.6]
        ],
        "unit_class": "dynaf_universal_1line_c",
        "objLayer": 2,
        "props": {
          "army": 2,
          "active": false
        }
      }
    },
    {
      "objectGroups": {
        "name": "ft_t2_airfield_01_04",
        "tm": [
          [0.771978,0.0,-0.635649],
          [0.0,1.0,0.0],
          [0.635649,0.0,0.771978],
          [24698.5,235.004,10117.8]
        ],
        "unit_class": "dynaf_universal_1line_c",
        "objLayer": 2,
        "props": {
          "army": 2,
          "active": false
        }
      }
    },
    {
      "objectGroups": {
        "name": "ft_t2_airfield_01_05",
        "tm": [
          [0.980371,0.0,-0.197164],
          [0.0,1.0,0.0],
          [0.197164,0.0,0.980371],
          [24511.2,637.332,-3684.99]
        ],
        "unit_class": "dynaf_universal_1line_c",
        "objLayer": 2,
        "props": {
          "army": 2,
          "active": false
        }
      }
    },
    {
      "squad": {
        "name": "ft_t1_airfields_squad",
        "tm": [
          [-1.0,0.0,-5.96046e-08],
          [0.0,1.0,0.0],
          [5.96046e-08,0.0,-1.0],
          [-18272.2,84.5098,34863.9]
        ],
        "props": [
          {
            "object_marking": 0
          },
          {
            "squad_members": "ft_t1_airfield_01_01"
          },
          {
            "squad_members": "ft_t1_airfield_01_02"
          },
          {
            "squad_members": "ft_t1_airfield_01_03"
          },
          {
            "squad_members": "ft_t1_airfield_01_04"
          },
          {
            "squad_members": "ft_t1_airfield_01_05"
          },
          {
            "squad_members": "ft_t1_airfield_02_01"
          },
          {
            "squad_members": "ft_t1_airfield_02_02"
          },
          {
            "squad_members": "ft_t1_airfield_02_03"
          },
          {
            "squad_members": "ft_t1_airfield_02_04"
          },
          {
            "squad_members": "ft_t1_airfield_02_05"
          },
          {
            "squad_members": "ft_t1_airfield_03_01"
          },
          {
            "squad_members": "ft_t1_airfield_03_02"
          },
          {
            "squad_members": "ft_t1_airfield_03_03"
          },
          {
            "squad_members": "ft_t1_airfield_03_04"
          },
          {
            "squad_members": "ft_t1_airfield_03_05"
          }
        ]
      }
    },
    {
      "squad": {
        "name": "ft_t2_airfields_squad",
        "tm": [
          [-1.0,0.0,-5.96046e-08],
          [0.0,1.0,0.0],
          [5.96046e-08,0.0,-1.0],
          [19492.1,80.2822,34653.2]
        ],
        "props": [
          {
            "object_marking": 0
          },
          {
            "squad_members": "ft_t2_airfield_01_01"
          },
          {
            "squad_members": "ft_t2_airfield_01_02"
          },
          {
            "squad_members": "ft_t2_airfield_01_03"
          },
          {
            "squad_members": "ft_t2_airfield_01_04"
          },
          {
            "squad_members": "ft_t2_airfield_01_05"
          },
          {
            "squad_members": "ft_t2_airfield_02_01"
          },
          {
            "squad_members": "ft_t2_airfield_02_02"
          },
          {
            "squad_members": "ft_t2_airfield_02_03"
          },
          {
            "squad_members": "ft_t2_airfield_02_04"
          },
          {
            "squad_members": "ft_t2_airfield_02_05"
          },
          {
            "squad_members": "ft_t2_airfield_03_01"
          },
          {
            "squad_members": "ft_t2_airfield_03_02"
          },
          {
            "squad_members": "ft_t2_airfield_03_03"
          },
          {
            "squad_members": "ft_t2_airfield_03_04"
          },
          {
            "squad_members": "ft_t2_airfield_03_05"
          }
        ]
      }
    },
    {
      "squad": {
        "name": "all_bomb_targets_squad",
        "tm": [
          [-1.0,0.0,-5.96046e-08],
          [0.0,1.0,0.0],
          [5.96046e-08,0.0,-1.0],
          [1553.31,90.4922,36865.6]
        ],
        "props": [
          {
            "object_marking": 0
          },
          {
            "squad_members": "ft_t1_airfield_01_01_bomb_target"
          },
          {
            "squad_members": "ft_t1_airfield_02_01_bomb_target"
          },
          {
            "squad_members": "ft_t1_airfield_03_01_bomb_target"
          },
          {
            "squad_members": "ft_t1_airfield_01_02_bomb_target"
          },
          {
            "squad_members": "ft_t1_airfield_02_02_bomb_target"
          },
          {
            "squad_members": "ft_t1_airfield_03_02_bomb_target"
          },
          {
            "squad_members": "ft_t1_airfield_01_03_bomb_target"
          },
          {
            "squad_members": "ft_t1_airfield_02_03_bomb_target"
          },
          {
            "squad_members": "ft_t1_airfield_03_03_bomb_target"
          },
          {
            "squad_members": "ft_t1_airfield_01_04_bomb_target"
          },
          {
            "squad_members": "ft_t1_airfield_02_04_bomb_target"
          },
          {
            "squad_members": "ft_t1_airfield_03_04_bomb_target"
          },
          {
            "squad_members": "ft_t1_airfield_01_05_bomb_target"
          },
          {
            "squad_members": "ft_t1_airfield_02_05_bomb_target"
          },
          {
            "squad_members": "ft_t1_airfield_03_05_bomb_target"
          },
          {
            "squad_members": "ft_t2_airfield_01_01_bomb_target"
          },
          {
            "squad_members": "ft_t2_airfield_02_01_bomb_target"
          },
          {
            "squad_members": "ft_t2_airfield_03_01_bomb_target"
          },
          {
            "squad_members": "ft_t2_airfield_01_02_bomb_target"
          },
          {
            "squad_members": "ft_t2_airfield_02_02_bomb_target"
          },
          {
            "squad_members": "ft_t2_airfield_03_02_bomb_target"
          },
          {
            "squad_members": "ft_t2_airfield_01_03_bomb_target"
          },
          {
            "squad_members": "ft_t2_airfield_02_03_bomb_target"
          },
          {
            "squad_members": "ft_t2_airfield_03_03_bomb_target"
          },
          {
            "squad_members": "ft_t2_airfield_01_04_bomb_target"
          },
          {
            "squad_members": "ft_t2_airfield_02_04_bomb_target"
          },
          {
            "squad_members": "ft_t2_airfield_03_04_bomb_target"
          },
          {
            "squad_members": "ft_t2_airfield_01_05_bomb_target"
          },
          {
            "squad_members": "ft_t2_airfield_02_05_bomb_target"
          },
          {
            "squad_members": "ft_t2_airfield_03_05_bomb_target"
          }
        ]
      }
    },
    {
      "structures": {
        "name": "ft_t1_airfield_03_01_bomb_target",
        "tm": [
          [-0.820105,0.0,0.572214],
          [0.0,1.0,0.0],
          [-0.572214,0.0,-0.820105],
          [-13474.1,19.7345,19486.2]
        ],
        "unit_class": "dummy_immortal",
        "objLayer": 2,
        "closed_waypoints": false,
        "isShipSpline": false,
        "shipTurnRadius": 100.0,
        "weapons": "",
        "bullets0": "",
        "bullets1": "",
        "bullets2": "",
        "bullets3": "",
        "bulletsCount0": 0,
        "bulletsCount1": 0,
        "bulletsCount2": 0,
        "bulletsCount3": 0,
        "crewSkillK": 0.0,
        "applyAllMods": false,
        "props": {
          "army": 1,
          "count": 1,
          "formation_type": "rows",
          "formation_div": 3,
          "formation_step": [2.5,2.0],
          "formation_noise": [0.1,0.1],
          "uniqueName": "",
          "attack_type": "fire_at_will",
          "isDelayed": true,
          "stealthRadius": 0.0,
          "setStealth": true,
          "targetableByAi": false
        },
        "way": []
      }
    },
    {
      "structures": {
        "name": "ft_t1_airfield_01_01_bomb_target",
        "tm": [
          [-0.913297,0.0,0.40729],
          [0.0,1.0,0.0],
          [-0.40729,0.0,-0.913297],
          [-25601.6,134.946,22116.3]
        ],
        "unit_class": "dummy_immortal",
        "objLayer": 2,
        "closed_waypoints": false,
        "isShipSpline": false,
        "shipTurnRadius": 100.0,
        "weapons": "",
        "bullets0": "",
        "bullets1": "",
        "bullets2": "",
        "bullets3": "",
        "bulletsCount0": 0,
        "bulletsCount1": 0,
        "bulletsCount2": 0,
        "bulletsCount3": 0,
        "crewSkillK": 0.0,
        "applyAllMods": false,
        "props": {
          "army": 1,
          "count": 1,
          "formation_type": "rows",
          "formation_div": 3,
          "formation_step": [2.5,2.0],
          "formation_noise": [0.1,0.1],
          "uniqueName": "",
          "attack_type": "fire_at_will",
          "isDelayed": true,
          "stealthRadius": 0.0,
          "setStealth": true,
          "targetableByAi": false
        },
        "way": []
      }
    },
    {
      "structures": {
        "name": "ft_t1_airfield_02_01_bomb_target",
        "tm": [
          [-0.819571,0.0,0.572976],
          [0.0,1.0,0.0],
          [-0.572976,0.0,-0.819571],
          [-19769.2,40.5856,-95.1986]
        ],
        "unit_class": "dummy_immortal",
        "objLayer": 2,
        "closed_waypoints": false,
        "isShipSpline": false,
        "shipTurnRadius": 100.0,
        "weapons": "",
        "bullets0": "",
        "bullets1": "",
        "bullets2": "",
        "bullets3": "",
        "bulletsCount0": 0,
        "bulletsCount1": 0,
        "bulletsCount2": 0,
        "bulletsCount3": 0,
        "crewSkillK": 0.0,
        "applyAllMods": false,
        "props": {
          "army": 1,
          "count": 1,
          "formation_type": "rows",
          "formation_div": 3,
          "formation_step": [2.5,2.0],
          "formation_noise": [0.1,0.1],
          "uniqueName": "",
          "attack_type": "fire_at_will",
          "isDelayed": true,
          "stealthRadius": 0.0,
          "setStealth": true,
          "targetableByAi": false
        },
        "way": []
      }
    },
    {
      "structures": {
        "name": "ft_t1_airfield_03_02_bomb_target",
        "tm": [
          [-0.99997,0.0,-0.00789164],
          [0.0,1.0,0.0],
          [0.00789164,0.0,-0.99997],
          [-12800.8,180.963,11660.2]
        ],
        "unit_class": "dummy_immortal",
        "objLayer": 2,
        "closed_waypoints": false,
        "isShipSpline": false,
        "shipTurnRadius": 100.0,
        "weapons": "",
        "bullets0": "",
        "bullets1": "",
        "bullets2": "",
        "bullets3": "",
        "bulletsCount0": 0,
        "bulletsCount1": 0,
        "bulletsCount2": 0,
        "bulletsCount3": 0,
        "crewSkillK": 0.0,
        "applyAllMods": false,
        "props": {
          "army": 1,
          "count": 1,
          "formation_type": "rows",
          "formation_div": 3,
          "formation_step": [2.5,2.0],
          "formation_noise": [0.1,0.1],
          "uniqueName": "",
          "attack_type": "fire_at_will",
          "isDelayed": true,
          "stealthRadius": 0.0,
          "setStealth": true,
          "targetableByAi": false
        },
        "way": []
      }
    },
    {
      "structures": {
        "name": "ft_t1_airfield_01_03_bomb_target",
        "tm": [
          [-0.886002,0.0,0.46368],
          [0.0,1.0,0.0],
          [-0.46368,0.0,-0.886002],
          [-23711.4,113.051,5274.19]
        ],
        "unit_class": "dummy_immortal",
        "objLayer": 2,
        "closed_waypoints": false,
        "isShipSpline": false,
        "shipTurnRadius": 100.0,
        "weapons": "",
        "bullets0": "",
        "bullets1": "",
        "bullets2": "",
        "bullets3": "",
        "bulletsCount0": 0,
        "bulletsCount1": 0,
        "bulletsCount2": 0,
        "bulletsCount3": 0,
        "crewSkillK": 0.0,
        "applyAllMods": false,
        "props": {
          "army": 1,
          "count": 1,
          "formation_type": "rows",
          "formation_div": 3,
          "formation_step": [2.5,2.0],
          "formation_noise": [0.1,0.1],
          "uniqueName": "",
          "attack_type": "fire_at_will",
          "isDelayed": true,
          "stealthRadius": 0.0,
          "setStealth": true,
          "targetableByAi": false
        },
        "way": []
      }
    },
    {
      "structures": {
        "name": "ft_t1_airfield_02_02_bomb_target",
        "tm": [
          [-0.90574,0.0,0.423834],
          [0.0,1.0,0.0],
          [-0.423834,0.0,-0.90574],
          [-17314.3,128.668,13282.0]
        ],
        "unit_class": "dummy_immortal",
        "objLayer": 2,
        "closed_waypoints": false,
        "isShipSpline": false,
        "shipTurnRadius": 100.0,
        "weapons": "",
        "bullets0": "",
        "bullets1": "",
        "bullets2": "",
        "bullets3": "",
        "bulletsCount0": 0,
        "bulletsCount1": 0,
        "bulletsCount2": 0,
        "bulletsCount3": 0,
        "crewSkillK": 0.0,
        "applyAllMods": false,
        "props": {
          "army": 1,
          "count": 1,
          "formation_type": "rows",
          "formation_div": 3,
          "formation_step": [2.5,2.0],
          "formation_noise": [0.1,0.1],
          "uniqueName": "",
          "attack_type": "fire_at_will",
          "isDelayed": true,
          "stealthRadius": 0.0,
          "setStealth": true,
          "targetableByAi": false
        },
        "way": []
      }
    },
    {
      "structures": {
        "name": "ft_t1_airfield_01_02_bomb_target",
        "tm": [
          [-0.940161,0.0,0.340729],
          [0.0,1.0,0.0],
          [-0.340729,0.0,-0.940161],
          [-25137.2,41.8189,18088.7]
        ],
        "unit_class": "dummy_immortal",
        "objLayer": 2,
        "closed_waypoints": false,
        "isShipSpline": false,
        "shipTurnRadius": 100.0,
        "weapons": "",
        "bullets0": "",
        "bullets1": "",
        "bullets2": "",
        "bullets3": "",
        "bulletsCount0": 0,
        "bulletsCount1": 0,
        "bulletsCount2": 0,
        "bulletsCount3": 0,
        "crewSkillK": 0.0,
        "applyAllMods": false,
        "props": {
          "army": 1,
          "count": 1,
          "formation_type": "rows",
          "formation_div": 3,
          "formation_step": [2.5,2.0],
          "formation_noise": [0.1,0.1],
          "uniqueName": "",
          "attack_type": "fire_at_will",
          "isDelayed": true,
          "stealthRadius": 0.0,
          "setStealth": true,
          "targetableByAi": false
        },
        "way": []
      }
    },
    {
      "structures": {
        "name": "ft_t2_airfield_01_01_bomb_target",
        "tm": [
          [0.729718,0.0,-0.683747],
          [0.0,1.0,0.0],
          [0.683747,0.0,0.729718],
          [25335.4,152.485,-26270.7]
        ],
        "unit_class": "dummy_immortal",
        "objLayer": 2,
        "closed_waypoints": false,
        "isShipSpline": false,
        "shipTurnRadius": 100.0,
        "weapons": "",
        "bullets0": "",
        "bullets1": "",
        "bullets2": "",
        "bullets3": "",
        "bulletsCount0": 0,
        "bulletsCount1": 0,
        "bulletsCount2": 0,
        "bulletsCount3": 0,
        "crewSkillK": 0.0,
        "applyAllMods": false,
        "props": {
          "army": 2,
          "count": 1,
          "formation_type": "rows",
          "formation_div": 3,
          "formation_step": [2.5,2.0],
          "formation_noise": [0.1,0.1],
          "uniqueName": "",
          "attack_type": "fire_at_will",
          "isDelayed": true,
          "stealthRadius": 0.0,
          "setStealth": true,
          "targetableByAi": false
        },
        "way": []
      }
    },
    {
      "structures": {
        "name": "ft_t2_airfield_02_01_bomb_target",
        "tm": [
          [0.834841,0.0,-0.550489],
          [0.0,1.0,0.0],
          [0.550489,0.0,0.834841],
          [17520.3,798.57,-3973.53]
        ],
        "unit_class": "dummy_immortal",
        "objLayer": 2,
        "closed_waypoints": false,
        "isShipSpline": false,
        "shipTurnRadius": 100.0,
        "weapons": "",
        "bullets0": "",
        "bullets1": "",
        "bullets2": "",
        "bullets3": "",
        "bulletsCount0": 0,
        "bulletsCount1": 0,
        "bulletsCount2": 0,
        "bulletsCount3": 0,
        "crewSkillK": 0.0,
        "applyAllMods": false,
        "props": {
          "army": 2,
          "count": 1,
          "formation_type": "rows",
          "formation_div": 3,
          "formation_step": [2.5,2.0],
          "formation_noise": [0.1,0.1],
          "uniqueName": "",
          "attack_type": "fire_at_will",
          "isDelayed": true,
          "stealthRadius": 0.0,
          "setStealth": true,
          "targetableByAi": false
        },
        "way": []
      }
    },
    {
      "structures": {
        "name": "ft_t2_airfield_03_01_bomb_target",
        "tm": [
          [0.999728,0.0,-0.0233335],
          [0.0,1.0,0.0],
          [0.0233335,0.0,0.999728],
          [12299.9,235.836,16046.5]
        ],
        "unit_class": "dummy_immortal",
        "objLayer": 2,
        "closed_waypoints": false,
        "isShipSpline": false,
        "shipTurnRadius": 100.0,
        "weapons": "",
        "bullets0": "",
        "bullets1": "",
        "bullets2": "",
        "bullets3": "",
        "bulletsCount0": 0,
        "bulletsCount1": 0,
        "bulletsCount2": 0,
        "bulletsCount3": 0,
        "crewSkillK": 0.0,
        "applyAllMods": false,
        "props": {
          "army": 2,
          "count": 1,
          "formation_type": "rows",
          "formation_div": 3,
          "formation_step": [2.5,2.0],
          "formation_noise": [0.1,0.1],
          "uniqueName": "",
          "attack_type": "fire_at_will",
          "isDelayed": true,
          "stealthRadius": 0.0,
          "setStealth": true,
          "targetableByAi": false
        },
        "way": []
      }
    },
    {
      "structures": {
        "name": "ft_t2_airfield_02_02_bomb_target",
        "tm": [
          [0.989124,0.0,-0.147088],
          [0.0,1.0,0.0],
          [0.147088,0.0,0.989124],
          [18901.7,587.199,2582.72]
        ],
        "unit_class": "dummy_immortal",
        "objLayer": 2,
        "closed_waypoints": false,
        "isShipSpline": false,
        "shipTurnRadius": 100.0,
        "weapons": "",
        "bullets0": "",
        "bullets1": "",
        "bullets2": "",
        "bullets3": "",
        "bulletsCount0": 0,
        "bulletsCount1": 0,
        "bulletsCount2": 0,
        "bulletsCount3": 0,
        "crewSkillK": 0.0,
        "applyAllMods": false,
        "props": {
          "army": 2,
          "count": 1,
          "formation_type": "rows",
          "formation_div": 3,
          "formation_step": [2.5,2.0],
          "formation_noise": [0.1,0.1],
          "uniqueName": "",
          "attack_type": "fire_at_will",
          "isDelayed": true,
          "stealthRadius": 0.0,
          "setStealth": true,
          "targetableByAi": false
        },
        "way": []
      }
    },
    {
      "structures": {
        "name": "ft_t2_airfield_01_02_bomb_target",
        "tm": [
          [0.984808,0.0,-0.173649],
          [0.0,1.0,0.0],
          [0.173649,0.0,0.984808],
          [25095.7,612.304,3732.88]
        ],
        "unit_class": "dummy_immortal",
        "objLayer": 2,
        "closed_waypoints": false,
        "isShipSpline": false,
        "shipTurnRadius": 100.0,
        "weapons": "",
        "bullets0": "",
        "bullets1": "",
        "bullets2": "",
        "bullets3": "",
        "bulletsCount0": 0,
        "bulletsCount1": 0,
        "bulletsCount2": 0,
        "bulletsCount3": 0,
        "crewSkillK": 0.0,
        "applyAllMods": false,
        "props": {
          "army": 2,
          "count": 1,
          "formation_type": "rows",
          "formation_div": 3,
          "formation_step": [2.5,2.0],
          "formation_noise": [0.1,0.1],
          "uniqueName": "",
          "attack_type": "fire_at_will",
          "isDelayed": true,
          "stealthRadius": 0.0,
          "setStealth": true,
          "targetableByAi": false
        },
        "way": []
      }
    },
    {
      "structures": {
        "name": "ft_t2_airfield_03_02_bomb_target",
        "tm": [
          [0.952857,0.0,-0.303416],
          [0.0,1.0,0.0],
          [0.303416,0.0,0.952857],
          [13760.6,230.773,27767.9]
        ],
        "unit_class": "dummy_immortal",
        "objLayer": 2,
        "closed_waypoints": false,
        "isShipSpline": false,
        "shipTurnRadius": 100.0,
        "weapons": "",
        "bullets0": "",
        "bullets1": "",
        "bullets2": "",
        "bullets3": "",
        "bulletsCount0": 0,
        "bulletsCount1": 0,
        "bulletsCount2": 0,
        "bulletsCount3": 0,
        "crewSkillK": 0.0,
        "applyAllMods": false,
        "props": {
          "army": 2,
          "count": 1,
          "formation_type": "rows",
          "formation_div": 3,
          "formation_step": [2.5,2.0],
          "formation_noise": [0.1,0.1],
          "uniqueName": "",
          "attack_type": "fire_at_will",
          "isDelayed": true,
          "stealthRadius": 0.0,
          "setStealth": true,
          "targetableByAi": false
        },
        "way": []
      }
    },
    {
      "structures": {
        "name": "ft_t2_airfield_01_03_bomb_target",
        "tm": [
          [0.876188,0.0,0.481969],
          [0.0,1.0,0.0],
          [-0.481969,0.0,0.876188],
          [21317.0,545.4,21693.7]
        ],
        "unit_class": "dummy_immortal",
        "objLayer": 2,
        "closed_waypoints": false,
        "isShipSpline": false,
        "shipTurnRadius": 100.0,
        "weapons": "",
        "bullets0": "",
        "bullets1": "",
        "bullets2": "",
        "bullets3": "",
        "bulletsCount0": 0,
        "bulletsCount1": 0,
        "bulletsCount2": 0,
        "bulletsCount3": 0,
        "crewSkillK": 0.0,
        "applyAllMods": false,
        "props": {
          "army": 2,
          "count": 1,
          "formation_type": "rows",
          "formation_div": 3,
          "formation_step": [2.5,2.0],
          "formation_noise": [0.1,0.1],
          "uniqueName": "",
          "attack_type": "fire_at_will",
          "isDelayed": true,
          "stealthRadius": 0.0,
          "setStealth": true,
          "targetableByAi": false
        },
        "way": []
      }
    },
    {
      "structures": {
        "name": "ft_t1_airfield_03_03_bomb_target",
        "tm": [
          [-0.921611,0.0,-0.388114],
          [0.0,1.0,0.0],
          [0.388114,0.0,-0.921611],
          [-13431.2,19.5841,15209.3]
        ],
        "unit_class": "dummy_immortal",
        "objLayer": 2,
        "closed_waypoints": false,
        "isShipSpline": false,
        "shipTurnRadius": 100.0,
        "weapons": "",
        "bullets0": "",
        "bullets1": "",
        "bullets2": "",
        "bullets3": "",
        "bulletsCount0": 0,
        "bulletsCount1": 0,
        "bulletsCount2": 0,
        "bulletsCount3": 0,
        "crewSkillK": 0.0,
        "applyAllMods": false,
        "props": {
          "army": 1,
          "count": 1,
          "formation_type": "rows",
          "formation_div": 3,
          "formation_step": [2.5,2.0],
          "formation_noise": [0.1,0.1],
          "uniqueName": "",
          "attack_type": "fire_at_will",
          "isDelayed": true,
          "stealthRadius": 0.0,
          "setStealth": true,
          "targetableByAi": false
        },
        "way": []
      }
    },
    {
      "structures": {
        "name": "ft_t1_airfield_02_03_bomb_target",
        "tm": [
          [-0.997622,0.0,0.0689071],
          [0.0,1.0,0.0],
          [-0.0689071,0.0,-0.997622],
          [-18407.2,30.5036,19239.0]
        ],
        "unit_class": "dummy_immortal",
        "objLayer": 2,
        "closed_waypoints": false,
        "isShipSpline": false,
        "shipTurnRadius": 100.0,
        "weapons": "",
        "bullets0": "",
        "bullets1": "",
        "bullets2": "",
        "bullets3": "",
        "bulletsCount0": 0,
        "bulletsCount1": 0,
        "bulletsCount2": 0,
        "bulletsCount3": 0,
        "crewSkillK": 0.0,
        "applyAllMods": false,
        "props": {
          "army": 1,
          "count": 1,
          "formation_type": "rows",
          "formation_div": 3,
          "formation_step": [2.5,2.0],
          "formation_noise": [0.1,0.1],
          "uniqueName": "",
          "attack_type": "fire_at_will",
          "isDelayed": true,
          "stealthRadius": 0.0,
          "setStealth": true,
          "targetableByAi": false
        },
        "way": []
      }
    },
    {
      "structures": {
        "name": "ft_t2_airfield_02_03_bomb_target",
        "tm": [
          [1.0,0.0,-1.82539e-07],
          [0.0,1.0,0.0],
          [1.82539e-07,0.0,1.0],
          [18741.3,434.385,9514.49]
        ],
        "unit_class": "dummy_immortal",
        "objLayer": 2,
        "closed_waypoints": false,
        "isShipSpline": false,
        "shipTurnRadius": 100.0,
        "weapons": "",
        "bullets0": "",
        "bullets1": "",
        "bullets2": "",
        "bullets3": "",
        "bulletsCount0": 0,
        "bulletsCount1": 0,
        "bulletsCount2": 0,
        "bulletsCount3": 0,
        "crewSkillK": 0.0,
        "applyAllMods": false,
        "props": {
          "army": 2,
          "count": 1,
          "formation_type": "rows",
          "formation_div": 3,
          "formation_step": [2.5,2.0],
          "formation_noise": [0.1,0.1],
          "uniqueName": "",
          "attack_type": "fire_at_will",
          "isDelayed": true,
          "stealthRadius": 0.0,
          "setStealth": true,
          "targetableByAi": false
        },
        "way": []
      }
    },
    {
      "structures": {
        "name": "ft_t2_airfield_03_03_bomb_target",
        "tm": [
          [0.897629,0.0,-0.440752],
          [0.0,1.0,0.0],
          [0.440752,0.0,0.897629],
          [13927.2,635.698,3871.64]
        ],
        "unit_class": "dummy_immortal",
        "objLayer": 2,
        "closed_waypoints": false,
        "isShipSpline": false,
        "shipTurnRadius": 100.0,
        "weapons": "",
        "bullets0": "",
        "bullets1": "",
        "bullets2": "",
        "bullets3": "",
        "bulletsCount0": 0,
        "bulletsCount1": 0,
        "bulletsCount2": 0,
        "bulletsCount3": 0,
        "crewSkillK": 0.0,
        "applyAllMods": false,
        "props": {
          "army": 2,
          "count": 1,
          "formation_type": "rows",
          "formation_div": 3,
          "formation_step": [2.5,2.0],
