{
  "selected_tag": "",
  "bin_dump_file": "",
  "mission_settings": {
    "player": {
      "army": 1
    },
    "player_teamB": {
      "army": 2
    },
    "mission": {
      "type": "domination",
      "level": "levels/air_israel.bin",
      "environment": "Day",
      "weather": "hazy"
    }
  },
  "imports": {},
  "triggers": {
    "isCategory": true,
    "is_enabled": true,
    "static_units_rank_06_init": {
      "is_enabled": true,
      "comments": "",
      "props": {
        "actionsType": "PERFORM_ONE_BY_ONE",
        "conditionsType": "ALL",
        "enableAfterComplete": false
      },
      "events": {
        "initMission": {}
      },
      "conditions": {},
      "actions": {
        "comment": [
          {
            "value": "static units"
          },
          {
            "value": "static aaa"
          },
          {
            "value": ""
          }
        ],
        "unitSetProperties": [
          {
            "object": [
              "t1_artillery_squad",
              "t1_bunkers_squad",
              "t2_artillery_squad",
              "t2_bunkers_squad"
            ],
            "accuracy": 0.1,
            "checkVisibilityTarget": false
          },
          {
            "object": [
              "t1_aaa_squad",
              "t2_aaa_squad"
            ],
            "targetGnd": false,
            "accuracy": 0.1,
            "airAccuracy": 0.1,
            "fireRandom": true,
            "targetChangeInterval": 5.0,
            "targetChangeProb": 0.25,
            "DelayAfterShoot": 3.0
          }
        ]
      },
      "else_actions": {}
    }
  },
  "mission_objectives": {
    "isCategory": true,
    "is_enabled": true
  },
  "variables": {},
  "dialogs": {},
  "airfields": {},
  "effects": {},
  "units": {
    "objectGroups": [
      {
        "name": "t1_trench_rank_06_01",
        "tm": [
          [
            -0.349333,
            -0.0779431,
            0.933751
          ],
          [
            -0.0963602,
            0.994239,
            0.0469432
          ],
          [
            -0.93203,
            -0.0735779,
            -0.354832
          ],
          [
            10402.6,
            100.1,
            -9578.61
          ]
        ],
        "unit_class": "dynTrench_small_bunker_axis",
        "objLayer": 2,
        "props": {
          "army": 1,
          "active": true
        }
      },
      {
        "name": "t1_trench_rank_06_02",
        "tm": [
          [
            0.263465,
            0.00290185,
            0.964665
          ],
          [
            -0.0484417,
            0.998774,
            0.0102267
          ],
          [
            -0.963451,
            -0.0494247,
            0.263282
          ],
          [
            9974.86,
            60.85,
            -7984.98
          ]
        ],
        "unit_class": "dynTrench_small_bunker_axis",
        "objLayer": 2,
        "props": {
          "army": 1,
          "active": true
        }
      },
      {
        "name": "t1_trench_rank_06_03",
        "tm": [
          [
            -0.456533,
            -0.0565989,
            0.887903
          ],
          [
            -0.0202036,
            0.998377,
            0.053252
          ],
          [
            -0.889477,
            0.00637203,
            -0.456935
          ],
          [
            10721.0,
            132.5,
            -10825.1
          ]
        ],
        "unit_class": "dynTrench_small_bunker_axis",
        "objLayer": 2,
        "props": {
          "army": 1,
          "active": true
        }
      },
      {
        "name": "t1_trench_rank_06_04",
        "tm": [
          [
            -0.544887,
            0.0736425,
            0.835269
          ],
          [
            -0.0249221,
            0.994273,
            -0.103919
          ],
          [
            -0.83814,
            -0.0774409,
            -0.539929
          ],
          [
            4888.28,
            86.1,
            8641.77
          ]
        ],
        "unit_class": "dynTrench_small_bunker_axis",
        "objLayer": 2,
        "props": {
          "army": 1,
          "active": true
        }
      },
      {
        "name": "t1_trench_rank_06_05",
        "tm": [
          [
            -0.125427,
            -0.0140308,
            0.992004
          ],
          [
            0.00134941,
            0.999896,
            0.0143126
          ],
          [
            -0.992103,
            0.00313351,
            -0.125397
          ],
          [
            5211.19,
            34.7023,
            5109.37
          ]
        ],
        "unit_class": "dynTrench_small_bunker_axis",
        "objLayer": 2,
        "props": {
          "army": 1,
          "active": true
        }
      },
      {
        "name": "t1_trench_rank_06_06",
        "tm": [
          [
            0.257404,
            -0.0391235,
            0.965512
          ],
          [
            0.0410528,
            0.998721,
            0.0295247
          ],
          [
            -0.965433,
            0.0320371,
            0.258681
          ],
          [
            10381.1,
            112.7,
            -9075.5
          ]
        ],
        "unit_class": "dynTrench_small_bunker_axis",
        "objLayer": 2,
        "props": {
          "army": 1,
          "active": true
        }
      },
      {
        "name": "t1_trench_rank_06_07",
        "tm": [
          [
            -0.202654,
            0.00520152,
            0.979237
          ],
          [
            0.00781631,
            0.999962,
            -0.00369442
          ],
          [
            -0.979219,
            0.00690538,
            -0.202687
          ],
          [
            4986.5,
            78.75,
            7489.65
          ]
        ],
        "unit_class": "dynTrench_small_bunker_axis",
        "objLayer": 2,
        "props": {
          "army": 1,
          "active": true
        }
      },
      {
        "name": "t1_trench_rank_06_08",
        "tm": [
          [
            -0.00426272,
            0.0144075,
            0.999887
          ],
          [
            0.0707397,
            0.997395,
            -0.0140701
          ],
          [
            -0.997485,
            0.0706711,
            -0.00527117
          ],
          [
            11646.1,
            160.5,
            -13637.1
          ]
        ],
        "unit_class": "dynTrench_small_bunker_axis",
        "objLayer": 2,
        "props": {
          "army": 1,
          "active": true
        }
      },
      {
        "name": "t2_trench_rank_06_01",
        "tm": [
          [
            0.375996,
            -0.00757311,
            -0.926589
          ],
          [
            0.0528366,
            0.998515,
            0.0132793
          ],
          [
            0.925114,
            -0.0539507,
            0.375839
          ],
          [
            8683.64,
            -27.4,
            -9773.43
          ]
        ],
        "unit_class": "dynTrench_small_bunker_axis",
        "objLayer": 2,
        "props": {
          "army": 2,
          "active": true
        }
      },
      {
        "name": "t2_trench_rank_06_02",
        "tm": [
          [
            0.372134,
            -0.0482252,
            -0.926925
          ],
          [
            0.169884,
            0.985318,
            0.0169407
          ],
          [
            0.912499,
            -0.163775,
            0.374862
          ],
          [
            7219.25,
            80.05,
            -7445.85
          ]
        ],
        "unit_class": "dynTrench_small_bunker_axis",
        "objLayer": 2,
        "props": {
          "army": 2,
          "active": true
        }
      },
      {
        "name": "t2_trench_rank_06_03",
        "tm": [
          [
            0.391135,
            0.0286514,
            -0.919888
          ],
          [
            0.189672,
            0.97555,
            0.111033
          ],
          [
            0.900577,
            -0.217905,
            0.376137
          ],
          [
            10495.5,
            113.45,
            -13963.1
          ]
        ],
        "unit_class": "dynTrench_small_bunker_axis",
        "objLayer": 2,
        "props": {
          "army": 2,
          "active": true
        }
      },
      {
        "name": "t2_trench_rank_06_04",
        "tm": [
          [
            0.0981371,
            0.00340541,
            -0.995166
          ],
          [
            0.016182,
            0.999856,
            0.00501731
          ],
          [
            0.995041,
            -0.0165971,
            0.0980681
          ],
          [
            3727.6,
            6.0,
            6198.7
          ]
        ],
        "unit_class": "dynTrench_small_bunker_axis",
        "objLayer": 2,
        "props": {
          "army": 2,
          "active": true
        }
      },
      {
        "name": "t2_trench_rank_06_05",
        "tm": [
          [
            0.0359727,
            -0.0549073,
            -0.997843
          ],
          [
            -0.0114064,
            0.998402,
            -0.0553492
          ],
          [
            0.999289,
            0.0133731,
            0.035288
          ],
          [
            3492.75,
            129.15,
            7818.8
          ]
        ],
        "unit_class": "dynTrench_small_bunker_axis",
        "objLayer": 2,
        "props": {
          "army": 2,
          "active": true
        }
      },
      {
        "name": "t2_trench_rank_06_06",
        "tm": [
          [
            0.0597259,
            0.0260484,
            -0.997875
          ],
          [
            -0.0622039,
            0.997813,
            0.0223236
          ],
          [
            0.996275,
            0.0607385,
            0.0612156
          ],
          [
            3746.2,
            119.35,
            4668.35
          ]
        ],
        "unit_class": "dynTrench_small_bunker_axis",
        "objLayer": 2,
        "props": {
          "army": 2,
          "active": true
        }
      },
      {
        "name": "t2_trench_rank_06_07",
        "tm": [
          [
            0.424916,
            0.0326635,
            -0.904644
          ],
          [
            -0.00075448,
            0.999361,
            0.0357292
          ],
          [
            0.905232,
            -0.0145005,
            0.424668
          ],
          [
            9071.42,
            35.1,
            -10931.9
          ]
        ],
        "unit_class": "dynTrench_small_bunker_axis",
        "objLayer": 2,
        "props": {
          "army": 2,
          "active": true
        }
      },
      {
        "name": "t2_trench_rank_06_08",
        "tm": [
          [
            0.143602,
            0.0847305,
            -0.986001
          ],
          [
            0.185529,
            0.976357,
            0.110923
          ],
          [
            0.972089,
            -0.198861,
            0.124487
          ],
          [
            7572.28,
            -25.15,
            -8697.81
          ]
        ],
        "unit_class": "dynTrench_small_bunker_axis",
        "objLayer": 2,
        "props": {
          "army": 2,
          "active": true
        }
      }
    ],
    "structures": [
      {
        "name": "t1_bunker_01",
        "tm": [
          [
            -0.870515,
            -0.0613137,
            -0.488308
          ],
          [
            -0.0963602,
            0.994239,
            0.0469432
          ],
          [
            0.482618,
            0.0879183,
            -0.871407
          ],
          [
            10388.6,
            111.03,
            -9571.31
          ]
        ],
        "unit_class": "ussr_quest_large_art_noground",
        "objLayer": 1,
        "closed_waypoints": false,
        "isShipSpline": false,
        "shipTurnRadius": 100.0,
        "weapons": "",
        "bullets0": "",
        "bullets1": "",
        "bullets2": "",
        "bullets3": "",
        "bulletsCount0": 0,
        "bulletsCount1": 0,
        "bulletsCount2": 0,
        "bulletsCount3": 0,
        "crewSkillK": 0.0,
        "applyAllMods": false,
        "props": {
          "army": 1,
          "count": 1,
          "formation_type": "rows",
          "formation_div": 3,
          "formation_step": [
            2.5,
            2.0
          ],
          "formation_noise": [
            0.1,
            0.1
          ]
        },
        "way": {}
      },
      {
        "name": "t1_art_01",
        "tm": [
          [
            -0.870515,
            -0.0613137,
            -0.488308
          ],
          [
            -0.0963602,
            0.994239,
            0.0469432
          ],
          [
            0.482618,
            0.0879183,
            -0.871407
          ],
          [
            10433.3,
            115.66,
            -9654.69
          ]
        ],
        "unit_class": "ussr_quest_large_art_noground",
        "objLayer": 1,
        "closed_waypoints": false,
        "isShipSpline": false,
        "shipTurnRadius": 100.0,
        "weapons": "",
        "bullets0": "",
        "bullets1": "",
        "bullets2": "",
        "bullets3": "",
        "bulletsCount0": 0,
        "bulletsCount1": 0,
        "bulletsCount2": 0,
        "bulletsCount3": 0,
        "crewSkillK": 0.0,
        "applyAllMods": false,
        "props": {
          "army": 1,
          "count": 1,
          "formation_type": "rows",
          "formation_div": 3,
          "formation_step": [
            2.5,
            2.0
          ],
          "formation_noise": [
            0.1,
            0.1
          ]
        },
        "way": {}
      },
      {
        "name": "t1_art_02",
        "tm": [
          [
            -0.870515,
            -0.0613137,
            -0.488308
          ],
          [
            -0.0963602,
            0.994239,
            0.0469432
          ],
          [
            0.482618,
            0.0879183,
            -0.871407
          ],
          [
            10346.6,
            57.7,
            -9511.11
          ]
        ],
        "unit_class": "ussr_quest_large_art_noground",
        "objLayer": 1,
        "closed_waypoints": false,
        "isShipSpline": false,
        "shipTurnRadius": 100.0,
        "weapons": "",
        "bullets0": "",
        "bullets1": "",
        "bullets2": "",
        "bullets3": "",
        "bulletsCount0": 0,
        "bulletsCount1": 0,
        "bulletsCount2": 0,
        "bulletsCount3": 0,
        "crewSkillK": 0.0,
        "applyAllMods": false,
        "props": {
          "army": 1,
          "count": 1,
          "formation_type": "rows",
          "formation_div": 3,
          "formation_step": [
            2.5,
            2.0
          ],
          "formation_noise": [
            0.1,
            0.1
          ]
        },
        "way": {}
      },
      {
        "name": "t1_bunker_02",
        "tm": [
          [
            -0.991725,
            -0.0493143,
            0.118536
          ],
          [
            -0.0484417,
            0.998774,
            0.0102267
          ],
          [
            -0.118896,
            0.00439917,
            -0.992898
          ],
          [
            9967.94,
            72.95,
            -7971.58
          ]
        ],
        "unit_class": "ussr_quest_large_art_noground",
        "objLayer": 1,
        "closed_waypoints": false,
        "isShipSpline": false,
        "shipTurnRadius": 100.0,
        "weapons": "",
        "bullets0": "",
        "bullets1": "",
        "bullets2": "",
        "bullets3": "",
        "bulletsCount0": 0,
        "bulletsCount1": 0,
        "bulletsCount2": 0,
        "bulletsCount3": 0,
        "crewSkillK": 0.0,
        "applyAllMods": false,
        "props": {
          "army": 1,
          "count": 1,
          "formation_type": "rows",
          "formation_div": 3,
          "formation_step": [
            2.5,
            2.0
          ],
          "formation_noise": [
            0.1,
            0.1
          ]
        },
        "way": {}
      },
      {
        "name": "t1_art_03",
        "tm": [
          [
            -0.991725,
            -0.0493143,
            0.118536
          ],
          [
            -0.0484417,
            0.998774,
            0.0102267
          ],
          [
            -0.118896,
            0.00439917,
            -0.992898
          ],
          [
            9955.29,
            69.659,
            -8065.59
          ]
        ],
        "unit_class": "ussr_quest_large_art_noground",
        "objLayer": 1,
        "closed_waypoints": false,
        "isShipSpline": false,
        "shipTurnRadius": 100.0,
        "weapons": "",
        "bullets0": "",
        "bullets1": "",
        "bullets2": "",
        "bullets3": "",
        "bulletsCount0": 0,
        "bulletsCount1": 0,
        "bulletsCount2": 0,
        "bulletsCount3": 0,
        "crewSkillK": 0.0,
        "applyAllMods": false,
        "props": {
          "army": 1,
          "count": 1,
          "formation_type": "rows",
          "formation_div": 3,
          "formation_step": [
            2.5,
            2.0
          ],
          "formation_noise": [
            0.1,
            0.1
          ]
        },
        "way": {}
      },
      {
        "name": "t1_art_04",
        "tm": [
          [
            -0.991725,
            -0.0493143,
            0.118536
          ],
          [
            -0.0484417,
            0.998774,
            0.0102267
          ],
          [
            -0.118896,
            0.00439917,
            -0.992898
          ],
          [
            9968.95,
            65.16,
            -7897.33
          ]
        ],
        "unit_class": "ussr_quest_large_art_noground",
        "objLayer": 1,
        "closed_waypoints": false,
        "isShipSpline": false,
        "shipTurnRadius": 100.0,
        "weapons": "",
        "bullets0": "",
        "bullets1": "",
        "bullets2": "",
        "bullets3": "",
        "bulletsCount0": 0,
        "bulletsCount1": 0,
        "bulletsCount2": 0,
        "bulletsCount3": 0,
        "crewSkillK": 0.0,
        "applyAllMods": false,
        "props": {
          "army": 1,
          "count": 1,
          "formation_type": "rows",
          "formation_div": 3,
          "formation_step": [
            2.5,
            2.0
          ],
          "formation_noise": [
            0.1,
            0.1
          ]
        },
        "way": {}
      },
      {
        "name": "t1_bunker_03",
        "tm": [
          [
            -0.812657,
            0.0146274,
            -0.582559
          ],
          [
            -0.0202036,
            0.998377,
            0.053252
          ],
          [
            0.582392,
            0.0550457,
            -0.811041
          ],
          [
            10707.2,
            144.49,
            -10819.2
          ]
        ],
        "unit_class": "ussr_quest_large_art_noground",
        "objLayer": 1,
        "closed_waypoints": false,
        "isShipSpline": false,
        "shipTurnRadius": 100.0,
        "weapons": "",
        "bullets0": "",
        "bullets1": "",
        "bullets2": "",
        "bullets3": "",
        "bulletsCount0": 0,
        "bulletsCount1": 0,
        "bulletsCount2": 0,
        "bulletsCount3": 0,
        "crewSkillK": 0.0,
        "applyAllMods": false,
        "props": {
          "army": 1,
          "count": 1,
          "formation_type": "rows",
          "formation_div": 3,
          "formation_step": [
            2.5,
            2.0
          ],
          "formation_noise": [
            0.1,
            0.1
          ]
        },
        "way": {}
      },
      {
        "name": "t1_art_05",
        "tm": [
          [
            -0.812657,
            0.0146274,
            -0.582559
          ],
          [
            -0.0202036,
            0.998377,
            0.053252
          ],
          [
            0.582392,
            0.0550457,
            -0.811041
          ],
          [
            10761.2,
            146.09,
            -10897.1
          ]
        ],
        "unit_class": "ussr_quest_large_art_noground",
        "objLayer": 1,
        "closed_waypoints": false,
        "isShipSpline": false,
        "shipTurnRadius": 100.0,
        "weapons": "",
        "bullets0": "",
        "bullets1": "",
        "bullets2": "",
        "bullets3": "",
        "bulletsCount0": 0,
        "bulletsCount1": 0,
        "bulletsCount2": 0,
        "bulletsCount3": 0,
        "crewSkillK": 0.0,
        "applyAllMods": false,
        "props": {
          "army": 1,
          "count": 1,
          "formation_type": "rows",
          "formation_div": 3,
          "formation_step": [
            2.5,
            2.0
          ],
          "formation_noise": [
            0.1,
            0.1
          ]
        },
        "way": {}
      },
      {
        "name": "t1_art_06",
        "tm": [
          [
            -0.812657,
            0.0146274,
            -0.582559
          ],
          [
            -0.0202036,
            0.998377,
            0.053252
          ],
          [
            0.582392,
            0.0550457,
            -0.811041
          ],
          [
            10657.8,
            133.47,
            -10764.3
          ]
        ],
        "unit_class": "ussr_quest_large_art_noground",
        "objLayer": 1,
        "closed_waypoints": false,
        "isShipSpline": false,
        "shipTurnRadius": 100.0,
        "weapons": "",
        "bullets0": "",
        "bullets1": "",
        "bullets2": "",
        "bullets3": "",
        "bulletsCount0": 0,
        "bulletsCount1": 0,
        "bulletsCount2": 0,
        "bulletsCount3": 0,
        "crewSkillK": 0.0,
        "applyAllMods": false,
        "props": {
          "army": 1,
          "count": 1,
          "formation_type": "rows",
          "formation_div": 3,
          "formation_step": [
            2.5,
            2.0
          ],
          "formation_noise": [
            0.1,
            0.1
          ]
        },
        "way": {}
      },
      {
        "name": "t1_bunker_04",
        "tm": [
          [
            -0.748883,
            -0.08743,
            -0.656909
          ],
          [
            -0.0249221,
            0.994273,
            -0.103919
          ],
          [
            0.662234,
            -0.0614516,
            -0.746772
          ],
          [
            4874.02,
            98.669,
            8644.55
          ]
        ],
        "unit_class": "ussr_quest_large_art_noground",
        "objLayer": 1,
        "closed_waypoints": false,
        "isShipSpline": false,
        "shipTurnRadius": 100.0,
        "weapons": "",
        "bullets0": "",
        "bullets1": "",
        "bullets2": "",
        "bullets3": "",
        "bulletsCount0": 0,
        "bulletsCount1": 0,
        "bulletsCount2": 0,
        "bulletsCount3": 0,
        "crewSkillK": 0.0,
        "applyAllMods": false,
        "props": {
          "army": 1,
          "count": 1,
          "formation_type": "rows",
          "formation_div": 3,
          "formation_step": [
            2.5,
            2.0
          ],
          "formation_noise": [
            0.1,
            0.1
          ]
        },
        "way": {}
      },
      {
        "name": "t1_art_07",
        "tm": [
          [
            -0.748883,
            -0.08743,
            -0.656909
          ],
          [
            -0.0249221,
            0.994273,
            -0.103919
          ],
          [
            0.662234,
            -0.0614516,
            -0.746772
          ],
          [
            4935.66,
            89.089,
            8572.99
          ]
        ],
        "unit_class": "ussr_quest_large_art_noground",
        "objLayer": 1,
        "closed_waypoints": false,
        "isShipSpline": false,
        "shipTurnRadius": 100.0,
        "weapons": "",
        "bullets0": "",
        "bullets1": "",
        "bullets2": "",
        "bullets3": "",
        "bulletsCount0": 0,
        "bulletsCount1": 0,
        "bulletsCount2": 0,
        "bulletsCount3": 0,
        "crewSkillK": 0.0,
        "applyAllMods": false,
        "props": {
          "army": 1,
          "count": 1,
          "formation_type": "rows",
          "formation_div": 3,
          "formation_step": [
            2.5,
            2.0
          ],
          "formation_noise": [
            0.1,
            0.1
          ]
        },
        "way": {}
      },
      {
        "name": "t1_art_08",
        "tm": [
          [
            -0.748883,
            -0.08743,
            -0.656909
          ],
          [
            -0.0249221,
            0.994273,
            -0.103919
          ],
          [
            0.662234,
            -0.0614516,
            -0.746772
          ],
          [
            4819.12,
            95.45,
            8695.05
          ]
        ],
        "unit_class": "ussr_quest_large_art_noground",
        "objLayer": 1,
        "closed_waypoints": false,
        "isShipSpline": false,
        "shipTurnRadius": 100.0,
        "weapons": "",
        "bullets0": "",
        "bullets1": "",
        "bullets2": "",
        "bullets3": "",
        "bulletsCount0": 0,
        "bulletsCount1": 0,
        "bulletsCount2": 0,
        "bulletsCount3": 0,
        "crewSkillK": 0.0,
        "applyAllMods": false,
        "props": {
          "army": 1,
          "count": 1,
          "formation_type": "rows",
          "formation_div": 3,
          "formation_step": [
            2.5,
            2.0
          ],
          "formation_noise": [
            0.1,
            0.1
          ]
        },
        "way": {}
      },
      {
        "name": "t1_bunker_05",
        "tm": [
          [
            -0.962865,
            0.00516301,
            -0.269936
          ],
          [
            0.00134941,
            0.999896,
            0.0143126
          ],
          [
            0.269981,
            0.0134169,
            -0.962772
          ],
          [
            5200.38,
            47.1422,
            5119.28
          ]
        ],
        "unit_class": "ussr_quest_large_art_noground",
        "objLayer": 1,
        "closed_waypoints": false,
        "isShipSpline": false,
        "shipTurnRadius": 100.0,
        "weapons": "",
        "bullets0": "",
        "bullets1": "",
        "bullets2": "",
        "bullets3": "",
        "bulletsCount0": 0,
        "bulletsCount1": 0,
        "bulletsCount2": 0,
        "bulletsCount3": 0,
        "crewSkillK": 0.0,
        "applyAllMods": false,
        "props": {
          "army": 1,
          "count": 1,
          "formation_type": "rows",
          "formation_div": 3,
          "formation_step": [
            2.5,
            2.0
          ],
          "formation_noise": [
            0.1,
            0.1
          ]
        },
        "way": {}
      },
      {
        "name": "t1_art_09",
        "tm": [
          [
            -0.962865,
            0.00516301,
            -0.269936
          ],
          [
            0.00134941,
            0.999896,
            0.0143126
          ],
          [
            0.269981,
            0.0134169,
            -0.962772
          ],
          [
            5224.35,
            44.782,
            5027.52
          ]
        ],
        "unit_class": "ussr_quest_large_art_noground",
        "objLayer": 1,
        "closed_waypoints": false,
        "isShipSpline": false,
        "shipTurnRadius": 100.0,
        "weapons": "",
        "bullets0": "",
        "bullets1": "",
        "bullets2": "",
        "bullets3": "",
        "bulletsCount0": 0,
        "bulletsCount1": 0,
        "bulletsCount2": 0,
        "bulletsCount3": 0,
        "crewSkillK": 0.0,
        "applyAllMods": false,
        "props": {
          "army": 1,
          "count": 1,
          "formation_type": "rows",
          "formation_div": 3,
          "formation_step": [
            2.5,
            2.0
          ],
          "formation_noise": [
            0.1,
            0.1
          ]
        },
        "way": {}
      },
      {
        "name": "t1_art_10",
        "tm": [
          [
            -0.962865,
            0.00516301,
            -0.269936
          ],
          [
            0.00134941,
            0.999896,
            0.0143126
          ],
          [
            0.269981,
            0.0134169,
            -0.962772
          ],
          [
            5172.59,
            39.1217,
            5188.04
          ]
        ],
        "unit_class": "ussr_quest_large_art_noground",
        "objLayer": 1,
        "closed_waypoints": false,
        "isShipSpline": false,
        "shipTurnRadius": 100.0,
        "weapons": "",
        "bullets0": "",
        "bullets1": "",
        "bullets2": "",
        "bullets3": "",
        "bulletsCount0": 0,
        "bulletsCount1": 0,
        "bulletsCount2": 0,
        "bulletsCount3": 0,
        "crewSkillK": 0.0,
        "applyAllMods": false,
        "props": {
          "army": 1,
          "count": 1,
          "formation_type": "rows",
          "formation_div": 3,
          "formation_step": [
            2.5,
            2.0
          ],
          "formation_noise": [
            0.1,
            0.1
          ]
        },
        "way": {}
      },
      {
        "name": "t1_bunker_06",
        "tm": [
          [
            -0.99279,
            0.037443,
            0.113859
          ],
          [
            0.0410528,
            0.998721,
            0.0295247
          ],
          [
            -0.112609,
            0.0339866,
            -0.993058
          ],
          [
            10375.2,
            125.12,
            -9061.9
          ]
        ],
        "unit_class": "ussr_quest_large_art_noground",
        "objLayer": 1,
        "closed_waypoints": false,
        "isShipSpline": false,
        "shipTurnRadius": 100.0,
        "weapons": "",
        "bullets0": "",
        "bullets1": "",
        "bullets2": "",
        "bullets3": "",
        "bulletsCount0": 0,
        "bulletsCount1": 0,
        "bulletsCount2": 0,
        "bulletsCount3": 0,
        "crewSkillK": 0.0,
        "applyAllMods": false,
        "props": {
          "army": 1,
          "count": 1,
          "formation_type": "rows",
          "formation_div": 3,
          "formation_step": [
            2.5,
            2.0
          ],
          "formation_noise": [
            0.1,
            0.1
          ]
        },
        "way": {}
      },
      {
        "name": "t1_art_11",
        "tm": [
          [
            -0.99279,
            0.037443,
            0.113859
          ],
          [
            0.0410528,
            0.998721,
            0.0295247
          ],
          [
            -0.112609,
            0.0339866,
            -0.993058
          ],
          [
            10362.8,
            124.77,
            -9155.99
          ]
        ],
        "unit_class": "ussr_quest_large_art_noground",
        "objLayer": 1,
        "closed_waypoints": false,
        "isShipSpline": false,
        "shipTurnRadius": 100.0,
        "weapons": "",
        "bullets0": "",
        "bullets1": "",
        "bullets2": "",
        "bullets3": "",
        "bulletsCount0": 0,
        "bulletsCount1": 0,
        "bulletsCount2": 0,
        "bulletsCount3": 0,
        "crewSkillK": 0.0,
        "applyAllMods": false,
        "props": {
          "army": 1,
          "count": 1,
          "formation_type": "rows",
          "formation_div": 3,
          "formation_step": [
            2.5,
            2.0
          ],
          "formation_noise": [
            0.1,
            0.1
          ]
        },
        "way": {}
      },
      {
        "name": "t1_art_12",
        "tm": [
          [
            -0.99279,
            0.037443,
            0.113859
          ],
          [
            0.0410528,
            0.998721,
            0.0295247
          ],
          [
            -0.112609,
            0.0339866,
            -0.993058
          ],
          [
            10375.2,
            115.84,
            -8987.85
          ]
        ],
        "unit_class": "ussr_quest_large_art_noground",
        "objLayer": 1,
        "closed_waypoints": false,
        "isShipSpline": false,
        "shipTurnRadius": 100.0,
        "weapons": "",
        "bullets0": "",
        "bullets1": "",
        "bullets2": "",
        "bullets3": "",
        "bulletsCount0": 0,
        "bulletsCount1": 0,
        "bulletsCount2": 0,
        "bulletsCount3": 0,
        "crewSkillK": 0.0,
        "applyAllMods": false,
        "props": {
          "army": 1,
          "count": 1,
          "formation_type": "rows",
          "formation_div": 3,
          "formation_step": [
            2.5,
            2.0
          ],
          "formation_noise": [
            0.1,
            0.1
          ]
        },
        "way": {}
      },
      {
        "name": "t1_bunker_07",
        "tm": [
          [
            -0.938764,
            0.00606539,
            -0.344508
          ],
          [
            0.00781631,
            0.999962,
            -0.00369442
          ],
          [
            0.344472,
            -0.00616065,
            -0.938775
          ],
          [
            4974.94,
            91.44,
            7498.45
          ]
        ],
        "unit_class": "ussr_quest_large_art_noground",
        "objLayer": 1,
        "closed_waypoints": false,
        "isShipSpline": false,
        "shipTurnRadius": 100.0,
        "weapons": "",
        "bullets0": "",
        "bullets1": "",
        "bullets2": "",
        "bullets3": "",
        "bulletsCount0": 0,
        "bulletsCount1": 0,
        "bulletsCount2": 0,
        "bulletsCount3": 0,
        "crewSkillK": 0.0,
        "applyAllMods": false,
        "props": {
          "army": 1,
          "count": 1,
          "formation_type": "rows",
          "formation_div": 3,
          "formation_step": [
            2.5,
            2.0
          ],
          "formation_noise": [
            0.1,
            0.1
          ]
        },
        "way": {}
      },
      {
        "name": "t1_art_13",
        "tm": [
          [
            -0.938764,
            0.00606539,
            -0.344508
          ],
          [
            0.00781631,
            0.999962,
            -0.00369442
          ],
          [
            0.344472,
            -0.00616065,
            -0.938775
          ],
          [
            5006.17,
            87.23,
            7408.92
          ]
        ],
        "unit_class": "ussr_quest_large_art_noground",
        "objLayer": 1,
        "closed_waypoints": false,
        "isShipSpline": false,
        "shipTurnRadius": 100.0,
        "weapons": "",
        "bullets0": "",
        "bullets1": "",
        "bullets2": "",
        "bullets3": "",
        "bulletsCount0": 0,
        "bulletsCount1": 0,
        "bulletsCount2": 0,
        "bulletsCount3": 0,
        "crewSkillK": 0.0,
        "applyAllMods": false,
        "props": {
          "army": 1,
          "count": 1,
          "formation_type": "rows",
          "formation_div": 3,
          "formation_step": [
            2.5,
            2.0
          ],
          "formation_noise": [
            0.1,
            0.1
          ]
        },
        "way": {}
      },
      {
        "name": "t1_art_14",
        "tm": [
          [
            -0.938764,
            0.00606539,
            -0.344508
          ],
          [
            0.00781631,
            0.999962,
            -0.00369442
          ],
          [
            0.344472,
            -0.00616065,
            -0.938775
          ],
          [
            4941.8,
            84.86,
            7564.96
          ]
        ],
        "unit_class": "ussr_quest_large_art_noground",
        "objLayer": 1,
        "closed_waypoints": false,
        "isShipSpline": false,
        "shipTurnRadius": 100.0,
        "weapons": "",
        "bullets0": "",
        "bullets1": "",
        "bullets2": "",
        "bullets3": "",
        "bulletsCount0": 0,
        "bulletsCount1": 0,
        "bulletsCount2": 0,
        "bulletsCount3": 0,
        "crewSkillK": 0.0,
        "applyAllMods": false,
        "props": {
          "army": 1,
          "count": 1,
          "formation_type": "rows",
          "formation_div": 3,
          "formation_step": [
            2.5,
            2.0
          ],
          "formation_noise": [
            0.1,
            0.1
          ]
        },
        "way": {}
      },
      {
        "name": "t1_bunker_08",
        "tm": [
          [
            -0.98601,
            0.0677836,
            -0.152278
          ],
          [
            0.0707397,
            0.997395,
            -0.0140701
          ],
          [
            0.150929,
            -0.0246456,
            -0.988237
          ],
          [
            11637.4,
            173.859,
            -13626.5
          ]
        ],
        "unit_class": "ussr_quest_large_art_noground",
        "objLayer": 1,
        "closed_waypoints": false,
        "isShipSpline": false,
        "shipTurnRadius": 100.0,
        "weapons": "",
        "bullets0": "",
        "bullets1": "",
        "bullets2": "",
        "bullets3": "",
        "bulletsCount0": 0,
        "bulletsCount1": 0,
        "bulletsCount2": 0,
        "bulletsCount3": 0,
        "crewSkillK": 0.0,
        "applyAllMods": false,
        "props": {
          "army": 1,
          "count": 1,
          "formation_type": "rows",
          "formation_div": 3,
          "formation_step": [
            2.5,
            2.0
          ],
          "formation_noise": [
            0.1,
            0.1
          ]
        },
        "way": {}
      },
      {
        "name": "t1_art_15",
        "tm": [
          [
            -0.98601,
            0.0677836,
            -0.152278
          ],
          [
            0.0707397,
            0.997395,
            -0.0140701
          ],
          [
            0.150929,
            -0.0246456,
            -0.988237
          ],
          [
            11649.8,
            168.019,
            -13720.1
          ]
        ],
        "unit_class": "ussr_quest_large_art_noground",
        "objLayer": 1,
        "closed_waypoints": false,
        "isShipSpline": false,
        "shipTurnRadius": 100.0,
        "weapons": "",
        "bullets0": "",
        "bullets1": "",
        "bullets2": "",
        "bullets3": "",
        "bulletsCount0": 0,
        "bulletsCount1": 0,
        "bulletsCount2": 0,
        "bulletsCount3": 0,
        "crewSkillK": 0.0,
        "applyAllMods": false,
        "props": {
          "army": 1,
          "count": 1,
          "formation_type": "rows",
          "formation_div": 3,
          "formation_step": [
            2.5,
            2.0
          ],
          "formation_noise": [
            0.1,
            0.1
          ]
        },
        "way": {}
      },
      {
        "name": "t1_art_16",
        "tm": [
          [
            -0.98601,
            0.0677836,
            -0.152278
          ],
          [
            0.0707397,
            0.997395,
            -0.0140701
          ],
          [
            0.150929,
            -0.0246456,
            -0.988237
          ],
          [
            11617.8,
            169.179,
            -13554.4
          ]
        ],
        "unit_class": "ussr_quest_large_art_noground",
        "objLayer": 1,
        "closed_waypoints": false,
        "isShipSpline": false,
        "shipTurnRadius": 100.0,
        "weapons": "",
        "bullets0": "",
        "bullets1": "",
        "bullets2": "",
