{
  "selected_tag": "",
  "bin_dump_file": "",
  "mission_settings": {
    "player": {
      "army": 1
    },
    "player_teamB": {
      "army": 2
    },
    "mission": {
      "type": "domination",
      "level": "levels/air_israel.bin",
      "environment": "Day",
      "weather": "hazy"
    }
  },
  "imports": {},
  "triggers": {
    "isCategory": true,
    "is_enabled": true,
    "static_units_high_init": {
      "is_enabled": true,
      "comments": "",
      "props": {
        "actionsType": "PERFORM_ONE_BY_ONE",
        "conditionsType": "ALL",
        "enableAfterComplete": false
      },
      "events": {
        "initMission": {}
      },
      "conditions": {},
      "actions": {
        "comment": [
          {
            "value": "static units"
          },
          {
            "value": "static aaa"
          },
          {
            "value": ""
          }
        ],
        "unitSetProperties": [
          {
            "object": [
              "t1_artillery_high_squad",
              "t1_bunkers_high_squad",
              "t2_artillery_high_squad",
              "t2_bunkers_high_squad"
            ],
            "accuracy": 0.1,
            "checkVisibilityTarget": false
          },
          {
            "object": [
              "t1_aaa_static_squad",
              "t2_aaa_static_squad"
            ],
            "targetGnd": false,
            "accuracy": 0.1,
            "airAccuracy": 0.1,
            "fireRandom": true,
            "targetChangeInterval": 5.0,
            "targetChangeProb": 0.25,
            "DelayAfterShoot": 3.0
          }
        ]
      },
      "else_actions": {}
    }
  },
  "mission_objectives": {
    "isCategory": true,
    "is_enabled": true
  },
  "variables": {},
  "dialogs": {},
  "airfields": {},
  "effects": {},
  "units": {
    "objectGroups": [
      {
        "name": "t1_trench_high_01",
        "tm": [
          [
            0.692047,
            0.0303073,
            -0.721215
          ],
          [
            0.0060329,
            0.998841,
            0.0477627
          ],
          [
            0.721826,
            -0.037405,
            0.691062
          ],
          [
            -18463.9,
            3.65,
            11981.2
          ]
        ],
        "unit_class": "dynTrench_small_bunker_axis",
        "objLayer": 2,
        "props": {
          "army": 1,
          "active": true
        }
      },
      {
        "name": "t1_trench_high_02",
        "tm": [
          [
            0.794278,
            -0.0381917,
            -0.606354
          ],
          [
            0.0273799,
            0.999258,
            -0.0270735
          ],
          [
            0.606937,
            0.00490196,
            0.794733
          ],
          [
            -19042.7,
            41.45,
            12748.7
          ]
        ],
        "unit_class": "dynTrench_small_bunker_axis",
        "objLayer": 2,
        "props": {
          "army": 1,
          "active": true
        }
      },
      {
        "name": "t1_trench_high_03",
        "tm": [
          [
            0.788999,
            0.0,
            -0.614394
          ],
          [
            0.0,
            1.0,
            0.0
          ],
          [
            0.614394,
            0.0,
            0.788999
          ],
          [
            -16087.3,
            0.93985,
            10401.1
          ]
        ],
        "unit_class": "dynTrench_small_bunker_axis",
        "objLayer": 2,
        "props": {
          "army": 1,
          "active": true
        }
      },
      {
        "name": "t1_trench_high_04",
        "tm": [
          [
            0.97842,
            -0.0299535,
            -0.204444
          ],
          [
            0.0243419,
            0.999256,
            -0.0299093
          ],
          [
            0.205187,
            0.0242873,
            0.978422
          ],
          [
            -10522.2,
            1.2587,
            9421.07
          ]
        ],
        "unit_class": "dynTrench_small_bunker_axis",
        "objLayer": 2,
        "props": {
          "army": 1,
          "active": true
        }
      },
      {
        "name": "t1_trench_high_05",
        "tm": [
          [
            0.999205,
            0.0143418,
            0.0372064
          ],
          [
            -0.0153131,
            0.999546,
            0.0259432
          ],
          [
            -0.0368177,
            -0.0264924,
            0.998971
          ],
          [
            -12033.8,
            -0.1,
            9454.85
          ]
        ],
        "unit_class": "dynTrench_small_bunker_axis",
        "objLayer": 2,
        "props": {
          "army": 1,
          "active": true
        }
      },
      {
        "name": "t1_trench_high_06",
        "tm": [
          [
            0.976731,
            0.0318848,
            0.212083
          ],
          [
            -0.0329029,
            0.999458,
            0.0012718
          ],
          [
            -0.211927,
            -0.00822039,
            0.977252
          ],
          [
            -14117.4,
            -2.2,
            9594.65
          ]
        ],
        "unit_class": "dynTrench_small_bunker_axis",
        "objLayer": 2,
        "props": {
          "army": 1,
          "active": true
        }
      },
      {
        "name": "t1_trench_high_07",
        "tm": [
          [
            0.993419,
            0.0126516,
            0.113838
          ],
          [
            -0.0176224,
            0.99893,
            0.0427602
          ],
          [
            -0.113175,
            -0.0444851,
            0.992579
          ],
          [
            -13183.4,
            -1.5,
            9495.25
          ]
        ],
        "unit_class": "dynTrench_small_bunker_axis",
        "objLayer": 2,
        "props": {
          "army": 1,
          "active": true
        }
      },
      {
        "name": "t1_trench_high_08",
        "tm": [
          [
            0.795242,
            -0.00468454,
            -0.606275
          ],
          [
            0.0126666,
            0.99988,
            0.00888867
          ],
          [
            0.606161,
            -0.0147488,
            0.795205
          ],
          [
            -17390.9,
            -0.3,
            11108.0
          ]
        ],
        "unit_class": "dynTrench_small_bunker_axis",
        "objLayer": 2,
        "props": {
          "army": 1,
          "active": true
        }
      },
      {
        "name": "t2_trench_high_01",
        "tm": [
          [
            -0.95486,
            0.0301024,
            0.295527
          ],
          [
            0.0207312,
            0.999179,
            -0.034793
          ],
          [
            -0.296332,
            -0.0270958,
            -0.954701
          ],
          [
            -13180.6,
            2.16782,
            17967.0
          ]
        ],
        "unit_class": "dynTrench_small_bunker_axis",
        "objLayer": 2,
        "props": {
          "army": 2,
          "active": true
        }
      },
      {
        "name": "t2_trench_high_02",
        "tm": [
          [
            -0.955154,
            -0.00719415,
            0.296021
          ],
          [
            -0.00495438,
            0.999953,
            0.00831489
          ],
          [
            -0.296067,
            0.00647566,
            -0.955145
          ],
          [
            -14673.6,
            12.7827,
            18425.5
          ]
        ],
        "unit_class": "dynTrench_small_bunker_axis",
        "objLayer": 2,
        "props": {
          "army": 2,
          "active": true
        }
      },
      {
        "name": "t2_trench_high_03",
        "tm": [
          [
            -0.95452,
            0.0499522,
            0.293933
          ],
          [
            0.0627005,
            0.997449,
            0.034103
          ],
          [
            -0.29148,
            0.0509817,
            -0.955218
          ],
          [
            -15963.8,
            77.25,
            18507.3
          ]
        ],
        "unit_class": "dynTrench_small_bunker_axis",
        "objLayer": 2,
        "props": {
          "army": 2,
          "active": true
        }
      },
      {
        "name": "t2_trench_high_04",
        "tm": [
          [
            -0.979402,
            0.143698,
            -0.141859
          ],
          [
            0.175596,
            0.952972,
            -0.246998
          ],
          [
            0.0996958,
            -0.266819,
            -0.958576
          ],
          [
            -17614.0,
            237.55,
            18498.3
          ]
        ],
        "unit_class": "dynTrench_small_bunker_axis",
        "objLayer": 2,
        "props": {
          "army": 2,
          "active": true
        }
      },
      {
        "name": "t2_trench_high_05",
        "tm": [
          [
            -0.785571,
            -0.0233068,
            0.618331
          ],
          [
            0.00706073,
            0.998888,
            0.0466217
          ],
          [
            -0.618731,
            0.0409906,
            -0.784533
          ],
          [
            -8161.04,
            4.69321,
            15005.2
          ]
        ],
        "unit_class": "dynTrench_small_bunker_axis",
        "objLayer": 2,
        "props": {
          "army": 2,
          "active": true
        }
      },
      {
        "name": "t2_trench_high_06",
        "tm": [
          [
            -0.743444,
            0.016653,
            0.668592
          ],
          [
            0.0337578,
            0.999349,
            0.0126459
          ],
          [
            -0.667947,
            0.0319716,
            -0.743523
          ],
          [
            -9055.4,
            1.5,
            15909.9
          ]
        ],
        "unit_class": "dynTrench_small_bunker_axis",
        "objLayer": 2,
        "props": {
          "army": 2,
          "active": true
        }
      },
      {
        "name": "t2_trench_high_07",
        "tm": [
          [
            -0.95456,
            0.0272857,
            0.296765
          ],
          [
            0.0226832,
            0.999563,
            -0.0189415
          ],
          [
            -0.297152,
            -0.0113492,
            -0.954763
          ],
          [
            -10073.8,
            1.95853,
            16729.1
          ]
        ],
        "unit_class": "dynTrench_small_bunker_axis",
        "objLayer": 2,
        "props": {
          "army": 2,
          "active": true
        }
      },
      {
        "name": "t2_trench_high_08",
        "tm": [
          [
            -0.955123,
            0.0120688,
            0.295963
          ],
          [
            0.0170469,
            0.999753,
            0.0142456
          ],
          [
            -0.295718,
            0.0186515,
            -0.955093
          ],
          [
            -11500.5,
            0.7,
            17338.6
          ]
        ],
        "unit_class": "dynTrench_small_bunker_axis",
        "objLayer": 2,
        "props": {
          "army": 2,
          "active": true
        }
      }
    ],
    "structures": [
      {
        "name": "t1_bunker_01",
        "tm": [
          [
            0.612189,
            -0.0414558,
            0.789623
          ],
          [
            0.0060329,
            0.998841,
            0.0477627
          ],
          [
            -0.790688,
            -0.0244762,
            0.61173
          ],
          [
            -18449.9,
            3.21287,
            11978.9
          ]
        ],
        "unit_class": "us_152mm_for_land_battles",
        "objLayer": 1,
        "closed_waypoints": false,
        "isShipSpline": false,
        "shipTurnRadius": 100.0,
        "weapons": "",
        "bullets0": "",
        "bullets1": "",
        "bullets2": "",
        "bullets3": "",
        "bulletsCount0": 0,
        "bulletsCount1": 0,
        "bulletsCount2": 0,
        "bulletsCount3": 0,
        "crewSkillK": 0.0,
        "applyAllMods": false,
        "props": {
          "army": 1,
          "count": 1,
          "formation_type": "rows",
          "formation_div": 3,
          "formation_step": [
            2.5,
            2.0
          ],
          "formation_noise": [
            0.1,
            0.1
          ]
        },
        "way": {}
      },
      {
        "name": "t1_bunker_02",
        "tm": [
          [
            0.483514,
            0.0104658,
            0.875273
          ],
          [
            0.0273799,
            0.999258,
            -0.0270735
          ],
          [
            -0.874909,
            0.0370553,
            0.48287
          ],
          [
            -19028.0,
            40.5312,
            12750.8
          ]
        ],
        "unit_class": "us_152mm_for_land_battles",
        "objLayer": 1,
        "closed_waypoints": false,
        "isShipSpline": false,
        "shipTurnRadius": 100.0,
        "weapons": "",
        "bullets0": "",
        "bullets1": "",
        "bullets2": "",
        "bullets3": "",
        "bulletsCount0": 0,
        "bulletsCount1": 0,
        "bulletsCount2": 0,
        "bulletsCount3": 0,
        "crewSkillK": 0.0,
        "applyAllMods": false,
        "props": {
          "army": 1,
          "count": 1,
          "formation_type": "rows",
          "formation_div": 3,
          "formation_step": [
            2.5,
            2.0
          ],
          "formation_noise": [
            0.1,
            0.1
          ]
        },
        "way": {}
      },
      {
        "name": "t1_bunker_03",
        "tm": [
          [
            0.491666,
            0.0,
            0.870784
          ],
          [
            0.0,
            1.0,
            0.0
          ],
          [
            -0.870784,
            0.0,
            0.491666
          ],
          [
            -16072.8,
            0.939362,
            10402.0
          ]
        ],
        "unit_class": "us_152mm_for_land_battles",
        "objLayer": 1,
        "closed_waypoints": false,
        "isShipSpline": false,
        "shipTurnRadius": 100.0,
        "weapons": "",
        "bullets0": "",
        "bullets1": "",
        "bullets2": "",
        "bullets3": "",
        "bulletsCount0": 0,
        "bulletsCount1": 0,
        "bulletsCount2": 0,
        "bulletsCount3": 0,
        "crewSkillK": 0.0,
        "applyAllMods": false,
        "props": {
          "army": 1,
          "count": 1,
          "formation_type": "rows",
          "formation_div": 3,
          "formation_step": [
            2.5,
            2.0
          ],
          "formation_noise": [
            0.1,
            0.1
          ]
        },
        "way": {}
      },
      {
        "name": "t1_bunker_04",
        "tm": [
          [
            0.0590498,
            0.0284287,
            0.99785
          ],
          [
            0.0243419,
            0.999256,
            -0.0299093
          ],
          [
            -0.997958,
            0.0260558,
            0.0583135
          ],
          [
            -10509.2,
            1.25583,
            9427.79
          ]
        ],
        "unit_class": "us_152mm_for_land_battles",
        "objLayer": 1,
        "closed_waypoints": false,
        "isShipSpline": false,
        "shipTurnRadius": 100.0,
        "weapons": "",
        "bullets0": "",
        "bullets1": "",
        "bullets2": "",
        "bullets3": "",
        "bulletsCount0": 0,
        "bulletsCount1": 0,
        "bulletsCount2": 0,
        "bulletsCount3": 0,
        "crewSkillK": 0.0,
        "applyAllMods": false,
        "props": {
          "army": 1,
          "count": 1,
          "formation_type": "rows",
          "formation_div": 3,
          "formation_step": [
            2.5,
            2.0
          ],
          "formation_noise": [
            0.1,
            0.1
          ]
        },
        "way": {}
      },
      {
        "name": "t1_bunker_05",
        "tm": [
          [
            -0.183381,
            -0.0283139,
            0.982634
          ],
          [
            -0.0153131,
            0.999546,
            0.0259432
          ],
          [
            -0.982924,
            -0.0102897,
            -0.18373
          ],
          [
            -12022.9,
            1.81945,
            9466.43
          ]
        ],
        "unit_class": "us_152mm_for_land_battles",
        "objLayer": 1,
        "closed_waypoints": false,
        "isShipSpline": false,
        "shipTurnRadius": 100.0,
        "weapons": "",
        "bullets0": "",
        "bullets1": "",
        "bullets2": "",
        "bullets3": "",
        "bulletsCount0": 0,
        "bulletsCount1": 0,
        "bulletsCount2": 0,
        "bulletsCount3": 0,
        "crewSkillK": 0.0,
        "applyAllMods": false,
        "props": {
          "army": 1,
          "count": 1,
          "formation_type": "rows",
          "formation_div": 3,
          "formation_step": [
            2.5,
            2.0
          ],
          "formation_noise": [
            0.1,
            0.1
          ]
        },
        "way": {}
      },
      {
        "name": "t1_bunker_06",
        "tm": [
          [
            -0.35328,
            -0.0128206,
            0.93543
          ],
          [
            -0.0329029,
            0.999458,
            0.0012718
          ],
          [
            -0.934939,
            -0.030329,
            -0.353511
          ],
          [
            -14108.6,
            -2.70964,
            9605.26
          ]
        ],
        "unit_class": "us_152mm_for_land_battles",
        "objLayer": 1,
        "closed_waypoints": false,
        "isShipSpline": false,
        "shipTurnRadius": 100.0,
        "weapons": "",
        "bullets0": "",
        "bullets1": "",
        "bullets2": "",
        "bullets3": "",
        "bulletsCount0": 0,
        "bulletsCount1": 0,
        "bulletsCount2": 0,
        "bulletsCount3": 0,
        "crewSkillK": 0.0,
        "applyAllMods": false,
        "props": {
          "army": 1,
          "count": 1,
          "formation_type": "rows",
          "formation_div": 3,
          "formation_step": [
            2.5,
            2.0
          ],
          "formation_noise": [
            0.1,
            0.1
          ]
        },
        "way": {}
      },
      {
        "name": "t1_bunker_07",
        "tm": [
          [
            -0.258057,
            -0.0458621,
            0.96504
          ],
          [
            -0.0176224,
            0.99893,
            0.0427602
          ],
          [
            -0.96597,
            -0.00597127,
            -0.258588
          ],
          [
            -13174.5,
            -1.91312,
            9506.49
          ]
        ],
        "unit_class": "us_152mm_for_land_battles",
        "objLayer": 1,
        "closed_waypoints": false,
        "isShipSpline": false,
        "shipTurnRadius": 100.0,
        "weapons": "",
        "bullets0": "",
        "bullets1": "",
        "bullets2": "",
        "bullets3": "",
        "bulletsCount0": 0,
        "bulletsCount1": 0,
        "bulletsCount2": 0,
        "bulletsCount3": 0,
        "crewSkillK": 0.0,
        "applyAllMods": false,
        "props": {
          "army": 1,
          "count": 1,
          "formation_type": "rows",
          "formation_div": 3,
          "formation_step": [
            2.5,
            2.0
          ],
          "formation_noise": [
            0.1,
            0.1
          ]
        },
        "way": {}
      },
      {
        "name": "t1_bunker_08",
        "tm": [
          [
            0.482604,
            -0.0138992,
            0.875728
          ],
          [
            0.0126666,
            0.99988,
            0.00888867
          ],
          [
            -0.875747,
            0.00680288,
            0.482723
          ],
          [
            -17375.8,
            0.801158,
            11111.3
          ]
        ],
        "unit_class": "us_152mm_for_land_battles",
        "objLayer": 1,
        "closed_waypoints": false,
        "isShipSpline": false,
        "shipTurnRadius": 100.0,
        "weapons": "",
        "bullets0": "",
        "bullets1": "",
        "bullets2": "",
        "bullets3": "",
        "bulletsCount0": 0,
        "bulletsCount1": 0,
        "bulletsCount2": 0,
        "bulletsCount3": 0,
        "crewSkillK": 0.0,
        "applyAllMods": false,
        "props": {
          "army": 1,
          "count": 1,
          "formation_type": "rows",
          "formation_div": 3,
          "formation_step": [
            2.5,
            2.0
          ],
          "formation_noise": [
            0.1,
            0.1
          ]
        },
        "way": {}
      },
      {
        "name": "t2_bunker_high_01",
        "tm": [
          [
            -0.152669,
            -0.0312285,
            -0.987783
          ],
          [
            0.0207312,
            0.999179,
            -0.034793
          ],
          [
            0.98806,
            -0.0257897,
            -0.151896
          ],
          [
            -13193.6,
            2.23203,
            17960.7
          ]
        ],
        "unit_class": "us_152mm_for_land_battles",
        "objLayer": 1,
        "closed_waypoints": false,
        "isShipSpline": false,
        "shipTurnRadius": 100.0,
        "weapons": "",
        "bullets0": "",
        "bullets1": "",
        "bullets2": "",
        "bullets3": "",
        "bulletsCount0": 0,
        "bulletsCount1": 0,
        "bulletsCount2": 0,
        "bulletsCount3": 0,
        "crewSkillK": 0.0,
        "applyAllMods": false,
        "props": {
          "army": 2,
          "count": 1,
          "formation_type": "rows",
          "formation_div": 3,
          "formation_step": [
            2.5,
            2.0
          ],
          "formation_noise": [
            0.1,
            0.1
          ]
        },
        "way": {}
      },
      {
        "name": "t2_bunker_high_02",
        "tm": [
          [
            -0.152363,
            0.00746336,
            -0.988296
          ],
          [
            -0.00495438,
            0.999953,
            0.00831489
          ],
          [
            0.988312,
            0.00616355,
            -0.15232
          ],
          [
            -14687.1,
            13.1175,
            18419.7
          ]
        ],
        "unit_class": "us_152mm_for_land_battles",
        "objLayer": 1,
        "closed_waypoints": false,
        "isShipSpline": false,
        "shipTurnRadius": 100.0,
        "weapons": "",
        "bullets0": "",
        "bullets1": "",
        "bullets2": "",
        "bullets3": "",
        "bulletsCount0": 0,
        "bulletsCount1": 0,
        "bulletsCount2": 0,
        "bulletsCount3": 0,
        "crewSkillK": 0.0,
        "applyAllMods": false,
        "props": {
          "army": 2,
          "count": 1,
          "formation_type": "rows",
          "formation_div": 3,
          "formation_step": [
            2.5,
            2.0
          ],
          "formation_noise": [
            0.1,
            0.1
          ]
        },
        "way": {}
      },
      {
        "name": "t2_bunker_high_03",
        "tm": [
          [
            -0.147919,
            0.0430803,
            -0.98806
          ],
          [
            0.0627005,
            0.997449,
            0.034103
          ],
          [
            0.98701,
            -0.0569073,
            -0.150243
          ],
          [
            -15977.4,
            79.8525,
            18501.9
          ]
        ],
        "unit_class": "us_152mm_for_land_battles",
        "objLayer": 1,
        "closed_waypoints": false,
        "isShipSpline": false,
        "shipTurnRadius": 100.0,
        "weapons": "",
        "bullets0": "",
        "bullets1": "",
        "bullets2": "",
        "bullets3": "",
        "bulletsCount0": 0,
        "bulletsCount1": 0,
        "bulletsCount2": 0,
        "bulletsCount3": 0,
        "crewSkillK": 0.0,
        "applyAllMods": false,
        "props": {
          "army": 2,
          "count": 1,
          "formation_type": "rows",
          "formation_div": 3,
          "formation_step": [
            2.5,
            2.0
          ],
          "formation_noise": [
            0.1,
            0.1
          ]
        },
        "way": {}
      },
      {
        "name": "t2_bunker_high_04",
        "tm": [
          [
            0.242662,
            -0.285052,
            -0.927286
          ],
          [
            0.175596,
            0.952972,
            -0.246998
          ],
          [
            0.954087,
            -0.102891,
            0.281304
          ],
          [
            -17622.0,
            235.747,
            18485.8
          ]
        ],
        "unit_class": "us_152mm_for_land_battles",
        "objLayer": 1,
        "closed_waypoints": false,
        "isShipSpline": false,
        "shipTurnRadius": 100.0,
        "weapons": "",
        "bullets0": "",
        "bullets1": "",
        "bullets2": "",
        "bullets3": "",
        "bulletsCount0": 0,
        "bulletsCount1": 0,
        "bulletsCount2": 0,
        "bulletsCount3": 0,
        "crewSkillK": 0.0,
        "applyAllMods": false,
        "props": {
          "army": 2,
          "count": 1,
          "formation_type": "rows",
          "formation_div": 3,
          "formation_step": [
            2.5,
            2.0
          ],
          "formation_noise": [
            0.1,
            0.1
          ]
        },
        "way": {}
      },
      {
        "name": "t2_bunker_high_05",
        "tm": [
          [
            -0.496461,
            0.0439728,
            -0.866944
          ],
          [
            0.00706073,
            0.998888,
            0.0466217
          ],
          [
            0.86803,
            0.0170246,
            -0.496219
          ],
          [
            -8175.43,
            4.6684,
            15005.1
          ]
        ],
        "unit_class": "us_152mm_for_land_battles",
        "objLayer": 1,
        "closed_waypoints": false,
        "isShipSpline": false,
        "shipTurnRadius": 100.0,
        "weapons": "",
        "bullets0": "",
        "bullets1": "",
        "bullets2": "",
        "bullets3": "",
        "bulletsCount0": 0,
        "bulletsCount1": 0,
        "bulletsCount2": 0,
        "bulletsCount3": 0,
        "crewSkillK": 0.0,
        "applyAllMods": false,
        "props": {
          "army": 2,
          "count": 1,
          "formation_type": "rows",
          "formation_div": 3,
          "formation_step": [
            2.5,
            2.0
          ],
          "formation_noise": [
            0.1,
            0.1
          ]
        },
        "way": {}
      },
      {
        "name": "t2_bunker_high_06",
        "tm": [
          [
            -0.551337,
            0.0291748,
            -0.833772
          ],
          [
            0.0337578,
            0.999349,
            0.0126459
          ],
          [
            0.833599,
            -0.0211742,
            -0.551965
          ],
          [
            -9070.19,
            2.56394,
            15911.2
          ]
        ],
        "unit_class": "us_152mm_for_land_battles",
        "objLayer": 1,
        "closed_waypoints": false,
        "isShipSpline": false,
        "shipTurnRadius": 100.0,
        "weapons": "",
        "bullets0": "",
        "bullets1": "",
        "bullets2": "",
        "bullets3": "",
        "bulletsCount0": 0,
        "bulletsCount1": 0,
        "bulletsCount2": 0,
        "bulletsCount3": 0,
        "crewSkillK": 0.0,
        "applyAllMods": false,
        "props": {
          "army": 2,
          "count": 1,
          "formation_type": "rows",
          "formation_div": 3,
          "formation_step": [
            2.5,
            2.0
          ],
          "formation_noise": [
            0.1,
            0.1
          ]
        },
        "way": {}
      },
      {
        "name": "t2_bunker_high_07",
        "tm": [
          [
            -0.153524,
            -0.0152389,
            -0.988027
          ],
          [
            0.0226832,
            0.999563,
            -0.0189415
          ],
          [
            0.987885,
            -0.0253196,
            -0.153111
          ],
          [
            -10086.8,
            2.29383,
            16722.4
          ]
        ],
        "unit_class": "us_152mm_for_land_battles",
        "objLayer": 1,
        "closed_waypoints": false,
        "isShipSpline": false,
        "shipTurnRadius": 100.0,
        "weapons": "",
        "bullets0": "",
        "bullets1": "",
        "bullets2": "",
        "bullets3": "",
        "bulletsCount0": 0,
        "bulletsCount1": 0,
        "bulletsCount2": 0,
        "bulletsCount3": 0,
        "crewSkillK": 0.0,
        "applyAllMods": false,
        "props": {
          "army": 2,
          "count": 1,
          "formation_type": "rows",
          "formation_div": 3,
          "formation_step": [
            2.5,
            2.0
          ],
          "formation_noise": [
            0.1,
            0.1
          ]
        },
        "way": {}
      },
      {
        "name": "t2_bunker_high_08",
        "tm": [
          [
            -0.152023,
            0.0166737,
            -0.988236
          ],
          [
            0.0170469,
            0.999753,
            0.0142456
          ],
          [
            0.98823,
            -0.0146808,
            -0.15227
          ],
          [
            -11513.9,
            1.04907,
            17332.8
          ]
        ],
        "unit_class": "us_152mm_for_land_battles",
        "objLayer": 1,
        "closed_waypoints": false,
        "isShipSpline": false,
        "shipTurnRadius": 100.0,
        "weapons": "",
        "bullets0": "",
        "bullets1": "",
        "bullets2": "",
        "bullets3": "",
        "bulletsCount0": 0,
        "bulletsCount1": 0,
        "bulletsCount2": 0,
        "bulletsCount3": 0,
        "crewSkillK": 0.0,
        "applyAllMods": false,
        "props": {
          "army": 2,
          "count": 1,
          "formation_type": "rows",
          "formation_div": 3,
          "formation_step": [
            2.5,
            2.0
          ],
          "formation_noise": [
            0.1,
            0.1
          ]
        },
        "way": {}
      }
    ],
    "tankModels": [
      {
        "name": "t1_art_high_01",
        "tm": [
          [
            0.612189,
            -0.0414558,
            0.789623
          ],
          [
            0.0060329,
            0.998841,
            0.0477627
          ],
          [
            -0.790688,
            -0.0244762,
            0.61173
          ],
          [
            -18523.8,
            0.502898,
            12038.4
          ]
        ],
        "unit_class": "ussr_at_spg_9",
        "objLayer": 1,
        "closed_waypoints": false,
        "isShipSpline": false,
        "shipTurnRadius": 100.0,
        "weapons": "",
        "bullets0": "",
        "bullets1": "",
        "bullets2": "",
        "bullets3": "",
        "bulletsCount0": 0,
        "bulletsCount1": 0,
        "bulletsCount2": 0,
        "bulletsCount3": 0,
        "crewSkillK": 0.0,
        "applyAllMods": false,
        "props": {
          "army": 1,
          "count": 1,
          "formation_type": "rows",
          "formation_div": 3,
          "formation_step": [
            2.5,
            2.0
          ],
          "formation_noise": [
            0.1,
            0.1
          ]
        },
        "way": {}
      },
      {
        "name": "t1_art_high_02",
        "tm": [
          [
            0.612189,
            -0.0414558,
            0.789623
          ],
          [
            0.0060329,
            0.998841,
            0.0477627
          ],
          [
            -0.790688,
            -0.0244762,
            0.61173
          ],
          [
            -18386.3,
            4.16456,
            11940.7
          ]
        ],
        "unit_class": "ussr_at_spg_9",
        "objLayer": 1,
        "closed_waypoints": false,
        "isShipSpline": false,
        "shipTurnRadius": 100.0,
        "weapons": "",
        "bullets0": "",
        "bullets1": "",
        "bullets2": "",
        "bullets3": "",
        "bulletsCount0": 0,
        "bulletsCount1": 0,
        "bulletsCount2": 0,
        "bulletsCount3": 0,
        "crewSkillK": 0.0,
        "applyAllMods": false,
        "props": {
          "army": 1,
          "count": 1,
          "formation_type": "rows",
          "formation_div": 3,
          "formation_step": [
            2.5,
            2.0
          ],
          "formation_noise": [
            0.1,
            0.1
          ]
        },
        "way": {}
      },
      {
        "name": "t1_aaa_high_01",
        "tm": [
          [
            0.612189,
            -0.0414558,
            0.789623
          ],
          [
            0.0060329,
            0.998841,
            0.0477627
          ],
          [
            -0.790688,
            -0.0244762,
            0.61173
          ],
          [
            -18491.3,
            9.27428,
            11940.8
          ]
        ],
        "unit_class": "ussr_zsu_37_2",
        "objLayer": 1,
        "closed_waypoints": false,
        "isShipSpline": false,
        "shipTurnRadius": 100.0,
        "weapons": "",
        "bullets0": "",
        "bullets1": "",
        "bullets2": "",
        "bullets3": "",
        "bulletsCount0": 0,
        "bulletsCount1": 0,
        "bulletsCount2": 0,
        "bulletsCount3": 0,
        "crewSkillK": 0.0,
        "applyAllMods": false,
        "props": {
          "army": 1,
          "count": 1,
          "formation_type": "rows",
          "formation_div": 3,
          "formation_step": [
            2.5,
            2.0
          ],
          "formation_noise": [
            0.1,
            0.1
          ]
        },
        "way": {}
      },
      {
        "name": "t1_art_high_03",
        "tm": [
          [
            0.483514,
            0.0104658,
            0.875273
          ],
          [
            0.0273799,
            0.999258,
            -0.0270735
          ],
          [
            -0.874909,
            0.0370553,
            0.48287
          ],
          [
            -19110.1,
            54.4468,
            12796.6
          ]
        ],
        "unit_class": "ussr_at_spg_9",
        "objLayer": 1,
        "closed_waypoints": false,
        "isShipSpline": false,
        "shipTurnRadius": 100.0,
        "weapons": "",
        "bullets0": "",
        "bullets1": "",
        "bullets2": "",
        "bullets3": "",
        "bulletsCount0": 0,
        "bulletsCount1": 0,
        "bulletsCount2": 0,
        "bulletsCount3": 0,
        "crewSkillK": 0.0,
        "applyAllMods": false,
        "props": {
          "army": 1,
          "count": 1,
          "formation_type": "rows",
          "formation_div": 3,
          "formation_step": [
            2.5,
            2.0
          ],
          "formation_noise": [
            0.1,
            0.1
          ]
        },
        "way": {}
      },
      {
        "name": "t1_art_high_04",
        "tm": [
          [
            0.483514,
            0.0104658,
            0.875273
          ],
          [
            0.0273799,
            0.999258,
            -0.0270735
          ],
          [
            -0.874909,
            0.0370553,
            0.48287
          ],
          [
            -18959.6,
            30.9647,
            12722.5
          ]
        ],
        "unit_class": "ussr_at_spg_9",
        "objLayer": 1,
        "closed_waypoints": false,
        "isShipSpline": false,
        "shipTurnRadius": 100.0,
        "weapons": "",
        "bullets0": "",
        "bullets1": "",
        "bullets2": "",
        "bullets3": "",
        "bulletsCount0": 0,
        "bulletsCount1": 0,
        "bulletsCount2": 0,
        "bulletsCount3": 0,
        "crewSkillK": 0.0,
        "applyAllMods": false,
        "props": {
          "army": 1,
          "count": 1,
          "formation_type": "rows",
          "formation_div": 3,
          "formation_step": [
            2.5,
            2.0
          ],
          "formation_noise": [
            0.1,
            0.1
          ]
        },
        "way": {}
      },
      {
        "name": "t1_aaa_high_02",
        "tm": [
          [
            0.483514,
            0.0104658,
            0.875273
          ],
          [
            0.0273799,
            0.999258,
            -0.0270735
          ],
          [
            -0.874909,
            0.0370553,
            0.48287
          ],
          [
            -19063.6,
            36.5961,
            12705.4
          ]
        ],
        "unit_class": "ussr_zsu_37_2",
        "objLayer": 1,
        "closed_waypoints": false,
        "isShipSpline": false,
        "shipTurnRadius": 100.0,
        "weapons": "",
        "bullets0": "",
        "bullets1": "",
        "bullets2": "",
        "bullets3": "",
        "bulletsCount0": 0,
        "bulletsCount1": 0,
        "bulletsCount2": 0,
        "bulletsCount3": 0,
        "crewSkillK": 0.0,
        "applyAllMods": false,
        "props": {
          "army": 1,
          "count": 1,
          "formation_type": "rows",
          "formation_div": 3,
          "formation_step": [
            2.5,
            2.0
          ],
          "formation_noise": [
            0.1,
            0.1
          ]
        },
        "way": {}
      },
      {
        "name": "t1_art_high_05",
        "tm": [
          [
            0.491666,
            0.0,
            0.870784
          ],
          [
            0.0,
            1.0,
            0.0
          ],
          [
            -0.870784,
            0.0,
            0.491666
          ],
          [
            -16154.4,
            0.951752,
            10449.9
          ]
        ],
        "unit_class": "ussr_at_spg_9",
        "objLayer": 1,
        "closed_waypoints": false,
        "isShipSpline": false,
        "shipTurnRadius": 100.0,
        "weapons": "",
        "bullets0": "",
        "bullets1": "",
        "bullets2": "",
        "bullets3": "",
        "bulletsCount0": 0,
        "bulletsCount1": 0,
        "bulletsCount2": 0,
        "bulletsCount3": 0,
        "crewSkillK": 0.0,
        "applyAllMods": false,
        "props": {
          "army": 1,
          "count": 1,
          "formation_type": "rows",
          "formation_div": 3,
          "formation_step": [
            2.5,
            2.0
          ],
          "formation_noise": [
            0.1,
            0.1
          ]
        },
        "way": {}
      },
      {
        "name": "t1_art_high_06",
        "tm": [
          [
            0.491666,
            0.0,
            0.870784
          ],
          [
            0.0,
            1.0,
            0.0
          ],
          [
            -0.870784,
            0.0,
            0.491666
          ],
          [
            -16004.4,
            1.76398,
            10372.7
          ]
        ],
        "unit_class": "ussr_at_spg_9",
        "objLayer": 1,
        "closed_waypoints": false,
        "isShipSpline": false,
        "shipTurnRadius": 100.0,
        "weapons": "",
        "bullets0": "",
        "bullets1": "",
        "bullets2": "",
        "bullets3": "",
        "bulletsCount0": 0,
        "bulletsCount1": 0,
        "bulletsCount2": 0,
        "bulletsCount3": 0,
        "crewSkillK": 0.0,
        "applyAllMods": false,
