{
  "selected_tag": "",
  "bin_dump_file": "",
  "mission_settings": {
    "player": {
      "army": 1,
      "wing": "armada_01"
    },
    "player_teamB": {
      "army": 2
    },
    "mission": {
      "locName": "missions/testFlight",
      "level": "levels/arcade_phiphi_crater.bin",
      "type": "testFlight",
      "restoreType": "manual",
      "optionalTakeOff": false,
      "environment": "Day",
      "weather": "good",
      "windDirection": [1.0,0.0,0.0]
    },
    "spectator_points": [],
    "briefing": {
      "place_loc": "",
      "date_loc": "",
      "objective_loc": "",
      "music": "action_01",
      "part": {
        "event": "",
        "minTime": 0,
        "slide": [
          {
            "map": true
          },
          {
            "minTime": 4
          },
          {
            "picture": ""
          },
          {
            "icon": {
              "icontype": "fighter",
              "side": "player",
              "target": "airfield00",
              "lookAt": "airfield01"
            }
          },
          {
            "icon": {
              "icontype": "airfield",
              "side": "ally",
              "target": "airfield01"
            }
          },
          {
            "icon": {
              "icontype": "destroyer",
              "side": "ally",
              "target": "ships_03"
            }
          },
          {
            "icon": {
              "icontype": "artillery",
              "side": "ally",
              "target": "air_defence_01"
            }
          }
        ]
      }
    }
  },
  "imports": [],
  "triggers": {
    "isCategory": true,
    "is_enabled": true,
    "init": {
      "is_enabled": true,
      "comments": "",
      "props": {
        "actionsType": "PERFORM_ONE_BY_ONE",
        "conditionsType": "ALL",
        "enableAfterComplete": false
      },
      "events": {
        "initMission": []
      },
      "conditions": [],
      "actions": {
        "addAirfield": {
          "runwayStart": "airfield00",
          "runwayEnd": "airfield01",
          "runwayWidth": 50.0,
          "army": 1,
          "spawnPoint": "spawnpoint"
        },
        "spawnOnAirfield": {
          "runwayName": "airfield00",
          "objects": "armada_01"
        },
        "unitSetIndication": {
          "set": true,
          "target": "structures_01"
        },
        "unitSetProperties": [
          {
            "object": "objectGroups_01"
          },
          {
            "object": "objectGroups_02"
          },
          {
            "object": "objectGroups_03"
          },
          {
            "object": "objectGroups_04"
          },
          {
            "object": "objectGroups_05"
          },
          {
            "object": "objectGroups_06"
          },
          {
            "stealthRadius": 0.0
          }
        ]
      },
      "else_actions": []
    },
    "end": {
      "is_enabled": true,
      "comments": "",
      "props": {
        "actionsType": "PERFORM_ONE_BY_ONE",
        "conditionsType": "ALL",
        "enableAfterComplete": true
      },
      "events": {
        "periodicEvent": {
          "time": 1.0
        }
      },
      "conditions": {
        "playersWhenStatus": {
          "players": "isKilled",
          "check_players": "any"
        }
      },
      "actions": {
        "wait": {
          "time": 3.0
        },
        "spawnOnAirfield": {
          "runwayName": "airfield00",
          "objects": "armada_01"
        }
      },
      "else_actions": []
    }
  },
  "mission_objectives": {
    "isCategory": true,
    "is_enabled": true
  },
  "variables": [],
  "dialogs": [],
  "airfields": [],
  "effects": [],
  "units": [
    {
      "armada": {
        "name": "armada_01",
        "tm": [
          [1.0,0.0,0.0],
          [0.0,1.0,0.0],
          [0.0,0.0,1.0],
          [4795.85,242.85,7489.8]
        ],
        "unit_class": "a6m2_n_zero",
        "closed_waypoints": false,
        "weapons": "",
        "bullets0": "",
        "bullets1": "",
        "bullets2": "",
        "bullets3": "",
        "bulletsCount0": 0,
        "bulletsCount1": 0,
        "bulletsCount2": 0,
        "bulletsCount3": 0,
        "props": {
          "army": 1,
          "free_distance": 70.0,
          "floating_distance": 50.0,
          "minimum_distance_to_earth": 20.0,
          "altLimit": 6000.0,
          "attack_type": "fire_at_will",
          "skill": 4,
          "count": 1,
          "plane": {
            "wing_formation": "Diamond",
            "row_distances": 1.5,
            "col_distances": 1.5,
            "super_formation": "Diamond",
            "super_row_distances": 1.5,
            "super_col_distances": 1.5,
            "ai_skill": "NORMAL",
            "task": "FLY_WAYPOINT"
          }
        },
        "way": []
      }
    },
    {
      "ships": {
        "name": "ships_03",
        "tm": [
          [0.943755,0.0,0.330646],
          [0.0,1.0,0.0],
          [-0.330646,0.0,0.943755],
          [7109.0,-1.85,6531.65]
        ],
        "unit_class": "ijn_dd_shiratsuyu",
        "closed_waypoints": false,
        "weapons": "",
        "bullets0": "",
        "bullets1": "",
        "bullets2": "",
        "bullets3": "",
        "bulletsCount0": 0,
        "bulletsCount1": 0,
        "bulletsCount2": 0,
        "bulletsCount3": 0,
        "props": {
          "army": 1,
          "count": 4,
          "formation_type": "cols",
          "formation_div": 3,
          "formation_step": [50.0,10.0],
          "formation_noise": [-0.3,-0.2],
          "uniqueName": "",
          "attack_type": "fire_at_will"
        },
        "way": []
      }
    },
    {
      "air_defence": {
        "name": "air_defence_01",
        "tm": [
          [0.737277,0.0,-0.67559],
          [0.0,1.0,0.0],
          [0.67559,0.0,0.737277],
          [4665.65,79.649,6448.5]
        ],
        "unit_class": "us_90mm_m1",
        "closed_waypoints": false,
        "weapons": "",
        "bullets0": "",
        "bullets1": "",
        "bullets2": "",
        "bullets3": "",
        "bulletsCount0": 0,
        "bulletsCount1": 0,
        "bulletsCount2": 0,
        "bulletsCount3": 0,
        "props": {
          "army": 1,
          "count": 3,
          "formation_type": "rows",
          "formation_div": 1,
          "formation_step": [2.5,2.0],
          "formation_noise": [0.1,0.1],
          "uniqueName": "",
          "attack_type": "fire_at_will"
        },
        "way": []
      }
    },
    {
      "wheeled_vehicles": {
        "name": "structures_01",
        "tm": [
          [1.0,0.0,0.0],
          [0.0,1.0,0.0],
          [0.0,0.0,1.0],
          [2687.05,170.413,8608.5]
        ],
        "unit_class": "ussr_zis5_cargo",
        "closed_waypoints": false,
        "weapons": "",
        "bullets0": "",
        "bullets1": "",
        "bullets2": "",
        "bullets3": "",
        "bulletsCount0": 0,
        "bulletsCount1": 0,
        "bulletsCount2": 0,
        "bulletsCount3": 0,
        "props": {
          "army": 2,
          "count": 1,
          "formation_type": "rows",
          "formation_div": 3,
          "formation_step": [2.5,2.0],
          "formation_noise": [0.1,0.1],
          "uniqueName": "",
          "attack_type": "fire_at_will",
          "targetableByAi": false
        },
        "way": []
      }
    },
    {
      "infantry": {
        "name": "infantry_01",
        "tm": [
          [1.0,0.0,0.0],
          [0.0,1.0,0.0],
          [0.0,0.0,1.0],
          [4561.75,21.1942,7843.7]
        ],
        "unit_class": "rifle_infantry",
        "closed_waypoints": true,
        "weapons": "",
        "bullets0": "",
        "bullets1": "",
        "bullets2": "",
        "bullets3": "",
        "bulletsCount0": 0,
        "bulletsCount1": 0,
        "bulletsCount2": 0,
        "bulletsCount3": 0,
        "props": {
          "army": 1,
          "attack_type": "fire_at_will",
          "count": 2,
          "skin": "japan"
        },
        "way": {
          "infantry_01_wp_01": {
            "type": "normal",
            "tm": [
              [1.0,0.0,0.0],
              [0.0,1.0,0.0],
              [0.0,0.0,1.0],
              [4571.25,20.5112,7838.3]
            ],
            "props": {
              "speed": 300.0,
              "moveType": "MOVETO_STRAIGHT",
              "shouldKeepFormation": false
            }
          },
          "infantry_01_wp_02": {
            "type": "normal",
            "tm": [
              [1.0,0.0,0.0],
              [0.0,1.0,0.0],
              [0.0,0.0,1.0],
              [4564.5,23.4727,7823.7]
            ],
            "props": {
              "speed": 300.0,
              "moveType": "MOVETO_STRAIGHT",
              "shouldKeepFormation": false
            }
          },
          "infantry_01_wp_03": {
            "type": "normal",
            "tm": [
              [1.0,0.0,0.0],
              [0.0,1.0,0.0],
              [0.0,0.0,1.0],
              [4544.05,26.6501,7818.9]
            ],
            "props": {
              "speed": 300.0,
              "moveType": "MOVETO_STRAIGHT",
              "shouldKeepFormation": false
            }
          },
          "infantry_01_wp_04": {
            "type": "normal",
            "tm": [
              [1.0,0.0,0.0],
              [0.0,1.0,0.0],
              [0.0,0.0,1.0],
              [4537.5,26.6753,7811.2]
            ],
            "props": {
              "speed": 300.0,
              "moveType": "MOVETO_STRAIGHT",
              "shouldKeepFormation": false
            }
          },
          "infantry_01_wp_05": {
            "type": "normal",
            "tm": [
              [1.0,0.0,0.0],
              [0.0,1.0,0.0],
              [0.0,0.0,1.0],
              [4549.9,27.1627,7812.1]
            ],
            "props": {
              "speed": 300.0,
              "moveType": "MOVETO_STRAIGHT",
              "shouldKeepFormation": false
            }
          },
          "infantry_01_wp_06": {
            "type": "normal",
            "tm": [
              [1.0,0.0,0.0],
              [0.0,1.0,0.0],
              [0.0,0.0,1.0],
              [4569.35,22.4315,7826.1]
            ],
            "props": {
              "speed": 300.0,
              "moveType": "MOVETO_STRAIGHT",
              "shouldKeepFormation": false
            }
          },
          "infantry_01_wp_07": {
            "type": "normal",
            "tm": [
              [1.0,0.0,0.0],
              [0.0,1.0,0.0],
              [0.0,0.0,1.0],
              [4571.1,19.9561,7842.6]
            ],
            "props": {
              "speed": 300.0,
              "moveType": "MOVETO_STRAIGHT",
              "shouldKeepFormation": false
            }
          }
        }
      }
    },
    {
      "structures": {
        "name": "objectGroups_01",
        "tm": [
          [1.0,0.0,0.0],
          [0.0,1.0,0.0],
          [0.0,0.0,1.0],
          [4334.5,144.934,7202.05]
        ],
        "unit_class": "stuff_barrels",
        "closed_waypoints": false,
        "weapons": "",
        "bullets0": "",
        "bullets1": "",
        "bullets2": "",
        "bullets3": "",
        "bulletsCount0": 0,
        "bulletsCount1": 0,
        "bulletsCount2": 0,
        "bulletsCount3": 0,
        "props": {
          "army": 1,
          "count": 1,
          "formation_type": "rows",
          "formation_div": 3,
          "formation_step": [2.5,2.0],
          "formation_noise": [0.1,0.1],
          "uniqueName": "",
          "attack_type": "fire_at_will",
          "setStealth": true
        },
        "way": []
      }
    },
    {
      "structures": {
        "name": "objectGroups_02",
        "tm": [
          [0.608761,0.0,0.793353],
          [0.0,1.0,0.0],
          [-0.793353,0.0,0.608761],
          [4330.25,144.979,7195.65]
        ],
        "unit_class": "stuff_caissons",
        "closed_waypoints": false,
        "weapons": "",
        "bullets0": "",
        "bullets1": "",
        "bullets2": "",
        "bullets3": "",
        "bulletsCount0": 0,
        "bulletsCount1": 0,
        "bulletsCount2": 0,
        "bulletsCount3": 0,
        "props": {
          "army": 1,
          "count": 1,
          "formation_type": "rows",
          "formation_div": 3,
          "formation_step": [2.5,2.0],
          "formation_noise": [0.1,0.1],
          "uniqueName": "",
          "attack_type": "fire_at_will",
          "setStealth": true
        },
        "way": []
      }
    },
    {
      "structures": {
        "name": "objectGroups_03",
        "tm": [
          [0.5,0.0,0.866025],
          [0.0,1.0,0.0],
          [-0.866025,0.0,0.5],
          [4557.2,19.8115,7859.5]
        ],
        "unit_class": "stuff_barrels",
        "closed_waypoints": false,
        "weapons": "",
        "bullets0": "",
        "bullets1": "",
        "bullets2": "",
        "bullets3": "",
        "bulletsCount0": 0,
        "bulletsCount1": 0,
        "bulletsCount2": 0,
        "bulletsCount3": 0,
        "props": {
          "army": 1,
          "count": 1,
          "formation_type": "rows",
          "formation_div": 3,
          "formation_step": [2.5,2.0],
          "formation_noise": [0.1,0.1],
          "uniqueName": "",
          "attack_type": "fire_at_will",
          "setStealth": true
        },
        "way": []
      }
    },
    {
      "infantry": {
        "name": "infantry_02",
        "tm": [
          [0.737277,0.0,-0.67559],
          [0.0,1.0,0.0],
          [0.67559,0.0,0.737277],
          [4629.75,26.95,7548.2]
        ],
        "unit_class": "rifle_infantry",
        "closed_waypoints": false,
        "weapons": "",
        "bullets0": "",
        "bullets1": "",
        "bullets2": "",
        "bullets3": "",
        "bulletsCount0": 0,
        "bulletsCount1": 0,
        "bulletsCount2": 0,
        "bulletsCount3": 0,
        "props": {
          "army": 1,
          "attack_type": "fire_at_will",
          "count": 2,
          "skin": "japan"
        },
        "way": []
      }
    },
    {
      "structures": {
        "name": "objectGroups_04",
        "tm": [
          [0.5,0.0,0.866025],
          [0.0,1.0,0.0],
          [-0.866025,0.0,0.5],
          [4589.7,98.95,7066.85]
        ],
        "unit_class": "stuff_tentBarrels",
        "closed_waypoints": false,
        "weapons": "",
        "bullets0": "",
        "bullets1": "",
        "bullets2": "",
        "bullets3": "",
        "bulletsCount0": 0,
        "bulletsCount1": 0,
        "bulletsCount2": 0,
        "bulletsCount3": 0,
        "props": {
          "army": 1,
          "count": 1,
          "formation_type": "rows",
          "formation_div": 3,
          "formation_step": [2.5,2.0],
          "formation_noise": [0.1,0.1],
          "uniqueName": "",
          "attack_type": "fire_at_will",
          "setStealth": true
        },
        "way": []
      }
    },
    {
      "structures": {
        "name": "objectGroups_05",
        "tm": [
          [0.984808,0.0,-0.173648],
          [0.0,1.0,0.0],
          [0.173648,0.0,0.984808],
          [4408.5,23.0168,8158.95]
        ],
        "unit_class": "stuff_tentCaissons",
        "closed_waypoints": false,
        "weapons": "",
        "bullets0": "",
        "bullets1": "",
        "bullets2": "",
        "bullets3": "",
        "bulletsCount0": 0,
        "bulletsCount1": 0,
        "bulletsCount2": 0,
        "bulletsCount3": 0,
        "props": {
          "army": 1,
          "count": 1,
          "formation_type": "rows",
          "formation_div": 3,
          "formation_step": [2.5,2.0],
          "formation_noise": [0.1,0.1],
          "uniqueName": "",
          "attack_type": "fire_at_will",
          "setStealth": true
        },
        "way": []
      }
    },
    {
      "structures": {
        "name": "objectGroups_06",
        "tm": [
          [0.67559,0.0,0.737277],
          [0.0,1.0,0.0],
          [-0.737277,0.0,0.67559],
          [4415.5,22.2996,8156.95]
        ],
        "unit_class": "stuff_barrels",
        "closed_waypoints": false,
        "weapons": "",
        "bullets0": "",
        "bullets1": "",
        "bullets2": "",
        "bullets3": "",
        "bulletsCount0": 0,
        "bulletsCount1": 0,
        "bulletsCount2": 0,
        "bulletsCount3": 0,
        "props": {
          "army": 1,
          "count": 1,
          "formation_type": "rows",
          "formation_div": 3,
          "formation_step": [2.5,2.0],
          "formation_noise": [0.1,0.1],
          "uniqueName": "",
          "attack_type": "fire_at_will",
          "setStealth": true
        },
        "way": []
      }
    },
    {
      "ships": {
        "name": "ships_01",
        "tm": [
          [0.998449,0.0,-0.0556822],
          [0.0,1.0,0.0],
          [0.0556822,0.0,0.998449],
          [8446.32,-1.85181,7041.05]
        ],
        "unit_class": "ijn_ca_nagara",
        "closed_waypoints": false,
        "weapons": "",
        "bullets0": "",
        "bullets1": "",
        "bullets2": "",
        "bullets3": "",
        "bulletsCount0": 0,
        "bulletsCount1": 0,
        "bulletsCount2": 0,
        "bulletsCount3": 0,
        "props": {
          "army": 1,
          "count": 2,
          "formation_type": "cols",
          "formation_div": 1,
          "formation_step": [16.0,16.0],
          "formation_noise": [0.2,-0.1],
          "uniqueName": "",
          "attack_type": "fire_at_will"
        },
        "way": []
      }
    },
    {
      "ships": {
        "name": "ships_02",
        "tm": [
          [0.996194,0.0,-0.0871555],
          [0.0,1.0,0.0],
          [0.0871555,0.0,0.996194],
          [6036.69,0.999146,5815.76]
        ],
        "unit_class": "ijn_cv_zuikaku",
        "closed_waypoints": false,
        "weapons": "",
        "bullets0": "",
        "bullets1": "",
        "bullets2": "",
        "bullets3": "",
        "bulletsCount0": 0,
        "bulletsCount1": 0,
        "bulletsCount2": 0,
        "bulletsCount3": 0,
        "props": {
          "army": 1,
          "count": 1,
          "formation_type": "rows",
          "formation_div": 3,
          "formation_step": [2.5,2.0],
          "formation_noise": [0.1,0.1],
          "uniqueName": "",
          "attack_type": "fire_at_will"
        },
        "way": []
      }
    },
    {
      "ships": {
        "name": "ships_04",
        "tm": [
          [0.881369,0.0,-0.472428],
          [0.0,1.0,0.0],
          [0.472428,0.0,0.881369],
          [10322.0,37.45,14417.2]
        ],
        "unit_class": "ijn_ca_myoko",
        "closed_waypoints": true,
        "weapons": "",
        "bullets0": "",
        "bullets1": "",
        "bullets2": "",
        "bullets3": "",
        "bulletsCount0": 0,
        "bulletsCount1": 0,
        "bulletsCount2": 0,
        "bulletsCount3": 0,
        "props": {
          "army": 1,
          "count": 2,
          "formation_type": "cols",
          "formation_div": 2,
          "formation_step": [20.0,9.0],
          "formation_noise": [-0.3,0.3],
          "uniqueName": "",
          "attack_type": "hold_fire"
        },
        "way": {
          "ships_04_wp_06": {
            "type": "normal",
            "tm": [
              [0.984808,0.0,0.173648],
              [0.0,1.0,0.0],
              [-0.173648,0.0,0.984808],
              [14512.6,1.0,10637.5]
            ],
            "props": {
              "speed": 300.0,
              "moveType": "MOVETO_STRAIGHT",
              "shouldKeepFormation": false
            }
          },
          "ships_04_wp_07": {
            "type": "normal",
            "tm": [
              [0.984808,0.0,0.173648],
              [0.0,1.0,0.0],
              [-0.173648,0.0,0.984808],
              [16024.5,1.0,7713.0]
            ],
            "props": {
              "speed": 300.0,
              "moveType": "MOVETO_STRAIGHT",
              "shouldKeepFormation": false
            }
          },
          "ships_04_wp_08": {
            "type": "normal",
            "tm": [
              [0.984808,0.0,0.173648],
              [0.0,1.0,0.0],
              [-0.173648,0.0,0.984808],
              [16224.0,1.0,6459.39]
            ],
            "props": {
              "speed": 300.0,
              "moveType": "MOVETO_STRAIGHT",
              "shouldKeepFormation": false
            }
          },
          "ships_04_wp_10": {
            "type": "normal",
            "tm": [
              [0.984808,0.0,0.173648],
              [0.0,1.0,0.0],
              [-0.173648,0.0,0.984808],
              [15630.0,1.0,5365.5]
            ],
            "props": {
              "speed": 300.0,
              "moveType": "MOVETO_STRAIGHT",
              "shouldKeepFormation": false
            }
          },
          "ships_04_wp_11": {
            "type": "normal",
            "tm": [
              [0.984808,0.0,0.173648],
              [0.0,1.0,0.0],
              [-0.173648,0.0,0.984808],
              [11394.1,1.00195,5591.77]
            ],
            "props": {
              "speed": 300.0,
              "moveType": "MOVETO_STRAIGHT",
              "shouldKeepFormation": false
            }
          },
          "ships_04_wp_17": {
            "type": "normal",
            "tm": [
              [0.984808,0.0,0.173648],
              [0.0,1.0,0.0],
              [-0.173648,0.0,0.984808],
              [6647.87,1.0,10072.7]
            ],
            "props": {
              "speed": 300.0,
              "moveType": "MOVETO_STRAIGHT",
              "shouldKeepFormation": false
            }
          },
          "ships_04_wp_18": {
            "type": "normal",
            "tm": [
              [0.984808,0.0,0.173648],
              [0.0,1.0,0.0],
              [-0.173648,0.0,0.984808],
              [5250.75,1.0,10016.0]
            ],
            "props": {
              "speed": 300.0,
              "moveType": "MOVETO_STRAIGHT",
              "shouldKeepFormation": false
            }
          },
          "ships_04_wp_19": {
            "type": "normal",
            "tm": [
              [0.984808,0.0,0.173648],
              [0.0,1.0,0.0],
              [-0.173648,0.0,0.984808],
              [2120.85,1.0,12825.5]
            ],
            "props": {
              "speed": 300.0,
              "moveType": "MOVETO_STRAIGHT",
              "shouldKeepFormation": false
            }
          },
          "ships_04_wp_20": {
            "type": "normal",
            "tm": [
              [0.984808,0.0,0.173648],
              [0.0,1.0,0.0],
              [-0.173648,0.0,0.984808],
              [2599.8,1.0,15202.0]
            ],
            "props": {
              "speed": 300.0,
              "moveType": "MOVETO_STRAIGHT",
              "shouldKeepFormation": false
            }
          },
          "ships_04_wp_21": {
            "type": "normal",
            "tm": [
              [0.984808,0.0,0.173648],
              [0.0,1.0,0.0],
              [-0.173648,0.0,0.984808],
              [7409.6,1.0,16085.8]
            ],
            "props": {
              "speed": 300.0,
              "moveType": "MOVETO_STRAIGHT",
              "shouldKeepFormation": false
            }
          },
          "ships_04_wp_22": {
            "type": "normal",
            "tm": [
              [0.984808,0.0,0.173648],
              [0.0,1.0,0.0],
              [-0.173648,0.0,0.984808],
              [9805.3,1.0,13935.4]
            ],
            "props": {
              "speed": 300.0,
              "moveType": "MOVETO_STRAIGHT",
              "shouldKeepFormation": false
            }
          }
        }
      }
    },
    {
      "ships": {
        "name": "ships_05",
        "tm": [
          [0.859923,0.0,-0.510423],
          [0.0,1.0,0.0],
          [0.510423,0.0,0.859923],
          [10636.4,-5.8,13525.1]
        ],
        "unit_class": "ijn_cv_soryu",
        "closed_waypoints": false,
        "weapons": "",
        "bullets0": "",
        "bullets1": "",
        "bullets2": "",
        "bullets3": "",
        "bulletsCount0": 0,
        "bulletsCount1": 0,
        "bulletsCount2": 0,
        "bulletsCount3": 0,
        "props": {
          "army": 1,
          "count": 1,
          "formation_type": "rows",
          "formation_div": 3,
          "formation_step": [2.5,2.0],
          "formation_noise": [0.1,0.1],
          "uniqueName": "",
          "attack_type": "hold_fire"
        },
        "way": {
          "ships_05_wp_06": {
            "type": "normal",
            "tm": [
              [0.984808,0.0,0.173648],
              [0.0,1.0,0.0],
              [-0.173648,0.0,0.984808],
              [14511.6,1.0,10668.1]
            ],
            "props": {
              "speed": 300.0,
              "moveType": "MOVETO_STRAIGHT",
              "shouldKeepFormation": false
            }
          },
          "ships_05_wp_07": {
            "type": "normal",
            "tm": [
              [0.984808,0.0,0.173648],
              [0.0,1.0,0.0],
              [-0.173648,0.0,0.984808],
              [16023.5,1.0,7743.59]
            ],
            "props": {
              "speed": 300.0,
              "moveType": "MOVETO_STRAIGHT",
              "shouldKeepFormation": false
            }
          },
          "ships_05_wp_08": {
            "type": "normal",
            "tm": [
              [0.984808,0.0,0.173648],
              [0.0,1.0,0.0],
              [-0.173648,0.0,0.984808],
              [16223.0,1.0,6489.98]
            ],
            "props": {
              "speed": 300.0,
              "moveType": "MOVETO_STRAIGHT",
              "shouldKeepFormation": false
            }
          },
          "ships_05_wp_10": {
            "type": "normal",
            "tm": [
              [0.984808,0.0,0.173648],
              [0.0,1.0,0.0],
              [-0.173648,0.0,0.984808],
              [15629.0,1.0,5396.09]
            ],
            "props": {
              "speed": 300.0,
              "moveType": "MOVETO_STRAIGHT",
              "shouldKeepFormation": false
            }
          },
          "ships_05_wp_11": {
            "type": "normal",
            "tm": [
              [0.984808,0.0,0.173648],
              [0.0,1.0,0.0],
              [-0.173648,0.0,0.984808],
              [11393.0,1.00195,5622.36]
            ],
            "props": {
              "speed": 300.0,
              "moveType": "MOVETO_STRAIGHT",
              "shouldKeepFormation": false
            }
          },
          "ships_05_wp_17": {
            "type": "normal",
            "tm": [
              [0.984808,0.0,0.173648],
              [0.0,1.0,0.0],
              [-0.173648,0.0,0.984808],
              [6646.84,1.0,10103.2]
            ],
            "props": {
              "speed": 300.0,
              "moveType": "MOVETO_STRAIGHT",
              "shouldKeepFormation": false
            }
          },
          "ships_05_wp_18": {
            "type": "normal",
            "tm": [
              [0.984808,0.0,0.173648],
              [0.0,1.0,0.0],
              [-0.173648,0.0,0.984808],
              [5249.72,1.0,10046.6]
            ],
            "props": {
              "speed": 300.0,
              "moveType": "MOVETO_STRAIGHT",
              "shouldKeepFormation": false
            }
          },
          "ships_05_wp_19": {
            "type": "normal",
            "tm": [
              [0.984808,0.0,0.173648],
              [0.0,1.0,0.0],
              [-0.173648,0.0,0.984808],
              [2119.84,1.0,12855.9]
            ],
            "props": {
              "speed": 300.0,
              "moveType": "MOVETO_STRAIGHT",
              "shouldKeepFormation": false
            }
          },
          "ships_05_wp_20": {
            "type": "normal",
            "tm": [
              [0.984808,0.0,0.173648],
              [0.0,1.0,0.0],
              [-0.173648,0.0,0.984808],
              [2598.78,1.0,15232.6]
            ],
            "props": {
              "speed": 300.0,
              "moveType": "MOVETO_STRAIGHT",
              "shouldKeepFormation": false
            }
          },
          "ships_05_wp_21": {
            "type": "normal",
            "tm": [
              [0.984808,0.0,0.173648],
              [0.0,1.0,0.0],
              [-0.173648,0.0,0.984808],
              [7408.57,1.0,16116.4]
            ],
            "props": {
              "speed": 300.0,
              "moveType": "MOVETO_STRAIGHT",
              "shouldKeepFormation": false
            }
          },
          "ships_05_wp_22": {
            "type": "normal",
            "tm": [
              [0.984808,0.0,0.173648],
              [0.0,1.0,0.0],
              [-0.173648,0.0,0.984808],
              [9804.27,1.0,13965.9]
            ],
            "props": {
              "speed": 300.0,
              "moveType": "MOVETO_STRAIGHT",
              "shouldKeepFormation": false
            }
          }
        }
      }
    },
    {
      "infantry": {
        "name": "infantry_03",
        "tm": [
          [0.737277,0.0,-0.67559],
          [0.0,1.0,0.0],
          [0.67559,0.0,0.737277],
          [4865.65,26.95,7349.2]
        ],
        "unit_class": "rifle_infantry",
        "closed_waypoints": false,
        "weapons": "",
        "bullets0": "",
        "bullets1": "",
        "bullets2": "",
        "bullets3": "",
        "bulletsCount0": 0,
        "bulletsCount1": 0,
        "bulletsCount2": 0,
        "bulletsCount3": 0,
        "props": {
          "army": 1,
          "attack_type": "fire_at_will",
          "count": 1,
          "skin": "japan"
        },
        "way": []
      }
    },
    {
      "infantry": {
        "name": "infantry_04",
        "tm": [
          [0.737277,0.0,-0.67559],
          [0.0,1.0,0.0],
          [0.67559,0.0,0.737277],
          [4372.1,26.95,8252.0]
        ],
        "unit_class": "rifle_infantry",
        "closed_waypoints": false,
        "weapons": "",
        "bullets0": "",
        "bullets1": "",
        "bullets2": "",
        "bullets3": "",
        "bulletsCount0": 0,
        "bulletsCount1": 0,
        "bulletsCount2": 0,
        "bulletsCount3": 0,
        "props": {
          "army": 1,
          "attack_type": "fire_at_will",
          "count": 3,
          "skin": "japan"
        },
        "way": []
      }
    },
    {
      "objectGroups": {
        "name": "objectGroups_07",
        "tm": [
          [0.359072,0.0,-0.93331],
          [0.0,1.0,0.0],
          [0.93331,0.0,0.359072],
          [4906.15,12.95,7693.3]
        ],
        "unit_class": "dynAF_pacific_phi_phi",
        "objLayer": 2,
        "props": {
          "army": 1,
          "active": true
        }
      }
    }
  ],
  "areas": {
    "airfield00": {
      "type": "Sphere",
      "tm": [
        [230.3,0.0,0.0],
        [0.0,230.3,0.0],
        [0.0,0.0,230.3],
        [5629.78,-58.0449,8440.67]
      ],
      "props": []
    },
    "airfield01": {
      "type": "Sphere",
      "tm": [
        [230.3,0.0,0.0],
        [0.0,230.3,0.0],
        [0.0,0.0,230.3],
        [7292.5,-77.2317,7959.1]
      ],
      "props": []
    },
    "spawnpoint": {
      "type": "Sphere",
      "tm": [
        [76.5,0.0,0.0],
        [0.0,76.5,0.0],
        [0.0,0.0,76.5],
        [5637.83,-57.6724,8448.27]
      ],
      "props": []
    }
  },
  "objLayers": [
    {
      "layer": {
        "enabled": true
      }
    },
    {
      "layer": {
        "enabled": true
      }
    },
    {
      "layer": {
        "enabled": true
      }
    },
    {
      "layer": {
        "enabled": true
      }
    }
  ],
  "wayPoints": []
}