{
  "selected_tag": "",
  "bin_dump_file": "",
  "mission_settings": {
    "player": {
      "army": 1
    },
    "player_teamB": {
      "army": 2
    },
    "mission": {
      "level": "levels/air_falklands.bin",
      "type": "domination",
      "environment": "Day",
      "weather": "hazy",
      "restoreType": "attempts",
      "optionalTakeOff": false
    }
  },
  "imports": {},
  "triggers": {
    "isCategory": true,
    "is_enabled": true
  },
  "mission_objectives": {
    "isCategory": true,
    "is_enabled": true
  },
  "variables": {},
  "dialogs": {},
  "airfields": {},
  "effects": {},
  "units": {
    "objectGroups": [
      {
        "name": "bdt_t2_bomb_object_01",
        "tm": [
          [
            0.900489,
            0.0,
            -0.434873
          ],
          [
            0.0,
            1.0,
            0.0
          ],
          [
            0.434873,
            0.0,
            0.900489
          ],
          [
            -3744.4,
            451.315,
            2923.85
          ]
        ],
        "unit_class": "dynBase_hq_camp_square",
        "objLayer": 2,
        "props": {
          "army": 2,
          "active": false
        }
      },
      {
        "name": "bdt_t2_bomb_object_02",
        "tm": [
          [
            0.470866,
            0.0,
            -0.882207
          ],
          [
            0.0,
            1.0,
            0.0
          ],
          [
            0.882207,
            0.0,
            0.470866
          ],
          [
            1419.57,
            90.694,
            -12869.2
          ]
        ],
        "unit_class": "dynBase_fuel_storage_square",
        "objLayer": 2,
        "props": {
          "army": 2,
          "active": false
        }
      },
      {
        "name": "bdt_t2_bomb_object_03",
        "tm": [
          [
            0.730276,
            0.0,
            0.683155
          ],
          [
            0.0,
            1.0,
            0.0
          ],
          [
            -0.683155,
            0.0,
            0.730276
          ],
          [
            5188.47,
            144.002,
            -12551.8
          ]
        ],
        "unit_class": "dynBase_oil_storage_small_square",
        "objLayer": 2,
        "props": {
          "army": 2,
          "active": false
        }
      },
      {
        "name": "bdt_t1_bomb_object_01",
        "tm": [
          [
            0.999985,
            0.0,
            -0.00563725
          ],
          [
            0.0,
            1.0,
            0.0
          ],
          [
            0.00563725,
            0.0,
            0.999985
          ],
          [
            15586.0,
            195.4,
            8910.32
          ]
        ],
        "unit_class": "dynBase_fuel_storage_square",
        "objLayer": 2,
        "props": {
          "army": 1,
          "active": false
        }
      },
      {
        "name": "bdt_t1_bomb_object_02",
        "tm": [
          [
            0.741073,
            0.0,
            0.671424
          ],
          [
            0.0,
            1.0,
            0.0
          ],
          [
            -0.671424,
            0.0,
            0.741073
          ],
          [
            15937.2,
            57.9958,
            -8305.29
          ]
        ],
        "unit_class": "dynBase_small_factory_square",
        "objLayer": 2,
        "props": {
          "army": 1,
          "active": false
        }
      },
      {
        "name": "bdt_t1_bomb_object_03",
        "tm": [
          [
            0.666847,
            0.0,
            0.745193
          ],
          [
            0.0,
            1.0,
            0.0
          ],
          [
            -0.745193,
            0.0,
            0.666847
          ],
          [
            16992.8,
            79.05,
            -1424.99
          ]
        ],
        "unit_class": "dynBase_oil_storage_small_square",
        "objLayer": 2,
        "props": {
          "army": 1,
          "active": false
        }
      },
      {
        "name": "bdt_t2_bomb_object_04",
        "tm": [
          [
            0.987072,
            0.0,
            0.160277
          ],
          [
            0.0,
            1.0,
            0.0
          ],
          [
            -0.160277,
            0.0,
            0.987072
          ],
          [
            -5167.85,
            469.611,
            -394.1
          ]
        ],
        "unit_class": "dynBase_small_factory_square",
        "objLayer": 2,
        "props": {
          "army": 2,
          "active": false
        }
      },
      {
        "name": "bdt_t1_bomb_object_04",
        "tm": [
          [
            0.88549,
            0.0,
            0.46466
          ],
          [
            0.0,
            1.0,
            0.0
          ],
          [
            -0.46466,
            0.0,
            0.88549
          ],
          [
            18905.2,
            71.15,
            4368.57
          ]
        ],
        "unit_class": "dynBase_field_camp_square",
        "objLayer": 2,
        "props": {
          "army": 1,
          "active": false
        }
      },
      {
        "name": "bdt_t1_bomb_object_05",
        "tm": [
          [
            0.88549,
            0.0,
            0.46466
          ],
          [
            0.0,
            1.0,
            0.0
          ],
          [
            -0.46466,
            0.0,
            0.88549
          ],
          [
            18862.4,
            21.2,
            -9000.25
          ]
        ],
        "unit_class": "dynBase_military_base_square",
        "objLayer": 2,
        "props": {
          "army": 1,
          "active": false
        }
      },
      {
        "name": "bdt_t1_bomb_object_06",
        "tm": [
          [
            0.88549,
            0.0,
            0.46466
          ],
          [
            0.0,
            1.0,
            0.0
          ],
          [
            -0.46466,
            0.0,
            0.88549
          ],
          [
            20590.9,
            116.501,
            -4395.35
          ]
        ],
        "unit_class": "dynBase_oil_storage_large_square",
        "objLayer": 2,
        "props": {
          "army": 1,
          "active": false
        }
      },
      {
        "name": "bdt_t1_bomb_object_07",
        "tm": [
          [
            0.88549,
            0.0,
            0.46466
          ],
          [
            0.0,
            1.0,
            0.0
          ],
          [
            -0.46466,
            0.0,
            0.88549
          ],
          [
            17180.8,
            97.25,
            -5151.56
          ]
        ],
        "unit_class": "dynBase_oil_storage_large_square",
        "objLayer": 2,
        "props": {
          "army": 1,
          "active": false
        }
      },
      {
        "name": "bdt_t1_bomb_object_08",
        "tm": [
          [
            0.999985,
            0.0,
            -0.00563725
          ],
          [
            0.0,
            1.0,
            0.0
          ],
          [
            0.00563725,
            0.0,
            0.999985
          ],
          [
            8353.38,
            190.854,
            11892.9
          ]
        ],
        "unit_class": "dynBase_small_factory_square",
        "objLayer": 2,
        "props": {
          "army": 1,
          "active": false
        }
      },
      {
        "name": "bdt_t1_bomb_object_09",
        "tm": [
          [
            0.999985,
            0.0,
            -0.00563725
          ],
          [
            0.0,
            1.0,
            0.0
          ],
          [
            0.00563725,
            0.0,
            0.999985
          ],
          [
            16537.5,
            247.35,
            4326.56
          ]
        ],
        "unit_class": "dynBase_petrol_camp_square",
        "objLayer": 2,
        "props": {
          "army": 1,
          "active": false
        }
      },
      {
        "name": "bdt_t1_bomb_object_10",
        "tm": [
          [
            0.999985,
            0.0,
            -0.00563725
          ],
          [
            0.0,
            1.0,
            0.0
          ],
          [
            0.00563725,
            0.0,
            0.999985
          ],
          [
            13764.8,
            62.5,
            5699.64
          ]
        ],
        "unit_class": "dynBase_petrol_camp_square",
        "objLayer": 2,
        "props": {
          "army": 1,
          "active": false
        }
      },
      {
        "name": "bdt_t2_bomb_object_05",
        "tm": [
          [
            0.987072,
            0.0,
            0.160277
          ],
          [
            0.0,
            1.0,
            0.0
          ],
          [
            -0.160277,
            0.0,
            0.987072
          ],
          [
            -2613.19,
            111.15,
            7780.23
          ]
        ],
        "unit_class": "dynBase_petrol_camp_square",
        "objLayer": 2,
        "props": {
          "army": 2,
          "active": false
        }
      },
      {
        "name": "bdt_t2_bomb_object_06",
        "tm": [
          [
            0.79642,
            0.0,
            0.604746
          ],
          [
            0.0,
            1.0,
            0.0
          ],
          [
            -0.604746,
            0.0,
            0.79642
          ],
          [
            586.073,
            120.103,
            7065.52
          ]
        ],
        "unit_class": "dynBase_military_base_square",
        "objLayer": 2,
        "props": {
          "army": 2,
          "active": false
        }
      },
      {
        "name": "bdt_t2_bomb_object_07",
        "tm": [
          [
            0.987072,
            0.0,
            0.160277
          ],
          [
            0.0,
            1.0,
            0.0
          ],
          [
            -0.160277,
            0.0,
            0.987072
          ],
          [
            -3625.65,
            69.3,
            -2589.6
          ]
        ],
        "unit_class": "dynBase_fuel_storage_square",
        "objLayer": 2,
        "props": {
          "army": 2,
          "active": false
        }
      },
      {
        "name": "bdt_t2_bomb_object_08",
        "tm": [
          [
            0.730276,
            0.0,
            0.683155
          ],
          [
            0.0,
            1.0,
            0.0
          ],
          [
            -0.683155,
            0.0,
            0.730276
          ],
          [
            -3085.74,
            35.05,
            -11680.2
          ]
        ],
        "unit_class": "dynBase_ammunition_storage_square",
        "objLayer": 2,
        "props": {
          "army": 2,
          "active": false
        }
      },
      {
        "name": "bdt_t2_bomb_object_09",
        "tm": [
          [
            0.730276,
            0.0,
            0.683155
          ],
          [
            0.0,
            1.0,
            0.0
          ],
          [
            -0.683155,
            0.0,
            0.730276
          ],
          [
            2775.51,
            7.35,
            -15044.3
          ]
        ],
        "unit_class": "dynBase_field_camp_square",
        "objLayer": 2,
        "props": {
          "army": 2,
          "active": false
        }
      },
      {
        "name": "bdt_t2_bomb_object_10",
        "tm": [
          [
            0.730276,
            0.0,
            0.683155
          ],
          [
            0.0,
            1.0,
            0.0
          ],
          [
            -0.683155,
            0.0,
            0.730276
          ],
          [
            -1998.04,
            46.35,
            -6605.19
          ]
        ],
        "unit_class": "dynBase_oil_storage_small_square",
        "objLayer": 2,
        "props": {
          "army": 2,
          "active": false
        }
      }
    ]
  },
  "areas": {
    "bdt_t2_bomb_zone_01": {
      "type": "Sphere",
      "tm": [
        [
          405.222,
          0.0,
          -195.694
        ],
        [
          0.0,
          450.0,
          0.0
        ],
        [
          195.694,
          0.0,
          405.222
        ],
        [
          -3749.46,
          495.825,
          2918.95
        ]
      ],
      "objLayer": 0,
      "props": {}
    },
    "bdt_t2_bomb_zone_02": {
      "type": "Sphere",
      "tm": [
        [
          424.426,
          0.0,
          -149.543
        ],
        [
          0.0,
          450.0,
          0.0
        ],
        [
          149.543,
          0.0,
          424.426
        ],
        [
          1435.07,
          91.014,
          -12853.9
        ]
      ],
      "objLayer": 0,
      "props": {}
    },
    "bdt_t2_bomb_zone_03": {
      "type": "Sphere",
      "tm": [
        [
          328.624,
          0.0,
          307.417
        ],
        [
          0.0,
          450.0,
          0.0
        ],
        [
          -307.417,
          0.0,
          328.624
        ],
        [
          5179.07,
          143.952,
          -12549.4
        ]
      ],
      "objLayer": 0,
      "props": {}
    },
    "bdt_t1_bomb_zone_01": {
      "type": "Sphere",
      "tm": [
        [
          449.992,
          0.0,
          -2.53781
        ],
        [
          0.0,
          450.0,
          0.0
        ],
        [
          2.53781,
          0.0,
          449.992
        ],
        [
          15598.4,
          206.085,
          8913.36
        ]
      ],
      "objLayer": 0,
      "props": {}
    },
    "bdt_t1_bomb_zone_02": {
      "type": "Sphere",
      "tm": [
        [
          390.973,
          0.0,
          222.799
        ],
        [
          0.0,
          450.0,
          0.0
        ],
        [
          -222.799,
          0.0,
          390.973
        ],
        [
          15939.7,
          87.4458,
          -8301.32
        ]
      ],
      "objLayer": 0,
      "props": {}
    },
    "bdt_t1_bomb_zone_03": {
      "type": "Sphere",
      "tm": [
        [
          405.11,
          0.0,
          195.921
        ],
        [
          0.0,
          450.0,
          0.0
        ],
        [
          -195.921,
          0.0,
          405.11
        ],
        [
          16997.6,
          91.7066,
          -1421.99
        ]
      ],
      "objLayer": 0,
      "props": {}
    },
    "bdt_t2_bomb_zone_04": {
      "type": "Sphere",
      "tm": [
        [
          444.182,
          0.0,
          72.1233
        ],
        [
          0.0,
          450.0,
          0.0
        ],
        [
          -72.1233,
          0.0,
          444.182
        ],
        [
          -5159.99,
          513.981,
          -394.6
        ]
      ],
      "objLayer": 0,
      "props": {}
    },
    "bdt_t1_bomb_zone_04": {
      "type": "Sphere",
      "tm": [
        [
          405.11,
          0.0,
          195.921
        ],
        [
          0.0,
          450.0,
          0.0
        ],
        [
          -195.921,
          0.0,
          405.11
        ],
        [
          18903.1,
          111.15,
          4373.87
        ]
      ],
      "objLayer": 0,
      "props": {}
    },
    "bdt_t2_bomb_zone_01_aaa_point_01": {
      "type": "Point",
      "tm": [
        [
          0.989817,
          0.0,
          0.142337
        ],
        [
          0.0,
          1.0,
          0.0
        ],
        [
          -0.142337,
          0.0,
          0.989817
        ],
        [
          -3691.11,
          497.955,
          2701.25
        ]
      ],
      "objLayer": 0,
      "props": {}
    },
    "bdt_t2_bomb_zone_01_aaa_point_02": {
      "type": "Point",
      "tm": [
        [
          0.989817,
          0.0,
          0.142337
        ],
        [
          0.0,
          1.0,
          0.0
        ],
        [
          -0.142337,
          0.0,
          0.989817
        ],
        [
          -3921.7,
          497.585,
          3154.95
        ]
      ],
      "objLayer": 0,
      "props": {}
    },
    "bdt_t2_bomb_zone_01_aaa_point_03": {
      "type": "Point",
      "tm": [
        [
          0.989817,
          0.0,
          0.142337
        ],
        [
          0.0,
          1.0,
          0.0
        ],
        [
          -0.142337,
          0.0,
          0.989817
        ],
        [
          -3805.32,
          496.165,
          3179.85
        ]
      ],
      "objLayer": 0,
      "props": {}
    },
    "bdt_t2_bomb_zone_01_aaa_point_04": {
      "type": "Point",
      "tm": [
        [
          0.989817,
          0.0,
          0.142337
        ],
        [
          0.0,
          1.0,
          0.0
        ],
        [
          -0.142337,
          0.0,
          0.989817
        ],
        [
          -2672.07,
          492.425,
          2788.24
        ]
      ],
      "objLayer": 0,
      "props": {}
    },
    "bdt_t2_bomb_zone_02_aaa_point_01": {
      "type": "Point",
      "tm": [
        [
          0.967923,
          0.0,
          0.251238
        ],
        [
          0.0,
          1.0,
          0.0
        ],
        [
          -0.251238,
          0.0,
          0.967923
        ],
        [
          1280.37,
          88.374,
          -13048.5
        ]
      ],
      "objLayer": 0,
      "props": {}
    },
    "bdt_t2_bomb_zone_02_aaa_point_02": {
      "type": "Point",
      "tm": [
        [
          0.967923,
          0.0,
          0.251238
        ],
        [
          0.0,
          1.0,
          0.0
        ],
        [
          -0.251238,
          0.0,
          0.967923
        ],
        [
          1417.47,
          90.214,
          -12527.2
        ]
      ],
      "objLayer": 0,
      "props": {}
    },
    "bdt_t2_bomb_zone_02_aaa_point_03": {
      "type": "Point",
      "tm": [
        [
          0.967923,
          0.0,
          0.251238
        ],
        [
          0.0,
          1.0,
          0.0
        ],
        [
          -0.251238,
          0.0,
          0.967923
        ],
        [
          1158.57,
          94.024,
          -12812.6
        ]
      ],
      "objLayer": 0,
      "props": {}
    },
    "bdt_t2_bomb_zone_02_aaa_point_04": {
      "type": "Point",
      "tm": [
        [
          0.967923,
          0.0,
          0.251238
        ],
        [
          0.0,
          1.0,
          0.0
        ],
        [
          -0.251238,
          0.0,
          0.967923
        ],
        [
          1663.77,
          88.304,
          -12835.1
        ]
      ],
      "objLayer": 0,
      "props": {}
    },
    "bdt_t2_bomb_zone_03_aaa_point_01": {
      "type": "Point",
      "tm": [
        [
          0.967923,
          0.0,
          0.251238
        ],
        [
          0.0,
          1.0,
          0.0
        ],
        [
          -0.251238,
          0.0,
          0.967923
        ],
        [
          5300.17,
          146.752,
          -12821.7
        ]
      ],
      "objLayer": 0,
      "props": {}
    },
    "bdt_t2_bomb_zone_03_aaa_point_02": {
      "type": "Point",
      "tm": [
        [
          0.967923,
          0.0,
          0.251238
        ],
        [
          0.0,
          1.0,
          0.0
        ],
        [
          -0.251238,
          0.0,
          0.967923
        ],
        [
          5217.67,
          140.692,
          -12259.4
        ]
      ],
      "objLayer": 0,
      "props": {}
    },
    "bdt_t2_bomb_zone_03_aaa_point_03": {
      "type": "Point",
      "tm": [
        [
          0.967923,
          0.0,
          0.251238
        ],
        [
          0.0,
          1.0,
          0.0
        ],
        [
          -0.251238,
          0.0,
          0.967923
        ],
        [
          4925.17,
          141.082,
          -12354.0
        ]
      ],
      "objLayer": 0,
      "props": {}
    },
    "bdt_t2_bomb_zone_03_aaa_point_04": {
      "type": "Point",
      "tm": [
        [
          0.967923,
          0.0,
          0.251238
        ],
        [
          0.0,
          1.0,
          0.0
        ],
        [
          -0.251238,
          0.0,
          0.967923
        ],
        [
          5070.87,
          146.612,
          -12829.2
        ]
      ],
      "objLayer": 0,
      "props": {}
    },
    "bdt_t2_bomb_zone_04_aaa_point_01": {
      "type": "Point",
      "tm": [
        [
          0.989817,
          0.0,
          0.142337
        ],
        [
          0.0,
          1.0,
          0.0
        ],
        [
          -0.142337,
          0.0,
          0.989817
        ],
        [
          -4955.96,
          509.831,
          -132.199
        ]
      ],
      "objLayer": 0,
      "props": {}
    },
    "bdt_t2_bomb_zone_04_aaa_point_02": {
      "type": "Point",
      "tm": [
        [
          0.989817,
          0.0,
          0.142337
        ],
        [
          0.0,
          1.0,
          0.0
        ],
        [
          -0.142337,
          0.0,
          0.989817
        ],
        [
          -5449.1,
          509.601,
          -353.1
        ]
      ],
      "objLayer": 0,
      "props": {}
    },
    "bdt_t2_bomb_zone_04_aaa_point_03": {
      "type": "Point",
      "tm": [
        [
          0.989817,
          0.0,
          0.142337
        ],
        [
          0.0,
          1.0,
          0.0
        ],
        [
          -0.142337,
          0.0,
          0.989817
        ],
        [
          -5009.56,
          509.441,
          -614.699
        ]
      ],
      "objLayer": 0,
      "props": {}
    },
    "bdt_t2_bomb_zone_04_aaa_point_04": {
      "type": "Point",
      "tm": [
        [
          0.989817,
          0.0,
          0.142337
        ],
        [
          0.0,
          1.0,
          0.0
        ],
        [
          -0.142337,
          0.0,
          0.989817
        ],
        [
          -5253.77,
          469.691,
          -623.1
        ]
      ],
      "objLayer": 0,
      "props": {}
    },
    "bdt_t1_bomb_zone_01_aaa_point_01": {
      "type": "Point",
      "tm": [
        [
          0.832559,
          0.0,
          0.553933
        ],
        [
          0.0,
          1.0,
          0.0
        ],
        [
          -0.553933,
          0.0,
          0.832559
        ],
        [
          15805.4,
          209.465,
          9061.81
        ]
      ],
      "objLayer": 0,
      "props": {}
    },
    "bdt_t1_bomb_zone_01_aaa_point_02": {
      "type": "Point",
      "tm": [
        [
          0.832559,
          0.0,
          0.553933
        ],
        [
          0.0,
          1.0,
          0.0
        ],
        [
          -0.553933,
          0.0,
          0.832559
        ],
        [
          15360.0,
          203.415,
          8828.16
        ]
      ],
      "objLayer": 0,
      "props": {}
    },
    "bdt_t1_bomb_zone_01_aaa_point_03": {
      "type": "Point",
      "tm": [
        [
          0.832559,
          0.0,
          0.553933
        ],
        [
          0.0,
          1.0,
          0.0
        ],
        [
          -0.553933,
          0.0,
          0.832559
        ],
        [
          15702.3,
          218.945,
          8704.62
        ]
      ],
      "objLayer": 0,
      "props": {}
    },
    "bdt_t1_bomb_zone_01_aaa_point_04": {
      "type": "Point",
      "tm": [
        [
          0.832559,
          0.0,
          0.553933
        ],
        [
          0.0,
          1.0,
          0.0
        ],
        [
          -0.553933,
          0.0,
          0.832559
        ],
        [
          15473.9,
          212.185,
          8698.57
        ]
      ],
      "objLayer": 0,
      "props": {}
    },
    "bdt_t1_bomb_zone_02_aaa_point_01": {
      "type": "Point",
      "tm": [
        [
          0.832559,
          0.0,
          0.553933
        ],
        [
          0.0,
          1.0,
          0.0
        ],
        [
          -0.553933,
          0.0,
          0.832559
        ],
        [
          16006.0,
          85.1859,
          -8039.14
        ]
      ],
      "objLayer": 0,
      "props": {}
    },
    "bdt_t1_bomb_zone_02_aaa_point_02": {
      "type": "Point",
      "tm": [
        [
          0.832559,
          0.0,
          0.553933
        ],
        [
          0.0,
          1.0,
          0.0
        ],
        [
          -0.553933,
          0.0,
          0.832559
        ],
        [
          15732.2,
          154.756,
          -8135.47
        ]
      ],
      "objLayer": 0,
      "props": {}
    },
    "bdt_t1_bomb_zone_02_aaa_point_03": {
      "type": "Point",
      "tm": [
        [
          0.832559,
          0.0,
          0.553933
        ],
        [
          0.0,
          1.0,
          0.0
        ],
        [
          -0.553933,
          0.0,
          0.832559
        ],
        [
          16133.2,
          115.876,
          -8708.15
        ]
      ],
      "objLayer": 0,
      "props": {}
    },
    "bdt_t1_bomb_zone_02_aaa_point_04": {
      "type": "Point",
      "tm": [
        [
          0.832559,
          0.0,
          0.553933
        ],
        [
          0.0,
          1.0,
          0.0
        ],
        [
          -0.553933,
          0.0,
          0.832559
        ],
        [
          15647.2,
          163.526,
          -8452.38
        ]
      ],
      "objLayer": 0,
      "props": {}
    },
    "bdt_t1_bomb_zone_03_aaa_point_01": {
      "type": "Point",
      "tm": [
        [
          0.888859,
          0.0,
          0.458177
        ],
        [
          0.0,
          1.0,
          0.0
        ],
        [
          -0.458177,
          0.0,
          0.888859
        ],
        [
          16924.0,
          96.0766,
          -1720.69
        ]
      ],
      "objLayer": 0,
      "props": {}
    },
    "bdt_t1_bomb_zone_03_aaa_point_02": {
      "type": "Point",
      "tm": [
        [
          0.888859,
          0.0,
          0.458177
        ],
        [
          0.0,
          1.0,
          0.0
        ],
        [
          -0.458177,
          0.0,
          0.888859
        ],
        [
          17041.0,
          88.7666,
          -1183.79
        ]
      ],
      "objLayer": 0,
      "props": {}
    },
    "bdt_t1_bomb_zone_03_aaa_point_03": {
      "type": "Point",
      "tm": [
        [
          0.888859,
          0.0,
          0.458177
        ],
        [
          0.0,
          1.0,
          0.0
        ],
        [
          -0.458177,
          0.0,
          0.888859
        ],
        [
          16768.8,
          95.5266,
          -1248.99
        ]
      ],
      "objLayer": 0,
      "props": {}
    },
    "bdt_t1_bomb_zone_03_aaa_point_04": {
      "type": "Point",
      "tm": [
        [
          0.888859,
          0.0,
          0.458177
        ],
        [
          0.0,
          1.0,
          0.0
        ],
        [
          -0.458177,
          0.0,
          0.888859
        ],
        [
          17248.6,
          93.3266,
          -1493.59
        ]
      ],
      "objLayer": 0,
      "props": {}
    },
    "bdt_t1_bomb_zone_04_aaa_point_01": {
      "type": "Point",
      "tm": [
        [
          0.888859,
          0.0,
          0.458177
        ],
        [
          0.0,
          1.0,
          0.0
        ],
        [
          -0.458177,
          0.0,
          0.888859
        ],
        [
          19219.6,
          111.032,
          4386.27
        ]
      ],
      "objLayer": 0,
      "props": {}
    },
    "bdt_t1_bomb_zone_04_aaa_point_02": {
      "type": "Point",
      "tm": [
        [
          0.888859,
          0.0,
          0.458177
        ],
        [
          0.0,
          1.0,
          0.0
        ],
        [
          -0.458177,
          0.0,
          0.888859
        ],
        [
          18990.3,
          108.952,
          4611.17
        ]
      ],
      "objLayer": 0,
      "props": {}
    },
    "bdt_t1_bomb_zone_04_aaa_point_03": {
      "type": "Point",
      "tm": [
        [
          0.888859,
          0.0,
          0.458177
        ],
        [
          0.0,
          1.0,
          0.0
        ],
        [
          -0.458177,
          0.0,
          0.888859
        ],
        [
          19030.9,
          109.882,
          4112.67
        ]
      ],
      "objLayer": 0,
      "props": {}
    },
    "bdt_t1_bomb_zone_04_aaa_point_04": {
      "type": "Point",
      "tm": [
        [
          0.888859,
          0.0,
          0.458177
        ],
        [
          0.0,
          1.0,
          0.0
        ],
        [
          -0.458177,
          0.0,
          0.888859
        ],
        [
          18639.3,
          108.302,
          4544.27
        ]
      ],
      "objLayer": 0,
      "props": {}
    },
    "bdt_t1_bomb_zone_05": {
      "type": "Sphere",
      "tm": [
        [
          405.11,
          0.0,
          195.921
        ],
        [
          0.0,
          450.0,
          0.0
        ],
        [
          -195.921,
          0.0,
          405.11
        ],
        [
          18860.1,
          21.22,
          -8994.85
        ]
      ],
      "objLayer": 0,
      "props": {}
    },
    "bdt_t1_bomb_zone_06": {
      "type": "Sphere",
      "tm": [
        [
          405.11,
          0.0,
          195.921
        ],
        [
          0.0,
          450.0,
          0.0
        ],
        [
          -195.921,
          0.0,
          405.11
        ],
        [
          20588.6,
          116.551,
          -4390.06
        ]
      ],
      "objLayer": 0,
      "props": {}
    },
    "bdt_t1_bomb_zone_07": {
      "type": "Sphere",
      "tm": [
        [
          405.11,
          0.0,
          195.921
        ],
        [
          0.0,
          450.0,
          0.0
        ],
        [
          -195.921,
          0.0,
          405.11
        ],
        [
          17178.6,
          124.477,
          -5146.16
        ]
      ],
      "objLayer": 0,
      "props": {}
    },
    "bdt_t1_bomb_zone_08": {
      "type": "Sphere",
      "tm": [
        [
          449.992,
          0.0,
          -2.53781
        ],
        [
          0.0,
          450.0,
          0.0
        ],
        [
          2.53781,
          0.0,
          449.992
        ],
        [
          8365.69,
          222.214,
          11895.8
        ]
      ],
      "objLayer": 0,
      "props": {}
    },
    "bdt_t1_bomb_zone_09": {
      "type": "Sphere",
      "tm": [
        [
          449.992,
          0.0,
          -2.53781
        ],
        [
          0.0,
          450.0,
          0.0
        ],
        [
          2.53781,
          0.0,
          449.992
        ],
        [
          16549.5,
          288.941,
          4329.36
        ]
      ],
      "objLayer": 0,
      "props": {}
    },
    "bdt_t1_bomb_zone_10": {
      "type": "Sphere",
      "tm": [
        [
          449.992,
          0.0,
          -2.53781
        ],
        [
          0.0,
          450.0,
          0.0
        ],
        [
          2.53781,
          0.0,
          449.992
        ],
        [
          13777.1,
          131.01,
          5702.57
        ]
      ],
      "objLayer": 0,
      "props": {}
    },
    "bdt_t1_bomb_zone_05_aaa_point_01": {
      "type": "Point",
      "tm": [
        [
          0.888859,
          0.0,
          0.458177
        ],
        [
          0.0,
          1.0,
          0.0
        ],
        [
          -0.458177,
          0.0,
          0.888859
        ],
        [
          18606.9,
          21.48,
          -9099.55
        ]
      ],
      "objLayer": 0,
      "props": {}
    },
    "bdt_t1_bomb_zone_05_aaa_point_02": {
      "type": "Point",
      "tm": [
        [
          0.888859,
          0.0,
          0.458177
        ],
        [
          0.0,
          1.0,
          0.0
        ],
        [
          -0.458177,
          0.0,
          0.888859
        ],
        [
          18791.2,
          20.57,
          -9134.15
        ]
      ],
      "objLayer": 0,
      "props": {}
    },
    "bdt_t1_bomb_zone_05_aaa_point_03": {
      "type": "Point",
      "tm": [
        [
          0.888859,
          0.0,
          0.458177
        ],
        [
          0.0,
          1.0,
          0.0
        ],
        [
          -0.458177,
          0.0,
          0.888859
        ],
        [
          19129.8,
          21.78,
          -8894.95
        ]
      ],
      "objLayer": 0,
      "props": {}
    },
    "bdt_t1_bomb_zone_05_aaa_point_04": {
      "type": "Point",
      "tm": [
        [
          0.888859,
          0.0,
          0.458177
        ],
        [
          0.0,
          1.0,
          0.0
        ],
        [
          -0.458177,
          0.0,
          0.888859
        ],
        [
          18958.0,
          22.49,
          -8735.05
        ]
      ],
      "objLayer": 0,
      "props": {}
    },
    "bdt_t1_bomb_zone_06_aaa_point_01": {
      "type": "Point",
      "tm": [
        [
          0.888859,
          0.0,
          0.458177
        ],
        [
          0.0,
          1.0,
          0.0
        ],
        [
          -0.458177,
          0.0,
          0.888859
        ],
        [
          20559.3,
          111.851,
          -4726.26
        ]
      ],
      "objLayer": 0,
      "props": {}
    },
    "bdt_t1_bomb_zone_06_aaa_point_02": {
      "type": "Point",
      "tm": [
        [
          0.888859,
          0.0,
          0.458177
        ],
        [
          0.0,
          1.0,
          0.0
        ],
        [
          -0.458177,
          0.0,
          0.888859
        ],
        [
          20333.4,
          114.101,
          -4590.76
        ]
      ],
      "objLayer": 0,
      "props": {}
    },
    "bdt_t1_bomb_zone_06_aaa_point_03": {
      "type": "Point",
      "tm": [
        [
          0.888859,
          0.0,
          0.458177
        ],
        [
          0.0,
          1.0,
          0.0
        ],
        [
          -0.458177,
          0.0,
          0.888859
        ],
        [
          20456.1,
          118.081,
          -4110.96
        ]
      ],
      "objLayer": 0,
      "props": {}
    },
    "bdt_t1_bomb_zone_06_aaa_point_04": {
      "type": "Point",
      "tm": [
        [
          0.888859,
          0.0,
          0.458177
        ],
        [
          0.0,
          1.0,
          0.0
        ],
        [
          -0.458177,
          0.0,
          0.888859
        ],
        [
          20886.2,
          113.851,
          -4383.56
        ]
      ],
      "objLayer": 0,
      "props": {}
    },
    "bdt_t1_bomb_zone_07_aaa_point_01": {
      "type": "Point",
      "tm": [
        [
          0.888859,
          0.0,
          0.458177
        ],
        [
          0.0,
          1.0,
          0.0
        ],
        [
          -0.458177,
          0.0,
          0.888859
        ],
        [
          17191.5,
          125.787,
          -4845.16
        ]
      ],
      "objLayer": 0,
      "props": {}
    },
    "bdt_t1_bomb_zone_07_aaa_point_02": {
      "type": "Point",
      "tm": [
        [
          0.888859,
          0.0,
          0.458177
        ],
        [
          0.0,
          1.0,
          0.0
        ],
        [
          -0.458177,
          0.0,
          0.888859
        ],
        [
          17158.9,
          118.487,
          -5494.35
        ]
      ],
      "objLayer": 0,
      "props": {}
    },
    "bdt_t1_bomb_zone_07_aaa_point_03": {
      "type": "Point",
      "tm": [
        [
          0.888859,
          0.0,
          0.458177
        ],
        [
          0.0,
          1.0,
          0.0
        ],
        [
          -0.458177,
          0.0,
          0.888859
        ],
        [
          17514.5,
          113.627,
          -5148.35
        ]
      ],
      "objLayer": 0,
      "props": {}
    },
    "bdt_t1_bomb_zone_07_aaa_point_04": {
      "type": "Point",
      "tm": [
        [
          0.888859,
          0.0,
          0.458177
        ],
        [
          0.0,
          1.0,
          0.0
        ],
        [
          -0.458177,
          0.0,
          0.888859
        ],
        [
          16846.0,
          123.057,
          -4920.66
        ]
      ],
      "objLayer": 0,
      "props": {}
    },
    "bdt_t1_bomb_zone_08_aaa_point_01": {
      "type": "Point",
      "tm": [
        [
          0.975135,
          0.0,
          -0.221604
        ],
        [
          0.0,
          1.0,
          0.0
        ],
        [
          0.221604,
          0.0,
          0.975135
        ],
        [
          8389.48,
          213.601,
          12165.8
        ]
      ],
      "objLayer": 0,
      "props": {}
    },
    "bdt_t1_bomb_zone_08_aaa_point_02": {
      "type": "Point",
      "tm": [
        [
          0.975135,
          0.0,
          -0.221604
        ],
        [
          0.0,
          1.0,
          0.0
        ],
        [
          0.221604,
          0.0,
          0.975135
        ],
        [
          8096.08,
          270.961,
          11807.8
        ]
      ],
      "objLayer": 0,
      "props": {}
    },
    "bdt_t1_bomb_zone_08_aaa_point_03": {
      "type": "Point",
      "tm": [
        [
          0.975135,
          0.0,
          -0.221604
        ],
        [
          0.0,
          1.0,
          0.0
        ],
        [
          0.221604,
          0.0,
          0.975135
        ],
        [
          8379.88,
          268.531,
          11497.7
        ]
      ],
      "objLayer": 0,
      "props": {}
    },
    "bdt_t1_bomb_zone_08_aaa_point_04": {
      "type": "Point",
      "tm": [
        [
          0.975135,
          0.0,
          -0.221604
        ],
        [
          0.0,
          1.0,
          0.0
        ],
        [
          0.221604,
          0.0,
          0.975135
        ],
        [
          8664.88,
          271.651,
          11800.6
        ]
      ],
      "objLayer": 0,
      "props": {}
    },
    "bdt_t1_bomb_zone_09_aaa_point_01": {
      "type": "Point",
      "tm": [
        [
          0.832559,
          0.0,
          0.553933
        ],
        [
          0.0,
          1.0,
          0.0
        ],
        [
          -0.553933,
          0.0,
          0.832559
        ],
        [
          16136.9,
          288.631,
          4155.26
        ]
      ],
      "objLayer": 0,
      "props": {}
    },
    "bdt_t1_bomb_zone_09_aaa_point_02": {
      "type": "Point",
      "tm": [
        [
          0.832559,
          0.0,
          0.553933
        ],
        [
          0.0,
          1.0,
          0.0
        ],
        [
          -0.553933,
          0.0,
          0.832559
        ],
        [
          16571.0,
          280.121,
          3919.66
        ]
      ],
      "objLayer": 0,
      "props": {}
    },
    "bdt_t1_bomb_zone_09_aaa_point_03": {
      "type": "Point",
      "tm": [
        [
          0.832559,
          0.0,
          0.553933
        ],
        [
          0.0,
          1.0,
          0.0
        ],
        [
          -0.553933,
          0.0,
          0.832559
        ],
        [
          16221.7,
          294.331,
          4703.86
        ]
      ],
      "objLayer": 0,
      "props": {}
    },
    "bdt_t1_bomb_zone_09_aaa_point_04": {
      "type": "Point",
      "tm": [
        [
          0.832559,
          0.0,
          0.553933
        ],
        [
          0.0,
          1.0,
          0.0
        ],
        [
          -0.553933,
          0.0,
          0.832559
        ],
        [
          16931.4,
          280.711,
          4197.56
        ]
      ],
      "objLayer": 0,
      "props": {}
    },
