{
  "selected_tag": "",
  "bin_dump_file": "",
  "mission_settings": {
    "player": {
      "army": 1
    },
    "player_teamB": {
      "army": 2
    },
    "mission": {
      "level": "levels/ruhr.bin",
      "type": "singleMission",
      "environment": "Day",
      "weather": "hazy"
    }
  },
  "imports": {},
  "triggers": {
    "isCategory": true,
    "is_enabled": true,
    "fields_high_start": {
      "is_enabled": true,
      "comments": "",
      "props": {
        "actionsType": "PERFORM_ONE_BY_ONE",
        "conditionsType": "ALL",
        "enableAfterComplete": false
      },
      "events": {
        "initMission": {}
      },
      "conditions": {},
      "actions": {
        "varSetInt": [
          {
            "value": 0,
            "var": [
              "ft_t1_max_near_airfields_count",
              "ft_t2_max_near_airfields_count"
            ]
          },
          {
            "value": 0,
            "var": [
              "ft_t1_max_mid_airfields_count",
              "ft_t2_max_mid_airfields_count"
            ]
          },
          {
            "value": 3,
            "var": [
              "ft_t1_max_far_airfields_count",
              "ft_t2_max_far_airfields_count"
            ]
          }
        ],
        "comment": {
          "value": ""
        },
        "varSetReal": {
          "value": 15000.0,
          "var": "ft_generate_distance_between"
        }
      },
      "else_actions": {}
    }
  },
  "mission_objectives": {
    "isCategory": true,
    "is_enabled": true
  },
  "variables": {},
  "dialogs": {},
  "airfields": {},
  "effects": {},
  "units": {
    "objectGroups": [
      {
        "name": "ft_t1_airfield_01_01",
        "tm": [
          [
            -0.976295,
            0.0,
            0.216439
          ],
          [
            0.0,
            1.0,
            0.0
          ],
          [
            -0.216439,
            0.0,
            -0.976295
          ],
          [
            -22845.8,
            11.4599,
            22191.7
          ]
        ],
        "unit_class": "dynaf_universal_1line_3000_a",
        "objLayer": 2,
        "props": {
          "army": 1,
          "active": false
        }
      },
      {
        "name": "ft_t1_airfield_01_02",
        "tm": [
          [
            -0.766044,
            0.0,
            -0.642788
          ],
          [
            0.0,
            1.0,
            0.0
          ],
          [
            0.642788,
            0.0,
            -0.766044
          ],
          [
            -23111.6,
            20.5,
            -24488.5
          ]
        ],
        "unit_class": "dynaf_universal_1line_3000_a",
        "objLayer": 2,
        "props": {
          "army": 1,
          "active": false
        }
      },
      {
        "name": "ft_t1_airfield_01_03",
        "tm": [
          [
            -0.642787,
            0.0,
            0.766044
          ],
          [
            0.0,
            1.0,
            0.0
          ],
          [
            -0.766044,
            0.0,
            -0.642787
          ],
          [
            -23695.2,
            13.0999,
            4804.1
          ]
        ],
        "unit_class": "dynaf_universal_1line_3000_a",
        "objLayer": 2,
        "props": {
          "army": 1,
          "active": false
        }
      },
      {
        "name": "ft_t1_airfield_02_01",
        "tm": [
          [
            -0.999048,
            0.0,
            0.0436193
          ],
          [
            0.0,
            1.0,
            0.0
          ],
          [
            -0.0436193,
            0.0,
            -0.999048
          ],
          [
            -17813.6,
            13.3997,
            14908.3
          ]
        ],
        "unit_class": "dynaf_universal_1line_3000_a",
        "objLayer": 2,
        "props": {
          "army": 1,
          "active": false
        }
      },
      {
        "name": "ft_t1_airfield_02_02",
        "tm": [
          [
            -0.766044,
            0.0,
            -0.642787
          ],
          [
            0.0,
            1.0,
            0.0
          ],
          [
            0.642787,
            0.0,
            -0.766044
          ],
          [
            -19506.1,
            17.7,
            -13372.9
          ]
        ],
        "unit_class": "dynaf_universal_1line_3000_a",
        "objLayer": 2,
        "props": {
          "army": 1,
          "active": false
        }
      },
      {
        "name": "ft_t2_airfield_01_01",
        "tm": [
          [
            0.984807,
            0.0,
            -0.173648
          ],
          [
            0.0,
            1.0,
            0.0
          ],
          [
            0.173648,
            0.0,
            0.984807
          ],
          [
            23256.3,
            124.601,
            -17082.3
          ]
        ],
        "unit_class": "dynaf_universal_1line_3000_a",
        "objLayer": 2,
        "props": {
          "army": 2,
          "active": false
        }
      },
      {
        "name": "ft_t2_airfield_01_02",
        "tm": [
          [
            0.984808,
            0.0,
            -0.173649
          ],
          [
            0.0,
            1.0,
            0.0
          ],
          [
            0.173649,
            0.0,
            0.984808
          ],
          [
            24355.0,
            35.1101,
            7081.0
          ]
        ],
        "unit_class": "dynaf_universal_1line_3000_a",
        "objLayer": 2,
        "props": {
          "army": 2,
          "active": false
        }
      },
      {
        "name": "ft_t2_airfield_01_03",
        "tm": [
          [
            0.991445,
            0.0,
            -0.130526
          ],
          [
            0.0,
            1.0,
            0.0
          ],
          [
            0.130526,
            0.0,
            0.991445
          ],
          [
            21833.7,
            24.9001,
            22043.9
          ]
        ],
        "unit_class": "dynaf_universal_1line_3000_a",
        "objLayer": 2,
        "props": {
          "army": 2,
          "active": false
        }
      },
      {
        "name": "ft_t2_airfield_02_01",
        "tm": [
          [
            0.766045,
            0.0,
            0.642787
          ],
          [
            0.0,
            1.0,
            0.0
          ],
          [
            -0.642787,
            0.0,
            0.766045
          ],
          [
            18169.2,
            83.8002,
            -8028.15
          ]
        ],
        "unit_class": "dynaf_universal_1line_3000_a",
        "objLayer": 2,
        "props": {
          "army": 2,
          "active": false
        }
      },
      {
        "name": "ft_t2_airfield_02_02",
        "tm": [
          [
            0.984808,
            0.0,
            0.173648
          ],
          [
            0.0,
            1.0,
            0.0
          ],
          [
            -0.173648,
            0.0,
            0.984808
          ],
          [
            17269.1,
            35.5001,
            8981.4
          ]
        ],
        "unit_class": "dynaf_universal_1line_3000_a",
        "objLayer": 2,
        "props": {
          "army": 2,
          "active": false
        }
      },
      {
        "name": "ft_t1_airfield_02_03",
        "tm": [
          [
            -0.766044,
            0.0,
            -0.642787
          ],
          [
            0.0,
            1.0,
            0.0
          ],
          [
            0.642787,
            0.0,
            -0.766044
          ],
          [
            -20999.1,
            15.2883,
            -3419.9
          ]
        ],
        "unit_class": "dynaf_universal_1line_3000_a",
        "objLayer": 2,
        "props": {
          "army": 1,
          "active": false
        }
      },
      {
        "name": "ft_t2_airfield_02_03",
        "tm": [
          [
            0.984808,
            0.0,
            -0.173648
          ],
          [
            0.0,
            1.0,
            0.0
          ],
          [
            0.173648,
            0.0,
            0.984808
          ],
          [
            20582.6,
            52.1001,
            906.15
          ]
        ],
        "unit_class": "dynaf_universal_1line_3000_a",
        "objLayer": 2,
        "props": {
          "army": 2,
          "active": false
        }
      },
      {
        "name": "ft_t1_airfield_01_04",
        "tm": [
          [
            -0.976295,
            0.0,
            0.216439
          ],
          [
            0.0,
            1.0,
            0.0
          ],
          [
            -0.216439,
            0.0,
            -0.976295
          ],
          [
            -23976.8,
            10.8385,
            13108.3
          ]
        ],
        "unit_class": "dynaf_universal_1line_3000_a",
        "objLayer": 2,
        "props": {
          "army": 1,
          "active": false
        }
      },
      {
        "name": "ft_t1_airfield_01_05",
        "tm": [
          [
            -0.998797,
            0.0,
            -0.0490133
          ],
          [
            0.0,
            1.0,
            0.0
          ],
          [
            0.0490133,
            0.0,
            -0.998797
          ],
          [
            -24027.5,
            18.5372,
            -11057.0
          ]
        ],
        "unit_class": "dynaf_universal_1line_3000_a",
        "objLayer": 2,
        "props": {
          "army": 1,
          "active": false
        }
      },
      {
        "name": "ft_t1_airfield_02_04",
        "tm": [
          [
            -0.885151,
            0.0,
            -0.465302
          ],
          [
            0.0,
            1.0,
            0.0
          ],
          [
            0.465302,
            0.0,
            -0.885151
          ],
          [
            -18950.9,
            12.7488,
            2269.53
          ]
        ],
        "unit_class": "dynaf_universal_1line_3000_a",
        "objLayer": 2,
        "props": {
          "army": 1,
          "active": false
        }
      },
      {
        "name": "ft_t1_airfield_02_05",
        "tm": [
          [
            -0.999048,
            0.0,
            0.0436193
          ],
          [
            0.0,
            1.0,
            0.0
          ],
          [
            -0.0436193,
            0.0,
            -0.999048
          ],
          [
            -18316.8,
            10.6967,
            21731.9
          ]
        ],
        "unit_class": "dynaf_universal_1line_3000_a",
        "objLayer": 2,
        "props": {
          "army": 1,
          "active": false
        }
      },
      {
        "name": "ft_t2_airfield_02_04",
        "tm": [
          [
            0.587028,
            0.0,
            -0.809566
          ],
          [
            0.0,
            1.0,
            0.0
          ],
          [
            0.809566,
            0.0,
            0.587028
          ],
          [
            20757.8,
            145.1,
            -21705.8
          ]
        ],
        "unit_class": "dynaf_universal_1line_3000_a",
        "objLayer": 2,
        "props": {
          "army": 2,
          "active": false
        }
      },
      {
        "name": "ft_t2_airfield_02_05",
        "tm": [
          [
            0.984808,
            0.0,
            0.173648
          ],
          [
            0.0,
            1.0,
            0.0
          ],
          [
            -0.173648,
            0.0,
            0.984808
          ],
          [
            17634.7,
            31.9141,
            19895.8
          ]
        ],
        "unit_class": "dynaf_universal_1line_3000_a",
        "objLayer": 2,
        "props": {
          "army": 2,
          "active": false
        }
      },
      {
        "name": "ft_t2_airfield_01_04",
        "tm": [
          [
            0.984808,
            0.0,
            -0.173649
          ],
          [
            0.0,
            1.0,
            0.0
          ],
          [
            0.173649,
            0.0,
            0.984808
          ],
          [
            25025.5,
            41.5756,
            13541.8
          ]
        ],
        "unit_class": "dynaf_universal_1line_3000_a",
        "objLayer": 2,
        "props": {
          "army": 2,
          "active": false
        }
      },
      {
        "name": "ft_t2_airfield_01_05",
        "tm": [
          [
            0.897924,
            0.0,
            0.440151
          ],
          [
            0.0,
            1.0,
            0.0
          ],
          [
            -0.440151,
            0.0,
            0.897924
          ],
          [
            24037.5,
            91.5305,
            -1057.09
          ]
        ],
        "unit_class": "dynaf_universal_1line_3000_a",
        "objLayer": 2,
        "props": {
          "army": 2,
          "active": false
        }
      }
    ],
    "squad": [
      {
        "name": "ft_t1_airfields_squad",
        "tm": [
          [
            -1.0,
            0.0,
            -5.96046E-08
          ],
          [
            0.0,
            1.0,
            0.0
          ],
          [
            5.96046E-08,
            0.0,
            -1.0
          ],
          [
            -20419.1,
            3.85,
            -37455.6
          ]
        ],
        "props": {
          "squad_members": [
            "ft_t1_airfield_01_01",
            "ft_t1_airfield_01_02",
            "ft_t1_airfield_01_03",
            "ft_t1_airfield_01_04",
            "ft_t1_airfield_01_05",
            "ft_t1_airfield_02_01",
            "ft_t1_airfield_02_02",
            "ft_t1_airfield_02_03",
            "ft_t1_airfield_02_04",
            "ft_t1_airfield_02_05"
          ],
          "object_marking": 0
        }
      },
      {
        "name": "ft_t2_airfields_squad",
        "tm": [
          [
            -1.0,
            0.0,
            -5.96046E-08
          ],
          [
            0.0,
            1.0,
            0.0
          ],
          [
            5.96046E-08,
            0.0,
            -1.0
          ],
          [
            17469.0,
            140.352,
            -31903.9
          ]
        ],
        "props": {
          "squad_members": [
            "ft_t2_airfield_01_01",
            "ft_t2_airfield_01_02",
            "ft_t2_airfield_01_03",
            "ft_t2_airfield_01_04",
            "ft_t2_airfield_01_05",
            "ft_t2_airfield_02_01",
            "ft_t2_airfield_02_02",
            "ft_t2_airfield_02_03",
            "ft_t2_airfield_02_04",
            "ft_t2_airfield_02_05"
          ],
          "object_marking": 0
        }
      }
    ]
  },
  "areas": {
    "ft_t2_airfield_01_01_bomb_zone": {
      "type": "Box",
      "tm": [
        [
          -3151.39,
          0.0,
          555.674
        ],
        [
          0.0,
          1000.0,
          0.0
        ],
        [
          -208.378,
          0.0,
          -1181.77
        ],
        [
          23233.3,
          70.8,
          -17200.0
        ]
      ],
      "objLayer": 0,
      "props": {}
    },
    "ft_t2_airfield_01_02_bomb_zone": {
      "type": "Box",
      "tm": [
        [
          -3151.38,
          0.0,
          555.68
        ],
        [
          0.0,
          1000.0,
          0.0
        ],
        [
          -208.378,
          0.0,
          -1181.77
        ],
        [
          24323.4,
          -53.7148,
          6991.99
        ]
      ],
      "objLayer": 0,
      "props": {}
    },
    "ft_t2_airfield_01_03_bomb_zone": {
      "type": "Box",
      "tm": [
        [
          -3187.82,
          0.0,
          278.898
        ],
        [
          0.0,
          1000.0,
          0.0
        ],
        [
          -104.587,
          0.0,
          -1195.43
        ],
        [
          21807.7,
          -24.0561,
          22113.3
        ]
      ],
      "objLayer": 0,
      "props": {}
    },
    "ft_t2_airfield_02_01_bomb_zone": {
      "type": "Box",
      "tm": [
        [
          -2359.28,
          0.0,
          -2161.9
        ],
        [
          0.0,
          1000.0,
          0.0
        ],
        [
          810.708,
          0.0,
          -884.733
        ],
        [
          18231.0,
          22.7,
          -7995.21
        ]
      ],
      "objLayer": 0,
      "props": {}
    },
    "ft_t2_airfield_02_02_bomb_zone": {
      "type": "Box",
      "tm": [
        [
          -3124.15,
          0.0,
          -692.607
        ],
        [
          0.0,
          1000.0,
          0.0
        ],
        [
          259.728,
          0.0,
          -1171.56
        ],
        [
          17244.3,
          -19.7,
          8993.71
        ]
      ],
      "objLayer": 0,
      "props": {}
    },
    "ft_t1_airfield_01_01_bomb_zone": {
      "type": "Box",
      "tm": [
        [
          -3124.15,
          0.0,
          692.603
        ],
        [
          0.0,
          1000.0,
          0.0
        ],
        [
          -259.727,
          0.0,
          -1171.56
        ],
        [
          -22815.2,
          -54.0,
          22295.9
        ]
      ],
      "objLayer": 0,
      "props": {}
    },
    "ft_t1_airfield_01_03_bomb_zone": {
      "type": "Box",
      "tm": [
        [
          -2056.92,
          0.0,
          2451.34
        ],
        [
          0.0,
          1000.0,
          0.0
        ],
        [
          -919.252,
          0.0,
          -771.346
        ],
        [
          -23634.2,
          -37.6175,
          4913.18
        ]
      ],
      "objLayer": 0,
      "props": {}
    },
    "ft_t1_airfield_01_02_bomb_zone": {
      "type": "Box",
      "tm": [
        [
          -2451.34,
          0.0,
          -2056.92
        ],
        [
          0.0,
          1000.0,
          0.0
        ],
        [
          771.346,
          0.0,
          -919.252
        ],
        [
          -23224.5,
          -29.6133,
          -24477.4
        ]
      ],
      "objLayer": 0,
      "props": {}
    },
    "ft_t1_airfield_02_01_bomb_zone": {
      "type": "Box",
      "tm": [
        [
          -3196.95,
          0.0,
          139.583
        ],
        [
          0.0,
          1000.0,
          0.0
        ],
        [
          -52.3431,
          0.0,
          -1198.86
        ],
        [
          -17906.1,
          -40.0077,
          14834.1
        ]
      ],
      "objLayer": 0,
      "props": {}
    },
    "ft_t1_airfield_02_02_bomb_zone": {
      "type": "Box",
      "tm": [
        [
          -2359.29,
          0.0,
          -2161.88
        ],
        [
          0.0,
          1000.0,
          0.0
        ],
        [
          810.708,
          0.0,
          -884.733
        ],
        [
          -19524.0,
          -32.9303,
          -13422.5
        ]
      ],
      "objLayer": 0,
      "props": {}
    },
    "ft_t1_airfield_01_01_spawn_01": {
      "type": "Point",
      "tm": [
        [
          -0.737278,
          0.0,
          0.67559
        ],
        [
          0.0,
          1.0,
          0.0
        ],
        [
          -0.67559,
          0.0,
          -0.737278
        ],
        [
          -23748.0,
          11.7745,
          22893.1
        ]
      ],
      "objLayer": 0,
      "props": {}
    },
    "ft_t1_airfield_01_01_spawn_02": {
      "type": "Point",
      "tm": [
        [
          -0.737278,
          0.0,
          0.67559
        ],
        [
          0.0,
          1.0,
          0.0
        ],
        [
          -0.67559,
          0.0,
          -0.737278
        ],
        [
          -21788.5,
          12.1771,
          22490.2
        ]
      ],
      "objLayer": 0,
      "props": {}
    },
    "ft_t1_airfield_01_01_spawn_03": {
      "type": "Point",
      "tm": [
        [
          -0.737278,
          0.0,
          0.67559
        ],
        [
          0.0,
          1.0,
          0.0
        ],
        [
          -0.67559,
          0.0,
          -0.737278
        ],
        [
          -21666.5,
          15.8527,
          21315.3
        ]
      ],
      "objLayer": 0,
      "props": {}
    },
    "ft_t1_airfield_01_01_spawn_04": {
      "type": "Point",
      "tm": [
        [
          -0.793353,
          0.0,
          0.608761
        ],
        [
          0.0,
          1.0,
          0.0
        ],
        [
          -0.608761,
          0.0,
          -0.793353
        ],
        [
          -23920.9,
          9.358,
          21945.0
        ]
      ],
      "objLayer": 0,
      "props": {}
    },
    "ft_t1_airfield_01_01_spawn_05": {
      "type": "Point",
      "tm": [
        [
          -0.737278,
          0.0,
          0.67559
        ],
        [
          0.0,
          1.0,
          0.0
        ],
        [
          -0.67559,
          0.0,
          -0.737278
        ],
        [
          -22019.4,
          11.5519,
          22526.9
        ]
      ],
      "objLayer": 0,
      "props": {}
    },
    "ft_t1_airfield_01_01_spawn_06": {
      "type": "Point",
      "tm": [
        [
          -0.737278,
          0.0,
          0.67559
        ],
        [
          0.0,
          1.0,
          0.0
        ],
        [
          -0.67559,
          0.0,
          -0.737278
        ],
        [
          -22113.8,
          13.6251,
          21528.2
        ]
      ],
      "objLayer": 0,
      "props": {}
    },
    "ft_t1_airfield_01_01_spawn_07": {
      "type": "Point",
      "tm": [
        [
          -0.737278,
          0.0,
          0.67559
        ],
        [
          0.0,
          1.0,
          0.0
        ],
        [
          -0.67559,
          0.0,
          -0.737278
        ],
        [
          -22392.3,
          11.4924,
          22633.1
        ]
      ],
      "objLayer": 0,
      "props": {}
    },
    "ft_t1_airfield_01_01_spawn_08": {
      "type": "Point",
      "tm": [
        [
          -0.737278,
          0.0,
          0.67559
        ],
        [
          0.0,
          1.0,
          0.0
        ],
        [
          -0.67559,
          0.0,
          -0.737278
        ],
        [
          -23470.0,
          11.6728,
          22847.6
        ]
      ],
      "objLayer": 0,
      "props": {}
    },
    "ft_t1_airfield_01_01_spawn_09": {
      "type": "Point",
      "tm": [
        [
          -0.737278,
          0.0,
          0.67559
        ],
        [
          0.0,
          1.0,
          0.0
        ],
        [
          -0.67559,
          0.0,
          -0.737278
        ],
        [
          -22966.0,
          8.54321,
          21600.4
        ]
      ],
      "objLayer": 0,
      "props": {}
    },
    "ft_t1_airfield_01_01_spawn_10": {
      "type": "Point",
      "tm": [
        [
          -0.737278,
          0.0,
          0.67559
        ],
        [
          0.0,
          1.0,
          0.0
        ],
        [
          -0.67559,
          0.0,
          -0.737278
        ],
        [
          -23399.5,
          9.32739,
          21716.7
        ]
      ],
      "objLayer": 0,
      "props": {}
    },
    "ft_t1_airfield_01_01_spawn_11": {
      "type": "Point",
      "tm": [
        [
          -0.737278,
          0.0,
          0.67559
        ],
        [
          0.0,
          1.0,
          0.0
        ],
        [
          -0.67559,
          0.0,
          -0.737278
        ],
        [
          -22740.8,
          13.58,
          22709.4
        ]
      ],
      "objLayer": 0,
      "props": {}
    },
    "ft_t1_airfield_01_01_spawn_12": {
      "type": "Point",
      "tm": [
        [
          -0.737278,
          0.0,
          0.67559
        ],
        [
          0.0,
          1.0,
          0.0
        ],
        [
          -0.67559,
          0.0,
          -0.737278
        ],
        [
          -23068.6,
          12.7246,
          22848.1
        ]
      ],
      "objLayer": 0,
      "props": {}
    },
    "ft_t1_airfield_01_01_spawn_13": {
      "type": "Point",
      "tm": [
        [
          -0.737278,
          0.0,
          0.67559
        ],
        [
          0.0,
          1.0,
          0.0
        ],
        [
          -0.67559,
          0.0,
          -0.737278
        ],
        [
          -22446.3,
          9.23459,
          21580.3
        ]
      ],
      "objLayer": 0,
      "props": {}
    },
    "ft_t1_airfield_01_01_spawn_14": {
      "type": "Point",
      "tm": [
        [
          -0.737278,
          0.0,
          0.67559
        ],
        [
          0.0,
          1.0,
          0.0
        ],
        [
          -0.67559,
          0.0,
          -0.737278
        ],
        [
          -22679.0,
          9.16635,
          21640.4
        ]
      ],
      "objLayer": 0,
      "props": {}
    },
    "ft_t1_airfield_01_02_spawn_01": {
      "type": "Point",
      "tm": [
        [
          -1.0,
          0.0,
          -5.96046E-08
        ],
        [
          0.0,
          1.0,
          0.0
        ],
        [
          5.96046E-08,
          0.0,
          -1.0
        ],
        [
          -22244.4,
          24.579,
          -24642.5
        ]
      ],
      "objLayer": 0,
      "props": {}
    },
    "ft_t1_airfield_01_02_spawn_02": {
      "type": "Point",
      "tm": [
        [
          -1.0,
          0.0,
          -5.96046E-08
        ],
        [
          0.0,
          1.0,
          0.0
        ],
        [
          5.96046E-08,
          0.0,
          -1.0
        ],
        [
          -22409.0,
          21.0999,
          -23271.4
        ]
      ],
      "objLayer": 0,
      "props": {}
    },
    "ft_t1_airfield_01_02_spawn_03": {
      "type": "Point",
      "tm": [
        [
          -1.0,
          0.0,
          -5.96046E-08
        ],
        [
          0.0,
          1.0,
          0.0
        ],
        [
          5.96046E-08,
          0.0,
          -1.0
        ],
        [
          -23102.7,
          20.5936,
          -23733.8
        ]
      ],
      "objLayer": 0,
      "props": {}
    },
    "ft_t1_airfield_01_02_spawn_04": {
      "type": "Point",
      "tm": [
        [
          -1.0,
          0.0,
          -5.96046E-08
        ],
        [
          0.0,
          1.0,
          0.0
        ],
        [
          5.96046E-08,
          0.0,
          -1.0
        ],
        [
          -24666.4,
          27.9279,
          -24937.7
        ]
      ],
      "objLayer": 0,
      "props": {}
    },
    "ft_t1_airfield_01_02_spawn_05": {
      "type": "Point",
      "tm": [
        [
          -1.0,
          0.0,
          -5.96046E-08
        ],
        [
          0.0,
          1.0,
          0.0
        ],
        [
          5.96046E-08,
          0.0,
          -1.0
        ],
        [
          -23535.1,
          29.9583,
          -25494.0
        ]
      ],
      "objLayer": 0,
      "props": {}
    },
    "ft_t1_airfield_01_02_spawn_06": {
      "type": "Point",
      "tm": [
        [
          -1.0,
          0.0,
          -5.96046E-08
        ],
        [
          0.0,
          1.0,
          0.0
        ],
        [
          5.96046E-08,
          0.0,
          -1.0
        ],
        [
          -22768.5,
          28.3781,
          -24918.2
        ]
      ],
      "objLayer": 0,
      "props": {}
    },
    "ft_t1_airfield_01_02_spawn_07": {
      "type": "Point",
      "tm": [
        [
          -1.0,
          0.0,
          -5.96046E-08
        ],
        [
          0.0,
          1.0,
          0.0
        ],
        [
          5.96046E-08,
          0.0,
          -1.0
        ],
        [
          -21987.2,
          23.4235,
          -24448.2
        ]
      ],
      "objLayer": 0,
      "props": {}
    },
    "ft_t1_airfield_01_02_spawn_08": {
      "type": "Point",
      "tm": [
        [
          -1.0,
          0.0,
          -5.96046E-08
        ],
        [
          0.0,
          1.0,
          0.0
        ],
        [
          5.96046E-08,
          0.0,
          -1.0
        ],
        [
          -22865.3,
          20.6403,
          -23582.4
        ]
      ],
      "objLayer": 0,
      "props": {}
    },
    "ft_t1_airfield_01_02_spawn_09": {
      "type": "Point",
      "tm": [
        [
          -1.0,
          0.0,
          -5.96046E-08
        ],
        [
          0.0,
          1.0,
          0.0
        ],
        [
          5.96046E-08,
          0.0,
          -1.0
        ],
        [
          -24269.3,
          21.8942,
          -24735.0
        ]
      ],
      "objLayer": 0,
      "props": {}
    },
    "ft_t1_airfield_01_02_spawn_10": {
      "type": "Point",
      "tm": [
        [
          -1.0,
          0.0,
          -5.96046E-08
        ],
        [
          0.0,
          1.0,
          0.0
        ],
        [
          5.96046E-08,
          0.0,
          -1.0
        ],
        [
          -22469.3,
          25.8943,
          -24765.6
        ]
      ],
      "objLayer": 0,
      "props": {}
    },
    "ft_t1_airfield_01_02_spawn_11": {
      "type": "Point",
      "tm": [
        [
          -1.0,
          0.0,
          -5.96046E-08
        ],
        [
          0.0,
          1.0,
          0.0
        ],
        [
          5.96046E-08,
          0.0,
          -1.0
        ],
        [
          -23360.3,
          21.8323,
          -23901.4
        ]
      ],
      "objLayer": 0,
      "props": {}
    },
    "ft_t1_airfield_01_02_spawn_12": {
      "type": "Point",
      "tm": [
        [
          -1.0,
          0.0,
          -5.96046E-08
        ],
        [
          0.0,
          1.0,
          0.0
        ],
        [
          5.96046E-08,
          0.0,
          -1.0
        ],
        [
          -23628.4,
          23.3129,
          -24040.7
        ]
      ],
      "objLayer": 0,
      "props": {}
    },
    "ft_t1_airfield_01_02_spawn_13": {
      "type": "Point",
      "tm": [
        [
          -1.0,
          0.0,
          -5.96046E-08
        ],
        [
          0.0,
          1.0,
          0.0
        ],
        [
          5.96046E-08,
          0.0,
          -1.0
        ],
        [
          -23004.3,
          29.0055,
          -25075.9
        ]
      ],
      "objLayer": 0,
      "props": {}
    },
    "ft_t1_airfield_01_02_spawn_14": {
      "type": "Point",
      "tm": [
        [
          -1.0,
          0.0,
          -5.96046E-08
        ],
        [
          0.0,
          1.0,
          0.0
        ],
        [
          5.96046E-08,
          0.0,
          -1.0
        ],
        [
          -23251.2,
          29.2871,
          -25306.3
        ]
      ],
      "objLayer": 0,
      "props": {}
    },
    "ft_t1_airfield_01_03_spawn_01": {
      "type": "Point",
      "tm": [
        [
          -0.991445,
          0.0,
          -0.130526
        ],
        [
          0.0,
          1.0,
          0.0
        ],
        [
          0.130526,
          0.0,
          -0.991445
        ],
        [
          -23331.5,
          14.9434,
          3593.86
        ]
      ],
      "objLayer": 0,
      "props": {}
    },
    "ft_t1_airfield_01_03_spawn_02": {
      "type": "Point",
      "tm": [
        [
          -0.991445,
          0.0,
          -0.130526
        ],
        [
          0.0,
          1.0,
          0.0
        ],
        [
          0.130526,
          0.0,
          -0.991445
        ],
        [
          -22508.7,
          14.4456,
          4565.31
        ]
      ],
      "objLayer": 0,
      "props": {}
    },
    "ft_t1_airfield_01_03_spawn_03": {
      "type": "Point",
      "tm": [
        [
          -0.991445,
          0.0,
          -0.130526
        ],
        [
          0.0,
          1.0,
          0.0
        ],
        [
          0.130526,
          0.0,
          -0.991445
        ],
        [
          -22689.1,
          13.5648,
          4756.21
        ]
      ],
      "objLayer": 0,
      "props": {}
    },
    "ft_t1_airfield_01_03_spawn_04": {
      "type": "Point",
      "tm": [
        [
          -0.991445,
          0.0,
          -0.130526
        ],
        [
          0.0,
          1.0,
          0.0
        ],
        [
          0.130526,
          0.0,
          -0.991445
        ],
        [
          -23512.0,
          28.1357,
          3525.78
        ]
      ],
      "objLayer": 0,
      "props": {}
    },
    "ft_t1_airfield_01_03_spawn_05": {
      "type": "Point",
      "tm": [
        [
          -0.991445,
          0.0,
          -0.130526
        ],
        [
          0.0,
          1.0,
          0.0
        ],
        [
          0.130526,
          0.0,
          -0.991445
        ],
        [
          -23350.1,
          13.0519,
          5271.0
        ]
      ],
      "objLayer": 0,
      "props": {}
    },
    "ft_t1_airfield_01_03_spawn_06": {
      "type": "Point",
      "tm": [
        [
          -0.991445,
          0.0,
          -0.130526
        ],
        [
          0.0,
          1.0,
          0.0
        ],
        [
          0.130526,
          0.0,
          -0.991445
        ],
        [
          -23964.7,
          13.4828,
          5860.1
        ]
      ],
      "objLayer": 0,
      "props": {}
    },
    "ft_t1_airfield_01_03_spawn_07": {
      "type": "Point",
      "tm": [
        [
          -0.991445,
          0.0,
          -0.130526
        ],
        [
          0.0,
          1.0,
          0.0
        ],
        [
          0.130526,
          0.0,
          -0.991445
        ],
        [
          -24864.4,
          13.0508,
          5241.15
        ]
      ],
      "objLayer": 0,
      "props": {}
    },
    "ft_t1_airfield_01_03_spawn_08": {
      "type": "Point",
      "tm": [
        [
          -0.991445,
          0.0,
          -0.130526
        ],
        [
          0.0,
          1.0,
          0.0
        ],
        [
          0.130526,
          0.0,
          -0.991445
        ],
        [
          -23576.6,
          12.8074,
          5760.46
        ]
      ],
      "objLayer": 0,
      "props": {}
    },
    "ft_t1_airfield_01_03_spawn_09": {
      "type": "Point",
      "tm": [
        [
          -0.991445,
          0.0,
          -0.130526
        ],
        [
          0.0,
          1.0,
          0.0
        ],
        [
          0.130526,
          0.0,
          -0.991445
        ],
        [
          -23169.1,
          12.8955,
          5028.34
        ]
      ],
      "objLayer": 0,
      "props": {}
    },
    "ft_t1_airfield_01_03_spawn_10": {
      "type": "Point",
      "tm": [
        [
          -0.991445,
          0.0,
          -0.130526
        ],
        [
          0.0,
          1.0,
          0.0
        ],
        [
          0.130526,
          0.0,
          -0.991445
        ],
        [
          -24068.8,
          13.1143,
          4539.37
        ]
      ],
      "objLayer": 0,
      "props": {}
    },
    "ft_t1_airfield_01_03_spawn_11": {
      "type": "Point",
      "tm": [
        [
          -0.991445,
          0.0,
          -0.130526
        ],
        [
          0.0,
          1.0,
          0.0
        ],
        [
          0.130526,
          0.0,
          -0.991445
        ],
        [
          -23686.7,
          14.6702,
          3983.9
        ]
      ],
      "objLayer": 0,
      "props": {}
    },
    "ft_t1_airfield_01_03_spawn_12": {
      "type": "Point",
      "tm": [
        [
          -0.991445,
          0.0,
          -0.130526
        ],
        [
          0.0,
          1.0,
          0.0
        ],
        [
          0.130526,
          0.0,
          -0.991445
        ],
        [
          -22920.1,
          12.6216,
          5030.76
        ]
      ],
      "objLayer": 0,
      "props": {}
    },
    "ft_t1_airfield_01_03_spawn_13": {
      "type": "Point",
      "tm": [
        [
          -0.991445,
          0.0,
          -0.130526
        ],
        [
          0.0,
          1.0,
          0.0
        ],
        [
          0.130526,
          0.0,
          -0.991445
        ],
        [
          -24534.7,
          13.8772,
          5072.9
        ]
      ],
      "objLayer": 0,
      "props": {}
    },
    "ft_t1_airfield_01_03_spawn_14": {
      "type": "Point",
      "tm": [
        [
          -0.991445,
          0.0,
          -0.130526
        ],
        [
          0.0,
          1.0,
          0.0
        ],
        [
          0.130526,
          0.0,
          -0.991445
        ],
        [
          -24330.9,
          15.2449,
          4780.1
        ]
      ],
      "objLayer": 0,
      "props": {}
    },
    "ft_t1_airfield_02_01_spawn_01": {
      "type": "Point",
      "tm": [
        [
          -0.976296,
          0.0,
          -0.21644
        ],
        [
          0.0,
          1.0,
          0.0
        ],
        [
          0.21644,
          0.0,
          -0.976296
        ],
        [
          -16420.3,
          12.4083,
          14237.0
        ]
      ],
      "objLayer": 0,
      "props": {}
    },
    "ft_t1_airfield_02_01_spawn_02": {
      "type": "Point",
      "tm": [
        [
          -0.976296,
          0.0,
          -0.21644
        ],
        [
          0.0,
          1.0,
          0.0
        ],
        [
          0.21644,
          0.0,
          -0.976296
        ],
        [
          -16852.2,
          13.5927,
          15355.1
        ]
      ],
      "objLayer": 0,
      "props": {}
    },
    "ft_t1_airfield_02_01_spawn_03": {
      "type": "Point",
      "tm": [
        [
          -0.976296,
          0.0,
          -0.21644
        ],
        [
          0.0,
          1.0,
          0.0
        ],
        [
          0.21644,
          0.0,
          -0.976296
        ],
        [
          -18544.1,
          13.0229,
          15477.2
        ]
      ],
      "objLayer": 0,
      "props": {}
    },
    "ft_t1_airfield_02_01_spawn_04": {
      "type": "Point",
      "tm": [
        [
          -0.976296,
          0.0,
          -0.21644
        ],
        [
          0.0,
          1.0,
          0.0
        ],
        [
          0.21644,
          0.0,
          -0.976296
        ],
        [
          -19055.4,
          10.6745,
          14481.1
        ]
      ],
      "objLayer": 0,
      "props": {}
    },
    "ft_t1_airfield_02_01_spawn_05": {
      "type": "Point",
      "tm": [
        [
          -0.976296,
          0.0,
          -0.21644
        ],
        [
          0.0,
          1.0,
          0.0
        ],
        [
          0.21644,
          0.0,
          -0.976296
        ],
        [
          -18558.4,
          13.7382,
          14366.5
        ]
      ],
      "objLayer": 0,
      "props": {}
    },
    "ft_t1_airfield_02_01_spawn_06": {
      "type": "Point",
      "tm": [
        [
          -0.976296,
          0.0,
          -0.21644
        ],
        [
          0.0,
          1.0,
          0.0
        ],
        [
          0.21644,
          0.0,
          -0.976296
        ],
        [
          -18254.9,
          12.9473,
          15463.4
        ]
      ],
      "objLayer": 0,
      "props": {}
    },
    "ft_t1_airfield_02_01_spawn_07": {
      "type": "Point",
      "tm": [
        [
          -0.976296,
          0.0,
          -0.21644
        ],
        [
          0.0,
          1.0,
          0.0
        ],
        [
          0.21644,
          0.0,
          -0.976296
        ],
        [
          -17135.2,
          12.834,
          15420.9
        ]
      ],
      "objLayer": 0,
      "props": {}
    },
    "ft_t1_airfield_02_01_spawn_08": {
      "type": "Point",
      "tm": [
        [
          -0.976296,
          0.0,
