{
  "selected_tag": "",
  "bin_dump_file": "",
  "mission_settings": {
    "player": {
      "army": 1,
      "wing": ""
    },
    "player_teamB": {
      "army": 2,
      "wing": ""
    },
    "mission": {
      "level": "levels/berlin.bin",
      "type": "domination",
      "environment": "Day",
      "weather": "hazy",
      "deathPenaltyMulRounds": 0.0,
      "stars": {
        "latitude": 52.5,
        "longitude": 13.0,
        "year": 1945,
        "month": 4,
        "day": 2
      }
    },
    "spectator_points": {}
  },
  "imports": {
    "import_record": {
      "file": "gameData/missions/templates/air_templates/gs/assaults_gs_template.blk",
      "importAreas": true,
      "importUnits": true,
      "importTriggers": true,
      "importMissionObjectives": true,
      "importWayPoints": true,
      "showAreas": true,
      "showUnits": true,
      "showTriggers": true,
      "showMissionObjectives": true,
      "showWayPoints": true,
      "excludes": {}
    }
  },
  "triggers": {
    "isCategory": true,
    "is_enabled": true
  },
  "mission_objectives": {
    "isCategory": true,
    "is_enabled": true
  },
  "variables": {
    "ai_assaults_saved": 0,
    "ft_helicopters_pad_exclusive": false
  },
  "dialogs": {},
  "airfields": {},
  "effects": {},
  "units": {},
  "areas": {
    "at_area": {
      "type": "Sphere",
      "tm": [
        [
          7766.27,
          0.0,
          13988.8
        ],
        [
          0.0,
          16000.0,
          0.0
        ],
        [
          -13988.8,
          0.0,
          7766.27
        ],
        [
          -528.0,
          2500.0,
          -11069.6
        ]
      ],
      "objLayer": 0,
      "props": {}
    },
    "at_t2_spawn_01_01": {
      "type": "Point",
      "tm": [
        [
          -0.863058,
          0.0,
          0.505107
        ],
        [
          0.0,
          1.0,
          0.0
        ],
        [
          -0.505107,
          0.0,
          -0.863058
        ],
        [
          7232.6,
          2500.0,
          -12998.4
        ]
      ],
      "objLayer": 0,
      "props": {}
    },
    "at_t1_spawn_01_01": {
      "type": "Point",
      "tm": [
        [
          0.863058,
          0.0,
          -0.505107
        ],
        [
          0.0,
          1.0,
          0.0
        ],
        [
          0.505107,
          0.0,
          0.863058
        ],
        [
          -6278.38,
          2499.99,
          -5493.32
        ]
      ],
      "objLayer": 0,
      "props": {}
    },
    "at_t2_spawn_01_02": {
      "type": "Point",
      "tm": [
        [
          -0.863058,
          0.0,
          0.505107
        ],
        [
          0.0,
          1.0,
          0.0
        ],
        [
          -0.505107,
          0.0,
          -0.863058
        ],
        [
          5224.92,
          2500.0,
          -16627.7
        ]
      ],
      "objLayer": 0,
      "props": {}
    },
    "at_t1_spawn_01_02": {
      "type": "Point",
      "tm": [
        [
          0.863058,
          0.0,
          -0.505107
        ],
        [
          0.0,
          1.0,
          0.0
        ],
        [
          0.505107,
          0.0,
          0.863058
        ],
        [
          -8289.07,
          2499.99,
          -9129.04
        ]
      ],
      "objLayer": 0,
      "props": {}
    },
    "at_t1_spawn_02_01": {
      "type": "Point",
      "tm": [
        [
          0.863058,
          0.0,
          -0.505107
        ],
        [
          0.0,
          1.0,
          0.0
        ],
        [
          0.505107,
          0.0,
          0.863058
        ],
        [
          -8524.75,
          2499.99,
          -11141.4
        ]
      ],
      "objLayer": 0,
      "props": {}
    },
    "at_t1_spawn_02_02": {
      "type": "Point",
      "tm": [
        [
          0.863058,
          0.0,
          -0.505107
        ],
        [
          0.0,
          1.0,
          0.0
        ],
        [
          0.505107,
          0.0,
          0.863058
        ],
        [
          -4731.64,
          2499.99,
          -4264.14
        ]
      ],
      "objLayer": 0,
      "props": {}
    },
    "at_t2_spawn_02_01": {
      "type": "Point",
      "tm": [
        [
          -0.863058,
          0.0,
          0.505107
        ],
        [
          0.0,
          1.0,
          0.0
        ],
        [
          -0.505107,
          0.0,
          -0.863058
        ],
        [
          3517.54,
          2500.01,
          -18153.1
        ]
      ],
      "objLayer": 0,
      "props": {}
    },
    "at_t2_spawn_02_02": {
      "type": "Point",
      "tm": [
        [
          -0.863058,
          0.0,
          0.505107
        ],
        [
          0.0,
          1.0,
          0.0
        ],
        [
          -0.505107,
          0.0,
          -0.863058
        ],
        [
          7452.78,
          2500.0,
          -10974.5
        ]
      ],
      "objLayer": 0,
      "props": {}
    }
  },
  "objLayers": {},
  "wayPoints": {}
}