{
  "selected_tag": "",
  "bin_dump_file": "",
  "mission_settings": {
    "player": {
      "army": 1
    },
    "player_teamB": {
      "army": 2
    },
    "mission": {
      "level": "levels/air_smolensk.bin",
      "type": "domination",
      "environment": "Day",
      "weather": "hazy",
      "restoreType": "attempts",
      "optionalTakeOff": false
    }
  },
  "imports": {
    "import_record": [
      {
        "file": "gameData/missions/templates/enduring_confrontation/bdt_bases_destroy_template.blk",
        "importAreas": true,
        "importUnits": true,
        "importTriggers": true,
        "importMissionObjectives": true,
        "importWayPoints": true,
        "showAreas": true,
        "showUnits": true,
        "showTriggers": true,
        "showMissionObjectives": true,
        "showWayPoints": true,
        "excludes": {}
      },
      {
        "file": "gameData/missions/templates/units_sets/land_sets_aaa_bases/bdt_t1_usa_rank_01.blk",
        "rankRange": [
          0,
          4
        ],
        "importAreas": true,
        "importUnits": true,
        "importTriggers": true,
        "importMissionObjectives": true,
        "importWayPoints": true,
        "showAreas": true,
        "showUnits": true,
        "showTriggers": true,
        "showMissionObjectives": true,
        "showWayPoints": true,
        "excludes": {}
      },
      {
        "file": "gameData/missions/templates/units_sets/land_sets_aaa_bases/bdt_t1_usa_rank_02.blk",
        "rankRange": [
          5,
          8
        ],
        "importAreas": true,
        "importUnits": true,
        "importTriggers": true,
        "importMissionObjectives": true,
        "importWayPoints": true,
        "showAreas": true,
        "showUnits": true,
        "showTriggers": true,
        "showMissionObjectives": true,
        "showWayPoints": true,
        "excludes": {}
      },
      {
        "file": "gameData/missions/templates/units_sets/land_sets_aaa_bases/bdt_t1_usa_rank_03.blk",
        "rankRange": [
          9,
          13
        ],
        "importAreas": true,
        "importUnits": true,
        "importTriggers": true,
        "importMissionObjectives": true,
        "importWayPoints": true,
        "showAreas": true,
        "showUnits": true,
        "showTriggers": true,
        "showMissionObjectives": true,
        "showWayPoints": true,
        "excludes": {}
      },
      {
        "file": "gameData/missions/templates/units_sets/land_sets_aaa_bases/bdt_t1_usa_rank_04.blk",
        "rankRange": [
          14,
          19
        ],
        "importAreas": true,
        "importUnits": true,
        "importTriggers": true,
        "importMissionObjectives": true,
        "importWayPoints": true,
        "showAreas": true,
        "showUnits": true,
        "showTriggers": true,
        "showMissionObjectives": true,
        "showWayPoints": true,
        "excludes": {}
      },
      {
        "file": "gameData/missions/templates/units_sets/land_sets_aaa_bases/bdt_t1_usa_rank_05.blk",
        "rankRange": [
          20,
          24
        ],
        "importAreas": true,
        "importUnits": true,
        "importTriggers": true,
        "importMissionObjectives": true,
        "importWayPoints": true,
        "showAreas": true,
        "showUnits": true,
        "showTriggers": true,
        "showMissionObjectives": true,
        "showWayPoints": true,
        "excludes": {}
      },
      {
        "file": "gameData/missions/templates/units_sets/land_sets_aaa_bases/bdt_t1_usa_rank_06.blk",
        "rankRange": [
          25,
          50
        ],
        "importAreas": true,
        "importUnits": true,
        "importTriggers": true,
        "importMissionObjectives": true,
        "importWayPoints": true,
        "showAreas": true,
        "showUnits": true,
        "showTriggers": true,
        "showMissionObjectives": true,
        "showWayPoints": true,
        "excludes": {}
      },
      {
        "file": "gameData/missions/templates/units_sets/land_sets_aaa_bases/bdt_t2_usa_rank_01.blk",
        "rankRange": [
          0,
          4
        ],
        "importAreas": true,
        "importUnits": true,
        "importTriggers": true,
        "importMissionObjectives": true,
        "importWayPoints": true,
        "showAreas": true,
        "showUnits": true,
        "showTriggers": true,
        "showMissionObjectives": true,
        "showWayPoints": true,
        "excludes": {}
      },
      {
        "file": "gameData/missions/templates/units_sets/land_sets_aaa_bases/bdt_t2_usa_rank_02.blk",
        "rankRange": [
          5,
          8
        ],
        "importAreas": true,
        "importUnits": true,
        "importTriggers": true,
        "importMissionObjectives": true,
        "importWayPoints": true,
        "showAreas": true,
        "showUnits": true,
        "showTriggers": true,
        "showMissionObjectives": true,
        "showWayPoints": true,
        "excludes": {}
      },
      {
        "file": "gameData/missions/templates/units_sets/land_sets_aaa_bases/bdt_t2_usa_rank_03.blk",
        "rankRange": [
          9,
          13
        ],
        "importAreas": true,
        "importUnits": true,
        "importTriggers": true,
        "importMissionObjectives": true,
        "importWayPoints": true,
        "showAreas": true,
        "showUnits": true,
        "showTriggers": true,
        "showMissionObjectives": true,
        "showWayPoints": true,
        "excludes": {}
      },
      {
        "file": "gameData/missions/templates/units_sets/land_sets_aaa_bases/bdt_t2_usa_rank_04.blk",
        "rankRange": [
          14,
          19
        ],
        "importAreas": true,
        "importUnits": true,
        "importTriggers": true,
        "importMissionObjectives": true,
        "importWayPoints": true,
        "showAreas": true,
        "showUnits": true,
        "showTriggers": true,
        "showMissionObjectives": true,
        "showWayPoints": true,
        "excludes": {}
      },
      {
        "file": "gameData/missions/templates/units_sets/land_sets_aaa_bases/bdt_t2_usa_rank_05.blk",
        "rankRange": [
          20,
          24
        ],
        "importAreas": true,
        "importUnits": true,
        "importTriggers": true,
        "importMissionObjectives": true,
        "importWayPoints": true,
        "showAreas": true,
        "showUnits": true,
        "showTriggers": true,
        "showMissionObjectives": true,
        "showWayPoints": true,
        "excludes": {}
      },
      {
        "file": "gameData/missions/templates/units_sets/land_sets_aaa_bases/bdt_t2_usa_rank_06.blk",
        "rankRange": [
          25,
          50
        ],
        "importAreas": true,
        "importUnits": true,
        "importTriggers": true,
        "importMissionObjectives": true,
        "importWayPoints": true,
        "showAreas": true,
        "showUnits": true,
        "showTriggers": true,
        "showMissionObjectives": true,
        "showWayPoints": true,
        "excludes": {}
      }
    ]
  },
  "triggers": {
    "isCategory": true,
    "is_enabled": true,
    "bdt_part_init": {
      "is_enabled": true,
      "comments": "",
      "props": {
        "actionsType": "PERFORM_ONE_BY_ONE",
        "conditionsType": "ALL",
        "enableAfterComplete": false
      },
      "events": {
        "initMission": {}
      },
      "conditions": {},
      "actions": {
        "comment": [
          {
            "value": "set max bases amount +1"
          },
          {
            "value": "enable self restarting for template"
          },
          {
            "value": "increase one-moment bases amount"
          },
          {
            "value": ""
          },
          {
            "value": ""
          },
          {
            "value": ""
          },
          {
            "value": ""
          }
        ],
        "varSetInt": [
          {
            "value": 9,
            "var": "bdt_t1_total_bases_max_count"
          },
          {
            "value": 9,
            "var": "bdt_t2_total_bases_max_count"
          },
          {
            "value": 4,
            "var": [
              "bdt_t1_active_bases_max_count",
              "bdt_t2_active_bases_max_count"
            ]
          },
          {
            "value": 1,
            "var": "bdt_delay_timer"
          }
        ],
        "varSetBool": [
          {
            "value": true,
            "var": "bdt_self_restart"
          },
          {
            "value": true,
            "var": "bMirrorSpawn"
          }
        ],
        "varSetString": {
          "value": "bfd",
          "var": "bdt_game_mode"
        },
        "varSetReal": {
          "value": 2000.0,
          "var": [
            "bdt_t1_min_zone_distance",
            "bdt_t2_min_zone_distance"
          ]
        }
      },
      "else_actions": {}
    }
  },
  "mission_objectives": {
    "isCategory": true,
    "is_enabled": true
  },
  "variables": {},
  "dialogs": {},
  "airfields": {},
  "effects": {},
  "units": {
    "objectGroups": [
      {
        "name": "bdt_t2_bomb_object_01",
        "tm": [
          [
            -0.97512,
            0.0,
            -0.221668
          ],
          [
            0.0,
            1.0,
            0.0
          ],
          [
            0.221668,
            0.0,
            -0.97512
          ],
          [
            7696.85,
            332.584,
            -8894.76
          ]
        ],
        "unit_class": "dynBase_hq_camp_square",
        "objLayer": 2,
        "props": {
          "army": 2,
          "active": true
        }
      },
      {
        "name": "bdt_t2_bomb_object_02",
        "tm": [
          [
            0.570435,
            0.0,
            0.821345
          ],
          [
            0.0,
            1.0,
            0.0
          ],
          [
            -0.821345,
            0.0,
            0.570435
          ],
          [
            11385.0,
            316.078,
            -12915.0
          ]
        ],
        "unit_class": "dynBase_fuel_storage_square",
        "objLayer": 2,
        "props": {
          "army": 2,
          "active": true
        }
      },
      {
        "name": "bdt_t2_bomb_object_03",
        "tm": [
          [
            -0.940999,
            0.0,
            0.338416
          ],
          [
            0.0,
            1.0,
            0.0
          ],
          [
            -0.338416,
            0.0,
            -0.940999
          ],
          [
            9095.92,
            122.868,
            -13182.2
          ]
        ],
        "unit_class": "dynBase_oil_storage_small_square",
        "objLayer": 2,
        "props": {
          "army": 2,
          "active": true
        }
      },
      {
        "name": "bdt_t1_bomb_object_01",
        "tm": [
          [
            -0.0481638,
            0.0,
            0.998839
          ],
          [
            0.0,
            1.0,
            0.0
          ],
          [
            -0.998839,
            0.0,
            -0.0481638
          ],
          [
            -8571.82,
            100.821,
            -4043.49
          ]
        ],
        "unit_class": "dynBase_fuel_storage_square",
        "objLayer": 2,
        "props": {
          "army": 1,
          "active": true
        }
      },
      {
        "name": "bdt_t1_bomb_object_02",
        "tm": [
          [
            -0.710316,
            0.0,
            0.703881
          ],
          [
            0.0,
            1.0,
            0.0
          ],
          [
            -0.703881,
            0.0,
            -0.710316
          ],
          [
            -4572.85,
            62.825,
            -2252.2
          ]
        ],
        "unit_class": "dynBase_small_factory_square",
        "objLayer": 2,
        "props": {
          "army": 1,
          "active": false
        }
      },
      {
        "name": "bdt_t1_bomb_object_03",
        "tm": [
          [
            -0.916107,
            0.0,
            -0.400935
          ],
          [
            0.0,
            1.0,
            0.0
          ],
          [
            0.400935,
            0.0,
            -0.916107
          ],
          [
            -6689.08,
            131.769,
            -1379.72
          ]
        ],
        "unit_class": "dynBase_oil_storage_small_square",
        "objLayer": 2,
        "props": {
          "army": 1,
          "active": false
        }
      },
      {
        "name": "bdt_t2_bomb_object_04",
        "tm": [
          [
            -0.671627,
            0.0,
            -0.740888
          ],
          [
            0.0,
            1.0,
            0.0
          ],
          [
            0.740888,
            0.0,
            -0.671627
          ],
          [
            7636.38,
            126.984,
            -13236.0
          ]
        ],
        "unit_class": "dynBase_small_factory_square",
        "objLayer": 2,
        "props": {
          "army": 2,
          "active": true
        }
      },
      {
        "name": "bdt_t1_bomb_object_04",
        "tm": [
          [
            -0.99849,
            0.0,
            -0.0549362
          ],
          [
            0.0,
            1.0,
            0.0
          ],
          [
            0.0549362,
            0.0,
            -0.99849
          ],
          [
            -3027.83,
            56.5836,
            345.629
          ]
        ],
        "unit_class": "dynBase_field_camp_square",
        "objLayer": 2,
        "props": {
          "army": 1,
          "active": false
        }
      },
      {
        "name": "bdt_t1_bomb_object_05",
        "tm": [
          [
            -0.99849,
            0.0,
            -0.0549362
          ],
          [
            0.0,
            1.0,
            0.0
          ],
          [
            0.0549362,
            0.0,
            -0.99849
          ],
          [
            -4829.43,
            156.508,
            2005.96
          ]
        ],
        "unit_class": "dynBase_military_base_square",
        "objLayer": 2,
        "props": {
          "army": 1,
          "active": false
        }
      },
      {
        "name": "bdt_t1_bomb_object_06",
        "tm": [
          [
            -0.99849,
            0.0,
            -0.0549362
          ],
          [
            0.0,
            1.0,
            0.0
          ],
          [
            0.0549362,
            0.0,
            -0.99849
          ],
          [
            -7928.54,
            117.912,
            1136.05
          ]
        ],
        "unit_class": "dynBase_oil_storage_large_square",
        "objLayer": 2,
        "props": {
          "army": 1,
          "active": false
        }
      },
      {
        "name": "bdt_t1_bomb_object_07",
        "tm": [
          [
            -0.99849,
            0.0,
            -0.0549362
          ],
          [
            0.0,
            1.0,
            0.0
          ],
          [
            0.0549362,
            0.0,
            -0.99849
          ],
          [
            -10231.1,
            355.99,
            -5355.06
          ]
        ],
        "unit_class": "dynBase_oil_storage_large_square",
        "objLayer": 2,
        "props": {
          "army": 1,
          "active": false
        }
      },
      {
        "name": "bdt_t1_bomb_object_08",
        "tm": [
          [
            -0.0481638,
            0.0,
            0.998839
          ],
          [
            0.0,
            1.0,
            0.0
          ],
          [
            -0.998839,
            0.0,
            -0.0481638
          ],
          [
            -7767.84,
            118.544,
            -5392.57
          ]
        ],
        "unit_class": "dynBase_small_factory_square",
        "objLayer": 2,
        "props": {
          "army": 1,
          "active": true
        }
      },
      {
        "name": "bdt_t1_bomb_object_09",
        "tm": [
          [
            -0.0481638,
            0.0,
            0.998839
          ],
          [
            0.0,
            1.0,
            0.0
          ],
          [
            -0.998839,
            0.0,
            -0.0481638
          ],
          [
            -5867.55,
            101.858,
            -4046.87
          ]
        ],
        "unit_class": "dynBase_petrol_camp_square",
        "objLayer": 2,
        "props": {
          "army": 1,
          "active": true
        }
      },
      {
        "name": "bdt_t1_bomb_object_10",
        "tm": [
          [
            -0.0481638,
            0.0,
            0.998839
          ],
          [
            0.0,
            1.0,
            0.0
          ],
          [
            -0.998839,
            0.0,
            -0.0481638
          ],
          [
            -4299.13,
            84.5856,
            -960.865
          ]
        ],
        "unit_class": "dynBase_petrol_camp_square",
        "objLayer": 2,
        "props": {
          "army": 1,
          "active": true
        }
      },
      {
        "name": "bdt_t2_bomb_object_05",
        "tm": [
          [
            -0.671627,
            0.0,
            -0.740888
          ],
          [
            0.0,
            1.0,
            0.0
          ],
          [
            0.740888,
            0.0,
            -0.671627
          ],
          [
            8092.84,
            86.9971,
            -15231.7
          ]
        ],
        "unit_class": "dynBase_petrol_camp_square",
        "objLayer": 2,
        "props": {
          "army": 2,
          "active": true
        }
      },
      {
        "name": "bdt_t2_bomb_object_06",
        "tm": [
          [
            -0.245394,
            0.0,
            -0.969423
          ],
          [
            0.0,
            1.0,
            0.0
          ],
          [
            0.969423,
            0.0,
            -0.245394
          ],
          [
            9216.27,
            305.026,
            -11641.9
          ]
        ],
        "unit_class": "dynBase_military_base_square",
        "objLayer": 2,
        "props": {
          "army": 2,
          "active": true
        }
      },
      {
        "name": "bdt_t2_bomb_object_07",
        "tm": [
          [
            -0.671627,
            0.0,
            -0.740888
          ],
          [
            0.0,
            1.0,
            0.0
          ],
          [
            0.740888,
            0.0,
            -0.671627
          ],
          [
            9508.25,
            428.987,
            -8152.15
          ]
        ],
        "unit_class": "dynBase_fuel_storage_square",
        "objLayer": 2,
        "props": {
          "army": 2,
          "active": true
        }
      },
      {
        "name": "bdt_t2_bomb_object_08",
        "tm": [
          [
            -0.940999,
            0.0,
            0.338416
          ],
          [
            0.0,
            1.0,
            0.0
          ],
          [
            -0.338416,
            0.0,
            -0.940999
          ],
          [
            11109.2,
            526.644,
            -7365.45
          ]
        ],
        "unit_class": "dynBase_ammunition_storage_square",
        "objLayer": 2,
        "props": {
          "army": 2,
          "active": true
        }
      },
      {
        "name": "bdt_t2_bomb_object_09",
        "tm": [
          [
            -0.940999,
            0.0,
            0.338416
          ],
          [
            0.0,
            1.0,
            0.0
          ],
          [
            -0.338416,
            0.0,
            -0.940999
          ],
          [
            12683.7,
            390.198,
            -12306.2
          ]
        ],
        "unit_class": "dynBase_field_camp_square",
        "objLayer": 2,
        "props": {
          "army": 2,
          "active": true
        }
      },
      {
        "name": "bdt_t2_bomb_object_10",
        "tm": [
          [
            -0.940999,
            0.0,
            0.338416
          ],
          [
            0.0,
            1.0,
            0.0
          ],
          [
            -0.338416,
            0.0,
            -0.940999
          ],
          [
            10512.0,
            130.511,
            -14524.5
          ]
        ],
        "unit_class": "dynBase_oil_storage_small_square",
        "objLayer": 2,
        "props": {
          "army": 2,
          "active": true
        }
      }
    ]
  },
  "areas": {
    "bdt_t2_bomb_zone_01": {
      "type": "Sphere",
      "tm": [
        [
          -438.806,
          0.0,
          -99.752
        ],
        [
          0.0,
          450.0,
          0.0
        ],
        [
          99.752,
          0.0,
          -438.806
        ],
        [
          7697.77,
          332.35,
          -8887.66
        ]
      ],
      "objLayer": 0,
      "props": {}
    },
    "bdt_t2_bomb_zone_02": {
      "type": "Sphere",
      "tm": [
        [
          -60.4458,
          0.0,
          445.924
        ],
        [
          0.0,
          450.0,
          0.0
        ],
        [
          -445.924,
          0.0,
          -60.4458
        ],
        [
          11398.9,
          303.565,
          -12910.9
        ]
      ],
      "objLayer": 0,
      "props": {}
    },
    "bdt_t2_bomb_zone_03": {
      "type": "Sphere",
      "tm": [
        [
          -423.448,
          0.0,
          152.288
        ],
        [
          0.0,
          450.0,
          0.0
        ],
        [
          -152.288,
          0.0,
          -423.448
        ],
        [
          9098.03,
          123.463,
          -13191.7
        ]
      ],
      "objLayer": 0,
      "props": {}
    },
    "bdt_t1_bomb_zone_01": {
      "type": "Sphere",
      "tm": [
        [
          -21.6723,
          0.0,
          449.478
        ],
        [
          0.0,
          450.0,
          0.0
        ],
        [
          -449.478,
          0.0,
          -21.6723
        ],
        [
          -8575.5,
          101.414,
          -4031.28
        ]
      ],
      "objLayer": 0,
      "props": {}
    },
    "bdt_t1_bomb_zone_02": {
      "type": "Sphere",
      "tm": [
        [
          -243.508,
          0.0,
          378.422
        ],
        [
          0.0,
          450.0,
          0.0
        ],
        [
          -378.422,
          0.0,
          -243.508
        ],
        [
          -4576.91,
          62.8149,
          -2249.72
        ]
      ],
      "objLayer": 0,
      "props": {}
    },
    "bdt_t1_bomb_zone_03": {
      "type": "Sphere",
      "tm": [
        [
          -449.89,
          0.0,
          -9.97675
        ],
        [
          0.0,
          450.0,
          0.0
        ],
        [
          9.97675,
          0.0,
          -449.89
        ],
        [
          -6694.69,
          131.15,
          -1380.43
        ]
      ],
      "objLayer": 0,
      "props": {}
    },
    "bdt_t2_bomb_zone_04": {
      "type": "Sphere",
      "tm": [
        [
          -302.232,
          0.0,
          -333.399
        ],
        [
          0.0,
          450.0,
          0.0
        ],
        [
          333.399,
          0.0,
          -302.232
        ],
        [
          7629.88,
          126.725,
          -13240.5
        ]
      ],
      "objLayer": 0,
      "props": {}
    },
    "bdt_t1_bomb_zone_04": {
      "type": "Sphere",
      "tm": [
        [
          -449.89,
          0.0,
          -9.97675
        ],
        [
          0.0,
          450.0,
          0.0
        ],
        [
          9.97675,
          0.0,
          -449.89
        ],
        [
          -3028.03,
          55.8863,
          339.908
        ]
      ],
      "objLayer": 0,
      "props": {}
    },
    "bdt_t2_bomb_zone_01_aaa_point_01": {
      "type": "Point",
      "tm": [
        [
          -0.68496,
          0.0,
          -0.728578
        ],
        [
          0.0,
          1.0,
          0.0
        ],
        [
          0.728578,
          0.0,
          -0.68496
        ],
        [
          7516.34,
          315.769,
          -8753.92
        ]
      ],
      "objLayer": 0,
      "props": {}
    },
    "bdt_t2_bomb_zone_01_aaa_point_02": {
      "type": "Point",
      "tm": [
        [
          -0.68496,
          0.0,
          -0.728578
        ],
        [
          0.0,
          1.0,
          0.0
        ],
        [
          0.728578,
          0.0,
          -0.68496
        ],
        [
          7979.69,
          333.23,
          -8964.91
        ]
      ],
      "objLayer": 0,
      "props": {}
    },
    "bdt_t2_bomb_zone_01_aaa_point_03": {
      "type": "Point",
      "tm": [
        [
          -0.68496,
          0.0,
          -0.728578
        ],
        [
          0.0,
          1.0,
          0.0
        ],
        [
          0.728578,
          0.0,
          -0.68496
        ],
        [
          7904.19,
          329.296,
          -9056.92
        ]
      ],
      "objLayer": 0,
      "props": {}
    },
    "bdt_t2_bomb_zone_01_aaa_point_04": {
      "type": "Point",
      "tm": [
        [
          -0.68496,
          0.0,
          -0.728578
        ],
        [
          0.0,
          1.0,
          0.0
        ],
        [
          0.728578,
          0.0,
          -0.68496
        ],
        [
          7657.72,
          325.534,
          -9353.39
        ]
      ],
      "objLayer": 0,
      "props": {}
    },
    "bdt_t2_bomb_zone_02_aaa_point_01": {
      "type": "Point",
      "tm": [
        [
          -0.664968,
          0.0,
          0.746869
        ],
        [
          0.0,
          1.0,
          0.0
        ],
        [
          -0.746869,
          0.0,
          -0.664968
        ],
        [
          11608.2,
          317.915,
          -12957.3
        ]
      ],
      "objLayer": 0,
      "props": {}
    },
    "bdt_t2_bomb_zone_02_aaa_point_02": {
      "type": "Point",
      "tm": [
        [
          -0.664968,
          0.0,
          0.746869
        ],
        [
          0.0,
          1.0,
          0.0
        ],
        [
          -0.746869,
          0.0,
          -0.664968
        ],
        [
          11081.6,
          350.706,
          -13072.8
        ]
      ],
      "objLayer": 0,
      "props": {}
    },
    "bdt_t2_bomb_zone_02_aaa_point_03": {
      "type": "Point",
      "tm": [
        [
          -0.664968,
          0.0,
          0.746869
        ],
        [
          0.0,
          1.0,
          0.0
        ],
        [
          -0.746869,
          0.0,
          -0.664968
        ],
        [
          11453.8,
          337.276,
          -13173.2
        ]
      ],
      "objLayer": 0,
      "props": {}
    },
    "bdt_t2_bomb_zone_02_aaa_point_04": {
      "type": "Point",
      "tm": [
        [
          -0.664968,
          0.0,
          0.746869
        ],
        [
          0.0,
          1.0,
          0.0
        ],
        [
          -0.746869,
          0.0,
          -0.664968
        ],
        [
          11243.4,
          311.299,
          -12713.4
        ]
      ],
      "objLayer": 0,
      "props": {}
    },
    "bdt_t2_bomb_zone_03_aaa_point_01": {
      "type": "Point",
      "tm": [
        [
          -0.664968,
          0.0,
          0.746869
        ],
        [
          0.0,
          1.0,
          0.0
        ],
        [
          -0.746869,
          0.0,
          -0.664968
        ],
        [
          9104.53,
          148.716,
          -12738.9
        ]
      ],
      "objLayer": 0,
      "props": {}
    },
    "bdt_t2_bomb_zone_03_aaa_point_02": {
      "type": "Point",
      "tm": [
        [
          -0.664968,
          0.0,
          0.746869
        ],
        [
          0.0,
          1.0,
          0.0
        ],
        [
          -0.746869,
          0.0,
          -0.664968
        ],
        [
          8822.33,
          119.204,
          -13289.5
        ]
      ],
      "objLayer": 0,
      "props": {}
    },
    "bdt_t2_bomb_zone_03_aaa_point_03": {
      "type": "Point",
      "tm": [
        [
          -0.664968,
          0.0,
          0.746869
        ],
        [
          0.0,
          1.0,
          0.0
        ],
        [
          -0.746869,
          0.0,
          -0.664968
        ],
        [
          9039.73,
          130.864,
          -13506.7
        ]
      ],
      "objLayer": 0,
      "props": {}
    },
    "bdt_t2_bomb_zone_03_aaa_point_04": {
      "type": "Point",
      "tm": [
        [
          -0.664968,
          0.0,
          0.746869
        ],
        [
          0.0,
          1.0,
          0.0
        ],
        [
          -0.746869,
          0.0,
          -0.664968
        ],
        [
          9396.42,
          133.438,
          -13160.4
        ]
      ],
      "objLayer": 0,
      "props": {}
    },
    "bdt_t2_bomb_zone_04_aaa_point_01": {
      "type": "Point",
      "tm": [
        [
          -0.68496,
          0.0,
          -0.728578
        ],
        [
          0.0,
          1.0,
          0.0
        ],
        [
          0.728578,
          0.0,
          -0.68496
        ],
        [
          7633.96,
          111.052,
          -13572.8
        ]
      ],
      "objLayer": 0,
      "props": {}
    },
    "bdt_t2_bomb_zone_04_aaa_point_02": {
      "type": "Point",
      "tm": [
        [
          -0.68496,
          0.0,
          -0.728578
        ],
        [
          0.0,
          1.0,
          0.0
        ],
        [
          0.728578,
          0.0,
          -0.68496
        ],
        [
          7931.58,
          116.711,
          -13224.9
        ]
      ],
      "objLayer": 0,
      "props": {}
    },
    "bdt_t2_bomb_zone_04_aaa_point_03": {
      "type": "Point",
      "tm": [
        [
          -0.68496,
          0.0,
          -0.728578
        ],
        [
          0.0,
          1.0,
          0.0
        ],
        [
          0.728578,
          0.0,
          -0.68496
        ],
        [
          7374.97,
          119.946,
          -13162.2
        ]
      ],
      "objLayer": 0,
      "props": {}
    },
    "bdt_t2_bomb_zone_04_aaa_point_04": {
      "type": "Point",
      "tm": [
        [
          -0.68496,
          0.0,
          -0.728578
        ],
        [
          0.0,
          1.0,
          0.0
        ],
        [
          0.728578,
          0.0,
          -0.68496
        ],
        [
          7560.63,
          128.474,
          -13003.5
        ]
      ],
      "objLayer": 0,
      "props": {}
    },
    "bdt_t1_bomb_zone_01_aaa_point_01": {
      "type": "Point",
      "tm": [
        [
          -0.597919,
          0.0,
          0.801557
        ],
        [
          0.0,
          1.0,
          0.0
        ],
        [
          -0.801557,
          0.0,
          -0.597919
        ],
        [
          -8735.0,
          97.3891,
          -3832.61
        ]
      ],
      "objLayer": 0,
      "props": {}
    },
    "bdt_t1_bomb_zone_01_aaa_point_02": {
      "type": "Point",
      "tm": [
        [
          -0.597919,
          0.0,
          0.801557
        ],
        [
          0.0,
          1.0,
          0.0
        ],
        [
          -0.801557,
          0.0,
          -0.597919
        ],
        [
          -8477.6,
          53.7811,
          -4264.75
        ]
      ],
      "objLayer": 0,
      "props": {}
    },
    "bdt_t1_bomb_zone_01_aaa_point_03": {
      "type": "Point",
      "tm": [
        [
          -0.597919,
          0.0,
          0.801557
        ],
        [
          0.0,
          1.0,
          0.0
        ],
        [
          -0.801557,
          0.0,
          -0.597919
        ],
        [
          -8372.58,
          103.04,
          -3916.23
        ]
      ],
      "objLayer": 0,
      "props": {}
    },
    "bdt_t1_bomb_zone_01_aaa_point_04": {
      "type": "Point",
      "tm": [
        [
          -0.597919,
          0.0,
          0.801557
        ],
        [
          0.0,
          1.0,
          0.0
        ],
        [
          -0.801557,
          0.0,
          -0.597919
        ],
        [
          -8354.32,
          84.9064,
          -4143.99
        ]
      ],
      "objLayer": 0,
      "props": {}
    },
    "bdt_t1_bomb_zone_02_aaa_point_01": {
      "type": "Point",
      "tm": [
        [
          -0.597919,
          0.0,
          0.801557
        ],
        [
          0.0,
          1.0,
          0.0
        ],
        [
          -0.801557,
          0.0,
          -0.597919
        ],
        [
          -4842.3,
          31.2709,
          -2197.75
        ]
      ],
      "objLayer": 0,
      "props": {}
    },
    "bdt_t1_bomb_zone_02_aaa_point_02": {
      "type": "Point",
      "tm": [
        [
          -0.597919,
          0.0,
          0.801557
        ],
        [
          0.0,
          1.0,
          0.0
        ],
        [
          -0.801557,
          0.0,
          -0.597919
        ],
        [
          -4731.39,
          33.5829,
          -2466.07
        ]
      ],
      "objLayer": 0,
      "props": {}
    },
    "bdt_t1_bomb_zone_02_aaa_point_03": {
      "type": "Point",
      "tm": [
        [
          -0.597919,
          0.0,
          0.801557
        ],
        [
          0.0,
          1.0,
          0.0
        ],
        [
          -0.801557,
          0.0,
          -0.597919
        ],
        [
          -4181.13,
          42.6909,
          -2034.55
        ]
      ],
      "objLayer": 0,
      "props": {}
    },
    "bdt_t1_bomb_zone_02_aaa_point_04": {
      "type": "Point",
      "tm": [
        [
          -0.597919,
          0.0,
          0.801557
        ],
        [
          0.0,
          1.0,
          0.0
        ],
        [
          -0.801557,
          0.0,
          -0.597919
        ],
        [
          -4410.42,
          63.4479,
          -2533.67
        ]
      ],
      "objLayer": 0,
      "props": {}
    },
    "bdt_t1_bomb_zone_03_aaa_point_01": {
      "type": "Point",
      "tm": [
        [
          -0.998865,
          0.0,
          -0.0476383
        ],
        [
          0.0,
          1.0,
          0.0
        ],
        [
          0.0476383,
          0.0,
          -0.998865
        ],
        [
          -6503.73,
          120.027,
          -1139.16
        ]
      ],
      "objLayer": 0,
      "props": {}
    },
    "bdt_t1_bomb_zone_03_aaa_point_02": {
      "type": "Point",
      "tm": [
        [
          -0.998865,
          0.0,
          -0.0476383
        ],
        [
          0.0,
          1.0,
          0.0
        ],
        [
          0.0476383,
          0.0,
          -0.998865
        ],
        [
          -6833.16,
          130.93,
          -1579.13
        ]
      ],
      "objLayer": 0,
      "props": {}
    },
    "bdt_t1_bomb_zone_03_aaa_point_03": {
      "type": "Point",
      "tm": [
        [
          -0.998865,
          0.0,
          -0.0476383
        ],
        [
          0.0,
          1.0,
          0.0
        ],
        [
          0.0476383,
          0.0,
          -0.998865
        ],
        [
          -6558.43,
          147.074,
          -1632.8
        ]
      ],
      "objLayer": 0,
      "props": {}
    },
    "bdt_t1_bomb_zone_03_aaa_point_04": {
      "type": "Point",
      "tm": [
        [
          -0.998865,
          0.0,
          -0.0476383
        ],
        [
          0.0,
          1.0,
          0.0
        ],
        [
          0.0476383,
          0.0,
          -0.998865
        ],
        [
          -6893.24,
          103.844,
          -1211.15
        ]
      ],
      "objLayer": 0,
      "props": {}
    },
    "bdt_t1_bomb_zone_04_aaa_point_01": {
      "type": "Point",
      "tm": [
        [
          -0.998865,
          0.0,
          -0.0476383
        ],
        [
          0.0,
          1.0,
          0.0
        ],
        [
          0.0476383,
          0.0,
          -0.998865
        ],
        [
          -3321.2,
          42.9163,
          460.092
        ]
      ],
      "objLayer": 0,
      "props": {}
    },
    "bdt_t1_bomb_zone_04_aaa_point_02": {
      "type": "Point",
      "tm": [
        [
          -0.998865,
          0.0,
          -0.0476383
        ],
        [
          0.0,
          1.0,
          0.0
        ],
        [
          0.0476383,
          0.0,
          -0.998865
        ],
        [
          -3205.95,
          42.7431,
          160.346
        ]
      ],
      "objLayer": 0,
      "props": {}
    },
    "bdt_t1_bomb_zone_04_aaa_point_03": {
      "type": "Point",
      "tm": [
        [
          -0.998865,
          0.0,
          -0.0476383
        ],
        [
          0.0,
          1.0,
          0.0
        ],
        [
          0.0476383,
          0.0,
          -0.998865
        ],
        [
          -3035.87,
          43.2315,
          630.635
        ]
      ],
      "objLayer": 0,
      "props": {}
    },
    "bdt_t1_bomb_zone_04_aaa_point_04": {
      "type": "Point",
      "tm": [
        [
          -0.998865,
          0.0,
          -0.0476383
        ],
        [
          0.0,
          1.0,
          0.0
        ],
        [
          0.0476383,
          0.0,
          -0.998865
        ],
        [
          -2858.92,
          41.6326,
          75.4161
        ]
      ],
      "objLayer": 0,
      "props": {}
    },
    "bdt_t1_bomb_zone_05": {
      "type": "Sphere",
      "tm": [
        [
          -449.89,
          0.0,
          -9.97675
        ],
        [
          0.0,
          450.0,
          0.0
        ],
        [
          9.97675,
          0.0,
