{
  "selected_tag": "",
  "bin_dump_file": "",
  "mission_settings": {
    "player": {
      "army": 1,
      "wing": "ft_armada"
    },
    "player_teamB": {
      "army": 2
    },
    "mission": {
      "level": "levels/water.bin",
      "type": "singleMission",
      "environment": "Day",
      "weather": "hazy",
      "restoreType": "attempts",
      "optionalTakeOff": false
    },
    "spectator_points": {}
  },
  "imports": {},
  "triggers": {
    "isCategory": true,
    "is_enabled": true,
    "fields_high_start": {
      "is_enabled": true,
      "comments": "",
      "props": {
        "actionsType": "PERFORM_ONE_BY_ONE",
        "conditionsType": "ALL",
        "enableAfterComplete": false
      },
      "events": {
        "initMission": {}
      },
      "conditions": {},
      "actions": {
        "varSetInt": [
          {
            "value": 0,
            "var": [
              "ft_t1_max_near_airfields_count",
              "ft_t2_max_near_airfields_count"
            ]
          },
          {
            "value": 0,
            "var": [
              "ft_t1_max_mid_airfields_count",
              "ft_t2_max_mid_airfields_count"
            ]
          },
          {
            "value": 3,
            "var": [
              "ft_t1_max_far_airfields_count",
              "ft_t2_max_far_airfields_count"
            ]
          }
        ],
        "comment": {
          "value": ""
        },
        "varSetReal": {
          "value": 10000.0,
          "var": "ft_generate_distance_between"
        }
      },
      "else_actions": {}
    }
  },
  "mission_objectives": {
    "isCategory": true,
    "is_enabled": true
  },
  "variables": {},
  "dialogs": {},
  "airfields": {},
  "effects": {},
  "units": {
    "objectGroups": [
      {
        "name": "ft_t1_airfield_01_01",
        "tm": [
          [
            -0.9947,
            0.0,
            0.102798
          ],
          [
            0.0,
            1.0,
            0.0
          ],
          [
            -0.102798,
            0.0,
            -0.9947
          ],
          [
            -15633.9,
            22.4902,
            30320.4
          ]
        ],
        "unit_class": "dynaf_universal_1line_3000_a",
        "objLayer": 2,
        "props": {
          "army": 1,
          "active": false
        }
      },
      {
        "name": "ft_t1_airfield_01_02",
        "tm": [
          [
            -0.603761,
            0.0,
            0.797165
          ],
          [
            0.0,
            1.0,
            0.0
          ],
          [
            -0.797165,
            0.0,
            -0.603761
          ],
          [
            -29311.9,
            27.8834,
            17280.7
          ]
        ],
        "unit_class": "dynaf_universal_1line_3000_a",
        "objLayer": 2,
        "props": {
          "army": 1,
          "active": false
        }
      },
      {
        "name": "ft_t1_airfield_02_01",
        "tm": [
          [
            -0.759639,
            0.0,
            0.650344
          ],
          [
            0.0,
            1.0,
            0.0
          ],
          [
            -0.650344,
            0.0,
            -0.759639
          ],
          [
            -17387.1,
            27.6591,
            14992.8
          ]
        ],
        "unit_class": "dynaf_universal_1line_b",
        "objLayer": 2,
        "props": {
          "army": 1,
          "active": false
        }
      },
      {
        "name": "ft_t1_airfield_02_02",
        "tm": [
          [
            -0.217601,
            0.0,
            0.976038
          ],
          [
            0.0,
            1.0,
            0.0
          ],
          [
            -0.976038,
            0.0,
            -0.217601
          ],
          [
            -24050.5,
            21.3826,
            6303.84
          ]
        ],
        "unit_class": "dynaf_universal_1line_b",
        "objLayer": 2,
        "props": {
          "army": 1,
          "active": false
        }
      },
      {
        "name": "ft_t1_airfield_03_01",
        "tm": [
          [
            -0.72644,
            0.0,
            0.687231
          ],
          [
            0.0,
            1.0,
            0.0
          ],
          [
            -0.687231,
            0.0,
            -0.72644
          ],
          [
            -2656.94,
            24.032,
            16329.8
          ]
        ],
        "unit_class": "dynaf_universal_1line_b",
        "objLayer": 2,
        "props": {
          "army": 1,
          "active": false
        }
      },
      {
        "name": "ft_t1_airfield_03_02",
        "tm": [
          [
            -0.316416,
            0.0,
            0.948622
          ],
          [
            0.0,
            1.0,
            0.0
          ],
          [
            -0.948622,
            0.0,
            -0.316416
          ],
          [
            -19485.8,
            33.209,
            6.87823
          ]
        ],
        "unit_class": "dynaf_universal_1line_b",
        "objLayer": 2,
        "props": {
          "army": 1,
          "active": false
        }
      },
      {
        "name": "ft_t2_airfield_01_01",
        "tm": [
          [
            0.771337,
            0.0,
            -0.636427
          ],
          [
            0.0,
            1.0,
            0.0
          ],
          [
            0.636427,
            0.0,
            0.771337
          ],
          [
            19000.4,
            28.1833,
            -23721.7
          ]
        ],
        "unit_class": "dynaf_universal_1line_3000_a",
        "objLayer": 2,
        "props": {
          "army": 2,
          "active": false
        }
      },
      {
        "name": "ft_t2_airfield_01_02",
        "tm": [
          [
            0.541261,
            0.0,
            -0.840855
          ],
          [
            0.0,
            1.0,
            0.0
          ],
          [
            0.840855,
            0.0,
            0.541261
          ],
          [
            26828.7,
            93.8661,
            -28832.4
          ]
        ],
        "unit_class": "dynaf_universal_1line_3000_a",
        "objLayer": 2,
        "props": {
          "army": 2,
          "active": false
        }
      },
      {
        "name": "ft_t2_airfield_01_03",
        "tm": [
          [
            0.333143,
            0.0,
            -0.942876
          ],
          [
            0.0,
            1.0,
            0.0
          ],
          [
            0.942876,
            0.0,
            0.333143
          ],
          [
            29544.5,
            648.249,
            -14397.0
          ]
        ],
        "unit_class": "dynaf_universal_1line_3000_a",
        "objLayer": 2,
        "props": {
          "army": 2,
          "active": false
        }
      },
      {
        "name": "ft_t2_airfield_02_01",
        "tm": [
          [
            0.764142,
            0.0,
            -0.645048
          ],
          [
            0.0,
            1.0,
            0.0
          ],
          [
            0.645048,
            0.0,
            0.764142
          ],
          [
            18709.8,
            504.406,
            -12262.0
          ]
        ],
        "unit_class": "dynaf_universal_1line_c",
        "objLayer": 2,
        "props": {
          "army": 2,
          "active": false
        }
      },
      {
        "name": "ft_t2_airfield_02_02",
        "tm": [
          [
            0.822419,
            0.0,
            -0.568882
          ],
          [
            0.0,
            1.0,
            0.0
          ],
          [
            0.568882,
            0.0,
            0.822419
          ],
          [
            28535.2,
            626.099,
            -3150.33
          ]
        ],
        "unit_class": "dynaf_universal_1line_c",
        "objLayer": 2,
        "props": {
          "army": 2,
          "active": false
        }
      },
      {
        "name": "ft_t2_airfield_03_01",
        "tm": [
          [
            0.970409,
            0.0,
            -0.241471
          ],
          [
            0.0,
            1.0,
            0.0
          ],
          [
            0.241471,
            0.0,
            0.970409
          ],
          [
            22835.1,
            574.681,
            3714.57
          ]
        ],
        "unit_class": "dynaf_universal_1line_c",
        "objLayer": 2,
        "props": {
          "army": 2,
          "active": false
        }
      },
      {
        "name": "ft_t2_airfield_03_02",
        "tm": [
          [
            0.850659,
            0.0,
            -0.525716
          ],
          [
            0.0,
            1.0,
            0.0
          ],
          [
            0.525716,
            0.0,
            0.850659
          ],
          [
            27948.3,
            215.349,
            7706.38
          ]
        ],
        "unit_class": "dynaf_universal_1line_c",
        "objLayer": 2,
        "props": {
          "army": 2,
          "active": false
        }
      },
      {
        "name": "ft_t1_airfield_03_03",
        "tm": [
          [
            -0.75425,
            0.0,
            0.656589
          ],
          [
            0.0,
            1.0,
            0.0
          ],
          [
            -0.656589,
            0.0,
            -0.75425
          ],
          [
            -9721.69,
            30.8164,
            9715.24
          ]
        ],
        "unit_class": "dynaf_universal_1line_b",
        "objLayer": 2,
        "props": {
          "army": 1,
          "active": false
        }
      },
      {
        "name": "ft_t1_airfield_02_03",
        "tm": [
          [
            -0.726977,
            0.0,
            0.68666
          ],
          [
            0.0,
            1.0,
            0.0
          ],
          [
            -0.68666,
            0.0,
            -0.726977
          ],
          [
            -11765.5,
            30.5039,
            22076.6
          ]
        ],
        "unit_class": "dynaf_universal_1line_b",
        "objLayer": 2,
        "props": {
          "army": 1,
          "active": false
        }
      },
      {
        "name": "ft_t2_airfield_02_03",
        "tm": [
          [
            0.663675,
            0.0,
            -0.748021
          ],
          [
            0.0,
            1.0,
            0.0
          ],
          [
            0.748021,
            0.0,
            0.663675
          ],
          [
            23748.0,
            615.778,
            -7661.59
          ]
        ],
        "unit_class": "dynaf_universal_1line_c",
        "objLayer": 2,
        "props": {
          "army": 2,
          "active": false
        }
      },
      {
        "name": "ft_t2_airfield_03_03",
        "tm": [
          [
            0.610206,
            0.0,
            -0.792243
          ],
          [
            0.0,
            1.0,
            0.0
          ],
          [
            0.792243,
            0.0,
            0.610206
          ],
          [
            16334.5,
            843.037,
            -3777.41
          ]
        ],
        "unit_class": "dynaf_universal_1line_c",
        "objLayer": 2,
        "props": {
          "army": 2,
          "active": false
        }
      },
      {
        "name": "ft_t1_airfield_03_04",
        "tm": [
          [
            -0.71258,
            0.0,
            0.701592
          ],
          [
            0.0,
            1.0,
            0.0
          ],
          [
            -0.701592,
            0.0,
            -0.71258
          ],
          [
            5774.98,
            63.1658,
            26467.7
          ]
        ],
        "unit_class": "dynaf_universal_1line_b",
        "objLayer": 2,
        "props": {
          "army": 1,
          "active": false
        }
      },
      {
        "name": "ft_t1_airfield_02_04",
        "tm": [
          [
            -0.689259,
            0.0,
            0.724514
          ],
          [
            0.0,
            1.0,
            0.0
          ],
          [
            -0.724514,
            0.0,
            -0.689259
          ],
          [
            -4641.58,
            28.6121,
            29359.3
          ]
        ],
        "unit_class": "dynaf_universal_1line_b",
        "objLayer": 2,
        "props": {
          "army": 1,
          "active": false
        }
      },
      {
        "name": "ft_t2_airfield_03_04",
        "tm": [
          [
            0.80403,
            0.0,
            -0.59459
          ],
          [
            0.0,
            1.0,
            0.0
          ],
          [
            0.59459,
            0.0,
            0.80403
          ],
          [
            8433.96,
            42.295,
            -9781.65
          ]
        ],
        "unit_class": "dynaf_universal_1line_c",
        "objLayer": 2,
        "props": {
          "army": 2,
          "active": false
        }
      },
      {
        "name": "ft_t2_airfield_02_04",
        "tm": [
          [
            0.598378,
            0.0,
            -0.801214
          ],
          [
            0.0,
            1.0,
            0.0
          ],
          [
            0.801214,
            0.0,
            0.598378
          ],
          [
            13756.0,
            17.4335,
            -16740.2
          ]
        ],
        "unit_class": "dynaf_universal_1line_c",
        "objLayer": 2,
        "props": {
          "army": 2,
          "active": false
        }
      },
      {
        "name": "ft_t1_airfield_01_03",
        "tm": [
          [
            -0.65784,
            0.0,
            0.753157
          ],
          [
            0.0,
            1.0,
            0.0
          ],
          [
            -0.753157,
            0.0,
            -0.65784
          ],
          [
            -25639.9,
            23.0322,
            26287.1
          ]
        ],
        "unit_class": "dynaf_universal_1line_3000_a",
        "objLayer": 2,
        "props": {
          "army": 1,
          "active": false
        }
      }
    ],
    "squad": [
      {
        "name": "ft_t1_airfields_squad",
        "tm": [
          [
            -1.0,
            0.0,
            -5.96046e-8
          ],
          [
            0.0,
            1.0,
            0.0
          ],
          [
            5.96046e-8,
            0.0,
            -1.0
          ],
          [
            -18272.2,
            84.5098,
            34863.9
          ]
        ],
        "props": {
          "squad_members": [
            "ft_t1_airfield_01_01",
            "ft_t1_airfield_01_02",
            "ft_t1_airfield_01_03",
            "ft_t1_airfield_02_01",
            "ft_t1_airfield_02_02",
            "ft_t1_airfield_02_03",
            "ft_t1_airfield_02_04",
            "ft_t1_airfield_03_01",
            "ft_t1_airfield_03_02",
            "ft_t1_airfield_03_03",
            "ft_t1_airfield_03_04"
          ],
          "object_marking": 0
        }
      },
      {
        "name": "ft_t2_airfields_squad",
        "tm": [
          [
            -1.0,
            0.0,
            -5.96046e-8
          ],
          [
            0.0,
            1.0,
            0.0
          ],
          [
            5.96046e-8,
            0.0,
            -1.0
          ],
          [
            19492.1,
            80.2822,
            34653.2
          ]
        ],
        "props": {
          "squad_members": [
            "ft_t2_airfield_01_01",
            "ft_t2_airfield_01_02",
            "ft_t2_airfield_01_03",
            "ft_t2_airfield_02_01",
            "ft_t2_airfield_02_02",
            "ft_t2_airfield_02_03",
            "ft_t2_airfield_02_04",
            "ft_t2_airfield_03_01",
            "ft_t2_airfield_03_02",
            "ft_t2_airfield_03_03",
            "ft_t2_airfield_03_04"
          ],
          "object_marking": 0
        }
      }
    ]
  },
  "areas": {
    "ft_t2_airfield_01_01_bomb_zone": {
      "type": "Box",
      "tm": [
        [
          -2468.28,
          0.0,
          2036.56
        ],
        [
          0.0,
          350.0,
          0.0
        ],
        [
          -763.711,
          0.0,
          -925.602
        ],
        [
          18955.0,
          12.8833,
          -23755.3
        ]
      ],
      "objLayer": 0,
      "props": {}
    },
    "ft_t2_airfield_01_02_bomb_zone": {
      "type": "Box",
      "tm": [
        [
          -1732.03,
          0.0,
          2690.73
        ],
        [
          0.0,
          350.0,
          0.0
        ],
        [
          -1009.03,
          0.0,
          -649.513
        ],
        [
          26810.1,
          63.7901,
          -28821.7
        ]
      ],
      "objLayer": 0,
      "props": {}
    },
    "ft_t2_airfield_01_03_bomb_zone": {
      "type": "Box",
      "tm": [
        [
          -1070.3,
          0.0,
          3015.7
        ],
        [
          0.0,
          350.0,
          0.0
        ],
        [
          -1130.89,
          0.0,
          -401.362
        ],
        [
          29544.9,
          647.099,
          -14444.5
        ]
      ],
      "objLayer": 0,
      "props": {}
    },
    "ft_t2_airfield_02_01_bomb_zone": {
      "type": "Box",
      "tm": [
        [
          -2435.53,
          0.0,
          2075.63
        ],
        [
          0.0,
          350.0,
          0.0
        ],
        [
          -778.361,
          0.0,
          -913.313
        ],
        [
          18738.7,
          427.253,
          -12338.7
        ]
      ],
      "objLayer": 0,
      "props": {}
    },
    "ft_t2_airfield_02_02_bomb_zone": {
      "type": "Box",
      "tm": [
        [
          -2620.75,
          0.0,
          1836.22
        ],
        [
          0.0,
          350.0,
          0.0
        ],
        [
          -688.58,
          0.0,
          -982.775
        ],
        [
          28539.3,
          574.854,
          -3122.97
        ]
      ],
      "objLayer": 0,
      "props": {}
    },
    "ft_t2_airfield_03_01_bomb_zone": {
      "type": "Box",
      "tm": [
        [
          -3110.21,
          0.0,
          752.69
        ],
        [
          0.0,
          350.0,
          0.0
        ],
        [
          -282.261,
          0.0,
          -1166.33
        ],
        [
          22845.4,
          545.453,
          3699.34
        ]
      ],
      "objLayer": 0,
      "props": {}
    },
    "ft_t2_airfield_03_02_bomb_zone": {
      "type": "Box",
      "tm": [
        [
          -2734.04,
          0.0,
          1662.83
        ],
        [
          0.0,
          350.0,
          0.0
        ],
        [
          -623.562,
          0.0,
          -1025.27
        ],
        [
          27912.0,
          188.367,
          7721.68
        ]
      ],
      "objLayer": 0,
      "props": {}
    },
    "ft_t1_airfield_01_01_bomb_zone": {
      "type": "Box",
      "tm": [
        [
          -3183.05,
          0.0,
          328.947
        ],
        [
          0.0,
          350.0,
          0.0
        ],
        [
          -123.356,
          0.0,
          -1193.64
        ],
        [
          -15601.6,
          -14.6201,
          30357.5
        ]
      ],
      "objLayer": 0,
      "props": {}
    },
    "ft_t1_airfield_01_02_bomb_zone": {
      "type": "Box",
      "tm": [
        [
          -1932.05,
          0.0,
          2550.92
        ],
        [
          0.0,
          350.0,
          0.0
        ],
        [
          -956.596,
          0.0,
          -724.511
        ],
        [
          -29350.9,
          -14.8225,
          17352.9
        ]
      ],
      "objLayer": 0,
      "props": {}
    },
    "ft_t1_airfield_02_01_bomb_zone": {
      "type": "Box",
      "tm": [
        [
          -2430.85,
          0.0,
          2081.11
        ],
        [
          0.0,
          350.0,
          0.0
        ],
        [
          -780.414,
          0.0,
          -911.567
        ],
        [
          -17476.7,
          -12.5729,
          15009.0
        ]
      ],
      "objLayer": 0,
      "props": {}
    },
    "ft_t1_airfield_02_02_bomb_zone": {
      "type": "Box",
      "tm": [
        [
          -663.59,
          0.0,
          3130.43
        ],
        [
          0.0,
          350.0,
          0.0
        ],
        [
          -1173.91,
          0.0,
          -248.845
        ],
        [
          -24160.4,
          5.63195,
          6309.16
        ]
      ],
      "objLayer": 0,
      "props": {}
    },
    "ft_t1_airfield_03_01_bomb_zone": {
      "type": "Box",
      "tm": [
        [
          -2324.6,
          0.0,
          2199.13
        ],
        [
          0.0,
          350.0,
          0.0
        ],
        [
          -824.678,
          0.0,
          -871.725
        ],
        [
          -2646.3,
          -12.5684,
          16278.5
        ]
      ],
      "objLayer": 0,
      "props": {}
    },
    "ft_t1_airfield_03_02_bomb_zone": {
      "type": "Box",
      "tm": [
        [
          -1012.53,
          0.0,
          3035.59
        ],
        [
          0.0,
          350.0,
          0.0
        ],
        [
          -1138.34,
          0.0,
          -379.698
        ],
        [
          -19499.3,
          -13.4854,
          9.14899
        ]
      ],
      "objLayer": 0,
      "props": {}
    },
    "ft_t1_airfield_01_01_spawn_01": {
      "type": "Point",
      "tm": [
        [
          -0.810039,
          0.0,
          0.586376
        ],
        [
          0.0,
          1.0,
          0.0
        ],
        [
          -0.586376,
          0.0,
          -0.810039
        ],
        [
          -15220.0,
          -14.0153,
          30889.2
        ]
      ],
      "objLayer": 0,
      "props": {}
    },
    "ft_t1_airfield_01_01_spawn_02": {
      "type": "Point",
      "tm": [
        [
          -0.810039,
          0.0,
          0.586376
        ],
        [
          0.0,
          1.0,
          0.0
        ],
        [
          -0.586376,
          0.0,
          -0.810039
        ],
        [
          -14650.3,
          -11.5633,
          29649.1
        ]
      ],
      "objLayer": 0,
      "props": {}
    },
    "ft_t1_airfield_01_01_spawn_03": {
      "type": "Point",
      "tm": [
        [
          -0.810039,
          0.0,
          0.586376
        ],
        [
          0.0,
          1.0,
          0.0
        ],
        [
          -0.586376,
          0.0,
          -0.810039
        ],
        [
          -14924.3,
          -5.11926,
          29663.0
        ]
      ],
      "objLayer": 0,
      "props": {}
    },
    "ft_t1_airfield_01_01_spawn_04": {
      "type": "Point",
      "tm": [
        [
          -0.858063,
          0.0,
          0.513545
        ],
        [
          0.0,
          1.0,
          0.0
        ],
        [
          -0.513545,
          0.0,
          -0.858063
        ],
        [
          -16481.0,
          -1.71927,
          29810.3
        ]
      ],
      "objLayer": 0,
      "props": {}
    },
    "ft_t1_airfield_01_01_spawn_05": {
      "type": "Point",
      "tm": [
        [
          -0.810039,
          0.0,
          0.586376
        ],
        [
          0.0,
          1.0,
          0.0
        ],
        [
          -0.586376,
          0.0,
          -0.810039
        ],
        [
          -14639.4,
          -15.9954,
          30796.5
        ]
      ],
      "objLayer": 0,
      "props": {}
    },
    "ft_t1_airfield_01_01_spawn_06": {
      "type": "Point",
      "tm": [
        [
          -0.810039,
          0.0,
          0.586376
        ],
        [
          0.0,
          1.0,
          0.0
        ],
        [
          -0.586376,
          0.0,
          -0.810039
        ],
        [
          -15192.6,
          15.7057,
          29679.0
        ]
      ],
      "objLayer": 0,
      "props": {}
    },
    "ft_t1_airfield_01_01_spawn_07": {
      "type": "Point",
      "tm": [
        [
          -0.810039,
          0.0,
          0.586376
        ],
        [
          0.0,
          1.0,
          0.0
        ],
        [
          -0.586376,
          0.0,
          -0.810039
        ],
        [
          -15543.8,
          -15.1023,
          30898.3
        ]
      ],
      "objLayer": 0,
      "props": {}
    },
    "ft_t1_airfield_01_01_spawn_08": {
      "type": "Point",
      "tm": [
        [
          -0.810039,
          0.0,
          0.586376
        ],
        [
          0.0,
          1.0,
          0.0
        ],
        [
          -0.586376,
          0.0,
          -0.810039
        ],
        [
          -16495.2,
          -8.50926,
          30966.4
        ]
      ],
      "objLayer": 0,
      "props": {}
    },
    "ft_t1_airfield_01_01_spawn_09": {
      "type": "Point",
      "tm": [
        [
          -0.810039,
          0.0,
          0.586376
        ],
        [
          0.0,
          1.0,
          0.0
        ],
        [
          -0.586376,
          0.0,
          -0.810039
        ],
        [
          -15892.7,
          16.7437,
          29765.3
        ]
      ],
      "objLayer": 0,
      "props": {}
    },
    "ft_t1_airfield_01_01_spawn_10": {
      "type": "Point",
      "tm": [
        [
          -0.810039,
          0.0,
          0.586376
        ],
        [
          0.0,
          1.0,
          0.0
        ],
        [
          -0.586376,
          0.0,
          -0.810039
        ],
        [
          -16216.9,
          8.51474,
          29800.2
        ]
      ],
      "objLayer": 0,
      "props": {}
    },
    "ft_t1_airfield_01_01_spawn_11": {
      "type": "Point",
      "tm": [
        [
          -0.810039,
          0.0,
          0.586376
        ],
        [
          0.0,
          1.0,
          0.0
        ],
        [
          -0.586376,
          0.0,
          -0.810039
        ],
        [
          -16267.4,
          -10.4783,
          30936.3
        ]
      ],
      "objLayer": 0,
      "props": {}
    },
    "ft_t1_airfield_01_01_spawn_12": {
      "type": "Point",
      "tm": [
        [
          -0.810039,
          0.0,
          0.586376
        ],
        [
          0.0,
          1.0,
          0.0
        ],
        [
          -0.586376,
          0.0,
          -0.810039
        ],
        [
          -15846.5,
          -12.0173,
          30946.0
        ]
      ],
      "objLayer": 0,
      "props": {}
    },
    "ft_t1_airfield_01_01_spawn_13": {
      "type": "Point",
      "tm": [
        [
          -0.810039,
          0.0,
          0.586376
        ],
        [
          0.0,
          1.0,
          0.0
        ],
        [
          -0.586376,
          0.0,
          -0.810039
        ],
        [
          -14953.7,
          -18.5967,
          30835.1
        ]
      ],
      "objLayer": 0,
      "props": {}
    },
    "ft_t1_airfield_01_01_spawn_14": {
      "type": "Point",
      "tm": [
        [
          -0.810039,
          0.0,
          0.586376
        ],
        [
          0.0,
          1.0,
          0.0
        ],
        [
          -0.586376,
          0.0,
          -0.810039
        ],
        [
          -15588.4,
          22.9987,
          29706.2
        ]
      ],
      "objLayer": 0,
      "props": {}
    },
    "ft_t1_airfield_01_02_spawn_01": {
      "type": "Point",
      "tm": [
        [
          0.0499004,
          0.0,
          0.998754
        ],
        [
          0.0,
          1.0,
          0.0
        ],
        [
          -0.998754,
          0.0,
          0.0499004
        ],
        [
          -29789.8,
          22.7054,
          17100.3
        ]
      ],
      "objLayer": 0,
      "props": {}
    },
    "ft_t1_airfield_01_02_spawn_02": {
      "type": "Point",
      "tm": [
        [
          0.0499004,
          0.0,
          0.998754
        ],
        [
          0.0,
          1.0,
          0.0
        ],
        [
          -0.998754,
          0.0,
          0.0499004
        ],
        [
          -28305.0,
          34.6834,
          17126.6
        ]
      ],
      "objLayer": 0,
      "props": {}
    },
    "ft_t1_airfield_01_02_spawn_03": {
      "type": "Point",
      "tm": [
        [
          0.0499004,
          0.0,
          0.998754
        ],
        [
          0.0,
          1.0,
          0.0
        ],
        [
          -0.998754,
          0.0,
          0.0499004
        ],
        [
          -28104.8,
          37.4624,
          16881.9
        ]
      ],
      "objLayer": 0,
      "props": {}
    },
    "ft_t1_airfield_01_02_spawn_04": {
      "type": "Point",
      "tm": [
        [
          0.0499004,
          0.0,
          0.998754
        ],
        [
          0.0,
          1.0,
          0.0
        ],
        [
          -0.998754,
          0.0,
          0.0499004
        ],
        [
          -29220.0,
          7.30423,
          18154.8
        ]
      ],
      "objLayer": 0,
      "props": {}
    },
    "ft_t1_airfield_01_02_spawn_05": {
      "type": "Point",
      "tm": [
        [
          0.0499004,
          0.0,
          0.998754
        ],
        [
          0.0,
          1.0,
          0.0
        ],
        [
          -0.998754,
          0.0,
          0.0499004
        ],
        [
          -29918.0,
          18.0304,
          17230.3
        ]
      ],
      "objLayer": 0,
      "props": {}
    },
    "ft_t1_airfield_01_02_spawn_06": {
      "type": "Point",
      "tm": [
        [
          0.0499004,
          0.0,
          0.998754
        ],
        [
          0.0,
          1.0,
          0.0
        ],
        [
          -0.998754,
          0.0,
          0.0499004
        ],
        [
          -29152.0,
          24.6764,
          16337.4
        ]
      ],
      "objLayer": 0,
      "props": {}
    },
    "ft_t1_airfield_01_02_spawn_07": {
      "type": "Point",
      "tm": [
        [
          0.0499004,
          0.0,
          0.998754
        ],
        [
          0.0,
          1.0,
          0.0
        ],
        [
          -0.998754,
          0.0,
          0.0499004
        ],
        [
          -28991.6,
          24.5184,
          16146.0
        ]
      ],
      "objLayer": 0,
      "props": {}
    },
    "ft_t1_airfield_01_02_spawn_08": {
      "type": "Point",
      "tm": [
        [
          0.0499004,
          0.0,
          0.998754
        ],
        [
          0.0,
          1.0,
          0.0
        ],
        [
          -0.998754,
          0.0,
          0.0499004
        ],
        [
          -28505.0,
          20.3154,
          17420.7
        ]
      ],
      "objLayer": 0,
      "props": {}
    },
    "ft_t1_airfield_01_02_spawn_09": {
      "type": "Point",
      "tm": [
        [
          0.0499004,
          0.0,
          0.998754
        ],
        [
          0.0,
          1.0,
          0.0
        ],
        [
          -0.998754,
          0.0,
          0.0499004
        ],
        [
          -29453.7,
          18.5434,
          18485.1
        ]
      ],
      "objLayer": 0,
      "props": {}
    },
    "ft_t1_airfield_01_02_spawn_10": {
      "type": "Point",
      "tm": [
        [
          0.0499004,
          0.0,
          0.998754
        ],
        [
          0.0,
          1.0,
          0.0
        ],
        [
          -0.998754,
          0.0,
          0.0499004
        ],
        [
          -29292.8,
          24.1344,
          16544.1
        ]
      ],
      "objLayer": 0,
      "props": {}
    },
    "ft_t1_airfield_01_02_spawn_11": {
      "type": "Point",
      "tm": [
        [
          0.0499004,
          0.0,
          0.998754
        ],
        [
          0.0,
          1.0,
          0.0
        ],
        [
          -0.998754,
          0.0,
          0.0499004
        ],
        [
          -28730.1,
          16.9614,
          17675.8
        ]
      ],
      "objLayer": 0,
      "props": {}
    },
    "ft_t1_airfield_01_02_spawn_12": {
      "type": "Point",
      "tm": [
        [
          0.0499004,
          0.0,
          0.998754
        ],
        [
          0.0,
          1.0,
          0.0
        ],
        [
          -0.998754,
          0.0,
          0.0499004
        ],
        [
          -28960.0,
          -1.09747,
          17911.2
        ]
      ],
      "objLayer": 0,
      "props": {}
    },
    "ft_t1_airfield_01_02_spawn_13": {
      "type": "Point",
      "tm": [
        [
          0.0499004,
          0.0,
          0.998754
        ],
        [
          0.0,
          1.0,
          0.0
        ],
        [
          -0.998754,
          0.0,
          0.0499004
        ],
        [
          -30057.3,
          9.96103,
          17407.4
        ]
      ],
      "objLayer": 0,
      "props": {}
    },
    "ft_t1_airfield_01_02_spawn_14": {
      "type": "Point",
      "tm": [
        [
          0.0499004,
          0.0,
          0.998754
        ],
        [
          0.0,
          1.0,
          0.0
        ],
        [
          -0.998754,
          0.0,
          0.0499004
        ],
        [
          -29568.3,
          24.6054,
          16848.2
        ]
      ],
      "objLayer": 0,
      "props": {}
    },
    "ft_t1_airfield_02_01_spawn_01": {
      "type": "Point",
      "tm": [
        [
          -0.902077,
          0.0,
          0.431576
        ],
        [
          0.0,
          1.0,
          0.0
        ],
        [
          -0.431576,
          0.0,
          -0.902077
        ],
        [
          -16461.3,
          23.8581,
          14826.5
        ]
      ],
      "objLayer": 0,
      "props": {}
    },
    "ft_t1_airfield_02_01_spawn_02": {
      "type": "Point",
      "tm": [
        [
          -0.902077,
          0.0,
          0.431576
        ],
        [
          0.0,
          1.0,
          0.0
        ],
        [
          -0.431576,
          0.0,
          -0.902077
        ],
        [
          -16746.3,
          23.8963,
          15027.6
        ]
      ],
      "objLayer": 0,
      "props": {}
    },
    "ft_t1_airfield_02_01_spawn_03": {
      "type": "Point",
      "tm": [
        [
          -0.902077,
          0.0,
          0.431576
        ],
        [
          0.0,
          1.0,
          0.0
        ],
        [
          -0.431576,
          0.0,
          -0.902077
        ],
        [
          -17515.2,
          42.1751,
          14408.9
        ]
      ],
      "objLayer": 0,
      "props": {}
    },
    "ft_t1_airfield_02_01_spawn_04": {
      "type": "Point",
      "tm": [
        [
          -0.902077,
          0.0,
          0.431576
        ],
        [
          0.0,
          1.0,
          0.0
        ],
        [
          -0.431576,
          0.0,
          -0.902077
        ],
        [
          -17027.0,
          13.5646,
          13939.5
        ]
      ],
      "objLayer": 0,
      "props": {}
    },
    "ft_t1_airfield_02_01_spawn_05": {
      "type": "Point",
      "tm": [
        [
          -0.902077,
          0.0,
          0.431576
        ],
        [
          0.0,
          1.0,
          0.0
        ],
        [
          -0.431576,
          0.0,
          -0.902077
        ],
        [
          -18264.8,
          72.2053,
          15096.6
        ]
      ],
      "objLayer": 0,
      "props": {}
    },
    "ft_t1_airfield_02_01_spawn_06": {
      "type": "Point",
      "tm": [
        [
          -0.902077,
          0.0,
          0.431576
        ],
        [
          0.0,
          1.0,
          0.0
        ],
        [
          -0.431576,
          0.0,
          -0.902077
        ],
        [
          -17482.9,
          23.8963,
          15657.9
        ]
      ],
      "objLayer": 0,
      "props": {}
    },
    "ft_t1_airfield_02_01_spawn_07": {
      "type": "Point",
      "tm": [
        [
          -0.902077,
          0.0,
          0.431576
        ],
        [
          0.0,
          1.0,
          0.0
        ],
        [
          -0.431576,
          0.0,
          -0.902077
        ],
        [
          -16339.8,
          23.3117,
          14693.4
        ]
      ],
      "objLayer": 0,
      "props": {}
    },
    "ft_t1_airfield_02_01_spawn_08": {
      "type": "Point",
      "tm": [
        [
          -0.902077,
          0.0,
          0.431576
        ],
        [
          0.0,
          1.0,
          0.0
        ],
        [
          -0.431576,
          0.0,
          -0.902077
        ],
        [
          -17271.6,
          26.5412,
          14113.9
        ]
      ],
      "objLayer": 0,
      "props": {}
    },
    "ft_t1_airfield_02_01_spawn_09": {
      "type": "Point",
      "tm": [
        [
          -0.902077,
          0.0,
          0.431576
        ],
        [
          0.0,
          1.0,
          0.0
        ],
        [
          -0.431576,
          0.0,
          -0.902077
        ],
        [
          -18550.1,
          54.2326,
          15389.9
        ]
      ],
      "objLayer": 0,
      "props": {}
    },
    "ft_t1_airfield_02_01_spawn_10": {
      "type": "Point",
      "tm": [
        [
          -0.902077,
          0.0,
          0.431576
        ],
        [
          0.0,
          1.0,
          0.0
        ],
        [
          -0.431576,
          0.0,
          -0.902077
        ],
        [
          -17171.5,
          23.8963,
          15460.6
        ]
      ],
      "objLayer": 0,
      "props": {}
    },
    "ft_t1_airfield_02_01_spawn_11": {
      "type": "Point",
      "tm": [
        [
          -0.902077,
          0.0,
          0.431576
        ],
        [
          0.0,
          1.0,
          0.0
        ],
        [
          -0.431576,
          0.0,
          -0.902077
        ],
        [
          -18033.6,
          50.8954,
          14865.9
        ]
      ],
      "objLayer": 0,
      "props": {}
    },
    "ft_t1_airfield_02_01_spawn_12": {
      "type": "Point",
      "tm": [
        [
          -0.902077,
          0.0,
          0.431576
        ],
        [
          0.0,
          1.0,
          0.0
        ],
        [
          -0.431576,
          0.0,
          -0.902077
        ],
        [
          -17830.5,
          55.0097,
          14685.9
        ]
      ],
      "objLayer": 0,
      "props": {}
    },
    "ft_t1_airfield_02_01_spawn_13": {
      "type": "Point",
      "tm": [
        [
          -0.902077,
          0.0,
          0.431576
        ],
        [
          0.0,
          1.0,
          0.0
        ],
        [
          -0.431576,
          0.0,
          -0.902077
        ],
        [
          -16972.6,
          23.8963,
          15207.7
        ]
      ],
      "objLayer": 0,
      "props": {}
    },
    "ft_t1_airfield_02_01_spawn_14": {
      "type": "Point",
      "tm": [
        [
          -0.902077,
          0.0,
          0.431576
        ],
        [
          0.0,
          1.0,
          0.0
        ],
        [
          -0.431576,
          0.0,
          -0.902077
        ],
        [
          -17816.0,
          23.8963,
          15954.0
        ]
      ],
      "objLayer": 0,
      "props": {}
    },
    "ft_t1_airfield_02_02_spawn_01": {
      "type": "Point",
      "tm": [
        [
          -0.0611061,
          0.0,
          0.998131
        ],
        [
          0.0,
          1.0,
          0.0
        ],
        [
          -0.998131,
          0.0,
          -0.0611061
        ],
        [
          -23369.0,
          -40.494,
          5886.49
        ]
      ],
      "objLayer": 0,
      "props": {}
    },
    "ft_t1_airfield_02_02_spawn_02": {
      "type": "Point",
      "tm": [
