{
  "selected_tag": "",
  "bin_dump_file": "",
  "mission_settings": {
    "player": {
      "army": 1
    },
    "player_teamB": {
      "army": 2
    },
    "mission": {
      "level": "levels/air_smolensk.bin",
      "type": "domination",
      "environment": "Day",
      "weather": "hazy",
      "restoreType": "attempts",
      "optionalTakeOff": false
    }
  },
  "imports": {
    "import_record": {
      "file": "gameData/missions/templates/air_templates/jip/air_bdt_bases_destroy_template.blk",
      "importAreas": true,
      "importUnits": true,
      "importTriggers": true,
      "importMissionObjectives": true,
      "importWayPoints": true,
      "showAreas": true,
      "showUnits": true,
      "showTriggers": true,
      "showMissionObjectives": true,
      "showWayPoints": true,
      "excludes": []
    }
  },
  "triggers": {
    "isCategory": true,
    "is_enabled": true
  },
  "mission_objectives": {
    "isCategory": true,
    "is_enabled": true
  },
  "variables": [],
  "dialogs": [],
  "airfields": [],
  "effects": [],
  "units": [
    {
      "objectGroups": {
        "name": "bdt_t2_bomb_object_01",
        "tm": [
          [-0.927651,0.0,-0.373442],
          [0.0,1.0,0.0],
          [0.373442,0.0,-0.927651],
          [7551.7,297.55,1403.15]
        ],
        "unit_class": "dynBase_hq_camp_square",
        "objLayer": 2,
        "props": {
          "army": 2,
          "active": true
        }
      }
    },
    {
      "objectGroups": {
        "name": "bdt_t2_bomb_object_02",
        "tm": [
          [-0.96943,0.0,0.245378],
          [0.0,1.0,0.0],
          [-0.245378,0.0,-0.96943],
          [-2443.5,408.85,6113.65]
        ],
        "unit_class": "dynBase_fuel_storage_square",
        "objLayer": 2,
        "props": {
          "army": 2,
          "active": true
        }
      }
    },
    {
      "objectGroups": {
        "name": "bdt_t2_bomb_object_03",
        "tm": [
          [0.0138918,0.0,-0.999906],
          [0.0,1.0,0.0],
          [0.999906,0.0,0.0138918],
          [-4276.4,283.3,6078.55]
        ],
        "unit_class": "dynBase_oil_storage_small_square",
        "objLayer": 2,
        "props": {
          "army": 2,
          "active": true
        }
      }
    },
    {
      "objectGroups": {
        "name": "bdt_t1_bomb_object_01",
        "tm": [
          [-0.677102,0.0,-0.735889],
          [0.0,1.0,0.0],
          [0.735889,0.0,-0.677102],
          [-1288.75,286.25,-11702.9]
        ],
        "unit_class": "dynBase_fuel_storage_square",
        "objLayer": 2,
        "props": {
          "army": 1,
          "active": true
        }
      }
    },
    {
      "objectGroups": {
        "name": "bdt_t1_bomb_object_02",
        "tm": [
          [-0.00205198,0.0,-0.999997],
          [0.0,1.0,0.0],
          [0.999997,0.0,-0.00205198],
          [2176.2,179.9,-10029.4]
        ],
        "unit_class": "dynBase_small_factory_square",
        "objLayer": 2,
        "props": {
          "army": 1,
          "active": false
        }
      }
    },
    {
      "objectGroups": {
        "name": "bdt_t1_bomb_object_03",
        "tm": [
          [0.102465,0.0,-0.994736],
          [0.0,1.0,0.0],
          [0.994736,0.0,0.102465],
          [-8154.65,356.0,-4977.55]
        ],
        "unit_class": "dynBase_oil_storage_small_square",
        "objLayer": 2,
        "props": {
          "army": 1,
          "active": false
        }
      }
    },
    {
      "objectGroups": {
        "name": "bdt_t2_bomb_object_04",
        "tm": [
          [-0.545688,0.0,-0.837988],
          [0.0,1.0,0.0],
          [0.837988,0.0,-0.545688],
          [9112.3,251.05,-2349.05]
        ],
        "unit_class": "dynBase_small_factory_square",
        "objLayer": 2,
        "props": {
          "army": 2,
          "active": true
        }
      }
    },
    {
      "objectGroups": {
        "name": "bdt_t1_bomb_object_04",
        "tm": [
          [-0.252177,0.0,-0.967681],
          [0.0,1.0,0.0],
          [0.967681,0.0,-0.252177],
          [-8695.0,274.75,-1970.45]
        ],
        "unit_class": "dynBase_field_camp_square",
        "objLayer": 2,
        "props": {
          "army": 1,
          "active": false
        }
      }
    },
    {
      "objectGroups": {
        "name": "bdt_t1_bomb_object_05",
        "tm": [
          [-0.252177,0.0,-0.967681],
          [0.0,1.0,0.0],
          [0.967681,0.0,-0.252177],
          [-10446.5,242.6,-2183.85]
        ],
        "unit_class": "dynBase_military_base_square",
        "objLayer": 2,
        "props": {
          "army": 1,
          "active": false
        }
      }
    },
    {
      "objectGroups": {
        "name": "bdt_t1_bomb_object_06",
        "tm": [
          [-0.252177,0.0,-0.967681],
          [0.0,1.0,0.0],
          [0.967681,0.0,-0.252177],
          [-9874.2,268.3,-5530.15]
        ],
        "unit_class": "dynBase_oil_storage_large_square",
        "objLayer": 2,
        "props": {
          "army": 1,
          "active": false
        }
      }
    },
    {
      "objectGroups": {
        "name": "bdt_t1_bomb_object_07",
        "tm": [
          [-0.252177,0.0,-0.967681],
          [0.0,1.0,0.0],
          [0.967681,0.0,-0.252177],
          [-8681.75,341.25,-7173.15]
        ],
        "unit_class": "dynBase_oil_storage_large_square",
        "objLayer": 2,
        "props": {
          "army": 1,
          "active": false
        }
      }
    },
    {
      "objectGroups": {
        "name": "bdt_t1_bomb_object_08",
        "tm": [
          [-0.677102,0.0,-0.735889],
          [0.0,1.0,0.0],
          [0.735889,0.0,-0.677102],
          [1480.0,316.55,-11292.0]
        ],
        "unit_class": "dynBase_small_factory_square",
        "objLayer": 2,
        "props": {
          "army": 1,
          "active": true
        }
      }
    },
    {
      "objectGroups": {
        "name": "bdt_t1_bomb_object_09",
        "tm": [
          [-0.677102,0.0,-0.735889],
          [0.0,1.0,0.0],
          [0.735889,0.0,-0.677102],
          [-1424.9,238.1,-10406.5]
        ],
        "unit_class": "dynBase_petrol_camp_square",
        "objLayer": 2,
        "props": {
          "army": 1,
          "active": true
        }
      }
    },
    {
      "objectGroups": {
        "name": "bdt_t1_bomb_object_10",
        "tm": [
          [-0.677102,0.0,-0.735889],
          [0.0,1.0,0.0],
          [0.735889,0.0,-0.677102],
          [-3889.3,250.25,-11059.5]
        ],
        "unit_class": "dynBase_petrol_camp_square",
        "objLayer": 2,
        "props": {
          "army": 1,
          "active": true
        }
      }
    },
    {
      "objectGroups": {
        "name": "bdt_t2_bomb_object_05",
        "tm": [
          [-0.545688,0.0,-0.837988],
          [0.0,1.0,0.0],
          [0.837988,0.0,-0.545688],
          [8767.8,271.95,-3632.45]
        ],
        "unit_class": "dynBase_petrol_camp_square",
        "objLayer": 2,
        "props": {
          "army": 2,
          "active": true
        }
      }
    },
    {
      "objectGroups": {
        "name": "bdt_t2_bomb_object_06",
        "tm": [
          [-0.088618,0.0,-0.996066],
          [0.0,1.0,0.0],
          [0.996066,0.0,-0.088618],
          [8643.15,293.45,-671.9]
        ],
        "unit_class": "dynBase_military_base_square",
        "objLayer": 2,
        "props": {
          "army": 2,
          "active": true
        }
      }
    },
    {
      "objectGroups": {
        "name": "bdt_t2_bomb_object_07",
        "tm": [
          [-0.545688,0.0,-0.837988],
          [0.0,1.0,0.0],
          [0.837988,0.0,-0.545688],
          [8235.4,272.0,2215.25]
        ],
        "unit_class": "dynBase_fuel_storage_square",
        "objLayer": 2,
        "props": {
          "army": 2,
          "active": true
        }
      }
    },
    {
      "objectGroups": {
        "name": "bdt_t2_bomb_object_08",
        "tm": [
          [0.0138918,0.0,-0.999906],
          [0.0,1.0,0.0],
          [0.999906,0.0,0.0138918],
          [-5911.95,301.05,6503.7]
        ],
        "unit_class": "dynBase_ammunition_storage_square",
        "objLayer": 2,
        "props": {
          "army": 2,
          "active": true
        }
      }
    },
    {
      "objectGroups": {
        "name": "bdt_t2_bomb_object_09",
        "tm": [
          [0.0138918,0.0,-0.999906],
          [0.0,1.0,0.0],
          [0.999906,0.0,0.0138918],
          [-2646.05,381.05,7652.25]
        ],
        "unit_class": "dynBase_field_camp_square",
        "objLayer": 2,
        "props": {
          "army": 2,
          "active": true
        }
      }
    },
    {
      "objectGroups": {
        "name": "bdt_t2_bomb_object_10",
        "tm": [
          [0.0138918,0.0,-0.999906],
          [0.0,1.0,0.0],
          [0.999906,0.0,0.0138918],
          [-789.75,246.3,6977.25]
        ],
        "unit_class": "dynBase_oil_storage_small_square",
        "objLayer": 2,
        "props": {
          "army": 2,
          "active": true
        }
      }
    },
    {
      "structures": {
        "name": "bdt_t2_bomb_zone_01_bomb_target",
        "tm": [
          [-0.927651,0.0,-0.373442],
          [0.0,1.0,0.0],
          [0.373442,0.0,-0.927651],
          [7551.7,297.55,1403.15]
        ],
        "unit_class": "dummy_immortal",
        "objLayer": 2,
        "closed_waypoints": false,
        "isShipSpline": false,
        "shipTurnRadius": 100.0,
        "weapons": "",
        "bullets0": "",
        "bullets1": "",
        "bullets2": "",
        "bullets3": "",
        "bulletsCount0": 0,
        "bulletsCount1": 0,
        "bulletsCount2": 0,
        "bulletsCount3": 0,
        "crewSkillK": 0.0,
        "applyAllMods": false,
        "props": {
          "army": 2,
          "count": 1,
          "formation_type": "rows",
          "formation_div": 3,
          "formation_step": [2.5,2.0],
          "formation_noise": [0.1,0.1],
          "uniqueName": "",
          "attack_type": "fire_at_will",
          "isDelayed": false,
          "stealthRadius": 0.0,
          "setStealth": true,
          "targetableByAi": false
        },
        "way": []
      }
    },
    {
      "structures": {
        "name": "bdt_t2_bomb_zone_02_bomb_target",
        "tm": [
          [-0.96943,0.0,0.245378],
          [0.0,1.0,0.0],
          [-0.245378,0.0,-0.96943],
          [-2443.5,408.85,6113.65]
        ],
        "unit_class": "dummy_immortal",
        "objLayer": 2,
        "closed_waypoints": false,
        "isShipSpline": false,
        "shipTurnRadius": 100.0,
        "weapons": "",
        "bullets0": "",
        "bullets1": "",
        "bullets2": "",
        "bullets3": "",
        "bulletsCount0": 0,
        "bulletsCount1": 0,
        "bulletsCount2": 0,
        "bulletsCount3": 0,
        "crewSkillK": 0.0,
        "applyAllMods": false,
        "props": {
          "army": 2,
          "count": 1,
          "formation_type": "rows",
          "formation_div": 3,
          "formation_step": [2.5,2.0],
          "formation_noise": [0.1,0.1],
          "uniqueName": "",
          "attack_type": "fire_at_will",
          "isDelayed": false,
          "stealthRadius": 0.0,
          "setStealth": true,
          "targetableByAi": false
        },
        "way": []
      }
    },
    {
      "structures": {
        "name": "bdt_t2_bomb_zone_03_bomb_target",
        "tm": [
          [0.0138918,0.0,-0.999906],
          [0.0,1.0,0.0],
          [0.999906,0.0,0.0138918],
          [-4276.4,283.3,6078.55]
        ],
        "unit_class": "dummy_immortal",
        "objLayer": 2,
        "closed_waypoints": false,
        "isShipSpline": false,
        "shipTurnRadius": 100.0,
        "weapons": "",
        "bullets0": "",
        "bullets1": "",
        "bullets2": "",
        "bullets3": "",
        "bulletsCount0": 0,
        "bulletsCount1": 0,
        "bulletsCount2": 0,
        "bulletsCount3": 0,
        "crewSkillK": 0.0,
        "applyAllMods": false,
        "props": {
          "army": 2,
          "count": 1,
          "formation_type": "rows",
          "formation_div": 3,
          "formation_step": [2.5,2.0],
          "formation_noise": [0.1,0.1],
          "uniqueName": "",
          "attack_type": "fire_at_will",
          "isDelayed": false,
          "stealthRadius": 0.0,
          "setStealth": true,
          "targetableByAi": false
        },
        "way": []
      }
    },
    {
      "structures": {
        "name": "bdt_t2_bomb_zone_04_bomb_target",
        "tm": [
          [-0.545688,0.0,-0.837988],
          [0.0,1.0,0.0],
          [0.837988,0.0,-0.545688],
          [9112.3,251.05,-2349.05]
        ],
        "unit_class": "dummy_immortal",
        "objLayer": 2,
        "closed_waypoints": false,
        "isShipSpline": false,
        "shipTurnRadius": 100.0,
        "weapons": "",
        "bullets0": "",
        "bullets1": "",
        "bullets2": "",
        "bullets3": "",
        "bulletsCount0": 0,
        "bulletsCount1": 0,
        "bulletsCount2": 0,
        "bulletsCount3": 0,
        "crewSkillK": 0.0,
        "applyAllMods": false,
        "props": {
          "army": 2,
          "count": 1,
          "formation_type": "rows",
          "formation_div": 3,
          "formation_step": [2.5,2.0],
          "formation_noise": [0.1,0.1],
          "uniqueName": "",
          "attack_type": "fire_at_will",
          "isDelayed": false,
          "stealthRadius": 0.0,
          "setStealth": true,
          "targetableByAi": false
        },
        "way": []
      }
    },
    {
      "structures": {
        "name": "bdt_t1_bomb_zone_01_bomb_target",
        "tm": [
          [-0.677102,0.0,-0.735889],
          [0.0,1.0,0.0],
          [0.735889,0.0,-0.677102],
          [-1288.75,286.25,-11702.9]
        ],
        "unit_class": "dummy_immortal",
        "objLayer": 2,
        "closed_waypoints": false,
        "isShipSpline": false,
        "shipTurnRadius": 100.0,
        "weapons": "",
        "bullets0": "",
        "bullets1": "",
        "bullets2": "",
        "bullets3": "",
        "bulletsCount0": 0,
        "bulletsCount1": 0,
        "bulletsCount2": 0,
        "bulletsCount3": 0,
        "crewSkillK": 0.0,
        "applyAllMods": false,
        "props": {
          "army": 1,
          "count": 1,
          "formation_type": "rows",
          "formation_div": 3,
          "formation_step": [2.5,2.0],
          "formation_noise": [0.1,0.1],
          "uniqueName": "",
          "attack_type": "fire_at_will",
          "stealthRadius": 0.0,
          "setStealth": true,
          "targetableByAi": false
        },
        "way": []
      }
    },
    {
      "structures": {
        "name": "bdt_t1_bomb_zone_02_bomb_target",
        "tm": [
          [-0.00205198,0.0,-0.999997],
          [0.0,1.0,0.0],
          [0.999997,0.0,-0.00205198],
          [2176.2,179.9,-10029.4]
        ],
        "unit_class": "dummy_immortal",
        "objLayer": 2,
        "closed_waypoints": false,
        "isShipSpline": false,
        "shipTurnRadius": 100.0,
        "weapons": "",
        "bullets0": "",
        "bullets1": "",
        "bullets2": "",
        "bullets3": "",
        "bulletsCount0": 0,
        "bulletsCount1": 0,
        "bulletsCount2": 0,
        "bulletsCount3": 0,
        "crewSkillK": 0.0,
        "applyAllMods": false,
        "props": {
          "army": 1,
          "count": 1,
          "formation_type": "rows",
          "formation_div": 3,
          "formation_step": [2.5,2.0],
          "formation_noise": [0.1,0.1],
          "uniqueName": "",
          "attack_type": "fire_at_will",
          "stealthRadius": 0.0,
          "setStealth": true,
          "targetableByAi": false
        },
        "way": []
      }
    },
    {
      "structures": {
        "name": "bdt_t1_bomb_zone_03_bomb_target",
        "tm": [
          [0.102465,0.0,-0.994736],
          [0.0,1.0,0.0],
          [0.994736,0.0,0.102465],
          [-8154.65,356.0,-4977.55]
        ],
        "unit_class": "dummy_immortal",
        "objLayer": 2,
        "closed_waypoints": false,
        "isShipSpline": false,
        "shipTurnRadius": 100.0,
        "weapons": "",
        "bullets0": "",
        "bullets1": "",
        "bullets2": "",
        "bullets3": "",
        "bulletsCount0": 0,
        "bulletsCount1": 0,
        "bulletsCount2": 0,
        "bulletsCount3": 0,
        "crewSkillK": 0.0,
        "applyAllMods": false,
        "props": {
          "army": 1,
          "count": 1,
          "formation_type": "rows",
          "formation_div": 3,
          "formation_step": [2.5,2.0],
          "formation_noise": [0.1,0.1],
          "uniqueName": "",
          "attack_type": "fire_at_will",
          "stealthRadius": 0.0,
          "setStealth": true,
          "targetableByAi": false
        },
        "way": []
      }
    },
    {
      "structures": {
        "name": "bdt_t1_bomb_zone_04_bomb_target",
        "tm": [
          [-0.252177,0.0,-0.967681],
          [0.0,1.0,0.0],
          [0.967681,0.0,-0.252177],
          [-8695.0,274.75,-1970.45]
        ],
        "unit_class": "dummy_immortal",
        "objLayer": 2,
        "closed_waypoints": false,
        "isShipSpline": false,
        "shipTurnRadius": 100.0,
        "weapons": "",
        "bullets0": "",
        "bullets1": "",
        "bullets2": "",
        "bullets3": "",
        "bulletsCount0": 0,
        "bulletsCount1": 0,
        "bulletsCount2": 0,
        "bulletsCount3": 0,
        "crewSkillK": 0.0,
        "applyAllMods": false,
        "props": {
          "army": 1,
          "count": 1,
          "formation_type": "rows",
          "formation_div": 3,
          "formation_step": [2.5,2.0],
          "formation_noise": [0.1,0.1],
          "uniqueName": "",
          "attack_type": "fire_at_will",
          "stealthRadius": 0.0,
          "setStealth": true,
          "targetableByAi": false
        },
        "way": []
      }
    },
    {
      "structures": {
        "name": "bdt_t1_bomb_zone_05_bomb_target",
        "tm": [
          [-0.252177,0.0,-0.967681],
          [0.0,1.0,0.0],
          [0.967681,0.0,-0.252177],
          [-10446.5,242.6,-2183.85]
        ],
        "unit_class": "dummy_immortal",
        "objLayer": 2,
        "closed_waypoints": false,
        "isShipSpline": false,
        "shipTurnRadius": 100.0,
        "weapons": "",
        "bullets0": "",
        "bullets1": "",
        "bullets2": "",
        "bullets3": "",
        "bulletsCount0": 0,
        "bulletsCount1": 0,
        "bulletsCount2": 0,
        "bulletsCount3": 0,
        "crewSkillK": 0.0,
        "applyAllMods": false,
        "props": {
          "army": 1,
          "count": 1,
          "formation_type": "rows",
          "formation_div": 3,
          "formation_step": [2.5,2.0],
          "formation_noise": [0.1,0.1],
          "uniqueName": "",
          "attack_type": "fire_at_will",
          "stealthRadius": 0.0,
          "setStealth": true,
          "targetableByAi": false
        },
        "way": []
      }
    },
    {
      "structures": {
        "name": "bdt_t1_bomb_zone_06_bomb_target",
        "tm": [
          [-0.252177,0.0,-0.967681],
          [0.0,1.0,0.0],
          [0.967681,0.0,-0.252177],
          [-9874.2,268.3,-5530.15]
        ],
        "unit_class": "dummy_immortal",
        "objLayer": 2,
        "closed_waypoints": false,
        "isShipSpline": false,
        "shipTurnRadius": 100.0,
        "weapons": "",
        "bullets0": "",
        "bullets1": "",
        "bullets2": "",
        "bullets3": "",
        "bulletsCount0": 0,
        "bulletsCount1": 0,
        "bulletsCount2": 0,
        "bulletsCount3": 0,
        "crewSkillK": 0.0,
        "applyAllMods": false,
        "props": {
          "army": 1,
          "count": 1,
          "formation_type": "rows",
          "formation_div": 3,
          "formation_step": [2.5,2.0],
          "formation_noise": [0.1,0.1],
          "uniqueName": "",
          "attack_type": "fire_at_will",
          "stealthRadius": 0.0,
          "setStealth": true,
          "targetableByAi": false
        },
        "way": []
      }
    },
    {
      "structures": {
        "name": "bdt_t1_bomb_zone_07_bomb_target",
        "tm": [
          [-0.252177,0.0,-0.967681],
          [0.0,1.0,0.0],
          [0.967681,0.0,-0.252177],
          [-8681.75,341.25,-7173.15]
        ],
        "unit_class": "dummy_immortal",
        "objLayer": 2,
        "closed_waypoints": false,
        "isShipSpline": false,
        "shipTurnRadius": 100.0,
        "weapons": "",
        "bullets0": "",
        "bullets1": "",
        "bullets2": "",
        "bullets3": "",
        "bulletsCount0": 0,
        "bulletsCount1": 0,
        "bulletsCount2": 0,
        "bulletsCount3": 0,
        "crewSkillK": 0.0,
        "applyAllMods": false,
        "props": {
          "army": 1,
          "count": 1,
          "formation_type": "rows",
          "formation_div": 3,
          "formation_step": [2.5,2.0],
          "formation_noise": [0.1,0.1],
          "uniqueName": "",
          "attack_type": "fire_at_will",
          "stealthRadius": 0.0,
          "setStealth": true,
          "targetableByAi": false
        },
        "way": []
      }
    },
    {
      "structures": {
        "name": "bdt_t1_bomb_zone_08_bomb_target",
        "tm": [
          [-0.677102,0.0,-0.735889],
          [0.0,1.0,0.0],
          [0.735889,0.0,-0.677102],
          [1480.0,316.55,-11292.0]
        ],
        "unit_class": "dummy_immortal",
        "objLayer": 2,
        "closed_waypoints": false,
        "isShipSpline": false,
        "shipTurnRadius": 100.0,
        "weapons": "",
        "bullets0": "",
        "bullets1": "",
        "bullets2": "",
        "bullets3": "",
        "bulletsCount0": 0,
        "bulletsCount1": 0,
        "bulletsCount2": 0,
        "bulletsCount3": 0,
        "crewSkillK": 0.0,
        "applyAllMods": false,
        "props": {
          "army": 1,
          "count": 1,
          "formation_type": "rows",
          "formation_div": 3,
          "formation_step": [2.5,2.0],
          "formation_noise": [0.1,0.1],
          "uniqueName": "",
          "attack_type": "fire_at_will",
          "stealthRadius": 0.0,
          "setStealth": true,
          "targetableByAi": false
        },
        "way": []
      }
    },
    {
      "structures": {
        "name": "bdt_t1_bomb_zone_09_bomb_target",
        "tm": [
          [-0.677102,0.0,-0.735889],
          [0.0,1.0,0.0],
          [0.735889,0.0,-0.677102],
          [-1424.9,238.1,-10406.5]
        ],
        "unit_class": "dummy_immortal",
        "objLayer": 2,
        "closed_waypoints": false,
        "isShipSpline": false,
        "shipTurnRadius": 100.0,
        "weapons": "",
        "bullets0": "",
        "bullets1": "",
        "bullets2": "",
        "bullets3": "",
        "bulletsCount0": 0,
        "bulletsCount1": 0,
        "bulletsCount2": 0,
        "bulletsCount3": 0,
        "crewSkillK": 0.0,
        "applyAllMods": false,
        "props": {
          "army": 1,
          "count": 1,
          "formation_type": "rows",
          "formation_div": 3,
          "formation_step": [2.5,2.0],
          "formation_noise": [0.1,0.1],
          "uniqueName": "",
          "attack_type": "fire_at_will",
          "stealthRadius": 0.0,
          "setStealth": true,
          "targetableByAi": false
        },
        "way": []
      }
    },
    {
      "structures": {
        "name": "bdt_t1_bomb_zone_10_bomb_target",
        "tm": [
          [-0.677102,0.0,-0.735889],
          [0.0,1.0,0.0],
          [0.735889,0.0,-0.677102],
          [-3889.3,250.25,-11059.5]
        ],
        "unit_class": "dummy_immortal",
        "objLayer": 2,
        "closed_waypoints": false,
        "isShipSpline": false,
        "shipTurnRadius": 100.0,
        "weapons": "",
        "bullets0": "",
        "bullets1": "",
        "bullets2": "",
        "bullets3": "",
        "bulletsCount0": 0,
        "bulletsCount1": 0,
        "bulletsCount2": 0,
        "bulletsCount3": 0,
        "crewSkillK": 0.0,
        "applyAllMods": false,
        "props": {
          "army": 1,
          "count": 1,
          "formation_type": "rows",
          "formation_div": 3,
          "formation_step": [2.5,2.0],
          "formation_noise": [0.1,0.1],
          "uniqueName": "",
          "attack_type": "fire_at_will",
          "stealthRadius": 0.0,
          "setStealth": true,
          "targetableByAi": false
        },
        "way": []
      }
    },
    {
      "structures": {
        "name": "bdt_t2_bomb_zone_05_bomb_target",
        "tm": [
          [-0.545688,0.0,-0.837988],
          [0.0,1.0,0.0],
          [0.837988,0.0,-0.545688],
          [8767.8,271.95,-3632.45]
        ],
        "unit_class": "dummy_immortal",
        "objLayer": 2,
        "closed_waypoints": false,
        "isShipSpline": false,
        "shipTurnRadius": 100.0,
        "weapons": "",
        "bullets0": "",
        "bullets1": "",
        "bullets2": "",
        "bullets3": "",
        "bulletsCount0": 0,
        "bulletsCount1": 0,
        "bulletsCount2": 0,
        "bulletsCount3": 0,
        "crewSkillK": 0.0,
        "applyAllMods": false,
        "props": {
          "army": 2,
          "count": 1,
          "formation_type": "rows",
          "formation_div": 3,
          "formation_step": [2.5,2.0],
          "formation_noise": [0.1,0.1],
          "uniqueName": "",
          "attack_type": "fire_at_will",
          "isDelayed": false,
          "stealthRadius": 0.0,
          "setStealth": true,
          "targetableByAi": false
        },
        "way": []
      }
    },
    {
      "structures": {
        "name": "bdt_t2_bomb_zone_06_bomb_target",
        "tm": [
          [-0.088618,0.0,-0.996066],
          [0.0,1.0,0.0],
          [0.996066,0.0,-0.088618],
          [8643.15,293.45,-671.9]
        ],
        "unit_class": "dummy_immortal",
        "objLayer": 2,
        "closed_waypoints": false,
        "isShipSpline": false,
        "shipTurnRadius": 100.0,
        "weapons": "",
        "bullets0": "",
        "bullets1": "",
        "bullets2": "",
        "bullets3": "",
        "bulletsCount0": 0,
        "bulletsCount1": 0,
        "bulletsCount2": 0,
        "bulletsCount3": 0,
        "crewSkillK": 0.0,
        "applyAllMods": false,
        "props": {
          "army": 2,
          "count": 1,
          "formation_type": "rows",
          "formation_div": 3,
          "formation_step": [2.5,2.0],
          "formation_noise": [0.1,0.1],
          "uniqueName": "",
          "attack_type": "fire_at_will",
          "isDelayed": false,
          "stealthRadius": 0.0,
          "setStealth": true,
          "targetableByAi": false
        },
        "way": []
      }
    },
    {
      "structures": {
        "name": "bdt_t2_bomb_zone_07_bomb_target",
        "tm": [
          [-0.545688,0.0,-0.837988],
          [0.0,1.0,0.0],
          [0.837988,0.0,-0.545688],
          [8235.4,272.0,2215.25]
        ],
        "unit_class": "dummy_immortal",
        "objLayer": 2,
        "closed_waypoints": false,
        "isShipSpline": false,
        "shipTurnRadius": 100.0,
        "weapons": "",
        "bullets0": "",
        "bullets1": "",
        "bullets2": "",
        "bullets3": "",
        "bulletsCount0": 0,
        "bulletsCount1": 0,
        "bulletsCount2": 0,
        "bulletsCount3": 0,
        "crewSkillK": 0.0,
        "applyAllMods": false,
        "props": {
          "army": 2,
          "count": 1,
          "formation_type": "rows",
          "formation_div": 3,
          "formation_step": [2.5,2.0],
          "formation_noise": [0.1,0.1],
          "uniqueName": "",
          "attack_type": "fire_at_will",
          "isDelayed": false,
          "stealthRadius": 0.0,
          "setStealth": true,
          "targetableByAi": false
        },
        "way": []
      }
    },
    {
      "structures": {
        "name": "bdt_t2_bomb_zone_08_bomb_target",
        "tm": [
          [0.0138918,0.0,-0.999906],
          [0.0,1.0,0.0],
          [0.999906,0.0,0.0138918],
          [-5911.95,301.05,6503.7]
        ],
        "unit_class": "dummy_immortal",
        "objLayer": 2,
        "closed_waypoints": false,
        "isShipSpline": false,
        "shipTurnRadius": 100.0,
        "weapons": "",
        "bullets0": "",
        "bullets1": "",
        "bullets2": "",
        "bullets3": "",
        "bulletsCount0": 0,
        "bulletsCount1": 0,
        "bulletsCount2": 0,
        "bulletsCount3": 0,
        "crewSkillK": 0.0,
        "applyAllMods": false,
        "props": {
          "army": 2,
          "count": 1,
          "formation_type": "rows",
          "formation_div": 3,
          "formation_step": [2.5,2.0],
          "formation_noise": [0.1,0.1],
          "uniqueName": "",
          "attack_type": "fire_at_will",
          "isDelayed": false,
          "stealthRadius": 0.0,
          "setStealth": true,
          "targetableByAi": false
        },
        "way": []
      }
    },
    {
      "structures": {
        "name": "bdt_t2_bomb_zone_09_bomb_target",
        "tm": [
          [0.0138918,0.0,-0.999906],
          [0.0,1.0,0.0],
          [0.999906,0.0,0.0138918],
          [-2646.05,381.05,7652.25]
        ],
        "unit_class": "dummy_immortal",
        "objLayer": 2,
        "closed_waypoints": false,
        "isShipSpline": false,
        "shipTurnRadius": 100.0,
        "weapons": "",
        "bullets0": "",
        "bullets1": "",
        "bullets2": "",
        "bullets3": "",
        "bulletsCount0": 0,
        "bulletsCount1": 0,
        "bulletsCount2": 0,
        "bulletsCount3": 0,
        "crewSkillK": 0.0,
        "applyAllMods": false,
        "props": {
          "army": 2,
          "count": 1,
          "formation_type": "rows",
          "formation_div": 3,
          "formation_step": [2.5,2.0],
          "formation_noise": [0.1,0.1],
          "uniqueName": "",
          "attack_type": "fire_at_will",
          "isDelayed": false,
          "stealthRadius": 0.0,
          "setStealth": true,
          "targetableByAi": false
        },
        "way": []
      }
    },
    {
      "structures": {
        "name": "bdt_t2_bomb_zone_10_bomb_target",
        "tm": [
          [0.0138918,0.0,-0.999906],
          [0.0,1.0,0.0],
          [0.999906,0.0,0.0138918],
          [-789.75,246.3,6977.25]
        ],
        "unit_class": "dummy_immortal",
        "objLayer": 2,
        "closed_waypoints": false,
        "isShipSpline": false,
        "shipTurnRadius": 100.0,
        "weapons": "",
        "bullets0": "",
        "bullets1": "",
        "bullets2": "",
        "bullets3": "",
        "bulletsCount0": 0,
        "bulletsCount1": 0,
        "bulletsCount2": 0,
        "bulletsCount3": 0,
        "crewSkillK": 0.0,
        "applyAllMods": false,
        "props": {
          "army": 2,
          "count": 1,
          "formation_type": "rows",
          "formation_div": 3,
          "formation_step": [2.5,2.0],
          "formation_noise": [0.1,0.1],
          "uniqueName": "",
          "attack_type": "fire_at_will",
          "isDelayed": false,
          "stealthRadius": 0.0,
          "setStealth": true,
          "targetableByAi": false
        },
        "way": []
      }
    },
    {
      "squad": {
        "name": "bdt_t1_targets_squad",
        "tm": [
          [0.606118,0.0,-0.795375],
          [0.0,1.0,0.0],
          [0.795375,0.0,0.606118],
          [2914.87,720.229,-22617.2]
        ],
        "props": [
          {
            "object_marking": 0
          },
          {
            "squad_members": "bdt_t1_bomb_zone_01_bomb_target"
          },
          {
            "squad_members": "bdt_t1_bomb_zone_02_bomb_target"
          },
          {
            "squad_members": "bdt_t1_bomb_zone_03_bomb_target"
          },
          {
            "squad_members": "bdt_t1_bomb_zone_04_bomb_target"
          },
          {
            "squad_members": "bdt_t1_bomb_zone_05_bomb_target"
          },
          {
            "squad_members": "bdt_t1_bomb_zone_06_bomb_target"
          },
          {
            "squad_members": "bdt_t1_bomb_zone_07_bomb_target"
          },
          {
            "squad_members": "bdt_t1_bomb_zone_08_bomb_target"
          },
          {
            "squad_members": "bdt_t1_bomb_zone_09_bomb_target"
          },
          {
            "squad_members": "bdt_t1_bomb_zone_10_bomb_target"
          }
        ]
      }
    },
    {
      "squad": {
        "name": "bdt_t2_targets_squad",
        "tm": [
          [-0.560805,0.0,-0.827946],
          [0.0,1.0,0.0],
          [0.827946,0.0,-0.560805],
          [4383.98,216.574,3674.94]
        ],
        "props": [
          {
            "object_marking": 0
          },
          {
            "squad_members": "bdt_t2_bomb_zone_01_bomb_target"
          },
          {
            "squad_members": "bdt_t2_bomb_zone_02_bomb_target"
          },
          {
            "squad_members": "bdt_t2_bomb_zone_03_bomb_target"
          },
          {
            "squad_members": "bdt_t2_bomb_zone_04_bomb_target"
          },
          {
            "squad_members": "bdt_t2_bomb_zone_05_bomb_target"
          },
          {
            "squad_members": "bdt_t2_bomb_zone_06_bomb_target"
          },
          {
            "squad_members": "bdt_t2_bomb_zone_07_bomb_target"
          },
          {
            "squad_members": "bdt_t2_bomb_zone_08_bomb_target"
          },
          {
            "squad_members": "bdt_t2_bomb_zone_09_bomb_target"
          },
          {
            "squad_members": "bdt_t2_bomb_zone_10_bomb_target"
          }
        ]
      }
    },
    {
      "squad": {
        "name": "bdt_t2_aaa_squad",
        "tm": [
          [-0.498825,0.0,0.866702],
          [0.0,1.0,0.0],
          [-0.866702,0.0,-0.498825],
          [11118.8,210.051,-3016.53]
        ],
        "props": {
          "object_marking": 0,
          "squad_members": "bdt_t2_aaa"
        }
      }
    },
    {
      "squad": {
        "name": "bdt_t1_aaa_squad",
        "tm": [
          [-0.498825,0.0,0.866702],
          [0.0,1.0,0.0],
          [-0.866702,0.0,-0.498825],
          [10117.7,207.47,-1715.64]
        ],
        "props": {
          "object_marking": 0,
          "squad_members": "bdt_t1_aaa"
        }
      }
    },
    {
      "air_defence": {
        "name": "bdt_t2_aaa",
        "tm": [
          [-0.519596,0.0,0.854412],
          [0.0,1.0,0.0],
          [-0.854412,0.0,-0.519596],
          [-1165.95,-2434.2,-1552.36]
        ],
        "unit_class": "germ_88mm_flak36",
        "objLayer": 1,
        "closed_waypoints": false,
        "isShipSpline": false,
        "shipTurnRadius": 100.0,
        "weapons": "",
        "bullets0": "",
        "bullets1": "",
        "bullets2": "",
        "bullets3": "",
        "bulletsCount0": 0,
        "bulletsCount1": 0,
        "bulletsCount2": 0,
        "bulletsCount3": 0,
        "crewSkillK": 0.0,
        "applyAllMods": false,
        "props": {
          "army": 2,
          "count": 16,
          "formation_type": "rows",
          "formation_div": 3,
          "formation_step": [2.5,2.0],
          "formation_noise": [0.1,0.1],
          "uniqueName": "",
          "attack_type": "fire_at_will",
          "isDelayed": true,
          "stealthRadius": 0.0,
          "setStealth": true,
          "calmDetection": true,
          "targetableByAi": false
        },
        "way": []
      }
    },
    {
      "air_defence": {
        "name": "bdt_t1_aaa",
        "tm": [
          [-0.519596,0.0,0.854412],
          [0.0,1.0,0.0],
          [-0.854412,0.0,-0.519596],
          [-1032.75,-2434.2,-3141.05]
        ],
        "unit_class": "ussr_85mm_52k",
        "objLayer": 1,
        "closed_waypoints": false,
        "isShipSpline": false,
        "shipTurnRadius": 100.0,
        "weapons": "",
        "bullets0": "",
        "bullets1": "",
        "bullets2": "",
        "bullets3": "",
        "bulletsCount0": 0,
        "bulletsCount1": 0,
        "bulletsCount2": 0,
        "bulletsCount3": 0,
        "crewSkillK": 0.0,
        "applyAllMods": false,
        "props": {
          "army": 1,
          "count": 16,
          "formation_type": "rows",
          "formation_div": 3,
          "formation_step": [2.5,2.0],
          "formation_noise": [0.1,0.1],
          "uniqueName": "",
          "attack_type": "fire_at_will",
          "isDelayed": true,
          "stealthRadius": 0.0,
          "setStealth": true,
          "calmDetection": true,
          "targetableByAi": false
        },
        "way": []
      }
    }
  ],
  "areas": {
    "bdt_t2_bomb_zone_01": {
      "type": "Sphere",
      "tm": [
        [-417.445,0.0,-168.05],
        [0.0,450.0,0.0],
        [168.05,0.0,-417.445],
        [7551.4,297.621,1410.21]
      ],
      "objLayer": 0,
      "props": []
    },
    "bdt_t2_bomb_zone_02": {
      "type": "Sphere",
      "tm": [
        [-396.231,0.0,-213.312],
        [0.0,450.0,0.0],
        [213.312,0.0,-396.231],
        [-2442.65,409.166,6091.97]
      ],
      "objLayer": 0,
      "props": []
    },
    "bdt_t2_bomb_zone_03": {
      "type": "Sphere",
      "tm": [
        [6.24959,0.0,-449.956],
        [0.0,450.0,0.0],
        [449.956,0.0,6.24959],
        [-4268.22,283.249,6083.96]
      ],
      "objLayer": 0,
      "props": []
    },
    "bdt_t1_bomb_zone_01": {
      "type": "Sphere",
      "tm": [
        [-304.697,0.0,-331.149],
        [0.0,450.0,0.0],
        [331.149,0.0,-304.697],
        [-1294.83,286.292,-11714.0]
      ],
      "objLayer": 0,
      "props": []
    },
    "bdt_t1_bomb_zone_02": {
      "type": "Sphere",
      "tm": [
        [-98.2996,0.0,-439.132],
        [0.0,450.0,0.0],
        [439.132,0.0,-98.2996],
        [2177.29,178.415,-10034.0]
      ],
      "objLayer": 0,
      "props": []
    },
    "bdt_t1_bomb_zone_03": {
      "type": "Sphere",
      "tm": [
        [-127.695,0.0,-431.501],
        [0.0,450.0,0.0],
        [431.501,0.0,-127.695],
        [-8155.69,355.869,-4983.15]
      ],
      "objLayer": 0,
      "props": []
    },
    "bdt_t2_bomb_zone_04": {
      "type": "Sphere",
      "tm": [
        [-245.559,0.0,-377.093],
        [0.0,450.0,0.0],
        [377.093,0.0,-245.559],
        [9106.6,250.984,-2354.55]
      ],
      "objLayer": 0,
      "props": []
    },
    "bdt_t1_bomb_zone_04": {
      "type": "Sphere",
      "tm": [
        [-127.695,0.0,-431.501],
        [0.0,450.0,0.0],
        [431.501,0.0,-127.695],
        [-8689.56,274.717,-1972.34]
      ],
      "objLayer": 0,
      "props": []
    },
    "bdt_t2_bomb_zone_01_aaa_point_01": {
      "type": "Point",
      "tm": [
        [-0.560805,0.0,-0.827946],
        [0.0,1.0,0.0],
        [0.827946,0.0,-0.560805],
        [7351.1,299.753,1513.58]
      ],
      "objLayer": 0,
      "props": []
    },
    "bdt_t2_bomb_zone_01_aaa_point_02": {
      "type": "Point",
      "tm": [
        [-0.560805,0.0,-0.827946],
        [0.0,1.0,0.0],
        [0.827946,0.0,-0.560805],
        [7841.9,299.379,1378.73]
      ],
      "objLayer": 0,
      "props": []
    },
    "bdt_t2_bomb_zone_01_aaa_point_03": {
      "type": "Point",
      "tm": [
        [-0.560805,0.0,-0.827946],
        [0.0,1.0,0.0],
        [0.827946,0.0,-0.560805],
        [7782.0,297.962,1275.89]
      ],
      "objLayer": 0,
      "props": []
    },
    "bdt_t2_bomb_zone_01_aaa_point_04": {
      "type": "Point",
      "tm": [
        [-0.560805,0.0,-0.827946],
        [0.0,1.0,0.0],
        [0.827946,0.0,-0.560805],
        [7585.7,294.224,944.14]
      ],
      "objLayer": 0,
      "props": []
    },
    "bdt_t2_bomb_zone_02_aaa_point_01": {
      "type": "Point",
      "tm": [
        [-0.465518,0.0,-0.885037],
