{
  "selected_tag": "",
  "bin_dump_file": "",
  "mission_settings": {
    "player": {
      "army": 1
    },
    "player_teamB": {
      "army": 2
    },
    "mission": {
      "type": "domination",
      "level": "levels/air_israel.bin",
      "environment": "Day",
      "weather": "hazy"
    }
  },
  "imports": {},
  "triggers": {
    "isCategory": true,
    "is_enabled": true,
    "static_units_rank_06_init": {
      "is_enabled": true,
      "comments": "",
      "props": {
        "actionsType": "PERFORM_ONE_BY_ONE",
        "conditionsType": "ALL",
        "enableAfterComplete": false
      },
      "events": {
        "initMission": {}
      },
      "conditions": {},
      "actions": {
        "comment": [
          {
            "value": "static units"
          },
          {
            "value": "static aaa"
          },
          {
            "value": ""
          }
        ],
        "unitSetProperties": [
          {
            "object": [
              "t1_static_units_squad",
              "t2_static_units_squad"
            ],
            "accuracy": 0.0,
            "checkVisibilityTarget": false,
            "effShootingRate": 0.0
          },
          {
            "object": [
              "t1_aaa_squad",
              "t2_aaa_squad"
            ],
            "targetGnd": false,
            "accuracy": 0.1,
            "airAccuracy": 0.1,
            "fireRandom": true,
            "targetChangeInterval": 5.0,
            "targetChangeProb": 0.25,
            "DelayAfterShoot": 3.0
          }
        ],
        "missionDestroyArea": {
          "target_type": "ALL",
          "area": [
            "clear_redinst_area_01",
            "clear_redinst_area_02",
            "clear_redinst_area_03",
            "clear_redinst_area_04",
            "clear_redinst_area_05",
            "clear_redinst_area_06",
            "clear_redinst_area_07",
            "clear_redinst_area_08"
          ]
        }
      },
      "else_actions": {}
    }
  },
  "mission_objectives": {
    "isCategory": true,
    "is_enabled": true
  },
  "variables": {},
  "dialogs": {},
  "airfields": {},
  "effects": {},
  "units": {
    "objectGroups": [
      {
        "name": "t1_trench_rank_06_08_01",
        "tm": [
          [
            -0.988439,
            0.00533123,
            -0.151524
          ],
          [
            0.00491545,
            0.999982,
            0.00311887
          ],
          [
            0.151538,
            0.00233736,
            -0.988447
          ],
          [
            -7531.44,
            513.25,
            5473.04
          ]
        ],
        "unit_class": "dynTrench_small_bunker_axis",
        "objLayer": 2,
        "props": {
          "army": 1,
          "active": true
        }
      },
      {
        "name": "t1_trench_rank_06_08_02",
        "tm": [
          [
            -0.755144,
            0.0194648,
            -0.65527
          ],
          [
            -0.0609973,
            0.993137,
            0.0997954
          ],
          [
            0.652716,
            0.11533,
            -0.748774
          ],
          [
            -7537.9,
            517.3,
            5527.03
          ]
        ],
        "unit_class": "det_trench_system_a",
        "objLayer": 2,
        "props": {
          "army": 1,
          "active": true
        }
      },
      {
        "name": "t1_trench_rank_06_08_03",
        "tm": [
          [
            -0.971261,
            0.0211597,
            0.237077
          ],
          [
            0.0370216,
            0.997348,
            0.0626549
          ],
          [
            -0.235123,
            0.0696312,
            -0.969468
          ],
          [
            -7425.18,
            517.0,
            5483.62
          ]
        ],
        "unit_class": "det_trench_system_c",
        "objLayer": 2,
        "props": {
          "army": 1,
          "active": true
        }
      },
      {
        "name": "t1_trench_rank_06_08_04",
        "tm": [
          [
            -0.182036,
            -0.0209091,
            0.98307
          ],
          [
            0.0102866,
            0.999678,
            0.0231672
          ],
          [
            -0.983238,
            0.0143296,
            -0.181762
          ],
          [
            -7500.28,
            517.3,
            5498.66
          ]
        ],
        "unit_class": "det_trench_system_d",
        "objLayer": 2,
        "props": {
          "army": 1,
          "active": true
        }
      },
      {
        "name": "t1_trench_rank_06_08_06",
        "tm": [
          [
            0.969996,
            0.0304227,
            0.241212
          ],
          [
            -0.0555269,
            0.993639,
            0.0979709
          ],
          [
            -0.236696,
            -0.108425,
            0.965515
          ],
          [
            -7474.83,
            519.387,
            5498.09
          ]
        ],
        "unit_class": "det_trench_half_c",
        "objLayer": 2,
        "props": {
          "army": 1,
          "active": true
        }
      },
      {
        "name": "t1_trench_rank_06_08_07",
        "tm": [
          [
            0.9698,
            -0.0374888,
            0.241002
          ],
          [
            0.0279195,
            0.998685,
            0.0430003
          ],
          [
            -0.242297,
            -0.0349731,
            0.969571
          ],
          [
            -7539.55,
            524.268,
            5461.28
          ]
        ],
        "unit_class": "det_trench_half_b",
        "objLayer": 2,
        "props": {
          "army": 1,
          "active": true
        }
      },
      {
        "name": "t1_trench_rank_06_08_08",
        "tm": [
          [
            0.265209,
            0.0362349,
            -0.96351
          ],
          [
            -0.00799891,
            0.999342,
            0.0353807
          ],
          [
            0.964158,
            -0.00167624,
            0.265323
          ],
          [
            -7632.02,
            517.05,
            5445.2
          ]
        ],
        "unit_class": "det_trench_system_d",
        "objLayer": 2,
        "props": {
          "army": 1,
          "active": true
        }
      },
      {
        "name": "t1_trench_rank_06_08_09",
        "tm": [
          [
            0.969478,
            0.028838,
            0.243478
          ],
          [
            -0.039591,
            0.998439,
            0.0393861
          ],
          [
            -0.241962,
            -0.0478234,
            0.969106
          ],
          [
            -7650.05,
            516.85,
            5447.8
          ]
        ],
        "unit_class": "det_trench_half_a",
        "objLayer": 2,
        "props": {
          "army": 1,
          "active": true
        }
      },
      {
        "name": "t1_trench_rank_06_08_10",
        "tm": [
          [
            -0.891706,
            0.0308855,
            -0.451562
          ],
          [
            0.0422279,
            0.998994,
            -0.0150593
          ],
          [
            0.450642,
            -0.0324966,
            -0.892114
          ],
          [
            -7562.08,
            518.626,
            5516.62
          ]
        ],
        "unit_class": "det_trench_system_e",
        "objLayer": 2,
        "props": {
          "army": 1,
          "active": true
        }
      },
      {
        "name": "t1_trench_rank_06_08_05",
        "tm": [
          [
            0.947029,
            0.202581,
            0.249193
          ],
          [
            -0.225417,
            0.97199,
            0.0664958
          ],
          [
            -0.228742,
            -0.119146,
            0.966169
          ],
          [
            -7573.84,
            522.55,
            5460.95
          ]
        ],
        "unit_class": "det_trench_half_c",
        "objLayer": 2,
        "props": {
          "army": 1,
          "active": true
        }
      },
      {
        "name": "t1_trench_rank_06_08_11",
        "tm": [
          [
            0.994062,
            -0.0651794,
            -0.0871356
          ],
          [
            0.0692714,
            0.996592,
            0.0447959
          ],
          [
            0.0839186,
            -0.0505658,
            0.995189
          ],
          [
            -7440.83,
            520.05,
            5476.4
          ]
        ],
        "unit_class": "det_trench_half_a",
        "objLayer": 2,
        "props": {
          "army": 1,
          "active": true
        }
      },
      {
        "name": "t1_trench_rank_06_08_12",
        "tm": [
          [
            0.98742,
            -0.00905717,
            -0.15786
          ],
          [
            0.0371347,
            0.983718,
            0.175839
          ],
          [
            0.153697,
            -0.179489,
            0.97168
          ],
          [
            -7613.01,
            517.2,
            5424.34
          ]
        ],
        "unit_class": "det_trench_system_e",
        "objLayer": 2,
        "props": {
          "army": 1,
          "active": true
        }
      },
      {
        "name": "t1_trench_rank_06_08_13",
        "tm": [
          [
            0.969216,
            -0.0789316,
            0.233215
          ],
          [
            0.0588883,
            0.994044,
            0.0917004
          ],
          [
            -0.239064,
            -0.0751441,
            0.968092
          ],
          [
            -7524.11,
            522.618,
            5490.24
          ]
        ],
        "unit_class": "det_trench_half_a",
        "objLayer": 2,
        "props": {
          "army": 1,
          "active": true
        }
      },
      {
        "name": "t1_trench_rank_06_08_14",
        "tm": [
          [
            0.968833,
            0.000837225,
            0.24771
          ],
          [
            -0.00218793,
            0.999985,
            0.00517745
          ],
          [
            -0.247702,
            -0.00555803,
            0.968821
          ],
          [
            -7613.34,
            516.9,
            5487.65
          ]
        ],
        "unit_class": "det_trench_half_a",
        "objLayer": 2,
        "props": {
          "army": 1,
          "active": true
        }
      },
      {
        "name": "t1_trench_rank_06_08_16",
        "tm": [
          [
            0.917196,
            0.00569977,
            0.398396
          ],
          [
            0.0114792,
            0.999105,
            -0.0407218
          ],
          [
            -0.398271,
            0.0419231,
            0.916309
          ],
          [
            -11348.3,
            519.15,
            2963.0
          ]
        ],
        "unit_class": "det_trench_system_a",
        "objLayer": 2,
        "props": {
          "army": 1,
          "active": true
        }
      },
      {
        "name": "t1_trench_rank_06_08_17",
        "tm": [
          [
            -0.971188,
            -0.00403608,
            0.238279
          ],
          [
            0.00948086,
            0.998411,
            0.0555542
          ],
          [
            -0.238125,
            0.0562127,
            -0.969606
          ],
          [
            -11279.2,
            518.7,
            2982.23
          ]
        ],
        "unit_class": "det_trench_system_c",
        "objLayer": 2,
        "props": {
          "army": 1,
          "active": true
        }
      },
      {
        "name": "t1_trench_rank_06_08_18",
        "tm": [
          [
            0.977054,
            -0.029088,
            0.210994
          ],
          [
            0.00783885,
            0.99487,
            0.100855
          ],
          [
            -0.212845,
            -0.0968871,
            0.97227
          ],
          [
            -11320.2,
            518.95,
            2974.63
          ]
        ],
        "unit_class": "det_trench_system_d",
        "objLayer": 2,
        "props": {
          "army": 1,
          "active": true
        }
      },
      {
        "name": "t1_trench_rank_06_08_19",
        "tm": [
          [
            0.970174,
            -0.0413708,
            0.238853
          ],
          [
            0.00431366,
            0.988119,
            0.153627
          ],
          [
            -0.242371,
            -0.148014,
            0.958826
          ],
          [
            -11324.6,
            519.15,
            3014.72
          ]
        ],
        "unit_class": "det_trench_half_c",
        "objLayer": 2,
        "props": {
          "army": 1,
          "active": true
        }
      },
      {
        "name": "t1_trench_rank_06_08_20",
        "tm": [
          [
            0.998649,
            -0.0512667,
            0.00856572
          ],
          [
            0.0510412,
            0.99839,
            0.0247421
          ],
          [
            -0.00982052,
            -0.0242715,
            0.999657
          ],
          [
            -11373.8,
            519.0,
            2954.56
          ]
        ],
        "unit_class": "det_trench_half_b",
        "objLayer": 2,
        "props": {
          "army": 1,
          "active": true
        }
      },
      {
        "name": "t1_trench_rank_06_08_21",
        "tm": [
          [
            0.915052,
            0.0261175,
            -0.402489
          ],
          [
            -0.0177103,
            0.99954,
            0.0245961
          ],
          [
            0.402947,
            -0.0153785,
            0.915094
          ],
          [
            -11400.4,
            518.75,
            2963.93
          ]
        ],
        "unit_class": "det_trench_system_d",
        "objLayer": 2,
        "props": {
          "army": 1,
          "active": true
        }
      },
      {
        "name": "t1_trench_rank_06_08_22",
        "tm": [
          [
            0.970181,
            0.0150726,
            0.241912
          ],
          [
            -0.0235986,
            0.999197,
            0.0323855
          ],
          [
            -0.24123,
            -0.0371286,
            0.969757
          ],
          [
            -11440.9,
            518.45,
            3003.17
          ]
        ],
        "unit_class": "det_trench_half_a",
        "objLayer": 2,
        "props": {
          "army": 1,
          "active": true
        }
      },
      {
        "name": "t1_trench_rank_06_08_23",
        "tm": [
          [
            0.976621,
            0.0419348,
            -0.21084
          ],
          [
            -0.0312381,
            0.998062,
            0.0538125
          ],
          [
            0.212688,
            -0.0459682,
            0.976039
          ],
          [
            -11494.5,
            518.751,
            2932.23
          ]
        ],
        "unit_class": "det_trench_system_e",
        "objLayer": 2,
        "props": {
          "army": 1,
          "active": true
        }
      },
      {
        "name": "t1_trench_rank_06_08_24",
        "tm": [
          [
            0.967362,
            -0.0154595,
            0.252925
          ],
          [
            0.00140707,
            0.998449,
            0.0556461
          ],
          [
            -0.253394,
            -0.053474,
            0.965884
          ],
          [
            -11451.0,
            518.7,
            2929.82
          ]
        ],
        "unit_class": "det_trench_half_c",
        "objLayer": 2,
        "props": {
          "army": 1,
          "active": true
        }
      },
      {
        "name": "t1_trench_rank_06_08_25",
        "tm": [
          [
            0.995974,
            -0.00047015,
            -0.0896332
          ],
          [
            0.00610324,
            0.998021,
            0.0625822
          ],
          [
            0.089427,
            -0.0628774,
            0.994007
          ],
          [
            -11294.8,
            519.45,
            2975.04
          ]
        ],
        "unit_class": "det_trench_half_a",
        "objLayer": 2,
        "props": {
          "army": 1,
          "active": true
        }
      },
      {
        "name": "t1_trench_rank_06_08_26",
        "tm": [
          [
            0.987217,
            0.0143436,
            -0.158734
          ],
          [
            0.000636619,
            0.995579,
            0.0939224
          ],
          [
            0.15938,
            -0.0928229,
            0.982844
          ],
          [
            -11472.9,
            518.7,
            2928.57
          ]
        ],
        "unit_class": "det_trench_system_e",
        "objLayer": 2,
        "props": {
          "army": 1,
          "active": true
        }
      },
      {
        "name": "t1_trench_rank_06_08_27",
        "tm": [
          [
            0.971141,
            -0.0298257,
            0.236632
          ],
          [
            0.0268112,
            0.999513,
            0.0159475
          ],
          [
            -0.236993,
            -0.00914279,
            0.971469
          ],
          [
            -11372.0,
            518.7,
            2992.02
          ]
        ],
        "unit_class": "det_trench_half_a",
        "objLayer": 2,
        "props": {
          "army": 1,
          "active": true
        }
      },
      {
        "name": "t1_trench_rank_06_08_28",
        "tm": [
          [
            0.969097,
            -0.0128838,
            0.246343
          ],
          [
            0.0137726,
            0.999903,
            -0.00188545
          ],
          [
            -0.246296,
            0.00522,
            0.969181
          ],
          [
            -11501.8,
            519.45,
            2977.09
          ]
        ],
        "unit_class": "det_trench_half_a",
        "objLayer": 2,
        "props": {
          "army": 1,
          "active": true
        }
      },
      {
        "name": "t1_trench_rank_06_08_29",
        "tm": [
          [
            0.670099,
            -0.017515,
            0.742065
          ],
          [
            0.00215774,
            0.999763,
            0.0216489
          ],
          [
            -0.742269,
            -0.0129058,
            0.669978
          ],
          [
            -11423.6,
            518.85,
            2960.88
          ]
        ],
        "unit_class": "det_trench_system_c",
        "objLayer": 2,
        "props": {
          "army": 1,
          "active": true
        }
      },
      {
        "name": "t1_trench_rank_06_08_30",
        "tm": [
          [
            0.670099,
            -0.017515,
            0.742065
          ],
          [
            0.00215774,
            0.999763,
            0.0216489
          ],
          [
            -0.742269,
            -0.0129058,
            0.669978
          ],
          [
            -11432.6,
            519.2,
            2942.5
          ]
        ],
        "unit_class": "det_trench_system_e",
        "objLayer": 2,
        "props": {
          "army": 1,
          "active": true
        }
      },
      {
        "name": "t1_trench_rank_06_08_31",
        "tm": [
          [
            0.635229,
            0.00569977,
            0.772303
          ],
          [
            0.0287609,
            0.999105,
            -0.0310298
          ],
          [
            -0.771788,
            0.0419231,
            0.634496
          ],
          [
            -15199.9,
            516.2,
            1455.4
          ]
        ],
        "unit_class": "det_trench_system_d",
        "objLayer": 2,
        "props": {
          "army": 1,
          "active": true
        }
      },
      {
        "name": "t1_trench_rank_06_08_32",
        "tm": [
          [
            0.068292,
            -0.0167386,
            0.997524
          ],
          [
            0.0735419,
            0.997223,
            0.0116988
          ],
          [
            -0.994951,
            0.072561,
            0.0693332
          ],
          [
            -15149.5,
            515.8,
            1506.69
          ]
        ],
        "unit_class": "det_trench_system_d",
        "objLayer": 2,
        "props": {
          "army": 1,
          "active": true
        }
      },
      {
        "name": "t1_trench_rank_06_08_33",
        "tm": [
          [
            0.773847,
            -0.029088,
            0.632704
          ],
          [
            -0.0389396,
            0.99487,
            0.0933645
          ],
          [
            -0.632175,
            -0.0968871,
            0.768744
          ],
          [
            -15175.3,
            515.8,
            1477.69
          ]
        ],
        "unit_class": "det_trench_system_a",
        "objLayer": 2,
        "props": {
          "army": 1,
          "active": true
        }
      },
      {
        "name": "t1_trench_rank_06_08_34",
        "tm": [
          [
            0.755512,
            -0.0102701,
            0.655055
          ],
          [
            -0.0843031,
            0.99004,
            0.112754
          ],
          [
            -0.649689,
            -0.14041,
            0.747121
          ],
          [
            -15189.2,
            516.65,
            1535.17
          ]
        ],
        "unit_class": "det_trench_half_c",
        "objLayer": 2,
        "props": {
          "army": 1,
          "active": true
        }
      },
      {
        "name": "t1_trench_rank_06_08_35",
        "tm": [
          [
            0.074351,
            -0.00777675,
            0.997202
          ],
          [
            -0.0204204,
            0.999748,
            0.00931917
          ],
          [
            -0.997023,
            -0.0210562,
            0.0741732
          ],
          [
            -15208.8,
            515.95,
            1425.8
          ]
        ],
        "unit_class": "det_trench_system_a",
        "objLayer": 2,
        "props": {
          "army": 1,
          "active": true
        }
      },
      {
        "name": "t1_trench_rank_06_08_36",
        "tm": [
          [
            0.997959,
            0.0261175,
            0.0582651
          ],
          [
            -0.0269667,
            0.99954,
            0.0138355
          ],
          [
            -0.0578778,
            -0.0153785,
            0.998206
          ],
          [
            -15231.1,
            515.9,
            1405.06
          ]
        ],
        "unit_class": "det_trench_system_d",
        "objLayer": 2,
        "props": {
          "army": 1,
          "active": true
        }
      },
      {
        "name": "t1_trench_rank_06_08_37",
        "tm": [
          [
            0.753651,
            0.0150726,
            0.657102
          ],
          [
            -0.0357558,
            0.999197,
            0.0180898
          ],
          [
            -0.656302,
            -0.0371286,
            0.753583
          ],
          [
            -15280.3,
            516.451,
            1425.05
          ]
        ],
        "unit_class": "det_trench_half_a",
        "objLayer": 2,
        "props": {
          "army": 1,
          "active": true
        }
      },
      {
        "name": "t1_trench_rank_06_08_38",
        "tm": [
          [
            0.966114,
            0.0131898,
            0.25778
          ],
          [
            -0.0308032,
            0.997448,
            0.0644083
          ],
          [
            -0.256273,
            -0.0701662,
            0.964054
          ],
          [
            -15306.6,
            516.0,
            1370.82
          ]
        ],
        "unit_class": "det_trench_system_d",
        "objLayer": 2,
        "props": {
          "army": 1,
          "active": true
        }
      },
      {
        "name": "t1_trench_rank_06_08_39",
        "tm": [
          [
            0.746126,
            -0.0154595,
            0.665625
          ],
          [
            -0.0240825,
            0.998449,
            0.0501847
          ],
          [
            -0.665369,
            -0.053474,
            0.744597
          ],
          [
            -15323.4,
            516.251,
            1351.31
          ]
        ],
        "unit_class": "det_trench_half_c",
        "objLayer": 2,
        "props": {
          "army": 1,
          "active": true
        }
      },
      {
        "name": "t1_trench_rank_06_08_40",
        "tm": [
          [
            0.924994,
            0.0668026,
            0.374063
          ],
          [
            -0.0917237,
            0.994568,
            0.0492004
          ],
          [
            -0.368744,
            -0.0798205,
            0.926098
          ],
          [
            -15151.1,
            516.1,
            1484.18
          ]
        ],
        "unit_class": "det_trench_half_a",
        "objLayer": 2,
        "props": {
          "army": 1,
          "active": true
        }
      },
      {
        "name": "t1_trench_rank_06_08_41",
        "tm": [
          [
            0.95137,
            0.000335977,
            0.30805
          ],
          [
            -0.0232207,
            0.997232,
            0.0706265
          ],
          [
            -0.307173,
            -0.0743451,
            0.948745
          ],
          [
            -15273.6,
            515.8,
            1379.48
          ]
        ],
        "unit_class": "det_trench_system_a",
        "objLayer": 2,
        "props": {
          "army": 1,
          "active": true
        }
      },
      {
        "name": "t1_trench_rank_06_08_42",
        "tm": [
          [
            0.957286,
            -0.0298257,
            -0.287601
          ],
          [
            0.0311951,
            0.999513,
            0.000178705
          ],
          [
            0.287455,
            -0.00914279,
            0.95775
          ],
          [
            -15255.3,
            516.701,
            1506.45
          ]
        ],
        "unit_class": "det_trench_half_a",
        "objLayer": 2,
        "props": {
          "army": 1,
          "active": true
        }
      },
      {
        "name": "t1_trench_rank_06_08_43",
        "tm": [
          [
            0.750667,
            -0.0128838,
            0.660555
          ],
          [
            0.0131208,
            0.999903,
            0.00459187
          ],
          [
            -0.66055,
            0.00522,
            0.750764
          ],
          [
            -15328.8,
            516.4,
            1408.47
          ]
        ],
        "unit_class": "det_trench_half_a",
        "objLayer": 2,
        "props": {
          "army": 1,
          "active": true
        }
      },
      {
        "name": "t1_trench_rank_06_08_45",
        "tm": [
          [
            0.66217,
            -0.017515,
            0.749149
          ],
          [
            0.00192737,
            0.999763,
            0.0216707
          ],
          [
            -0.749351,
            -0.0129058,
            0.662047
          ],
          [
            -15248.5,
            515.7,
            1388.17
          ]
        ],
        "unit_class": "det_trench_system_e",
        "objLayer": 2,
        "props": {
          "army": 1,
          "active": true
        }
      },
      {
        "name": "t1_trench_rank_06_08_46",
        "tm": [
          [
            0.929327,
            -0.017515,
            0.368841
          ],
          [
            0.0115167,
            0.999763,
            0.0184581
          ],
          [
            -0.369077,
            -0.0129058,
            0.929309
          ],
          [
            -15208.4,
            515.85,
            1531.5
          ]
        ],
        "unit_class": "det_trench_system_c",
        "objLayer": 2,
        "props": {
          "army": 1,
          "active": true
        }
      },
      {
        "name": "t1_trench_rank_06_08_47",
        "tm": [
          [
            0.258758,
            -0.017515,
            0.965784
          ],
          [
            -0.00793559,
            0.999763,
            0.0202574
          ],
          [
            -0.965909,
            -0.0129058,
            0.258557
          ],
          [
            -15151.4,
            515.45,
            1533.55
          ]
        ],
        "unit_class": "det_trench_system_c",
        "objLayer": 2,
        "props": {
          "army": 1,
          "active": true
        }
      },
      {
        "name": "t1_trench_rank_06_08_48",
        "tm": [
          [
            0.558833,
            -0.0102102,
            0.829216
          ],
          [
            0.0573222,
            0.998009,
            -0.0263426
          ],
          [
            -0.827296,
            0.0622536,
            0.558306
          ],
          [
            -18901.3,
            514.35,
            -588.35
          ]
        ],
        "unit_class": "det_trench_system_d",
        "objLayer": 2,
        "props": {
          "army": 1,
          "active": true
        }
      },
      {
        "name": "t1_trench_rank_06_08_49",
        "tm": [
          [
            0.406628,
            -0.0183603,
            0.913408
          ],
          [
            0.112656,
            0.993174,
            -0.0301882
          ],
          [
            -0.906621,
            0.115177,
            0.405921
          ],
          [
            -18863.2,
            514.15,
            -541.044
          ]
        ],
        "unit_class": "det_trench_system_d",
        "objLayer": 2,
        "props": {
          "army": 1,
          "active": true
        }
      },
      {
        "name": "t1_trench_rank_06_08_51",
        "tm": [
          [
            0.857588,
            -0.0252628,
            0.513715
          ],
          [
            -0.0526246,
            0.989241,
            0.136498
          ],
          [
            -0.511637,
            -0.144093,
            0.847033
          ],
          [
            -18954.1,
            514.55,
            -562.328
          ]
        ],
        "unit_class": "det_trench_half_c",
        "objLayer": 2,
        "props": {
          "army": 1,
          "active": true
        }
      },
      {
        "name": "t1_trench_rank_06_08_52",
        "tm": [
          [
            0.525514,
            -0.0236351,
            0.850458
          ],
          [
            0.00830011,
            0.999709,
            0.0226542
          ],
          [
            -0.850744,
            -0.00484624,
            0.525557
          ],
          [
            -18915.8,
            514.65,
            -614.65
          ]
        ],
        "unit_class": "det_trench_system_a",
        "objLayer": 2,
        "props": {
          "army": 1,
          "active": true
        }
      },
      {
        "name": "t1_trench_rank_06_08_53",
        "tm": [
          [
            0.793959,
            -0.0039432,
            -0.607959
          ],
          [
            0.0355609,
            0.998568,
            0.0399638
          ],
          [
            0.60693,
            -0.0533492,
            0.792963
          ],
          [
            -18977.3,
            515.1,
            -641.95
          ]
        ],
        "unit_class": "det_trench_system_d",
        "objLayer": 2,
        "props": {
          "army": 1,
          "active": true
        }
      },
      {
        "name": "t1_trench_rank_06_08_54",
        "tm": [
          [
            0.852862,
            0.0800621,
            0.51596
          ],
          [
            -0.128175,
            0.99004,
            0.0582429
          ],
          [
            -0.506159,
            -0.115806,
            0.854629
          ],
          [
            -19003.4,
            515.7,
            -607.366
          ]
        ],
        "unit_class": "det_trench_half_a",
        "objLayer": 2,
        "props": {
          "army": 1,
          "active": true
        }
      },
      {
        "name": "t1_trench_rank_06_08_55",
        "tm": [
          [
            0.99611,
            0.0195828,
            0.0859159
          ],
          [
            -0.0284227,
            0.994285,
            0.102904
          ],
          [
            -0.0834105,
            -0.104945,
            0.990973
          ],
          [
            -19041.2,
            514.65,
            -639.2
          ]
        ],
        "unit_class": "det_trench_system_d",
        "objLayer": 2,
        "props": {
          "army": 1,
          "active": true
        }
      },
      {
        "name": "t1_trench_rank_06_08_56",
        "tm": [
          [
            0.850233,
            -0.0251015,
            0.525807
          ],
          [
            -0.00800784,
            0.99813,
            0.0605985
          ],
          [
            -0.526346,
            -0.0557334,
            0.848443
          ],
          [
            -19060.9,
            515.05,
            -653.95
          ]
        ],
        "unit_class": "det_trench_half_c",
        "objLayer": 2,
        "props": {
          "army": 1,
          "active": true
        }
      },
      {
        "name": "t1_trench_rank_06_08_57",
        "tm": [
          [
            0.978335,
            -0.0300814,
            0.204832
          ],
          [
            0.00644874,
            0.993335,
            0.115078
          ],
          [
            -0.206928,
            -0.111265,
            0.97201
          ],
          [
            -18871.6,
            514.6,
            -562.868
          ]
        ],
        "unit_class": "det_trench_half_a",
        "objLayer": 2,
        "props": {
          "army": 1,
          "active": true
        }
      },
      {
        "name": "t1_trench_rank_06_08_58",
        "tm": [
          [
            0.990488,
            0.00490034,
            0.137515
          ],
          [
            -0.0198698,
            0.993984,
            0.107695
          ],
          [
            -0.13616,
            -0.109403,
            0.984627
          ],
          [
            -19007.8,
            515.1,
            -636.85
          ]
        ],
        "unit_class": "det_trench_system_a",
        "objLayer": 2,
        "props": {
          "army": 1,
          "active": true
        }
      },
      {
        "name": "t1_trench_rank_06_08_59",
        "tm": [
          [
            0.858985,
            -0.0177222,
            0.511695
          ],
          [
            0.0121147,
            0.999824,
            0.0142915
          ],
          [
            -0.511859,
            -0.00607714,
            0.859048
          ],
          [
            -18878.8,
            514.45,
            -517.195
          ]
        ],
        "unit_class": "det_trench_half_a",
        "objLayer": 2,
        "props": {
          "army": 1,
          "active": true
        }
      },
      {
        "name": "t1_trench_rank_06_08_60",
        "tm": [
          [
            0.854522,
            -0.0226692,
            0.51892
          ],
          [
            0.0043621,
            0.999324,
            0.0364727
          ],
          [
            -0.519396,
            -0.0289032,
            0.854044
          ],
          [
            -19071.1,
            514.719,
            -596.794
          ]
        ],
        "unit_class": "det_trench_half_a",
        "objLayer": 2,
        "props": {
          "army": 1,
          "active": true
        }
      },
      {
        "name": "t1_trench_rank_06_08_62",
        "tm": [
          [
            0.782302,
            -0.00410352,
            0.622886
          ],
          [
            -0.00388232,
            0.999927,
            0.0114633
          ],
          [
            -0.622888,
            -0.011386,
            0.782228
          ],
          [
            -18949.8,
            515.15,
            -644.95
          ]
        ],
        "unit_class": "det_trench_system_e",
        "objLayer": 2,
        "props": {
          "army": 1,
          "active": true
        }
      },
      {
        "name": "t1_trench_rank_06_08_15",
        "tm": [
          [
            0.693629,
            -0.0100708,
            0.720262
          ],
          [
            0.0176455,
            0.999839,
            -0.00301321
          ],
          [
            -0.720116,
            0.0147995,
            0.693696
          ],
          [
            -18889.8,
            514.55,
            -563.6
          ]
        ],
        "unit_class": "det_trench_system_c",
        "objLayer": 2,
        "props": {
          "army": 1,
          "active": true
        }
      },
      {
        "name": "t1_trench_rank_06_08_50",
        "tm": [
          [
            -0.987989,
            0.03187,
            -0.151202
          ],
          [
            0.0339157,
            0.999364,
            -0.0109691
          ],
          [
            0.150757,
            -0.0159661,
            -0.98844
          ],
          [
            -22219.2,
            507.7,
            -1850.46
          ]
        ],
        "unit_class": "dynTrench_small_bunker_axis",
        "objLayer": 2,
        "props": {
          "army": 1,
          "active": true
        }
      },
      {
        "name": "t1_trench_rank_06_08_65",
        "tm": [
          [
            0.985931,
            -0.0116394,
            -0.166747
          ],
          [
            0.00521975,
            0.99923,
            -0.0388861
          ],
          [
            0.167072,
            0.0374687,
            0.985232
          ],
          [
            -22181.7,
            513.0,
            -1839.25
          ]
        ],
        "unit_class": "det_trench_system_c",
        "objLayer": 2,
        "props": {
          "army": 1,
          "active": true
        }
      },
      {
        "name": "t1_trench_rank_06_08_66",
        "tm": [
          [
            0.985558,
            -0.0377249,
            0.165076
          ],
          [
            0.0455212,
            0.998006,
            -0.0437023
          ],
          [
            -0.1631,
            0.0505859,
            0.985312
          ],
          [
            -22106.5,
            513.0,
            -1836.3
          ]
        ],
        "unit_class": "det_trench_system_d",
        "objLayer": 2,
        "props": {
          "army": 1,
          "active": true
        }
      },
      {
        "name": "t1_trench_rank_06_08_67",
        "tm": [
          [
            0.970857,
            -0.00143428,
            0.239655
          ],
          [
            -0.011987,
            0.99844,
            0.0545357
          ],
          [
            -0.239359,
            -0.0558192,
            0.969325
          ],
          [
            -22151.5,
            512.95,
            -1800.65
          ]
        ],
        "unit_class": "det_trench_half_c",
        "objLayer": 2,
        "props": {
          "army": 1,
          "active": true
        }
      },
      {
        "name": "t1_trench_rank_06_08_68",
        "tm": [
          [
            0.967702,
            -0.0692172,
            0.242408
          ],
          [
            0.0714953,
            0.997441,
            -0.000602625
          ],
          [
            -0.241746,
            0.0179142,
            0.970174
          ],
          [
            -22225.5,
            516.75,
            -1870.25
          ]
        ],
        "unit_class": "det_trench_half_b",
        "objLayer": 2,
