{
  "selected_tag": "",
  "bin_dump_file": "",
  "mission_settings": {
    "player": {
      "army": 1,
      "wing": "ft_armada"
    },
    "player_teamB": {
      "army": 2
    },
    "mission": {
      "level": "levels/stalingrad.bin",
      "type": "singleMission",
      "environment": "Day",
      "weather": "hazy",
      "restoreType": "attempts",
      "optionalTakeOff": false
    },
    "spectator_points": {}
  },
  "imports": {},
  "triggers": {
    "isCategory": true,
    "is_enabled": true,
    "fields_mid_start": {
      "is_enabled": true,
      "comments": "",
      "props": {
        "actionsType": "PERFORM_ONE_BY_ONE",
        "conditionsType": "ALL",
        "enableAfterComplete": false
      },
      "events": {
        "initMission": {}
      },
      "conditions": {},
      "actions": {
        "varSetInt": [
          {
            "value": 0,
            "var": [
              "ft_t1_max_near_airfields_count",
              "ft_t2_max_near_airfields_count"
            ]
          },
          {
            "value": 3,
            "var": [
              "ft_t1_max_mid_airfields_count",
              "ft_t2_max_mid_airfields_count"
            ]
          },
          {
            "value": 2,
            "var": [
              "ft_t1_max_far_airfields_count",
              "ft_t2_max_far_airfields_count"
            ]
          }
        ],
        "comment": {
          "value": ""
        },
        "varSetReal": {
          "value": 10000.0,
          "var": "ft_generate_distance_between"
        }
      },
      "else_actions": {}
    }
  },
  "mission_objectives": {
    "isCategory": true,
    "is_enabled": true
  },
  "variables": {},
  "dialogs": {},
  "airfields": {},
  "effects": {},
  "units": {
    "objectGroups": [
      {
        "name": "ft_t1_airfield_01_01",
        "tm": [
          [
            0.866025,
            0.0,
            -0.5
          ],
          [
            0.0,
            1.0,
            0.0
          ],
          [
            0.5,
            0.0,
            0.866025
          ],
          [
            26119.5,
            1.70508,
            -25140.6
          ]
        ],
        "unit_class": "dynaf_universal_1line_a",
        "objLayer": 2,
        "props": {
          "army": 1,
          "active": false
        }
      },
      {
        "name": "ft_t1_airfield_01_02",
        "tm": [
          [
            0.998376,
            0.0,
            -0.0569723
          ],
          [
            0.0,
            1.0,
            0.0
          ],
          [
            0.0569723,
            0.0,
            0.998376
          ],
          [
            25770.2,
            1.41113,
            -9936.07
          ]
        ],
        "unit_class": "dynaf_universal_1line_a",
        "objLayer": 2,
        "props": {
          "army": 1,
          "active": false
        }
      },
      {
        "name": "ft_t1_airfield_01_03",
        "tm": [
          [
            0.952803,
            0.0,
            -0.303588
          ],
          [
            0.0,
            1.0,
            0.0
          ],
          [
            0.303588,
            0.0,
            0.952803
          ],
          [
            26308.5,
            34.4111,
            2964.04
          ]
        ],
        "unit_class": "dynaf_universal_1line_a",
        "objLayer": 2,
        "props": {
          "army": 1,
          "active": false
        }
      },
      {
        "name": "ft_t1_airfield_02_01",
        "tm": [
          [
            0.965926,
            0.0,
            -0.258819
          ],
          [
            0.0,
            1.0,
            0.0
          ],
          [
            0.258819,
            0.0,
            0.965926
          ],
          [
            19053.4,
            1.75586,
            -12265.3
          ]
        ],
        "unit_class": "dynaf_universal_1line_a",
        "objLayer": 2,
        "props": {
          "army": 1,
          "active": false
        }
      },
      {
        "name": "ft_t1_airfield_02_02",
        "tm": [
          [
            0.872493,
            0.0,
            0.488626
          ],
          [
            0.0,
            1.0,
            0.0
          ],
          [
            -0.488626,
            0.0,
            0.872493
          ],
          [
            20782.5,
            90.9485,
            17802.8
          ]
        ],
        "unit_class": "dynaf_universal_1line_a",
        "objLayer": 2,
        "props": {
          "army": 1,
          "active": false
        }
      },
      {
        "name": "ft_t1_airfield_03_01",
        "tm": [
          [
            0.976296,
            0.0,
            -0.216439
          ],
          [
            0.0,
            1.0,
            0.0
          ],
          [
            0.216439,
            0.0,
            0.976296
          ],
          [
            11485.6,
            10.8139,
            -5066.48
          ]
        ],
        "unit_class": "dynaf_universal_1line_a",
        "objLayer": 2,
        "props": {
          "army": 1,
          "active": false
        }
      },
      {
        "name": "ft_t1_airfield_03_02",
        "tm": [
          [
            0.95882,
            0.0,
            0.284016
          ],
          [
            0.0,
            1.0,
            0.0
          ],
          [
            -0.284016,
            0.0,
            0.95882
          ],
          [
            10804.4,
            130.666,
            25282.4
          ]
        ],
        "unit_class": "dynaf_universal_1line_a",
        "objLayer": 2,
        "props": {
          "army": 1,
          "active": false
        }
      },
      {
        "name": "ft_t2_airfield_01_01",
        "tm": [
          [
            -0.994365,
            0.0,
            0.106004
          ],
          [
            0.0,
            1.0,
            0.0
          ],
          [
            -0.106004,
            0.0,
            -0.994365
          ],
          [
            -26208.0,
            213.455,
            22380.5
          ]
        ],
        "unit_class": "dynaf_universal_1line_b",
        "objLayer": 2,
        "props": {
          "army": 2,
          "active": false
        }
      },
      {
        "name": "ft_t2_airfield_01_02",
        "tm": [
          [
            -0.993284,
            0.0,
            -0.115703
          ],
          [
            0.0,
            1.0,
            0.0
          ],
          [
            0.115703,
            0.0,
            -0.993284
          ],
          [
            -26105.3,
            230.292,
            -4433.58
          ]
        ],
        "unit_class": "dynaf_universal_1line_b",
        "objLayer": 2,
        "props": {
          "army": 2,
          "active": false
        }
      },
      {
        "name": "ft_t2_airfield_01_03",
        "tm": [
          [
            -0.803085,
            0.0,
            0.595866
          ],
          [
            0.0,
            1.0,
            0.0
          ],
          [
            -0.595866,
            0.0,
            -0.803085
          ],
          [
            -26337.1,
            106.538,
            5299.27
          ]
        ],
        "unit_class": "dynaf_universal_1line_b",
        "objLayer": 2,
        "props": {
          "army": 2,
          "active": false
        }
      },
      {
        "name": "ft_t2_airfield_02_01",
        "tm": [
          [
            -0.966235,
            0.0,
            0.257662
          ],
          [
            0.0,
            1.0,
            0.0
          ],
          [
            -0.257662,
            0.0,
            -0.966235
          ],
          [
            -18277.4,
            134.165,
            25567.3
          ]
        ],
        "unit_class": "dynaf_universal_1line_b",
        "objLayer": 2,
        "props": {
          "army": 2,
          "active": false
        }
      },
      {
        "name": "ft_t2_airfield_02_02",
        "tm": [
          [
            -0.573575,
            0.0,
            0.819153
          ],
          [
            0.0,
            1.0,
            0.0
          ],
          [
            -0.819153,
            0.0,
            -0.573575
          ],
          [
            -18230.5,
            233.894,
            12972.4
          ]
        ],
        "unit_class": "dynaf_universal_1line_b",
        "objLayer": 2,
        "props": {
          "army": 2,
          "active": false
        }
      },
      {
        "name": "ft_t2_airfield_03_04",
        "tm": [
          [
            -0.875231,
            0.0,
            -0.483706
          ],
          [
            0.0,
            1.0,
            0.0
          ],
          [
            0.483706,
            0.0,
            -0.875231
          ],
          [
            -10127.4,
            187.206,
            4844.36
          ]
        ],
        "unit_class": "dynaf_universal_1line_b",
        "objLayer": 2,
        "props": {
          "army": 2,
          "active": false
        }
      },
      {
        "name": "ft_t2_airfield_03_02",
        "tm": [
          [
            -0.789824,
            0.0,
            -0.613332
          ],
          [
            0.0,
            1.0,
            0.0
          ],
          [
            0.613332,
            0.0,
            -0.789824
          ],
          [
            -10713.0,
            195.688,
            -9712.42
          ]
        ],
        "unit_class": "dynaf_universal_1line_b",
        "objLayer": 2,
        "props": {
          "army": 2,
          "active": false
        }
      },
      {
        "name": "ft_t1_airfield_03_03",
        "tm": [
          [
            0.777146,
            0.0,
            0.629321
          ],
          [
            0.0,
            1.0,
            0.0
          ],
          [
            -0.629321,
            0.0,
            0.777146
          ],
          [
            11460.3,
            33.501,
            6170.71
          ]
        ],
        "unit_class": "dynaf_universal_1line_a",
        "objLayer": 2,
        "props": {
          "army": 1,
          "active": false
        }
      },
      {
        "name": "ft_t1_airfield_02_03",
        "tm": [
          [
            0.871016,
            0.0,
            -0.491255
          ],
          [
            0.0,
            1.0,
            0.0
          ],
          [
            0.491255,
            0.0,
            0.871016
          ],
          [
            20313.8,
            40.3,
            5317.72
          ]
        ],
        "unit_class": "dynaf_universal_1line_a",
        "objLayer": 2,
        "props": {
          "army": 1,
          "active": false
        }
      },
      {
        "name": "ft_t2_airfield_02_04",
        "tm": [
          [
            -0.936747,
            0.0,
            -0.350005
          ],
          [
            0.0,
            1.0,
            0.0
          ],
          [
            0.350005,
            0.0,
            -0.936747
          ],
          [
            -16712.8,
            226.873,
            -23478.1
          ]
        ],
        "unit_class": "dynaf_universal_1line_b",
        "objLayer": 2,
        "props": {
          "army": 2,
          "active": false
        }
      },
      {
        "name": "ft_t2_airfield_02_03",
        "tm": [
          [
            -0.642786,
            0.0,
            0.766045
          ],
          [
            0.0,
            1.0,
            0.0
          ],
          [
            -0.766045,
            0.0,
            -0.642786
          ],
          [
            -16347.4,
            174.786,
            158.45
          ]
        ],
        "unit_class": "dynaf_universal_1line_b",
        "objLayer": 2,
        "props": {
          "army": 2,
          "active": false
        }
      },
      {
        "name": "ft_t1_airfield_03_04",
        "tm": [
          [
            0.976296,
            0.0,
            -0.216439
          ],
          [
            0.0,
            1.0,
            0.0
          ],
          [
            0.216439,
            0.0,
            0.976296
          ],
          [
            10888.9,
            -0.43335,
            -23457.7
          ]
        ],
        "unit_class": "dynaf_universal_1line_a",
        "objLayer": 2,
        "props": {
          "army": 1,
          "active": false
        }
      },
      {
        "name": "ft_t1_airfield_02_04",
        "tm": [
          [
            0.996719,
            0.0,
            0.0809372
          ],
          [
            0.0,
            1.0,
            0.0
          ],
          [
            -0.0809372,
            0.0,
            0.996719
          ],
          [
            18577.0,
            1.69629,
            -23976.2
          ]
        ],
        "unit_class": "dynaf_universal_1line_a",
        "objLayer": 2,
        "props": {
          "army": 1,
          "active": false
        }
      },
      {
        "name": "ft_t1_airfield_01_04",
        "tm": [
          [
            0.864306,
            0.0,
            0.502967
          ],
          [
            0.0,
            1.0,
            0.0
          ],
          [
            -0.502967,
            0.0,
            0.864306
          ],
          [
            26502.6,
            69.6624,
            23553.8
          ]
        ],
        "unit_class": "dynaf_universal_1line_a",
        "objLayer": 2,
        "props": {
          "army": 1,
          "active": false
        }
      },
      {
        "name": "ft_t2_airfield_03_03",
        "tm": [
          [
            -0.838167,
            0.0,
            -0.545413
          ],
          [
            0.0,
            1.0,
            0.0
          ],
          [
            0.545413,
            0.0,
            -0.838167
          ],
          [
            -10830.2,
            216.361,
            -26448.6
          ]
        ],
        "unit_class": "dynaf_universal_1line_b",
        "objLayer": 2,
        "props": {
          "army": 2,
          "active": false
        }
      },
      {
        "name": "ft_t2_airfield_01_04",
        "tm": [
          [
            -0.778145,
            0.0,
            -0.628085
          ],
          [
            0.0,
            1.0,
            0.0
          ],
          [
            0.628085,
            0.0,
            -0.778145
          ],
          [
            -26354.4,
            223.927,
            -25618.2
          ]
        ],
        "unit_class": "dynaf_universal_1line_b",
        "objLayer": 2,
        "props": {
          "army": 2,
          "active": false
        }
      },
      {
        "name": "ft_t2_airfield_03_01",
        "tm": [
          [
            -0.998538,
            0.0,
            -0.0540698
          ],
          [
            0.0,
            1.0,
            0.0
          ],
          [
            0.0540698,
            0.0,
            -0.998538
          ],
          [
            -10421.4,
            236.413,
            11999.9
          ]
        ],
        "unit_class": "dynaf_universal_1line_b",
        "objLayer": 2,
        "props": {
          "army": 2,
          "active": false
        }
      },
      {
        "name": "ft_t2_airfield_01_05",
        "tm": [
          [
            -0.932053,
            0.0,
            -0.362323
          ],
          [
            0.0,
            1.0,
            0.0
          ],
          [
            0.362323,
            0.0,
            -0.932053
          ],
          [
            -26116.9,
            193.568,
            -15862.7
          ]
        ],
        "unit_class": "dynaf_universal_1line_b",
        "objLayer": 2,
        "props": {
          "army": 2,
          "active": false
        }
      },
      {
        "name": "ft_t1_airfield_01_05",
        "tm": [
          [
            0.974133,
            0.0,
            -0.225973
          ],
          [
            0.0,
            1.0,
            0.0
          ],
          [
            0.225973,
            0.0,
            0.974133
          ],
          [
            26264.6,
            37.0498,
            13866.4
          ]
        ],
        "unit_class": "dynaf_universal_1line_a",
        "objLayer": 2,
        "props": {
          "army": 1,
          "active": false
        }
      },
      {
        "name": "ft_t1_airfield_03_05",
        "tm": [
          [
            0.999941,
            0.0,
            0.0108271
          ],
          [
            0.0,
            1.0,
            0.0
          ],
          [
            -0.0108271,
            0.0,
            0.999941
          ],
          [
            11241.9,
            1.76514,
            -14990.4
          ]
        ],
        "unit_class": "dynaf_universal_1line_a",
        "objLayer": 2,
        "props": {
          "army": 1,
          "active": false
        }
      },
      {
        "name": "ft_t1_airfield_02_05",
        "tm": [
          [
            0.999952,
            0.0,
            0.00985053
          ],
          [
            0.0,
            1.0,
            0.0
          ],
          [
            -0.00985053,
            0.0,
            0.999952
          ],
          [
            19724.1,
            10.4849,
            -4808.95
          ]
        ],
        "unit_class": "dynaf_universal_1line_a",
        "objLayer": 2,
        "props": {
          "army": 1,
          "active": false
        }
      },
      {
        "name": "ft_t2_airfield_03_05",
        "tm": [
          [
            -0.959187,
            0.0,
            0.282776
          ],
          [
            0.0,
            1.0,
            0.0
          ],
          [
            -0.282776,
            0.0,
            -0.959187
          ],
          [
            -10459.7,
            183.296,
            25361.8
          ]
        ],
        "unit_class": "dynaf_universal_1line_b",
        "objLayer": 2,
        "props": {
          "army": 2,
          "active": false
        }
      },
      {
        "name": "ft_t2_airfield_02_05",
        "tm": [
          [
            -0.93911,
            0.0,
            -0.343618
          ],
          [
            0.0,
            1.0,
            0.0
          ],
          [
            0.343618,
            0.0,
            -0.93911
          ],
          [
            -17894.4,
            212.601,
            -8825.44
          ]
        ],
        "unit_class": "dynaf_universal_1line_b",
        "objLayer": 2,
        "props": {
          "army": 2,
          "active": false
        }
      }
    ],
    "squad": [
      {
        "name": "ft_t1_airfields_squad",
        "tm": [
          [
            1.0,
            0.0,
            0.0
          ],
          [
            0.0,
            1.0,
            0.0
          ],
          [
            0.0,
            0.0,
            1.0
          ],
          [
            14881.3,
            3.84668,
            -37638.2
          ]
        ],
        "props": {
          "object_marking": 0,
          "squad_members": [
            "ft_t1_airfield_01_01",
            "ft_t1_airfield_01_02",
            "ft_t1_airfield_01_03",
            "ft_t1_airfield_01_04",
            "ft_t1_airfield_01_05",
            "ft_t1_airfield_02_01",
            "ft_t1_airfield_02_02",
            "ft_t1_airfield_02_03",
            "ft_t1_airfield_02_04",
            "ft_t1_airfield_02_05",
            "ft_t1_airfield_03_01",
            "ft_t1_airfield_03_02",
            "ft_t1_airfield_03_03",
            "ft_t1_airfield_03_04",
            "ft_t1_airfield_03_05"
          ]
        }
      },
      {
        "name": "ft_t2_airfields_squad",
        "tm": [
          [
            1.0,
            0.0,
            0.0
          ],
          [
            0.0,
            1.0,
            0.0
          ],
          [
            0.0,
            0.0,
            1.0
          ],
          [
            -23815.5,
            140.352,
            -36667.0
          ]
        ],
        "props": {
          "object_marking": 0,
          "squad_members": [
            "ft_t2_airfield_01_01",
            "ft_t2_airfield_01_02",
            "ft_t2_airfield_01_03",
            "ft_t2_airfield_01_04",
            "ft_t2_airfield_01_05",
            "ft_t2_airfield_02_01",
            "ft_t2_airfield_02_02",
            "ft_t2_airfield_02_03",
            "ft_t2_airfield_02_04",
            "ft_t2_airfield_02_05",
            "ft_t2_airfield_03_01",
            "ft_t2_airfield_03_02",
            "ft_t2_airfield_03_03",
            "ft_t2_airfield_03_04",
            "ft_t2_airfield_03_05"
          ]
        }
      },
      {
        "name": "all_bomb_targets_squad",
        "tm": [
          [
            1.0,
            0.0,
            0.0
          ],
          [
            0.0,
            1.0,
            0.0
          ],
          [
            0.0,
            0.0,
            1.0
          ],
          [
            -2367.75,
            90.4902,
            -39263.7
          ]
        ],
        "props": {
          "object_marking": 0,
          "squad_members": [
            "ft_t1_airfield_01_01_bomb_target",
            "ft_t1_airfield_02_01_bomb_target",
            "ft_t1_airfield_03_01_bomb_target",
            "ft_t1_airfield_01_02_bomb_target",
            "ft_t1_airfield_02_02_bomb_target",
            "ft_t1_airfield_03_02_bomb_target",
            "ft_t1_airfield_01_03_bomb_target",
            "ft_t1_airfield_02_03_bomb_target",
            "ft_t1_airfield_03_03_bomb_target",
            "ft_t1_airfield_01_04_bomb_target",
            "ft_t1_airfield_02_04_bomb_target",
            "ft_t1_airfield_03_04_bomb_target",
            "ft_t1_airfield_01_05_bomb_target",
            "ft_t1_airfield_02_05_bomb_target",
            "ft_t1_airfield_03_05_bomb_target",
            "ft_t2_airfield_01_01_bomb_target",
            "ft_t2_airfield_02_01_bomb_target",
            "ft_t2_airfield_03_01_bomb_target",
            "ft_t2_airfield_01_02_bomb_target",
            "ft_t2_airfield_02_02_bomb_target",
            "ft_t2_airfield_03_02_bomb_target",
            "ft_t2_airfield_01_03_bomb_target",
            "ft_t2_airfield_02_03_bomb_target",
            "ft_t2_airfield_03_03_bomb_target",
            "ft_t2_airfield_01_04_bomb_target",
            "ft_t2_airfield_02_04_bomb_target",
            "ft_t2_airfield_03_04_bomb_target",
            "ft_t2_airfield_01_05_bomb_target",
            "ft_t2_airfield_02_05_bomb_target",
            "ft_t2_airfield_03_05_bomb_target"
          ]
        }
      }
    ],
    "structures": [
      {
        "name": "ft_t1_airfield_03_01_bomb_target",
        "tm": [
          [
            0.976296,
            0.0,
            -0.216439
          ],
          [
            0.0,
            1.0,
            0.0
          ],
          [
            0.216439,
            0.0,
            0.976296
          ],
          [
            11485.6,
            10.814,
            -5066.48
          ]
        ],
        "unit_class": "dummy_immortal",
        "objLayer": 2,
        "closed_waypoints": false,
        "isShipSpline": false,
        "shipTurnRadius": 100.0,
        "weapons": "",
        "bullets0": "",
        "bullets1": "",
        "bullets2": "",
        "bullets3": "",
        "bulletsCount0": 0,
        "bulletsCount1": 0,
        "bulletsCount2": 0,
        "bulletsCount3": 0,
        "crewSkillK": 0.0,
        "applyAllMods": false,
        "props": {
          "army": 1,
          "count": 1,
          "formation_type": "rows",
          "formation_div": 3,
          "formation_step": [
            2.5,
            2.0
          ],
          "formation_noise": [
            0.1,
            0.1
          ],
          "uniqueName": "",
          "attack_type": "fire_at_will",
          "isDelayed": true,
          "stealthRadius": 0.0,
          "setStealth": true,
          "targetableByAi": false
        },
        "way": {}
      },
      {
        "name": "ft_t1_airfield_01_01_bomb_target",
        "tm": [
          [
            0.866025,
            0.0,
            -0.5
          ],
          [
            0.0,
            1.0,
            0.0
          ],
          [
            0.5,
            0.0,
            0.866025
          ],
          [
            26119.5,
            1.70508,
            -25140.6
          ]
        ],
        "unit_class": "dummy_immortal",
        "objLayer": 2,
        "closed_waypoints": false,
        "isShipSpline": false,
        "shipTurnRadius": 100.0,
        "weapons": "",
        "bullets0": "",
        "bullets1": "",
        "bullets2": "",
        "bullets3": "",
        "bulletsCount0": 0,
        "bulletsCount1": 0,
        "bulletsCount2": 0,
        "bulletsCount3": 0,
        "crewSkillK": 0.0,
        "applyAllMods": false,
        "props": {
          "army": 1,
          "count": 1,
          "formation_type": "rows",
          "formation_div": 3,
          "formation_step": [
            2.5,
            2.0
          ],
          "formation_noise": [
            0.1,
            0.1
          ],
          "uniqueName": "",
          "attack_type": "fire_at_will",
          "isDelayed": true,
          "stealthRadius": 0.0,
          "setStealth": true,
          "targetableByAi": false
        },
        "way": {}
      },
      {
        "name": "ft_t1_airfield_02_01_bomb_target",
        "tm": [
          [
            0.965926,
            0.0,
            -0.258819
          ],
          [
            0.0,
            1.0,
            0.0
          ],
          [
            0.258819,
            0.0,
            0.965926
          ],
          [
            19053.4,
            1.75653,
            -12265.3
          ]
        ],
        "unit_class": "dummy_immortal",
        "objLayer": 2,
        "closed_waypoints": false,
        "isShipSpline": false,
        "shipTurnRadius": 100.0,
        "weapons": "",
        "bullets0": "",
        "bullets1": "",
        "bullets2": "",
        "bullets3": "",
        "bulletsCount0": 0,
        "bulletsCount1": 0,
        "bulletsCount2": 0,
        "bulletsCount3": 0,
        "crewSkillK": 0.0,
        "applyAllMods": false,
        "props": {
          "army": 1,
          "count": 1,
          "formation_type": "rows",
          "formation_div": 3,
          "formation_step": [
            2.5,
            2.0
          ],
          "formation_noise": [
            0.1,
            0.1
          ],
          "uniqueName": "",
          "attack_type": "fire_at_will",
          "isDelayed": true,
          "stealthRadius": 0.0,
          "setStealth": true,
          "targetableByAi": false
        },
        "way": {}
      },
      {
        "name": "ft_t1_airfield_03_02_bomb_target",
        "tm": [
          [
            0.95882,
            0.0,
            0.284016
          ],
          [
            0.0,
            1.0,
            0.0
          ],
          [
            -0.284016,
            0.0,
            0.95882
          ],
          [
            10804.4,
            130.666,
            25282.4
          ]
        ],
        "unit_class": "dummy_immortal",
        "objLayer": 2,
        "closed_waypoints": false,
        "isShipSpline": false,
        "shipTurnRadius": 100.0,
        "weapons": "",
        "bullets0": "",
        "bullets1": "",
        "bullets2": "",
        "bullets3": "",
        "bulletsCount0": 0,
        "bulletsCount1": 0,
        "bulletsCount2": 0,
        "bulletsCount3": 0,
        "crewSkillK": 0.0,
        "applyAllMods": false,
        "props": {
          "army": 1,
          "count": 1,
          "formation_type": "rows",
          "formation_div": 3,
          "formation_step": [
            2.5,
            2.0
          ],
          "formation_noise": [
            0.1,
            0.1
          ],
          "uniqueName": "",
          "attack_type": "fire_at_will",
          "isDelayed": true,
          "stealthRadius": 0.0,
          "setStealth": true,
          "targetableByAi": false
        },
        "way": {}
      },
      {
        "name": "ft_t1_airfield_01_03_bomb_target",
        "tm": [
          [
            0.952803,
            0.0,
            -0.303588
          ],
          [
            0.0,
            1.0,
            0.0
          ],
          [
            0.303588,
            0.0,
            0.952803
          ],
          [
            26308.5,
            34.4119,
            2964.04
          ]
        ],
        "unit_class": "dummy_immortal",
        "objLayer": 2,
        "closed_waypoints": false,
        "isShipSpline": false,
        "shipTurnRadius": 100.0,
        "weapons": "",
        "bullets0": "",
        "bullets1": "",
        "bullets2": "",
        "bullets3": "",
        "bulletsCount0": 0,
        "bulletsCount1": 0,
        "bulletsCount2": 0,
        "bulletsCount3": 0,
        "crewSkillK": 0.0,
        "applyAllMods": false,
        "props": {
          "army": 1,
          "count": 1,
          "formation_type": "rows",
          "formation_div": 3,
          "formation_step": [
            2.5,
            2.0
          ],
          "formation_noise": [
            0.1,
            0.1
          ],
          "uniqueName": "",
          "attack_type": "fire_at_will",
          "isDelayed": true,
          "stealthRadius": 0.0,
          "setStealth": true,
          "targetableByAi": false
        },
        "way": {}
      },
      {
        "name": "ft_t1_airfield_02_02_bomb_target",
        "tm": [
          [
            0.872493,
            0.0,
            0.488626
          ],
          [
            0.0,
            1.0,
            0.0
          ],
          [
            -0.488626,
            0.0,
            0.872493
          ],
          [
            20782.5,
            90.9485,
            17802.8
          ]
        ],
        "unit_class": "dummy_immortal",
        "objLayer": 2,
        "closed_waypoints": false,
        "isShipSpline": false,
        "shipTurnRadius": 100.0,
        "weapons": "",
        "bullets0": "",
        "bullets1": "",
        "bullets2": "",
        "bullets3": "",
        "bulletsCount0": 0,
        "bulletsCount1": 0,
        "bulletsCount2": 0,
        "bulletsCount3": 0,
        "crewSkillK": 0.0,
        "applyAllMods": false,
        "props": {
          "army": 1,
          "count": 1,
          "formation_type": "rows",
          "formation_div": 3,
          "formation_step": [
            2.5,
            2.0
          ],
          "formation_noise": [
            0.1,
            0.1
          ],
          "uniqueName": "",
          "attack_type": "fire_at_will",
          "isDelayed": true,
          "stealthRadius": 0.0,
          "setStealth": true,
          "targetableByAi": false
        },
        "way": {}
      },
      {
        "name": "ft_t1_airfield_01_02_bomb_target",
        "tm": [
          [
            0.998376,
            0.0,
            -0.0569723
          ],
          [
            0.0,
            1.0,
            0.0
          ],
          [
            0.0569723,
            0.0,
            0.998376
          ],
          [
            25770.2,
            1.41114,
            -9936.0
          ]
        ],
        "unit_class": "dummy_immortal",
        "objLayer": 2,
        "closed_waypoints": false,
        "isShipSpline": false,
        "shipTurnRadius": 100.0,
        "weapons": "",
        "bullets0": "",
        "bullets1": "",
        "bullets2": "",
        "bullets3": "",
        "bulletsCount0": 0,
        "bulletsCount1": 0,
        "bulletsCount2": 0,
        "bulletsCount3": 0,
        "crewSkillK": 0.0,
        "applyAllMods": false,
        "props": {
          "army": 1,
          "count": 1,
          "formation_type": "rows",
          "formation_div": 3,
          "formation_step": [
            2.5,
            2.0
          ],
          "formation_noise": [
            0.1,
            0.1
          ],
          "uniqueName": "",
          "attack_type": "fire_at_will",
          "isDelayed": true,
          "stealthRadius": 0.0,
          "setStealth": true,
          "targetableByAi": false
        },
        "way": {}
      },
      {
        "name": "ft_t2_airfield_01_01_bomb_target",
        "tm": [
          [
            -0.994365,
            0.0,
            0.106004
          ],
          [
            0.0,
            1.0,
            0.0
          ],
          [
            -0.106004,
            0.0,
            -0.994365
          ],
          [
            -26208.0,
            213.447,
            22380.5
          ]
        ],
        "unit_class": "dummy_immortal",
        "objLayer": 2,
        "closed_waypoints": false,
        "isShipSpline": false,
        "shipTurnRadius": 100.0,
        "weapons": "",
        "bullets0": "",
        "bullets1": "",
        "bullets2": "",
        "bullets3": "",
        "bulletsCount0": 0,
        "bulletsCount1": 0,
        "bulletsCount2": 0,
        "bulletsCount3": 0,
        "crewSkillK": 0.0,
        "applyAllMods": false,
        "props": {
          "army": 2,
          "count": 1,
          "formation_type": "rows",
          "formation_div": 3,
          "formation_step": [
            2.5,
            2.0
          ],
          "formation_noise": [
            0.1,
            0.1
          ],
          "uniqueName": "",
          "attack_type": "fire_at_will",
          "isDelayed": true,
          "stealthRadius": 0.0,
          "setStealth": true,
          "targetableByAi": false
        },
        "way": {}
      },
      {
        "name": "ft_t2_airfield_02_01_bomb_target",
        "tm": [
          [
            -0.906813,
            0.0,
            0.421532
          ],
          [
            0.0,
            1.0,
            0.0
          ],
          [
            -0.421532,
            0.0,
            -0.906813
          ],
          [
            -18277.4,
            134.165,
            25567.3
          ]
        ],
        "unit_class": "dummy_immortal",
        "objLayer": 2,
        "closed_waypoints": false,
        "isShipSpline": false,
        "shipTurnRadius": 100.0,
        "weapons": "",
        "bullets0": "",
        "bullets1": "",
        "bullets2": "",
        "bullets3": "",
        "bulletsCount0": 0,
        "bulletsCount1": 0,
        "bulletsCount2": 0,
        "bulletsCount3": 0,
        "crewSkillK": 0.0,
        "applyAllMods": false,
        "props": {
          "army": 2,
          "count": 1,
          "formation_type": "rows",
          "formation_div": 3,
          "formation_step": [
            2.5,
            2.0
          ],
          "formation_noise": [
            0.1,
            0.1
          ],
          "uniqueName": "",
          "attack_type": "fire_at_will",
          "isDelayed": true,
          "stealthRadius": 0.0,
          "setStealth": true,
          "targetableByAi": false
        },
        "way": {}
      },
      {
        "name": "ft_t2_airfield_03_04_bomb_target",
        "tm": [
          [
            -0.875231,
            0.0,
            -0.483706
          ],
          [
            0.0,
            1.0,
            0.0
          ],
          [
            0.483706,
            0.0,
            -0.875231
          ],
          [
            -10127.4,
            187.206,
            4844.36
          ]
        ],
        "unit_class": "dummy_immortal",
        "objLayer": 2,
        "closed_waypoints": false,
        "isShipSpline": false,
        "shipTurnRadius": 100.0,
        "weapons": "",
        "bullets0": "",
        "bullets1": "",
        "bullets2": "",
        "bullets3": "",
        "bulletsCount0": 0,
        "bulletsCount1": 0,
        "bulletsCount2": 0,
        "bulletsCount3": 0,
        "crewSkillK": 0.0,
        "applyAllMods": false,
        "props": {
          "army": 2,
          "count": 1,
          "formation_type": "rows",
          "formation_div": 3,
          "formation_step": [
            2.5,
            2.0
          ],
          "formation_noise": [
            0.1,
            0.1
          ],
          "uniqueName": "",
          "attack_type": "fire_at_will",
          "isDelayed": true,
          "stealthRadius": 0.0,
          "setStealth": true,
          "targetableByAi": false
        },
        "way": {}
      },
      {
        "name": "ft_t2_airfield_02_02_bomb_target",
        "tm": [
          [
            -0.573575,
            0.0,
            0.819153
          ],
          [
            0.0,
            1.0,
            0.0
          ],
          [
            -0.819153,
            0.0,
            -0.573575
          ],
          [
            -18225.3,
            234.243,
            12961.3
          ]
        ],
        "unit_class": "dummy_immortal",
        "objLayer": 2,
        "closed_waypoints": false,
        "isShipSpline": false,
        "shipTurnRadius": 100.0,
        "weapons": "",
        "bullets0": "",
        "bullets1": "",
        "bullets2": "",
        "bullets3": "",
        "bulletsCount0": 0,
        "bulletsCount1": 0,
        "bulletsCount2": 0,
        "bulletsCount3": 0,
        "crewSkillK": 0.0,
        "applyAllMods": false,
        "props": {
          "army": 2,
          "count": 1,
          "formation_type": "rows",
          "formation_div": 3,
          "formation_step": [
            2.5,
            2.0
          ],
          "formation_noise": [
            0.1,
            0.1
          ],
          "uniqueName": "",
          "attack_type": "fire_at_will",
          "isDelayed": true,
          "stealthRadius": 0.0,
          "setStealth": true,
          "targetableByAi": false
        },
        "way": {}
      },
      {
        "name": "ft_t2_airfield_01_02_bomb_target",
        "tm": [
          [
            -0.993284,
            0.0,
            -0.115703
          ],
          [
            0.0,
            1.0,
            0.0
          ],
          [
            0.115703,
            0.0,
            -0.993284
          ],
          [
            -26105.3,
            230.292,
            -4433.58
          ]
        ],
        "unit_class": "dummy_immortal",
        "objLayer": 2,
        "closed_waypoints": false,
        "isShipSpline": false,
        "shipTurnRadius": 100.0,
        "weapons": "",
        "bullets0": "",
        "bullets1": "",
        "bullets2": "",
        "bullets3": "",
        "bulletsCount0": 0,
        "bulletsCount1": 0,
        "bulletsCount2": 0,
        "bulletsCount3": 0,
        "crewSkillK": 0.0,
        "applyAllMods": false,
        "props": {
          "army": 2,
          "count": 1,
          "formation_type": "rows",
          "formation_div": 3,
          "formation_step": [
            2.5,
            2.0
          ],
          "formation_noise": [
            0.1,
            0.1
          ],
          "uniqueName": "",
          "attack_type": "fire_at_will",
          "isDelayed": true,
          "stealthRadius": 0.0,
          "setStealth": true,
          "targetableByAi": false
        },
        "way": {}
      },
      {
        "name": "ft_t2_airfield_03_02_bomb_target",
        "tm": [
          [
            -0.789824,
            0.0,
            -0.613332
          ],
          [
            0.0,
            1.0,
            0.0
          ],
          [
            0.613332,
            0.0,
            -0.789824
          ],
          [
            -10713.0,
            195.269,
            -9712.42
          ]
        ],
        "unit_class": "dummy_immortal",
        "objLayer": 2,
        "closed_waypoints": false,
        "isShipSpline": false,
