{
  "selected_tag": "",
  "bin_dump_file": "",
  "mission_settings": {
    "player": {
      "army": 1
    },
    "player_teamB": {
      "army": 2
    },
    "mission": {
      "type": "domination",
      "level": "levels/air_israel.bin",
      "environment": "Day",
      "weather": "hazy"
    }
  },
  "imports": {},
  "triggers": {
    "isCategory": true,
    "is_enabled": true,
    "static_units_rank_03_init": {
      "is_enabled": true,
      "comments": "",
      "props": {
        "actionsType": "PERFORM_ONE_BY_ONE",
        "conditionsType": "ALL",
        "enableAfterComplete": false
      },
      "events": {
        "initMission": {}
      },
      "conditions": {},
      "actions": {
        "comment": [
          {
            "value": "static units"
          },
          {
            "value": "static aaa"
          },
          {
            "value": ""
          }
        ],
        "unitSetProperties": [
          {
            "object": [
              "t1_artillery_squad",
              "t1_bunkers_squad",
              "t2_artillery_squad",
              "t2_bunkers_squad"
            ],
            "accuracy": 0.1,
            "checkVisibilityTarget": false
          },
          {
            "object": [
              "t1_aaa_squad",
              "t2_aaa_squad"
            ],
            "targetGnd": false,
            "accuracy": 0.1,
            "airAccuracy": 0.1,
            "fireRandom": true,
            "targetChangeInterval": 5.0,
            "targetChangeProb": 0.25,
            "DelayAfterShoot": 3.0
          }
        ],
        "missionDestroyArea": {
          "target_type": "ALL",
          "area": [
            "clear_redinst_area_01",
            "clear_redinst_area_02",
            "clear_redinst_area_03",
            "clear_redinst_area_04",
            "clear_redinst_area_05",
            "clear_redinst_area_06",
            "clear_redinst_area_07"
          ]
        }
      },
      "else_actions": {}
    }
  },
  "mission_objectives": {
    "isCategory": true,
    "is_enabled": true
  },
  "variables": {},
  "dialogs": {},
  "airfields": {},
  "effects": {},
  "units": {
    "objectGroups": [
      {
        "name": "t1_trench_rank_03_01",
        "tm": [
          [
            0.8936,
            -0.0645501,
            -0.444197
          ],
          [
            0.0580623,
            0.997914,
            -0.0282118
          ],
          [
            0.445091,
            -0.00058121,
            0.895485
          ],
          [
            -1935.55,
            281.15,
            -2641.3
          ]
        ],
        "unit_class": "dynTrench_small_bunker_axis",
        "objLayer": 2,
        "props": {
          "army": 1,
          "active": true
        }
      },
      {
        "name": "t1_trench_rank_03_02",
        "tm": [
          [
            0.867031,
            -0.0240071,
            -0.497675
          ],
          [
            0.0420477,
            0.998801,
            0.0250715
          ],
          [
            0.496476,
            -0.0426643,
            0.867001
          ],
          [
            932.65,
            263.65,
            -4049.15
          ]
        ],
        "unit_class": "dynTrench_small_bunker_axis",
        "objLayer": 2,
        "props": {
          "army": 1,
          "active": true
        }
      },
      {
        "name": "t1_trench_rank_03_03",
        "tm": [
          [
            0.784147,
            -0.00719696,
            -0.620533
          ],
          [
            0.0185401,
            0.999758,
            0.0118342
          ],
          [
            0.620297,
            -0.0207846,
            0.784092
          ],
          [
            -4496.5,
            298.25,
            -930.4
          ]
        ],
        "unit_class": "dynTrench_small_bunker_axis",
        "objLayer": 2,
        "props": {
          "army": 1,
          "active": true
        }
      },
      {
        "name": "t1_trench_rank_03_04",
        "tm": [
          [
            0.962605,
            0.0861023,
            -0.256861
          ],
          [
            -0.0903646,
            0.995897,
            -0.0048137
          ],
          [
            0.255394,
            0.027845,
            0.966435
          ],
          [
            3478.35,
            292.5,
            -5035.8
          ]
        ],
        "unit_class": "dynTrench_small_bunker_axis",
        "objLayer": 2,
        "props": {
          "army": 1,
          "active": true
        }
      },
      {
        "name": "t1_trench_rank_03_05",
        "tm": [
          [
            0.939112,
            -0.0483666,
            -0.340192
          ],
          [
            0.0435056,
            0.998812,
            -0.0219062
          ],
          [
            0.340848,
            0.00577193,
            0.940102
          ],
          [
            2134.15,
            256.3,
            -4573.45
          ]
        ],
        "unit_class": "dynTrench_small_bunker_axis",
        "objLayer": 2,
        "props": {
          "army": 1,
          "active": true
        }
      },
      {
        "name": "t1_trench_rank_03_06",
        "tm": [
          [
            0.770988,
            -0.00830695,
            -0.636796
          ],
          [
            0.00210122,
            0.999943,
            -0.0105006
          ],
          [
            0.636846,
            0.00675775,
            0.770961
          ],
          [
            -3216.75,
            301.401,
            -1793.8
          ]
        ],
        "unit_class": "dynTrench_small_bunker_axis",
        "objLayer": 2,
        "props": {
          "army": 1,
          "active": true
        }
      },
      {
        "name": "t1_trench_rank_03_07",
        "tm": [
          [
            0.817996,
            -0.0391543,
            -0.573889
          ],
          [
            0.0335961,
            0.99923,
            -0.0202866
          ],
          [
            0.574242,
            -0.00268613,
            0.818681
          ],
          [
            -418.95,
            229.05,
            -3478.85
          ]
        ],
        "unit_class": "dynTrench_small_bunker_axis",
        "objLayer": 2,
        "props": {
          "army": 1,
          "active": true
        }
      },
      {
        "name": "t1_trench_rank_03_08",
        "tm": [
          [
            0.686334,
            0.0162467,
            -0.727105
          ],
          [
            -0.0110209,
            0.999868,
            0.0119386
          ],
          [
            0.727203,
            -0.000181237,
            0.686422
          ],
          [
            -5670.05,
            296.45,
            76.95
          ]
        ],
        "unit_class": "dynTrench_small_bunker_axis",
        "objLayer": 2,
        "props": {
          "army": 1,
          "active": true
        }
      },
      {
        "name": "t2_trench_rank_03_01",
        "tm": [
          [
            -0.905025,
            -0.0310966,
            0.424219
          ],
          [
            -0.0197345,
            0.99932,
            0.0311524
          ],
          [
            -0.424899,
            0.0198222,
            -0.905024
          ],
          [
            -905.8,
            307.0,
            -941.45
          ]
        ],
        "unit_class": "dynTrench_small_bunker_axis",
        "objLayer": 2,
        "props": {
          "army": 2,
          "active": true
        }
      },
      {
        "name": "t2_trench_rank_03_02",
        "tm": [
          [
            -0.908175,
            -0.0058164,
            0.418552
          ],
          [
            -0.0116943,
            0.999865,
            -0.0114811
          ],
          [
            -0.418429,
            -0.0153217,
            -0.90812
          ],
          [
            -2234.6,
            297.8,
            -231.35
          ]
        ],
        "unit_class": "dynTrench_small_bunker_axis",
        "objLayer": 2,
        "props": {
          "army": 2,
          "active": true
        }
      },
      {
        "name": "t2_trench_rank_03_03",
        "tm": [
          [
            -0.998995,
            -0.0249986,
            0.0372297
          ],
          [
            -0.0249894,
            0.999687,
            0.0007225
          ],
          [
            -0.0372354,
            -0.000208556,
            -0.999307
          ],
          [
            -5196.35,
            302.15,
            935.25
          ]
        ],
        "unit_class": "dynTrench_small_bunker_axis",
        "objLayer": 2,
        "props": {
          "army": 2,
          "active": true
        }
      },
      {
        "name": "t2_trench_rank_03_04",
        "tm": [
          [
            -0.900916,
            0.0334547,
            0.4327
          ],
          [
            0.0167289,
            0.99896,
            -0.0424047
          ],
          [
            -0.433668,
            -0.0309651,
            -0.900541
          ],
          [
            642.7,
            254.7,
            -1765.95
          ]
        ],
        "unit_class": "dynTrench_small_bunker_axis",
        "objLayer": 2,
        "props": {
          "army": 2,
          "active": true
        }
      },
      {
        "name": "t2_trench_rank_03_05",
        "tm": [
          [
            -0.712534,
            0.0158812,
            0.701457
          ],
          [
            -0.0320138,
            0.997967,
            -0.0551138
          ],
          [
            -0.700907,
            -0.0617267,
            -0.710577
          ],
          [
            4003.6,
            294.1,
            -3972.7
          ]
        ],
        "unit_class": "dynTrench_small_bunker_axis",
        "objLayer": 2,
        "props": {
          "army": 2,
          "active": true
        }
      },
      {
        "name": "t2_trench_rank_03_06",
        "tm": [
          [
            -0.728472,
            -0.0152836,
            0.684906
          ],
          [
            0.00117855,
            0.999721,
            0.0235624
          ],
          [
            -0.685075,
            0.0179718,
            -0.728251
          ],
          [
            2942.85,
            252.05,
            -3159.05
          ]
        ],
        "unit_class": "dynTrench_small_bunker_axis",
        "objLayer": 2,
        "props": {
          "army": 2,
          "active": true
        }
      },
      {
        "name": "t2_trench_rank_03_07",
        "tm": [
          [
            -0.928156,
            -0.0179596,
            0.371759
          ],
          [
            -0.00188918,
            0.999049,
            0.0435458
          ],
          [
            -0.372187,
            0.0397146,
            -0.927307
          ],
          [
            -3639.35,
            300.25,
            423.05
          ]
        ],
        "unit_class": "dynTrench_small_bunker_axis",
        "objLayer": 2,
        "props": {
          "army": 2,
          "active": true
        }
      },
      {
        "name": "t2_trench_rank_03_08",
        "tm": [
          [
            -0.900845,
            0.027181,
            0.433291
          ],
          [
            0.02949,
            0.999563,
            -0.00139265
          ],
          [
            -0.43314,
            0.0115233,
            -0.901254
          ],
          [
            1831.15,
            278.25,
            -2376.8
          ]
        ],
        "unit_class": "dynTrench_small_bunker_axis",
        "objLayer": 2,
        "props": {
          "army": 2,
          "active": true
        }
      }
    ],
    "structures": [
      {
        "name": "t1_bunker_01",
        "tm": [
          [
            0.308821,
            0.00891928,
            0.951078
          ],
          [
            0.0580623,
            0.997914,
            -0.0282118
          ],
          [
            -0.949346,
            0.0639344,
            0.307659
          ],
          [
            -1920.83,
            292.981,
            -2637.88
          ]
        ],
        "unit_class": "ussr_quest_large_art_noground",
        "objLayer": 1,
        "closed_waypoints": false,
        "isShipSpline": false,
        "shipTurnRadius": 100.0,
        "weapons": "",
        "bullets0": "",
        "bullets1": "",
        "bullets2": "",
        "bullets3": "",
        "bulletsCount0": 0,
        "bulletsCount1": 0,
        "bulletsCount2": 0,
        "bulletsCount3": 0,
        "crewSkillK": 0.0,
        "applyAllMods": false,
        "props": {
          "army": 1,
          "count": 1,
          "formation_type": "rows",
          "formation_div": 3,
          "formation_step": [
            2.5,
            2.0
          ],
          "formation_noise": [
            0.1,
            0.1
          ]
        },
        "way": {}
      },
      {
        "name": "t1_art_01",
        "tm": [
          [
            0.308821,
            0.00891928,
            0.951078
          ],
          [
            0.0580623,
            0.997914,
            -0.0282118
          ],
          [
            -0.949346,
            0.0639344,
            0.307659
          ],
          [
            -2010.46,
            295.424,
            -2607.15
          ]
        ],
        "unit_class": "ussr_quest_large_art_noground",
        "objLayer": 1,
        "closed_waypoints": false,
        "isShipSpline": false,
        "shipTurnRadius": 100.0,
        "weapons": "",
        "bullets0": "",
        "bullets1": "",
        "bullets2": "",
        "bullets3": "",
        "bulletsCount0": 0,
        "bulletsCount1": 0,
        "bulletsCount2": 0,
        "bulletsCount3": 0,
        "crewSkillK": 0.0,
        "applyAllMods": false,
        "props": {
          "army": 1,
          "count": 1,
          "formation_type": "rows",
          "formation_div": 3,
          "formation_step": [
            2.5,
            2.0
          ],
          "formation_noise": [
            0.1,
            0.1
          ]
        },
        "way": {}
      },
      {
        "name": "t1_art_02",
        "tm": [
          [
            0.308821,
            0.00891928,
            0.951078
          ],
          [
            0.0580623,
            0.997914,
            -0.0282118
          ],
          [
            -0.949346,
            0.0639344,
            0.307659
          ],
          [
            -1848.58,
            281.269,
            -2652.69
          ]
        ],
        "unit_class": "ussr_quest_large_art_noground",
        "objLayer": 1,
        "closed_waypoints": false,
        "isShipSpline": false,
        "shipTurnRadius": 100.0,
        "weapons": "",
        "bullets0": "",
        "bullets1": "",
        "bullets2": "",
        "bullets3": "",
        "bulletsCount0": 0,
        "bulletsCount1": 0,
        "bulletsCount2": 0,
        "bulletsCount3": 0,
        "crewSkillK": 0.0,
        "applyAllMods": false,
        "props": {
          "army": 1,
          "count": 1,
          "formation_type": "rows",
          "formation_div": 3,
          "formation_step": [
            2.5,
            2.0
          ],
          "formation_noise": [
            0.1,
            0.1
          ]
        },
        "way": {}
      },
      {
        "name": "t1_bunker_02",
        "tm": [
          [
            0.363553,
            -0.0386695,
            0.930771
          ],
          [
            0.0420477,
            0.998801,
            0.0250715
          ],
          [
            -0.930624,
            0.0300211,
            0.364743
          ],
          [
            947.428,
            275.527,
            -4046.0
          ]
        ],
        "unit_class": "ussr_quest_large_art_noground",
        "objLayer": 1,
        "closed_waypoints": false,
        "isShipSpline": false,
        "shipTurnRadius": 100.0,
        "weapons": "",
        "bullets0": "",
        "bullets1": "",
        "bullets2": "",
        "bullets3": "",
        "bulletsCount0": 0,
        "bulletsCount1": 0,
        "bulletsCount2": 0,
        "bulletsCount3": 0,
        "crewSkillK": 0.0,
        "applyAllMods": false,
        "props": {
          "army": 1,
          "count": 1,
          "formation_type": "rows",
          "formation_div": 3,
          "formation_step": [
            2.5,
            2.0
          ],
          "formation_noise": [
            0.1,
            0.1
          ]
        },
        "way": {}
      },
      {
        "name": "t1_art_03",
        "tm": [
          [
            0.363553,
            -0.0386695,
            0.930771
          ],
          [
            0.0420477,
            0.998801,
            0.0250715
          ],
          [
            -0.930624,
            0.0300211,
            0.364743
          ],
          [
            859.673,
            274.68,
            -4010.03
          ]
        ],
        "unit_class": "ussr_quest_large_art_noground",
        "objLayer": 1,
        "closed_waypoints": false,
        "isShipSpline": false,
        "shipTurnRadius": 100.0,
        "weapons": "",
        "bullets0": "",
        "bullets1": "",
        "bullets2": "",
        "bullets3": "",
        "bulletsCount0": 0,
        "bulletsCount1": 0,
        "bulletsCount2": 0,
        "bulletsCount3": 0,
        "crewSkillK": 0.0,
        "applyAllMods": false,
        "props": {
          "army": 1,
          "count": 1,
          "formation_type": "rows",
          "formation_div": 3,
          "formation_step": [
            2.5,
            2.0
          ],
          "formation_noise": [
            0.1,
            0.1
          ]
        },
        "way": {}
      },
      {
        "name": "t1_art_04",
        "tm": [
          [
            0.363553,
            -0.0386695,
            0.930771
          ],
          [
            0.0420477,
            0.998801,
            0.0250715
          ],
          [
            -0.930624,
            0.0300211,
            0.364743
          ],
          [
            1018.85,
            265.927,
            -4065.56
          ]
        ],
        "unit_class": "ussr_quest_large_art_noground",
        "objLayer": 1,
        "closed_waypoints": false,
        "isShipSpline": false,
        "shipTurnRadius": 100.0,
        "weapons": "",
        "bullets0": "",
        "bullets1": "",
        "bullets2": "",
        "bullets3": "",
        "bulletsCount0": 0,
        "bulletsCount1": 0,
        "bulletsCount2": 0,
        "bulletsCount3": 0,
        "crewSkillK": 0.0,
        "applyAllMods": false,
        "props": {
          "army": 1,
          "count": 1,
          "formation_type": "rows",
          "formation_div": 3,
          "formation_step": [
            2.5,
            2.0
          ],
          "formation_noise": [
            0.1,
            0.1
          ]
        },
        "way": {}
      },
      {
        "name": "t1_bunker_03",
        "tm": [
          [
            0.498219,
            -0.0195001,
            0.866833
          ],
          [
            0.0185401,
            0.999758,
            0.0118342
          ],
          [
            -0.866853,
            0.0101749,
            0.498459
          ],
          [
            -4481.77,
            310.537,
            -929.45
          ]
        ],
        "unit_class": "ussr_quest_large_art_noground",
        "objLayer": 1,
        "closed_waypoints": false,
        "isShipSpline": false,
        "shipTurnRadius": 100.0,
        "weapons": "",
        "bullets0": "",
        "bullets1": "",
        "bullets2": "",
        "bullets3": "",
        "bulletsCount0": 0,
        "bulletsCount1": 0,
        "bulletsCount2": 0,
        "bulletsCount3": 0,
        "crewSkillK": 0.0,
        "applyAllMods": false,
        "props": {
          "army": 1,
          "count": 1,
          "formation_type": "rows",
          "formation_div": 3,
          "formation_step": [
            2.5,
            2.0
          ],
          "formation_noise": [
            0.1,
            0.1
          ]
        },
        "way": {}
      },
      {
        "name": "t1_art_05",
        "tm": [
          [
            0.498219,
            -0.0195001,
            0.866833
          ],
          [
            0.0185401,
            0.999758,
            0.0118342
          ],
          [
            -0.866853,
            0.0101749,
            0.498459
          ],
          [
            -4563.13,
            307.834,
            -880.98
          ]
        ],
        "unit_class": "ussr_quest_large_art_noground",
        "objLayer": 1,
        "closed_waypoints": false,
        "isShipSpline": false,
        "shipTurnRadius": 100.0,
        "weapons": "",
        "bullets0": "",
        "bullets1": "",
        "bullets2": "",
        "bullets3": "",
        "bulletsCount0": 0,
        "bulletsCount1": 0,
        "bulletsCount2": 0,
        "bulletsCount3": 0,
        "crewSkillK": 0.0,
        "applyAllMods": false,
        "props": {
          "army": 1,
          "count": 1,
          "formation_type": "rows",
          "formation_div": 3,
          "formation_step": [
            2.5,
            2.0
          ],
          "formation_noise": [
            0.1,
            0.1
          ]
        },
        "way": {}
      },
      {
        "name": "t1_art_06",
        "tm": [
          [
            0.498219,
            -0.0195001,
            0.866833
          ],
          [
            0.0185401,
            0.999758,
            0.0118342
          ],
          [
            -0.866853,
            0.0101749,
            0.498459
          ],
          [
            -4413.78,
            302.549,
            -959.38
          ]
        ],
        "unit_class": "ussr_quest_large_art_noground",
        "objLayer": 1,
        "closed_waypoints": false,
        "isShipSpline": false,
        "shipTurnRadius": 100.0,
        "weapons": "",
        "bullets0": "",
        "bullets1": "",
        "bullets2": "",
        "bullets3": "",
        "bulletsCount0": 0,
        "bulletsCount1": 0,
        "bulletsCount2": 0,
        "bulletsCount3": 0,
        "crewSkillK": 0.0,
        "applyAllMods": false,
        "props": {
          "army": 1,
          "count": 1,
          "formation_type": "rows",
          "formation_div": 3,
          "formation_step": [
            2.5,
            2.0
          ],
          "formation_noise": [
            0.1,
            0.1
          ]
        },
        "way": {}
      },
      {
        "name": "t1_bunker_04",
        "tm": [
          [
            0.111037,
            0.0148782,
            0.993705
          ],
          [
            -0.0903646,
            0.995897,
            -0.0048137
          ],
          [
            -0.989699,
            -0.0892612,
            0.111925
          ],
          [
            3490.22,
            306.221,
            -5029.53
          ]
        ],
        "unit_class": "ussr_quest_large_art_noground",
        "objLayer": 1,
        "closed_waypoints": false,
        "isShipSpline": false,
        "shipTurnRadius": 100.0,
        "weapons": "",
        "bullets0": "",
        "bullets1": "",
        "bullets2": "",
        "bullets3": "",
        "bulletsCount0": 0,
        "bulletsCount1": 0,
        "bulletsCount2": 0,
        "bulletsCount3": 0,
        "crewSkillK": 0.0,
        "applyAllMods": false,
        "props": {
          "army": 1,
          "count": 1,
          "formation_type": "rows",
          "formation_div": 3,
          "formation_step": [
            2.5,
            2.0
          ],
          "formation_noise": [
            0.1,
            0.1
          ]
        },
        "way": {}
      },
      {
        "name": "t1_art_07",
        "tm": [
          [
            0.111037,
            0.0148782,
            0.993705
          ],
          [
            -0.0903646,
            0.995897,
            -0.0048137
          ],
          [
            -0.989699,
            -0.0892612,
            0.111925
          ],
          [
            3396.87,
            294.166,
            -5017.22
          ]
        ],
        "unit_class": "ussr_quest_large_art_noground",
        "objLayer": 1,
        "closed_waypoints": false,
        "isShipSpline": false,
        "shipTurnRadius": 100.0,
        "weapons": "",
        "bullets0": "",
        "bullets1": "",
        "bullets2": "",
        "bullets3": "",
        "bulletsCount0": 0,
        "bulletsCount1": 0,
        "bulletsCount2": 0,
        "bulletsCount3": 0,
        "crewSkillK": 0.0,
        "applyAllMods": false,
        "props": {
          "army": 1,
          "count": 1,
          "formation_type": "rows",
          "formation_div": 3,
          "formation_step": [
            2.5,
            2.0
          ],
          "formation_noise": [
            0.1,
            0.1
          ]
        },
        "way": {}
      },
      {
        "name": "t1_art_08",
        "tm": [
          [
            0.111037,
            0.0148782,
            0.993705
          ],
          [
            -0.0903646,
            0.995897,
            -0.0048137
          ],
          [
            -0.989699,
            -0.0892612,
            0.111925
          ],
          [
            3564.85,
            305.886,
            -5029.6
          ]
        ],
        "unit_class": "ussr_quest_large_art_noground",
        "objLayer": 1,
        "closed_waypoints": false,
        "isShipSpline": false,
        "shipTurnRadius": 100.0,
        "weapons": "",
        "bullets0": "",
        "bullets1": "",
        "bullets2": "",
        "bullets3": "",
        "bulletsCount0": 0,
        "bulletsCount1": 0,
        "bulletsCount2": 0,
        "bulletsCount3": 0,
        "crewSkillK": 0.0,
        "applyAllMods": false,
        "props": {
          "army": 1,
          "count": 1,
          "formation_type": "rows",
          "formation_div": 3,
          "formation_step": [
            2.5,
            2.0
          ],
          "formation_noise": [
            0.1,
            0.1
          ]
        },
        "way": {}
      },
      {
        "name": "t1_bunker_05",
        "tm": [
          [
            0.199017,
            0.0128228,
            0.979912
          ],
          [
            0.0435056,
            0.998812,
            -0.0219062
          ],
          [
            -0.979029,
            0.0469914,
            0.198223
          ],
          [
            2148.27,
            268.374,
            -4568.51
          ]
        ],
        "unit_class": "ussr_quest_large_art_noground",
        "objLayer": 1,
        "closed_waypoints": false,
        "isShipSpline": false,
        "shipTurnRadius": 100.0,
        "weapons": "",
        "bullets0": "",
        "bullets1": "",
        "bullets2": "",
        "bullets3": "",
        "bulletsCount0": 0,
        "bulletsCount1": 0,
        "bulletsCount2": 0,
        "bulletsCount3": 0,
        "crewSkillK": 0.0,
        "applyAllMods": false,
        "props": {
          "army": 1,
          "count": 1,
          "formation_type": "rows",
          "formation_div": 3,
          "formation_step": [
            2.5,
            2.0
          ],
          "formation_noise": [
            0.1,
            0.1
          ]
        },
        "way": {}
      },
      {
        "name": "t1_art_09",
        "tm": [
          [
            0.199017,
            0.0128228,
            0.979912
          ],
          [
            0.0435056,
            0.998812,
            -0.0219062
          ],
          [
            -0.979029,
            0.0469914,
            0.198223
          ],
          [
            2055.61,
            269.216,
            -4548.0
          ]
        ],
        "unit_class": "ussr_quest_large_art_noground",
        "objLayer": 1,
        "closed_waypoints": false,
        "isShipSpline": false,
        "shipTurnRadius": 100.0,
        "weapons": "",
        "bullets0": "",
        "bullets1": "",
        "bullets2": "",
        "bullets3": "",
        "bulletsCount0": 0,
        "bulletsCount1": 0,
        "bulletsCount2": 0,
        "bulletsCount3": 0,
        "crewSkillK": 0.0,
        "applyAllMods": false,
        "props": {
          "army": 1,
          "count": 1,
          "formation_type": "rows",
          "formation_div": 3,
          "formation_step": [
            2.5,
            2.0
          ],
          "formation_noise": [
            0.1,
            0.1
          ]
        },
        "way": {}
      },
      {
        "name": "t1_art_10",
        "tm": [
          [
            0.199017,
            0.0128228,
            0.979912
          ],
          [
            0.0435056,
            0.998812,
            -0.0219062
          ],
          [
            -0.979029,
            0.0469914,
            0.198223
          ],
          [
            2221.92,
            257.938,
            -4574.98
          ]
        ],
        "unit_class": "ussr_quest_large_art_noground",
        "objLayer": 1,
        "closed_waypoints": false,
        "isShipSpline": false,
        "shipTurnRadius": 100.0,
        "weapons": "",
        "bullets0": "",
        "bullets1": "",
        "bullets2": "",
        "bullets3": "",
        "bulletsCount0": 0,
        "bulletsCount1": 0,
        "bulletsCount2": 0,
        "bulletsCount3": 0,
        "crewSkillK": 0.0,
        "applyAllMods": false,
        "props": {
          "army": 1,
          "count": 1,
          "formation_type": "rows",
          "formation_div": 3,
          "formation_step": [
            2.5,
            2.0
          ],
          "formation_noise": [
            0.1,
            0.1
          ]
        },
        "way": {}
      },
      {
        "name": "t1_bunker_06",
        "tm": [
          [
            0.516523,
            0.00790562,
            0.856235
          ],
          [
            0.00210122,
            0.999943,
            -0.0105006
          ],
          [
            -0.856271,
            0.00722329,
            0.516478
          ],
          [
            -3202.17,
            313.936,
            -1793.59
          ]
        ],
        "unit_class": "ussr_quest_large_art_noground",
        "objLayer": 1,
        "closed_waypoints": false,
        "isShipSpline": false,
        "shipTurnRadius": 100.0,
        "weapons": "",
        "bullets0": "",
        "bullets1": "",
        "bullets2": "",
        "bullets3": "",
        "bulletsCount0": 0,
        "bulletsCount1": 0,
        "bulletsCount2": 0,
        "bulletsCount3": 0,
        "crewSkillK": 0.0,
        "applyAllMods": false,
        "props": {
          "army": 1,
          "count": 1,
          "formation_type": "rows",
          "formation_div": 3,
          "formation_step": [
            2.5,
            2.0
          ],
          "formation_noise": [
            0.1,
            0.1
          ]
        },
        "way": {}
      },
      {
        "name": "t1_art_11",
        "tm": [
          [
            0.516523,
            0.00790562,
            0.856235
          ],
          [
            0.00210122,
            0.999943,
            -0.0105006
          ],
          [
            -0.856271,
            0.00722329,
            0.516478
          ],
          [
            -3282.49,
            311.0,
            -1743.21
          ]
        ],
        "unit_class": "ussr_quest_large_art_noground",
        "objLayer": 1,
        "closed_waypoints": false,
        "isShipSpline": false,
        "shipTurnRadius": 100.0,
        "weapons": "",
        "bullets0": "",
        "bullets1": "",
        "bullets2": "",
        "bullets3": "",
        "bulletsCount0": 0,
        "bulletsCount1": 0,
        "bulletsCount2": 0,
        "bulletsCount3": 0,
        "crewSkillK": 0.0,
        "applyAllMods": false,
        "props": {
          "army": 1,
          "count": 1,
          "formation_type": "rows",
          "formation_div": 3,
          "formation_step": [
            2.5,
            2.0
          ],
          "formation_noise": [
            0.1,
            0.1
          ]
        },
        "way": {}
      },
      {
        "name": "t1_art_12",
        "tm": [
          [
            0.516523,
            0.00790562,
            0.856235
          ],
          [
            0.00210122,
            0.999943,
            -0.0105006
          ],
          [
            -0.856271,
            0.00722329,
            0.516478
          ],
          [
            -3134.71,
            306.391,
            -1824.74
          ]
        ],
        "unit_class": "ussr_quest_large_art_noground",
        "objLayer": 1,
        "closed_waypoints": false,
        "isShipSpline": false,
        "shipTurnRadius": 100.0,
        "weapons": "",
        "bullets0": "",
        "bullets1": "",
        "bullets2": "",
        "bullets3": "",
        "bulletsCount0": 0,
        "bulletsCount1": 0,
        "bulletsCount2": 0,
        "bulletsCount3": 0,
        "crewSkillK": 0.0,
        "applyAllMods": false,
        "props": {
          "army": 1,
          "count": 1,
          "formation_type": "rows",
          "formation_div": 3,
          "formation_step": [
            2.5,
            2.0
          ],
          "formation_noise": [
            0.1,
            0.1
          ]
        },
        "way": {}
      },
      {
        "name": "t1_bunker_07",
        "tm": [
          [
            0.447685,
            0.00310193,
            0.894187
          ],
          [
            0.0335961,
            0.99923,
            -0.0202866
          ],
          [
            -0.893559,
            0.0391235,
            0.447237
          ],
          [
            -404.068,
            241.151,
            -3477.55
          ]
        ],
        "unit_class": "ussr_quest_large_art_noground",
        "objLayer": 1,
        "closed_waypoints": false,
        "isShipSpline": false,
        "shipTurnRadius": 100.0,
        "weapons": "",
        "bullets0": "",
        "bullets1": "",
        "bullets2": "",
        "bullets3": "",
        "bulletsCount0": 0,
        "bulletsCount1": 0,
        "bulletsCount2": 0,
        "bulletsCount3": 0,
        "crewSkillK": 0.0,
        "applyAllMods": false,
        "props": {
          "army": 1,
          "count": 1,
          "formation_type": "rows",
          "formation_div": 3,
          "formation_step": [
            2.5,
            2.0
          ],
          "formation_noise": [
            0.1,
            0.1
          ]
        },
        "way": {}
      },
      {
        "name": "t1_art_13",
        "tm": [
          [
            0.447685,
            0.00310193,
            0.894187
          ],
          [
            0.0335961,
            0.99923,
            -0.0202866
          ],
          [
            -0.893559,
            0.0391235,
            0.447237
          ],
          [
            -488.157,
            241.227,
            -3433.71
          ]
        ],
        "unit_class": "ussr_quest_large_art_noground",
        "objLayer": 1,
        "closed_waypoints": false,
        "isShipSpline": false,
        "shipTurnRadius": 100.0,
        "weapons": "",
        "bullets0": "",
        "bullets1": "",
        "bullets2": "",
        "bullets3": "",
        "bulletsCount0": 0,
        "bulletsCount1": 0,
        "bulletsCount2": 0,
        "bulletsCount3": 0,
        "crewSkillK": 0.0,
        "applyAllMods": false,
        "props": {
          "army": 1,
          "count": 1,
          "formation_type": "rows",
          "formation_div": 3,
          "formation_step": [
            2.5,
            2.0
          ],
          "formation_noise": [
            0.1,
            0.1
          ]
        },
        "way": {}
      },
      {
        "name": "t1_art_14",
        "tm": [
          [
            0.447685,
            0.00310193,
            0.894187
          ],
          [
            0.0335961,
            0.99923,
            -0.0202866
          ],
          [
            -0.893559,
            0.0391235,
            0.447237
          ],
          [
            -334.636,
            231.21,
            -3503.17
          ]
        ],
        "unit_class": "ussr_quest_large_art_noground",
        "objLayer": 1,
        "closed_waypoints": false,
        "isShipSpline": false,
        "shipTurnRadius": 100.0,
        "weapons": "",
        "bullets0": "",
        "bullets1": "",
        "bullets2": "",
        "bullets3": "",
        "bulletsCount0": 0,
        "bulletsCount1": 0,
        "bulletsCount2": 0,
        "bulletsCount3": 0,
        "crewSkillK": 0.0,
        "applyAllMods": false,
        "props": {
          "army": 1,
          "count": 1,
          "formation_type": "rows",
          "formation_div": 3,
          "formation_step": [
            2.5,
            2.0
          ],
          "formation_noise": [
            0.1,
            0.1
          ]
        },
        "way": {}
      },
      {
        "name": "t1_bunker_08",
        "tm": [
          [
            0.618349,
            -0.00256878,
            0.7859
          ],
          [
            -0.0110209,
            0.999868,
            0.0119386
          ],
          [
            -0.785828,
            -0.0160437,
            0.618238
          ],
          [
            -5655.71,
            309.188,
            75.6909
          ]
        ],
        "unit_class": "ussr_quest_large_art_noground",
        "objLayer": 1,
        "closed_waypoints": false,
        "isShipSpline": false,
        "shipTurnRadius": 100.0,
        "weapons": "",
        "bullets0": "",
        "bullets1": "",
        "bullets2": "",
        "bullets3": "",
        "bulletsCount0": 0,
        "bulletsCount1": 0,
        "bulletsCount2": 0,
        "bulletsCount3": 0,
        "crewSkillK": 0.0,
        "applyAllMods": false,
        "props": {
          "army": 1,
          "count": 1,
          "formation_type": "rows",
          "formation_div": 3,
          "formation_step": [
            2.5,
            2.0
          ],
          "formation_noise": [
            0.1,
            0.1
          ]
        },
        "way": {}
      },
      {
        "name": "t1_art_15",
        "tm": [
          [
            0.618349,
            -0.00256878,
            0.7859
          ],
          [
            -0.0110209,
            0.999868,
            0.0119386
          ],
          [
            -0.785828,
            -0.0160437,
            0.618238
          ],
          [
            -5729.12,
            304.037,
            135.436
          ]
        ],
        "unit_class": "ussr_quest_large_art_noground",
        "objLayer": 1,
        "closed_waypoints": false,
        "isShipSpline": false,
        "shipTurnRadius": 100.0,
        "weapons": "",
        "bullets0": "",
        "bullets1": "",
        "bullets2": "",
        "bullets3": "",
        "bulletsCount0": 0,
        "bulletsCount1": 0,
        "bulletsCount2": 0,
        "bulletsCount3": 0,
        "crewSkillK": 0.0,
        "applyAllMods": false,
        "props": {
          "army": 1,
          "count": 1,
          "formation_type": "rows",
          "formation_div": 3,
          "formation_step": [
            2.5,
            2.0
          ],
          "formation_noise": [
            0.1,
            0.1
          ]
        },
        "way": {}
      },
      {
        "name": "t1_art_16",
        "tm": [
          [
            0.618349,
            -0.00256878,
            0.7859
          ],
          [
            -0.0110209,
            0.999868,
            0.0119386
          ],
          [
            -0.785828,
            -0.0160437,
            0.618238
