{
  "selected_tag": "",
  "bin_dump_file": "",
  "mission_settings": {
    "player": {
      "army": 1
    },
    "player_teamB": {
      "army": 2
    },
    "mission": {
      "type": "domination",
      "level": "levels/air_israel.bin",
      "environment": "Day",
      "weather": "hazy"
    }
  },
  "imports": {},
  "triggers": {
    "isCategory": true,
    "is_enabled": true,
    "static_units_rank_05_init": {
      "is_enabled": true,
      "comments": "",
      "props": {
        "actionsType": "PERFORM_ONE_BY_ONE",
        "conditionsType": "ALL",
        "enableAfterComplete": false
      },
      "events": {
        "initMission": {}
      },
      "conditions": {},
      "actions": {
        "comment": [
          {
            "value": "static units"
          },
          {
            "value": "static aaa"
          },
          {
            "value": ""
          }
        ],
        "unitSetProperties": [
          {
            "object": [
              "t1_artillery_squad",
              "t1_bunkers_squad",
              "t2_artillery_squad",
              "t2_bunkers_squad"
            ],
            "accuracy": 0.1,
            "checkVisibilityTarget": false
          },
          {
            "object": [
              "t1_aaa_squad",
              "t2_aaa_squad"
            ],
            "targetGnd": false,
            "accuracy": 0.1,
            "airAccuracy": 0.1,
            "fireRandom": true,
            "targetChangeInterval": 5.0,
            "targetChangeProb": 0.25,
            "DelayAfterShoot": 3.0
          }
        ],
        "missionDestroyArea": {
          "target_type": "ALL",
          "area": [
            "clear_redinst_area_01",
            "clear_redinst_area_02",
            "clear_redinst_area_03",
            "clear_redinst_area_04",
            "clear_redinst_area_05",
            "clear_redinst_area_06",
            "clear_redinst_area_07"
          ]
        }
      },
      "else_actions": {}
    }
  },
  "mission_objectives": {
    "isCategory": true,
    "is_enabled": true
  },
  "variables": {},
  "dialogs": {},
  "airfields": {},
  "effects": {},
  "units": {
    "objectGroups": [
      {
        "name": "t1_trench_rank_05_01",
        "tm": [
          [
            0.897996,
            -0.00613211,
            -0.43996
          ],
          [
            0.00138243,
            0.999938,
            -0.011117
          ],
          [
            0.44,
            0.00937448,
            0.897949
          ],
          [
            -2802.45,
            298.6,
            -1969.05
          ]
        ],
        "unit_class": "dynTrench_small_bunker_axis",
        "objLayer": 2,
        "props": {
          "army": 1,
          "active": true
        }
      },
      {
        "name": "t1_trench_rank_05_02",
        "tm": [
          [
            0.867479,
            0.0161841,
            -0.49721
          ],
          [
            -0.0131914,
            0.999867,
            0.00952876
          ],
          [
            0.497297,
            -0.00170754,
            0.867578
          ],
          [
            1736.55,
            273.3,
            -4514.6
          ]
        ],
        "unit_class": "dynTrench_small_bunker_axis",
        "objLayer": 2,
        "props": {
          "army": 1,
          "active": true
        }
      },
      {
        "name": "t1_trench_rank_05_03",
        "tm": [
          [
            0.762925,
            0.0135939,
            -0.646343
          ],
          [
            0.00298727,
            0.999694,
            0.0245527
          ],
          [
            0.646479,
            -0.0206631,
            0.762651
          ],
          [
            -6403.7,
            296.6,
            231.3
          ]
        ],
        "unit_class": "dynTrench_small_bunker_axis",
        "objLayer": 2,
        "props": {
          "army": 1,
          "active": true
        }
      },
      {
        "name": "t1_trench_rank_05_04",
        "tm": [
          [
            0.966468,
            -0.0685938,
            -0.247456
          ],
          [
            0.0486029,
            0.995107,
            -0.0860149
          ],
          [
            0.252147,
            0.0711034,
            0.965072
          ],
          [
            5893.05,
            262.45,
            -6345.15
          ]
        ],
        "unit_class": "dynTrench_small_bunker_axis",
        "objLayer": 2,
        "props": {
          "army": 1,
          "active": true
        }
      },
      {
        "name": "t1_trench_rank_05_05",
        "tm": [
          [
            0.943036,
            -0.00087427,
            -0.332691
          ],
          [
            -0.0271959,
            0.996447,
            -0.0797059
          ],
          [
            0.331578,
            0.0842131,
            0.939663
          ],
          [
            3642.5,
            283.25,
            -5380.0
          ]
        ],
        "unit_class": "dynTrench_small_bunker_axis",
        "objLayer": 2,
        "props": {
          "army": 1,
          "active": true
        }
      },
      {
        "name": "t1_trench_rank_05_06",
        "tm": [
          [
            0.772862,
            0.0137096,
            -0.634426
          ],
          [
            -0.0207184,
            0.999779,
            -0.00363467
          ],
          [
            0.634237,
            0.0159532,
            0.772975
          ],
          [
            -4475.15,
            298.85,
            -1002.5
          ]
        ],
        "unit_class": "dynTrench_small_bunker_axis",
        "objLayer": 2,
        "props": {
          "army": 1,
          "active": true
        }
      },
      {
        "name": "t1_trench_rank_05_07",
        "tm": [
          [
            0.817454,
            0.0554464,
            -0.573319
          ],
          [
            -0.0250685,
            0.997837,
            0.0607595
          ],
          [
            0.575448,
            -0.0352958,
            0.817076
          ],
          [
            127.6,
            236.2,
            -3558.9
          ]
        ],
        "unit_class": "dynTrench_small_bunker_axis",
        "objLayer": 2,
        "props": {
          "army": 1,
          "active": true
        }
      },
      {
        "name": "t1_trench_rank_05_08",
        "tm": [
          [
            0.685718,
            0.0591091,
            -0.725463
          ],
          [
            -0.0272612,
            0.998083,
            0.055554
          ],
          [
            0.727355,
            -0.018318,
            0.686015
          ],
          [
            -7879.1,
            290.35,
            1245.5
          ]
        ],
        "unit_class": "dynTrench_small_bunker_axis",
        "objLayer": 2,
        "props": {
          "army": 1,
          "active": true
        }
      },
      {
        "name": "t2_trench_rank_05_01",
        "tm": [
          [
            -0.905207,
            0.00911647,
            0.42487
          ],
          [
            0.00430617,
            0.999915,
            -0.0122806
          ],
          [
            -0.424946,
            -0.00928672,
            -0.905172
          ],
          [
            -1929.3,
            297.9,
            -351.75
          ]
        ],
        "unit_class": "dynTrench_small_bunker_axis",
        "objLayer": 2,
        "props": {
          "army": 2,
          "active": true
        }
      },
      {
        "name": "t2_trench_rank_05_02",
        "tm": [
          [
            -0.907143,
            0.0133891,
            0.420609
          ],
          [
            0.0106201,
            0.999903,
            -0.00892544
          ],
          [
            -0.420689,
            -0.0036301,
            -0.907197
          ],
          [
            -3601.3,
            296.2,
            447.7
          ]
        ],
        "unit_class": "dynTrench_small_bunker_axis",
        "objLayer": 2,
        "props": {
          "army": 2,
          "active": true
        }
      },
      {
        "name": "t2_trench_rank_05_03",
        "tm": [
          [
            -0.99859,
            0.0367132,
            0.0383516
          ],
          [
            0.033093,
            0.995291,
            -0.0910984
          ],
          [
            -0.0415148,
            -0.0897008,
            -0.995103
          ],
          [
            -7420.3,
            291.7,
            2285.05
          ]
        ],
        "unit_class": "dynTrench_small_bunker_axis",
        "objLayer": 2,
        "props": {
          "army": 2,
          "active": true
        }
      },
      {
        "name": "t2_trench_rank_05_04",
        "tm": [
          [
            -0.750638,
            -0.0444403,
            0.659216
          ],
          [
            -0.00929051,
            0.998346,
            0.0567233
          ],
          [
            -0.660646,
            0.0364535,
            -0.749811
          ],
          [
            1154.15,
            263.5,
            -2123.45
          ]
        ],
        "unit_class": "dynTrench_small_bunker_axis",
        "objLayer": 2,
        "props": {
          "army": 2,
          "active": true
        }
      },
      {
        "name": "t2_trench_rank_05_05",
        "tm": [
          [
            -0.708186,
            0.00691295,
            0.705991
          ],
          [
            0.00499699,
            0.999976,
            -0.00477923
          ],
          [
            -0.706008,
            0.000143405,
            -0.708205
          ],
          [
            6548.65,
            241.55,
            -5424.1
          ]
        ],
        "unit_class": "dynTrench_small_bunker_axis",
        "objLayer": 2,
        "props": {
          "army": 2,
          "active": true
        }
      },
      {
        "name": "t2_trench_rank_05_06",
        "tm": [
          [
            -0.733207,
            0.0181042,
            0.679765
          ],
          [
            -0.00492415,
            0.999478,
            -0.0319302
          ],
          [
            -0.679989,
            -0.0267588,
            -0.732735
          ],
          [
            4596.2,
            270.8,
            -4260.55
          ]
        ],
        "unit_class": "dynTrench_small_bunker_axis",
        "objLayer": 2,
        "props": {
          "army": 2,
          "active": true
        }
      },
      {
        "name": "t2_trench_rank_05_07",
        "tm": [
          [
            -0.928186,
            0.0033718,
            0.372102
          ],
          [
            -0.00498739,
            0.999756,
            -0.0215006
          ],
          [
            -0.372084,
            -0.0218136,
            -0.927942
          ],
          [
            -5570.75,
            298.798,
            1532.45
          ]
        ],
        "unit_class": "dynTrench_small_bunker_axis",
        "objLayer": 2,
        "props": {
          "army": 2,
          "active": true
        }
      },
      {
        "name": "t2_trench_rank_05_08",
        "tm": [
          [
            -0.771288,
            0.00199325,
            0.636483
          ],
          [
            0.0513261,
            0.996933,
            0.059074
          ],
          [
            -0.634414,
            0.0782316,
            -0.769025
          ],
          [
            2862.25,
            250.55,
            -3142.55
          ]
        ],
        "unit_class": "dynTrench_small_bunker_axis",
        "objLayer": 2,
        "props": {
          "army": 2,
          "active": true
        }
      }
    ],
    "structures": [
      {
        "name": "t1_bunker_01",
        "tm": [
          [
            0.303138,
            0.0101746,
            0.952892
          ],
          [
            0.00138243,
            0.999938,
            -0.011117
          ],
          [
            -0.952946,
            0.00468752,
            0.303104
          ],
          [
            -2788.45,
            311.187,
            -1965.34
          ]
        ],
        "unit_class": "ussr_quest_large_art_noground",
        "objLayer": 1,
        "closed_waypoints": false,
        "isShipSpline": false,
        "shipTurnRadius": 100.0,
        "weapons": "",
        "bullets0": "",
        "bullets1": "",
        "bullets2": "",
        "bullets3": "",
        "bulletsCount0": 0,
        "bulletsCount1": 0,
        "bulletsCount2": 0,
        "bulletsCount3": 0,
        "crewSkillK": 0.0,
        "applyAllMods": false,
        "props": {
          "army": 1,
          "count": 1,
          "formation_type": "rows",
          "formation_div": 3,
          "formation_step": [
            2.5,
            2.0
          ],
          "formation_noise": [
            0.1,
            0.1
          ]
        },
        "way": {}
      },
      {
        "name": "t1_art_01",
        "tm": [
          [
            0.303138,
            0.0101746,
            0.952892
          ],
          [
            0.00138243,
            0.999938,
            -0.011117
          ],
          [
            -0.952946,
            0.00468752,
            0.303104
          ],
          [
            -2878.22,
            308.013,
            -1935.09
          ]
        ],
        "unit_class": "ussr_quest_large_art_noground",
        "objLayer": 1,
        "closed_waypoints": false,
        "isShipSpline": false,
        "shipTurnRadius": 100.0,
        "weapons": "",
        "bullets0": "",
        "bullets1": "",
        "bullets2": "",
        "bullets3": "",
        "bulletsCount0": 0,
        "bulletsCount1": 0,
        "bulletsCount2": 0,
        "bulletsCount3": 0,
        "crewSkillK": 0.0,
        "applyAllMods": false,
        "props": {
          "army": 1,
          "count": 1,
          "formation_type": "rows",
          "formation_div": 3,
          "formation_step": [
            2.5,
            2.0
          ],
          "formation_noise": [
            0.1,
            0.1
          ]
        },
        "way": {}
      },
      {
        "name": "t1_art_02",
        "tm": [
          [
            0.303138,
            0.0101746,
            0.952892
          ],
          [
            0.00138243,
            0.999938,
            -0.011117
          ],
          [
            -0.952946,
            0.00468752,
            0.303104
          ],
          [
            -2715.57,
            303.848,
            -1979.92
          ]
        ],
        "unit_class": "ussr_quest_large_art_noground",
        "objLayer": 1,
        "closed_waypoints": false,
        "isShipSpline": false,
        "shipTurnRadius": 100.0,
        "weapons": "",
        "bullets0": "",
        "bullets1": "",
        "bullets2": "",
        "bullets3": "",
        "bulletsCount0": 0,
        "bulletsCount1": 0,
        "bulletsCount2": 0,
        "bulletsCount3": 0,
        "crewSkillK": 0.0,
        "applyAllMods": false,
        "props": {
          "army": 1,
          "count": 1,
          "formation_type": "rows",
          "formation_div": 3,
          "formation_step": [
            2.5,
            2.0
          ],
          "formation_noise": [
            0.1,
            0.1
          ]
        },
        "way": {}
      },
      {
        "name": "t1_bunker_02",
        "tm": [
          [
            0.3643,
            -0.00406954,
            0.931273
          ],
          [
            -0.0131914,
            0.999867,
            0.00952876
          ],
          [
            -0.931189,
            -0.015757,
            0.364199
          ],
          [
            1750.64,
            286.023,
            -4511.63
          ]
        ],
        "unit_class": "ussr_quest_large_art_noground",
        "objLayer": 1,
        "closed_waypoints": false,
        "isShipSpline": false,
        "shipTurnRadius": 100.0,
        "weapons": "",
        "bullets0": "",
        "bullets1": "",
        "bullets2": "",
        "bullets3": "",
        "bulletsCount0": 0,
        "bulletsCount1": 0,
        "bulletsCount2": 0,
        "bulletsCount3": 0,
        "crewSkillK": 0.0,
        "applyAllMods": false,
        "props": {
          "army": 1,
          "count": 1,
          "formation_type": "rows",
          "formation_div": 3,
          "formation_step": [
            2.5,
            2.0
          ],
          "formation_noise": [
            0.1,
            0.1
          ]
        },
        "way": {}
      },
      {
        "name": "t1_art_03",
        "tm": [
          [
            0.3643,
            -0.00406954,
            0.931273
          ],
          [
            -0.0131914,
            0.999867,
            0.00952876
          ],
          [
            -0.931189,
            -0.015757,
            0.364199
          ],
          [
            1663.05,
            280.89,
            -4475.65
          ]
        ],
        "unit_class": "ussr_quest_large_art_noground",
        "objLayer": 1,
        "closed_waypoints": false,
        "isShipSpline": false,
        "shipTurnRadius": 100.0,
        "weapons": "",
        "bullets0": "",
        "bullets1": "",
        "bullets2": "",
        "bullets3": "",
        "bulletsCount0": 0,
        "bulletsCount1": 0,
        "bulletsCount2": 0,
        "bulletsCount3": 0,
        "crewSkillK": 0.0,
        "applyAllMods": false,
        "props": {
          "army": 1,
          "count": 1,
          "formation_type": "rows",
          "formation_div": 3,
          "formation_step": [
            2.5,
            2.0
          ],
          "formation_noise": [
            0.1,
            0.1
          ]
        },
        "way": {}
      },
      {
        "name": "t1_art_04",
        "tm": [
          [
            0.3643,
            -0.00406954,
            0.931273
          ],
          [
            -0.0131914,
            0.999867,
            0.00952876
          ],
          [
            -0.931189,
            -0.015757,
            0.364199
          ],
          [
            1822.51,
            280.079,
            -4531.03
          ]
        ],
        "unit_class": "ussr_quest_large_art_noground",
        "objLayer": 1,
        "closed_waypoints": false,
        "isShipSpline": false,
        "shipTurnRadius": 100.0,
        "weapons": "",
        "bullets0": "",
        "bullets1": "",
        "bullets2": "",
        "bullets3": "",
        "bulletsCount0": 0,
        "bulletsCount1": 0,
        "bulletsCount2": 0,
        "bulletsCount3": 0,
        "crewSkillK": 0.0,
        "applyAllMods": false,
        "props": {
          "army": 1,
          "count": 1,
          "formation_type": "rows",
          "formation_div": 3,
          "formation_step": [
            2.5,
            2.0
          ],
          "formation_noise": [
            0.1,
            0.1
          ]
        },
        "way": {}
      },
      {
        "name": "t1_bunker_03",
        "tm": [
          [
            0.527237,
            -0.0224378,
            0.849423
          ],
          [
            0.00298727,
            0.999694,
            0.0245527
          ],
          [
            -0.849712,
            -0.0104073,
            0.527143
          ],
          [
            -6389.15,
            309.115,
            231.93
          ]
        ],
        "unit_class": "ussr_quest_large_art_noground",
        "objLayer": 1,
        "closed_waypoints": false,
        "isShipSpline": false,
        "shipTurnRadius": 100.0,
        "weapons": "",
        "bullets0": "",
        "bullets1": "",
        "bullets2": "",
        "bullets3": "",
        "bulletsCount0": 0,
        "bulletsCount1": 0,
        "bulletsCount2": 0,
        "bulletsCount3": 0,
        "crewSkillK": 0.0,
        "applyAllMods": false,
        "props": {
          "army": 1,
          "count": 1,
          "formation_type": "rows",
          "formation_div": 3,
          "formation_step": [
            2.5,
            2.0
          ],
          "formation_noise": [
            0.1,
            0.1
          ]
        },
        "way": {}
      },
      {
        "name": "t1_art_05",
        "tm": [
          [
            0.527237,
            -0.0224378,
            0.849423
          ],
          [
            0.00298727,
            0.999694,
            0.0245527
          ],
          [
            -0.849712,
            -0.0104073,
            0.527143
          ],
          [
            -6468.79,
            304.457,
            283.04
          ]
        ],
        "unit_class": "ussr_quest_large_art_noground",
        "objLayer": 1,
        "closed_waypoints": false,
        "isShipSpline": false,
        "shipTurnRadius": 100.0,
        "weapons": "",
        "bullets0": "",
        "bullets1": "",
        "bullets2": "",
        "bullets3": "",
        "bulletsCount0": 0,
        "bulletsCount1": 0,
        "bulletsCount2": 0,
        "bulletsCount3": 0,
        "crewSkillK": 0.0,
        "applyAllMods": false,
        "props": {
          "army": 1,
          "count": 1,
          "formation_type": "rows",
          "formation_div": 3,
          "formation_step": [
            2.5,
            2.0
          ],
          "formation_noise": [
            0.1,
            0.1
          ]
        },
        "way": {}
      },
      {
        "name": "t1_art_06",
        "tm": [
          [
            0.527237,
            -0.0224378,
            0.849423
          ],
          [
            0.00298727,
            0.999694,
            0.0245527
          ],
          [
            -0.849712,
            -0.0104073,
            0.527143
          ],
          [
            -6322.09,
            302.625,
            199.65
          ]
        ],
        "unit_class": "ussr_quest_large_art_noground",
        "objLayer": 1,
        "closed_waypoints": false,
        "isShipSpline": false,
        "shipTurnRadius": 100.0,
        "weapons": "",
        "bullets0": "",
        "bullets1": "",
        "bullets2": "",
        "bullets3": "",
        "bulletsCount0": 0,
        "bulletsCount1": 0,
        "bulletsCount2": 0,
        "bulletsCount3": 0,
        "crewSkillK": 0.0,
        "applyAllMods": false,
        "props": {
          "army": 1,
          "count": 1,
          "formation_type": "rows",
          "formation_div": 3,
          "formation_step": [
            2.5,
            2.0
          ],
          "formation_noise": [
            0.1,
            0.1
          ]
        },
        "way": {}
      },
      {
        "name": "t1_bunker_04",
        "tm": [
          [
            0.107257,
            0.0804189,
            0.990974
          ],
          [
            0.0486029,
            0.995107,
            -0.0860149
          ],
          [
            -0.993044,
            0.0573901,
            0.102823
          ],
          [
            5906.67,
            274.872,
            -6339.8
          ]
        ],
        "unit_class": "ussr_quest_large_art_noground",
        "objLayer": 1,
        "closed_waypoints": false,
        "isShipSpline": false,
        "shipTurnRadius": 100.0,
        "weapons": "",
        "bullets0": "",
        "bullets1": "",
        "bullets2": "",
        "bullets3": "",
        "bulletsCount0": 0,
        "bulletsCount1": 0,
        "bulletsCount2": 0,
        "bulletsCount3": 0,
        "crewSkillK": 0.0,
        "applyAllMods": false,
        "props": {
          "army": 1,
          "count": 1,
          "formation_type": "rows",
          "formation_div": 3,
          "formation_step": [
            2.5,
            2.0
          ],
          "formation_noise": [
            0.1,
            0.1
          ]
        },
        "way": {}
      },
      {
        "name": "t1_art_07",
        "tm": [
          [
            0.107257,
            0.0804189,
            0.990974
          ],
          [
            0.0486029,
            0.995107,
            -0.0860149
          ],
          [
            -0.993044,
            0.0573901,
            0.102823
          ],
          [
            5812.5,
            276.838,
            -6328.07
          ]
        ],
        "unit_class": "ussr_quest_large_art_noground",
        "objLayer": 1,
        "closed_waypoints": false,
        "isShipSpline": false,
        "shipTurnRadius": 100.0,
        "weapons": "",
        "bullets0": "",
        "bullets1": "",
        "bullets2": "",
        "bullets3": "",
        "bulletsCount0": 0,
        "bulletsCount1": 0,
        "bulletsCount2": 0,
        "bulletsCount3": 0,
        "crewSkillK": 0.0,
        "applyAllMods": false,
        "props": {
          "army": 1,
          "count": 1,
          "formation_type": "rows",
          "formation_div": 3,
          "formation_step": [
            2.5,
            2.0
          ],
          "formation_noise": [
            0.1,
            0.1
          ]
        },
        "way": {}
      },
      {
        "name": "t1_art_08",
        "tm": [
          [
            0.107257,
            0.0804189,
            0.990974
          ],
          [
            0.0486029,
            0.995107,
            -0.0860149
          ],
          [
            -0.993044,
            0.0573901,
            0.102823
          ],
          [
            5980.54,
            264.251,
            -6338.65
          ]
        ],
        "unit_class": "ussr_quest_large_art_noground",
        "objLayer": 1,
        "closed_waypoints": false,
        "isShipSpline": false,
        "shipTurnRadius": 100.0,
        "weapons": "",
        "bullets0": "",
        "bullets1": "",
        "bullets2": "",
        "bullets3": "",
        "bulletsCount0": 0,
        "bulletsCount1": 0,
        "bulletsCount2": 0,
        "bulletsCount3": 0,
        "crewSkillK": 0.0,
        "applyAllMods": false,
        "props": {
          "army": 1,
          "count": 1,
          "formation_type": "rows",
          "formation_div": 3,
          "formation_step": [
            2.5,
            2.0
          ],
          "formation_noise": [
            0.1,
            0.1
          ]
        },
        "way": {}
      },
      {
        "name": "t1_bunker_05",
        "tm": [
          [
            0.18927,
            0.0834257,
            0.978375
          ],
          [
            -0.0271959,
            0.996447,
            -0.0797059
          ],
          [
            -0.981548,
            -0.0115216,
            0.190868
          ],
          [
            3655.69,
            296.563,
            -5375.72
          ]
        ],
        "unit_class": "ussr_quest_large_art_noground",
        "objLayer": 1,
        "closed_waypoints": false,
        "isShipSpline": false,
        "shipTurnRadius": 100.0,
        "weapons": "",
        "bullets0": "",
        "bullets1": "",
        "bullets2": "",
        "bullets3": "",
        "bulletsCount0": 0,
        "bulletsCount1": 0,
        "bulletsCount2": 0,
        "bulletsCount3": 0,
        "crewSkillK": 0.0,
        "applyAllMods": false,
        "props": {
          "army": 1,
          "count": 1,
          "formation_type": "rows",
          "formation_div": 3,
          "formation_step": [
            2.5,
            2.0
          ],
          "formation_noise": [
            0.1,
            0.1
          ]
        },
        "way": {}
      },
      {
        "name": "t1_art_09",
        "tm": [
          [
            0.18927,
            0.0834257,
            0.978375
          ],
          [
            -0.0271959,
            0.996447,
            -0.0797059
          ],
          [
            -0.981548,
            -0.0115216,
            0.190868
          ],
          [
            3563.04,
            291.985,
            -5355.7
          ]
        ],
        "unit_class": "ussr_quest_large_art_noground",
        "objLayer": 1,
        "closed_waypoints": false,
        "isShipSpline": false,
        "shipTurnRadius": 100.0,
        "weapons": "",
        "bullets0": "",
        "bullets1": "",
        "bullets2": "",
        "bullets3": "",
        "bulletsCount0": 0,
        "bulletsCount1": 0,
        "bulletsCount2": 0,
        "bulletsCount3": 0,
        "crewSkillK": 0.0,
        "applyAllMods": false,
        "props": {
          "army": 1,
          "count": 1,
          "formation_type": "rows",
          "formation_div": 3,
          "formation_step": [
            2.5,
            2.0
          ],
          "formation_noise": [
            0.1,
            0.1
          ]
        },
        "way": {}
      },
      {
        "name": "t1_art_10",
        "tm": [
          [
            0.18927,
            0.0834257,
            0.978375
          ],
          [
            -0.0271959,
            0.996447,
            -0.0797059
          ],
          [
            -0.981548,
            -0.0115216,
            0.190868
          ],
          [
            3729.94,
            291.045,
            -5381.24
          ]
        ],
        "unit_class": "ussr_quest_large_art_noground",
        "objLayer": 1,
        "closed_waypoints": false,
        "isShipSpline": false,
        "shipTurnRadius": 100.0,
        "weapons": "",
        "bullets0": "",
        "bullets1": "",
        "bullets2": "",
        "bullets3": "",
        "bulletsCount0": 0,
        "bulletsCount1": 0,
        "bulletsCount2": 0,
        "bulletsCount3": 0,
        "crewSkillK": 0.0,
        "applyAllMods": false,
        "props": {
          "army": 1,
          "count": 1,
          "formation_type": "rows",
          "formation_div": 3,
          "formation_step": [
            2.5,
            2.0
          ],
          "formation_noise": [
            0.1,
            0.1
          ]
        },
        "way": {}
      },
      {
        "name": "t1_bunker_06",
        "tm": [
          [
            0.513666,
            0.0137634,
            0.85788
          ],
          [
            -0.0207184,
            0.999779,
            -0.00363467
          ],
          [
            -0.857739,
            -0.0159064,
            0.513838
          ],
          [
            -4460.86,
            311.712,
            -1002.15
          ]
        ],
        "unit_class": "ussr_quest_large_art_noground",
        "objLayer": 1,
        "closed_waypoints": false,
        "isShipSpline": false,
        "shipTurnRadius": 100.0,
        "weapons": "",
        "bullets0": "",
        "bullets1": "",
        "bullets2": "",
        "bullets3": "",
        "bulletsCount0": 0,
        "bulletsCount1": 0,
        "bulletsCount2": 0,
        "bulletsCount3": 0,
        "crewSkillK": 0.0,
        "applyAllMods": false,
        "props": {
          "army": 1,
          "count": 1,
          "formation_type": "rows",
          "formation_div": 3,
          "formation_step": [
            2.5,
            2.0
          ],
          "formation_noise": [
            0.1,
            0.1
          ]
        },
        "way": {}
      },
      {
        "name": "t1_art_11",
        "tm": [
          [
            0.513666,
            0.0137634,
            0.85788
          ],
          [
            -0.0207184,
            0.999779,
            -0.00363467
          ],
          [
            -0.857739,
            -0.0159064,
            0.513838
          ],
          [
            -4541.24,
            306.595,
            -952.05
          ]
        ],
        "unit_class": "ussr_quest_large_art_noground",
        "objLayer": 1,
        "closed_waypoints": false,
        "isShipSpline": false,
        "shipTurnRadius": 100.0,
        "weapons": "",
        "bullets0": "",
        "bullets1": "",
        "bullets2": "",
        "bullets3": "",
        "bulletsCount0": 0,
        "bulletsCount1": 0,
        "bulletsCount2": 0,
        "bulletsCount3": 0,
        "crewSkillK": 0.0,
        "applyAllMods": false,
        "props": {
          "army": 1,
          "count": 1,
          "formation_type": "rows",
          "formation_div": 3,
          "formation_step": [
            2.5,
            2.0
          ],
          "formation_noise": [
            0.1,
            0.1
          ]
        },
        "way": {}
      },
      {
        "name": "t1_art_12",
        "tm": [
          [
            0.513666,
            0.0137634,
            0.85788
          ],
          [
            -0.0207184,
            0.999779,
            -0.00363467
          ],
          [
            -0.857739,
            -0.0159064,
            0.513838
          ],
          [
            -4393.15,
            305.927,
            -1033.15
          ]
        ],
        "unit_class": "ussr_quest_large_art_noground",
        "objLayer": 1,
        "closed_waypoints": false,
        "isShipSpline": false,
        "shipTurnRadius": 100.0,
        "weapons": "",
        "bullets0": "",
        "bullets1": "",
        "bullets2": "",
        "bullets3": "",
        "bulletsCount0": 0,
        "bulletsCount1": 0,
        "bulletsCount2": 0,
        "bulletsCount3": 0,
        "crewSkillK": 0.0,
        "applyAllMods": false,
        "props": {
          "army": 1,
          "count": 1,
          "formation_type": "rows",
          "formation_div": 3,
          "formation_step": [
            2.5,
            2.0
          ],
          "formation_noise": [
            0.1,
            0.1
          ]
        },
        "way": {}
      },
      {
        "name": "t1_bunker_07",
        "tm": [
          [
            0.44896,
            -0.0430672,
            0.892514
          ],
          [
            -0.0250685,
            0.997837,
            0.0607595
          ],
          [
            -0.893199,
            -0.0496522,
            0.446909
          ],
          [
            141.745,
            249.008,
            -3556.6
          ]
        ],
        "unit_class": "ussr_quest_large_art_noground",
        "objLayer": 1,
        "closed_waypoints": false,
        "isShipSpline": false,
        "shipTurnRadius": 100.0,
        "weapons": "",
        "bullets0": "",
        "bullets1": "",
        "bullets2": "",
        "bullets3": "",
        "bulletsCount0": 0,
        "bulletsCount1": 0,
        "bulletsCount2": 0,
        "bulletsCount3": 0,
        "crewSkillK": 0.0,
        "applyAllMods": false,
        "props": {
          "army": 1,
          "count": 1,
          "formation_type": "rows",
          "formation_div": 3,
          "formation_step": [
            2.5,
            2.0
          ],
          "formation_noise": [
            0.1,
            0.1
          ]
        },
        "way": {}
      },
      {
        "name": "t1_art_13",
        "tm": [
          [
            0.44896,
            -0.0430672,
            0.892514
          ],
          [
            -0.0250685,
            0.997837,
            0.0607595
          ],
          [
            -0.893199,
            -0.0496522,
            0.446909
          ],
          [
            57.9111,
            240.606,
            -3513.08
          ]
        ],
        "unit_class": "ussr_quest_large_art_noground",
        "objLayer": 1,
        "closed_waypoints": false,
        "isShipSpline": false,
        "shipTurnRadius": 100.0,
        "weapons": "",
        "bullets0": "",
        "bullets1": "",
        "bullets2": "",
        "bullets3": "",
        "bulletsCount0": 0,
        "bulletsCount1": 0,
        "bulletsCount2": 0,
        "bulletsCount3": 0,
        "crewSkillK": 0.0,
        "applyAllMods": false,
        "props": {
          "army": 1,
          "count": 1,
          "formation_type": "rows",
          "formation_div": 3,
          "formation_step": [
            2.5,
            2.0
          ],
          "formation_noise": [
            0.1,
            0.1
          ]
        },
        "way": {}
      },
      {
        "name": "t1_art_14",
        "tm": [
          [
            0.44896,
            -0.0430672,
            0.892514
          ],
          [
            -0.0250685,
            0.997837,
            0.0607595
          ],
          [
            -0.893199,
            -0.0496522,
            0.446909
          ],
          [
            211.581,
            245.259,
            -3582.77
          ]
        ],
        "unit_class": "ussr_quest_large_art_noground",
        "objLayer": 1,
        "closed_waypoints": false,
        "isShipSpline": false,
        "shipTurnRadius": 100.0,
        "weapons": "",
        "bullets0": "",
        "bullets1": "",
        "bullets2": "",
        "bullets3": "",
        "bulletsCount0": 0,
        "bulletsCount1": 0,
        "bulletsCount2": 0,
        "bulletsCount3": 0,
        "crewSkillK": 0.0,
        "applyAllMods": false,
        "props": {
          "army": 1,
          "count": 1,
          "formation_type": "rows",
          "formation_div": 3,
          "formation_step": [
            2.5,
            2.0
          ],
          "formation_noise": [
            0.1,
            0.1
          ]
        },
        "way": {}
      },
      {
        "name": "t1_bunker_08",
        "tm": [
          [
            0.61859,
            -0.0268125,
            0.785256
          ],
          [
            -0.0272612,
            0.998083,
            0.055554
          ],
          [
            -0.785241,
            -0.0557723,
            0.616673
          ],
          [
            -7864.97,
            303.363,
            1244.81
          ]
        ],
        "unit_class": "ussr_quest_large_art_noground",
        "objLayer": 1,
        "closed_waypoints": false,
        "isShipSpline": false,
        "shipTurnRadius": 100.0,
        "weapons": "",
        "bullets0": "",
        "bullets1": "",
        "bullets2": "",
        "bullets3": "",
        "bulletsCount0": 0,
        "bulletsCount1": 0,
        "bulletsCount2": 0,
        "bulletsCount3": 0,
        "crewSkillK": 0.0,
        "applyAllMods": false,
        "props": {
          "army": 1,
          "count": 1,
          "formation_type": "rows",
          "formation_div": 3,
          "formation_step": [
            2.5,
            2.0
          ],
          "formation_noise": [
            0.1,
            0.1
          ]
        },
        "way": {}
      },
      {
        "name": "t1_art_15",
        "tm": [
          [
            0.61859,
            -0.0268125,
            0.785256
          ],
          [
            -0.0272612,
            0.998083,
            0.055554
          ],
          [
            -0.785241,
            -0.0557723,
            0.616673
          ],
          [
            -7938.25,
            294.417,
            1304.24
          ]
        ],
        "unit_class": "ussr_quest_large_art_noground",
        "objLayer": 1,
        "closed_waypoints": false,
        "isShipSpline": false,
        "shipTurnRadius": 100.0,
        "weapons": "",
        "bullets0": "",
        "bullets1": "",
        "bullets2": "",
        "bullets3": "",
        "bulletsCount0": 0,
        "bulletsCount1": 0,
        "bulletsCount2": 0,
        "bulletsCount3": 0,
        "crewSkillK": 0.0,
        "applyAllMods": false,
        "props": {
          "army": 1,
          "count": 1,
          "formation_type": "rows",
          "formation_div": 3,
          "formation_step": [
            2.5,
            2.0
          ],
          "formation_noise": [
            0.1,
            0.1
          ]
        },
        "way": {}
      },
      {
        "name": "t1_art_16",
        "tm": [
          [
            0.61859,
            -0.0268125,
            0.785256
          ],
          [
            -0.0272612,
            0.998083,
            0.055554
          ],
          [
            -0.785241,
            -0.0557723,
            0.616673
          ],
