{
  "selected_tag": "",
  "bin_dump_file": "",
  "mission_settings": {
    "player": {
      "army": 1
    },
    "player_teamB": {
      "army": 2
    },
    "mission": {
      "type": "domination",
      "level": "levels/air_israel.bin",
      "environment": "Day",
      "weather": "hazy"
    }
  },
  "imports": {},
  "triggers": {
    "isCategory": true,
    "is_enabled": true,
    "static_units_rank_01_init": {
      "is_enabled": true,
      "comments": "",
      "props": {
        "actionsType": "PERFORM_ONE_BY_ONE",
        "conditionsType": "ALL",
        "enableAfterComplete": false
      },
      "events": {
        "initMission": {}
      },
      "conditions": {},
      "actions": {
        "comment": [
          {
            "value": "static units"
          },
          {
            "value": "static aaa"
          },
          {
            "value": ""
          }
        ],
        "unitSetProperties": [
          {
            "object": [
              "t1_artillery_squad",
              "t1_bunkers_squad",
              "t2_artillery_squad",
              "t2_bunkers_squad"
            ],
            "accuracy": 0.1,
            "checkVisibilityTarget": false
          },
          {
            "object": [
              "t1_aaa_squad",
              "t2_aaa_squad"
            ],
            "targetGnd": false,
            "accuracy": 0.1,
            "airAccuracy": 0.1,
            "fireRandom": true,
            "targetChangeInterval": 5.0,
            "targetChangeProb": 0.25,
            "DelayAfterShoot": 3.0
          }
        ],
        "missionDestroyArea": {
          "target_type": "ALL",
          "area": [
            "clear_redinst_area_01",
            "clear_redinst_area_02",
            "clear_redinst_area_03",
            "clear_redinst_area_04",
            "clear_redinst_area_05",
            "clear_redinst_area_06",
            "clear_redinst_area_07"
          ]
        }
      },
      "else_actions": {}
    }
  },
  "mission_objectives": {
    "isCategory": true,
    "is_enabled": true
  },
  "variables": {},
  "dialogs": {},
  "airfields": {},
  "effects": {},
  "units": {
    "objectGroups": [
      {
        "name": "t1_trench_rank_01_01",
        "tm": [
          [
            0.898026,
            -0.0682078,
            -0.434624
          ],
          [
            0.0481712,
            0.997213,
            -0.0569671
          ],
          [
            0.437298,
            0.0302214,
            0.898808
          ],
          [
            -1881.06,
            285.604,
            -2572.26
          ]
        ],
        "unit_class": "dynTrench_small_bunker_axis",
        "objLayer": 2,
        "props": {
          "army": 1,
          "active": true
        }
      },
      {
        "name": "t1_trench_rank_01_02",
        "tm": [
          [
            0.891285,
            -0.0173936,
            -0.453112
          ],
          [
            0.00404522,
            0.999529,
            -0.0304146
          ],
          [
            0.453427,
            0.0252742,
            0.890935
          ],
          [
            1298.1,
            271.909,
            -4636.9
          ]
        ],
        "unit_class": "dynTrench_small_bunker_axis",
        "objLayer": 2,
        "props": {
          "army": 1,
          "active": true
        }
      },
      {
        "name": "t1_trench_rank_01_03",
        "tm": [
          [
            0.811995,
            -0.00852169,
            -0.583602
          ],
          [
            -0.00682995,
            0.999686,
            -0.0240996
          ],
          [
            0.583625,
            0.0235544,
            0.811681
          ],
          [
            -3056.47,
            302.55,
            -1778.11
          ]
        ],
        "unit_class": "dynTrench_small_bunker_axis",
        "objLayer": 2,
        "props": {
          "army": 1,
          "active": true
        }
      },
      {
        "name": "t1_trench_rank_01_04",
        "tm": [
          [
            0.966339,
            -0.0181809,
            -0.256628
          ],
          [
            0.0253522,
            0.999373,
            0.0246643
          ],
          [
            0.25602,
            -0.03034,
            0.966196
          ],
          [
            2471.89,
            249.31,
            -4423.88
          ]
        ],
        "unit_class": "dynTrench_small_bunker_axis",
        "objLayer": 2,
        "props": {
          "army": 1,
          "active": true
        }
      },
      {
        "name": "t1_trench_rank_01_05",
        "tm": [
          [
            0.939466,
            -0.0149422,
            -0.342319
          ],
          [
            0.0144324,
            0.999887,
            -0.00403541
          ],
          [
            0.34234,
            -0.00114946,
            0.939576
          ],
          [
            -3904.79,
            303.048,
            -1776.15
          ]
        ],
        "unit_class": "dynTrench_small_bunker_axis",
        "objLayer": 2,
        "props": {
          "army": 1,
          "active": true
        }
      },
      {
        "name": "t1_trench_rank_01_06",
        "tm": [
          [
            0.906495,
            -0.0391825,
            -0.420396
          ],
          [
            0.0228572,
            0.998779,
            -0.0438034
          ],
          [
            0.421599,
            0.0300984,
            0.906283
          ],
          [
            -362.447,
            240.224,
            -3237.83
          ]
        ],
        "unit_class": "dynTrench_small_bunker_axis",
        "objLayer": 2,
        "props": {
          "army": 1,
          "active": true
        }
      },
      {
        "name": "t1_trench_rank_01_07",
        "tm": [
          [
            0.922175,
            -0.0104591,
            -0.386632
          ],
          [
            0.029394,
            0.998639,
            0.0430965
          ],
          [
            0.385655,
            -0.051107,
            0.921227
          ],
          [
            795.519,
            262.257,
            -3840.84
          ]
        ],
        "unit_class": "dynTrench_small_bunker_axis",
        "objLayer": 2,
        "props": {
          "army": 1,
          "active": true
        }
      },
      {
        "name": "t1_trench_rank_01_08",
        "tm": [
          [
            0.687934,
            0.00204204,
            -0.72577
          ],
          [
            0.00282003,
            0.999981,
            0.00548689
          ],
          [
            0.725767,
            -0.00582187,
            0.687915
          ],
          [
            -4211.21,
            299.05,
            -766.575
          ]
        ],
        "unit_class": "dynTrench_small_bunker_axis",
        "objLayer": 2,
        "props": {
          "army": 1,
          "active": true
        }
      },
      {
        "name": "t2_trench_rank_01_01",
        "tm": [
          [
            -0.904448,
            -0.00824369,
            0.426503
          ],
          [
            -0.00142217,
            0.999866,
            0.0163105
          ],
          [
            -0.426581,
            0.0141456,
            -0.90434
          ],
          [
            -2240.4,
            301.45,
            -234.25
          ]
        ],
        "unit_class": "dynTrench_small_bunker_axis",
        "objLayer": 2,
        "props": {
          "army": 2,
          "active": true
        }
      },
      {
        "name": "t2_trench_rank_01_02",
        "tm": [
          [
            -0.909052,
            -0.0405338,
            0.414706
          ],
          [
            -0.0457233,
            0.998951,
            -0.00258933
          ],
          [
            -0.414167,
            -0.0213153,
            -0.909952
          ],
          [
            -919.95,
            300.5,
            -879.85
          ]
        ],
        "unit_class": "dynTrench_small_bunker_axis",
        "objLayer": 2,
        "props": {
          "army": 2,
          "active": true
        }
      },
      {
        "name": "t2_trench_rank_01_03",
        "tm": [
          [
            -0.904857,
            0.0219549,
            0.42515
          ],
          [
            0.022061,
            0.999746,
            -0.00467421
          ],
          [
            -0.425144,
            0.00514974,
            -0.905111
          ],
          [
            2449.61,
            248.037,
            -2565.88
          ]
        ],
        "unit_class": "dynTrench_small_bunker_axis",
        "objLayer": 2,
        "props": {
          "army": 2,
          "active": true
        }
      },
      {
        "name": "t2_trench_rank_01_04",
        "tm": [
          [
            -0.906432,
            -0.0174678,
            0.421989
          ],
          [
            -0.0196734,
            0.999805,
            -0.000872247
          ],
          [
            -0.421892,
            -0.00909291,
            -0.906601
          ],
          [
            -2920.15,
            298.261,
            425.15
          ]
        ],
        "unit_class": "dynTrench_small_bunker_axis",
        "objLayer": 2,
        "props": {
          "army": 2,
          "active": true
        }
      },
      {
        "name": "t2_trench_rank_01_05",
        "tm": [
          [
            -0.708399,
            -0.0153346,
            0.705645
          ],
          [
            -0.0161306,
            0.999854,
            0.00553456
          ],
          [
            -0.705628,
            -0.00746175,
            -0.708543
          ],
          [
            2842.55,
            265.05,
            -3451.05
          ]
        ],
        "unit_class": "dynTrench_small_bunker_axis",
        "objLayer": 2,
        "props": {
          "army": 2,
          "active": true
        }
      },
      {
        "name": "t2_trench_rank_01_06",
        "tm": [
          [
            -0.999698,
            -0.00329942,
            -0.0242986
          ],
          [
            -0.00267977,
            0.99967,
            -0.0254971
          ],
          [
            0.0243742,
            -0.0254244,
            -0.999379
          ],
          [
            -3838.4,
            298.05,
            256.9
          ]
        ],
        "unit_class": "dynTrench_small_bunker_axis",
        "objLayer": 2,
        "props": {
          "army": 2,
          "active": true
        }
      },
      {
        "name": "t2_trench_rank_01_07",
        "tm": [
          [
            -0.798405,
            0.025716,
            0.601572
          ],
          [
            0.00587118,
            0.999372,
            -0.0349285
          ],
          [
            -0.602092,
            -0.0243553,
            -0.798054
          ],
          [
            1589.35,
            279.55,
            -2456.95
          ]
        ],
        "unit_class": "dynTrench_small_bunker_axis",
        "objLayer": 2,
        "props": {
          "army": 2,
          "active": true
        }
      },
      {
        "name": "t2_trench_rank_01_08",
        "tm": [
          [
            -0.902676,
            0.0662226,
            0.425195
          ],
          [
            0.0422227,
            0.996949,
            -0.0656341
          ],
          [
            -0.428246,
            -0.0412935,
            -0.90272
          ],
          [
            453.8,
            266.3,
            -1683.95
          ]
        ],
        "unit_class": "dynTrench_small_bunker_axis",
        "objLayer": 2,
        "props": {
          "army": 2,
          "active": true
        }
      }
    ],
    "structures": [
      {
        "name": "t1_bunker_01",
        "tm": [
          [
            0.300461,
            0.039925,
            0.952958
          ],
          [
            0.0481712,
            0.997213,
            -0.0569671
          ],
          [
            -0.952577,
            0.063022,
            0.2977
          ],
          [
            -1866.49,
            297.682,
            -2569.06
          ]
        ],
        "unit_class": "ussr_quest_large_art_noground",
        "objLayer": 1,
        "closed_waypoints": false,
        "isShipSpline": false,
        "shipTurnRadius": 100.0,
        "weapons": "",
        "bullets0": "",
        "bullets1": "",
        "bullets2": "",
        "bullets3": "",
        "bulletsCount0": 0,
        "bulletsCount1": 0,
        "bulletsCount2": 0,
        "bulletsCount3": 0,
        "crewSkillK": 0.0,
        "applyAllMods": false,
        "props": {
          "army": 1,
          "count": 1,
          "formation_type": "rows",
          "formation_div": 3,
          "formation_step": [
            2.5,
            2.0
          ],
          "formation_noise": [
            0.1,
            0.1
          ]
        },
        "way": {}
      },
      {
        "name": "t1_art_01",
        "tm": [
          [
            0.300461,
            0.039925,
            0.952958
          ],
          [
            0.0481712,
            0.997213,
            -0.0569671
          ],
          [
            -0.952577,
            0.063022,
            0.2977
          ],
          [
            -1956.41,
            300.09,
            -2539.16
          ]
        ],
        "unit_class": "ussr_quest_large_art_noground",
        "objLayer": 1,
        "closed_waypoints": false,
        "isShipSpline": false,
        "shipTurnRadius": 100.0,
        "weapons": "",
        "bullets0": "",
        "bullets1": "",
        "bullets2": "",
        "bullets3": "",
        "bulletsCount0": 0,
        "bulletsCount1": 0,
        "bulletsCount2": 0,
        "bulletsCount3": 0,
        "crewSkillK": 0.0,
        "applyAllMods": false,
        "props": {
          "army": 1,
          "count": 1,
          "formation_type": "rows",
          "formation_div": 3,
          "formation_step": [
            2.5,
            2.0
          ],
          "formation_noise": [
            0.1,
            0.1
          ]
        },
        "way": {}
      },
      {
        "name": "t1_art_02",
        "tm": [
          [
            0.300461,
            0.039925,
            0.952958
          ],
          [
            0.0481712,
            0.997213,
            -0.0569671
          ],
          [
            -0.952577,
            0.063022,
            0.2977
          ],
          [
            -1794.0,
            286.294,
            -2582.91
          ]
        ],
        "unit_class": "ussr_quest_large_art_noground",
        "objLayer": 1,
        "closed_waypoints": false,
        "isShipSpline": false,
        "shipTurnRadius": 100.0,
        "weapons": "",
        "bullets0": "",
        "bullets1": "",
        "bullets2": "",
        "bullets3": "",
        "bulletsCount0": 0,
        "bulletsCount1": 0,
        "bulletsCount2": 0,
        "bulletsCount3": 0,
        "crewSkillK": 0.0,
        "applyAllMods": false,
        "props": {
          "army": 1,
          "count": 1,
          "formation_type": "rows",
          "formation_div": 3,
          "formation_step": [
            2.5,
            2.0
          ],
          "formation_noise": [
            0.1,
            0.1
          ]
        },
        "way": {}
      },
      {
        "name": "t1_bunker_02",
        "tm": [
          [
            0.317405,
            0.0275575,
            0.94789
          ],
          [
            0.00404522,
            0.999529,
            -0.0304146
          ],
          [
            -0.948282,
            0.0134871,
            0.317145
          ],
          [
            1312.26,
            284.518,
            -4633.72
          ]
        ],
        "unit_class": "ussr_quest_large_art_noground",
        "objLayer": 1,
        "closed_waypoints": false,
        "isShipSpline": false,
        "shipTurnRadius": 100.0,
        "weapons": "",
        "bullets0": "",
        "bullets1": "",
        "bullets2": "",
        "bullets3": "",
        "bulletsCount0": 0,
        "bulletsCount1": 0,
        "bulletsCount2": 0,
        "bulletsCount3": 0,
        "crewSkillK": 0.0,
        "applyAllMods": false,
        "props": {
          "army": 1,
          "count": 1,
          "formation_type": "rows",
          "formation_div": 3,
          "formation_step": [
            2.5,
            2.0
          ],
          "formation_noise": [
            0.1,
            0.1
          ]
        },
        "way": {}
      },
      {
        "name": "t1_art_03",
        "tm": [
          [
            0.317405,
            0.0275575,
            0.94789
          ],
          [
            0.00404522,
            0.999529,
            -0.0304146
          ],
          [
            -0.948282,
            0.0134871,
            0.317145
          ],
          [
            1222.89,
            282.209,
            -4602.04
          ]
        ],
        "unit_class": "ussr_quest_large_art_noground",
        "objLayer": 1,
        "closed_waypoints": false,
        "isShipSpline": false,
        "shipTurnRadius": 100.0,
        "weapons": "",
        "bullets0": "",
        "bullets1": "",
        "bullets2": "",
        "bullets3": "",
        "bulletsCount0": 0,
        "bulletsCount1": 0,
        "bulletsCount2": 0,
        "bulletsCount3": 0,
        "crewSkillK": 0.0,
        "applyAllMods": false,
        "props": {
          "army": 1,
          "count": 1,
          "formation_type": "rows",
          "formation_div": 3,
          "formation_step": [
            2.5,
            2.0
          ],
          "formation_noise": [
            0.1,
            0.1
          ]
        },
        "way": {}
      },
      {
        "name": "t1_art_04",
        "tm": [
          [
            0.317405,
            0.0275575,
            0.94789
          ],
          [
            0.00404522,
            0.999529,
            -0.0304146
          ],
          [
            -0.948282,
            0.0134871,
            0.317145
          ],
          [
            1384.88,
            276.673,
            -4649.23
          ]
        ],
        "unit_class": "ussr_quest_large_art_noground",
        "objLayer": 1,
        "closed_waypoints": false,
        "isShipSpline": false,
        "shipTurnRadius": 100.0,
        "weapons": "",
        "bullets0": "",
        "bullets1": "",
        "bullets2": "",
        "bullets3": "",
        "bulletsCount0": 0,
        "bulletsCount1": 0,
        "bulletsCount2": 0,
        "bulletsCount3": 0,
        "crewSkillK": 0.0,
        "applyAllMods": false,
        "props": {
          "army": 1,
          "count": 1,
          "formation_type": "rows",
          "formation_div": 3,
          "formation_step": [
            2.5,
            2.0
          ],
          "formation_noise": [
            0.1,
            0.1
          ]
        },
        "way": {}
      },
      {
        "name": "t1_bunker_03",
        "tm": [
          [
            0.457849,
            0.0245517,
            0.888691
          ],
          [
            -0.00682995,
            0.999686,
            -0.0240996
          ],
          [
            -0.889003,
            0.00496482,
            0.457873
          ],
          [
            -3042.12,
            315.25,
            -1776.94
          ]
        ],
        "unit_class": "ussr_quest_large_art_noground",
        "objLayer": 1,
        "closed_waypoints": false,
        "isShipSpline": false,
        "shipTurnRadius": 100.0,
        "weapons": "",
        "bullets0": "",
        "bullets1": "",
        "bullets2": "",
        "bullets3": "",
        "bulletsCount0": 0,
        "bulletsCount1": 0,
        "bulletsCount2": 0,
        "bulletsCount3": 0,
        "crewSkillK": 0.0,
        "applyAllMods": false,
        "props": {
          "army": 1,
          "count": 1,
          "formation_type": "rows",
          "formation_div": 3,
          "formation_step": [
            2.5,
            2.0
          ],
          "formation_noise": [
            0.1,
            0.1
          ]
        },
        "way": {}
      },
      {
        "name": "t1_art_05",
        "tm": [
          [
            0.457849,
            0.0245517,
            0.888691
          ],
          [
            -0.00682995,
            0.999686,
            -0.0240996
          ],
          [
            -0.889003,
            0.00496482,
            0.457873
          ],
          [
            -3125.55,
            312.12,
            -1732.16
          ]
        ],
        "unit_class": "ussr_quest_large_art_noground",
        "objLayer": 1,
        "closed_waypoints": false,
        "isShipSpline": false,
        "shipTurnRadius": 100.0,
        "weapons": "",
        "bullets0": "",
        "bullets1": "",
        "bullets2": "",
        "bullets3": "",
        "bulletsCount0": 0,
        "bulletsCount1": 0,
        "bulletsCount2": 0,
        "bulletsCount3": 0,
        "crewSkillK": 0.0,
        "applyAllMods": false,
        "props": {
          "army": 1,
          "count": 1,
          "formation_type": "rows",
          "formation_div": 3,
          "formation_step": [
            2.5,
            2.0
          ],
          "formation_noise": [
            0.1,
            0.1
          ]
        },
        "way": {}
      },
      {
        "name": "t1_art_06",
        "tm": [
          [
            0.457849,
            0.0245517,
            0.888691
          ],
          [
            -0.00682995,
            0.999686,
            -0.0240996
          ],
          [
            -0.889003,
            0.00496482,
            0.457873
          ],
          [
            -2972.64,
            308.0,
            -1803.44
          ]
        ],
        "unit_class": "ussr_quest_large_art_noground",
        "objLayer": 1,
        "closed_waypoints": false,
        "isShipSpline": false,
        "shipTurnRadius": 100.0,
        "weapons": "",
        "bullets0": "",
        "bullets1": "",
        "bullets2": "",
        "bullets3": "",
        "bulletsCount0": 0,
        "bulletsCount1": 0,
        "bulletsCount2": 0,
        "bulletsCount3": 0,
        "crewSkillK": 0.0,
        "applyAllMods": false,
        "props": {
          "army": 1,
          "count": 1,
          "formation_type": "rows",
          "formation_div": 3,
          "formation_step": [
            2.5,
            2.0
          ],
          "formation_noise": [
            0.1,
            0.1
          ]
        },
        "way": {}
      },
      {
        "name": "t1_bunker_04",
        "tm": [
          [
            0.111107,
            -0.0273363,
            0.993432
          ],
          [
            0.0253522,
            0.999373,
            0.0246643
          ],
          [
            -0.993485,
            0.0224456,
            0.111729
          ],
          [
            2485.26,
            261.378,
            -4417.22
          ]
        ],
        "unit_class": "ussr_quest_large_art_noground",
        "objLayer": 1,
        "closed_waypoints": false,
        "isShipSpline": false,
        "shipTurnRadius": 100.0,
        "weapons": "",
        "bullets0": "",
        "bullets1": "",
        "bullets2": "",
        "bullets3": "",
        "bulletsCount0": 0,
        "bulletsCount1": 0,
        "bulletsCount2": 0,
        "bulletsCount3": 0,
        "crewSkillK": 0.0,
        "applyAllMods": false,
        "props": {
          "army": 1,
          "count": 1,
          "formation_type": "rows",
          "formation_div": 3,
          "formation_step": [
            2.5,
            2.0
          ],
          "formation_noise": [
            0.1,
            0.1
          ]
        },
        "way": {}
      },
      {
        "name": "t1_art_07",
        "tm": [
          [
            0.111107,
            -0.0273363,
            0.993432
          ],
          [
            0.0253522,
            0.999373,
            0.0246643
          ],
          [
            -0.993485,
            0.0224456,
            0.111729
          ],
          [
            2391.14,
            259.832,
            -4405.04
          ]
        ],
        "unit_class": "ussr_quest_large_art_noground",
        "objLayer": 1,
        "closed_waypoints": false,
        "isShipSpline": false,
        "shipTurnRadius": 100.0,
        "weapons": "",
        "bullets0": "",
        "bullets1": "",
        "bullets2": "",
        "bullets3": "",
        "bulletsCount0": 0,
        "bulletsCount1": 0,
        "bulletsCount2": 0,
        "bulletsCount3": 0,
        "crewSkillK": 0.0,
        "applyAllMods": false,
        "props": {
          "army": 1,
          "count": 1,
          "formation_type": "rows",
          "formation_div": 3,
          "formation_step": [
            2.5,
            2.0
          ],
          "formation_noise": [
            0.1,
            0.1
          ]
        },
        "way": {}
      },
      {
        "name": "t1_art_08",
        "tm": [
          [
            0.111107,
            -0.0273363,
            0.993432
          ],
          [
            0.0253522,
            0.999373,
            0.0246643
          ],
          [
            -0.993485,
            0.0224456,
            0.111729
          ],
          [
            2559.35,
            252.421,
            -4417.48
          ]
        ],
        "unit_class": "ussr_quest_large_art_noground",
        "objLayer": 1,
        "closed_waypoints": false,
        "isShipSpline": false,
        "shipTurnRadius": 100.0,
        "weapons": "",
        "bullets0": "",
        "bullets1": "",
        "bullets2": "",
        "bullets3": "",
        "bulletsCount0": 0,
        "bulletsCount1": 0,
        "bulletsCount2": 0,
        "bulletsCount3": 0,
        "crewSkillK": 0.0,
        "applyAllMods": false,
        "props": {
          "army": 1,
          "count": 1,
          "formation_type": "rows",
          "formation_div": 3,
          "formation_step": [
            2.5,
            2.0
          ],
          "formation_noise": [
            0.1,
            0.1
          ]
        },
        "way": {}
      },
      {
        "name": "t1_bunker_05",
        "tm": [
          [
            0.200439,
            0.00106064,
            0.979706
          ],
          [
            0.0144324,
            0.999887,
            -0.00403541
          ],
          [
            -0.9796,
            0.0149483,
            0.200404
          ],
          [
            -3891.02,
            315.437,
            -1771.0
          ]
        ],
        "unit_class": "ussr_quest_large_art_noground",
        "objLayer": 1,
        "closed_waypoints": false,
        "isShipSpline": false,
        "shipTurnRadius": 100.0,
        "weapons": "",
        "bullets0": "",
        "bullets1": "",
        "bullets2": "",
        "bullets3": "",
        "bulletsCount0": 0,
        "bulletsCount1": 0,
        "bulletsCount2": 0,
        "bulletsCount3": 0,
        "crewSkillK": 0.0,
        "applyAllMods": false,
        "props": {
          "army": 1,
          "count": 1,
          "formation_type": "rows",
          "formation_div": 3,
          "formation_step": [
            2.5,
            2.0
          ],
          "formation_noise": [
            0.1,
            0.1
          ]
        },
        "way": {}
      },
      {
        "name": "t1_art_09",
        "tm": [
          [
            0.200439,
            0.00106064,
            0.979706
          ],
          [
            0.0144324,
            0.999887,
            -0.00403541
          ],
          [
            -0.9796,
            0.0149483,
            0.200404
          ],
          [
            -3983.61,
            313.218,
            -1750.36
          ]
        ],
        "unit_class": "ussr_quest_large_art_noground",
        "objLayer": 1,
        "closed_waypoints": false,
        "isShipSpline": false,
        "shipTurnRadius": 100.0,
        "weapons": "",
        "bullets0": "",
        "bullets1": "",
        "bullets2": "",
        "bullets3": "",
        "bulletsCount0": 0,
        "bulletsCount1": 0,
        "bulletsCount2": 0,
        "bulletsCount3": 0,
        "crewSkillK": 0.0,
        "applyAllMods": false,
        "props": {
          "army": 1,
          "count": 1,
          "formation_type": "rows",
          "formation_div": 3,
          "formation_step": [
            2.5,
            2.0
          ],
          "formation_noise": [
            0.1,
            0.1
          ]
        },
        "way": {}
      },
      {
        "name": "t1_art_10",
        "tm": [
          [
            0.200439,
            0.00106064,
            0.979706
          ],
          [
            0.0144324,
            0.999887,
            -0.00403541
          ],
          [
            -0.9796,
            0.0149483,
            0.200404
          ],
          [
            -3817.12,
            307.264,
            -1777.76
          ]
        ],
        "unit_class": "ussr_quest_large_art_noground",
        "objLayer": 1,
        "closed_waypoints": false,
        "isShipSpline": false,
        "shipTurnRadius": 100.0,
        "weapons": "",
        "bullets0": "",
        "bullets1": "",
        "bullets2": "",
        "bullets3": "",
        "bulletsCount0": 0,
        "bulletsCount1": 0,
        "bulletsCount2": 0,
        "bulletsCount3": 0,
        "crewSkillK": 0.0,
        "applyAllMods": false,
        "props": {
          "army": 1,
          "count": 1,
          "formation_type": "rows",
          "formation_div": 3,
          "formation_step": [
            2.5,
            2.0
          ],
          "formation_noise": [
            0.1,
            0.1
          ]
        },
        "way": {}
      },
      {
        "name": "t1_bunker_06",
        "tm": [
          [
            0.283686,
            0.0355341,
            0.958258
          ],
          [
            0.0228572,
            0.998779,
            -0.0438034
          ],
          [
            -0.958645,
            0.0343295,
            0.282528
          ],
          [
            -348.165,
            252.627,
            -3234.37
          ]
        ],
        "unit_class": "ussr_quest_large_art_noground",
        "objLayer": 1,
        "closed_waypoints": false,
        "isShipSpline": false,
        "shipTurnRadius": 100.0,
        "weapons": "",
        "bullets0": "",
        "bullets1": "",
        "bullets2": "",
        "bullets3": "",
        "bulletsCount0": 0,
        "bulletsCount1": 0,
        "bulletsCount2": 0,
        "bulletsCount3": 0,
        "crewSkillK": 0.0,
        "applyAllMods": false,
        "props": {
          "army": 1,
          "count": 1,
          "formation_type": "rows",
          "formation_div": 3,
          "formation_step": [
            2.5,
            2.0
          ],
          "formation_noise": [
            0.1,
            0.1
          ]
        },
        "way": {}
      },
      {
        "name": "t1_art_11",
        "tm": [
          [
            0.283686,
            0.0355341,
            0.958258
          ],
          [
            0.0228572,
            0.998779,
            -0.0438034
          ],
          [
            -0.958645,
            0.0343295,
            0.282528
          ],
          [
            -438.647,
            252.311,
            -3205.87
          ]
        ],
        "unit_class": "ussr_quest_large_art_noground",
        "objLayer": 1,
        "closed_waypoints": false,
        "isShipSpline": false,
        "shipTurnRadius": 100.0,
        "weapons": "",
        "bullets0": "",
        "bullets1": "",
        "bullets2": "",
        "bullets3": "",
        "bulletsCount0": 0,
        "bulletsCount1": 0,
        "bulletsCount2": 0,
        "bulletsCount3": 0,
        "crewSkillK": 0.0,
        "applyAllMods": false,
        "props": {
          "army": 1,
          "count": 1,
          "formation_type": "rows",
          "formation_div": 3,
          "formation_step": [
            2.5,
            2.0
          ],
          "formation_noise": [
            0.1,
            0.1
          ]
        },
        "way": {}
      },
      {
        "name": "t1_art_12",
        "tm": [
          [
            0.283686,
            0.0355341,
            0.958258
          ],
          [
            0.0228572,
            0.998779,
            -0.0438034
          ],
          [
            -0.958645,
            0.0343295,
            0.282528
          ],
          [
            -275.174,
            243.311,
            -3247.17
          ]
        ],
        "unit_class": "ussr_quest_large_art_noground",
        "objLayer": 1,
        "closed_waypoints": false,
        "isShipSpline": false,
        "shipTurnRadius": 100.0,
        "weapons": "",
        "bullets0": "",
        "bullets1": "",
        "bullets2": "",
        "bullets3": "",
        "bulletsCount0": 0,
        "bulletsCount1": 0,
        "bulletsCount2": 0,
        "bulletsCount3": 0,
        "crewSkillK": 0.0,
        "applyAllMods": false,
        "props": {
          "army": 1,
          "count": 1,
          "formation_type": "rows",
          "formation_div": 3,
          "formation_step": [
            2.5,
            2.0
          ],
          "formation_noise": [
            0.1,
            0.1
          ]
        },
        "way": {}
      },
      {
        "name": "t1_bunker_07",
        "tm": [
          [
            0.245827,
            -0.0490134,
            0.968074
          ],
          [
            0.029394,
            0.998639,
            0.0430965
          ],
          [
            -0.968868,
            0.0178617,
            0.246934
          ],
          [
            809.683,
            274.2,
            -3835.71
          ]
        ],
        "unit_class": "ussr_quest_large_art_noground",
        "objLayer": 1,
        "closed_waypoints": false,
        "isShipSpline": false,
        "shipTurnRadius": 100.0,
        "weapons": "",
        "bullets0": "",
        "bullets1": "",
        "bullets2": "",
        "bullets3": "",
        "bulletsCount0": 0,
        "bulletsCount1": 0,
        "bulletsCount2": 0,
        "bulletsCount3": 0,
        "crewSkillK": 0.0,
        "applyAllMods": false,
        "props": {
          "army": 1,
          "count": 1,
          "formation_type": "rows",
          "formation_div": 3,
          "formation_step": [
            2.5,
            2.0
          ],
          "formation_noise": [
            0.1,
            0.1
          ]
        },
        "way": {}
      },
      {
        "name": "t1_art_13",
        "tm": [
          [
            0.245827,
            -0.0490134,
            0.968074
          ],
          [
            0.029394,
            0.998639,
            0.0430965
          ],
          [
            -0.968868,
            0.0178617,
            0.246934
          ],
          [
            718.164,
            272.184,
            -3810.96
          ]
        ],
        "unit_class": "ussr_quest_large_art_noground",
        "objLayer": 1,
        "closed_waypoints": false,
        "isShipSpline": false,
        "shipTurnRadius": 100.0,
        "weapons": "",
        "bullets0": "",
        "bullets1": "",
        "bullets2": "",
        "bullets3": "",
        "bulletsCount0": 0,
        "bulletsCount1": 0,
        "bulletsCount2": 0,
        "bulletsCount3": 0,
        "crewSkillK": 0.0,
        "applyAllMods": false,
        "props": {
          "army": 1,
          "count": 1,
          "formation_type": "rows",
          "formation_div": 3,
          "formation_step": [
            2.5,
            2.0
          ],
          "formation_noise": [
            0.1,
            0.1
          ]
        },
        "way": {}
      },
      {
        "name": "t1_art_14",
        "tm": [
          [
            0.245827,
            -0.0490134,
            0.968074
          ],
          [
            0.029394,
            0.998639,
            0.0430965
          ],
          [
            -0.968868,
            0.0178617,
            0.246934
          ],
          [
            883.062,
            265.412,
            -3846.38
          ]
        ],
        "unit_class": "ussr_quest_large_art_noground",
        "objLayer": 1,
        "closed_waypoints": false,
        "isShipSpline": false,
        "shipTurnRadius": 100.0,
        "weapons": "",
        "bullets0": "",
        "bullets1": "",
        "bullets2": "",
        "bullets3": "",
        "bulletsCount0": 0,
        "bulletsCount1": 0,
        "bulletsCount2": 0,
        "bulletsCount3": 0,
        "crewSkillK": 0.0,
        "applyAllMods": false,
        "props": {
          "army": 1,
          "count": 1,
          "formation_type": "rows",
          "formation_div": 3,
          "formation_step": [
            2.5,
            2.0
          ],
          "formation_noise": [
            0.1,
            0.1
          ]
        },
        "way": {}
      },
      {
        "name": "t1_bunker_08",
        "tm": [
          [
            0.616692,
            -0.00605888,
            0.787181
          ],
          [
            0.00282003,
            0.999981,
            0.00548689
          ],
          [
            -0.787199,
            -0.00116391,
            0.616698
          ],
          [
            -4196.7,
            311.579,
            -767.875
          ]
        ],
        "unit_class": "ussr_quest_large_art_noground",
        "objLayer": 1,
        "closed_waypoints": false,
        "isShipSpline": false,
        "shipTurnRadius": 100.0,
        "weapons": "",
        "bullets0": "",
        "bullets1": "",
        "bullets2": "",
        "bullets3": "",
        "bulletsCount0": 0,
        "bulletsCount1": 0,
        "bulletsCount2": 0,
        "bulletsCount3": 0,
        "crewSkillK": 0.0,
        "applyAllMods": false,
        "props": {
          "army": 1,
          "count": 1,
          "formation_type": "rows",
          "formation_div": 3,
          "formation_step": [
            2.5,
            2.0
          ],
          "formation_noise": [
            0.1,
            0.1
          ]
        },
        "way": {}
      },
      {
        "name": "t1_art_15",
        "tm": [
          [
            0.616692,
            -0.00605888,
            0.787181
          ],
          [
            0.00282003,
            0.999981,
            0.00548689
          ],
          [
            -0.787199,
            -0.00116391,
            0.616698
          ],
          [
            -4270.29,
            307.83,
            -708.265
          ]
        ],
        "unit_class": "ussr_quest_large_art_noground",
        "objLayer": 1,
        "closed_waypoints": false,
        "isShipSpline": false,
        "shipTurnRadius": 100.0,
        "weapons": "",
        "bullets0": "",
        "bullets1": "",
        "bullets2": "",
        "bullets3": "",
        "bulletsCount0": 0,
        "bulletsCount1": 0,
        "bulletsCount2": 0,
        "bulletsCount3": 0,
        "crewSkillK": 0.0,
        "applyAllMods": false,
        "props": {
          "army": 1,
          "count": 1,
          "formation_type": "rows",
          "formation_div": 3,
          "formation_step": [
            2.5,
            2.0
          ],
          "formation_noise": [
            0.1,
            0.1
          ]
        },
        "way": {}
      },
      {
        "name": "t1_art_16",
        "tm": [
          [
            0.616692,
            -0.00605888,
            0.787181
          ],
          [
            0.00282003,
            0.999981,
            0.00548689
          ],
          [
            -0.787199,
            -0.00116391,
