{
  "selected_tag": "",
  "bin_dump_file": "",
  "mission_settings": {
    "player": {
      "army": 1
    },
    "player_teamB": {
      "army": 2
    },
    "mission": {
      "type": "domination",
      "level": "levels/air_israel.bin",
      "environment": "Day",
      "weather": "hazy"
    }
  },
  "imports": {},
  "triggers": {
    "isCategory": true,
    "is_enabled": true,
    "static_units_rank_06_init": {
      "is_enabled": true,
      "comments": "",
      "props": {
        "actionsType": "PERFORM_ONE_BY_ONE",
        "conditionsType": "ALL",
        "enableAfterComplete": false
      },
      "events": {
        "initMission": {}
      },
      "conditions": {},
      "actions": {
        "comment": [
          {
            "value": "static units"
          },
          {
            "value": "static aaa"
          },
          {
            "value": ""
          }
        ],
        "unitSetProperties": [
          {
            "object": [
              "t1_static_units_squad",
              "t2_static_units_squad"
            ],
            "accuracy": 0.0,
            "checkVisibilityTarget": false,
            "effShootingRate": 0.0
          },
          {
            "object": [
              "t1_aaa_squad",
              "t2_aaa_squad"
            ],
            "targetGnd": false,
            "accuracy": 0.1,
            "airAccuracy": 0.1,
            "fireRandom": true,
            "targetChangeInterval": 5.0,
            "targetChangeProb": 0.25,
            "DelayAfterShoot": 3.0
          }
        ],
        "missionDestroyArea": {
          "target_type": "ALL",
          "area": [
            "clear_redinst_area_01",
            "clear_redinst_area_02",
            "clear_redinst_area_03",
            "clear_redinst_area_04",
            "clear_redinst_area_05",
            "clear_redinst_area_06",
            "clear_redinst_area_07",
            "clear_redinst_area_08"
          ]
        }
      },
      "else_actions": {}
    }
  },
  "mission_objectives": {
    "isCategory": true,
    "is_enabled": true
  },
  "variables": {},
  "dialogs": {},
  "airfields": {},
  "effects": {},
  "units": {
    "objectGroups": [
      {
        "name": "t1_trench_rank_06_08_01",
        "tm": [
          [
            0.690631,
            0.0418331,
            -0.721996
          ],
          [
            0.00536298,
            0.998001,
            0.0629552
          ],
          [
            0.723186,
            -0.0473515,
            0.689026
          ],
          [
            -11711.2,
            209.0,
            2826.85
          ]
        ],
        "unit_class": "dynTrench_small_bunker_axis",
        "objLayer": 2,
        "props": {
          "army": 1,
          "active": true
        }
      },
      {
        "name": "t1_trench_rank_06_08_02",
        "tm": [
          [
            0.969899,
            0.0238114,
            -0.242339
          ],
          [
            -0.0361634,
            0.998257,
            -0.0466495
          ],
          [
            0.240805,
            0.0540091,
            0.96907
          ],
          [
            -11751.7,
            215.985,
            2790.97
          ]
        ],
        "unit_class": "det_trench_system_a",
        "objLayer": 2,
        "props": {
          "army": 1,
          "active": true
        }
      },
      {
        "name": "t1_trench_rank_06_08_03",
        "tm": [
          [
            0.362513,
            0.0738165,
            -0.929051
          ],
          [
            -0.0618507,
            0.996566,
            0.0550469
          ],
          [
            0.929924,
            0.0375072,
            0.365834
          ],
          [
            -11780.7,
            210.0,
            2908.08
          ]
        ],
        "unit_class": "det_trench_system_c",
        "objLayer": 2,
        "props": {
          "army": 1,
          "active": true
        }
      },
      {
        "name": "t1_trench_rank_06_08_04",
        "tm": [
          [
            -0.701502,
            0.029911,
            -0.712039
          ],
          [
            -0.014147,
            0.998337,
            0.0558753
          ],
          [
            0.712527,
            0.0492698,
            -0.699913
          ],
          [
            -11750.0,
            212.8,
            2837.95
          ]
        ],
        "unit_class": "det_trench_system_d",
        "objLayer": 2,
        "props": {
          "army": 1,
          "active": true
        }
      },
      {
        "name": "t1_trench_rank_06_08_06",
        "tm": [
          [
            -0.753175,
            -0.00143428,
            0.657819
          ],
          [
            -0.0377976,
            0.99844,
            -0.0410996
          ],
          [
            -0.656734,
            -0.0558192,
            -0.752054
          ],
          [
            -11764.1,
            213.748,
            2859.24
          ]
        ],
        "unit_class": "det_trench_half_c",
        "objLayer": 2,
        "props": {
          "army": 1,
          "active": true
        }
      },
      {
        "name": "t1_trench_rank_06_08_07",
        "tm": [
          [
            -0.75362,
            -0.0692172,
            0.653656
          ],
          [
            -0.0405144,
            0.997441,
            0.0589112
          ],
          [
            -0.65606,
            0.0179142,
            -0.754496
          ],
          [
            -11696.8,
            219.838,
            2827.6
          ]
        ],
        "unit_class": "det_trench_half_b",
        "objLayer": 2,
        "props": {
          "army": 1,
          "active": true
        }
      },
      {
        "name": "t1_trench_rank_06_08_08",
        "tm": [
          [
            0.637978,
            -0.01739,
            0.769858
          ],
          [
            -0.013681,
            0.999331,
            0.0339108
          ],
          [
            -0.769933,
            -0.0321668,
            0.637313
          ],
          [
            -11630.7,
            216.513,
            2760.71
          ]
        ],
        "unit_class": "det_trench_system_d",
        "objLayer": 2,
        "props": {
          "army": 1,
          "active": true
        }
      },
      {
        "name": "t1_trench_rank_06_08_09",
        "tm": [
          [
            -0.754752,
            -0.00289469,
            0.656004
          ],
          [
            0.00113032,
            0.999983,
            0.00571299
          ],
          [
            -0.656009,
            0.00505339,
            -0.754736
          ],
          [
            -11622.5,
            217.435,
            2744.46
          ]
        ],
        "unit_class": "det_trench_half_a",
        "objLayer": 2,
        "props": {
          "army": 1,
          "active": true
        }
      },
      {
        "name": "t1_trench_rank_06_08_10",
        "tm": [
          [
            0.881344,
            0.0500443,
            -0.469817
          ],
          [
            -0.0011324,
            0.994595,
            0.103819
          ],
          [
            0.472474,
            -0.0909679,
            0.876638
          ],
          [
            -11729.3,
            217.6,
            2777.2
          ]
        ],
        "unit_class": "det_trench_system_e",
        "objLayer": 2,
        "props": {
          "army": 1,
          "active": true
        }
      },
      {
        "name": "t1_trench_rank_06_08_05",
        "tm": [
          [
            -0.749699,
            0.129977,
            0.64889
          ],
          [
            0.0607926,
            0.989903,
            -0.128047
          ],
          [
            -0.658981,
            -0.0565492,
            -0.750031
          ],
          [
            -11676.9,
            219.728,
            2799.63
          ]
        ],
        "unit_class": "det_trench_half_c",
        "objLayer": 2,
        "props": {
          "army": 1,
          "active": true
        }
      },
      {
        "name": "t1_trench_rank_06_08_11",
        "tm": [
          [
            -0.498923,
            -0.112213,
            0.859351
          ],
          [
            -0.0657043,
            0.993626,
            0.0915994
          ],
          [
            -0.864152,
            -0.0107619,
            -0.503116
          ],
          [
            -11765.8,
            212.157,
            2899.5
          ]
        ],
        "unit_class": "det_trench_half_a",
        "objLayer": 2,
        "props": {
          "army": 1,
          "active": true
        }
      },
      {
        "name": "t1_trench_rank_06_08_12",
        "tm": [
          [
            -0.436558,
            -0.0589898,
            0.89774
          ],
          [
            -0.154812,
            0.987889,
            -0.0103696
          ],
          [
            -0.886256,
            -0.143508,
            -0.440404
          ],
          [
            -11624.5,
            215.205,
            2788.21
          ]
        ],
        "unit_class": "det_trench_system_e",
        "objLayer": 2,
        "props": {
          "army": 1,
          "active": true
        }
      },
      {
        "name": "t1_trench_rank_06_08_13",
        "tm": [
          [
            -0.747349,
            -0.110895,
            0.655112
          ],
          [
            -0.0982179,
            0.99358,
            0.0561423
          ],
          [
            -0.657132,
            -0.0223859,
            -0.753443
          ],
          [
            -11729.4,
            218.78,
            2823.58
          ]
        ],
        "unit_class": "det_trench_half_a",
        "objLayer": 2,
        "props": {
          "army": 1,
          "active": true
        }
      },
      {
        "name": "t1_trench_rank_06_08_14",
        "tm": [
          [
            -0.758152,
            -0.0306296,
            0.651358
          ],
          [
            0.00774652,
            0.998403,
            0.0559657
          ],
          [
            -0.652032,
            0.0474763,
            -0.756704
          ],
          [
            -11676.2,
            216.996,
            2751.71
          ]
        ],
        "unit_class": "det_trench_half_a",
        "objLayer": 2,
        "props": {
          "army": 1,
          "active": true
        }
      },
      {
        "name": "t1_trench_rank_06_08_16",
        "tm": [
          [
            -0.852429,
            0.00569977,
            0.522812
          ],
          [
            0.0267731,
            0.999105,
            0.0327603
          ],
          [
            -0.522157,
            0.0419231,
            -0.851818
          ],
          [
            -7171.1,
            300.75,
            276.05
          ]
        ],
        "unit_class": "det_trench_system_a",
        "objLayer": 2,
        "props": {
          "army": 1,
          "active": true
        }
      },
      {
        "name": "t1_trench_rank_06_08_17",
        "tm": [
          [
            0.361435,
            0.0383304,
            -0.931609
          ],
          [
            -0.0759195,
            0.997047,
            0.0115684
          ],
          [
            0.929301,
            0.0665461,
            0.363277
          ],
          [
            -7226.44,
            299.6,
            321.571
          ]
        ],
        "unit_class": "det_trench_system_c",
        "objLayer": 2,
        "props": {
          "army": 1,
          "active": true
        }
      },
      {
        "name": "t1_trench_rank_06_08_18",
        "tm": [
          [
            -0.733251,
            -0.029088,
            0.679335
          ],
          [
            -0.087112,
            0.99487,
            -0.051427
          ],
          [
            -0.674354,
            -0.0968871,
            -0.732024
          ],
          [
            -7196.7,
            300.55,
            292.35
          ]
        ],
        "unit_class": "det_trench_system_d",
        "objLayer": 2,
        "props": {
          "army": 1,
          "active": true
        }
      },
      {
        "name": "t1_trench_rank_06_08_19",
        "tm": [
          [
            -0.752126,
            -0.0413708,
            0.657719
          ],
          [
            -0.128318,
            0.988119,
            -0.0845832
          ],
          [
            -0.646406,
            -0.148014,
            -0.748499
          ],
          [
            -7227.05,
            299.45,
            265.8
          ]
        ],
        "unit_class": "det_trench_half_c",
        "objLayer": 2,
        "props": {
          "army": 1,
          "active": true
        }
      },
      {
        "name": "t1_trench_rank_06_08_20",
        "tm": [
          [
            -0.579818,
            -0.0512667,
            0.813132
          ],
          [
            -0.0495436,
            0.99839,
            0.027619
          ],
          [
            -0.813238,
            -0.0242715,
            -0.581424
          ],
          [
            -7149.55,
            300.6,
            260.0
          ]
        ],
        "unit_class": "det_trench_half_b",
        "objLayer": 2,
        "props": {
          "army": 1,
          "active": true
        }
      },
      {
        "name": "t1_trench_rank_06_08_21",
        "tm": [
          [
            -0.195152,
            0.0261175,
            0.980425
          ],
          [
            -0.00998971,
            0.99954,
            -0.0286152
          ],
          [
            -0.980722,
            -0.0153785,
            -0.194801
          ],
          [
            -7141.95,
            300.35,
            232.8
          ]
        ],
        "unit_class": "det_trench_system_d",
        "objLayer": 2,
        "props": {
          "army": 1,
          "active": true
        }
      },
      {
        "name": "t1_trench_rank_06_08_22",
        "tm": [
          [
            -0.754636,
            0.0150726,
            0.655971
          ],
          [
            -0.012993,
            0.999197,
            -0.0379064
          ],
          [
            -0.656015,
            -0.0371286,
            -0.753834
          ],
          [
            -7150.85,
            300.05,
            177.1
          ]
        ],
        "unit_class": "det_trench_half_a",
        "objLayer": 2,
        "props": {
          "army": 1,
          "active": true
        }
      },
      {
        "name": "t1_trench_rank_06_08_23",
        "tm": [
          [
            -0.387457,
            0.0419348,
            0.920934
          ],
          [
            -0.0261632,
            0.998062,
            -0.0564543
          ],
          [
            -0.921517,
            -0.0459682,
            -0.385609
          ],
          [
            -7062.0,
            300.35,
            173.9
          ]
        ],
        "unit_class": "det_trench_system_e",
        "objLayer": 2,
        "props": {
          "army": 1,
          "active": true
        }
      },
      {
        "name": "t1_trench_rank_06_08_24",
        "tm": [
          [
            -0.76204,
            -0.0154595,
            0.647345
          ],
          [
            -0.0463897,
            0.998449,
            -0.0307647
          ],
          [
            -0.645865,
            -0.053474,
            -0.761576
          ],
          [
            -7085.0,
            300.3,
            210.95
          ]
        ],
        "unit_class": "det_trench_half_c",
        "objLayer": 2,
        "props": {
          "army": 1,
          "active": true
        }
      },
      {
        "name": "t1_trench_rank_06_08_25",
        "tm": [
          [
            -0.497289,
            -0.0439135,
            0.866473
          ],
          [
            -0.0797312,
            0.996805,
            0.00475921
          ],
          [
            -0.863914,
            -0.0667183,
            -0.499201
          ],
          [
            -7211.62,
            300.95,
            312.932
          ]
        ],
        "unit_class": "det_trench_half_a",
        "objLayer": 2,
        "props": {
          "army": 1,
          "active": true
        }
      },
      {
        "name": "t1_trench_rank_06_08_26",
        "tm": [
          [
            -0.436217,
            0.0143436,
            0.899727
          ],
          [
            -0.0773019,
            0.995579,
            -0.0533502
          ],
          [
            -0.896515,
            -0.0928229,
            -0.43318
          ],
          [
            -7071.4,
            300.3,
            193.7
          ]
        ],
        "unit_class": "det_trench_system_e",
        "objLayer": 2,
        "props": {
          "army": 1,
          "active": true
        }
      },
      {
        "name": "t1_trench_rank_06_08_27",
        "tm": [
          [
            -0.750861,
            -0.0298257,
            0.659786
          ],
          [
            -0.0284417,
            0.999513,
            0.0128154
          ],
          [
            -0.659847,
            -0.00914279,
            -0.751345
          ],
          [
            -7181.29,
            300.3,
            240.006
          ]
        ],
        "unit_class": "det_trench_half_a",
        "objLayer": 2,
        "props": {
          "army": 1,
          "active": true
        }
      },
      {
        "name": "t1_trench_rank_06_08_28",
        "tm": [
          [
            -0.757644,
            -0.0128838,
            0.652541
          ],
          [
            -0.00635517,
            0.999903,
            0.0123633
          ],
          [
            -0.652637,
            0.00522,
            -0.757653
          ],
          [
            -7094.61,
            301.05,
            142.247
          ]
        ],
        "unit_class": "det_trench_half_a",
        "objLayer": 2,
        "props": {
          "army": 1,
          "active": true
        }
      },
      {
        "name": "t1_trench_rank_06_08_29",
        "tm": [
          [
            -0.992217,
            -0.017515,
            0.123282
          ],
          [
            -0.0189714,
            0.999763,
            -0.0106498
          ],
          [
            -0.123066,
            -0.0129058,
            -0.992315
          ],
          [
            -7126.15,
            300.45,
            215.55
          ]
        ],
        "unit_class": "det_trench_system_c",
        "objLayer": 2,
        "props": {
          "army": 1,
          "active": true
        }
      },
      {
        "name": "t1_trench_rank_06_08_30",
        "tm": [
          [
            -0.992217,
            -0.017515,
            0.123282
          ],
          [
            -0.0189714,
            0.999763,
            -0.0106498
          ],
          [
            -0.123066,
            -0.0129058,
            -0.992315
          ],
          [
            -7105.95,
            300.8,
            218.75
          ]
        ],
        "unit_class": "det_trench_system_e",
        "objLayer": 2,
        "props": {
          "army": 1,
          "active": true
        }
      },
      {
        "name": "t1_trench_rank_06_08_31",
        "tm": [
          [
            -0.996986,
            0.00569977,
            0.0773738
          ],
          [
            0.00892155,
            0.999105,
            0.0413575
          ],
          [
            -0.0770688,
            0.0419231,
            -0.996144
          ],
          [
            -3531.05,
            300.15,
            -2009.95
          ]
        ],
        "unit_class": "det_trench_system_d",
        "objLayer": 2,
        "props": {
          "army": 1,
          "active": true
        }
      },
      {
        "name": "t1_trench_rank_06_08_32",
        "tm": [
          [
            -0.856295,
            -0.0167386,
            -0.516215
          ],
          [
            -0.051765,
            0.997223,
            0.0535319
          ],
          [
            0.513886,
            0.072561,
            -0.854784
          ],
          [
            -3601.95,
            300.25,
            -1998.1
          ]
        ],
        "unit_class": "det_trench_system_d",
        "objLayer": 2,
        "props": {
          "army": 1,
          "active": true
        }
      },
      {
        "name": "t1_trench_rank_06_08_33",
        "tm": [
          [
            -0.962141,
            -0.029088,
            0.270994
          ],
          [
            -0.0541449,
            0.99487,
            -0.0854492
          ],
          [
            -0.267118,
            -0.0968871,
            -0.958781
          ],
          [
            -3563.4,
            300.45,
            -2002.6
          ]
        ],
        "unit_class": "det_trench_system_a",
        "objLayer": 2,
        "props": {
          "army": 1,
          "active": true
        }
      },
      {
        "name": "t1_trench_rank_06_08_34",
        "tm": [
          [
            -0.969933,
            -0.0102701,
            0.243155
          ],
          [
            -0.0440082,
            0.99004,
            -0.13373
          ],
          [
            -0.23936,
            -0.14041,
            -0.960725
          ],
          [
            -3574.22,
            300.25,
            -2035.75
          ]
        ],
        "unit_class": "det_trench_half_c",
        "objLayer": 2,
        "props": {
          "army": 1,
          "active": true
        }
      },
      {
        "name": "t1_trench_rank_06_08_35",
        "tm": [
          [
            -0.858451,
            -0.0512667,
            -0.510328
          ],
          [
            -0.0316358,
            0.99839,
            -0.0470803
          ],
          [
            0.51192,
            -0.0242715,
            -0.85869
          ],
          [
            -3501.7,
            300.6,
            -2000.25
          ]
        ],
        "unit_class": "det_trench_system_a",
        "objLayer": 2,
        "props": {
          "army": 1,
          "active": true
        }
      },
      {
        "name": "t1_trench_rank_06_08_36",
        "tm": [
          [
            -0.620134,
            0.0261175,
            0.784061
          ],
          [
            0.0041341,
            0.99954,
            -0.0300255
          ],
          [
            -0.784485,
            -0.0153785,
            -0.619958
          ],
          [
            -3471.9,
            300.35,
            -2006.65
          ]
        ],
        "unit_class": "det_trench_system_d",
        "objLayer": 2,
        "props": {
          "army": 1,
          "active": true
        }
      },
      {
        "name": "t1_trench_rank_06_08_37",
        "tm": [
          [
            -0.970543,
            0.0150726,
            0.240456
          ],
          [
            0.00569035,
            0.999197,
            -0.0396653
          ],
          [
            -0.24086,
            -0.0371286,
            -0.969849
          ],
          [
            -3456.45,
            300.051,
            -2049.8
          ]
        ],
        "unit_class": "det_trench_half_a",
        "objLayer": 2,
        "props": {
          "army": 1,
          "active": true
        }
      },
      {
        "name": "t1_trench_rank_06_08_38",
        "tm": [
          [
            -0.765301,
            0.0131898,
            0.643538
          ],
          [
            -0.0350922,
            0.997448,
            -0.0621756
          ],
          [
            -0.642715,
            -0.0701662,
            -0.762885
          ],
          [
            -3400.55,
            300.05,
            -2048.85
          ]
        ],
        "unit_class": "det_trench_system_d",
        "objLayer": 2,
        "props": {
          "army": 1,
          "active": true
        }
      },
      {
        "name": "t1_trench_rank_06_08_39",
        "tm": [
          [
            -0.973208,
            -0.0154595,
            0.229404
          ],
          [
            -0.0272957,
            0.998449,
            -0.048512
          ],
          [
            -0.228298,
            -0.053474,
            -0.972122
          ],
          [
            -3374.95,
            300.301,
            -2051.4
          ]
        ],
        "unit_class": "det_trench_half_c",
        "objLayer": 2,
        "props": {
          "army": 1,
          "active": true
        }
      },
      {
        "name": "t1_trench_rank_06_08_40",
        "tm": [
          [
            -0.83829,
            -0.0140701,
            0.545043
          ],
          [
            -0.0376112,
            0.998778,
            -0.0320639
          ],
          [
            -0.543926,
            -0.0473786,
            -0.837795
          ],
          [
            -3582.6,
            300.6,
            -1986.5
          ]
        ],
        "unit_class": "det_trench_half_a",
        "objLayer": 2,
        "props": {
          "army": 1,
          "active": true
        }
      },
      {
        "name": "t1_trench_rank_06_08_41",
        "tm": [
          [
            -0.798023,
            0.000335977,
            0.602627
          ],
          [
            -0.044535,
            0.997232,
            -0.059531
          ],
          [
            -0.600979,
            -0.0743451,
            -0.795799
          ],
          [
            -3426.6,
            300.0,
            -2026.75
          ]
        ],
        "unit_class": "det_trench_system_a",
        "objLayer": 2,
        "props": {
          "army": 1,
          "active": true
        }
      },
      {
        "name": "t1_trench_rank_06_08_42",
        "tm": [
          [
            -0.96892,
            -0.0298257,
            0.245571
          ],
          [
            -0.0311576,
            0.999513,
            -0.00153925
          ],
          [
            -0.245405,
            -0.00914279,
            -0.969378
          ],
          [
            -3531.68,
            300.301,
            -2077.18
          ]
        ],
        "unit_class": "det_trench_half_a",
        "objLayer": 2,
        "props": {
          "army": 1,
          "active": true
        }
      },
      {
        "name": "t1_trench_rank_06_08_43",
        "tm": [
          [
            -0.97166,
            -0.0128838,
            0.236032
          ],
          [
            -0.0112872,
            0.999903,
            0.00811411
          ],
          [
            -0.236114,
            0.00522,
            -0.971711
          ],
          [
            -3424.9,
            301.051,
            -2094.32
          ]
        ],
        "unit_class": "det_trench_half_a",
        "objLayer": 2,
        "props": {
          "army": 1,
          "active": true
        }
      },
      {
        "name": "t1_trench_rank_06_08_44",
        "tm": [
          [
            -0.939541,
            -0.017515,
            -0.341989
          ],
          [
            -0.0120422,
            0.999763,
            -0.0181196
          ],
          [
            0.342225,
            -0.0129058,
            -0.939529
          ],
          [
            -3475.4,
            299.9,
            -2020.45
          ]
        ],
        "unit_class": "det_trench_system_c",
        "objLayer": 2,
        "props": {
          "army": 1,
          "active": true
        }
      },
      {
        "name": "t1_trench_rank_06_08_45",
        "tm": [
          [
            -0.993472,
            -0.017515,
            0.112724
          ],
          [
            -0.0188571,
            0.999763,
            -0.010851
          ],
          [
            -0.112507,
            -0.0129058,
            -0.993567
          ],
          [
            -3448.1,
            300.801,
            -2011.2
          ]
        ],
        "unit_class": "det_trench_system_e",
        "objLayer": 2,
        "props": {
          "army": 1,
          "active": true
        }
      },
      {
        "name": "t1_trench_rank_06_08_46",
        "tm": [
          [
            -0.835177,
            -0.017515,
            0.549702
          ],
          [
            -0.0217257,
            0.999763,
            -0.00115323
          ],
          [
            -0.549552,
            -0.0129058,
            -0.83536
          ],
          [
            -3504.8,
            299.9,
            -2018.35
          ]
        ],
        "unit_class": "det_trench_system_c",
        "objLayer": 2,
        "props": {
          "army": 1,
          "active": true
        }
      },
      {
        "name": "t1_trench_rank_06_08_47",
        "tm": [
          [
            -0.939541,
            -0.017515,
            -0.341989
          ],
          [
            -0.0120422,
            0.999763,
            -0.0181196
          ],
          [
            0.342225,
            -0.0129058,
            -0.939529
          ],
          [
            -3597.9,
            299.9,
            -2009.35
          ]
        ],
        "unit_class": "det_trench_system_c",
        "objLayer": 2,
        "props": {
          "army": 1,
          "active": true
        }
      },
      {
        "name": "t1_trench_rank_06_08_48",
        "tm": [
          [
            -0.944406,
            -0.0463704,
            0.325494
          ],
          [
            -0.0314645,
            0.998208,
            0.0509134
          ],
          [
            -0.327272,
            0.0378414,
            -0.944172
          ],
          [
            197.45,
            265.1,
            -4246.4
          ]
        ],
        "unit_class": "det_trench_system_d",
        "objLayer": 2,
        "props": {
          "army": 1,
          "active": true
        }
      },
      {
        "name": "t1_trench_rank_06_08_49",
        "tm": [
          [
            -0.932226,
            -0.0581851,
            -0.357167
          ],
          [
            -0.088967,
            0.993546,
            0.0703528
          ],
          [
            0.350769,
            0.0973609,
            -0.931387
          ],
          [
            137.1,
            262.529,
            -4252.15
          ]
        ],
        "unit_class": "det_trench_system_d",
        "objLayer": 2,
        "props": {
          "army": 1,
          "active": true
        }
      },
      {
        "name": "t1_trench_rank_06_08_51",
        "tm": [
          [
            -0.969658,
            -0.0252628,
            0.243155
          ],
          [
            -0.0593077,
            0.989241,
            -0.13373
          ],
          [
            -0.237161,
            -0.144093,
            -0.960725
          ],
          [
            216.4,
            266.15,
            -4301.35
          ]
        ],
        "unit_class": "det_trench_half_c",
        "objLayer": 2,
        "props": {
          "army": 1,
          "active": true
        }
      },
      {
        "name": "t1_trench_rank_06_08_52",
        "tm": [
          [
            -0.857453,
            -0.0658851,
            -0.510328
          ],
          [
            -0.0486412,
            0.997706,
            -0.0470803
          ],
          [
            0.512259,
            -0.0155462,
            -0.85869
          ],
          [
            237.905,
            266.45,
            -4254.85
          ]
        ],
        "unit_class": "det_trench_system_a",
        "objLayer": 2,
        "props": {
          "army": 1,
          "active": true
        }
      },
      {
        "name": "t1_trench_rank_06_08_53",
        "tm": [
          [
            -0.643553,
            -0.0039432,
            0.765392
          ],
          [
            -0.0433677,
            0.998568,
            -0.0313197
          ],
          [
            -0.764172,
            -0.0533492,
            -0.642803
          ],
          [
            289.05,
            267.65,
            -4262.35
          ]
        ],
        "unit_class": "det_trench_system_d",
        "objLayer": 2,
        "props": {
          "army": 1,
          "active": true
        }
      },
      {
        "name": "t1_trench_rank_06_08_54",
        "tm": [
          [
            -0.970134,
            -0.0319437,
            0.240456
          ],
          [
            -0.0427026,
            0.9983,
            -0.0396653
          ],
          [
            -0.238779,
            -0.0487487,
            -0.969849
          ],
          [
            283.128,
            268.05,
            -4304.4
          ]
        ],
        "unit_class": "det_trench_half_a",
        "objLayer": 2,
        "props": {
          "army": 1,
          "active": true
        }
      },
      {
        "name": "t1_trench_rank_06_08_55",
        "tm": [
          [
            -0.765042,
            -0.0238855,
            0.643538
          ],
          [
            -0.0833526,
            0.994578,
            -0.0621756
          ],
          [
            -0.638563,
            -0.101207,
            -0.762885
          ],
          [
            338.962,
            269.35,
            -4303.45
          ]
        ],
        "unit_class": "det_trench_system_d",
        "objLayer": 2,
        "props": {
          "army": 1,
          "active": true
        }
      },
      {
        "name": "t1_trench_rank_06_08_56",
        "tm": [
          [
            -0.973007,
            -0.0251015,
            0.229404
          ],
          [
            -0.0371872,
            0.99813,
            -0.048512
          ],
          [
            -0.227757,
            -0.0557334,
            -0.972122
          ],
          [
            364.52,
            270.9,
            -4306.0
          ]
        ],
        "unit_class": "det_trench_half_c",
        "objLayer": 2,
        "props": {
          "army": 1,
          "active": true
        }
      },
      {
        "name": "t1_trench_rank_06_08_57",
        "tm": [
          [
            -0.836625,
            -0.0300814,
            0.546949
          ],
          [
            -0.085933,
            0.993335,
            -0.076813
          ],
          [
            -0.540994,
            -0.111265,
            -0.833635
          ],
          [
            158.5,
            263.815,
            -4242.7
          ]
        ],
        "unit_class": "det_trench_half_a",
        "objLayer": 2,
        "props": {
          "army": 1,
          "active": true
        }
      },
      {
        "name": "t1_trench_rank_06_08_58",
        "tm": [
          [
            -0.797103,
            -0.0383088,
            0.602627
          ],
          [
            -0.0927738,
            0.993905,
            -0.059531
          ],
          [
            -0.596674,
            -0.10336,
            -0.795799
          ],
          [
            312.945,
            268.5,
            -4281.35
          ]
        ],
        "unit_class": "det_trench_system_a",
        "objLayer": 2,
        "props": {
          "army": 1,
          "active": true
        }
      },
      {
        "name": "t1_trench_rank_06_08_59",
        "tm": [
          [
            -0.969217,
            -0.0177222,
            0.245571
          ],
          [
            -0.018672,
            0.999824,
            -0.00153925
          ],
          [
            -0.2455,
            -0.00607714,
            -0.969378
          ],
          [
            145.029,
            263.85,
            -4305.73
          ]
        ],
        "unit_class": "det_trench_half_a",
        "objLayer": 2,
        "props": {
          "army": 1,
          "active": true
        }
      },
      {
        "name": "t1_trench_rank_06_08_60",
        "tm": [
          [
            -0.969896,
            -0.0599214,
            0.236032
          ],
          [
            -0.0596944,
            0.998183,
            0.00811411
          ],
          [
            -0.23609,
            -0.00621997,
            -0.971711
          ],
          [
            314.593,
            268.9,
            -4348.92
          ]
        ],
        "unit_class": "det_trench_half_a",
        "objLayer": 2,
        "props": {
          "army": 1,
          "active": true
        }
      },
      {
        "name": "t1_trench_rank_06_08_61",
        "tm": [
          [
            -0.511394,
            -0.0629918,
            0.857035
          ],
          [
            -0.0291096,
            0.998007,
            0.0559835
          ],
          [
            -0.858853,
            0.00368163,
            -0.512208
          ],
          [
            374.95,
            270.85,
            -4321.1
          ]
        ],
        "unit_class": "det_trench_system_c",
        "objLayer": 2,
        "props": {
          "army": 1,
          "active": true
        }
      },
      {
        "name": "t1_trench_rank_06_08_62",
        "tm": [
          [
            -0.993618,
            -0.00410352,
            0.112724
          ],
          [
            -0.00536057,
            0.999927,
            -0.010851
          ],
          [
            -0.112671,
            -0.011386,
            -0.993567
          ],
          [
            265.7,
            267.55,
            -4248.9
          ]
        ],
        "unit_class": "det_trench_system_e",
        "objLayer": 2,
        "props": {
          "army": 1,
          "active": true
        }
      },
      {
        "name": "t1_trench_rank_06_08_63",
        "tm": [
          [
            -0.661725,
            -0.0100708,
            0.749679
          ],
          [
            0.00443231,
            0.999839,
            0.0173436
          ],
          [
            -0.749734,
            0.0147995,
            -0.661574
          ],
          [
            216.1,
            265.45,
            -4255.05
          ]
        ],
        "unit_class": "det_trench_system_c",
        "objLayer": 2,
        "props": {
          "army": 1,
          "active": true
        }
      },
      {
        "name": "t1_trench_rank_06_08_15",
        "tm": [
          [
            -0.856412,
            -0.0100708,
            -0.516195
          ],
          [
            -0.0162644,
            0.999839,
            0.00747756
          ],
          [
            0.516037,
            0.0147995,
            -0.856438
          ],
          [
            172.5,
            264.0,
            -4250.9
          ]
        ],
        "unit_class": "det_trench_system_c",
        "objLayer": 2,
        "props": {
          "army": 1,
          "active": true
        }
      },
      {
        "name": "t1_trench_rank_06_08_50",
        "tm": [
          [
            0.690545,
            0.03187,
            -0.722587
          ],
          [
            -0.0104679,
            0.999364,
            0.0340737
          ],
          [
            0.723212,
            -0.0159661,
            0.690439
          ],
          [
            3615.2,
            272.7,
            -5873.15
          ]
        ],
        "unit_class": "dynTrench_small_bunker_axis",
        "objLayer": 2,
        "props": {
          "army": 1,
          "active": true
        }
      },
      {
        "name": "t1_trench_rank_06_08_64",
        "tm": [
          [
            -0.627105,
            -0.128451,
            0.76827
          ],
          [
            -0.0301674,
            0.989575,
            0.140827
          ],
          [
            -0.77835,
            0.065137,
            -0.624443
          ],
          [
            3610.4,
            278.285,
            -5830.3
          ]
