{
  "selected_tag": "",
  "bin_dump_file": "",
  "mission_settings": {
    "player": {
      "army": 1,
      "wing": ""
    },
    "player_teamB": {
      "army": 2,
      "wing": ""
    },
    "mission": {
      "level": "levels/berlin.bin",
      "type": "domination",
      "environment": "Day",
      "weather": "hazy",
      "deathPenaltyMulRounds": 0.0,
      "stars": {
        "latitude": 52.5,
        "longitude": 13.0,
        "year": 1945,
        "month": 4,
        "day": 2
      }
    },
    "spectator_points": []
  },
  "imports": {
    "import_record": {
      "file": "gameData/missions/templates/air_templates/gs/assaults_gs_template.blk",
      "importAreas": true,
      "importUnits": true,
      "importTriggers": true,
      "importMissionObjectives": true,
      "importWayPoints": true,
      "showAreas": true,
      "showUnits": true,
      "showTriggers": true,
      "showMissionObjectives": true,
      "showWayPoints": true,
      "excludes": []
    }
  },
  "triggers": {
    "isCategory": true,
    "is_enabled": true
  },
  "mission_objectives": {
    "isCategory": true,
    "is_enabled": true
  },
  "variables": {
    "ai_assaults_saved": 0,
    "ft_helicopters_pad_exclusive": false
  },
  "dialogs": [],
  "airfields": [],
  "effects": [],
  "units": [],
  "areas": {
    "at_area": {
      "type": "Sphere",
      "tm": [
        [-6056.85,0.0,-14809.3],
        [0.0,16000.0,0.0],
        [14809.3,0.0,-6056.85],
        [-1167.4,500.006,-13523.3]
      ],
      "objLayer": 0,
      "props": []
    },
    "at_t2_spawn_01_01": {
      "type": "Point",
      "tm": [
        [0.916753,0.0,-0.399458],
        [0.0,1.0,0.0],
        [0.399458,0.0,0.916753],
        [-9101.68,500.006,-12526.1]
      ],
      "objLayer": 0,
      "props": []
    },
    "at_t1_spawn_01_01": {
      "type": "Point",
      "tm": [
        [-0.916753,0.0,0.399458],
        [0.0,1.0,0.0],
        [-0.399458,0.0,-0.916753],
        [5202.32,499.996,-18380.1]
      ],
      "objLayer": 0,
      "props": []
    },
    "at_t2_spawn_01_02": {
      "type": "Point",
      "tm": [
        [0.916753,0.0,-0.399458],
        [0.0,1.0,0.0],
        [0.399458,0.0,0.916753],
        [-7537.43,500.006,-8684.89]
      ],
      "objLayer": 0,
      "props": []
    },
    "at_t1_spawn_01_02": {
      "type": "Point",
      "tm": [
        [-0.916753,0.0,0.399458],
        [0.0,1.0,0.0],
        [-0.399458,0.0,-0.916753],
        [6768.76,499.997,-14532.1]
      ],
      "objLayer": 0,
      "props": []
    }
  },
  "objLayers": [],
  "wayPoints": []
}