{
  "selected_tag": "",
  "bin_dump_file": "",
  "mission_settings": {
    "player": {
      "army": 1
    },
    "player_teamB": {
      "army": 2
    },
    "mission": {
      "level": "levels/air_smolensk.bin",
      "type": "domination",
      "environment": "Day",
      "weather": "hazy",
      "restoreType": "attempts",
      "optionalTakeOff": false
    }
  },
  "imports": {},
  "triggers": {
    "isCategory": true,
    "is_enabled": true
  },
  "mission_objectives": {
    "isCategory": true,
    "is_enabled": true
  },
  "variables": {},
  "dialogs": {},
  "airfields": {},
  "effects": {},
  "units": {
    "objectGroups": [
      {
        "name": "bdt_t2_bomb_object_01",
        "tm": [
          [
            0.748738,
            0.0,
            -0.662862
          ],
          [
            0.0,
            1.0,
            0.0
          ],
          [
            0.662862,
            0.0,
            0.748738
          ],
          [
            -24663.2,
            758.245,
            33115.1
          ]
        ],
        "unit_class": "dynBase_hq_camp_square",
        "objLayer": 2,
        "props": {
          "army": 2,
          "active": false
        }
      },
      {
        "name": "bdt_t2_bomb_object_02",
        "tm": [
          [
            0.213868,
            0.0,
            -0.976866
          ],
          [
            0.0,
            1.0,
            0.0
          ],
          [
            0.976866,
            0.0,
            0.213868
          ],
          [
            -23865.6,
            1186.54,
            19077.2
          ]
        ],
        "unit_class": "dynBase_fuel_storage_square",
        "objLayer": 2,
        "props": {
          "army": 2,
          "active": false
        }
      },
      {
        "name": "bdt_t2_bomb_object_03",
        "tm": [
          [
            0.888225,
            0.0,
            0.459414
          ],
          [
            0.0,
            1.0,
            0.0
          ],
          [
            -0.459414,
            0.0,
            0.888225
          ],
          [
            -27999.8,
            522.943,
            19148.3
          ]
        ],
        "unit_class": "dynBase_oil_storage_small_square",
        "objLayer": 2,
        "props": {
          "army": 2,
          "active": false
        }
      },
      {
        "name": "bdt_t1_bomb_object_01",
        "tm": [
          [
            0.960951,
            0.0,
            -0.276717
          ],
          [
            0.0,
            1.0,
            0.0
          ],
          [
            0.276717,
            0.0,
            0.960951
          ],
          [
            -681.05,
            1171.37,
            28415.5
          ]
        ],
        "unit_class": "dynBase_fuel_storage_square",
        "objLayer": 2,
        "props": {
          "army": 1,
          "active": false
        }
      },
      {
        "name": "bdt_t1_bomb_object_02",
        "tm": [
          [
            0.895434,
            0.0,
            0.445193
          ],
          [
            0.0,
            1.0,
            0.0
          ],
          [
            -0.445193,
            0.0,
            0.895434
          ],
          [
            -3551.25,
            563.15,
            34277.6
          ]
        ],
        "unit_class": "dynBase_small_factory_square",
        "objLayer": 2,
        "props": {
          "army": 1,
          "active": false
        }
      },
      {
        "name": "bdt_t1_bomb_object_03",
        "tm": [
          [
            0.844006,
            0.0,
            0.536333
          ],
          [
            0.0,
            1.0,
            0.0
          ],
          [
            -0.536333,
            0.0,
            0.844006
          ],
          [
            -4034.01,
            2002.72,
            24757.9
          ]
        ],
        "unit_class": "dynBase_oil_storage_small_square",
        "objLayer": 2,
        "props": {
          "army": 1,
          "active": false
        }
      },
      {
        "name": "bdt_t2_bomb_object_04",
        "tm": [
          [
            0.993534,
            0.0,
            -0.113523
          ],
          [
            0.0,
            1.0,
            0.0
          ],
          [
            0.113523,
            0.0,
            0.993534
          ],
          [
            -29441.0,
            770.781,
            30012.7
          ]
        ],
        "unit_class": "dynBase_small_factory_square",
        "objLayer": 2,
        "props": {
          "army": 2,
          "active": false
        }
      },
      {
        "name": "bdt_t1_bomb_object_04",
        "tm": [
          [
            0.978341,
            0.0,
            0.207004
          ],
          [
            0.0,
            1.0,
            0.0
          ],
          [
            -0.207004,
            0.0,
            0.978341
          ],
          [
            -3088.67,
            776.47,
            19648.9
          ]
        ],
        "unit_class": "dynBase_field_camp_square",
        "objLayer": 2,
        "props": {
          "army": 1,
          "active": false
        }
      },
      {
        "name": "bdt_t1_bomb_object_05",
        "tm": [
          [
            0.978341,
            0.0,
            0.207004
          ],
          [
            0.0,
            1.0,
            0.0
          ],
          [
            -0.207004,
            0.0,
            0.978341
          ],
          [
            -5974.03,
            1042.35,
            16093.6
          ]
        ],
        "unit_class": "dynBase_military_base_square",
        "objLayer": 2,
        "props": {
          "army": 1,
          "active": false
        }
      },
      {
        "name": "bdt_t1_bomb_object_06",
        "tm": [
          [
            0.978341,
            0.0,
            0.207004
          ],
          [
            0.0,
            1.0,
            0.0
          ],
          [
            -0.207004,
            0.0,
            0.978341
          ],
          [
            -822.246,
            2032.64,
            24103.2
          ]
        ],
        "unit_class": "dynBase_oil_storage_large_square",
        "objLayer": 2,
        "props": {
          "army": 1,
          "active": false
        }
      },
      {
        "name": "bdt_t1_bomb_object_07",
        "tm": [
          [
            0.978341,
            0.0,
            0.207004
          ],
          [
            0.0,
            1.0,
            0.0
          ],
          [
            -0.207004,
            0.0,
            0.978341
          ],
          [
            -7715.6,
            620.152,
            18635.6
          ]
        ],
        "unit_class": "dynBase_oil_storage_large_square",
        "objLayer": 2,
        "props": {
          "army": 1,
          "active": false
        }
      },
      {
        "name": "bdt_t1_bomb_object_08",
        "tm": [
          [
            0.960951,
            0.0,
            -0.276717
          ],
          [
            0.0,
            1.0,
            0.0
          ],
          [
            0.276717,
            0.0,
            0.960951
          ],
          [
            -5433.2,
            884.4,
            37211.2
          ]
        ],
        "unit_class": "dynBase_small_factory_square",
        "objLayer": 2,
        "props": {
          "army": 1,
          "active": false
        }
      },
      {
        "name": "bdt_t1_bomb_object_09",
        "tm": [
          [
            0.960951,
            0.0,
            -0.276717
          ],
          [
            0.0,
            1.0,
            0.0
          ],
          [
            0.276717,
            0.0,
            0.960951
          ],
          [
            -4238.02,
            530.542,
            29944.8
          ]
        ],
        "unit_class": "dynBase_petrol_camp_square",
        "objLayer": 2,
        "props": {
          "army": 1,
          "active": false
        }
      },
      {
        "name": "bdt_t1_bomb_object_10",
        "tm": [
          [
            0.960951,
            0.0,
            -0.276717
          ],
          [
            0.0,
            1.0,
            0.0
          ],
          [
            0.276717,
            0.0,
            0.960951
          ],
          [
            -7569.92,
            718.424,
            34805.8
          ]
        ],
        "unit_class": "dynBase_petrol_camp_square",
        "objLayer": 2,
        "props": {
          "army": 1,
          "active": false
        }
      },
      {
        "name": "bdt_t2_bomb_object_05",
        "tm": [
          [
            0.993534,
            0.0,
            -0.113523
          ],
          [
            0.0,
            1.0,
            0.0
          ],
          [
            0.113523,
            0.0,
            0.993534
          ],
          [
            -25634.7,
            783.234,
            36966.0
          ]
        ],
        "unit_class": "dynBase_petrol_camp_square",
        "objLayer": 2,
        "props": {
          "army": 2,
          "active": false
        }
      },
      {
        "name": "bdt_t2_bomb_object_06",
        "tm": [
          [
            0.930615,
            0.0,
            0.365999
          ],
          [
            0.0,
            1.0,
            0.0
          ],
          [
            -0.365999,
            0.0,
            0.930615
          ],
          [
            -27615.7,
            629.15,
            34065.1
          ]
        ],
        "unit_class": "dynBase_military_base_square",
        "objLayer": 2,
        "props": {
          "army": 2,
          "active": false
        }
      },
      {
        "name": "bdt_t2_bomb_object_07",
        "tm": [
          [
            0.993534,
            0.0,
            -0.113523
          ],
          [
            0.0,
            1.0,
            0.0
          ],
          [
            0.113523,
            0.0,
            0.993534
          ],
          [
            -26536.4,
            809.908,
            28882.4
          ]
        ],
        "unit_class": "dynBase_fuel_storage_square",
        "objLayer": 2,
        "props": {
          "army": 2,
          "active": false
        }
      },
      {
        "name": "bdt_t2_bomb_object_08",
        "tm": [
          [
            0.888225,
            0.0,
            0.459414
          ],
          [
            0.0,
            1.0,
            0.0
          ],
          [
            -0.459414,
            0.0,
            0.888225
          ],
          [
            -29604.1,
            1568.36,
            22217.5
          ]
        ],
        "unit_class": "dynBase_ammunition_storage_square",
        "objLayer": 2,
        "props": {
          "army": 2,
          "active": false
        }
      },
      {
        "name": "bdt_t2_bomb_object_09",
        "tm": [
          [
            0.888225,
            0.0,
            0.459414
          ],
          [
            0.0,
            1.0,
            0.0
          ],
          [
            -0.459414,
            0.0,
            0.888225
          ],
          [
            -25371.8,
            1587.72,
            14976.6
          ]
        ],
        "unit_class": "dynBase_field_camp_square",
        "objLayer": 2,
        "props": {
          "army": 2,
          "active": false
        }
      },
      {
        "name": "bdt_t2_bomb_object_10",
        "tm": [
          [
            0.888225,
            0.0,
            0.459414
          ],
          [
            0.0,
            1.0,
            0.0
          ],
          [
            -0.459414,
            0.0,
            0.888225
          ],
          [
            -26527.3,
            1343.94,
            23512.0
          ]
        ],
        "unit_class": "dynBase_oil_storage_small_square",
        "objLayer": 2,
        "props": {
          "army": 2,
          "active": false
        }
      }
    ]
  },
  "areas": {
    "bdt_t2_bomb_zone_01": {
      "type": "Sphere",
      "tm": [
        [
          336.935,
          0.0,
          -298.29
        ],
        [
          0.0,
          450.0,
          0.0
        ],
        [
          298.29,
          0.0,
          336.935
        ],
        [
          -24669.4,
          757.665,
          33111.6
        ]
      ],
      "objLayer": 0,
      "props": {}
    },
    "bdt_t2_bomb_zone_02": {
      "type": "Sphere",
      "tm": [
        [
          367.938,
          0.0,
          -259.08
        ],
        [
          0.0,
          450.0,
          0.0
        ],
        [
          259.08,
          0.0,
          367.938
        ],
        [
          -23846.6,
          1186.86,
          19087.5
        ]
      ],
      "objLayer": 0,
      "props": {}
    },
    "bdt_t2_bomb_zone_03": {
      "type": "Sphere",
      "tm": [
        [
          399.7,
          0.0,
          206.733
        ],
        [
          0.0,
          450.0,
          0.0
        ],
        [
          -206.733,
          0.0,
          399.7
        ],
        [
          -28008.3,
          522.893,
          19153.2
        ]
      ],
      "objLayer": 0,
      "props": {}
    },
    "bdt_t1_bomb_zone_01": {
      "type": "Sphere",
      "tm": [
        [
          432.427,
          0.0,
          -124.524
        ],
        [
          0.0,
          450.0,
          0.0
        ],
        [
          124.524,
          0.0,
          432.427
        ],
        [
          -668.333,
          1176.93,
          28415.1
        ]
      ],
      "objLayer": 0,
      "props": {}
    },
    "bdt_t1_bomb_zone_02": {
      "type": "Sphere",
      "tm": [
        [
          436.754,
          0.0,
          108.374
        ],
        [
          0.0,
          450.0,
          0.0
        ],
        [
          -108.374,
          0.0,
          436.754
        ],
        [
          -3547.78,
          560.52,
          34280.4
        ]
      ],
      "objLayer": 0,
      "props": {}
    },
    "bdt_t1_bomb_zone_03": {
      "type": "Sphere",
      "tm": [
        [
          443.07,
          0.0,
          78.6682
        ],
        [
          0.0,
          450.0,
          0.0
        ],
        [
          -78.6682,
          0.0,
          443.07
        ],
        [
          -4028.57,
          2002.59,
          24759.5
        ]
      ],
      "objLayer": 0,
      "props": {}
    },
    "bdt_t2_bomb_zone_04": {
      "type": "Sphere",
      "tm": [
        [
          447.089,
          0.0,
          -51.0868
        ],
        [
          0.0,
          450.0,
          0.0
        ],
        [
          51.0868,
          0.0,
          447.089
        ],
        [
          -29433.5,
          768.601,
          30010.0
        ]
      ],
      "objLayer": 0,
      "props": {}
    },
    "bdt_t1_bomb_zone_04": {
      "type": "Sphere",
      "tm": [
        [
          443.07,
          0.0,
          78.6682
        ],
        [
          0.0,
          450.0,
          0.0
        ],
        [
          -78.6682,
          0.0,
          443.07
        ],
        [
          -3089.4,
          774.84,
          19654.6
        ]
      ],
      "objLayer": 0,
      "props": {}
    },
    "bdt_t2_bomb_zone_01_aaa_point_01": {
      "type": "Point",
      "tm": [
        [
          0.99131,
          0.0,
          -0.131535
        ],
        [
          0.0,
          1.0,
          0.0
        ],
        [
          0.131535,
          0.0,
          0.99131
        ],
        [
          -24672.3,
          670.385,
          32886.2
        ]
      ],
      "objLayer": 0,
      "props": {}
    },
    "bdt_t2_bomb_zone_01_aaa_point_02": {
      "type": "Point",
      "tm": [
        [
          0.99131,
          0.0,
          -0.131535
        ],
        [
          0.0,
          1.0,
          0.0
        ],
        [
          0.131535,
          0.0,
          0.99131
        ],
        [
          -24771.1,
          865.375,
          33385.6
        ]
      ],
      "objLayer": 0,
      "props": {}
    },
    "bdt_t2_bomb_zone_01_aaa_point_03": {
      "type": "Point",
      "tm": [
        [
          0.99131,
          0.0,
          -0.131535
        ],
        [
          0.0,
          1.0,
          0.0
        ],
        [
          0.131535,
          0.0,
          0.99131
        ],
        [
          -24652.3,
          850.545,
          33378.0
        ]
      ],
      "objLayer": 0,
      "props": {}
    },
    "bdt_t2_bomb_zone_01_aaa_point_04": {
      "type": "Point",
      "tm": [
        [
          0.99131,
          0.0,
          -0.131535
        ],
        [
          0.0,
          1.0,
          0.0
        ],
        [
          0.131535,
          0.0,
          0.99131
        ],
        [
          -24267.9,
          671.745,
          33350.8
        ]
      ],
      "objLayer": 0,
      "props": {}
    },
    "bdt_t2_bomb_zone_02_aaa_point_01": {
      "type": "Point",
      "tm": [
        [
          0.999783,
          0.0,
          -0.0207786
        ],
        [
          0.0,
          1.0,
          0.0
        ],
        [
          0.0207786,
          0.0,
          0.999783
        ],
        [
          -24048.4,
          1184.22,
          18942.4
        ]
      ],
      "objLayer": 0,
      "props": {}
    },
    "bdt_t2_bomb_zone_02_aaa_point_02": {
      "type": "Point",
      "tm": [
        [
          0.999783,
          0.0,
          -0.0207786
        ],
        [
          0.0,
          1.0,
          0.0
        ],
        [
          0.0207786,
          0.0,
          0.999783
        ],
        [
          -23774.8,
          1186.06,
          19406.9
        ]
      ],
      "objLayer": 0,
      "props": {}
    },
    "bdt_t2_bomb_zone_02_aaa_point_03": {
      "type": "Point",
      "tm": [
        [
          0.999783,
          0.0,
          -0.0207786
        ],
        [
          0.0,
          1.0,
          0.0
        ],
        [
          0.0207786,
          0.0,
          0.999783
        ],
        [
          -24101.5,
          1170.21,
          19202.5
        ]
      ],
      "objLayer": 0,
      "props": {}
    },
    "bdt_t2_bomb_zone_02_aaa_point_04": {
      "type": "Point",
      "tm": [
        [
          0.999783,
          0.0,
          -0.0207786
        ],
        [
          0.0,
          1.0,
          0.0
        ],
        [
          0.0207786,
          0.0,
          0.999783
        ],
        [
          -23621.4,
          1184.15,
          19043.8
        ]
      ],
      "objLayer": 0,
      "props": {}
    },
    "bdt_t2_bomb_zone_03_aaa_point_01": {
      "type": "Point",
      "tm": [
        [
          0.999783,
          0.0,
          -0.0207786
        ],
        [
          0.0,
          1.0,
          0.0
        ],
        [
          0.0207786,
          0.0,
          0.999783
        ],
        [
          -27965.4,
          525.693,
          18858.3
        ]
      ],
      "objLayer": 0,
      "props": {}
    },
    "bdt_t2_bomb_zone_03_aaa_point_02": {
      "type": "Point",
      "tm": [
        [
          0.999783,
          0.0,
          -0.0207786
        ],
        [
          0.0,
          1.0,
          0.0
        ],
        [
          0.0207786,
          0.0,
          0.999783
        ],
        [
          -27892.4,
          519.633,
          19421.9
        ]
      ],
      "objLayer": 0,
      "props": {}
    },
    "bdt_t2_bomb_zone_03_aaa_point_03": {
      "type": "Point",
      "tm": [
        [
          0.999783,
          0.0,
          -0.0207786
        ],
        [
          0.0,
          1.0,
          0.0
        ],
        [
          0.0207786,
          0.0,
          0.999783
        ],
        [
          -28199.5,
          520.023,
          19410.2
        ]
      ],
      "objLayer": 0,
      "props": {}
    },
    "bdt_t2_bomb_zone_03_aaa_point_04": {
      "type": "Point",
      "tm": [
        [
          0.999783,
          0.0,
          -0.0207786
        ],
        [
          0.0,
          1.0,
          0.0
        ],
        [
          0.0207786,
          0.0,
          0.999783
        ],
        [
          -28188.3,
          525.553,
          18913.3
        ]
      ],
      "objLayer": 0,
      "props": {}
    },
    "bdt_t2_bomb_zone_04_aaa_point_01": {
      "type": "Point",
      "tm": [
        [
          0.99131,
          0.0,
          -0.131535
        ],
        [
          0.0,
          1.0,
          0.0
        ],
        [
          0.131535,
          0.0,
          0.99131
        ],
        [
          -29166.1,
          828.281,
          30207.2
        ]
      ],
      "objLayer": 0,
      "props": {}
    },
    "bdt_t2_bomb_zone_04_aaa_point_02": {
      "type": "Point",
      "tm": [
        [
          0.99131,
          0.0,
          -0.131535
        ],
        [
          0.0,
          1.0,
          0.0
        ],
        [
          0.131535,
          0.0,
          0.99131
        ],
        [
          -29622.2,
          828.441,
          30246.0
        ]
      ],
      "objLayer": 0,
      "props": {}
    },
    "bdt_t2_bomb_zone_04_aaa_point_03": {
      "type": "Point",
      "tm": [
        [
          0.99131,
          0.0,
          -0.131535
        ],
        [
          0.0,
          1.0,
          0.0
        ],
        [
          0.131535,
          0.0,
          0.99131
        ],
        [
          -29348.5,
          636.221,
          29757.4
        ]
      ],
      "objLayer": 0,
      "props": {}
    },
    "bdt_t2_bomb_zone_04_aaa_point_04": {
      "type": "Point",
      "tm": [
        [
          0.99131,
          0.0,
          -0.131535
        ],
        [
          0.0,
          1.0,
          0.0
        ],
        [
          0.131535,
          0.0,
          0.99131
        ],
        [
          -29585.8,
          694.971,
          29815.8
        ]
      ],
      "objLayer": 0,
      "props": {}
    },
    "bdt_t1_bomb_zone_01_aaa_point_01": {
      "type": "Point",
      "tm": [
        [
          0.951615,
          0.0,
          0.307288
        ],
        [
          0.0,
          1.0,
          0.0
        ],
        [
          -0.307288,
          0.0,
          0.951615
        ],
        [
          -698.333,
          995.965,
          28655.8
        ]
      ],
      "objLayer": 0,
      "props": {}
    },
    "bdt_t1_bomb_zone_01_aaa_point_02": {
      "type": "Point",
      "tm": [
        [
          0.951615,
          0.0,
          0.307288
        ],
        [
          0.0,
          1.0,
          0.0
        ],
        [
          -0.307288,
          0.0,
          0.951615
        ],
        [
          -920.91,
          1155.22,
          28397.5
        ]
      ],
      "objLayer": 0,
      "props": {}
    },
    "bdt_t1_bomb_zone_01_aaa_point_03": {
      "type": "Point",
      "tm": [
        [
          0.951615,
          0.0,
          0.307288
        ],
        [
          0.0,
          1.0,
          0.0
        ],
        [
          -0.307288,
          0.0,
          0.951615
        ],
        [
          -624.753,
          1313.68,
          28185.7
        ]
      ],
      "objLayer": 0,
      "props": {}
    },
    "bdt_t1_bomb_zone_01_aaa_point_04": {
      "type": "Point",
      "tm": [
        [
          0.951615,
          0.0,
          0.307288
        ],
        [
          0.0,
          1.0,
          0.0
        ],
        [
          -0.307288,
          0.0,
          0.951615
        ],
        [
          -846.321,
          1251.36,
          28242.0
        ]
      ],
      "objLayer": 0,
      "props": {}
    },
    "bdt_t1_bomb_zone_02_aaa_point_01": {
      "type": "Point",
      "tm": [
        [
          0.951615,
          0.0,
          0.307288
        ],
        [
          0.0,
          1.0,
          0.0
        ],
        [
          -0.307288,
          0.0,
          0.951615
        ],
        [
          -3412.87,
          562.48,
          34514.8
        ]
      ],
      "objLayer": 0,
      "props": {}
    },
    "bdt_t1_bomb_zone_02_aaa_point_02": {
      "type": "Point",
      "tm": [
        [
          0.951615,
          0.0,
          0.307288
        ],
        [
          0.0,
          1.0,
          0.0
        ],
        [
          -0.307288,
          0.0,
          0.951615
        ],
        [
          -3702.44,
          560.85,
          34496.6
        ]
      ],
      "objLayer": 0,
      "props": {}
    },
    "bdt_t1_bomb_zone_02_aaa_point_03": {
      "type": "Point",
      "tm": [
        [
          0.951615,
          0.0,
          0.307288
        ],
        [
          0.0,
          1.0,
          0.0
        ],
        [
          -0.307288,
          0.0,
          0.951615
        ],
        [
          -3471.61,
          456.98,
          33836.6
        ]
      ],
      "objLayer": 0,
      "props": {}
    },
    "bdt_t1_bomb_zone_02_aaa_point_04": {
      "type": "Point",
      "tm": [
        [
          0.951615,
          0.0,
          0.307288
        ],
        [
          0.0,
          1.0,
          0.0
        ],
        [
          -0.307288,
          0.0,
          0.951615
        ],
        [
          -3869.98,
          421.11,
          34214.6
        ]
      ],
      "objLayer": 0,
      "props": {}
    },
    "bdt_t1_bomb_zone_03_aaa_point_01": {
      "type": "Point",
      "tm": [
        [
          0.979827,
          0.0,
          0.19985
        ],
        [
          0.0,
          1.0,
          0.0
        ],
        [
          -0.19985,
          0.0,
          0.979827
        ],
        [
          -4180.45,
          2155.25,
          24491.9
        ]
      ],
      "objLayer": 0,
      "props": {}
    },
    "bdt_t1_bomb_zone_03_aaa_point_02": {
      "type": "Point",
      "tm": [
        [
          0.979827,
          0.0,
          0.19985
        ],
        [
          0.0,
          1.0,
          0.0
        ],
        [
          -0.19985,
          0.0,
          0.979827
        ],
        [
          -3922.21,
          1999.64,
          24976.9
        ]
      ],
      "objLayer": 0,
      "props": {}
    },
    "bdt_t1_bomb_zone_03_aaa_point_03": {
      "type": "Point",
      "tm": [
        [
          0.979827,
          0.0,
          0.19985
        ],
        [
          0.0,
          1.0,
          0.0
        ],
        [
          -0.19985,
          0.0,
          0.979827
        ],
        [
          -4201.73,
          2006.41,
          24988.1
        ]
      ],
      "objLayer": 0,
      "props": {}
    },
    "bdt_t1_bomb_zone_03_aaa_point_04": {
      "type": "Point",
      "tm": [
        [
          0.979827,
          0.0,
          0.19985
        ],
        [
          0.0,
          1.0,
          0.0
        ],
        [
          -0.19985,
          0.0,
          0.979827
        ],
        [
          -3806.48,
          2004.2,
          24622.6
        ]
      ],
      "objLayer": 0,
      "props": {}
    },
    "bdt_t1_bomb_zone_04_aaa_point_01": {
      "type": "Point",
      "tm": [
        [
          0.979827,
          0.0,
          0.19985
        ],
        [
          0.0,
          1.0,
          0.0
        ],
        [
          -0.19985,
          0.0,
          0.979827
        ],
        [
          -2781.35,
          714.78,
          19580.6
        ]
      ],
      "objLayer": 0,
      "props": {}
    },
    "bdt_t1_bomb_zone_04_aaa_point_02": {
      "type": "Point",
      "tm": [
        [
          0.979827,
          0.0,
          0.19985
        ],
        [
          0.0,
          1.0,
          0.0
        ],
        [
          -0.19985,
          0.0,
          0.979827
        ],
        [
          -2940.98,
          598.87,
          19859.2
        ]
      ],
      "objLayer": 0,
      "props": {}
    },
    "bdt_t1_bomb_zone_04_aaa_point_03": {
      "type": "Point",
      "tm": [
        [
          0.979827,
          0.0,
          0.19985
        ],
        [
          0.0,
          1.0,
          0.0
        ],
        [
          -0.19985,
          0.0,
          0.979827
        ],
        [
          -3037.14,
          864.9,
          19368.4
        ]
      ],
      "objLayer": 0,
      "props": {}
    },
    "bdt_t1_bomb_zone_04_aaa_point_04": {
      "type": "Point",
      "tm": [
        [
          0.979827,
          0.0,
          0.19985
        ],
        [
          0.0,
          1.0,
          0.0
        ],
        [
          -0.19985,
          0.0,
          0.979827
        ],
        [
          -3296.92,
          679.75,
          19890.1
        ]
      ],
      "objLayer": 0,
      "props": {}
    },
    "bdt_t1_bomb_zone_05": {
      "type": "Sphere",
      "tm": [
        [
          443.07,
          0.0,
          78.6682
        ],
        [
          0.0,
          450.0,
          0.0
        ],
        [
          -78.6682,
          0.0,
          443.07
        ],
        [
          -5974.93,
          1042.37,
          16099.5
        ]
      ],
      "objLayer": 0,
      "props": {}
    },
    "bdt_t1_bomb_zone_06": {
      "type": "Sphere",
      "tm": [
        [
          443.07,
          0.0,
          78.6682
        ],
        [
          0.0,
          450.0,
          0.0
        ],
        [
          -78.6682,
          0.0,
          443.07
        ],
        [
          -823.016,
          2031.54,
          24109.1
        ]
      ],
      "objLayer": 0,
      "props": {}
    },
    "bdt_t1_bomb_zone_07": {
      "type": "Sphere",
      "tm": [
        [
          443.07,
          0.0,
          78.6682
        ],
        [
          0.0,
          450.0,
          0.0
        ],
        [
          -78.6682,
          0.0,
          443.07
        ],
        [
          -7716.24,
          618.133,
          18641.4
        ]
      ],
      "objLayer": 0,
      "props": {}
    },
    "bdt_t1_bomb_zone_08": {
      "type": "Sphere",
      "tm": [
        [
          432.427,
          0.0,
          -124.524
        ],
        [
          0.0,
          450.0,
          0.0
        ],
        [
          124.524,
          0.0,
          432.427
        ],
        [
          -5420.67,
          884.03,
          37210.8
        ]
      ],
      "objLayer": 0,
      "props": {}
    },
    "bdt_t1_bomb_zone_09": {
      "type": "Sphere",
      "tm": [
        [
          432.427,
          0.0,
          -124.524
        ],
        [
          0.0,
          450.0,
          0.0
        ],
        [
          124.524,
          0.0,
          432.427
        ],
        [
          -4225.58,
          532.602,
          29944.3
        ]
      ],
      "objLayer": 0,
      "props": {}
    },
    "bdt_t1_bomb_zone_10": {
      "type": "Sphere",
      "tm": [
        [
          432.427,
          0.0,
          -124.524
        ],
        [
          0.0,
          450.0,
          0.0
        ],
        [
          124.524,
          0.0,
          432.427
        ],
        [
          -7557.31,
          718.654,
          34805.2
        ]
      ],
      "objLayer": 0,
      "props": {}
    },
    "bdt_t1_bomb_zone_05_aaa_point_01": {
      "type": "Point",
      "tm": [
        [
          0.979827,
          0.0,
          0.19985
        ],
        [
          0.0,
          1.0,
          0.0
        ],
        [
          -0.19985,
          0.0,
          0.979827
        ],
        [
          -6247.09,
          1042.63,
          16067.2
        ]
      ],
      "objLayer": 0,
      "props": {}
    },
    "bdt_t1_bomb_zone_05_aaa_point_02": {
      "type": "Point",
      "tm": [
        [
          0.979827,
          0.0,
          0.19985
        ],
        [
          0.0,
          1.0,
          0.0
        ],
        [
          -0.19985,
          0.0,
          0.979827
        ],
        [
          -6079.15,
          1041.73,
          15984.2
        ]
      ],
      "objLayer": 0,
      "props": {}
    },
    "bdt_t1_bomb_zone_05_aaa_point_03": {
      "type": "Point",
      "tm": [
        [
          0.979827,
          0.0,
          0.19985
        ],
        [
          0.0,
          1.0,
          0.0
        ],
        [
          -0.19985,
          0.0,
          0.979827
        ],
        [
          -5688.04,
          1042.94,
          16122.4
        ]
      ],
      "objLayer": 0,
      "props": {}
    },
    "bdt_t1_bomb_zone_05_aaa_point_04": {
      "type": "Point",
      "tm": [
        [
          0.979827,
          0.0,
          0.19985
        ],
        [
          0.0,
          1.0,
          0.0
        ],
        [
          -0.19985,
          0.0,
          0.979827
        ],
        [
          -5810.35,
          1007.62,
          16322.9
        ]
      ],
      "objLayer": 0,
      "props": {}
    },
    "bdt_t1_bomb_zone_06_aaa_point_01": {
      "type": "Point",
      "tm": [
        [
          0.979827,
          0.0,
          0.19985
        ],
        [
          0.0,
          1.0,
          0.0
        ],
        [
          -0.19985,
          0.0,
          0.979827
        ],
        [
          -942.326,
          1989.04,
          23793.5
        ]
      ],
      "objLayer": 0,
      "props": {}
    },
    "bdt_t1_bomb_zone_06_aaa_point_02": {
      "type": "Point",
      "tm": [
        [
          0.979827,
          0.0,
          0.19985
        ],
        [
          0.0,
          1.0,
          0.0
        ],
        [
          -0.19985,
          0.0,
          0.979827
        ],
        [
          -1122.99,
          2025.85,
          23985.1
        ]
      ],
      "objLayer": 0,
      "props": {}
    },
    "bdt_t1_bomb_zone_06_aaa_point_03": {
      "type": "Point",
      "tm": [
        [
          0.979827,
          0.0,
          0.19985
        ],
        [
          0.0,
          1.0,
          0.0
        ],
        [
          -0.19985,
          0.0,
          0.979827
        ],
        [
          -874.796,
          1942.61,
          24413.7
        ]
      ],
      "objLayer": 0,
      "props": {}
    },
    "bdt_t1_bomb_zone_06_aaa_point_04": {
      "type": "Point",
      "tm": [
        [
          0.979827,
          0.0,
          0.19985
        ],
        [
          0.0,
          1.0,
          0.0
        ],
        [
          -0.19985,
          0.0,
          0.979827
        ],
        [
          -534.636,
          2090.49,
          24034.6
        ]
      ],
      "objLayer": 0,
      "props": {}
    },
    "bdt_t1_bomb_zone_07_aaa_point_01": {
      "type": "Point",
      "tm": [
        [
          0.979827,
          0.0,
          0.19985
        ],
        [
          0.0,
          1.0,
          0.0
        ],
        [
          -0.19985,
          0.0,
          0.979827
        ],
        [
          -7622.08,
          590.923,
          18927.7
        ]
      ],
      "objLayer": 0,
      "props": {}
    },
    "bdt_t1_bomb_zone_07_aaa_point_02": {
      "type": "Point",
      "tm": [
        [
          0.979827,
          0.0,
          0.19985
        ],
        [
          0.0,
          1.0,
          0.0
        ],
        [
          -0.19985,
          0.0,
          0.979827
        ],
        [
          -7829.67,
          621.112,
          18311.6
        ]
      ],
      "objLayer": 0,
      "props": {}
    },
    "bdt_t1_bomb_zone_07_aaa_point_03": {
      "type": "Point",
      "tm": [
        [
          0.979827,
          0.0,
          0.19985
        ],
        [
          0.0,
          1.0,
          0.0
        ],
        [
          -0.19985,
          0.0,
          0.979827
        ],
        [
          -7393.48,
          765.841,
          18548.1
        ]
      ],
      "objLayer": 0,
      "props": {}
    },
    "bdt_t1_bomb_zone_07_aaa_point_04": {
      "type": "Point",
      "tm": [
        [
          0.979827,
          0.0,
          0.19985
        ],
        [
          0.0,
          1.0,
          0.0
        ],
        [
          -0.19985,
          0.0,
          0.979827
        ],
        [
          -7975.18,
          611.085,
          18948.5
        ]
      ],
      "objLayer": 0,
      "props": {}
    },
    "bdt_t1_bomb_zone_08_aaa_point_01": {
      "type": "Point",
      "tm": [
        [
          0.951615,
          0.0,
          0.307288
        ],
        [
          0.0,
          1.0,
          0.0
        ],
        [
          -0.307288,
          0.0,
          0.951615
        ],
        [
          -5586.8,
          826.85,
          37473.4
        ]
      ],
      "objLayer": 0,
      "props": {}
    },
    "bdt_t1_bomb_zone_08_aaa_point_02": {
      "type": "Point",
      "tm": [
        [
          0.951615,
          0.0,
          0.307288
        ],
        [
          0.0,
          1.0,
          0.0
        ],
        [
          -0.307288,
          0.0,
          0.951615
        ],
        [
          -5656.33,
          898.94,
          37015.6
        ]
      ],
      "objLayer": 0,
      "props": {}
    },
    "bdt_t1_bomb_zone_08_aaa_point_03": {
      "type": "Point",
      "tm": [
        [
          0.951615,
          0.0,
          0.307288
        ],
        [
          0.0,
          1.0,
          0.0
        ],
        [
          -0.307288,
          0.0,
          0.951615
        ],
        [
          -5254.08,
          928.71,
          36894.2
        ]
      ],
      "objLayer": 0,
      "props": {}
    },
    "bdt_t1_bomb_zone_08_aaa_point_04": {
      "type": "Point",
      "tm": [
        [
          0.951615,
          0.0,
          0.307288
        ],
        [
          0.0,
          1.0,
          0.0
        ],
        [
          -0.307288,
          0.0,
          0.951615
        ],
        [
          -5163.52,
          841.05,
          37300.0
        ]
      ],
      "objLayer": 0,
      "props": {}
    },
    "bdt_t1_bomb_zone_09_aaa_point_01": {
      "type": "Point",
      "tm": [
        [
          0.951615,
          0.0,
          0.307288
        ],
        [
          0.0,
          1.0,
          0.0
        ],
        [
          -0.307288,
          0.0,
          0.951615
        ],
        [
          -4670.03,
          455.362,
          29888.6
        ]
      ],
      "objLayer": 0,
      "props": {}
    },
    "bdt_t1_bomb_zone_09_aaa_point_02": {
      "type": "Point",
      "tm": [
        [
          0.951615,
          0.0,
          0.307288
        ],
        [
          0.0,
          1.0,
          0.0
        ],
        [
          -0.307288,
          0.0,
          0.951615
        ],
        [
          -4316.08,
          390.992,
          29543.9
        ]
      ],
      "objLayer": 0,
      "props": {}
    },
    "bdt_t1_bomb_zone_09_aaa_point_03": {
      "type": "Point",
      "tm": [
        [
          0.951615,
          0.0,
          0.307288
        ],
        [
          0.0,
          1.0,
          0.0
        ],
        [
          -0.307288,
          0.0,
          0.951615
        ],
        [
          -3821.74,
          601.04,
          30284.3
        ]
      ],
      "objLayer": 0,
      "props": {}
    },
    "bdt_t1_bomb_zone_09_aaa_point_04": {
      "type": "Point",
      "tm": [
        [
          0.951615,
          0.0,
          0.307288
        ],
        [
          0.0,
          1.0,
          0.0
        ],
        [
          -0.307288,
          0.0,
          0.951615
        ],
        [
          -3893.84,
          427.702,
          29713.6
        ]
      ],
      "objLayer": 0,
      "props": {}
    },
