{
  "selected_tag": "",
  "bin_dump_file": "",
  "mission_settings": {
    "player": {
      "army": 1
    },
    "player_teamB": {
      "army": 2
    },
    "mission": {
      "level": "levels/air_smolensk.bin",
      "type": "domination",
      "environment": "Day",
      "weather": "hazy",
      "restoreType": "attempts",
      "optionalTakeOff": false
    }
  },
  "imports": {},
  "triggers": {
    "isCategory": true,
    "is_enabled": true
  },
  "mission_objectives": {
    "isCategory": true,
    "is_enabled": true
  },
  "variables": {},
  "dialogs": {},
  "airfields": {},
  "effects": {},
  "units": {
    "objectGroups": [
      {
        "name": "bdt_t2_bomb_object_01",
        "tm": [
          [
            0.748738,
            0.0,
            -0.662863
          ],
          [
            0.0,
            1.0,
            0.0
          ],
          [
            0.662863,
            0.0,
            0.748738
          ],
          [
            -24998.0,
            811.885,
            28958.1
          ]
        ],
        "unit_class": "dynBase_hq_camp_square",
        "objLayer": 2,
        "props": {
          "army": 2,
          "active": false
        }
      },
      {
        "name": "bdt_t2_bomb_object_02",
        "tm": [
          [
            0.213868,
            0.0,
            -0.976866
          ],
          [
            0.0,
            1.0,
            0.0
          ],
          [
            0.976866,
            0.0,
            0.213868
          ],
          [
            -20505.6,
            1859.19,
            17445.6
          ]
        ],
        "unit_class": "dynBase_fuel_storage_square",
        "objLayer": 2,
        "props": {
          "army": 2,
          "active": false
        }
      },
      {
        "name": "bdt_t2_bomb_object_03",
        "tm": [
          [
            0.888225,
            0.0,
            0.459414
          ],
          [
            0.0,
            1.0,
            0.0
          ],
          [
            -0.459414,
            0.0,
            0.888225
          ],
          [
            -22990.8,
            1342.85,
            20399.9
          ]
        ],
        "unit_class": "dynBase_military_base_square",
        "objLayer": 2,
        "props": {
          "army": 2,
          "active": false
        }
      },
      {
        "name": "bdt_t1_bomb_object_01",
        "tm": [
          [
            0.960951,
            0.0,
            -0.276717
          ],
          [
            0.0,
            1.0,
            0.0
          ],
          [
            0.276717,
            0.0,
            0.960951
          ],
          [
            -4175.54,
            538.052,
            29986.7
          ]
        ],
        "unit_class": "dynBase_fuel_storage_square",
        "objLayer": 2,
        "props": {
          "army": 1,
          "active": false
        }
      },
      {
        "name": "bdt_t1_bomb_object_02",
        "tm": [
          [
            0.895434,
            0.0,
            0.445193
          ],
          [
            0.0,
            1.0,
            0.0
          ],
          [
            -0.445193,
            0.0,
            0.895434
          ],
          [
            -10691.3,
            652.118,
            34693.1
          ]
        ],
        "unit_class": "dynBase_small_factory_square",
        "objLayer": 2,
        "props": {
          "army": 1,
          "active": false
        }
      },
      {
        "name": "bdt_t1_bomb_object_03",
        "tm": [
          [
            0.844005,
            0.0,
            0.536334
          ],
          [
            0.0,
            1.0,
            0.0
          ],
          [
            -0.536334,
            0.0,
            0.844005
          ],
          [
            -6621.98,
            1386.49,
            24309.6
          ]
        ],
        "unit_class": "dynBase_oil_storage_small_square",
        "objLayer": 2,
        "props": {
          "army": 1,
          "active": false
        }
      },
      {
        "name": "bdt_t2_bomb_object_04",
        "tm": [
          [
            0.993535,
            0.0,
            -0.113522
          ],
          [
            0.0,
            1.0,
            0.0
          ],
          [
            0.113522,
            0.0,
            0.993535
          ],
          [
            -27457.5,
            688.866,
            30263.2
          ]
        ],
        "unit_class": "dynBase_small_factory_square",
        "objLayer": 2,
        "props": {
          "army": 2,
          "active": false
        }
      },
      {
        "name": "bdt_t1_bomb_object_04",
        "tm": [
          [
            0.978341,
            0.0,
            0.207004
          ],
          [
            0.0,
            1.0,
            0.0
          ],
          [
            -0.207004,
            0.0,
            0.978341
          ],
          [
            -4204.13,
            626.528,
            20354.3
          ]
        ],
        "unit_class": "dynBase_field_camp_square",
        "objLayer": 2,
        "props": {
          "army": 1,
          "active": false
        }
      },
      {
        "name": "bdt_t1_bomb_object_05",
        "tm": [
          [
            0.978341,
            0.0,
            0.207004
          ],
          [
            0.0,
            1.0,
            0.0
          ],
          [
            -0.207004,
            0.0,
            0.978341
          ],
          [
            -9261.49,
            550.244,
            19574.5
          ]
        ],
        "unit_class": "dynBase_military_base_square",
        "objLayer": 2,
        "props": {
          "army": 1,
          "active": false
        }
      },
      {
        "name": "bdt_t1_bomb_object_06",
        "tm": [
          [
            0.978341,
            0.0,
            0.207004
          ],
          [
            0.0,
            1.0,
            0.0
          ],
          [
            -0.207004,
            0.0,
            0.978341
          ],
          [
            -11417.5,
            535.263,
            17555.5
          ]
        ],
        "unit_class": "dynBase_oil_storage_large_square",
        "objLayer": 2,
        "props": {
          "army": 1,
          "active": false
        }
      },
      {
        "name": "bdt_t1_bomb_object_07",
        "tm": [
          [
            0.978341,
            0.0,
            0.207004
          ],
          [
            0.0,
            1.0,
            0.0
          ],
          [
            -0.207004,
            0.0,
            0.978341
          ],
          [
            -6766.8,
            797.185,
            17671.8
          ]
        ],
        "unit_class": "dynBase_oil_storage_large_square",
        "objLayer": 2,
        "props": {
          "army": 1,
          "active": false
        }
      },
      {
        "name": "bdt_t1_bomb_object_08",
        "tm": [
          [
            0.960951,
            0.0,
            -0.276717
          ],
          [
            0.0,
            1.0,
            0.0
          ],
          [
            0.276717,
            0.0,
            0.960951
          ],
          [
            -8790.88,
            915.987,
            37346.2
          ]
        ],
        "unit_class": "dynBase_small_factory_square",
        "objLayer": 2,
        "props": {
          "army": 1,
          "active": false
        }
      },
      {
        "name": "bdt_t1_bomb_object_09",
        "tm": [
          [
            0.960951,
            0.0,
            -0.276717
          ],
          [
            0.0,
            1.0,
            0.0
          ],
          [
            0.276717,
            0.0,
            0.960951
          ],
          [
            -6667.91,
            528.455,
            28360.5
          ]
        ],
        "unit_class": "dynBase_petrol_camp_square",
        "objLayer": 2,
        "props": {
          "army": 1,
          "active": false
        }
      },
      {
        "name": "bdt_t1_bomb_object_10",
        "tm": [
          [
            0.960951,
            0.0,
            -0.276717
          ],
          [
            0.0,
            1.0,
            0.0
          ],
          [
            0.276717,
            0.0,
            0.960951
          ],
          [
            -8242.79,
            577.109,
            32859.0
          ]
        ],
        "unit_class": "dynBase_petrol_camp_square",
        "objLayer": 2,
        "props": {
          "army": 1,
          "active": false
        }
      },
      {
        "name": "bdt_t2_bomb_object_05",
        "tm": [
          [
            0.993535,
            0.0,
            -0.113522
          ],
          [
            0.0,
            1.0,
            0.0
          ],
          [
            0.113522,
            0.0,
            0.993535
          ],
          [
            -22012.5,
            832.439,
            38537.0
          ]
        ],
        "unit_class": "dynBase_petrol_camp_square",
        "objLayer": 2,
        "props": {
          "army": 2,
          "active": false
        }
      },
      {
        "name": "bdt_t2_bomb_object_06",
        "tm": [
          [
            0.930616,
            0.0,
            0.365999
          ],
          [
            0.0,
            1.0,
            0.0
          ],
          [
            -0.365999,
            0.0,
            0.930616
          ],
          [
            -20657.3,
            529.144,
            34556.1
          ]
        ],
        "unit_class": "dynBase_military_base_square",
        "objLayer": 2,
        "props": {
          "army": 2,
          "active": false
        }
      },
      {
        "name": "bdt_t2_bomb_object_07",
        "tm": [
          [
            0.993535,
            0.0,
            -0.113522
          ],
          [
            0.0,
            1.0,
            0.0
          ],
          [
            0.113522,
            0.0,
            0.993535
          ],
          [
            -23306.5,
            675.47,
            32629.4
          ]
        ],
        "unit_class": "dynBase_fuel_storage_square",
        "objLayer": 2,
        "props": {
          "army": 2,
          "active": false
        }
      },
      {
        "name": "bdt_t2_bomb_object_08",
        "tm": [
          [
            0.888225,
            0.0,
            0.459414
          ],
          [
            0.0,
            1.0,
            0.0
          ],
          [
            -0.459414,
            0.0,
            0.888225
          ],
          [
            -27920.8,
            1548.28,
            22810.5
          ]
        ],
        "unit_class": "dynBase_ammunition_storage_square",
        "objLayer": 2,
        "props": {
          "army": 2,
          "active": false
        }
      },
      {
        "name": "bdt_t2_bomb_object_09",
        "tm": [
          [
            0.888225,
            0.0,
            0.459414
          ],
          [
            0.0,
            1.0,
            0.0
          ],
          [
            -0.459414,
            0.0,
            0.888225
          ],
          [
            -24124.8,
            1178.52,
            17602.6
          ]
        ],
        "unit_class": "dynBase_field_camp_square",
        "objLayer": 2,
        "props": {
          "army": 2,
          "active": false
        }
      },
      {
        "name": "bdt_t2_bomb_object_10",
        "tm": [
          [
            0.888225,
            0.0,
            0.459414
          ],
          [
            0.0,
            1.0,
            0.0
          ],
          [
            -0.459414,
            0.0,
            0.888225
          ],
          [
            -25139.4,
            1211.18,
            24299.3
          ]
        ],
        "unit_class": "dynBase_oil_storage_small_square",
        "objLayer": 2,
        "props": {
          "army": 2,
          "active": false
        }
      }
    ]
  },
  "areas": {
    "bdt_t2_bomb_zone_01": {
      "type": "Sphere",
      "tm": [
        [
          336.934,
          0.0,
          -298.289
        ],
        [
          0.0,
          450.0,
          0.0
        ],
        [
          298.289,
          0.0,
          336.934
        ],
        [
          -25004.2,
          813.665,
          28954.6
        ]
      ],
      "objLayer": 0,
      "props": {}
    },
    "bdt_t2_bomb_zone_02": {
      "type": "Sphere",
      "tm": [
        [
          367.939,
          0.0,
          -259.081
        ],
        [
          0.0,
          450.0,
          0.0
        ],
        [
          259.081,
          0.0,
          367.939
        ],
        [
          -20486.7,
          1847.11,
          17456.2
        ]
      ],
      "objLayer": 0,
      "props": {}
    },
    "bdt_t2_bomb_zone_03": {
      "type": "Sphere",
      "tm": [
        [
          399.701,
          0.0,
          206.734
        ],
        [
          0.0,
          450.0,
          0.0
        ],
        [
          -206.734,
          0.0,
          399.701
        ],
        [
          -22999.3,
          1342.34,
          20404.8
        ]
      ],
      "objLayer": 0,
      "props": {}
    },
    "bdt_t1_bomb_zone_01": {
      "type": "Sphere",
      "tm": [
        [
          432.427,
          0.0,
          -124.525
        ],
        [
          0.0,
          450.0,
          0.0
        ],
        [
          124.525,
          0.0,
          432.427
        ],
        [
          -4162.63,
          538.092,
          29986.4
        ]
      ],
      "objLayer": 0,
      "props": {}
    },
    "bdt_t1_bomb_zone_02": {
      "type": "Sphere",
      "tm": [
        [
          436.754,
          0.0,
          108.374
        ],
        [
          0.0,
          450.0,
          0.0
        ],
        [
          -108.374,
          0.0,
          436.754
        ],
        [
          -10687.8,
          652.518,
          34696.2
        ]
      ],
      "objLayer": 0,
      "props": {}
    },
    "bdt_t1_bomb_zone_03": {
      "type": "Sphere",
      "tm": [
        [
          443.069,
          0.0,
          78.6679
        ],
        [
          0.0,
          450.0,
          0.0
        ],
        [
          -78.6679,
          0.0,
          443.069
        ],
        [
          -6616.45,
          1386.36,
          24311.1
        ]
      ],
      "objLayer": 0,
      "props": {}
    },
    "bdt_t2_bomb_zone_04": {
      "type": "Sphere",
      "tm": [
        [
          447.089,
          0.0,
          -51.0853
        ],
        [
          0.0,
          450.0,
          0.0
        ],
        [
          51.0853,
          0.0,
          447.089
        ],
        [
          -27450.0,
          686.036,
          30260.5
        ]
      ],
      "objLayer": 0,
      "props": {}
    },
    "bdt_t1_bomb_zone_04": {
      "type": "Sphere",
      "tm": [
        [
          443.069,
          0.0,
          78.6679
        ],
        [
          0.0,
          450.0,
          0.0
        ],
        [
          -78.6679,
          0.0,
          443.069
        ],
        [
          -4204.73,
          626.498,
          20360.0
        ]
      ],
      "objLayer": 0,
      "props": {}
    },
    "bdt_t2_bomb_zone_01_aaa_point_01": {
      "type": "Point",
      "tm": [
        [
          0.99131,
          0.0,
          -0.131535
        ],
        [
          0.0,
          1.0,
          0.0
        ],
        [
          0.131535,
          0.0,
          0.99131
        ],
        [
          -25007.1,
          804.025,
          28729.1
        ]
      ],
      "objLayer": 0,
      "props": {}
    },
    "bdt_t2_bomb_zone_01_aaa_point_02": {
      "type": "Point",
      "tm": [
        [
          0.99131,
          0.0,
          -0.131535
        ],
        [
          0.0,
          1.0,
          0.0
        ],
        [
          0.131535,
          0.0,
          0.99131
        ],
        [
          -25105.9,
          857.695,
          29228.5
        ]
      ],
      "objLayer": 0,
      "props": {}
    },
    "bdt_t2_bomb_zone_01_aaa_point_03": {
      "type": "Point",
      "tm": [
        [
          0.99131,
          0.0,
          -0.131535
        ],
        [
          0.0,
          1.0,
          0.0
        ],
        [
          0.131535,
          0.0,
          0.99131
        ],
        [
          -24987.2,
          819.845,
          29220.9
        ]
      ],
      "objLayer": 0,
      "props": {}
    },
    "bdt_t2_bomb_zone_01_aaa_point_04": {
      "type": "Point",
      "tm": [
        [
          0.99131,
          0.0,
          -0.131535
        ],
        [
          0.0,
          1.0,
          0.0
        ],
        [
          0.131535,
          0.0,
          0.99131
        ],
        [
          -24602.6,
          788.605,
          29193.6
        ]
      ],
      "objLayer": 0,
      "props": {}
    },
    "bdt_t2_bomb_zone_02_aaa_point_01": {
      "type": "Point",
      "tm": [
        [
          0.999782,
          0.0,
          -0.0207778
        ],
        [
          0.0,
          1.0,
          0.0
        ],
        [
          0.0207778,
          0.0,
          0.999782
        ],
        [
          -20688.3,
          1956.32,
          17311.0
        ]
      ],
      "objLayer": 0,
      "props": {}
    },
    "bdt_t2_bomb_zone_02_aaa_point_02": {
      "type": "Point",
      "tm": [
        [
          0.999782,
          0.0,
          -0.0207778
        ],
        [
          0.0,
          1.0,
          0.0
        ],
        [
          0.0207778,
          0.0,
          0.999782
        ],
        [
          -20414.9,
          1686.5,
          17775.5
        ]
      ],
      "objLayer": 0,
      "props": {}
    },
    "bdt_t2_bomb_zone_02_aaa_point_03": {
      "type": "Point",
      "tm": [
        [
          0.999782,
          0.0,
          -0.0207778
        ],
        [
          0.0,
          1.0,
          0.0
        ],
        [
          0.0207778,
          0.0,
          0.999782
        ],
        [
          -20741.5,
          1847.11,
          17571.1
        ]
      ],
      "objLayer": 0,
      "props": {}
    },
    "bdt_t2_bomb_zone_02_aaa_point_04": {
      "type": "Point",
      "tm": [
        [
          0.999782,
          0.0,
          -0.0207778
        ],
        [
          0.0,
          1.0,
          0.0
        ],
        [
          0.0207778,
          0.0,
          0.999782
        ],
        [
          -20261.4,
          1804.66,
          17412.3
        ]
      ],
      "objLayer": 0,
      "props": {}
    },
    "bdt_t2_bomb_zone_03_aaa_point_01": {
      "type": "Point",
      "tm": [
        [
          0.999782,
          0.0,
          -0.0207778
        ],
        [
          0.0,
          1.0,
          0.0
        ],
        [
          0.0207778,
          0.0,
          0.999782
        ],
        [
          -22956.5,
          1338.36,
          20109.9
        ]
      ],
      "objLayer": 0,
      "props": {}
    },
    "bdt_t2_bomb_zone_03_aaa_point_02": {
      "type": "Point",
      "tm": [
        [
          0.999782,
          0.0,
          -0.0207778
        ],
        [
          0.0,
          1.0,
          0.0
        ],
        [
          0.0207778,
          0.0,
          0.999782
        ],
        [
          -22883.3,
          1205.83,
          20673.4
        ]
      ],
      "objLayer": 0,
      "props": {}
    },
    "bdt_t2_bomb_zone_03_aaa_point_03": {
      "type": "Point",
      "tm": [
        [
          0.999782,
          0.0,
          -0.0207778
        ],
        [
          0.0,
          1.0,
          0.0
        ],
        [
          0.0207778,
          0.0,
          0.999782
        ],
        [
          -23190.5,
          1276.24,
          20661.8
        ]
      ],
      "objLayer": 0,
      "props": {}
    },
    "bdt_t2_bomb_zone_03_aaa_point_04": {
      "type": "Point",
      "tm": [
        [
          0.999782,
          0.0,
          -0.0207778
        ],
        [
          0.0,
          1.0,
          0.0
        ],
        [
          0.0207778,
          0.0,
          0.999782
        ],
        [
          -23179.4,
          1377.66,
          20164.8
        ]
      ],
      "objLayer": 0,
      "props": {}
    },
    "bdt_t2_bomb_zone_04_aaa_point_01": {
      "type": "Point",
      "tm": [
        [
          0.99131,
          0.0,
          -0.131535
        ],
        [
          0.0,
          1.0,
          0.0
        ],
        [
          0.131535,
          0.0,
          0.99131
        ],
        [
          -27182.6,
          619.804,
          30457.7
        ]
      ],
      "objLayer": 0,
      "props": {}
    },
    "bdt_t2_bomb_zone_04_aaa_point_02": {
      "type": "Point",
      "tm": [
        [
          0.99131,
          0.0,
          -0.131535
        ],
        [
          0.0,
          1.0,
          0.0
        ],
        [
          0.131535,
          0.0,
          0.99131
        ],
        [
          -27638.8,
          732.796,
          30496.6
        ]
      ],
      "objLayer": 0,
      "props": {}
    },
    "bdt_t2_bomb_zone_04_aaa_point_03": {
      "type": "Point",
      "tm": [
        [
          0.99131,
          0.0,
          -0.131535
        ],
        [
          0.0,
          1.0,
          0.0
        ],
        [
          0.131535,
          0.0,
          0.99131
        ],
        [
          -27365.0,
          676.956,
          30008.0
        ]
      ],
      "objLayer": 0,
      "props": {}
    },
    "bdt_t2_bomb_zone_04_aaa_point_04": {
      "type": "Point",
      "tm": [
        [
          0.99131,
          0.0,
          -0.131535
        ],
        [
          0.0,
          1.0,
          0.0
        ],
        [
          0.131535,
          0.0,
          0.99131
        ],
        [
          -27602.4,
          768.356,
          30066.2
        ]
      ],
      "objLayer": 0,
      "props": {}
    },
    "bdt_t1_bomb_zone_01_aaa_point_01": {
      "type": "Point",
      "tm": [
        [
          0.951616,
          0.0,
          0.307289
        ],
        [
          0.0,
          1.0,
          0.0
        ],
        [
          -0.307289,
          0.0,
          0.951616
        ],
        [
          -3923.49,
          541.482,
          30073.0
        ]
      ],
      "objLayer": 0,
      "props": {}
    },
    "bdt_t1_bomb_zone_01_aaa_point_02": {
      "type": "Point",
      "tm": [
        [
          0.951616,
          0.0,
          0.307289
        ],
        [
          0.0,
          1.0,
          0.0
        ],
        [
          -0.307289,
          0.0,
          0.951616
        ],
        [
          -4415.28,
          493.732,
          29969.0
        ]
      ],
      "objLayer": 0,
      "props": {}
    },
    "bdt_t1_bomb_zone_01_aaa_point_03": {
      "type": "Point",
      "tm": [
        [
          0.951616,
          0.0,
          0.307289
        ],
        [
          0.0,
          1.0,
          0.0
        ],
        [
          -0.307289,
          0.0,
          0.951616
        ],
        [
          -4119.34,
          550.967,
          29757.2
        ]
      ],
      "objLayer": 0,
      "props": {}
    },
    "bdt_t1_bomb_zone_01_aaa_point_04": {
      "type": "Point",
      "tm": [
        [
          0.951616,
          0.0,
          0.307289
        ],
        [
          0.0,
          1.0,
          0.0
        ],
        [
          -0.307289,
          0.0,
          0.951616
        ],
        [
          -4340.88,
          544.207,
          29813.4
        ]
      ],
      "objLayer": 0,
      "props": {}
    },
    "bdt_t1_bomb_zone_02_aaa_point_01": {
      "type": "Point",
      "tm": [
        [
          0.951616,
          0.0,
          0.307289
        ],
        [
          0.0,
          1.0,
          0.0
        ],
        [
          -0.307289,
          0.0,
          0.951616
        ],
        [
          -10552.9,
          581.708,
          34930.6
        ]
      ],
      "objLayer": 0,
      "props": {}
    },
    "bdt_t1_bomb_zone_02_aaa_point_02": {
      "type": "Point",
      "tm": [
        [
          0.951616,
          0.0,
          0.307289
        ],
        [
          0.0,
          1.0,
          0.0
        ],
        [
          -0.307289,
          0.0,
          0.951616
        ],
        [
          -10842.5,
          625.478,
          34912.2
        ]
      ],
      "objLayer": 0,
      "props": {}
    },
    "bdt_t1_bomb_zone_02_aaa_point_03": {
      "type": "Point",
      "tm": [
        [
          0.951616,
          0.0,
          0.307289
        ],
        [
          0.0,
          1.0,
          0.0
        ],
        [
          -0.307289,
          0.0,
          0.951616
        ],
        [
          -10611.9,
          568.138,
          34252.0
        ]
      ],
      "objLayer": 0,
      "props": {}
    },
    "bdt_t1_bomb_zone_02_aaa_point_04": {
      "type": "Point",
      "tm": [
        [
          0.951616,
          0.0,
          0.307289
        ],
        [
          0.0,
          1.0,
          0.0
        ],
        [
          -0.307289,
          0.0,
          0.951616
        ],
        [
          -11010.0,
          704.548,
          34630.3
        ]
      ],
      "objLayer": 0,
      "props": {}
    },
    "bdt_t1_bomb_zone_03_aaa_point_01": {
      "type": "Point",
      "tm": [
        [
          0.979827,
          0.0,
          0.19985
        ],
        [
          0.0,
          1.0,
          0.0
        ],
        [
          -0.19985,
          0.0,
          0.979827
        ],
        [
          -6768.37,
          1390.73,
          24043.5
        ]
      ],
      "objLayer": 0,
      "props": {}
    },
    "bdt_t1_bomb_zone_03_aaa_point_02": {
      "type": "Point",
      "tm": [
        [
          0.979827,
          0.0,
          0.19985
        ],
        [
          0.0,
          1.0,
          0.0
        ],
        [
          -0.19985,
          0.0,
          0.979827
        ],
        [
          -6510.09,
          1383.42,
          24528.6
        ]
      ],
      "objLayer": 0,
      "props": {}
    },
    "bdt_t1_bomb_zone_03_aaa_point_03": {
      "type": "Point",
      "tm": [
        [
          0.979827,
          0.0,
          0.19985
        ],
        [
          0.0,
          1.0,
          0.0
        ],
        [
          -0.19985,
          0.0,
          0.979827
        ],
        [
          -6789.75,
          1390.18,
          24539.8
        ]
      ],
      "objLayer": 0,
      "props": {}
    },
    "bdt_t1_bomb_zone_03_aaa_point_04": {
      "type": "Point",
      "tm": [
        [
          0.979827,
          0.0,
          0.19985
        ],
        [
          0.0,
          1.0,
          0.0
        ],
        [
          -0.19985,
          0.0,
          0.979827
        ],
        [
          -6394.45,
          1387.98,
          24174.2
        ]
      ],
      "objLayer": 0,
      "props": {}
    },
    "bdt_t1_bomb_zone_04_aaa_point_01": {
      "type": "Point",
      "tm": [
        [
          0.979827,
          0.0,
          0.19985
        ],
        [
          0.0,
          1.0,
          0.0
        ],
        [
          -0.19985,
          0.0,
          0.979827
        ],
        [
          -3896.72,
          628.688,
          20286.0
        ]
      ],
      "objLayer": 0,
      "props": {}
    },
    "bdt_t1_bomb_zone_04_aaa_point_02": {
      "type": "Point",
      "tm": [
        [
          0.979827,
          0.0,
          0.19985
        ],
        [
          0.0,
          1.0,
          0.0
        ],
        [
          -0.19985,
          0.0,
          0.979827
        ],
        [
          -4056.44,
          626.618,
          20564.6
        ]
      ],
      "objLayer": 0,
      "props": {}
    },
    "bdt_t1_bomb_zone_04_aaa_point_03": {
      "type": "Point",
      "tm": [
        [
          0.979827,
          0.0,
          0.19985
        ],
        [
          0.0,
          1.0,
          0.0
        ],
        [
          -0.19985,
          0.0,
          0.979827
        ],
        [
          -4152.64,
          627.548,
          20073.9
        ]
      ],
      "objLayer": 0,
      "props": {}
    },
    "bdt_t1_bomb_zone_04_aaa_point_04": {
      "type": "Point",
      "tm": [
        [
          0.979827,
          0.0,
          0.19985
        ],
        [
          0.0,
          1.0,
          0.0
        ],
        [
          -0.19985,
          0.0,
          0.979827
        ],
        [
          -4412.22,
          625.958,
          20595.4
        ]
      ],
      "objLayer": 0,
      "props": {}
    },
    "bdt_t1_bomb_zone_05": {
      "type": "Sphere",
      "tm": [
        [
          443.069,
          0.0,
          78.6679
        ],
        [
          0.0,
          450.0,
          0.0
        ],
        [
          -78.6679,
          0.0,
          443.069
        ],
        [
          -9262.35,
          548.454,
          19580.2
        ]
      ],
      "objLayer": 0,
      "props": {}
    },
    "bdt_t1_bomb_zone_06": {
      "type": "Sphere",
      "tm": [
        [
          443.069,
          0.0,
          78.6679
        ],
        [
          0.0,
          450.0,
          0.0
        ],
        [
          -78.6679,
          0.0,
          443.069
        ],
        [
          -11418.3,
          535.323,
          17561.2
        ]
      ],
      "objLayer": 0,
      "props": {}
    },
    "bdt_t1_bomb_zone_07": {
      "type": "Sphere",
      "tm": [
        [
          443.069,
          0.0,
          78.6679
        ],
        [
          0.0,
          450.0,
          0.0
        ],
        [
          -78.6679,
          0.0,
          443.069
        ],
        [
          -6767.57,
          797.305,
          17677.6
        ]
      ],
      "objLayer": 0,
      "props": {}
    },
    "bdt_t1_bomb_zone_08": {
      "type": "Sphere",
      "tm": [
        [
          432.427,
          0.0,
          -124.525
        ],
        [
          0.0,
          450.0,
          0.0
        ],
        [
          124.525,
          0.0,
          432.427
        ],
        [
          -8778.16,
          922.537,
          37345.8
        ]
      ],
      "objLayer": 0,
      "props": {}
    },
    "bdt_t1_bomb_zone_09": {
      "type": "Sphere",
      "tm": [
        [
          432.427,
          0.0,
          -124.525
        ],
        [
          0.0,
          450.0,
          0.0
        ],
        [
          124.525,
          0.0,
          432.427
        ],
        [
          -6655.44,
          527.405,
          28359.9
        ]
      ],
      "objLayer": 0,
      "props": {}
    },
    "bdt_t1_bomb_zone_10": {
      "type": "Sphere",
      "tm": [
        [
          432.427,
          0.0,
          -124.525
        ],
        [
          0.0,
          450.0,
          0.0
        ],
        [
          124.525,
          0.0,
          432.427
        ],
        [
          -8230.08,
          583.308,
          32858.6
        ]
      ],
      "objLayer": 0,
      "props": {}
    },
    "bdt_t1_bomb_zone_05_aaa_point_01": {
      "type": "Point",
      "tm": [
        [
          0.979827,
          0.0,
          0.19985
        ],
        [
          0.0,
          1.0,
          0.0
        ],
        [
          -0.19985,
          0.0,
          0.979827
        ],
        [
          -9534.43,
          541.794,
          19548.0
        ]
      ],
      "objLayer": 0,
      "props": {}
    },
    "bdt_t1_bomb_zone_05_aaa_point_02": {
      "type": "Point",
      "tm": [
        [
          0.979827,
          0.0,
          0.19985
        ],
        [
          0.0,
          1.0,
          0.0
        ],
        [
          -0.19985,
          0.0,
          0.979827
        ],
        [
          -9366.57,
          576.664,
          19464.9
        ]
      ],
      "objLayer": 0,
      "props": {}
    },
    "bdt_t1_bomb_zone_05_aaa_point_03": {
      "type": "Point",
      "tm": [
        [
          0.979827,
          0.0,
          0.19985
        ],
        [
          0.0,
          1.0,
          0.0
        ],
        [
          -0.19985,
          0.0,
          0.979827
        ],
        [
          -8975.63,
          567.314,
          19603.3
        ]
      ],
      "objLayer": 0,
      "props": {}
    },
    "bdt_t1_bomb_zone_05_aaa_point_04": {
      "type": "Point",
      "tm": [
        [
          0.979827,
          0.0,
          0.19985
        ],
        [
          0.0,
          1.0,
          0.0
        ],
        [
          -0.19985,
          0.0,
          0.979827
        ],
        [
          -9097.68,
          491.594,
          19803.7
        ]
      ],
      "objLayer": 0,
      "props": {}
    },
    "bdt_t1_bomb_zone_06_aaa_point_01": {
      "type": "Point",
      "tm": [
        [
          0.979827,
          0.0,
          0.19985
        ],
        [
          0.0,
          1.0,
          0.0
        ],
        [
          -0.19985,
          0.0,
          0.979827
        ],
        [
          -11537.6,
          530.613,
          17245.7
        ]
      ],
      "objLayer": 0,
      "props": {}
    },
    "bdt_t1_bomb_zone_06_aaa_point_02": {
      "type": "Point",
      "tm": [
        [
          0.979827,
          0.0,
          0.19985
        ],
        [
          0.0,
          1.0,
          0.0
        ],
        [
          -0.19985,
          0.0,
          0.979827
        ],
        [
          -11718.4,
          532.873,
          17437.4
        ]
      ],
      "objLayer": 0,
      "props": {}
    },
    "bdt_t1_bomb_zone_06_aaa_point_03": {
      "type": "Point",
      "tm": [
        [
          0.979827,
          0.0,
          0.19985
        ],
        [
          0.0,
          1.0,
          0.0
        ],
        [
          -0.19985,
          0.0,
          0.979827
        ],
        [
          -11604.9,
          536.853,
          17707.9
        ]
      ],
      "objLayer": 0,
      "props": {}
    },
    "bdt_t1_bomb_zone_06_aaa_point_04": {
      "type": "Point",
      "tm": [
        [
          0.979827,
          0.0,
          0.19985
        ],
        [
          0.0,
          1.0,
          0.0
        ],
        [
          -0.19985,
          0.0,
          0.979827
        ],
        [
          -11130.0,
          532.623,
          17486.9
        ]
      ],
      "objLayer": 0,
      "props": {}
    },
    "bdt_t1_bomb_zone_07_aaa_point_01": {
      "type": "Point",
      "tm": [
        [
          0.979827,
          0.0,
          0.19985
        ],
        [
          0.0,
          1.0,
          0.0
        ],
        [
          -0.19985,
          0.0,
          0.979827
        ],
        [
          -6673.38,
          798.605,
          17963.8
        ]
      ],
      "objLayer": 0,
      "props": {}
    },
    "bdt_t1_bomb_zone_07_aaa_point_02": {
      "type": "Point",
      "tm": [
        [
          0.979827,
          0.0,
          0.19985
        ],
        [
          0.0,
          1.0,
          0.0
        ],
        [
          -0.19985,
          0.0,
          0.979827
        ],
        [
          -6880.96,
          791.315,
          17347.7
        ]
      ],
      "objLayer": 0,
      "props": {}
    },
    "bdt_t1_bomb_zone_07_aaa_point_03": {
      "type": "Point",
      "tm": [
        [
          0.979827,
          0.0,
          0.19985
        ],
        [
          0.0,
          1.0,
          0.0
        ],
        [
          -0.19985,
          0.0,
          0.979827
        ],
        [
          -6444.75,
          786.445,
          17584.1
        ]
      ],
      "objLayer": 0,
      "props": {}
    },
    "bdt_t1_bomb_zone_07_aaa_point_04": {
      "type": "Point",
      "tm": [
        [
          0.979827,
          0.0,
          0.19985
        ],
        [
          0.0,
          1.0,
          0.0
        ],
        [
          -0.19985,
          0.0,
          0.979827
        ],
        [
          -7026.48,
          795.865,
          17984.7
        ]
      ],
      "objLayer": 0,
      "props": {}
    },
    "bdt_t1_bomb_zone_08_aaa_point_01": {
      "type": "Point",
      "tm": [
        [
          0.951616,
          0.0,
          0.307289
        ],
        [
          0.0,
          1.0,
          0.0
        ],
        [
          -0.307289,
          0.0,
          0.951616
        ],
        [
          -8944.51,
          855.707,
          37608.4
        ]
      ],
      "objLayer": 0,
      "props": {}
    },
    "bdt_t1_bomb_zone_08_aaa_point_02": {
      "type": "Point",
      "tm": [
        [
          0.951616,
          0.0,
          0.307289
        ],
        [
          0.0,
          1.0,
          0.0
        ],
        [
          -0.307289,
          0.0,
          0.951616
        ],
        [
          -9014.03,
          801.687,
          37150.8
        ]
      ],
      "objLayer": 0,
      "props": {}
    },
    "bdt_t1_bomb_zone_08_aaa_point_03": {
      "type": "Point",
      "tm": [
        [
          0.951616,
          0.0,
          0.307289
        ],
        [
          0.0,
          1.0,
          0.0
        ],
        [
          -0.307289,
          0.0,
          0.951616
        ],
        [
          -8611.57,
          1045.75,
          37029.2
        ]
      ],
      "objLayer": 0,
      "props": {}
    },
    "bdt_t1_bomb_zone_08_aaa_point_04": {
      "type": "Point",
      "tm": [
        [
          0.951616,
          0.0,
          0.307289
        ],
        [
          0.0,
          1.0,
          0.0
        ],
        [
          -0.307289,
          0.0,
          0.951616
        ],
        [
          -8521.12,
          1032.42,
          37435.2
        ]
      ],
      "objLayer": 0,
      "props": {}
    },
    "bdt_t1_bomb_zone_09_aaa_point_01": {
      "type": "Point",
      "tm": [
        [
          0.951616,
          0.0,
          0.307289
        ],
        [
          0.0,
          1.0,
          0.0
        ],
        [
          -0.307289,
          0.0,
          0.951616
        ],
        [
          -7100.07,
          466.615,
          28304.2
        ]
      ],
      "objLayer": 0,
      "props": {}
    },
    "bdt_t1_bomb_zone_09_aaa_point_02": {
      "type": "Point",
      "tm": [
        [
          0.951616,
          0.0,
          0.307289
        ],
        [
          0.0,
          1.0,
          0.0
        ],
        [
          -0.307289,
          0.0,
          0.951616
        ],
        [
          -6745.96,
          371.515,
          27959.5
        ]
      ],
      "objLayer": 0,
      "props": {}
    },
    "bdt_t1_bomb_zone_09_aaa_point_03": {
      "type": "Point",
      "tm": [
        [
          0.951616,
          0.0,
          0.307289
        ],
        [
          0.0,
          1.0,
          0.0
        ],
        [
          -0.307289,
          0.0,
          0.951616
        ],
        [
          -6319.77,
          358.05,
          28570.0
        ]
      ],
      "objLayer": 0,
      "props": {}
    },
    "bdt_t1_bomb_zone_09_aaa_point_04": {
      "type": "Point",
      "tm": [
        [
          0.951616,
          0.0,
          0.307289
        ],
        [
          0.0,
          1.0,
          0.0
        ],
        [
          -0.307289,
          0.0,
          0.951616
        ],
        [
          -6323.76,
          540.635,
          28129.4
        ]
      ],
      "objLayer": 0,
