{
  "selected_tag": "",
  "bin_dump_file": "",
  "mission_settings": {
    "player": {
      "army": 1
    },
    "player_teamB": {
      "army": 2
    },
    "mission": {
      "level": "levels/air_smolensk.bin",
      "type": "domination",
      "environment": "Day",
      "weather": "hazy",
      "restoreType": "attempts",
      "optionalTakeOff": false
    }
  },
  "imports": {},
  "triggers": {
    "isCategory": true,
    "is_enabled": true
  },
  "mission_objectives": {
    "isCategory": true,
    "is_enabled": true
  },
  "variables": {},
  "dialogs": {},
  "airfields": {},
  "effects": {},
  "units": {
    "objectGroups": [
      {
        "name": "bdt_t2_bomb_object_02",
        "tm": [
          [
            0.748739,
            0.0,
            -0.662862
          ],
          [
            0.0,
            1.0,
            0.0
          ],
          [
            0.662862,
            0.0,
            0.748739
          ],
          [
            -21435.3,
            761.188,
            30708.5
          ]
        ],
        "unit_class": "dynBase_hq_camp_square",
        "objLayer": 2,
        "props": {
          "army": 2,
          "active": false
        }
      },
      {
        "name": "bdt_t2_bomb_object_03",
        "tm": [
          [
            0.213868,
            0.0,
            -0.976866
          ],
          [
            0.0,
            1.0,
            0.0
          ],
          [
            0.976866,
            0.0,
            0.213868
          ],
          [
            -21807.1,
            1117.27,
            24622.9
          ]
        ],
        "unit_class": "dynBase_fuel_storage_square",
        "objLayer": 2,
        "props": {
          "army": 2,
          "active": false
        }
      },
      {
        "name": "bdt_t2_bomb_object_04",
        "tm": [
          [
            0.888223,
            0.0,
            0.459415
          ],
          [
            0.0,
            1.0,
            0.0
          ],
          [
            -0.459415,
            0.0,
            0.888223
          ],
          [
            -19465.7,
            966.217,
            20729.1
          ]
        ],
        "unit_class": "dynBase_oil_storage_small_square",
        "objLayer": 2,
        "props": {
          "army": 2,
          "active": false
        }
      },
      {
        "name": "bdt_t1_bomb_object_01",
        "tm": [
          [
            0.960952,
            0.0,
            -0.276715
          ],
          [
            0.0,
            1.0,
            0.0
          ],
          [
            0.276715,
            0.0,
            0.960952
          ],
          [
            -10698.7,
            627.631,
            34624.1
          ]
        ],
        "unit_class": "dynBase_fuel_storage_square",
        "objLayer": 2,
        "props": {
          "army": 1,
          "active": false
        }
      },
      {
        "name": "bdt_t1_bomb_object_02",
        "tm": [
          [
            0.895433,
            0.0,
            0.445194
          ],
          [
            0.0,
            1.0,
            0.0
          ],
          [
            -0.445194,
            0.0,
            0.895433
          ],
          [
            -9904.41,
            742.701,
            31232.3
          ]
        ],
        "unit_class": "dynBase_small_factory_square",
        "objLayer": 2,
        "props": {
          "army": 1,
          "active": false
        }
      },
      {
        "name": "bdt_t1_bomb_object_03",
        "tm": [
          [
            0.844005,
            0.0,
            0.536334
          ],
          [
            0.0,
            1.0,
            0.0
          ],
          [
            -0.536334,
            0.0,
            0.844005
          ],
          [
            -8620.7,
            1269.41,
            25030.9
          ]
        ],
        "unit_class": "dynBase_oil_storage_small_square",
        "objLayer": 2,
        "props": {
          "army": 1,
          "active": false
        }
      },
      {
        "name": "bdt_t2_bomb_object_10",
        "tm": [
          [
            0.993536,
            0.0,
            -0.113521
          ],
          [
            0.0,
            1.0,
            0.0
          ],
          [
            0.113521,
            0.0,
            0.993536
          ],
          [
            -24855.1,
            828.55,
            28881.2
          ]
        ],
        "unit_class": "dynBase_small_factory_square",
        "objLayer": 2,
        "props": {
          "army": 2,
          "active": false
        }
      },
      {
        "name": "bdt_t1_bomb_object_04",
        "tm": [
          [
            0.97834,
            0.0,
            0.207005
          ],
          [
            0.0,
            1.0,
            0.0
          ],
          [
            -0.207005,
            0.0,
            0.97834
          ],
          [
            -11852.3,
            510.577,
            20850.9
          ]
        ],
        "unit_class": "dynBase_field_camp_square",
        "objLayer": 2,
        "props": {
          "army": 1,
          "active": false
        }
      },
      {
        "name": "bdt_t1_bomb_object_05",
        "tm": [
          [
            0.97834,
            0.0,
            0.207005
          ],
          [
            0.0,
            1.0,
            0.0
          ],
          [
            -0.207005,
            0.0,
            0.97834
          ],
          [
            -9029.88,
            1179.4,
            22104.1
          ]
        ],
        "unit_class": "dynBase_military_base_square",
        "objLayer": 2,
        "props": {
          "army": 1,
          "active": false
        }
      },
      {
        "name": "bdt_t1_bomb_object_06",
        "tm": [
          [
            0.97834,
            0.0,
            0.207005
          ],
          [
            0.0,
            1.0,
            0.0
          ],
          [
            -0.207005,
            0.0,
            0.97834
          ],
          [
            -6707.1,
            1385.03,
            24278.1
          ]
        ],
        "unit_class": "dynBase_oil_storage_large_square",
        "objLayer": 2,
        "props": {
          "army": 1,
          "active": false
        }
      },
      {
        "name": "bdt_t1_bomb_object_07",
        "tm": [
          [
            0.97834,
            0.0,
            0.207005
          ],
          [
            0.0,
            1.0,
            0.0
          ],
          [
            -0.207005,
            0.0,
            0.97834
          ],
          [
            -10579.4,
            522.146,
            18725.4
          ]
        ],
        "unit_class": "dynBase_oil_storage_large_square",
        "objLayer": 2,
        "props": {
          "army": 1,
          "active": false
        }
      },
      {
        "name": "bdt_t1_bomb_object_08",
        "tm": [
          [
            0.960952,
            0.0,
            -0.276715
          ],
          [
            0.0,
            1.0,
            0.0
          ],
          [
            0.276715,
            0.0,
            0.960952
          ],
          [
            -12058.0,
            700.151,
            32976.6
          ]
        ],
        "unit_class": "dynBase_small_factory_square",
        "objLayer": 2,
        "props": {
          "army": 1,
          "active": false
        }
      },
      {
        "name": "bdt_t1_bomb_object_09",
        "tm": [
          [
            0.960952,
            0.0,
            -0.276715
          ],
          [
            0.0,
            1.0,
            0.0
          ],
          [
            0.276715,
            0.0,
            0.960952
          ],
          [
            -8587.9,
            508.458,
            28816.5
          ]
        ],
        "unit_class": "dynBase_petrol_camp_square",
        "objLayer": 2,
        "props": {
          "army": 1,
          "active": false
        }
      },
      {
        "name": "bdt_t1_bomb_object_10",
        "tm": [
          [
            0.960952,
            0.0,
            -0.276715
          ],
          [
            0.0,
            1.0,
            0.0
          ],
          [
            0.276715,
            0.0,
            0.960952
          ],
          [
            -6358.93,
            315.465,
            27987.9
          ]
        ],
        "unit_class": "dynBase_petrol_camp_square",
        "objLayer": 2,
        "props": {
          "army": 1,
          "active": false
        }
      },
      {
        "name": "bdt_t2_bomb_object_01",
        "tm": [
          [
            0.993536,
            0.0,
            -0.113521
          ],
          [
            0.0,
            1.0,
            0.0
          ],
          [
            0.113521,
            0.0,
            0.993536
          ],
          [
            -20523.5,
            568.738,
            34561.1
          ]
        ],
        "unit_class": "dynBase_petrol_camp_square",
        "objLayer": 2,
        "props": {
          "army": 2,
          "active": false
        }
      },
      {
        "name": "bdt_t2_bomb_object_08",
        "tm": [
          [
            0.930616,
            0.0,
            0.366001
          ],
          [
            0.0,
            1.0,
            0.0
          ],
          [
            -0.366001,
            0.0,
            0.930616
          ],
          [
            -18753.0,
            518.443,
            32758.4
          ]
        ],
        "unit_class": "dynBase_military_base_square",
        "objLayer": 2,
        "props": {
          "army": 2,
          "active": false
        }
      },
      {
        "name": "bdt_t2_bomb_object_09",
        "tm": [
          [
            0.993536,
            0.0,
            -0.113521
          ],
          [
            0.0,
            1.0,
            0.0
          ],
          [
            0.113521,
            0.0,
            0.993536
          ],
          [
            -23126.1,
            782.413,
            29049.1
          ]
        ],
        "unit_class": "dynBase_fuel_storage_square",
        "objLayer": 2,
        "props": {
          "army": 2,
          "active": false
        }
      },
      {
        "name": "bdt_t2_bomb_object_06",
        "tm": [
          [
            0.888223,
            0.0,
            0.459415
          ],
          [
            0.0,
            1.0,
            0.0
          ],
          [
            -0.459415,
            0.0,
            0.888223
          ],
          [
            -25093.1,
            1231.36,
            24323.0
          ]
        ],
        "unit_class": "dynBase_ammunition_storage_square",
        "objLayer": 2,
        "props": {
          "army": 2,
          "active": false
        }
      },
      {
        "name": "bdt_t2_bomb_object_05",
        "tm": [
          [
            0.888223,
            0.0,
            0.459415
          ],
          [
            0.0,
            1.0,
            0.0
          ],
          [
            -0.459415,
            0.0,
            0.888223
          ],
          [
            -21301.4,
            1157.5,
            21229.4
          ]
        ],
        "unit_class": "dynBase_field_camp_square",
        "objLayer": 2,
        "props": {
          "army": 2,
          "active": false
        }
      },
      {
        "name": "bdt_t2_bomb_object_07",
        "tm": [
          [
            0.888223,
            0.0,
            0.459415
          ],
          [
            0.0,
            1.0,
            0.0
          ],
          [
            -0.459415,
            0.0,
            0.888223
          ],
          [
            -21427.6,
            1246.63,
            18952.8
          ]
        ],
        "unit_class": "dynBase_oil_storage_small_square",
        "objLayer": 2,
        "props": {
          "army": 2,
          "active": false
        }
      }
    ]
  },
  "areas": {
    "bdt_t2_bomb_zone_02": {
      "type": "Sphere",
      "tm": [
        [
          336.934,
          0.0,
          -298.289
        ],
        [
          0.0,
          450.0,
          0.0
        ],
        [
          298.289,
          0.0,
          336.934
        ],
        [
          -21441.5,
          761.748,
          30705.2
        ]
      ],
      "objLayer": 0,
      "props": {}
    },
    "bdt_t2_bomb_zone_03": {
      "type": "Sphere",
      "tm": [
        [
          367.938,
          0.0,
          -259.078
        ],
        [
          0.0,
          450.0,
          0.0
        ],
        [
          259.078,
          0.0,
          367.938
        ],
        [
          -21788.1,
          1115.65,
          24633.3
        ]
      ],
      "objLayer": 0,
      "props": {}
    },
    "bdt_t2_bomb_zone_04": {
      "type": "Sphere",
      "tm": [
        [
          399.701,
          0.0,
          206.734
        ],
        [
          0.0,
          450.0,
          0.0
        ],
        [
          -206.734,
          0.0,
          399.701
        ],
        [
          -19474.2,
          966.917,
          20734.1
        ]
      ],
      "objLayer": 0,
      "props": {}
    },
    "bdt_t1_bomb_zone_01": {
      "type": "Sphere",
      "tm": [
        [
          432.427,
          0.0,
          -124.524
        ],
        [
          0.0,
          450.0,
          0.0
        ],
        [
          124.524,
          0.0,
          432.427
        ],
        [
          -10686.1,
          642.291,
          34623.6
        ]
      ],
      "objLayer": 0,
      "props": {}
    },
    "bdt_t1_bomb_zone_02": {
      "type": "Sphere",
      "tm": [
        [
          436.754,
          0.0,
          108.374
        ],
        [
          0.0,
          450.0,
          0.0
        ],
        [
          -108.374,
          0.0,
          436.754
        ],
        [
          -9900.93,
          743.691,
          31235.4
        ]
      ],
      "objLayer": 0,
      "props": {}
    },
    "bdt_t1_bomb_zone_03": {
      "type": "Sphere",
      "tm": [
        [
          443.068,
          0.0,
          78.6684
        ],
        [
          0.0,
          450.0,
          0.0
        ],
        [
          -78.6684,
          0.0,
          443.068
        ],
        [
          -8615.32,
          1268.74,
          25032.3
        ]
      ],
      "objLayer": 0,
      "props": {}
    },
    "bdt_t2_bomb_zone_10": {
      "type": "Sphere",
      "tm": [
        [
          447.089,
          0.0,
          -51.0858
        ],
        [
          0.0,
          450.0,
          0.0
        ],
        [
          51.0858,
          0.0,
          447.089
        ],
        [
          -24847.6,
          827.62,
          28878.5
        ]
      ],
      "objLayer": 0,
      "props": {}
    },
    "bdt_t1_bomb_zone_04": {
      "type": "Sphere",
      "tm": [
        [
          443.068,
          0.0,
          78.6684
        ],
        [
          0.0,
          450.0,
          0.0
        ],
        [
          -78.6684,
          0.0,
          443.068
        ],
        [
          -11853.1,
          511.237,
          20856.6
        ]
      ],
      "objLayer": 0,
      "props": {}
    },
    "bdt_t2_bomb_zone_01_aaa_point_01": {
      "type": "Point",
      "tm": [
        [
          0.99131,
          0.0,
          -0.131534
        ],
        [
          0.0,
          1.0,
          0.0
        ],
        [
          0.131534,
          0.0,
          0.99131
        ],
        [
          -21444.4,
          751.798,
          30479.7
        ]
      ],
      "objLayer": 0,
      "props": {}
    },
    "bdt_t2_bomb_zone_01_aaa_point_02": {
      "type": "Point",
      "tm": [
        [
          0.99131,
          0.0,
          -0.131534
        ],
        [
          0.0,
          1.0,
          0.0
        ],
        [
          0.131534,
          0.0,
          0.99131
        ],
        [
          -21543.1,
          790.338,
          30979.0
        ]
      ],
      "objLayer": 0,
      "props": {}
    },
    "bdt_t2_bomb_zone_01_aaa_point_03": {
      "type": "Point",
      "tm": [
        [
          0.99131,
          0.0,
          -0.131534
        ],
        [
          0.0,
          1.0,
          0.0
        ],
        [
          0.131534,
          0.0,
          0.99131
        ],
        [
          -21424.3,
          775.328,
          30971.3
        ]
      ],
      "objLayer": 0,
      "props": {}
    },
    "bdt_t2_bomb_zone_01_aaa_point_04": {
      "type": "Point",
      "tm": [
        [
          0.99131,
          0.0,
          -0.131534
        ],
        [
          0.0,
          1.0,
          0.0
        ],
        [
          0.131534,
          0.0,
          0.99131
        ],
        [
          -20997.1,
          903.343,
          30992.5
        ]
      ],
      "objLayer": 0,
      "props": {}
    },
    "bdt_t2_bomb_zone_02_aaa_point_01": {
      "type": "Point",
      "tm": [
        [
          0.999783,
          0.0,
          -0.0207765
        ],
        [
          0.0,
          1.0,
          0.0
        ],
        [
          0.0207765,
          0.0,
          0.999783
        ],
        [
          -21989.8,
          1149.32,
          24488.1
        ]
      ],
      "objLayer": 0,
      "props": {}
    },
    "bdt_t2_bomb_zone_02_aaa_point_02": {
      "type": "Point",
      "tm": [
        [
          0.999783,
          0.0,
          -0.0207765
        ],
        [
          0.0,
          1.0,
          0.0
        ],
        [
          0.0207765,
          0.0,
          0.999783
        ],
        [
          -21716.4,
          1179.57,
          24952.7
        ]
      ],
      "objLayer": 0,
      "props": {}
    },
    "bdt_t2_bomb_zone_02_aaa_point_03": {
      "type": "Point",
      "tm": [
        [
          0.999783,
          0.0,
          -0.0207765
        ],
        [
          0.0,
          1.0,
          0.0
        ],
        [
          0.0207765,
          0.0,
          0.999783
        ],
        [
          -22043.0,
          1235.53,
          24748.3
        ]
      ],
      "objLayer": 0,
      "props": {}
    },
    "bdt_t2_bomb_zone_02_aaa_point_04": {
      "type": "Point",
      "tm": [
        [
          0.999783,
          0.0,
          -0.0207765
        ],
        [
          0.0,
          1.0,
          0.0
        ],
        [
          0.0207765,
          0.0,
          0.999783
        ],
        [
          -21562.9,
          1088.79,
          24589.5
        ]
      ],
      "objLayer": 0,
      "props": {}
    },
    "bdt_t2_bomb_zone_03_aaa_point_01": {
      "type": "Point",
      "tm": [
        [
          0.999783,
          0.0,
          -0.0207765
        ],
        [
          0.0,
          1.0,
          0.0
        ],
        [
          0.0207765,
          0.0,
          0.999783
        ],
        [
          -19431.5,
          1040.3,
          20439.3
        ]
      ],
      "objLayer": 0,
      "props": {}
    },
    "bdt_t2_bomb_zone_03_aaa_point_02": {
      "type": "Point",
      "tm": [
        [
          0.999783,
          0.0,
          -0.0207765
        ],
        [
          0.0,
          1.0,
          0.0
        ],
        [
          0.0207765,
          0.0,
          0.999783
        ],
        [
          -19358.3,
          869.68,
          21002.7
        ]
      ],
      "objLayer": 0,
      "props": {}
    },
    "bdt_t2_bomb_zone_03_aaa_point_03": {
      "type": "Point",
      "tm": [
        [
          0.999783,
          0.0,
          -0.0207765
        ],
        [
          0.0,
          1.0,
          0.0
        ],
        [
          0.0207765,
          0.0,
          0.999783
        ],
        [
          -19665.5,
          955.767,
          20991.2
        ]
      ],
      "objLayer": 0,
      "props": {}
    },
    "bdt_t2_bomb_zone_03_aaa_point_04": {
      "type": "Point",
      "tm": [
        [
          0.999783,
          0.0,
          -0.0207765
        ],
        [
          0.0,
          1.0,
          0.0
        ],
        [
          0.0207765,
          0.0,
          0.999783
        ],
        [
          -19654.3,
          1006.82,
          20494.2
        ]
      ],
      "objLayer": 0,
      "props": {}
    },
    "bdt_t2_bomb_zone_04_aaa_point_01": {
      "type": "Point",
      "tm": [
        [
          0.99131,
          0.0,
          -0.131534
        ],
        [
          0.0,
          1.0,
          0.0
        ],
        [
          0.131534,
          0.0,
          0.99131
        ],
        [
          -24580.2,
          828.94,
          29075.6
        ]
      ],
      "objLayer": 0,
      "props": {}
    },
    "bdt_t2_bomb_zone_04_aaa_point_02": {
      "type": "Point",
      "tm": [
        [
          0.99131,
          0.0,
          -0.131534
        ],
        [
          0.0,
          1.0,
          0.0
        ],
        [
          0.131534,
          0.0,
          0.99131
        ],
        [
          -25036.4,
          870.96,
          29114.5
        ]
      ],
      "objLayer": 0,
      "props": {}
    },
    "bdt_t2_bomb_zone_04_aaa_point_03": {
      "type": "Point",
      "tm": [
        [
          0.99131,
          0.0,
          -0.131534
        ],
        [
          0.0,
          1.0,
          0.0
        ],
        [
          0.131534,
          0.0,
          0.99131
        ],
        [
          -24762.6,
          796.74,
          28625.8
        ]
      ],
      "objLayer": 0,
      "props": {}
    },
    "bdt_t2_bomb_zone_04_aaa_point_04": {
      "type": "Point",
      "tm": [
        [
          0.99131,
          0.0,
          -0.131534
        ],
        [
          0.0,
          1.0,
          0.0
        ],
        [
          0.131534,
          0.0,
          0.99131
        ],
        [
          -25000.0,
          817.19,
          28684.2
        ]
      ],
      "objLayer": 0,
      "props": {}
    },
    "bdt_t1_bomb_zone_01_aaa_point_01": {
      "type": "Point",
      "tm": [
        [
          0.951616,
          0.0,
          0.30729
        ],
        [
          0.0,
          1.0,
          0.0
        ],
        [
          -0.30729,
          0.0,
          0.951616
        ],
        [
          -10446.5,
          752.501,
          34710.4
        ]
      ],
      "objLayer": 0,
      "props": {}
    },
    "bdt_t1_bomb_zone_01_aaa_point_02": {
      "type": "Point",
      "tm": [
        [
          0.951616,
          0.0,
          0.30729
        ],
        [
          0.0,
          1.0,
          0.0
        ],
        [
          -0.30729,
          0.0,
          0.951616
        ],
        [
          -10938.5,
          614.861,
          34606.2
        ]
      ],
      "objLayer": 0,
      "props": {}
    },
    "bdt_t1_bomb_zone_01_aaa_point_03": {
      "type": "Point",
      "tm": [
        [
          0.951616,
          0.0,
          0.30729
        ],
        [
          0.0,
          1.0,
          0.0
        ],
        [
          -0.30729,
          0.0,
          0.951616
        ],
        [
          -10642.5,
          546.111,
          34394.4
        ]
      ],
      "objLayer": 0,
      "props": {}
    },
    "bdt_t1_bomb_zone_01_aaa_point_04": {
      "type": "Point",
      "tm": [
        [
          0.951616,
          0.0,
          0.30729
        ],
        [
          0.0,
          1.0,
          0.0
        ],
        [
          -0.30729,
          0.0,
          0.951616
        ],
        [
          -10864.1,
          489.601,
          34450.6
        ]
      ],
      "objLayer": 0,
      "props": {}
    },
    "bdt_t1_bomb_zone_02_aaa_point_01": {
      "type": "Point",
      "tm": [
        [
          0.951616,
          0.0,
          0.30729
        ],
        [
          0.0,
          1.0,
          0.0
        ],
        [
          -0.30729,
          0.0,
          0.951616
        ],
        [
          -9766.11,
          817.111,
          31469.7
        ]
      ],
      "objLayer": 0,
      "props": {}
    },
    "bdt_t1_bomb_zone_02_aaa_point_02": {
      "type": "Point",
      "tm": [
        [
          0.951616,
          0.0,
          0.30729
        ],
        [
          0.0,
          1.0,
          0.0
        ],
        [
          -0.30729,
          0.0,
          0.951616
        ],
        [
          -10055.7,
          810.041,
          31451.5
        ]
      ],
      "objLayer": 0,
      "props": {}
    },
    "bdt_t1_bomb_zone_02_aaa_point_03": {
      "type": "Point",
      "tm": [
        [
          0.951616,
          0.0,
          0.30729
        ],
        [
          0.0,
          1.0,
          0.0
        ],
        [
          -0.30729,
          0.0,
          0.951616
        ],
        [
          -9824.94,
          710.591,
          30791.4
        ]
      ],
      "objLayer": 0,
      "props": {}
    },
    "bdt_t1_bomb_zone_02_aaa_point_04": {
      "type": "Point",
      "tm": [
        [
          0.951616,
          0.0,
          0.30729
        ],
        [
          0.0,
          1.0,
          0.0
        ],
        [
          -0.30729,
          0.0,
          0.951616
        ],
        [
          -10223.4,
          758.241,
          31169.3
        ]
      ],
      "objLayer": 0,
      "props": {}
    },
    "bdt_t1_bomb_zone_03_aaa_point_01": {
      "type": "Point",
      "tm": [
        [
          0.979827,
          0.0,
          0.199851
        ],
        [
          0.0,
          1.0,
          0.0
        ],
        [
          -0.199851,
          0.0,
          0.979827
        ],
        [
          -8767.17,
          1305.53,
          24764.6
        ]
      ],
      "objLayer": 0,
      "props": {}
    },
    "bdt_t1_bomb_zone_03_aaa_point_02": {
      "type": "Point",
      "tm": [
        [
          0.979827,
          0.0,
          0.199851
        ],
        [
          0.0,
          1.0,
          0.0
        ],
        [
          -0.199851,
          0.0,
          0.979827
        ],
        [
          -8508.78,
          1267.98,
          25249.8
        ]
      ],
      "objLayer": 0,
      "props": {}
    },
    "bdt_t1_bomb_zone_03_aaa_point_03": {
      "type": "Point",
      "tm": [
        [
          0.979827,
          0.0,
          0.199851
        ],
        [
          0.0,
          1.0,
          0.0
        ],
        [
          -0.199851,
          0.0,
          0.979827
        ],
        [
          -8788.53,
          1258.88,
          25261.0
        ]
      ],
      "objLayer": 0,
      "props": {}
    },
    "bdt_t1_bomb_zone_03_aaa_point_04": {
      "type": "Point",
      "tm": [
        [
          0.979827,
          0.0,
          0.199851
        ],
        [
          0.0,
          1.0,
          0.0
        ],
        [
          -0.199851,
          0.0,
          0.979827
        ],
        [
          -8393.23,
          1292.57,
          24895.4
        ]
      ],
      "objLayer": 0,
      "props": {}
    },
    "bdt_t1_bomb_zone_04_aaa_point_01": {
      "type": "Point",
      "tm": [
        [
          0.979827,
          0.0,
          0.199851
        ],
        [
          0.0,
          1.0,
          0.0
        ],
        [
          -0.199851,
          0.0,
          0.979827
        ],
        [
          -11545.0,
          542.997,
          20782.6
        ]
      ],
      "objLayer": 0,
      "props": {}
    },
    "bdt_t1_bomb_zone_04_aaa_point_02": {
      "type": "Point",
      "tm": [
        [
          0.979827,
          0.0,
          0.199851
        ],
        [
          0.0,
          1.0,
          0.0
        ],
        [
          -0.199851,
          0.0,
          0.979827
        ],
        [
          -11704.8,
          525.937,
          21061.3
        ]
      ],
      "objLayer": 0,
      "props": {}
    },
    "bdt_t1_bomb_zone_04_aaa_point_03": {
      "type": "Point",
      "tm": [
        [
          0.979827,
          0.0,
          0.199851
        ],
        [
          0.0,
          1.0,
          0.0
        ],
        [
          -0.199851,
          0.0,
          0.979827
        ],
        [
          -11800.9,
          533.167,
          20570.4
        ]
      ],
      "objLayer": 0,
      "props": {}
    },
    "bdt_t1_bomb_zone_04_aaa_point_04": {
      "type": "Point",
      "tm": [
        [
          0.979827,
          0.0,
          0.199851
        ],
        [
          0.0,
          1.0,
          0.0
        ],
        [
          -0.199851,
          0.0,
          0.979827
        ],
        [
          -12060.7,
          547.047,
          21092.1
        ]
      ],
      "objLayer": 0,
      "props": {}
    },
    "bdt_t1_bomb_zone_05": {
      "type": "Sphere",
      "tm": [
        [
          443.068,
          0.0,
          78.6684
        ],
        [
          0.0,
          450.0,
          0.0
        ],
        [
          -78.6684,
          0.0,
          443.068
        ],
        [
          -9030.74,
          1179.13,
          22109.9
        ]
      ],
      "objLayer": 0,
      "props": {}
    },
    "bdt_t1_bomb_zone_06": {
      "type": "Sphere",
      "tm": [
        [
          443.068,
          0.0,
          78.6684
        ],
        [
          0.0,
          450.0,
          0.0
        ],
        [
          -78.6684,
          0.0,
          443.068
        ],
        [
          -6707.77,
          1383.91,
          24283.9
        ]
      ],
      "objLayer": 0,
      "props": {}
    },
    "bdt_t1_bomb_zone_07": {
      "type": "Sphere",
      "tm": [
        [
          443.068,
          0.0,
          78.6684
        ],
        [
          0.0,
          450.0,
          0.0
        ],
        [
          -78.6684,
          0.0,
          443.068
        ],
        [
          -10580.0,
          520.056,
          18731.2
        ]
      ],
      "objLayer": 0,
      "props": {}
    },
    "bdt_t1_bomb_zone_08": {
      "type": "Sphere",
      "tm": [
        [
          432.427,
          0.0,
          -124.524
        ],
        [
          0.0,
          450.0,
          0.0
        ],
        [
          124.524,
          0.0,
          432.427
        ],
        [
          -12045.3,
          703.48,
          32976.2
        ]
      ],
      "objLayer": 0,
      "props": {}
    },
    "bdt_t1_bomb_zone_09": {
      "type": "Sphere",
      "tm": [
        [
          432.427,
          0.0,
          -124.524
        ],
        [
          0.0,
          450.0,
          0.0
        ],
        [
          124.524,
          0.0,
          432.427
        ],
        [
          -8575.56,
          508.748,
          28815.9
        ]
      ],
      "objLayer": 0,
      "props": {}
    },
    "bdt_t1_bomb_zone_10": {
      "type": "Sphere",
      "tm": [
        [
          432.427,
          0.0,
          -124.524
        ],
        [
          0.0,
          450.0,
          0.0
        ],
        [
          124.524,
          0.0,
          432.427
        ],
        [
          -6346.18,
          316.265,
          27987.4
        ]
      ],
      "objLayer": 0,
      "props": {}
    },
    "bdt_t1_bomb_zone_05_aaa_point_01": {
      "type": "Point",
      "tm": [
        [
          0.979827,
          0.0,
          0.199851
        ],
        [
          0.0,
          1.0,
          0.0
        ],
        [
          -0.199851,
          0.0,
          0.979827
        ],
        [
          -9302.91,
          1168.08,
          22077.7
        ]
      ],
      "objLayer": 0,
      "props": {}
    },
    "bdt_t1_bomb_zone_05_aaa_point_02": {
      "type": "Point",
      "tm": [
        [
          0.979827,
          0.0,
          0.199851
        ],
        [
          0.0,
          1.0,
          0.0
        ],
        [
          -0.199851,
          0.0,
          0.979827
        ],
        [
          -9134.83,
          1179.03,
          21994.5
        ]
      ],
      "objLayer": 0,
      "props": {}
    },
    "bdt_t1_bomb_zone_05_aaa_point_03": {
      "type": "Point",
      "tm": [
        [
          0.979827,
          0.0,
          0.199851
        ],
        [
          0.0,
          1.0,
          0.0
        ],
        [
          -0.199851,
          0.0,
          0.979827
        ],
        [
          -8743.85,
          1191.22,
          22132.8
        ]
      ],
      "objLayer": 0,
      "props": {}
    },
    "bdt_t1_bomb_zone_05_aaa_point_04": {
      "type": "Point",
      "tm": [
        [
          0.979827,
          0.0,
          0.199851
        ],
        [
          0.0,
          1.0,
          0.0
        ],
        [
          -0.199851,
          0.0,
          0.979827
        ],
        [
          -8866.0,
          1170.02,
          22333.2
        ]
      ],
      "objLayer": 0,
      "props": {}
    },
    "bdt_t1_bomb_zone_06_aaa_point_01": {
      "type": "Point",
      "tm": [
        [
          0.979827,
          0.0,
          0.199851
        ],
        [
          0.0,
          1.0,
          0.0
        ],
        [
          -0.199851,
          0.0,
          0.979827
        ],
        [
          -6827.18,
          1438.99,
          23968.3
        ]
      ],
      "objLayer": 0,
      "props": {}
    },
    "bdt_t1_bomb_zone_06_aaa_point_02": {
      "type": "Point",
      "tm": [
        [
          0.979827,
          0.0,
          0.199851
        ],
        [
          0.0,
          1.0,
          0.0
        ],
        [
          -0.199851,
          0.0,
          0.979827
        ],
        [
          -7007.97,
          1386.64,
          24160.0
        ]
      ],
      "objLayer": 0,
      "props": {}
    },
    "bdt_t1_bomb_zone_06_aaa_point_03": {
      "type": "Point",
      "tm": [
        [
          0.979827,
          0.0,
          0.199851
        ],
        [
          0.0,
          1.0,
          0.0
        ],
        [
          -0.199851,
          0.0,
          0.979827
        ],
        [
          -6759.68,
          1326.97,
          24588.6
        ]
      ],
      "objLayer": 0,
      "props": {}
    },
    "bdt_t1_bomb_zone_06_aaa_point_04": {
      "type": "Point",
      "tm": [
        [
          0.979827,
          0.0,
          0.199851
        ],
        [
          0.0,
          1.0,
          0.0
        ],
        [
          -0.199851,
          0.0,
          0.979827
        ],
        [
          -6419.72,
          1348.46,
          24209.4
        ]
      ],
      "objLayer": 0,
      "props": {}
    },
    "bdt_t1_bomb_zone_07_aaa_point_01": {
      "type": "Point",
      "tm": [
        [
          0.979827,
          0.0,
          0.199851
        ],
        [
          0.0,
          1.0,
          0.0
        ],
        [
          -0.199851,
          0.0,
          0.979827
        ],
        [
          -10485.9,
          405.686,
          19017.4
        ]
      ],
      "objLayer": 0,
      "props": {}
    },
    "bdt_t1_bomb_zone_07_aaa_point_02": {
      "type": "Point",
      "tm": [
        [
          0.979827,
          0.0,
          0.199851
        ],
        [
          0.0,
          1.0,
          0.0
        ],
        [
          -0.199851,
          0.0,
          0.979827
        ],
        [
          -10693.4,
          682.537,
          18401.4
        ]
      ],
      "objLayer": 0,
      "props": {}
    },
    "bdt_t1_bomb_zone_07_aaa_point_03": {
      "type": "Point",
      "tm": [
        [
          0.979827,
          0.0,
          0.199851
        ],
        [
          0.0,
          1.0,
          0.0
        ],
        [
          -0.199851,
          0.0,
          0.979827
        ],
        [
          -10257.3,
          509.766,
          18637.8
        ]
      ],
      "objLayer": 0,
      "props": {}
    },
    "bdt_t1_bomb_zone_07_aaa_point_04": {
      "type": "Point",
      "tm": [
        [
          0.979827,
          0.0,
          0.199851
        ],
        [
          0.0,
          1.0,
          0.0
        ],
        [
          -0.199851,
          0.0,
          0.979827
        ],
        [
          -10839.0,
          380.927,
          19038.4
        ]
      ],
      "objLayer": 0,
      "props": {}
    },
    "bdt_t1_bomb_zone_08_aaa_point_01": {
      "type": "Point",
      "tm": [
        [
          0.951616,
          0.0,
          0.30729
        ],
        [
          0.0,
          1.0,
          0.0
        ],
        [
          -0.30729,
          0.0,
          0.951616
        ],
        [
          -12211.5,
          747.001,
          33238.7
        ]
      ],
      "objLayer": 0,
      "props": {}
    },
    "bdt_t1_bomb_zone_08_aaa_point_02": {
      "type": "Point",
      "tm": [
        [
          0.951616,
          0.0,
          0.30729
        ],
        [
          0.0,
          1.0,
          0.0
        ],
        [
          -0.30729,
          0.0,
          0.951616
        ],
        [
          -12281.1,
          678.031,
          32780.9
        ]
      ],
      "objLayer": 0,
      "props": {}
    },
    "bdt_t1_bomb_zone_08_aaa_point_03": {
      "type": "Point",
      "tm": [
        [
          0.951616,
          0.0,
          0.30729
        ],
        [
          0.0,
          1.0,
          0.0
        ],
        [
          -0.30729,
          0.0,
          0.951616
        ],
        [
          -11878.8,
          697.98,
          32659.3
        ]
      ],
      "objLayer": 0,
      "props": {}
    },
    "bdt_t1_bomb_zone_08_aaa_point_04": {
      "type": "Point",
      "tm": [
        [
          0.951616,
          0.0,
          0.30729
        ],
        [
          0.0,
          1.0,
          0.0
        ],
        [
          -0.30729,
          0.0,
          0.951616
        ],
        [
          -11788.3,
          844.088,
          33065.2
        ]
      ],
      "objLayer": 0,
      "props": {}
    },
    "bdt_t1_bomb_zone_09_aaa_point_01": {
      "type": "Point",
      "tm": [
        [
          0.951616,
          0.0,
          0.30729
        ],
        [
          0.0,
          1.0,
          0.0
        ],
        [
          -0.30729,
          0.0,
          0.951616
        ],
        [
          -9036.08,
          529.359,
          28798.3
        ]
      ],
      "objLayer": 0,
      "props": {}
    },
    "bdt_t1_bomb_zone_09_aaa_point_02": {
      "type": "Point",
      "tm": [
        [
          0.951616,
          0.0,
          0.30729
        ],
        [
          0.0,
          1.0,
          0.0
        ],
        [
          -0.30729,
          0.0,
          0.951616
        ],
        [
          -8666.0,
          499.928,
          28415.9
        ]
      ],
      "objLayer": 0,
      "props": {}
    },
    "bdt_t1_bomb_zone_09_aaa_point_03": {
      "type": "Point",
      "tm": [
        [
          0.951616,
          0.0,
          0.30729
        ],
        [
          0.0,
          1.0,
          0.0
        ],
        [
          -0.30729,
          0.0,
          0.951616
        ],
        [
          -8398.29,
          514.138,
          29049.9
        ]
      ],
      "objLayer": 0,
      "props": {}
    },
    "bdt_t1_bomb_zone_09_aaa_point_04": {
      "type": "Point",
      "tm": [
        [
          0.951616,
          0.0,
          0.30729
        ],
        [
          0.0,
          1.0,
          0.0
        ],
        [
          -0.30729,
          0.0,
          0.951616
        ],
        [
          -8243.73,
          500.528,
          28585.7
        ]
      ],
      "objLayer": 0,
