{
  "selected_tag": "",
  "bin_dump_file": "",
  "mission_settings": {
    "player": {
      "army": 1,
      "wing": ""
    },
    "player_teamB": {
      "army": 2
    },
    "mission": {
      "level": "levels/water.bin",
      "type": "singleMission",
      "restoreType": "attempts",
      "optionalTakeOff": false,
      "environment": "Day",
      "weather": "hazy"
    },
    "spectator_points": []
  },
  "imports": [],
  "triggers": {
    "isCategory": true,
    "is_enabled": true,
    "flt_tank_init": {
      "is_enabled": true,
      "comments": "",
      "props": {
        "actionsType": "PERFORM_ONE_BY_ONE",
        "conditionsType": "ALL",
        "enableAfterComplete": false
      },
      "events": {
        "initMission": []
      },
      "conditions": [],
      "actions": {
        "varSetInt": {
          "value": 100,
          "var": "flt_tank_spots_num"
        }
      },
      "else_actions": []
    }
  },
  "mission_objectives": {
    "isCategory": true,
    "is_enabled": true
  },
  "variables": [],
  "dialogs": [],
  "airfields": [],
  "effects": [],
  "units": [],
  "areas": {
    "flt_tank_spot_01": {
      "type": "Point",
      "tm": [
        [-0.953717,0.0,-0.300706],
        [0.0,1.0,0.0],
        [0.300706,0.0,-0.953717],
        [31960.2,10.9,-27080.6]
      ],
      "objLayer": 0,
      "props": []
    },
    "flt_tank_spot_02": {
      "type": "Point",
      "tm": [
        [-0.819152,0.0,0.573576],
        [0.0,1.0,0.0],
        [-0.573576,0.0,-0.819152],
        [31569.6,48.15,-28926.7]
      ],
      "objLayer": 0,
      "props": []
    },
    "flt_tank_spot_03": {
      "type": "Point",
      "tm": [
        [-0.300706,0.0,-0.953717],
        [0.0,1.0,0.0],
        [0.953717,0.0,-0.300706],
        [30668.4,53.35,-28937.7]
      ],
      "objLayer": 0,
      "props": []
    },
    "flt_tank_spot_04": {
      "type": "Point",
      "tm": [
        [-0.965926,0.0,-0.258819],
        [0.0,1.0,0.0],
        [0.258819,0.0,-0.965926],
        [30154.6,10.2,-30093.9]
      ],
      "objLayer": 0,
      "props": []
    },
    "flt_tank_spot_05": {
      "type": "Point",
      "tm": [
        [1.0,0.0,0.0],
        [0.0,1.0,0.0],
        [0.0,0.0,1.0],
        [30744.0,60.4,-26644.2]
      ],
      "objLayer": 0,
      "props": []
    },
    "flt_tank_spot_06": {
      "type": "Point",
      "tm": [
        [0.906308,0.0,0.422618],
        [0.0,1.0,0.0],
        [-0.422618,0.0,0.906308],
        [29017.8,65.8,-27565.5]
      ],
      "objLayer": 0,
      "props": []
    },
    "flt_tank_spot_07": {
      "type": "Point",
      "tm": [
        [-0.996195,0.0,-0.0871557],
        [0.0,1.0,0.0],
        [0.0871557,0.0,-0.996195],
        [28873.4,20.45,-29700.3]
      ],
      "objLayer": 0,
      "props": []
    },
    "flt_tank_spot_08": {
      "type": "Point",
      "tm": [
        [1.0,0.0,0.0],
        [0.0,1.0,0.0],
        [0.0,0.0,1.0],
        [27855.1,84.1,-27941.2]
      ],
      "objLayer": 0,
      "props": []
    },
    "flt_tank_spot_09": {
      "type": "Point",
      "tm": [
        [0.573576,0.0,0.819152],
        [0.0,1.0,0.0],
        [-0.819152,0.0,0.573576],
        [28482.5,74.75,-28678.6]
      ],
      "objLayer": 0,
      "props": []
    },
    "flt_tank_spot_10": {
      "type": "Point",
      "tm": [
        [0.34202,0.0,-0.939693],
        [0.0,1.0,0.0],
        [0.939693,0.0,0.34202],
        [21732.7,23.35,-19751.3]
      ],
      "objLayer": 0,
      "props": []
    },
    "flt_tank_spot_11": {
      "type": "Point",
      "tm": [
        [1.0,0.0,0.0],
        [0.0,1.0,0.0],
        [0.0,0.0,1.0],
        [21131.1,54.0,-20762.6]
      ],
      "objLayer": 0,
      "props": []
    },
    "flt_tank_spot_12": {
      "type": "Point",
      "tm": [
        [-0.939693,0.0,-0.34202],
        [0.0,1.0,0.0],
        [0.34202,0.0,-0.939693],
        [20747.7,62.15,-19717.3]
      ],
      "objLayer": 0,
      "props": []
    },
    "flt_tank_spot_13": {
      "type": "Point",
      "tm": [
        [-0.258819,0.0,0.965926],
        [0.0,1.0,0.0],
        [-0.965926,0.0,-0.258819],
        [20865.6,48.6,-19119.8]
      ],
      "objLayer": 0,
      "props": []
    },
    "flt_tank_spot_14": {
      "type": "Point",
      "tm": [
        [0.642788,0.0,-0.766044],
        [0.0,1.0,0.0],
        [0.766044,0.0,0.642788],
        [21945.5,23.5,-20448.4]
      ],
      "objLayer": 0,
      "props": []
    },
    "flt_tank_spot_15": {
      "type": "Point",
      "tm": [
        [-0.999048,0.0,0.0436195],
        [0.0,1.0,0.0],
        [-0.0436195,0.0,-0.999048],
        [25264.8,11.85,-13664.8]
      ],
      "objLayer": 0,
      "props": []
    },
    "flt_tank_spot_16": {
      "type": "Point",
      "tm": [
        [-0.999048,0.0,-0.0436192],
        [0.0,1.0,0.0],
        [0.0436192,0.0,-0.999048],
        [27102.7,27.75,-11580.5]
      ],
      "objLayer": 0,
      "props": []
    },
    "flt_tank_spot_17": {
      "type": "Point",
      "tm": [
        [-0.906308,0.0,-0.422618],
        [0.0,1.0,0.0],
        [0.422618,0.0,-0.906308],
        [27762.3,14.7,-11203.5]
      ],
      "objLayer": 0,
      "props": []
    },
    "flt_tank_spot_18": {
      "type": "Point",
      "tm": [
        [0.461749,0.0,-0.887011],
        [0.0,1.0,0.0],
        [0.887011,0.0,0.461749],
        [26330.8,20.9,-10558.0]
      ],
      "objLayer": 0,
      "props": []
    },
    "flt_tank_spot_19": {
      "type": "Point",
      "tm": [
        [0.819152,0.0,-0.573576],
        [0.0,1.0,0.0],
        [0.573576,0.0,0.819152],
        [24887.6,54.6,-7931.95]
      ],
      "objLayer": 0,
      "props": []
    },
    "flt_tank_spot_20": {
      "type": "Point",
      "tm": [
        [0.0436195,0.0,0.999048],
        [0.0,1.0,0.0],
        [-0.999048,0.0,0.0436195],
        [24063.6,16.75,-10086.0]
      ],
      "objLayer": 0,
      "props": []
    },
    "flt_tank_spot_21": {
      "type": "Point",
      "tm": [
        [0.843391,0.0,0.5373],
        [0.0,1.0,0.0],
        [-0.5373,0.0,0.843391],
        [25063.4,37.75,-9114.0]
      ],
      "objLayer": 0,
      "props": []
    },
    "flt_tank_spot_22": {
      "type": "Point",
      "tm": [
        [0.707107,0.0,-0.707107],
        [0.0,1.0,0.0],
        [0.707107,0.0,0.707107],
        [22751.7,20.15,-11394.0]
      ],
      "objLayer": 0,
      "props": []
    },
    "flt_tank_spot_23": {
      "type": "Point",
      "tm": [
        [0.737277,0.0,0.67559],
        [0.0,1.0,0.0],
        [-0.67559,0.0,0.737277],
        [24696.0,36.55,-9657.25]
      ],
      "objLayer": 0,
      "props": []
    },
    "flt_tank_spot_24": {
      "type": "Point",
      "tm": [
        [0.173648,0.0,0.984808],
        [0.0,1.0,0.0],
        [-0.984808,0.0,0.173648],
        [21881.5,22.55,-6723.35]
      ],
      "objLayer": 0,
      "props": []
    },
    "flt_tank_spot_25": {
      "type": "Point",
      "tm": [
        [0.173648,0.0,-0.984808],
        [0.0,1.0,0.0],
        [0.984808,0.0,0.173648],
        [21705.6,7.2,-5780.65]
      ],
      "objLayer": 0,
      "props": []
    },
    "flt_tank_spot_26": {
      "type": "Point",
      "tm": [
        [-0.819152,0.0,0.573577],
        [0.0,1.0,0.0],
        [-0.573577,0.0,-0.819152],
        [21467.7,27.95,-6361.8]
      ],
      "objLayer": 0,
      "props": []
    },
    "flt_tank_spot_27": {
      "type": "Point",
      "tm": [
        [-0.707107,0.0,-0.707107],
        [0.0,1.0,0.0],
        [0.707107,0.0,-0.707107],
        [22284.9,15.45,-6436.55]
      ],
      "objLayer": 0,
      "props": []
    },
    "flt_tank_spot_28": {
      "type": "Point",
      "tm": [
        [-0.793353,0.0,0.608762],
        [0.0,1.0,0.0],
        [-0.608762,0.0,-0.793353],
        [13698.2,7.15,-2021.65]
      ],
      "objLayer": 0,
      "props": []
    },
    "flt_tank_spot_29": {
      "type": "Point",
      "tm": [
        [-0.5373,0.0,-0.843391],
        [0.0,1.0,0.0],
        [0.843391,0.0,-0.5373],
        [13030.5,6.05,-2011.9]
      ],
      "objLayer": 0,
      "props": []
    },
    "flt_tank_spot_30": {
      "type": "Point",
      "tm": [
        [1.0,0.0,0.0],
        [0.0,1.0,0.0],
        [0.0,0.0,1.0],
        [13064.0,6.75,-1142.45]
      ],
      "objLayer": 0,
      "props": []
    },
    "flt_tank_spot_31": {
      "type": "Point",
      "tm": [
        [-0.991445,0.0,0.130526],
        [0.0,1.0,0.0],
        [-0.130526,0.0,-0.991445],
        [13281.2,12.55,403.9]
      ],
      "objLayer": 0,
      "props": []
    },
    "flt_tank_spot_32": {
      "type": "Point",
      "tm": [
        [0.866025,0.0,0.5],
        [0.0,1.0,0.0],
        [-0.5,0.0,0.866025],
        [12520.0,5.4,144.65]
      ],
      "objLayer": 0,
      "props": []
    },
    "flt_tank_spot_33": {
      "type": "Point",
      "tm": [
        [0.0436195,0.0,0.999048],
        [0.0,1.0,0.0],
        [-0.999048,0.0,0.0436195],
        [12439.4,7.5,2379.5]
      ],
      "objLayer": 0,
      "props": []
    },
    "flt_tank_spot_34": {
      "type": "Point",
      "tm": [
        [-0.819152,0.0,-0.573576],
        [0.0,1.0,0.0],
        [0.573576,0.0,-0.819152],
        [13093.3,7.75,2842.3]
      ],
      "objLayer": 0,
      "props": []
    },
    "flt_tank_spot_35": {
      "type": "Point",
      "tm": [
        [1.0,0.0,0.0],
        [0.0,1.0,0.0],
        [0.0,0.0,1.0],
        [12073.2,7.2,4094.75]
      ],
      "objLayer": 0,
      "props": []
    },
    "flt_tank_spot_36": {
      "type": "Point",
      "tm": [
        [-0.422618,0.0,0.906308],
        [0.0,1.0,0.0],
        [-0.906308,0.0,-0.422618],
        [11037.9,14.75,3210.6]
      ],
      "objLayer": 0,
      "props": []
    },
    "flt_tank_spot_37": {
      "type": "Point",
      "tm": [
        [0.642788,0.0,-0.766044],
        [0.0,1.0,0.0],
        [0.766044,0.0,0.642788],
        [11278.6,14.4,4117.7]
      ],
      "objLayer": 0,
      "props": []
    },
    "flt_tank_spot_38": {
      "type": "Point",
      "tm": [
        [1.0,0.0,0.0],
        [0.0,1.0,0.0],
        [0.0,0.0,1.0],
        [12590.4,7.95,4525.65]
      ],
      "objLayer": 0,
      "props": []
    },
    "flt_tank_spot_39": {
      "type": "Point",
      "tm": [
        [-0.766044,0.0,0.642788],
        [0.0,1.0,0.0],
        [-0.642788,0.0,-0.766044],
        [12890.8,9.1,5185.85]
      ],
      "objLayer": 0,
      "props": []
    },
    "flt_tank_spot_40": {
      "type": "Point",
      "tm": [
        [0.573576,0.0,-0.819152],
        [0.0,1.0,0.0],
        [0.819152,0.0,0.573576],
        [12132.1,23.6,5608.25]
      ],
      "objLayer": 0,
      "props": []
    },
    "flt_tank_spot_41": {
      "type": "Point",
      "tm": [
        [-0.382683,0.0,-0.92388],
        [0.0,1.0,0.0],
        [0.92388,0.0,-0.382683],
        [12535.3,6.65,7848.55]
      ],
      "objLayer": 0,
      "props": []
    },
    "flt_tank_spot_42": {
      "type": "Point",
      "tm": [
        [-0.608761,0.0,-0.793353],
        [0.0,1.0,0.0],
        [0.793353,0.0,-0.608761],
        [13050.2,4.1,7949.95]
      ],
      "objLayer": 0,
      "props": []
    },
    "flt_tank_spot_43": {
      "type": "Point",
      "tm": [
        [0.382683,0.0,0.92388],
        [0.0,1.0,0.0],
        [-0.92388,0.0,0.382683],
        [12483.4,6.8,7286.05]
      ],
      "objLayer": 0,
      "props": []
    },
    "flt_tank_spot_44": {
      "type": "Point",
      "tm": [
        [1.0,0.0,0.0],
        [0.0,1.0,0.0],
        [0.0,0.0,1.0],
        [12079.6,6.2,9529.2]
      ],
      "objLayer": 0,
      "props": []
    },
    "flt_tank_spot_45": {
      "type": "Point",
      "tm": [
        [1.0,0.0,0.0],
        [0.0,1.0,0.0],
        [0.0,0.0,1.0],
        [13024.0,5.0,9311.35]
      ],
      "objLayer": 0,
      "props": []
    },
    "flt_tank_spot_46": {
      "type": "Point",
      "tm": [
        [1.0,0.0,0.0],
        [0.0,1.0,0.0],
        [0.0,0.0,1.0],
        [12727.0,4.95,10046.2]
      ],
      "objLayer": 0,
      "props": []
    },
    "flt_tank_spot_47": {
      "type": "Point",
      "tm": [
        [-0.5,0.0,0.866025],
        [0.0,1.0,0.0],
        [-0.866025,0.0,-0.5],
        [11741.0,5.9,10158.8]
      ],
      "objLayer": 0,
      "props": []
    },
    "flt_tank_spot_48": {
      "type": "Point",
      "tm": [
        [1.0,0.0,0.0],
        [0.0,1.0,0.0],
        [0.0,0.0,1.0],
        [12257.5,5.75,11328.0]
      ],
      "objLayer": 0,
      "props": []
    },
    "flt_tank_spot_49": {
      "type": "Point",
      "tm": [
        [-0.67559,0.0,0.737277],
        [0.0,1.0,0.0],
        [-0.737277,0.0,-0.67559],
        [12896.7,7.2,11391.5]
      ],
      "objLayer": 0,
      "props": []
    },
    "flt_tank_spot_50": {
      "type": "Point",
      "tm": [
        [-0.906308,0.0,0.422618],
        [0.0,1.0,0.0],
        [-0.422618,0.0,-0.906308],
        [12936.9,6.85,10561.0]
      ],
      "objLayer": 0,
      "props": []
    },
    "flt_tank_spot_51": {
      "type": "Point",
      "tm": [
        [-0.866025,0.0,-0.5],
        [0.0,1.0,0.0],
        [0.5,0.0,-0.866025],
        [12738.8,5.65,17186.3]
      ],
      "objLayer": 0,
      "props": []
    },
    "flt_tank_spot_52": {
      "type": "Point",
      "tm": [
        [-0.999048,0.0,0.0436194],
        [0.0,1.0,0.0],
        [-0.0436194,0.0,-0.999048],
        [13551.2,11.9,18589.3]
      ],
      "objLayer": 0,
      "props": []
    },
    "flt_tank_spot_53": {
      "type": "Point",
      "tm": [
        [0.608761,0.0,-0.793353],
        [0.0,1.0,0.0],
        [0.793353,0.0,0.608761],
        [13503.4,50.8,20832.3]
      ],
      "objLayer": 0,
      "props": []
    },
    "flt_tank_spot_54": {
      "type": "Point",
      "tm": [
        [1.0,0.0,0.0],
        [0.0,1.0,0.0],
        [0.0,0.0,1.0],
        [14381.2,27.1,20450.4]
      ],
      "objLayer": 0,
      "props": []
    },
    "flt_tank_spot_55": {
      "type": "Point",
      "tm": [
        [1.0,0.0,0.0],
        [0.0,1.0,0.0],
        [0.0,0.0,1.0],
        [14910.9,32.35,21753.8]
      ],
      "objLayer": 0,
      "props": []
    },
    "flt_tank_spot_56": {
      "type": "Point",
      "tm": [
        [-0.573576,0.0,0.819152],
        [0.0,1.0,0.0],
        [-0.819152,0.0,-0.573576],
        [13343.7,88.4,21684.6]
      ],
      "objLayer": 0,
      "props": []
    },
    "flt_tank_spot_57": {
      "type": "Point",
      "tm": [
        [-0.999048,0.0,-0.0436192],
        [0.0,1.0,0.0],
        [0.0436192,0.0,-0.999048],
        [10472.8,103.55,19612.6]
      ],
      "objLayer": 0,
      "props": []
    },
    "flt_tank_spot_58": {
      "type": "Point",
      "tm": [
        [1.0,0.0,0.0],
        [0.0,1.0,0.0],
        [0.0,0.0,1.0],
        [8903.1,145.8,19375.4]
      ],
      "objLayer": 0,
      "props": []
    },
    "flt_tank_spot_59": {
      "type": "Point",
      "tm": [
        [0.130526,0.0,-0.991445],
        [0.0,1.0,0.0],
        [0.991445,0.0,0.130526],
        [10608.5,43.05,18155.7]
      ],
      "objLayer": 0,
      "props": []
    },
    "flt_tank_spot_60": {
      "type": "Point",
      "tm": [
        [0.0436195,0.0,-0.999048],
        [0.0,1.0,0.0],
        [0.999048,0.0,0.0436195],
        [9248.05,94.45,18390.8]
      ],
      "objLayer": 0,
      "props": []
    },
    "flt_tank_spot_61": {
      "type": "Point",
      "tm": [
        [0.843391,0.0,0.5373],
        [0.0,1.0,0.0],
        [-0.5373,0.0,0.843391],
        [8567.95,126.9,18324.1]
      ],
      "objLayer": 0,
      "props": []
    },
    "flt_tank_spot_62": {
      "type": "Point",
      "tm": [
        [0.21644,0.0,0.976296],
        [0.0,1.0,0.0],
        [-0.976296,0.0,0.21644],
        [16889.4,27.75,22907.0]
      ],
      "objLayer": 0,
      "props": []
    },
    "flt_tank_spot_63": {
      "type": "Point",
      "tm": [
        [0.382683,0.0,0.92388],
        [0.0,1.0,0.0],
        [-0.92388,0.0,0.382683],
        [17556.3,25.45,23603.8]
      ],
      "objLayer": 0,
      "props": []
    },
    "flt_tank_spot_64": {
      "type": "Point",
      "tm": [
        [-0.996195,0.0,0.0871559],
        [0.0,1.0,0.0],
        [-0.0871559,0.0,-0.996195],
        [17316.1,38.2,23670.1]
      ],
      "objLayer": 0,
      "props": []
    },
    "flt_tank_spot_65": {
      "type": "Point",
      "tm": [
        [0.843391,0.0,0.5373],
        [0.0,1.0,0.0],
        [-0.5373,0.0,0.843391],
        [17932.3,15.25,24017.0]
      ],
      "objLayer": 0,
      "props": []
    },
    "flt_tank_spot_66": {
      "type": "Point",
      "tm": [
        [0.608761,0.0,0.793353],
        [0.0,1.0,0.0],
        [-0.793353,0.0,0.608761],
        [5729.0,160.7,19844.5]
      ],
      "objLayer": 0,
      "props": []
    },
    "flt_tank_spot_67": {
      "type": "Point",
      "tm": [
        [0.573576,0.0,-0.819152],
        [0.0,1.0,0.0],
        [0.819152,0.0,0.573576],
        [5316.4,224.85,21375.7]
      ],
      "objLayer": 0,
      "props": []
    },
    "flt_tank_spot_68": {
      "type": "Point",
      "tm": [
        [-0.866025,0.0,0.5],
        [0.0,1.0,0.0],
        [-0.5,0.0,-0.866025],
        [4759.15,152.9,19948.8]
      ],
      "objLayer": 0,
      "props": []
    },
    "flt_tank_spot_69": {
      "type": "Point",
      "tm": [
        [-0.0436193,0.0,0.999048],
        [0.0,1.0,0.0],
        [-0.999048,0.0,-0.0436193],
        [4205.75,218.4,20816.1]
      ],
      "objLayer": 0,
      "props": []
    },
    "flt_tank_spot_70": {
      "type": "Point",
      "tm": [
        [0.707107,0.0,0.707107],
        [0.0,1.0,0.0],
        [-0.707107,0.0,0.707107],
        [5061.9,188.8,20347.7]
      ],
      "objLayer": 0,
      "props": []
    },
    "flt_tank_spot_71": {
      "type": "Point",
      "tm": [
        [1.0,0.0,0.0],
        [0.0,1.0,0.0],
        [0.0,0.0,1.0],
        [-9264.95,151.15,-3681.6]
      ],
      "objLayer": 0,
      "props": []
    },
    "flt_tank_spot_72": {
      "type": "Point",
      "tm": [
        [-0.953717,0.0,-0.300706],
        [0.0,1.0,0.0],
        [0.300706,0.0,-0.953717],
        [-8299.55,108.1,-4993.6]
      ],
      "objLayer": 0,
      "props": []
    },
    "flt_tank_spot_73": {
      "type": "Point",
      "tm": [
        [-0.0436193,0.0,0.999048],
        [0.0,1.0,0.0],
        [-0.999048,0.0,-0.0436193],
        [-8655.1,115.2,-5294.5]
      ],
      "objLayer": 0,
      "props": []
    },
    "flt_tank_spot_74": {
      "type": "Point",
      "tm": [
        [1.0,0.0,0.0],
        [0.0,1.0,0.0],
        [0.0,0.0,1.0],
        [-10005.2,150.0,-5859.85]
      ],
      "objLayer": 0,
      "props": []
    },
    "flt_tank_spot_75": {
      "type": "Point",
      "tm": [
        [0.300706,0.0,-0.953717],
        [0.0,1.0,0.0],
        [0.953717,0.0,0.300706],
        [-10733.3,181.2,-5249.85]
      ],
      "objLayer": 0,
      "props": []
    },
    "flt_tank_spot_76": {
      "type": "Point",
      "tm": [
        [0.422618,0.0,-0.906308],
        [0.0,1.0,0.0],
        [0.906308,0.0,0.422618],
        [-10804.9,197.3,-4794.55]
      ],
      "objLayer": 0,
      "props": []
    },
    "flt_tank_spot_77": {
      "type": "Point",
      "tm": [
        [-0.965926,0.0,0.258819],
        [0.0,1.0,0.0],
        [-0.258819,0.0,-0.965926],
        [-17565.7,263.15,-1743.4]
      ],
      "objLayer": 0,
      "props": []
    },
    "flt_tank_spot_78": {
      "type": "Point",
      "tm": [
        [1.0,0.0,0.0],
        [0.0,1.0,0.0],
        [0.0,0.0,1.0],
        [-18188.9,166.5,-1603.35]
      ],
      "objLayer": 0,
      "props": []
    },
    "flt_tank_spot_79": {
      "type": "Point",
      "tm": [
        [1.0,0.0,0.0],
        [0.0,1.0,0.0],
        [0.0,0.0,1.0],
        [-18490.0,148.85,-929.4]
      ],
      "objLayer": 0,
      "props": []
    },
    "flt_tank_spot_80": {
      "type": "Point",
      "tm": [
        [-0.21644,0.0,-0.976296],
        [0.0,1.0,0.0],
        [0.976296,0.0,-0.21644],
        [-18552.2,121.7,165.6]
      ],
      "objLayer": 0,
      "props": []
    },
    "flt_tank_spot_81": {
      "type": "Point",
      "tm": [
        [1.0,0.0,0.0],
        [0.0,1.0,0.0],
        [0.0,0.0,1.0],
        [-17559.4,123.55,106.5]
      ],
      "objLayer": 0,
      "props": []
    },
    "flt_tank_spot_82": {
      "type": "Point",
      "tm": [
        [-0.991445,0.0,-0.130526],
        [0.0,1.0,0.0],
        [0.130526,0.0,-0.991445],
        [-21964.7,330.9,5973.0]
      ],
      "objLayer": 0,
      "props": []
    },
    "flt_tank_spot_83": {
      "type": "Point",
      "tm": [
        [0.34202,0.0,0.939693],
        [0.0,1.0,0.0],
        [-0.939693,0.0,0.34202],
        [-22949.0,267.6,5518.3]
      ],
      "objLayer": 0,
      "props": []
    },
    "flt_tank_spot_84": {
      "type": "Point",
      "tm": [
        [0.608761,0.0,0.793353],
        [0.0,1.0,0.0],
        [-0.793353,0.0,0.608761],
        [-22003.9,281.35,4804.75]
      ],
      "objLayer": 0,
      "props": []
    },
    "flt_tank_spot_85": {
      "type": "Point",
      "tm": [
        [-0.258819,0.0,0.965926],
        [0.0,1.0,0.0],
        [-0.965926,0.0,-0.258819],
        [-22777.0,366.7,4646.15]
      ],
      "objLayer": 0,
      "props": []
    },
    "flt_tank_spot_86": {
      "type": "Point",
      "tm": [
        [1.0,0.0,0.0],
        [0.0,1.0,0.0],
        [0.0,0.0,1.0],
        [-22004.8,250.0,4516.15]
      ],
      "objLayer": 0,
      "props": []
    },
    "flt_tank_spot_87": {
      "type": "Point",
      "tm": [
        [1.0,0.0,0.0],
        [0.0,1.0,0.0],
        [0.0,0.0,1.0],
        [-22747.8,222.85,6118.6]
      ],
      "objLayer": 0,
      "props": []
    },
    "flt_tank_spot_88": {
      "type": "Point",
      "tm": [
        [0.422618,0.0,0.906308],
        [0.0,1.0,0.0],
        [-0.906308,0.0,0.422618],
        [-16122.3,693.05,-19154.1]
      ],
      "objLayer": 0,
      "props": []
    },
    "flt_tank_spot_89": {
      "type": "Point",
      "tm": [
        [1.0,0.0,0.0],
        [0.0,1.0,0.0],
        [0.0,0.0,1.0],
        [-17375.3,672.7,-18969.2]
      ],
      "objLayer": 0,
      "props": []
    },
    "flt_tank_spot_90": {
      "type": "Point",
      "tm": [
        [0.939693,0.0,-0.34202],
        [0.0,1.0,0.0],
        [0.34202,0.0,0.939693],
        [-16057.7,689.1,-18382.6]
      ],
      "objLayer": 0,
      "props": []
    },
    "flt_tank_spot_91": {
      "type": "Point",
      "tm": [
        [0.5373,0.0,-0.843391],
        [0.0,1.0,0.0],
        [0.843391,0.0,0.5373],
        [-17388.9,608.45,-19283.3]
      ],
      "objLayer": 0,
      "props": []
    },
    "flt_tank_spot_92": {
      "type": "Point",
      "tm": [
        [1.0,0.0,0.0],
        [0.0,1.0,0.0],
        [0.0,0.0,1.0],
        [-6160.85,237.45,-11748.3]
      ],
      "objLayer": 0,
      "props": []
    },
    "flt_tank_spot_93": {
      "type": "Point",
      "tm": [
        [0.422618,0.0,-0.906308],
        [0.0,1.0,0.0],
        [0.906308,0.0,0.422618],
        [-5560.2,224.6,-11764.5]
      ],
      "objLayer": 0,
      "props": []
    },
    "flt_tank_spot_94": {
      "type": "Point",
      "tm": [
        [-0.819152,0.0,0.573576],
        [0.0,1.0,0.0],
        [-0.573576,0.0,-0.819152],
        [-5364.8,232.2,-12175.9]
      ],
      "objLayer": 0,
      "props": []
    },
    "flt_tank_spot_95": {
      "type": "Point",
      "tm": [
        [-0.999048,0.0,-0.0436192],
        [0.0,1.0,0.0],
        [0.0436192,0.0,-0.999048],
        [-5845.45,277.05,-12626.7]
      ],
      "objLayer": 0,
      "props": []
    },
    "flt_tank_spot_96": {
      "type": "Point",
      "tm": [
        [0.866025,0.0,0.5],
        [0.0,1.0,0.0],
        [-0.5,0.0,0.866025],
        [19582.8,107.85,-28016.4]
      ],
      "objLayer": 0,
      "props": []
    },
    "flt_tank_spot_97": {
      "type": "Point",
      "tm": [
        [-0.92388,0.0,0.382683],
        [0.0,1.0,0.0],
        [-0.382683,0.0,-0.92388],
        [18043.1,119.2,-28364.4]
      ],
      "objLayer": 0,
      "props": []
    },
    "flt_tank_spot_98": {
      "type": "Point",
      "tm": [
        [-0.300706,0.0,0.953717],
        [0.0,1.0,0.0],
        [-0.953717,0.0,-0.300706],
        [18787.0,113.4,-29011.6]
      ],
      "objLayer": 0,
      "props": []
    },
    "flt_tank_spot_99": {
      "type": "Point",
      "tm": [
        [-0.999048,0.0,0.0436195],
        [0.0,1.0,0.0],
        [-0.0436195,0.0,-0.999048],
        [18482.8,115.8,-27880.6]
      ],
      "objLayer": 0,
      "props": []
    },
    "flt_tank_spot_100": {
      "type": "Point",
      "tm": [
        [0.766044,0.0,0.642788],
        [0.0,1.0,0.0],
        [-0.642788,0.0,0.766044],
        [18080.3,114.85,-27812.2]
      ],
      "objLayer": 0,
      "props": []
    }
  },
  "objLayers": [
    {
      "layer": {
        "enabled": true
      }
    },
    {
      "layer": {
        "enabled": true
      }
    },
    {
      "layer": {
        "enabled": true
      }
    },
    {
      "layer": {
        "enabled": true
      }
    }
  ],
  "wayPoints": {
    "flt_tank_road_01": {
      "closed_waypoints": false,
      "way": {
        "flt_tank_road_01_wp_01": {
          "type": "normal",
          "tm": [
            [1.0,0.0,0.0],
            [0.0,1.0,0.0],
            [0.0,0.0,1.0],
            [31890.2,15.15,-27105.1]
          ],
          "props": {
            "speed": 300.0,
            "moveType": "GATHER_TO",
            "shouldKeepFormation": false
          }
        },
        "flt_tank_road_01_wp_02": {
          "type": "normal",
          "tm": [
            [1.0,0.0,0.0],
            [0.0,1.0,0.0],
            [0.0,0.0,1.0],
            [31290.2,39.15,-27054.8]
          ],
          "props": {
            "speed": 300.0,
            "moveType": "USE_SPLINES",
            "shouldKeepFormation": false
          }
        },
        "flt_tank_road_01_wp_03": {
          "type": "normal",
          "tm": [
            [1.0,0.0,0.0],
            [0.0,1.0,0.0],
            [0.0,0.0,1.0],
            [28735.4,15.85,-26313.0]
          ],
          "props": {
            "speed": 300.0,
            "moveType": "USE_SPLINES",
            "shouldKeepFormation": false
          }
        },
        "flt_tank_road_01_wp_04": {
          "type": "normal",
          "tm": [
            [1.0,0.0,0.0],
            [0.0,1.0,0.0],
            [0.0,0.0,1.0],
            [27921.7,15.5,-26270.1]
          ],
          "props": {
            "speed": 300.0,
            "moveType": "USE_SPLINES",
            "shouldKeepFormation": false
          }
        },
        "flt_tank_road_01_wp_05": {
          "type": "normal",
          "tm": [
            [1.0,0.0,0.0],
            [0.0,1.0,0.0],
            [0.0,0.0,1.0],
            [26188.5,11.5,-25242.6]
          ],
          "props": {
            "speed": 300.0,
            "moveType": "USE_SPLINES",
            "shouldKeepFormation": false
          }
        },
        "flt_tank_road_01_wp_06": {
          "type": "normal",
          "tm": [
            [1.0,0.0,0.0],
            [0.0,1.0,0.0],
            [0.0,0.0,1.0],
            [25717.3,9.7,-24680.9]
          ],
          "props": {
            "speed": 300.0,
            "moveType": "USE_SPLINES",
            "shouldKeepFormation": false
          }
        },
        "flt_tank_road_01_wp_07": {
          "type": "normal",
          "tm": [
            [1.0,0.0,0.0],
            [0.0,1.0,0.0],
            [0.0,0.0,1.0],
            [25099.1,8.55,-24095.4]
          ],
          "props": {
            "speed": 300.0,
            "moveType": "USE_SPLINES",
            "shouldKeepFormation": false
          }
        },
        "flt_tank_road_01_wp_08": {
          "type": "normal",
          "tm": [
            [1.0,0.0,0.0],
            [0.0,1.0,0.0],
            [0.0,0.0,1.0],
            [24622.3,9.75,-23643.5]
          ],
          "props": {
            "speed": 300.0,
            "moveType": "USE_SPLINES",
            "shouldKeepFormation": false
          }
        },
        "flt_tank_road_01_wp_09": {
          "type": "normal",
          "tm": [
            [1.0,0.0,0.0],
            [0.0,1.0,0.0],
            [0.0,0.0,1.0],
            [22717.9,21.45,-21696.2]
          ],
          "props": {
            "speed": 300.0,
            "moveType": "USE_SPLINES",
            "shouldKeepFormation": false
          }
        },
        "flt_tank_road_01_wp_10": {
          "type": "normal",
          "tm": [
            [1.0,0.0,0.0],
            [0.0,1.0,0.0],
            [0.0,0.0,1.0],
            [22416.4,21.25,-21317.6]
          ],
          "props": {
            "speed": 300.0,
            "moveType": "USE_SPLINES",
            "shouldKeepFormation": false
          }
        },
        "flt_tank_road_01_wp_11": {
          "type": "normal",
          "tm": [
            [1.0,0.0,0.0],
            [0.0,1.0,0.0],
            [0.0,0.0,1.0],
            [21985.7,21.7,-20526.6]
          ],
          "props": {
            "speed": 300.0,
            "moveType": "USE_SPLINES",
            "shouldKeepFormation": false
          }
        },
        "flt_tank_road_01_wp_12": {
          "type": "normal",
          "tm": [
            [1.0,0.0,0.0],
            [0.0,1.0,0.0],
            [0.0,0.0,1.0],
            [21874.2,24.25,-20538.8]
          ],
          "props": {
            "speed": 300.0,
            "moveType": "MOVETO_STRAIGHT",
            "shouldKeepFormation": false
          }
        }
      }
    },
    "flt_tank_road_02": {
      "closed_waypoints": false,
      "way": {
        "flt_tank_road_02_wp_01": {
          "type": "normal",
          "tm": [
            [1.0,0.0,0.0],
            [0.0,1.0,0.0],
            [0.0,0.0,1.0],
            [31477.6,53.55,-28903.1]
          ],
          "props": {
            "speed": 300.0,
            "moveType": "GATHER_TO",
            "shouldKeepFormation": false
          }
        },
        "flt_tank_road_02_wp_02": {
          "type": "normal",
          "tm": [
            [1.0,0.0,0.0],
            [0.0,1.0,0.0],
            [0.0,0.0,1.0],
            [30980.9,67.4,-28329.6]
          ],
          "props": {
            "speed": 300.0,
            "moveType": "USE_SPLINES",
            "shouldKeepFormation": false
          }
        },
        "flt_tank_road_02_wp_03": {
          "type": "normal",
          "tm": [
            [1.0,0.0,0.0],
            [0.0,1.0,0.0],
            [0.0,0.0,1.0],
            [29819.5,57.25,-27210.1]
          ],
          "props": {
            "speed": 300.0,
            "moveType": "USE_SPLINES",
            "shouldKeepFormation": false
          }
        },
        "flt_tank_road_02_wp_04": {
          "type": "normal",
          "tm": [
            [1.0,0.0,0.0],
            [0.0,1.0,0.0],
            [0.0,0.0,1.0],
            [28931.8,62.2,-26762.3]
          ],
          "props": {
            "speed": 300.0,
            "moveType": "USE_SPLINES",
            "shouldKeepFormation": false
          }
        },
        "flt_tank_road_02_wp_05": {
          "type": "normal",
          "tm": [
            [1.0,0.0,0.0],
            [0.0,1.0,0.0],
            [0.0,0.0,1.0],
            [29065.8,66.65,-27354.4]
          ],
          "props": {
            "speed": 300.0,
            "moveType": "USE_SPLINES",
            "shouldKeepFormation": false
          }
        },
        "flt_tank_road_02_wp_06": {
          "type": "normal",
          "tm": [
            [1.0,0.0,0.0],
            [0.0,1.0,0.0],
            [0.0,0.0,1.0],
            [28551.4,74.05,-27449.7]
          ],
          "props": {
            "speed": 300.0,
            "moveType": "USE_SPLINES",
            "shouldKeepFormation": false
          }
        },
        "flt_tank_road_02_wp_07": {
          "type": "normal",
          "tm": [
            [1.0,0.0,0.0],
            [0.0,1.0,0.0],
            [0.0,0.0,1.0],
            [27895.8,15.6,-26282.0]
          ],
          "props": {
            "speed": 300.0,
            "moveType": "USE_SPLINES",
            "shouldKeepFormation": false
          }
        },
        "flt_tank_road_02_wp_08": {
          "type": "normal",
          "tm": [
            [1.0,0.0,0.0],
            [0.0,1.0,0.0],
            [0.0,0.0,1.0],
            [26178.3,11.8,-25232.9]
          ],
          "props": {
            "speed": 300.0,
            "moveType": "USE_SPLINES",
            "shouldKeepFormation": false
          }
        },
        "flt_tank_road_02_wp_09": {
          "type": "normal",
          "tm": [
            [1.0,0.0,0.0],
            [0.0,1.0,0.0],
            [0.0,0.0,1.0],
            [25326.8,27.95,-25337.2]
          ],
          "props": {
            "speed": 300.0,
            "moveType": "USE_SPLINES",
            "shouldKeepFormation": false
          }
        },
        "flt_tank_road_02_wp_10": {
          "type": "normal",
          "tm": [
            [1.0,0.0,0.0],
            [0.0,1.0,0.0],
            [0.0,0.0,1.0],
            [24494.8,31.25,-24595.2]
          ],
          "props": {
            "speed": 300.0,
            "moveType": "USE_SPLINES",
            "shouldKeepFormation": false
          }
        },
        "flt_tank_road_02_wp_11": {
          "type": "normal",
          "tm": [
            [1.0,0.0,0.0],
            [0.0,1.0,0.0],
            [0.0,0.0,1.0],
            [24570.2,26.65,-24521.8]
          ],
          "props": {
            "speed": 300.0,
            "moveType": "MOVETO_STRAIGHT",
            "shouldKeepFormation": false
          }
        }
      }
    },
    "flt_tank_road_03": {
      "closed_waypoints": false,
      "way": {
        "flt_tank_road_03_wp_01": {
          "type": "normal",
          "tm": [
            [1.0,0.0,0.0],
            [0.0,1.0,0.0],
            [0.0,0.0,1.0],
            [30629.2,47.35,-29005.5]
          ],
          "props": {
            "speed": 300.0,
            "moveType": "GATHER_TO",
            "shouldKeepFormation": false
          }
        },
        "flt_tank_road_03_wp_02": {
          "type": "normal",
          "tm": [
            [1.0,0.0,0.0],
            [0.0,1.0,0.0],
            [0.0,0.0,1.0],
            [30146.8,53.4,-29004.2]
          ],
          "props": {
            "speed": 300.0,
            "moveType": "USE_SPLINES",
            "shouldKeepFormation": false
          }
        },
        "flt_tank_road_03_wp_03": {
          "type": "normal",
          "tm": [
            [1.0,0.0,0.0],
            [0.0,1.0,0.0],
            [0.0,0.0,1.0],
            [29511.8,66.3,-28513.9]
          ],
          "props": {
            "speed": 300.0,
            "moveType": "USE_SPLINES",
            "shouldKeepFormation": false
          }
        },
        "flt_tank_road_03_wp_04": {
          "type": "normal",
          "tm": [
            [1.0,0.0,0.0],
            [0.0,1.0,0.0],
            [0.0,0.0,1.0],
            [28392.3,77.45,-28449.8]
          ],
          "props": {
            "speed": 300.0,
            "moveType": "USE_SPLINES",
            "shouldKeepFormation": false
          }
        },
        "flt_tank_road_03_wp_05": {
          "type": "normal",
          "tm": [
            [1.0,0.0,0.0],
            [0.0,1.0,0.0],
            [0.0,0.0,1.0],
            [28186.2,82.3,-28108.4]
          ],
          "props": {
            "speed": 300.0,
            "moveType": "USE_SPLINES",
            "shouldKeepFormation": false
          }
        },
        "flt_tank_road_03_wp_06": {
          "type": "normal",
          "tm": [
            [1.0,0.0,0.0],
            [0.0,1.0,0.0],
            [0.0,0.0,1.0],
            [28540.7,74.3,-27470.3]
          ],
          "props": {
            "speed": 300.0,
            "moveType": "USE_SPLINES",
            "shouldKeepFormation": false
          }
        },
        "flt_tank_road_03_wp_07": {
          "type": "normal",
          "tm": [
            [1.0,0.0,0.0],
            [0.0,1.0,0.0],
            [0.0,0.0,1.0],
            [28525.3,73.85,-27376.3]
          ],
          "props": {
            "speed": 300.0,
            "moveType": "MOVETO_STRAIGHT",
            "shouldKeepFormation": false
          }
        }
      }
    },
    "flt_tank_road_04": {
      "closed_waypoints": false,
      "way": {
        "flt_tank_road_04_wp_01": {
          "type": "normal",
          "tm": [
            [1.0,0.0,0.0],
            [0.0,1.0,0.0],
            [0.0,0.0,1.0],
            [30048.6,6.9,-30138.0]
          ],
          "props": {
            "speed": 300.0,
            "moveType": "GATHER_TO",
            "shouldKeepFormation": false
          }
        },
        "flt_tank_road_04_wp_02": {
          "type": "normal",
          "tm": [
            [1.0,0.0,0.0],
            [0.0,1.0,0.0],
            [0.0,0.0,1.0],
            [29625.9,13.25,-30073.7]
          ],
          "props": {
            "speed": 300.0,
            "moveType": "USE_SPLINES",
            "shouldKeepFormation": false
          }
        },
        "flt_tank_road_04_wp_03": {
          "type": "normal",
          "tm": [
            [1.0,0.0,0.0],
            [0.0,1.0,0.0],
            [0.0,0.0,1.0],
            [28615.3,26.75,-29652.8]
          ],
          "props": {
            "speed": 300.0,
            "moveType": "USE_SPLINES",
            "shouldKeepFormation": false
          }
        },
        "flt_tank_road_04_wp_04": {
          "type": "normal",
          "tm": [
            [1.0,0.0,0.0],
            [0.0,1.0,0.0],
            [0.0,0.0,1.0],
            [27259.2,19.95,-29419.1]
          ],
          "props": {
            "speed": 300.0,
            "moveType": "USE_SPLINES",
            "shouldKeepFormation": false
          }
        },
        "flt_tank_road_04_wp_05": {
          "type": "normal",
          "tm": [
            [1.0,0.0,0.0],
            [0.0,1.0,0.0],
            [0.0,0.0,1.0],
            [25095.0,33.9,-29838.1]
          ],
          "props": {
            "speed": 300.0,
            "moveType": "USE_SPLINES",
            "shouldKeepFormation": false
          }
        },
        "flt_tank_road_04_wp_06": {
          "type": "normal",
          "tm": [
            [1.0,0.0,0.0],
            [0.0,1.0,0.0],
            [0.0,0.0,1.0],
            [22580.2,125.95,-25685.8]
          ],
          "props": {
            "speed": 300.0,
            "moveType": "USE_SPLINES",
            "shouldKeepFormation": false
          }
        },
        "flt_tank_road_04_wp_07": {
          "type": "normal",
          "tm": [
            [1.0,0.0,0.0],
            [0.0,1.0,0.0],
            [0.0,0.0,1.0],
            [20652.6,107.3,-22845.6]
          ],
          "props": {
            "speed": 300.0,
            "moveType": "USE_SPLINES",
            "shouldKeepFormation": false
          }
        },
        "flt_tank_road_04_wp_08": {
          "type": "normal",
          "tm": [
            [1.0,0.0,0.0],
            [0.0,1.0,0.0],
            [0.0,0.0,1.0],
            [21096.0,48.15,-21965.9]
          ],
          "props": {
            "speed": 300.0,
            "moveType": "USE_SPLINES",
            "shouldKeepFormation": false
          }
        },
        "flt_tank_road_04_wp_09": {
          "type": "normal",
          "tm": [
            [1.0,0.0,0.0],
            [0.0,1.0,0.0],
            [0.0,0.0,1.0],
            [20876.3,50.95,-21527.9]
          ],
          "props": {
            "speed": 300.0,
            "moveType": "USE_SPLINES",
            "shouldKeepFormation": false
          }
        },
        "flt_tank_road_04_wp_10": {
          "type": "normal",
          "tm": [
            [1.0,0.0,0.0],
            [0.0,1.0,0.0],
            [0.0,0.0,1.0],
            [21228.8,44.1,-20671.1]
          ],
          "props": {
            "speed": 300.0,
            "moveType": "USE_SPLINES",
            "shouldKeepFormation": false
          }
        },
        "flt_tank_road_04_wp_11": {
          "type": "normal",
          "tm": [
