{
  "selected_tag": "",
  "bin_dump_file": "",
  "mission_settings": {
    "player": {
      "army": 1
    },
    "player_teamB": {
      "army": 2
    },
    "mission": {
      "level": "levels/avg_egypt_sinai.bin",
      "type": "singleMission",
      "environment": "Day",
      "weather": "clear",
      "restoreType": "attempts",
      "optionalTakeOff": false
    }
  },
  "imports": {
    "import_record": [
      {
        "file": "gamedata/missions/templates/units_sets/airfields_decor/t1_air_radar_uk.blk",
        "importAreas": true,
        "importUnits": true,
        "importTriggers": true,
        "importMissionObjectives": true,
        "importWayPoints": true,
        "importDialogs": true,
        "showAreas": true,
        "showUnits": true,
        "showTriggers": true,
        "showMissionObjectives": true,
        "showWayPoints": true,
        "showDialogs": true,
        "excludes": {}
      },
      {
        "file": "gamedata/missions/templates/units_sets/airfields_decor/t2_air_radar_germ.blk",
        "importAreas": true,
        "importUnits": true,
        "importTriggers": true,
        "importMissionObjectives": true,
        "importWayPoints": true,
        "importDialogs": true,
        "showAreas": true,
        "showUnits": true,
        "showTriggers": true,
        "showMissionObjectives": true,
        "showWayPoints": true,
        "showDialogs": true,
        "excludes": {}
      }
    ]
  },
  "triggers": {
    "isCategory": true,
    "is_enabled": true,
    "fields_high_start": {
      "is_enabled": true,
      "comments": "",
      "props": {
        "actionsType": "PERFORM_ONE_BY_ONE",
        "conditionsType": "ALL",
        "enableAfterComplete": false
      },
      "events": {
        "initMission": {}
      },
      "conditions": {},
      "actions": {
        "varSetInt": [
          {
            "value": 0,
            "var": [
              "ft_t1_max_near_airfields_count",
              "ft_t2_max_near_airfields_count"
            ]
          },
          {
            "value": 0,
            "var": [
              "ft_t1_max_mid_airfields_count",
              "ft_t2_max_mid_airfields_count"
            ]
          },
          {
            "value": 3,
            "var": [
              "ft_t1_max_far_airfields_count",
              "ft_t2_max_far_airfields_count"
            ]
          }
        ],
        "comment": {
          "value": ""
        },
        "varSetReal": {
          "value": 30000.0,
          "var": "ft_generate_distance_between"
        }
      },
      "else_actions": {}
    }
  },
  "mission_objectives": {
    "isCategory": true,
    "is_enabled": true
  },
  "variables": {},
  "dialogs": {},
  "airfields": {},
  "effects": {},
  "units": {
    "objectGroups": [
      {
        "name": "ft_t1_airfield_01_01",
        "tm": [
          [
            -0.175558,
            0.0,
            0.98447
          ],
          [
            0.0,
            1.0,
            0.0
          ],
          [
            -0.98447,
            0.0,
            -0.175558
          ],
          [
            48249.4,
            898.791,
            50542.4
          ]
        ],
        "unit_class": "dynaf_pg_1line_3000_sand",
        "objLayer": 2,
        "props": {
          "army": 1,
          "active": false
        }
      },
      {
        "name": "ft_t1_airfield_01_02",
        "tm": [
          [
            -0.208393,
            0.0,
            0.978046
          ],
          [
            0.0,
            1.0,
            0.0
          ],
          [
            -0.978046,
            0.0,
            -0.208393
          ],
          [
            -50431.4,
            77.7052,
            52316.0
          ]
        ],
        "unit_class": "dynaf_pg_1line_3000_sand",
        "objLayer": 2,
        "props": {
          "army": 1,
          "active": false
        }
      },
      {
        "name": "ft_t1_airfield_01_03",
        "tm": [
          [
            0.0230403,
            0.0,
            0.999733
          ],
          [
            0.0,
            1.0,
            0.0
          ],
          [
            -0.999733,
            0.0,
            0.0230403
          ],
          [
            -6457.94,
            613.211,
            50440.4
          ]
        ],
        "unit_class": "dynaf_pg_1line_3000_sand",
        "objLayer": 2,
        "props": {
          "army": 1,
          "active": false
        }
      },
      {
        "name": "ft_t1_airfield_02_01",
        "tm": [
          [
            0.333472,
            0.0,
            0.94276
          ],
          [
            0.0,
            1.0,
            0.0
          ],
          [
            -0.94276,
            0.0,
            0.333472
          ],
          [
            42500.5,
            903.826,
            34401.7
          ]
        ],
        "unit_class": "dynaf_universal_1line_b_big",
        "objLayer": 2,
        "props": {
          "army": 1,
          "active": false
        }
      },
      {
        "name": "ft_t1_airfield_02_02",
        "tm": [
          [
            -0.14911,
            0.0,
            0.98882
          ],
          [
            0.0,
            1.0,
            0.0
          ],
          [
            -0.98882,
            0.0,
            -0.14911
          ],
          [
            -5736.44,
            795.462,
            34641.9
          ]
        ],
        "unit_class": "dynaf_universal_1line_b_big",
        "objLayer": 2,
        "props": {
          "army": 1,
          "active": false
        }
      },
      {
        "name": "ft_t1_airfield_03_01",
        "tm": [
          [
            0.102955,
            0.0,
            0.994686
          ],
          [
            0.0,
            1.0,
            0.0
          ],
          [
            -0.994686,
            0.0,
            0.102955
          ],
          [
            3487.01,
            852.481,
            12142.1
          ]
        ],
        "unit_class": "dynaf_universal_1line_b_big",
        "objLayer": 2,
        "props": {
          "army": 1,
          "active": false
        }
      },
      {
        "name": "ft_t1_airfield_03_02",
        "tm": [
          [
            -0.769621,
            0.0,
            0.638501
          ],
          [
            0.0,
            1.0,
            0.0
          ],
          [
            -0.638501,
            0.0,
            -0.769621
          ],
          [
            -48024.1,
            478.537,
            11997.1
          ]
        ],
        "unit_class": "dynaf_universal_1line_b_big",
        "objLayer": 2,
        "props": {
          "army": 1,
          "active": false
        }
      },
      {
        "name": "ft_t2_airfield_01_01",
        "tm": [
          [
            -0.124853,
            0.0,
            -0.992175
          ],
          [
            0.0,
            1.0,
            0.0
          ],
          [
            0.992175,
            0.0,
            -0.124853
          ],
          [
            -57942.0,
            1444.05,
            -53686.4
          ]
        ],
        "unit_class": "dynaf_pg_1line_3000_sand",
        "objLayer": 2,
        "props": {
          "army": 2,
          "active": false
        }
      },
      {
        "name": "ft_t2_airfield_01_02",
        "tm": [
          [
            0.43358,
            0.0,
            -0.901115
          ],
          [
            0.0,
            1.0,
            0.0
          ],
          [
            0.901115,
            0.0,
            0.43358
          ],
          [
            16311.2,
            646.532,
            -50528.7
          ]
        ],
        "unit_class": "dynaf_pg_1line_3000_sand",
        "objLayer": 2,
        "props": {
          "army": 2,
          "active": false
        }
      },
      {
        "name": "ft_t2_airfield_01_03",
        "tm": [
          [
            0.138143,
            0.0,
            -0.990412
          ],
          [
            0.0,
            1.0,
            0.0
          ],
          [
            0.990412,
            0.0,
            0.138143
          ],
          [
            44519.0,
            1322.39,
            -52485.5
          ]
        ],
        "unit_class": "dynaf_pg_1line_3000_sand",
        "objLayer": 2,
        "props": {
          "army": 2,
          "active": false
        }
      },
      {
        "name": "ft_t2_airfield_02_01",
        "tm": [
          [
            -0.24463,
            0.0,
            -0.969616
          ],
          [
            0.0,
            1.0,
            0.0
          ],
          [
            0.969616,
            0.0,
            -0.24463
          ],
          [
            32130.8,
            1179.12,
            -35523.3
          ]
        ],
        "unit_class": "dynaf_universal_1line_b_big",
        "objLayer": 2,
        "props": {
          "army": 2,
          "active": false
        }
      },
      {
        "name": "ft_t2_airfield_02_02",
        "tm": [
          [
            0.253799,
            0.0,
            -0.967257
          ],
          [
            0.0,
            1.0,
            0.0
          ],
          [
            0.967257,
            0.0,
            0.253799
          ],
          [
            7338.32,
            508.207,
            -35225.3
          ]
        ],
        "unit_class": "dynaf_universal_1line_b_big",
        "objLayer": 2,
        "props": {
          "army": 2,
          "active": false
        }
      },
      {
        "name": "ft_t2_airfield_03_01",
        "tm": [
          [
            -0.213609,
            0.0,
            -0.97692
          ],
          [
            0.0,
            1.0,
            0.0
          ],
          [
            0.97692,
            0.0,
            -0.213609
          ],
          [
            -19526.1,
            72.9224,
            -11619.4
          ]
        ],
        "unit_class": "dynaf_universal_1line_b_big",
        "objLayer": 2,
        "props": {
          "army": 2,
          "active": false
        }
      },
      {
        "name": "ft_t2_airfield_03_02",
        "tm": [
          [
            0.0562069,
            0.0,
            -0.998418
          ],
          [
            0.0,
            1.0,
            0.0
          ],
          [
            0.998418,
            0.0,
            0.0562069
          ],
          [
            42398.3,
            1076.78,
            -12850.6
          ]
        ],
        "unit_class": "dynaf_universal_1line_b",
        "objLayer": 2,
        "props": {
          "army": 2,
          "active": false
        }
      },
      {
        "name": "ft_t1_airfield_02_03",
        "tm": [
          [
            -0.653579,
            0.0,
            0.756859
          ],
          [
            0.0,
            1.0,
            0.0
          ],
          [
            -0.756859,
            0.0,
            -0.653579
          ],
          [
            -28428.8,
            121.646,
            34503.4
          ]
        ],
        "unit_class": "dynaf_universal_1line_b_big",
        "objLayer": 2,
        "props": {
          "army": 1,
          "active": false
        }
      },
      {
        "name": "ft_t1_airfield_03_03",
        "tm": [
          [
            0.0695199,
            0.0,
            0.99758
          ],
          [
            0.0,
            1.0,
            0.0
          ],
          [
            -0.99758,
            0.0,
            0.0695199
          ],
          [
            -16367.0,
            340.325,
            12382.0
          ]
        ],
        "unit_class": "dynaf_universal_1line_b_big",
        "objLayer": 2,
        "props": {
          "army": 1,
          "active": false
        }
      },
      {
        "name": "ft_t2_airfield_03_03",
        "tm": [
          [
            -0.456589,
            0.0,
            -0.889678
          ],
          [
            0.0,
            1.0,
            0.0
          ],
          [
            0.889678,
            0.0,
            -0.456589
          ],
          [
            19449.5,
            985.451,
            -12736.7
          ]
        ],
        "unit_class": "dynaf_universal_1line_b_big",
        "objLayer": 2,
        "props": {
          "army": 2,
          "active": false
        }
      },
      {
        "name": "ft_t2_airfield_02_03",
        "tm": [
          [
            -0.0245818,
            0.0,
            -0.999697
          ],
          [
            0.0,
            1.0,
            0.0
          ],
          [
            0.999697,
            0.0,
            -0.0245818
          ],
          [
            -7955.15,
            175.286,
            -34729.0
          ]
        ],
        "unit_class": "dynaf_universal_1line_b_big",
        "objLayer": 2,
        "props": {
          "army": 2,
          "active": false
        }
      },
      {
        "name": "ft_t1_airfield_03_04",
        "tm": [
          [
            0.437434,
            0.0,
            0.89925
          ],
          [
            0.0,
            1.0,
            0.0
          ],
          [
            -0.89925,
            0.0,
            0.437434
          ],
          [
            39935.8,
            953.449,
            11952.3
          ]
        ],
        "unit_class": "dynaf_universal_1line_b_big",
        "objLayer": 2,
        "props": {
          "army": 1,
          "active": false
        }
      },
      {
        "name": "ft_t1_airfield_02_04",
        "tm": [
          [
            -0.917661,
            0.0,
            0.397364
          ],
          [
            0.0,
            1.0,
            0.0
          ],
          [
            -0.397364,
            0.0,
            -0.917661
          ],
          [
            -48136.5,
            143.772,
            33141.6
          ]
        ],
        "unit_class": "dynaf_universal_1line_b_big",
        "objLayer": 2,
        "props": {
          "army": 1,
          "active": false
        }
      },
      {
        "name": "ft_t2_airfield_03_04",
        "tm": [
          [
            -0.302784,
            0.0,
            -0.95306
          ],
          [
            0.0,
            1.0,
            0.0
          ],
          [
            0.95306,
            0.0,
            -0.302784
          ],
          [
            -53905.1,
            386.49,
            -13696.6
          ]
        ],
        "unit_class": "dynaf_universal_1line_b",
        "objLayer": 2,
        "props": {
          "army": 2,
          "active": false
        }
      },
      {
        "name": "ft_t2_airfield_02_04",
        "tm": [
          [
            0.286654,
            0.0,
            -0.958034
          ],
          [
            0.0,
            1.0,
            0.0
          ],
          [
            0.958034,
            0.0,
            0.286654
          ],
          [
            43794.0,
            1168.14,
            -34592.7
          ]
        ],
        "unit_class": "dynaf_universal_1line_b_big",
        "objLayer": 2,
        "props": {
          "army": 2,
          "active": false
        }
      },
      {
        "name": "ft_t2_airfield_01_04",
        "tm": [
          [
            -0.0892712,
            0.0,
            -0.996008
          ],
          [
            0.0,
            1.0,
            0.0
          ],
          [
            0.996008,
            0.0,
            -0.0892712
          ],
          [
            -39524.4,
            1038.03,
            -53363.6
          ]
        ],
        "unit_class": "dynaf_pg_1line_3000_sand",
        "objLayer": 2,
        "props": {
          "army": 2,
          "active": false
        }
      },
      {
        "name": "ft_t1_airfield_01_04",
        "tm": [
          [
            -0.717763,
            0.0,
            0.696286
          ],
          [
            0.0,
            1.0,
            0.0
          ],
          [
            -0.696286,
            0.0,
            -0.717763
          ],
          [
            -22715.0,
            536.522,
            50518.1
          ]
        ],
        "unit_class": "dynaf_pg_1line_3000_sand",
        "objLayer": 2,
        "props": {
          "army": 1,
          "active": false
        }
      },
      {
        "name": "ft_t1_airfield_01_05",
        "tm": [
          [
            -0.0765352,
            0.0,
            0.997067
          ],
          [
            0.0,
            1.0,
            0.0
          ],
          [
            -0.997067,
            0.0,
            -0.0765352
          ],
          [
            20116.1,
            840.558,
            49285.1
          ]
        ],
        "unit_class": "dynaf_pg_1line_3000_sand",
        "objLayer": 2,
        "props": {
          "army": 1,
          "active": false
        }
      },
      {
        "name": "ft_t2_airfield_01_05",
        "tm": [
          [
            0.780594,
            0.0,
            -0.625039
          ],
          [
            0.0,
            1.0,
            0.0
          ],
          [
            0.625039,
            0.0,
            0.780594
          ],
          [
            -3061.15,
            54.2651,
            -51637.1
          ]
        ],
        "unit_class": "dynaf_pg_1line_3000_sand",
        "objLayer": 2,
        "props": {
          "army": 2,
          "active": false
        }
      },
      {
        "name": "ft_t2_airfield_03_05",
        "tm": [
          [
            0.099347,
            0.0,
            -0.995054
          ],
          [
            0.0,
            1.0,
            0.0
          ],
          [
            0.995054,
            0.0,
            0.099347
          ],
          [
            -602.728,
            576.123,
            -12813.1
          ]
        ],
        "unit_class": "dynaf_universal_1line_b_big",
        "objLayer": 2,
        "props": {
          "army": 2,
          "active": false
        }
      },
      {
        "name": "ft_t1_airfield_03_05",
        "tm": [
          [
            -0.0324499,
            0.0,
            0.999473
          ],
          [
            0.0,
            1.0,
            0.0
          ],
          [
            -0.999473,
            0.0,
            -0.0324499
          ],
          [
            16995.6,
            945.859,
            13033.4
          ]
        ],
        "unit_class": "dynaf_universal_1line_b",
        "objLayer": 2,
        "props": {
          "army": 1,
          "active": false
        }
      },
      {
        "name": "ft_t2_airfield_02_05",
        "tm": [
          [
            -0.420471,
            0.0,
            -0.907305
          ],
          [
            0.0,
            1.0,
            0.0
          ],
          [
            0.907305,
            0.0,
            -0.420471
          ],
          [
            -58745.2,
            363.743,
            -34970.5
          ]
        ],
        "unit_class": "dynaf_universal_1line_b_big",
        "objLayer": 2,
        "props": {
          "army": 2,
          "active": false
        }
      },
      {
        "name": "ft_t1_airfield_02_05",
        "tm": [
          [
            -0.14911,
            0.0,
            0.98882
          ],
          [
            0.0,
            1.0,
            0.0
          ],
          [
            -0.98882,
            0.0,
            -0.14911
          ],
          [
            12329.6,
            979.283,
            34894.2
          ]
        ],
        "unit_class": "dynaf_universal_1line_b_big",
        "objLayer": 2,
        "props": {
          "army": 1,
          "active": false
        }
      }
    ],
    "squad": [
      {
        "name": "ft_t1_airfields_squad",
        "tm": [
          [
            -2.78181e-8,
            0.0,
            1.0
          ],
          [
            0.0,
            1.0,
            0.0
          ],
          [
            -1.0,
            0.0,
            -2.78181e-8
          ],
          [
            74025.3,
            -10.6328,
            44616.3
          ]
        ],
        "props": {
          "squad_members": [
            "ft_t1_airfield_01_01",
            "ft_t1_airfield_01_02",
            "ft_t1_airfield_01_03",
            "ft_t1_airfield_01_04",
            "ft_t1_airfield_01_05",
            "ft_t1_airfield_02_01",
            "ft_t1_airfield_02_02",
            "ft_t1_airfield_02_03",
            "ft_t1_airfield_02_04",
            "ft_t1_airfield_02_05",
            "ft_t1_airfield_03_01",
            "ft_t1_airfield_03_02",
            "ft_t1_airfield_03_03",
            "ft_t1_airfield_03_04",
            "ft_t1_airfield_03_05"
          ],
          "object_marking": 0
        }
      },
      {
        "name": "ft_t2_airfields_squad",
        "tm": [
          [
            -2.78181e-8,
            0.0,
            1.0
          ],
          [
            0.0,
            1.0,
            0.0
          ],
          [
            -1.0,
            0.0,
            -2.78181e-8
          ],
          [
            75264.6,
            140.354,
            -42353.9
          ]
        ],
        "props": {
          "squad_members": [
            "ft_t2_airfield_01_01",
            "ft_t2_airfield_01_02",
            "ft_t2_airfield_01_03",
            "ft_t2_airfield_01_04",
            "ft_t2_airfield_01_05",
            "ft_t2_airfield_02_01",
            "ft_t2_airfield_02_02",
            "ft_t2_airfield_02_03",
            "ft_t2_airfield_02_04",
            "ft_t2_airfield_02_05",
            "ft_t2_airfield_03_01",
            "ft_t2_airfield_03_02",
            "ft_t2_airfield_03_03",
            "ft_t2_airfield_03_04",
            "ft_t2_airfield_03_05"
          ],
          "object_marking": 0
        }
      }
    ]
  },
  "areas": {
    "ft_t2_airfield_01_01_bomb_zone": {
      "type": "Box",
      "tm": [
        [
          -437.074,
          0.0,
          -3472.59
        ],
        [
          0.0,
          1000.0,
          0.0
        ],
        [
          1488.26,
          0.0,
          -187.318
        ],
        [
          -57934.6,
          1381.9,
          -53720.7
        ]
      ],
      "objLayer": 0,
      "props": {}
    },
    "ft_t2_airfield_01_02_bomb_zone": {
      "type": "Box",
      "tm": [
        [
          1516.38,
          0.0,
          -3154.46
        ],
        [
          0.0,
          1000.0,
          0.0
        ],
        [
          1351.9,
          0.0,
          649.879
        ],
        [
          16294.7,
          592.432,
          -50526.8
        ]
      ],
      "objLayer": 0,
      "props": {}
    },
    "ft_t2_airfield_01_03_bomb_zone": {
      "type": "Box",
      "tm": [
        [
          484.329,
          0.0,
          -3466.33
        ],
        [
          0.0,
          1000.0,
          0.0
        ],
        [
          1485.57,
          0.0,
          207.575
        ],
        [
          44545.0,
          1256.11,
          -52835.4
        ]
      ],
      "objLayer": 0,
      "props": {}
    },
    "ft_t2_airfield_02_01_bomb_zone": {
      "type": "Box",
      "tm": [
        [
          -855.687,
          0.0,
          -3393.79
        ],
        [
          0.0,
          1000.0,
          0.0
        ],
        [
          1454.48,
          0.0,
          -366.724
        ],
        [
          32142.9,
          1117.12,
          -35476.6
        ]
      ],
      "objLayer": 0,
      "props": {}
    },
    "ft_t2_airfield_02_02_bomb_zone": {
      "type": "Box",
      "tm": [
        [
          888.465,
          0.0,
          -3385.36
        ],
        [
          0.0,
          1000.0,
          0.0
        ],
        [
          1450.86,
          0.0,
          380.769
        ],
        [
          7362.69,
          410.267,
          -35233.9
        ]
      ],
      "objLayer": 0,
      "props": {}
    },
    "ft_t2_airfield_03_01_bomb_zone": {
      "type": "Box",
      "tm": [
        [
          -747.914,
          0.0,
          -3419.16
        ],
        [
          0.0,
          1000.0,
          0.0
        ],
        [
          1465.35,
          0.0,
          -320.542
        ],
        [
          -19510.1,
          22.3723,
          -11566.1
        ]
      ],
      "objLayer": 0,
      "props": {}
    },
    "ft_t2_airfield_03_02_bomb_zone": {
      "type": "Box",
      "tm": [
        [
          195.374,
          0.0,
          -3494.54
        ],
        [
          0.0,
          1000.0,
          0.0
        ],
        [
          1497.66,
          0.0,
          83.7338
        ],
        [
          42399.4,
          1053.52,
          -12813.2
        ]
      ],
      "objLayer": 0,
      "props": {}
    },
    "ft_t1_airfield_01_01_bomb_zone": {
      "type": "Box",
      "tm": [
        [
          -613.783,
          0.0,
          3445.76
        ],
        [
          0.0,
          1000.0,
          0.0
        ],
        [
          -1476.75,
          0.0,
          -263.046
        ],
        [
          48398.8,
          833.811,
          50649.8
        ]
      ],
      "objLayer": 0,
      "props": {}
    },
    "ft_t1_airfield_01_03_bomb_zone": {
      "type": "Box",
      "tm": [
        [
          80.6355,
          0.0,
          3499.07
        ],
        [
          0.0,
          1000.0,
          0.0
        ],
        [
          -1499.6,
          0.0,
          34.5612
        ],
        [
          -6428.48,
          522.441,
          50496.1
        ]
      ],
      "objLayer": 0,
      "props": {}
    },
    "ft_t1_airfield_01_02_bomb_zone": {
      "type": "Box",
      "tm": [
        [
          -729.371,
          0.0,
          3423.16
        ],
        [
          0.0,
          1000.0,
          0.0
        ],
        [
          -1467.07,
          0.0,
          -312.581
        ],
        [
          -50473.2,
          -28.6547,
          52384.6
        ]
      ],
      "objLayer": 0,
      "props": {}
    },
    "ft_t1_airfield_02_01_bomb_zone": {
      "type": "Box",
      "tm": [
        [
          1167.15,
          0.0,
          3299.66
        ],
        [
          0.0,
          1000.0,
          0.0
        ],
        [
          -1414.14,
          0.0,
          500.203
        ],
        [
          42475.3,
          755.066,
          34317.1
        ]
      ],
      "objLayer": 0,
      "props": {}
    },
    "ft_t1_airfield_02_02_bomb_zone": {
      "type": "Box",
      "tm": [
        [
          -521.886,
          0.0,
          3460.87
        ],
        [
          0.0,
          1000.0,
          0.0
        ],
        [
          -1483.23,
          0.0,
          -223.666
        ],
        [
          -5750.99,
          765.922,
          34673.1
        ]
      ],
      "objLayer": 0,
      "props": {}
    },
    "ft_t1_airfield_03_01_bomb_zone": {
      "type": "Box",
      "tm": [
        [
          360.346,
          0.0,
          3481.4
        ],
        [
          0.0,
          1000.0,
          0.0
        ],
        [
          -1492.03,
          0.0,
          154.43
        ],
        [
          3481.81,
          734.791,
          12063.5
        ]
      ],
      "objLayer": 0,
      "props": {}
    },
    "ft_t1_airfield_03_02_bomb_zone": {
      "type": "Box",
      "tm": [
        [
          -2693.68,
          0.0,
          2234.74
        ],
        [
          0.0,
          1000.0,
          0.0
        ],
        [
          -957.751,
          0.0,
          -1154.43
        ],
        [
          -48188.2,
          306.677,
          12072.9
        ]
      ],
      "objLayer": 0,
      "props": {}
    },
    "ft_t1_airfield_01_01_spawn_01": {
      "type": "Point",
      "tm": [
        [
          0.455357,
          0.0,
          0.890309
        ],
        [
          0.0,
          1.0,
          0.0
        ],
        [
          -0.890309,
          0.0,
          0.455357
        ],
        [
          48979.3,
          982.15,
          50158.0
        ]
      ],
      "objLayer": 0,
      "props": {}
    },
    "ft_t1_airfield_01_01_spawn_02": {
      "type": "Point",
      "tm": [
        [
          -0.680876,
          0.0,
          0.732399
        ],
        [
          0.0,
          1.0,
          0.0
        ],
        [
          -0.732399,
          0.0,
          -0.680876
        ],
        [
          49082.3,
          988.741,
          49915.4
        ]
      ],
      "objLayer": 0,
      "props": {}
    },
    "ft_t1_airfield_01_01_spawn_03": {
      "type": "Point",
      "tm": [
        [
          0.455357,
          0.0,
          0.890309
        ],
        [
          0.0,
          1.0,
          0.0
        ],
        [
          -0.890309,
          0.0,
          0.455357
        ],
        [
          47725.7,
          953.42,
          50409.2
        ]
      ],
      "objLayer": 0,
      "props": {}
    },
    "ft_t1_airfield_01_01_spawn_04": {
      "type": "Point",
      "tm": [
        [
          0.455357,
          0.0,
          0.890309
        ],
        [
          0.0,
          1.0,
          0.0
        ],
        [
          -0.890309,
          0.0,
          0.455357
        ],
        [
          47741.9,
          950.34,
          49853.4
        ]
      ],
      "objLayer": 0,
      "props": {}
    },
    "ft_t1_airfield_01_01_spawn_05": {
      "type": "Point",
      "tm": [
        [
          0.455357,
          0.0,
          0.890309
        ],
        [
          0.0,
          1.0,
          0.0
        ],
        [
          -0.890309,
          0.0,
          0.455357
        ],
        [
          48973.5,
          981.05,
          50479.0
        ]
      ],
      "objLayer": 0,
      "props": {}
    },
    "ft_t1_airfield_01_01_spawn_06": {
      "type": "Point",
      "tm": [
        [
          0.455357,
          0.0,
          0.890309
        ],
        [
          0.0,
          1.0,
          0.0
        ],
        [
          -0.890309,
          0.0,
          0.455357
        ],
        [
          47743.1,
          953.71,
          50124.4
        ]
      ],
      "objLayer": 0,
      "props": {}
    },
    "ft_t1_airfield_01_01_spawn_07": {
      "type": "Point",
      "tm": [
        [
          0.455357,
          0.0,
          0.890309
        ],
        [
          0.0,
          1.0,
          0.0
        ],
        [
          -0.890309,
          0.0,
          0.455357
        ],
        [
          48949.2,
          1000.49,
          50820.8
        ]
      ],
      "objLayer": 0,
      "props": {}
    },
    "ft_t1_airfield_01_01_spawn_08": {
      "type": "Point",
      "tm": [
        [
          0.455357,
          0.0,
          0.890309
        ],
        [
          0.0,
          1.0,
          0.0
        ],
        [
          -0.890309,
          0.0,
          0.455357
        ],
        [
          48957.0,
          1025.99,
          51358.6
        ]
      ],
      "objLayer": 0,
      "props": {}
    },
    "ft_t1_airfield_01_01_spawn_09": {
      "type": "Point",
      "tm": [
        [
          0.455357,
          0.0,
          0.890309
        ],
        [
          0.0,
          1.0,
          0.0
        ],
        [
          -0.890309,
          0.0,
          0.455357
        ],
        [
          47666.2,
          952.371,
          51331.2
        ]
      ],
      "objLayer": 0,
      "props": {}
    },
    "ft_t1_airfield_01_01_spawn_10": {
      "type": "Point",
      "tm": [
        [
          0.455357,
          0.0,
          0.890309
        ],
        [
          0.0,
          1.0,
          0.0
        ],
        [
          -0.890309,
          0.0,
          0.455357
        ],
        [
          47643.3,
          954.17,
          51551.2
        ]
      ],
      "objLayer": 0,
      "props": {}
    },
    "ft_t1_airfield_01_01_spawn_11": {
      "type": "Point",
      "tm": [
        [
          0.455357,
          0.0,
          0.890309
        ],
        [
          0.0,
          1.0,
          0.0
        ],
        [
          -0.890309,
          0.0,
          0.455357
        ],
        [
          48980.2,
          1022.71,
          51066.4
        ]
      ],
      "objLayer": 0,
      "props": {}
    },
    "ft_t1_airfield_01_01_spawn_12": {
      "type": "Point",
      "tm": [
        [
          0.455357,
          0.0,
          0.890309
        ],
        [
          0.0,
          1.0,
          0.0
        ],
        [
          -0.890309,
          0.0,
          0.455357
        ],
        [
          48830.1,
          1026.96,
          51638.0
        ]
      ],
      "objLayer": 0,
      "props": {}
    },
    "ft_t1_airfield_01_01_spawn_13": {
      "type": "Point",
      "tm": [
        [
          0.455357,
          0.0,
          0.890309
        ],
        [
          0.0,
          1.0,
          0.0
        ],
        [
          -0.890309,
          0.0,
          0.455357
        ],
        [
          47697.2,
          953.03,
          51005.4
        ]
      ],
      "objLayer": 0,
      "props": {}
    },
    "ft_t1_airfield_01_01_spawn_14": {
      "type": "Point",
      "tm": [
        [
          0.455357,
          0.0,
          0.890309
        ],
        [
          0.0,
          1.0,
          0.0
        ],
        [
          -0.890309,
          0.0,
          0.455357
        ],
        [
          47724.9,
          954.811,
          50681.4
        ]
      ],
      "objLayer": 0,
      "props": {}
    },
    "ft_t1_airfield_01_02_spawn_01": {
      "type": "Point",
      "tm": [
        [
          0.544227,
          0.0,
          0.838937
        ],
        [
          0.0,
          1.0,
          0.0
        ],
        [
          -0.838937,
          0.0,
          0.544227
        ],
        [
          -49833.3,
          86.1154,
          51594.1
        ]
      ],
      "objLayer": 0,
      "props": {}
    },
    "ft_t1_airfield_01_02_spawn_02": {
      "type": "Point",
      "tm": [
        [
          0.544227,
          0.0,
          0.838937
        ],
        [
          0.0,
          1.0,
          0.0
        ],
        [
          -0.838937,
          0.0,
          0.544227
        ],
        [
          -50691.6,
          87.7753,
          51276.7
        ]
      ],
      "objLayer": 0,
      "props": {}
    },
    "ft_t1_airfield_01_02_spawn_03": {
      "type": "Point",
      "tm": [
        [
          0.544227,
          0.0,
          0.838937
        ],
        [
          0.0,
          1.0,
          0.0
        ],
        [
          -0.838937,
          0.0,
          0.544227
        ],
        [
          -49880.1,
          87.4252,
          52070.2
        ]
      ],
      "objLayer": 0,
      "props": {}
    },
    "ft_t1_airfield_01_02_spawn_04": {
      "type": "Point",
      "tm": [
        [
          0.544227,
          0.0,
          0.838937
        ],
        [
          0.0,
          1.0,
          0.0
        ],
        [
          -0.838937,
          0.0,
          0.544227
        ],
        [
          -49811.3,
          86.7853,
          51807.9
        ]
      ],
      "objLayer": 0,
      "props": {}
    },
    "ft_t1_airfield_01_02_spawn_05": {
      "type": "Point",
      "tm": [
        [
          0.544227,
          0.0,
          0.838937
        ],
        [
          0.0,
          1.0,
          0.0
        ],
        [
          -0.838937,
          0.0,
          0.544227
        ],
        [
          -50973.5,
          92.8951,
          52281.9
        ]
      ],
      "objLayer": 0,
      "props": {}
    },
    "ft_t1_airfield_01_02_spawn_06": {
      "type": "Point",
      "tm": [
        [
          0.544227,
          0.0,
          0.838937
        ],
        [
          0.0,
          1.0,
          0.0
        ],
        [
          -0.838937,
          0.0,
          0.544227
        ],
        [
          -50907.7,
          107.235,
          52044.6
        ]
      ],
      "objLayer": 0,
      "props": {}
    },
    "ft_t1_airfield_01_02_spawn_07": {
      "type": "Point",
      "tm": [
        [
          0.544227,
          0.0,
          0.838937
        ],
        [
          0.0,
          1.0,
          0.0
        ],
        [
          -0.838937,
          0.0,
          0.544227
        ],
        [
          -50816.4,
          93.7352,
          51718.2
        ]
      ],
      "objLayer": 0,
      "props": {}
    },
    "ft_t1_airfield_01_02_spawn_08": {
      "type": "Point",
      "tm": [
        [
          0.544227,
          0.0,
          0.838937
        ],
        [
          0.0,
          1.0,
          0.0
        ],
        [
          -0.838937,
          0.0,
          0.544227
        ],
        [
          -50088.3,
          86.1451,
          52833.8
        ]
      ],
      "objLayer": 0,
      "props": {}
    },
    "ft_t1_airfield_01_02_spawn_09": {
      "type": "Point",
      "tm": [
        [
          0.544227,
          0.0,
          0.838937
        ],
        [
          0.0,
          1.0,
          0.0
        ],
        [
          -0.838937,
          0.0,
          0.544227
        ],
        [
          -50189.0,
          86.6552,
          53220.0
        ]
      ],
      "objLayer": 0,
      "props": {}
    },
    "ft_t1_airfield_01_02_spawn_10": {
      "type": "Point",
      "tm": [
        [
          0.544227,
          0.0,
          0.838937
        ],
        [
          0.0,
          1.0,
          0.0
        ],
        [
          -0.838937,
          0.0,
          0.544227
        ],
        [
          -50770.9,
          87.2753,
          51517.2
        ]
      ],
      "objLayer": 0,
      "props": {}
    },
    "ft_t1_airfield_01_02_spawn_11": {
      "type": "Point",
      "tm": [
        [
          0.544227,
          0.0,
          0.838937
        ],
        [
          0.0,
          1.0,
          0.0
        ],
        [
          -0.838937,
          0.0,
          0.544227
        ],
        [
          -49956.8,
          87.7552,
          52281.1
        ]
      ],
      "objLayer": 0,
      "props": {}
    },
    "ft_t1_airfield_01_02_spawn_12": {
      "type": "Point",
      "tm": [
        [
          0.544227,
          0.0,
          0.838937
        ],
        [
          0.0,
          1.0,
          0.0
        ],
        [
          -0.838937,
          0.0,
          0.544227
        ],
        [
          -50017.0,
          87.7252,
          52541.5
        ]
      ],
      "objLayer": 0,
      "props": {}
    },
    "ft_t1_airfield_01_02_spawn_13": {
      "type": "Point",
      "tm": [
        [
          0.544227,
          0.0,
          0.838937
        ],
        [
          0.0,
          1.0,
          0.0
        ],
        [
          -0.838937,
          0.0,
          0.544227
        ],
        [
          -51054.2,
          87.0052,
          52581.6
        ]
      ],
      "objLayer": 0,
      "props": {}
    },
    "ft_t1_airfield_01_02_spawn_14": {
      "type": "Point",
      "tm": [
        [
          0.544227,
          0.0,
          0.838937
        ],
        [
          0.0,
          1.0,
          0.0
        ],
        [
          -0.838937,
          0.0,
          0.544227
        ],
        [
          -51073.4,
          87.8153,
          52947.7
        ]
      ],
      "objLayer": 0,
      "props": {}
    },
    "ft_t1_airfield_01_03_spawn_01": {
      "type": "Point",
      "tm": [
        [
          -0.830788,
          0.0,
          0.556587
        ],
        [
          0.0,
          1.0,
          0.0
        ],
        [
