{
  "selected_tag": "",
  "bin_dump_file": "",
  "mission_settings": {
    "player": [
      {
        "army": 1
      },
      {
        "wing": "t1_player01"
      },
      {
        "wing": "t1_player02"
      },
      {
        "wing": "t1_player03"
      },
      {
        "wing": "t1_player04"
      },
      {
        "wing": "t1_player05"
      },
      {
        "wing": "t1_player06"
      },
      {
        "wing": "t1_player07"
      },
      {
        "wing": "t1_player08"
      },
      {
        "wing": "t1_player09"
      },
      {
        "wing": "t1_player10"
      },
      {
        "wing": "t1_player11"
      },
      {
        "wing": "t1_player12"
      },
      {
        "wing": "t1_player13"
      },
      {
        "wing": "t1_player14"
      },
      {
        "wing": "t1_player15"
      },
      {
        "wing": "t1_player16"
      },
      {
        "wing": "t1_player17"
      },
      {
        "wing": "t1_player18"
      },
      {
        "wing": "t1_player19"
      },
      {
        "wing": "t1_player20"
      },
      {
        "wing": "t1_player21"
      },
      {
        "wing": "t1_player22"
      },
      {
        "wing": "t1_player23"
      },
      {
        "wing": "t1_player24"
      },
      {
        "wing": "t1_player25"
      },
      {
        "wing": "t1_player26"
      },
      {
        "wing": "t1_player27"
      },
      {
        "wing": "t1_player28"
      },
      {
        "wing": "t1_player29"
      },
      {
        "wing": "t1_player30"
      },
      {
        "wing": "t1_player31"
      },
      {
        "wing": "t1_player32"
      }
    ],
    "player_teamB": [
      {
        "army": 2
      },
      {
        "wing": "t2_player01"
      },
      {
        "wing": "t2_player02"
      },
      {
        "wing": "t2_player03"
      },
      {
        "wing": "t2_player04"
      },
      {
        "wing": "t2_player05"
      },
      {
        "wing": "t2_player06"
      },
      {
        "wing": "t2_player07"
      },
      {
        "wing": "t2_player08"
      },
      {
        "wing": "t2_player09"
      },
      {
        "wing": "t2_player10"
      },
      {
        "wing": "t2_player11"
      },
      {
        "wing": "t2_player12"
      },
      {
        "wing": "t2_player13"
      },
      {
        "wing": "t2_player14"
      },
      {
        "wing": "t2_player15"
      },
      {
        "wing": "t2_player16"
      },
      {
        "wing": "t2_player17"
      },
      {
        "wing": "t2_player18"
      },
      {
        "wing": "t2_player19"
      },
      {
        "wing": "t2_player20"
      },
      {
        "wing": "t2_player21"
      },
      {
        "wing": "t2_player22"
      },
      {
        "wing": "t2_player23"
      },
      {
        "wing": "t2_player24"
      },
      {
        "wing": "t2_player25"
      },
      {
        "wing": "t2_player26"
      },
      {
        "wing": "t2_player27"
      },
      {
        "wing": "t2_player28"
      },
      {
        "wing": "t2_player29"
      },
      {
        "wing": "t2_player30"
      },
      {
        "wing": "t2_player31"
      },
      {
        "wing": "t2_player32"
      },
      {
        "wing": "t2_player33"
      }
    ],
    "mission": {
      "level": "levels/avg_kursk.bin",
      "type": "domination",
      "restoreType": "attempts",
      "optionalTakeOff": false,
      "environment": "Day",
      "weather": "hazy",
      "locName": "missions/_CnvB;kursk/name",
      "locDesc": "kursk/desc;missions/_Cnv/desc",
      "scoreLimit": 10000,
      "timeLimit": 25,
      "deathPenaltyMul": 0.0,
      "postfix": "_CnvB",
      "allowedKillStreaks": true,
      "randomSpawnTeams": false,
      "remapAiTankModels": true,
      "country_axis": "germany",
      "country_allies": "ussr",
      "showTacticalMapCellSize": true,
      "allowedUnitTypes": {
        "isAirplanesAllowed": true,
        "isTanksAllowed": true,
        "isShipsAllowed": false,
        "isHelicoptersAllowed": true
      }
    },
    "spectator_points": [],
    "briefing": {
      "place_loc": "",
      "date_loc": "",
      "objective_loc": "",
      "music": "action_01",
      "part": {
        "event": "",
        "minTime": 0,
        "slide": [
          {
            "map": true
          },
          {
            "minTime": 4
          },
          {
            "picture": ""
          },
          {
            "showAirMap": false
          },
          {
            "arrow": [
              {
                "width": 1
              },
              {
                "side": "enemy"
              },
              {
                "point": "briefing_tanks"
              },
              {
                "point": "convoy_waypoint01"
              },
              {
                "point": "convoy_waypoint02"
              },
              {
                "point": "convoy_waypoint03"
              },
              {
                "point": "convoy_waypoint04"
              },
              {
                "point": "convoy_waypoint04"
              }
            ]
          },
          {
            "icon": {
              "icontype": "bomber",
              "side": "ally",
              "target": "briefing_bombers",
              "lookAt": "briefing_tanks"
            }
          },
          {
            "icon": {
              "icontype": "tank",
              "side": "enemy",
              "target": "briefing_tanks"
            }
          },
          {
            "icon": {
              "icontype": "tank",
              "side": "ally",
              "target": "t1_tanks_spawn"
            }
          }
        ]
      }
    }
  },
  "imports": [
    {
      "import_record": {
        "file": "gameData/missions/templates/tank_templates/tank_base_logic_template.blk",
        "importAreas": true,
        "importUnits": true,
        "importTriggers": true,
        "importMissionObjectives": true,
        "importWayPoints": true,
        "showAreas": true,
        "showUnits": true,
        "showTriggers": true,
        "showMissionObjectives": true,
        "showWayPoints": true,
        "excludes": []
      }
    },
    {
      "import_record": {
        "file": "gameData/missions/templates/tank_convoy_template.blk",
        "importAreas": true,
        "importUnits": true,
        "importTriggers": true,
        "importMissionObjectives": true,
        "importWayPoints": true,
        "showAreas": true,
        "showUnits": true,
        "showTriggers": true,
        "showMissionObjectives": true,
        "showWayPoints": true,
        "excludes": []
      }
    },
    {
      "import_record": {
        "file": "gameData/missions/cta/tanks/kursk/template_kursk_air_spawns.blk",
        "importAreas": true,
        "importUnits": true,
        "importTriggers": true,
        "importMissionObjectives": true,
        "importWayPoints": true,
        "showAreas": true,
        "showUnits": true,
        "showTriggers": true,
        "showMissionObjectives": true,
        "showWayPoints": true,
        "excludes": []
      }
    },
    {
      "import_record": {
        "file": "gameData/missions/templates/ww_no_attackers_template.blk",
        "importAreas": true,
        "importUnits": true,
        "importTriggers": true,
        "importMissionObjectives": true,
        "importWayPoints": true,
        "showAreas": true,
        "showUnits": true,
        "showTriggers": true,
        "showMissionObjectives": true,
        "showWayPoints": true,
        "excludes": []
      }
    }
  ],
  "triggers": {
    "isCategory": true,
    "is_enabled": true,
    "kursk_CnvB_init": {
      "is_enabled": true,
      "comments": "",
      "props": {
        "actionsType": "PERFORM_ONE_BY_ONE",
        "conditionsType": "ALL",
        "enableAfterComplete": false
      },
      "events": {
        "initMission": []
      },
      "conditions": [],
      "actions": [
        {
          "missionMarkAsRespawnPoint": {
            "loc_name": "missions/spawn",
            "spawnEffect": false,
            "isStrictSpawn": false,
            "isAirfield": false,
            "isUnit": false,
            "useExisting": false,
            "isIndividual": true,
            "removeAreas": false,
            "canSpawnOnNeutral": false,
            "showOnMap": true,
            "radius": 50.0,
            "onlyOnePlayerPerSpawnPoint": false,
            "resetStrictSpawnIndex": false,
            "forceCreate": false,
            "replaceAreas": false,
            "target": "t2_tanks_spawn00",
            "team": "B",
            "offset": [0.0,0.0,100.0],
            "tags": {
              "tank": true,
              "type_heavy_tank": true,
              "type_medium_tank": true,
              "type_light_tank": true,
              "type_tank_destroyer": true,
              "type_spaa": true
            }
          }
        },
        {
          "missionMarkAsRespawnPoint": {
            "loc_name": "missions/spawn",
            "spawnEffect": false,
            "isStrictSpawn": false,
            "isAirfield": false,
            "isUnit": false,
            "useExisting": false,
            "isIndividual": true,
            "removeAreas": false,
            "canSpawnOnNeutral": false,
            "showOnMap": true,
            "radius": -1.0,
            "onlyOnePlayerPerSpawnPoint": false,
            "resetStrictSpawnIndex": false,
            "forceCreate": false,
            "replaceAreas": false,
            "target": "t1_tanks_spawn",
            "team": "A",
            "offset": [0.0,0.0,0.0],
            "tags": {
              "tank": true,
              "type_heavy_tank": true,
              "type_medium_tank": true,
              "type_light_tank": true,
              "type_tank_destroyer": true,
              "type_spaa": true
            }
          }
        }
      ],
      "else_actions": []
    }
  },
  "mission_objectives": {
    "isCategory": true,
    "is_enabled": true
  },
  "variables": {
    "waypoints_num": 4,
    "defenseMissionTeam": "teamB"
  },
  "dialogs": [],
  "airfields": [],
  "effects": [],
  "units": [
    {
      "tankModels": {
        "name": "t1_player01",
        "tm": [
          [1.0,0.0,0.0],
          [0.0,1.0,0.0],
          [0.0,0.0,1.0],
          [2346.43,48.7277,2709.35]
        ],
        "unit_class": "aaa_dummy",
        "objLayer": 1,
        "closed_waypoints": false,
        "isShipSpline": false,
        "shipTurnRadius": 100.0,
        "weapons": "",
        "bullets0": "",
        "bullets1": "",
        "bullets2": "",
        "bullets3": "",
        "bulletsCount0": 0,
        "bulletsCount1": 0,
        "bulletsCount2": 0,
        "bulletsCount3": 0,
        "props": {
          "army": 2,
          "count": 1,
          "formation_type": "rows",
          "formation_div": 3,
          "formation_step": [2.5,2.0],
          "formation_noise": [0.1,0.1],
          "uniqueName": "",
          "attack_type": "fire_at_will"
        },
        "way": []
      }
    },
    {
      "area_squad": {
        "name": "t2_tanks_spawn00",
        "tm": [
          [0.795101,0.0,-0.606478],
          [0.0,1.0,0.0],
          [0.606478,0.0,0.795101],
          [2029.61,55.2066,499.757]
        ],
        "props": [
          {
            "squad_members": "t2_tanks_spawn00_01"
          },
          {
            "squad_members": "t2_tanks_spawn00_02"
          },
          {
            "squad_members": "t2_tanks_spawn00_03"
          },
          {
            "squad_members": "t2_tanks_spawn00_04"
          },
          {
            "squad_members": "t2_tanks_spawn00_05"
          },
          {
            "squad_members": "t2_tanks_spawn00_06"
          },
          {
            "squad_members": "t2_tanks_spawn00_07"
          },
          {
            "squad_members": "t2_tanks_spawn00_08"
          },
          {
            "squad_members": "t2_tanks_spawn00_09"
          },
          {
            "squad_members": "t2_tanks_spawn00_10"
          },
          {
            "squad_members": "t2_tanks_spawn00_11"
          },
          {
            "squad_members": "t2_tanks_spawn00_12"
          },
          {
            "squad_members": "t2_tanks_spawn00_13"
          },
          {
            "squad_members": "t2_tanks_spawn00_14"
          },
          {
            "squad_members": "t2_tanks_spawn00_15"
          },
          {
            "squad_members": "t2_tanks_spawn00_16"
          },
          {
            "squad_members": "t2_tanks_spawn00_17"
          },
          {
            "squad_members": "t2_tanks_spawn00_18"
          },
          {
            "squad_members": "t2_tanks_spawn00_19"
          },
          {
            "squad_members": "t2_tanks_spawn00_20"
          }
        ]
      }
    },
    {
      "area_squad": {
        "name": "t2_tanks_spawn01",
        "tm": [
          [-0.208371,0.0,-0.97805],
          [0.0,1.0,0.0],
          [0.97805,0.0,-0.208371],
          [1672.78,51.6157,1539.05]
        ],
        "props": [
          {
            "squad_members": "t2_tanks_spawn01_01"
          },
          {
            "squad_members": "t2_tanks_spawn01_02"
          },
          {
            "squad_members": "t2_tanks_spawn01_03"
          },
          {
            "squad_members": "t2_tanks_spawn01_04"
          },
          {
            "squad_members": "t2_tanks_spawn01_05"
          },
          {
            "squad_members": "t2_tanks_spawn01_06"
          },
          {
            "squad_members": "t2_tanks_spawn01_07"
          },
          {
            "squad_members": "t2_tanks_spawn01_08"
          },
          {
            "squad_members": "t2_tanks_spawn01_09"
          },
          {
            "squad_members": "t2_tanks_spawn01_10"
          },
          {
            "squad_members": "t2_tanks_spawn01_11"
          },
          {
            "squad_members": "t2_tanks_spawn01_12"
          },
          {
            "squad_members": "t2_tanks_spawn01_13"
          },
          {
            "squad_members": "t2_tanks_spawn01_14"
          },
          {
            "squad_members": "t2_tanks_spawn01_15"
          },
          {
            "squad_members": "t2_tanks_spawn01_16"
          },
          {
            "squad_members": "t2_tanks_spawn01_17"
          },
          {
            "squad_members": "t2_tanks_spawn01_18"
          },
          {
            "squad_members": "t2_tanks_spawn01_19"
          },
          {
            "squad_members": "t2_tanks_spawn01_20"
          }
        ]
      }
    },
    {
      "area_squad": {
        "name": "t2_tanks_spawn02",
        "tm": [
          [-0.805618,0.0,0.592435],
          [0.0,1.0,0.0],
          [-0.592435,0.0,-0.805618],
          [1219.77,52.8157,2093.7]
        ],
        "props": [
          {
            "squad_members": "t2_tanks_spawn02_01"
          },
          {
            "squad_members": "t2_tanks_spawn02_02"
          },
          {
            "squad_members": "t2_tanks_spawn02_03"
          },
          {
            "squad_members": "t2_tanks_spawn02_04"
          },
          {
            "squad_members": "t2_tanks_spawn02_05"
          },
          {
            "squad_members": "t2_tanks_spawn02_06"
          },
          {
            "squad_members": "t2_tanks_spawn02_07"
          },
          {
            "squad_members": "t2_tanks_spawn02_08"
          },
          {
            "squad_members": "t2_tanks_spawn02_09"
          },
          {
            "squad_members": "t2_tanks_spawn02_10"
          },
          {
            "squad_members": "t2_tanks_spawn02_11"
          },
          {
            "squad_members": "t2_tanks_spawn02_12"
          },
          {
            "squad_members": "t2_tanks_spawn02_13"
          },
          {
            "squad_members": "t2_tanks_spawn02_14"
          },
          {
            "squad_members": "t2_tanks_spawn02_15"
          },
          {
            "squad_members": "t2_tanks_spawn02_16"
          },
          {
            "squad_members": "t2_tanks_spawn02_17"
          },
          {
            "squad_members": "t2_tanks_spawn02_18"
          },
          {
            "squad_members": "t2_tanks_spawn02_19"
          },
          {
            "squad_members": "t2_tanks_spawn02_20"
          }
        ]
      }
    },
    {
      "area_squad": {
        "name": "t2_tanks_spawn03",
        "tm": [
          [-0.680367,0.0,-0.732872],
          [0.0,1.0,0.0],
          [0.732872,0.0,-0.680367],
          [1351.26,54.1869,3239.26]
        ],
        "props": [
          {
            "squad_members": "t2_tanks_spawn03_01"
          },
          {
            "squad_members": "t2_tanks_spawn03_02"
          },
          {
            "squad_members": "t2_tanks_spawn03_03"
          },
          {
            "squad_members": "t2_tanks_spawn03_04"
          },
          {
            "squad_members": "t2_tanks_spawn03_05"
          },
          {
            "squad_members": "t2_tanks_spawn03_06"
          },
          {
            "squad_members": "t2_tanks_spawn03_07"
          },
          {
            "squad_members": "t2_tanks_spawn03_08"
          },
          {
            "squad_members": "t2_tanks_spawn03_09"
          },
          {
            "squad_members": "t2_tanks_spawn03_10"
          },
          {
            "squad_members": "t2_tanks_spawn03_11"
          },
          {
            "squad_members": "t2_tanks_spawn03_12"
          },
          {
            "squad_members": "t2_tanks_spawn03_13"
          },
          {
            "squad_members": "t2_tanks_spawn03_14"
          },
          {
            "squad_members": "t2_tanks_spawn03_15"
          },
          {
            "squad_members": "t2_tanks_spawn03_16"
          },
          {
            "squad_members": "t2_tanks_spawn03_17"
          },
          {
            "squad_members": "t2_tanks_spawn03_18"
          },
          {
            "squad_members": "t2_tanks_spawn03_19"
          },
          {
            "squad_members": "t2_tanks_spawn03_20"
          }
        ]
      }
    },
    {
      "area_squad": {
        "name": "t2_tanks_spawn04",
        "tm": [
          [-0.0873051,0.0,-0.996182],
          [0.0,1.0,0.0],
          [0.996182,0.0,-0.0873051],
          [2169.98,22.782,3933.89]
        ],
        "props": [
          {
            "squad_members": "t2_tanks_spawn04_01"
          },
          {
            "squad_members": "t2_tanks_spawn04_02"
          },
          {
            "squad_members": "t2_tanks_spawn04_03"
          },
          {
            "squad_members": "t2_tanks_spawn04_04"
          },
          {
            "squad_members": "t2_tanks_spawn04_05"
          },
          {
            "squad_members": "t2_tanks_spawn04_06"
          },
          {
            "squad_members": "t2_tanks_spawn04_07"
          },
          {
            "squad_members": "t2_tanks_spawn04_08"
          },
          {
            "squad_members": "t2_tanks_spawn04_09"
          },
          {
            "squad_members": "t2_tanks_spawn04_10"
          },
          {
            "squad_members": "t2_tanks_spawn04_11"
          },
          {
            "squad_members": "t2_tanks_spawn04_12"
          },
          {
            "squad_members": "t2_tanks_spawn04_13"
          },
          {
            "squad_members": "t2_tanks_spawn04_14"
          },
          {
            "squad_members": "t2_tanks_spawn04_15"
          },
          {
            "squad_members": "t2_tanks_spawn04_16"
          },
          {
            "squad_members": "t2_tanks_spawn04_17"
          },
          {
            "squad_members": "t2_tanks_spawn04_18"
          },
          {
            "squad_members": "t2_tanks_spawn04_19"
          },
          {
            "squad_members": "t2_tanks_spawn04_20"
          }
        ]
      }
    },
    {
      "area_squad": {
        "name": "t1_tanks_spawn",
        "tm": [
          [-0.445726,0.0,0.89517],
          [0.0,1.0,0.0],
          [-0.89517,0.0,-0.445726],
          [2212.31,58.109,2377.98]
        ],
        "props": [
          {
            "squad_members": "t1_tanks_spawn01"
          },
          {
            "squad_members": "t1_tanks_spawn02"
          },
          {
            "squad_members": "t1_tanks_spawn03"
          },
          {
            "squad_members": "t1_tanks_spawn04"
          },
          {
            "squad_members": "t1_tanks_spawn05"
          },
          {
            "squad_members": "t1_tanks_spawn06"
          },
          {
            "squad_members": "t1_tanks_spawn07"
          },
          {
            "squad_members": "t1_tanks_spawn08"
          },
          {
            "squad_members": "t1_tanks_spawn09"
          },
          {
            "squad_members": "t1_tanks_spawn10"
          },
          {
            "squad_members": "t1_tanks_spawn11"
          },
          {
            "squad_members": "t1_tanks_spawn12"
          },
          {
            "squad_members": "t1_tanks_spawn13"
          },
          {
            "squad_members": "t1_tanks_spawn14"
          },
          {
            "squad_members": "t1_tanks_spawn15"
          },
          {
            "squad_members": "t1_tanks_spawn16"
          },
          {
            "squad_members": "t1_tanks_spawn17"
          },
          {
            "squad_members": "t1_tanks_spawn18"
          },
          {
            "squad_members": "t1_tanks_spawn19"
          },
          {
            "squad_members": "t1_tanks_spawn20"
          }
        ]
      }
    },
    {
      "objectGroups": {
        "name": "notree01",
        "tm": [
          [1.0,0.0,0.0],
          [0.0,1.0,0.0],
          [0.0,0.0,1.0],
          [2253.81,46.8058,485.706]
        ],
        "unit_class": "noTreeObjectGroup100",
        "objLayer": 2,
        "props": {
          "army": 2,
          "active": true
        }
      }
    },
    {
      "objectGroups": {
        "name": "notree05",
        "tm": [
          [1.0,0.0,0.0],
          [0.0,1.0,0.0],
          [0.0,0.0,1.0],
          [2195.43,46.8058,554.894]
        ],
        "unit_class": "noTreeObjectGroup100",
        "objLayer": 2,
        "props": {
          "army": 2,
          "active": true
        }
      }
    },
    {
      "objectGroups": {
        "name": "notree08",
        "tm": [
          [1.0,0.0,0.0],
          [0.0,1.0,0.0],
          [0.0,0.0,1.0],
          [2116.89,46.8058,609.647]
        ],
        "unit_class": "noTreeObjectGroup100",
        "objLayer": 2,
        "props": {
          "army": 2,
          "active": true
        }
      }
    },
    {
      "objectGroups": {
        "name": "notree11",
        "tm": [
          [0.838602,0.0,0.544744],
          [0.0,1.0,0.0],
          [-0.544744,0.0,0.838602],
          [2047.13,46.8058,812.346]
        ],
        "unit_class": "noTreeObjectGroup100",
        "objLayer": 2,
        "props": {
          "army": 2,
          "active": true
        }
      }
    },
    {
      "objectGroups": {
        "name": "notree14",
        "tm": [
          [0.838602,0.0,0.544744],
          [0.0,1.0,0.0],
          [-0.544744,0.0,0.838602],
          [1996.11,46.8058,891.535]
        ],
        "unit_class": "noTreeObjectGroup100",
        "objLayer": 2,
        "props": {
          "army": 2,
          "active": true
        }
      }
    },
    {
      "objectGroups": {
        "name": "notree17",
        "tm": [
          [0.838602,0.0,0.544744],
          [0.0,1.0,0.0],
          [-0.544744,0.0,0.838602],
          [1957.47,46.8058,969.265]
        ],
        "unit_class": "noTreeObjectGroup100",
        "objLayer": 2,
        "props": {
          "army": 2,
          "active": true
        }
      }
    },
    {
      "objectGroups": {
        "name": "notree20",
        "tm": [
          [0.838602,0.0,0.544744],
          [0.0,1.0,0.0],
          [-0.544744,0.0,0.838602],
          [1939.66,46.8058,1046.83]
        ],
        "unit_class": "noTreeObjectGroup100",
        "objLayer": 2,
        "props": {
          "army": 2,
          "active": true
        }
      }
    },
    {
      "objectGroups": {
        "name": "notree23",
        "tm": [
          [0.838602,0.0,0.544744],
          [0.0,1.0,0.0],
          [-0.544744,0.0,0.838602],
          [1914.12,46.8058,1137.77]
        ],
        "unit_class": "noTreeObjectGroup100",
        "objLayer": 2,
        "props": {
          "army": 2,
          "active": true
        }
      }
    },
    {
      "objectGroups": {
        "name": "notree26",
        "tm": [
          [0.838602,0.0,0.544744],
          [0.0,1.0,0.0],
          [-0.544744,0.0,0.838602],
          [1888.03,46.8058,1225.31]
        ],
        "unit_class": "noTreeObjectGroup100",
        "objLayer": 2,
        "props": {
          "army": 2,
          "active": true
        }
      }
    },
    {
      "objectGroups": {
        "name": "notree29",
        "tm": [
          [0.838602,0.0,0.544744],
          [0.0,1.0,0.0],
          [-0.544744,0.0,0.838602],
          [1861.23,46.8058,1364.8]
        ],
        "unit_class": "noTreeObjectGroup100",
        "objLayer": 2,
        "props": {
          "army": 2,
          "active": true
        }
      }
    },
    {
      "objectGroups": {
        "name": "notree32",
        "tm": [
          [0.838602,0.0,0.544744],
          [0.0,1.0,0.0],
          [-0.544744,0.0,0.838602],
          [1810.7,46.8058,1549.53]
        ],
        "unit_class": "noTreeObjectGroup100",
        "objLayer": 2,
        "props": {
          "army": 2,
          "active": true
        }
      }
    },
    {
      "objectGroups": {
        "name": "notree35",
        "tm": [
          [0.838602,0.0,0.544744],
          [0.0,1.0,0.0],
          [-0.544744,0.0,0.838602],
          [1774.12,46.8058,1635.39]
        ],
        "unit_class": "noTreeObjectGroup100",
        "objLayer": 2,
        "props": {
          "army": 2,
          "active": true
        }
      }
    },
    {
      "objectGroups": {
        "name": "notree38",
        "tm": [
          [0.838602,0.0,0.544744],
          [0.0,1.0,0.0],
          [-0.544744,0.0,0.838602],
          [1721.14,46.8058,1716.17]
        ],
        "unit_class": "noTreeObjectGroup100",
        "objLayer": 2,
        "props": {
          "army": 2,
          "active": true
        }
      }
    },
    {
      "objectGroups": {
        "name": "notree41",
        "tm": [
          [0.838602,0.0,0.544744],
          [0.0,1.0,0.0],
          [-0.544744,0.0,0.838602],
          [1629.03,46.8058,1767.08]
        ],
        "unit_class": "noTreeObjectGroup100",
        "objLayer": 2,
        "props": {
          "army": 2,
          "active": true
        }
      }
    },
    {
      "objectGroups": {
        "name": "notree44",
        "tm": [
          [0.838602,0.0,0.544744],
          [0.0,1.0,0.0],
          [-0.544744,0.0,0.838602],
          [1587.66,46.8058,1854.25]
        ],
        "unit_class": "noTreeObjectGroup100",
        "objLayer": 2,
        "props": {
          "army": 2,
          "active": true
        }
      }
    },
    {
      "objectGroups": {
        "name": "notree47",
        "tm": [
          [0.838602,0.0,0.544744],
          [0.0,1.0,0.0],
          [-0.544744,0.0,0.838602],
          [1541.75,46.8058,1930.37]
        ],
        "unit_class": "noTreeObjectGroup100",
        "objLayer": 2,
        "props": {
          "army": 2,
          "active": true
        }
      }
    },
    {
      "objectGroups": {
        "name": "notree50",
        "tm": [
          [0.838602,0.0,0.544744],
          [0.0,1.0,0.0],
          [-0.544744,0.0,0.838602],
          [1520.59,46.8058,2006.36]
        ],
        "unit_class": "noTreeObjectGroup100",
        "objLayer": 2,
        "props": {
          "army": 2,
          "active": true
        }
      }
    },
    {
      "objectGroups": {
        "name": "notree53",
        "tm": [
          [0.981635,0.0,0.190769],
          [0.0,1.0,0.0],
          [-0.190769,0.0,0.981635],
          [1500.88,46.8058,2087.28]
        ],
        "unit_class": "noTreeObjectGroup100",
        "objLayer": 2,
        "props": {
          "army": 2,
          "active": true
        }
      }
    },
    {
      "objectGroups": {
        "name": "notree56",
        "tm": [
          [0.981635,0.0,0.190769],
          [0.0,1.0,0.0],
          [-0.190769,0.0,0.981635],
          [1496.51,46.8058,2176.31]
        ],
        "unit_class": "noTreeObjectGroup100",
        "objLayer": 2,
        "props": {
          "army": 2,
          "active": true
        }
      }
    },
    {
      "objectGroups": {
        "name": "notree59",
        "tm": [
          [0.981635,0.0,0.190769],
          [0.0,1.0,0.0],
          [-0.190769,0.0,0.981635],
          [1480.08,46.8058,2268.4]
        ],
        "unit_class": "noTreeObjectGroup100",
        "objLayer": 2,
        "props": {
          "army": 2,
          "active": true
        }
      }
    },
    {
      "objectGroups": {
        "name": "notree62",
        "tm": [
          [0.981635,0.0,0.190769],
          [0.0,1.0,0.0],
          [-0.190769,0.0,0.981635],
          [1441.49,46.8058,2336.71]
        ],
        "unit_class": "noTreeObjectGroup100",
        "objLayer": 2,
        "props": {
          "army": 2,
          "active": true
        }
      }
    },
    {
      "objectGroups": {
        "name": "notree65",
        "tm": [
          [0.981635,0.0,0.190769],
          [0.0,1.0,0.0],
          [-0.190769,0.0,0.981635],
          [1423.89,46.8058,2428.59]
        ],
        "unit_class": "noTreeObjectGroup100",
        "objLayer": 2,
        "props": {
          "army": 2,
          "active": true
        }
      }
    },
    {
      "objectGroups": {
        "name": "notree68",
        "tm": [
          [0.99602,0.0,0.0891343],
          [0.0,1.0,0.0],
          [-0.0891343,0.0,0.99602],
          [1416.38,46.8058,2511.89]
        ],
        "unit_class": "noTreeObjectGroup100",
        "objLayer": 2,
        "props": {
          "army": 2,
          "active": true
        }
      }
    },
    {
      "objectGroups": {
        "name": "notree71",
        "tm": [
          [0.99602,0.0,0.0891343],
          [0.0,1.0,0.0],
          [-0.0891343,0.0,0.99602],
          [1410.4,46.8058,2606.09]
        ],
        "unit_class": "noTreeObjectGroup100",
        "objLayer": 2,
        "props": {
          "army": 2,
          "active": true
        }
      }
    },
    {
      "objectGroups": {
        "name": "notree74",
        "tm": [
          [0.99602,0.0,0.0891343],
          [0.0,1.0,0.0],
          [-0.0891343,0.0,0.99602],
          [1412.23,46.8058,2690.58]
        ],
        "unit_class": "noTreeObjectGroup100",
        "objLayer": 2,
        "props": {
          "army": 2,
          "active": true
        }
      }
    },
    {
      "objectGroups": {
        "name": "notree77",
        "tm": [
          [0.99602,0.0,0.0891343],
          [0.0,1.0,0.0],
          [-0.0891343,0.0,0.99602],
          [1425.75,46.8058,2779.94]
        ],
        "unit_class": "noTreeObjectGroup100",
        "objLayer": 2,
        "props": {
          "army": 2,
          "active": true
        }
      }
    },
    {
      "objectGroups": {
        "name": "notree80",
        "tm": [
          [0.99602,0.0,0.0891343],
          [0.0,1.0,0.0],
          [-0.0891343,0.0,0.99602],
          [1432.31,46.8058,2850.94]
        ],
        "unit_class": "noTreeObjectGroup100",
        "objLayer": 2,
        "props": {
          "army": 2,
          "active": true
        }
      }
    },
    {
      "objectGroups": {
        "name": "notree83",
        "tm": [
          [0.99602,0.0,0.0891343],
          [0.0,1.0,0.0],
          [-0.0891343,0.0,0.99602],
          [1443.79,46.8058,2931.28]
        ],
        "unit_class": "noTreeObjectGroup100",
        "objLayer": 2,
        "props": {
          "army": 2,
          "active": true
        }
      }
    },
    {
      "objectGroups": {
        "name": "notree86",
        "tm": [
          [0.977992,0.0,-0.20864],
          [0.0,1.0,0.0],
          [0.20864,0.0,0.977992],
          [1456.35,46.8058,3020.65]
        ],
        "unit_class": "noTreeObjectGroup100",
        "objLayer": 2,
        "props": {
          "army": 2,
          "active": true
        }
      }
    },
    {
      "objectGroups": {
        "name": "notree89",
        "tm": [
          [0.977992,0.0,-0.20864],
          [0.0,1.0,0.0],
          [0.20864,0.0,0.977992],
          [1475.32,46.8058,3113.99]
        ],
        "unit_class": "noTreeObjectGroup100",
        "objLayer": 2,
        "props": {
          "army": 2,
          "active": true
        }
      }
    },
    {
      "objectGroups": {
        "name": "notree92",
        "tm": [
          [0.977992,0.0,-0.20864],
          [0.0,1.0,0.0],
          [0.20864,0.0,0.977992],
          [1502.62,46.8058,3202.1]
        ],
        "unit_class": "noTreeObjectGroup100",
        "objLayer": 2,
        "props": {
          "army": 2,
          "active": true
        }
      }
    },
    {
      "objectGroups": {
        "name": "notree95",
        "tm": [
          [0.977992,0.0,-0.20864],
          [0.0,1.0,0.0],
          [0.20864,0.0,0.977992],
          [1678.52,46.8058,3474.53]
        ],
        "unit_class": "noTreeObjectGroup100",
        "objLayer": 2,
        "props": {
          "army": 2,
          "active": true
        }
      }
    },
    {
      "objectGroups": {
        "name": "notree98",
        "tm": [
          [0.977992,0.0,-0.20864],
          [0.0,1.0,0.0],
          [0.20864,0.0,0.977992],
          [1815.95,32.6446,3602.56]
        ],
        "unit_class": "noTreeObjectGroup100",
        "objLayer": 2,
        "props": {
          "army": 2,
          "active": true
        }
      }
    },
    {
      "objectGroups": {
        "name": "notree101",
        "tm": [
          [0.901443,0.0,0.432897],
          [0.0,1.0,0.0],
          [-0.432897,0.0,0.901443],
          [2062.9,23.1271,3724.35]
        ],
        "unit_class": "noTreeObjectGroup100",
        "objLayer": 2,
        "props": {
          "army": 2,
          "active": true
        }
      }
    },
    {
      "objectGroups": {
        "name": "notree104",
        "tm": [
          [0.901443,0.0,0.432897],
          [0.0,1.0,0.0],
          [-0.432897,0.0,0.901443],
          [2148.75,23.15,3765.8]
        ],
        "unit_class": "noTreeObjectGroup100",
        "objLayer": 2,
        "props": {
          "army": 2,
          "active": true
        }
      }
    },
    {
      "objectGroups": {
        "name": "notree107",
        "tm": [
          [0.901443,0.0,0.432897],
          [0.0,1.0,0.0],
          [-0.432897,0.0,0.901443],
          [2232.1,23.15,3806.4]
        ],
        "unit_class": "noTreeObjectGroup100",
        "objLayer": 2,
        "props": {
          "army": 2,
          "active": true
        }
      }
    },
    {
      "area_squad": {
        "name": "t2_rearm_zone",
        "tm": [
          [1.0,0.0,0.0],
          [0.0,1.0,0.0],
          [0.0,0.0,1.0],
          [-822.154,23.2117,-95.1837]
        ],
        "props": [
          {
            "squad_members": "t2_rearm_zone_01"
          },
          {
            "squad_members": "t2_rearm_zone_02"
          }
        ]
      }
    },
    {
      "area_squad": {
        "name": "t1_rearm_zone",
        "tm": [
          [1.0,0.0,0.0],
          [0.0,1.0,0.0],
          [0.0,0.0,1.0],
          [562.478,23.2117,-501.735]
        ],
        "props": [
          {
            "squad_members": "t1_rearm_zone_01"
          },
          {
            "squad_members": "t1_rearm_zone_02"
          }
        ]
      }
    }
  ],
  "areas": {
    "briefing_bombers": {
      "type": "Point",
      "tm": [
        [-0.785066,0.0,-0.619412],
        [0.0,1.0,0.0],
        [0.619412,0.0,-0.785066],
        [321.258,72.0264,2708.95]
      ],
      "objLayer": 0,
      "props": []
    },
    "convoy_waypoint01": {
      "type": "Point",
      "tm": [
        [-28.0762,0.0,95.9777],
        [0.0,100.0,0.0],
        [-95.9777,0.0,-28.0762],
        [1795.51,54.9024,1566.4]
      ],
      "objLayer": 0,
      "props": []
    },
    "convoy_waypoint02": {
      "type": "Point",
      "tm": [
        [-29.1279,0.0,95.6638],
        [0.0,100.0,0.0],
        [-95.6638,0.0,-29.1279],
        [1436.94,62.7573,2278.44]
      ],
      "objLayer": 0,
      "props": []
    },
    "convoy_waypoint03": {
      "type": "Point",
      "tm": [
        [50.4298,0.0,86.353],
        [0.0,100.0,0.0],
        [-86.353,0.0,50.4298],
        [1466.36,58.1077,3071.36]
      ],
      "objLayer": 0,
      "props": []
    },
    "convoy_waypoint04": {
      "type": "Point",
      "tm": [
        [79.174,0.0,61.0857],
        [0.0,100.0,0.0],
        [-61.0857,0.0,79.174],
        [2221.57,17.1594,3803.36]
      ],
      "objLayer": 0,
      "props": []
    },
    "convoy_waypoint00": {
      "type": "Point",
      "tm": [
        [-15.4279,0.0,98.8027],
        [0.0,100.0,0.0],
        [-98.8027,0.0,-15.4279],
        [2102.11,60.5398,745.068]
      ],
      "objLayer": 0,
      "props": []
    },
    "briefing_tanks": {
      "type": "Point",
      "tm": [
        [1.0,0.0,0.0],
        [0.0,1.0,0.0],
        [0.0,0.0,1.0],
        [2153.79,53.3231,563.549]
      ],
      "objLayer": 0,
      "props": []
    },
    "convoy_starting_point": {
      "type": "Point",
      "tm": [
        [-0.582468,0.0,0.812854],
        [0.0,1.0,0.0],
        [-0.812854,0.0,-0.582468],
        [2245.27,56.6278,561.456]
      ],
      "objLayer": 0,
      "props": []
    },
    "convoy_lookat_point": {
      "type": "Point",
      "tm": [
        [1.0,0.0,0.0],
        [0.0,1.0,0.0],
        [0.0,0.0,1.0],
        [2071.74,56.6278,781.566]
      ],
      "objLayer": 0,
      "props": []
    },
    "t2_tanks_spawn00_01": {
      "type": "Sphere",
      "tm": [
        [0.0793553,0.0,5.99948],
        [0.0,6.0,0.0],
        [-5.99948,0.0,0.0793553],
        [2028.63,56.6056,549.279]
      ],
      "objLayer": 0,
      "props": []
    },
    "t2_tanks_spawn00_02": {
      "type": "Sphere",
      "tm": [
        [0.0793553,0.0,5.99948],
        [0.0,6.0,0.0],
        [-5.99948,0.0,0.0793553],
        [2028.27,56.0294,530.087]
      ],
      "objLayer": 0,
      "props": []
    },
    "t2_tanks_spawn00_03": {
      "type": "Sphere",
      "tm": [
        [0.0793553,0.0,5.99948],
        [0.0,6.0,0.0],
        [-5.99948,0.0,0.0793553],
        [2028.03,55.5768,513.172]
      ],
      "objLayer": 0,
      "props": []
    },
    "t2_tanks_spawn00_04": {
      "type": "Sphere",
      "tm": [
        [0.0793553,0.0,5.99948],
        [0.0,6.0,0.0],
        [-5.99948,0.0,0.0793553],
        [2028.61,54.9483,491.975]
      ],
      "objLayer": 0,
      "props": []
    },
    "t2_tanks_spawn00_05": {
      "type": "Sphere",
      "tm": [
        [0.0793553,0.0,5.99948],
        [0.0,6.0,0.0],
        [-5.99948,0.0,0.0793553],
        [2028.22,54.2567,474.602]
      ],
      "objLayer": 0,
      "props": []
    },
    "t2_tanks_spawn00_06": {
      "type": "Sphere",
      "tm": [
        [0.0793553,0.0,5.99948],
        [0.0,6.0,0.0],
        [-5.99948,0.0,0.0793553],
        [2028.56,53.7527,453.313]
      ],
      "objLayer": 0,
      "props": []
    },
    "t2_tanks_spawn00_07": {
      "type": "Sphere",
      "tm": [
        [0.0793553,0.0,5.99948],
        [0.0,6.0,0.0],
        [-5.99948,0.0,0.0793553],
        [2003.14,57.1502,539.067]
      ],
      "objLayer": 0,
      "props": []
    },
    "t2_tanks_spawn00_08": {
      "type": "Sphere",
      "tm": [
        [0.0793553,0.0,5.99948],
        [0.0,6.0,0.0],
        [-5.99948,0.0,0.0793553],
