{
  "selected_tag": "",
  "bin_dump_file": "",
  "mission_settings": {
    "player": {
      "army": 1,
      "wing": ""
    },
    "player_teamB": {
      "army": 2
    },
    "mission": {
      "type": "singleMission",
      "level": "levels/water.bin",
      "environment": "Day",
      "weather": "hazy",
      "restoreType": "attempts",
      "optionalTakeOff": false
    },
    "spectator_points": []
  },
  "imports": [],
  "triggers": {
    "isCategory": true,
    "is_enabled": true,
    "flt_tanks_init": {
      "is_enabled": true,
      "comments": "",
      "props": {
        "actionsType": "PERFORM_ONE_BY_ONE",
        "conditionsType": "ALL",
        "enableAfterComplete": false
      },
      "events": {
        "initMission": []
      },
      "conditions": [],
      "actions": {
        "comment": {
          "value": "указываем на 1 больше"
        },
        "varSetInt": {
          "value": 48,
          "var": "flt_tank_spots_num"
        }
      },
      "else_actions": []
    }
  },
  "mission_objectives": {
    "isCategory": true,
    "is_enabled": true
  },
  "variables": [],
  "dialogs": [],
  "airfields": [],
  "effects": [],
  "units": [],
  "areas": {
    "flt_tank_spot_01": {
      "type": "Point",
      "tm": [
        [0.981752,0.0,-0.190164],
        [0.0,1.0,0.0],
        [0.190164,0.0,0.981752],
        [-8491.76,1575.42,-13474.9]
      ],
      "objLayer": 0,
      "props": []
    },
    "flt_tank_spot_02": {
      "type": "Point",
      "tm": [
        [0.591952,0.0,0.805973],
        [0.0,1.0,0.0],
        [-0.805973,0.0,0.591952],
        [-8531.45,1573.91,-13540.4]
      ],
      "objLayer": 0,
      "props": []
    },
    "flt_tank_spot_03": {
      "type": "Point",
      "tm": [
        [-0.177098,0.0,0.984193],
        [0.0,1.0,0.0],
        [-0.984193,0.0,-0.177098],
        [-8237.75,1566.33,-13201.9]
      ],
      "objLayer": 0,
      "props": []
    },
    "flt_tank_spot_04": {
      "type": "Point",
      "tm": [
        [-0.767109,0.0,-0.641517],
        [0.0,1.0,0.0],
        [0.641517,0.0,-0.767109],
        [-8093.51,1553.66,-13405.2]
      ],
      "objLayer": 0,
      "props": []
    },
    "flt_tank_spot_05": {
      "type": "Point",
      "tm": [
        [0.696358,0.0,0.717695],
        [0.0,1.0,0.0],
        [-0.717695,0.0,0.696358],
        [-16421.1,1662.77,-11983.7]
      ],
      "objLayer": 0,
      "props": []
    },
    "flt_tank_spot_06": {
      "type": "Point",
      "tm": [
        [-0.211594,0.0,0.977357],
        [0.0,1.0,0.0],
        [-0.977357,0.0,-0.211594],
        [-16155.5,1691.17,-10639.6]
      ],
      "objLayer": 0,
      "props": []
    },
    "flt_tank_spot_07": {
      "type": "Point",
      "tm": [
        [-0.99137,0.0,0.131095],
        [0.0,1.0,0.0],
        [-0.131095,0.0,-0.99137],
        [-15905.6,1673.2,-8146.57]
      ],
      "objLayer": 0,
      "props": []
    },
    "flt_tank_spot_08": {
      "type": "Point",
      "tm": [
        [0.261679,0.0,0.965155],
        [0.0,1.0,0.0],
        [-0.965155,0.0,0.261679],
        [-20118.0,1900.29,-13293.1]
      ],
      "objLayer": 0,
      "props": []
    },
    "flt_tank_spot_09": {
      "type": "Point",
      "tm": [
        [-0.776555,0.0,-0.630049],
        [0.0,1.0,0.0],
        [0.630049,0.0,-0.776555],
        [-19276.6,1882.64,-10730.4]
      ],
      "objLayer": 0,
      "props": []
    },
    "flt_tank_spot_10": {
      "type": "Point",
      "tm": [
        [-0.906336,0.0,0.422558],
        [0.0,1.0,0.0],
        [-0.422558,0.0,-0.906336],
        [-18636.7,1768.11,-3187.27]
      ],
      "objLayer": 0,
      "props": []
    },
    "flt_tank_spot_11": {
      "type": "Point",
      "tm": [
        [0.985053,0.0,-0.172252],
        [0.0,1.0,0.0],
        [0.172252,0.0,0.985053],
        [-18162.4,1734.28,-2864.48]
      ],
      "objLayer": 0,
      "props": []
    },
    "flt_tank_spot_12": {
      "type": "Point",
      "tm": [
        [0.592076,0.0,0.805882],
        [0.0,1.0,0.0],
        [-0.805882,0.0,0.592076],
        [-13027.0,1612.75,-4788.28]
      ],
      "objLayer": 0,
      "props": []
    },
    "flt_tank_spot_13": {
      "type": "Point",
      "tm": [
        [0.39598,0.0,0.918259],
        [0.0,1.0,0.0],
        [-0.918259,0.0,0.39598],
        [-13652.5,1601.34,-954.703]
      ],
      "objLayer": 0,
      "props": []
    },
    "flt_tank_spot_14": {
      "type": "Point",
      "tm": [
        [0.480469,0.0,-0.877012],
        [0.0,1.0,0.0],
        [0.877012,0.0,0.480469],
        [-4655.56,1649.18,1194.77]
      ],
      "objLayer": 0,
      "props": []
    },
    "flt_tank_spot_15": {
      "type": "Point",
      "tm": [
        [0.50887,0.0,0.860844],
        [0.0,1.0,0.0],
        [-0.860844,0.0,0.50887],
        [-6733.12,1549.08,2006.8]
      ],
      "objLayer": 0,
      "props": []
    },
    "flt_tank_spot_16": {
      "type": "Point",
      "tm": [
        [-0.433206,0.0,0.901295],
        [0.0,1.0,0.0],
        [-0.901295,0.0,-0.433206],
        [-1709.03,1622.69,4463.76]
      ],
      "objLayer": 0,
      "props": []
    },
    "flt_tank_spot_17": {
      "type": "Point",
      "tm": [
        [0.926013,0.0,0.37749],
        [0.0,1.0,0.0],
        [-0.37749,0.0,0.926013],
        [-6718.01,1520.95,4436.72]
      ],
      "objLayer": 0,
      "props": []
    },
    "flt_tank_spot_18": {
      "type": "Point",
      "tm": [
        [-0.677696,0.0,0.735342],
        [0.0,1.0,0.0],
        [-0.735342,0.0,-0.677696],
        [-13024.7,1592.58,2554.91]
      ],
      "objLayer": 0,
      "props": []
    },
    "flt_tank_spot_19": {
      "type": "Point",
      "tm": [
        [0.641187,0.0,0.767385],
        [0.0,1.0,0.0],
        [-0.767385,0.0,0.641187],
        [-11583.6,1565.65,1663.84]
      ],
      "objLayer": 0,
      "props": []
    },
    "flt_tank_spot_20": {
      "type": "Point",
      "tm": [
        [0.627991,0.0,0.778221],
        [0.0,1.0,0.0],
        [-0.778221,0.0,0.627991],
        [-13618.8,1612.19,4620.92]
      ],
      "objLayer": 0,
      "props": []
    },
    "flt_tank_spot_21": {
      "type": "Point",
      "tm": [
        [-0.185309,0.0,-0.982681],
        [0.0,1.0,0.0],
        [0.982681,0.0,-0.185309],
        [-11112.0,1571.4,6524.42]
      ],
      "objLayer": 0,
      "props": []
    },
    "flt_tank_spot_22": {
      "type": "Point",
      "tm": [
        [0.380036,0.0,0.924971],
        [0.0,1.0,0.0],
        [-0.924971,0.0,0.380036],
        [-14891.9,1635.9,9168.3]
      ],
      "objLayer": 0,
      "props": []
    },
    "flt_tank_spot_23": {
      "type": "Point",
      "tm": [
        [0.782099,0.0,-0.623154],
        [0.0,1.0,0.0],
        [0.623154,0.0,0.782099],
        [-14853.5,1631.1,9330.85]
      ],
      "objLayer": 0,
      "props": []
    },
    "flt_tank_spot_24": {
      "type": "Point",
      "tm": [
        [0.712875,0.0,-0.701291],
        [0.0,1.0,0.0],
        [0.701291,0.0,0.712875],
        [-15824.7,1578.3,10665.0]
      ],
      "objLayer": 0,
      "props": []
    },
    "flt_tank_spot_25": {
      "type": "Point",
      "tm": [
        [0.826113,0.0,-0.563504],
        [0.0,1.0,0.0],
        [0.563504,0.0,0.826113],
        [-16137.1,1620.85,9544.35]
      ],
      "objLayer": 0,
      "props": []
    },
    "flt_tank_spot_26": {
      "type": "Point",
      "tm": [
        [0.586984,0.0,0.809599],
        [0.0,1.0,0.0],
        [-0.809599,0.0,0.586984],
        [-13058.8,1595.65,9885.45]
      ],
      "objLayer": 0,
      "props": []
    },
    "flt_tank_spot_27": {
      "type": "Point",
      "tm": [
        [0.665576,0.0,0.74633],
        [0.0,1.0,0.0],
        [-0.74633,0.0,0.665576],
        [-10066.7,1560.65,8865.4]
      ],
      "objLayer": 0,
      "props": []
    },
    "flt_tank_spot_28": {
      "type": "Point",
      "tm": [
        [0.956557,0.0,-0.291545],
        [0.0,1.0,0.0],
        [0.291545,0.0,0.956557],
        [-12665.8,1579.25,12588.3]
      ],
      "objLayer": 0,
      "props": []
    },
    "flt_tank_spot_29": {
      "type": "Point",
      "tm": [
        [0.845571,0.0,0.533864],
        [0.0,1.0,0.0],
        [-0.533864,0.0,0.845571],
        [-2531.45,1534.05,10693.3]
      ],
      "objLayer": 0,
      "props": []
    },
    "flt_tank_spot_30": {
      "type": "Point",
      "tm": [
        [0.0900721,0.0,0.995935],
        [0.0,1.0,0.0],
        [-0.995935,0.0,0.0900721],
        [-3424.4,1529.55,13651.9]
      ],
      "objLayer": 0,
      "props": []
    },
    "flt_tank_spot_31": {
      "type": "Point",
      "tm": [
        [0.382093,0.0,0.924124],
        [0.0,1.0,0.0],
        [-0.924124,0.0,0.382093],
        [-5833.3,1539.75,11528.7]
      ],
      "objLayer": 0,
      "props": []
    },
    "flt_tanks_area": {
      "type": "Box",
      "tm": [
        [28672.0,0.0,0.0],
        [0.0,3116.88,0.0],
        [0.0,0.0,28672.0],
        [-8192.0,1110.85,0.0]
      ],
      "objLayer": 3,
      "props": []
    },
    "flt_tank_spot_32": {
      "type": "Point",
      "tm": [
        [-0.539461,0.0,-0.842011],
        [0.0,1.0,0.0],
        [0.842011,0.0,-0.539461],
        [-7441.4,1541.85,8938.3]
      ],
      "objLayer": 0,
      "props": []
    },
    "flt_tank_spot_33": {
      "type": "Point",
      "tm": [
        [-0.999686,0.0,0.0250716],
        [0.0,1.0,0.0],
        [-0.0250716,0.0,-0.999686],
        [-11636.2,1560.65,10594.6]
      ],
      "objLayer": 0,
      "props": []
    },
    "flt_tank_spot_34": {
      "type": "Point",
      "tm": [
        [0.893481,0.0,-0.449101],
        [0.0,1.0,0.0],
        [0.449101,0.0,0.893481],
        [-3968.91,1634.72,2740.17]
      ],
      "objLayer": 0,
      "props": []
    },
    "flt_tank_spot_35": {
      "type": "Point",
      "tm": [
        [-0.433206,0.0,0.901295],
        [0.0,1.0,0.0],
        [-0.901295,0.0,-0.433206],
        [4409.34,1686.39,4772.3]
      ],
      "objLayer": 0,
      "props": []
    },
    "flt_tank_spot_36": {
      "type": "Point",
      "tm": [
        [-0.899923,0.0,0.43605],
        [0.0,1.0,0.0],
        [-0.43605,0.0,-0.899923],
        [-6335.56,1695.77,-2067.06]
      ],
      "objLayer": 0,
      "props": []
    },
    "flt_tank_spot_37": {
      "type": "Point",
      "tm": [
        [0.143204,0.0,-0.989694],
        [0.0,1.0,0.0],
        [0.989694,0.0,0.143204],
        [-10714.0,1554.13,2310.51]
      ],
      "objLayer": 0,
      "props": []
    },
    "flt_tank_spot_38": {
      "type": "Point",
      "tm": [
        [-0.873416,0.0,0.486976],
        [0.0,1.0,0.0],
        [-0.486976,0.0,-0.873416],
        [-13042.2,1594.99,1089.38]
      ],
      "objLayer": 0,
      "props": []
    },
    "flt_tank_spot_39": {
      "type": "Point",
      "tm": [
        [-0.974743,0.0,0.22333],
        [0.0,1.0,0.0],
        [-0.22333,0.0,-0.974743],
        [-12836.4,1556.75,-7264.0]
      ],
      "objLayer": 0,
      "props": []
    },
    "flt_tank_spot_40": {
      "type": "Point",
      "tm": [
        [-0.0263441,0.0,-0.999653],
        [0.0,1.0,0.0],
        [0.999653,0.0,-0.0263441],
        [-20090.5,1905.31,-6285.56]
      ],
      "objLayer": 0,
      "props": []
    },
    "flt_tank_spot_41": {
      "type": "Point",
      "tm": [
        [0.303388,0.0,0.952867],
        [0.0,1.0,0.0],
        [-0.952867,0.0,0.303388],
        [-19764.5,1859.45,-5748.31]
      ],
      "objLayer": 0,
      "props": []
    },
    "flt_tank_spot_42": {
      "type": "Point",
      "tm": [
        [-0.998235,0.0,-0.059397],
        [0.0,1.0,0.0],
        [0.059397,0.0,-0.998235],
        [964.25,1622.7,6238.9]
      ],
      "objLayer": 0,
      "props": []
    },
    "flt_tank_spot_43": {
      "type": "Point",
      "tm": [
        [-0.0361476,0.0,-0.999346],
        [0.0,1.0,0.0],
        [0.999346,0.0,-0.0361476],
        [-2612.35,1508.8,7666.55]
      ],
      "objLayer": 0,
      "props": []
    },
    "flt_tank_spot_44": {
      "type": "Point",
      "tm": [
        [-0.672858,0.0,0.739772],
        [0.0,1.0,0.0],
        [-0.739772,0.0,-0.672858],
        [-3216.35,1530.25,7911.8]
      ],
      "objLayer": 0,
      "props": []
    },
    "flt_tank_spot_45": {
      "type": "Point",
      "tm": [
        [0.306112,0.0,0.951995],
        [0.0,1.0,0.0],
        [-0.951995,0.0,0.306112],
        [-9658.3,1557.3,4004.15]
      ],
      "objLayer": 0,
      "props": []
    },
    "flt_tank_spot_46": {
      "type": "Point",
      "tm": [
        [-0.406423,0.0,0.913685],
        [0.0,1.0,0.0],
        [-0.913685,0.0,-0.406423],
        [-3242.33,1885.63,-3403.46]
      ],
      "objLayer": 0,
      "props": []
    },
    "flt_tank_spot_47": {
      "type": "Point",
      "tm": [
        [-0.995422,0.0,0.0955712],
        [0.0,1.0,0.0],
        [-0.0955712,0.0,-0.995422],
        [-8197.34,1566.33,-12876.7]
      ],
      "objLayer": 0,
      "props": []
    }
  },
  "objLayers": [
    {
      "layer": {
        "enabled": true
      }
    },
    {
      "layer": {
        "enabled": true
      }
    },
    {
      "layer": {
        "enabled": true
      }
    },
    {
      "layer": {
        "enabled": false
      }
    }
  ],
  "wayPoints": {
    "flt_tank_road_01": {
      "closed_waypoints": false,
      "isShipSpline": false,
      "shipTurnRadius": 100.0,
      "way": {
        "flt_tank_road_37_wp_01": {
          "type": "normal",
          "tm": [
            [1.0,0.0,0.0],
            [0.0,1.0,0.0],
            [0.0,0.0,1.0],
            [-8477.43,1575.76,-13482.3]
          ],
          "props": {
            "speed": 30.0,
            "tas": false,
            "moveType": "GATHER_TO",
            "shouldKeepFormation": false,
            "canUsePathFinder": false
          }
        },
        "flt_tank_road_37_wp_02": {
          "type": "normal",
          "tm": [
            [1.0,0.0,0.0],
            [0.0,1.0,0.0],
            [0.0,0.0,1.0],
            [-8488.51,1576.38,-13780.5]
          ],
          "props": {
            "speed": 30.0,
            "tas": false,
            "moveType": "USE_SPLINES",
            "shouldKeepFormation": false,
            "canUsePathFinder": false
          }
        },
        "flt_tank_road_37_wp_03": {
          "type": "normal",
          "tm": [
            [1.0,0.0,0.0],
            [0.0,1.0,0.0],
            [0.0,0.0,1.0],
            [-8495.91,1574.49,-13385.8]
          ],
          "props": {
            "speed": 30.0,
            "tas": false,
            "moveType": "USE_SPLINES",
            "shouldKeepFormation": false,
            "canUsePathFinder": false
          }
        },
        "flt_tank_road_37_wp_04": {
          "type": "normal",
          "tm": [
            [1.0,0.0,0.0],
            [0.0,1.0,0.0],
            [0.0,0.0,1.0],
            [-8432.78,1568.93,-13158.9]
          ],
          "props": {
            "speed": 30.0,
            "tas": false,
            "moveType": "USE_SPLINES",
            "shouldKeepFormation": false,
            "canUsePathFinder": false
          }
        },
        "flt_tank_road_37_wp_05": {
          "type": "normal",
          "tm": [
            [1.0,0.0,0.0],
            [0.0,1.0,0.0],
            [0.0,0.0,1.0],
            [-8328.35,1551.0,-13149.0]
          ],
          "props": {
            "speed": 30.0,
            "tas": false,
            "moveType": "USE_SPLINES",
            "shouldKeepFormation": false,
            "canUsePathFinder": false
          }
        },
        "flt_tank_road_37_wp_06": {
          "type": "normal",
          "tm": [
            [1.0,0.0,0.0],
            [0.0,1.0,0.0],
            [0.0,0.0,1.0],
            [-8330.29,1560.58,-12879.3]
          ],
          "props": {
            "speed": 30.0,
            "tas": false,
            "moveType": "USE_SPLINES",
            "shouldKeepFormation": false,
            "canUsePathFinder": false
          }
        },
        "flt_tank_road_37_wp_07": {
          "type": "normal",
          "tm": [
            [1.0,0.0,0.0],
            [0.0,1.0,0.0],
            [0.0,0.0,1.0],
            [-8334.03,1559.19,-12714.0]
          ],
          "props": {
            "speed": 30.0,
            "tas": false,
            "moveType": "USE_SPLINES",
            "shouldKeepFormation": false,
            "canUsePathFinder": false
          }
        },
        "flt_tank_road_37_wp_08": {
          "type": "normal",
          "tm": [
            [1.0,0.0,0.0],
            [0.0,1.0,0.0],
            [0.0,0.0,1.0],
            [-8291.73,1569.28,-12627.3]
          ],
          "props": {
            "speed": 30.0,
            "tas": false,
            "moveType": "USE_SPLINES",
            "shouldKeepFormation": false,
            "canUsePathFinder": false
          }
        },
        "flt_tank_road_37_wp_09": {
          "type": "normal",
          "tm": [
            [1.0,0.0,0.0],
            [0.0,1.0,0.0],
            [0.0,0.0,1.0],
            [-8241.3,1567.8,-12873.2]
          ],
          "props": {
            "speed": 30.0,
            "tas": false,
            "moveType": "USE_SPLINES",
            "shouldKeepFormation": false,
            "canUsePathFinder": false
          }
        },
        "flt_tank_road_37_wp_10": {
          "type": "normal",
          "tm": [
            [1.0,0.0,0.0],
            [0.0,1.0,0.0],
            [0.0,0.0,1.0],
            [-8251.17,1548.89,-13226.9]
          ],
          "props": {
            "speed": 30.0,
            "tas": false,
            "moveType": "USE_SPLINES",
            "shouldKeepFormation": false,
            "canUsePathFinder": false
          }
        },
        "flt_tank_road_37_wp_11": {
          "type": "normal",
          "tm": [
            [1.0,0.0,0.0],
            [0.0,1.0,0.0],
            [0.0,0.0,1.0],
            [-8061.0,1578.46,-13304.1]
          ],
          "props": {
            "speed": 30.0,
            "tas": false,
            "moveType": "USE_SPLINES",
            "shouldKeepFormation": false,
            "canUsePathFinder": false
          }
        },
        "flt_tank_road_37_wp_12": {
          "type": "normal",
          "tm": [
            [1.0,0.0,0.0],
            [0.0,1.0,0.0],
            [0.0,0.0,1.0],
            [-7846.88,1581.3,-13385.3]
          ],
          "props": {
            "speed": 30.0,
            "tas": false,
            "moveType": "USE_SPLINES",
            "shouldKeepFormation": false,
            "canUsePathFinder": false
          }
        },
        "flt_tank_road_37_wp_13": {
          "type": "normal",
          "tm": [
            [1.0,0.0,0.0],
            [0.0,1.0,0.0],
            [0.0,0.0,1.0],
            [-8069.05,1562.19,-13411.6]
          ],
          "props": {
            "speed": 30.0,
            "tas": false,
            "moveType": "USE_SPLINES",
            "shouldKeepFormation": false,
            "canUsePathFinder": false
          }
        },
        "flt_tank_road_37_wp_14": {
          "type": "normal",
          "tm": [
            [1.0,0.0,0.0],
            [0.0,1.0,0.0],
            [0.0,0.0,1.0],
            [-8223.25,1545.77,-13376.1]
          ],
          "props": {
            "speed": 30.0,
            "tas": false,
            "moveType": "USE_SPLINES",
            "shouldKeepFormation": false,
            "canUsePathFinder": false
          }
        },
        "flt_tank_road_37_wp_15": {
          "type": "normal",
          "tm": [
            [1.0,0.0,0.0],
            [0.0,1.0,0.0],
            [0.0,0.0,1.0],
            [-8330.3,1572.62,-13392.7]
          ],
          "props": {
            "speed": 30.0,
            "tas": false,
            "moveType": "USE_SPLINES",
            "shouldKeepFormation": false,
            "canUsePathFinder": false
          }
        },
        "flt_tank_road_37_wp_16": {
          "type": "normal",
          "tm": [
            [1.0,0.0,0.0],
            [0.0,1.0,0.0],
            [0.0,0.0,1.0],
            [-8405.42,1575.77,-13393.9]
          ],
          "props": {
            "speed": 30.0,
            "tas": false,
            "moveType": "USE_SPLINES",
            "shouldKeepFormation": false,
            "canUsePathFinder": false
          }
        },
        "flt_tank_road_37_wp_17": {
          "type": "normal",
          "tm": [
            [1.0,0.0,0.0],
            [0.0,1.0,0.0],
            [0.0,0.0,1.0],
            [-8442.32,1577.19,-13786.1]
          ],
          "props": {
            "speed": 30.0,
            "tas": false,
            "moveType": "USE_SPLINES",
            "shouldKeepFormation": false,
            "canUsePathFinder": false
          }
        },
        "flt_tank_road_37_wp_18": {
          "type": "normal",
          "tm": [
            [1.0,0.0,0.0],
            [0.0,1.0,0.0],
            [0.0,0.0,1.0],
            [-8393.02,1579.65,-13945.5]
          ],
          "props": {
            "speed": 30.0,
            "tas": false,
            "moveType": "MOVETO_STRAIGHT",
            "shouldKeepFormation": false,
            "canUsePathFinder": false
          }
        }
      }
    },
    "flt_tank_road_02": {
      "closed_waypoints": false,
      "isShipSpline": false,
      "shipTurnRadius": 100.0,
      "way": {
        "flt_tank_road_38_wp_01": {
          "type": "normal",
          "tm": [
            [1.0,0.0,0.0],
            [0.0,1.0,0.0],
            [0.0,0.0,1.0],
            [-8521.13,1575.31,-13524.1]
          ],
          "props": {
            "speed": 30.0,
            "tas": false,
            "moveType": "GATHER_TO",
            "shouldKeepFormation": false,
            "canUsePathFinder": false
          }
        },
        "flt_tank_road_38_wp_02": {
          "type": "normal",
          "tm": [
            [1.0,0.0,0.0],
            [0.0,1.0,0.0],
            [0.0,0.0,1.0],
            [-8496.35,1574.47,-13386.0]
          ],
          "props": {
            "speed": 30.0,
            "tas": false,
            "moveType": "USE_SPLINES",
            "shouldKeepFormation": false,
            "canUsePathFinder": false
          }
        },
        "flt_tank_road_38_wp_03": {
          "type": "normal",
          "tm": [
            [1.0,0.0,0.0],
            [0.0,1.0,0.0],
            [0.0,0.0,1.0],
            [-8457.68,1575.52,-13389.8]
          ],
          "props": {
            "speed": 30.0,
            "tas": false,
            "moveType": "USE_SPLINES",
            "shouldKeepFormation": false,
            "canUsePathFinder": false
          }
        },
        "flt_tank_road_38_wp_04": {
          "type": "normal",
          "tm": [
            [1.0,0.0,0.0],
            [0.0,1.0,0.0],
            [0.0,0.0,1.0],
            [-8405.58,1575.77,-13393.2]
          ],
          "props": {
            "speed": 30.0,
            "tas": false,
            "moveType": "USE_SPLINES",
            "shouldKeepFormation": false,
            "canUsePathFinder": false
          }
        },
        "flt_tank_road_38_wp_05": {
          "type": "normal",
          "tm": [
            [1.0,0.0,0.0],
            [0.0,1.0,0.0],
            [0.0,0.0,1.0],
            [-8433.14,1569.02,-13159.3]
          ],
          "props": {
            "speed": 30.0,
            "tas": false,
            "moveType": "USE_SPLINES",
            "shouldKeepFormation": false,
            "canUsePathFinder": false
          }
        },
        "flt_tank_road_38_wp_06": {
          "type": "normal",
          "tm": [
            [1.0,0.0,0.0],
            [0.0,1.0,0.0],
            [0.0,0.0,1.0],
            [-8327.44,1550.78,-13148.5]
          ],
          "props": {
            "speed": 30.0,
            "tas": false,
            "moveType": "USE_SPLINES",
            "shouldKeepFormation": false,
            "canUsePathFinder": false
          }
        },
        "flt_tank_road_38_wp_07": {
          "type": "normal",
          "tm": [
            [1.0,0.0,0.0],
            [0.0,1.0,0.0],
            [0.0,0.0,1.0],
            [-8291.58,1560.02,-13150.0]
          ],
          "props": {
            "speed": 30.0,
            "tas": false,
            "moveType": "USE_SPLINES",
            "shouldKeepFormation": false,
            "canUsePathFinder": false
          }
        },
        "flt_tank_road_38_wp_08": {
          "type": "normal",
          "tm": [
            [1.0,0.0,0.0],
            [0.0,1.0,0.0],
            [0.0,0.0,1.0],
            [-8288.19,1566.81,-12879.7]
          ],
          "props": {
            "speed": 30.0,
            "tas": false,
            "moveType": "USE_SPLINES",
            "shouldKeepFormation": false,
            "canUsePathFinder": false
          }
        },
        "flt_tank_road_38_wp_09": {
          "type": "normal",
          "tm": [
            [1.0,0.0,0.0],
            [0.0,1.0,0.0],
            [0.0,0.0,1.0],
            [-8292.67,1569.26,-12627.7]
          ],
          "props": {
            "speed": 30.0,
            "tas": false,
            "moveType": "USE_SPLINES",
            "shouldKeepFormation": false,
            "canUsePathFinder": false
          }
        },
        "flt_tank_road_38_wp_10": {
          "type": "normal",
          "tm": [
            [1.0,0.0,0.0],
            [0.0,1.0,0.0],
            [0.0,0.0,1.0],
            [-8332.91,1559.81,-12713.7]
          ],
          "props": {
            "speed": 30.0,
            "tas": false,
            "moveType": "USE_SPLINES",
            "shouldKeepFormation": false,
            "canUsePathFinder": false
          }
        },
        "flt_tank_road_38_wp_11": {
          "type": "normal",
          "tm": [
            [1.0,0.0,0.0],
            [0.0,1.0,0.0],
            [0.0,0.0,1.0],
            [-8330.46,1560.67,-12880.0]
          ],
          "props": {
            "speed": 30.0,
            "tas": false,
            "moveType": "USE_SPLINES",
            "shouldKeepFormation": false,
            "canUsePathFinder": false
          }
        },
        "flt_tank_road_38_wp_12": {
          "type": "normal",
          "tm": [
            [1.0,0.0,0.0],
            [0.0,1.0,0.0],
            [0.0,0.0,1.0],
            [-8288.36,1566.71,-12880.5]
          ],
          "props": {
            "speed": 30.0,
            "tas": false,
            "moveType": "USE_SPLINES",
            "shouldKeepFormation": false,
            "canUsePathFinder": false
          }
        },
        "flt_tank_road_38_wp_13": {
          "type": "normal",
          "tm": [
            [1.0,0.0,0.0],
            [0.0,1.0,0.0],
            [0.0,0.0,1.0],
            [-8240.2,1567.89,-12873.8]
          ],
          "props": {
            "speed": 30.0,
            "tas": false,
            "moveType": "USE_SPLINES",
            "shouldKeepFormation": false,
            "canUsePathFinder": false
          }
        },
        "flt_tank_road_38_wp_14": {
          "type": "normal",
          "tm": [
            [1.0,0.0,0.0],
            [0.0,1.0,0.0],
            [0.0,0.0,1.0],
            [-8251.53,1548.79,-13228.1]
          ],
          "props": {
            "speed": 30.0,
            "tas": false,
            "moveType": "USE_SPLINES",
            "shouldKeepFormation": false,
            "canUsePathFinder": false
          }
        },
        "flt_tank_road_38_wp_15": {
          "type": "normal",
          "tm": [
            [1.0,0.0,0.0],
            [0.0,1.0,0.0],
            [0.0,0.0,1.0],
            [-8231.57,1553.88,-13286.1]
          ],
          "props": {
            "speed": 30.0,
            "tas": false,
            "moveType": "USE_SPLINES",
            "shouldKeepFormation": false,
            "canUsePathFinder": false
          }
        },
        "flt_tank_road_38_wp_16": {
          "type": "normal",
          "tm": [
            [1.0,0.0,0.0],
            [0.0,1.0,0.0],
            [0.0,0.0,1.0],
            [-8291.22,1560.07,-13150.5]
          ],
          "props": {
            "speed": 30.0,
            "tas": false,
            "moveType": "USE_SPLINES",
            "shouldKeepFormation": false,
            "canUsePathFinder": false
          }
        },
        "flt_tank_road_38_wp_17": {
          "type": "normal",
          "tm": [
            [1.0,0.0,0.0],
            [0.0,1.0,0.0],
            [0.0,0.0,1.0],
            [-8327.44,1550.84,-13149.0]
          ],
          "props": {
            "speed": 30.0,
            "tas": false,
            "moveType": "USE_SPLINES",
            "shouldKeepFormation": false,
            "canUsePathFinder": false
          }
        },
        "flt_tank_road_38_wp_18": {
          "type": "normal",
          "tm": [
            [1.0,0.0,0.0],
            [0.0,1.0,0.0],
            [0.0,0.0,1.0],
            [-8329.71,1572.58,-13392.9]
          ],
          "props": {
            "speed": 30.0,
            "tas": false,
            "moveType": "USE_SPLINES",
            "shouldKeepFormation": false,
            "canUsePathFinder": false
          }
        },
        "flt_tank_road_38_wp_19": {
          "type": "normal",
          "tm": [
            [1.0,0.0,0.0],
            [0.0,1.0,0.0],
            [0.0,0.0,1.0],
            [-8222.63,1545.87,-13376.1]
          ],
          "props": {
            "speed": 30.0,
            "tas": false,
            "moveType": "USE_SPLINES",
            "shouldKeepFormation": false,
            "canUsePathFinder": false
          }
        },
        "flt_tank_road_38_wp_20": {
          "type": "normal",
          "tm": [
            [1.0,0.0,0.0],
            [0.0,1.0,0.0],
            [0.0,0.0,1.0],
            [-8140.45,1552.76,-13417.0]
          ],
          "props": {
            "speed": 30.0,
            "tas": false,
            "moveType": "USE_SPLINES",
            "shouldKeepFormation": false,
            "canUsePathFinder": false
          }
        },
        "flt_tank_road_38_wp_21": {
          "type": "normal",
          "tm": [
            [1.0,0.0,0.0],
            [0.0,1.0,0.0],
            [0.0,0.0,1.0],
            [-8111.48,1559.72,-13482.7]
          ],
          "props": {
            "speed": 30.0,
            "tas": false,
            "moveType": "MOVETO_STRAIGHT",
            "shouldKeepFormation": false,
            "canUsePathFinder": false
          }
        }
      }
    },
    "flt_tank_road_03": {
      "closed_waypoints": false,
      "isShipSpline": false,
      "shipTurnRadius": 100.0,
      "way": {
        "flt_tank_road_39_wp_01": {
          "type": "normal",
          "tm": [
            [1.0,0.0,0.0],
            [0.0,1.0,0.0],
            [0.0,0.0,1.0],
            [-8246.2,1570.07,-13174.5]
          ],
          "props": {
            "speed": 30.0,
            "tas": false,
            "moveType": "GATHER_TO",
            "shouldKeepFormation": false,
            "canUsePathFinder": false
          }
        },
        "flt_tank_road_39_wp_02": {
          "type": "normal",
          "tm": [
            [1.0,0.0,0.0],
            [0.0,1.0,0.0],
            [0.0,0.0,1.0],
            [-8240.79,1567.88,-12873.8]
          ],
          "props": {
            "speed": 30.0,
            "tas": false,
            "moveType": "USE_SPLINES",
            "shouldKeepFormation": false,
            "canUsePathFinder": false
          }
        },
        "flt_tank_road_39_wp_03": {
          "type": "normal",
          "tm": [
            [1.0,0.0,0.0],
            [0.0,1.0,0.0],
            [0.0,0.0,1.0],
            [-8287.99,1566.82,-12879.9]
          ],
          "props": {
            "speed": 30.0,
            "tas": false,
            "moveType": "USE_SPLINES",
            "shouldKeepFormation": false,
            "canUsePathFinder": false
          }
        },
        "flt_tank_road_39_wp_04": {
          "type": "normal",
          "tm": [
            [1.0,0.0,0.0],
            [0.0,1.0,0.0],
            [0.0,0.0,1.0],
            [-8329.69,1560.86,-12880.1]
          ],
          "props": {
            "speed": 30.0,
            "tas": false,
            "moveType": "USE_SPLINES",
            "shouldKeepFormation": false,
            "canUsePathFinder": false
          }
        },
        "flt_tank_road_39_wp_05": {
          "type": "normal",
          "tm": [
            [1.0,0.0,0.0],
            [0.0,1.0,0.0],
            [0.0,0.0,1.0],
            [-8329.89,1559.12,-12973.1]
          ],
          "props": {
            "speed": 30.0,
            "tas": false,
            "moveType": "USE_SPLINES",
            "shouldKeepFormation": false,
            "canUsePathFinder": false
          }
        },
        "flt_tank_road_39_wp_06": {
          "type": "normal",
          "tm": [
            [1.0,0.0,0.0],
            [0.0,1.0,0.0],
            [0.0,0.0,1.0],
            [-8327.59,1550.85,-13148.9]
          ],
          "props": {
            "speed": 30.0,
            "tas": false,
            "moveType": "USE_SPLINES",
            "shouldKeepFormation": false,
            "canUsePathFinder": false
          }
        },
        "flt_tank_road_39_wp_07": {
          "type": "normal",
          "tm": [
            [1.0,0.0,0.0],
            [0.0,1.0,0.0],
            [0.0,0.0,1.0],
            [-8329.79,1572.59,-13393.0]
          ],
          "props": {
            "speed": 30.0,
            "tas": false,
            "moveType": "USE_SPLINES",
            "shouldKeepFormation": false,
            "canUsePathFinder": false
          }
        },
        "flt_tank_road_39_wp_08": {
          "type": "normal",
          "tm": [
            [1.0,0.0,0.0],
            [0.0,1.0,0.0],
            [0.0,0.0,1.0],
            [-8223.33,1545.8,-13376.4]
          ],
          "props": {
            "speed": 30.0,
            "tas": false,
            "moveType": "USE_SPLINES",
            "shouldKeepFormation": false,
            "canUsePathFinder": false
          }
        },
        "flt_tank_road_39_wp_09": {
          "type": "normal",
          "tm": [
            [1.0,0.0,0.0],
            [0.0,1.0,0.0],
            [0.0,0.0,1.0],
            [-8067.97,1572.54,-13370.6]
          ],
          "props": {
            "speed": 30.0,
            "tas": false,
            "moveType": "USE_SPLINES",
            "shouldKeepFormation": false,
            "canUsePathFinder": false
          }
        },
        "flt_tank_road_39_wp_10": {
          "type": "normal",
          "tm": [
            [1.0,0.0,0.0],
            [0.0,1.0,0.0],
            [0.0,0.0,1.0],
            [-7845.92,1581.32,-13386.1]
          ],
          "props": {
            "speed": 30.0,
            "tas": false,
            "moveType": "USE_SPLINES",
            "shouldKeepFormation": false,
            "canUsePathFinder": false
          }
        },
        "flt_tank_road_39_wp_11": {
          "type": "normal",
          "tm": [
            [1.0,0.0,0.0],
            [0.0,1.0,0.0],
            [0.0,0.0,1.0],
            [-8061.2,1578.46,-13303.7]
          ],
          "props": {
            "speed": 30.0,
            "tas": false,
            "moveType": "USE_SPLINES",
            "shouldKeepFormation": false,
            "canUsePathFinder": false
          }
        },
        "flt_tank_road_39_wp_12": {
          "type": "normal",
          "tm": [
            [1.0,0.0,0.0],
            [0.0,1.0,0.0],
            [0.0,0.0,1.0],
            [-8067.75,1572.56,-13370.7]
          ],
          "props": {
            "speed": 30.0,
            "tas": false,
            "moveType": "USE_SPLINES",
            "shouldKeepFormation": false,
            "canUsePathFinder": false
          }
        },
        "flt_tank_road_39_wp_13": {
          "type": "normal",
          "tm": [
            [1.0,0.0,0.0],
            [0.0,1.0,0.0],
            [0.0,0.0,1.0],
            [-8069.39,1562.02,-13411.8]
          ],
          "props": {
            "speed": 30.0,
            "tas": false,
            "moveType": "USE_SPLINES",
            "shouldKeepFormation": false,
            "canUsePathFinder": false
          }
        },
        "flt_tank_road_39_wp_14": {
          "type": "normal",
          "tm": [
            [1.0,0.0,0.0],
            [0.0,1.0,0.0],
            [0.0,0.0,1.0],
            [-8222.85,1545.89,-13376.5]
          ],
          "props": {
            "speed": 30.0,
            "tas": false,
            "moveType": "USE_SPLINES",
            "shouldKeepFormation": false,
            "canUsePathFinder": false
          }
        },
        "flt_tank_road_39_wp_15": {
          "type": "normal",
          "tm": [
            [1.0,0.0,0.0],
            [0.0,1.0,0.0],
            [0.0,0.0,1.0],
            [-8329.85,1572.59,-13392.7]
          ],
          "props": {
            "speed": 30.0,
            "tas": false,
            "moveType": "USE_SPLINES",
            "shouldKeepFormation": false,
            "canUsePathFinder": false
          }
        },
        "flt_tank_road_39_wp_16": {
          "type": "normal",
          "tm": [
            [1.0,0.0,0.0],
            [0.0,1.0,0.0],
            [0.0,0.0,1.0],
            [-8327.96,1550.88,-13148.6]
          ],
          "props": {
            "speed": 30.0,
            "tas": false,
            "moveType": "USE_SPLINES",
            "shouldKeepFormation": false,
            "canUsePathFinder": false
          }
        },
        "flt_tank_road_39_wp_17": {
          "type": "normal",
          "tm": [
            [1.0,0.0,0.0],
            [0.0,1.0,0.0],
            [0.0,0.0,1.0],
            [-8433.12,1568.91,-13158.4]
          ],
          "props": {
            "speed": 30.0,
            "tas": false,
            "moveType": "USE_SPLINES",
            "shouldKeepFormation": false,
            "canUsePathFinder": false
          }
        },
        "flt_tank_road_39_wp_18": {
          "type": "normal",
          "tm": [
            [1.0,0.0,0.0],
            [0.0,1.0,0.0],
            [0.0,0.0,1.0],
            [-8405.49,1575.75,-13392.3]
          ],
          "props": {
            "speed": 30.0,
            "tas": false,
            "moveType": "USE_SPLINES",
            "shouldKeepFormation": false,
            "canUsePathFinder": false
          }
        },
        "flt_tank_road_39_wp_19": {
          "type": "normal",
          "tm": [
            [1.0,0.0,0.0],
            [0.0,1.0,0.0],
            [0.0,0.0,1.0],
            [-8488.06,1576.41,-13780.8]
          ],
          "props": {
            "speed": 30.0,
            "tas": false,
            "moveType": "USE_SPLINES",
            "shouldKeepFormation": false,
            "canUsePathFinder": false
          }
        },
        "flt_tank_road_39_wp_20": {
          "type": "normal",
          "tm": [
            [1.0,0.0,0.0],
            [0.0,1.0,0.0],
            [0.0,0.0,1.0],
            [-8457.23,1575.53,-13390.4]
          ],
          "props": {
            "speed": 30.0,
            "tas": false,
            "moveType": "USE_SPLINES",
            "shouldKeepFormation": false,
            "canUsePathFinder": false
          }
        },
        "flt_tank_road_39_wp_21": {
          "type": "normal",
          "tm": [
            [1.0,0.0,0.0],
            [0.0,1.0,0.0],
            [0.0,0.0,1.0],
            [-8496.77,1574.46,-13386.1]
          ],
          "props": {
            "speed": 30.0,
            "tas": false,
            "moveType": "USE_SPLINES",
            "shouldKeepFormation": false,
            "canUsePathFinder": false
          }
        },
        "flt_tank_road_39_wp_22": {
          "type": "normal",
          "tm": [
            [1.0,0.0,0.0],
            [0.0,1.0,0.0],
            [0.0,0.0,1.0],
            [-8538.07,1573.68,-13381.4]
          ],
          "props": {
            "speed": 30.0,
            "tas": false,
            "moveType": "USE_SPLINES",
            "shouldKeepFormation": false,
            "canUsePathFinder": false
          }
        },
        "flt_tank_road_39_wp_23": {
