{
  "selected_tag": "",
  "bin_dump_file": "",
  "mission_settings": {
    "player": {
      "army": 1,
      "wing": "ft_armada"
    },
    "player_teamB": {
      "army": 2
    },
    "mission": {
      "level": "levels/water.bin",
      "type": "singleMission",
      "environment": "Day",
      "weather": "hazy",
      "restoreType": "attempts",
      "optionalTakeOff": false
    },
    "spectator_points": {}
  },
  "imports": {},
  "triggers": {
    "isCategory": true,
    "is_enabled": true,
    "fields_high_start": {
      "is_enabled": true,
      "comments": "",
      "props": {
        "actionsType": "PERFORM_ONE_BY_ONE",
        "conditionsType": "ALL",
        "enableAfterComplete": false
      },
      "events": {
        "initMission": {}
      },
      "conditions": {},
      "actions": {
        "varSetInt": [
          {
            "value": 0,
            "var": [
              "ft_t1_max_near_airfields_count",
              "ft_t2_max_near_airfields_count"
            ]
          },
          {
            "value": 0,
            "var": [
              "ft_t1_max_mid_airfields_count",
              "ft_t2_max_mid_airfields_count"
            ]
          },
          {
            "value": 3,
            "var": [
              "ft_t1_max_far_airfields_count",
              "ft_t2_max_far_airfields_count"
            ]
          }
        ],
        "comment": {
          "value": ""
        },
        "varSetReal": {
          "value": 15000.0,
          "var": "ft_generate_distance_between"
        }
      },
      "else_actions": {}
    }
  },
  "mission_objectives": {
    "isCategory": true,
    "is_enabled": true
  },
  "variables": {},
  "dialogs": {},
  "airfields": {},
  "effects": {},
  "units": {
    "objectGroups": [
      {
        "name": "ft_t1_airfield_01_01",
        "tm": [
          [
            0.995064,
            0.0,
            -0.0992273
          ],
          [
            0.0,
            1.0,
            0.0
          ],
          [
            0.0992273,
            0.0,
            0.995064
          ],
          [
            28235.4,
            164.049,
            -27836.1
          ]
        ],
        "unit_class": "dynaf_pg_1line_3000_universal",
        "objLayer": 2,
        "props": {
          "army": 1,
          "active": false
        }
      },
      {
        "name": "ft_t1_airfield_01_02",
        "tm": [
          [
            0.999048,
            0.0,
            -0.0436189
          ],
          [
            0.0,
            1.0,
            0.0
          ],
          [
            0.0436189,
            0.0,
            0.999048
          ],
          [
            28427.3,
            171.15,
            -2721.07
          ]
        ],
        "unit_class": "dynaf_pg_1line_3000_universal",
        "objLayer": 2,
        "props": {
          "army": 1,
          "active": false
        }
      },
      {
        "name": "ft_t1_airfield_01_03",
        "tm": [
          [
            0.988409,
            0.0,
            0.151809
          ],
          [
            0.0,
            1.0,
            0.0
          ],
          [
            -0.151809,
            0.0,
            0.988409
          ],
          [
            28275.6,
            174.443,
            27548.6
          ]
        ],
        "unit_class": "dynaf_pg_1line_3000_universal",
        "objLayer": 2,
        "props": {
          "army": 1,
          "active": false
        }
      },
      {
        "name": "ft_t1_airfield_02_01",
        "tm": [
          [
            0.983526,
            0.0,
            -0.180766
          ],
          [
            0.0,
            1.0,
            0.0
          ],
          [
            0.180766,
            0.0,
            0.983526
          ],
          [
            21861.6,
            101.724,
            -5478.24
          ]
        ],
        "unit_class": "dynaf_universal_1line_b",
        "objLayer": 2,
        "props": {
          "army": 1,
          "active": false
        }
      },
      {
        "name": "ft_t1_airfield_03_02",
        "tm": [
          [
            0.996568,
            0.0,
            -0.0827758
          ],
          [
            0.0,
            1.0,
            0.0
          ],
          [
            0.0827758,
            0.0,
            0.996568
          ],
          [
            13920.8,
            131.653,
            -21752.0
          ]
        ],
        "unit_class": "dynaf_universal_1line_b",
        "objLayer": 2,
        "props": {
          "army": 1,
          "active": false
        }
      },
      {
        "name": "ft_t1_airfield_03_01",
        "tm": [
          [
            0.965562,
            0.0,
            0.260172
          ],
          [
            0.0,
            1.0,
            0.0
          ],
          [
            -0.260172,
            0.0,
            0.965562
          ],
          [
            14585.3,
            187.028,
            12371.5
          ]
        ],
        "unit_class": "dynaf_universal_1line_b",
        "objLayer": 2,
        "props": {
          "army": 1,
          "active": false
        }
      },
      {
        "name": "ft_t1_airfield_02_02",
        "tm": [
          [
            0.945846,
            0.0,
            -0.324616
          ],
          [
            0.0,
            1.0,
            0.0
          ],
          [
            0.324616,
            0.0,
            0.945846
          ],
          [
            21357.2,
            184.488,
            26958.8
          ]
        ],
        "unit_class": "dynaf_universal_1line_b",
        "objLayer": 2,
        "props": {
          "army": 1,
          "active": false
        }
      },
      {
        "name": "ft_t2_airfield_01_01",
        "tm": [
          [
            -0.795846,
            0.0,
            0.605498
          ],
          [
            0.0,
            1.0,
            0.0
          ],
          [
            -0.605498,
            0.0,
            -0.795846
          ],
          [
            -28602.9,
            60.5287,
            26654.5
          ]
        ],
        "unit_class": "dynaf_pg_1line_3000_universal",
        "objLayer": 2,
        "props": {
          "army": 2,
          "active": false
        }
      },
      {
        "name": "ft_t2_airfield_01_02",
        "tm": [
          [
            -0.999606,
            0.0,
            0.0280702
          ],
          [
            0.0,
            1.0,
            0.0
          ],
          [
            -0.0280702,
            0.0,
            -0.999606
          ],
          [
            -27771.8,
            101.423,
            -27326.8
          ]
        ],
        "unit_class": "dynaf_pg_1line_3000_universal",
        "objLayer": 2,
        "props": {
          "army": 2,
          "active": false
        }
      },
      {
        "name": "ft_t2_airfield_01_03",
        "tm": [
          [
            -0.999049,
            0.0,
            0.0436196
          ],
          [
            0.0,
            1.0,
            0.0
          ],
          [
            -0.0436196,
            0.0,
            -0.999049
          ],
          [
            -28073.6,
            164.219,
            11068.1
          ]
        ],
        "unit_class": "dynaf_pg_1line_3000_universal",
        "objLayer": 2,
        "props": {
          "army": 2,
          "active": false
        }
      },
      {
        "name": "ft_t2_airfield_02_01",
        "tm": [
          [
            -0.976296,
            0.0,
            -0.216439
          ],
          [
            0.0,
            1.0,
            0.0
          ],
          [
            0.216439,
            0.0,
            -0.976296
          ],
          [
            -20849.2,
            107.78,
            -22884.9
          ]
        ],
        "unit_class": "dynaf_universal_1line_c",
        "objLayer": 2,
        "props": {
          "army": 2,
          "active": false
        }
      },
      {
        "name": "ft_t2_airfield_02_02",
        "tm": [
          [
            -0.99139,
            0.0,
            -0.130943
          ],
          [
            0.0,
            1.0,
            0.0
          ],
          [
            0.130943,
            0.0,
            -0.99139
          ],
          [
            -21308.6,
            122.005,
            11902.8
          ]
        ],
        "unit_class": "dynaf_universal_1line_c",
        "objLayer": 2,
        "props": {
          "army": 2,
          "active": false
        }
      },
      {
        "name": "ft_t2_airfield_03_01",
        "tm": [
          [
            -0.957865,
            0.0,
            0.28722
          ],
          [
            0.0,
            1.0,
            0.0
          ],
          [
            -0.28722,
            0.0,
            -0.957865
          ],
          [
            -14580.9,
            47.7415,
            29392.2
          ]
        ],
        "unit_class": "dynaf_universal_1line_c",
        "objLayer": 2,
        "props": {
          "army": 2,
          "active": false
        }
      },
      {
        "name": "ft_t2_airfield_03_02",
        "tm": [
          [
            -0.984807,
            0.0,
            -0.173648
          ],
          [
            0.0,
            1.0,
            0.0
          ],
          [
            0.173648,
            0.0,
            -0.984807
          ],
          [
            -13119.6,
            172.975,
            -12360.1
          ]
        ],
        "unit_class": "dynaf_universal_1line_c",
        "objLayer": 2,
        "props": {
          "army": 2,
          "active": false
        }
      },
      {
        "name": "ft_t1_airfield_03_03",
        "tm": [
          [
            0.984205,
            0.0,
            0.177035
          ],
          [
            0.0,
            1.0,
            0.0
          ],
          [
            -0.177035,
            0.0,
            0.984205
          ],
          [
            13670.6,
            135.592,
            29494.2
          ]
        ],
        "unit_class": "dynaf_universal_1line_b",
        "objLayer": 2,
        "props": {
          "army": 1,
          "active": false
        }
      },
      {
        "name": "ft_t1_airfield_02_03",
        "tm": [
          [
            0.991445,
            0.0,
            -0.130526
          ],
          [
            0.0,
            1.0,
            0.0
          ],
          [
            0.130526,
            0.0,
            0.991445
          ],
          [
            22343.2,
            156.738,
            2249.64
          ]
        ],
        "unit_class": "dynaf_universal_1line_b",
        "objLayer": 2,
        "props": {
          "army": 1,
          "active": false
        }
      },
      {
        "name": "ft_t2_airfield_03_03",
        "tm": [
          [
            -0.793353,
            0.0,
            -0.608761
          ],
          [
            0.0,
            1.0,
            0.0
          ],
          [
            0.608761,
            0.0,
            -0.793353
          ],
          [
            -14198.9,
            115.169,
            -28226.6
          ]
        ],
        "unit_class": "dynaf_universal_1line_c",
        "objLayer": 2,
        "props": {
          "army": 2,
          "active": false
        }
      },
      {
        "name": "ft_t2_airfield_02_03",
        "tm": [
          [
            -0.917487,
            0.0,
            -0.397765
          ],
          [
            0.0,
            1.0,
            0.0
          ],
          [
            0.397765,
            0.0,
            -0.917487
          ],
          [
            -20729.8,
            70.1022,
            -15403.9
          ]
        ],
        "unit_class": "dynaf_universal_1line_c",
        "objLayer": 2,
        "props": {
          "army": 2,
          "active": false
        }
      },
      {
        "name": "ft_t1_airfield_01_04",
        "tm": [
          [
            0.999048,
            0.0,
            -0.0436189
          ],
          [
            0.0,
            1.0,
            0.0
          ],
          [
            0.0436189,
            0.0,
            0.999048
          ],
          [
            29075.6,
            35.1082,
            -18333.6
          ]
        ],
        "unit_class": "dynaf_pg_1line_3000_universal",
        "objLayer": 2,
        "props": {
          "army": 1,
          "active": false
        }
      },
      {
        "name": "ft_t1_airfield_02_04",
        "tm": [
          [
            0.999663,
            0.0,
            -0.0259119
          ],
          [
            0.0,
            1.0,
            0.0
          ],
          [
            0.0259119,
            0.0,
            0.999663
          ],
          [
            21544.5,
            133.087,
            -21053.4
          ]
        ],
        "unit_class": "dynaf_universal_1line_b",
        "objLayer": 2,
        "props": {
          "army": 1,
          "active": false
        }
      },
      {
        "name": "ft_t1_airfield_03_04",
        "tm": [
          [
            0.998363,
            0.0,
            -0.0571929
          ],
          [
            0.0,
            1.0,
            0.0
          ],
          [
            0.0571929,
            0.0,
            0.998363
          ],
          [
            13939.2,
            135.167,
            -1721.67
          ]
        ],
        "unit_class": "dynaf_universal_1line_b",
        "objLayer": 2,
        "props": {
          "army": 1,
          "active": false
        }
      },
      {
        "name": "ft_t2_airfield_01_04",
        "tm": [
          [
            -0.69831,
            0.0,
            -0.715797
          ],
          [
            0.0,
            1.0,
            0.0
          ],
          [
            0.715797,
            0.0,
            -0.69831
          ],
          [
            -29060.0,
            116.052,
            -15767.6
          ]
        ],
        "unit_class": "dynaf_pg_1line_3000_universal",
        "objLayer": 2,
        "props": {
          "army": 2,
          "active": false
        }
      },
      {
        "name": "ft_t2_airfield_02_04",
        "tm": [
          [
            -0.999048,
            0.0,
            0.0436209
          ],
          [
            0.0,
            1.0,
            0.0
          ],
          [
            -0.0436209,
            0.0,
            -0.999048
          ],
          [
            -21124.0,
            154.307,
            -1622.19
          ]
        ],
        "unit_class": "dynaf_universal_1line_c",
        "objLayer": 2,
        "props": {
          "army": 2,
          "active": false
        }
      },
      {
        "name": "ft_t2_airfield_03_04",
        "tm": [
          [
            -0.906229,
            0.0,
            -0.422785
          ],
          [
            0.0,
            1.0,
            0.0
          ],
          [
            0.422785,
            0.0,
            -0.906229
          ],
          [
            -13867.8,
            109.686,
            12264.9
          ]
        ],
        "unit_class": "dynaf_universal_1line_c",
        "objLayer": 2,
        "props": {
          "army": 2,
          "active": false
        }
      },
      {
        "name": "ft_t1_airfield_01_05",
        "tm": [
          [
            0.999048,
            0.0,
            -0.0436189
          ],
          [
            0.0,
            1.0,
            0.0
          ],
          [
            0.0436189,
            0.0,
            0.999048
          ],
          [
            28480.3,
            139.148,
            9808.48
          ]
        ],
        "unit_class": "dynaf_pg_1line_3000_universal",
        "objLayer": 2,
        "props": {
          "army": 1,
          "active": false
        }
      },
      {
        "name": "ft_t1_airfield_02_05",
        "tm": [
          [
            0.999829,
            0.0,
            0.0185367
          ],
          [
            0.0,
            1.0,
            0.0
          ],
          [
            -0.0185367,
            0.0,
            0.999829
          ],
          [
            21238.4,
            135.341,
            10546.0
          ]
        ],
        "unit_class": "dynaf_universal_1line_b",
        "objLayer": 2,
        "props": {
          "army": 1,
          "active": false
        }
      },
      {
        "name": "ft_t1_airfield_03_05",
        "tm": [
          [
            0.996568,
            0.0,
            -0.0827758
          ],
          [
            0.0,
            1.0,
            0.0
          ],
          [
            0.0827758,
            0.0,
            0.996568
          ],
          [
            14130.2,
            163.123,
            -12272.2
          ]
        ],
        "unit_class": "dynaf_universal_1line_b",
        "objLayer": 2,
        "props": {
          "army": 1,
          "active": false
        }
      },
      {
        "name": "ft_t2_airfield_01_05",
        "tm": [
          [
            -0.999054,
            0.0,
            -0.0434965
          ],
          [
            0.0,
            1.0,
            0.0
          ],
          [
            0.0434965,
            0.0,
            -0.999054
          ],
          [
            -28745.7,
            19.6481,
            1313.85
          ]
        ],
        "unit_class": "dynaf_pg_1line_3000_universal",
        "objLayer": 2,
        "props": {
          "army": 2,
          "active": false
        }
      },
      {
        "name": "ft_t2_airfield_03_05",
        "tm": [
          [
            -0.999047,
            0.0,
            0.0436194
          ],
          [
            0.0,
            1.0,
            0.0
          ],
          [
            -0.0436194,
            0.0,
            -0.999047
          ],
          [
            -13856.5,
            176.81,
            2083.34
          ]
        ],
        "unit_class": "dynaf_universal_1line_c",
        "objLayer": 2,
        "props": {
          "army": 2,
          "active": false
        }
      },
      {
        "name": "ft_t2_airfield_02_05",
        "tm": [
          [
            -1.0,
            0.0,
            0.00000172853
          ],
          [
            0.0,
            1.0,
            0.0
          ],
          [
            -0.00000172853,
            0.0,
            -1.0
          ],
          [
            -21099.5,
            98.0128,
            21708.7
          ]
        ],
        "unit_class": "dynaf_universal_1line_c",
        "objLayer": 2,
        "props": {
          "army": 2,
          "active": false
        }
      }
    ],
    "squad": [
      {
        "name": "ft_t1_airfields_squad",
        "tm": [
          [
            1.0,
            0.0,
            0.0
          ],
          [
            0.0,
            1.0,
            0.0
          ],
          [
            0.0,
            0.0,
            1.0
          ],
          [
            19823.0,
            3.85547,
            34418.8
          ]
        ],
        "props": {
          "squad_members": [
            "ft_t1_airfield_01_01",
            "ft_t1_airfield_01_02",
            "ft_t1_airfield_01_03",
            "ft_t1_airfield_02_01",
            "ft_t1_airfield_03_02",
            "ft_t1_airfield_02_03",
            "ft_t1_airfield_03_01",
            "ft_t1_airfield_02_02",
            "ft_t1_airfield_03_03",
            "ft_t1_airfield_01_04",
            "ft_t1_airfield_02_04",
            "ft_t1_airfield_03_04",
            "ft_t1_airfield_01_05",
            "ft_t1_airfield_02_05",
            "ft_t1_airfield_03_05"
          ],
          "object_marking": 0
        }
      },
      {
        "name": "ft_t2_airfields_squad",
        "tm": [
          [
            1.0,
            0.0,
            0.0
          ],
          [
            0.0,
            1.0,
            0.0
          ],
          [
            0.0,
            0.0,
            1.0
          ],
          [
            -21353.5,
            140.342,
            32221.0
          ]
        ],
        "props": {
          "squad_members": [
            "ft_t2_airfield_01_01",
            "ft_t2_airfield_01_02",
            "ft_t2_airfield_01_03",
            "ft_t2_airfield_02_01",
            "ft_t2_airfield_02_02",
            "ft_t2_airfield_02_03",
            "ft_t2_airfield_03_01",
            "ft_t2_airfield_03_02",
            "ft_t2_airfield_03_03",
            "ft_t2_airfield_01_04",
            "ft_t2_airfield_02_04",
            "ft_t2_airfield_03_04",
            "ft_t2_airfield_01_05",
            "ft_t2_airfield_03_05",
            "ft_t2_airfield_02_05"
          ],
          "object_marking": 0
        }
      }
    ]
  },
  "areas": {
    "ft_t2_airfield_01_01_bomb_zone": {
      "type": "Box",
      "tm": [
        [
          2459.77,
          0.0,
          -2046.83
        ],
        [
          0.0,
          1000.0,
          0.0
        ],
        [
          767.563,
          0.0,
          922.414
        ],
        [
          -28560.3,
          -4.46875,
          26766.4
        ]
      ],
      "objLayer": 0,
      "props": {}
    },
    "ft_t2_airfield_01_02_bomb_zone": {
      "type": "Box",
      "tm": [
        [
          -3198.75,
          0.0,
          89.3488
        ],
        [
          0.0,
          1000.0,
          0.0
        ],
        [
          -33.5039,
          0.0,
          -1199.53
        ],
        [
          -27759.0,
          18.2004,
          -27341.7
        ]
      ],
      "objLayer": 0,
      "props": {}
    },
    "ft_t2_airfield_01_03_bomb_zone": {
      "type": "Box",
      "tm": [
        [
          3200.0,
          0.0,
          -0.000390626
        ],
        [
          0.0,
          1000.0,
          0.0
        ],
        [
          0.000695801,
          0.0,
          1200.0
        ],
        [
          -28037.6,
          153.775,
          11004.4
        ]
      ],
      "objLayer": 0,
      "props": {}
    },
    "ft_t2_airfield_02_01_bomb_zone": {
      "type": "Box",
      "tm": [
        [
          3090.96,
          0.0,
          828.229
        ],
        [
          0.0,
          1000.0,
          0.0
        ],
        [
          -310.582,
          0.0,
          1159.11
        ],
        [
          -20919.2,
          56.8821,
          -22885.5
        ]
      ],
      "objLayer": 0,
      "props": {}
    },
    "ft_t2_airfield_02_02_bomb_zone": {
      "type": "Box",
      "tm": [
        [
          3151.15,
          0.0,
          557.006
        ],
        [
          0.0,
          1000.0,
          0.0
        ],
        [
          -208.878,
          0.0,
          1181.68
        ],
        [
          -21284.3,
          -36.092,
          11889.4
        ]
      ],
      "objLayer": 0,
      "props": {}
    },
    "ft_t2_airfield_03_01_bomb_zone": {
      "type": "Box",
      "tm": [
        [
          3102.34,
          0.0,
          -784.525
        ],
        [
          0.0,
          1000.0,
          0.0
        ],
        [
          294.199,
          0.0,
          1163.38
        ],
        [
          -14500.4,
          -60.0134,
          29376.5
        ]
      ],
      "objLayer": 0,
      "props": {}
    },
    "ft_t2_airfield_03_02_bomb_zone": {
      "type": "Box",
      "tm": [
        [
          3124.15,
          0.0,
          692.61
        ],
        [
          0.0,
          1000.0,
          0.0
        ],
        [
          -259.728,
          0.0,
          1171.56
        ],
        [
          -13205.5,
          109.832,
          -12315.4
        ]
      ],
      "objLayer": 0,
      "props": {}
    },
    "ft_t1_airfield_01_01_bomb_zone": {
      "type": "Box",
      "tm": [
        [
          3184.2,
          0.0,
          -317.526
        ],
        [
          0.0,
          1000.0,
          0.0
        ],
        [
          119.073,
          0.0,
          1194.07
        ],
        [
          28266.4,
          90.0002,
          -28007.5
        ]
      ],
      "objLayer": 0,
      "props": {}
    },
    "ft_t1_airfield_01_03_bomb_zone": {
      "type": "Box",
      "tm": [
        [
          3162.93,
          0.0,
          485.691
        ],
        [
          0.0,
          1000.0,
          0.0
        ],
        [
          -182.132,
          0.0,
          1186.1
        ],
        [
          28311.6,
          117.185,
          27544.9
        ]
      ],
      "objLayer": 0,
      "props": {}
    },
    "ft_t1_airfield_01_02_bomb_zone": {
      "type": "Box",
      "tm": [
        [
          3196.95,
          0.0,
          -139.577
        ],
        [
          0.0,
          1000.0,
          0.0
        ],
        [
          52.3426,
          0.0,
          1198.86
        ],
        [
          28503.2,
          110.108,
          -2805.52
        ]
      ],
      "objLayer": 0,
      "props": {}
    },
    "ft_t1_airfield_02_01_bomb_zone": {
      "type": "Box",
      "tm": [
        [
          3147.28,
          0.0,
          -578.455
        ],
        [
          0.0,
          1000.0,
          0.0
        ],
        [
          216.919,
          0.0,
          1180.23
        ],
        [
          21963.5,
          89.507,
          -5417.48
        ]
      ],
      "objLayer": 0,
      "props": {}
    },
    "ft_t1_airfield_03_02_bomb_zone": {
      "type": "Box",
      "tm": [
        [
          3197.53,
          0.0,
          -125.533
        ],
        [
          0.0,
          1000.0,
          0.0
        ],
        [
          47.0744,
          0.0,
          1199.07
        ],
        [
          13968.4,
          85.3085,
          -21729.4
        ]
      ],
      "objLayer": 0,
      "props": {}
    },
    "ft_t1_airfield_03_01_bomb_zone": {
      "type": "Box",
      "tm": [
        [
          3089.8,
          0.0,
          832.548
        ],
        [
          0.0,
          1000.0,
          0.0
        ],
        [
          -312.207,
          0.0,
          1158.68
        ],
        [
          14534.8,
          141.734,
          12384.7
        ]
      ],
      "objLayer": 0,
      "props": {}
    },
    "ft_t1_airfield_02_02_bomb_zone": {
      "type": "Box",
      "tm": [
        [
          3026.71,
          0.0,
          -1038.77
        ],
        [
          0.0,
          1000.0,
          0.0
        ],
        [
          389.537,
          0.0,
          1135.01
        ],
        [
          21004.8,
          146.947,
          27091.6
        ]
      ],
      "objLayer": 0,
      "props": {}
    },
    "ft_t1_airfield_01_01_spawn_01": {
      "type": "Point",
      "tm": [
        [
          0.998445,
          0.0,
          -0.0557287
        ],
        [
          0.0,
          1.0,
          0.0
        ],
        [
          0.0557287,
          0.0,
          0.998445
        ],
        [
          29602.1,
          142.023,
          -27366.9
        ]
      ],
      "objLayer": 0,
      "props": {}
    },
    "ft_t1_airfield_01_01_spawn_02": {
      "type": "Point",
      "tm": [
        [
          0.998445,
          0.0,
          -0.0557287
        ],
        [
          0.0,
          1.0,
          0.0
        ],
        [
          0.0557287,
          0.0,
          0.998445
        ],
        [
          27850.5,
          173.732,
          -28456.7
        ]
      ],
      "objLayer": 0,
      "props": {}
    },
    "ft_t1_airfield_01_01_spawn_03": {
      "type": "Point",
      "tm": [
        [
          0.998445,
          0.0,
          -0.0557287
        ],
        [
          0.0,
          1.0,
          0.0
        ],
        [
          0.0557287,
          0.0,
          0.998445
        ],
        [
          27659.4,
          163.602,
          -27110.5
        ]
      ],
      "objLayer": 0,
      "props": {}
    },
    "ft_t1_airfield_01_01_spawn_04": {
      "type": "Point",
      "tm": [
        [
          0.998445,
          0.0,
          -0.0557287
        ],
        [
          0.0,
          1.0,
          0.0
        ],
        [
          0.0557287,
          0.0,
          0.998445
        ],
        [
          27048.2,
          122.245,
          -27051.8
        ]
      ],
      "objLayer": 0,
      "props": {}
    },
    "ft_t1_airfield_01_01_spawn_05": {
      "type": "Point",
      "tm": [
        [
          0.998445,
          0.0,
          -0.0557287
        ],
        [
          0.0,
          1.0,
          0.0
        ],
        [
          0.0557287,
          0.0,
          0.998445
        ],
        [
          28290.2,
          179.44,
          -28584.9
        ]
      ],
      "objLayer": 0,
      "props": {}
    },
    "ft_t1_airfield_01_01_spawn_06": {
      "type": "Point",
      "tm": [
        [
          0.998445,
          0.0,
          -0.0557287
        ],
        [
          0.0,
          1.0,
          0.0
        ],
        [
          0.0557287,
          0.0,
          0.998445
        ],
        [
          27362.1,
          144.332,
          -27099.7
        ]
      ],
      "objLayer": 0,
      "props": {}
    },
    "ft_t1_airfield_01_01_spawn_07": {
      "type": "Point",
      "tm": [
        [
          0.998445,
          0.0,
          -0.0557287
        ],
        [
          0.0,
          1.0,
          0.0
        ],
        [
          0.0557287,
          0.0,
          0.998445
        ],
        [
          29150.5,
          177.383,
          -28595.0
        ]
      ],
      "objLayer": 0,
      "props": {}
    },
    "ft_t1_airfield_01_01_spawn_08": {
      "type": "Point",
      "tm": [
        [
          0.998445,
          0.0,
          -0.0557287
        ],
        [
          0.0,
          1.0,
          0.0
        ],
        [
          0.0557287,
          0.0,
          0.998445
        ],
        [
          28580.1,
          187.395,
          -28525.1
        ]
      ],
      "objLayer": 0,
      "props": {}
    },
    "ft_t1_airfield_01_01_spawn_09": {
      "type": "Point",
      "tm": [
        [
          0.998445,
          0.0,
          -0.0557287
        ],
        [
          0.0,
          1.0,
          0.0
        ],
        [
          0.0557287,
          0.0,
          0.998445
        ],
        [
          27970.5,
          163.396,
          -27119.2
        ]
      ],
      "objLayer": 0,
      "props": {}
    },
    "ft_t1_airfield_01_01_spawn_10": {
      "type": "Point",
      "tm": [
        [
          0.998445,
          0.0,
          -0.0557287
        ],
        [
          0.0,
          1.0,
          0.0
        ],
        [
          0.0557287,
          0.0,
          0.998445
        ],
        [
          28381.3,
          160.896,
          -27216.0
        ]
      ],
      "objLayer": 0,
      "props": {}
    },
    "ft_t1_airfield_01_01_spawn_11": {
      "type": "Point",
      "tm": [
        [
          0.998445,
          0.0,
          -0.0557287
        ],
        [
          0.0,
          1.0,
          0.0
        ],
        [
          0.0557287,
          0.0,
          0.998445
        ],
        [
          26652.8,
          109.983,
          -28270.1
        ]
      ],
      "objLayer": 0,
      "props": {}
    },
    "ft_t1_airfield_01_01_spawn_12": {
      "type": "Point",
      "tm": [
        [
          0.998445,
          0.0,
          -0.0557287
        ],
        [
          0.0,
          1.0,
          0.0
        ],
        [
          0.0557287,
          0.0,
          0.998445
        ],
        [
          29009.2,
          131.432,
          -27347.4
        ]
      ],
      "objLayer": 0,
      "props": {}
    },
    "ft_t1_airfield_01_01_spawn_13": {
      "type": "Point",
      "tm": [
        [
          0.998445,
          0.0,
          -0.0557287
        ],
        [
          0.0,
          1.0,
          0.0
        ],
        [
          0.0557287,
          0.0,
          0.998445
        ],
        [
          28607.6,
          153.34,
          -27284.6
        ]
      ],
      "objLayer": 0,
      "props": {}
    },
    "ft_t1_airfield_01_01_spawn_14": {
      "type": "Point",
      "tm": [
        [
          0.998445,
          0.0,
          -0.0557287
        ],
        [
          0.0,
          1.0,
          0.0
        ],
        [
          0.0557287,
          0.0,
          0.998445
        ],
        [
          27483.7,
          151.237,
          -28410.1
        ]
      ],
      "objLayer": 0,
      "props": {}
    },
    "ft_t1_airfield_01_02_spawn_01": {
      "type": "Point",
      "tm": [
        [
          0.737277,
          0.0,
          -0.67559
        ],
        [
          0.0,
          1.0,
          0.0
        ],
        [
          0.67559,
          0.0,
          0.737277
        ],
        [
          27924.0,
          164.449,
          -2142.61
        ]
      ],
      "objLayer": 0,
      "props": {}
    },
    "ft_t1_airfield_01_02_spawn_02": {
      "type": "Point",
      "tm": [
        [
          0.737277,
          0.0,
          -0.67559
        ],
        [
          0.0,
          1.0,
          0.0
        ],
        [
          0.67559,
          0.0,
          0.737277
        ],
        [
          28164.6,
          164.955,
          -2130.36
        ]
      ],
      "objLayer": 0,
      "props": {}
    },
    "ft_t1_airfield_01_02_spawn_03": {
      "type": "Point",
      "tm": [
        [
          0.737277,
          0.0,
          -0.67559
        ],
        [
          0.0,
          1.0,
          0.0
        ],
        [
          0.67559,
          0.0,
          0.737277
        ],
        [
          27123.4,
          155.876,
          -3227.8
        ]
      ],
      "objLayer": 0,
      "props": {}
    },
    "ft_t1_airfield_01_02_spawn_04": {
      "type": "Point",
      "tm": [
        [
          0.737277,
          0.0,
          -0.67559
        ],
        [
          0.0,
          1.0,
          0.0
        ],
        [
          0.67559,
          0.0,
          0.737277
        ],
        [
          29614.1,
          168.978,
          -3355.96
        ]
      ],
      "objLayer": 0,
      "props": {}
    },
    "ft_t1_airfield_01_02_spawn_05": {
      "type": "Point",
      "tm": [
        [
          0.737277,
          0.0,
          -0.67559
        ],
        [
          0.0,
          1.0,
          0.0
        ],
        [
          0.67559,
          0.0,
          0.737277
        ],
        [
          29545.8,
          169.952,
          -2104.31
        ]
      ],
      "objLayer": 0,
      "props": {}
    },
    "ft_t1_airfield_01_02_spawn_06": {
      "type": "Point",
      "tm": [
        [
          0.737277,
          0.0,
          -0.67559
        ],
        [
          0.0,
          1.0,
          0.0
        ],
        [
          0.67559,
          0.0,
          0.737277
        ],
        [
          28444.4,
          168.469,
          -2092.56
        ]
      ],
      "objLayer": 0,
      "props": {}
    },
    "ft_t1_airfield_01_02_spawn_07": {
      "type": "Point",
      "tm": [
        [
          0.737277,
          0.0,
          -0.67559
        ],
        [
          0.0,
          1.0,
          0.0
        ],
        [
          0.67559,
          0.0,
          0.737277
        ],
        [
          27471.0,
          164.195,
          -2094.45
        ]
      ],
      "objLayer": 0,
      "props": {}
    },
    "ft_t1_airfield_01_02_spawn_08": {
      "type": "Point",
      "tm": [
        [
          0.737277,
          0.0,
          -0.67559
        ],
        [
          0.0,
          1.0,
          0.0
        ],
        [
          0.67559,
          0.0,
          0.737277
        ],
        [
          28101.0,
          168.953,
          -3267.0
        ]
      ],
      "objLayer": 0,
      "props": {}
    },
    "ft_t1_airfield_01_02_spawn_09": {
      "type": "Point",
      "tm": [
        [
          0.737277,
          0.0,
          -0.67559
        ],
        [
          0.0,
          1.0,
          0.0
        ],
        [
          0.67559,
          0.0,
          0.737277
        ],
        [
          29319.6,
          169.231,
          -3343.36
        ]
      ],
      "objLayer": 0,
      "props": {}
    },
    "ft_t1_airfield_01_02_spawn_10": {
      "type": "Point",
      "tm": [
        [
          0.737277,
          0.0,
          -0.67559
        ],
        [
          0.0,
          1.0,
          0.0
        ],
        [
          0.67559,
          0.0,
          0.737277
        ],
        [
          27173.4,
          163.872,
          -2126.66
        ]
      ],
      "objLayer": 0,
      "props": {}
    },
    "ft_t1_airfield_01_02_spawn_11": {
      "type": "Point",
      "tm": [
        [
          0.737277,
          0.0,
          -0.67559
        ],
        [
          0.0,
          1.0,
          0.0
        ],
        [
          0.67559,
          0.0,
          0.737277
        ],
        [
          27761.3,
          165.73,
          -3207.31
        ]
      ],
      "objLayer": 0,
      "props": {}
    },
    "ft_t1_airfield_01_02_spawn_12": {
      "type": "Point",
      "tm": [
        [
          0.737277,
          0.0,
          -0.67559
        ],
        [
          0.0,
          1.0,
          0.0
        ],
        [
          0.67559,
          0.0,
          0.737277
        ],
        [
          28956.4,
          166.297,
          -3302.29
        ]
      ],
      "objLayer": 0,
      "props": {}
    },
    "ft_t1_airfield_01_02_spawn_13": {
      "type": "Point",
      "tm": [
        [
          0.737277,
          0.0,
          -0.67559
        ],
        [
          0.0,
          1.0,
          0.0
        ],
        [
          0.67559,
          0.0,
          0.737277
        ],
        [
          28820.2,
          174.545,
          -2094.84
        ]
      ],
      "objLayer": 0,
      "props": {}
    },
    "ft_t1_airfield_01_02_spawn_14": {
      "type": "Point",
      "tm": [
        [
          0.737277,
          0.0,
          -0.67559
        ],
        [
          0.0,
          1.0,
          0.0
        ],
        [
          0.67559,
          0.0,
          0.737277
        ],
        [
          29175.8,
          179.07,
          -2102.48
        ]
      ],
      "objLayer": 0,
      "props": {}
    },
    "ft_t1_airfield_01_03_spawn_01": {
      "type": "Point",
      "tm": [
        [
          0.403037,
          0.0,
          0.915183
        ],
        [
          0.0,
          1.0,
          0.0
        ],
        [
          -0.915183,
          0.0,
          0.403037
        ],
        [
          26619.9,
          187.586,
          27796.3
        ]
      ],
      "objLayer": 0,
      "props": {}
    },
    "ft_t1_airfield_01_03_spawn_02": {
      "type": "Point",
      "tm": [
        [
          0.403037,
          0.0,
          0.915183
        ],
        [
          0.0,
          1.0,
          0.0
        ],
        [
          -0.915183,
          0.0,
          0.403037
        ],
        [
          27124.2,
          205.978,
          26919.6
        ]
      ],
      "objLayer": 0,
      "props": {}
    },
    "ft_t1_airfield_01_03_spawn_03": {
      "type": "Point",
      "tm": [
        [
          0.403037,
          0.0,
          0.915183
        ],
        [
          0.0,
          1.0,
          0.0
        ],
        [
          -0.915183,
          0.0,
          0.403037
        ],
        [
          29366.0,
          216.574,
          27238.7
        ]
      ],
      "objLayer": 0,
      "props": {}
    },
