{
  "selected_tag": "",
  "bin_dump_file": "",
  "mission_settings": {
    "player": {
      "army": 1
    },
    "player_teamB": {
      "army": 2
    },
    "mission": {
      "level": "levels/air_smolensk.bin",
      "type": "domination",
      "environment": "Day",
      "weather": "hazy",
      "restoreType": "attempts",
      "optionalTakeOff": false
    }
  },
  "imports": {},
  "triggers": {
    "isCategory": true,
    "is_enabled": true
  },
  "mission_objectives": {
    "isCategory": true,
    "is_enabled": true
  },
  "variables": {},
  "dialogs": {},
  "airfields": {},
  "effects": {},
  "units": {
    "objectGroups": [
      {
        "name": "bdt_t2_bomb_object_01",
        "tm": [
          [
            -0.717136,
            0.0,
            -0.696931
          ],
          [
            0.0,
            1.0,
            0.0
          ],
          [
            0.696931,
            0.0,
            -0.717136
          ],
          [
            -1761.67,
            528.549,
            -3251.96
          ]
        ],
        "unit_class": "dynBase_hq_camp_square",
        "objLayer": 2,
        "props": {
          "army": 2,
          "active": true
        }
      },
      {
        "name": "bdt_t2_bomb_object_02",
        "tm": [
          [
            -0.990151,
            0.0,
            -0.140021
          ],
          [
            0.0,
            1.0,
            0.0
          ],
          [
            0.140021,
            0.0,
            -0.990151
          ],
          [
            -8599.39,
            523.479,
            -784.976
          ]
        ],
        "unit_class": "dynBase_fuel_storage_square",
        "objLayer": 2,
        "props": {
          "army": 2,
          "active": true
        }
      },
      {
        "name": "bdt_t2_bomb_object_03",
        "tm": [
          [
            0.391523,
            0.0,
            -0.92017
          ],
          [
            0.0,
            1.0,
            0.0
          ],
          [
            0.92017,
            0.0,
            0.391523
          ],
          [
            -11893.7,
            455.426,
            -2636.81
          ]
        ],
        "unit_class": "dynBase_oil_storage_small_square",
        "objLayer": 2,
        "props": {
          "army": 2,
          "active": true
        }
      },
      {
        "name": "bdt_t1_bomb_object_01",
        "tm": [
          [
            -0.347988,
            0.0,
            -0.937498
          ],
          [
            0.0,
            1.0,
            0.0
          ],
          [
            0.937498,
            0.0,
            -0.347988
          ],
          [
            381.332,
            558.611,
            -13379.0
          ]
        ],
        "unit_class": "dynBase_fuel_storage_square",
        "objLayer": 2,
        "props": {
          "army": 1,
          "active": true
        }
      },
      {
        "name": "bdt_t1_bomb_object_02",
        "tm": [
          [
            0.376802,
            0.0,
            -0.926293
          ],
          [
            0.0,
            1.0,
            0.0
          ],
          [
            0.926293,
            0.0,
            0.376802
          ],
          [
            -1915.8,
            557.944,
            -12949.5
          ]
        ],
        "unit_class": "dynBase_small_factory_square",
        "objLayer": 2,
        "props": {
          "army": 1,
          "active": false
        }
      },
      {
        "name": "bdt_t1_bomb_object_03",
        "tm": [
          [
            0.471541,
            0.0,
            -0.881843
          ],
          [
            0.0,
            1.0,
            0.0
          ],
          [
            0.881843,
            0.0,
            0.471541
          ],
          [
            -9680.23,
            530.085,
            -14566.6
          ]
        ],
        "unit_class": "dynBase_oil_storage_small_square",
        "objLayer": 2,
        "props": {
          "army": 1,
          "active": false
        }
      },
      {
        "name": "bdt_t2_bomb_object_04",
        "tm": [
          [
            -0.187696,
            0.0,
            -0.982228
          ],
          [
            0.0,
            1.0,
            0.0
          ],
          [
            0.982228,
            0.0,
            -0.187696
          ],
          [
            -2020.86,
            542.416,
            -48.7195
          ]
        ],
        "unit_class": "dynBase_small_factory_square",
        "objLayer": 2,
        "props": {
          "army": 2,
          "active": true
        }
      },
      {
        "name": "bdt_t1_bomb_object_04",
        "tm": [
          [
            0.133068,
            0.0,
            -0.991108
          ],
          [
            0.0,
            1.0,
            0.0
          ],
          [
            0.991108,
            0.0,
            0.133068
          ],
          [
            -12152.3,
            509.996,
            -12972.1
          ]
        ],
        "unit_class": "dynBase_field_camp_square",
        "objLayer": 2,
        "props": {
          "army": 1,
          "active": false
        }
      },
      {
        "name": "bdt_t1_bomb_object_05",
        "tm": [
          [
            0.133068,
            0.0,
            -0.991108
          ],
          [
            0.0,
            1.0,
            0.0
          ],
          [
            0.991108,
            0.0,
            0.133068
          ],
          [
            -13640.6,
            599.543,
            -10535.7
          ]
        ],
        "unit_class": "dynBase_military_base_square",
        "objLayer": 2,
        "props": {
          "army": 1,
          "active": false
        }
      },
      {
        "name": "bdt_t1_bomb_object_06",
        "tm": [
          [
            0.133068,
            0.0,
            -0.991108
          ],
          [
            0.0,
            1.0,
            0.0
          ],
          [
            0.991108,
            0.0,
            0.133068
          ],
          [
            -12954.1,
            517.355,
            -15432.7
          ]
        ],
        "unit_class": "dynBase_oil_storage_large_square",
        "objLayer": 2,
        "props": {
          "army": 1,
          "active": false
        }
      },
      {
        "name": "bdt_t1_bomb_object_07",
        "tm": [
          [
            0.133068,
            0.0,
            -0.991108
          ],
          [
            0.0,
            1.0,
            0.0
          ],
          [
            0.991108,
            0.0,
            0.133068
          ],
          [
            -14336.2,
            407.082,
            -13222.7
          ]
        ],
        "unit_class": "dynBase_oil_storage_large_square",
        "objLayer": 2,
        "props": {
          "army": 1,
          "active": false
        }
      },
      {
        "name": "bdt_t1_bomb_object_08",
        "tm": [
          [
            -0.347988,
            0.0,
            -0.937498
          ],
          [
            0.0,
            1.0,
            0.0
          ],
          [
            0.937498,
            0.0,
            -0.347988
          ],
          [
            -425.31,
            555.991,
            -11282.5
          ]
        ],
        "unit_class": "dynBase_small_factory_square",
        "objLayer": 2,
        "props": {
          "army": 1,
          "active": true
        }
      },
      {
        "name": "bdt_t1_bomb_object_09",
        "tm": [
          [
            -0.347988,
            0.0,
            -0.937498
          ],
          [
            0.0,
            1.0,
            0.0
          ],
          [
            0.937498,
            0.0,
            -0.347988
          ],
          [
            -4891.49,
            546.866,
            -14753.7
          ]
        ],
        "unit_class": "dynBase_petrol_camp_square",
        "objLayer": 2,
        "props": {
          "army": 1,
          "active": true
        }
      },
      {
        "name": "bdt_t1_bomb_object_10",
        "tm": [
          [
            -0.347988,
            0.0,
            -0.937498
          ],
          [
            0.0,
            1.0,
            0.0
          ],
          [
            0.937498,
            0.0,
            -0.347988
          ],
          [
            -2164.59,
            620.832,
            -15556.5
          ]
        ],
        "unit_class": "dynBase_petrol_camp_square",
        "objLayer": 2,
        "props": {
          "army": 1,
          "active": true
        }
      },
      {
        "name": "bdt_t2_bomb_object_05",
        "tm": [
          [
            -0.187696,
            0.0,
            -0.982228
          ],
          [
            0.0,
            1.0,
            0.0
          ],
          [
            0.982228,
            0.0,
            -0.187696
          ],
          [
            606.918,
            440.078,
            -1849.45
          ]
        ],
        "unit_class": "dynBase_petrol_camp_square",
        "objLayer": 2,
        "props": {
          "army": 2,
          "active": true
        }
      },
      {
        "name": "bdt_t2_bomb_object_06",
        "tm": [
          [
            0.295194,
            0.0,
            -0.955439
          ],
          [
            0.0,
            1.0,
            0.0
          ],
          [
            0.955439,
            0.0,
            0.295194
          ],
          [
            -438.819,
            507.837,
            -5492.41
          ]
        ],
        "unit_class": "dynBase_military_base_square",
        "objLayer": 2,
        "props": {
          "army": 2,
          "active": true
        }
      },
      {
        "name": "bdt_t2_bomb_object_07",
        "tm": [
          [
            -0.187696,
            0.0,
            -0.982228
          ],
          [
            0.0,
            1.0,
            0.0
          ],
          [
            0.982228,
            0.0,
            -0.187696
          ],
          [
            -4895.25,
            506.095,
            -1247.63
          ]
        ],
        "unit_class": "dynBase_fuel_storage_square",
        "objLayer": 2,
        "props": {
          "army": 2,
          "active": true
        }
      },
      {
        "name": "bdt_t2_bomb_object_08",
        "tm": [
          [
            0.391523,
            0.0,
            -0.92017
          ],
          [
            0.0,
            1.0,
            0.0
          ],
          [
            0.92017,
            0.0,
            0.391523
          ],
          [
            -10414.5,
            492.083,
            888.919
          ]
        ],
        "unit_class": "dynBase_ammunition_storage_square",
        "objLayer": 2,
        "props": {
          "army": 2,
          "active": true
        }
      },
      {
        "name": "bdt_t2_bomb_object_09",
        "tm": [
          [
            0.391523,
            0.0,
            -0.92017
          ],
          [
            0.0,
            1.0,
            0.0
          ],
          [
            0.92017,
            0.0,
            0.391523
          ],
          [
            -14085.7,
            603.224,
            -4442.83
          ]
        ],
        "unit_class": "dynBase_field_camp_square",
        "objLayer": 2,
        "props": {
          "army": 2,
          "active": true
        }
      },
      {
        "name": "bdt_t2_bomb_object_10",
        "tm": [
          [
            0.391523,
            0.0,
            -0.92017
          ],
          [
            0.0,
            1.0,
            0.0
          ],
          [
            0.92017,
            0.0,
            0.391523
          ],
          [
            -13275.2,
            425.658,
            -360.5
          ]
        ],
        "unit_class": "dynBase_oil_storage_small_square",
        "objLayer": 2,
        "props": {
          "army": 2,
          "active": true
        }
      }
    ]
  },
  "areas": {
    "bdt_t2_bomb_zone_01": {
      "type": "Sphere",
      "tm": [
        [
          -322.712,
          0.0,
          -313.62
        ],
        [
          0.0,
          450.0,
          0.0
        ],
        [
          313.62,
          0.0,
          -322.712
        ],
        [
          -1764.67,
          529.109,
          -3245.56
        ]
      ],
      "objLayer": 0,
      "props": {}
    },
    "bdt_t2_bomb_zone_02": {
      "type": "Sphere",
      "tm": [
        [
          -285.937,
          0.0,
          -347.477
        ],
        [
          0.0,
          450.0,
          0.0
        ],
        [
          347.477,
          0.0,
          -285.937
        ],
        [
          -8590.38,
          521.859,
          -804.776
        ]
      ],
      "objLayer": 0,
      "props": {}
    },
    "bdt_t2_bomb_zone_03": {
      "type": "Sphere",
      "tm": [
        [
          176.183,
          0.0,
          -414.076
        ],
        [
          0.0,
          450.0,
          0.0
        ],
        [
          414.076,
          0.0,
          176.183
        ],
        [
          -11888.2,
          456.126,
          -2628.71
        ]
      ],
      "objLayer": 0,
      "props": {}
    },
    "bdt_t1_bomb_zone_01": {
      "type": "Sphere",
      "tm": [
        [
          -156.596,
          0.0,
          -421.874
        ],
        [
          0.0,
          450.0,
          0.0
        ],
        [
          421.874,
          0.0,
          -156.596
        ],
        [
          379.932,
          573.271,
          -13391.5
        ]
      ],
      "objLayer": 0,
      "props": {}
    },
    "bdt_t1_bomb_zone_02": {
      "type": "Sphere",
      "tm": [
        [
          75.3211,
          0.0,
          -443.651
        ],
        [
          0.0,
          450.0,
          0.0
        ],
        [
          443.651,
          0.0,
          75.3211
        ],
        [
          -1913.0,
          558.934,
          -12953.1
        ]
      ],
      "objLayer": 0,
      "props": {}
    },
    "bdt_t1_bomb_zone_03": {
      "type": "Sphere",
      "tm": [
        [
          45.226,
          0.0,
          -447.72
        ],
        [
          0.0,
          450.0,
          0.0
        ],
        [
          447.72,
          0.0,
          45.226
        ],
        [
          -9679.12,
          529.416,
          -14572.1
        ]
      ],
      "objLayer": 0,
      "props": {}
    },
    "bdt_t2_bomb_zone_04": {
      "type": "Sphere",
      "tm": [
        [
          -84.4642,
          0.0,
          -442.0
        ],
        [
          0.0,
          450.0,
          0.0
        ],
        [
          442.0,
          0.0,
          -84.4642
        ],
        [
          -2024.06,
          541.486,
          -56.0205
        ]
      ],
      "objLayer": 0,
      "props": {}
    },
    "bdt_t1_bomb_zone_04": {
      "type": "Sphere",
      "tm": [
        [
          45.226,
          0.0,
          -447.72
        ],
        [
          0.0,
          450.0,
          0.0
        ],
        [
          447.72,
          0.0,
          45.226
        ],
        [
          -12146.5,
          510.656,
          -12971.8
        ]
      ],
      "objLayer": 0,
      "props": {}
    },
    "bdt_t2_bomb_zone_01_aaa_point_01": {
      "type": "Point",
      "tm": [
        [
          -0.205491,
          0.0,
          -0.978658
        ],
        [
          0.0,
          1.0,
          0.0
        ],
        [
          0.978658,
          0.0,
          -0.205491
        ],
        [
          -1989.17,
          519.159,
          -3225.76
        ]
      ],
      "objLayer": 0,
      "props": {}
    },
    "bdt_t2_bomb_zone_01_aaa_point_02": {
      "type": "Point",
      "tm": [
        [
          -0.205491,
          0.0,
          -0.978658
        ],
        [
          0.0,
          1.0,
          0.0
        ],
        [
          0.978658,
          0.0,
          -0.205491
        ],
        [
          -1483.87,
          557.699,
          -3164.66
        ]
      ],
      "objLayer": 0,
      "props": {}
    },
    "bdt_t2_bomb_zone_01_aaa_point_03": {
      "type": "Point",
      "tm": [
        [
          -0.205491,
          0.0,
          -0.978658
        ],
        [
          0.0,
          1.0,
          0.0
        ],
        [
          0.978658,
          0.0,
          -0.205491
        ],
        [
          -1500.37,
          542.689,
          -3282.56
        ]
      ],
      "objLayer": 0,
      "props": {}
    },
    "bdt_t2_bomb_zone_01_aaa_point_04": {
      "type": "Point",
      "tm": [
        [
          -0.205491,
          0.0,
          -0.978658
        ],
        [
          0.0,
          1.0,
          0.0
        ],
        [
          0.978658,
          0.0,
          -0.205491
        ],
        [
          -1511.27,
          559.136,
          -3710.16
        ]
      ],
      "objLayer": 0,
      "props": {}
    },
    "bdt_t2_bomb_zone_02_aaa_point_01": {
      "type": "Point",
      "tm": [
        [
          -0.095681,
          0.0,
          -0.995411
        ],
        [
          0.0,
          1.0,
          0.0
        ],
        [
          0.995411,
          0.0,
          -0.095681
        ],
        [
          -8720.09,
          555.529,
          -592.774
        ]
      ],
      "objLayer": 0,
      "props": {}
    },
    "bdt_t2_bomb_zone_02_aaa_point_02": {
      "type": "Point",
      "tm": [
        [
          -0.095681,
          0.0,
          -0.995411
        ],
        [
          0.0,
          1.0,
          0.0
        ],
        [
          0.995411,
          0.0,
          -0.095681
        ],
        [
          -8277.34,
          585.779,
          -900.176
        ]
      ],
      "objLayer": 0,
      "props": {}
    },
    "bdt_t2_bomb_zone_02_aaa_point_03": {
      "type": "Point",
      "tm": [
        [
          -0.095681,
          0.0,
          -0.995411
        ],
        [
          0.0,
          1.0,
          0.0
        ],
        [
          0.995411,
          0.0,
          -0.095681
        ],
        [
          -8456.67,
          641.74,
          -559.173
        ]
      ],
      "objLayer": 0,
      "props": {}
    },
    "bdt_t2_bomb_zone_02_aaa_point_04": {
      "type": "Point",
      "tm": [
        [
          -0.095681,
          0.0,
          -0.995411
        ],
        [
          0.0,
          1.0,
          0.0
        ],
        [
          0.995411,
          0.0,
          -0.095681
        ],
        [
          -8651.0,
          495.0,
          -1026.08
        ]
      ],
      "objLayer": 0,
      "props": {}
    },
    "bdt_t2_bomb_zone_03_aaa_point_01": {
      "type": "Point",
      "tm": [
        [
          -0.095681,
          0.0,
          -0.995411
        ],
        [
          0.0,
          1.0,
          0.0
        ],
        [
          0.995411,
          0.0,
          -0.095681
        ],
        [
          -12185.4,
          529.506,
          -2649.31
        ]
      ],
      "objLayer": 0,
      "props": {}
    },
    "bdt_t2_bomb_zone_03_aaa_point_02": {
      "type": "Point",
      "tm": [
        [
          -0.095681,
          0.0,
          -0.995411
        ],
        [
          0.0,
          1.0,
          0.0
        ],
        [
          0.995411,
          0.0,
          -0.095681
        ],
        [
          -11629.0,
          358.886,
          -2764.51
        ]
      ],
      "objLayer": 0,
      "props": {}
    },
    "bdt_t2_bomb_zone_03_aaa_point_03": {
      "type": "Point",
      "tm": [
        [
          -0.095681,
          0.0,
          -0.995411
        ],
        [
          0.0,
          1.0,
          0.0
        ],
        [
          0.995411,
          0.0,
          -0.095681
        ],
        [
          -11617.5,
          444.976,
          -2457.31
        ]
      ],
      "objLayer": 0,
      "props": {}
    },
    "bdt_t2_bomb_zone_03_aaa_point_04": {
      "type": "Point",
      "tm": [
        [
          -0.095681,
          0.0,
          -0.995411
        ],
        [
          0.0,
          1.0,
          0.0
        ],
        [
          0.995411,
          0.0,
          -0.095681
        ],
        [
          -12114.0,
          496.026,
          -2431.21
        ]
      ],
      "objLayer": 0,
      "props": {}
    },
    "bdt_t2_bomb_zone_04_aaa_point_01": {
      "type": "Point",
      "tm": [
        [
          -0.205491,
          0.0,
          -0.978658
        ],
        [
          0.0,
          1.0,
          0.0
        ],
        [
          0.978658,
          0.0,
          -0.205491
        ],
        [
          -1847.46,
          542.806,
          -337.423
        ]
      ],
      "objLayer": 0,
      "props": {}
    },
    "bdt_t2_bomb_zone_04_aaa_point_02": {
      "type": "Point",
      "tm": [
        [
          -0.205491,
          0.0,
          -0.978658
        ],
        [
          0.0,
          1.0,
          0.0
        ],
        [
          0.978658,
          0.0,
          -0.205491
        ],
        [
          -1774.46,
          584.826,
          114.582
        ]
      ],
      "objLayer": 0,
      "props": {}
    },
    "bdt_t2_bomb_zone_04_aaa_point_03": {
      "type": "Point",
      "tm": [
        [
          -0.205491,
          0.0,
          -0.978658
        ],
        [
          0.0,
          1.0,
          0.0
        ],
        [
          0.978658,
          0.0,
          -0.205491
        ],
        [
          -2282.36,
          510.606,
          -121.819
        ]
      ],
      "objLayer": 0,
      "props": {}
    },
    "bdt_t2_bomb_zone_04_aaa_point_04": {
      "type": "Point",
      "tm": [
        [
          -0.205491,
          0.0,
          -0.978658
        ],
        [
          0.0,
          1.0,
          0.0
        ],
        [
          0.978658,
          0.0,
          -0.205491
        ],
        [
          -2206.46,
          531.056,
          110.478
        ]
      ],
      "objLayer": 0,
      "props": {}
    },
    "bdt_t1_bomb_zone_01_aaa_point_01": {
      "type": "Point",
      "tm": [
        [
          0.235074,
          0.0,
          -0.971978
        ],
        [
          0.0,
          1.0,
          0.0
        ],
        [
          0.971978,
          0.0,
          0.235074
        ],
        [
          448.532,
          683.481,
          -13636.9
        ]
      ],
      "objLayer": 0,
      "props": {}
    },
    "bdt_t1_bomb_zone_01_aaa_point_02": {
      "type": "Point",
      "tm": [
        [
          0.235074,
          0.0,
          -0.971978
        ],
        [
          0.0,
          1.0,
          0.0
        ],
        [
          0.971978,
          0.0,
          0.235074
        ],
        [
          381.532,
          545.841,
          -13138.5
        ]
      ],
      "objLayer": 0,
      "props": {}
    },
    "bdt_t1_bomb_zone_01_aaa_point_03": {
      "type": "Point",
      "tm": [
        [
          0.235074,
          0.0,
          -0.971978
        ],
        [
          0.0,
          1.0,
          0.0
        ],
        [
          0.971978,
          0.0,
          0.235074
        ],
        [
          148.132,
          477.091,
          -13417.8
        ]
      ],
      "objLayer": 0,
      "props": {}
    },
    "bdt_t1_bomb_zone_01_aaa_point_04": {
      "type": "Point",
      "tm": [
        [
          0.235074,
          0.0,
          -0.971978
        ],
        [
          0.0,
          1.0,
          0.0
        ],
        [
          0.971978,
          0.0,
          0.235074
        ],
        [
          220.732,
          420.581,
          -13201.1
        ]
      ],
      "objLayer": 0,
      "props": {}
    },
    "bdt_t1_bomb_zone_02_aaa_point_01": {
      "type": "Point",
      "tm": [
        [
          0.235074,
          0.0,
          -0.971978
        ],
        [
          0.0,
          1.0,
          0.0
        ],
        [
          0.971978,
          0.0,
          0.235074
        ],
        [
          -1689.3,
          632.354,
          -13105.1
        ]
      ],
      "objLayer": 0,
      "props": {}
    },
    "bdt_t1_bomb_zone_02_aaa_point_02": {
      "type": "Point",
      "tm": [
        [
          0.235074,
          0.0,
          -0.971978
        ],
        [
          0.0,
          1.0,
          0.0
        ],
        [
          0.971978,
          0.0,
          0.235074
        ],
        [
          -1685.9,
          625.284,
          -12815.0
        ]
      ],
      "objLayer": 0,
      "props": {}
    },
    "bdt_t1_bomb_zone_02_aaa_point_03": {
      "type": "Point",
      "tm": [
        [
          0.235074,
          0.0,
          -0.971978
        ],
        [
          0.0,
          1.0,
          0.0
        ],
        [
          0.971978,
          0.0,
          0.235074
        ],
        [
          -2361.4,
          525.834,
          -12995.5
        ]
      ],
      "objLayer": 0,
      "props": {}
    },
    "bdt_t1_bomb_zone_02_aaa_point_04": {
      "type": "Point",
      "tm": [
        [
          0.235074,
          0.0,
          -0.971978
        ],
        [
          0.0,
          1.0,
          0.0
        ],
        [
          0.971978,
          0.0,
          0.235074
        ],
        [
          -1954.5,
          573.484,
          -12626.6
        ]
      ],
      "objLayer": 0,
      "props": {}
    },
    "bdt_t1_bomb_zone_03_aaa_point_01": {
      "type": "Point",
      "tm": [
        [
          0.125822,
          0.0,
          -0.992053
        ],
        [
          0.0,
          1.0,
          0.0
        ],
        [
          0.992053,
          0.0,
          0.125822
        ],
        [
          -9934.64,
          566.205,
          -14400.6
        ]
      ],
      "objLayer": 0,
      "props": {}
    },
    "bdt_t1_bomb_zone_03_aaa_point_02": {
      "type": "Point",
      "tm": [
        [
          0.125822,
          0.0,
          -0.992053
        ],
        [
          0.0,
          1.0,
          0.0
        ],
        [
          0.992053,
          0.0,
          0.125822
        ],
        [
          -9470.16,
          528.656,
          -14694.6
        ]
      ],
      "objLayer": 0,
      "props": {}
    },
    "bdt_t1_bomb_zone_03_aaa_point_03": {
      "type": "Point",
      "tm": [
        [
          0.125822,
          0.0,
          -0.992053
        ],
        [
          0.0,
          1.0,
          0.0
        ],
        [
          0.992053,
          0.0,
          0.125822
        ],
        [
          -9438.26,
          519.556,
          -14416.5
        ]
      ],
      "objLayer": 0,
      "props": {}
    },
    "bdt_t1_bomb_zone_03_aaa_point_04": {
      "type": "Point",
      "tm": [
        [
          0.125822,
          0.0,
          -0.992053
        ],
        [
          0.0,
          1.0,
          0.0
        ],
        [
          0.992053,
          0.0,
          0.125822
        ],
        [
          -9832.38,
          553.245,
          -14783.3
        ]
      ],
      "objLayer": 0,
      "props": {}
    },
    "bdt_t1_bomb_zone_04_aaa_point_01": {
      "type": "Point",
      "tm": [
        [
          0.125822,
          0.0,
          -0.992053
        ],
        [
          0.0,
          1.0,
          0.0
        ],
        [
          0.992053,
          0.0,
          0.125822
        ],
        [
          -12243.4,
          542.416,
          -13273.4
        ]
      ],
      "objLayer": 0,
      "props": {}
    },
    "bdt_t1_bomb_zone_04_aaa_point_02": {
      "type": "Point",
      "tm": [
        [
          0.125822,
          0.0,
          -0.992053
        ],
        [
          0.0,
          1.0,
          0.0
        ],
        [
          0.992053,
          0.0,
          0.125822
        ],
        [
          -11953.6,
          525.356,
          -13135.1
        ]
      ],
      "objLayer": 0,
      "props": {}
    },
    "bdt_t1_bomb_zone_04_aaa_point_03": {
      "type": "Point",
      "tm": [
        [
          0.125822,
          0.0,
          -0.992053
        ],
        [
          0.0,
          1.0,
          0.0
        ],
        [
          0.992053,
          0.0,
          0.125822
        ],
        [
          -12435.8,
          532.586,
          -13002.4
        ]
      ],
      "objLayer": 0,
      "props": {}
    },
    "bdt_t1_bomb_zone_04_aaa_point_04": {
      "type": "Point",
      "tm": [
        [
          0.125822,
          0.0,
          -0.992053
        ],
        [
          0.0,
          1.0,
          0.0
        ],
        [
          0.992053,
          0.0,
          0.125822
        ],
        [
          -11896.1,
          546.466,
          -12782.5
        ]
      ],
      "objLayer": 0,
      "props": {}
    },
    "bdt_t1_bomb_zone_05": {
      "type": "Sphere",
      "tm": [
        [
          45.226,
          0.0,
          -447.72
        ],
        [
          0.0,
          450.0,
          0.0
        ],
        [
          447.72,
          0.0,
          45.226
        ],
        [
          -13634.7,
          599.273,
          -10535.3
        ]
      ],
      "objLayer": 0,
      "props": {}
    },
    "bdt_t1_bomb_zone_06": {
      "type": "Sphere",
      "tm": [
        [
          45.226,
          0.0,
          -447.72
        ],
        [
          0.0,
          450.0,
          0.0
        ],
        [
          447.72,
          0.0,
          45.226
        ],
        [
          -12948.3,
          517.365,
          -15432.3
        ]
      ],
      "objLayer": 0,
      "props": {}
    },
    "bdt_t1_bomb_zone_07": {
      "type": "Sphere",
      "tm": [
        [
          45.226,
          0.0,
          -447.72
        ],
        [
          0.0,
          450.0,
          0.0
        ],
        [
          447.72,
          0.0,
          45.226
        ],
        [
          -14330.3,
          404.992,
          -13222.4
        ]
      ],
      "objLayer": 0,
      "props": {}
    },
    "bdt_t1_bomb_zone_08": {
      "type": "Sphere",
      "tm": [
        [
          -156.596,
          0.0,
          -421.874
        ],
        [
          0.0,
          450.0,
          0.0
        ],
        [
          421.874,
          0.0,
          -156.596
        ],
        [
          -426.709,
          559.32,
          -11295.1
        ]
      ],
      "objLayer": 0,
      "props": {}
    },
    "bdt_t1_bomb_zone_09": {
      "type": "Sphere",
      "tm": [
        [
          -156.596,
          0.0,
          -421.874
        ],
        [
          0.0,
          450.0,
          0.0
        ],
        [
          421.874,
          0.0,
          -156.596
        ],
        [
          -4892.95,
          547.156,
          -14766.0
        ]
      ],
      "objLayer": 0,
      "props": {}
    },
    "bdt_t1_bomb_zone_10": {
      "type": "Sphere",
      "tm": [
        [
          -156.596,
          0.0,
          -421.874
        ],
        [
          0.0,
          450.0,
          0.0
        ],
        [
          421.874,
          0.0,
          -156.596
        ],
        [
          -2166.09,
          621.632,
          -15569.1
        ]
      ],
      "objLayer": 0,
      "props": {}
    },
    "bdt_t1_bomb_zone_05_aaa_point_01": {
      "type": "Point",
      "tm": [
        [
          0.125822,
          0.0,
          -0.992053
        ],
        [
          0.0,
          1.0,
          0.0
        ],
        [
          0.992053,
          0.0,
          0.125822
        ],
        [
          -13646.5,
          588.223,
          -10261.6
        ]
      ],
      "objLayer": 0,
      "props": {}
    },
    "bdt_t1_bomb_zone_05_aaa_point_02": {
      "type": "Point",
      "tm": [
        [
          0.125822,
          0.0,
          -0.992053
        ],
        [
          0.0,
          1.0,
          0.0
        ],
        [
          0.992053,
          0.0,
          0.125822
        ],
        [
          -13742.0,
          599.173,
          -10422.8
        ]
      ],
      "objLayer": 0,
      "props": {}
    },
    "bdt_t1_bomb_zone_05_aaa_point_03": {
      "type": "Point",
      "tm": [
        [
          0.125822,
          0.0,
          -0.992053
        ],
        [
          0.0,
          1.0,
          0.0
        ],
        [
          0.992053,
          0.0,
          0.125822
        ],
        [
          -13633.4,
          611.363,
          -10823.1
        ]
      ],
      "objLayer": 0,
      "props": {}
    },
    "bdt_t1_bomb_zone_05_aaa_point_04": {
      "type": "Point",
      "tm": [
        [
          0.125822,
          0.0,
          -0.992053
        ],
        [
          0.0,
          1.0,
          0.0
        ],
        [
          0.992053,
          0.0,
          0.125822
        ],
        [
          -13424.4,
          590.163,
          -10716.4
        ]
      ],
      "objLayer": 0,
      "props": {}
    },
    "bdt_t1_bomb_zone_06_aaa_point_01": {
      "type": "Point",
      "tm": [
        [
          0.125822,
          0.0,
          -0.992053
        ],
        [
          0.0,
          1.0,
          0.0
        ],
        [
          0.992053,
          0.0,
          0.125822
        ],
        [
          -13254.0,
          518.598,
          -15289.7
        ]
      ],
      "objLayer": 0,
      "props": {}
    },
    "bdt_t1_bomb_zone_06_aaa_point_02": {
      "type": "Point",
      "tm": [
        [
          0.125822,
          0.0,
          -0.992053
        ],
        [
          0.0,
          1.0,
          0.0
        ],
        [
          0.992053,
          0.0,
          0.125822
        ],
        [
          -13049.2,
          517.31,
          -15123.8
        ]
      ],
      "objLayer": 0,
      "props": {}
    },
    "bdt_t1_bomb_zone_06_aaa_point_03": {
      "type": "Point",
      "tm": [
        [
          0.125822,
          0.0,
          -0.992053
        ],
        [
          0.0,
          1.0,
          0.0
        ],
        [
          0.992053,
          0.0,
          0.125822
        ],
        [
          -12640.5,
          517.222,
          -15403.5
        ]
      ],
      "objLayer": 0,
      "props": {}
    },
    "bdt_t1_bomb_zone_06_aaa_point_04": {
      "type": "Point",
      "tm": [
        [
          0.125822,
          0.0,
          -0.992053
        ],
        [
          0.0,
          1.0,
          0.0
        ],
        [
          0.992053,
          0.0,
          0.125822
        ],
        [
          -13044.1,
          517.67,
          -15714.1
        ]
      ],
      "objLayer": 0,
      "props": {}
    },
    "bdt_t1_bomb_zone_07_aaa_point_01": {
      "type": "Point",
      "tm": [
        [
          0.125822,
          0.0,
          -0.992053
        ],
        [
          0.0,
          1.0,
          0.0
        ],
        [
          0.992053,
          0.0,
          0.125822
        ],
        [
          -14052.0,
          290.622,
          -13337.7
        ]
      ],
      "objLayer": 0,
      "props": {}
    },
    "bdt_t1_bomb_zone_07_aaa_point_02": {
      "type": "Point",
      "tm": [
        [
          0.125822,
          0.0,
          -0.992053
        ],
        [
          0.0,
          1.0,
          0.0
        ],
        [
          0.992053,
          0.0,
          0.125822
        ],
        [
          -14650.7,
          567.472,
          -13084.6
        ]
      ],
      "objLayer": 0,
      "props": {}
    },
    "bdt_t1_bomb_zone_07_aaa_point_03": {
      "type": "Point",
      "tm": [
        [
          0.125822,
          0.0,
          -0.992053
        ],
        [
          0.0,
          1.0,
          0.0
        ],
        [
          0.992053,
          0.0,
          0.125822
        ],
        [
          -14447.6,
          394.702,
          -13537.3
        ]
      ],
      "objLayer": 0,
      "props": {}
    },
    "bdt_t1_bomb_zone_07_aaa_point_04": {
      "type": "Point",
      "tm": [
        [
          0.125822,
          0.0,
          -0.992053
        ],
        [
          0.0,
          1.0,
          0.0
        ],
        [
          0.992053,
          0.0,
          0.125822
        ],
        [
          -14004.6,
          265.862,
          -12987.2
        ]
      ],
      "objLayer": 0,
      "props": {}
    },
    "bdt_t1_bomb_zone_08_aaa_point_01": {
      "type": "Point",
      "tm": [
        [
          0.235074,
          0.0,
          -0.971978
        ],
        [
          0.0,
          1.0,
          0.0
        ],
        [
          0.971978,
          0.0,
          0.235074
        ],
        [
          -152.507,
          602.841,
          -11149.0
        ]
      ],
      "objLayer": 0,
      "props": {}
    },
    "bdt_t1_bomb_zone_08_aaa_point_02": {
      "type": "Point",
      "tm": [
        [
          0.235074,
          0.0,
          -0.971978
        ],
        [
          0.0,
          1.0,
          0.0
        ],
        [
          0.971978,
          0.0,
          0.235074
        ],
        [
          -603.609,
          533.871,
          -11045.4
        ]
      ],
      "objLayer": 0,
      "props": {}
    },
    "bdt_t1_bomb_zone_08_aaa_point_03": {
      "type": "Point",
      "tm": [
        [
          0.235074,
          0.0,
          -0.971978
        ],
        [
          0.0,
          1.0,
          0.0
        ],
        [
          0.971978,
          0.0,
          0.235074
        ],
        [
          -755.107,
          553.82,
          -11437.4
        ]
      ],
      "objLayer": 0,
      "props": {}
    },
    "bdt_t1_bomb_zone_08_aaa_point_04": {
      "type": "Point",
      "tm": [
        [
          0.235074,
          0.0,
          -0.971978
        ],
        [
          0.0,
          1.0,
          0.0
        ],
        [
          0.971978,
          0.0,
          0.235074
        ],
        [
          -357.107,
          699.931,
          -11558.1
        ]
      ],
      "objLayer": 0,
      "props": {}
    },
    "bdt_t1_bomb_zone_09_aaa_point_01": {
      "type": "Point",
      "tm": [
        [
          0.235074,
          0.0,
          -0.971978
        ],
        [
          0.0,
          1.0,
          0.0
        ],
        [
          0.971978,
          0.0,
          0.235074
        ],
        [
          -4915.11,
          546.856,
          -14318.7
        ]
      ],
      "objLayer": 0,
      "props": {}
    },
    "bdt_t1_bomb_zone_09_aaa_point_02": {
      "type": "Point",
      "tm": [
        [
          0.235074,
          0.0,
          -0.971978
        ],
        [
          0.0,
          1.0,
          0.0
        ],
        [
          0.971978,
          0.0,
          0.235074
        ],
        [
          -5285.19,
          538.336,
          -14645.8
        ]
      ],
      "objLayer": 0,
      "props": {}
    },
    "bdt_t1_bomb_zone_09_aaa_point_03": {
      "type": "Point",
      "tm": [
        [
          0.235074,
          0.0,
          -0.971978
        ],
        [
          0.0,
          1.0,
          0.0
        ],
        [
          0.971978,
          0.0,
          0.235074
        ],
        [
          -4428.81,
          552.546,
          -14586.5
        ]
      ],
      "objLayer": 0,
      "props": {}
    },
    "bdt_t1_bomb_zone_09_aaa_point_04": {
      "type": "Point",
      "tm": [
        [
          0.235074,
          0.0,
          -0.971978
        ],
        [
          0.0,
          1.0,
          0.0
        ],
        [
          0.971978,
          0.0,
