{
  "selected_tag": "",
  "bin_dump_file": "",
  "mission_settings": {
    "player": {
      "army": 1
    },
    "player_teamB": {
      "army": 2
    },
    "mission": {
      "level": "levels/air_smolensk.bin",
      "type": "domination",
      "environment": "Day",
      "weather": "hazy",
      "restoreType": "attempts",
      "optionalTakeOff": false
    }
  },
  "imports": {},
  "triggers": {
    "isCategory": true,
    "is_enabled": true
  },
  "mission_objectives": {
    "isCategory": true,
    "is_enabled": true
  },
  "variables": {},
  "dialogs": {},
  "airfields": {},
  "effects": {},
  "units": {
    "objectGroups": [
      {
        "name": "bdt_t2_bomb_object_01",
        "tm": [
          [
            -0.717136,
            0.0,
            -0.69693
          ],
          [
            0.0,
            1.0,
            0.0
          ],
          [
            0.69693,
            0.0,
            -0.717136
          ],
          [
            -4180.41,
            497.142,
            1055.88
          ]
        ],
        "unit_class": "dynBase_hq_camp_square",
        "objLayer": 2,
        "props": {
          "army": 2,
          "active": true
        }
      },
      {
        "name": "bdt_t2_bomb_object_02",
        "tm": [
          [
            -0.990151,
            0.0,
            -0.140022
          ],
          [
            0.0,
            1.0,
            0.0
          ],
          [
            0.140022,
            0.0,
            -0.990151
          ],
          [
            -13023.2,
            405.912,
            -223.082
          ]
        ],
        "unit_class": "dynBase_fuel_storage_square",
        "objLayer": 2,
        "props": {
          "army": 2,
          "active": true
        }
      },
      {
        "name": "bdt_t2_bomb_object_03",
        "tm": [
          [
            0.391523,
            0.0,
            -0.92017
          ],
          [
            0.0,
            1.0,
            0.0
          ],
          [
            0.92017,
            0.0,
            0.391523
          ],
          [
            -15293.1,
            478.79,
            -2988.05
          ]
        ],
        "unit_class": "dynBase_oil_storage_small_square",
        "objLayer": 2,
        "props": {
          "army": 2,
          "active": true
        }
      },
      {
        "name": "bdt_t1_bomb_object_01",
        "tm": [
          [
            -0.347989,
            0.0,
            -0.937498
          ],
          [
            0.0,
            1.0,
            0.0
          ],
          [
            0.937498,
            0.0,
            -0.347989
          ],
          [
            -1272.91,
            586.45,
            -18867.6
          ]
        ],
        "unit_class": "dynBase_fuel_storage_square",
        "objLayer": 2,
        "props": {
          "army": 1,
          "active": true
        }
      },
      {
        "name": "bdt_t1_bomb_object_02",
        "tm": [
          [
            0.376802,
            0.0,
            -0.926293
          ],
          [
            0.0,
            1.0,
            0.0
          ],
          [
            0.926293,
            0.0,
            0.376802
          ],
          [
            516.319,
            573.748,
            -13363.6
          ]
        ],
        "unit_class": "dynBase_small_factory_square",
        "objLayer": 2,
        "props": {
          "army": 1,
          "active": false
        }
      },
      {
        "name": "bdt_t1_bomb_object_03",
        "tm": [
          [
            0.471541,
            0.0,
            -0.881843
          ],
          [
            0.0,
            1.0,
            0.0
          ],
          [
            0.881843,
            0.0,
            0.471541
          ],
          [
            -9942.17,
            522.023,
            -16695.6
          ]
        ],
        "unit_class": "dynBase_oil_storage_small_square",
        "objLayer": 2,
        "props": {
          "army": 1,
          "active": false
        }
      },
      {
        "name": "bdt_t2_bomb_object_04",
        "tm": [
          [
            -0.187697,
            0.0,
            -0.982227
          ],
          [
            0.0,
            1.0,
            0.0
          ],
          [
            0.982227,
            0.0,
            -0.187697
          ],
          [
            -44.2477,
            493.53,
            2592.1
          ]
        ],
        "unit_class": "dynBase_small_factory_square",
        "objLayer": 2,
        "props": {
          "army": 2,
          "active": true
        }
      },
      {
        "name": "bdt_t1_bomb_object_04",
        "tm": [
          [
            0.133067,
            0.0,
            -0.991108
          ],
          [
            0.0,
            1.0,
            0.0
          ],
          [
            0.991108,
            0.0,
            0.133067
          ],
          [
            -15862.4,
            553.039,
            -11823.1
          ]
        ],
        "unit_class": "dynBase_field_camp_square",
        "objLayer": 2,
        "props": {
          "army": 1,
          "active": false
        }
      },
      {
        "name": "bdt_t1_bomb_object_05",
        "tm": [
          [
            0.133067,
            0.0,
            -0.991108
          ],
          [
            0.0,
            1.0,
            0.0
          ],
          [
            0.991108,
            0.0,
            0.133067
          ],
          [
            -13789.9,
            436.988,
            -14045.4
          ]
        ],
        "unit_class": "dynBase_military_base_square",
        "objLayer": 2,
        "props": {
          "army": 1,
          "active": false
        }
      },
      {
        "name": "bdt_t1_bomb_object_06",
        "tm": [
          [
            0.133067,
            0.0,
            -0.991108
          ],
          [
            0.0,
            1.0,
            0.0
          ],
          [
            0.991108,
            0.0,
            0.133067
          ],
          [
            -13221.2,
            544.738,
            -18475.3
          ]
        ],
        "unit_class": "dynBase_oil_storage_large_square",
        "objLayer": 2,
        "props": {
          "army": 1,
          "active": false
        }
      },
      {
        "name": "bdt_t1_bomb_object_07",
        "tm": [
          [
            0.133067,
            0.0,
            -0.991108
          ],
          [
            0.0,
            1.0,
            0.0
          ],
          [
            0.991108,
            0.0,
            0.133067
          ],
          [
            -17597.3,
            339.787,
            -14317.8
          ]
        ],
        "unit_class": "dynBase_oil_storage_large_square",
        "objLayer": 2,
        "props": {
          "army": 1,
          "active": false
        }
      },
      {
        "name": "bdt_t1_bomb_object_08",
        "tm": [
          [
            -0.347989,
            0.0,
            -0.937498
          ],
          [
            0.0,
            1.0,
            0.0
          ],
          [
            0.937498,
            0.0,
            -0.347989
          ],
          [
            -1630.67,
            602.799,
            -15414.8
          ]
        ],
        "unit_class": "dynBase_small_factory_square",
        "objLayer": 2,
        "props": {
          "army": 1,
          "active": true
        }
      },
      {
        "name": "bdt_t1_bomb_object_09",
        "tm": [
          [
            -0.347989,
            0.0,
            -0.937498
          ],
          [
            0.0,
            1.0,
            0.0
          ],
          [
            0.937498,
            0.0,
            -0.347989
          ],
          [
            -5368.13,
            584.855,
            -17382.4
          ]
        ],
        "unit_class": "dynBase_petrol_camp_square",
        "objLayer": 2,
        "props": {
          "army": 1,
          "active": true
        }
      },
      {
        "name": "bdt_t1_bomb_object_10",
        "tm": [
          [
            -0.347989,
            0.0,
            -0.937498
          ],
          [
            0.0,
            1.0,
            0.0
          ],
          [
            0.937498,
            0.0,
            -0.347989
          ],
          [
            2835.98,
            519.314,
            -15574.7
          ]
        ],
        "unit_class": "dynBase_petrol_camp_square",
        "objLayer": 2,
        "props": {
          "army": 1,
          "active": true
        }
      },
      {
        "name": "bdt_t2_bomb_object_05",
        "tm": [
          [
            -0.187697,
            0.0,
            -0.982227
          ],
          [
            0.0,
            1.0,
            0.0
          ],
          [
            0.982227,
            0.0,
            -0.187697
          ],
          [
            3008.29,
            387.526,
            412.094
          ]
        ],
        "unit_class": "dynBase_petrol_camp_square",
        "objLayer": 2,
        "props": {
          "army": 2,
          "active": true
        }
      },
      {
        "name": "bdt_t2_bomb_object_06",
        "tm": [
          [
            0.295193,
            0.0,
            -0.955438
          ],
          [
            0.0,
            1.0,
            0.0
          ],
          [
            0.955438,
            0.0,
            0.295193
          ],
          [
            1917.68,
            867.048,
            -4106.23
          ]
        ],
        "unit_class": "dynBase_military_base_square",
        "objLayer": 2,
        "props": {
          "army": 2,
          "active": true
        }
      },
      {
        "name": "bdt_t2_bomb_object_07",
        "tm": [
          [
            -0.187697,
            0.0,
            -0.982227
          ],
          [
            0.0,
            1.0,
            0.0
          ],
          [
            0.982227,
            0.0,
            -0.187697
          ],
          [
            -750.112,
            493.203,
            -1154.4
          ]
        ],
        "unit_class": "dynBase_fuel_storage_square",
        "objLayer": 2,
        "props": {
          "army": 2,
          "active": true
        }
      },
      {
        "name": "bdt_t2_bomb_object_08",
        "tm": [
          [
            0.391523,
            0.0,
            -0.92017
          ],
          [
            0.0,
            1.0,
            0.0
          ],
          [
            0.92017,
            0.0,
            0.391523
          ],
          [
            -13274.3,
            216.801,
            2424.59
          ]
        ],
        "unit_class": "dynBase_ammunition_storage_square",
        "objLayer": 2,
        "props": {
          "army": 2,
          "active": true
        }
      },
      {
        "name": "bdt_t2_bomb_object_09",
        "tm": [
          [
            0.391523,
            0.0,
            -0.92017
          ],
          [
            0.0,
            1.0,
            0.0
          ],
          [
            0.92017,
            0.0,
            0.391523
          ],
          [
            -16178.3,
            481.846,
            -340.343
          ]
        ],
        "unit_class": "dynBase_field_camp_square",
        "objLayer": 2,
        "props": {
          "army": 2,
          "active": true
        }
      },
      {
        "name": "bdt_t2_bomb_object_10",
        "tm": [
          [
            0.391523,
            0.0,
            -0.92017
          ],
          [
            0.0,
            1.0,
            0.0
          ],
          [
            0.92017,
            0.0,
            0.391523
          ],
          [
            -9472.85,
            492.59,
            1029.68
          ]
        ],
        "unit_class": "dynBase_oil_storage_small_square",
        "objLayer": 2,
        "props": {
          "army": 2,
          "active": true
        }
      }
    ]
  },
  "areas": {
    "bdt_t2_bomb_zone_01": {
      "type": "Sphere",
      "tm": [
        [
          -322.712,
          0.0,
          -313.621
        ],
        [
          0.0,
          450.0,
          0.0
        ],
        [
          313.621,
          0.0,
          -322.712
        ],
        [
          -4183.33,
          498.922,
          1062.32
        ]
      ],
      "objLayer": 0,
      "props": {}
    },
    "bdt_t2_bomb_zone_02": {
      "type": "Sphere",
      "tm": [
        [
          -285.938,
          0.0,
          -347.477
        ],
        [
          0.0,
          450.0,
          0.0
        ],
        [
          347.477,
          0.0,
          -285.938
        ],
        [
          -13014.1,
          393.832,
          -242.746
        ]
      ],
      "objLayer": 0,
      "props": {}
    },
    "bdt_t2_bomb_zone_03": {
      "type": "Sphere",
      "tm": [
        [
          176.184,
          0.0,
          -414.076
        ],
        [
          0.0,
          450.0,
          0.0
        ],
        [
          414.076,
          0.0,
          176.184
        ],
        [
          -15287.5,
          478.28,
          -2979.91
        ]
      ],
      "objLayer": 0,
      "props": {}
    },
    "bdt_t1_bomb_zone_01": {
      "type": "Sphere",
      "tm": [
        [
          -156.597,
          0.0,
          -421.873
        ],
        [
          0.0,
          450.0,
          0.0
        ],
        [
          421.873,
          0.0,
          -156.597
        ],
        [
          -1274.2,
          586.49,
          -18880.4
        ]
      ],
      "objLayer": 0,
      "props": {}
    },
    "bdt_t1_bomb_zone_02": {
      "type": "Sphere",
      "tm": [
        [
          75.3216,
          0.0,
          -443.651
        ],
        [
          0.0,
          450.0,
          0.0
        ],
        [
          443.651,
          0.0,
          75.3216
        ],
        [
          519.13,
          574.148,
          -13367.4
        ]
      ],
      "objLayer": 0,
      "props": {}
    },
    "bdt_t1_bomb_zone_03": {
      "type": "Sphere",
      "tm": [
        [
          45.2257,
          0.0,
          -447.72
        ],
        [
          0.0,
          450.0,
          0.0
        ],
        [
          447.72,
          0.0,
          45.2257
        ],
        [
          -9941.07,
          521.893,
          -16701.2
        ]
      ],
      "objLayer": 0,
      "props": {}
    },
    "bdt_t2_bomb_zone_04": {
      "type": "Sphere",
      "tm": [
        [
          -84.4637,
          0.0,
          -442.0
        ],
        [
          0.0,
          450.0,
          0.0
        ],
        [
          442.0,
          0.0,
          -84.4637
        ],
        [
          -47.4677,
          490.699,
          2584.83
        ]
      ],
      "objLayer": 0,
      "props": {}
    },
    "bdt_t1_bomb_zone_04": {
      "type": "Sphere",
      "tm": [
        [
          45.2257,
          0.0,
          -447.72
        ],
        [
          0.0,
          450.0,
          0.0
        ],
        [
          447.72,
          0.0,
          45.2257
        ],
        [
          -15856.8,
          553.009,
          -11822.9
        ]
      ],
      "objLayer": 0,
      "props": {}
    },
    "bdt_t2_bomb_zone_01_aaa_point_01": {
      "type": "Point",
      "tm": [
        [
          -0.205492,
          0.0,
          -0.978658
        ],
        [
          0.0,
          1.0,
          0.0
        ],
        [
          0.978658,
          0.0,
          -0.205492
        ],
        [
          -4407.9,
          489.282,
          1082.11
        ]
      ],
      "objLayer": 0,
      "props": {}
    },
    "bdt_t2_bomb_zone_01_aaa_point_02": {
      "type": "Point",
      "tm": [
        [
          -0.205492,
          0.0,
          -0.978658
        ],
        [
          0.0,
          1.0,
          0.0
        ],
        [
          0.978658,
          0.0,
          -0.205492
        ],
        [
          -3902.5,
          542.952,
          1143.23
        ]
      ],
      "objLayer": 0,
      "props": {}
    },
    "bdt_t2_bomb_zone_01_aaa_point_03": {
      "type": "Point",
      "tm": [
        [
          -0.205492,
          0.0,
          -0.978658
        ],
        [
          0.0,
          1.0,
          0.0
        ],
        [
          0.978658,
          0.0,
          -0.205492
        ],
        [
          -3919.02,
          505.102,
          1025.36
        ]
      ],
      "objLayer": 0,
      "props": {}
    },
    "bdt_t2_bomb_zone_01_aaa_point_04": {
      "type": "Point",
      "tm": [
        [
          -0.205492,
          0.0,
          -0.978658
        ],
        [
          0.0,
          1.0,
          0.0
        ],
        [
          0.978658,
          0.0,
          -0.205492
        ],
        [
          -4355.8,
          473.862,
          615.077
        ]
      ],
      "objLayer": 0,
      "props": {}
    },
    "bdt_t2_bomb_zone_02_aaa_point_01": {
      "type": "Point",
      "tm": [
        [
          -0.0956818,
          0.0,
          -0.99541
        ],
        [
          0.0,
          1.0,
          0.0
        ],
        [
          0.99541,
          0.0,
          -0.0956818
        ],
        [
          -13143.8,
          503.042,
          -30.7492
        ]
      ],
      "objLayer": 0,
      "props": {}
    },
    "bdt_t2_bomb_zone_02_aaa_point_02": {
      "type": "Point",
      "tm": [
        [
          -0.0956818,
          0.0,
          -0.99541
        ],
        [
          0.0,
          1.0,
          0.0
        ],
        [
          0.99541,
          0.0,
          -0.0956818
        ],
        [
          -12701.1,
          233.222,
          -338.233
        ]
      ],
      "objLayer": 0,
      "props": {}
    },
    "bdt_t2_bomb_zone_02_aaa_point_03": {
      "type": "Point",
      "tm": [
        [
          -0.0956818,
          0.0,
          -0.99541
        ],
        [
          0.0,
          1.0,
          0.0
        ],
        [
          0.99541,
          0.0,
          -0.0956818
        ],
        [
          -12880.5,
          393.832,
          2.77478
        ]
      ],
      "objLayer": 0,
      "props": {}
    },
    "bdt_t2_bomb_zone_02_aaa_point_04": {
      "type": "Point",
      "tm": [
        [
          -0.0956818,
          0.0,
          -0.99541
        ],
        [
          0.0,
          1.0,
          0.0
        ],
        [
          0.99541,
          0.0,
          -0.0956818
        ],
        [
          -13074.7,
          351.382,
          -464.053
        ]
      ],
      "objLayer": 0,
      "props": {}
    },
    "bdt_t2_bomb_zone_03_aaa_point_01": {
      "type": "Point",
      "tm": [
        [
          -0.0956818,
          0.0,
          -0.99541
        ],
        [
          0.0,
          1.0,
          0.0
        ],
        [
          0.99541,
          0.0,
          -0.0956818
        ],
        [
          -15584.8,
          474.3,
          -3000.5
        ]
      ],
      "objLayer": 0,
      "props": {}
    },
    "bdt_t2_bomb_zone_03_aaa_point_02": {
      "type": "Point",
      "tm": [
        [
          -0.0956818,
          0.0,
          -0.99541
        ],
        [
          0.0,
          1.0,
          0.0
        ],
        [
          0.99541,
          0.0,
          -0.0956818
        ],
        [
          -15028.4,
          341.77,
          -3115.75
        ]
      ],
      "objLayer": 0,
      "props": {}
    },
    "bdt_t2_bomb_zone_03_aaa_point_03": {
      "type": "Point",
      "tm": [
        [
          -0.0956818,
          0.0,
          -0.99541
        ],
        [
          0.0,
          1.0,
          0.0
        ],
        [
          0.99541,
          0.0,
          -0.0956818
        ],
        [
          -15016.9,
          412.18,
          -2808.54
        ]
      ],
      "objLayer": 0,
      "props": {}
    },
    "bdt_t2_bomb_zone_03_aaa_point_04": {
      "type": "Point",
      "tm": [
        [
          -0.0956818,
          0.0,
          -0.99541
        ],
        [
          0.0,
          1.0,
          0.0
        ],
        [
          0.99541,
          0.0,
          -0.0956818
        ],
        [
          -15513.4,
          513.6,
          -2782.45
        ]
      ],
      "objLayer": 0,
      "props": {}
    },
    "bdt_t2_bomb_zone_04_aaa_point_01": {
      "type": "Point",
      "tm": [
        [
          -0.205492,
          0.0,
          -0.978658
        ],
        [
          0.0,
          1.0,
          0.0
        ],
        [
          0.978658,
          0.0,
          -0.205492
        ],
        [
          129.058,
          424.469,
          2303.32
        ]
      ],
      "objLayer": 0,
      "props": {}
    },
    "bdt_t2_bomb_zone_04_aaa_point_02": {
      "type": "Point",
      "tm": [
        [
          -0.205492,
          0.0,
          -0.978658
        ],
        [
          0.0,
          1.0,
          0.0
        ],
        [
          0.978658,
          0.0,
          -0.205492
        ],
        [
          202.055,
          537.459,
          2755.36
        ]
      ],
      "objLayer": 0,
      "props": {}
    },
    "bdt_t2_bomb_zone_04_aaa_point_03": {
      "type": "Point",
      "tm": [
        [
          -0.205492,
          0.0,
          -0.978658
        ],
        [
          0.0,
          1.0,
          0.0
        ],
        [
          0.978658,
          0.0,
          -0.205492
        ],
        [
          -305.777,
          481.619,
          2518.98
        ]
      ],
      "objLayer": 0,
      "props": {}
    },
    "bdt_t2_bomb_zone_04_aaa_point_04": {
      "type": "Point",
      "tm": [
        [
          -0.205492,
          0.0,
          -0.978658
        ],
        [
          0.0,
          1.0,
          0.0
        ],
        [
          0.978658,
          0.0,
          -0.205492
        ],
        [
          -229.853,
          573.02,
          2751.29
        ]
      ],
      "objLayer": 0,
      "props": {}
    },
    "bdt_t1_bomb_zone_01_aaa_point_01": {
      "type": "Point",
      "tm": [
        [
          0.235073,
          0.0,
          -0.971977
        ],
        [
          0.0,
          1.0,
          0.0
        ],
        [
          0.971977,
          0.0,
          0.235073
        ],
        [
          -1205.69,
          589.88,
          -19125.6
        ]
      ],
      "objLayer": 0,
      "props": {}
    },
    "bdt_t1_bomb_zone_01_aaa_point_02": {
      "type": "Point",
      "tm": [
        [
          0.235073,
          0.0,
          -0.971977
        ],
        [
          0.0,
          1.0,
          0.0
        ],
        [
          0.971977,
          0.0,
          0.235073
        ],
        [
          -1272.53,
          542.13,
          -18627.2
        ]
      ],
      "objLayer": 0,
      "props": {}
    },
    "bdt_t1_bomb_zone_01_aaa_point_03": {
      "type": "Point",
      "tm": [
        [
          0.235073,
          0.0,
          -0.971977
        ],
        [
          0.0,
          1.0,
          0.0
        ],
        [
          0.971977,
          0.0,
          0.235073
        ],
        [
          -1506.02,
          599.36,
          -18906.4
        ]
      ],
      "objLayer": 0,
      "props": {}
    },
    "bdt_t1_bomb_zone_01_aaa_point_04": {
      "type": "Point",
      "tm": [
        [
          0.235073,
          0.0,
          -0.971977
        ],
        [
          0.0,
          1.0,
          0.0
        ],
        [
          0.971977,
          0.0,
          0.235073
        ],
        [
          -1433.38,
          592.6,
          -18689.8
        ]
      ],
      "objLayer": 0,
      "props": {}
    },
    "bdt_t1_bomb_zone_02_aaa_point_01": {
      "type": "Point",
      "tm": [
        [
          0.235073,
          0.0,
          -0.971977
        ],
        [
          0.0,
          1.0,
          0.0
        ],
        [
          0.971977,
          0.0,
          0.235073
        ],
        [
          742.808,
          503.338,
          -13519.5
        ]
      ],
      "objLayer": 0,
      "props": {}
    },
    "bdt_t1_bomb_zone_02_aaa_point_02": {
      "type": "Point",
      "tm": [
        [
          0.235073,
          0.0,
          -0.971977
        ],
        [
          0.0,
          1.0,
          0.0
        ],
        [
          0.971977,
          0.0,
          0.235073
        ],
        [
          746.133,
          547.108,
          -13229.3
        ]
      ],
      "objLayer": 0,
      "props": {}
    },
    "bdt_t1_bomb_zone_02_aaa_point_03": {
      "type": "Point",
      "tm": [
        [
          0.235073,
          0.0,
          -0.971977
        ],
        [
          0.0,
          1.0,
          0.0
        ],
        [
          0.971977,
          0.0,
          0.235073
        ],
        [
          70.5306,
          489.768,
          -13409.9
        ]
      ],
      "objLayer": 0,
      "props": {}
    },
    "bdt_t1_bomb_zone_02_aaa_point_04": {
      "type": "Point",
      "tm": [
        [
          0.235073,
          0.0,
          -0.971977
        ],
        [
          0.0,
          1.0,
          0.0
        ],
        [
          0.971977,
          0.0,
          0.235073
        ],
        [
          477.54,
          626.178,
          -13041.0
        ]
      ],
      "objLayer": 0,
      "props": {}
    },
    "bdt_t1_bomb_zone_03_aaa_point_01": {
      "type": "Point",
      "tm": [
        [
          0.125822,
          0.0,
          -0.992054
        ],
        [
          0.0,
          1.0,
          0.0
        ],
        [
          0.992054,
          0.0,
          0.125822
        ],
        [
          -10196.6,
          526.263,
          -16529.7
        ]
      ],
      "objLayer": 0,
      "props": {}
    },
    "bdt_t1_bomb_zone_03_aaa_point_02": {
      "type": "Point",
      "tm": [
        [
          0.125822,
          0.0,
          -0.992054
        ],
        [
          0.0,
          1.0,
          0.0
        ],
        [
          0.992054,
          0.0,
          0.125822
        ],
        [
          -9732.18,
          518.953,
          -16823.7
        ]
      ],
      "objLayer": 0,
      "props": {}
    },
    "bdt_t1_bomb_zone_03_aaa_point_03": {
      "type": "Point",
      "tm": [
        [
          0.125822,
          0.0,
          -0.992054
        ],
        [
          0.0,
          1.0,
          0.0
        ],
        [
          0.992054,
          0.0,
          0.125822
        ],
        [
          -9700.15,
          525.713,
          -16545.6
        ]
      ],
      "objLayer": 0,
      "props": {}
    },
    "bdt_t1_bomb_zone_03_aaa_point_04": {
      "type": "Point",
      "tm": [
        [
          0.125822,
          0.0,
          -0.992054
        ],
        [
          0.0,
          1.0,
          0.0
        ],
        [
          0.992054,
          0.0,
          0.125822
        ],
        [
          -10094.3,
          523.513,
          -16912.4
        ]
      ],
      "objLayer": 0,
      "props": {}
    },
    "bdt_t1_bomb_zone_04_aaa_point_01": {
      "type": "Point",
      "tm": [
        [
          0.125822,
          0.0,
          -0.992054
        ],
        [
          0.0,
          1.0,
          0.0
        ],
        [
          0.992054,
          0.0,
          0.125822
        ],
        [
          -15953.6,
          555.199,
          -12124.5
        ]
      ],
      "objLayer": 0,
      "props": {}
    },
    "bdt_t1_bomb_zone_04_aaa_point_02": {
      "type": "Point",
      "tm": [
        [
          0.125822,
          0.0,
          -0.992054
        ],
        [
          0.0,
          1.0,
          0.0
        ],
        [
          0.992054,
          0.0,
          0.125822
        ],
        [
          -15663.8,
          553.129,
          -11986.1
        ]
      ],
      "objLayer": 0,
      "props": {}
    },
    "bdt_t1_bomb_zone_04_aaa_point_03": {
      "type": "Point",
      "tm": [
        [
          0.125822,
          0.0,
          -0.992054
        ],
        [
          0.0,
          1.0,
          0.0
        ],
        [
          0.992054,
          0.0,
          0.125822
        ],
        [
          -16146.0,
          554.059,
          -11853.4
        ]
      ],
      "objLayer": 0,
      "props": {}
    },
    "bdt_t1_bomb_zone_04_aaa_point_04": {
      "type": "Point",
      "tm": [
        [
          0.125822,
          0.0,
          -0.992054
        ],
        [
          0.0,
          1.0,
          0.0
        ],
        [
          0.992054,
          0.0,
          0.125822
        ],
        [
          -15606.4,
          552.469,
          -11633.6
        ]
      ],
      "objLayer": 0,
      "props": {}
    },
    "bdt_t1_bomb_zone_05": {
      "type": "Sphere",
      "tm": [
        [
          45.2257,
          0.0,
          -447.72
        ],
        [
          0.0,
          450.0,
          0.0
        ],
        [
          447.72,
          0.0,
          45.2257
        ],
        [
          -13784.0,
          435.198,
          -14045.0
        ]
      ],
      "objLayer": 0,
      "props": {}
    },
    "bdt_t1_bomb_zone_06": {
      "type": "Sphere",
      "tm": [
        [
          45.2257,
          0.0,
          -447.72
        ],
        [
          0.0,
          450.0,
          0.0
        ],
        [
          447.72,
          0.0,
          45.2257
        ],
        [
          -13215.5,
          544.798,
          -18475.1
        ]
      ],
      "objLayer": 0,
      "props": {}
    },
    "bdt_t1_bomb_zone_07": {
      "type": "Sphere",
      "tm": [
        [
          45.2257,
          0.0,
          -447.72
        ],
        [
          0.0,
          450.0,
          0.0
        ],
        [
          447.72,
          0.0,
          45.2257
        ],
        [
          -17591.4,
          339.907,
          -14317.6
        ]
      ],
      "objLayer": 0,
      "props": {}
    },
    "bdt_t1_bomb_zone_08": {
      "type": "Sphere",
      "tm": [
        [
          -156.597,
          0.0,
          -421.873
        ],
        [
          0.0,
          450.0,
          0.0
        ],
        [
          421.873,
          0.0,
          -156.597
        ],
        [
          -1632.14,
          609.349,
          -15427.4
        ]
      ],
      "objLayer": 0,
      "props": {}
    },
    "bdt_t1_bomb_zone_09": {
      "type": "Sphere",
      "tm": [
        [
          -156.597,
          0.0,
          -421.873
        ],
        [
          0.0,
          450.0,
          0.0
        ],
        [
          421.873,
          0.0,
          -156.597
        ],
        [
          -5369.65,
          583.805,
          -17394.8
        ]
      ],
      "objLayer": 0,
      "props": {}
    },
    "bdt_t1_bomb_zone_10": {
      "type": "Sphere",
      "tm": [
        [
          -156.597,
          0.0,
          -421.873
        ],
        [
          0.0,
          450.0,
          0.0
        ],
        [
          421.873,
          0.0,
          -156.597
        ],
        [
          2834.56,
          525.514,
          -15587.3
        ]
      ],
      "objLayer": 0,
      "props": {}
    },
    "bdt_t1_bomb_zone_05_aaa_point_01": {
      "type": "Point",
      "tm": [
        [
          0.125822,
          0.0,
          -0.992054
        ],
        [
          0.0,
          1.0,
          0.0
        ],
        [
          0.992054,
          0.0,
          0.125822
        ],
        [
          -13795.8,
          428.538,
          -13771.3
        ]
      ],
      "objLayer": 0,
      "props": {}
    },
    "bdt_t1_bomb_zone_05_aaa_point_02": {
      "type": "Point",
      "tm": [
        [
          0.125822,
          0.0,
          -0.992054
        ],
        [
          0.0,
          1.0,
          0.0
        ],
        [
          0.992054,
          0.0,
          0.125822
        ],
        [
          -13891.2,
          463.408,
          -13932.5
        ]
      ],
      "objLayer": 0,
      "props": {}
    },
    "bdt_t1_bomb_zone_05_aaa_point_03": {
      "type": "Point",
      "tm": [
        [
          0.125822,
          0.0,
          -0.992054
        ],
        [
          0.0,
          1.0,
          0.0
        ],
        [
          0.992054,
          0.0,
          0.125822
        ],
        [
          -13782.6,
          454.058,
          -14332.7
        ]
      ],
      "objLayer": 0,
      "props": {}
    },
    "bdt_t1_bomb_zone_05_aaa_point_04": {
      "type": "Point",
      "tm": [
        [
          0.125822,
          0.0,
          -0.992054
        ],
        [
          0.0,
          1.0,
          0.0
        ],
        [
          0.992054,
          0.0,
          0.125822
        ],
        [
          -13573.5,
          378.338,
          -14226.0
        ]
      ],
      "objLayer": 0,
      "props": {}
    },
    "bdt_t1_bomb_zone_06_aaa_point_01": {
      "type": "Point",
      "tm": [
        [
          0.125822,
          0.0,
          -0.992054
        ],
        [
          0.0,
          1.0,
          0.0
        ],
        [
          0.992054,
          0.0,
          0.125822
        ],
        [
          -13521.1,
          540.088,
          -18332.3
        ]
      ],
      "objLayer": 0,
      "props": {}
    },
    "bdt_t1_bomb_zone_06_aaa_point_02": {
      "type": "Point",
      "tm": [
        [
          0.125822,
          0.0,
          -0.992054
        ],
        [
          0.0,
          1.0,
          0.0
        ],
        [
          0.992054,
          0.0,
          0.125822
        ],
        [
          -13316.4,
          542.348,
          -18166.4
        ]
      ],
      "objLayer": 0,
      "props": {}
    },
    "bdt_t1_bomb_zone_06_aaa_point_03": {
      "type": "Point",
      "tm": [
        [
          0.125822,
          0.0,
          -0.992054
        ],
        [
          0.0,
          1.0,
          0.0
        ],
        [
          0.992054,
          0.0,
          0.125822
        ],
        [
          -12907.7,
          546.328,
          -18446.3
        ]
      ],
      "objLayer": 0,
      "props": {}
    },
    "bdt_t1_bomb_zone_06_aaa_point_04": {
      "type": "Point",
      "tm": [
        [
          0.125822,
          0.0,
          -0.992054
        ],
        [
          0.0,
          1.0,
          0.0
        ],
        [
          0.992054,
          0.0,
          0.125822
        ],
        [
          -13311.1,
          542.098,
          -18756.9
        ]
      ],
      "objLayer": 0,
      "props": {}
    },
    "bdt_t1_bomb_zone_07_aaa_point_01": {
      "type": "Point",
      "tm": [
        [
          0.125822,
          0.0,
          -0.992054
        ],
        [
          0.0,
          1.0,
          0.0
        ],
        [
          0.992054,
          0.0,
          0.125822
        ],
        [
          -17313.1,
          341.207,
          -14432.8
        ]
      ],
      "objLayer": 0,
      "props": {}
    },
    "bdt_t1_bomb_zone_07_aaa_point_02": {
      "type": "Point",
      "tm": [
        [
          0.125822,
          0.0,
          -0.992054
        ],
        [
          0.0,
          1.0,
          0.0
        ],
        [
          0.992054,
          0.0,
          0.125822
        ],
        [
          -17911.8,
          333.917,
          -14179.8
        ]
      ],
      "objLayer": 0,
      "props": {}
    },
    "bdt_t1_bomb_zone_07_aaa_point_03": {
      "type": "Point",
      "tm": [
        [
          0.125822,
          0.0,
          -0.992054
        ],
        [
          0.0,
          1.0,
          0.0
        ],
        [
          0.992054,
          0.0,
          0.125822
        ],
        [
          -17708.9,
          329.047,
          -14632.5
        ]
      ],
      "objLayer": 0,
      "props": {}
    },
    "bdt_t1_bomb_zone_07_aaa_point_04": {
      "type": "Point",
      "tm": [
        [
          0.125822,
          0.0,
          -0.992054
        ],
        [
          0.0,
          1.0,
          0.0
        ],
        [
          0.992054,
          0.0,
          0.125822
        ],
        [
          -17265.8,
          338.467,
          -14082.4
        ]
      ],
      "objLayer": 0,
      "props": {}
    },
    "bdt_t1_bomb_zone_08_aaa_point_01": {
      "type": "Point",
      "tm": [
        [
          0.235073,
          0.0,
          -0.971977
        ],
        [
          0.0,
          1.0,
          0.0
        ],
        [
          0.971977,
          0.0,
          0.235073
        ],
        [
          -1357.73,
          542.519,
          -15281.3
        ]
      ],
      "objLayer": 0,
      "props": {}
    },
    "bdt_t1_bomb_zone_08_aaa_point_02": {
      "type": "Point",
      "tm": [
        [
          0.235073,
          0.0,
          -0.971977
        ],
        [
          0.0,
          1.0,
          0.0
        ],
        [
          0.971977,
          0.0,
          0.235073
        ],
        [
          -1808.87,
          488.499,
          -15177.7
        ]
      ],
      "objLayer": 0,
      "props": {}
    },
    "bdt_t1_bomb_zone_08_aaa_point_03": {
      "type": "Point",
      "tm": [
        [
          0.235073,
          0.0,
          -0.971977
        ],
        [
          0.0,
          1.0,
          0.0
        ],
        [
          0.971977,
          0.0,
          0.235073
        ],
        [
          -1960.26,
          732.559,
          -15569.8
        ]
      ],
      "objLayer": 0,
      "props": {}
    },
    "bdt_t1_bomb_zone_08_aaa_point_04": {
      "type": "Point",
      "tm": [
        [
          0.235073,
          0.0,
          -0.971977
        ],
        [
          0.0,
          1.0,
          0.0
        ],
        [
          0.971977,
          0.0,
          0.235073
        ],
        [
          -1562.38,
          719.229,
          -15690.5
        ]
      ],
      "objLayer": 0,
      "props": {}
    },
    "bdt_t1_bomb_zone_09_aaa_point_01": {
      "type": "Point",
      "tm": [
        [
          0.235073,
          0.0,
          -0.971977
        ],
        [
          0.0,
          1.0,
          0.0
        ],
        [
          0.971977,
          0.0,
          0.235073
        ],
        [
          -5391.87,
          523.015,
          -16947.2
        ]
      ],
      "objLayer": 0,
      "props": {}
    },
    "bdt_t1_bomb_zone_09_aaa_point_02": {
      "type": "Point",
      "tm": [
        [
          0.235073,
          0.0,
          -0.971977
        ],
        [
          0.0,
          1.0,
          0.0
        ],
        [
          0.971977,
          0.0,
          0.235073
        ],
        [
          -5762.04,
          427.915,
          -17274.5
        ]
      ],
      "objLayer": 0,
      "props": {}
    },
    "bdt_t1_bomb_zone_09_aaa_point_03": {
      "type": "Point",
      "tm": [
        [
          0.235073,
          0.0,
          -0.971977
        ],
        [
          0.0,
          1.0,
          0.0
        ],
        [
          0.971977,
          0.0,
          0.235073
        ],
        [
          -5121.23,
          658.065,
          -17212.8
        ]
      ],
      "objLayer": 0,
      "props": {}
    },
    "bdt_t1_bomb_zone_09_aaa_point_04": {
      "type": "Point",
      "tm": [
        [
          0.235073,
          0.0,
          -0.971977
        ],
        [
          0.0,
          1.0,
          0.0
        ],
        [
          0.971977,
          0.0,
          0.235073
        ],
