{
  "selected_tag": "",
  "bin_dump_file": "",
  "mission_settings": {
    "player": {
      "army": 1
    },
    "player_teamB": {
      "army": 2
    },
    "mission": {
      "level": "levels/air_smolensk.bin",
      "type": "domination",
      "environment": "Day",
      "weather": "hazy",
      "restoreType": "attempts",
      "optionalTakeOff": false
    }
  },
  "imports": {},
  "triggers": {
    "isCategory": true,
    "is_enabled": true
  },
  "mission_objectives": {
    "isCategory": true,
    "is_enabled": true
  },
  "variables": {},
  "dialogs": {},
  "airfields": {},
  "effects": {},
  "units": {
    "objectGroups": [
      {
        "name": "bdt_t2_bomb_object_01",
        "tm": [
          [
            -0.717135,
            0.0,
            -0.696932
          ],
          [
            0.0,
            1.0,
            0.0
          ],
          [
            0.696932,
            0.0,
            -0.717135
          ],
          [
            7820.45,
            528.6,
            -238.9
          ]
        ],
        "unit_class": "dynBase_hq_camp_square",
        "objLayer": 2,
        "props": {
          "army": 2,
          "active": false
        }
      },
      {
        "name": "bdt_t2_bomb_object_02",
        "tm": [
          [
            -0.990152,
            0.0,
            -0.140024
          ],
          [
            0.0,
            1.0,
            0.0
          ],
          [
            0.140024,
            0.0,
            -0.990152
          ],
          [
            -6807.45,
            494.9,
            889.6
          ]
        ],
        "unit_class": "dynBase_fuel_storage_square",
        "objLayer": 2,
        "props": {
          "army": 2,
          "active": false
        }
      },
      {
        "name": "bdt_t2_bomb_object_03",
        "tm": [
          [
            0.391524,
            0.0,
            -0.920171
          ],
          [
            0.0,
            1.0,
            0.0
          ],
          [
            0.920171,
            0.0,
            0.391524
          ],
          [
            -10626.6,
            552.3,
            -4155.81
          ]
        ],
        "unit_class": "dynBase_oil_storage_small_square",
        "objLayer": 2,
        "props": {
          "army": 2,
          "active": false
        }
      },
      {
        "name": "bdt_t1_bomb_object_01",
        "tm": [
          [
            -0.347987,
            0.0,
            -0.937499
          ],
          [
            0.0,
            1.0,
            0.0
          ],
          [
            0.937499,
            0.0,
            -0.347987
          ],
          [
            6933.81,
            559.0,
            -20308.9
          ]
        ],
        "unit_class": "dynBase_fuel_storage_square",
        "objLayer": 2,
        "props": {
          "army": 1,
          "active": false
        }
      },
      {
        "name": "bdt_t1_bomb_object_02",
        "tm": [
          [
            0.376803,
            0.0,
            -0.926293
          ],
          [
            0.0,
            1.0,
            0.0
          ],
          [
            0.926293,
            0.0,
            0.376803
          ],
          [
            10405.3,
            583.924,
            -12090.1
          ]
        ],
        "unit_class": "dynBase_small_factory_square",
        "objLayer": 2,
        "props": {
          "army": 1,
          "active": false
        }
      },
      {
        "name": "bdt_t1_bomb_object_03",
        "tm": [
          [
            0.471542,
            0.0,
            -0.881843
          ],
          [
            0.0,
            1.0,
            0.0
          ],
          [
            0.881843,
            0.0,
            0.471542
          ],
          [
            -2711.21,
            568.75,
            -18728.0
          ]
        ],
        "unit_class": "dynBase_oil_storage_small_square",
        "objLayer": 2,
        "props": {
          "army": 1,
          "active": false
        }
      },
      {
        "name": "bdt_t2_bomb_object_04",
        "tm": [
          [
            -0.187695,
            0.0,
            -0.982226
          ],
          [
            0.0,
            1.0,
            0.0
          ],
          [
            0.982226,
            0.0,
            -0.187695
          ],
          [
            8374.05,
            245.1,
            3669.35
          ]
        ],
        "unit_class": "dynBase_small_factory_square",
        "objLayer": 2,
        "props": {
          "army": 2,
          "active": false
        }
      },
      {
        "name": "bdt_t1_bomb_object_04",
        "tm": [
          [
            0.133068,
            0.0,
            -0.991107
          ],
          [
            0.0,
            1.0,
            0.0
          ],
          [
            0.991107,
            0.0,
            0.133068
          ],
          [
            -10715.8,
            495.8,
            -11698.0
          ]
        ],
        "unit_class": "dynBase_field_camp_square",
        "objLayer": 2,
        "props": {
          "army": 1,
          "active": false
        }
      },
      {
        "name": "bdt_t1_bomb_object_05",
        "tm": [
          [
            0.133068,
            0.0,
            -0.991107
          ],
          [
            0.0,
            1.0,
            0.0
          ],
          [
            0.991107,
            0.0,
            0.133068
          ],
          [
            -12523.0,
            533.4,
            -15102.8
          ]
        ],
        "unit_class": "dynBase_military_base_square",
        "objLayer": 2,
        "props": {
          "army": 1,
          "active": false
        }
      },
      {
        "name": "bdt_t1_bomb_object_06",
        "tm": [
          [
            0.133068,
            0.0,
            -0.991107
          ],
          [
            0.0,
            1.0,
            0.0
          ],
          [
            0.991107,
            0.0,
            0.133068
          ],
          [
            -6960.9,
            543.0,
            -20585.6
          ]
        ],
        "unit_class": "dynBase_oil_storage_large_square",
        "objLayer": 2,
        "props": {
          "army": 1,
          "active": false
        }
      },
      {
        "name": "bdt_t1_bomb_object_07",
        "tm": [
          [
            0.133068,
            0.0,
            -0.991107
          ],
          [
            0.0,
            1.0,
            0.0
          ],
          [
            0.991107,
            0.0,
            0.133068
          ],
          [
            -7160.9,
            546.6,
            -16468.7
          ]
        ],
        "unit_class": "dynBase_oil_storage_large_square",
        "objLayer": 2,
        "props": {
          "army": 1,
          "active": false
        }
      },
      {
        "name": "bdt_t1_bomb_object_08",
        "tm": [
          [
            -0.347987,
            0.0,
            -0.937499
          ],
          [
            0.0,
            1.0,
            0.0
          ],
          [
            0.937499,
            0.0,
            -0.347987
          ],
          [
            12144.8,
            587.725,
            -15637.0
          ]
        ],
        "unit_class": "dynBase_small_factory_square",
        "objLayer": 2,
        "props": {
          "army": 1,
          "active": false
        }
      },
      {
        "name": "bdt_t1_bomb_object_09",
        "tm": [
          [
            -0.347987,
            0.0,
            -0.937499
          ],
          [
            0.0,
            1.0,
            0.0
          ],
          [
            0.937499,
            0.0,
            -0.347987
          ],
          [
            2568.12,
            553.1,
            -18796.3
          ]
        ],
        "unit_class": "dynBase_petrol_camp_square",
        "objLayer": 2,
        "props": {
          "army": 1,
          "active": false
        }
      },
      {
        "name": "bdt_t1_bomb_object_10",
        "tm": [
          [
            -0.347987,
            0.0,
            -0.937499
          ],
          [
            0.0,
            1.0,
            0.0
          ],
          [
            0.937499,
            0.0,
            -0.347987
          ],
          [
            7863.8,
            510.12,
            -15823.9
          ]
        ],
        "unit_class": "dynBase_petrol_camp_square",
        "objLayer": 2,
        "props": {
          "army": 1,
          "active": false
        }
      },
      {
        "name": "bdt_t2_bomb_object_05",
        "tm": [
          [
            -0.187695,
            0.0,
            -0.982226
          ],
          [
            0.0,
            1.0,
            0.0
          ],
          [
            0.982226,
            0.0,
            -0.187695
          ],
          [
            13407.2,
            320.039,
            -2602.94
          ]
        ],
        "unit_class": "dynBase_petrol_camp_square",
        "objLayer": 2,
        "props": {
          "army": 2,
          "active": false
        }
      },
      {
        "name": "bdt_t2_bomb_object_06",
        "tm": [
          [
            0.295195,
            0.0,
            -0.955437
          ],
          [
            0.0,
            1.0,
            0.0
          ],
          [
            0.955437,
            0.0,
            0.295195
          ],
          [
            10851.8,
            438.35,
            -5473.35
          ]
        ],
        "unit_class": "dynBase_military_base_square",
        "objLayer": 2,
        "props": {
          "army": 2,
          "active": false
        }
      },
      {
        "name": "bdt_t2_bomb_object_07",
        "tm": [
          [
            -0.187695,
            0.0,
            -0.982226
          ],
          [
            0.0,
            1.0,
            0.0
          ],
          [
            0.982226,
            0.0,
            -0.187695
          ],
          [
            3270.83,
            439.568,
            2581.72
          ]
        ],
        "unit_class": "dynBase_fuel_storage_square",
        "objLayer": 2,
        "props": {
          "army": 2,
          "active": false
        }
      },
      {
        "name": "bdt_t2_bomb_object_08",
        "tm": [
          [
            0.391524,
            0.0,
            -0.920171
          ],
          [
            0.0,
            1.0,
            0.0
          ],
          [
            0.920171,
            0.0,
            0.391524
          ],
          [
            -6493.25,
            352.7,
            4556.95
          ]
        ],
        "unit_class": "dynBase_ammunition_storage_square",
        "objLayer": 2,
        "props": {
          "army": 2,
          "active": false
        }
      },
      {
        "name": "bdt_t2_bomb_object_09",
        "tm": [
          [
            0.391524,
            0.0,
            -0.920171
          ],
          [
            0.0,
            1.0,
            0.0
          ],
          [
            0.920171,
            0.0,
            0.391524
          ],
          [
            -11699.1,
            490.3,
            303.778
          ]
        ],
        "unit_class": "dynBase_field_camp_square",
        "objLayer": 2,
        "props": {
          "army": 2,
          "active": false
        }
      },
      {
        "name": "bdt_t2_bomb_object_10",
        "tm": [
          [
            0.391524,
            0.0,
            -0.920171
          ],
          [
            0.0,
            1.0,
            0.0
          ],
          [
            0.920171,
            0.0,
            0.391524
          ],
          [
            -2092.35,
            525.85,
            3003.05
          ]
        ],
        "unit_class": "dynBase_oil_storage_small_square",
        "objLayer": 2,
        "props": {
          "army": 2,
          "active": false
        }
      }
    ]
  },
  "areas": {
    "bdt_t2_bomb_zone_01": {
      "type": "Sphere",
      "tm": [
        [
          -322.713,
          0.0,
          -313.622
        ],
        [
          0.0,
          450.0,
          0.0
        ],
        [
          313.622,
          0.0,
          -322.713
        ],
        [
          7817.52,
          509.508,
          -232.477
        ]
      ],
      "objLayer": 0,
      "props": {}
    },
    "bdt_t2_bomb_zone_02": {
      "type": "Sphere",
      "tm": [
        [
          -285.938,
          0.0,
          -347.478
        ],
        [
          0.0,
          450.0,
          0.0
        ],
        [
          347.478,
          0.0,
          -285.938
        ],
        [
          -6798.55,
          495.22,
          869.855
        ]
      ],
      "objLayer": 0,
      "props": {}
    },
    "bdt_t2_bomb_zone_03": {
      "type": "Sphere",
      "tm": [
        [
          176.183,
          0.0,
          -414.075
        ],
        [
          0.0,
          450.0,
          0.0
        ],
        [
          414.075,
          0.0,
          176.183
        ],
        [
          -10621.0,
          552.25,
          -4147.67
        ]
      ],
      "objLayer": 0,
      "props": {}
    },
    "bdt_t1_bomb_zone_01": {
      "type": "Sphere",
      "tm": [
        [
          -156.596,
          0.0,
          -421.873
        ],
        [
          0.0,
          450.0,
          0.0
        ],
        [
          421.873,
          0.0,
          -156.596
        ],
        [
          6932.46,
          564.559,
          -20321.5
        ]
      ],
      "objLayer": 0,
      "props": {}
    },
    "bdt_t1_bomb_zone_02": {
      "type": "Sphere",
      "tm": [
        [
          75.3227,
          0.0,
          -443.65
        ],
        [
          0.0,
          450.0,
          0.0
        ],
        [
          443.65,
          0.0,
          75.3227
        ],
        [
          10408.0,
          583.997,
          -12094.0
        ]
      ],
      "objLayer": 0,
      "props": {}
    },
    "bdt_t1_bomb_zone_03": {
      "type": "Sphere",
      "tm": [
        [
          45.2266,
          0.0,
          -447.721
        ],
        [
          0.0,
          450.0,
          0.0
        ],
        [
          447.721,
          0.0,
          45.2266
        ],
        [
          -2710.11,
          568.62,
          -18733.5
        ]
      ],
      "objLayer": 0,
      "props": {}
    },
    "bdt_t2_bomb_zone_04": {
      "type": "Sphere",
      "tm": [
        [
          -84.4647,
          0.0,
          -442.0
        ],
        [
          0.0,
          450.0,
          0.0
        ],
        [
          442.0,
          0.0,
          -84.4647
        ],
        [
          8370.91,
          242.92,
          3662.13
        ]
      ],
      "objLayer": 0,
      "props": {}
    },
    "bdt_t1_bomb_zone_04": {
      "type": "Sphere",
      "tm": [
        [
          45.2266,
          0.0,
          -447.721
        ],
        [
          0.0,
          450.0,
          0.0
        ],
        [
          447.721,
          0.0,
          45.2266
        ],
        [
          -10710.2,
          494.17,
          -11697.7
        ]
      ],
      "objLayer": 0,
      "props": {}
    },
    "bdt_t2_bomb_zone_01_aaa_point_01": {
      "type": "Point",
      "tm": [
        [
          -0.20549,
          0.0,
          -0.978658
        ],
        [
          0.0,
          1.0,
          0.0
        ],
        [
          0.978658,
          0.0,
          -0.20549
        ],
        [
          7592.99,
          440.74,
          -212.667
        ]
      ],
      "objLayer": 0,
      "props": {}
    },
    "bdt_t2_bomb_zone_01_aaa_point_02": {
      "type": "Point",
      "tm": [
        [
          -0.20549,
          0.0,
          -0.978658
        ],
        [
          0.0,
          1.0,
          0.0
        ],
        [
          0.978658,
          0.0,
          -0.20549
        ],
        [
          8098.37,
          635.73,
          -151.535
        ]
      ],
      "objLayer": 0,
      "props": {}
    },
    "bdt_t2_bomb_zone_01_aaa_point_03": {
      "type": "Point",
      "tm": [
        [
          -0.20549,
          0.0,
          -0.978658
        ],
        [
          0.0,
          1.0,
          0.0
        ],
        [
          0.978658,
          0.0,
          -0.20549
        ],
        [
          8081.82,
          620.9,
          -269.459
        ]
      ],
      "objLayer": 0,
      "props": {}
    },
    "bdt_t2_bomb_zone_01_aaa_point_04": {
      "type": "Point",
      "tm": [
        [
          -0.20549,
          0.0,
          -0.978658
        ],
        [
          0.0,
          1.0,
          0.0
        ],
        [
          0.978658,
          0.0,
          -0.20549
        ],
        [
          8025.79,
          442.1,
          -650.82
        ]
      ],
      "objLayer": 0,
      "props": {}
    },
    "bdt_t2_bomb_zone_02_aaa_point_01": {
      "type": "Point",
      "tm": [
        [
          -0.0956805,
          0.0,
          -0.995411
        ],
        [
          0.0,
          1.0,
          0.0
        ],
        [
          0.995411,
          0.0,
          -0.0956805
        ],
        [
          -6928.15,
          492.58,
          1081.92
        ]
      ],
      "objLayer": 0,
      "props": {}
    },
    "bdt_t2_bomb_zone_02_aaa_point_02": {
      "type": "Point",
      "tm": [
        [
          -0.0956805,
          0.0,
          -0.995411
        ],
        [
          0.0,
          1.0,
          0.0
        ],
        [
          0.995411,
          0.0,
          -0.0956805
        ],
        [
          -6485.45,
          494.421,
          774.349
        ]
      ],
      "objLayer": 0,
      "props": {}
    },
    "bdt_t2_bomb_zone_02_aaa_point_03": {
      "type": "Point",
      "tm": [
        [
          -0.0956805,
          0.0,
          -0.995411
        ],
        [
          0.0,
          1.0,
          0.0
        ],
        [
          0.995411,
          0.0,
          -0.0956805
        ],
        [
          -6664.85,
          478.57,
          1115.4
        ]
      ],
      "objLayer": 0,
      "props": {}
    },
    "bdt_t2_bomb_zone_02_aaa_point_04": {
      "type": "Point",
      "tm": [
        [
          -0.0956805,
          0.0,
          -0.995411
        ],
        [
          0.0,
          1.0,
          0.0
        ],
        [
          0.995411,
          0.0,
          -0.0956805
        ],
        [
          -6859.05,
          492.51,
          648.581
        ]
      ],
      "objLayer": 0,
      "props": {}
    },
    "bdt_t2_bomb_zone_03_aaa_point_01": {
      "type": "Point",
      "tm": [
        [
          -0.0956805,
          0.0,
          -0.995411
        ],
        [
          0.0,
          1.0,
          0.0
        ],
        [
          0.995411,
          0.0,
          -0.0956805
        ],
        [
          -10918.3,
          555.05,
          -4168.3
        ]
      ],
      "objLayer": 0,
      "props": {}
    },
    "bdt_t2_bomb_zone_03_aaa_point_02": {
      "type": "Point",
      "tm": [
        [
          -0.0956805,
          0.0,
          -0.995411
        ],
        [
          0.0,
          1.0,
          0.0
        ],
        [
          0.995411,
          0.0,
          -0.0956805
        ],
        [
          -10361.8,
          548.99,
          -4283.43
        ]
      ],
      "objLayer": 0,
      "props": {}
    },
    "bdt_t2_bomb_zone_03_aaa_point_03": {
      "type": "Point",
      "tm": [
        [
          -0.0956805,
          0.0,
          -0.995411
        ],
        [
          0.0,
          1.0,
          0.0
        ],
        [
          0.995411,
          0.0,
          -0.0956805
        ],
        [
          -10350.4,
          549.38,
          -3976.3
        ]
      ],
      "objLayer": 0,
      "props": {}
    },
    "bdt_t2_bomb_zone_03_aaa_point_04": {
      "type": "Point",
      "tm": [
        [
          -0.0956805,
          0.0,
          -0.995411
        ],
        [
          0.0,
          1.0,
          0.0
        ],
        [
          0.995411,
          0.0,
          -0.0956805
        ],
        [
          -10846.7,
          554.911,
          -3950.17
        ]
      ],
      "objLayer": 0,
      "props": {}
    },
    "bdt_t2_bomb_zone_04_aaa_point_01": {
      "type": "Point",
      "tm": [
        [
          -0.20549,
          0.0,
          -0.978658
        ],
        [
          0.0,
          1.0,
          0.0
        ],
        [
          0.978658,
          0.0,
          -0.20549
        ],
        [
          8547.36,
          302.6,
          3380.56
        ]
      ],
      "objLayer": 0,
      "props": {}
    },
    "bdt_t2_bomb_zone_04_aaa_point_02": {
      "type": "Point",
      "tm": [
        [
          -0.20549,
          0.0,
          -0.978658
        ],
        [
          0.0,
          1.0,
          0.0
        ],
        [
          0.978658,
          0.0,
          -0.20549
        ],
        [
          8620.36,
          302.76,
          3832.59
        ]
      ],
      "objLayer": 0,
      "props": {}
    },
    "bdt_t2_bomb_zone_04_aaa_point_03": {
      "type": "Point",
      "tm": [
        [
          -0.20549,
          0.0,
          -0.978658
        ],
        [
          0.0,
          1.0,
          0.0
        ],
        [
          0.978658,
          0.0,
          -0.20549
        ],
        [
          8112.52,
          110.54,
          3596.22
        ]
      ],
      "objLayer": 0,
      "props": {}
    },
    "bdt_t2_bomb_zone_04_aaa_point_04": {
      "type": "Point",
      "tm": [
        [
          -0.20549,
          0.0,
          -0.978658
        ],
        [
          0.0,
          1.0,
          0.0
        ],
        [
          0.978658,
          0.0,
          -0.20549
        ],
        [
          8188.43,
          169.29,
          3828.56
        ]
      ],
      "objLayer": 0,
      "props": {}
    },
    "bdt_t1_bomb_zone_01_aaa_point_01": {
      "type": "Point",
      "tm": [
        [
          0.235074,
          0.0,
          -0.971976
        ],
        [
          0.0,
          1.0,
          0.0
        ],
        [
          0.971976,
          0.0,
          0.235074
        ],
        [
          7000.97,
          383.599,
          -20566.8
        ]
      ],
      "objLayer": 0,
      "props": {}
    },
    "bdt_t1_bomb_zone_01_aaa_point_02": {
      "type": "Point",
      "tm": [
        [
          0.235074,
          0.0,
          -0.971976
        ],
        [
          0.0,
          1.0,
          0.0
        ],
        [
          0.971976,
          0.0,
          0.235074
        ],
        [
          6933.98,
          542.849,
          -20068.2
        ]
      ],
      "objLayer": 0,
      "props": {}
    },
    "bdt_t1_bomb_zone_01_aaa_point_03": {
      "type": "Point",
      "tm": [
        [
          0.235074,
          0.0,
          -0.971976
        ],
        [
          0.0,
          1.0,
          0.0
        ],
        [
          0.971976,
          0.0,
          0.235074
        ],
        [
          6700.56,
          701.309,
          -20347.6
        ]
      ],
      "objLayer": 0,
      "props": {}
    },
    "bdt_t1_bomb_zone_01_aaa_point_04": {
      "type": "Point",
      "tm": [
        [
          0.235074,
          0.0,
          -0.971976
        ],
        [
          0.0,
          1.0,
          0.0
        ],
        [
          0.971976,
          0.0,
          0.235074
        ],
        [
          6773.21,
          638.99,
          -20131.0
        ]
      ],
      "objLayer": 0,
      "props": {}
    },
    "bdt_t1_bomb_zone_02_aaa_point_01": {
      "type": "Point",
      "tm": [
        [
          0.235074,
          0.0,
          -0.971976
        ],
        [
          0.0,
          1.0,
          0.0
        ],
        [
          0.971976,
          0.0,
          0.235074
        ],
        [
          10631.6,
          583.854,
          -12246.0
        ]
      ],
      "objLayer": 0,
      "props": {}
    },
    "bdt_t1_bomb_zone_02_aaa_point_02": {
      "type": "Point",
      "tm": [
        [
          0.235074,
          0.0,
          -0.971976
        ],
        [
          0.0,
          1.0,
          0.0
        ],
        [
          0.971976,
          0.0,
          0.235074
        ],
        [
          10635.1,
          582.015,
          -11955.8
        ]
      ],
      "objLayer": 0,
      "props": {}
    },
    "bdt_t1_bomb_zone_02_aaa_point_03": {
      "type": "Point",
      "tm": [
        [
          0.235074,
          0.0,
          -0.971976
        ],
        [
          0.0,
          1.0,
          0.0
        ],
        [
          0.971976,
          0.0,
          0.235074
        ],
        [
          9959.53,
          558.855,
          -12136.4
        ]
      ],
      "objLayer": 0,
      "props": {}
    },
    "bdt_t1_bomb_zone_02_aaa_point_04": {
      "type": "Point",
      "tm": [
        [
          0.235074,
          0.0,
          -0.971976
        ],
        [
          0.0,
          1.0,
          0.0
        ],
        [
          0.971976,
          0.0,
          0.235074
        ],
        [
          10366.5,
          582.622,
          -11767.6
        ]
      ],
      "objLayer": 0,
      "props": {}
    },
    "bdt_t1_bomb_zone_03_aaa_point_01": {
      "type": "Point",
      "tm": [
        [
          0.125823,
          0.0,
          -0.992053
        ],
        [
          0.0,
          1.0,
          0.0
        ],
        [
          0.992053,
          0.0,
          0.125823
        ],
        [
          -2965.59,
          721.28,
          -18562.0
        ]
      ],
      "objLayer": 0,
      "props": {}
    },
    "bdt_t1_bomb_zone_03_aaa_point_02": {
      "type": "Point",
      "tm": [
        [
          0.125823,
          0.0,
          -0.992053
        ],
        [
          0.0,
          1.0,
          0.0
        ],
        [
          0.992053,
          0.0,
          0.125823
        ],
        [
          -2501.22,
          565.67,
          -18855.9
        ]
      ],
      "objLayer": 0,
      "props": {}
    },
    "bdt_t1_bomb_zone_03_aaa_point_03": {
      "type": "Point",
      "tm": [
        [
          0.125823,
          0.0,
          -0.992053
        ],
        [
          0.0,
          1.0,
          0.0
        ],
        [
          0.992053,
          0.0,
          0.125823
        ],
        [
          -2469.19,
          572.44,
          -18577.9
        ]
      ],
      "objLayer": 0,
      "props": {}
    },
    "bdt_t1_bomb_zone_03_aaa_point_04": {
      "type": "Point",
      "tm": [
        [
          0.125823,
          0.0,
          -0.992053
        ],
        [
          0.0,
          1.0,
          0.0
        ],
        [
          0.992053,
          0.0,
          0.125823
        ],
        [
          -2863.19,
          570.23,
          -18944.7
        ]
      ],
      "objLayer": 0,
      "props": {}
    },
    "bdt_t1_bomb_zone_04_aaa_point_01": {
      "type": "Point",
      "tm": [
        [
          0.125823,
          0.0,
          -0.992053
        ],
        [
          0.0,
          1.0,
          0.0
        ],
        [
          0.992053,
          0.0,
          0.125823
        ],
        [
          -10807.0,
          434.11,
          -11999.4
        ]
      ],
      "objLayer": 0,
      "props": {}
    },
    "bdt_t1_bomb_zone_04_aaa_point_02": {
      "type": "Point",
      "tm": [
        [
          0.125823,
          0.0,
          -0.992053
        ],
        [
          0.0,
          1.0,
          0.0
        ],
        [
          0.992053,
          0.0,
          0.125823
        ],
        [
          -10517.3,
          318.2,
          -11861.0
        ]
      ],
      "objLayer": 0,
      "props": {}
    },
    "bdt_t1_bomb_zone_04_aaa_point_03": {
      "type": "Point",
      "tm": [
        [
          0.125823,
          0.0,
          -0.992053
        ],
        [
          0.0,
          1.0,
          0.0
        ],
        [
          0.992053,
          0.0,
          0.125823
        ],
        [
          -10999.6,
          584.231,
          -11728.3
        ]
      ],
      "objLayer": 0,
      "props": {}
    },
    "bdt_t1_bomb_zone_04_aaa_point_04": {
      "type": "Point",
      "tm": [
        [
          0.125823,
          0.0,
          -0.992053
        ],
        [
          0.0,
          1.0,
          0.0
        ],
        [
          0.992053,
          0.0,
          0.125823
        ],
        [
          -10459.8,
          399.08,
          -11508.4
        ]
      ],
      "objLayer": 0,
      "props": {}
    },
    "bdt_t1_bomb_zone_05": {
      "type": "Sphere",
      "tm": [
        [
          45.2266,
          0.0,
          -447.721
        ],
        [
          0.0,
          450.0,
          0.0
        ],
        [
          447.721,
          0.0,
          45.2266
        ],
        [
          -12517.2,
          533.42,
          -15102.3
        ]
      ],
      "objLayer": 0,
      "props": {}
    },
    "bdt_t1_bomb_zone_06": {
      "type": "Sphere",
      "tm": [
        [
          45.2266,
          0.0,
          -447.721
        ],
        [
          0.0,
          450.0,
          0.0
        ],
        [
          447.721,
          0.0,
          45.2266
        ],
        [
          -6955.1,
          541.899,
          -20585.2
        ]
      ],
      "objLayer": 0,
      "props": {}
    },
    "bdt_t1_bomb_zone_07": {
      "type": "Sphere",
      "tm": [
        [
          45.2266,
          0.0,
          -447.721
        ],
        [
          0.0,
          450.0,
          0.0
        ],
        [
          447.721,
          0.0,
          45.2266
        ],
        [
          -7155.1,
          521.935,
          -16468.4
        ]
      ],
      "objLayer": 0,
      "props": {}
    },
    "bdt_t1_bomb_zone_08": {
      "type": "Sphere",
      "tm": [
        [
          -156.596,
          0.0,
          -421.873
        ],
        [
          0.0,
          450.0,
          0.0
        ],
        [
          421.873,
          0.0,
          -156.596
        ],
        [
          12143.4,
          587.472,
          -15649.6
        ]
      ],
      "objLayer": 0,
      "props": {}
    },
    "bdt_t1_bomb_zone_09": {
      "type": "Sphere",
      "tm": [
        [
          -156.596,
          0.0,
          -421.873
        ],
        [
          0.0,
          450.0,
          0.0
        ],
        [
          421.873,
          0.0,
          -156.596
        ],
        [
          2566.72,
          555.16,
          -18808.6
        ]
      ],
      "objLayer": 0,
      "props": {}
    },
    "bdt_t1_bomb_zone_10": {
      "type": "Sphere",
      "tm": [
        [
          -156.596,
          0.0,
          -421.873
        ],
        [
          0.0,
          450.0,
          0.0
        ],
        [
          421.873,
          0.0,
          -156.596
        ],
        [
          7862.32,
          510.207,
          -15836.4
        ]
      ],
      "objLayer": 0,
      "props": {}
    },
    "bdt_t1_bomb_zone_05_aaa_point_01": {
      "type": "Point",
      "tm": [
        [
          0.125823,
          0.0,
          -0.992053
        ],
        [
          0.0,
          1.0,
          0.0
        ],
        [
          0.992053,
          0.0,
          0.125823
        ],
        [
          -12528.9,
          533.68,
          -14828.5
        ]
      ],
      "objLayer": 0,
      "props": {}
    },
    "bdt_t1_bomb_zone_05_aaa_point_02": {
      "type": "Point",
      "tm": [
        [
          0.125823,
          0.0,
          -0.992053
        ],
        [
          0.0,
          1.0,
          0.0
        ],
        [
          0.992053,
          0.0,
          0.125823
        ],
        [
          -12624.4,
          532.78,
          -14989.8
        ]
      ],
      "objLayer": 0,
      "props": {}
    },
    "bdt_t1_bomb_zone_05_aaa_point_03": {
      "type": "Point",
      "tm": [
        [
          0.125823,
          0.0,
          -0.992053
        ],
        [
          0.0,
          1.0,
          0.0
        ],
        [
          0.992053,
          0.0,
          0.125823
        ],
        [
          -12515.8,
          533.99,
          -15390.0
        ]
      ],
      "objLayer": 0,
      "props": {}
    },
    "bdt_t1_bomb_zone_05_aaa_point_04": {
      "type": "Point",
      "tm": [
        [
          0.125823,
          0.0,
          -0.992053
        ],
        [
          0.0,
          1.0,
          0.0
        ],
        [
          0.992053,
          0.0,
          0.125823
        ],
        [
          -12306.7,
          498.67,
          -15283.2
        ]
      ],
      "objLayer": 0,
      "props": {}
    },
    "bdt_t1_bomb_zone_06_aaa_point_01": {
      "type": "Point",
      "tm": [
        [
          0.125823,
          0.0,
          -0.992053
        ],
        [
          0.0,
          1.0,
          0.0
        ],
        [
          0.992053,
          0.0,
          0.125823
        ],
        [
          -7260.9,
          499.399,
          -20442.6
        ]
      ],
      "objLayer": 0,
      "props": {}
    },
    "bdt_t1_bomb_zone_06_aaa_point_02": {
      "type": "Point",
      "tm": [
        [
          0.125823,
          0.0,
          -0.992053
        ],
        [
          0.0,
          1.0,
          0.0
        ],
        [
          0.992053,
          0.0,
          0.125823
        ],
        [
          -7056.3,
          536.209,
          -20276.8
        ]
      ],
      "objLayer": 0,
      "props": {}
    },
    "bdt_t1_bomb_zone_06_aaa_point_03": {
      "type": "Point",
      "tm": [
        [
          0.125823,
          0.0,
          -0.992053
        ],
        [
          0.0,
          1.0,
          0.0
        ],
        [
          0.992053,
          0.0,
          0.125823
        ],
        [
          -6647.6,
          452.969,
          -20556.5
        ]
      ],
      "objLayer": 0,
      "props": {}
    },
    "bdt_t1_bomb_zone_06_aaa_point_04": {
      "type": "Point",
      "tm": [
        [
          0.125823,
          0.0,
          -0.992053
        ],
        [
          0.0,
          1.0,
          0.0
        ],
        [
          0.992053,
          0.0,
          0.125823
        ],
        [
          -7051.1,
          600.849,
          -20867.2
        ]
      ],
      "objLayer": 0,
      "props": {}
    },
    "bdt_t1_bomb_zone_07_aaa_point_01": {
      "type": "Point",
      "tm": [
        [
          0.125823,
          0.0,
          -0.992053
        ],
        [
          0.0,
          1.0,
          0.0
        ],
        [
          0.992053,
          0.0,
          0.125823
        ],
        [
          -6876.7,
          517.371,
          -16583.8
        ]
      ],
      "objLayer": 0,
      "props": {}
    },
    "bdt_t1_bomb_zone_07_aaa_point_02": {
      "type": "Point",
      "tm": [
        [
          0.125823,
          0.0,
          -0.992053
        ],
        [
          0.0,
          1.0,
          0.0
        ],
        [
          0.992053,
          0.0,
          0.125823
        ],
        [
          -7475.5,
          547.56,
          -16330.6
        ]
      ],
      "objLayer": 0,
      "props": {}
    },
    "bdt_t1_bomb_zone_07_aaa_point_03": {
      "type": "Point",
      "tm": [
        [
          0.125823,
          0.0,
          -0.992053
        ],
        [
          0.0,
          1.0,
          0.0
        ],
        [
          0.992053,
          0.0,
          0.125823
        ],
        [
          -7272.3,
          692.29,
          -16783.3
        ]
      ],
      "objLayer": 0,
      "props": {}
    },
    "bdt_t1_bomb_zone_07_aaa_point_04": {
      "type": "Point",
      "tm": [
        [
          0.125823,
          0.0,
          -0.992053
        ],
        [
          0.0,
          1.0,
          0.0
        ],
        [
          0.992053,
          0.0,
          0.125823
        ],
        [
          -6829.5,
          537.533,
          -16233.3
        ]
      ],
      "objLayer": 0,
      "props": {}
    },
    "bdt_t1_bomb_zone_08_aaa_point_01": {
      "type": "Point",
      "tm": [
        [
          0.235074,
          0.0,
          -0.971976
        ],
        [
          0.0,
          1.0,
          0.0
        ],
        [
          0.971976,
          0.0,
          0.235074
        ],
        [
          12417.6,
          585.096,
          -15503.6
        ]
      ],
      "objLayer": 0,
      "props": {}
    },
    "bdt_t1_bomb_zone_08_aaa_point_02": {
      "type": "Point",
      "tm": [
        [
          0.235074,
          0.0,
          -0.971976
        ],
        [
          0.0,
          1.0,
          0.0
        ],
        [
          0.971976,
          0.0,
          0.235074
        ],
        [
          11966.5,
          587.016,
          -15400.0
        ]
      ],
      "objLayer": 0,
      "props": {}
    },
    "bdt_t1_bomb_zone_08_aaa_point_03": {
      "type": "Point",
      "tm": [
        [
          0.235074,
          0.0,
          -0.971976
        ],
        [
          0.0,
          1.0,
          0.0
        ],
        [
          0.971976,
          0.0,
          0.235074
        ],
        [
          11815.1,
          584.266,
          -15792.0
        ]
      ],
      "objLayer": 0,
      "props": {}
    },
    "bdt_t1_bomb_zone_08_aaa_point_04": {
      "type": "Point",
      "tm": [
        [
          0.235074,
          0.0,
          -0.971976
        ],
        [
          0.0,
          1.0,
          0.0
        ],
        [
          0.971976,
          0.0,
          0.235074
        ],
        [
          12213.0,
          577.906,
          -15912.7
        ]
      ],
      "objLayer": 0,
      "props": {}
    },
    "bdt_t1_bomb_zone_09_aaa_point_01": {
      "type": "Point",
      "tm": [
        [
          0.235074,
          0.0,
          -0.971976
        ],
        [
          0.0,
          1.0,
          0.0
        ],
        [
          0.971976,
          0.0,
          0.235074
        ],
        [
          2544.5,
          589.483,
          -18361.2
        ]
      ],
      "objLayer": 0,
      "props": {}
    },
    "bdt_t1_bomb_zone_09_aaa_point_02": {
      "type": "Point",
      "tm": [
        [
          0.235074,
          0.0,
          -0.971976
        ],
        [
          0.0,
          1.0,
          0.0
        ],
        [
          0.971976,
          0.0,
          0.235074
        ],
        [
          2174.36,
          576.395,
          -18688.4
        ]
      ],
      "objLayer": 0,
      "props": {}
    },
    "bdt_t1_bomb_zone_09_aaa_point_03": {
      "type": "Point",
      "tm": [
        [
          0.235074,
          0.0,
          -0.971976
        ],
        [
          0.0,
          1.0,
          0.0
        ],
        [
          0.971976,
          0.0,
          0.235074
        ],
        [
          3030.7,
          588.76,
          -18628.9
        ]
      ],
      "objLayer": 0,
      "props": {}
    },
    "bdt_t1_bomb_zone_09_aaa_point_04": {
      "type": "Point",
      "tm": [
        [
          0.235074,
          0.0,
          -0.971976
        ],
        [
          0.0,
          1.0,
          0.0
        ],
        [
          0.971976,
          0.0,
          0.235074
        ],
        [
          2311.87,
          450.26,
