{
  "selected_tag": "",
  "bin_dump_file": "",
  "mission_settings": {
    "player": {
      "army": 1
    },
    "player_teamB": {
      "army": 2
    },
    "mission": {
      "level": "levels/air_smolensk.bin",
      "type": "domination",
      "environment": "Day",
      "weather": "hazy",
      "restoreType": "attempts",
      "optionalTakeOff": false
    }
  },
  "imports": {},
  "triggers": {
    "isCategory": true,
    "is_enabled": true
  },
  "mission_objectives": {
    "isCategory": true,
    "is_enabled": true
  },
  "variables": {},
  "dialogs": {},
  "airfields": {},
  "effects": {},
  "units": {
    "objectGroups": [
      {
        "name": "bdt_t2_bomb_object_01",
        "tm": [
          [
            -0.717136,
            0.0,
            -0.696931
          ],
          [
            0.0,
            1.0,
            0.0
          ],
          [
            0.696931,
            0.0,
            -0.717136
          ],
          [
            4496.3,
            528.549,
            -2130.35
          ]
        ],
        "unit_class": "dynBase_hq_camp_square",
        "objLayer": 2,
        "props": {
          "army": 2,
          "active": false
        }
      },
      {
        "name": "bdt_t2_bomb_object_02",
        "tm": [
          [
            -0.990151,
            0.0,
            -0.140021
          ],
          [
            0.0,
            1.0,
            0.0
          ],
          [
            0.140021,
            0.0,
            -0.990151
          ],
          [
            -1326.4,
            492.45,
            -888.8
          ]
        ],
        "unit_class": "dynBase_fuel_storage_square",
        "objLayer": 2,
        "props": {
          "army": 2,
          "active": false
        }
      },
      {
        "name": "bdt_t2_bomb_object_03",
        "tm": [
          [
            0.391523,
            0.0,
            -0.92017
          ],
          [
            0.0,
            1.0,
            0.0
          ],
          [
            0.92017,
            0.0,
            0.391523
          ],
          [
            -4969.45,
            523.65,
            -2471.75
          ]
        ],
        "unit_class": "dynBase_oil_storage_small_square",
        "objLayer": 2,
        "props": {
          "army": 2,
          "active": false
        }
      },
      {
        "name": "bdt_t1_bomb_object_01",
        "tm": [
          [
            -0.347988,
            0.0,
            -0.937498
          ],
          [
            0.0,
            1.0,
            0.0
          ],
          [
            0.937498,
            0.0,
            -0.347988
          ],
          [
            7381.33,
            558.611,
            -13379.0
          ]
        ],
        "unit_class": "dynBase_fuel_storage_square",
        "objLayer": 2,
        "props": {
          "army": 1,
          "active": false
        }
      },
      {
        "name": "bdt_t1_bomb_object_02",
        "tm": [
          [
            0.376802,
            0.0,
            -0.926293
          ],
          [
            0.0,
            1.0,
            0.0
          ],
          [
            0.926293,
            0.0,
            0.376802
          ],
          [
            5084.2,
            557.944,
            -12949.5
          ]
        ],
        "unit_class": "dynBase_small_factory_square",
        "objLayer": 2,
        "props": {
          "army": 1,
          "active": false
        }
      },
      {
        "name": "bdt_t1_bomb_object_03",
        "tm": [
          [
            0.471541,
            0.0,
            -0.881843
          ],
          [
            0.0,
            1.0,
            0.0
          ],
          [
            0.881843,
            0.0,
            0.471541
          ],
          [
            -2754.5,
            530.085,
            -14659.9
          ]
        ],
        "unit_class": "dynBase_oil_storage_small_square",
        "objLayer": 2,
        "props": {
          "army": 1,
          "active": false
        }
      },
      {
        "name": "bdt_t2_bomb_object_04",
        "tm": [
          [
            -0.187696,
            0.0,
            -0.982228
          ],
          [
            0.0,
            1.0,
            0.0
          ],
          [
            0.982228,
            0.0,
            -0.187696
          ],
          [
            4402.45,
            542.416,
            8.25
          ]
        ],
        "unit_class": "dynBase_small_factory_square",
        "objLayer": 2,
        "props": {
          "army": 2,
          "active": false
        }
      },
      {
        "name": "bdt_t1_bomb_object_04",
        "tm": [
          [
            0.133068,
            0.0,
            -0.991108
          ],
          [
            0.0,
            1.0,
            0.0
          ],
          [
            0.991108,
            0.0,
            0.133068
          ],
          [
            -5171.5,
            544.35,
            -13122.5
          ]
        ],
        "unit_class": "dynBase_field_camp_square",
        "objLayer": 2,
        "props": {
          "army": 1,
          "active": false
        }
      },
      {
        "name": "bdt_t1_bomb_object_05",
        "tm": [
          [
            0.133068,
            0.0,
            -0.991108
          ],
          [
            0.0,
            1.0,
            0.0
          ],
          [
            0.991108,
            0.0,
            0.133068
          ],
          [
            -6640.6,
            550.0,
            -10535.7
          ]
        ],
        "unit_class": "dynBase_military_base_square",
        "objLayer": 2,
        "props": {
          "army": 1,
          "active": false
        }
      },
      {
        "name": "bdt_t1_bomb_object_06",
        "tm": [
          [
            0.133068,
            0.0,
            -0.991108
          ],
          [
            0.0,
            1.0,
            0.0
          ],
          [
            0.991108,
            0.0,
            0.133068
          ],
          [
            -5458.1,
            562.25,
            -15746.0
          ]
        ],
        "unit_class": "dynBase_oil_storage_large_square",
        "objLayer": 2,
        "props": {
          "army": 1,
          "active": false
        }
      },
      {
        "name": "bdt_t1_bomb_object_07",
        "tm": [
          [
            0.133068,
            0.0,
            -0.991108
          ],
          [
            0.0,
            1.0,
            0.0
          ],
          [
            0.991108,
            0.0,
            0.133068
          ],
          [
            -7484.2,
            407.082,
            -13238.0
          ]
        ],
        "unit_class": "dynBase_oil_storage_large_square",
        "objLayer": 2,
        "props": {
          "army": 1,
          "active": false
        }
      },
      {
        "name": "bdt_t1_bomb_object_08",
        "tm": [
          [
            -0.347988,
            0.0,
            -0.937498
          ],
          [
            0.0,
            1.0,
            0.0
          ],
          [
            0.937498,
            0.0,
            -0.347988
          ],
          [
            6574.69,
            555.991,
            -11282.5
          ]
        ],
        "unit_class": "dynBase_small_factory_square",
        "objLayer": 2,
        "props": {
          "army": 1,
          "active": false
        }
      },
      {
        "name": "bdt_t1_bomb_object_09",
        "tm": [
          [
            -0.347988,
            0.0,
            -0.937498
          ],
          [
            0.0,
            1.0,
            0.0
          ],
          [
            0.937498,
            0.0,
            -0.347988
          ],
          [
            2108.51,
            568.0,
            -14753.7
          ]
        ],
        "unit_class": "dynBase_petrol_camp_square",
        "objLayer": 2,
        "props": {
          "army": 1,
          "active": false
        }
      },
      {
        "name": "bdt_t1_bomb_object_10",
        "tm": [
          [
            -0.347988,
            0.0,
            -0.937498
          ],
          [
            0.0,
            1.0,
            0.0
          ],
          [
            0.937498,
            0.0,
            -0.347988
          ],
          [
            4872.8,
            620.832,
            -15833.6
          ]
        ],
        "unit_class": "dynBase_petrol_camp_square",
        "objLayer": 2,
        "props": {
          "army": 1,
          "active": false
        }
      },
      {
        "name": "bdt_t2_bomb_object_05",
        "tm": [
          [
            -0.187696,
            0.0,
            -0.982228
          ],
          [
            0.0,
            1.0,
            0.0
          ],
          [
            0.982228,
            0.0,
            -0.187696
          ],
          [
            7195.7,
            440.078,
            -2276.8
          ]
        ],
        "unit_class": "dynBase_petrol_camp_square",
        "objLayer": 2,
        "props": {
          "army": 2,
          "active": false
        }
      },
      {
        "name": "bdt_t2_bomb_object_06",
        "tm": [
          [
            0.295194,
            0.0,
            -0.955439
          ],
          [
            0.0,
            1.0,
            0.0
          ],
          [
            0.955439,
            0.0,
            0.295194
          ],
          [
            6561.18,
            507.837,
            -5492.41
          ]
        ],
        "unit_class": "dynBase_military_base_square",
        "objLayer": 2,
        "props": {
          "army": 2,
          "active": false
        }
      },
      {
        "name": "bdt_t2_bomb_object_07",
        "tm": [
          [
            -0.187696,
            0.0,
            -0.982228
          ],
          [
            0.0,
            1.0,
            0.0
          ],
          [
            0.982228,
            0.0,
            -0.187696
          ],
          [
            1664.35,
            506.095,
            -942.85
          ]
        ],
        "unit_class": "dynBase_fuel_storage_square",
        "objLayer": 2,
        "props": {
          "army": 2,
          "active": false
        }
      },
      {
        "name": "bdt_t2_bomb_object_08",
        "tm": [
          [
            0.391523,
            0.0,
            -0.92017
          ],
          [
            0.0,
            1.0,
            0.0
          ],
          [
            0.92017,
            0.0,
            0.391523
          ],
          [
            -3414.5,
            492.083,
            888.919
          ]
        ],
        "unit_class": "dynBase_ammunition_storage_square",
        "objLayer": 2,
        "props": {
          "army": 2,
          "active": false
        }
      },
      {
        "name": "bdt_t2_bomb_object_09",
        "tm": [
          [
            0.391523,
            0.0,
            -0.92017
          ],
          [
            0.0,
            1.0,
            0.0
          ],
          [
            0.92017,
            0.0,
            0.391523
          ],
          [
            -6738.05,
            530.55,
            -4912.8
          ]
        ],
        "unit_class": "dynBase_field_camp_square",
        "objLayer": 2,
        "props": {
          "army": 2,
          "active": false
        }
      },
      {
        "name": "bdt_t2_bomb_object_10",
        "tm": [
          [
            0.391523,
            0.0,
            -0.92017
          ],
          [
            0.0,
            1.0,
            0.0
          ],
          [
            0.92017,
            0.0,
            0.391523
          ],
          [
            -6189.75,
            516.35,
            -596.05
          ]
        ],
        "unit_class": "dynBase_oil_storage_small_square",
        "objLayer": 2,
        "props": {
          "army": 2,
          "active": false
        }
      }
    ]
  },
  "areas": {
    "bdt_t2_bomb_zone_01": {
      "type": "Sphere",
      "tm": [
        [
          -322.712,
          0.0,
          -313.62
        ],
        [
          0.0,
          450.0,
          0.0
        ],
        [
          313.62,
          0.0,
          -322.712
        ],
        [
          4493.3,
          529.109,
          -2123.95
        ]
      ],
      "objLayer": 0,
      "props": {}
    },
    "bdt_t2_bomb_zone_02": {
      "type": "Sphere",
      "tm": [
        [
          -285.937,
          0.0,
          -347.477
        ],
        [
          0.0,
          450.0,
          0.0
        ],
        [
          347.477,
          0.0,
          -285.937
        ],
        [
          -1317.39,
          490.83,
          -908.6
        ]
      ],
      "objLayer": 0,
      "props": {}
    },
    "bdt_t2_bomb_zone_03": {
      "type": "Sphere",
      "tm": [
        [
          176.183,
          0.0,
          -414.076
        ],
        [
          0.0,
          450.0,
          0.0
        ],
        [
          414.076,
          0.0,
          176.183
        ],
        [
          -4963.95,
          524.35,
          -2463.65
        ]
      ],
      "objLayer": 0,
      "props": {}
    },
    "bdt_t1_bomb_zone_01": {
      "type": "Sphere",
      "tm": [
        [
          -156.596,
          0.0,
          -421.874
        ],
        [
          0.0,
          450.0,
          0.0
        ],
        [
          421.874,
          0.0,
          -156.596
        ],
        [
          7379.93,
          573.271,
          -13391.5
        ]
      ],
      "objLayer": 0,
      "props": {}
    },
    "bdt_t1_bomb_zone_02": {
      "type": "Sphere",
      "tm": [
        [
          75.3211,
          0.0,
          -443.651
        ],
        [
          0.0,
          450.0,
          0.0
        ],
        [
          443.651,
          0.0,
          75.3211
        ],
        [
          5087.0,
          558.934,
          -12953.1
        ]
      ],
      "objLayer": 0,
      "props": {}
    },
    "bdt_t1_bomb_zone_03": {
      "type": "Sphere",
      "tm": [
        [
          45.226,
          0.0,
          -447.72
        ],
        [
          0.0,
          450.0,
          0.0
        ],
        [
          447.72,
          0.0,
          45.226
        ],
        [
          -2753.39,
          529.416,
          -14665.4
        ]
      ],
      "objLayer": 0,
      "props": {}
    },
    "bdt_t2_bomb_zone_04": {
      "type": "Sphere",
      "tm": [
        [
          -84.4642,
          0.0,
          -442.0
        ],
        [
          0.0,
          450.0,
          0.0
        ],
        [
          442.0,
          0.0,
          -84.4642
        ],
        [
          4399.25,
          541.486,
          0.949007
        ]
      ],
      "objLayer": 0,
      "props": {}
    },
    "bdt_t1_bomb_zone_04": {
      "type": "Sphere",
      "tm": [
        [
          45.226,
          0.0,
          -447.72
        ],
        [
          0.0,
          450.0,
          0.0
        ],
        [
          447.72,
          0.0,
          45.226
        ],
        [
          -5165.7,
          545.01,
          -13122.2
        ]
      ],
      "objLayer": 0,
      "props": {}
    },
    "bdt_t2_bomb_zone_01_aaa_point_01": {
      "type": "Point",
      "tm": [
        [
          -0.205491,
          0.0,
          -0.978658
        ],
        [
          0.0,
          1.0,
          0.0
        ],
        [
          0.978658,
          0.0,
          -0.205491
        ],
        [
          4268.8,
          519.159,
          -2104.15
        ]
      ],
      "objLayer": 0,
      "props": {}
    },
    "bdt_t2_bomb_zone_01_aaa_point_02": {
      "type": "Point",
      "tm": [
        [
          -0.205491,
          0.0,
          -0.978658
        ],
        [
          0.0,
          1.0,
          0.0
        ],
        [
          0.978658,
          0.0,
          -0.205491
        ],
        [
          4774.1,
          557.699,
          -2043.05
        ]
      ],
      "objLayer": 0,
      "props": {}
    },
    "bdt_t2_bomb_zone_01_aaa_point_03": {
      "type": "Point",
      "tm": [
        [
          -0.205491,
          0.0,
          -0.978658
        ],
        [
          0.0,
          1.0,
          0.0
        ],
        [
          0.978658,
          0.0,
          -0.205491
        ],
        [
          4757.6,
          542.689,
          -2160.95
        ]
      ],
      "objLayer": 0,
      "props": {}
    },
    "bdt_t2_bomb_zone_01_aaa_point_04": {
      "type": "Point",
      "tm": [
        [
          -0.205491,
          0.0,
          -0.978658
        ],
        [
          0.0,
          1.0,
          0.0
        ],
        [
          0.978658,
          0.0,
          -0.205491
        ],
        [
          4746.7,
          559.136,
          -2588.55
        ]
      ],
      "objLayer": 0,
      "props": {}
    },
    "bdt_t2_bomb_zone_02_aaa_point_01": {
      "type": "Point",
      "tm": [
        [
          -0.095681,
          0.0,
          -0.995411
        ],
        [
          0.0,
          1.0,
          0.0
        ],
        [
          0.995411,
          0.0,
          -0.095681
        ],
        [
          -1447.1,
          524.5,
          -696.598
        ]
      ],
      "objLayer": 0,
      "props": {}
    },
    "bdt_t2_bomb_zone_02_aaa_point_02": {
      "type": "Point",
      "tm": [
        [
          -0.095681,
          0.0,
          -0.995411
        ],
        [
          0.0,
          1.0,
          0.0
        ],
        [
          0.995411,
          0.0,
          -0.095681
        ],
        [
          -1004.35,
          554.75,
          -1004.0
        ]
      ],
      "objLayer": 0,
      "props": {}
    },
    "bdt_t2_bomb_zone_02_aaa_point_03": {
      "type": "Point",
      "tm": [
        [
          -0.095681,
          0.0,
          -0.995411
        ],
        [
          0.0,
          1.0,
          0.0
        ],
        [
          0.995411,
          0.0,
          -0.095681
        ],
        [
          -1183.68,
          610.711,
          -662.997
        ]
      ],
      "objLayer": 0,
      "props": {}
    },
    "bdt_t2_bomb_zone_02_aaa_point_04": {
      "type": "Point",
      "tm": [
        [
          -0.095681,
          0.0,
          -0.995411
        ],
        [
          0.0,
          1.0,
          0.0
        ],
        [
          0.995411,
          0.0,
          -0.095681
        ],
        [
          -1378.01,
          463.971,
          -1129.9
        ]
      ],
      "objLayer": 0,
      "props": {}
    },
    "bdt_t2_bomb_zone_03_aaa_point_01": {
      "type": "Point",
      "tm": [
        [
          -0.095681,
          0.0,
          -0.995411
        ],
        [
          0.0,
          1.0,
          0.0
        ],
        [
          0.995411,
          0.0,
          -0.095681
        ],
        [
          -5261.15,
          597.73,
          -2484.25
        ]
      ],
      "objLayer": 0,
      "props": {}
    },
    "bdt_t2_bomb_zone_03_aaa_point_02": {
      "type": "Point",
      "tm": [
        [
          -0.095681,
          0.0,
          -0.995411
        ],
        [
          0.0,
          1.0,
          0.0
        ],
        [
          0.995411,
          0.0,
          -0.095681
        ],
        [
          -4704.75,
          427.11,
          -2599.45
        ]
      ],
      "objLayer": 0,
      "props": {}
    },
    "bdt_t2_bomb_zone_03_aaa_point_03": {
      "type": "Point",
      "tm": [
        [
          -0.095681,
          0.0,
          -0.995411
        ],
        [
          0.0,
          1.0,
          0.0
        ],
        [
          0.995411,
          0.0,
          -0.095681
        ],
        [
          -4693.25,
          513.2,
          -2292.25
        ]
      ],
      "objLayer": 0,
      "props": {}
    },
    "bdt_t2_bomb_zone_03_aaa_point_04": {
      "type": "Point",
      "tm": [
        [
          -0.095681,
          0.0,
          -0.995411
        ],
        [
          0.0,
          1.0,
          0.0
        ],
        [
          0.995411,
          0.0,
          -0.095681
        ],
        [
          -5189.75,
          564.25,
          -2266.15
        ]
      ],
      "objLayer": 0,
      "props": {}
    },
    "bdt_t2_bomb_zone_04_aaa_point_01": {
      "type": "Point",
      "tm": [
        [
          -0.205491,
          0.0,
          -0.978658
        ],
        [
          0.0,
          1.0,
          0.0
        ],
        [
          0.978658,
          0.0,
          -0.205491
        ],
        [
          4575.85,
          542.806,
          -280.453
        ]
      ],
      "objLayer": 0,
      "props": {}
    },
    "bdt_t2_bomb_zone_04_aaa_point_02": {
      "type": "Point",
      "tm": [
        [
          -0.205491,
          0.0,
          -0.978658
        ],
        [
          0.0,
          1.0,
          0.0
        ],
        [
          0.978658,
          0.0,
          -0.205491
        ],
        [
          4648.85,
          584.826,
          171.552
        ]
      ],
      "objLayer": 0,
      "props": {}
    },
    "bdt_t2_bomb_zone_04_aaa_point_03": {
      "type": "Point",
      "tm": [
        [
          -0.205491,
          0.0,
          -0.978658
        ],
        [
          0.0,
          1.0,
          0.0
        ],
        [
          0.978658,
          0.0,
          -0.205491
        ],
        [
          4140.95,
          510.606,
          -64.8495
        ]
      ],
      "objLayer": 0,
      "props": {}
    },
    "bdt_t2_bomb_zone_04_aaa_point_04": {
      "type": "Point",
      "tm": [
        [
          -0.205491,
          0.0,
          -0.978658
        ],
        [
          0.0,
          1.0,
          0.0
        ],
        [
          0.978658,
          0.0,
          -0.205491
        ],
        [
          4216.85,
          531.056,
          167.448
        ]
      ],
      "objLayer": 0,
      "props": {}
    },
    "bdt_t1_bomb_zone_01_aaa_point_01": {
      "type": "Point",
      "tm": [
        [
          0.235074,
          0.0,
          -0.971978
        ],
        [
          0.0,
          1.0,
          0.0
        ],
        [
          0.971978,
          0.0,
          0.235074
        ],
        [
          7448.53,
          683.481,
          -13636.9
        ]
      ],
      "objLayer": 0,
      "props": {}
    },
    "bdt_t1_bomb_zone_01_aaa_point_02": {
      "type": "Point",
      "tm": [
        [
          0.235074,
          0.0,
          -0.971978
        ],
        [
          0.0,
          1.0,
          0.0
        ],
        [
          0.971978,
          0.0,
          0.235074
        ],
        [
          7381.53,
          545.841,
          -13138.5
        ]
      ],
      "objLayer": 0,
      "props": {}
    },
    "bdt_t1_bomb_zone_01_aaa_point_03": {
      "type": "Point",
      "tm": [
        [
          0.235074,
          0.0,
          -0.971978
        ],
        [
          0.0,
          1.0,
          0.0
        ],
        [
          0.971978,
          0.0,
          0.235074
        ],
        [
          7148.13,
          477.091,
          -13417.8
        ]
      ],
      "objLayer": 0,
      "props": {}
    },
    "bdt_t1_bomb_zone_01_aaa_point_04": {
      "type": "Point",
      "tm": [
        [
          0.235074,
          0.0,
          -0.971978
        ],
        [
          0.0,
          1.0,
          0.0
        ],
        [
          0.971978,
          0.0,
          0.235074
        ],
        [
          7220.73,
          420.581,
          -13201.1
        ]
      ],
      "objLayer": 0,
      "props": {}
    },
    "bdt_t1_bomb_zone_02_aaa_point_01": {
      "type": "Point",
      "tm": [
        [
          0.235074,
          0.0,
          -0.971978
        ],
        [
          0.0,
          1.0,
          0.0
        ],
        [
          0.971978,
          0.0,
          0.235074
        ],
        [
          5310.7,
          632.354,
          -13105.1
        ]
      ],
      "objLayer": 0,
      "props": {}
    },
    "bdt_t1_bomb_zone_02_aaa_point_02": {
      "type": "Point",
      "tm": [
        [
          0.235074,
          0.0,
          -0.971978
        ],
        [
          0.0,
          1.0,
          0.0
        ],
        [
          0.971978,
          0.0,
          0.235074
        ],
        [
          5314.1,
          625.284,
          -12815.0
        ]
      ],
      "objLayer": 0,
      "props": {}
    },
    "bdt_t1_bomb_zone_02_aaa_point_03": {
      "type": "Point",
      "tm": [
        [
          0.235074,
          0.0,
          -0.971978
        ],
        [
          0.0,
          1.0,
          0.0
        ],
        [
          0.971978,
          0.0,
          0.235074
        ],
        [
          4638.6,
          525.834,
          -12995.5
        ]
      ],
      "objLayer": 0,
      "props": {}
    },
    "bdt_t1_bomb_zone_02_aaa_point_04": {
      "type": "Point",
      "tm": [
        [
          0.235074,
          0.0,
          -0.971978
        ],
        [
          0.0,
          1.0,
          0.0
        ],
        [
          0.971978,
          0.0,
          0.235074
        ],
        [
          5045.5,
          573.484,
          -12626.6
        ]
      ],
      "objLayer": 0,
      "props": {}
    },
    "bdt_t1_bomb_zone_03_aaa_point_01": {
      "type": "Point",
      "tm": [
        [
          0.125822,
          0.0,
          -0.992053
        ],
        [
          0.0,
          1.0,
          0.0
        ],
        [
          0.992053,
          0.0,
          0.125822
        ],
        [
          -3008.91,
          566.205,
          -14493.9
        ]
      ],
      "objLayer": 0,
      "props": {}
    },
    "bdt_t1_bomb_zone_03_aaa_point_02": {
      "type": "Point",
      "tm": [
        [
          0.125822,
          0.0,
          -0.992053
        ],
        [
          0.0,
          1.0,
          0.0
        ],
        [
          0.992053,
          0.0,
          0.125822
        ],
        [
          -2544.43,
          528.656,
          -14787.9
        ]
      ],
      "objLayer": 0,
      "props": {}
    },
    "bdt_t1_bomb_zone_03_aaa_point_03": {
      "type": "Point",
      "tm": [
        [
          0.125822,
          0.0,
          -0.992053
        ],
        [
          0.0,
          1.0,
          0.0
        ],
        [
          0.992053,
          0.0,
          0.125822
        ],
        [
          -2512.53,
          519.556,
          -14509.8
        ]
      ],
      "objLayer": 0,
      "props": {}
    },
    "bdt_t1_bomb_zone_03_aaa_point_04": {
      "type": "Point",
      "tm": [
        [
          0.125822,
          0.0,
          -0.992053
        ],
        [
          0.0,
          1.0,
          0.0
        ],
        [
          0.992053,
          0.0,
          0.125822
        ],
        [
          -2906.65,
          553.245,
          -14876.6
        ]
      ],
      "objLayer": 0,
      "props": {}
    },
    "bdt_t1_bomb_zone_04_aaa_point_01": {
      "type": "Point",
      "tm": [
        [
          0.125822,
          0.0,
          -0.992053
        ],
        [
          0.0,
          1.0,
          0.0
        ],
        [
          0.992053,
          0.0,
          0.125822
        ],
        [
          -5262.6,
          576.77,
          -13423.9
        ]
      ],
      "objLayer": 0,
      "props": {}
    },
    "bdt_t1_bomb_zone_04_aaa_point_02": {
      "type": "Point",
      "tm": [
        [
          0.125822,
          0.0,
          -0.992053
        ],
        [
          0.0,
          1.0,
          0.0
        ],
        [
          0.992053,
          0.0,
          0.125822
        ],
        [
          -4972.8,
          559.71,
          -13285.5
        ]
      ],
      "objLayer": 0,
      "props": {}
    },
    "bdt_t1_bomb_zone_04_aaa_point_03": {
      "type": "Point",
      "tm": [
        [
          0.125822,
          0.0,
          -0.992053
        ],
        [
          0.0,
          1.0,
          0.0
        ],
        [
          0.992053,
          0.0,
          0.125822
        ],
        [
          -5455.0,
          566.94,
          -13152.9
        ]
      ],
      "objLayer": 0,
      "props": {}
    },
    "bdt_t1_bomb_zone_04_aaa_point_04": {
      "type": "Point",
      "tm": [
        [
          0.125822,
          0.0,
          -0.992053
        ],
        [
          0.0,
          1.0,
          0.0
        ],
        [
          0.992053,
          0.0,
          0.125822
        ],
        [
          -4915.3,
          580.82,
          -12933.0
        ]
      ],
      "objLayer": 0,
      "props": {}
    },
    "bdt_t1_bomb_zone_05": {
      "type": "Sphere",
      "tm": [
        [
          45.226,
          0.0,
          -447.72
        ],
        [
          0.0,
          450.0,
          0.0
        ],
        [
          447.72,
          0.0,
          45.226
        ],
        [
          -6634.7,
          549.73,
          -10535.3
        ]
      ],
      "objLayer": 0,
      "props": {}
    },
    "bdt_t1_bomb_zone_06": {
      "type": "Sphere",
      "tm": [
        [
          45.226,
          0.0,
          -447.72
        ],
        [
          0.0,
          450.0,
          0.0
        ],
        [
          447.72,
          0.0,
          45.226
        ],
        [
          -5452.3,
          562.26,
          -15745.6
        ]
      ],
      "objLayer": 0,
      "props": {}
    },
    "bdt_t1_bomb_zone_07": {
      "type": "Sphere",
      "tm": [
        [
          45.226,
          0.0,
          -447.72
        ],
        [
          0.0,
          450.0,
          0.0
        ],
        [
          447.72,
          0.0,
          45.226
        ],
        [
          -7478.3,
          404.992,
          -13237.8
        ]
      ],
      "objLayer": 0,
      "props": {}
    },
    "bdt_t1_bomb_zone_08": {
      "type": "Sphere",
      "tm": [
        [
          -156.596,
          0.0,
          -421.874
        ],
        [
          0.0,
          450.0,
          0.0
        ],
        [
          421.874,
          0.0,
          -156.596
        ],
        [
          6573.29,
          559.32,
          -11295.1
        ]
      ],
      "objLayer": 0,
      "props": {}
    },
    "bdt_t1_bomb_zone_09": {
      "type": "Sphere",
      "tm": [
        [
          -156.596,
          0.0,
          -421.874
        ],
        [
          0.0,
          450.0,
          0.0
        ],
        [
          421.874,
          0.0,
          -156.596
        ],
        [
          2107.05,
          568.29,
          -14766.0
        ]
      ],
      "objLayer": 0,
      "props": {}
    },
    "bdt_t1_bomb_zone_10": {
      "type": "Sphere",
      "tm": [
        [
          -156.596,
          0.0,
          -421.874
        ],
        [
          0.0,
          450.0,
          0.0
        ],
        [
          421.874,
          0.0,
          -156.596
        ],
        [
          4871.3,
          621.632,
          -15846.2
        ]
      ],
      "objLayer": 0,
      "props": {}
    },
    "bdt_t1_bomb_zone_05_aaa_point_01": {
      "type": "Point",
      "tm": [
        [
          0.125822,
          0.0,
          -0.992053
        ],
        [
          0.0,
          1.0,
          0.0
        ],
        [
          0.992053,
          0.0,
          0.125822
        ],
        [
          -6646.5,
          538.68,
          -10261.6
        ]
      ],
      "objLayer": 0,
      "props": {}
    },
    "bdt_t1_bomb_zone_05_aaa_point_02": {
      "type": "Point",
      "tm": [
        [
          0.125822,
          0.0,
          -0.992053
        ],
        [
          0.0,
          1.0,
          0.0
        ],
        [
          0.992053,
          0.0,
          0.125822
        ],
        [
          -6742.0,
          549.63,
          -10422.8
        ]
      ],
      "objLayer": 0,
      "props": {}
    },
    "bdt_t1_bomb_zone_05_aaa_point_03": {
      "type": "Point",
      "tm": [
        [
          0.125822,
          0.0,
          -0.992053
        ],
        [
          0.0,
          1.0,
          0.0
        ],
        [
          0.992053,
          0.0,
          0.125822
        ],
        [
          -6633.4,
          561.82,
          -10823.1
        ]
      ],
      "objLayer": 0,
      "props": {}
    },
    "bdt_t1_bomb_zone_05_aaa_point_04": {
      "type": "Point",
      "tm": [
        [
          0.125822,
          0.0,
          -0.992053
        ],
        [
          0.0,
          1.0,
          0.0
        ],
        [
          0.992053,
          0.0,
          0.125822
        ],
        [
          -6424.4,
          540.62,
          -10716.4
        ]
      ],
      "objLayer": 0,
      "props": {}
    },
    "bdt_t1_bomb_zone_06_aaa_point_01": {
      "type": "Point",
      "tm": [
        [
          0.125822,
          0.0,
          -0.992053
        ],
        [
          0.0,
          1.0,
          0.0
        ],
        [
          0.992053,
          0.0,
          0.125822
        ],
        [
          -5758.0,
          563.493,
          -15603.0
        ]
      ],
      "objLayer": 0,
      "props": {}
    },
    "bdt_t1_bomb_zone_06_aaa_point_02": {
      "type": "Point",
      "tm": [
        [
          0.125822,
          0.0,
          -0.992053
        ],
        [
          0.0,
          1.0,
          0.0
        ],
        [
          0.992053,
          0.0,
          0.125822
        ],
        [
          -5553.2,
          562.205,
          -15437.1
        ]
      ],
      "objLayer": 0,
      "props": {}
    },
    "bdt_t1_bomb_zone_06_aaa_point_03": {
      "type": "Point",
      "tm": [
        [
          0.125822,
          0.0,
          -0.992053
        ],
        [
          0.0,
          1.0,
          0.0
        ],
        [
          0.992053,
          0.0,
          0.125822
        ],
        [
          -5144.5,
          562.117,
          -15716.8
        ]
      ],
      "objLayer": 0,
      "props": {}
    },
    "bdt_t1_bomb_zone_06_aaa_point_04": {
      "type": "Point",
      "tm": [
        [
          0.125822,
          0.0,
          -0.992053
        ],
        [
          0.0,
          1.0,
          0.0
        ],
        [
          0.992053,
          0.0,
          0.125822
        ],
        [
          -5548.1,
          562.565,
          -16027.4
        ]
      ],
      "objLayer": 0,
      "props": {}
    },
    "bdt_t1_bomb_zone_07_aaa_point_01": {
      "type": "Point",
      "tm": [
        [
          0.125822,
          0.0,
          -0.992053
        ],
        [
          0.0,
          1.0,
          0.0
        ],
        [
          0.992053,
          0.0,
          0.125822
        ],
        [
          -7200.0,
          290.622,
          -13353.0
        ]
      ],
      "objLayer": 0,
      "props": {}
    },
    "bdt_t1_bomb_zone_07_aaa_point_02": {
      "type": "Point",
      "tm": [
        [
          0.125822,
          0.0,
          -0.992053
        ],
        [
          0.0,
          1.0,
          0.0
        ],
        [
          0.992053,
          0.0,
          0.125822
        ],
        [
          -7798.7,
          567.472,
          -13099.9
        ]
      ],
      "objLayer": 0,
      "props": {}
    },
    "bdt_t1_bomb_zone_07_aaa_point_03": {
      "type": "Point",
      "tm": [
        [
          0.125822,
          0.0,
          -0.992053
        ],
        [
          0.0,
          1.0,
          0.0
        ],
        [
          0.992053,
          0.0,
          0.125822
        ],
        [
          -7595.6,
          394.702,
          -13552.6
        ]
      ],
      "objLayer": 0,
      "props": {}
    },
    "bdt_t1_bomb_zone_07_aaa_point_04": {
      "type": "Point",
      "tm": [
        [
          0.125822,
          0.0,
          -0.992053
        ],
        [
          0.0,
          1.0,
          0.0
        ],
        [
          0.992053,
          0.0,
          0.125822
        ],
        [
          -7152.6,
          265.862,
          -13002.5
        ]
      ],
      "objLayer": 0,
      "props": {}
    },
    "bdt_t1_bomb_zone_08_aaa_point_01": {
      "type": "Point",
      "tm": [
        [
          0.235074,
          0.0,
          -0.971978
        ],
        [
          0.0,
          1.0,
          0.0
        ],
        [
          0.971978,
          0.0,
          0.235074
        ],
        [
          6847.49,
          602.841,
          -11149.0
        ]
      ],
      "objLayer": 0,
      "props": {}
    },
    "bdt_t1_bomb_zone_08_aaa_point_02": {
      "type": "Point",
      "tm": [
        [
          0.235074,
          0.0,
          -0.971978
        ],
        [
          0.0,
          1.0,
          0.0
        ],
        [
          0.971978,
          0.0,
          0.235074
        ],
        [
          6396.39,
          533.871,
          -11045.4
        ]
      ],
      "objLayer": 0,
      "props": {}
    },
    "bdt_t1_bomb_zone_08_aaa_point_03": {
      "type": "Point",
      "tm": [
        [
          0.235074,
          0.0,
          -0.971978
        ],
        [
          0.0,
          1.0,
          0.0
        ],
        [
          0.971978,
          0.0,
          0.235074
        ],
        [
          6244.89,
          553.82,
          -11437.4
        ]
      ],
      "objLayer": 0,
      "props": {}
    },
    "bdt_t1_bomb_zone_08_aaa_point_04": {
      "type": "Point",
      "tm": [
        [
          0.235074,
          0.0,
          -0.971978
        ],
        [
          0.0,
          1.0,
          0.0
        ],
        [
          0.971978,
          0.0,
          0.235074
        ],
        [
          6642.89,
          699.931,
          -11558.1
        ]
      ],
      "objLayer": 0,
      "props": {}
    },
    "bdt_t1_bomb_zone_09_aaa_point_01": {
      "type": "Point",
      "tm": [
        [
          0.235074,
          0.0,
          -0.971978
        ],
        [
          0.0,
          1.0,
          0.0
        ],
        [
          0.971978,
          0.0,
          0.235074
        ],
        [
          2084.89,
          567.99,
          -14318.7
        ]
      ],
      "objLayer": 0,
      "props": {}
    },
    "bdt_t1_bomb_zone_09_aaa_point_02": {
      "type": "Point",
      "tm": [
        [
          0.235074,
          0.0,
          -0.971978
        ],
        [
          0.0,
          1.0,
          0.0
        ],
        [
          0.971978,
          0.0,
          0.235074
        ],
        [
          1714.81,
          559.47,
          -14645.8
        ]
      ],
      "objLayer": 0,
      "props": {}
    },
    "bdt_t1_bomb_zone_09_aaa_point_03": {
      "type": "Point",
      "tm": [
        [
          0.235074,
          0.0,
          -0.971978
        ],
        [
          0.0,
          1.0,
          0.0
        ],
        [
          0.971978,
          0.0,
          0.235074
        ],
        [
          2571.19,
          573.68,
          -14586.5
        ]
      ],
      "objLayer": 0,
      "props": {}
    },
    "bdt_t1_bomb_zone_09_aaa_point_04": {
      "type": "Point",
      "tm": [
        [
          0.235074,
          0.0,
          -0.971978
        ],
        [
          0.0,
          1.0,
          0.0
        ],
        [
          0.971978,
          0.0,
          0.235074
        ],
        [
          1852.43,
          560.07,
          -15079.6
        ]
