{
  "selected_tag": "",
  "bin_dump_file": "",
  "mission_settings": {
    "player": {
      "army": 1
    },
    "player_teamB": {
      "army": 2
    },
    "mission": {
      "level": "levels/air_smolensk.bin",
      "type": "domination",
      "environment": "Day",
      "weather": "hazy",
      "restoreType": "attempts",
      "optionalTakeOff": false
    }
  },
  "imports": {},
  "triggers": {
    "isCategory": true,
    "is_enabled": true
  },
  "mission_objectives": {
    "isCategory": true,
    "is_enabled": true
  },
  "variables": {},
  "dialogs": {},
  "airfields": {},
  "effects": {},
  "units": {
    "objectGroups": [
      {
        "name": "bdt_t2_bomb_object_01",
        "tm": [
          [
            -0.717135,
            0.0,
            -0.696932
          ],
          [
            0.0,
            1.0,
            0.0
          ],
          [
            0.696932,
            0.0,
            -0.717135
          ],
          [
            521.129,
            499.2,
            141.938
          ]
        ],
        "unit_class": "dynBase_hq_camp_square",
        "objLayer": 2,
        "props": {
          "army": 2,
          "active": true
        }
      },
      {
        "name": "bdt_t2_bomb_object_02",
        "tm": [
          [
            -0.990152,
            0.0,
            -0.140024
          ],
          [
            0.0,
            1.0,
            0.0
          ],
          [
            0.140024,
            0.0,
            -0.990152
          ],
          [
            -13618.6,
            362.37,
            494.027
          ]
        ],
        "unit_class": "dynBase_fuel_storage_square",
        "objLayer": 2,
        "props": {
          "army": 2,
          "active": true
        }
      },
      {
        "name": "bdt_t2_bomb_object_03",
        "tm": [
          [
            0.391524,
            0.0,
            -0.920171
          ],
          [
            0.0,
            1.0,
            0.0
          ],
          [
            0.920171,
            0.0,
            0.391524
          ],
          [
            -17626.6,
            601.634,
            -4155.81
          ]
        ],
        "unit_class": "dynBase_oil_storage_small_square",
        "objLayer": 2,
        "props": {
          "army": 2,
          "active": true
        }
      },
      {
        "name": "bdt_t1_bomb_object_01",
        "tm": [
          [
            -0.347987,
            0.0,
            -0.937499
          ],
          [
            0.0,
            1.0,
            0.0
          ],
          [
            0.937499,
            0.0,
            -0.347987
          ],
          [
            -66.1937,
            543.548,
            -20308.9
          ]
        ],
        "unit_class": "dynBase_fuel_storage_square",
        "objLayer": 2,
        "props": {
          "army": 1,
          "active": true
        }
      },
      {
        "name": "bdt_t1_bomb_object_02",
        "tm": [
          [
            0.376803,
            0.0,
            -0.926293
          ],
          [
            0.0,
            1.0,
            0.0
          ],
          [
            0.926293,
            0.0,
            0.376803
          ],
          [
            3405.27,
            616.448,
            -12090.1
          ]
        ],
        "unit_class": "dynBase_small_factory_square",
        "objLayer": 2,
        "props": {
          "army": 1,
          "active": false
        }
      },
      {
        "name": "bdt_t1_bomb_object_03",
        "tm": [
          [
            0.471542,
            0.0,
            -0.881843
          ],
          [
            0.0,
            1.0,
            0.0
          ],
          [
            0.881843,
            0.0,
            0.471542
          ],
          [
            -9711.21,
            526.134,
            -18728.0
          ]
        ],
        "unit_class": "dynBase_oil_storage_small_square",
        "objLayer": 2,
        "props": {
          "army": 1,
          "active": false
        }
      },
      {
        "name": "bdt_t2_bomb_object_04",
        "tm": [
          [
            -0.187695,
            0.0,
            -0.982226
          ],
          [
            0.0,
            1.0,
            0.0
          ],
          [
            0.982226,
            0.0,
            -0.187695
          ],
          [
            1000.83,
            503.226,
            3926.68
          ]
        ],
        "unit_class": "dynBase_small_factory_square",
        "objLayer": 2,
        "props": {
          "army": 2,
          "active": true
        }
      },
      {
        "name": "bdt_t1_bomb_object_04",
        "tm": [
          [
            0.133068,
            0.0,
            -0.991107
          ],
          [
            0.0,
            1.0,
            0.0
          ],
          [
            0.991107,
            0.0,
            0.133068
          ],
          [
            -17715.8,
            369.398,
            -11698.0
          ]
        ],
        "unit_class": "dynBase_field_camp_square",
        "objLayer": 2,
        "props": {
          "army": 1,
          "active": false
        }
      },
      {
        "name": "bdt_t1_bomb_object_05",
        "tm": [
          [
            0.133068,
            0.0,
            -0.991107
          ],
          [
            0.0,
            1.0,
            0.0
          ],
          [
            0.991107,
            0.0,
            0.133068
          ],
          [
            -19677.9,
            81.0947,
            -15330.7
          ]
        ],
        "unit_class": "dynBase_military_base_square",
        "objLayer": 2,
        "props": {
          "army": 1,
          "active": false
        }
      },
      {
        "name": "bdt_t1_bomb_object_06",
        "tm": [
          [
            0.133068,
            0.0,
            -0.991107
          ],
          [
            0.0,
            1.0,
            0.0
          ],
          [
            0.991107,
            0.0,
            0.133068
          ],
          [
            -13456.0,
            496.357,
            -20477.9
          ]
        ],
        "unit_class": "dynBase_oil_storage_large_square",
        "objLayer": 2,
        "props": {
          "army": 1,
          "active": false
        }
      },
      {
        "name": "bdt_t1_bomb_object_07",
        "tm": [
          [
            0.133068,
            0.0,
            -0.991107
          ],
          [
            0.0,
            1.0,
            0.0
          ],
          [
            0.991107,
            0.0,
            0.133068
          ],
          [
            -14124.9,
            518.533,
            -16441.2
          ]
        ],
        "unit_class": "dynBase_oil_storage_large_square",
        "objLayer": 2,
        "props": {
          "army": 1,
          "active": false
        }
      },
      {
        "name": "bdt_t1_bomb_object_08",
        "tm": [
          [
            -0.347987,
            0.0,
            -0.937499
          ],
          [
            0.0,
            1.0,
            0.0
          ],
          [
            0.937499,
            0.0,
            -0.347987
          ],
          [
            5144.78,
            555.564,
            -15637.0
          ]
        ],
        "unit_class": "dynBase_small_factory_square",
        "objLayer": 2,
        "props": {
          "army": 1,
          "active": true
        }
      },
      {
        "name": "bdt_t1_bomb_object_09",
        "tm": [
          [
            -0.347987,
            0.0,
            -0.937499
          ],
          [
            0.0,
            1.0,
            0.0
          ],
          [
            0.937499,
            0.0,
            -0.347987
          ],
          [
            -4431.88,
            570.467,
            -18796.3
          ]
        ],
        "unit_class": "dynBase_petrol_camp_square",
        "objLayer": 2,
        "props": {
          "army": 1,
          "active": true
        }
      },
      {
        "name": "bdt_t1_bomb_object_10",
        "tm": [
          [
            -0.347987,
            0.0,
            -0.937499
          ],
          [
            0.0,
            1.0,
            0.0
          ],
          [
            0.937499,
            0.0,
            -0.347987
          ],
          [
            863.799,
            555.626,
            -15823.9
          ]
        ],
        "unit_class": "dynBase_petrol_camp_square",
        "objLayer": 2,
        "props": {
          "army": 1,
          "active": true
        }
      },
      {
        "name": "bdt_t2_bomb_object_05",
        "tm": [
          [
            -0.187695,
            0.0,
            -0.982226
          ],
          [
            0.0,
            1.0,
            0.0
          ],
          [
            0.982226,
            0.0,
            -0.187695
          ],
          [
            6407.19,
            414.577,
            -2602.94
          ]
        ],
        "unit_class": "dynBase_petrol_camp_square",
        "objLayer": 2,
        "props": {
          "army": 2,
          "active": true
        }
      },
      {
        "name": "bdt_t2_bomb_object_06",
        "tm": [
          [
            0.295195,
            0.0,
            -0.955437
          ],
          [
            0.0,
            1.0,
            0.0
          ],
          [
            0.955437,
            0.0,
            0.295195
          ],
          [
            3256.2,
            405.449,
            -5757.9
          ]
        ],
        "unit_class": "dynBase_military_base_square",
        "objLayer": 2,
        "props": {
          "army": 2,
          "active": true
        }
      },
      {
        "name": "bdt_t2_bomb_object_07",
        "tm": [
          [
            -0.187695,
            0.0,
            -0.982226
          ],
          [
            0.0,
            1.0,
            0.0
          ],
          [
            0.982226,
            0.0,
            -0.187695
          ],
          [
            -3729.17,
            514.369,
            2581.72
          ]
        ],
        "unit_class": "dynBase_fuel_storage_square",
        "objLayer": 2,
        "props": {
          "army": 2,
          "active": true
        }
      },
      {
        "name": "bdt_t2_bomb_object_08",
        "tm": [
          [
            0.391524,
            0.0,
            -0.920171
          ],
          [
            0.0,
            1.0,
            0.0
          ],
          [
            0.920171,
            0.0,
            0.391524
          ],
          [
            -13383.3,
            64.6163,
            4293.93
          ]
        ],
        "unit_class": "dynBase_ammunition_storage_square",
        "objLayer": 2,
        "props": {
          "army": 2,
          "active": true
        }
      },
      {
        "name": "bdt_t2_bomb_object_09",
        "tm": [
          [
            0.391524,
            0.0,
            -0.920171
          ],
          [
            0.0,
            1.0,
            0.0
          ],
          [
            0.920171,
            0.0,
            0.391524
          ],
          [
            -18699.1,
            261.157,
            303.778
          ]
        ],
        "unit_class": "dynBase_field_camp_square",
        "objLayer": 2,
        "props": {
          "army": 2,
          "active": true
        }
      },
      {
        "name": "bdt_t2_bomb_object_10",
        "tm": [
          [
            0.391524,
            0.0,
            -0.920171
          ],
          [
            0.0,
            1.0,
            0.0
          ],
          [
            0.920171,
            0.0,
            0.391524
          ],
          [
            -8337.09,
            303.169,
            3015.32
          ]
        ],
        "unit_class": "dynBase_oil_storage_small_square",
        "objLayer": 2,
        "props": {
          "army": 2,
          "active": true
        }
      }
    ]
  },
  "areas": {
    "bdt_t2_bomb_zone_01": {
      "type": "Sphere",
      "tm": [
        [
          -322.713,
          0.0,
          -313.622
        ],
        [
          0.0,
          450.0,
          0.0
        ],
        [
          313.622,
          0.0,
          -322.713
        ],
        [
          518.196,
          480.108,
          148.361
        ]
      ],
      "objLayer": 0,
      "props": {}
    },
    "bdt_t2_bomb_zone_02": {
      "type": "Sphere",
      "tm": [
        [
          -285.938,
          0.0,
          -347.478
        ],
        [
          0.0,
          450.0,
          0.0
        ],
        [
          347.478,
          0.0,
          -285.938
        ],
        [
          -13609.7,
          362.69,
          474.282
        ]
      ],
      "objLayer": 0,
      "props": {}
    },
    "bdt_t2_bomb_zone_03": {
      "type": "Sphere",
      "tm": [
        [
          176.183,
          0.0,
          -414.075
        ],
        [
          0.0,
          450.0,
          0.0
        ],
        [
          414.075,
          0.0,
          176.183
        ],
        [
          -17621.0,
          601.584,
          -4147.67
        ]
      ],
      "objLayer": 0,
      "props": {}
    },
    "bdt_t1_bomb_zone_01": {
      "type": "Sphere",
      "tm": [
        [
          -156.596,
          0.0,
          -421.873
        ],
        [
          0.0,
          450.0,
          0.0
        ],
        [
          421.873,
          0.0,
          -156.596
        ],
        [
          -67.5375,
          549.107,
          -20321.5
        ]
      ],
      "objLayer": 0,
      "props": {}
    },
    "bdt_t1_bomb_zone_02": {
      "type": "Sphere",
      "tm": [
        [
          75.3227,
          0.0,
          -443.65
        ],
        [
          0.0,
          450.0,
          0.0
        ],
        [
          443.65,
          0.0,
          75.3227
        ],
        [
          3407.98,
          613.818,
          -12094.0
        ]
      ],
      "objLayer": 0,
      "props": {}
    },
    "bdt_t1_bomb_zone_03": {
      "type": "Sphere",
      "tm": [
        [
          45.2266,
          0.0,
          -447.721
        ],
        [
          0.0,
          450.0,
          0.0
        ],
        [
          447.721,
          0.0,
          45.2266
        ],
        [
          -9710.11,
          526.004,
          -18733.5
        ]
      ],
      "objLayer": 0,
      "props": {}
    },
    "bdt_t2_bomb_zone_04": {
      "type": "Sphere",
      "tm": [
        [
          -84.4647,
          0.0,
          -442.0
        ],
        [
          0.0,
          450.0,
          0.0
        ],
        [
          442.0,
          0.0,
          -84.4647
        ],
        [
          997.695,
          501.046,
          3919.46
        ]
      ],
      "objLayer": 0,
      "props": {}
    },
    "bdt_t1_bomb_zone_04": {
      "type": "Sphere",
      "tm": [
        [
          45.2266,
          0.0,
          -447.721
        ],
        [
          0.0,
          450.0,
          0.0
        ],
        [
          447.721,
          0.0,
          45.2266
        ],
        [
          -17710.2,
          367.768,
          -11697.7
        ]
      ],
      "objLayer": 0,
      "props": {}
    },
    "bdt_t2_bomb_zone_01_aaa_point_01": {
      "type": "Point",
      "tm": [
        [
          -0.20549,
          0.0,
          -0.978658
        ],
        [
          0.0,
          1.0,
          0.0
        ],
        [
          0.978658,
          0.0,
          -0.20549
        ],
        [
          293.669,
          411.34,
          168.171
        ]
      ],
      "objLayer": 0,
      "props": {}
    },
    "bdt_t2_bomb_zone_01_aaa_point_02": {
      "type": "Point",
      "tm": [
        [
          -0.20549,
          0.0,
          -0.978658
        ],
        [
          0.0,
          1.0,
          0.0
        ],
        [
          0.978658,
          0.0,
          -0.20549
        ],
        [
          799.046,
          606.33,
          229.303
        ]
      ],
      "objLayer": 0,
      "props": {}
    },
    "bdt_t2_bomb_zone_01_aaa_point_03": {
      "type": "Point",
      "tm": [
        [
          -0.20549,
          0.0,
          -0.978658
        ],
        [
          0.0,
          1.0,
          0.0
        ],
        [
          0.978658,
          0.0,
          -0.20549
        ],
        [
          782.493,
          591.5,
          111.379
        ]
      ],
      "objLayer": 0,
      "props": {}
    },
    "bdt_t2_bomb_zone_01_aaa_point_04": {
      "type": "Point",
      "tm": [
        [
          -0.20549,
          0.0,
          -0.978658
        ],
        [
          0.0,
          1.0,
          0.0
        ],
        [
          0.978658,
          0.0,
          -0.20549
        ],
        [
          726.472,
          412.7,
          -269.982
        ]
      ],
      "objLayer": 0,
      "props": {}
    },
    "bdt_t2_bomb_zone_02_aaa_point_01": {
      "type": "Point",
      "tm": [
        [
          -0.0956805,
          0.0,
          -0.995411
        ],
        [
          0.0,
          1.0,
          0.0
        ],
        [
          0.995411,
          0.0,
          -0.0956805
        ],
        [
          -13739.3,
          360.05,
          686.343
        ]
      ],
      "objLayer": 0,
      "props": {}
    },
    "bdt_t2_bomb_zone_02_aaa_point_02": {
      "type": "Point",
      "tm": [
        [
          -0.0956805,
          0.0,
          -0.995411
        ],
        [
          0.0,
          1.0,
          0.0
        ],
        [
          0.995411,
          0.0,
          -0.0956805
        ],
        [
          -13296.6,
          361.891,
          378.776
        ]
      ],
      "objLayer": 0,
      "props": {}
    },
    "bdt_t2_bomb_zone_02_aaa_point_03": {
      "type": "Point",
      "tm": [
        [
          -0.0956805,
          0.0,
          -0.995411
        ],
        [
          0.0,
          1.0,
          0.0
        ],
        [
          0.995411,
          0.0,
          -0.0956805
        ],
        [
          -13476.0,
          346.04,
          719.827
        ]
      ],
      "objLayer": 0,
      "props": {}
    },
    "bdt_t2_bomb_zone_02_aaa_point_04": {
      "type": "Point",
      "tm": [
        [
          -0.0956805,
          0.0,
          -0.995411
        ],
        [
          0.0,
          1.0,
          0.0
        ],
        [
          0.995411,
          0.0,
          -0.0956805
        ],
        [
          -13670.2,
          359.98,
          253.008
        ]
      ],
      "objLayer": 0,
      "props": {}
    },
    "bdt_t2_bomb_zone_03_aaa_point_01": {
      "type": "Point",
      "tm": [
        [
          -0.0956805,
          0.0,
          -0.995411
        ],
        [
          0.0,
          1.0,
          0.0
        ],
        [
          0.995411,
          0.0,
          -0.0956805
        ],
        [
          -17918.3,
          604.384,
          -4168.3
        ]
      ],
      "objLayer": 0,
      "props": {}
    },
    "bdt_t2_bomb_zone_03_aaa_point_02": {
      "type": "Point",
      "tm": [
        [
          -0.0956805,
          0.0,
          -0.995411
        ],
        [
          0.0,
          1.0,
          0.0
        ],
        [
          0.995411,
          0.0,
          -0.0956805
        ],
        [
          -17361.8,
          598.324,
          -4283.43
        ]
      ],
      "objLayer": 0,
      "props": {}
    },
    "bdt_t2_bomb_zone_03_aaa_point_03": {
      "type": "Point",
      "tm": [
        [
          -0.0956805,
          0.0,
          -0.995411
        ],
        [
          0.0,
          1.0,
          0.0
        ],
        [
          0.995411,
          0.0,
          -0.0956805
        ],
        [
          -17350.4,
          598.714,
          -3976.3
        ]
      ],
      "objLayer": 0,
      "props": {}
    },
    "bdt_t2_bomb_zone_03_aaa_point_04": {
      "type": "Point",
      "tm": [
        [
          -0.0956805,
          0.0,
          -0.995411
        ],
        [
          0.0,
          1.0,
          0.0
        ],
        [
          0.995411,
          0.0,
          -0.0956805
        ],
        [
          -17846.7,
          604.245,
          -3950.17
        ]
      ],
      "objLayer": 0,
      "props": {}
    },
    "bdt_t2_bomb_zone_04_aaa_point_01": {
      "type": "Point",
      "tm": [
        [
          -0.20549,
          0.0,
          -0.978658
        ],
        [
          0.0,
          1.0,
          0.0
        ],
        [
          0.978658,
          0.0,
          -0.20549
        ],
        [
          1174.14,
          560.726,
          3637.89
        ]
      ],
      "objLayer": 0,
      "props": {}
    },
    "bdt_t2_bomb_zone_04_aaa_point_02": {
      "type": "Point",
      "tm": [
        [
          -0.20549,
          0.0,
          -0.978658
        ],
        [
          0.0,
          1.0,
          0.0
        ],
        [
          0.978658,
          0.0,
          -0.20549
        ],
        [
          1247.14,
          560.886,
          4089.92
        ]
      ],
      "objLayer": 0,
      "props": {}
    },
    "bdt_t2_bomb_zone_04_aaa_point_03": {
      "type": "Point",
      "tm": [
        [
          -0.20549,
          0.0,
          -0.978658
        ],
        [
          0.0,
          1.0,
          0.0
        ],
        [
          0.978658,
          0.0,
          -0.20549
        ],
        [
          739.301,
          368.666,
          3853.55
        ]
      ],
      "objLayer": 0,
      "props": {}
    },
    "bdt_t2_bomb_zone_04_aaa_point_04": {
      "type": "Point",
      "tm": [
        [
          -0.20549,
          0.0,
          -0.978658
        ],
        [
          0.0,
          1.0,
          0.0
        ],
        [
          0.978658,
          0.0,
          -0.20549
        ],
        [
          815.212,
          427.416,
          4085.89
        ]
      ],
      "objLayer": 0,
      "props": {}
    },
    "bdt_t1_bomb_zone_01_aaa_point_01": {
      "type": "Point",
      "tm": [
        [
          0.235074,
          0.0,
          -0.971976
        ],
        [
          0.0,
          1.0,
          0.0
        ],
        [
          0.971976,
          0.0,
          0.235074
        ],
        [
          0.971291,
          368.147,
          -20566.8
        ]
      ],
      "objLayer": 0,
      "props": {}
    },
    "bdt_t1_bomb_zone_01_aaa_point_02": {
      "type": "Point",
      "tm": [
        [
          0.235074,
          0.0,
          -0.971976
        ],
        [
          0.0,
          1.0,
          0.0
        ],
        [
          0.971976,
          0.0,
          0.235074
        ],
        [
          -66.018,
          527.397,
          -20068.2
        ]
      ],
      "objLayer": 0,
      "props": {}
    },
    "bdt_t1_bomb_zone_01_aaa_point_03": {
      "type": "Point",
      "tm": [
        [
          0.235074,
          0.0,
          -0.971976
        ],
        [
          0.0,
          1.0,
          0.0
        ],
        [
          0.971976,
          0.0,
          0.235074
        ],
        [
          -299.445,
          685.857,
          -20347.6
        ]
      ],
      "objLayer": 0,
      "props": {}
    },
    "bdt_t1_bomb_zone_01_aaa_point_04": {
      "type": "Point",
      "tm": [
        [
          0.235074,
          0.0,
          -0.971976
        ],
        [
          0.0,
          1.0,
          0.0
        ],
        [
          0.971976,
          0.0,
          0.235074
        ],
        [
          -226.788,
          623.538,
          -20131.0
        ]
      ],
      "objLayer": 0,
      "props": {}
    },
    "bdt_t1_bomb_zone_02_aaa_point_01": {
      "type": "Point",
      "tm": [
        [
          0.235074,
          0.0,
          -0.971976
        ],
        [
          0.0,
          1.0,
          0.0
        ],
        [
          0.971976,
          0.0,
          0.235074
        ],
        [
          3631.64,
          615.778,
          -12246.0
        ]
      ],
      "objLayer": 0,
      "props": {}
    },
    "bdt_t1_bomb_zone_02_aaa_point_02": {
      "type": "Point",
      "tm": [
        [
          0.235074,
          0.0,
          -0.971976
        ],
        [
          0.0,
          1.0,
          0.0
        ],
        [
          0.971976,
          0.0,
          0.235074
        ],
        [
          3635.08,
          614.148,
          -11955.8
        ]
      ],
      "objLayer": 0,
      "props": {}
    },
    "bdt_t1_bomb_zone_02_aaa_point_03": {
      "type": "Point",
      "tm": [
        [
          0.235074,
          0.0,
          -0.971976
        ],
        [
          0.0,
          1.0,
          0.0
        ],
        [
          0.971976,
          0.0,
          0.235074
        ],
        [
          2959.53,
          510.278,
          -12136.4
        ]
      ],
      "objLayer": 0,
      "props": {}
    },
    "bdt_t1_bomb_zone_02_aaa_point_04": {
      "type": "Point",
      "tm": [
        [
          0.235074,
          0.0,
          -0.971976
        ],
        [
          0.0,
          1.0,
          0.0
        ],
        [
          0.971976,
          0.0,
          0.235074
        ],
        [
          3366.45,
          474.408,
          -11767.6
        ]
      ],
      "objLayer": 0,
      "props": {}
    },
    "bdt_t1_bomb_zone_03_aaa_point_01": {
      "type": "Point",
      "tm": [
        [
          0.125823,
          0.0,
          -0.992053
        ],
        [
          0.0,
          1.0,
          0.0
        ],
        [
          0.992053,
          0.0,
          0.125823
        ],
        [
          -9965.59,
          678.664,
          -18562.0
        ]
      ],
      "objLayer": 0,
      "props": {}
    },
    "bdt_t1_bomb_zone_03_aaa_point_02": {
      "type": "Point",
      "tm": [
        [
          0.125823,
          0.0,
          -0.992053
        ],
        [
          0.0,
          1.0,
          0.0
        ],
        [
          0.992053,
          0.0,
          0.125823
        ],
        [
          -9501.22,
          523.054,
          -18855.9
        ]
      ],
      "objLayer": 0,
      "props": {}
    },
    "bdt_t1_bomb_zone_03_aaa_point_03": {
      "type": "Point",
      "tm": [
        [
          0.125823,
          0.0,
          -0.992053
        ],
        [
          0.0,
          1.0,
          0.0
        ],
        [
          0.992053,
          0.0,
          0.125823
        ],
        [
          -9469.19,
          529.824,
          -18577.9
        ]
      ],
      "objLayer": 0,
      "props": {}
    },
    "bdt_t1_bomb_zone_03_aaa_point_04": {
      "type": "Point",
      "tm": [
        [
          0.125823,
          0.0,
          -0.992053
        ],
        [
          0.0,
          1.0,
          0.0
        ],
        [
          0.992053,
          0.0,
          0.125823
        ],
        [
          -9863.19,
          527.614,
          -18944.7
        ]
      ],
      "objLayer": 0,
      "props": {}
    },
    "bdt_t1_bomb_zone_04_aaa_point_01": {
      "type": "Point",
      "tm": [
        [
          0.125823,
          0.0,
          -0.992053
        ],
        [
          0.0,
          1.0,
          0.0
        ],
        [
          0.992053,
          0.0,
          0.125823
        ],
        [
          -17807.0,
          307.708,
          -11999.4
        ]
      ],
      "objLayer": 0,
      "props": {}
    },
    "bdt_t1_bomb_zone_04_aaa_point_02": {
      "type": "Point",
      "tm": [
        [
          0.125823,
          0.0,
          -0.992053
        ],
        [
          0.0,
          1.0,
          0.0
        ],
        [
          0.992053,
          0.0,
          0.125823
        ],
        [
          -17517.3,
          191.798,
          -11861.0
        ]
      ],
      "objLayer": 0,
      "props": {}
    },
    "bdt_t1_bomb_zone_04_aaa_point_03": {
      "type": "Point",
      "tm": [
        [
          0.125823,
          0.0,
          -0.992053
        ],
        [
          0.0,
          1.0,
          0.0
        ],
        [
          0.992053,
          0.0,
          0.125823
        ],
        [
          -17999.6,
          457.829,
          -11728.3
        ]
      ],
      "objLayer": 0,
      "props": {}
    },
    "bdt_t1_bomb_zone_04_aaa_point_04": {
      "type": "Point",
      "tm": [
        [
          0.125823,
          0.0,
          -0.992053
        ],
        [
          0.0,
          1.0,
          0.0
        ],
        [
          0.992053,
          0.0,
          0.125823
        ],
        [
          -17459.8,
          272.678,
          -11508.4
        ]
      ],
      "objLayer": 0,
      "props": {}
    },
    "bdt_t1_bomb_zone_05": {
      "type": "Sphere",
      "tm": [
        [
          45.2266,
          0.0,
          -447.721
        ],
        [
          0.0,
          450.0,
          0.0
        ],
        [
          447.721,
          0.0,
          45.2266
        ],
        [
          -19672.1,
          81.1147,
          -15330.3
        ]
      ],
      "objLayer": 0,
      "props": {}
    },
    "bdt_t1_bomb_zone_06": {
      "type": "Sphere",
      "tm": [
        [
          45.2266,
          0.0,
          -447.721
        ],
        [
          0.0,
          450.0,
          0.0
        ],
        [
          447.721,
          0.0,
          45.2266
        ],
        [
          -13450.2,
          495.256,
          -20477.6
        ]
      ],
      "objLayer": 0,
      "props": {}
    },
    "bdt_t1_bomb_zone_07": {
      "type": "Sphere",
      "tm": [
        [
          45.2266,
          0.0,
          -447.721
        ],
        [
          0.0,
          450.0,
          0.0
        ],
        [
          447.721,
          0.0,
          45.2266
        ],
        [
          -14119.1,
          516.514,
          -16440.9
        ]
      ],
      "objLayer": 0,
      "props": {}
    },
    "bdt_t1_bomb_zone_08": {
      "type": "Sphere",
      "tm": [
        [
          -156.596,
          0.0,
          -421.873
        ],
        [
          0.0,
          450.0,
          0.0
        ],
        [
          421.873,
          0.0,
          -156.596
        ],
        [
          5143.44,
          555.194,
          -15649.6
        ]
      ],
      "objLayer": 0,
      "props": {}
    },
    "bdt_t1_bomb_zone_09": {
      "type": "Sphere",
      "tm": [
        [
          -156.596,
          0.0,
          -421.873
        ],
        [
          0.0,
          450.0,
          0.0
        ],
        [
          421.873,
          0.0,
          -156.596
        ],
        [
          -4433.28,
          572.527,
          -18808.6
        ]
      ],
      "objLayer": 0,
      "props": {}
    },
    "bdt_t1_bomb_zone_10": {
      "type": "Sphere",
      "tm": [
        [
          -156.596,
          0.0,
          -421.873
        ],
        [
          0.0,
          450.0,
          0.0
        ],
        [
          421.873,
          0.0,
          -156.596
        ],
        [
          862.319,
          555.856,
          -15836.4
        ]
      ],
      "objLayer": 0,
      "props": {}
    },
    "bdt_t1_bomb_zone_05_aaa_point_01": {
      "type": "Point",
      "tm": [
        [
          0.125823,
          0.0,
          -0.992053
        ],
        [
          0.0,
          1.0,
          0.0
        ],
        [
          0.992053,
          0.0,
          0.125823
        ],
        [
          -19683.8,
          81.3748,
          -15056.5
        ]
      ],
      "objLayer": 0,
      "props": {}
    },
    "bdt_t1_bomb_zone_05_aaa_point_02": {
      "type": "Point",
      "tm": [
        [
          0.125823,
          0.0,
          -0.992053
        ],
        [
          0.0,
          1.0,
          0.0
        ],
        [
          0.992053,
          0.0,
          0.125823
        ],
        [
          -19779.3,
          80.4749,
          -15217.7
        ]
      ],
      "objLayer": 0,
      "props": {}
    },
    "bdt_t1_bomb_zone_05_aaa_point_03": {
      "type": "Point",
      "tm": [
        [
          0.125823,
          0.0,
          -0.992053
        ],
        [
          0.0,
          1.0,
          0.0
        ],
        [
          0.992053,
          0.0,
          0.125823
        ],
        [
          -19670.7,
          81.6848,
          -15618.0
        ]
      ],
      "objLayer": 0,
      "props": {}
    },
    "bdt_t1_bomb_zone_05_aaa_point_04": {
      "type": "Point",
      "tm": [
        [
          0.125823,
          0.0,
          -0.992053
        ],
        [
          0.0,
          1.0,
          0.0
        ],
        [
          0.992053,
          0.0,
          0.125823
        ],
        [
          -19461.6,
          46.3649,
          -15511.2
        ]
      ],
      "objLayer": 0,
      "props": {}
    },
    "bdt_t1_bomb_zone_06_aaa_point_01": {
      "type": "Point",
      "tm": [
        [
          0.125823,
          0.0,
          -0.992053
        ],
        [
          0.0,
          1.0,
          0.0
        ],
        [
          0.992053,
          0.0,
          0.125823
        ],
        [
          -13756.0,
          452.756,
          -20334.9
        ]
      ],
      "objLayer": 0,
      "props": {}
    },
    "bdt_t1_bomb_zone_06_aaa_point_02": {
      "type": "Point",
      "tm": [
        [
          0.125823,
          0.0,
          -0.992053
        ],
        [
          0.0,
          1.0,
          0.0
        ],
        [
          0.992053,
          0.0,
          0.125823
        ],
        [
          -13551.4,
          489.566,
          -20169.2
        ]
      ],
      "objLayer": 0,
      "props": {}
    },
    "bdt_t1_bomb_zone_06_aaa_point_03": {
      "type": "Point",
      "tm": [
        [
          0.125823,
          0.0,
          -0.992053
        ],
        [
          0.0,
          1.0,
          0.0
        ],
        [
          0.992053,
          0.0,
          0.125823
        ],
        [
          -13142.7,
          406.326,
          -20448.8
        ]
      ],
      "objLayer": 0,
      "props": {}
    },
    "bdt_t1_bomb_zone_06_aaa_point_04": {
      "type": "Point",
      "tm": [
        [
          0.125823,
          0.0,
          -0.992053
        ],
        [
          0.0,
          1.0,
          0.0
        ],
        [
          0.992053,
          0.0,
          0.125823
        ],
        [
          -13546.2,
          554.206,
          -20759.6
        ]
      ],
      "objLayer": 0,
      "props": {}
    },
    "bdt_t1_bomb_zone_07_aaa_point_01": {
      "type": "Point",
      "tm": [
        [
          0.125823,
          0.0,
          -0.992053
        ],
        [
          0.0,
          1.0,
          0.0
        ],
        [
          0.992053,
          0.0,
          0.125823
        ],
        [
          -13840.7,
          489.304,
          -16556.3
        ]
      ],
      "objLayer": 0,
      "props": {}
    },
    "bdt_t1_bomb_zone_07_aaa_point_02": {
      "type": "Point",
      "tm": [
        [
          0.125823,
          0.0,
          -0.992053
        ],
        [
          0.0,
          1.0,
          0.0
        ],
        [
          0.992053,
          0.0,
          0.125823
        ],
        [
          -14439.5,
          519.493,
          -16303.1
        ]
      ],
      "objLayer": 0,
      "props": {}
    },
    "bdt_t1_bomb_zone_07_aaa_point_03": {
      "type": "Point",
      "tm": [
        [
          0.125823,
          0.0,
          -0.992053
        ],
        [
          0.0,
          1.0,
          0.0
        ],
        [
          0.992053,
          0.0,
          0.125823
        ],
        [
          -14236.3,
          664.223,
          -16755.8
        ]
      ],
      "objLayer": 0,
      "props": {}
    },
    "bdt_t1_bomb_zone_07_aaa_point_04": {
      "type": "Point",
      "tm": [
        [
          0.125823,
          0.0,
          -0.992053
        ],
        [
          0.0,
          1.0,
          0.0
        ],
        [
          0.992053,
          0.0,
          0.125823
        ],
        [
          -13793.5,
          509.466,
          -16205.8
        ]
      ],
      "objLayer": 0,
      "props": {}
    },
    "bdt_t1_bomb_zone_08_aaa_point_01": {
      "type": "Point",
      "tm": [
        [
          0.235074,
          0.0,
          -0.971976
        ],
        [
          0.0,
          1.0,
          0.0
        ],
        [
          0.971976,
          0.0,
          0.235074
        ],
        [
          5417.64,
          498.014,
          -15503.6
        ]
      ],
      "objLayer": 0,
      "props": {}
    },
    "bdt_t1_bomb_zone_08_aaa_point_02": {
      "type": "Point",
      "tm": [
        [
          0.235074,
          0.0,
          -0.971976
        ],
        [
          0.0,
          1.0,
          0.0
        ],
        [
          0.971976,
          0.0,
          0.235074
        ],
        [
          4966.53,
          570.104,
          -15400.0
        ]
      ],
      "objLayer": 0,
      "props": {}
    },
    "bdt_t1_bomb_zone_08_aaa_point_03": {
      "type": "Point",
      "tm": [
        [
          0.235074,
          0.0,
          -0.971976
        ],
        [
          0.0,
          1.0,
          0.0
        ],
        [
          0.971976,
          0.0,
          0.235074
        ],
        [
          4815.06,
          599.874,
          -15792.0
        ]
      ],
      "objLayer": 0,
      "props": {}
    },
    "bdt_t1_bomb_zone_08_aaa_point_04": {
      "type": "Point",
      "tm": [
        [
          0.235074,
          0.0,
          -0.971976
        ],
        [
          0.0,
          1.0,
          0.0
        ],
        [
          0.971976,
          0.0,
          0.235074
        ],
        [
          5212.99,
          512.214,
          -15912.7
        ]
      ],
      "objLayer": 0,
      "props": {}
    },
    "bdt_t1_bomb_zone_09_aaa_point_01": {
      "type": "Point",
      "tm": [
        [
          0.235074,
          0.0,
          -0.971976
        ],
        [
          0.0,
          1.0,
          0.0
        ],
        [
          0.971976,
          0.0,
          0.235074
        ],
        [
          -4455.5,
          606.85,
          -18361.2
        ]
      ],
      "objLayer": 0,
      "props": {}
    },
    "bdt_t1_bomb_zone_09_aaa_point_02": {
      "type": "Point",
      "tm": [
        [
          0.235074,
          0.0,
          -0.971976
        ],
        [
          0.0,
          1.0,
          0.0
        ],
        [
          0.971976,
          0.0,
          0.235074
        ],
        [
          -4825.64,
          593.762,
          -18688.4
        ]
      ],
      "objLayer": 0,
      "props": {}
    },
    "bdt_t1_bomb_zone_09_aaa_point_03": {
      "type": "Point",
      "tm": [
        [
          0.235074,
          0.0,
          -0.971976
        ],
        [
          0.0,
          1.0,
          0.0
        ],
        [
          0.971976,
          0.0,
          0.235074
        ],
        [
          -3969.3,
          606.127,
          -18628.9
        ]
      ],
      "objLayer": 0,
      "props": {}
    },
    "bdt_t1_bomb_zone_09_aaa_point_04": {
      "type": "Point",
      "tm": [
        [
          0.235074,
          0.0,
          -0.971976
        ],
        [
          0.0,
          1.0,
          0.0
        ],
        [
          0.971976,
          0.0,
          0.235074
        ],
