{
  "selected_tag": "",
  "bin_dump_file": "",
  "mission_settings": {
    "player": {
      "army": 1
    },
    "player_teamB": {
      "army": 2
    },
    "mission": {
      "level": "levels/air_smolensk.bin",
      "type": "domination",
      "environment": "Day",
      "weather": "hazy",
      "restoreType": "attempts",
      "optionalTakeOff": false
    }
  },
  "imports": {},
  "triggers": {
    "isCategory": true,
    "is_enabled": true
  },
  "mission_objectives": {
    "isCategory": true,
    "is_enabled": true
  },
  "variables": {},
  "dialogs": {},
  "airfields": {},
  "effects": {},
  "units": {
    "objectGroups": [
      {
        "name": "bdt_t2_bomb_object_01",
        "tm": [
          [
            -0.666772,
            0.0,
            -0.745259
          ],
          [
            0.0,
            1.0,
            0.0
          ],
          [
            0.745259,
            0.0,
            -0.666772
          ],
          [
            -3072.2,
            838.023,
            11724.5
          ]
        ],
        "unit_class": "dynBase_hq_camp_square",
        "objLayer": 2,
        "props": {
          "army": 2,
          "active": false
        }
      },
      {
        "name": "bdt_t2_bomb_object_02",
        "tm": [
          [
            -0.977971,
            0.0,
            -0.208753
          ],
          [
            0.0,
            1.0,
            0.0
          ],
          [
            0.208753,
            0.0,
            -0.977971
          ],
          [
            -10728.3,
            176.925,
            10798.3
          ]
        ],
        "unit_class": "dynBase_fuel_storage_square",
        "objLayer": 2,
        "props": {
          "army": 2,
          "active": false
        }
      },
      {
        "name": "bdt_t2_bomb_object_03",
        "tm": [
          [
            0.454759,
            0.0,
            -0.890617
          ],
          [
            0.0,
            1.0,
            0.0
          ],
          [
            0.890617,
            0.0,
            0.454759
          ],
          [
            -14028.7,
            40.0271,
            7104.33
          ]
        ],
        "unit_class": "dynBase_oil_storage_small_square",
        "objLayer": 2,
        "props": {
          "army": 2,
          "active": false
        }
      },
      {
        "name": "bdt_t1_bomb_object_01",
        "tm": [
          [
            -0.281742,
            0.0,
            -0.95949
          ],
          [
            0.0,
            1.0,
            0.0
          ],
          [
            0.95949,
            0.0,
            -0.281742
          ],
          [
            834.564,
            127.673,
            -8759.36
          ]
        ],
        "unit_class": "dynBase_fuel_storage_square",
        "objLayer": 2,
        "props": {
          "army": 1,
          "active": false
        }
      },
      {
        "name": "bdt_t1_bomb_object_02",
        "tm": [
          [
            0.4405,
            0.0,
            -0.897751
          ],
          [
            0.0,
            1.0,
            0.0
          ],
          [
            0.897751,
            0.0,
            0.4405
          ],
          [
            3740.85,
            315.643,
            -865.429
          ]
        ],
        "unit_class": "dynBase_small_factory_square",
        "objLayer": 2,
        "props": {
          "army": 1,
          "active": false
        }
      },
      {
        "name": "bdt_t1_bomb_object_03",
        "tm": [
          [
            0.531909,
            0.0,
            -0.846801
          ],
          [
            0.0,
            1.0,
            0.0
          ],
          [
            0.846801,
            0.0,
            0.531909
          ],
          [
            -7767.91,
            120.364,
            -5931.41
          ]
        ],
        "unit_class": "dynBase_oil_storage_small_square",
        "objLayer": 2,
        "props": {
          "army": 1,
          "active": false
        }
      },
      {
        "name": "bdt_t2_bomb_object_04",
        "tm": [
          [
            -0.118721,
            0.0,
            -0.992928
          ],
          [
            0.0,
            1.0,
            0.0
          ],
          [
            0.992928,
            0.0,
            -0.118721
          ],
          [
            424.1,
            1305.79,
            13710.4
          ]
        ],
        "unit_class": "dynBase_small_factory_square",
        "objLayer": 2,
        "props": {
          "army": 2,
          "active": false
        }
      },
      {
        "name": "bdt_t1_bomb_object_04",
        "tm": [
          [
            0.201882,
            0.0,
            -0.97941
          ],
          [
            0.0,
            1.0,
            0.0
          ],
          [
            0.97941,
            0.0,
            0.201882
          ],
          [
            -15660.1,
            29.665,
            -2156.81
          ]
        ],
        "unit_class": "dynBase_field_camp_square",
        "objLayer": 2,
        "props": {
          "army": 1,
          "active": false
        }
      },
      {
        "name": "bdt_t1_bomb_object_05",
        "tm": [
          [
            0.201882,
            0.0,
            -0.97941
          ],
          [
            0.0,
            1.0,
            0.0
          ],
          [
            0.97941,
            0.0,
            0.201882
          ],
          [
            -11990.0,
            53.7866,
            -4868.25
          ]
        ],
        "unit_class": "dynBase_military_base_square",
        "objLayer": 2,
        "props": {
          "army": 1,
          "active": false
        }
      },
      {
        "name": "bdt_t1_bomb_object_06",
        "tm": [
          [
            0.201882,
            0.0,
            -0.97941
          ],
          [
            0.0,
            1.0,
            0.0
          ],
          [
            0.97941,
            0.0,
            0.201882
          ],
          [
            -10958.8,
            127.735,
            -8546.23
          ]
        ],
        "unit_class": "dynBase_oil_storage_large_square",
        "objLayer": 2,
        "props": {
          "army": 1,
          "active": false
        }
      },
      {
        "name": "bdt_t1_bomb_object_07",
        "tm": [
          [
            0.201882,
            0.0,
            -0.97941
          ],
          [
            0.0,
            1.0,
            0.0
          ],
          [
            0.97941,
            0.0,
            0.201882
          ],
          [
            -14105.4,
            66.1611,
            -6865.79
          ]
        ],
        "unit_class": "dynBase_oil_storage_large_square",
        "objLayer": 2,
        "props": {
          "army": 1,
          "active": false
        }
      },
      {
        "name": "bdt_t1_bomb_object_08",
        "tm": [
          [
            -0.281742,
            0.0,
            -0.95949
          ],
          [
            0.0,
            1.0,
            0.0
          ],
          [
            0.95949,
            0.0,
            -0.281742
          ],
          [
            1359.64,
            481.522,
            -3880.78
          ]
        ],
        "unit_class": "dynBase_small_factory_square",
        "objLayer": 2,
        "props": {
          "army": 1,
          "active": false
        }
      },
      {
        "name": "bdt_t1_bomb_object_09",
        "tm": [
          [
            -0.281742,
            0.0,
            -0.95949
          ],
          [
            0.0,
            1.0,
            0.0
          ],
          [
            0.95949,
            0.0,
            -0.281742
          ],
          [
            -2953.7,
            168.547,
            -6802.35
          ]
        ],
        "unit_class": "dynBase_petrol_camp_square",
        "objLayer": 2,
        "props": {
          "army": 1,
          "active": false
        }
      },
      {
        "name": "bdt_t1_bomb_object_10",
        "tm": [
          [
            -0.281742,
            0.0,
            -0.95949
          ],
          [
            0.0,
            1.0,
            0.0
          ],
          [
            0.95949,
            0.0,
            -0.281742
          ],
          [
            4490.66,
            734.312,
            -4465.62
          ]
        ],
        "unit_class": "dynBase_petrol_camp_square",
        "objLayer": 2,
        "props": {
          "army": 1,
          "active": false
        }
      },
      {
        "name": "bdt_t2_bomb_object_05",
        "tm": [
          [
            -0.118721,
            0.0,
            -0.992928
          ],
          [
            0.0,
            1.0,
            0.0
          ],
          [
            0.992928,
            0.0,
            -0.118721
          ],
          [
            4247.49,
            880.374,
            10575.0
          ]
        ],
        "unit_class": "dynBase_petrol_camp_square",
        "objLayer": 2,
        "props": {
          "army": 2,
          "active": false
        }
      },
      {
        "name": "bdt_t2_bomb_object_06",
        "tm": [
          [
            0.361125,
            0.0,
            -0.932518
          ],
          [
            0.0,
            1.0,
            0.0
          ],
          [
            0.932518,
            0.0,
            0.361125
          ],
          [
            4504.8,
            816.773,
            6980.01
          ]
        ],
        "unit_class": "dynBase_military_base_square",
        "objLayer": 2,
        "props": {
          "army": 2,
          "active": false
        }
      },
      {
        "name": "bdt_t2_bomb_object_07",
        "tm": [
          [
            -0.118721,
            0.0,
            -0.992928
          ],
          [
            0.0,
            1.0,
            0.0
          ],
          [
            0.992928,
            0.0,
            -0.118721
          ],
          [
            496.323,
            423.8,
            10007.6
          ]
        ],
        "unit_class": "dynBase_fuel_storage_square",
        "objLayer": 2,
        "props": {
          "army": 2,
          "active": false
        }
      },
      {
        "name": "bdt_t2_bomb_object_08",
        "tm": [
          [
            0.454759,
            0.0,
            -0.890617
          ],
          [
            0.0,
            1.0,
            0.0
          ],
          [
            0.890617,
            0.0,
            0.454759
          ],
          [
            -11436.7,
            390.096,
            13258.6
          ]
        ],
        "unit_class": "dynBase_ammunition_storage_square",
        "objLayer": 2,
        "props": {
          "army": 2,
          "active": false
        }
      },
      {
        "name": "bdt_t2_bomb_object_09",
        "tm": [
          [
            0.454759,
            0.0,
            -0.890617
          ],
          [
            0.0,
            1.0,
            0.0
          ],
          [
            0.890617,
            0.0,
            0.454759
          ],
          [
            -15235.6,
            70.8875,
            10362.1
          ]
        ],
        "unit_class": "dynBase_field_camp_square",
        "objLayer": 2,
        "props": {
          "army": 2,
          "active": false
        }
      },
      {
        "name": "bdt_t2_bomb_object_10",
        "tm": [
          [
            0.454759,
            0.0,
            -0.890617
          ],
          [
            0.0,
            1.0,
            0.0
          ],
          [
            0.890617,
            0.0,
            0.454759
          ],
          [
            -8017.2,
            397.916,
            11304.8
          ]
        ],
        "unit_class": "dynBase_oil_storage_small_square",
        "objLayer": 2,
        "props": {
          "army": 2,
          "active": false
        }
      }
    ]
  },
  "areas": {
    "bdt_t2_bomb_zone_01": {
      "type": "Sphere",
      "tm": [
        [
          -300.048,
          0.0,
          -335.368
        ],
        [
          0.0,
          450.0,
          0.0
        ],
        [
          335.368,
          0.0,
          -300.048
        ],
        [
          -3075.55,
          838.094,
          11730.7
        ]
      ],
      "objLayer": 0,
      "props": {}
    },
    "bdt_t2_bomb_zone_02": {
      "type": "Sphere",
      "tm": [
        [
          -261.002,
          0.0,
          -366.578
        ],
        [
          0.0,
          450.0,
          0.0
        ],
        [
          366.578,
          0.0,
          -261.002
        ],
        [
          -10717.9,
          177.245,
          10779.2
        ]
      ],
      "objLayer": 0,
      "props": {}
    },
    "bdt_t2_bomb_zone_03": {
      "type": "Sphere",
      "tm": [
        [
          204.639,
          0.0,
          -400.777
        ],
        [
          0.0,
          450.0,
          0.0
        ],
        [
          400.777,
          0.0,
          204.639
        ],
        [
          -14023.7,
          39.9771,
          7112.73
        ]
      ],
      "objLayer": 0,
      "props": {}
    },
    "bdt_t1_bomb_zone_01": {
      "type": "Sphere",
      "tm": [
        [
          -126.785,
          0.0,
          -431.769
        ],
        [
          0.0,
          450.0,
          0.0
        ],
        [
          431.769,
          0.0,
          -126.785
        ],
        [
          834.064,
          127.715,
          -8772.16
        ]
      ],
      "objLayer": 0,
      "props": {}
    },
    "bdt_t1_bomb_zone_02": {
      "type": "Sphere",
      "tm": [
        [
          106.087,
          0.0,
          -437.316
        ],
        [
          0.0,
          450.0,
          0.0
        ],
        [
          437.316,
          0.0,
          106.087
        ],
        [
          3743.85,
          314.158,
          -869.07
        ]
      ],
      "objLayer": 0,
      "props": {}
    },
    "bdt_t1_bomb_zone_03": {
      "type": "Sphere",
      "tm": [
        [
          76.3483,
          0.0,
          -443.475
        ],
        [
          0.0,
          450.0,
          0.0
        ],
        [
          443.475,
          0.0,
          76.3483
        ],
        [
          -7766.41,
          120.233,
          -5936.89
        ]
      ],
      "objLayer": 0,
      "props": {}
    },
    "bdt_t2_bomb_zone_04": {
      "type": "Sphere",
      "tm": [
        [
          -53.4249,
          0.0,
          -446.816
        ],
        [
          0.0,
          450.0,
          0.0
        ],
        [
          446.816,
          0.0,
          -53.4249
        ],
        [
          421.5,
          1305.72,
          13702.9
        ]
      ],
      "objLayer": 0,
      "props": {}
    },
    "bdt_t1_bomb_zone_04": {
      "type": "Sphere",
      "tm": [
        [
          76.3483,
          0.0,
          -443.475
        ],
        [
          0.0,
          450.0,
          0.0
        ],
        [
          443.475,
          0.0,
          76.3483
        ],
        [
          -15654.4,
          29.632,
          -2156.1
        ]
      ],
      "objLayer": 0,
      "props": {}
    },
    "bdt_t2_bomb_zone_01_aaa_point_01": {
      "type": "Point",
      "tm": [
        [
          -0.136721,
          0.0,
          -0.990609
        ],
        [
          0.0,
          1.0,
          0.0
        ],
        [
          0.990609,
          0.0,
          -0.136721
        ],
        [
          -3300.94,
          840.226,
          11734.8
        ]
      ],
      "objLayer": 0,
      "props": {}
    },
    "bdt_t2_bomb_zone_01_aaa_point_02": {
      "type": "Point",
      "tm": [
        [
          -0.136721,
          0.0,
          -0.990609
        ],
        [
          0.0,
          1.0,
          0.0
        ],
        [
          0.990609,
          0.0,
          -0.136721
        ],
        [
          -2801.1,
          839.852,
          11831.0
        ]
      ],
      "objLayer": 0,
      "props": {}
    },
    "bdt_t2_bomb_zone_01_aaa_point_03": {
      "type": "Point",
      "tm": [
        [
          -0.136721,
          0.0,
          -0.990609
        ],
        [
          0.0,
          1.0,
          0.0
        ],
        [
          0.990609,
          0.0,
          -0.136721
        ],
        [
          -2809.34,
          838.435,
          11712.3
        ]
      ],
      "objLayer": 0,
      "props": {}
    },
    "bdt_t2_bomb_zone_01_aaa_point_04": {
      "type": "Point",
      "tm": [
        [
          -0.136721,
          0.0,
          -0.990609
        ],
        [
          0.0,
          1.0,
          0.0
        ],
        [
          0.990609,
          0.0,
          -0.136721
        ],
        [
          -2838.62,
          834.697,
          11327.9
        ]
      ],
      "objLayer": 0,
      "props": {}
    },
    "bdt_t2_bomb_zone_02_aaa_point_01": {
      "type": "Point",
      "tm": [
        [
          -0.0260101,
          0.0,
          -0.99966
        ],
        [
          0.0,
          1.0,
          0.0
        ],
        [
          0.99966,
          0.0,
          -0.0260101
        ],
        [
          -10862.1,
          174.605,
          10981.7
        ]
      ],
      "objLayer": 0,
      "props": {}
    },
    "bdt_t2_bomb_zone_02_aaa_point_02": {
      "type": "Point",
      "tm": [
        [
          -0.0260101,
          0.0,
          -0.99966
        ],
        [
          0.0,
          1.0,
          0.0
        ],
        [
          0.99966,
          0.0,
          -0.0260101
        ],
        [
          -10633.8,
          166.744,
          10627.2
        ]
      ],
      "objLayer": 0,
      "props": {}
    },
    "bdt_t2_bomb_zone_02_aaa_point_03": {
      "type": "Point",
      "tm": [
        [
          -0.0260101,
          0.0,
          -0.99966
        ],
        [
          0.0,
          1.0,
          0.0
        ],
        [
          0.99966,
          0.0,
          -0.0260101
        ],
        [
          -10657.1,
          168.048,
          11021.4
        ]
      ],
      "objLayer": 0,
      "props": {}
    },
    "bdt_t2_bomb_zone_02_aaa_point_04": {
      "type": "Point",
      "tm": [
        [
          -0.0260101,
          0.0,
          -0.99966
        ],
        [
          0.0,
          1.0,
          0.0
        ],
        [
          0.99966,
          0.0,
          -0.0260101
        ],
        [
          -10762.9,
          174.535,
          10554.3
        ]
      ],
      "objLayer": 0,
      "props": {}
    },
    "bdt_t2_bomb_zone_03_aaa_point_01": {
      "type": "Point",
      "tm": [
        [
          -0.0260101,
          0.0,
          -0.99966
        ],
        [
          0.0,
          1.0,
          0.0
        ],
        [
          0.99966,
          0.0,
          -0.0260101
        ],
        [
          -13881.0,
          42.7771,
          6796.73
        ]
      ],
      "objLayer": 0,
      "props": {}
    },
    "bdt_t2_bomb_zone_03_aaa_point_02": {
      "type": "Point",
      "tm": [
        [
          -0.0260101,
          0.0,
          -0.99966
        ],
        [
          0.0,
          1.0,
          0.0
        ],
        [
          0.99966,
          0.0,
          -0.0260101
        ],
        [
          -13755.7,
          36.7171,
          6995.43
        ]
      ],
      "objLayer": 0,
      "props": {}
    },
    "bdt_t2_bomb_zone_03_aaa_point_03": {
      "type": "Point",
      "tm": [
        [
          -0.0260101,
          0.0,
          -0.99966
        ],
        [
          0.0,
          1.0,
          0.0
        ],
        [
          0.99966,
          0.0,
          -0.0260101
        ],
        [
          -13847.7,
          47.8161,
          7337.43
        ]
      ],
      "objLayer": 0,
      "props": {}
    },
    "bdt_t2_bomb_zone_03_aaa_point_04": {
      "type": "Point",
      "tm": [
        [
          -0.0260101,
          0.0,
          -0.99966
        ],
        [
          0.0,
          1.0,
          0.0
        ],
        [
          0.99966,
          0.0,
          -0.0260101
        ],
        [
          -14069.7,
          51.7391,
          7428.23
        ]
      ],
      "objLayer": 0,
      "props": {}
    },
    "bdt_t2_bomb_zone_04_aaa_point_01": {
      "type": "Point",
      "tm": [
        [
          -0.136721,
          0.0,
          -0.990609
        ],
        [
          0.0,
          1.0,
          0.0
        ],
        [
          0.990609,
          0.0,
          -0.136721
        ],
        [
          617.2,
          1301.58,
          13434.4
        ]
      ],
      "objLayer": 0,
      "props": {}
    },
    "bdt_t2_bomb_zone_04_aaa_point_02": {
      "type": "Point",
      "tm": [
        [
          -0.136721,
          0.0,
          -0.990609
        ],
        [
          0.0,
          1.0,
          0.0
        ],
        [
          0.990609,
          0.0,
          -0.136721
        ],
        [
          658.5,
          1301.34,
          13890.4
        ]
      ],
      "objLayer": 0,
      "props": {}
    },
    "bdt_t2_bomb_zone_04_aaa_point_03": {
      "type": "Point",
      "tm": [
        [
          -0.136721,
          0.0,
          -0.990609
        ],
        [
          0.0,
          1.0,
          0.0
        ],
        [
          0.990609,
          0.0,
          -0.136721
        ],
        [
          168.4,
          1301.18,
          13619.2
        ]
      ],
      "objLayer": 0,
      "props": {}
    },
    "bdt_t2_bomb_zone_04_aaa_point_04": {
      "type": "Point",
      "tm": [
        [
          -0.136721,
          0.0,
          -0.990609
        ],
        [
          0.0,
          1.0,
          0.0
        ],
        [
          0.990609,
          0.0,
          -0.136721
        ],
        [
          227.9,
          1261.44,
          13856.2
        ]
      ],
      "objLayer": 0,
      "props": {}
    },
    "bdt_t1_bomb_zone_01_aaa_point_01": {
      "type": "Point",
      "tm": [
        [
          0.302305,
          0.0,
          -0.953211
        ],
        [
          0.0,
          1.0,
          0.0
        ],
        [
          0.953211,
          0.0,
          0.302305
        ],
        [
          919.564,
          131.097,
          -9011.96
        ]
      ],
      "objLayer": 0,
      "props": {}
    },
    "bdt_t1_bomb_zone_01_aaa_point_02": {
      "type": "Point",
      "tm": [
        [
          0.302305,
          0.0,
          -0.953211
        ],
        [
          0.0,
          1.0,
          0.0
        ],
        [
          0.953211,
          0.0,
          0.302305
        ],
        [
          818.064,
          125.044,
          -8519.46
        ]
      ],
      "objLayer": 0,
      "props": {}
    },
    "bdt_t1_bomb_zone_01_aaa_point_03": {
      "type": "Point",
      "tm": [
        [
          0.302305,
          0.0,
          -0.953211
        ],
        [
          0.0,
          1.0,
          0.0
        ],
        [
          0.953211,
          0.0,
          0.302305
        ],
        [
          604.665,
          140.576,
          -8814.36
        ]
      ],
      "objLayer": 0,
      "props": {}
    },
    "bdt_t1_bomb_zone_01_aaa_point_04": {
      "type": "Point",
      "tm": [
        [
          0.302305,
          0.0,
          -0.953211
        ],
        [
          0.0,
          1.0,
          0.0
        ],
        [
          0.953211,
          0.0,
          0.302305
        ],
        [
          661.965,
          133.814,
          -8593.16
        ]
      ],
      "objLayer": 0,
      "props": {}
    },
    "bdt_t1_bomb_zone_02_aaa_point_01": {
      "type": "Point",
      "tm": [
        [
          0.302305,
          0.0,
          -0.953211
        ],
        [
          0.0,
          1.0,
          0.0
        ],
        [
          0.953211,
          0.0,
          0.302305
        ],
        [
          4008.95,
          311.899,
          -891.69
        ]
      ],
      "objLayer": 0,
      "props": {}
    },
    "bdt_t1_bomb_zone_02_aaa_point_02": {
      "type": "Point",
      "tm": [
        [
          0.302305,
          0.0,
          -0.953211
        ],
        [
          0.0,
          1.0,
          0.0
        ],
        [
          0.953211,
          0.0,
          0.302305
        ],
        [
          3840.85,
          381.459,
          -669.23
        ]
      ],
      "objLayer": 0,
      "props": {}
    },
    "bdt_t1_bomb_zone_02_aaa_point_03": {
      "type": "Point",
      "tm": [
        [
          0.302305,
          0.0,
          -0.953211
        ],
        [
          0.0,
          1.0,
          0.0
        ],
        [
          0.953211,
          0.0,
          0.302305
        ],
        [
          3467.95,
          342.581,
          -1051.25
        ]
      ],
      "objLayer": 0,
      "props": {}
    },
    "bdt_t1_bomb_zone_02_aaa_point_04": {
      "type": "Point",
      "tm": [
        [
          0.302305,
          0.0,
          -0.953211
        ],
        [
          0.0,
          1.0,
          0.0
        ],
        [
          0.953211,
          0.0,
          0.302305
        ],
        [
          3628.75,
          390.231,
          -615.16
        ]
      ],
      "objLayer": 0,
      "props": {}
    },
    "bdt_t1_bomb_zone_03_aaa_point_01": {
      "type": "Point",
      "tm": [
        [
          0.19472,
          0.0,
          -0.980859
        ],
        [
          0.0,
          1.0,
          0.0
        ],
        [
          0.980859,
          0.0,
          0.19472
        ],
        [
          -8033.31,
          124.604,
          -5783.62
        ]
      ],
      "objLayer": 0,
      "props": {}
    },
    "bdt_t1_bomb_zone_03_aaa_point_02": {
      "type": "Point",
      "tm": [
        [
          0.19472,
          0.0,
          -0.980859
        ],
        [
          0.0,
          1.0,
          0.0
        ],
        [
          0.980859,
          0.0,
          0.19472
        ],
        [
          -7549.41,
          117.286,
          -6044.47
        ]
      ],
      "objLayer": 0,
      "props": {}
    },
    "bdt_t1_bomb_zone_03_aaa_point_03": {
      "type": "Point",
      "tm": [
        [
          0.19472,
          0.0,
          -0.980859
        ],
        [
          0.0,
          1.0,
          0.0
        ],
        [
          0.980859,
          0.0,
          0.19472
        ],
        [
          -7536.91,
          124.053,
          -5764.83
        ]
      ],
      "objLayer": 0,
      "props": {}
    },
    "bdt_t1_bomb_zone_03_aaa_point_04": {
      "type": "Point",
      "tm": [
        [
          0.19472,
          0.0,
          -0.980859
        ],
        [
          0.0,
          1.0,
          0.0
        ],
        [
          0.980859,
          0.0,
          0.19472
        ],
        [
          -7904.51,
          121.847,
          -6158.24
        ]
      ],
      "objLayer": 0,
      "props": {}
    },
    "bdt_t1_bomb_zone_04_aaa_point_01": {
      "type": "Point",
      "tm": [
        [
          0.19472,
          0.0,
          -0.980859
        ],
        [
          0.0,
          1.0,
          0.0
        ],
        [
          0.980859,
          0.0,
          0.19472
        ],
        [
          -15730.0,
          68.036,
          -2463.78
        ]
      ],
      "objLayer": 0,
      "props": {}
    },
    "bdt_t1_bomb_zone_04_aaa_point_02": {
      "type": "Point",
      "tm": [
        [
          0.19472,
          0.0,
          -0.980859
        ],
        [
          0.0,
          1.0,
          0.0
        ],
        [
          0.980859,
          0.0,
          0.19472
        ],
        [
          -15450.5,
          29.749,
          -2305.5
        ]
      ],
      "objLayer": 0,
      "props": {}
    },
    "bdt_t1_bomb_zone_04_aaa_point_03": {
      "type": "Point",
      "tm": [
        [
          0.19472,
          0.0,
          -0.980859
        ],
        [
          0.0,
          1.0,
          0.0
        ],
        [
          0.980859,
          0.0,
          0.19472
        ],
        [
          -15940.8,
          66.891,
          -2206.81
        ]
      ],
      "objLayer": 0,
      "props": {}
    },
    "bdt_t1_bomb_zone_04_aaa_point_04": {
      "type": "Point",
      "tm": [
        [
          0.19472,
          0.0,
          -0.980859
        ],
        [
          0.0,
          1.0,
          0.0
        ],
        [
          0.980859,
          0.0,
          0.19472
        ],
        [
          -15417.8,
          29.09,
          -1949.8
        ]
      ],
      "objLayer": 0,
      "props": {}
    },
    "bdt_t1_bomb_zone_05": {
      "type": "Sphere",
      "tm": [
        [
          76.3483,
          0.0,
          -443.475
        ],
        [
          0.0,
          450.0,
          0.0
        ],
        [
          443.475,
          0.0,
          76.3483
        ],
        [
          -11984.2,
          53.8086,
          -4867.43
        ]
      ],
      "objLayer": 0,
      "props": {}
    },
    "bdt_t1_bomb_zone_06": {
      "type": "Sphere",
      "tm": [
        [
          76.3483,
          0.0,
          -443.475
        ],
        [
          0.0,
          450.0,
          0.0
        ],
        [
          443.475,
          0.0,
          76.3483
        ],
        [
          -10953.1,
          164.007,
          -8545.53
        ]
      ],
      "objLayer": 0,
      "props": {}
    },
    "bdt_t1_bomb_zone_07": {
      "type": "Sphere",
      "tm": [
        [
          76.3483,
          0.0,
          -443.475
        ],
        [
          0.0,
          450.0,
          0.0
        ],
        [
          443.475,
          0.0,
          76.3483
        ],
        [
          -14099.6,
          102.49,
          -6865.06
        ]
      ],
      "objLayer": 0,
      "props": {}
    },
    "bdt_t1_bomb_zone_08": {
      "type": "Sphere",
      "tm": [
        [
          -126.785,
          0.0,
          -431.769
        ],
        [
          0.0,
          450.0,
          0.0
        ],
        [
          431.769,
          0.0,
          -126.785
        ],
        [
          1359.04,
          481.941,
          -3893.46
        ]
      ],
      "objLayer": 0,
      "props": {}
    },
    "bdt_t1_bomb_zone_09": {
      "type": "Sphere",
      "tm": [
        [
          -126.785,
          0.0,
          -431.769
        ],
        [
          0.0,
          450.0,
          0.0
        ],
        [
          431.769,
          0.0,
          -126.785
        ],
        [
          -2954.24,
          168.838,
          -6814.79
        ]
      ],
      "objLayer": 0,
      "props": {}
    },
    "bdt_t1_bomb_zone_10": {
      "type": "Sphere",
      "tm": [
        [
          -126.785,
          0.0,
          -431.769
        ],
        [
          0.0,
          450.0,
          0.0
        ],
        [
          431.769,
          0.0,
          -126.785
        ],
        [
          4490.06,
          748.617,
          -4478.3
        ]
      ],
      "objLayer": 0,
      "props": {}
    },
    "bdt_t1_bomb_zone_05_aaa_point_01": {
      "type": "Point",
      "tm": [
        [
          0.19472,
          0.0,
          -0.980859
        ],
        [
          0.0,
          1.0,
          0.0
        ],
        [
          0.980859,
          0.0,
          0.19472
        ],
        [
          -12015.0,
          54.0666,
          -4595.13
        ]
      ],
      "objLayer": 0,
      "props": {}
    },
    "bdt_t1_bomb_zone_05_aaa_point_02": {
      "type": "Point",
      "tm": [
        [
          0.19472,
          0.0,
          -0.980859
        ],
        [
          0.0,
          1.0,
          0.0
        ],
        [
          0.980859,
          0.0,
          0.19472
        ],
        [
          -12099.0,
          53.1656,
          -4762.68
        ]
      ],
      "objLayer": 0,
      "props": {}
    },
    "bdt_t1_bomb_zone_05_aaa_point_03": {
      "type": "Point",
      "tm": [
        [
          0.19472,
          0.0,
          -0.980859
        ],
        [
          0.0,
          1.0,
          0.0
        ],
        [
          0.980859,
          0.0,
          0.19472
        ],
        [
          -11962.7,
          54.3756,
          -5154.36
        ]
      ],
      "objLayer": 0,
      "props": {}
    },
    "bdt_t1_bomb_zone_05_aaa_point_04": {
      "type": "Point",
      "tm": [
        [
          0.19472,
          0.0,
          -0.980859
        ],
        [
          0.0,
          1.0,
          0.0
        ],
        [
          0.980859,
          0.0,
          0.19472
        ],
        [
          -11761.6,
          55.0776,
          -5033.3
        ]
      ],
      "objLayer": 0,
      "props": {}
    },
    "bdt_t1_bomb_zone_06_aaa_point_01": {
      "type": "Point",
      "tm": [
        [
          0.19472,
          0.0,
          -0.980859
        ],
        [
          0.0,
          1.0,
          0.0
        ],
        [
          0.980859,
          0.0,
          0.19472
        ],
        [
          -11268.0,
          159.299,
          -8424.53
        ]
      ],
      "objLayer": 0,
      "props": {}
    },
    "bdt_t1_bomb_zone_06_aaa_point_02": {
      "type": "Point",
      "tm": [
        [
          0.19472,
          0.0,
          -0.980859
        ],
        [
          0.0,
          1.0,
          0.0
        ],
        [
          0.980859,
          0.0,
          0.19472
        ],
        [
          -11075.3,
          161.557,
          -8244.73
        ]
      ],
      "objLayer": 0,
      "props": {}
    },
    "bdt_t1_bomb_zone_06_aaa_point_03": {
      "type": "Point",
      "tm": [
        [
          0.19472,
          0.0,
          -0.980859
        ],
        [
          0.0,
          1.0,
          0.0
        ],
        [
          0.980859,
          0.0,
          0.19472
        ],
        [
          -10648.0,
          165.532,
          -8495.33
        ]
      ],
      "objLayer": 0,
      "props": {}
    },
    "bdt_t1_bomb_zone_06_aaa_point_04": {
      "type": "Point",
      "tm": [
        [
          0.19472,
          0.0,
          -0.980859
        ],
        [
          0.0,
          1.0,
          0.0
        ],
        [
          0.980859,
          0.0,
          0.19472
        ],
        [
          -11028.8,
          161.306,
          -8833.42
        ]
      ],
      "objLayer": 0,
      "props": {}
    },
    "bdt_t1_bomb_zone_07_aaa_point_01": {
      "type": "Point",
      "tm": [
        [
          0.19472,
          0.0,
          -0.980859
        ],
        [
          0.0,
          1.0,
          0.0
        ],
        [
          0.980859,
          0.0,
          0.19472
        ],
        [
          -13814.0,
          103.792,
          -6960.75
        ]
      ],
      "objLayer": 0,
      "props": {}
    },
    "bdt_t1_bomb_zone_07_aaa_point_02": {
      "type": "Point",
      "tm": [
        [
          0.19472,
          0.0,
          -0.980859
        ],
        [
          0.0,
          1.0,
          0.0
        ],
        [
          0.980859,
          0.0,
          0.19472
        ],
        [
          -14334.0,
          96.4966,
          -6709.9
        ]
      ],
      "objLayer": 0,
      "props": {}
    },
    "bdt_t1_bomb_zone_07_aaa_point_03": {
      "type": "Point",
      "tm": [
        [
          0.19472,
          0.0,
          -0.980859
        ],
        [
          0.0,
          1.0,
          0.0
        ],
        [
          0.980859,
          0.0,
          0.19472
        ],
        [
          -14194.8,
          91.6331,
          -7187.4
        ]
      ],
      "objLayer": 0,
      "props": {}
    },
    "bdt_t1_bomb_zone_07_aaa_point_04": {
      "type": "Point",
      "tm": [
        [
          0.19472,
          0.0,
          -0.980859
        ],
        [
          0.0,
          1.0,
          0.0
        ],
        [
          0.980859,
          0.0,
          0.19472
        ],
        [
          -13815.4,
          101.061,
          -6750.1
        ]
      ],
      "objLayer": 0,
      "props": {}
    },
    "bdt_t1_bomb_zone_08_aaa_point_01": {
      "type": "Point",
      "tm": [
        [
          0.302305,
          0.0,
          -0.953211
        ],
        [
          0.0,
          1.0,
          0.0
        ],
        [
          0.953211,
          0.0,
          0.302305
        ],
        [
          1622.54,
          425.786,
          -3728.63
        ]
      ],
      "objLayer": 0,
      "props": {}
    },
    "bdt_t1_bomb_zone_08_aaa_point_02": {
      "type": "Point",
      "tm": [
        [
          0.302305,
          0.0,
          -0.953211
        ],
        [
          0.0,
          1.0,
          0.0
        ],
        [
          0.953211,
          0.0,
          0.302305
        ],
        [
          1165.24,
          483.144,
          -3656.74
        ]
      ],
      "objLayer": 0,
      "props": {}
    },
    "bdt_t1_bomb_zone_08_aaa_point_03": {
      "type": "Point",
      "tm": [
        [
          0.302305,
          0.0,
          -0.953211
        ],
        [
          0.0,
          1.0,
          0.0
        ],
        [
          0.953211,
          0.0,
          0.302305
        ],
        [
          1041.54,
          480.716,
          -4058.33
        ]
      ],
      "objLayer": 0,
      "props": {}
    },
    "bdt_t1_bomb_zone_08_aaa_point_04": {
      "type": "Point",
      "tm": [
        [
          0.302305,
          0.0,
          -0.953211
        ],
        [
          0.0,
          1.0,
          0.0
        ],
        [
          0.953211,
          0.0,
          0.302305
        ],
        [
          1446.94,
          483.832,
          -4151.05
        ]
      ],
      "objLayer": 0,
      "props": {}
    },
    "bdt_t1_bomb_zone_09_aaa_point_01": {
      "type": "Point",
      "tm": [
        [
          0.302305,
          0.0,
          -0.953211
        ],
        [
          0.0,
          1.0,
          0.0
        ],
        [
          0.953211,
          0.0,
          0.302305
        ],
        [
          -3007.61,
          168.529,
          -6369.99
        ]
      ],
      "objLayer": 0,
      "props": {}
    },
    "bdt_t1_bomb_zone_09_aaa_point_02": {
      "type": "Point",
      "tm": [
        [
          0.302305,
          0.0,
          -0.953211
        ],
        [
          0.0,
          1.0,
          0.0
        ],
        [
          0.953211,
          0.0,
          0.302305
        ],
        [
          -3353.96,
          160.017,
          -6722.19
        ]
      ],
      "objLayer": 0,
      "props": {}
    },
    "bdt_t1_bomb_zone_09_aaa_point_03": {
      "type": "Point",
      "tm": [
        [
          0.302305,
          0.0,
          -0.953211
        ],
        [
          0.0,
          1.0,
          0.0
        ],
        [
          0.953211,
          0.0,
          0.302305
        ],
        [
          -2503.81,
          174.224,
          -6603.22
        ]
      ],
      "objLayer": 0,
      "props": {}
    },
    "bdt_t1_bomb_zone_09_aaa_point_04": {
      "type": "Point",
      "tm": [
        [
          0.302305,
          0.0,
          -0.953211
        ],
        [
          0.0,
          1.0,
          0.0
        ],
        [
          0.953211,
          0.0,
          0.302305
        ],
        [
          -3186.49,
          160.611,
          -7145.36
