{
  "selected_tag": "",
  "bin_dump_file": "",
  "mission_settings": {
    "player": {
      "army": 1
    },
    "player_teamB": {
      "army": 2
    },
    "mission": {
      "level": "levels/air_smolensk.bin",
      "type": "domination",
      "environment": "Day",
      "weather": "hazy",
      "restoreType": "attempts",
      "optionalTakeOff": false
    }
  },
  "imports": {},
  "triggers": {
    "isCategory": true,
    "is_enabled": true
  },
  "mission_objectives": {
    "isCategory": true,
    "is_enabled": true
  },
  "variables": {},
  "dialogs": {},
  "airfields": {},
  "effects": {},
  "units": {
    "objectGroups": [
      {
        "name": "bdt_t2_bomb_object_01",
        "tm": [
          [
            -0.666772,
            0.0,
            -0.745259
          ],
          [
            0.0,
            1.0,
            0.0
          ],
          [
            0.745259,
            0.0,
            -0.666772
          ],
          [
            1901.93,
            791.031,
            11101.2
          ]
        ],
        "unit_class": "dynBase_hq_camp_square",
        "objLayer": 2,
        "props": {
          "army": 2,
          "active": false
        }
      },
      {
        "name": "bdt_t2_bomb_object_02",
        "tm": [
          [
            -0.977971,
            0.0,
            -0.208752
          ],
          [
            0.0,
            1.0,
            0.0
          ],
          [
            0.208752,
            0.0,
            -0.977971
          ],
          [
            -11036.4,
            357.875,
            12160.8
          ]
        ],
        "unit_class": "dynBase_fuel_storage_square",
        "objLayer": 2,
        "props": {
          "army": 2,
          "active": false
        }
      },
      {
        "name": "bdt_t2_bomb_object_03",
        "tm": [
          [
            0.454759,
            0.0,
            -0.890617
          ],
          [
            0.0,
            1.0,
            0.0
          ],
          [
            0.890617,
            0.0,
            0.454759
          ],
          [
            -15455.8,
            29.1527,
            8357.38
          ]
        ],
        "unit_class": "dynBase_oil_storage_small_square",
        "objLayer": 2,
        "props": {
          "army": 2,
          "active": false
        }
      },
      {
        "name": "bdt_t1_bomb_object_01",
        "tm": [
          [
            -0.281743,
            0.0,
            -0.95949
          ],
          [
            0.0,
            1.0,
            0.0
          ],
          [
            0.95949,
            0.0,
            -0.281743
          ],
          [
            3036.31,
            676.59,
            -9945.12
          ]
        ],
        "unit_class": "dynBase_fuel_storage_square",
        "objLayer": 2,
        "props": {
          "army": 1,
          "active": false
        }
      },
      {
        "name": "bdt_t1_bomb_object_02",
        "tm": [
          [
            0.4405,
            0.0,
            -0.897751
          ],
          [
            0.0,
            1.0,
            0.0
          ],
          [
            0.897751,
            0.0,
            0.4405
          ],
          [
            5222.24,
            483.584,
            -2589.3
          ]
        ],
        "unit_class": "dynBase_small_factory_square",
        "objLayer": 2,
        "props": {
          "army": 1,
          "active": false
        }
      },
      {
        "name": "bdt_t1_bomb_object_03",
        "tm": [
          [
            0.531908,
            0.0,
            -0.846801
          ],
          [
            0.0,
            1.0,
            0.0
          ],
          [
            0.846801,
            0.0,
            0.531908
          ],
          [
            -6799.97,
            158.239,
            -8577.7
          ]
        ],
        "unit_class": "dynBase_oil_storage_small_square",
        "objLayer": 2,
        "props": {
          "army": 1,
          "active": false
        }
      },
      {
        "name": "bdt_t2_bomb_object_04",
        "tm": [
          [
            -0.118721,
            0.0,
            -0.992928
          ],
          [
            0.0,
            1.0,
            0.0
          ],
          [
            0.992928,
            0.0,
            -0.118721
          ],
          [
            2165.43,
            1349.28,
            14905.5
          ]
        ],
        "unit_class": "dynBase_small_factory_square",
        "objLayer": 2,
        "props": {
          "army": 2,
          "active": false
        }
      },
      {
        "name": "bdt_t1_bomb_object_04",
        "tm": [
          [
            0.201881,
            0.0,
            -0.979411
          ],
          [
            0.0,
            1.0,
            0.0
          ],
          [
            0.979411,
            0.0,
            0.201881
          ],
          [
            -15352.0,
            24.3634,
            -3587.39
          ]
        ],
        "unit_class": "dynBase_field_camp_square",
        "objLayer": 2,
        "props": {
          "army": 1,
          "active": false
        }
      },
      {
        "name": "bdt_t1_bomb_object_05",
        "tm": [
          [
            0.201881,
            0.0,
            -0.979411
          ],
          [
            0.0,
            1.0,
            0.0
          ],
          [
            0.979411,
            0.0,
            0.201881
          ],
          [
            -14288.2,
            41.5085,
            -7973.68
          ]
        ],
        "unit_class": "dynBase_military_base_square",
        "objLayer": 2,
        "props": {
          "army": 1,
          "active": false
        }
      },
      {
        "name": "bdt_t1_bomb_object_06",
        "tm": [
          [
            0.201881,
            0.0,
            -0.979411
          ],
          [
            0.0,
            1.0,
            0.0
          ],
          [
            0.979411,
            0.0,
            0.201881
          ],
          [
            -10531.1,
            92.5463,
            -10554.9
          ]
        ],
        "unit_class": "dynBase_oil_storage_large_square",
        "objLayer": 2,
        "props": {
          "army": 1,
          "active": false
        }
      },
      {
        "name": "bdt_t1_bomb_object_07",
        "tm": [
          [
            0.201881,
            0.0,
            -0.979411
          ],
          [
            0.0,
            1.0,
            0.0
          ],
          [
            0.979411,
            0.0,
            0.201881
          ],
          [
            -11851.0,
            117.189,
            -6804.44
          ]
        ],
        "unit_class": "dynBase_oil_storage_large_square",
        "objLayer": 2,
        "props": {
          "army": 1,
          "active": false
        }
      },
      {
        "name": "bdt_t1_bomb_object_08",
        "tm": [
          [
            -0.281743,
            0.0,
            -0.95949
          ],
          [
            0.0,
            1.0,
            0.0
          ],
          [
            0.95949,
            0.0,
            -0.281743
          ],
          [
            5851.63,
            537.254,
            -6117.28
          ]
        ],
        "unit_class": "dynBase_small_factory_square",
        "objLayer": 2,
        "props": {
          "army": 1,
          "active": false
        }
      },
      {
        "name": "bdt_t1_bomb_object_09",
        "tm": [
          [
            -0.281743,
            0.0,
            -0.95949
          ],
          [
            0.0,
            1.0,
            0.0
          ],
          [
            0.95949,
            0.0,
            -0.281743
          ],
          [
            -1752.91,
            140.626,
            -7885.53
          ]
        ],
        "unit_class": "dynBase_petrol_camp_square",
        "objLayer": 2,
        "props": {
          "army": 1,
          "active": false
        }
      },
      {
        "name": "bdt_t1_bomb_object_10",
        "tm": [
          [
            -0.281743,
            0.0,
            -0.95949
          ],
          [
            0.0,
            1.0,
            0.0
          ],
          [
            0.95949,
            0.0,
            -0.281743
          ],
          [
            1888.85,
            284.836,
            -5988.54
          ]
        ],
        "unit_class": "dynBase_petrol_camp_square",
        "objLayer": 2,
        "props": {
          "army": 1,
          "active": false
        }
      },
      {
        "name": "bdt_t2_bomb_object_05",
        "tm": [
          [
            -0.118721,
            0.0,
            -0.992928
          ],
          [
            0.0,
            1.0,
            0.0
          ],
          [
            0.992928,
            0.0,
            -0.118721
          ],
          [
            6805.36,
            1252.06,
            11567.0
          ]
        ],
        "unit_class": "dynBase_petrol_camp_square",
        "objLayer": 2,
        "props": {
          "army": 2,
          "active": false
        }
      },
      {
        "name": "bdt_t2_bomb_object_06",
        "tm": [
          [
            0.361125,
            0.0,
            -0.932518
          ],
          [
            0.0,
            1.0,
            0.0
          ],
          [
            0.932518,
            0.0,
            0.361125
          ],
          [
            6298.59,
            1416.64,
            6806.26
          ]
        ],
        "unit_class": "dynBase_military_base_square",
        "objLayer": 2,
        "props": {
          "army": 2,
          "active": false
        }
      },
      {
        "name": "bdt_t2_bomb_object_07",
        "tm": [
          [
            -0.118721,
            0.0,
            -0.992928
          ],
          [
            0.0,
            1.0,
            0.0
          ],
          [
            0.992928,
            0.0,
            -0.118721
          ],
          [
            -2531.13,
            1500.86,
            13946.6
          ]
        ],
        "unit_class": "dynBase_fuel_storage_square",
        "objLayer": 2,
        "props": {
          "army": 2,
          "active": false
        }
      },
      {
        "name": "bdt_t2_bomb_object_08",
        "tm": [
          [
            0.454759,
            0.0,
            -0.890617
          ],
          [
            0.0,
            1.0,
            0.0
          ],
          [
            0.890617,
            0.0,
            0.454759
          ],
          [
            -12294.3,
            149.391,
            14957.4
          ]
        ],
        "unit_class": "dynBase_ammunition_storage_square",
        "objLayer": 2,
        "props": {
          "army": 2,
          "active": false
        }
      },
      {
        "name": "bdt_t2_bomb_object_09",
        "tm": [
          [
            0.454759,
            0.0,
            -0.890617
          ],
          [
            0.0,
            1.0,
            0.0
          ],
          [
            0.890617,
            0.0,
            0.454759
          ],
          [
            -17248.8,
            60.1831,
            11456.2
          ]
        ],
        "unit_class": "dynBase_field_camp_square",
        "objLayer": 2,
        "props": {
          "army": 2,
          "active": false
        }
      },
      {
        "name": "bdt_t2_bomb_object_10",
        "tm": [
          [
            0.454759,
            0.0,
            -0.890617
          ],
          [
            0.0,
            1.0,
            0.0
          ],
          [
            0.890617,
            0.0,
            0.454759
          ],
          [
            -8461.21,
            547.033,
            13117.4
          ]
        ],
        "unit_class": "dynBase_oil_storage_small_square",
        "objLayer": 2,
        "props": {
          "army": 2,
          "active": false
        }
      }
    ]
  },
  "areas": {
    "bdt_t2_bomb_zone_01": {
      "type": "Sphere",
      "tm": [
        [
          -300.049,
          0.0,
          -335.369
        ],
        [
          0.0,
          450.0,
          0.0
        ],
        [
          335.369,
          0.0,
          -300.049
        ],
        [
          1898.53,
          804.649,
          11107.4
        ]
      ],
      "objLayer": 0,
      "props": {}
    },
    "bdt_t2_bomb_zone_02": {
      "type": "Sphere",
      "tm": [
        [
          -261.002,
          0.0,
          -366.578
        ],
        [
          0.0,
          450.0,
          0.0
        ],
        [
          366.578,
          0.0,
          -261.002
        ],
        [
          -11026.1,
          358.195,
          12141.8
        ]
      ],
      "objLayer": 0,
      "props": {}
    },
    "bdt_t2_bomb_zone_03": {
      "type": "Sphere",
      "tm": [
        [
          204.639,
          0.0,
          -400.777
        ],
        [
          0.0,
          450.0,
          0.0
        ],
        [
          400.777,
          0.0,
          204.639
        ],
        [
          -15450.9,
          29.1027,
          8365.88
        ]
      ],
      "objLayer": 0,
      "props": {}
    },
    "bdt_t1_bomb_zone_01": {
      "type": "Sphere",
      "tm": [
        [
          -126.786,
          0.0,
          -431.769
        ],
        [
          0.0,
          450.0,
          0.0
        ],
        [
          431.769,
          0.0,
          -126.786
        ],
        [
          3035.81,
          676.632,
          -9957.92
        ]
      ],
      "objLayer": 0,
      "props": {}
    },
    "bdt_t1_bomb_zone_02": {
      "type": "Sphere",
      "tm": [
        [
          106.087,
          0.0,
          -437.316
        ],
        [
          0.0,
          450.0,
          0.0
        ],
        [
          437.316,
          0.0,
          106.087
        ],
        [
          5225.24,
          513.036,
          -2592.9
        ]
      ],
      "objLayer": 0,
      "props": {}
    },
    "bdt_t1_bomb_zone_03": {
      "type": "Sphere",
      "tm": [
        [
          76.3484,
          0.0,
          -443.475
        ],
        [
          0.0,
          450.0,
          0.0
        ],
        [
          443.475,
          0.0,
          76.3484
        ],
        [
          -6798.47,
          158.108,
          -8583.2
        ]
      ],
      "objLayer": 0,
      "props": {}
    },
    "bdt_t2_bomb_zone_04": {
      "type": "Sphere",
      "tm": [
        [
          -53.4256,
          0.0,
          -446.816
        ],
        [
          0.0,
          450.0,
          0.0
        ],
        [
          446.816,
          0.0,
          -53.4256
        ],
        [
          2162.83,
          1364.92,
          14898.1
        ]
      ],
      "objLayer": 0,
      "props": {}
    },
    "bdt_t1_bomb_zone_04": {
      "type": "Sphere",
      "tm": [
        [
          76.3484,
          0.0,
          -443.475
        ],
        [
          0.0,
          450.0,
          0.0
        ],
        [
          443.475,
          0.0,
          76.3484
        ],
        [
          -15346.3,
          24.3303,
          -3586.7
        ]
      ],
      "objLayer": 0,
      "props": {}
    },
    "bdt_t2_bomb_zone_01_aaa_point_01": {
      "type": "Point",
      "tm": [
        [
          -0.136721,
          0.0,
          -0.990608
        ],
        [
          0.0,
          1.0,
          0.0
        ],
        [
          0.990608,
          0.0,
          -0.136721
        ],
        [
          1673.13,
          806.782,
          11111.5
        ]
      ],
      "objLayer": 0,
      "props": {}
    },
    "bdt_t2_bomb_zone_01_aaa_point_02": {
      "type": "Point",
      "tm": [
        [
          -0.136721,
          0.0,
          -0.990608
        ],
        [
          0.0,
          1.0,
          0.0
        ],
        [
          0.990608,
          0.0,
          -0.136721
        ],
        [
          2173.03,
          806.408,
          11207.7
        ]
      ],
      "objLayer": 0,
      "props": {}
    },
    "bdt_t2_bomb_zone_01_aaa_point_03": {
      "type": "Point",
      "tm": [
        [
          -0.136721,
          0.0,
          -0.990608
        ],
        [
          0.0,
          1.0,
          0.0
        ],
        [
          0.990608,
          0.0,
          -0.136721
        ],
        [
          2164.83,
          804.99,
          11089.0
        ]
      ],
      "objLayer": 0,
      "props": {}
    },
    "bdt_t2_bomb_zone_01_aaa_point_04": {
      "type": "Point",
      "tm": [
        [
          -0.136721,
          0.0,
          -0.990608
        ],
        [
          0.0,
          1.0,
          0.0
        ],
        [
          0.990608,
          0.0,
          -0.136721
        ],
        [
          2135.53,
          801.252,
          10704.6
        ]
      ],
      "objLayer": 0,
      "props": {}
    },
    "bdt_t2_bomb_zone_02_aaa_point_01": {
      "type": "Point",
      "tm": [
        [
          -0.0260099,
          0.0,
          -0.99966
        ],
        [
          0.0,
          1.0,
          0.0
        ],
        [
          0.99966,
          0.0,
          -0.0260099
        ],
        [
          -11170.3,
          355.555,
          12344.2
        ]
      ],
      "objLayer": 0,
      "props": {}
    },
    "bdt_t2_bomb_zone_02_aaa_point_02": {
      "type": "Point",
      "tm": [
        [
          -0.0260099,
          0.0,
          -0.99966
        ],
        [
          0.0,
          1.0,
          0.0
        ],
        [
          0.99966,
          0.0,
          -0.0260099
        ],
        [
          -10707.2,
          357.396,
          12068.3
        ]
      ],
      "objLayer": 0,
      "props": {}
    },
    "bdt_t2_bomb_zone_02_aaa_point_03": {
      "type": "Point",
      "tm": [
        [
          -0.0260099,
          0.0,
          -0.99966
        ],
        [
          0.0,
          1.0,
          0.0
        ],
        [
          0.99966,
          0.0,
          -0.0260099
        ],
        [
          -10909.9,
          361.206,
          12396.0
        ]
      ],
      "objLayer": 0,
      "props": {}
    },
    "bdt_t2_bomb_zone_02_aaa_point_04": {
      "type": "Point",
      "tm": [
        [
          -0.0260099,
          0.0,
          -0.99966
        ],
        [
          0.0,
          1.0,
          0.0
        ],
        [
          0.99966,
          0.0,
          -0.0260099
        ],
        [
          -11071.1,
          355.485,
          11916.8
        ]
      ],
      "objLayer": 0,
      "props": {}
    },
    "bdt_t2_bomb_zone_03_aaa_point_01": {
      "type": "Point",
      "tm": [
        [
          -0.0260099,
          0.0,
          -0.99966
        ],
        [
          0.0,
          1.0,
          0.0
        ],
        [
          0.99966,
          0.0,
          -0.0260099
        ],
        [
          -15746.0,
          31.9027,
          8324.67
        ]
      ],
      "objLayer": 0,
      "props": {}
    },
    "bdt_t2_bomb_zone_03_aaa_point_02": {
      "type": "Point",
      "tm": [
        [
          -0.0260099,
          0.0,
          -0.99966
        ],
        [
          0.0,
          1.0,
          0.0
        ],
        [
          0.99966,
          0.0,
          -0.0260099
        ],
        [
          -15182.8,
          25.8427,
          8248.48
        ]
      ],
      "objLayer": 0,
      "props": {}
    },
    "bdt_t2_bomb_zone_03_aaa_point_03": {
      "type": "Point",
      "tm": [
        [
          -0.0260099,
          0.0,
          -0.99966
        ],
        [
          0.0,
          1.0,
          0.0
        ],
        [
          0.99966,
          0.0,
          -0.0260099
        ],
        [
          -15192.9,
          26.2327,
          8555.78
        ]
      ],
      "objLayer": 0,
      "props": {}
    },
    "bdt_t2_bomb_zone_03_aaa_point_04": {
      "type": "Point",
      "tm": [
        [
          -0.0260099,
          0.0,
          -0.99966
        ],
        [
          0.0,
          1.0,
          0.0
        ],
        [
          0.99966,
          0.0,
          -0.0260099
        ],
        [
          -15689.9,
          31.7627,
          8547.17
        ]
      ],
      "objLayer": 0,
      "props": {}
    },
    "bdt_t2_bomb_zone_04_aaa_point_01": {
      "type": "Point",
      "tm": [
        [
          -0.136721,
          0.0,
          -0.990608
        ],
        [
          0.0,
          1.0,
          0.0
        ],
        [
          0.990608,
          0.0,
          -0.136721
        ],
        [
          2358.53,
          1360.77,
          14629.6
        ]
      ],
      "objLayer": 0,
      "props": {}
    },
    "bdt_t2_bomb_zone_04_aaa_point_02": {
      "type": "Point",
      "tm": [
        [
          -0.136721,
          0.0,
          -0.990608
        ],
        [
          0.0,
          1.0,
          0.0
        ],
        [
          0.990608,
          0.0,
          -0.136721
        ],
        [
          2399.73,
          1360.53,
          15085.6
        ]
      ],
      "objLayer": 0,
      "props": {}
    },
    "bdt_t2_bomb_zone_04_aaa_point_03": {
      "type": "Point",
      "tm": [
        [
          -0.136721,
          0.0,
          -0.990608
        ],
        [
          0.0,
          1.0,
          0.0
        ],
        [
          0.990608,
          0.0,
          -0.136721
        ],
        [
          1909.63,
          1360.37,
          14814.3
        ]
      ],
      "objLayer": 0,
      "props": {}
    },
    "bdt_t2_bomb_zone_04_aaa_point_04": {
      "type": "Point",
      "tm": [
        [
          -0.136721,
          0.0,
          -0.990608
        ],
        [
          0.0,
          1.0,
          0.0
        ],
        [
          0.990608,
          0.0,
          -0.136721
        ],
        [
          1969.13,
          1320.63,
          15051.3
        ]
      ],
      "objLayer": 0,
      "props": {}
    },
    "bdt_t1_bomb_zone_01_aaa_point_01": {
      "type": "Point",
      "tm": [
        [
          0.302304,
          0.0,
          -0.95321
        ],
        [
          0.0,
          1.0,
          0.0
        ],
        [
          0.95321,
          0.0,
          0.302304
        ],
        [
          3121.31,
          680.014,
          -10197.7
        ]
      ],
      "objLayer": 0,
      "props": {}
    },
    "bdt_t1_bomb_zone_01_aaa_point_02": {
      "type": "Point",
      "tm": [
        [
          0.302304,
          0.0,
          -0.95321
        ],
        [
          0.0,
          1.0,
          0.0
        ],
        [
          0.95321,
          0.0,
          0.302304
        ],
        [
          3019.71,
          673.961,
          -9705.22
        ]
      ],
      "objLayer": 0,
      "props": {}
    },
    "bdt_t1_bomb_zone_01_aaa_point_03": {
      "type": "Point",
      "tm": [
        [
          0.302304,
          0.0,
          -0.95321
        ],
        [
          0.0,
          1.0,
          0.0
        ],
        [
          0.95321,
          0.0,
          0.302304
        ],
        [
          2806.41,
          689.493,
          -10000.1
        ]
      ],
      "objLayer": 0,
      "props": {}
    },
    "bdt_t1_bomb_zone_01_aaa_point_04": {
      "type": "Point",
      "tm": [
        [
          0.302304,
          0.0,
          -0.95321
        ],
        [
          0.0,
          1.0,
          0.0
        ],
        [
          0.95321,
          0.0,
          0.302304
        ],
        [
          2863.71,
          682.731,
          -9778.92
        ]
      ],
      "objLayer": 0,
      "props": {}
    },
    "bdt_t1_bomb_zone_02_aaa_point_01": {
      "type": "Point",
      "tm": [
        [
          0.302304,
          0.0,
          -0.95321
        ],
        [
          0.0,
          1.0,
          0.0
        ],
        [
          0.95321,
          0.0,
          0.302304
        ],
        [
          5458.94,
          536.416,
          -2729.0
        ]
      ],
      "objLayer": 0,
      "props": {}
    },
    "bdt_t1_bomb_zone_02_aaa_point_02": {
      "type": "Point",
      "tm": [
        [
          0.302304,
          0.0,
          -0.95321
        ],
        [
          0.0,
          1.0,
          0.0
        ],
        [
          0.95321,
          0.0,
          0.302304
        ],
        [
          5587.44,
          605.977,
          -2478.25
        ]
      ],
      "objLayer": 0,
      "props": {}
    },
    "bdt_t1_bomb_zone_02_aaa_point_03": {
      "type": "Point",
      "tm": [
        [
          0.302304,
          0.0,
          -0.95321
        ],
        [
          0.0,
          1.0,
          0.0
        ],
        [
          0.95321,
          0.0,
          0.302304
        ],
        [
          5316.74,
          541.459,
          -2715.96
        ]
      ],
      "objLayer": 0,
      "props": {}
    },
    "bdt_t1_bomb_zone_02_aaa_point_04": {
      "type": "Point",
      "tm": [
        [
          0.302304,
          0.0,
          -0.95321
        ],
        [
          0.0,
          1.0,
          0.0
        ],
        [
          0.95321,
          0.0,
          0.302304
        ],
        [
          5274.34,
          589.109,
          -2578.2
        ]
      ],
      "objLayer": 0,
      "props": {}
    },
    "bdt_t1_bomb_zone_03_aaa_point_01": {
      "type": "Point",
      "tm": [
        [
          0.194719,
          0.0,
          -0.980858
        ],
        [
          0.0,
          1.0,
          0.0
        ],
        [
          0.980858,
          0.0,
          0.194719
        ],
        [
          -6872.07,
          162.479,
          -8379.5
        ]
      ],
      "objLayer": 0,
      "props": {}
    },
    "bdt_t1_bomb_zone_03_aaa_point_02": {
      "type": "Point",
      "tm": [
        [
          0.194719,
          0.0,
          -0.980858
        ],
        [
          0.0,
          1.0,
          0.0
        ],
        [
          0.980858,
          0.0,
          0.194719
        ],
        [
          -6581.47,
          155.161,
          -8690.7
        ]
      ],
      "objLayer": 0,
      "props": {}
    },
    "bdt_t1_bomb_zone_03_aaa_point_03": {
      "type": "Point",
      "tm": [
        [
          0.194719,
          0.0,
          -0.980858
        ],
        [
          0.0,
          1.0,
          0.0
        ],
        [
          0.980858,
          0.0,
          0.194719
        ],
        [
          -6568.97,
          161.928,
          -8411.1
        ]
      ],
      "objLayer": 0,
      "props": {}
    },
    "bdt_t1_bomb_zone_03_aaa_point_04": {
      "type": "Point",
      "tm": [
        [
          0.194719,
          0.0,
          -0.980858
        ],
        [
          0.0,
          1.0,
          0.0
        ],
        [
          0.980858,
          0.0,
          0.194719
        ],
        [
          -6982.57,
          159.722,
          -8651.5
        ]
      ],
      "objLayer": 0,
      "props": {}
    },
    "bdt_t1_bomb_zone_04_aaa_point_01": {
      "type": "Point",
      "tm": [
        [
          0.194719,
          0.0,
          -0.980858
        ],
        [
          0.0,
          1.0,
          0.0
        ],
        [
          0.980858,
          0.0,
          0.194719
        ],
        [
          -15421.9,
          26.5204,
          -3894.39
        ]
      ],
      "objLayer": 0,
      "props": {}
    },
    "bdt_t1_bomb_zone_04_aaa_point_02": {
      "type": "Point",
      "tm": [
        [
          0.194719,
          0.0,
          -0.980858
        ],
        [
          0.0,
          1.0,
          0.0
        ],
        [
          0.980858,
          0.0,
          0.194719
        ],
        [
          -15142.5,
          24.4475,
          -3736.13
        ]
      ],
      "objLayer": 0,
      "props": {}
    },
    "bdt_t1_bomb_zone_04_aaa_point_03": {
      "type": "Point",
      "tm": [
        [
          0.194719,
          0.0,
          -0.980858
        ],
        [
          0.0,
          1.0,
          0.0
        ],
        [
          0.980858,
          0.0,
          0.194719
        ],
        [
          -15632.8,
          25.3754,
          -3637.43
        ]
      ],
      "objLayer": 0,
      "props": {}
    },
    "bdt_t1_bomb_zone_04_aaa_point_04": {
      "type": "Point",
      "tm": [
        [
          0.194719,
          0.0,
          -0.980858
        ],
        [
          0.0,
          1.0,
          0.0
        ],
        [
          0.980858,
          0.0,
          0.194719
        ],
        [
          -15109.8,
          23.7885,
          -3380.41
        ]
      ],
      "objLayer": 0,
      "props": {}
    },
    "bdt_t1_bomb_zone_05": {
      "type": "Sphere",
      "tm": [
        [
          76.3484,
          0.0,
          -443.475
        ],
        [
          0.0,
          450.0,
          0.0
        ],
        [
          443.475,
          0.0,
          76.3484
        ],
        [
          -14282.4,
          41.5305,
          -7972.85
        ]
      ],
      "objLayer": 0,
      "props": {}
    },
    "bdt_t1_bomb_zone_06": {
      "type": "Sphere",
      "tm": [
        [
          76.3484,
          0.0,
          -443.475
        ],
        [
          0.0,
          450.0,
          0.0
        ],
        [
          443.475,
          0.0,
          76.3484
        ],
        [
          -10525.3,
          92.6042,
          -10554.2
        ]
      ],
      "objLayer": 0,
      "props": {}
    },
    "bdt_t1_bomb_zone_07": {
      "type": "Sphere",
      "tm": [
        [
          76.3484,
          0.0,
          -443.475
        ],
        [
          0.0,
          450.0,
          0.0
        ],
        [
          443.475,
          0.0,
          76.3484
        ],
        [
          -11845.2,
          117.304,
          -6803.69
        ]
      ],
      "objLayer": 0,
      "props": {}
    },
    "bdt_t1_bomb_zone_08": {
      "type": "Sphere",
      "tm": [
        [
          -126.786,
          0.0,
          -431.769
        ],
        [
          0.0,
          450.0,
          0.0
        ],
        [
          431.769,
          0.0,
          -126.786
        ],
        [
          5851.13,
          568.61,
          -6129.96
        ]
      ],
      "objLayer": 0,
      "props": {}
    },
    "bdt_t1_bomb_zone_09": {
      "type": "Sphere",
      "tm": [
        [
          -126.786,
          0.0,
          -431.769
        ],
        [
          0.0,
          450.0,
          0.0
        ],
        [
          431.769,
          0.0,
          -126.786
        ],
        [
          -1753.44,
          140.917,
          -7897.93
        ]
      ],
      "objLayer": 0,
      "props": {}
    },
    "bdt_t1_bomb_zone_10": {
      "type": "Sphere",
      "tm": [
        [
          -126.786,
          0.0,
          -431.769
        ],
        [
          0.0,
          450.0,
          0.0
        ],
        [
          431.769,
          0.0,
          -126.786
        ],
        [
          1888.25,
          317.941,
          -6001.21
        ]
      ],
      "objLayer": 0,
      "props": {}
    },
    "bdt_t1_bomb_zone_05_aaa_point_01": {
      "type": "Point",
      "tm": [
        [
          0.194719,
          0.0,
          -0.980858
        ],
        [
          0.0,
          1.0,
          0.0
        ],
        [
          0.980858,
          0.0,
          0.194719
        ],
        [
          -14313.2,
          41.7885,
          -7700.54
        ]
      ],
      "objLayer": 0,
      "props": {}
    },
    "bdt_t1_bomb_zone_05_aaa_point_02": {
      "type": "Point",
      "tm": [
        [
          0.194719,
          0.0,
          -0.980858
        ],
        [
          0.0,
          1.0,
          0.0
        ],
        [
          0.980858,
          0.0,
          0.194719
        ],
        [
          -14397.3,
          40.8875,
          -7868.1
        ]
      ],
      "objLayer": 0,
      "props": {}
    },
    "bdt_t1_bomb_zone_05_aaa_point_03": {
      "type": "Point",
      "tm": [
        [
          0.194719,
          0.0,
          -0.980858
        ],
        [
          0.0,
          1.0,
          0.0
        ],
        [
          0.980858,
          0.0,
          0.194719
        ],
        [
          -14261.0,
          42.0975,
          -8259.78
        ]
      ],
      "objLayer": 0,
      "props": {}
    },
    "bdt_t1_bomb_zone_05_aaa_point_04": {
      "type": "Point",
      "tm": [
        [
          0.194719,
          0.0,
          -0.980858
        ],
        [
          0.0,
          1.0,
          0.0
        ],
        [
          0.980858,
          0.0,
          0.194719
        ],
        [
          -14059.8,
          42.7995,
          -8138.71
        ]
      ],
      "objLayer": 0,
      "props": {}
    },
    "bdt_t1_bomb_zone_06_aaa_point_01": {
      "type": "Point",
      "tm": [
        [
          0.194719,
          0.0,
          -0.980858
        ],
        [
          0.0,
          1.0,
          0.0
        ],
        [
          0.980858,
          0.0,
          0.194719
        ],
        [
          -10840.2,
          87.8963,
          -10433.2
        ]
      ],
      "objLayer": 0,
      "props": {}
    },
    "bdt_t1_bomb_zone_06_aaa_point_02": {
      "type": "Point",
      "tm": [
        [
          0.194719,
          0.0,
          -0.980858
        ],
        [
          0.0,
          1.0,
          0.0
        ],
        [
          0.980858,
          0.0,
          0.194719
        ],
        [
          -10647.6,
          90.1543,
          -10253.4
        ]
      ],
      "objLayer": 0,
      "props": {}
    },
    "bdt_t1_bomb_zone_06_aaa_point_03": {
      "type": "Point",
      "tm": [
        [
          0.194719,
          0.0,
          -0.980858
        ],
        [
          0.0,
          1.0,
          0.0
        ],
        [
          0.980858,
          0.0,
          0.194719
        ],
        [
          -10220.4,
          94.1298,
          -10503.9
        ]
      ],
      "objLayer": 0,
      "props": {}
    },
    "bdt_t1_bomb_zone_06_aaa_point_04": {
      "type": "Point",
      "tm": [
        [
          0.194719,
          0.0,
          -0.980858
        ],
        [
          0.0,
          1.0,
          0.0
        ],
        [
          0.980858,
          0.0,
          0.194719
        ],
        [
          -10601.2,
          89.9033,
          -10842.0
        ]
      ],
      "objLayer": 0,
      "props": {}
    },
    "bdt_t1_bomb_zone_07_aaa_point_01": {
      "type": "Point",
      "tm": [
        [
          0.194719,
          0.0,
          -0.980858
        ],
        [
          0.0,
          1.0,
          0.0
        ],
        [
          0.980858,
          0.0,
          0.194719
        ],
        [
          -11559.5,
          118.606,
          -6899.34
        ]
      ],
      "objLayer": 0,
      "props": {}
    },
    "bdt_t1_bomb_zone_07_aaa_point_02": {
      "type": "Point",
      "tm": [
        [
          0.194719,
          0.0,
          -0.980858
        ],
        [
          0.0,
          1.0,
          0.0
        ],
        [
          0.980858,
          0.0,
          0.194719
        ],
        [
          -12174.4,
          111.31,
          -6688.56
        ]
      ],
      "objLayer": 0,
      "props": {}
    },
    "bdt_t1_bomb_zone_07_aaa_point_03": {
      "type": "Point",
      "tm": [
        [
          0.194719,
          0.0,
          -0.980858
        ],
        [
          0.0,
          1.0,
          0.0
        ],
        [
          0.980858,
          0.0,
          0.194719
        ],
        [
          -11940.2,
          106.447,
          -7125.94
        ]
      ],
      "objLayer": 0,
      "props": {}
    },
    "bdt_t1_bomb_zone_07_aaa_point_04": {
      "type": "Point",
      "tm": [
        [
          0.194719,
          0.0,
          -0.980858
        ],
        [
          0.0,
          1.0,
          0.0
        ],
        [
          0.980858,
          0.0,
          0.194719
        ],
        [
          -11536.7,
          115.875,
          -6546.35
        ]
      ],
      "objLayer": 0,
      "props": {}
    },
    "bdt_t1_bomb_zone_08_aaa_point_01": {
      "type": "Point",
      "tm": [
        [
          0.302304,
          0.0,
          -0.95321
        ],
        [
          0.0,
          1.0,
          0.0
        ],
        [
          0.95321,
          0.0,
          0.302304
        ],
        [
          6114.53,
          512.454,
          -5965.13
        ]
      ],
      "objLayer": 0,
      "props": {}
    },
    "bdt_t1_bomb_zone_08_aaa_point_02": {
      "type": "Point",
      "tm": [
        [
          0.302304,
          0.0,
          -0.95321
        ],
        [
          0.0,
          1.0,
          0.0
        ],
        [
          0.95321,
          0.0,
          0.302304
        ],
        [
          5610.63,
          569.813,
          -6021.31
        ]
      ],
      "objLayer": 0,
      "props": {}
    },
    "bdt_t1_bomb_zone_08_aaa_point_03": {
      "type": "Point",
      "tm": [
        [
          0.302304,
          0.0,
          -0.95321
        ],
        [
          0.0,
          1.0,
          0.0
        ],
        [
          0.95321,
          0.0,
          0.302304
        ],
        [
          5707.43,
          567.385,
          -6345.95
        ]
      ],
      "objLayer": 0,
      "props": {}
    },
    "bdt_t1_bomb_zone_08_aaa_point_04": {
      "type": "Point",
      "tm": [
        [
          0.302304,
          0.0,
          -0.95321
        ],
        [
          0.0,
          1.0,
          0.0
        ],
        [
          0.95321,
          0.0,
          0.302304
        ],
        [
          5938.93,
          570.501,
          -6387.56
        ]
      ],
      "objLayer": 0,
      "props": {}
    },
    "bdt_t1_bomb_zone_09_aaa_point_01": {
      "type": "Point",
      "tm": [
        [
          0.302304,
          0.0,
          -0.95321
        ],
        [
          0.0,
          1.0,
          0.0
        ],
        [
          0.95321,
          0.0,
          0.302304
        ],
        [
          -1646.82,
          140.608,
          -7470.03
        ]
      ],
      "objLayer": 0,
      "props": {}
    },
    "bdt_t1_bomb_zone_09_aaa_point_02": {
      "type": "Point",
      "tm": [
        [
          0.302304,
          0.0,
          -0.95321
        ],
        [
          0.0,
          1.0,
          0.0
        ],
        [
          0.95321,
          0.0,
          0.302304
        ],
        [
          -2078.74,
          132.096,
          -8016.63
        ]
      ],
      "objLayer": 0,
      "props": {}
    },
    "bdt_t1_bomb_zone_09_aaa_point_03": {
      "type": "Point",
      "tm": [
        [
          0.302304,
          0.0,
          -0.95321
        ],
        [
          0.0,
          1.0,
          0.0
        ],
        [
          0.95321,
          0.0,
          0.302304
        ],
        [
          -1303.03,
          146.303,
          -7686.43
        ]
      ],
      "objLayer": 0,
      "props": {}
    },
    "bdt_t1_bomb_zone_09_aaa_point_04": {
      "type": "Point",
      "tm": [
        [
          0.302304,
          0.0,
          -0.95321
        ],
        [
          0.0,
          1.0,
          0.0
        ],
        [
          0.95321,
          0.0,
          0.302304
        ],
        [
          -1985.69,
