{
  "selected_tag": "",
  "bin_dump_file": "",
  "mission_settings": {
    "player": {
      "army": 1
    },
    "player_teamB": {
      "army": 2
    },
    "mission": {
      "level": "levels/air_smolensk.bin",
      "type": "domination",
      "environment": "Day",
      "weather": "hazy",
      "restoreType": "attempts",
      "optionalTakeOff": false
    }
  },
  "imports": {},
  "triggers": {
    "isCategory": true,
    "is_enabled": true
  },
  "mission_objectives": {
    "isCategory": true,
    "is_enabled": true
  },
  "variables": {},
  "dialogs": {},
  "airfields": {},
  "effects": {},
  "units": {
    "objectGroups": [
      {
        "name": "bdt_t2_bomb_object_01",
        "tm": [
          [
            -0.666771,
            0.0,
            -0.74526
          ],
          [
            0.0,
            1.0,
            0.0
          ],
          [
            0.74526,
            0.0,
            -0.666771
          ],
          [
            -1179.39,
            430.525,
            8399.35
          ]
        ],
        "unit_class": "dynBase_hq_camp_square",
        "objLayer": 2,
        "props": {
          "army": 2,
          "active": false
        }
      },
      {
        "name": "bdt_t2_bomb_object_02",
        "tm": [
          [
            -0.977971,
            0.0,
            -0.208753
          ],
          [
            0.0,
            1.0,
            0.0
          ],
          [
            0.208753,
            0.0,
            -0.977971
          ],
          [
            -6818.32,
            322.343,
            9570.66
          ]
        ],
        "unit_class": "dynBase_fuel_storage_square",
        "objLayer": 2,
        "props": {
          "army": 2,
          "active": false
        }
      },
      {
        "name": "bdt_t2_bomb_object_03",
        "tm": [
          [
            0.45476,
            0.0,
            -0.890617
          ],
          [
            0.0,
            1.0,
            0.0
          ],
          [
            0.890617,
            0.0,
            0.45476
          ],
          [
            -9801.01,
            94.6444,
            8066.03
          ]
        ],
        "unit_class": "dynBase_oil_storage_small_square",
        "objLayer": 2,
        "props": {
          "army": 2,
          "active": false
        }
      },
      {
        "name": "bdt_t1_bomb_object_01",
        "tm": [
          [
            -0.281741,
            0.0,
            -0.95949
          ],
          [
            0.0,
            1.0,
            0.0
          ],
          [
            0.95949,
            0.0,
            -0.281741
          ],
          [
            2250.32,
            412.79,
            -3346.32
          ]
        ],
        "unit_class": "dynBase_fuel_storage_square",
        "objLayer": 2,
        "props": {
          "army": 1,
          "active": false
        }
      },
      {
        "name": "bdt_t1_bomb_object_02",
        "tm": [
          [
            0.440501,
            0.0,
            -0.897751
          ],
          [
            0.0,
            1.0,
            0.0
          ],
          [
            0.897751,
            0.0,
            0.440501
          ],
          [
            118.453,
            303.483,
            -2220.59
          ]
        ],
        "unit_class": "dynBase_small_factory_square",
        "objLayer": 2,
        "props": {
          "army": 1,
          "active": false
        }
      },
      {
        "name": "bdt_t1_bomb_object_03",
        "tm": [
          [
            0.53191,
            0.0,
            -0.8468
          ],
          [
            0.0,
            1.0,
            0.0
          ],
          [
            0.8468,
            0.0,
            0.53191
          ],
          [
            -7159.17,
            128.383,
            -4129.68
          ]
        ],
        "unit_class": "dynBase_oil_storage_small_square",
        "objLayer": 2,
        "props": {
          "army": 1,
          "active": false
        }
      },
      {
        "name": "bdt_t2_bomb_object_04",
        "tm": [
          [
            -0.118719,
            0.0,
            -0.992928
          ],
          [
            0.0,
            1.0,
            0.0
          ],
          [
            0.992928,
            0.0,
            -0.118719
          ],
          [
            -1200.01,
            770.369,
            10892.4
          ]
        ],
        "unit_class": "dynBase_small_factory_square",
        "objLayer": 2,
        "props": {
          "army": 2,
          "active": false
        }
      },
      {
        "name": "bdt_t1_bomb_object_04",
        "tm": [
          [
            0.201883,
            0.0,
            -0.97941
          ],
          [
            0.0,
            1.0,
            0.0
          ],
          [
            0.97941,
            0.0,
            0.201883
          ],
          [
            -10127.4,
            48.7994,
            -2291.4
          ]
        ],
        "unit_class": "dynBase_field_camp_square",
        "objLayer": 2,
        "props": {
          "army": 1,
          "active": false
        }
      },
      {
        "name": "bdt_t1_bomb_object_05",
        "tm": [
          [
            0.201883,
            0.0,
            -0.97941
          ],
          [
            0.0,
            1.0,
            0.0
          ],
          [
            0.97941,
            0.0,
            0.201883
          ],
          [
            -6844.37,
            112.02,
            -6595.32
          ]
        ],
        "unit_class": "dynBase_military_base_square",
        "objLayer": 2,
        "props": {
          "army": 1,
          "active": false
        }
      },
      {
        "name": "bdt_t1_bomb_object_06",
        "tm": [
          [
            0.201883,
            0.0,
            -0.97941
          ],
          [
            0.0,
            1.0,
            0.0
          ],
          [
            0.97941,
            0.0,
            0.201883
          ],
          [
            -10111.9,
            91.9873,
            -5220.91
          ]
        ],
        "unit_class": "dynBase_oil_storage_large_square",
        "objLayer": 2,
        "props": {
          "army": 1,
          "active": false
        }
      },
      {
        "name": "bdt_t1_bomb_object_07",
        "tm": [
          [
            0.201883,
            0.0,
            -0.97941
          ],
          [
            0.0,
            1.0,
            0.0
          ],
          [
            0.97941,
            0.0,
            0.201883
          ],
          [
            -15046.5,
            25.6636,
            -3145.96
          ]
        ],
        "unit_class": "dynBase_oil_storage_large_square",
        "objLayer": 2,
        "props": {
          "army": 1,
          "active": false
        }
      },
      {
        "name": "bdt_t1_bomb_object_08",
        "tm": [
          [
            -0.281741,
            0.0,
            -0.95949
          ],
          [
            0.0,
            1.0,
            0.0
          ],
          [
            0.95949,
            0.0,
            -0.281741
          ],
          [
            1440.36,
            234.863,
            -92.1599
          ]
        ],
        "unit_class": "dynBase_small_factory_square",
        "objLayer": 2,
        "props": {
          "army": 1,
          "active": false
        }
      },
      {
        "name": "bdt_t1_bomb_object_09",
        "tm": [
          [
            -0.281741,
            0.0,
            -0.95949
          ],
          [
            0.0,
            1.0,
            0.0
          ],
          [
            0.95949,
            0.0,
            -0.281741
          ],
          [
            -2582.14,
            364.853,
            -3934.72
          ]
        ],
        "unit_class": "dynBase_petrol_camp_square",
        "objLayer": 2,
        "props": {
          "army": 1,
          "active": false
        }
      },
      {
        "name": "bdt_t1_bomb_object_10",
        "tm": [
          [
            -0.281741,
            0.0,
            -0.95949
          ],
          [
            0.0,
            1.0,
            0.0
          ],
          [
            0.95949,
            0.0,
            -0.281741
          ],
          [
            455.192,
            456.773,
            -5086.54
          ]
        ],
        "unit_class": "dynBase_petrol_camp_square",
        "objLayer": 2,
        "props": {
          "army": 1,
          "active": false
        }
      },
      {
        "name": "bdt_t2_bomb_object_05",
        "tm": [
          [
            -0.118719,
            0.0,
            -0.992928
          ],
          [
            0.0,
            1.0,
            0.0
          ],
          [
            0.992928,
            0.0,
            -0.118719
          ],
          [
            2364.3,
            812.031,
            8211.16
          ]
        ],
        "unit_class": "dynBase_petrol_camp_square",
        "objLayer": 2,
        "props": {
          "army": 2,
          "active": false
        }
      },
      {
        "name": "bdt_t2_bomb_object_06",
        "tm": [
          [
            0.361126,
            0.0,
            -0.932518
          ],
          [
            0.0,
            1.0,
            0.0
          ],
          [
            0.932518,
            0.0,
            0.361126
          ],
          [
            1269.89,
            317.474,
            5566.66
          ]
        ],
        "unit_class": "dynBase_military_base_square",
        "objLayer": 2,
        "props": {
          "army": 2,
          "active": false
        }
      },
      {
        "name": "bdt_t2_bomb_object_07",
        "tm": [
          [
            -0.118719,
            0.0,
            -0.992928
          ],
          [
            0.0,
            1.0,
            0.0
          ],
          [
            0.992928,
            0.0,
            -0.118719
          ],
          [
            -3371.17,
            616.929,
            9589.0
          ]
        ],
        "unit_class": "dynBase_fuel_storage_square",
        "objLayer": 2,
        "props": {
          "army": 2,
          "active": false
        }
      },
      {
        "name": "bdt_t2_bomb_object_08",
        "tm": [
          [
            0.45476,
            0.0,
            -0.890617
          ],
          [
            0.0,
            1.0,
            0.0
          ],
          [
            0.890617,
            0.0,
            0.45476
          ],
          [
            -10582.1,
            166.728,
            10683.6
          ]
        ],
        "unit_class": "dynBase_ammunition_storage_square",
        "objLayer": 2,
        "props": {
          "army": 2,
          "active": false
        }
      },
      {
        "name": "bdt_t2_bomb_object_09",
        "tm": [
          [
            0.45476,
            0.0,
            -0.890617
          ],
          [
            0.0,
            1.0,
            0.0
          ],
          [
            0.890617,
            0.0,
            0.45476
          ],
          [
            -7509.12,
            458.058,
            11967.4
          ]
        ],
        "unit_class": "dynBase_field_camp_square",
        "objLayer": 2,
        "props": {
          "army": 2,
          "active": false
        }
      },
      {
        "name": "bdt_t2_bomb_object_10",
        "tm": [
          [
            0.45476,
            0.0,
            -0.890617
          ],
          [
            0.0,
            1.0,
            0.0
          ],
          [
            0.890617,
            0.0,
            0.45476
          ],
          [
            -14486.4,
            161.567,
            11285.1
          ]
        ],
        "unit_class": "dynBase_oil_storage_small_square",
        "objLayer": 2,
        "props": {
          "army": 2,
          "active": false
        }
      }
    ]
  },
  "areas": {
    "bdt_t2_bomb_zone_01": {
      "type": "Sphere",
      "tm": [
        [
          -300.048,
          0.0,
          -335.368
        ],
        [
          0.0,
          450.0,
          0.0
        ],
        [
          335.368,
          0.0,
          -300.048
        ],
        [
          -1182.75,
          430.595,
          8405.65
        ]
      ],
      "objLayer": 0,
      "props": {}
    },
    "bdt_t2_bomb_zone_02": {
      "type": "Sphere",
      "tm": [
        [
          -261.001,
          0.0,
          -366.578
        ],
        [
          0.0,
          450.0,
          0.0
        ],
        [
          366.578,
          0.0,
          -261.001
        ],
        [
          -6808.02,
          322.663,
          9551.55
        ]
      ],
      "objLayer": 0,
      "props": {}
    },
    "bdt_t2_bomb_zone_03": {
      "type": "Sphere",
      "tm": [
        [
          204.639,
          0.0,
          -400.777
        ],
        [
          0.0,
          450.0,
          0.0
        ],
        [
          400.777,
          0.0,
          204.639
        ],
        [
          -9796.01,
          94.5944,
          8074.53
        ]
      ],
      "objLayer": 0,
      "props": {}
    },
    "bdt_t1_bomb_zone_01": {
      "type": "Sphere",
      "tm": [
        [
          -126.785,
          0.0,
          -431.77
        ],
        [
          0.0,
          450.0,
          0.0
        ],
        [
          431.77,
          0.0,
          -126.785
        ],
        [
          2249.82,
          412.832,
          -3358.97
        ]
      ],
      "objLayer": 0,
      "props": {}
    },
    "bdt_t1_bomb_zone_02": {
      "type": "Sphere",
      "tm": [
        [
          106.087,
          0.0,
          -437.316
        ],
        [
          0.0,
          450.0,
          0.0
        ],
        [
          437.316,
          0.0,
          106.087
        ],
        [
          121.453,
          301.998,
          -2224.23
        ]
      ],
      "objLayer": 0,
      "props": {}
    },
    "bdt_t1_bomb_zone_03": {
      "type": "Sphere",
      "tm": [
        [
          76.3484,
          0.0,
          -443.475
        ],
        [
          0.0,
          450.0,
          0.0
        ],
        [
          443.475,
          0.0,
          76.3484
        ],
        [
          -7157.67,
          128.252,
          -4135.17
        ]
      ],
      "objLayer": 0,
      "props": {}
    },
    "bdt_t2_bomb_zone_04": {
      "type": "Sphere",
      "tm": [
        [
          -53.4248,
          0.0,
          -446.816
        ],
        [
          0.0,
          450.0,
          0.0
        ],
        [
          446.816,
          0.0,
          -53.4248
        ],
        [
          -1202.69,
          770.303,
          10884.9
        ]
      ],
      "objLayer": 0,
      "props": {}
    },
    "bdt_t1_bomb_zone_04": {
      "type": "Sphere",
      "tm": [
        [
          76.3484,
          0.0,
          -443.475
        ],
        [
          0.0,
          450.0,
          0.0
        ],
        [
          443.475,
          0.0,
          76.3484
        ],
        [
          -10121.7,
          48.7663,
          -2290.69
        ]
      ],
      "objLayer": 0,
      "props": {}
    },
    "bdt_t2_bomb_zone_01_aaa_point_01": {
      "type": "Point",
      "tm": [
        [
          -0.13672,
          0.0,
          -0.990608
        ],
        [
          0.0,
          1.0,
          0.0
        ],
        [
          0.990608,
          0.0,
          -0.13672
        ],
        [
          -1408.13,
          432.725,
          8409.75
        ]
      ],
      "objLayer": 0,
      "props": {}
    },
    "bdt_t2_bomb_zone_01_aaa_point_02": {
      "type": "Point",
      "tm": [
        [
          -0.13672,
          0.0,
          -0.990608
        ],
        [
          0.0,
          1.0,
          0.0
        ],
        [
          0.990608,
          0.0,
          -0.13672
        ],
        [
          -908.284,
          432.355,
          8505.85
        ]
      ],
      "objLayer": 0,
      "props": {}
    },
    "bdt_t2_bomb_zone_01_aaa_point_03": {
      "type": "Point",
      "tm": [
        [
          -0.13672,
          0.0,
          -0.990608
        ],
        [
          0.0,
          1.0,
          0.0
        ],
        [
          0.990608,
          0.0,
          -0.13672
        ],
        [
          -916.524,
          430.935,
          8387.15
        ]
      ],
      "objLayer": 0,
      "props": {}
    },
    "bdt_t2_bomb_zone_01_aaa_point_04": {
      "type": "Point",
      "tm": [
        [
          -0.13672,
          0.0,
          -0.990608
        ],
        [
          0.0,
          1.0,
          0.0
        ],
        [
          0.990608,
          0.0,
          -0.13672
        ],
        [
          -945.804,
          427.205,
          8002.85
        ]
      ],
      "objLayer": 0,
      "props": {}
    },
    "bdt_t2_bomb_zone_02_aaa_point_01": {
      "type": "Point",
      "tm": [
        [
          -0.0260084,
          0.0,
          -0.99966
        ],
        [
          0.0,
          1.0,
          0.0
        ],
        [
          0.99966,
          0.0,
          -0.0260084
        ],
        [
          -6952.12,
          320.023,
          9754.05
        ]
      ],
      "objLayer": 0,
      "props": {}
    },
    "bdt_t2_bomb_zone_02_aaa_point_02": {
      "type": "Point",
      "tm": [
        [
          -0.0260084,
          0.0,
          -0.99966
        ],
        [
          0.0,
          1.0,
          0.0
        ],
        [
          0.99966,
          0.0,
          -0.0260084
        ],
        [
          -6489.12,
          321.863,
          9478.16
        ]
      ],
      "objLayer": 0,
      "props": {}
    },
    "bdt_t2_bomb_zone_02_aaa_point_03": {
      "type": "Point",
      "tm": [
        [
          -0.0260084,
          0.0,
          -0.99966
        ],
        [
          0.0,
          1.0,
          0.0
        ],
        [
          0.99966,
          0.0,
          -0.0260084
        ],
        [
          -6691.82,
          325.673,
          9805.86
        ]
      ],
      "objLayer": 0,
      "props": {}
    },
    "bdt_t2_bomb_zone_02_aaa_point_04": {
      "type": "Point",
      "tm": [
        [
          -0.0260084,
          0.0,
          -0.99966
        ],
        [
          0.0,
          1.0,
          0.0
        ],
        [
          0.99966,
          0.0,
          -0.0260084
        ],
        [
          -6853.02,
          319.953,
          9326.66
        ]
      ],
      "objLayer": 0,
      "props": {}
    },
    "bdt_t2_bomb_zone_03_aaa_point_01": {
      "type": "Point",
      "tm": [
        [
          -0.0260084,
          0.0,
          -0.99966
        ],
        [
          0.0,
          1.0,
          0.0
        ],
        [
          0.99966,
          0.0,
          -0.0260084
        ],
        [
          -10091.1,
          97.3944,
          8033.23
        ]
      ],
      "objLayer": 0,
      "props": {}
    },
    "bdt_t2_bomb_zone_03_aaa_point_02": {
      "type": "Point",
      "tm": [
        [
          -0.0260084,
          0.0,
          -0.99966
        ],
        [
          0.0,
          1.0,
          0.0
        ],
        [
          0.99966,
          0.0,
          -0.0260084
        ],
        [
          -9528.01,
          91.3344,
          7957.13
        ]
      ],
      "objLayer": 0,
      "props": {}
    },
    "bdt_t2_bomb_zone_03_aaa_point_03": {
      "type": "Point",
      "tm": [
        [
          -0.0260084,
          0.0,
          -0.99966
        ],
        [
          0.0,
          1.0,
          0.0
        ],
        [
          0.99966,
          0.0,
          -0.0260084
        ],
        [
          -9612.51,
          91.7244,
          8288.73
        ]
      ],
      "objLayer": 0,
      "props": {}
    },
    "bdt_t2_bomb_zone_03_aaa_point_04": {
      "type": "Point",
      "tm": [
        [
          -0.0260084,
          0.0,
          -0.99966
        ],
        [
          0.0,
          1.0,
          0.0
        ],
        [
          0.99966,
          0.0,
          -0.0260084
        ],
        [
          -10035.0,
          97.2544,
          8255.83
        ]
      ],
      "objLayer": 0,
      "props": {}
    },
    "bdt_t2_bomb_zone_04_aaa_point_01": {
      "type": "Point",
      "tm": [
        [
          -0.13672,
          0.0,
          -0.990608
        ],
        [
          0.0,
          1.0,
          0.0
        ],
        [
          0.990608,
          0.0,
          -0.13672
        ],
        [
          -1006.97,
          766.156,
          10616.4
        ]
      ],
      "objLayer": 0,
      "props": {}
    },
    "bdt_t2_bomb_zone_04_aaa_point_02": {
      "type": "Point",
      "tm": [
        [
          -0.13672,
          0.0,
          -0.990608
        ],
        [
          0.0,
          1.0,
          0.0
        ],
        [
          0.990608,
          0.0,
          -0.13672
        ],
        [
          -965.7,
          765.917,
          11072.4
        ]
      ],
      "objLayer": 0,
      "props": {}
    },
    "bdt_t2_bomb_zone_04_aaa_point_03": {
      "type": "Point",
      "tm": [
        [
          -0.13672,
          0.0,
          -0.990608
        ],
        [
          0.0,
          1.0,
          0.0
        ],
        [
          0.990608,
          0.0,
          -0.13672
        ],
        [
          -1455.78,
          765.76,
          10801.2
        ]
      ],
      "objLayer": 0,
      "props": {}
    },
    "bdt_t2_bomb_zone_04_aaa_point_04": {
      "type": "Point",
      "tm": [
        [
          -0.13672,
          0.0,
          -0.990608
        ],
        [
          0.0,
          1.0,
          0.0
        ],
        [
          0.990608,
          0.0,
          -0.13672
        ],
        [
          -1396.29,
          726.015,
          11038.2
        ]
      ],
      "objLayer": 0,
      "props": {}
    },
    "bdt_t1_bomb_zone_01_aaa_point_01": {
      "type": "Point",
      "tm": [
        [
          0.302306,
          0.0,
          -0.953211
        ],
        [
          0.0,
          1.0,
          0.0
        ],
        [
          0.953211,
          0.0,
          0.302306
        ],
        [
          2335.32,
          416.214,
          -3598.86
        ]
      ],
      "objLayer": 0,
      "props": {}
    },
    "bdt_t1_bomb_zone_01_aaa_point_02": {
      "type": "Point",
      "tm": [
        [
          0.302306,
          0.0,
          -0.953211
        ],
        [
          0.0,
          1.0,
          0.0
        ],
        [
          0.953211,
          0.0,
          0.302306
        ],
        [
          2233.72,
          410.161,
          -3106.29
        ]
      ],
      "objLayer": 0,
      "props": {}
    },
    "bdt_t1_bomb_zone_01_aaa_point_03": {
      "type": "Point",
      "tm": [
        [
          0.302306,
          0.0,
          -0.953211
        ],
        [
          0.0,
          1.0,
          0.0
        ],
        [
          0.953211,
          0.0,
          0.302306
        ],
        [
          2020.42,
          425.693,
          -3401.26
        ]
      ],
      "objLayer": 0,
      "props": {}
    },
    "bdt_t1_bomb_zone_01_aaa_point_04": {
      "type": "Point",
      "tm": [
        [
          0.302306,
          0.0,
          -0.953211
        ],
        [
          0.0,
          1.0,
          0.0
        ],
        [
          0.953211,
          0.0,
          0.302306
        ],
        [
          2077.72,
          418.931,
          -3179.96
        ]
      ],
      "objLayer": 0,
      "props": {}
    },
    "bdt_t1_bomb_zone_02_aaa_point_01": {
      "type": "Point",
      "tm": [
        [
          0.302306,
          0.0,
          -0.953211
        ],
        [
          0.0,
          1.0,
          0.0
        ],
        [
          0.953211,
          0.0,
          0.302306
        ],
        [
          355.253,
          299.739,
          -2360.28
        ]
      ],
      "objLayer": 0,
      "props": {}
    },
    "bdt_t1_bomb_zone_02_aaa_point_02": {
      "type": "Point",
      "tm": [
        [
          0.302306,
          0.0,
          -0.953211
        ],
        [
          0.0,
          1.0,
          0.0
        ],
        [
          0.953211,
          0.0,
          0.302306
        ],
        [
          338.353,
          369.3,
          -2070.54
        ]
      ],
      "objLayer": 0,
      "props": {}
    },
    "bdt_t1_bomb_zone_02_aaa_point_03": {
      "type": "Point",
      "tm": [
        [
          0.302306,
          0.0,
          -0.953211
        ],
        [
          0.0,
          1.0,
          0.0
        ],
        [
          0.953211,
          0.0,
          0.302306
        ],
        [
          -322.947,
          330.422,
          -2297.83
        ]
      ],
      "objLayer": 0,
      "props": {}
    },
    "bdt_t1_bomb_zone_02_aaa_point_04": {
      "type": "Point",
      "tm": [
        [
          0.302306,
          0.0,
          -0.953211
        ],
        [
          0.0,
          1.0,
          0.0
        ],
        [
          0.953211,
          0.0,
          0.302306
        ],
        [
          57.2531,
          378.072,
          -1901.42
        ]
      ],
      "objLayer": 0,
      "props": {}
    },
    "bdt_t1_bomb_zone_03_aaa_point_01": {
      "type": "Point",
      "tm": [
        [
          0.194721,
          0.0,
          -0.980859
        ],
        [
          0.0,
          1.0,
          0.0
        ],
        [
          0.980859,
          0.0,
          0.194721
        ],
        [
          -7424.46,
          132.623,
          -3981.88
        ]
      ],
      "objLayer": 0,
      "props": {}
    },
    "bdt_t1_bomb_zone_03_aaa_point_02": {
      "type": "Point",
      "tm": [
        [
          0.194721,
          0.0,
          -0.980859
        ],
        [
          0.0,
          1.0,
          0.0
        ],
        [
          0.980859,
          0.0,
          0.194721
        ],
        [
          -6940.67,
          125.305,
          -4242.74
        ]
      ],
      "objLayer": 0,
      "props": {}
    },
    "bdt_t1_bomb_zone_03_aaa_point_03": {
      "type": "Point",
      "tm": [
        [
          0.194721,
          0.0,
          -0.980859
        ],
        [
          0.0,
          1.0,
          0.0
        ],
        [
          0.980859,
          0.0,
          0.194721
        ],
        [
          -6928.17,
          132.072,
          -3963.11
        ]
      ],
      "objLayer": 0,
      "props": {}
    },
    "bdt_t1_bomb_zone_03_aaa_point_04": {
      "type": "Point",
      "tm": [
        [
          0.194721,
          0.0,
          -0.980859
        ],
        [
          0.0,
          1.0,
          0.0
        ],
        [
          0.980859,
          0.0,
          0.194721
        ],
        [
          -7295.67,
          129.866,
          -4356.5
        ]
      ],
      "objLayer": 0,
      "props": {}
    },
    "bdt_t1_bomb_zone_04_aaa_point_01": {
      "type": "Point",
      "tm": [
        [
          0.194721,
          0.0,
          -0.980859
        ],
        [
          0.0,
          1.0,
          0.0
        ],
        [
          0.980859,
          0.0,
          0.194721
        ],
        [
          -10197.3,
          50.9563,
          -2598.37
        ]
      ],
      "objLayer": 0,
      "props": {}
    },
    "bdt_t1_bomb_zone_04_aaa_point_02": {
      "type": "Point",
      "tm": [
        [
          0.194721,
          0.0,
          -0.980859
        ],
        [
          0.0,
          1.0,
          0.0
        ],
        [
          0.980859,
          0.0,
          0.194721
        ],
        [
          -9882.24,
          48.8833,
          -2362.46
        ]
      ],
      "objLayer": 0,
      "props": {}
    },
    "bdt_t1_bomb_zone_04_aaa_point_03": {
      "type": "Point",
      "tm": [
        [
          0.194721,
          0.0,
          -0.980859
        ],
        [
          0.0,
          1.0,
          0.0
        ],
        [
          0.980859,
          0.0,
          0.194721
        ],
        [
          -10408.2,
          49.8114,
          -2341.39
        ]
      ],
      "objLayer": 0,
      "props": {}
    },
    "bdt_t1_bomb_zone_04_aaa_point_04": {
      "type": "Point",
      "tm": [
        [
          0.194721,
          0.0,
          -0.980859
        ],
        [
          0.0,
          1.0,
          0.0
        ],
        [
          0.980859,
          0.0,
          0.194721
        ],
        [
          -9885.24,
          48.2243,
          -2084.39
        ]
      ],
      "objLayer": 0,
      "props": {}
    },
    "bdt_t1_bomb_zone_05": {
      "type": "Sphere",
      "tm": [
        [
          76.3484,
          0.0,
          -443.475
        ],
        [
          0.0,
          450.0,
          0.0
        ],
        [
          443.475,
          0.0,
          76.3484
        ],
        [
          -6838.57,
          112.042,
          -6594.5
        ]
      ],
      "objLayer": 0,
      "props": {}
    },
    "bdt_t1_bomb_zone_06": {
      "type": "Sphere",
      "tm": [
        [
          76.3484,
          0.0,
          -443.475
        ],
        [
          0.0,
          450.0,
          0.0
        ],
        [
          443.475,
          0.0,
          76.3484
        ],
        [
          -10106.1,
          92.0452,
          -5220.21
        ]
      ],
      "objLayer": 0,
      "props": {}
    },
    "bdt_t1_bomb_zone_07": {
      "type": "Sphere",
      "tm": [
        [
          76.3484,
          0.0,
          -443.475
        ],
        [
          0.0,
          450.0,
          0.0
        ],
        [
          443.475,
          0.0,
          76.3484
        ],
        [
          -15040.6,
          25.7786,
          -3145.27
        ]
      ],
      "objLayer": 0,
      "props": {}
    },
    "bdt_t1_bomb_zone_08": {
      "type": "Sphere",
      "tm": [
        [
          -126.785,
          0.0,
          -431.77
        ],
        [
          0.0,
          450.0,
          0.0
        ],
        [
          431.77,
          0.0,
          -126.785
        ],
        [
          1439.86,
          235.282,
          -104.85
        ]
      ],
      "objLayer": 0,
      "props": {}
    },
    "bdt_t1_bomb_zone_09": {
      "type": "Sphere",
      "tm": [
        [
          -126.785,
          0.0,
          -431.77
        ],
        [
          0.0,
          450.0,
          0.0
        ],
        [
          431.77,
          0.0,
          -126.785
        ],
        [
          -2582.68,
          365.144,
          -3947.15
        ]
      ],
      "objLayer": 0,
      "props": {}
    },
    "bdt_t1_bomb_zone_10": {
      "type": "Sphere",
      "tm": [
        [
          -126.785,
          0.0,
          -431.77
        ],
        [
          0.0,
          450.0,
          0.0
        ],
        [
          431.77,
          0.0,
          -126.785
        ],
        [
          454.592,
          458.941,
          -5099.21
        ]
      ],
      "objLayer": 0,
      "props": {}
    },
    "bdt_t1_bomb_zone_05_aaa_point_01": {
      "type": "Point",
      "tm": [
        [
          0.194721,
          0.0,
          -0.980859
        ],
        [
          0.0,
          1.0,
          0.0
        ],
        [
          0.980859,
          0.0,
          0.194721
        ],
        [
          -6869.47,
          112.3,
          -6322.21
        ]
      ],
      "objLayer": 0,
      "props": {}
    },
    "bdt_t1_bomb_zone_05_aaa_point_02": {
      "type": "Point",
      "tm": [
        [
          0.194721,
          0.0,
          -0.980859
        ],
        [
          0.0,
          1.0,
          0.0
        ],
        [
          0.980859,
          0.0,
          0.194721
        ],
        [
          -6953.47,
          111.399,
          -6489.76
        ]
      ],
      "objLayer": 0,
      "props": {}
    },
    "bdt_t1_bomb_zone_05_aaa_point_03": {
      "type": "Point",
      "tm": [
        [
          0.194721,
          0.0,
          -0.980859
        ],
        [
          0.0,
          1.0,
          0.0
        ],
        [
          0.980859,
          0.0,
          0.194721
        ],
        [
          -6817.17,
          112.609,
          -6881.43
        ]
      ],
      "objLayer": 0,
      "props": {}
    },
    "bdt_t1_bomb_zone_05_aaa_point_04": {
      "type": "Point",
      "tm": [
        [
          0.194721,
          0.0,
          -0.980859
        ],
        [
          0.0,
          1.0,
          0.0
        ],
        [
          0.980859,
          0.0,
          0.194721
        ],
        [
          -6616.07,
          113.311,
          -6760.37
        ]
      ],
      "objLayer": 0,
      "props": {}
    },
    "bdt_t1_bomb_zone_06_aaa_point_01": {
      "type": "Point",
      "tm": [
        [
          0.194721,
          0.0,
          -0.980859
        ],
        [
          0.0,
          1.0,
          0.0
        ],
        [
          0.980859,
          0.0,
          0.194721
        ],
        [
          -10421.0,
          87.3372,
          -5099.2
        ]
      ],
      "objLayer": 0,
      "props": {}
    },
    "bdt_t1_bomb_zone_06_aaa_point_02": {
      "type": "Point",
      "tm": [
        [
          0.194721,
          0.0,
          -0.980859
        ],
        [
          0.0,
          1.0,
          0.0
        ],
        [
          0.980859,
          0.0,
          0.194721
        ],
        [
          -10228.4,
          89.5953,
          -4919.45
        ]
      ],
      "objLayer": 0,
      "props": {}
    },
    "bdt_t1_bomb_zone_06_aaa_point_03": {
      "type": "Point",
      "tm": [
        [
          0.194721,
          0.0,
          -0.980859
        ],
        [
          0.0,
          1.0,
          0.0
        ],
        [
          0.980859,
          0.0,
          0.194721
        ],
        [
          -9801.11,
          93.5702,
          -5170.0
        ]
      ],
      "objLayer": 0,
      "props": {}
    },
    "bdt_t1_bomb_zone_06_aaa_point_04": {
      "type": "Point",
      "tm": [
        [
          0.194721,
          0.0,
          -0.980859
        ],
        [
          0.0,
          1.0,
          0.0
        ],
        [
          0.980859,
          0.0,
          0.194721
        ],
        [
          -10182.0,
          89.3443,
          -5508.09
        ]
      ],
      "objLayer": 0,
      "props": {}
    },
    "bdt_t1_bomb_zone_07_aaa_point_01": {
      "type": "Point",
      "tm": [
        [
          0.194721,
          0.0,
          -0.980859
        ],
        [
          0.0,
          1.0,
          0.0
        ],
        [
          0.980859,
          0.0,
          0.194721
        ],
        [
          -14755.0,
          27.0806,
          -3240.93
        ]
      ],
      "objLayer": 0,
      "props": {}
    },
    "bdt_t1_bomb_zone_07_aaa_point_02": {
      "type": "Point",
      "tm": [
        [
          0.194721,
          0.0,
          -0.980859
        ],
        [
          0.0,
          1.0,
          0.0
        ],
        [
          0.980859,
          0.0,
          0.194721
        ],
        [
          -15369.9,
          19.7846,
          -3030.14
        ]
      ],
      "objLayer": 0,
      "props": {}
    },
    "bdt_t1_bomb_zone_07_aaa_point_03": {
      "type": "Point",
      "tm": [
        [
          0.194721,
          0.0,
          -0.980859
        ],
        [
          0.0,
          1.0,
          0.0
        ],
        [
          0.980859,
          0.0,
          0.194721
        ],
        [
          -15135.8,
          14.9216,
          -3467.51
        ]
      ],
      "objLayer": 0,
      "props": {}
    },
    "bdt_t1_bomb_zone_07_aaa_point_04": {
      "type": "Point",
      "tm": [
        [
          0.194721,
          0.0,
          -0.980859
        ],
        [
          0.0,
          1.0,
          0.0
        ],
        [
          0.980859,
          0.0,
          0.194721
        ],
        [
          -14732.2,
          24.3496,
          -2887.92
        ]
      ],
      "objLayer": 0,
      "props": {}
    },
    "bdt_t1_bomb_zone_08_aaa_point_01": {
      "type": "Point",
      "tm": [
        [
          0.302306,
          0.0,
          -0.953211
        ],
        [
          0.0,
          1.0,
          0.0
        ],
        [
          0.953211,
          0.0,
          0.302306
        ],
        [
          1602.26,
          221.986,
          151.86
        ]
      ],
      "objLayer": 0,
      "props": {}
    },
    "bdt_t1_bomb_zone_08_aaa_point_02": {
      "type": "Point",
      "tm": [
        [
          0.302306,
          0.0,
          -0.953211
        ],
        [
          0.0,
          1.0,
          0.0
        ],
        [
          0.953211,
          0.0,
          0.302306
        ],
        [
          1246.06,
          236.485,
          131.88
        ]
      ],
      "objLayer": 0,
      "props": {}
    },
    "bdt_t1_bomb_zone_08_aaa_point_03": {
      "type": "Point",
      "tm": [
        [
          0.302306,
          0.0,
          -0.953211
        ],
        [
          0.0,
          1.0,
          0.0
        ],
        [
          0.953211,
          0.0,
          0.302306
        ],
        [
          1122.26,
          234.057,
          -269.72
        ]
      ],
      "objLayer": 0,
      "props": {}
    },
    "bdt_t1_bomb_zone_08_aaa_point_04": {
      "type": "Point",
      "tm": [
        [
          0.302306,
          0.0,
          -0.953211
        ],
        [
          0.0,
          1.0,
          0.0
        ],
        [
          0.953211,
          0.0,
          0.302306
        ],
        [
          1520.76,
          237.173,
          -293.16
        ]
      ],
      "objLayer": 0,
      "props": {}
    },
    "bdt_t1_bomb_zone_09_aaa_point_01": {
      "type": "Point",
      "tm": [
        [
          0.302306,
          0.0,
          -0.953211
        ],
        [
          0.0,
          1.0,
          0.0
        ],
        [
          0.953211,
          0.0,
          0.302306
        ],
        [
          -2636.04,
          364.835,
          -3502.37
        ]
      ],
      "objLayer": 0,
      "props": {}
    },
    "bdt_t1_bomb_zone_09_aaa_point_02": {
      "type": "Point",
      "tm": [
        [
          0.302306,
          0.0,
          -0.953211
        ],
        [
          0.0,
          1.0,
          0.0
        ],
        [
          0.953211,
          0.0,
          0.302306
        ],
        [
          -2982.38,
          356.323,
          -3854.59
        ]
      ],
      "objLayer": 0,
      "props": {}
    },
    "bdt_t1_bomb_zone_09_aaa_point_03": {
      "type": "Point",
      "tm": [
        [
          0.302306,
          0.0,
          -0.953211
        ],
        [
          0.0,
          1.0,
          0.0
        ],
        [
          0.953211,
          0.0,
          0.302306
        ],
        [
          -2132.25,
          370.53,
          -3735.58
        ]
      ],
      "objLayer": 0,
      "props": {}
    },
    "bdt_t1_bomb_zone_09_aaa_point_04": {
      "type": "Point",
      "tm": [
        [
          0.302306,
          0.0,
          -0.953211
        ],
        [
          0.0,
          1.0,
          0.0
        ],
        [
          0.953211,
          0.0,
          0.302306
        ],
        [
          -2814.93,
