{
  "selected_tag": "",
  "bin_dump_file": "",
  "mission_settings": {
    "player": {
      "army": 1,
      "wing": ""
    },
    "player_teamB": {
      "army": 2,
      "wing": ""
    },
    "mission": {
      "level": "levels/berlin.bin",
      "type": "domination",
      "environment": "Day",
      "weather": "hazy",
      "deathPenaltyMulRounds": 0.0,
      "stars": {
        "latitude": 52.5,
        "longitude": 13.0,
        "year": 1945,
        "month": 4,
        "day": 2
      }
    },
    "spectator_points": []
  },
  "imports": {
    "import_record": {
      "file": "gameData/missions/templates/air_templates/gs/assaults_gs_template.blk",
      "importAreas": true,
      "importUnits": true,
      "importTriggers": true,
      "importMissionObjectives": true,
      "importWayPoints": true,
      "showAreas": true,
      "showUnits": true,
      "showTriggers": true,
      "showMissionObjectives": true,
      "showWayPoints": true,
      "excludes": []
    }
  },
  "triggers": {
    "isCategory": true,
    "is_enabled": true
  },
  "mission_objectives": {
    "isCategory": true,
    "is_enabled": true
  },
  "variables": {
    "ai_assaults_saved": 0,
    "ft_helicopters_pad_exclusive": false
  },
  "dialogs": [],
  "airfields": [],
  "effects": [],
  "units": [],
  "areas": {
    "at_area": {
      "type": "Sphere",
      "tm": [
        [13340.5,0.0,-8833.55],
        [0.0,16000.0,0.0],
        [8833.55,0.0,13340.5],
        [-13000.0,500.006,-500.0]
      ],
      "objLayer": 0,
      "props": []
    },
    "at_t2_spawn_01_01": {
      "type": "Point",
      "tm": [
        [0.570876,0.0,0.821038],
        [0.0,1.0,0.0],
        [-0.821038,0.0,0.570876],
        [-15528.2,500.006,-8086.53]
      ],
      "objLayer": 0,
      "props": []
    },
    "at_t1_spawn_01_01": {
      "type": "Point",
      "tm": [
        [-0.570876,0.0,-0.821038],
        [0.0,1.0,0.0],
        [0.821038,0.0,-0.570876],
        [-6992.27,499.996,4797.98]
      ],
      "objLayer": 0,
      "props": []
    },
    "at_t2_spawn_01_02": {
      "type": "Point",
      "tm": [
        [0.570876,0.0,0.821038],
        [0.0,1.0,0.0],
        [-0.821038,0.0,0.570876],
        [-18989.8,500.006,-5801.93]
      ],
      "objLayer": 0,
      "props": []
    },
    "at_t1_spawn_01_02": {
      "type": "Point",
      "tm": [
        [-0.570876,0.0,-0.821038],
        [0.0,1.0,0.0],
        [0.821038,0.0,-0.570876],
        [-10460.1,499.997,7086.06]
      ],
      "objLayer": 0,
      "props": []
    }
  },
  "objLayers": [],
  "wayPoints": []
}