{
  "selected_tag": "",
  "bin_dump_file": "",
  "mission_settings": {
    "player": [
      {
        "army": 1
      },
      {
        "wing": "t1_player01"
      },
      {
        "wing": "t1_player02"
      },
      {
        "wing": "t1_player03"
      },
      {
        "wing": "t1_player04"
      },
      {
        "wing": "t1_player05"
      },
      {
        "wing": "t1_player06"
      },
      {
        "wing": "t1_player07"
      },
      {
        "wing": "t1_player08"
      },
      {
        "wing": "t1_player09"
      },
      {
        "wing": "t1_player10"
      },
      {
        "wing": "t1_player11"
      },
      {
        "wing": "t1_player12"
      },
      {
        "wing": "t1_player13"
      },
      {
        "wing": "t1_player14"
      },
      {
        "wing": "t1_player15"
      },
      {
        "wing": "t1_player16"
      },
      {
        "wing": "t1_player17"
      },
      {
        "wing": "t1_player18"
      },
      {
        "wing": "t1_player19"
      },
      {
        "wing": "t1_player20"
      },
      {
        "wing": "t1_player21"
      },
      {
        "wing": "t1_player22"
      },
      {
        "wing": "t1_player23"
      },
      {
        "wing": "t1_player24"
      },
      {
        "wing": "t1_player25"
      },
      {
        "wing": "t1_player26"
      },
      {
        "wing": "t1_player27"
      },
      {
        "wing": "t1_player28"
      },
      {
        "wing": "t1_player29"
      },
      {
        "wing": "t1_player30"
      },
      {
        "wing": "t1_player31"
      },
      {
        "wing": "t1_player32"
      }
    ],
    "player_teamB": [
      {
        "army": 2
      },
      {
        "wing": "t2_player01"
      },
      {
        "wing": "t2_player02"
      },
      {
        "wing": "t2_player03"
      },
      {
        "wing": "t2_player04"
      },
      {
        "wing": "t2_player05"
      },
      {
        "wing": "t2_player06"
      },
      {
        "wing": "t2_player07"
      },
      {
        "wing": "t2_player08"
      },
      {
        "wing": "t2_player09"
      },
      {
        "wing": "t2_player10"
      },
      {
        "wing": "t2_player11"
      },
      {
        "wing": "t2_player12"
      },
      {
        "wing": "t2_player13"
      },
      {
        "wing": "t2_player14"
      },
      {
        "wing": "t2_player15"
      },
      {
        "wing": "t2_player16"
      },
      {
        "wing": "t2_player17"
      },
      {
        "wing": "t2_player18"
      },
      {
        "wing": "t2_player19"
      },
      {
        "wing": "t2_player20"
      },
      {
        "wing": "t2_player21"
      },
      {
        "wing": "t2_player22"
      },
      {
        "wing": "t2_player23"
      },
      {
        "wing": "t2_player24"
      },
      {
        "wing": "t2_player25"
      },
      {
        "wing": "t2_player26"
      },
      {
        "wing": "t2_player27"
      },
      {
        "wing": "t2_player28"
      },
      {
        "wing": "t2_player29"
      },
      {
        "wing": "t2_player30"
      },
      {
        "wing": "t2_player31"
      },
      {
        "wing": "t2_player32"
      },
      {
        "wing": "t2_player33"
      }
    ],
    "mission": {
      "level": "levels/avg_fulda.bin",
      "type": "domination",
      "environment": "Day",
      "weather": "hazy",
      "locName": "missions/_CnvB;fulda/name",
      "locDesc": "fulda/desc;missions/_Cnv/desc",
      "scoreLimit": 10000,
      "timeLimit": 25,
      "deathPenaltyMul": 0.0,
      "postfix": "_CnvB",
      "allowedKillStreaks": true,
      "randomSpawnTeams": false,
      "remapAiTankModels": true,
      "country_axis": "germany",
      "country_allies": "ussr",
      "restoreType": "attempts",
      "optionalTakeOff": false,
      "showTacticalMapCellSize": true,
      "allowedUnitTypes": {
        "isAirplanesAllowed": true,
        "isTanksAllowed": true,
        "isShipsAllowed": false,
        "isHelicoptersAllowed": true
      }
    },
    "spectator_points": [],
    "briefing": {
      "place_loc": "",
      "date_loc": "",
      "objective_loc": "",
      "music": "action_01",
      "part": {
        "event": "",
        "minTime": 0,
        "slide": [
          {
            "map": true
          },
          {
            "minTime": 4
          },
          {
            "picture": ""
          },
          {
            "showAirMap": false
          },
          {
            "arrow": [
              {
                "width": 1
              },
              {
                "side": "enemy"
              },
              {
                "point": "briefing_tanks"
              },
              {
                "point": "convoy_waypoint01"
              },
              {
                "point": "convoy_waypoint02"
              },
              {
                "point": "convoy_waypoint03"
              },
              {
                "point": "convoy_waypoint04"
              },
              {
                "point": "convoy_waypoint04"
              }
            ]
          },
          {
            "icon": {
              "icontype": "bomber",
              "side": "ally",
              "target": "briefing_bombers",
              "lookAt": "briefing_tanks"
            }
          },
          {
            "icon": {
              "icontype": "tank",
              "side": "enemy",
              "target": "briefing_tanks"
            }
          },
          {
            "icon": {
              "icontype": "tank",
              "side": "ally",
              "target": "t1_tanks_spawn"
            }
          }
        ]
      }
    }
  },
  "imports": [
    {
      "import_record": {
        "file": "gameData/missions/templates/tank_templates/tank_base_logic_template.blk",
        "importAreas": true,
        "importUnits": true,
        "importTriggers": true,
        "importMissionObjectives": true,
        "importWayPoints": true,
        "showAreas": true,
        "showUnits": true,
        "showTriggers": true,
        "showMissionObjectives": true,
        "showWayPoints": true,
        "excludes": []
      }
    },
    {
      "import_record": {
        "file": "gameData/missions/templates/tank_convoy_template.blk",
        "importAreas": true,
        "importUnits": true,
        "importTriggers": true,
        "importMissionObjectives": true,
        "importWayPoints": true,
        "showAreas": true,
        "showUnits": true,
        "showTriggers": true,
        "showMissionObjectives": true,
        "showWayPoints": true,
        "excludes": []
      }
    },
    {
      "import_record": {
        "file": "gameData/missions/cta/tanks/fulda/template_fulda_air_spawns.blk",
        "importAreas": true,
        "importUnits": true,
        "importTriggers": true,
        "importMissionObjectives": true,
        "importWayPoints": true,
        "showAreas": true,
        "showUnits": true,
        "showTriggers": true,
        "showMissionObjectives": true,
        "showWayPoints": true,
        "excludes": []
      }
    },
    {
      "import_record": {
        "file": "gameData/missions/templates/ww_no_attackers_template.blk",
        "importAreas": true,
        "importUnits": true,
        "importTriggers": true,
        "importMissionObjectives": true,
        "importWayPoints": true,
        "showAreas": true,
        "showUnits": true,
        "showTriggers": true,
        "showMissionObjectives": true,
        "showWayPoints": true,
        "excludes": []
      }
    }
  ],
  "triggers": {
    "isCategory": true,
    "is_enabled": true,
    "fulda_CnvB_init": {
      "is_enabled": true,
      "comments": "",
      "props": {
        "actionsType": "PERFORM_ONE_BY_ONE",
        "conditionsType": "ALL",
        "enableAfterComplete": false
      },
      "events": {
        "initMission": []
      },
      "conditions": [],
      "actions": [
        {
          "missionMarkAsRespawnPoint": {
            "loc_name": "missions/spawn",
            "spawnEffect": false,
            "isStrictSpawn": false,
            "isAirfield": false,
            "isUnit": false,
            "useExisting": false,
            "isIndividual": true,
            "removeAreas": false,
            "canSpawnOnNeutral": false,
            "showOnMap": true,
            "radius": 50.0,
            "onlyOnePlayerPerSpawnPoint": false,
            "resetStrictSpawnIndex": false,
            "forceCreate": false,
            "replaceAreas": false,
            "target": "t2_tanks_spawn00",
            "team": "B",
            "offset": [0.0,0.0,100.0],
            "tags": {
              "tank": true,
              "type_heavy_tank": true,
              "type_medium_tank": true,
              "type_light_tank": true,
              "type_tank_destroyer": true,
              "type_spaa": true
            }
          }
        },
        {
          "missionMarkAsRespawnPoint": {
            "loc_name": "missions/spawn",
            "spawnEffect": false,
            "isStrictSpawn": false,
            "isAirfield": false,
            "isUnit": false,
            "useExisting": false,
            "isIndividual": true,
            "removeAreas": false,
            "canSpawnOnNeutral": false,
            "showOnMap": true,
            "radius": -1.0,
            "onlyOnePlayerPerSpawnPoint": false,
            "resetStrictSpawnIndex": false,
            "forceCreate": false,
            "replaceAreas": false,
            "target": "t1_tanks_spawn",
            "team": "A",
            "offset": [0.0,0.0,0.0],
            "tags": {
              "tank": true,
              "type_heavy_tank": true,
              "type_medium_tank": true,
              "type_light_tank": true,
              "type_tank_destroyer": true,
              "type_spaa": true
            }
          }
        }
      ],
      "else_actions": []
    }
  },
  "mission_objectives": {
    "isCategory": true,
    "is_enabled": true
  },
  "variables": {
    "waypoints_num": 4,
    "defenseMissionTeam": "teamB"
  },
  "dialogs": [],
  "airfields": [],
  "effects": [],
  "units": [
    {
      "tankModels": {
        "name": "t1_player01",
        "tm": [
          [0.840211,0.0,-0.542259],
          [0.0,1.0,0.0],
          [0.542259,0.0,0.840211],
          [1645.25,190.273,3497.85]
        ],
        "unit_class": "aaa_dummy",
        "objLayer": 1,
        "closed_waypoints": false,
        "isShipSpline": false,
        "shipTurnRadius": 100.0,
        "weapons": "",
        "bullets0": "",
        "bullets1": "",
        "bullets2": "",
        "bullets3": "",
        "bulletsCount0": 0,
        "bulletsCount1": 0,
        "bulletsCount2": 0,
        "bulletsCount3": 0,
        "props": {
          "army": 2,
          "count": 1,
          "formation_type": "rows",
          "formation_div": 3,
          "formation_step": [2.5,2.0],
          "formation_noise": [0.1,0.1],
          "uniqueName": "",
          "attack_type": "fire_at_will"
        },
        "way": []
      }
    },
    {
      "area_squad": {
        "name": "t2_tanks_spawn00",
        "tm": [
          [-0.585893,0.0,0.810389],
          [0.0,1.0,0.0],
          [-0.810389,0.0,-0.585893],
          [2736.2,185.646,3394.3]
        ],
        "props": [
          {
            "squad_members": "t2_tanks_spawn00_01"
          },
          {
            "squad_members": "t2_tanks_spawn00_02"
          },
          {
            "squad_members": "t2_tanks_spawn00_03"
          },
          {
            "squad_members": "t2_tanks_spawn00_04"
          },
          {
            "squad_members": "t2_tanks_spawn00_05"
          },
          {
            "squad_members": "t2_tanks_spawn00_06"
          },
          {
            "squad_members": "t2_tanks_spawn00_07"
          },
          {
            "squad_members": "t2_tanks_spawn00_08"
          },
          {
            "squad_members": "t2_tanks_spawn00_09"
          },
          {
            "squad_members": "t2_tanks_spawn00_10"
          },
          {
            "squad_members": "t2_tanks_spawn00_11"
          },
          {
            "squad_members": "t2_tanks_spawn00_12"
          },
          {
            "squad_members": "t2_tanks_spawn00_13"
          },
          {
            "squad_members": "t2_tanks_spawn00_14"
          },
          {
            "squad_members": "t2_tanks_spawn00_15"
          },
          {
            "squad_members": "t2_tanks_spawn00_16"
          },
          {
            "squad_members": "t2_tanks_spawn00_17"
          },
          {
            "squad_members": "t2_tanks_spawn00_18"
          },
          {
            "squad_members": "t2_tanks_spawn00_19"
          },
          {
            "squad_members": "t2_tanks_spawn00_20"
          }
        ]
      }
    },
    {
      "area_squad": {
        "name": "t2_tanks_spawn01",
        "tm": [
          [0.831815,0.0,0.55505],
          [0.0,1.0,0.0],
          [-0.55505,0.0,0.831815],
          [3037.5,202.355,2887.5]
        ],
        "props": [
          {
            "squad_members": "t2_tanks_spawn01_01"
          },
          {
            "squad_members": "t2_tanks_spawn01_02"
          },
          {
            "squad_members": "t2_tanks_spawn01_03"
          },
          {
            "squad_members": "t2_tanks_spawn01_04"
          },
          {
            "squad_members": "t2_tanks_spawn01_05"
          },
          {
            "squad_members": "t2_tanks_spawn01_06"
          },
          {
            "squad_members": "t2_tanks_spawn01_07"
          },
          {
            "squad_members": "t2_tanks_spawn01_08"
          },
          {
            "squad_members": "t2_tanks_spawn01_09"
          },
          {
            "squad_members": "t2_tanks_spawn01_10"
          },
          {
            "squad_members": "t2_tanks_spawn01_11"
          },
          {
            "squad_members": "t2_tanks_spawn01_12"
          },
          {
            "squad_members": "t2_tanks_spawn01_13"
          },
          {
            "squad_members": "t2_tanks_spawn01_14"
          },
          {
            "squad_members": "t2_tanks_spawn01_15"
          },
          {
            "squad_members": "t2_tanks_spawn01_16"
          },
          {
            "squad_members": "t2_tanks_spawn01_17"
          },
          {
            "squad_members": "t2_tanks_spawn01_18"
          },
          {
            "squad_members": "t2_tanks_spawn01_19"
          },
          {
            "squad_members": "t2_tanks_spawn01_20"
          }
        ]
      }
    },
    {
      "area_squad": {
        "name": "t2_tanks_spawn02",
        "tm": [
          [0.644919,0.0,-0.76425],
          [0.0,1.0,0.0],
          [0.76425,0.0,0.644919],
          [3605.15,135.313,2338.1]
        ],
        "props": [
          {
            "squad_members": "t2_tanks_spawn02_01"
          },
          {
            "squad_members": "t2_tanks_spawn02_02"
          },
          {
            "squad_members": "t2_tanks_spawn02_03"
          },
          {
            "squad_members": "t2_tanks_spawn02_04"
          },
          {
            "squad_members": "t2_tanks_spawn02_05"
          },
          {
            "squad_members": "t2_tanks_spawn02_06"
          },
          {
            "squad_members": "t2_tanks_spawn02_07"
          },
          {
            "squad_members": "t2_tanks_spawn02_08"
          },
          {
            "squad_members": "t2_tanks_spawn02_09"
          },
          {
            "squad_members": "t2_tanks_spawn02_10"
          },
          {
            "squad_members": "t2_tanks_spawn02_11"
          },
          {
            "squad_members": "t2_tanks_spawn02_12"
          },
          {
            "squad_members": "t2_tanks_spawn02_13"
          },
          {
            "squad_members": "t2_tanks_spawn02_14"
          },
          {
            "squad_members": "t2_tanks_spawn02_15"
          },
          {
            "squad_members": "t2_tanks_spawn02_16"
          },
          {
            "squad_members": "t2_tanks_spawn02_17"
          },
          {
            "squad_members": "t2_tanks_spawn02_18"
          },
          {
            "squad_members": "t2_tanks_spawn02_19"
          },
          {
            "squad_members": "t2_tanks_spawn02_20"
          }
        ]
      }
    },
    {
      "area_squad": {
        "name": "t2_tanks_spawn03",
        "tm": [
          [0.424046,0.0,-0.905641],
          [0.0,1.0,0.0],
          [0.905641,0.0,0.424046],
          [3449.55,125.572,1479.8]
        ],
        "props": [
          {
            "squad_members": "t2_tanks_spawn03_01"
          },
          {
            "squad_members": "t2_tanks_spawn03_02"
          },
          {
            "squad_members": "t2_tanks_spawn03_03"
          },
          {
            "squad_members": "t2_tanks_spawn03_04"
          },
          {
            "squad_members": "t2_tanks_spawn03_05"
          },
          {
            "squad_members": "t2_tanks_spawn03_06"
          },
          {
            "squad_members": "t2_tanks_spawn03_07"
          },
          {
            "squad_members": "t2_tanks_spawn03_08"
          },
          {
            "squad_members": "t2_tanks_spawn03_09"
          },
          {
            "squad_members": "t2_tanks_spawn03_10"
          },
          {
            "squad_members": "t2_tanks_spawn03_11"
          },
          {
            "squad_members": "t2_tanks_spawn03_12"
          },
          {
            "squad_members": "t2_tanks_spawn03_13"
          },
          {
            "squad_members": "t2_tanks_spawn03_14"
          },
          {
            "squad_members": "t2_tanks_spawn03_15"
          },
          {
            "squad_members": "t2_tanks_spawn03_16"
          },
          {
            "squad_members": "t2_tanks_spawn03_17"
          },
          {
            "squad_members": "t2_tanks_spawn03_18"
          },
          {
            "squad_members": "t2_tanks_spawn03_19"
          },
          {
            "squad_members": "t2_tanks_spawn03_20"
          }
        ]
      }
    },
    {
      "area_squad": {
        "name": "t2_tanks_spawn04",
        "tm": [
          [-0.904844,0.0,0.425742],
          [0.0,1.0,0.0],
          [-0.425742,0.0,-0.904844],
          [3415.25,118.151,822.4]
        ],
        "props": [
          {
            "squad_members": "t2_tanks_spawn04_01"
          },
          {
            "squad_members": "t2_tanks_spawn04_02"
          },
          {
            "squad_members": "t2_tanks_spawn04_03"
          },
          {
            "squad_members": "t2_tanks_spawn04_04"
          },
          {
            "squad_members": "t2_tanks_spawn04_05"
          },
          {
            "squad_members": "t2_tanks_spawn04_06"
          },
          {
            "squad_members": "t2_tanks_spawn04_07"
          },
          {
            "squad_members": "t2_tanks_spawn04_08"
          },
          {
            "squad_members": "t2_tanks_spawn04_09"
          },
          {
            "squad_members": "t2_tanks_spawn04_10"
          },
          {
            "squad_members": "t2_tanks_spawn04_11"
          },
          {
            "squad_members": "t2_tanks_spawn04_12"
          },
          {
            "squad_members": "t2_tanks_spawn04_13"
          },
          {
            "squad_members": "t2_tanks_spawn04_14"
          },
          {
            "squad_members": "t2_tanks_spawn04_15"
          },
          {
            "squad_members": "t2_tanks_spawn04_16"
          },
          {
            "squad_members": "t2_tanks_spawn04_17"
          },
          {
            "squad_members": "t2_tanks_spawn04_18"
          },
          {
            "squad_members": "t2_tanks_spawn04_19"
          },
          {
            "squad_members": "t2_tanks_spawn04_20"
          }
        ]
      }
    },
    {
      "area_squad": {
        "name": "t1_tanks_spawn",
        "tm": [
          [0.772639,0.0,-0.634846],
          [0.0,1.0,0.0],
          [0.634846,0.0,0.772639],
          [2270.35,237.253,2102.65]
        ],
        "props": [
          {
            "squad_members": "t1_tanks_spawn01"
          },
          {
            "squad_members": "t1_tanks_spawn02"
          },
          {
            "squad_members": "t1_tanks_spawn03"
          },
          {
            "squad_members": "t1_tanks_spawn04"
          },
          {
            "squad_members": "t1_tanks_spawn05"
          },
          {
            "squad_members": "t1_tanks_spawn06"
          },
          {
            "squad_members": "t1_tanks_spawn07"
          },
          {
            "squad_members": "t1_tanks_spawn08"
          },
          {
            "squad_members": "t1_tanks_spawn09"
          },
          {
            "squad_members": "t1_tanks_spawn10"
          },
          {
            "squad_members": "t1_tanks_spawn11"
          },
          {
            "squad_members": "t1_tanks_spawn12"
          },
          {
            "squad_members": "t1_tanks_spawn13"
          },
          {
            "squad_members": "t1_tanks_spawn14"
          },
          {
            "squad_members": "t1_tanks_spawn15"
          },
          {
            "squad_members": "t1_tanks_spawn16"
          },
          {
            "squad_members": "t1_tanks_spawn17"
          },
          {
            "squad_members": "t1_tanks_spawn18"
          },
          {
            "squad_members": "t1_tanks_spawn19"
          },
          {
            "squad_members": "t1_tanks_spawn20"
          }
        ]
      }
    },
    {
      "objectGroups": {
        "name": "notree01",
        "tm": [
          [0.500753,0.0,-0.865591],
          [0.0,1.0,0.0],
          [0.865591,0.0,0.500753],
          [2060.95,170.5,3880.15]
        ],
        "unit_class": "noTreeObjectGroup100",
        "objLayer": 2,
        "props": {
          "army": 2,
          "active": true
        }
      }
    },
    {
      "area_squad": {
        "name": "t2_rearm_zone",
        "tm": [
          [1.0,0.0,0.0],
          [0.0,1.0,0.0],
          [0.0,0.0,1.0],
          [-822.154,23.2117,-95.1837]
        ],
        "props": [
          {
            "squad_members": "t2_rearm_zone_01"
          },
          {
            "squad_members": "t2_rearm_zone_02"
          }
        ]
      }
    },
    {
      "area_squad": {
        "name": "t1_rearm_zone",
        "tm": [
          [1.0,0.0,0.0],
          [0.0,1.0,0.0],
          [0.0,0.0,1.0],
          [562.478,23.2117,-501.735]
        ],
        "props": [
          {
            "squad_members": "t1_rearm_zone_01"
          },
          {
            "squad_members": "t1_rearm_zone_02"
          }
        ]
      }
    },
    {
      "objectGroups": {
        "name": "notree05",
        "tm": [
          [0.500753,0.0,-0.865591],
          [0.0,1.0,0.0],
          [0.865591,0.0,0.500753],
          [2106.75,170.5,3796.55]
        ],
        "unit_class": "noTreeObjectGroup100",
        "objLayer": 2,
        "props": {
          "army": 2,
          "active": true
        }
      }
    },
    {
      "objectGroups": {
        "name": "notree08",
        "tm": [
          [0.390428,0.0,-0.920634],
          [0.0,1.0,0.0],
          [0.920634,0.0,0.390428],
          [2143.2,170.5,3713.6]
        ],
        "unit_class": "noTreeObjectGroup100",
        "objLayer": 2,
        "props": {
          "army": 2,
          "active": true
        }
      }
    },
    {
      "objectGroups": {
        "name": "notree10",
        "tm": [
          [0.569328,0.0,-0.822111],
          [0.0,1.0,0.0],
          [0.822111,0.0,0.569328],
          [2183.9,170.5,3636.9]
        ],
        "unit_class": "noTreeObjectGroup100",
        "objLayer": 2,
        "props": {
          "army": 2,
          "active": true
        }
      }
    },
    {
      "objectGroups": {
        "name": "notree14",
        "tm": [
          [0.822287,0.0,-0.569074],
          [0.0,1.0,0.0],
          [0.569074,0.0,0.822287],
          [2240.55,170.5,3581.55]
        ],
        "unit_class": "noTreeObjectGroup100",
        "objLayer": 2,
        "props": {
          "army": 2,
          "active": true
        }
      }
    },
    {
      "objectGroups": {
        "name": "notree17",
        "tm": [
          [0.887298,0.0,-0.461198],
          [0.0,1.0,0.0],
          [0.461198,0.0,0.887298],
          [2317.4,170.5,3536.15]
        ],
        "unit_class": "noTreeObjectGroup100",
        "objLayer": 2,
        "props": {
          "army": 2,
          "active": true
        }
      }
    },
    {
      "objectGroups": {
        "name": "notree19",
        "tm": [
          [0.887298,0.0,-0.461198],
          [0.0,1.0,0.0],
          [0.461198,0.0,0.887298],
          [2404.25,170.5,3491.85]
        ],
        "unit_class": "noTreeObjectGroup100",
        "objLayer": 2,
        "props": {
          "army": 2,
          "active": true
        }
      }
    },
    {
      "objectGroups": {
        "name": "notree22",
        "tm": [
          [0.799481,0.0,-0.600691],
          [0.0,1.0,0.0],
          [0.600691,0.0,0.799481],
          [2484.6,170.5,3448.75]
        ],
        "unit_class": "noTreeObjectGroup100",
        "objLayer": 2,
        "props": {
          "army": 2,
          "active": true
        }
      }
    },
    {
      "objectGroups": {
        "name": "notree25",
        "tm": [
          [0.799481,0.0,-0.600691],
          [0.0,1.0,0.0],
          [0.600691,0.0,0.799481],
          [2560.6,170.5,3391.75]
        ],
        "unit_class": "noTreeObjectGroup100",
        "objLayer": 2,
        "props": {
          "army": 2,
          "active": true
        }
      }
    },
    {
      "objectGroups": {
        "name": "notree28",
        "tm": [
          [0.593177,0.0,-0.805072],
          [0.0,1.0,0.0],
          [0.805072,0.0,0.593177],
          [2618.6,170.5,3333.65]
        ],
        "unit_class": "noTreeObjectGroup100",
        "objLayer": 2,
        "props": {
          "army": 2,
          "active": true
        }
      }
    },
    {
      "objectGroups": {
        "name": "notree31",
        "tm": [
          [0.552334,0.0,-0.833623],
          [0.0,1.0,0.0],
          [0.833623,0.0,0.552334],
          [2674.8,170.5,3253.25]
        ],
        "unit_class": "noTreeObjectGroup100",
        "objLayer": 2,
        "props": {
          "army": 2,
          "active": true
        }
      }
    },
    {
      "objectGroups": {
        "name": "notree34",
        "tm": [
          [0.552334,0.0,-0.833623],
          [0.0,1.0,0.0],
          [0.833623,0.0,0.552334],
          [2726.65,170.5,3171.75]
        ],
        "unit_class": "noTreeObjectGroup100",
        "objLayer": 2,
        "props": {
          "army": 2,
          "active": true
        }
      }
    },
    {
      "objectGroups": {
        "name": "notree37",
        "tm": [
          [0.552334,0.0,-0.833623],
          [0.0,1.0,0.0],
          [0.833623,0.0,0.552334],
          [2779.1,170.5,3091.4]
        ],
        "unit_class": "noTreeObjectGroup100",
        "objLayer": 2,
        "props": {
          "army": 2,
          "active": true
        }
      }
    },
    {
      "objectGroups": {
        "name": "notree40",
        "tm": [
          [0.552334,0.0,-0.833623],
          [0.0,1.0,0.0],
          [0.833623,0.0,0.552334],
          [2828.9,170.5,3012.5]
        ],
        "unit_class": "noTreeObjectGroup100",
        "objLayer": 2,
        "props": {
          "army": 2,
          "active": true
        }
      }
    },
    {
      "objectGroups": {
        "name": "notree43",
        "tm": [
          [0.552334,0.0,-0.833623],
          [0.0,1.0,0.0],
          [0.833623,0.0,0.552334],
          [2877.55,170.5,2929.25]
        ],
        "unit_class": "noTreeObjectGroup100",
        "objLayer": 2,
        "props": {
          "army": 2,
          "active": true
        }
      }
    },
    {
      "objectGroups": {
        "name": "notree46",
        "tm": [
          [0.552334,0.0,-0.833623],
          [0.0,1.0,0.0],
          [0.833623,0.0,0.552334],
          [2928.5,170.5,2846.9]
        ],
        "unit_class": "noTreeObjectGroup100",
        "objLayer": 2,
        "props": {
          "army": 2,
          "active": true
        }
      }
    },
    {
      "objectGroups": {
        "name": "notree49",
        "tm": [
          [0.645833,0.0,-0.76348],
          [0.0,1.0,0.0],
          [0.76348,0.0,0.645833],
          [2978.8,170.5,2769.4]
        ],
        "unit_class": "noTreeObjectGroup100",
        "objLayer": 2,
        "props": {
          "army": 2,
          "active": true
        }
      }
    },
    {
      "objectGroups": {
        "name": "notree52",
        "tm": [
          [0.725924,0.0,-0.687776],
          [0.0,1.0,0.0],
          [0.687776,0.0,0.725924],
          [3037.85,170.5,2697.35]
        ],
        "unit_class": "noTreeObjectGroup100",
        "objLayer": 2,
        "props": {
          "army": 2,
          "active": true
        }
      }
    },
    {
      "objectGroups": {
        "name": "notree55",
        "tm": [
          [0.758926,0.0,-0.651178],
          [0.0,1.0,0.0],
          [0.651178,0.0,0.758926],
          [3101.3,170.5,2635.5]
        ],
        "unit_class": "noTreeObjectGroup100",
        "objLayer": 2,
        "props": {
          "army": 2,
          "active": true
        }
      }
    },
    {
      "objectGroups": {
        "name": "notree58",
        "tm": [
          [0.758926,0.0,-0.651178],
          [0.0,1.0,0.0],
          [0.651178,0.0,0.758926],
          [3172.35,170.5,2574.1]
        ],
        "unit_class": "noTreeObjectGroup100",
        "objLayer": 2,
        "props": {
          "army": 2,
          "active": true
        }
      }
    },
    {
      "objectGroups": {
        "name": "notree61",
        "tm": [
          [0.758926,0.0,-0.651178],
          [0.0,1.0,0.0],
          [0.651178,0.0,0.758926],
          [3242.7,157.95,2513.55]
        ],
        "unit_class": "noTreeObjectGroup100",
        "objLayer": 2,
        "props": {
          "army": 2,
          "active": true
        }
      }
    },
    {
      "objectGroups": {
        "name": "notree64",
        "tm": [
          [0.758926,0.0,-0.651178],
          [0.0,1.0,0.0],
          [0.651178,0.0,0.758926],
          [3315.1,157.95,2450.05]
        ],
        "unit_class": "noTreeObjectGroup100",
        "objLayer": 2,
        "props": {
          "army": 2,
          "active": true
        }
      }
    },
    {
      "objectGroups": {
        "name": "notree67",
        "tm": [
          [0.691592,0.0,-0.72229],
          [0.0,1.0,0.0],
          [0.72229,0.0,0.691592],
          [3385.15,157.95,2388.4]
        ],
        "unit_class": "noTreeObjectGroup100",
        "objLayer": 2,
        "props": {
          "army": 2,
          "active": true
        }
      }
    },
    {
      "objectGroups": {
        "name": "notree70",
        "tm": [
          [0.577009,0.0,-0.816738],
          [0.0,1.0,0.0],
          [0.816738,0.0,0.577009],
          [3444.15,144.3,2319.7]
        ],
        "unit_class": "noTreeObjectGroup100",
        "objLayer": 2,
        "props": {
          "army": 2,
          "active": true
        }
      }
    },
    {
      "objectGroups": {
        "name": "notree74",
        "tm": [
          [0.455739,0.0,-0.890114],
          [0.0,1.0,0.0],
          [0.890114,0.0,0.455739],
          [3488.85,130.85,2237.6]
        ],
        "unit_class": "noTreeObjectGroup100",
        "objLayer": 2,
        "props": {
          "army": 2,
          "active": true
        }
      }
    },
    {
      "objectGroups": {
        "name": "notree77",
        "tm": [
          [0.357801,0.0,-0.933798],
          [0.0,1.0,0.0],
          [0.933798,0.0,0.357801],
          [3524.25,121.9,2154.85]
        ],
        "unit_class": "noTreeObjectGroup100",
        "objLayer": 2,
        "props": {
          "army": 2,
          "active": true
        }
      }
    },
    {
      "objectGroups": {
        "name": "notree80",
        "tm": [
          [0.276536,0.0,-0.961004],
          [0.0,1.0,0.0],
          [0.961004,0.0,0.276536],
          [3551.7,119.7,2068.3]
        ],
        "unit_class": "noTreeObjectGroup100",
        "objLayer": 2,
        "props": {
          "army": 2,
          "active": true
        }
      }
    },
    {
      "objectGroups": {
        "name": "notree83",
        "tm": [
          [0.276536,0.0,-0.961004],
          [0.0,1.0,0.0],
          [0.961004,0.0,0.276536],
          [3576.2,116.55,1976.9]
        ],
        "unit_class": "noTreeObjectGroup100",
        "objLayer": 2,
        "props": {
          "army": 2,
          "active": true
        }
      }
    },
    {
      "objectGroups": {
        "name": "notree86",
        "tm": [
          [0.276536,0.0,-0.961004],
          [0.0,1.0,0.0],
          [0.961004,0.0,0.276536],
          [3600.65,111.0,1878.1]
        ],
        "unit_class": "noTreeObjectGroup100",
        "objLayer": 2,
        "props": {
          "army": 2,
          "active": true
        }
      }
    },
    {
      "objectGroups": {
        "name": "notree88",
        "tm": [
          [0.276536,0.0,-0.961004],
          [0.0,1.0,0.0],
          [0.961004,0.0,0.276536],
          [3621.85,107.85,1786.05]
        ],
        "unit_class": "noTreeObjectGroup100",
        "objLayer": 2,
        "props": {
          "army": 2,
          "active": true
        }
      }
    },
    {
      "objectGroups": {
        "name": "notree91",
        "tm": [
          [0.159876,0.0,-0.987138],
          [0.0,1.0,0.0],
          [0.987138,0.0,0.159876],
          [3643.05,107.85,1696.3]
        ],
        "unit_class": "noTreeObjectGroup100",
        "objLayer": 2,
        "props": {
          "army": 2,
          "active": true
        }
      }
    },
    {
      "objectGroups": {
        "name": "notree94",
        "tm": [
          [0.0427258,0.0,-0.999088],
          [0.0,1.0,0.0],
          [0.999088,0.0,0.0427258],
          [3656.35,99.9,1604.1]
        ],
        "unit_class": "noTreeObjectGroup100",
        "objLayer": 2,
        "props": {
          "army": 2,
          "active": true
        }
      }
    },
    {
      "objectGroups": {
        "name": "notree98",
        "tm": [
          [0.0427258,0.0,-0.999088],
          [0.0,1.0,0.0],
          [0.999088,0.0,0.0427258],
          [3659.8,99.9,1506.35]
        ],
        "unit_class": "noTreeObjectGroup100",
        "objLayer": 2,
        "props": {
          "army": 2,
          "active": true
        }
      }
    },
    {
      "objectGroups": {
        "name": "notree100",
        "tm": [
          [-0.0880469,0.0,-0.996118],
          [0.0,1.0,0.0],
          [0.996118,0.0,-0.0880469],
          [3657.9,99.9,1414.2]
        ],
        "unit_class": "noTreeObjectGroup100",
        "objLayer": 2,
        "props": {
          "army": 2,
          "active": true
        }
      }
    },
    {
      "objectGroups": {
        "name": "notree103",
        "tm": [
          [-0.174529,0.0,-0.984653],
          [0.0,1.0,0.0],
          [0.984653,0.0,-0.174529],
          [3646.95,99.9,1321.45]
        ],
        "unit_class": "noTreeObjectGroup100",
        "objLayer": 2,
        "props": {
          "army": 2,
          "active": true
        }
      }
    },
    {
      "objectGroups": {
        "name": "notree106",
        "tm": [
          [-0.174529,0.0,-0.984653],
          [0.0,1.0,0.0],
          [0.984653,0.0,-0.174529],
          [3628.9,99.9,1227.9]
        ],
        "unit_class": "noTreeObjectGroup100",
        "objLayer": 2,
        "props": {
          "army": 2,
          "active": true
        }
      }
    },
    {
      "objectGroups": {
        "name": "notree109",
        "tm": [
          [-0.174529,0.0,-0.984653],
          [0.0,1.0,0.0],
          [0.984653,0.0,-0.174529],
          [3611.5,99.9,1133.4]
        ],
        "unit_class": "noTreeObjectGroup100",
        "objLayer": 2,
        "props": {
          "army": 2,
          "active": true
        }
      }
    },
    {
      "objectGroups": {
        "name": "notree112",
        "tm": [
          [-0.044513,0.0,-0.99901],
          [0.0,1.0,0.0],
          [0.99901,0.0,-0.044513],
          [3598.3,99.9,1044.4]
        ],
        "unit_class": "noTreeObjectGroup100",
        "objLayer": 2,
        "props": {
          "army": 2,
          "active": true
        }
      }
    },
    {
      "objectGroups": {
        "name": "notree116",
        "tm": [
          [-0.044513,0.0,-0.99901],
          [0.0,1.0,0.0],
          [0.99901,0.0,-0.044513],
          [3593.7,99.9,949.85]
        ],
        "unit_class": "noTreeObjectGroup100",
        "objLayer": 2,
        "props": {
          "army": 2,
          "active": true
        }
      }
    },
    {
      "objectGroups": {
        "name": "notree119",
        "tm": [
          [-0.044513,0.0,-0.99901],
          [0.0,1.0,0.0],
          [0.99901,0.0,-0.044513],
          [3587.7,99.9,857.15]
        ],
        "unit_class": "noTreeObjectGroup100",
        "objLayer": 2,
        "props": {
          "army": 2,
          "active": true
        }
      }
    },
    {
      "objectGroups": {
        "name": "notree122",
        "tm": [
          [-0.044513,0.0,-0.99901],
          [0.0,1.0,0.0],
          [0.99901,0.0,-0.044513],
          [3582.0,99.9,763.8]
        ],
        "unit_class": "noTreeObjectGroup100",
        "objLayer": 2,
        "props": {
          "army": 2,
          "active": true
        }
      }
    },
    {
      "objectGroups": {
        "name": "notree125",
        "tm": [
          [-0.044513,0.0,-0.99901],
          [0.0,1.0,0.0],
          [0.99901,0.0,-0.044513],
          [3576.35,99.9,673.6]
        ],
        "unit_class": "noTreeObjectGroup100",
        "objLayer": 2,
        "props": {
          "army": 2,
          "active": true
        }
      }
    },
    {
      "objectGroups": {
        "name": "notree128",
        "tm": [
          [-0.174529,0.0,-0.984653],
          [0.0,1.0,0.0],
          [0.984653,0.0,-0.174529],
          [3567.0,99.9,589.6]
        ],
        "unit_class": "noTreeObjectGroup100",
        "objLayer": 2,
        "props": {
          "army": 2,
          "active": true
        }
      }
    },
    {
      "objectGroups": {
        "name": "notree131",
        "tm": [
          [-0.301559,0.0,-0.953449],
          [0.0,1.0,0.0],
          [0.953449,0.0,-0.301559],
          [3545.75,99.9,501.45]
        ],
        "unit_class": "noTreeObjectGroup100",
        "objLayer": 2,
        "props": {
          "army": 2,
          "active": true
        }
      }
    },
    {
      "objectGroups": {
        "name": "notree134",
        "tm": [
          [-0.423429,0.0,-0.905931],
          [0.0,1.0,0.0],
          [0.905931,0.0,-0.423429],
          [3513.8,99.9,419.2]
        ],
        "unit_class": "noTreeObjectGroup100",
        "objLayer": 2,
        "props": {
          "army": 2,
          "active": true
        }
      }
    },
    {
      "objectGroups": {
        "name": "notree136",
        "tm": [
          [-0.538055,0.0,-0.842912],
          [0.0,1.0,0.0],
          [0.842912,0.0,-0.538055],
          [3473.4,99.9,342.45]
        ],
        "unit_class": "noTreeObjectGroup100",
        "objLayer": 2,
        "props": {
          "army": 2,
          "active": true
        }
      }
    },
    {
      "objectGroups": {
        "name": "notree139",
        "tm": [
          [-0.626213,0.0,-0.779654],
          [0.0,1.0,0.0],
          [0.779654,0.0,-0.626213],
          [3420.6,99.9,269.975]
        ],
        "unit_class": "noTreeObjectGroup100",
        "objLayer": 2,
        "props": {
