{
  "selected_tag": "",
  "bin_dump_file": "",
  "mission_settings": {
    "player": [
      {
        "army": 1
      },
      {
        "wing": "t1_player01"
      },
      {
        "wing": "t1_player02"
      },
      {
        "wing": "t1_player03"
      },
      {
        "wing": "t1_player04"
      },
      {
        "wing": "t1_player05"
      },
      {
        "wing": "t1_player06"
      },
      {
        "wing": "t1_player07"
      },
      {
        "wing": "t1_player08"
      },
      {
        "wing": "t1_player09"
      },
      {
        "wing": "t1_player10"
      },
      {
        "wing": "t1_player11"
      },
      {
        "wing": "t1_player12"
      },
      {
        "wing": "t1_player13"
      },
      {
        "wing": "t1_player14"
      },
      {
        "wing": "t1_player15"
      },
      {
        "wing": "t1_player16"
      },
      {
        "wing": "t1_player17"
      },
      {
        "wing": "t1_player18"
      },
      {
        "wing": "t1_player19"
      },
      {
        "wing": "t1_player20"
      },
      {
        "wing": "t1_player21"
      },
      {
        "wing": "t1_player22"
      },
      {
        "wing": "t1_player23"
      },
      {
        "wing": "t1_player24"
      },
      {
        "wing": "t1_player25"
      },
      {
        "wing": "t1_player26"
      },
      {
        "wing": "t1_player27"
      },
      {
        "wing": "t1_player28"
      },
      {
        "wing": "t1_player29"
      },
      {
        "wing": "t1_player30"
      },
      {
        "wing": "t1_player31"
      },
      {
        "wing": "t1_player32"
      }
    ],
    "player_teamB": [
      {
        "army": 2
      },
      {
        "wing": "t2_player01"
      },
      {
        "wing": "t2_player02"
      },
      {
        "wing": "t2_player03"
      },
      {
        "wing": "t2_player04"
      },
      {
        "wing": "t2_player05"
      },
      {
        "wing": "t2_player06"
      },
      {
        "wing": "t2_player07"
      },
      {
        "wing": "t2_player08"
      },
      {
        "wing": "t2_player09"
      },
      {
        "wing": "t2_player10"
      },
      {
        "wing": "t2_player11"
      },
      {
        "wing": "t2_player12"
      },
      {
        "wing": "t2_player13"
      },
      {
        "wing": "t2_player14"
      },
      {
        "wing": "t2_player15"
      },
      {
        "wing": "t2_player16"
      },
      {
        "wing": "t2_player17"
      },
      {
        "wing": "t2_player18"
      },
      {
        "wing": "t2_player19"
      },
      {
        "wing": "t2_player20"
      },
      {
        "wing": "t2_player21"
      },
      {
        "wing": "t2_player22"
      },
      {
        "wing": "t2_player23"
      },
      {
        "wing": "t2_player24"
      },
      {
        "wing": "t2_player25"
      },
      {
        "wing": "t2_player26"
      },
      {
        "wing": "t2_player27"
      },
      {
        "wing": "t2_player28"
      },
      {
        "wing": "t2_player29"
      },
      {
        "wing": "t2_player30"
      },
      {
        "wing": "t2_player31"
      },
      {
        "wing": "t2_player32"
      },
      {
        "wing": "t2_player33"
      }
    ],
    "mission": {
      "level": "levels/avg_fulda.bin",
      "type": "domination",
      "environment": "Day",
      "weather": "hazy",
      "locName": "missions/_CnvA;fulda/name",
      "locDesc": "fulda/desc;missions/_Cnv/desc",
      "scoreLimit": 10000,
      "timeLimit": 25,
      "deathPenaltyMul": 0.0,
      "postfix": "_CnvA",
      "allowedKillStreaks": true,
      "randomSpawnTeams": false,
      "remapAiTankModels": true,
      "country_axis": "germany",
      "country_allies": "ussr",
      "restoreType": "attempts",
      "optionalTakeOff": false,
      "allowedUnitTypes": {
        "isAirplanesAllowed": true,
        "isTanksAllowed": true,
        "isShipsAllowed": false,
        "isHelicoptersAllowed": true
      }
    },
    "spectator_points": [],
    "briefing": {
      "place_loc": "",
      "date_loc": "",
      "objective_loc": "",
      "music": "action_01",
      "part": {
        "event": "",
        "minTime": 0,
        "slide": [
          {
            "map": true
          },
          {
            "minTime": 4
          },
          {
            "picture": ""
          },
          {
            "showAirMap": false
          },
          {
            "arrow": [
              {
                "width": 1
              },
              {
                "side": "ally"
              },
              {
                "point": "briefing_tanks"
              },
              {
                "point": "convoy_waypoint01"
              },
              {
                "point": "convoy_waypoint02"
              },
              {
                "point": "convoy_waypoint03"
              },
              {
                "point": "convoy_waypoint04"
              },
              {
                "point": "convoy_waypoint04"
              }
            ]
          },
          {
            "icon": {
              "icontype": "bomber",
              "side": "enemy",
              "target": "briefing_bombers",
              "lookAt": "briefing_tanks"
            }
          },
          {
            "icon": {
              "icontype": "tank",
              "side": "ally",
              "target": "briefing_tanks"
            }
          },
          {
            "icon": {
              "icontype": "tank",
              "side": "enemy",
              "target": "t2_tanks_spawn"
            }
          }
        ]
      }
    }
  },
  "imports": [
    {
      "import_record": {
        "file": "gameData/missions/templates/tank_templates/tank_base_logic_template.blk",
        "importAreas": true,
        "importUnits": true,
        "importTriggers": true,
        "importMissionObjectives": true,
        "importWayPoints": true,
        "showAreas": true,
        "showUnits": true,
        "showTriggers": true,
        "showMissionObjectives": true,
        "showWayPoints": true,
        "excludes": []
      }
    },
    {
      "import_record": {
        "file": "gameData/missions/templates/tank_convoy_template.blk",
        "importAreas": true,
        "importUnits": true,
        "importTriggers": true,
        "importMissionObjectives": true,
        "importWayPoints": true,
        "showAreas": true,
        "showUnits": true,
        "showTriggers": true,
        "showMissionObjectives": true,
        "showWayPoints": true,
        "excludes": []
      }
    },
    {
      "import_record": {
        "file": "gameData/missions/cta/tanks/fulda/template_fulda_air_spawns.blk",
        "importAreas": true,
        "importUnits": true,
        "importTriggers": true,
        "importMissionObjectives": true,
        "importWayPoints": true,
        "showAreas": true,
        "showUnits": true,
        "showTriggers": true,
        "showMissionObjectives": true,
        "showWayPoints": true,
        "excludes": []
      }
    },
    {
      "import_record": {
        "file": "gameData/missions/templates/ww_no_attackers_template.blk",
        "importAreas": true,
        "importUnits": true,
        "importTriggers": true,
        "importMissionObjectives": true,
        "importWayPoints": true,
        "showAreas": true,
        "showUnits": true,
        "showTriggers": true,
        "showMissionObjectives": true,
        "showWayPoints": true,
        "excludes": []
      }
    }
  ],
  "triggers": {
    "isCategory": true,
    "is_enabled": true,
    "fulda_CnvA_init": {
      "is_enabled": true,
      "comments": "",
      "props": {
        "actionsType": "PERFORM_ONE_BY_ONE",
        "conditionsType": "ALL",
        "enableAfterComplete": false
      },
      "events": {
        "initMission": []
      },
      "conditions": [],
      "actions": [
        {
          "missionMarkAsRespawnPoint": {
            "loc_name": "missions/spawn",
            "spawnEffect": false,
            "isStrictSpawn": false,
            "isAirfield": false,
            "isUnit": false,
            "useExisting": false,
            "isIndividual": true,
            "removeAreas": false,
            "canSpawnOnNeutral": false,
            "showOnMap": true,
            "radius": 50.0,
            "onlyOnePlayerPerSpawnPoint": false,
            "resetStrictSpawnIndex": false,
            "forceCreate": false,
            "replaceAreas": false,
            "target": "t1_tanks_spawn00",
            "team": "A",
            "offset": [0.0,0.0,100.0],
            "tags": {
              "tank": true,
              "type_heavy_tank": true,
              "type_medium_tank": true,
              "type_light_tank": true,
              "type_tank_destroyer": true,
              "type_spaa": true
            }
          }
        },
        {
          "missionMarkAsRespawnPoint": {
            "loc_name": "missions/spawn",
            "spawnEffect": false,
            "isStrictSpawn": false,
            "isAirfield": false,
            "isUnit": false,
            "useExisting": false,
            "isIndividual": true,
            "removeAreas": false,
            "canSpawnOnNeutral": false,
            "showOnMap": true,
            "radius": -1.0,
            "onlyOnePlayerPerSpawnPoint": false,
            "resetStrictSpawnIndex": false,
            "forceCreate": false,
            "replaceAreas": false,
            "target": "t2_tanks_spawn",
            "team": "B",
            "offset": [0.0,0.0,0.0],
            "tags": {
              "tank": true,
              "type_heavy_tank": true,
              "type_medium_tank": true,
              "type_light_tank": true,
              "type_tank_destroyer": true,
              "type_spaa": true
            }
          }
        }
      ],
      "else_actions": []
    }
  },
  "mission_objectives": {
    "isCategory": true,
    "is_enabled": true
  },
  "variables": {
    "waypoints_num": 4,
    "defenseMissionTeam": "teamA"
  },
  "dialogs": [],
  "airfields": [],
  "effects": [],
  "units": [
    {
      "tankModels": {
        "name": "t1_player01",
        "tm": [
          [1.0,0.0,0.0],
          [0.0,1.0,0.0],
          [0.0,0.0,1.0],
          [172.25,203.75,1334.95]
        ],
        "unit_class": "aaa_dummy",
        "objLayer": 1,
        "closed_waypoints": false,
        "isShipSpline": false,
        "shipTurnRadius": 100.0,
        "weapons": "",
        "bullets0": "",
        "bullets1": "",
        "bullets2": "",
        "bullets3": "",
        "bulletsCount0": 0,
        "bulletsCount1": 0,
        "bulletsCount2": 0,
        "bulletsCount3": 0,
        "props": {
          "army": 2,
          "count": 1,
          "formation_type": "rows",
          "formation_div": 3,
          "formation_step": [2.5,2.0],
          "formation_noise": [0.1,0.1],
          "uniqueName": "",
          "attack_type": "fire_at_will"
        },
        "way": []
      }
    },
    {
      "area_squad": {
        "name": "t1_tanks_spawn00",
        "tm": [
          [0.795101,0.0,-0.606478],
          [0.0,1.0,0.0],
          [0.606478,0.0,0.795101],
          [591.78,188.186,1095.23]
        ],
        "props": [
          {
            "squad_members": "t1_tanks_spawn00_01"
          },
          {
            "squad_members": "t1_tanks_spawn00_02"
          },
          {
            "squad_members": "t1_tanks_spawn00_03"
          },
          {
            "squad_members": "t1_tanks_spawn00_04"
          },
          {
            "squad_members": "t1_tanks_spawn00_05"
          },
          {
            "squad_members": "t1_tanks_spawn00_06"
          },
          {
            "squad_members": "t1_tanks_spawn00_07"
          },
          {
            "squad_members": "t1_tanks_spawn00_08"
          },
          {
            "squad_members": "t1_tanks_spawn00_09"
          },
          {
            "squad_members": "t1_tanks_spawn00_10"
          },
          {
            "squad_members": "t1_tanks_spawn00_11"
          },
          {
            "squad_members": "t1_tanks_spawn00_12"
          },
          {
            "squad_members": "t1_tanks_spawn00_13"
          },
          {
            "squad_members": "t1_tanks_spawn00_14"
          },
          {
            "squad_members": "t1_tanks_spawn00_15"
          },
          {
            "squad_members": "t1_tanks_spawn00_16"
          },
          {
            "squad_members": "t1_tanks_spawn00_17"
          },
          {
            "squad_members": "t1_tanks_spawn00_18"
          },
          {
            "squad_members": "t1_tanks_spawn00_19"
          },
          {
            "squad_members": "t1_tanks_spawn00_20"
          }
        ]
      }
    },
    {
      "area_squad": {
        "name": "t1_tanks_spawn01",
        "tm": [
          [-0.208371,0.0,-0.97805],
          [0.0,1.0,0.0],
          [0.97805,0.0,-0.208371],
          [1338.55,220.112,1114.69]
        ],
        "props": [
          {
            "squad_members": "t1_tanks_spawn01_01"
          },
          {
            "squad_members": "t1_tanks_spawn01_02"
          },
          {
            "squad_members": "t1_tanks_spawn01_03"
          },
          {
            "squad_members": "t1_tanks_spawn01_04"
          },
          {
            "squad_members": "t1_tanks_spawn01_05"
          },
          {
            "squad_members": "t1_tanks_spawn01_06"
          },
          {
            "squad_members": "t1_tanks_spawn01_07"
          },
          {
            "squad_members": "t1_tanks_spawn01_08"
          },
          {
            "squad_members": "t1_tanks_spawn01_09"
          },
          {
            "squad_members": "t1_tanks_spawn01_10"
          },
          {
            "squad_members": "t1_tanks_spawn01_11"
          },
          {
            "squad_members": "t1_tanks_spawn01_12"
          },
          {
            "squad_members": "t1_tanks_spawn01_13"
          },
          {
            "squad_members": "t1_tanks_spawn01_14"
          },
          {
            "squad_members": "t1_tanks_spawn01_15"
          },
          {
            "squad_members": "t1_tanks_spawn01_16"
          },
          {
            "squad_members": "t1_tanks_spawn01_17"
          },
          {
            "squad_members": "t1_tanks_spawn01_18"
          },
          {
            "squad_members": "t1_tanks_spawn01_19"
          },
          {
            "squad_members": "t1_tanks_spawn01_20"
          }
        ]
      }
    },
    {
      "area_squad": {
        "name": "t1_tanks_spawn02",
        "tm": [
          [-0.805618,0.0,0.592435],
          [0.0,1.0,0.0],
          [-0.592435,0.0,-0.805618],
          [2197.07,193.456,1189.76]
        ],
        "props": [
          {
            "squad_members": "t1_tanks_spawn02_01"
          },
          {
            "squad_members": "t1_tanks_spawn02_02"
          },
          {
            "squad_members": "t1_tanks_spawn02_03"
          },
          {
            "squad_members": "t1_tanks_spawn02_04"
          },
          {
            "squad_members": "t1_tanks_spawn02_05"
          },
          {
            "squad_members": "t1_tanks_spawn02_06"
          },
          {
            "squad_members": "t1_tanks_spawn02_07"
          },
          {
            "squad_members": "t1_tanks_spawn02_08"
          },
          {
            "squad_members": "t1_tanks_spawn02_09"
          },
          {
            "squad_members": "t1_tanks_spawn02_10"
          },
          {
            "squad_members": "t1_tanks_spawn02_11"
          },
          {
            "squad_members": "t1_tanks_spawn02_12"
          },
          {
            "squad_members": "t1_tanks_spawn02_13"
          },
          {
            "squad_members": "t1_tanks_spawn02_14"
          },
          {
            "squad_members": "t1_tanks_spawn02_15"
          },
          {
            "squad_members": "t1_tanks_spawn02_16"
          },
          {
            "squad_members": "t1_tanks_spawn02_17"
          },
          {
            "squad_members": "t1_tanks_spawn02_18"
          },
          {
            "squad_members": "t1_tanks_spawn02_19"
          },
          {
            "squad_members": "t1_tanks_spawn02_20"
          }
        ]
      }
    },
    {
      "area_squad": {
        "name": "t1_tanks_spawn03",
        "tm": [
          [0.974381,0.0,-0.224902],
          [0.0,1.0,0.0],
          [0.224902,0.0,0.974381],
          [3032.15,191.309,2180.13]
        ],
        "props": [
          {
            "squad_members": "t1_tanks_spawn03_01"
          },
          {
            "squad_members": "t1_tanks_spawn03_02"
          },
          {
            "squad_members": "t1_tanks_spawn03_03"
          },
          {
            "squad_members": "t1_tanks_spawn03_04"
          },
          {
            "squad_members": "t1_tanks_spawn03_05"
          },
          {
            "squad_members": "t1_tanks_spawn03_06"
          },
          {
            "squad_members": "t1_tanks_spawn03_07"
          },
          {
            "squad_members": "t1_tanks_spawn03_08"
          },
          {
            "squad_members": "t1_tanks_spawn03_09"
          },
          {
            "squad_members": "t1_tanks_spawn03_10"
          },
          {
            "squad_members": "t1_tanks_spawn03_11"
          },
          {
            "squad_members": "t1_tanks_spawn03_12"
          },
          {
            "squad_members": "t1_tanks_spawn03_13"
          },
          {
            "squad_members": "t1_tanks_spawn03_14"
          },
          {
            "squad_members": "t1_tanks_spawn03_15"
          },
          {
            "squad_members": "t1_tanks_spawn03_16"
          },
          {
            "squad_members": "t1_tanks_spawn03_17"
          },
          {
            "squad_members": "t1_tanks_spawn03_18"
          },
          {
            "squad_members": "t1_tanks_spawn03_19"
          },
          {
            "squad_members": "t1_tanks_spawn03_20"
          }
        ]
      }
    },
    {
      "area_squad": {
        "name": "t1_tanks_spawn04",
        "tm": [
          [-0.0873051,0.0,-0.996182],
          [0.0,1.0,0.0],
          [0.996182,0.0,-0.0873051],
          [3597.15,111.297,1651.55]
        ],
        "props": [
          {
            "squad_members": "t1_tanks_spawn04_01"
          },
          {
            "squad_members": "t1_tanks_spawn04_02"
          },
          {
            "squad_members": "t1_tanks_spawn04_03"
          },
          {
            "squad_members": "t1_tanks_spawn04_04"
          },
          {
            "squad_members": "t1_tanks_spawn04_05"
          },
          {
            "squad_members": "t1_tanks_spawn04_06"
          },
          {
            "squad_members": "t1_tanks_spawn04_07"
          },
          {
            "squad_members": "t1_tanks_spawn04_08"
          },
          {
            "squad_members": "t1_tanks_spawn04_09"
          },
          {
            "squad_members": "t1_tanks_spawn04_10"
          },
          {
            "squad_members": "t1_tanks_spawn04_11"
          },
          {
            "squad_members": "t1_tanks_spawn04_12"
          },
          {
            "squad_members": "t1_tanks_spawn04_13"
          },
          {
            "squad_members": "t1_tanks_spawn04_14"
          },
          {
            "squad_members": "t1_tanks_spawn04_15"
          },
          {
            "squad_members": "t1_tanks_spawn04_16"
          },
          {
            "squad_members": "t1_tanks_spawn04_17"
          },
          {
            "squad_members": "t1_tanks_spawn04_18"
          },
          {
            "squad_members": "t1_tanks_spawn04_19"
          },
          {
            "squad_members": "t1_tanks_spawn04_20"
          }
        ]
      }
    },
    {
      "area_squad": {
        "name": "t2_tanks_spawn",
        "tm": [
          [-0.445726,0.0,0.89517],
          [0.0,1.0,0.0],
          [-0.89517,0.0,-0.445726],
          [1932.6,233.217,1854.35]
        ],
        "props": [
          {
            "squad_members": "t2_tanks_spawn01"
          },
          {
            "squad_members": "t2_tanks_spawn02"
          },
          {
            "squad_members": "t2_tanks_spawn03"
          },
          {
            "squad_members": "t2_tanks_spawn04"
          },
          {
            "squad_members": "t2_tanks_spawn05"
          },
          {
            "squad_members": "t2_tanks_spawn06"
          },
          {
            "squad_members": "t2_tanks_spawn07"
          },
          {
            "squad_members": "t2_tanks_spawn08"
          },
          {
            "squad_members": "t2_tanks_spawn09"
          },
          {
            "squad_members": "t2_tanks_spawn10"
          },
          {
            "squad_members": "t2_tanks_spawn11"
          },
          {
            "squad_members": "t2_tanks_spawn12"
          },
          {
            "squad_members": "t2_tanks_spawn13"
          },
          {
            "squad_members": "t2_tanks_spawn14"
          },
          {
            "squad_members": "t2_tanks_spawn15"
          },
          {
            "squad_members": "t2_tanks_spawn16"
          },
          {
            "squad_members": "t2_tanks_spawn17"
          },
          {
            "squad_members": "t2_tanks_spawn18"
          },
          {
            "squad_members": "t2_tanks_spawn19"
          },
          {
            "squad_members": "t2_tanks_spawn20"
          }
        ]
      }
    },
    {
      "objectGroups": {
        "name": "notree01",
        "tm": [
          [1.0,0.0,0.0],
          [0.0,1.0,0.0],
          [0.0,0.0,1.0],
          [100.2,156.95,1446.95]
        ],
        "unit_class": "noTreeObjectGroup100",
        "objLayer": 2,
        "props": {
          "army": 2,
          "active": true
        }
      }
    },
    {
      "area_squad": {
        "name": "t1_rearm_zone",
        "tm": [
          [1.0,0.0,0.0],
          [0.0,1.0,0.0],
          [0.0,0.0,1.0],
          [-822.154,23.2117,-95.1837]
        ],
        "props": [
          {
            "squad_members": "t1_rearm_zone_01"
          },
          {
            "squad_members": "t1_rearm_zone_02"
          }
        ]
      }
    },
    {
      "area_squad": {
        "name": "t2_rearm_zone",
        "tm": [
          [1.0,0.0,0.0],
          [0.0,1.0,0.0],
          [0.0,0.0,1.0],
          [562.478,23.2117,-501.735]
        ],
        "props": [
          {
            "squad_members": "t2_rearm_zone_01"
          },
          {
            "squad_members": "t2_rearm_zone_02"
          }
        ]
      }
    },
    {
      "objectGroups": {
        "name": "notree04",
        "tm": [
          [0.912387,0.0,-0.40933],
          [0.0,1.0,0.0],
          [0.40933,0.0,0.912387],
          [155.15,156.95,1422.55]
        ],
        "unit_class": "noTreeObjectGroup100",
        "objLayer": 2,
        "props": {
          "army": 2,
          "active": true
        }
      }
    },
    {
      "objectGroups": {
        "name": "notree07",
        "tm": [
          [0.912387,0.0,-0.40933],
          [0.0,1.0,0.0],
          [0.40933,0.0,0.912387],
          [244.65,156.95,1381.0]
        ],
        "unit_class": "noTreeObjectGroup100",
        "objLayer": 2,
        "props": {
          "army": 2,
          "active": true
        }
      }
    },
    {
      "objectGroups": {
        "name": "notree10",
        "tm": [
          [0.997757,0.0,-0.0669429],
          [0.0,1.0,0.0],
          [0.0669429,0.0,0.997757],
          [319.25,156.95,1351.4]
        ],
        "unit_class": "noTreeObjectGroup100",
        "objLayer": 2,
        "props": {
          "army": 2,
          "active": true
        }
      }
    },
    {
      "objectGroups": {
        "name": "notree14",
        "tm": [
          [0.997757,0.0,-0.0669429],
          [0.0,1.0,0.0],
          [0.0669429,0.0,0.997757],
          [413.7,156.95,1343.05]
        ],
        "unit_class": "noTreeObjectGroup100",
        "objLayer": 2,
        "props": {
          "army": 2,
          "active": true
        }
      }
    },
    {
      "objectGroups": {
        "name": "notree17",
        "tm": [
          [0.987635,0.0,-0.156772],
          [0.0,1.0,0.0],
          [0.156772,0.0,0.987635],
          [493.4,156.95,1328.7]
        ],
        "unit_class": "noTreeObjectGroup100",
        "objLayer": 2,
        "props": {
          "army": 2,
          "active": true
        }
      }
    },
    {
      "objectGroups": {
        "name": "notree20",
        "tm": [
          [0.940455,0.0,-0.339918],
          [0.0,1.0,0.0],
          [0.339918,0.0,0.940455],
          [578.45,156.95,1308.25]
        ],
        "unit_class": "noTreeObjectGroup100",
        "objLayer": 2,
        "props": {
          "army": 2,
          "active": true
        }
      }
    },
    {
      "objectGroups": {
        "name": "notree23",
        "tm": [
          [0.940455,0.0,-0.339918],
          [0.0,1.0,0.0],
          [0.339918,0.0,0.940455],
          [668.95,156.95,1272.9]
        ],
        "unit_class": "noTreeObjectGroup100",
        "objLayer": 2,
        "props": {
          "army": 2,
          "active": true
        }
      }
    },
    {
      "objectGroups": {
        "name": "notree26",
        "tm": [
          [0.940455,0.0,-0.339918],
          [0.0,1.0,0.0],
          [0.339918,0.0,0.940455],
          [757.95,178.45,1237.8]
        ],
        "unit_class": "noTreeObjectGroup100",
        "objLayer": 2,
        "props": {
          "army": 2,
          "active": true
        }
      }
    },
    {
      "objectGroups": {
        "name": "notree29",
        "tm": [
          [0.940455,0.0,-0.339918],
          [0.0,1.0,0.0],
          [0.339918,0.0,0.940455],
          [849.3,185.8,1205.15]
        ],
        "unit_class": "noTreeObjectGroup100",
        "objLayer": 2,
        "props": {
          "army": 2,
          "active": true
        }
      }
    },
    {
      "objectGroups": {
        "name": "notree32",
        "tm": [
          [0.986113,0.0,-0.166073],
          [0.0,1.0,0.0],
          [0.166073,0.0,0.986113],
          [934.45,190.15,1175.3]
        ],
        "unit_class": "noTreeObjectGroup100",
        "objLayer": 2,
        "props": {
          "army": 2,
          "active": true
        }
      }
    },
    {
      "objectGroups": {
        "name": "notree34",
        "tm": [
          [0.999645,0.0,-0.0266408],
          [0.0,1.0,0.0],
          [0.0266408,0.0,0.999645],
          [1025.8,193.05,1168.8]
        ],
        "unit_class": "noTreeObjectGroup100",
        "objLayer": 2,
        "props": {
          "army": 2,
          "active": true
        }
      }
    },
    {
      "objectGroups": {
        "name": "notree38",
        "tm": [
          [0.98504,0.0,0.172328],
          [0.0,1.0,0.0],
          [-0.172328,0.0,0.98504],
          [1098.5,193.05,1181.05]
        ],
        "unit_class": "noTreeObjectGroup100",
        "objLayer": 2,
        "props": {
          "army": 2,
          "active": true
        }
      }
    },
    {
      "objectGroups": {
        "name": "notree41",
        "tm": [
          [0.98504,0.0,0.172328],
          [0.0,1.0,0.0],
          [-0.172328,0.0,0.98504],
          [1180.5,193.05,1202.4]
        ],
        "unit_class": "noTreeObjectGroup100",
        "objLayer": 2,
        "props": {
          "army": 2,
          "active": true
        }
      }
    },
    {
      "objectGroups": {
        "name": "notree44",
        "tm": [
          [0.98504,0.0,0.172328],
          [0.0,1.0,0.0],
          [-0.172328,0.0,0.98504],
          [1271.2,193.05,1221.4]
        ],
        "unit_class": "noTreeObjectGroup100",
        "objLayer": 2,
        "props": {
          "army": 2,
          "active": true
        }
      }
    },
    {
      "objectGroups": {
        "name": "notree47",
        "tm": [
          [0.992726,0.0,0.120393],
          [0.0,1.0,0.0],
          [-0.120393,0.0,0.992726],
          [1357.75,193.05,1237.3]
        ],
        "unit_class": "noTreeObjectGroup100",
        "objLayer": 2,
        "props": {
          "army": 2,
          "active": true
        }
      }
    },
    {
      "objectGroups": {
        "name": "notree50",
        "tm": [
          [0.992726,0.0,0.120393],
          [0.0,1.0,0.0],
          [-0.120393,0.0,0.992726],
          [1454.2,193.05,1248.25]
        ],
        "unit_class": "noTreeObjectGroup100",
        "objLayer": 2,
        "props": {
          "army": 2,
          "active": true
        }
      }
    },
    {
      "objectGroups": {
        "name": "notree53",
        "tm": [
          [0.992726,0.0,0.120393],
          [0.0,1.0,0.0],
          [-0.120393,0.0,0.992726],
          [1550.05,193.05,1261.25]
        ],
        "unit_class": "noTreeObjectGroup100",
        "objLayer": 2,
        "props": {
          "army": 2,
          "active": true
        }
      }
    },
    {
      "objectGroups": {
        "name": "notree56",
        "tm": [
          [0.992726,0.0,0.120393],
          [0.0,1.0,0.0],
          [-0.120393,0.0,0.992726],
          [1647.25,193.05,1275.0]
        ],
        "unit_class": "noTreeObjectGroup100",
        "objLayer": 2,
        "props": {
          "army": 2,
          "active": true
        }
      }
    },
    {
      "objectGroups": {
        "name": "notree59",
        "tm": [
          [0.992726,0.0,0.120393],
          [0.0,1.0,0.0],
          [-0.120393,0.0,0.992726],
          [1740.95,193.05,1286.4]
        ],
        "unit_class": "noTreeObjectGroup100",
        "objLayer": 2,
        "props": {
          "army": 2,
          "active": true
        }
      }
    },
    {
      "objectGroups": {
        "name": "notree62",
        "tm": [
          [0.983819,0.0,0.179165],
          [0.0,1.0,0.0],
          [-0.179165,0.0,0.983819],
          [1827.45,193.05,1299.95]
        ],
        "unit_class": "noTreeObjectGroup100",
        "objLayer": 2,
        "props": {
          "army": 2,
          "active": true
        }
      }
    },
    {
      "objectGroups": {
        "name": "notree65",
        "tm": [
          [0.983819,0.0,0.179165],
          [0.0,1.0,0.0],
          [-0.179165,0.0,0.983819],
          [1918.95,193.05,1314.95]
        ],
        "unit_class": "noTreeObjectGroup100",
        "objLayer": 2,
        "props": {
          "army": 2,
          "active": true
        }
      }
    },
    {
      "objectGroups": {
        "name": "notree68",
        "tm": [
          [0.983819,0.0,0.179165],
          [0.0,1.0,0.0],
          [-0.179165,0.0,0.983819],
          [2008.75,193.05,1331.4]
        ],
        "unit_class": "noTreeObjectGroup100",
        "objLayer": 2,
        "props": {
          "army": 2,
          "active": true
        }
      }
    },
    {
      "objectGroups": {
        "name": "notree71",
        "tm": [
          [0.983819,0.0,0.179165],
          [0.0,1.0,0.0],
          [-0.179165,0.0,0.983819],
          [2101.85,187.15,1348.25]
        ],
        "unit_class": "noTreeObjectGroup100",
        "objLayer": 2,
        "props": {
          "army": 2,
          "active": true
        }
      }
    },
    {
      "objectGroups": {
        "name": "notree74",
        "tm": [
          [0.983819,0.0,0.179165],
          [0.0,1.0,0.0],
          [-0.179165,0.0,0.983819],
          [2193.85,180.45,1366.8]
        ],
        "unit_class": "noTreeObjectGroup100",
        "objLayer": 2,
        "props": {
          "army": 2,
          "active": true
        }
      }
    },
    {
      "objectGroups": {
        "name": "notree77",
        "tm": [
          [0.983819,0.0,0.179165],
          [0.0,1.0,0.0],
          [-0.179165,0.0,0.983819],
          [2283.75,173.45,1391.05]
        ],
        "unit_class": "noTreeObjectGroup100",
        "objLayer": 2,
        "props": {
          "army": 2,
          "active": true
        }
      }
    },
    {
      "objectGroups": {
        "name": "notree80",
        "tm": [
          [0.993913,0.0,-0.110164],
          [0.0,1.0,0.0],
          [0.110164,0.0,0.993913],
          [2459.5,157.05,1440.1]
        ],
        "unit_class": "noTreeObjectGroup100",
        "objLayer": 2,
        "props": {
          "army": 2,
          "active": true
        }
      }
    },
    {
      "objectGroups": {
        "name": "notree83",
        "tm": [
          [0.993913,0.0,-0.110164],
          [0.0,1.0,0.0],
          [0.110164,0.0,0.993913],
          [2315.0,157.05,1408.2]
        ],
        "unit_class": "noTreeObjectGroup100",
        "objLayer": 2,
        "props": {
          "army": 2,
          "active": true
        }
      }
    },
    {
      "objectGroups": {
        "name": "notree85",
        "tm": [
          [0.86864,0.0,-0.495443],
          [0.0,1.0,0.0],
          [0.495443,0.0,0.86864],
          [2486.45,157.05,1480.9]
        ],
        "unit_class": "noTreeObjectGroup100",
        "objLayer": 2,
        "props": {
          "army": 2,
          "active": true
        }
      }
    },
    {
      "objectGroups": {
        "name": "notree88",
        "tm": [
          [0.959544,0.0,-0.281559],
          [0.0,1.0,0.0],
          [0.281559,0.0,0.959544],
          [2521.05,157.05,1549.7]
        ],
        "unit_class": "noTreeObjectGroup100",
        "objLayer": 2,
        "props": {
          "army": 2,
          "active": true
        }
      }
    },
    {
      "objectGroups": {
        "name": "notree91",
        "tm": [
          [0.959544,0.0,-0.281559],
          [0.0,1.0,0.0],
          [0.281559,0.0,0.959544],
          [2548.65,174.35,1638.65]
        ],
        "unit_class": "noTreeObjectGroup100",
        "objLayer": 2,
        "props": {
          "army": 2,
          "active": true
        }
      }
    },
    {
      "objectGroups": {
        "name": "notree95",
        "tm": [
          [0.674455,0.0,-0.738316],
          [0.0,1.0,0.0],
          [0.738316,0.0,0.674455],
          [2585.9,174.35,1693.3]
        ],
        "unit_class": "noTreeObjectGroup100",
        "objLayer": 2,
        "props": {
          "army": 2,
          "active": true
        }
      }
    },
    {
      "objectGroups": {
        "name": "notree98",
        "tm": [
          [0.674455,0.0,-0.738316],
          [0.0,1.0,0.0],
          [0.738316,0.0,0.674455],
          [2652.65,174.35,1763.35]
        ],
        "unit_class": "noTreeObjectGroup100",
        "objLayer": 2,
        "props": {
          "army": 2,
          "active": true
        }
      }
    },
    {
      "objectGroups": {
        "name": "notree101",
        "tm": [
          [0.674455,0.0,-0.738316],
          [0.0,1.0,0.0],
          [0.738316,0.0,0.674455],
          [2724.55,163.4,1828.2]
        ],
        "unit_class": "noTreeObjectGroup100",
        "objLayer": 2,
        "props": {
          "army": 2,
          "active": true
        }
      }
    },
    {
      "objectGroups": {
        "name": "notree103",
        "tm": [
          [0.508369,0.0,-0.861139],
          [0.0,1.0,0.0],
          [0.861139,0.0,0.508369],
          [2785.55,163.4,1881.3]
        ],
        "unit_class": "noTreeObjectGroup100",
        "objLayer": 2,
        "props": {
          "army": 2,
          "active": true
        }
      }
    },
    {
      "objectGroups": {
        "name": "notree106",
        "tm": [
          [0.401837,0.0,-0.915711],
          [0.0,1.0,0.0],
          [0.915711,0.0,0.401837],
          [2867.85,163.4,1923.0]
        ],
        "unit_class": "noTreeObjectGroup100",
        "objLayer": 2,
        "props": {
          "army": 2,
          "active": true
        }
      }
    },
    {
      "objectGroups": {
        "name": "notree109",
        "tm": [
          [0.345699,0.0,-0.938346],
          [0.0,1.0,0.0],
          [0.938346,0.0,0.345699],
          [2955.95,163.4,1956.15]
        ],
        "unit_class": "noTreeObjectGroup100",
        "objLayer": 2,
        "props": {
          "army": 2,
          "active": true
        }
      }
    },
    {
      "objectGroups": {
        "name": "notree113",
        "tm": [
          [0.345699,0.0,-0.938346],
          [0.0,1.0,0.0],
          [0.938346,0.0,0.345699],
          [3045.45,163.4,1986.1]
        ],
        "unit_class": "noTreeObjectGroup100",
        "objLayer": 2,
        "props": {
          "army": 2,
          "active": true
        }
      }
    },
    {
      "objectGroups": {
        "name": "notree116",
        "tm": [
          [0.345699,0.0,-0.938346],
          [0.0,1.0,0.0],
          [0.938346,0.0,0.345699],
          [3132.2,163.4,2017.6]
        ],
        "unit_class": "noTreeObjectGroup100",
        "objLayer": 2,
        "props": {
          "army": 2,
          "active": true
        }
      }
    },
    {
      "objectGroups": {
        "name": "notree119",
        "tm": [
          [0.0765821,0.0,-0.997063],
          [0.0,1.0,0.0],
          [0.997063,0.0,0.0765821],
          [3212.65,151.85,2035.1]
        ],
        "unit_class": "noTreeObjectGroup100",
        "objLayer": 2,
        "props": {
          "army": 2,
          "active": true
        }
      }
    },
    {
      "objectGroups": {
        "name": "notree121",
        "tm": [
          [-0.442044,0.0,-0.896994],
          [0.0,1.0,0.0],
          [0.896994,0.0,-0.442044],
          [3268.85,142.55,2012.15]
        ],
        "unit_class": "noTreeObjectGroup100",
        "objLayer": 2,
        "props": {
          "army": 2,
          "active": true
        }
      }
    },
    {
      "objectGroups": {
        "name": "notree124",
        "tm": [
          [-0.5713,0.0,-0.820741],
          [0.0,1.0,0.0],
          [0.820741,0.0,-0.5713],
          [3342.6,128.9,1967.9]
        ],
        "unit_class": "noTreeObjectGroup100",
        "objLayer": 2,
        "props": {
          "army": 2,
          "active": true
        }
      }
    },
    {
      "objectGroups": {
        "name": "notree127",
        "tm": [
          [-0.693566,0.0,-0.720393],
          [0.0,1.0,0.0],
          [0.720393,0.0,-0.693566],
          [3399.65,125.85,1916.25]
        ],
        "unit_class": "noTreeObjectGroup100",
        "objLayer": 2,
        "props": {
          "army": 2,
          "active": true
        }
      }
    },
    {
      "objectGroups": {
        "name": "notree130",
        "tm": [
          [-0.80232,0.0,-0.596894],
          [0.0,1.0,0.0],
          [0.596894,0.0,-0.80232],
          [3450.05,118.65,1853.0]
        ],
        "unit_class": "noTreeObjectGroup100",
        "objLayer": 2,
        "props": {
          "army": 2,
          "active": true
        }
      }
    },
    {
      "objectGroups": {
        "name": "notree134",
        "tm": [
          [-0.80232,0.0,-0.596894],
          [0.0,1.0,0.0],
          [0.596894,0.0,-0.80232],
          [3504.35,109.75,1771.75]
        ],
        "unit_class": "noTreeObjectGroup100",
        "objLayer": 2,
        "props": {
          "army": 2,
          "active": true
        }
      }
    },
    {
      "objectGroups": {
        "name": "notree137",
        "tm": [
          [-0.870372,0.0,-0.492394],
          [0.0,1.0,0.0],
          [0.492394,0.0,-0.870372],
          [3554.1,109.75,1692.5]
        ],
        "unit_class": "noTreeObjectGroup100",
        "objLayer": 2,
        "props": {
          "army": 2,
          "active": true
        }
      }
    },
    {
      "objectGroups": {
        "name": "notree140",
        "tm": [
          [-0.870372,0.0,-0.492394],
          [0.0,1.0,0.0],
          [0.492394,0.0,-0.870372],
          [3594.2,109.75,1607.35]
        ],
        "unit_class": "noTreeObjectGroup100",
        "objLayer": 2,
        "props": {
          "army": 2,
          "active": true
