{
  "selected_tag": "",
  "bin_dump_file": "",
  "mission_settings": {
    "player": {
      "army": 1,
      "wing": ""
    },
    "player_teamB": {
      "army": 2
    },
    "mission": {
      "level": "levels/water.bin",
      "type": "singleMission",
      "restoreType": "attempts",
      "optionalTakeOff": false,
      "environment": "Day",
      "weather": "hazy"
    },
    "spectator_points": []
  },
  "imports": [],
  "triggers": {
    "isCategory": true,
    "is_enabled": true,
    "flt_tanks_init": {
      "is_enabled": true,
      "comments": "",
      "props": {
        "actionsType": "PERFORM_ONE_BY_ONE",
        "conditionsType": "ALL",
        "enableAfterComplete": false
      },
      "events": {
        "initMission": []
      },
      "conditions": [],
      "actions": {
        "varSetInt": {
          "value": 103,
          "var": "flt_tank_spots_num"
        }
      },
      "else_actions": []
    }
  },
  "mission_objectives": {
    "isCategory": true,
    "is_enabled": true
  },
  "variables": [],
  "dialogs": [],
  "airfields": [],
  "effects": [],
  "units": [],
  "areas": {
    "flt_tank_spot_01": {
      "type": "Point",
      "tm": [
        [-0.953717,0.0,0.300706],
        [0.0,1.0,0.0],
        [-0.300706,0.0,-0.953717],
        [-7577.1,164.15,11456.2]
      ],
      "objLayer": 0,
      "props": []
    },
    "flt_tank_spot_02": {
      "type": "Point",
      "tm": [
        [0.422618,0.0,0.906308],
        [0.0,1.0,0.0],
        [-0.906308,0.0,0.422618],
        [-7426.85,168.687,11439.8]
      ],
      "objLayer": 0,
      "props": []
    },
    "flt_tank_spot_03": {
      "type": "Point",
      "tm": [
        [1.0,0.0,0.0],
        [0.0,1.0,0.0],
        [0.0,0.0,1.0],
        [-10848.5,255.5,15283.0]
      ],
      "objLayer": 0,
      "props": []
    },
    "flt_tank_spot_04": {
      "type": "Point",
      "tm": [
        [-0.608761,0.0,-0.793353],
        [0.0,1.0,0.0],
        [0.793353,0.0,-0.608761],
        [-10874.2,259.45,15141.3]
      ],
      "objLayer": 0,
      "props": []
    },
    "flt_tank_spot_05": {
      "type": "Point",
      "tm": [
        [0.0436195,0.0,-0.999048],
        [0.0,1.0,0.0],
        [0.999048,0.0,0.0436195],
        [-12091.5,65.4,11056.2]
      ],
      "objLayer": 0,
      "props": []
    },
    "flt_tank_spot_06": {
      "type": "Point",
      "tm": [
        [-0.258819,0.0,0.965926],
        [0.0,1.0,0.0],
        [-0.965926,0.0,-0.258819],
        [-11915.8,71.6,11149.8]
      ],
      "objLayer": 0,
      "props": []
    },
    "flt_tank_spot_07": {
      "type": "Point",
      "tm": [
        [0.991445,0.0,-0.130526],
        [0.0,1.0,0.0],
        [0.130526,0.0,0.991445],
        [-11870.8,73.65,11038.0]
      ],
      "objLayer": 0,
      "props": []
    },
    "flt_tank_spot_08": {
      "type": "Point",
      "tm": [
        [-0.422618,0.0,-0.906308],
        [0.0,1.0,0.0],
        [0.906308,0.0,-0.422618],
        [-20878.8,223.9,10860.2]
      ],
      "objLayer": 0,
      "props": []
    },
    "flt_tank_spot_09": {
      "type": "Point",
      "tm": [
        [1.0,0.0,0.0],
        [0.0,1.0,0.0],
        [0.0,0.0,1.0],
        [-20721.9,214.55,10809.9]
      ],
      "objLayer": 0,
      "props": []
    },
    "flt_tank_spot_10": {
      "type": "Point",
      "tm": [
        [1.0,0.0,0.0],
        [0.0,1.0,0.0],
        [0.0,0.0,1.0],
        [-17623.9,267.6,582.25]
      ],
      "objLayer": 0,
      "props": []
    },
    "flt_tank_spot_11": {
      "type": "Point",
      "tm": [
        [0.461749,0.0,0.887011],
        [0.0,1.0,0.0],
        [-0.887011,0.0,0.461749],
        [-17680.1,285.35,198.2]
      ],
      "objLayer": 0,
      "props": []
    },
    "flt_tank_spot_12": {
      "type": "Point",
      "tm": [
        [0.461749,0.0,0.887011],
        [0.0,1.0,0.0],
        [-0.887011,0.0,0.461749],
        [-17755.6,284.2,236.55]
      ],
      "objLayer": 0,
      "props": []
    },
    "flt_tank_spot_13": {
      "type": "Point",
      "tm": [
        [0.0436195,0.0,-0.999048],
        [0.0,1.0,0.0],
        [0.999048,0.0,0.0436195],
        [-17799.3,277.0,614.95]
      ],
      "objLayer": 0,
      "props": []
    },
    "flt_tank_spot_14": {
      "type": "Point",
      "tm": [
        [1.0,0.0,0.0],
        [0.0,1.0,0.0],
        [0.0,0.0,1.0],
        [-14932.5,262.85,-7395.35]
      ],
      "objLayer": 0,
      "props": []
    },
    "flt_tank_spot_15": {
      "type": "Point",
      "tm": [
        [-0.642788,0.0,-0.766044],
        [0.0,1.0,0.0],
        [0.766044,0.0,-0.642788],
        [-15226.8,260.4,-7263.4]
      ],
      "objLayer": 0,
      "props": []
    },
    "flt_tank_spot_16": {
      "type": "Point",
      "tm": [
        [-0.461749,0.0,-0.887011],
        [0.0,1.0,0.0],
        [0.887011,0.0,-0.461749],
        [-16277.9,264.1,-9805.65]
      ],
      "objLayer": 0,
      "props": []
    },
    "flt_tank_spot_17": {
      "type": "Point",
      "tm": [
        [-0.999048,0.0,-0.0436192],
        [0.0,1.0,0.0],
        [0.0436192,0.0,-0.999048],
        [-16230.4,260.1,-9426.6]
      ],
      "objLayer": 0,
      "props": []
    },
    "flt_tank_spot_18": {
      "type": "Point",
      "tm": [
        [1.0,0.0,0.0],
        [0.0,1.0,0.0],
        [0.0,0.0,1.0],
        [-9070.7,332.8,-14925.5]
      ],
      "objLayer": 0,
      "props": []
    },
    "flt_tank_spot_19": {
      "type": "Point",
      "tm": [
        [0.34202,0.0,0.939693],
        [0.0,1.0,0.0],
        [-0.939693,0.0,0.34202],
        [-9146.9,333.35,-14873.3]
      ],
      "objLayer": 0,
      "props": []
    },
    "flt_tank_spot_20": {
      "type": "Point",
      "tm": [
        [1.0,0.0,0.0],
        [0.0,1.0,0.0],
        [0.0,0.0,1.0],
        [-8848.05,355.3,-16477.7]
      ],
      "objLayer": 0,
      "props": []
    },
    "flt_tank_spot_21": {
      "type": "Point",
      "tm": [
        [-0.866025,0.0,0.5],
        [0.0,1.0,0.0],
        [-0.5,0.0,-0.866025],
        [-9076.55,370.5,-16588.7]
      ],
      "objLayer": 0,
      "props": []
    },
    "flt_tank_spot_22": {
      "type": "Point",
      "tm": [
        [0.707107,0.0,0.707107],
        [0.0,1.0,0.0],
        [-0.707107,0.0,0.707107],
        [-8488.0,352.054,-16684.3]
      ],
      "objLayer": 0,
      "props": []
    },
    "flt_tank_spot_23": {
      "type": "Point",
      "tm": [
        [1.0,0.0,0.0],
        [0.0,1.0,0.0],
        [0.0,0.0,1.0],
        [-8442.15,365.1,-16860.7]
      ],
      "objLayer": 0,
      "props": []
    },
    "flt_tank_spot_24": {
      "type": "Point",
      "tm": [
        [1.0,0.0,0.0],
        [0.0,1.0,0.0],
        [0.0,0.0,1.0],
        [-8554.75,392.55,-17311.4]
      ],
      "objLayer": 0,
      "props": []
    },
    "flt_tank_spot_25": {
      "type": "Point",
      "tm": [
        [1.0,0.0,0.0],
        [0.0,1.0,0.0],
        [0.0,0.0,1.0],
        [-8544.35,380.25,-17157.9]
      ],
      "objLayer": 0,
      "props": []
    },
    "flt_tank_spot_26": {
      "type": "Point",
      "tm": [
        [0.382683,0.0,-0.92388],
        [0.0,1.0,0.0],
        [0.92388,0.0,0.382683],
        [6164.25,138.55,-15854.2]
      ],
      "objLayer": 0,
      "props": []
    },
    "flt_tank_spot_27": {
      "type": "Point",
      "tm": [
        [1.0,0.0,0.0],
        [0.0,1.0,0.0],
        [0.0,0.0,1.0],
        [6361.65,152.9,-15952.9]
      ],
      "objLayer": 0,
      "props": []
    },
    "flt_tank_spot_28": {
      "type": "Point",
      "tm": [
        [0.382683,0.0,0.92388],
        [0.0,1.0,0.0],
        [-0.92388,0.0,0.382683],
        [11974.3,240.85,-13085.2]
      ],
      "objLayer": 0,
      "props": []
    },
    "flt_tank_spot_29": {
      "type": "Point",
      "tm": [
        [-0.887011,0.0,0.461749],
        [0.0,1.0,0.0],
        [-0.461749,0.0,-0.887011],
        [11857.0,245.7,-13171.3]
      ],
      "objLayer": 0,
      "props": []
    },
    "flt_tank_spot_30": {
      "type": "Point",
      "tm": [
        [1.0,0.0,0.0],
        [0.0,1.0,0.0],
        [0.0,0.0,1.0],
        [20656.6,201.2,-7728.55]
      ],
      "objLayer": 0,
      "props": []
    },
    "flt_tank_spot_31": {
      "type": "Point",
      "tm": [
        [-0.382683,0.0,-0.92388],
        [0.0,1.0,0.0],
        [0.92388,0.0,-0.382683],
        [20545.9,205.15,-7688.6]
      ],
      "objLayer": 0,
      "props": []
    },
    "flt_tank_spot_32": {
      "type": "Point",
      "tm": [
        [1.0,0.0,0.0],
        [0.0,1.0,0.0],
        [0.0,0.0,1.0],
        [20262.1,81.25,7816.55]
      ],
      "objLayer": 0,
      "props": []
    },
    "flt_tank_spot_33": {
      "type": "Point",
      "tm": [
        [0.5,0.0,0.866025],
        [0.0,1.0,0.0],
        [-0.866025,0.0,0.5],
        [20081.7,83.65,7873.05]
      ],
      "objLayer": 0,
      "props": []
    },
    "flt_tank_spot_34": {
      "type": "Point",
      "tm": [
        [1.0,0.0,0.0],
        [0.0,1.0,0.0],
        [0.0,0.0,1.0],
        [19823.8,92.3,7933.85]
      ],
      "objLayer": 0,
      "props": []
    },
    "flt_tank_spot_77": {
      "type": "Point",
      "tm": [
        [0.887011,0.0,0.461749],
        [0.0,1.0,0.0],
        [-0.461749,0.0,0.887011],
        [19885.1,96.85,8064.55]
      ],
      "objLayer": 0,
      "props": []
    },
    "flt_tank_spot_35": {
      "type": "Point",
      "tm": [
        [0.0436195,0.0,0.999048],
        [0.0,1.0,0.0],
        [-0.999048,0.0,0.0436195],
        [18144.2,310.25,13526.9]
      ],
      "objLayer": 0,
      "props": []
    },
    "flt_tank_spot_36": {
      "type": "Point",
      "tm": [
        [0.422618,0.0,-0.906308],
        [0.0,1.0,0.0],
        [0.906308,0.0,0.422618],
        [18003.5,298.1,13426.2]
      ],
      "objLayer": 0,
      "props": []
    },
    "flt_tank_spot_37": {
      "type": "Point",
      "tm": [
        [0.5373,0.0,0.843391],
        [0.0,1.0,0.0],
        [-0.843391,0.0,0.5373],
        [19166.3,263.65,13950.3]
      ],
      "objLayer": 0,
      "props": []
    },
    "flt_tank_spot_38": {
      "type": "Point",
      "tm": [
        [-0.819152,0.0,0.573576],
        [0.0,1.0,0.0],
        [-0.573576,0.0,-0.819152],
        [23294.0,314.65,17639.9]
      ],
      "objLayer": 0,
      "props": []
    },
    "flt_tank_spot_39": {
      "type": "Point",
      "tm": [
        [1.0,0.0,0.0],
        [0.0,1.0,0.0],
        [0.0,0.0,1.0],
        [23304.8,294.5,17433.4]
      ],
      "objLayer": 0,
      "props": []
    },
    "flt_tank_spot_40": {
      "type": "Point",
      "tm": [
        [0.21644,0.0,0.976296],
        [0.0,1.0,0.0],
        [-0.976296,0.0,0.21644],
        [19058.2,231.15,21769.9]
      ],
      "objLayer": 0,
      "props": []
    },
    "flt_tank_spot_41": {
      "type": "Point",
      "tm": [
        [-0.173648,0.0,0.984808],
        [0.0,1.0,0.0],
        [-0.984808,0.0,-0.173648],
        [19272.5,222.1,21725.5]
      ],
      "objLayer": 0,
      "props": []
    },
    "flt_tank_spot_42": {
      "type": "Point",
      "tm": [
        [0.21644,0.0,0.976296],
        [0.0,1.0,0.0],
        [-0.976296,0.0,0.21644],
        [19103.8,217.2,22071.1]
      ],
      "objLayer": 0,
      "props": []
    },
    "flt_tank_spot_43": {
      "type": "Point",
      "tm": [
        [-0.887011,0.0,-0.461748],
        [0.0,1.0,0.0],
        [0.461748,0.0,-0.887011],
        [19152.4,205.35,22303.0]
      ],
      "objLayer": 0,
      "props": []
    },
    "flt_tank_spot_44": {
      "type": "Point",
      "tm": [
        [-0.608761,0.0,0.793353],
        [0.0,1.0,0.0],
        [-0.793353,0.0,-0.608761],
        [9961.85,109.55,5738.4]
      ],
      "objLayer": 0,
      "props": []
    },
    "flt_tank_spot_45": {
      "type": "Point",
      "tm": [
        [1.0,0.0,0.0],
        [0.0,1.0,0.0],
        [0.0,0.0,1.0],
        [9939.7,107.1,5618.5]
      ],
      "objLayer": 0,
      "props": []
    },
    "flt_tank_spot_46": {
      "type": "Point",
      "tm": [
        [-0.0871556,0.0,-0.996195],
        [0.0,1.0,0.0],
        [0.996195,0.0,-0.0871556],
        [9033.55,75.35,11438.3]
      ],
      "objLayer": 0,
      "props": []
    },
    "flt_tank_spot_47": {
      "type": "Point",
      "tm": [
        [0.906308,0.0,0.422618],
        [0.0,1.0,0.0],
        [-0.422618,0.0,0.906308],
        [8777.15,65.65,11523.4]
      ],
      "objLayer": 0,
      "props": []
    },
    "flt_tank_spot_48": {
      "type": "Point",
      "tm": [
        [-0.461748,0.0,0.887011],
        [0.0,1.0,0.0],
        [-0.887011,0.0,-0.461748],
        [5560.95,33.55,10084.5]
      ],
      "objLayer": 0,
      "props": []
    },
    "flt_tank_spot_49": {
      "type": "Point",
      "tm": [
        [1.0,0.0,0.0],
        [0.0,1.0,0.0],
        [0.0,0.0,1.0],
        [5924.5,22.55,9853.3]
      ],
      "objLayer": 0,
      "props": []
    },
    "flt_tank_spot_50": {
      "type": "Point",
      "tm": [
        [1.0,0.0,0.0],
        [0.0,1.0,0.0],
        [0.0,0.0,1.0],
        [6976.1,30.1,16569.3]
      ],
      "objLayer": 0,
      "props": []
    },
    "flt_tank_spot_51": {
      "type": "Point",
      "tm": [
        [-0.461749,0.0,-0.887011],
        [0.0,1.0,0.0],
        [0.887011,0.0,-0.461749],
        [6774.2,24.45,16619.7]
      ],
      "objLayer": 0,
      "props": []
    },
    "flt_tank_spot_52": {
      "type": "Point",
      "tm": [
        [-0.887011,0.0,0.461749],
        [0.0,1.0,0.0],
        [-0.461749,0.0,-0.887011],
        [295.55,116.5,16232.3]
      ],
      "objLayer": 0,
      "props": []
    },
    "flt_tank_spot_53": {
      "type": "Point",
      "tm": [
        [0.707107,0.0,-0.707107],
        [0.0,1.0,0.0],
        [0.707107,0.0,0.707107],
        [430.25,101.55,16187.8]
      ],
      "objLayer": 0,
      "props": []
    },
    "flt_tank_spot_54": {
      "type": "Point",
      "tm": [
        [-0.382683,0.0,0.92388],
        [0.0,1.0,0.0],
        [-0.92388,0.0,-0.382683],
        [582.3,77.45,19576.0]
      ],
      "objLayer": 0,
      "props": []
    },
    "flt_tank_spot_55": {
      "type": "Point",
      "tm": [
        [1.0,0.0,0.0],
        [0.0,1.0,0.0],
        [0.0,0.0,1.0],
        [806.65,77.9,19543.8]
      ],
      "objLayer": 0,
      "props": []
    },
    "flt_tank_spot_56": {
      "type": "Point",
      "tm": [
        [-0.976296,0.0,-0.21644],
        [0.0,1.0,0.0],
        [0.21644,0.0,-0.976296],
        [-4387.6,255.95,13847.3]
      ],
      "objLayer": 0,
      "props": []
    },
    "flt_tank_spot_57": {
      "type": "Point",
      "tm": [
        [-0.422618,0.0,0.906308],
        [0.0,1.0,0.0],
        [-0.906308,0.0,-0.422618],
        [-4393.75,253.4,13968.0]
      ],
      "objLayer": 0,
      "props": []
    },
    "flt_tank_spot_58": {
      "type": "Point",
      "tm": [
        [-1.0,0.0,1.50996e-07],
        [0.0,1.0,0.0],
        [-1.50996e-07,0.0,-1.0],
        [-3943.8,48.65,8048.05]
      ],
      "objLayer": 0,
      "props": []
    },
    "flt_tank_spot_59": {
      "type": "Point",
      "tm": [
        [0.173648,0.0,0.984808],
        [0.0,1.0,0.0],
        [-0.984808,0.0,0.173648],
        [-3666.05,54.35,8044.35]
      ],
      "objLayer": 0,
      "props": []
    },
    "flt_tank_spot_60": {
      "type": "Point",
      "tm": [
        [7.54979e-08,0.0,1.0],
        [0.0,1.0,0.0],
        [-1.0,0.0,7.54979e-08],
        [-12723.4,232.2,6802.3]
      ],
      "objLayer": 0,
      "props": []
    },
    "flt_tank_spot_61": {
      "type": "Point",
      "tm": [
        [1.0,0.0,0.0],
        [0.0,1.0,0.0],
        [0.0,0.0,1.0],
        [-12531.4,233.3,6699.95]
      ],
      "objLayer": 0,
      "props": []
    },
    "flt_tank_spot_62": {
      "type": "Point",
      "tm": [
        [-0.793353,0.0,0.608761],
        [0.0,1.0,0.0],
        [-0.608761,0.0,-0.793353],
        [-12684.5,231.75,6845.75]
      ],
      "objLayer": 0,
      "props": []
    },
    "flt_tank_spot_63": {
      "type": "Point",
      "tm": [
        [-0.34202,0.0,0.939693],
        [0.0,1.0,0.0],
        [-0.939693,0.0,-0.34202],
        [-3370.7,213.65,3733.75]
      ],
      "objLayer": 0,
      "props": []
    },
    "flt_tank_spot_64": {
      "type": "Point",
      "tm": [
        [-0.965926,0.0,0.258819],
        [0.0,1.0,0.0],
        [-0.258819,0.0,-0.965926],
        [-3465.9,215.05,3681.7]
      ],
      "objLayer": 0,
      "props": []
    },
    "flt_tank_spot_65": {
      "type": "Point",
      "tm": [
        [1.0,0.0,0.0],
        [0.0,1.0,0.0],
        [0.0,0.0,1.0],
        [-9612.85,103.15,2307.6]
      ],
      "objLayer": 0,
      "props": []
    },
    "flt_tank_spot_66": {
      "type": "Point",
      "tm": [
        [-0.819152,0.0,-0.573576],
        [0.0,1.0,0.0],
        [0.573576,0.0,-0.819152],
        [-10046.0,108.95,1948.75]
      ],
      "objLayer": 0,
      "props": []
    },
    "flt_tank_spot_67": {
      "type": "Point",
      "tm": [
        [1.0,0.0,0.0],
        [0.0,1.0,0.0],
        [0.0,0.0,1.0],
        [-9870.0,107.75,1977.2]
      ],
      "objLayer": 0,
      "props": []
    },
    "flt_tank_spot_68": {
      "type": "Point",
      "tm": [
        [1.0,0.0,0.0],
        [0.0,1.0,0.0],
        [0.0,0.0,1.0],
        [-9479.75,100.0,2130.55]
      ],
      "objLayer": 0,
      "props": []
    },
    "flt_tank_spot_69": {
      "type": "Point",
      "tm": [
        [0.843391,0.0,0.5373],
        [0.0,1.0,0.0],
        [-0.5373,0.0,0.843391],
        [5506.95,128.05,-4396.8]
      ],
      "objLayer": 0,
      "props": []
    },
    "flt_tank_spot_70": {
      "type": "Point",
      "tm": [
        [-0.573576,0.0,0.819152],
        [0.0,1.0,0.0],
        [-0.819152,0.0,-0.573576],
        [5290.45,111.5,-4299.7]
      ],
      "objLayer": 0,
      "props": []
    },
    "flt_tank_spot_71": {
      "type": "Point",
      "tm": [
        [1.0,0.0,0.0],
        [0.0,1.0,0.0],
        [0.0,0.0,1.0],
        [-268.6,180.5,-21475.9]
      ],
      "objLayer": 0,
      "props": []
    },
    "flt_tank_spot_72": {
      "type": "Point",
      "tm": [
        [0.461749,0.0,0.887011],
        [0.0,1.0,0.0],
        [-0.887011,0.0,0.461749],
        [-390.25,174.05,-21268.6]
      ],
      "objLayer": 0,
      "props": []
    },
    "flt_tank_spot_73": {
      "type": "Point",
      "tm": [
        [1.0,0.0,0.0],
        [0.0,1.0,0.0],
        [0.0,0.0,1.0],
        [-3291.1,62.35,-12629.2]
      ],
      "objLayer": 0,
      "props": []
    },
    "flt_tank_spot_74": {
      "type": "Point",
      "tm": [
        [-0.766044,0.0,0.642788],
        [0.0,1.0,0.0],
        [-0.642788,0.0,-0.766044],
        [-3482.2,66.85,-12708.0]
      ],
      "objLayer": 0,
      "props": []
    },
    "flt_tank_spot_75": {
      "type": "Point",
      "tm": [
        [-0.984808,0.0,-0.173648],
        [0.0,1.0,0.0],
        [0.173648,0.0,-0.984808],
        [-3490.1,65.35,-13097.0]
      ],
      "objLayer": 0,
      "props": []
    },
    "flt_tank_spot_76": {
      "type": "Point",
      "tm": [
        [1.0,0.0,0.0],
        [0.0,1.0,0.0],
        [0.0,0.0,1.0],
        [-3266.3,58.6,-13145.5]
      ],
      "objLayer": 0,
      "props": []
    },
    "flt_tank_spot_78": {
      "type": "Point",
      "tm": [
        [-0.793353,0.0,-0.608761],
        [0.0,1.0,0.0],
        [0.608761,0.0,-0.793353],
        [-3912.1,69.55,-12500.5]
      ],
      "objLayer": 0,
      "props": []
    },
    "flt_tank_spot_79": {
      "type": "Point",
      "tm": [
        [0.461749,0.0,0.887011],
        [0.0,1.0,0.0],
        [-0.887011,0.0,0.461749],
        [-5386.75,361.9,-20011.8]
      ],
      "objLayer": 0,
      "props": []
    },
    "flt_tank_spot_80": {
      "type": "Point",
      "tm": [
        [-0.67559,0.0,-0.737277],
        [0.0,1.0,0.0],
        [0.737277,0.0,-0.67559],
        [-5470.2,357.85,-19729.1]
      ],
      "objLayer": 0,
      "props": []
    },
    "flt_tank_spot_81": {
      "type": "Point",
      "tm": [
        [0.737277,0.0,0.67559],
        [0.0,1.0,0.0],
        [-0.67559,0.0,0.737277],
        [3801.9,193.6,-25352.3]
      ],
      "objLayer": 0,
      "props": []
    },
    "flt_tank_spot_82": {
      "type": "Point",
      "tm": [
        [0.130526,0.0,0.991445],
        [0.0,1.0,0.0],
        [-0.991445,0.0,0.130526],
        [3915.6,194.0,-25436.5]
      ],
      "objLayer": 0,
      "props": []
    },
    "flt_tank_spot_83": {
      "type": "Point",
      "tm": [
        [0.130526,0.0,-0.991445],
        [0.0,1.0,0.0],
        [0.991445,0.0,0.130526],
        [10035.0,90.05,-26013.7]
      ],
      "objLayer": 0,
      "props": []
    },
    "flt_tank_spot_84": {
      "type": "Point",
      "tm": [
        [-0.991445,0.0,-0.130526],
        [0.0,1.0,0.0],
        [0.130526,0.0,-0.991445],
        [16073.7,205.0,-23028.1]
      ],
      "objLayer": 0,
      "props": []
    },
    "flt_tank_spot_85": {
      "type": "Point",
      "tm": [
        [1.0,0.0,0.0],
        [0.0,1.0,0.0],
        [0.0,0.0,1.0],
        [15976.7,201.0,-22944.7]
      ],
      "objLayer": 0,
      "props": []
    },
    "flt_tank_spot_86": {
      "type": "Point",
      "tm": [
        [1.0,0.0,0.0],
        [0.0,1.0,0.0],
        [0.0,0.0,1.0],
        [18641.7,106.65,-19768.7]
      ],
      "objLayer": 0,
      "props": []
    },
    "flt_tank_spot_87": {
      "type": "Point",
      "tm": [
        [1.0,0.0,0.0],
        [0.0,1.0,0.0],
        [0.0,0.0,1.0],
        [18737.5,71.65,-19499.8]
      ],
      "objLayer": 0,
      "props": []
    },
    "flt_tank_spot_88": {
      "type": "Point",
      "tm": [
        [1.0,0.0,0.0],
        [0.0,1.0,0.0],
        [0.0,0.0,1.0],
        [-8397.8,347.5,-19381.5]
      ],
      "objLayer": 0,
      "props": []
    },
    "flt_tank_spot_89": {
      "type": "Point",
      "tm": [
        [1.0,0.0,0.0],
        [0.0,1.0,0.0],
        [0.0,0.0,1.0],
        [-7764.0,41.65,-4169.25]
      ],
      "objLayer": 0,
      "props": []
    },
    "flt_tank_spot_90": {
      "type": "Point",
      "tm": [
        [-1.0,0.0,1.50996e-07],
        [0.0,1.0,0.0],
        [-1.50996e-07,0.0,-1.0],
        [-7329.6,55.55,-4423.55]
      ],
      "objLayer": 0,
      "props": []
    },
    "flt_tank_spot_91": {
      "type": "Point",
      "tm": [
        [0.5,0.0,-0.866025],
        [0.0,1.0,0.0],
        [0.866025,0.0,0.5],
        [6961.2,48.5,6789.9]
      ],
      "objLayer": 0,
      "props": []
    },
    "flt_tank_spot_92": {
      "type": "Point",
      "tm": [
        [0.21644,0.0,-0.976296],
        [0.0,1.0,0.0],
        [0.976296,0.0,0.21644],
        [6790.8,39.05,6745.85]
      ],
      "objLayer": 0,
      "props": []
    },
    "flt_tank_spot_93": {
      "type": "Point",
      "tm": [
        [7.54979e-08,0.0,1.0],
        [0.0,1.0,0.0],
        [-1.0,0.0,7.54979e-08],
        [15004.3,101.85,2309.4]
      ],
      "objLayer": 0,
      "props": []
    },
    "flt_tank_spot_95": {
      "type": "Point",
      "tm": [
        [0.92388,0.0,-0.382683],
        [0.0,1.0,0.0],
        [0.382683,0.0,0.92388],
        [22973.6,199.8,2900.55]
      ],
      "objLayer": 0,
      "props": []
    },
    "flt_tank_spot_94": {
      "type": "Point",
      "tm": [
        [-0.642788,0.0,-0.766044],
        [0.0,1.0,0.0],
        [0.766044,0.0,-0.642788],
        [23198.9,214.6,2815.4]
      ],
      "objLayer": 0,
      "props": []
    },
    "flt_tank_spot_96": {
      "type": "Point",
      "tm": [
        [1.0,0.0,0.0],
        [0.0,1.0,0.0],
        [0.0,0.0,1.0],
        [12472.0,14.8763,15135.9]
      ],
      "objLayer": 0,
      "props": []
    },
    "flt_tank_spot_97": {
      "type": "Point",
      "tm": [
        [-0.887011,0.0,0.461749],
        [0.0,1.0,0.0],
        [-0.461749,0.0,-0.887011],
        [-4379.05,72.9,23042.1]
      ],
      "objLayer": 0,
      "props": []
    },
    "flt_tank_spot_98": {
      "type": "Point",
      "tm": [
        [1.0,0.0,0.0],
        [0.0,1.0,0.0],
        [0.0,0.0,1.0],
        [-4463.9,73.9,23262.8]
      ],
      "objLayer": 0,
      "props": []
    },
    "flt_tank_spot_99": {
      "type": "Point",
      "tm": [
        [-0.34202,0.0,0.939693],
        [0.0,1.0,0.0],
        [-0.939693,0.0,-0.34202],
        [-12261.6,105.2,21976.1]
      ],
      "objLayer": 0,
      "props": []
    },
    "flt_tank_spot_100": {
      "type": "Point",
      "tm": [
        [-0.422618,0.0,-0.906308],
        [0.0,1.0,0.0],
        [0.906308,0.0,-0.422618],
        [-12637.5,99.1,22111.2]
      ],
      "objLayer": 0,
      "props": []
    },
    "flt_tank_spot_101": {
      "type": "Point",
      "tm": [
        [0.819152,0.0,-0.573576],
        [0.0,1.0,0.0],
        [0.573576,0.0,0.819152],
        [-18324.7,68.2,18280.7]
      ],
      "objLayer": 0,
      "props": []
    },
    "flt_tank_spot_102": {
      "type": "Point",
      "tm": [
        [1.0,0.0,0.0],
        [0.0,1.0,0.0],
        [0.0,0.0,1.0],
        [-21309.3,36.7,17856.2]
      ],
      "objLayer": 0,
      "props": []
    },
    "flt_tank_spot_103": {
      "type": "Point",
      "tm": [
        [1.0,0.0,0.0],
        [0.0,1.0,0.0],
        [0.0,0.0,1.0],
        [-21412.5,38.45,17921.9]
      ],
      "objLayer": 0,
      "props": []
    }
  },
  "objLayers": [
    {
      "layer": {
        "enabled": true
      }
    },
    {
      "layer": {
        "enabled": true
      }
    },
    {
      "layer": {
        "enabled": true
      }
    },
    {
      "layer": {
        "enabled": true
      }
    }
  ],
  "wayPoints": {
    "flt_tank_road_01": {
      "closed_waypoints": false,
      "way": {
        "flt_tank_road_01_wp_01": {
          "type": "normal",
          "tm": [
            [1.0,0.0,0.0],
            [0.0,1.0,0.0],
            [0.0,0.0,1.0],
            [-7672.25,162.55,11455.7]
          ],
          "props": {
            "speed": 30.0,
            "moveType": "GATHER_TO",
            "shouldKeepFormation": false
          }
        },
        "flt_tank_road_01_wp_02": {
          "type": "normal",
          "tm": [
            [1.0,0.0,0.0],
            [0.0,1.0,0.0],
            [0.0,0.0,1.0],
            [-8238.5,58.35,10635.3]
          ],
          "props": {
            "speed": 30.0,
            "moveType": "USE_SPLINES",
            "shouldKeepFormation": false
          }
        },
        "flt_tank_road_01_wp_03": {
          "type": "normal",
          "tm": [
            [1.0,0.0,0.0],
            [0.0,1.0,0.0],
            [0.0,0.0,1.0],
            [-8297.65,88.1,11207.5]
          ],
          "props": {
            "speed": 30.0,
            "moveType": "USE_SPLINES",
            "shouldKeepFormation": false
          }
        },
        "flt_tank_road_01_wp_04": {
          "type": "normal",
          "tm": [
            [1.0,0.0,0.0],
            [0.0,1.0,0.0],
            [0.0,0.0,1.0],
            [-8870.2,123.2,11420.0]
          ],
          "props": {
            "speed": 30.0,
            "moveType": "USE_SPLINES",
            "shouldKeepFormation": false
          }
        },
        "flt_tank_road_01_wp_05": {
          "type": "normal",
          "tm": [
            [1.0,0.0,0.0],
            [0.0,1.0,0.0],
            [0.0,0.0,1.0],
            [-11451.0,65.4,11399.6]
          ],
          "props": {
            "speed": 30.0,
            "moveType": "USE_SPLINES",
            "shouldKeepFormation": false
          }
        },
        "flt_tank_road_01_wp_06": {
          "type": "normal",
          "tm": [
            [1.0,0.0,0.0],
            [0.0,1.0,0.0],
            [0.0,0.0,1.0],
            [-11830.3,75.45,11180.0]
          ],
          "props": {
            "speed": 30.0,
            "moveType": "USE_SPLINES",
            "shouldKeepFormation": false
          }
        },
        "flt_tank_road_01_wp_07": {
          "type": "normal",
          "tm": [
            [1.0,0.0,0.0],
            [0.0,1.0,0.0],
            [0.0,0.0,1.0],
            [-11927.3,73.75,11211.2]
          ],
          "props": {
            "speed": 30.0,
            "moveType": "USE_SPLINES",
            "shouldKeepFormation": false
          }
        },
        "flt_tank_road_01_wp_08": {
          "type": "normal",
          "tm": [
            [1.0,0.0,0.0],
            [0.0,1.0,0.0],
            [0.0,0.0,1.0],
            [-11995.2,68.9,11159.0]
          ],
          "props": {
            "speed": 30.0,
            "moveType": "MOVETO_STRAIGHT",
            "shouldKeepFormation": false
          }
        }
      }
    },
    "flt_tank_road_02": {
      "closed_waypoints": false,
      "way": {
        "flt_tank_road_02_wp_01": {
          "type": "normal",
          "tm": [
            [1.0,0.0,0.0],
            [0.0,1.0,0.0],
            [0.0,0.0,1.0],
            [-7412.25,175.5,11474.0]
          ],
          "props": {
            "speed": 30.0,
            "moveType": "GATHER_TO",
            "shouldKeepFormation": false
          }
        },
        "flt_tank_road_02_wp_02": {
          "type": "normal",
          "tm": [
            [1.0,0.0,0.0],
            [0.0,1.0,0.0],
            [0.0,0.0,1.0],
            [-5729.5,196.05,11487.0]
          ],
          "props": {
            "speed": 30.0,
            "moveType": "USE_SPLINES",
            "shouldKeepFormation": false
          }
        },
        "flt_tank_road_02_wp_03": {
          "type": "normal",
          "tm": [
            [1.0,0.0,0.0],
            [0.0,1.0,0.0],
            [0.0,0.0,1.0],
            [-4487.95,264.3,13894.0]
          ],
          "props": {
            "speed": 30.0,
            "moveType": "USE_SPLINES",
            "shouldKeepFormation": false
          }
        },
        "flt_tank_road_02_wp_04": {
          "type": "normal",
          "tm": [
            [1.0,0.0,0.0],
            [0.0,1.0,0.0],
            [0.0,0.0,1.0],
            [-4418.25,261.8,13989.0]
          ],
          "props": {
            "speed": 30.0,
            "moveType": "MOVETO_STRAIGHT",
            "shouldKeepFormation": false
          }
        },
        "flt_tank_road_02_wp_05": {
          "type": "normal",
          "tm": [
            [1.0,0.0,0.0],
            [0.0,1.0,0.0],
            [0.0,0.0,1.0],
            [-4366.85,259.15,13978.8]
          ],
          "props": {
            "speed": 30.0,
            "moveType": "MOVETO_STRAIGHT",
            "shouldKeepFormation": false
          }
        }
      }
    },
    "flt_tank_road_03": {
      "closed_waypoints": false,
      "way": {
        "flt_tank_road_03_wp_01": {
          "type": "normal",
          "tm": [
            [1.0,0.0,0.0],
            [0.0,1.0,0.0],
            [0.0,0.0,1.0],
            [-10694.9,259.25,15254.8]
          ],
          "props": {
            "speed": 30.0,
            "moveType": "GATHER_TO",
            "shouldKeepFormation": false
          }
        },
        "flt_tank_road_03_wp_02": {
          "type": "normal",
          "tm": [
            [1.0,0.0,0.0],
            [0.0,1.0,0.0],
            [0.0,0.0,1.0],
            [-10691.2,244.35,14917.2]
          ],
          "props": {
            "speed": 30.0,
            "moveType": "USE_SPLINES",
            "shouldKeepFormation": false
          }
        },
        "flt_tank_road_03_wp_03": {
          "type": "normal",
          "tm": [
            [1.0,0.0,0.0],
            [0.0,1.0,0.0],
            [0.0,0.0,1.0],
            [-9412.4,107.1,11531.1]
          ],
          "props": {
            "speed": 30.0,
            "moveType": "USE_SPLINES",
            "shouldKeepFormation": false
          }
        },
        "flt_tank_road_03_wp_04": {
          "type": "normal",
          "tm": [
            [1.0,0.0,0.0],
            [0.0,1.0,0.0],
            [0.0,0.0,1.0],
            [-8905.65,122.75,11429.6]
          ],
          "props": {
            "speed": 30.0,
            "moveType": "USE_SPLINES",
            "shouldKeepFormation": false
          }
        },
        "flt_tank_road_03_wp_05": {
          "type": "normal",
          "tm": [
            [1.0,0.0,0.0],
            [0.0,1.0,0.0],
            [0.0,0.0,1.0],
            [-8311.0,89.15,11215.7]
          ],
          "props": {
            "speed": 30.0,
            "moveType": "USE_SPLINES",
            "shouldKeepFormation": false
          }
        },
        "flt_tank_road_03_wp_06": {
          "type": "normal",
          "tm": [
            [1.0,0.0,0.0],
            [0.0,1.0,0.0],
            [0.0,0.0,1.0],
            [-8257.25,58.75,10643.5]
          ],
          "props": {
            "speed": 30.0,
            "moveType": "USE_SPLINES",
            "shouldKeepFormation": false
          }
        },
        "flt_tank_road_03_wp_07": {
          "type": "normal",
          "tm": [
            [1.0,0.0,0.0],
            [0.0,1.0,0.0],
            [0.0,0.0,1.0],
            [-7782.75,140.0,11380.1]
          ],
          "props": {
            "speed": 30.0,
            "moveType": "USE_SPLINES",
            "shouldKeepFormation": false
          }
        },
        "flt_tank_road_03_wp_08": {
          "type": "normal",
          "tm": [
            [1.0,0.0,0.0],
            [0.0,1.0,0.0],
            [0.0,0.0,1.0],
            [-7584.15,141.45,11319.7]
          ],
          "props": {
            "speed": 30.0,
            "moveType": "MOVETO_STRAIGHT",
            "shouldKeepFormation": false
          }
        },
        "flt_tank_road_03_wp_09": {
          "type": "normal",
          "tm": [
            [1.0,0.0,0.0],
            [0.0,1.0,0.0],
            [0.0,0.0,1.0],
            [-7481.5,150.0,11349.7]
          ],
          "props": {
            "speed": 30.0,
            "moveType": "MOVETO_STRAIGHT",
            "shouldKeepFormation": false
          }
        }
      }
    },
    "flt_tank_road_04": {
      "closed_waypoints": false,
      "way": {
        "flt_tank_road_04_wp_01": {
          "type": "normal",
          "tm": [
            [1.0,0.0,0.0],
            [0.0,1.0,0.0],
            [0.0,0.0,1.0],
            [-10897.2,251.35,15108.9]
          ],
          "props": {
            "speed": 30.0,
            "moveType": "GATHER_TO",
            "shouldKeepFormation": false
          }
        },
        "flt_tank_road_04_wp_02": {
          "type": "normal",
          "tm": [
            [1.0,0.0,0.0],
            [0.0,1.0,0.0],
            [0.0,0.0,1.0],
            [-10939.3,250.65,15262.1]
          ],
          "props": {
            "speed": 30.0,
            "moveType": "USE_SPLINES",
            "shouldKeepFormation": false
          }
        },
        "flt_tank_road_04_wp_03": {
          "type": "normal",
          "tm": [
            [1.0,0.0,0.0],
            [0.0,1.0,0.0],
            [0.0,0.0,1.0],
            [-11454.2,66.8,11414.4]
          ],
          "props": {
            "speed": 30.0,
            "moveType": "USE_SPLINES",
            "shouldKeepFormation": false
          }
        },
        "flt_tank_road_04_wp_04": {
          "type": "normal",
          "tm": [
            [1.0,0.0,0.0],
            [0.0,1.0,0.0],
            [0.0,0.0,1.0],
            [-11829.3,75.85,11189.4]
          ],
          "props": {
            "speed": 30.0,
            "moveType": "USE_SPLINES",
            "shouldKeepFormation": false
          }
        },
        "flt_tank_road_04_wp_05": {
          "type": "normal",
          "tm": [
            [1.0,0.0,0.0],
            [0.0,1.0,0.0],
            [0.0,0.0,1.0],
            [-11930.8,74.1,11217.9]
          ],
          "props": {
            "speed": 30.0,
            "moveType": "USE_SPLINES",
            "shouldKeepFormation": false
          }
        },
        "flt_tank_road_04_wp_06": {
          "type": "normal",
          "tm": [
            [1.0,0.0,0.0],
            [0.0,1.0,0.0],
            [0.0,0.0,1.0],
            [-11957.3,68.9,11145.9]
          ],
          "props": {
            "speed": 30.0,
            "moveType": "MOVETO_STRAIGHT",
            "shouldKeepFormation": false
          }
        }
      }
    },
    "flt_tank_road_05": {
      "closed_waypoints": false,
      "way": {
        "flt_tank_road_05_wp_01": {
          "type": "normal",
          "tm": [
            [1.0,0.0,0.0],
            [0.0,1.0,0.0],
            [0.0,0.0,1.0],
            [-12110.2,56.2,10941.8]
          ],
          "props": {
            "speed": 30.0,
            "moveType": "GATHER_TO",
            "shouldKeepFormation": false
          }
        },
        "flt_tank_road_05_wp_02": {
          "type": "normal",
          "tm": [
            [1.0,0.0,0.0],
            [0.0,1.0,0.0],
            [0.0,0.0,1.0],
            [-12501.5,21.45,10725.3]
          ],
          "props": {
            "speed": 30.0,
            "moveType": "USE_SPLINES",
            "shouldKeepFormation": false
          }
        },
        "flt_tank_road_05_wp_03": {
          "type": "normal",
          "tm": [
            [1.0,0.0,0.0],
            [0.0,1.0,0.0],
            [0.0,0.0,1.0],
            [-16839.8,41.0,12115.2]
          ],
          "props": {
            "speed": 30.0,
            "moveType": "USE_SPLINES",
            "shouldKeepFormation": false
          }
        },
        "flt_tank_road_05_wp_04": {
          "type": "normal",
          "tm": [
            [1.0,0.0,0.0],
            [0.0,1.0,0.0],
            [0.0,0.0,1.0],
            [-19253.5,22.9,14704.6]
          ],
          "props": {
            "speed": 30.0,
            "moveType": "USE_SPLINES",
            "shouldKeepFormation": false
          }
        },
        "flt_tank_road_05_wp_05": {
          "type": "normal",
          "tm": [
            [1.0,0.0,0.0],
            [0.0,1.0,0.0],
            [0.0,0.0,1.0],
            [-17238.2,65.5,21005.9]
          ],
          "props": {
            "speed": 30.0,
            "moveType": "USE_SPLINES",
            "shouldKeepFormation": false
          }
        },
        "flt_tank_road_05_wp_06": {
          "type": "normal",
          "tm": [
            [1.0,0.0,0.0],
            [0.0,1.0,0.0],
            [0.0,0.0,1.0],
            [-11772.7,115.8,22213.3]
          ],
          "props": {
            "speed": 30.0,
            "moveType": "USE_SPLINES",
            "shouldKeepFormation": false
          }
        },
        "flt_tank_road_05_wp_07": {
          "type": "normal",
          "tm": [
            [1.0,0.0,0.0],
            [0.0,1.0,0.0],
            [0.0,0.0,1.0],
            [-10649.4,252.1,15736.5]
          ],
          "props": {
            "speed": 30.0,
            "moveType": "USE_SPLINES",
            "shouldKeepFormation": false
          }
        },
        "flt_tank_road_05_wp_08": {
          "type": "normal",
          "tm": [
            [1.0,0.0,0.0],
            [0.0,1.0,0.0],
            [0.0,0.0,1.0],
            [-10901.6,245.55,15464.3]
          ],
          "props": {
            "speed": 30.0,
            "moveType": "USE_SPLINES",
            "shouldKeepFormation": false
          }
        },
        "flt_tank_road_05_wp_09": {
          "type": "normal",
          "tm": [
            [1.0,0.0,0.0],
            [0.0,1.0,0.0],
            [0.0,0.0,1.0],
            [-10801.8,249.05,15335.0]
          ],
          "props": {
            "speed": 30.0,
            "moveType": "MOVETO_STRAIGHT",
            "shouldKeepFormation": false
          }
        }
      }
    },
    "flt_tank_road_06": {
      "closed_waypoints": false,
      "way": {
        "flt_tank_road_06_wp_01": {
          "type": "normal",
          "tm": [
            [1.0,0.0,0.0],
            [0.0,1.0,0.0],
            [0.0,0.0,1.0],
            [-11943.0,73.45,11212.2]
          ],
          "props": {
            "speed": 30.0,
            "moveType": "GATHER_TO",
            "shouldKeepFormation": false
          }
        },
        "flt_tank_road_06_wp_02": {
          "type": "normal",
          "tm": [
            [1.0,0.0,0.0],
            [0.0,1.0,0.0],
