{
  "selected_tag": "",
  "bin_dump_file": "",
  "mission_settings": {
    "player": {
      "army": 1
    },
    "player_teamB": {
      "army": 2
    },
    "mission": {
      "type": "domination",
      "level": "levels/air_israel.bin",
      "environment": "Day",
      "weather": "hazy"
    }
  },
  "imports": {},
  "triggers": {
    "isCategory": true,
    "is_enabled": true,
    "static_units_rank_02_init": {
      "is_enabled": true,
      "comments": "",
      "props": {
        "actionsType": "PERFORM_ONE_BY_ONE",
        "conditionsType": "ALL",
        "enableAfterComplete": false
      },
      "events": {
        "initMission": {}
      },
      "conditions": {},
      "actions": {
        "comment": [
          {
            "value": "static units"
          },
          {
            "value": "static aaa"
          },
          {
            "value": ""
          }
        ],
        "unitSetProperties": [
          {
            "object": [
              "t1_artillery_squad",
              "t1_bunkers_squad",
              "t2_artillery_squad",
              "t2_bunkers_squad"
            ],
            "accuracy": 0.1,
            "checkVisibilityTarget": false
          },
          {
            "object": [
              "t1_aaa_squad",
              "t2_aaa_squad"
            ],
            "targetGnd": false,
            "accuracy": 0.1,
            "airAccuracy": 0.1,
            "fireRandom": true,
            "targetChangeInterval": 5.0,
            "targetChangeProb": 0.25,
            "DelayAfterShoot": 3.0
          }
        ]
      },
      "else_actions": {}
    }
  },
  "mission_objectives": {
    "isCategory": true,
    "is_enabled": true
  },
  "variables": {},
  "dialogs": {},
  "airfields": {},
  "effects": {},
  "units": {
    "objectGroups": [
      {
        "name": "t1_trench_rank_02_01",
        "tm": [
          [
            0.979535,
            0.0399018,
            0.197284
          ],
          [
            -0.0350039,
            0.998988,
            -0.0282498
          ],
          [
            -0.198212,
            0.0207658,
            0.979939
          ],
          [
            -1078.1,
            550.3,
            -8900.8
          ]
        ],
        "unit_class": "dynTrench_small_bunker_axis",
        "objLayer": 2,
        "props": {
          "army": 1,
          "active": true
        }
      },
      {
        "name": "t1_trench_rank_02_02",
        "tm": [
          [
            0.999503,
            0.000597516,
            -0.0315512
          ],
          [
            0.00104481,
            0.998648,
            0.0519682
          ],
          [
            0.0315392,
            -0.0519762,
            0.998151
          ],
          [
            3502.71,
            528.6,
            -9156.62
          ]
        ],
        "unit_class": "dynTrench_small_bunker_axis",
        "objLayer": 2,
        "props": {
          "army": 1,
          "active": true
        }
      },
      {
        "name": "t1_trench_rank_02_03",
        "tm": [
          [
            0.98286,
            -0.0249295,
            -0.182661
          ],
          [
            0.0101223,
            0.996618,
            -0.0815505
          ],
          [
            0.184077,
            0.0783033,
            0.979787
          ],
          [
            -2222.6,
            503.15,
            -8751.6
          ]
        ],
        "unit_class": "dynTrench_small_bunker_axis",
        "objLayer": 2,
        "props": {
          "army": 1,
          "active": true
        }
      },
      {
        "name": "t1_trench_rank_02_04",
        "tm": [
          [
            0.983814,
            -0.0130329,
            0.178717
          ],
          [
            0.0121116,
            0.999906,
            0.00624391
          ],
          [
            -0.178781,
            -0.00397793,
            0.983882
          ],
          [
            4733.15,
            519.3,
            -9304.25
          ]
        ],
        "unit_class": "dynTrench_small_bunker_axis",
        "objLayer": 2,
        "props": {
          "army": 1,
          "active": true
        }
      },
      {
        "name": "t1_trench_rank_02_05",
        "tm": [
          [
            0.990897,
            -0.0280816,
            -0.131661
          ],
          [
            0.0253266,
            0.999424,
            -0.0225484
          ],
          [
            0.132218,
            0.0190087,
            0.991039
          ],
          [
            -3661.9,
            539.3,
            -8737.25
          ]
        ],
        "unit_class": "dynTrench_small_bunker_axis",
        "objLayer": 2,
        "props": {
          "army": 1,
          "active": true
        }
      },
      {
        "name": "t1_trench_rank_02_06",
        "tm": [
          [
            0.999706,
            -0.0170247,
            -0.0173065
          ],
          [
            0.0163959,
            0.999223,
            -0.0358454
          ],
          [
            0.0179036,
            0.0355509,
            0.999207
          ],
          [
            806.2,
            538.35,
            -8960.55
          ]
        ],
        "unit_class": "dynTrench_small_bunker_axis",
        "objLayer": 2,
        "props": {
          "army": 1,
          "active": true
        }
      },
      {
        "name": "t1_trench_rank_02_07",
        "tm": [
          [
            0.998431,
            0.0405682,
            0.038608
          ],
          [
            -0.0401772,
            0.999134,
            -0.0108727
          ],
          [
            -0.039016,
            0.00930475,
            0.999196
          ],
          [
            2232.35,
            539.2,
            -9002.25
          ]
        ],
        "unit_class": "dynTrench_small_bunker_axis",
        "objLayer": 2,
        "props": {
          "army": 1,
          "active": true
        }
      },
      {
        "name": "t1_trench_rank_02_08",
        "tm": [
          [
            0.928455,
            0.0125907,
            -0.371231
          ],
          [
            0.0125107,
            0.997798,
            0.0651314
          ],
          [
            0.371234,
            -0.0651167,
            0.926253
          ],
          [
            -4967.75,
            517.85,
            -8639.05
          ]
        ],
        "unit_class": "dynTrench_small_bunker_axis",
        "objLayer": 2,
        "props": {
          "army": 1,
          "active": true
        }
      },
      {
        "name": "t2_trench_rank_02_01",
        "tm": [
          [
            -0.998819,
            0.0485932,
            0.00086642
          ],
          [
            0.0482284,
            0.993211,
            -0.10586
          ],
          [
            -0.00600465,
            -0.105693,
            -0.994383
          ],
          [
            -2169.26,
            535.537,
            -6863.9
          ]
        ],
        "unit_class": "dynTrench_small_bunker_axis",
        "objLayer": 2,
        "props": {
          "army": 2,
          "active": true
        }
      },
      {
        "name": "t2_trench_rank_02_02",
        "tm": [
          [
            -0.999951,
            0.00990264,
            0.000394235
          ],
          [
            0.00988922,
            0.999615,
            -0.025947
          ],
          [
            -0.000651883,
            -0.0259418,
            -0.999664
          ],
          [
            -1093.23,
            541.283,
            -7007.03
          ]
        ],
        "unit_class": "dynTrench_small_bunker_axis",
        "objLayer": 2,
        "props": {
          "army": 2,
          "active": true
        }
      },
      {
        "name": "t2_trench_rank_02_03",
        "tm": [
          [
            -0.990349,
            0.00301848,
            0.138561
          ],
          [
            0.00272134,
            0.999994,
            -0.00233321
          ],
          [
            -0.138567,
            -0.00193362,
            -0.990352
          ],
          [
            3704.1,
            494.793,
            -7399.34
          ]
        ],
        "unit_class": "dynTrench_small_bunker_axis",
        "objLayer": 2,
        "props": {
          "army": 2,
          "active": true
        }
      },
      {
        "name": "t2_trench_rank_02_04",
        "tm": [
          [
            -0.999844,
            -0.0175867,
            -0.00119953
          ],
          [
            -0.0174456,
            0.996977,
            -0.0756986
          ],
          [
            0.00252762,
            -0.0756663,
            -0.997131
          ],
          [
            -3266.95,
            552.169,
            -6835.47
          ]
        ],
        "unit_class": "dynTrench_small_bunker_axis",
        "objLayer": 2,
        "props": {
          "army": 2,
          "active": true
        }
      },
      {
        "name": "t2_trench_rank_02_05",
        "tm": [
          [
            -0.940865,
            0.0136761,
            0.338507
          ],
          [
            0.0138757,
            0.999902,
            -0.00183067
          ],
          [
            -0.3385,
            0.00297461,
            -0.940961
          ],
          [
            4782.15,
            484.2,
            -7500.4
          ]
        ],
        "unit_class": "dynTrench_small_bunker_axis",
        "objLayer": 2,
        "props": {
          "army": 2,
          "active": true
        }
      },
      {
        "name": "t2_trench_rank_02_06",
        "tm": [
          [
            -0.978487,
            0.0993985,
            -0.180779
          ],
          [
            0.148454,
            0.94773,
            -0.28243
          ],
          [
            0.143255,
            -0.303192,
            -0.9421
          ],
          [
            -4674.85,
            518.5,
            -6710.8
          ]
        ],
        "unit_class": "dynTrench_small_bunker_axis",
        "objLayer": 2,
        "props": {
          "army": 2,
          "active": true
        }
      },
      {
        "name": "t2_trench_rank_02_07",
        "tm": [
          [
            -0.978492,
            -0.021076,
            0.205208
          ],
          [
            -0.0185196,
            0.999724,
            0.0143723
          ],
          [
            -0.205454,
            0.0102627,
            -0.978612
          ],
          [
            2445.86,
            537.684,
            -7259.02
          ]
        ],
        "unit_class": "dynTrench_small_bunker_axis",
        "objLayer": 2,
        "props": {
          "army": 2,
          "active": true
        }
      },
      {
        "name": "t2_trench_rank_02_08",
        "tm": [
          [
            -0.999834,
            -0.00104564,
            0.0181935
          ],
          [
            -0.000414133,
            0.999396,
            0.034734
          ],
          [
            -0.0182197,
            0.0347208,
            -0.999233
          ],
          [
            802.29,
            485.281,
            -7115.38
          ]
        ],
        "unit_class": "dynTrench_small_bunker_axis",
        "objLayer": 2,
        "props": {
          "army": 2,
          "active": true
        }
      }
    ],
    "structures": [
      {
        "name": "t1_bunker_01",
        "tm": [
          [
            -0.340126,
            0.0146715,
            0.940266
          ],
          [
            -0.0350039,
            0.998988,
            -0.0282498
          ],
          [
            -0.939727,
            -0.042521,
            -0.339268
          ],
          [
            -1069.81,
            563.484,
            -8889.59
          ]
        ],
        "unit_class": "ussr_quest_large_art_noground",
        "objLayer": 1,
        "closed_waypoints": false,
        "isShipSpline": false,
        "shipTurnRadius": 100.0,
        "weapons": "",
        "bullets0": "",
        "bullets1": "",
        "bullets2": "",
        "bullets3": "",
        "bulletsCount0": 0,
        "bulletsCount1": 0,
        "bulletsCount2": 0,
        "bulletsCount3": 0,
        "crewSkillK": 0.0,
        "applyAllMods": false,
        "props": {
          "army": 1,
          "count": 1,
          "formation_type": "rows",
          "formation_div": 3,
          "formation_step": [
            2.5,
            2.0
          ],
          "formation_noise": [
            0.1,
            0.1
          ]
        },
        "way": {}
      },
      {
        "name": "t1_art_01",
        "tm": [
          [
            -0.340126,
            0.0146715,
            0.940266
          ],
          [
            -0.0350039,
            0.998988,
            -0.0282498
          ],
          [
            -0.939727,
            -0.042521,
            -0.339268
          ],
          [
            -1159.21,
            555.85,
            -8920.16
          ]
        ],
        "unit_class": "ussr_quest_large_art_noground",
        "objLayer": 1,
        "closed_waypoints": false,
        "isShipSpline": false,
        "shipTurnRadius": 100.0,
        "weapons": "",
        "bullets0": "",
        "bullets1": "",
        "bullets2": "",
        "bullets3": "",
        "bulletsCount0": 0,
        "bulletsCount1": 0,
        "bulletsCount2": 0,
        "bulletsCount3": 0,
        "crewSkillK": 0.0,
        "applyAllMods": false,
        "props": {
          "army": 1,
          "count": 1,
          "formation_type": "rows",
          "formation_div": 3,
          "formation_step": [
            2.5,
            2.0
          ],
          "formation_noise": [
            0.1,
            0.1
          ]
        },
        "way": {}
      },
      {
        "name": "t1_art_02",
        "tm": [
          [
            -0.340126,
            0.0146715,
            0.940266
          ],
          [
            -0.0350039,
            0.998988,
            -0.0282498
          ],
          [
            -0.939727,
            -0.042521,
            -0.339268
          ],
          [
            -1002.88,
            559.677,
            -8856.69
          ]
        ],
        "unit_class": "ussr_quest_large_art_noground",
        "objLayer": 1,
        "closed_waypoints": false,
        "isShipSpline": false,
        "shipTurnRadius": 100.0,
        "weapons": "",
        "bullets0": "",
        "bullets1": "",
        "bullets2": "",
        "bullets3": "",
        "bulletsCount0": 0,
        "bulletsCount1": 0,
        "bulletsCount2": 0,
        "bulletsCount3": 0,
        "crewSkillK": 0.0,
        "applyAllMods": false,
        "props": {
          "army": 1,
          "count": 1,
          "formation_type": "rows",
          "formation_div": 3,
          "formation_step": [
            2.5,
            2.0
          ],
          "formation_noise": [
            0.1,
            0.1
          ]
        },
        "way": {}
      },
      {
        "name": "t1_bunker_02",
        "tm": [
          [
            -0.115812,
            -0.0514989,
            0.991936
          ],
          [
            0.00104481,
            0.998648,
            0.0519682
          ],
          [
            -0.993271,
            0.00705373,
            -0.115601
          ],
          [
            3513.97,
            540.657,
            -9146.77
          ]
        ],
        "unit_class": "ussr_quest_large_art_noground",
        "objLayer": 1,
        "closed_waypoints": false,
        "isShipSpline": false,
        "shipTurnRadius": 100.0,
        "weapons": "",
        "bullets0": "",
        "bullets1": "",
        "bullets2": "",
        "bullets3": "",
        "bulletsCount0": 0,
        "bulletsCount1": 0,
        "bulletsCount2": 0,
        "bulletsCount3": 0,
        "crewSkillK": 0.0,
        "applyAllMods": false,
        "props": {
          "army": 1,
          "count": 1,
          "formation_type": "rows",
          "formation_div": 3,
          "formation_step": [
            2.5,
            2.0
          ],
          "formation_noise": [
            0.1,
            0.1
          ]
        },
        "way": {}
      },
      {
        "name": "t1_art_03",
        "tm": [
          [
            -0.115812,
            -0.0514989,
            0.991936
          ],
          [
            0.00104481,
            0.998648,
            0.0519682
          ],
          [
            -0.993271,
            0.00705373,
            -0.115601
          ],
          [
            3419.66,
            537.615,
            -9156.31
          ]
        ],
        "unit_class": "ussr_quest_large_art_noground",
        "objLayer": 1,
        "closed_waypoints": false,
        "isShipSpline": false,
        "shipTurnRadius": 100.0,
        "weapons": "",
        "bullets0": "",
        "bullets1": "",
        "bullets2": "",
        "bullets3": "",
        "bulletsCount0": 0,
        "bulletsCount1": 0,
        "bulletsCount2": 0,
        "bulletsCount3": 0,
        "crewSkillK": 0.0,
        "applyAllMods": false,
        "props": {
          "army": 1,
          "count": 1,
          "formation_type": "rows",
          "formation_div": 3,
          "formation_step": [
            2.5,
            2.0
          ],
          "formation_noise": [
            0.1,
            0.1
          ]
        },
        "way": {}
      },
      {
        "name": "t1_art_04",
        "tm": [
          [
            -0.115812,
            -0.0514989,
            0.991936
          ],
          [
            0.00104481,
            0.998648,
            0.0519682
          ],
          [
            -0.993271,
            0.00705373,
            -0.115601
          ],
          [
            3586.42,
            532.65,
            -9130.51
          ]
        ],
        "unit_class": "ussr_quest_large_art_noground",
        "objLayer": 1,
        "closed_waypoints": false,
        "isShipSpline": false,
        "shipTurnRadius": 100.0,
        "weapons": "",
        "bullets0": "",
        "bullets1": "",
        "bullets2": "",
        "bullets3": "",
        "bulletsCount0": 0,
        "bulletsCount1": 0,
        "bulletsCount2": 0,
        "bulletsCount3": 0,
        "crewSkillK": 0.0,
        "applyAllMods": false,
        "props": {
          "army": 1,
          "count": 1,
          "formation_type": "rows",
          "formation_div": 3,
          "formation_step": [
            2.5,
            2.0
          ],
          "formation_noise": [
            0.1,
            0.1
          ]
        },
        "way": {}
      },
      {
        "name": "t1_bunker_03",
        "tm": [
          [
            0.0375154,
            0.0811185,
            0.995999
          ],
          [
            0.0101223,
            0.996618,
            -0.0815505
          ],
          [
            -0.999244,
            0.0131417,
            0.0365677
          ],
          [
            -2210.03,
            516.16,
            -8745.19
          ]
        ],
        "unit_class": "ussr_quest_large_art_noground",
        "objLayer": 1,
        "closed_waypoints": false,
        "isShipSpline": false,
        "shipTurnRadius": 100.0,
        "weapons": "",
        "bullets0": "",
        "bullets1": "",
        "bullets2": "",
        "bullets3": "",
        "bulletsCount0": 0,
        "bulletsCount1": 0,
        "bulletsCount2": 0,
        "bulletsCount3": 0,
        "crewSkillK": 0.0,
        "applyAllMods": false,
        "props": {
          "army": 1,
          "count": 1,
          "formation_type": "rows",
          "formation_div": 3,
          "formation_step": [
            2.5,
            2.0
          ],
          "formation_noise": [
            0.1,
            0.1
          ]
        },
        "way": {}
      },
      {
        "name": "t1_art_05",
        "tm": [
          [
            0.0375154,
            0.0811185,
            0.995999
          ],
          [
            0.0101223,
            0.996618,
            -0.0815505
          ],
          [
            -0.999244,
            0.0131417,
            0.0365677
          ],
          [
            -2304.59,
            513.901,
            -8739.92
          ]
        ],
        "unit_class": "ussr_quest_large_art_noground",
        "objLayer": 1,
        "closed_waypoints": false,
        "isShipSpline": false,
        "shipTurnRadius": 100.0,
        "weapons": "",
        "bullets0": "",
        "bullets1": "",
        "bullets2": "",
        "bullets3": "",
        "bulletsCount0": 0,
        "bulletsCount1": 0,
        "bulletsCount2": 0,
        "bulletsCount3": 0,
        "crewSkillK": 0.0,
        "applyAllMods": false,
        "props": {
          "army": 1,
          "count": 1,
          "formation_type": "rows",
          "formation_div": 3,
          "formation_step": [
            2.5,
            2.0
          ],
          "formation_noise": [
            0.1,
            0.1
          ]
        },
        "way": {}
      },
      {
        "name": "t1_art_06",
        "tm": [
          [
            0.0375154,
            0.0811185,
            0.995999
          ],
          [
            0.0101223,
            0.996618,
            -0.0815505
          ],
          [
            -0.999244,
            0.0131417,
            0.0365677
          ],
          [
            -2135.91,
            508.783,
            -8739.27
          ]
        ],
        "unit_class": "ussr_quest_large_art_noground",
        "objLayer": 1,
        "closed_waypoints": false,
        "isShipSpline": false,
        "shipTurnRadius": 100.0,
        "weapons": "",
        "bullets0": "",
        "bullets1": "",
        "bullets2": "",
        "bullets3": "",
        "bulletsCount0": 0,
        "bulletsCount1": 0,
        "bulletsCount2": 0,
        "bulletsCount3": 0,
        "crewSkillK": 0.0,
        "applyAllMods": false,
        "props": {
          "army": 1,
          "count": 1,
          "formation_type": "rows",
          "formation_div": 3,
          "formation_step": [
            2.5,
            2.0
          ],
          "formation_noise": [
            0.1,
            0.1
          ]
        },
        "way": {}
      },
      {
        "name": "t1_bunker_04",
        "tm": [
          [
            -0.321535,
            -0.00201815,
            0.946895
          ],
          [
            0.0121116,
            0.999906,
            0.00624391
          ],
          [
            -0.946819,
            0.0134762,
            -0.321482
          ],
          [
            4742.42,
            531.682,
            -9292.87
          ]
        ],
        "unit_class": "ussr_quest_large_art_noground",
        "objLayer": 1,
        "closed_waypoints": false,
        "isShipSpline": false,
        "shipTurnRadius": 100.0,
        "weapons": "",
        "bullets0": "",
        "bullets1": "",
        "bullets2": "",
        "bullets3": "",
        "bulletsCount0": 0,
        "bulletsCount1": 0,
        "bulletsCount2": 0,
        "bulletsCount3": 0,
        "crewSkillK": 0.0,
        "applyAllMods": false,
        "props": {
          "army": 1,
          "count": 1,
          "formation_type": "rows",
          "formation_div": 3,
          "formation_step": [
            2.5,
            2.0
          ],
          "formation_noise": [
            0.1,
            0.1
          ]
        },
        "way": {}
      },
      {
        "name": "t1_art_07",
        "tm": [
          [
            -0.321535,
            -0.00201815,
            0.946895
          ],
          [
            0.0121116,
            0.999906,
            0.00624391
          ],
          [
            -0.946819,
            0.0134762,
            -0.321482
          ],
          [
            4652.05,
            529.324,
            -9321.8
          ]
        ],
        "unit_class": "ussr_quest_large_art_noground",
        "objLayer": 1,
        "closed_waypoints": false,
        "isShipSpline": false,
        "shipTurnRadius": 100.0,
        "weapons": "",
        "bullets0": "",
        "bullets1": "",
        "bullets2": "",
        "bullets3": "",
        "bulletsCount0": 0,
        "bulletsCount1": 0,
        "bulletsCount2": 0,
        "bulletsCount3": 0,
        "crewSkillK": 0.0,
        "applyAllMods": false,
        "props": {
          "army": 1,
          "count": 1,
          "formation_type": "rows",
          "formation_div": 3,
          "formation_step": [
            2.5,
            2.0
          ],
          "formation_noise": [
            0.1,
            0.1
          ]
        },
        "way": {}
      },
      {
        "name": "t1_art_08",
        "tm": [
          [
            -0.321535,
            -0.00201815,
            0.946895
          ],
          [
            0.0121116,
            0.999906,
            0.00624391
          ],
          [
            -0.946819,
            0.0134762,
            -0.321482
          ],
          [
            4809.6,
            523.591,
            -9261.4
          ]
        ],
        "unit_class": "ussr_quest_large_art_noground",
        "objLayer": 1,
        "closed_waypoints": false,
        "isShipSpline": false,
        "shipTurnRadius": 100.0,
        "weapons": "",
        "bullets0": "",
        "bullets1": "",
        "bullets2": "",
        "bullets3": "",
        "bulletsCount0": 0,
        "bulletsCount1": 0,
        "bulletsCount2": 0,
        "bulletsCount3": 0,
        "crewSkillK": 0.0,
        "applyAllMods": false,
        "props": {
          "army": 1,
          "count": 1,
          "formation_type": "rows",
          "formation_div": 3,
          "formation_step": [
            2.5,
            2.0
          ],
          "formation_noise": [
            0.1,
            0.1
          ]
        },
        "way": {}
      },
      {
        "name": "t1_bunker_05",
        "tm": [
          [
            -0.0149629,
            0.0229321,
            0.999626
          ],
          [
            0.0253266,
            0.999424,
            -0.0225484
          ],
          [
            -0.999568,
            0.0249801,
            -0.0155316
          ],
          [
            -3649.45,
            551.726,
            -8729.52
          ]
        ],
        "unit_class": "ussr_quest_large_art_noground",
        "objLayer": 1,
        "closed_waypoints": false,
        "isShipSpline": false,
        "shipTurnRadius": 100.0,
        "weapons": "",
        "bullets0": "",
        "bullets1": "",
        "bullets2": "",
        "bullets3": "",
        "bulletsCount0": 0,
        "bulletsCount1": 0,
        "bulletsCount2": 0,
        "bulletsCount3": 0,
        "crewSkillK": 0.0,
        "applyAllMods": false,
        "props": {
          "army": 1,
          "count": 1,
          "formation_type": "rows",
          "formation_div": 3,
          "formation_step": [
            2.5,
            2.0
          ],
          "formation_noise": [
            0.1,
            0.1
          ]
        },
        "way": {}
      },
      {
        "name": "t1_art_09",
        "tm": [
          [
            -0.0149629,
            0.0229321,
            0.999626
          ],
          [
            0.0253266,
            0.999424,
            -0.0225484
          ],
          [
            -0.999568,
            0.0249801,
            -0.0155316
          ],
          [
            -3744.28,
            550.496,
            -8729.26
          ]
        ],
        "unit_class": "ussr_quest_large_art_noground",
        "objLayer": 1,
        "closed_waypoints": false,
        "isShipSpline": false,
        "shipTurnRadius": 100.0,
        "weapons": "",
        "bullets0": "",
        "bullets1": "",
        "bullets2": "",
        "bullets3": "",
        "bulletsCount0": 0,
        "bulletsCount1": 0,
        "bulletsCount2": 0,
        "bulletsCount3": 0,
        "crewSkillK": 0.0,
        "applyAllMods": false,
        "props": {
          "army": 1,
          "count": 1,
          "formation_type": "rows",
          "formation_div": 3,
          "formation_step": [
            2.5,
            2.0
          ],
          "formation_noise": [
            0.1,
            0.1
          ]
        },
        "way": {}
      },
      {
        "name": "t1_art_10",
        "tm": [
          [
            -0.0149629,
            0.0229321,
            0.999626
          ],
          [
            0.0253266,
            0.999424,
            -0.0225484
          ],
          [
            -0.999568,
            0.0249801,
            -0.0155316
          ],
          [
            -3575.84,
            543.0,
            -8720.06
          ]
        ],
        "unit_class": "ussr_quest_large_art_noground",
        "objLayer": 1,
        "closed_waypoints": false,
        "isShipSpline": false,
        "shipTurnRadius": 100.0,
        "weapons": "",
        "bullets0": "",
        "bullets1": "",
        "bullets2": "",
        "bullets3": "",
        "bulletsCount0": 0,
        "bulletsCount1": 0,
        "bulletsCount2": 0,
        "bulletsCount3": 0,
        "crewSkillK": 0.0,
        "applyAllMods": false,
        "props": {
          "army": 1,
          "count": 1,
          "formation_type": "rows",
          "formation_div": 3,
          "formation_step": [
            2.5,
            2.0
          ],
          "formation_noise": [
            0.1,
            0.1
          ]
        },
        "way": {}
      },
      {
        "name": "t1_bunker_06",
        "tm": [
          [
            -0.129328,
            0.0376685,
            0.990886
          ],
          [
            0.0163959,
            0.999223,
            -0.0358454
          ],
          [
            -0.991468,
            0.0116101,
            -0.129846
          ],
          [
            817.59,
            551.056,
            -8951.67
          ]
        ],
        "unit_class": "ussr_quest_large_art_noground",
        "objLayer": 1,
        "closed_waypoints": false,
        "isShipSpline": false,
        "shipTurnRadius": 100.0,
        "weapons": "",
        "bullets0": "",
        "bullets1": "",
        "bullets2": "",
        "bullets3": "",
        "bulletsCount0": 0,
        "bulletsCount1": 0,
        "bulletsCount2": 0,
        "bulletsCount3": 0,
        "crewSkillK": 0.0,
        "applyAllMods": false,
        "props": {
          "army": 1,
          "count": 1,
          "formation_type": "rows",
          "formation_div": 3,
          "formation_step": [
            2.5,
            2.0
          ],
          "formation_noise": [
            0.1,
            0.1
          ]
        },
        "way": {}
      },
      {
        "name": "t1_art_11",
        "tm": [
          [
            -0.129328,
            0.0376685,
            0.990886
          ],
          [
            0.0163959,
            0.999223,
            -0.0358454
          ],
          [
            -0.991468,
            0.0116101,
            -0.129846
          ],
          [
            723.34,
            548.588,
            -8962.22
          ]
        ],
        "unit_class": "ussr_quest_large_art_noground",
        "objLayer": 1,
        "closed_waypoints": false,
        "isShipSpline": false,
        "shipTurnRadius": 100.0,
        "weapons": "",
        "bullets0": "",
        "bullets1": "",
        "bullets2": "",
        "bullets3": "",
        "bulletsCount0": 0,
        "bulletsCount1": 0,
        "bulletsCount2": 0,
        "bulletsCount3": 0,
        "crewSkillK": 0.0,
        "applyAllMods": false,
        "props": {
          "army": 1,
          "count": 1,
          "formation_type": "rows",
          "formation_div": 3,
          "formation_step": [
            2.5,
            2.0
          ],
          "formation_noise": [
            0.1,
            0.1
          ]
        },
        "way": {}
      },
      {
        "name": "t1_art_12",
        "tm": [
          [
            -0.129328,
            0.0376685,
            0.990886
          ],
          [
            0.0163959,
            0.999223,
            -0.0358454
          ],
          [
            -0.991468,
            0.0116101,
            -0.129846
          ],
          [
            889.7,
            543.433,
            -8933.78
          ]
        ],
        "unit_class": "ussr_quest_large_art_noground",
        "objLayer": 1,
        "closed_waypoints": false,
        "isShipSpline": false,
        "shipTurnRadius": 100.0,
        "weapons": "",
        "bullets0": "",
        "bullets1": "",
        "bullets2": "",
        "bullets3": "",
        "bulletsCount0": 0,
        "bulletsCount1": 0,
        "bulletsCount2": 0,
        "bulletsCount3": 0,
        "crewSkillK": 0.0,
        "applyAllMods": false,
        "props": {
          "army": 1,
          "count": 1,
          "formation_type": "rows",
          "formation_div": 3,
          "formation_step": [
            2.5,
            2.0
          ],
          "formation_noise": [
            0.1,
            0.1
          ]
        },
        "way": {}
      },
      {
        "name": "t1_bunker_07",
        "tm": [
          [
            -0.18544,
            0.00323616,
            0.98265
          ],
          [
            -0.0401772,
            0.999134,
            -0.0108727
          ],
          [
            -0.981834,
            -0.041496,
            -0.185149
          ],
          [
            2242.4,
            552.286,
            -8992.4
          ]
        ],
        "unit_class": "ussr_quest_large_art_noground",
        "objLayer": 1,
        "closed_waypoints": false,
        "isShipSpline": false,
        "shipTurnRadius": 100.0,
        "weapons": "",
        "bullets0": "",
        "bullets1": "",
        "bullets2": "",
        "bullets3": "",
        "bulletsCount0": 0,
        "bulletsCount1": 0,
        "bulletsCount2": 0,
        "bulletsCount3": 0,
        "crewSkillK": 0.0,
        "applyAllMods": false,
        "props": {
          "army": 1,
          "count": 1,
          "formation_type": "rows",
          "formation_div": 3,
          "formation_step": [
            2.5,
            2.0
          ],
          "formation_noise": [
            0.1,
            0.1
          ]
        },
        "way": {}
      },
      {
        "name": "t1_art_13",
        "tm": [
          [
            -0.18544,
            0.00323616,
            0.98265
          ],
          [
            -0.0401772,
            0.999134,
            -0.0108727
          ],
          [
            -0.981834,
            -0.041496,
            -0.185149
          ],
          [
            2149.23,
            544.727,
            -9008.36
          ]
        ],
        "unit_class": "ussr_quest_large_art_noground",
        "objLayer": 1,
        "closed_waypoints": false,
        "isShipSpline": false,
        "shipTurnRadius": 100.0,
        "weapons": "",
        "bullets0": "",
        "bullets1": "",
        "bullets2": "",
        "bullets3": "",
        "bulletsCount0": 0,
        "bulletsCount1": 0,
        "bulletsCount2": 0,
        "bulletsCount3": 0,
        "crewSkillK": 0.0,
        "applyAllMods": false,
        "props": {
          "army": 1,
          "count": 1,
          "formation_type": "rows",
          "formation_div": 3,
          "formation_step": [
            2.5,
            2.0
          ],
          "formation_noise": [
            0.1,
            0.1
          ]
        },
        "way": {}
      },
      {
        "name": "t1_art_14",
        "tm": [
          [
            -0.18544,
            0.00323616,
            0.98265
          ],
          [
            -0.0401772,
            0.999134,
            -0.0108727
          ],
          [
            -0.981834,
            -0.041496,
            -0.185149
          ],
          [
            2313.73,
            548.306,
            -8970.65
          ]
        ],
        "unit_class": "ussr_quest_large_art_noground",
        "objLayer": 1,
        "closed_waypoints": false,
        "isShipSpline": false,
        "shipTurnRadius": 100.0,
        "weapons": "",
        "bullets0": "",
        "bullets1": "",
        "bullets2": "",
        "bullets3": "",
        "bulletsCount0": 0,
        "bulletsCount1": 0,
        "bulletsCount2": 0,
        "bulletsCount3": 0,
        "crewSkillK": 0.0,
        "applyAllMods": false,
        "props": {
          "army": 1,
          "count": 1,
          "formation_type": "rows",
          "formation_div": 3,
          "formation_step": [
            2.5,
            2.0
          ],
          "formation_noise": [
            0.1,
            0.1
          ]
        },
        "way": {}
      },
      {
        "name": "t1_bunker_08",
        "tm": [
          [
            0.230637,
            -0.0662596,
            0.970781
          ],
          [
            0.0125107,
            0.997798,
            0.0651314
          ],
          [
            -0.97296,
            -0.00287679,
            0.23096
          ],
          [
            -4953.85,
            529.901,
            -8633.44
          ]
        ],
        "unit_class": "ussr_quest_large_art_noground",
        "objLayer": 1,
        "closed_waypoints": false,
        "isShipSpline": false,
        "shipTurnRadius": 100.0,
        "weapons": "",
        "bullets0": "",
        "bullets1": "",
        "bullets2": "",
        "bullets3": "",
        "bulletsCount0": 0,
        "bulletsCount1": 0,
        "bulletsCount2": 0,
        "bulletsCount3": 0,
        "crewSkillK": 0.0,
        "applyAllMods": false,
        "props": {
          "army": 1,
          "count": 1,
          "formation_type": "rows",
          "formation_div": 3,
          "formation_step": [
            2.5,
            2.0
          ],
          "formation_noise": [
            0.1,
            0.1
          ]
        },
        "way": {}
      },
      {
        "name": "t1_art_15",
        "tm": [
          [
            0.230637,
            -0.0662596,
            0.970781
          ],
          [
            0.0125107,
            0.997798,
            0.0651314
          ],
          [
            -0.97296,
            -0.00287679,
            0.23096
          ],
          [
            -5045.75,
            525.901,
            -8610.28
          ]
        ],
        "unit_class": "ussr_quest_large_art_noground",
        "objLayer": 1,
        "closed_waypoints": false,
        "isShipSpline": false,
        "shipTurnRadius": 100.0,
        "weapons": "",
        "bullets0": "",
        "bullets1": "",
        "bullets2": "",
        "bullets3": "",
        "bulletsCount0": 0,
        "bulletsCount1": 0,
        "bulletsCount2": 0,
        "bulletsCount3": 0,
        "crewSkillK": 0.0,
        "applyAllMods": false,
        "props": {
          "army": 1,
          "count": 1,
          "formation_type": "rows",
          "formation_div": 3,
          "formation_step": [
            2.5,
            2.0
          ],
          "formation_noise": [
            0.1,
            0.1
          ]
        },
        "way": {}
      },
      {
        "name": "t1_art_16",
        "tm": [
          [
            0.230637,
            -0.0662596,
            0.970781
          ],
          [
            0.0125107,
            0.997798,
            0.0651314
          ],
          [
            -0.97296,
            -0.00287679,
            0.23096
          ],
          [
            -4880.15,
            522.517,
            -8643.12
          ]
        ],
        "unit_class": "ussr_quest_large_art_noground",
        "objLayer": 1,
        "closed_waypoints": false,
        "isShipSpline": false,
        "shipTurnRadius": 100.0,
