{
  "selected_tag": "",
  "bin_dump_file": "",
  "mission_settings": {
    "player": {
      "army": 1
    },
    "player_teamB": {
      "army": 2
    },
    "mission": {
      "type": "domination",
      "level": "levels/air_israel.bin",
      "environment": "Day",
      "weather": "hazy"
    }
  },
  "imports": {},
  "triggers": {
    "isCategory": true,
    "is_enabled": true,
    "static_units_rank_02_init": {
      "is_enabled": true,
      "comments": "",
      "props": {
        "actionsType": "PERFORM_ONE_BY_ONE",
        "conditionsType": "ALL",
        "enableAfterComplete": false
      },
      "events": {
        "initMission": {}
      },
      "conditions": {},
      "actions": {
        "comment": [
          {
            "value": "static units"
          },
          {
            "value": "static aaa"
          },
          {
            "value": ""
          }
        ],
        "unitSetProperties": [
          {
            "object": [
              "t1_artillery_squad",
              "t1_bunkers_squad",
              "t2_artillery_squad",
              "t2_bunkers_squad"
            ],
            "accuracy": 0.1,
            "checkVisibilityTarget": false
          },
          {
            "object": [
              "t1_aaa_squad",
              "t2_aaa_squad"
            ],
            "targetGnd": false,
            "accuracy": 0.1,
            "airAccuracy": 0.1,
            "fireRandom": true,
            "targetChangeInterval": 5.0,
            "targetChangeProb": 0.25,
            "DelayAfterShoot": 3.0
          }
        ]
      },
      "else_actions": {}
    }
  },
  "mission_objectives": {
    "isCategory": true,
    "is_enabled": true
  },
  "variables": {},
  "dialogs": {},
  "airfields": {},
  "effects": {},
  "units": {
    "objectGroups": [
      {
        "name": "t1_trench_rank_02_01",
        "tm": [
          [
            0.964952,
            0.0983178,
            0.243317
          ],
          [
            -0.0931442,
            0.995116,
            -0.0327036
          ],
          [
            -0.245344,
            0.00889369,
            0.969395
          ],
          [
            -8230.32,
            511.751,
            -8916.25
          ]
        ],
        "unit_class": "dynTrench_small_bunker_axis",
        "objLayer": 2,
        "props": {
          "army": 1,
          "active": true
        }
      },
      {
        "name": "t1_trench_rank_02_02",
        "tm": [
          [
            0.999503,
            0.000597516,
            -0.0315512
          ],
          [
            0.00104481,
            0.998648,
            0.0519682
          ],
          [
            0.0315392,
            -0.0519762,
            0.998151
          ],
          [
            -3497.29,
            546.406,
            -9156.62
          ]
        ],
        "unit_class": "dynTrench_small_bunker_axis",
        "objLayer": 2,
        "props": {
          "army": 1,
          "active": true
        }
      },
      {
        "name": "t1_trench_rank_02_03",
        "tm": [
          [
            0.98286,
            -0.00687135,
            -0.184226
          ],
          [
            0.0101223,
            0.999809,
            0.0167136
          ],
          [
            0.184077,
            -0.0182923,
            0.982741
          ],
          [
            -9337.78,
            529.066,
            -8793.73
          ]
        ],
        "unit_class": "dynTrench_small_bunker_axis",
        "objLayer": 2,
        "props": {
          "army": 1,
          "active": true
        }
      },
      {
        "name": "t1_trench_rank_02_04",
        "tm": [
          [
            0.982273,
            0.0588691,
            0.17797
          ],
          [
            -0.0648321,
            0.997506,
            0.0278719
          ],
          [
            -0.175884,
            -0.0389156,
            0.983643
          ],
          [
            -2384.93,
            547.65,
            -9314.67
          ]
        ],
        "unit_class": "dynTrench_small_bunker_axis",
        "objLayer": 2,
        "props": {
          "army": 1,
          "active": true
        }
      },
      {
        "name": "t1_trench_rank_02_05",
        "tm": [
          [
            0.996924,
            0.0359674,
            0.0696373
          ],
          [
            -0.0387204,
            0.998504,
            0.0385864
          ],
          [
            -0.0681458,
            -0.0411641,
            0.996826
          ],
          [
            -10555.2,
            511.491,
            -8738.99
          ]
        ],
        "unit_class": "dynTrench_small_bunker_axis",
        "objLayer": 2,
        "props": {
          "army": 1,
          "active": true
        }
      },
      {
        "name": "t1_trench_rank_02_06",
        "tm": [
          [
            0.999706,
            -0.0170247,
            -0.0173065
          ],
          [
            0.0163959,
            0.999223,
            -0.0358454
          ],
          [
            0.0179036,
            0.0355509,
            0.999207
          ],
          [
            -6387.84,
            512.808,
            -8899.41
          ]
        ],
        "unit_class": "dynTrench_small_bunker_axis",
        "objLayer": 2,
        "props": {
          "army": 1,
          "active": true
        }
      },
      {
        "name": "t1_trench_rank_02_07",
        "tm": [
          [
            0.998431,
            0.0380799,
            0.0410643
          ],
          [
            -0.0401772,
            0.997865,
            0.0514958
          ],
          [
            -0.039016,
            -0.0530646,
            0.997829
          ],
          [
            -4928.61,
            528.806,
            -8995.34
          ]
        ],
        "unit_class": "dynTrench_small_bunker_axis",
        "objLayer": 2,
        "props": {
          "army": 1,
          "active": true
        }
      },
      {
        "name": "t1_trench_rank_02_08",
        "tm": [
          [
            0.928455,
            0.0125907,
            -0.371231
          ],
          [
            0.0125107,
            0.997798,
            0.0651314
          ],
          [
            0.371234,
            -0.0651167,
            0.926253
          ],
          [
            -11711.7,
            455.22,
            -8607.97
          ]
        ],
        "unit_class": "dynTrench_small_bunker_axis",
        "objLayer": 2,
        "props": {
          "army": 1,
          "active": true
        }
      },
      {
        "name": "t2_trench_rank_02_01",
        "tm": [
          [
            -0.999866,
            -0.0161293,
            0.00295153
          ],
          [
            -0.0162167,
            0.999344,
            -0.032395
          ],
          [
            -0.00242711,
            -0.0324384,
            -0.999473
          ],
          [
            -9088.96,
            501.974,
            -6938.58
          ]
        ],
        "unit_class": "dynTrench_small_bunker_axis",
        "objLayer": 2,
        "props": {
          "army": 2,
          "active": true
        }
      },
      {
        "name": "t2_trench_rank_02_02",
        "tm": [
          [
            -0.999951,
            0.00990264,
            0.000394235
          ],
          [
            0.00988922,
            0.999615,
            -0.025947
          ],
          [
            -0.000651883,
            -0.0259418,
            -0.999664
          ],
          [
            -8093.23,
            532.439,
            -7007.03
          ]
        ],
        "unit_class": "dynTrench_small_bunker_axis",
        "objLayer": 2,
        "props": {
          "army": 2,
          "active": true
        }
      },
      {
        "name": "t2_trench_rank_02_03",
        "tm": [
          [
            -0.936626,
            0.00301848,
            0.350317
          ],
          [
            0.00214972,
            0.999994,
            -0.00286849
          ],
          [
            -0.350324,
            -0.00193362,
            -0.936628
          ],
          [
            -3348.76,
            485.371,
            -7416.71
          ]
        ],
        "unit_class": "dynTrench_small_bunker_axis",
        "objLayer": 2,
        "props": {
          "army": 2,
          "active": true
        }
      },
      {
        "name": "t2_trench_rank_02_04",
        "tm": [
          [
            -0.999844,
            -0.0174131,
            -0.00274119
          ],
          [
            -0.0174456,
            0.999772,
            0.0122535
          ],
          [
            0.00252762,
            0.0122992,
            -0.999922
          ],
          [
            -10289.5,
            475.441,
            -6894.63
          ]
        ],
        "unit_class": "dynTrench_small_bunker_axis",
        "objLayer": 2,
        "props": {
          "army": 2,
          "active": true
        }
      },
      {
        "name": "t2_trench_rank_02_05",
        "tm": [
          [
            -0.940329,
            0.0345706,
            0.338507
          ],
          [
            0.0360814,
            0.999347,
            -0.00183067
          ],
          [
            -0.33835,
            0.0104924,
            -0.940961
          ],
          [
            -2263.25,
            521.516,
            -7567.3
          ]
        ],
        "unit_class": "dynTrench_small_bunker_axis",
        "objLayer": 2,
        "props": {
          "army": 2,
          "active": true
        }
      },
      {
        "name": "t2_trench_rank_02_06",
        "tm": [
          [
            -0.896973,
            0.059026,
            -0.438125
          ],
          [
            0.0663371,
            0.997795,
            -0.00138402
          ],
          [
            0.437076,
            -0.0303053,
            -0.898914
          ],
          [
            -11499.4,
            460.376,
            -6805.69
          ]
        ],
        "unit_class": "dynTrench_small_bunker_axis",
        "objLayer": 2,
        "props": {
          "army": 2,
          "active": true
        }
      },
      {
        "name": "t2_trench_rank_02_07",
        "tm": [
          [
            -0.978492,
            -0.021076,
            0.205208
          ],
          [
            -0.0185196,
            0.999724,
            0.0143723
          ],
          [
            -0.205454,
            0.0102627,
            -0.978612
          ],
          [
            -4778.01,
            478.22,
            -7291.4
          ]
        ],
        "unit_class": "dynTrench_small_bunker_axis",
        "objLayer": 2,
        "props": {
          "army": 2,
          "active": true
        }
      },
      {
        "name": "t2_trench_rank_02_08",
        "tm": [
          [
            -0.999834,
            -0.00104564,
            0.0181935
          ],
          [
            -0.000414133,
            0.999396,
            0.034734
          ],
          [
            -0.0182197,
            0.0347208,
            -0.999233
          ],
          [
            -6197.71,
            505.366,
            -7115.38
          ]
        ],
        "unit_class": "dynTrench_small_bunker_axis",
        "objLayer": 2,
        "props": {
          "army": 2,
          "active": true
        }
      }
    ],
    "structures": [
      {
        "name": "t1_bunker_01",
        "tm": [
          [
            -0.3846,
            -0.00566331,
            0.923066
          ],
          [
            -0.0931442,
            0.995116,
            -0.0327036
          ],
          [
            -0.918371,
            -0.0985555,
            -0.383249
          ],
          [
            -8223.37,
            525.407,
            -8904.7
          ]
        ],
        "unit_class": "ussr_quest_large_art_noground",
        "objLayer": 1,
        "closed_waypoints": false,
        "isShipSpline": false,
        "shipTurnRadius": 100.0,
        "weapons": "",
        "bullets0": "",
        "bullets1": "",
        "bullets2": "",
        "bullets3": "",
        "bulletsCount0": 0,
        "bulletsCount1": 0,
        "bulletsCount2": 0,
        "bulletsCount3": 0,
        "crewSkillK": 0.0,
        "applyAllMods": false,
        "props": {
          "army": 1,
          "count": 1,
          "formation_type": "rows",
          "formation_div": 3,
          "formation_step": [
            2.5,
            2.0
          ],
          "formation_noise": [
            0.1,
            0.1
          ]
        },
        "way": {}
      },
      {
        "name": "t1_art_01",
        "tm": [
          [
            -0.3846,
            -0.00566331,
            0.923066
          ],
          [
            -0.0931442,
            0.995116,
            -0.0327036
          ],
          [
            -0.918371,
            -0.0985555,
            -0.383249
          ],
          [
            -8310.61,
            512.448,
            -8939.44
          ]
        ],
        "unit_class": "ussr_quest_large_art_noground",
        "objLayer": 1,
        "closed_waypoints": false,
        "isShipSpline": false,
        "shipTurnRadius": 100.0,
        "weapons": "",
        "bullets0": "",
        "bullets1": "",
        "bullets2": "",
        "bullets3": "",
        "bulletsCount0": 0,
        "bulletsCount1": 0,
        "bulletsCount2": 0,
        "bulletsCount3": 0,
        "crewSkillK": 0.0,
        "applyAllMods": false,
        "props": {
          "army": 1,
          "count": 1,
          "formation_type": "rows",
          "formation_div": 3,
          "formation_step": [
            2.5,
            2.0
          ],
          "formation_noise": [
            0.1,
            0.1
          ]
        },
        "way": {}
      },
      {
        "name": "t1_art_02",
        "tm": [
          [
            -0.3846,
            -0.00566331,
            0.923066
          ],
          [
            -0.0931442,
            0.995116,
            -0.0327036
          ],
          [
            -0.918371,
            -0.0985555,
            -0.383249
          ],
          [
            -8157.97,
            525.603,
            -8868.65
          ]
        ],
        "unit_class": "ussr_quest_large_art_noground",
        "objLayer": 1,
        "closed_waypoints": false,
        "isShipSpline": false,
        "shipTurnRadius": 100.0,
        "weapons": "",
        "bullets0": "",
        "bullets1": "",
        "bullets2": "",
        "bullets3": "",
        "bulletsCount0": 0,
        "bulletsCount1": 0,
        "bulletsCount2": 0,
        "bulletsCount3": 0,
        "crewSkillK": 0.0,
        "applyAllMods": false,
        "props": {
          "army": 1,
          "count": 1,
          "formation_type": "rows",
          "formation_div": 3,
          "formation_step": [
            2.5,
            2.0
          ],
          "formation_noise": [
            0.1,
            0.1
          ]
        },
        "way": {}
      },
      {
        "name": "t1_bunker_02",
        "tm": [
          [
            -0.115812,
            -0.0514989,
            0.991936
          ],
          [
            0.00104481,
            0.998648,
            0.0519682
          ],
          [
            -0.993271,
            0.00705373,
            -0.115601
          ],
          [
            -3486.03,
            558.463,
            -9146.77
          ]
        ],
        "unit_class": "ussr_quest_large_art_noground",
        "objLayer": 1,
        "closed_waypoints": false,
        "isShipSpline": false,
        "shipTurnRadius": 100.0,
        "weapons": "",
        "bullets0": "",
        "bullets1": "",
        "bullets2": "",
        "bullets3": "",
        "bulletsCount0": 0,
        "bulletsCount1": 0,
        "bulletsCount2": 0,
        "bulletsCount3": 0,
        "crewSkillK": 0.0,
        "applyAllMods": false,
        "props": {
          "army": 1,
          "count": 1,
          "formation_type": "rows",
          "formation_div": 3,
          "formation_step": [
            2.5,
            2.0
          ],
          "formation_noise": [
            0.1,
            0.1
          ]
        },
        "way": {}
      },
      {
        "name": "t1_art_03",
        "tm": [
          [
            -0.115812,
            -0.0514989,
            0.991936
          ],
          [
            0.00104481,
            0.998648,
            0.0519682
          ],
          [
            -0.993271,
            0.00705373,
            -0.115601
          ],
          [
            -3580.34,
            555.421,
            -9156.31
          ]
        ],
        "unit_class": "ussr_quest_large_art_noground",
        "objLayer": 1,
        "closed_waypoints": false,
        "isShipSpline": false,
        "shipTurnRadius": 100.0,
        "weapons": "",
        "bullets0": "",
        "bullets1": "",
        "bullets2": "",
        "bullets3": "",
        "bulletsCount0": 0,
        "bulletsCount1": 0,
        "bulletsCount2": 0,
        "bulletsCount3": 0,
        "crewSkillK": 0.0,
        "applyAllMods": false,
        "props": {
          "army": 1,
          "count": 1,
          "formation_type": "rows",
          "formation_div": 3,
          "formation_step": [
            2.5,
            2.0
          ],
          "formation_noise": [
            0.1,
            0.1
          ]
        },
        "way": {}
      },
      {
        "name": "t1_art_04",
        "tm": [
          [
            -0.115812,
            -0.0514989,
            0.991936
          ],
          [
            0.00104481,
            0.998648,
            0.0519682
          ],
          [
            -0.993271,
            0.00705373,
            -0.115601
          ],
          [
            -3413.58,
            550.456,
            -9130.51
          ]
        ],
        "unit_class": "ussr_quest_large_art_noground",
        "objLayer": 1,
        "closed_waypoints": false,
        "isShipSpline": false,
        "shipTurnRadius": 100.0,
        "weapons": "",
        "bullets0": "",
        "bullets1": "",
        "bullets2": "",
        "bullets3": "",
        "bulletsCount0": 0,
        "bulletsCount1": 0,
        "bulletsCount2": 0,
        "bulletsCount3": 0,
        "crewSkillK": 0.0,
        "applyAllMods": false,
        "props": {
          "army": 1,
          "count": 1,
          "formation_type": "rows",
          "formation_div": 3,
          "formation_step": [
            2.5,
            2.0
          ],
          "formation_noise": [
            0.1,
            0.1
          ]
        },
        "way": {}
      },
      {
        "name": "t1_bunker_03",
        "tm": [
          [
            0.0375154,
            -0.0170827,
            0.999151
          ],
          [
            0.0101223,
            0.999809,
            0.0167136
          ],
          [
            -0.999244,
            0.00948719,
            0.0376815
          ],
          [
            -9325.21,
            541.383,
            -8786.07
          ]
        ],
        "unit_class": "ussr_quest_large_art_noground",
        "objLayer": 1,
        "closed_waypoints": false,
        "isShipSpline": false,
        "shipTurnRadius": 100.0,
        "weapons": "",
        "bullets0": "",
        "bullets1": "",
        "bullets2": "",
        "bullets3": "",
        "bulletsCount0": 0,
        "bulletsCount1": 0,
        "bulletsCount2": 0,
        "bulletsCount3": 0,
        "crewSkillK": 0.0,
        "applyAllMods": false,
        "props": {
          "army": 1,
          "count": 1,
          "formation_type": "rows",
          "formation_div": 3,
          "formation_step": [
            2.5,
            2.0
          ],
          "formation_noise": [
            0.1,
            0.1
          ]
        },
        "way": {}
      },
      {
        "name": "t1_art_05",
        "tm": [
          [
            0.0375154,
            -0.0170827,
            0.999151
          ],
          [
            0.0101223,
            0.999809,
            0.0167136
          ],
          [
            -0.999244,
            0.00948719,
            0.0376815
          ],
          [
            -9419.77,
            538.618,
            -8781.05
          ]
        ],
        "unit_class": "ussr_quest_large_art_noground",
        "objLayer": 1,
        "closed_waypoints": false,
        "isShipSpline": false,
        "shipTurnRadius": 100.0,
        "weapons": "",
        "bullets0": "",
        "bullets1": "",
        "bullets2": "",
        "bullets3": "",
        "bulletsCount0": 0,
        "bulletsCount1": 0,
        "bulletsCount2": 0,
        "bulletsCount3": 0,
        "crewSkillK": 0.0,
        "applyAllMods": false,
        "props": {
          "army": 1,
          "count": 1,
          "formation_type": "rows",
          "formation_div": 3,
          "formation_step": [
            2.5,
            2.0
          ],
          "formation_noise": [
            0.1,
            0.1
          ]
        },
        "way": {}
      },
      {
        "name": "t1_art_06",
        "tm": [
          [
            0.0375154,
            -0.0170827,
            0.999151
          ],
          [
            0.0101223,
            0.999809,
            0.0167136
          ],
          [
            -0.999244,
            0.00948719,
            0.0376815
          ],
          [
            -9251.09,
            533.461,
            -8780.91
          ]
        ],
        "unit_class": "ussr_quest_large_art_noground",
        "objLayer": 1,
        "closed_waypoints": false,
        "isShipSpline": false,
        "shipTurnRadius": 100.0,
        "weapons": "",
        "bullets0": "",
        "bullets1": "",
        "bullets2": "",
        "bullets3": "",
        "bulletsCount0": 0,
        "bulletsCount1": 0,
        "bulletsCount2": 0,
        "bulletsCount3": 0,
        "crewSkillK": 0.0,
        "applyAllMods": false,
        "props": {
          "army": 1,
          "count": 1,
          "formation_type": "rows",
          "formation_div": 3,
          "formation_step": [
            2.5,
            2.0
          ],
          "formation_noise": [
            0.1,
            0.1
          ]
        },
        "way": {}
      },
      {
        "name": "t1_bunker_04",
        "tm": [
          [
            -0.318443,
            -0.0471511,
            0.946768
          ],
          [
            -0.0648321,
            0.997506,
            0.0278719
          ],
          [
            -0.945721,
            -0.0525052,
            -0.320707
          ],
          [
            -2376.62,
            560.46,
            -9303.03
          ]
        ],
        "unit_class": "ussr_quest_large_art_noground",
        "objLayer": 1,
        "closed_waypoints": false,
        "isShipSpline": false,
        "shipTurnRadius": 100.0,
        "weapons": "",
        "bullets0": "",
        "bullets1": "",
        "bullets2": "",
        "bullets3": "",
        "bulletsCount0": 0,
        "bulletsCount1": 0,
        "bulletsCount2": 0,
        "bulletsCount3": 0,
        "crewSkillK": 0.0,
        "applyAllMods": false,
        "props": {
          "army": 1,
          "count": 1,
          "formation_type": "rows",
          "formation_div": 3,
          "formation_step": [
            2.5,
            2.0
          ],
          "formation_noise": [
            0.1,
            0.1
          ]
        },
        "way": {}
      },
      {
        "name": "t1_art_07",
        "tm": [
          [
            -0.318443,
            -0.0471511,
            0.946768
          ],
          [
            -0.0648321,
            0.997506,
            0.0278719
          ],
          [
            -0.945721,
            -0.0525052,
            -0.320707
          ],
          [
            -2466.6,
            551.779,
            -9331.96
          ]
        ],
        "unit_class": "ussr_quest_large_art_noground",
        "objLayer": 1,
        "closed_waypoints": false,
        "isShipSpline": false,
        "shipTurnRadius": 100.0,
        "weapons": "",
        "bullets0": "",
        "bullets1": "",
        "bullets2": "",
        "bullets3": "",
        "bulletsCount0": 0,
        "bulletsCount1": 0,
        "bulletsCount2": 0,
        "bulletsCount3": 0,
        "crewSkillK": 0.0,
        "applyAllMods": false,
        "props": {
          "army": 1,
          "count": 1,
          "formation_type": "rows",
          "formation_div": 3,
          "formation_step": [
            2.5,
            2.0
          ],
          "formation_noise": [
            0.1,
            0.1
          ]
        },
        "way": {}
      },
      {
        "name": "t1_art_08",
        "tm": [
          [
            -0.318443,
            -0.0471511,
            0.946768
          ],
          [
            -0.0648321,
            0.997506,
            0.0278719
          ],
          [
            -0.945721,
            -0.0525052,
            -0.320707
          ],
          [
            -2308.95,
            556.887,
            -9271.77
          ]
        ],
        "unit_class": "ussr_quest_large_art_noground",
        "objLayer": 1,
        "closed_waypoints": false,
        "isShipSpline": false,
        "shipTurnRadius": 100.0,
        "weapons": "",
        "bullets0": "",
        "bullets1": "",
        "bullets2": "",
        "bullets3": "",
        "bulletsCount0": 0,
        "bulletsCount1": 0,
        "bulletsCount2": 0,
        "bulletsCount3": 0,
        "crewSkillK": 0.0,
        "applyAllMods": false,
        "props": {
          "army": 1,
          "count": 1,
          "formation_type": "rows",
          "formation_div": 3,
          "formation_step": [
            2.5,
            2.0
          ],
          "formation_noise": [
            0.1,
            0.1
          ]
        },
        "way": {}
      },
      {
        "name": "t1_bunker_05",
        "tm": [
          [
            -0.214034,
            -0.0460067,
            0.975743
          ],
          [
            -0.0387204,
            0.998504,
            0.0385864
          ],
          [
            -0.97606,
            -0.0295223,
            -0.215492
          ],
          [
            -10545.4,
            524.034,
            -8728.23
          ]
        ],
        "unit_class": "ussr_quest_large_art_noground",
        "objLayer": 1,
        "closed_waypoints": false,
        "isShipSpline": false,
        "shipTurnRadius": 100.0,
        "weapons": "",
        "bullets0": "",
        "bullets1": "",
        "bullets2": "",
        "bullets3": "",
        "bulletsCount0": 0,
        "bulletsCount1": 0,
        "bulletsCount2": 0,
        "bulletsCount3": 0,
        "crewSkillK": 0.0,
        "applyAllMods": false,
        "props": {
          "army": 1,
          "count": 1,
          "formation_type": "rows",
          "formation_div": 3,
          "formation_step": [
            2.5,
            2.0
          ],
          "formation_noise": [
            0.1,
            0.1
          ]
        },
        "way": {}
      },
      {
        "name": "t1_art_09",
        "tm": [
          [
            -0.214034,
            -0.0460067,
            0.975743
          ],
          [
            -0.0387204,
            0.998504,
            0.0385864
          ],
          [
            -0.97606,
            -0.0295223,
            -0.215492
          ],
          [
            -10638.1,
            517.529,
            -8747.18
          ]
        ],
        "unit_class": "ussr_quest_large_art_noground",
        "objLayer": 1,
        "closed_waypoints": false,
        "isShipSpline": false,
        "shipTurnRadius": 100.0,
        "weapons": "",
        "bullets0": "",
        "bullets1": "",
        "bullets2": "",
        "bullets3": "",
        "bulletsCount0": 0,
        "bulletsCount1": 0,
        "bulletsCount2": 0,
        "bulletsCount3": 0,
        "crewSkillK": 0.0,
        "applyAllMods": false,
        "props": {
          "army": 1,
          "count": 1,
          "formation_type": "rows",
          "formation_div": 3,
          "formation_step": [
            2.5,
            2.0
          ],
          "formation_noise": [
            0.1,
            0.1
          ]
        },
        "way": {}
      },
      {
        "name": "t1_art_10",
        "tm": [
          [
            -0.214034,
            -0.0460067,
            0.975743
          ],
          [
            -0.0387204,
            0.998504,
            0.0385864
          ],
          [
            -0.97606,
            -0.0295223,
            -0.215492
          ],
          [
            -10474.7,
            518.782,
            -8704.61
          ]
        ],
        "unit_class": "ussr_quest_large_art_noground",
        "objLayer": 1,
        "closed_waypoints": false,
        "isShipSpline": false,
        "shipTurnRadius": 100.0,
        "weapons": "",
        "bullets0": "",
        "bullets1": "",
        "bullets2": "",
        "bullets3": "",
        "bulletsCount0": 0,
        "bulletsCount1": 0,
        "bulletsCount2": 0,
        "bulletsCount3": 0,
        "crewSkillK": 0.0,
        "applyAllMods": false,
        "props": {
          "army": 1,
          "count": 1,
          "formation_type": "rows",
          "formation_div": 3,
          "formation_step": [
            2.5,
            2.0
          ],
          "formation_noise": [
            0.1,
            0.1
          ]
        },
        "way": {}
      },
      {
        "name": "t1_bunker_06",
        "tm": [
          [
            -0.129328,
            0.0376685,
            0.990886
          ],
          [
            0.0163959,
            0.999223,
            -0.0358454
          ],
          [
            -0.991468,
            0.0116101,
            -0.129846
          ],
          [
            -6376.45,
            525.514,
            -8890.53
          ]
        ],
        "unit_class": "ussr_quest_large_art_noground",
        "objLayer": 1,
        "closed_waypoints": false,
        "isShipSpline": false,
        "shipTurnRadius": 100.0,
        "weapons": "",
        "bullets0": "",
        "bullets1": "",
        "bullets2": "",
        "bullets3": "",
        "bulletsCount0": 0,
        "bulletsCount1": 0,
        "bulletsCount2": 0,
        "bulletsCount3": 0,
        "crewSkillK": 0.0,
        "applyAllMods": false,
        "props": {
          "army": 1,
          "count": 1,
          "formation_type": "rows",
          "formation_div": 3,
          "formation_step": [
            2.5,
            2.0
          ],
          "formation_noise": [
            0.1,
            0.1
          ]
        },
        "way": {}
      },
      {
        "name": "t1_art_11",
        "tm": [
          [
            -0.129328,
            0.0376685,
            0.990886
          ],
          [
            0.0163959,
            0.999223,
            -0.0358454
          ],
          [
            -0.991468,
            0.0116101,
            -0.129846
          ],
          [
            -6470.7,
            523.046,
            -8901.08
          ]
        ],
        "unit_class": "ussr_quest_large_art_noground",
        "objLayer": 1,
        "closed_waypoints": false,
        "isShipSpline": false,
        "shipTurnRadius": 100.0,
        "weapons": "",
        "bullets0": "",
        "bullets1": "",
        "bullets2": "",
        "bullets3": "",
        "bulletsCount0": 0,
        "bulletsCount1": 0,
        "bulletsCount2": 0,
        "bulletsCount3": 0,
        "crewSkillK": 0.0,
        "applyAllMods": false,
        "props": {
          "army": 1,
          "count": 1,
          "formation_type": "rows",
          "formation_div": 3,
          "formation_step": [
            2.5,
            2.0
          ],
          "formation_noise": [
            0.1,
            0.1
          ]
        },
        "way": {}
      },
      {
        "name": "t1_art_12",
        "tm": [
          [
            -0.129328,
            0.0376685,
            0.990886
          ],
          [
            0.0163959,
            0.999223,
            -0.0358454
          ],
          [
            -0.991468,
            0.0116101,
            -0.129846
          ],
          [
            -6304.34,
            517.891,
            -8872.64
          ]
        ],
        "unit_class": "ussr_quest_large_art_noground",
        "objLayer": 1,
        "closed_waypoints": false,
        "isShipSpline": false,
        "shipTurnRadius": 100.0,
        "weapons": "",
        "bullets0": "",
        "bullets1": "",
        "bullets2": "",
        "bullets3": "",
        "bulletsCount0": 0,
        "bulletsCount1": 0,
        "bulletsCount2": 0,
        "bulletsCount3": 0,
        "crewSkillK": 0.0,
        "applyAllMods": false,
        "props": {
          "army": 1,
          "count": 1,
          "formation_type": "rows",
          "formation_div": 3,
          "formation_step": [
            2.5,
            2.0
          ],
          "formation_noise": [
            0.1,
            0.1
          ]
        },
        "way": {}
      },
      {
        "name": "t1_bunker_07",
        "tm": [
          [
            -0.18544,
            -0.0580889,
            0.980937
          ],
          [
            -0.0401772,
            0.997865,
            0.0514958
          ],
          [
            -0.981834,
            -0.0298615,
            -0.187378
          ],
          [
            -4918.56,
            541.252,
            -8984.69
          ]
        ],
        "unit_class": "ussr_quest_large_art_noground",
        "objLayer": 1,
        "closed_waypoints": false,
        "isShipSpline": false,
        "shipTurnRadius": 100.0,
        "weapons": "",
        "bullets0": "",
        "bullets1": "",
        "bullets2": "",
        "bullets3": "",
        "bulletsCount0": 0,
        "bulletsCount1": 0,
        "bulletsCount2": 0,
        "bulletsCount3": 0,
        "crewSkillK": 0.0,
        "applyAllMods": false,
        "props": {
          "army": 1,
          "count": 1,
          "formation_type": "rows",
          "formation_div": 3,
          "formation_step": [
            2.5,
            2.0
          ],
          "formation_noise": [
            0.1,
            0.1
          ]
        },
        "way": {}
      },
      {
        "name": "t1_art_13",
        "tm": [
          [
            -0.18544,
            -0.0580889,
            0.980937
          ],
          [
            -0.0401772,
            0.997865,
            0.0514958
          ],
          [
            -0.981834,
            -0.0298615,
            -0.187378
          ],
          [
            -5011.73,
            534.703,
            -9001.09
          ]
        ],
        "unit_class": "ussr_quest_large_art_noground",
        "objLayer": 1,
        "closed_waypoints": false,
        "isShipSpline": false,
        "shipTurnRadius": 100.0,
        "weapons": "",
        "bullets0": "",
        "bullets1": "",
        "bullets2": "",
        "bullets3": "",
        "bulletsCount0": 0,
        "bulletsCount1": 0,
        "bulletsCount2": 0,
        "bulletsCount3": 0,
        "crewSkillK": 0.0,
        "applyAllMods": false,
        "props": {
          "army": 1,
          "count": 1,
          "formation_type": "rows",
          "formation_div": 3,
          "formation_step": [
            2.5,
            2.0
          ],
          "formation_noise": [
            0.1,
            0.1
          ]
        },
        "way": {}
      },
      {
        "name": "t1_art_14",
        "tm": [
          [
            -0.18544,
            -0.0580889,
            0.980937
          ],
          [
            -0.0401772,
            0.997865,
            0.0514958
          ],
          [
            -0.981834,
            -0.0298615,
            -0.187378
          ],
          [
            -4847.23,
            535.922,
            -8963.23
          ]
        ],
        "unit_class": "ussr_quest_large_art_noground",
        "objLayer": 1,
        "closed_waypoints": false,
        "isShipSpline": false,
        "shipTurnRadius": 100.0,
        "weapons": "",
        "bullets0": "",
        "bullets1": "",
        "bullets2": "",
        "bullets3": "",
        "bulletsCount0": 0,
        "bulletsCount1": 0,
        "bulletsCount2": 0,
        "bulletsCount3": 0,
        "crewSkillK": 0.0,
        "applyAllMods": false,
        "props": {
          "army": 1,
          "count": 1,
          "formation_type": "rows",
          "formation_div": 3,
          "formation_step": [
            2.5,
            2.0
          ],
          "formation_noise": [
            0.1,
            0.1
          ]
        },
        "way": {}
      },
      {
        "name": "t1_bunker_08",
        "tm": [
          [
            0.230637,
            -0.0662596,
            0.970781
          ],
          [
            0.0125107,
            0.997798,
            0.0651314
          ],
          [
            -0.97296,
            -0.00287679,
            0.23096
          ],
          [
            -11697.8,
            467.271,
            -8602.36
          ]
        ],
        "unit_class": "ussr_quest_large_art_noground",
        "objLayer": 1,
        "closed_waypoints": false,
        "isShipSpline": false,
        "shipTurnRadius": 100.0,
        "weapons": "",
        "bullets0": "",
        "bullets1": "",
        "bullets2": "",
        "bullets3": "",
        "bulletsCount0": 0,
        "bulletsCount1": 0,
        "bulletsCount2": 0,
        "bulletsCount3": 0,
        "crewSkillK": 0.0,
        "applyAllMods": false,
        "props": {
          "army": 1,
          "count": 1,
          "formation_type": "rows",
          "formation_div": 3,
          "formation_step": [
            2.5,
            2.0
          ],
          "formation_noise": [
            0.1,
            0.1
          ]
        },
        "way": {}
      },
      {
        "name": "t1_art_15",
        "tm": [
          [
            0.230637,
            -0.0662596,
            0.970781
          ],
          [
            0.0125107,
            0.997798,
            0.0651314
          ],
          [
            -0.97296,
            -0.00287679,
            0.23096
          ],
          [
            -11789.7,
            463.271,
            -8579.2
          ]
        ],
        "unit_class": "ussr_quest_large_art_noground",
        "objLayer": 1,
        "closed_waypoints": false,
        "isShipSpline": false,
        "shipTurnRadius": 100.0,
        "weapons": "",
        "bullets0": "",
        "bullets1": "",
        "bullets2": "",
        "bullets3": "",
        "bulletsCount0": 0,
        "bulletsCount1": 0,
        "bulletsCount2": 0,
        "bulletsCount3": 0,
        "crewSkillK": 0.0,
        "applyAllMods": false,
        "props": {
          "army": 1,
          "count": 1,
          "formation_type": "rows",
          "formation_div": 3,
          "formation_step": [
            2.5,
            2.0
          ],
          "formation_noise": [
            0.1,
            0.1
          ]
        },
        "way": {}
      },
      {
        "name": "t1_art_16",
        "tm": [
          [
            0.230637,
            -0.0662596,
            0.970781
          ],
          [
            0.0125107,
            0.997798,
            0.0651314
          ],
          [
            -0.97296,
            -0.00287679,
            0.23096
          ],
          [
            -11624.1,
            459.887,
            -8612.04
          ]
        ],
        "unit_class": "ussr_quest_large_art_noground",
        "objLayer": 1,
        "closed_waypoints": false,
