{
  "selected_tag": "",
  "bin_dump_file": "",
  "mission_settings": {
    "player": {
      "army": 1
    },
    "player_teamB": {
      "army": 2
    },
    "mission": {
      "level": "levels/air_smolensk.bin",
      "type": "domination",
      "environment": "Day",
      "weather": "hazy",
      "restoreType": "attempts",
      "optionalTakeOff": false
    }
  },
  "imports": {},
  "triggers": {
    "isCategory": true,
    "is_enabled": true
  },
  "mission_objectives": {
    "isCategory": true,
    "is_enabled": true
  },
  "variables": {},
  "dialogs": {},
  "airfields": {},
  "effects": {},
  "units": {
    "objectGroups": [
      {
        "name": "bdt_t2_bomb_object_01",
        "tm": [
          [
            -0.945052,
            0.0,
            -0.326913
          ],
          [
            0.0,
            1.0,
            0.0
          ],
          [
            0.326913,
            0.0,
            -0.945052
          ],
          [
            9558.67,
            259.679,
            1999.84
          ]
        ],
        "unit_class": "dynBase_hq_camp_square",
        "objLayer": 2,
        "props": {
          "army": 2,
          "active": false
        }
      },
      {
        "name": "bdt_t2_bomb_object_02",
        "tm": [
          [
            -0.956048,
            0.0,
            0.293219
          ],
          [
            0.0,
            1.0,
            0.0
          ],
          [
            -0.293219,
            0.0,
            -0.956048
          ],
          [
            -2980.61,
            230.175,
            9075.51
          ]
        ],
        "unit_class": "dynBase_fuel_storage_square",
        "objLayer": 2,
        "props": {
          "army": 2,
          "active": false
        }
      },
      {
        "name": "bdt_t2_bomb_object_03",
        "tm": [
          [
            -0.035782,
            0.0,
            -0.999362
          ],
          [
            0.0,
            1.0,
            0.0
          ],
          [
            0.999362,
            0.0,
            -0.035782
          ],
          [
            -7948.9,
            269.761,
            6278.66
          ]
        ],
        "unit_class": "dynBase_oil_storage_small_square",
        "objLayer": 2,
        "props": {
          "army": 2,
          "active": false
        }
      },
      {
        "name": "bdt_t1_bomb_object_01",
        "tm": [
          [
            -0.712812,
            0.0,
            -0.701355
          ],
          [
            0.0,
            1.0,
            0.0
          ],
          [
            0.701355,
            0.0,
            -0.712812
          ],
          [
            164.932,
            419.288,
            -16376.6
          ]
        ],
        "unit_class": "dynBase_fuel_storage_square",
        "objLayer": 2,
        "props": {
          "army": 1,
          "active": false
        }
      },
      {
        "name": "bdt_t1_bomb_object_02",
        "tm": [
          [
            -0.0517106,
            0.0,
            -0.998661
          ],
          [
            0.0,
            1.0,
            0.0
          ],
          [
            0.998661,
            0.0,
            -0.0517106
          ],
          [
            6463.59,
            141.74,
            -11012.0
          ]
        ],
        "unit_class": "dynBase_small_factory_square",
        "objLayer": 2,
        "props": {
          "army": 1,
          "active": false
        }
      },
      {
        "name": "bdt_t1_bomb_object_03",
        "tm": [
          [
            0.0529383,
            0.0,
            -0.998597
          ],
          [
            0.0,
            1.0,
            0.0
          ],
          [
            0.998597,
            0.0,
            0.0529383
          ],
          [
            -8663.25,
            175.25,
            -10002.3
          ]
        ],
        "unit_class": "dynBase_oil_storage_small_square",
        "objLayer": 2,
        "props": {
          "army": 1,
          "active": false
        }
      },
      {
        "name": "bdt_t2_bomb_object_04",
        "tm": [
          [
            -0.58663,
            0.0,
            -0.809855
          ],
          [
            0.0,
            1.0,
            0.0
          ],
          [
            0.809855,
            0.0,
            -0.58663
          ],
          [
            11642.2,
            352.568,
            5326.83
          ]
        ],
        "unit_class": "dynBase_small_factory_square",
        "objLayer": 2,
        "props": {
          "army": 2,
          "active": false
        }
      },
      {
        "name": "bdt_t1_bomb_object_04",
        "tm": [
          [
            -0.299923,
            0.0,
            -0.953964
          ],
          [
            0.0,
            1.0,
            0.0
          ],
          [
            0.953964,
            0.0,
            -0.299923
          ],
          [
            -11871.0,
            275.65,
            -2061.6
          ]
        ],
        "unit_class": "dynBase_field_camp_square",
        "objLayer": 2,
        "props": {
          "army": 1,
          "active": false
        }
      },
      {
        "name": "bdt_t1_bomb_object_05",
        "tm": [
          [
            -0.299923,
            0.0,
            -0.953964
          ],
          [
            0.0,
            1.0,
            0.0
          ],
          [
            0.953964,
            0.0,
            -0.299923
          ],
          [
            -14468.6,
            191.785,
            -5993.25
          ]
        ],
        "unit_class": "dynBase_military_base_square",
        "objLayer": 2,
        "props": {
          "army": 1,
          "active": false
        }
      },
      {
        "name": "bdt_t1_bomb_object_06",
        "tm": [
          [
            -0.299923,
            0.0,
            -0.953964
          ],
          [
            0.0,
            1.0,
            0.0
          ],
          [
            0.953964,
            0.0,
            -0.299923
          ],
          [
            -12035.8,
            195.299,
            -10735.0
          ]
        ],
        "unit_class": "dynBase_oil_storage_large_square",
        "objLayer": 2,
        "props": {
          "army": 1,
          "active": false
        }
      },
      {
        "name": "bdt_t1_bomb_object_07",
        "tm": [
          [
            -0.299923,
            0.0,
            -0.953964
          ],
          [
            0.0,
            1.0,
            0.0
          ],
          [
            0.953964,
            0.0,
            -0.299923
          ],
          [
            -10950.7,
            301.45,
            -6259.86
          ]
        ],
        "unit_class": "dynBase_oil_storage_large_square",
        "objLayer": 2,
        "props": {
          "army": 1,
          "active": false
        }
      },
      {
        "name": "bdt_t1_bomb_object_08",
        "tm": [
          [
            -0.712812,
            0.0,
            -0.701355
          ],
          [
            0.0,
            1.0,
            0.0
          ],
          [
            0.701355,
            0.0,
            -0.712812
          ],
          [
            6515.56,
            245.462,
            -14469.6
          ]
        ],
        "unit_class": "dynBase_small_factory_square",
        "objLayer": 2,
        "props": {
          "army": 1,
          "active": false
        }
      },
      {
        "name": "bdt_t1_bomb_object_09",
        "tm": [
          [
            -0.712812,
            0.0,
            -0.701355
          ],
          [
            0.0,
            1.0,
            0.0
          ],
          [
            0.701355,
            0.0,
            -0.712812
          ],
          [
            -3144.69,
            311.873,
            -13410.7
          ]
        ],
        "unit_class": "dynBase_petrol_camp_square",
        "objLayer": 2,
        "props": {
          "army": 1,
          "active": false
        }
      },
      {
        "name": "bdt_t1_bomb_object_10",
        "tm": [
          [
            -0.712812,
            0.0,
            -0.701355
          ],
          [
            0.0,
            1.0,
            0.0
          ],
          [
            0.701355,
            0.0,
            -0.712812
          ],
          [
            2646.89,
            169.583,
            -13002.3
          ]
        ],
        "unit_class": "dynBase_petrol_camp_square",
        "objLayer": 2,
        "props": {
          "army": 1,
          "active": false
        }
      },
      {
        "name": "bdt_t2_bomb_object_05",
        "tm": [
          [
            -0.58663,
            0.0,
            -0.809855
          ],
          [
            0.0,
            1.0,
            0.0
          ],
          [
            0.809855,
            0.0,
            -0.58663
          ],
          [
            13449.5,
            260.344,
            56.4764
          ]
        ],
        "unit_class": "dynBase_petrol_camp_square",
        "objLayer": 2,
        "props": {
          "army": 2,
          "active": false
        }
      },
      {
        "name": "bdt_t2_bomb_object_06",
        "tm": [
          [
            -0.137975,
            0.0,
            -0.990436
          ],
          [
            0.0,
            1.0,
            0.0
          ],
          [
            0.990436,
            0.0,
            -0.137975
          ],
          [
            10277.4,
            234.899,
            -3790.38
          ]
        ],
        "unit_class": "dynBase_military_base_square",
        "objLayer": 2,
        "props": {
          "army": 2,
          "active": false
        }
      },
      {
        "name": "bdt_t2_bomb_object_07",
        "tm": [
          [
            -0.58663,
            0.0,
            -0.809855
          ],
          [
            0.0,
            1.0,
            0.0
          ],
          [
            0.809855,
            0.0,
            -0.58663
          ],
          [
            7020.88,
            416.731,
            6167.83
          ]
        ],
        "unit_class": "dynBase_fuel_storage_square",
        "objLayer": 2,
        "props": {
          "army": 2,
          "active": false
        }
      },
      {
        "name": "bdt_t2_bomb_object_08",
        "tm": [
          [
            -0.035782,
            0.0,
            -0.999362
          ],
          [
            0.0,
            1.0,
            0.0
          ],
          [
            0.999362,
            0.0,
            -0.035782
          ],
          [
            -731.914,
            369.464,
            12101.5
          ]
        ],
        "unit_class": "dynBase_ammunition_storage_square",
        "objLayer": 2,
        "props": {
          "army": 2,
          "active": false
        }
      },
      {
        "name": "bdt_t2_bomb_object_09",
        "tm": [
          [
            -0.035782,
            0.0,
            -0.999362
          ],
          [
            0.0,
            1.0,
            0.0
          ],
          [
            0.999362,
            0.0,
            -0.035782
          ],
          [
            -7112.06,
            173.049,
            10323.6
          ]
        ],
        "unit_class": "dynBase_field_camp_square",
        "objLayer": 2,
        "props": {
          "army": 2,
          "active": false
        }
      },
      {
        "name": "bdt_t2_bomb_object_10",
        "tm": [
          [
            -0.035782,
            0.0,
            -0.999362
          ],
          [
            0.0,
            1.0,
            0.0
          ],
          [
            0.999362,
            0.0,
            -0.035782
          ],
          [
            1845.56,
            342.781,
            8596.03
          ]
        ],
        "unit_class": "dynBase_oil_storage_small_square",
        "objLayer": 2,
        "props": {
          "army": 2,
          "active": false
        }
      }
    ]
  },
  "areas": {
    "bdt_t2_bomb_zone_01": {
      "type": "Sphere",
      "tm": [
        [
          -425.276,
          0.0,
          -147.112
        ],
        [
          0.0,
          450.0,
          0.0
        ],
        [
          147.112,
          0.0,
          -425.276
        ],
        [
          9558.78,
          304.182,
          2006.91
        ]
      ],
      "objLayer": 0,
      "props": {}
    },
    "bdt_t2_bomb_zone_02": {
      "type": "Sphere",
      "tm": [
        [
          -406.336,
          0.0,
          -193.371
        ],
        [
          0.0,
          450.0,
          0.0
        ],
        [
          193.371,
          0.0,
          -406.336
        ],
        [
          -2980.84,
          230.495,
          9053.82
        ]
      ],
      "objLayer": 0,
      "props": {}
    },
    "bdt_t2_bomb_zone_03": {
      "type": "Sphere",
      "tm": [
        [
          -16.104,
          0.0,
          -449.711
        ],
        [
          0.0,
          450.0,
          0.0
        ],
        [
          449.711,
          0.0,
          -16.104
        ],
        [
          -7940.46,
          269.711,
          6283.65
        ]
      ],
      "objLayer": 0,
      "props": {}
    },
    "bdt_t1_bomb_zone_01": {
      "type": "Sphere",
      "tm": [
        [
          -320.766,
          0.0,
          -315.608
        ],
        [
          0.0,
          450.0,
          0.0
        ],
        [
          315.608,
          0.0,
          -320.766
        ],
        [
          158.332,
          419.33,
          -16387.5
        ]
      ],
      "objLayer": 0,
      "props": {}
    },
    "bdt_t1_bomb_zone_02": {
      "type": "Sphere",
      "tm": [
        [
          -119.986,
          0.0,
          -433.708
        ],
        [
          0.0,
          450.0,
          0.0
        ],
        [
          433.708,
          0.0,
          -119.986
        ],
        [
          6464.45,
          171.192,
          -11016.6
        ]
      ],
      "objLayer": 0,
      "props": {}
    },
    "bdt_t1_bomb_zone_03": {
      "type": "Sphere",
      "tm": [
        [
          -148.966,
          0.0,
          -424.627
        ],
        [
          0.0,
          450.0,
          0.0
        ],
        [
          424.627,
          0.0,
          -148.966
        ],
        [
          -8664.57,
          175.119,
          -10007.8
        ]
      ],
      "objLayer": 0,
      "props": {}
    },
    "bdt_t2_bomb_zone_04": {
      "type": "Sphere",
      "tm": [
        [
          -263.984,
          0.0,
          -364.433
        ],
        [
          0.0,
          450.0,
          0.0
        ],
        [
          364.433,
          0.0,
          -263.984
        ],
        [
          11636.3,
          396.935,
          5321.61
        ]
      ],
      "objLayer": 0,
      "props": {}
    },
    "bdt_t1_bomb_zone_04": {
      "type": "Sphere",
      "tm": [
        [
          -148.966,
          0.0,
          -424.627
        ],
        [
          0.0,
          450.0,
          0.0
        ],
        [
          424.627,
          0.0,
          -148.966
        ],
        [
          -11865.7,
          275.617,
          -2063.76
        ]
      ],
      "objLayer": 0,
      "props": {}
    },
    "bdt_t2_bomb_zone_01_aaa_point_01": {
      "type": "Point",
      "tm": [
        [
          -0.60123,
          0.0,
          -0.799074
        ],
        [
          0.0,
          1.0,
          0.0
        ],
        [
          0.799074,
          0.0,
          -0.60123
        ],
        [
          9363.83,
          306.315,
          2120.09
        ]
      ],
      "objLayer": 0,
      "props": {}
    },
    "bdt_t2_bomb_zone_01_aaa_point_02": {
      "type": "Point",
      "tm": [
        [
          -0.60123,
          0.0,
          -0.799074
        ],
        [
          0.0,
          1.0,
          0.0
        ],
        [
          0.799074,
          0.0,
          -0.60123
        ],
        [
          9847.37,
          305.941,
          1961.05
        ]
      ],
      "objLayer": 0,
      "props": {}
    },
    "bdt_t2_bomb_zone_01_aaa_point_03": {
      "type": "Point",
      "tm": [
        [
          -0.60123,
          0.0,
          -0.799074
        ],
        [
          0.0,
          1.0,
          0.0
        ],
        [
          0.799074,
          0.0,
          -0.60123
        ],
        [
          9782.43,
          304.523,
          1861.31
        ]
      ],
      "objLayer": 0,
      "props": {}
    },
    "bdt_t2_bomb_zone_01_aaa_point_04": {
      "type": "Point",
      "tm": [
        [
          -0.60123,
          0.0,
          -0.799074
        ],
        [
          0.0,
          1.0,
          0.0
        ],
        [
          0.799074,
          0.0,
          -0.60123
        ],
        [
          9569.92,
          300.785,
          1539.72
        ]
      ],
      "objLayer": 0,
      "props": {}
    },
    "bdt_t2_bomb_zone_02_aaa_point_01": {
      "type": "Point",
      "tm": [
        [
          -0.508896,
          0.0,
          -0.860826
        ],
        [
          0.0,
          1.0,
          0.0
        ],
        [
          0.860826,
          0.0,
          -0.508896
        ],
        [
          -3008.32,
          227.855,
          9300.83
        ]
      ],
      "objLayer": 0,
      "props": {}
    },
    "bdt_t2_bomb_zone_02_aaa_point_02": {
      "type": "Point",
      "tm": [
        [
          -0.508896,
          0.0,
          -0.860826
        ],
        [
          0.0,
          1.0,
          0.0
        ],
        [
          0.860826,
          0.0,
          -0.508896
        ],
        [
          -2737.88,
          229.695,
          8834.54
        ]
      ],
      "objLayer": 0,
      "props": {}
    },
    "bdt_t2_bomb_zone_02_aaa_point_03": {
      "type": "Point",
      "tm": [
        [
          -0.508896,
          0.0,
          -0.860826
        ],
        [
          0.0,
          1.0,
          0.0
        ],
        [
          0.860826,
          0.0,
          -0.508896
        ],
        [
          -2755.65,
          233.505,
          9219.47
        ]
      ],
      "objLayer": 0,
      "props": {}
    },
    "bdt_t2_bomb_zone_02_aaa_point_04": {
      "type": "Point",
      "tm": [
        [
          -0.508896,
          0.0,
          -0.860826
        ],
        [
          0.0,
          1.0,
          0.0
        ],
        [
          0.860826,
          0.0,
          -0.508896
        ],
        [
          -3129.54,
          227.785,
          8879.14
        ]
      ],
      "objLayer": 0,
      "props": {}
    },
    "bdt_t2_bomb_zone_03_aaa_point_01": {
      "type": "Point",
      "tm": [
        [
          -0.508896,
          0.0,
          -0.860826
        ],
        [
          0.0,
          1.0,
          0.0
        ],
        [
          0.860826,
          0.0,
          -0.508896
        ],
        [
          -8218.37,
          272.511,
          6391.13
        ]
      ],
      "objLayer": 0,
      "props": {}
    },
    "bdt_t2_bomb_zone_03_aaa_point_02": {
      "type": "Point",
      "tm": [
        [
          -0.508896,
          0.0,
          -0.860826
        ],
        [
          0.0,
          1.0,
          0.0
        ],
        [
          0.860826,
          0.0,
          -0.508896
        ],
        [
          -7763.32,
          266.451,
          6050.74
        ]
      ],
      "objLayer": 0,
      "props": {}
    },
    "bdt_t2_bomb_zone_03_aaa_point_03": {
      "type": "Point",
      "tm": [
        [
          -0.508896,
          0.0,
          -0.860826
        ],
        [
          0.0,
          1.0,
          0.0
        ],
        [
          0.860826,
          0.0,
          -0.508896
        ],
        [
          -7622.65,
          266.841,
          6324.06
        ]
      ],
      "objLayer": 0,
      "props": {}
    },
    "bdt_t2_bomb_zone_03_aaa_point_04": {
      "type": "Point",
      "tm": [
        [
          -0.508896,
          0.0,
          -0.860826
        ],
        [
          0.0,
          1.0,
          0.0
        ],
        [
          0.860826,
          0.0,
          -0.508896
        ],
        [
          -8061.14,
          272.371,
          6558.28
        ]
      ],
      "objLayer": 0,
      "props": {}
    },
    "bdt_t2_bomb_zone_04_aaa_point_01": {
      "type": "Point",
      "tm": [
        [
          -0.60123,
          0.0,
          -0.799074
        ],
        [
          0.0,
          1.0,
          0.0
        ],
        [
          0.799074,
          0.0,
          -0.60123
        ],
        [
          11676.7,
          392.788,
          4991.8
        ]
      ],
      "objLayer": 0,
      "props": {}
    },
    "bdt_t2_bomb_zone_04_aaa_point_02": {
      "type": "Point",
      "tm": [
        [
          -0.60123,
          0.0,
          -0.799074
        ],
        [
          0.0,
          1.0,
          0.0
        ],
        [
          0.799074,
          0.0,
          -0.60123
        ],
        [
          11934.5,
          392.549,
          5370.18
        ]
      ],
      "objLayer": 0,
      "props": {}
    },
    "bdt_t2_bomb_zone_04_aaa_point_03": {
      "type": "Point",
      "tm": [
        [
          -0.60123,
          0.0,
          -0.799074
        ],
        [
          0.0,
          1.0,
          0.0
        ],
        [
          0.799074,
          0.0,
          -0.60123
        ],
        [
          11374.4,
          392.392,
          5371.55
        ]
      ],
      "objLayer": 0,
      "props": {}
    },
    "bdt_t2_bomb_zone_04_aaa_point_04": {
      "type": "Point",
      "tm": [
        [
          -0.60123,
          0.0,
          -0.799074
        ],
        [
          0.0,
          1.0,
          0.0
        ],
        [
          0.799074,
          0.0,
          -0.60123
        ],
        [
          11541.6,
          352.647,
          5549.72
        ]
      ],
      "objLayer": 0,
      "props": {}
    },
    "bdt_t1_bomb_zone_01_aaa_point_01": {
      "type": "Point",
      "tm": [
        [
          -0.199434,
          0.0,
          -0.97991
        ],
        [
          0.0,
          1.0,
          0.0
        ],
        [
          0.97991,
          0.0,
          -0.199434
        ],
        [
          116.382,
          422.712,
          -16638.6
        ]
      ],
      "objLayer": 0,
      "props": {}
    },
    "bdt_t1_bomb_zone_01_aaa_point_02": {
      "type": "Point",
      "tm": [
        [
          -0.199434,
          0.0,
          -0.97991
        ],
        [
          0.0,
          1.0,
          0.0
        ],
        [
          0.97991,
          0.0,
          -0.199434
        ],
        [
          267.162,
          416.659,
          -16158.9
        ]
      ],
      "objLayer": 0,
      "props": {}
    },
    "bdt_t1_bomb_zone_01_aaa_point_03": {
      "type": "Point",
      "tm": [
        [
          -0.199434,
          0.0,
          -0.97991
        ],
        [
          0.0,
          1.0,
          0.0
        ],
        [
          0.97991,
          0.0,
          -0.199434
        ],
        [
          -62.6776,
          432.191,
          -16312.8
        ]
      ],
      "objLayer": 0,
      "props": {}
    },
    "bdt_t1_bomb_zone_01_aaa_point_04": {
      "type": "Point",
      "tm": [
        [
          -0.199434,
          0.0,
          -0.97991
        ],
        [
          0.0,
          1.0,
          0.0
        ],
        [
          0.97991,
          0.0,
          -0.199434
        ],
        [
          95.0224,
          425.429,
          -16147.4
        ]
      ],
      "objLayer": 0,
      "props": {}
    },
    "bdt_t1_bomb_zone_02_aaa_point_01": {
      "type": "Point",
      "tm": [
        [
          -0.199434,
          0.0,
          -0.97991
        ],
        [
          0.0,
          1.0,
          0.0
        ],
        [
          0.97991,
          0.0,
          -0.199434
        ],
        [
          6602.5,
          168.933,
          -11249.2
        ]
      ],
      "objLayer": 0,
      "props": {}
    },
    "bdt_t1_bomb_zone_02_aaa_point_02": {
      "type": "Point",
      "tm": [
        [
          -0.199434,
          0.0,
          -0.97991
        ],
        [
          0.0,
          1.0,
          0.0
        ],
        [
          0.97991,
          0.0,
          -0.199434
        ],
        [
          6728.68,
          238.494,
          -10987.8
        ]
      ],
      "objLayer": 0,
      "props": {}
    },
    "bdt_t1_bomb_zone_02_aaa_point_03": {
      "type": "Point",
      "tm": [
        [
          -0.199434,
          0.0,
          -0.97991
        ],
        [
          0.0,
          1.0,
          0.0
        ],
        [
          0.97991,
          0.0,
          -0.199434
        ],
        [
          6040.31,
          199.616,
          -10864.8
        ]
      ],
      "objLayer": 0,
      "props": {}
    },
    "bdt_t1_bomb_zone_02_aaa_point_04": {
      "type": "Point",
      "tm": [
        [
          -0.199434,
          0.0,
          -0.97991
        ],
        [
          0.0,
          1.0,
          0.0
        ],
        [
          0.97991,
          0.0,
          -0.199434
        ],
        [
          6565.29,
          247.266,
          -10703.3
        ]
      ],
      "objLayer": 0,
      "props": {}
    },
    "bdt_t1_bomb_zone_03_aaa_point_01": {
      "type": "Point",
      "tm": [
        [
          -0.306885,
          0.0,
          -0.951746
        ],
        [
          0.0,
          1.0,
          0.0
        ],
        [
          0.951746,
          0.0,
          -0.306885
        ],
        [
          -8823.2,
          179.49,
          -9744.12
        ]
      ],
      "objLayer": 0,
      "props": {}
    },
    "bdt_t1_bomb_zone_03_aaa_point_02": {
      "type": "Point",
      "tm": [
        [
          -0.306885,
          0.0,
          -0.951746
        ],
        [
          0.0,
          1.0,
          0.0
        ],
        [
          0.951746,
          0.0,
          -0.306885
        ],
        [
          -8527.33,
          172.172,
          -10207.3
        ]
      ],
      "objLayer": 0,
      "props": {}
    },
    "bdt_t1_bomb_zone_03_aaa_point_03": {
      "type": "Point",
      "tm": [
        [
          -0.306885,
          0.0,
          -0.951746
        ],
        [
          0.0,
          1.0,
          0.0
        ],
        [
          0.951746,
          0.0,
          -0.306885
        ],
        [
          -8380.41,
          178.939,
          -9969.09
        ]
      ],
      "objLayer": 0,
      "props": {}
    },
    "bdt_t1_bomb_zone_03_aaa_point_04": {
      "type": "Point",
      "tm": [
        [
          -0.306885,
          0.0,
          -0.951746
        ],
        [
          0.0,
          1.0,
          0.0
        ],
        [
          0.951746,
          0.0,
          -0.306885
        ],
        [
          -8892.86,
          176.733,
          -10134.1
        ]
      ],
      "objLayer": 0,
      "props": {}
    },
    "bdt_t1_bomb_zone_04_aaa_point_01": {
      "type": "Point",
      "tm": [
        [
          -0.306885,
          0.0,
          -0.951746
        ],
        [
          0.0,
          1.0,
          0.0
        ],
        [
          0.951746,
          0.0,
          -0.306885
        ],
        [
          -12081.4,
          277.807,
          -2295.84
        ]
      ],
      "objLayer": 0,
      "props": {}
    },
    "bdt_t1_bomb_zone_04_aaa_point_02": {
      "type": "Point",
      "tm": [
        [
          -0.306885,
          0.0,
          -0.951746
        ],
        [
          0.0,
          1.0,
          0.0
        ],
        [
          0.951746,
          0.0,
          -0.306885
        ],
        [
          -11760.3,
          275.734,
          -2293.45
        ]
      ],
      "objLayer": 0,
      "props": {}
    },
    "bdt_t1_bomb_zone_04_aaa_point_03": {
      "type": "Point",
      "tm": [
        [
          -0.306885,
          0.0,
          -0.951746
        ],
        [
          0.0,
          1.0,
          0.0
        ],
        [
          0.951746,
          0.0,
          -0.306885
        ],
        [
          -12140.7,
          276.662,
          -1968.76
        ]
      ],
      "objLayer": 0,
      "props": {}
    },
    "bdt_t1_bomb_zone_04_aaa_point_04": {
      "type": "Point",
      "tm": [
        [
          -0.306885,
          0.0,
          -0.951746
        ],
        [
          0.0,
          1.0,
          0.0
        ],
        [
          0.951746,
          0.0,
          -0.306885
        ],
        [
          -11558.7,
          275.075,
          -1998.55
        ]
      ],
      "objLayer": 0,
      "props": {}
    },
    "bdt_t1_bomb_zone_05": {
      "type": "Sphere",
      "tm": [
        [
          -148.966,
          0.0,
          -424.627
        ],
        [
          0.0,
          450.0,
          0.0
        ],
        [
          424.627,
          0.0,
          -148.966
        ],
        [
          -14463.1,
          191.807,
          -5995.37
        ]
      ],
      "objLayer": 0,
      "props": {}
    },
    "bdt_t1_bomb_zone_06": {
      "type": "Sphere",
      "tm": [
        [
          -148.966,
          0.0,
          -424.627
        ],
        [
          0.0,
          450.0,
          0.0
        ],
        [
          424.627,
          0.0,
          -148.966
        ],
        [
          -12030.4,
          195.357,
          -10737.2
        ]
      ],
      "objLayer": 0,
      "props": {}
    },
    "bdt_t1_bomb_zone_07": {
      "type": "Sphere",
      "tm": [
        [
          -148.966,
          0.0,
          -424.627
        ],
        [
          0.0,
          450.0,
          0.0
        ],
        [
          424.627,
          0.0,
          -148.966
        ],
        [
          -10945.2,
          301.565,
          -6262.08
        ]
      ],
      "objLayer": 0,
      "props": {}
    },
    "bdt_t1_bomb_zone_08": {
      "type": "Sphere",
      "tm": [
        [
          -320.766,
          0.0,
          -315.608
        ],
        [
          0.0,
          450.0,
          0.0
        ],
        [
          315.608,
          0.0,
          -320.766
        ],
        [
          6508.89,
          276.818,
          -14480.4
        ]
      ],
      "objLayer": 0,
      "props": {}
    },
    "bdt_t1_bomb_zone_09": {
      "type": "Sphere",
      "tm": [
        [
          -320.766,
          0.0,
          -315.608
        ],
        [
          0.0,
          450.0,
          0.0
        ],
        [
          315.608,
          0.0,
          -320.766
        ],
        [
          -3151.21,
          312.164,
          -13421.3
        ]
      ],
      "objLayer": 0,
      "props": {}
    },
    "bdt_t1_bomb_zone_10": {
      "type": "Sphere",
      "tm": [
        [
          -320.766,
          0.0,
          -315.608
        ],
        [
          0.0,
          450.0,
          0.0
        ],
        [
          315.608,
          0.0,
          -320.766
        ],
        [
          2640.23,
          202.688,
          -13013.1
        ]
      ],
      "objLayer": 0,
      "props": {}
    },
    "bdt_t1_bomb_zone_05_aaa_point_01": {
      "type": "Point",
      "tm": [
        [
          -0.306885,
          0.0,
          -0.951746
        ],
        [
          0.0,
          1.0,
          0.0
        ],
        [
          0.951746,
          0.0,
          -0.306885
        ],
        [
          -14357.6,
          192.065,
          -5742.45
        ]
      ],
      "objLayer": 0,
      "props": {}
    },
    "bdt_t1_bomb_zone_05_aaa_point_02": {
      "type": "Point",
      "tm": [
        [
          -0.306885,
          0.0,
          -0.951746
        ],
        [
          0.0,
          1.0,
          0.0
        ],
        [
          0.951746,
          0.0,
          -0.306885
        ],
        [
          -14512.5,
          191.164,
          -5847.98
        ]
      ],
      "objLayer": 0,
      "props": {}
    },
    "bdt_t1_bomb_zone_05_aaa_point_03": {
      "type": "Point",
      "tm": [
        [
          -0.306885,
          0.0,
          -0.951746
        ],
        [
          0.0,
          1.0,
          0.0
        ],
        [
          0.951746,
          0.0,
          -0.306885
        ],
        [
          -14583.9,
          192.374,
          -6256.5
        ]
      ],
      "objLayer": 0,
      "props": {}
    },
    "bdt_t1_bomb_zone_05_aaa_point_04": {
      "type": "Point",
      "tm": [
        [
          -0.306885,
          0.0,
          -0.951746
        ],
        [
          0.0,
          1.0,
          0.0
        ],
        [
          0.951746,
          0.0,
          -0.306885
        ],
        [
          -14349.3,
          193.076,
          -6248.52
        ]
      ],
      "objLayer": 0,
      "props": {}
    },
    "bdt_t1_bomb_zone_06_aaa_point_01": {
      "type": "Point",
      "tm": [
        [
          -0.306885,
          0.0,
          -0.951746
        ],
        [
          0.0,
          1.0,
          0.0
        ],
        [
          0.951746,
          0.0,
          -0.306885
        ],
        [
          -12246.7,
          190.649,
          -10478.3
        ]
      ],
      "objLayer": 0,
      "props": {}
    },
    "bdt_t1_bomb_zone_06_aaa_point_02": {
      "type": "Point",
      "tm": [
        [
          -0.306885,
          0.0,
          -0.951746
        ],
        [
          0.0,
          1.0,
          0.0
        ],
        [
          0.951746,
          0.0,
          -0.306885
        ],
        [
          -11991.0,
          192.907,
          -10414.9
        ]
      ],
      "objLayer": 0,
      "props": {}
    },
    "bdt_t1_bomb_zone_06_aaa_point_03": {
      "type": "Point",
      "tm": [
        [
          -0.306885,
          0.0,
          -0.951746
        ],
        [
          0.0,
          1.0,
          0.0
        ],
        [
          0.951746,
          0.0,
          -0.306885
        ],
        [
          -11739.5,
          196.882,
          -10841.6
        ]
      ],
      "objLayer": 0,
      "props": {}
    },
    "bdt_t1_bomb_zone_06_aaa_point_04": {
      "type": "Point",
      "tm": [
        [
          -0.306885,
          0.0,
          -0.951746
        ],
        [
          0.0,
          1.0,
          0.0
        ],
        [
          0.951746,
          0.0,
          -0.306885
        ],
        [
          -12236.7,
          192.656,
          -10951.8
        ]
      ],
      "objLayer": 0,
      "props": {}
    },
    "bdt_t1_bomb_zone_07_aaa_point_01": {
      "type": "Point",
      "tm": [
        [
          -0.306885,
          0.0,
          -0.951746
        ],
        [
          0.0,
          1.0,
          0.0
        ],
        [
          0.951746,
          0.0,
          -0.306885
        ],
        [
          -10742.1,
          302.867,
          -6484.59
        ]
      ],
      "objLayer": 0,
      "props": {}
    },
    "bdt_t1_bomb_zone_07_aaa_point_02": {
      "type": "Point",
      "tm": [
        [
          -0.306885,
          0.0,
          -0.951746
        ],
        [
          0.0,
          1.0,
          0.0
        ],
        [
          0.951746,
          0.0,
          -0.306885
        ],
        [
          -11176.9,
          295.571,
          -6001.34
        ]
      ],
      "objLayer": 0,
      "props": {}
    },
    "bdt_t1_bomb_zone_07_aaa_point_03": {
      "type": "Point",
      "tm": [
        [
          -0.306885,
          0.0,
          -0.951746
        ],
        [
          0.0,
          1.0,
          0.0
        ],
        [
          0.951746,
          0.0,
          -0.306885
        ],
        [
          -11185.0,
          290.708,
          -6497.4
        ]
      ],
      "objLayer": 0,
      "props": {}
    },
    "bdt_t1_bomb_zone_07_aaa_point_04": {
      "type": "Point",
      "tm": [
        [
          -0.306885,
          0.0,
          -0.951746
        ],
        [
          0.0,
          1.0,
          0.0
        ],
        [
          0.951746,
          0.0,
          -0.306885
        ],
        [
          -10550.5,
          300.136,
          -6187.25
        ]
      ],
      "objLayer": 0,
      "props": {}
    },
    "bdt_t1_bomb_zone_08_aaa_point_01": {
      "type": "Point",
      "tm": [
        [
          -0.199434,
          0.0,
          -0.97991
        ],
        [
          0.0,
          1.0,
          0.0
        ],
        [
          0.97991,
          0.0,
          -0.199434
        ],
        [
          6819.24,
          220.662,
          -14464.5
        ]
      ],
      "objLayer": 0,
      "props": {}
    },
    "bdt_t1_bomb_zone_08_aaa_point_02": {
      "type": "Point",
      "tm": [
        [
          -0.199434,
          0.0,
          -0.97991
        ],
        [
          0.0,
          1.0,
          0.0
        ],
        [
          0.97991,
          0.0,
          -0.199434
        ],
        [
          6454.67,
          278.021,
          -14179.3
        ]
      ],
      "objLayer": 0,
      "props": {}
    },
    "bdt_t1_bomb_zone_08_aaa_point_03": {
      "type": "Point",
      "tm": [
        [
          -0.199434,
          0.0,
          -0.97991
        ],
        [
          0.0,
          1.0,
          0.0
        ],
        [
          0.97991,
          0.0,
          -0.199434
        ],
        [
          6151.21,
          275.593,
          -14470.0
        ]
      ],
      "objLayer": 0,
      "props": {}
    },
    "bdt_t1_bomb_zone_08_aaa_point_04": {
      "type": "Point",
      "tm": [
        [
          -0.199434,
          0.0,
          -0.97991
        ],
        [
          0.0,
          1.0,
          0.0
        ],
        [
          0.97991,
          0.0,
          -0.199434
        ],
        [
          6460.38,
          278.709,
          -14748.2
        ]
      ],
      "objLayer": 0,
      "props": {}
    },
    "bdt_t1_bomb_zone_09_aaa_point_01": {
      "type": "Point",
      "tm": [
        [
          -0.199434,
          0.0,
          -0.97991
        ],
        [
          0.0,
          1.0,
          0.0
        ],
        [
          0.97991,
          0.0,
          -0.199434
        ],
        [
          -2981.52,
          311.855,
          -13006.7
        ]
      ],
      "objLayer": 0,
      "props": {}
    },
    "bdt_t1_bomb_zone_09_aaa_point_02": {
      "type": "Point",
      "tm": [
        [
          -0.199434,
          0.0,
          -0.97991
        ],
        [
          0.0,
          1.0,
          0.0
        ],
        [
          0.97991,
          0.0,
          -0.199434
        ],
        [
          -3455.44,
          303.343,
          -13146.0
        ]
      ],
      "objLayer": 0,
      "props": {}
    },
    "bdt_t1_bomb_zone_09_aaa_point_03": {
      "type": "Point",
      "tm": [
        [
          -0.199434,
          0.0,
          -0.97991
        ],
        [
          0.0,
          1.0,
          0.0
        ],
        [
          0.97991,
          0.0,
          -0.199434
        ],
        [
          -2654.74,
          317.55,
          -13455.5
        ]
      ],
      "objLayer": 0,
      "props": {}
    },
    "bdt_t1_bomb_zone_09_aaa_point_04": {
      "type": "Point",
      "tm": [
        [
          -0.199434,
          0.0,
          -0.97991
        ],
        [
          0.0,
          1.0,
          0.0
        ],
