{
  "selected_tag": "",
  "bin_dump_file": "",
  "mission_settings": {
    "player": {
      "army": 1
    },
    "player_teamB": {
      "army": 2
    },
    "mission": {
      "level": "levels/air_smolensk.bin",
      "type": "domination",
      "environment": "Day",
      "weather": "hazy",
      "restoreType": "attempts",
      "optionalTakeOff": false
    }
  },
  "imports": {},
  "triggers": {
    "isCategory": true,
    "is_enabled": true
  },
  "mission_objectives": {
    "isCategory": true,
    "is_enabled": true
  },
  "variables": {},
  "dialogs": {},
  "airfields": {},
  "effects": {},
  "units": {
    "objectGroups": [
      {
        "name": "bdt_t2_bomb_object_01",
        "tm": [
          [
            -0.945052,
            0.0,
            -0.326914
          ],
          [
            0.0,
            1.0,
            0.0
          ],
          [
            0.326914,
            0.0,
            -0.945052
          ],
          [
            5972.15,
            333.75,
            500.7
          ]
        ],
        "unit_class": "dynBase_hq_camp_square",
        "objLayer": 2,
        "props": {
          "army": 2,
          "active": false
        }
      },
      {
        "name": "bdt_t2_bomb_object_02",
        "tm": [
          [
            -0.956048,
            0.0,
            0.293218
          ],
          [
            0.0,
            1.0,
            0.0
          ],
          [
            -0.293218,
            0.0,
            -0.956048
          ],
          [
            883.55,
            365.949,
            4954.65
          ]
        ],
        "unit_class": "dynBase_fuel_storage_square",
        "objLayer": 2,
        "props": {
          "army": 2,
          "active": false
        }
      },
      {
        "name": "bdt_t2_bomb_object_03",
        "tm": [
          [
            -0.0357806,
            0.0,
            -0.999362
          ],
          [
            0.0,
            1.0,
            0.0
          ],
          [
            0.999362,
            0.0,
            -0.0357806
          ],
          [
            -2336.25,
            430.4,
            4934.75
          ]
        ],
        "unit_class": "dynBase_oil_storage_small_square",
        "objLayer": 2,
        "props": {
          "army": 2,
          "active": false
        }
      },
      {
        "name": "bdt_t1_bomb_object_01",
        "tm": [
          [
            -0.712811,
            0.0,
            -0.701356
          ],
          [
            0.0,
            1.0,
            0.0
          ],
          [
            0.701356,
            0.0,
            -0.712811
          ],
          [
            3553.5,
            162.964,
            -10700.8
          ]
        ],
        "unit_class": "dynBase_fuel_storage_square",
        "objLayer": 2,
        "props": {
          "army": 1,
          "active": false
        }
      },
      {
        "name": "bdt_t1_bomb_object_02",
        "tm": [
          [
            -0.0517092,
            0.0,
            -0.998661
          ],
          [
            0.0,
            1.0,
            0.0
          ],
          [
            0.998661,
            0.0,
            -0.0517092
          ],
          [
            1676.8,
            309.9,
            -8688.55
          ]
        ],
        "unit_class": "dynBase_small_factory_square",
        "objLayer": 2,
        "props": {
          "army": 1,
          "active": false
        }
      },
      {
        "name": "bdt_t1_bomb_object_03",
        "tm": [
          [
            0.0529397,
            0.0,
            -0.998597
          ],
          [
            0.0,
            1.0,
            0.0
          ],
          [
            0.998597,
            0.0,
            0.0529397
          ],
          [
            -5719.15,
            284.4,
            -6667.25
          ]
        ],
        "unit_class": "dynBase_oil_storage_small_square",
        "objLayer": 2,
        "props": {
          "army": 1,
          "active": false
        }
      },
      {
        "name": "bdt_t2_bomb_object_04",
        "tm": [
          [
            -0.586629,
            0.0,
            -0.809856
          ],
          [
            0.0,
            1.0,
            0.0
          ],
          [
            0.809856,
            0.0,
            -0.586629
          ],
          [
            6944.8,
            346.35,
            3240.65
          ]
        ],
        "unit_class": "dynBase_small_factory_square",
        "objLayer": 2,
        "props": {
          "army": 2,
          "active": false
        }
      },
      {
        "name": "bdt_t1_bomb_object_04",
        "tm": [
          [
            -0.299921,
            0.0,
            -0.953964
          ],
          [
            0.0,
            1.0,
            0.0
          ],
          [
            0.953964,
            0.0,
            -0.299921
          ],
          [
            -7489.65,
            308.2,
            -3869.5
          ]
        ],
        "unit_class": "dynBase_field_camp_square",
        "objLayer": 2,
        "props": {
          "army": 1,
          "active": false
        }
      },
      {
        "name": "bdt_t1_bomb_object_05",
        "tm": [
          [
            -0.299921,
            0.0,
            -0.953964
          ],
          [
            0.0,
            1.0,
            0.0
          ],
          [
            0.953964,
            0.0,
            -0.299921
          ],
          [
            -7712.1,
            285.8,
            -1080.25
          ]
        ],
        "unit_class": "dynBase_military_base_square",
        "objLayer": 2,
        "props": {
          "army": 1,
          "active": false
        }
      },
      {
        "name": "bdt_t1_bomb_object_06",
        "tm": [
          [
            -0.299921,
            0.0,
            -0.953964
          ],
          [
            0.0,
            1.0,
            0.0
          ],
          [
            0.953964,
            0.0,
            -0.299921
          ],
          [
            -8713.4,
            341.45,
            -6395.8
          ]
        ],
        "unit_class": "dynBase_oil_storage_large_square",
        "objLayer": 2,
        "props": {
          "army": 1,
          "active": false
        }
      },
      {
        "name": "bdt_t1_bomb_object_07",
        "tm": [
          [
            -0.299921,
            0.0,
            -0.953964
          ],
          [
            0.0,
            1.0,
            0.0
          ],
          [
            0.953964,
            0.0,
            -0.299921
          ],
          [
            -9631.55,
            295.55,
            -3078.8
          ]
        ],
        "unit_class": "dynBase_oil_storage_large_square",
        "objLayer": 2,
        "props": {
          "army": 1,
          "active": false
        }
      },
      {
        "name": "bdt_t1_bomb_object_08",
        "tm": [
          [
            -0.712811,
            0.0,
            -0.701356
          ],
          [
            0.0,
            1.0,
            0.0
          ],
          [
            0.701356,
            0.0,
            -0.712811
          ],
          [
            3854.75,
            323.45,
            -7463.6
          ]
        ],
        "unit_class": "dynBase_small_factory_square",
        "objLayer": 2,
        "props": {
          "army": 1,
          "active": false
        }
      },
      {
        "name": "bdt_t1_bomb_object_09",
        "tm": [
          [
            -0.712811,
            0.0,
            -0.701356
          ],
          [
            0.0,
            1.0,
            0.0
          ],
          [
            0.701356,
            0.0,
            -0.712811
          ],
          [
            -1462.65,
            365.95,
            -8927.45
          ]
        ],
        "unit_class": "dynBase_petrol_camp_square",
        "objLayer": 2,
        "props": {
          "army": 1,
          "active": false
        }
      },
      {
        "name": "bdt_t1_bomb_object_10",
        "tm": [
          [
            -0.712811,
            0.0,
            -0.701356
          ],
          [
            0.0,
            1.0,
            0.0
          ],
          [
            0.701356,
            0.0,
            -0.712811
          ],
          [
            679.4,
            289.55,
            -11046.7
          ]
        ],
        "unit_class": "dynBase_petrol_camp_square",
        "objLayer": 2,
        "props": {
          "army": 1,
          "active": false
        }
      },
      {
        "name": "bdt_t2_bomb_object_05",
        "tm": [
          [
            -0.586629,
            0.0,
            -0.809856
          ],
          [
            0.0,
            1.0,
            0.0
          ],
          [
            0.809856,
            0.0,
            -0.586629
          ],
          [
            8324.25,
            317.2,
            -543.85
          ]
        ],
        "unit_class": "dynBase_petrol_camp_square",
        "objLayer": 2,
        "props": {
          "army": 2,
          "active": false
        }
      },
      {
        "name": "bdt_t2_bomb_object_06",
        "tm": [
          [
            -0.137974,
            0.0,
            -0.990437
          ],
          [
            0.0,
            1.0,
            0.0
          ],
          [
            0.990437,
            0.0,
            -0.137974
          ],
          [
            6370.35,
            280.85,
            -3037.2
          ]
        ],
        "unit_class": "dynBase_military_base_square",
        "objLayer": 2,
        "props": {
          "army": 2,
          "active": false
        }
      },
      {
        "name": "bdt_t2_bomb_object_07",
        "tm": [
          [
            -0.586629,
            0.0,
            -0.809856
          ],
          [
            0.0,
            1.0,
            0.0
          ],
          [
            0.809856,
            0.0,
            -0.586629
          ],
          [
            4413.85,
            353.65,
            3157.75
          ]
        ],
        "unit_class": "dynBase_fuel_storage_square",
        "objLayer": 2,
        "props": {
          "army": 2,
          "active": false
        }
      },
      {
        "name": "bdt_t2_bomb_object_08",
        "tm": [
          [
            -0.0357806,
            0.0,
            -0.999362
          ],
          [
            0.0,
            1.0,
            0.0
          ],
          [
            0.999362,
            0.0,
            -0.0357806
          ],
          [
            -1528.6,
            389.75,
            6906.05
          ]
        ],
        "unit_class": "dynBase_ammunition_storage_square",
        "objLayer": 2,
        "props": {
          "army": 2,
          "active": false
        }
      },
      {
        "name": "bdt_t2_bomb_object_09",
        "tm": [
          [
            -0.0357806,
            0.0,
            -0.999362
          ],
          [
            0.0,
            1.0,
            0.0
          ],
          [
            0.999362,
            0.0,
            -0.0357806
          ],
          [
            -5350.65,
            344.4,
            3469.15
          ]
        ],
        "unit_class": "dynBase_field_camp_square",
        "objLayer": 2,
        "props": {
          "army": 2,
          "active": false
        }
      },
      {
        "name": "bdt_t2_bomb_object_10",
        "tm": [
          [
            -0.0357806,
            0.0,
            -0.999362
          ],
          [
            0.0,
            1.0,
            0.0
          ],
          [
            0.999362,
            0.0,
            -0.0357806
          ],
          [
            -5146.2,
            246.75,
            6259.9
          ]
        ],
        "unit_class": "dynBase_oil_storage_small_square",
        "objLayer": 2,
        "props": {
          "army": 2,
          "active": false
        }
      }
    ]
  },
  "areas": {
    "bdt_t2_bomb_zone_01": {
      "type": "Sphere",
      "tm": [
        [
          -425.275,
          0.0,
          -147.112
        ],
        [
          0.0,
          450.0,
          0.0
        ],
        [
          147.112,
          0.0,
          -425.275
        ],
        [
          5972.25,
          333.821,
          507.779
        ]
      ],
      "objLayer": 0,
      "props": {}
    },
    "bdt_t2_bomb_zone_02": {
      "type": "Sphere",
      "tm": [
        [
          -406.335,
          0.0,
          -193.372
        ],
        [
          0.0,
          450.0,
          0.0
        ],
        [
          193.372,
          0.0,
          -406.335
        ],
        [
          883.32,
          366.269,
          4932.95
        ]
      ],
      "objLayer": 0,
      "props": {}
    },
    "bdt_t2_bomb_zone_03": {
      "type": "Sphere",
      "tm": [
        [
          -16.1034,
          0.0,
          -449.711
        ],
        [
          0.0,
          450.0,
          0.0
        ],
        [
          449.711,
          0.0,
          -16.1034
        ],
        [
          -2327.81,
          430.35,
          4939.75
        ]
      ],
      "objLayer": 0,
      "props": {}
    },
    "bdt_t1_bomb_zone_01": {
      "type": "Sphere",
      "tm": [
        [
          -320.766,
          0.0,
          -315.609
        ],
        [
          0.0,
          450.0,
          0.0
        ],
        [
          315.609,
          0.0,
          -320.766
        ],
        [
          3546.89,
          163.006,
          -10711.6
        ]
      ],
      "objLayer": 0,
      "props": {}
    },
    "bdt_t1_bomb_zone_02": {
      "type": "Sphere",
      "tm": [
        [
          -119.986,
          0.0,
          -433.708
        ],
        [
          0.0,
          450.0,
          0.0
        ],
        [
          433.708,
          0.0,
          -119.986
        ],
        [
          1677.66,
          308.415,
          -8693.19
        ]
      ],
      "objLayer": 0,
      "props": {}
    },
    "bdt_t1_bomb_zone_03": {
      "type": "Sphere",
      "tm": [
        [
          -148.966,
          0.0,
          -424.627
        ],
        [
          0.0,
          450.0,
          0.0
        ],
        [
          424.627,
          0.0,
          -148.966
        ],
        [
          -5720.47,
          284.269,
          -6672.79
        ]
      ],
      "objLayer": 0,
      "props": {}
    },
    "bdt_t2_bomb_zone_04": {
      "type": "Sphere",
      "tm": [
        [
          -263.983,
          0.0,
          -364.433
        ],
        [
          0.0,
          450.0,
          0.0
        ],
        [
          364.433,
          0.0,
          -263.983
        ],
        [
          6938.83,
          346.284,
          3235.44
        ]
      ],
      "objLayer": 0,
      "props": {}
    },
    "bdt_t1_bomb_zone_04": {
      "type": "Sphere",
      "tm": [
        [
          -148.966,
          0.0,
          -424.627
        ],
        [
          0.0,
          450.0,
          0.0
        ],
        [
          424.627,
          0.0,
          -148.966
        ],
        [
          -7484.31,
          308.167,
          -3871.66
        ]
      ],
      "objLayer": 0,
      "props": {}
    },
    "bdt_t2_bomb_zone_01_aaa_point_01": {
      "type": "Point",
      "tm": [
        [
          -0.601229,
          0.0,
          -0.799075
        ],
        [
          0.0,
          1.0,
          0.0
        ],
        [
          0.799075,
          0.0,
          -0.601229
        ],
        [
          5777.3,
          335.953,
          620.958
        ]
      ],
      "objLayer": 0,
      "props": {}
    },
    "bdt_t2_bomb_zone_01_aaa_point_02": {
      "type": "Point",
      "tm": [
        [
          -0.601229,
          0.0,
          -0.799075
        ],
        [
          0.0,
          1.0,
          0.0
        ],
        [
          0.799075,
          0.0,
          -0.601229
        ],
        [
          6260.84,
          335.579,
          461.915
        ]
      ],
      "objLayer": 0,
      "props": {}
    },
    "bdt_t2_bomb_zone_01_aaa_point_03": {
      "type": "Point",
      "tm": [
        [
          -0.601229,
          0.0,
          -0.799075
        ],
        [
          0.0,
          1.0,
          0.0
        ],
        [
          0.799075,
          0.0,
          -0.601229
        ],
        [
          6195.9,
          334.162,
          362.176
        ]
      ],
      "objLayer": 0,
      "props": {}
    },
    "bdt_t2_bomb_zone_01_aaa_point_04": {
      "type": "Point",
      "tm": [
        [
          -0.601229,
          0.0,
          -0.799075
        ],
        [
          0.0,
          1.0,
          0.0
        ],
        [
          0.799075,
          0.0,
          -0.601229
        ],
        [
          5983.39,
          330.424,
          40.589
        ]
      ],
      "objLayer": 0,
      "props": {}
    },
    "bdt_t2_bomb_zone_02_aaa_point_01": {
      "type": "Point",
      "tm": [
        [
          -0.508895,
          0.0,
          -0.860827
        ],
        [
          0.0,
          1.0,
          0.0
        ],
        [
          0.860827,
          0.0,
          -0.508895
        ],
        [
          855.84,
          363.629,
          5179.97
        ]
      ],
      "objLayer": 0,
      "props": {}
    },
    "bdt_t2_bomb_zone_02_aaa_point_02": {
      "type": "Point",
      "tm": [
        [
          -0.508895,
          0.0,
          -0.860827
        ],
        [
          0.0,
          1.0,
          0.0
        ],
        [
          0.860827,
          0.0,
          -0.508895
        ],
        [
          1126.28,
          365.469,
          4713.69
        ]
      ],
      "objLayer": 0,
      "props": {}
    },
    "bdt_t2_bomb_zone_02_aaa_point_03": {
      "type": "Point",
      "tm": [
        [
          -0.508895,
          0.0,
          -0.860827
        ],
        [
          0.0,
          1.0,
          0.0
        ],
        [
          0.860827,
          0.0,
          -0.508895
        ],
        [
          1108.51,
          369.279,
          5098.6
        ]
      ],
      "objLayer": 0,
      "props": {}
    },
    "bdt_t2_bomb_zone_02_aaa_point_04": {
      "type": "Point",
      "tm": [
        [
          -0.508895,
          0.0,
          -0.860827
        ],
        [
          0.0,
          1.0,
          0.0
        ],
        [
          0.860827,
          0.0,
          -0.508895
        ],
        [
          734.62,
          363.559,
          4758.28
        ]
      ],
      "objLayer": 0,
      "props": {}
    },
    "bdt_t2_bomb_zone_03_aaa_point_01": {
      "type": "Point",
      "tm": [
        [
          -0.508895,
          0.0,
          -0.860827
        ],
        [
          0.0,
          1.0,
          0.0
        ],
        [
          0.860827,
          0.0,
          -0.508895
        ],
        [
          -2605.73,
          433.15,
          5047.23
        ]
      ],
      "objLayer": 0,
      "props": {}
    },
    "bdt_t2_bomb_zone_03_aaa_point_02": {
      "type": "Point",
      "tm": [
        [
          -0.508895,
          0.0,
          -0.860827
        ],
        [
          0.0,
          1.0,
          0.0
        ],
        [
          0.860827,
          0.0,
          -0.508895
        ],
        [
          -2150.67,
          427.09,
          4706.84
        ]
      ],
      "objLayer": 0,
      "props": {}
    },
    "bdt_t2_bomb_zone_03_aaa_point_03": {
      "type": "Point",
      "tm": [
        [
          -0.508895,
          0.0,
          -0.860827
        ],
        [
          0.0,
          1.0,
          0.0
        ],
        [
          0.860827,
          0.0,
          -0.508895
        ],
        [
          -2010.0,
          427.48,
          4980.15
        ]
      ],
      "objLayer": 0,
      "props": {}
    },
    "bdt_t2_bomb_zone_03_aaa_point_04": {
      "type": "Point",
      "tm": [
        [
          -0.508895,
          0.0,
          -0.860827
        ],
        [
          0.0,
          1.0,
          0.0
        ],
        [
          0.860827,
          0.0,
          -0.508895
        ],
        [
          -2448.49,
          433.01,
          5214.38
        ]
      ],
      "objLayer": 0,
      "props": {}
    },
    "bdt_t2_bomb_zone_04_aaa_point_01": {
      "type": "Point",
      "tm": [
        [
          -0.601229,
          0.0,
          -0.799075
        ],
        [
          0.0,
          1.0,
          0.0
        ],
        [
          0.799075,
          0.0,
          -0.601229
        ],
        [
          6979.26,
          342.137,
          2905.63
        ]
      ],
      "objLayer": 0,
      "props": {}
    },
    "bdt_t2_bomb_zone_04_aaa_point_02": {
      "type": "Point",
      "tm": [
        [
          -0.601229,
          0.0,
          -0.799075
        ],
        [
          0.0,
          1.0,
          0.0
        ],
        [
          0.799075,
          0.0,
          -0.601229
        ],
        [
          7237.09,
          341.898,
          3284.01
        ]
      ],
      "objLayer": 0,
      "props": {}
    },
    "bdt_t2_bomb_zone_04_aaa_point_03": {
      "type": "Point",
      "tm": [
        [
          -0.601229,
          0.0,
          -0.799075
        ],
        [
          0.0,
          1.0,
          0.0
        ],
        [
          0.799075,
          0.0,
          -0.601229
        ],
        [
          6676.98,
          341.741,
          3285.38
        ]
      ],
      "objLayer": 0,
      "props": {}
    },
    "bdt_t2_bomb_zone_04_aaa_point_04": {
      "type": "Point",
      "tm": [
        [
          -0.601229,
          0.0,
          -0.799075
        ],
        [
          0.0,
          1.0,
          0.0
        ],
        [
          0.799075,
          0.0,
          -0.601229
        ],
        [
          6844.22,
          301.996,
          3463.54
        ]
      ],
      "objLayer": 0,
      "props": {}
    },
    "bdt_t1_bomb_zone_01_aaa_point_01": {
      "type": "Point",
      "tm": [
        [
          -0.199433,
          0.0,
          -0.979911
        ],
        [
          0.0,
          1.0,
          0.0
        ],
        [
          0.979911,
          0.0,
          -0.199433
        ],
        [
          3504.95,
          166.388,
          -10962.8
        ]
      ],
      "objLayer": 0,
      "props": {}
    },
    "bdt_t1_bomb_zone_01_aaa_point_02": {
      "type": "Point",
      "tm": [
        [
          -0.199433,
          0.0,
          -0.979911
        ],
        [
          0.0,
          1.0,
          0.0
        ],
        [
          0.979911,
          0.0,
          -0.199433
        ],
        [
          3655.73,
          160.335,
          -10483.0
        ]
      ],
      "objLayer": 0,
      "props": {}
    },
    "bdt_t1_bomb_zone_01_aaa_point_03": {
      "type": "Point",
      "tm": [
        [
          -0.199433,
          0.0,
          -0.979911
        ],
        [
          0.0,
          1.0,
          0.0
        ],
        [
          0.979911,
          0.0,
          -0.199433
        ],
        [
          3325.89,
          175.867,
          -10637.0
        ]
      ],
      "objLayer": 0,
      "props": {}
    },
    "bdt_t1_bomb_zone_01_aaa_point_04": {
      "type": "Point",
      "tm": [
        [
          -0.199433,
          0.0,
          -0.979911
        ],
        [
          0.0,
          1.0,
          0.0
        ],
        [
          0.979911,
          0.0,
          -0.199433
        ],
        [
          3483.58,
          169.105,
          -10471.5
        ]
      ],
      "objLayer": 0,
      "props": {}
    },
    "bdt_t1_bomb_zone_02_aaa_point_01": {
      "type": "Point",
      "tm": [
        [
          -0.199433,
          0.0,
          -0.979911
        ],
        [
          0.0,
          1.0,
          0.0
        ],
        [
          0.979911,
          0.0,
          -0.199433
        ],
        [
          1815.71,
          306.156,
          -8925.74
        ]
      ],
      "objLayer": 0,
      "props": {}
    },
    "bdt_t1_bomb_zone_02_aaa_point_02": {
      "type": "Point",
      "tm": [
        [
          -0.199433,
          0.0,
          -0.979911
        ],
        [
          0.0,
          1.0,
          0.0
        ],
        [
          0.979911,
          0.0,
          -0.199433
        ],
        [
          1941.9,
          375.717,
          -8664.38
        ]
      ],
      "objLayer": 0,
      "props": {}
    },
    "bdt_t1_bomb_zone_02_aaa_point_03": {
      "type": "Point",
      "tm": [
        [
          -0.199433,
          0.0,
          -0.979911
        ],
        [
          0.0,
          1.0,
          0.0
        ],
        [
          0.979911,
          0.0,
          -0.199433
        ],
        [
          1253.52,
          336.839,
          -8541.35
        ]
      ],
      "objLayer": 0,
      "props": {}
    },
    "bdt_t1_bomb_zone_02_aaa_point_04": {
      "type": "Point",
      "tm": [
        [
          -0.199433,
          0.0,
          -0.979911
        ],
        [
          0.0,
          1.0,
          0.0
        ],
        [
          0.979911,
          0.0,
          -0.199433
        ],
        [
          1778.5,
          384.489,
          -8379.88
        ]
      ],
      "objLayer": 0,
      "props": {}
    },
    "bdt_t1_bomb_zone_03_aaa_point_01": {
      "type": "Point",
      "tm": [
        [
          -0.306884,
          0.0,
          -0.951747
        ],
        [
          0.0,
          1.0,
          0.0
        ],
        [
          0.951747,
          0.0,
          -0.306884
        ],
        [
          -5879.11,
          288.64,
          -6409.07
        ]
      ],
      "objLayer": 0,
      "props": {}
    },
    "bdt_t1_bomb_zone_03_aaa_point_02": {
      "type": "Point",
      "tm": [
        [
          -0.306884,
          0.0,
          -0.951747
        ],
        [
          0.0,
          1.0,
          0.0
        ],
        [
          0.951747,
          0.0,
          -0.306884
        ],
        [
          -5583.23,
          281.322,
          -6872.29
        ]
      ],
      "objLayer": 0,
      "props": {}
    },
    "bdt_t1_bomb_zone_03_aaa_point_03": {
      "type": "Point",
      "tm": [
        [
          -0.306884,
          0.0,
          -0.951747
        ],
        [
          0.0,
          1.0,
          0.0
        ],
        [
          0.951747,
          0.0,
          -0.306884
        ],
        [
          -5436.31,
          288.089,
          -6634.04
        ]
      ],
      "objLayer": 0,
      "props": {}
    },
    "bdt_t1_bomb_zone_03_aaa_point_04": {
      "type": "Point",
      "tm": [
        [
          -0.306884,
          0.0,
          -0.951747
        ],
        [
          0.0,
          1.0,
          0.0
        ],
        [
          0.951747,
          0.0,
          -0.306884
        ],
        [
          -5948.76,
          285.883,
          -6799.04
        ]
      ],
      "objLayer": 0,
      "props": {}
    },
    "bdt_t1_bomb_zone_04_aaa_point_01": {
      "type": "Point",
      "tm": [
        [
          -0.306884,
          0.0,
          -0.951747
        ],
        [
          0.0,
          1.0,
          0.0
        ],
        [
          0.951747,
          0.0,
          -0.306884
        ],
        [
          -7700.0,
          310.357,
          -4103.74
        ]
      ],
      "objLayer": 0,
      "props": {}
    },
    "bdt_t1_bomb_zone_04_aaa_point_02": {
      "type": "Point",
      "tm": [
        [
          -0.306884,
          0.0,
          -0.951747
        ],
        [
          0.0,
          1.0,
          0.0
        ],
        [
          0.951747,
          0.0,
          -0.306884
        ],
        [
          -7378.85,
          308.284,
          -4101.35
        ]
      ],
      "objLayer": 0,
      "props": {}
    },
    "bdt_t1_bomb_zone_04_aaa_point_03": {
      "type": "Point",
      "tm": [
        [
          -0.306884,
          0.0,
          -0.951747
        ],
        [
          0.0,
          1.0,
          0.0
        ],
        [
          0.951747,
          0.0,
          -0.306884
        ],
        [
          -7759.25,
          309.212,
          -3776.66
        ]
      ],
      "objLayer": 0,
      "props": {}
    },
    "bdt_t1_bomb_zone_04_aaa_point_04": {
      "type": "Point",
      "tm": [
        [
          -0.306884,
          0.0,
          -0.951747
        ],
        [
          0.0,
          1.0,
          0.0
        ],
        [
          0.951747,
          0.0,
          -0.306884
        ],
        [
          -7177.28,
          307.625,
          -3806.45
        ]
      ],
      "objLayer": 0,
      "props": {}
    },
    "bdt_t1_bomb_zone_05": {
      "type": "Sphere",
      "tm": [
        [
          -148.966,
          0.0,
          -424.627
        ],
        [
          0.0,
          450.0,
          0.0
        ],
        [
          424.627,
          0.0,
          -148.966
        ],
        [
          -7706.6,
          285.822,
          -1082.37
        ]
      ],
      "objLayer": 0,
      "props": {}
    },
    "bdt_t1_bomb_zone_06": {
      "type": "Sphere",
      "tm": [
        [
          -148.966,
          0.0,
          -424.627
        ],
        [
          0.0,
          450.0,
          0.0
        ],
        [
          424.627,
          0.0,
          -148.966
        ],
        [
          -8708.06,
          341.508,
          -6397.97
        ]
      ],
      "objLayer": 0,
      "props": {}
    },
    "bdt_t1_bomb_zone_07": {
      "type": "Sphere",
      "tm": [
        [
          -148.966,
          0.0,
          -424.627
        ],
        [
          0.0,
          450.0,
          0.0
        ],
        [
          424.627,
          0.0,
          -148.966
        ],
        [
          -9626.11,
          295.665,
          -3081.03
        ]
      ],
      "objLayer": 0,
      "props": {}
    },
    "bdt_t1_bomb_zone_08": {
      "type": "Sphere",
      "tm": [
        [
          -320.766,
          0.0,
          -315.609
        ],
        [
          0.0,
          450.0,
          0.0
        ],
        [
          315.609,
          0.0,
          -320.766
        ],
        [
          3848.07,
          323.869,
          -7474.4
        ]
      ],
      "objLayer": 0,
      "props": {}
    },
    "bdt_t1_bomb_zone_09": {
      "type": "Sphere",
      "tm": [
        [
          -320.766,
          0.0,
          -315.609
        ],
        [
          0.0,
          450.0,
          0.0
        ],
        [
          315.609,
          0.0,
          -320.766
        ],
        [
          -1469.17,
          366.241,
          -8938.05
        ]
      ],
      "objLayer": 0,
      "props": {}
    },
    "bdt_t1_bomb_zone_10": {
      "type": "Sphere",
      "tm": [
        [
          -320.766,
          0.0,
          -315.609
        ],
        [
          0.0,
          450.0,
          0.0
        ],
        [
          315.609,
          0.0,
          -320.766
        ],
        [
          672.744,
          291.718,
          -11057.5
        ]
      ],
      "objLayer": 0,
      "props": {}
    },
    "bdt_t1_bomb_zone_05_aaa_point_01": {
      "type": "Point",
      "tm": [
        [
          -0.306884,
          0.0,
          -0.951747
        ],
        [
          0.0,
          1.0,
          0.0
        ],
        [
          0.951747,
          0.0,
          -0.306884
        ],
        [
          -7601.12,
          286.08,
          -829.45
        ]
      ],
      "objLayer": 0,
      "props": {}
    },
    "bdt_t1_bomb_zone_05_aaa_point_02": {
      "type": "Point",
      "tm": [
        [
          -0.306884,
          0.0,
          -0.951747
        ],
        [
          0.0,
          1.0,
          0.0
        ],
        [
          0.951747,
          0.0,
          -0.306884
        ],
        [
          -7756.04,
          285.179,
          -934.98
        ]
      ],
      "objLayer": 0,
      "props": {}
    },
    "bdt_t1_bomb_zone_05_aaa_point_03": {
      "type": "Point",
      "tm": [
        [
          -0.306884,
          0.0,
          -0.951747
        ],
        [
          0.0,
          1.0,
          0.0
        ],
        [
          0.951747,
          0.0,
          -0.306884
        ],
        [
          -7827.41,
          286.389,
          -1343.51
        ]
      ],
      "objLayer": 0,
      "props": {}
    },
    "bdt_t1_bomb_zone_05_aaa_point_04": {
      "type": "Point",
      "tm": [
        [
          -0.306884,
          0.0,
          -0.951747
        ],
        [
          0.0,
          1.0,
          0.0
        ],
        [
          0.951747,
          0.0,
          -0.306884
        ],
        [
          -7592.83,
          287.091,
          -1335.52
        ]
      ],
      "objLayer": 0,
      "props": {}
    },
    "bdt_t1_bomb_zone_06_aaa_point_01": {
      "type": "Point",
      "tm": [
        [
          -0.306884,
          0.0,
          -0.951747
        ],
        [
          0.0,
          1.0,
          0.0
        ],
        [
          0.951747,
          0.0,
          -0.306884
        ],
        [
          -8924.35,
          336.8,
          -6139.09
        ]
      ],
      "objLayer": 0,
      "props": {}
    },
    "bdt_t1_bomb_zone_06_aaa_point_02": {
      "type": "Point",
      "tm": [
        [
          -0.306884,
          0.0,
          -0.951747
        ],
        [
          0.0,
          1.0,
          0.0
        ],
        [
          0.951747,
          0.0,
          -0.306884
        ],
        [
          -8668.59,
          339.058,
          -6075.73
        ]
      ],
      "objLayer": 0,
      "props": {}
    },
    "bdt_t1_bomb_zone_06_aaa_point_03": {
      "type": "Point",
      "tm": [
        [
          -0.306884,
          0.0,
          -0.951747
        ],
        [
          0.0,
          1.0,
          0.0
        ],
        [
          0.951747,
          0.0,
          -0.306884
        ],
        [
          -8417.1,
          343.033,
          -6502.45
        ]
      ],
      "objLayer": 0,
      "props": {}
    },
    "bdt_t1_bomb_zone_06_aaa_point_04": {
      "type": "Point",
      "tm": [
        [
          -0.306884,
          0.0,
          -0.951747
        ],
        [
          0.0,
          1.0,
          0.0
        ],
        [
          0.951747,
          0.0,
          -0.306884
        ],
        [
          -8914.32,
          338.807,
          -6612.63
        ]
      ],
      "objLayer": 0,
      "props": {}
    },
    "bdt_t1_bomb_zone_07_aaa_point_01": {
      "type": "Point",
      "tm": [
        [
          -0.306884,
          0.0,
          -0.951747
        ],
        [
          0.0,
          1.0,
          0.0
        ],
        [
          0.951747,
          0.0,
          -0.306884
        ],
        [
          -9423.05,
          296.967,
          -3303.53
        ]
      ],
      "objLayer": 0,
      "props": {}
    },
    "bdt_t1_bomb_zone_07_aaa_point_02": {
      "type": "Point",
      "tm": [
        [
          -0.306884,
          0.0,
          -0.951747
        ],
        [
          0.0,
          1.0,
          0.0
        ],
        [
          0.951747,
          0.0,
          -0.306884
        ],
        [
          -9857.84,
          289.671,
          -2820.29
        ]
      ],
      "objLayer": 0,
      "props": {}
    },
    "bdt_t1_bomb_zone_07_aaa_point_03": {
      "type": "Point",
      "tm": [
        [
          -0.306884,
          0.0,
          -0.951747
        ],
        [
          0.0,
          1.0,
          0.0
        ],
        [
          0.951747,
          0.0,
          -0.306884
        ],
        [
          -9865.94,
          284.808,
          -3316.35
        ]
      ],
      "objLayer": 0,
      "props": {}
    },
    "bdt_t1_bomb_zone_07_aaa_point_04": {
      "type": "Point",
      "tm": [
        [
          -0.306884,
          0.0,
          -0.951747
        ],
        [
          0.0,
          1.0,
          0.0
        ],
        [
          0.951747,
          0.0,
          -0.306884
        ],
        [
          -9231.42,
          294.236,
          -3006.19
        ]
      ],
      "objLayer": 0,
      "props": {}
    },
    "bdt_t1_bomb_zone_08_aaa_point_01": {
      "type": "Point",
      "tm": [
        [
          -0.199433,
          0.0,
          -0.979911
        ],
        [
          0.0,
          1.0,
          0.0
        ],
        [
          0.979911,
          0.0,
          -0.199433
        ],
        [
          4158.42,
          267.713,
          -7458.5
        ]
      ],
      "objLayer": 0,
      "props": {}
    },
    "bdt_t1_bomb_zone_08_aaa_point_02": {
      "type": "Point",
      "tm": [
        [
          -0.199433,
          0.0,
          -0.979911
        ],
        [
          0.0,
          1.0,
          0.0
        ],
        [
          0.979911,
          0.0,
          -0.199433
        ],
        [
          3793.86,
          325.072,
          -7173.3
        ]
      ],
      "objLayer": 0,
      "props": {}
    },
    "bdt_t1_bomb_zone_08_aaa_point_03": {
      "type": "Point",
      "tm": [
        [
          -0.199433,
          0.0,
          -0.979911
        ],
        [
          0.0,
          1.0,
          0.0
        ],
        [
          0.979911,
          0.0,
          -0.199433
        ],
        [
          3490.4,
          322.644,
          -7464.0
        ]
      ],
      "objLayer": 0,
      "props": {}
    },
    "bdt_t1_bomb_zone_08_aaa_point_04": {
      "type": "Point",
      "tm": [
        [
          -0.199433,
          0.0,
          -0.979911
        ],
        [
          0.0,
          1.0,
          0.0
        ],
        [
          0.979911,
          0.0,
          -0.199433
        ],
        [
          3799.56,
          325.76,
          -7742.2
        ]
      ],
      "objLayer": 0,
      "props": {}
    },
    "bdt_t1_bomb_zone_09_aaa_point_01": {
      "type": "Point",
      "tm": [
        [
          -0.199433,
          0.0,
          -0.979911
        ],
        [
          0.0,
          1.0,
          0.0
        ],
        [
          0.979911,
          0.0,
          -0.199433
        ],
        [
          -1299.48,
          365.932,
          -8523.46
        ]
      ],
      "objLayer": 0,
      "props": {}
    },
    "bdt_t1_bomb_zone_09_aaa_point_02": {
      "type": "Point",
      "tm": [
        [
          -0.199433,
          0.0,
          -0.979911
        ],
        [
          0.0,
          1.0,
          0.0
        ],
        [
          0.979911,
          0.0,
          -0.199433
        ],
        [
          -1773.4,
          357.42,
          -8662.78
        ]
      ],
      "objLayer": 0,
      "props": {}
    },
    "bdt_t1_bomb_zone_09_aaa_point_03": {
      "type": "Point",
      "tm": [
        [
          -0.199433,
          0.0,
          -0.979911
        ],
        [
          0.0,
          1.0,
          0.0
        ],
        [
          0.979911,
          0.0,
          -0.199433
        ],
        [
          -972.701,
          371.627,
          -8972.25
        ]
      ],
      "objLayer": 0,
      "props": {}
    },
    "bdt_t1_bomb_zone_09_aaa_point_04": {
      "type": "Point",
      "tm": [
        [
          -0.199433,
          0.0,
          -0.979911
        ],
        [
          0.0,
          1.0,
          0.0
        ],
        [
