{
  "selected_tag": "",
  "bin_dump_file": "",
  "mission_settings": {
    "player": {
      "army": 1
    },
    "player_teamB": {
      "army": 2
    },
    "mission": {
      "level": "levels/air_smolensk.bin",
      "type": "domination",
      "environment": "Day",
      "weather": "hazy",
      "restoreType": "attempts",
      "optionalTakeOff": false
    }
  },
  "imports": {},
  "triggers": {
    "isCategory": true,
    "is_enabled": true
  },
  "mission_objectives": {
    "isCategory": true,
    "is_enabled": true
  },
  "variables": {},
  "dialogs": {},
  "airfields": {},
  "effects": {},
  "units": {
    "objectGroups": [
      {
        "name": "bdt_t2_bomb_object_01",
        "tm": [
          [
            0.889563,
            0.0,
            0.456808
          ],
          [
            0.0,
            1.0,
            0.0
          ],
          [
            -0.456808,
            0.0,
            0.889563
          ],
          [
            -31327.3,
            712.726,
            -5584.67
          ]
        ],
        "unit_class": "dynBase_hq_camp_square",
        "objLayer": 2,
        "props": {
          "army": 2,
          "active": false
        }
      },
      {
        "name": "bdt_t2_bomb_object_02",
        "tm": [
          [
            0.987825,
            0.0,
            -0.155588
          ],
          [
            0.0,
            1.0,
            0.0
          ],
          [
            0.155588,
            0.0,
            0.987825
          ],
          [
            -21654.7,
            99.7,
            -5824.82
          ]
        ],
        "unit_class": "dynBase_fuel_storage_square",
        "objLayer": 2,
        "props": {
          "army": 2,
          "active": false
        }
      },
      {
        "name": "bdt_t2_bomb_object_03",
        "tm": [
          [
            -0.105384,
            0.0,
            0.994434
          ],
          [
            0.0,
            1.0,
            0.0
          ],
          [
            -0.994434,
            0.0,
            -0.105384
          ],
          [
            -23633.7,
            189.707,
            -7943.65
          ]
        ],
        "unit_class": "dynBase_military_base_square",
        "objLayer": 2,
        "props": {
          "army": 2,
          "active": false
        }
      },
      {
        "name": "bdt_t1_bomb_object_01",
        "tm": [
          [
            0.606881,
            0.0,
            0.794792
          ],
          [
            0.0,
            1.0,
            0.0
          ],
          [
            -0.794792,
            0.0,
            0.606881
          ],
          [
            -24770.9,
            995.975,
            15451.2
          ]
        ],
        "unit_class": "dynBase_fuel_storage_square",
        "objLayer": 2,
        "props": {
          "army": 1,
          "active": false
        }
      },
      {
        "name": "bdt_t1_bomb_object_02",
        "tm": [
          [
            -0.0895158,
            0.0,
            0.995985
          ],
          [
            0.0,
            1.0,
            0.0
          ],
          [
            -0.995985,
            0.0,
            -0.0895158
          ],
          [
            -32132.6,
            416.65,
            10040.0
          ]
        ],
        "unit_class": "dynBase_small_factory_square",
        "objLayer": 2,
        "props": {
          "army": 1,
          "active": false
        }
      },
      {
        "name": "bdt_t1_bomb_object_03",
        "tm": [
          [
            -0.193112,
            0.0,
            0.981176
          ],
          [
            0.0,
            1.0,
            0.0
          ],
          [
            -0.981176,
            0.0,
            -0.193112
          ],
          [
            -20884.4,
            44.4435,
            10187.7
          ]
        ],
        "unit_class": "dynBase_oil_storage_small_square",
        "objLayer": 2,
        "props": {
          "army": 1,
          "active": false
        }
      },
      {
        "name": "bdt_t2_bomb_object_04",
        "tm": [
          [
            0.46667,
            0.0,
            0.884431
          ],
          [
            0.0,
            1.0,
            0.0
          ],
          [
            -0.884431,
            0.0,
            0.46667
          ],
          [
            -33582.3,
            1033.78,
            -7395.34
          ]
        ],
        "unit_class": "dynBase_small_factory_square",
        "objLayer": 2,
        "props": {
          "army": 2,
          "active": false
        }
      },
      {
        "name": "bdt_t1_bomb_object_04",
        "tm": [
          [
            0.162519,
            0.0,
            0.986706
          ],
          [
            0.0,
            1.0,
            0.0
          ],
          [
            -0.986706,
            0.0,
            0.162519
          ],
          [
            -16517.8,
            9.80005,
            10707.3
          ]
        ],
        "unit_class": "dynBase_field_camp_square",
        "objLayer": 2,
        "props": {
          "army": 1,
          "active": false
        }
      },
      {
        "name": "bdt_t1_bomb_object_05",
        "tm": [
          [
            0.162519,
            0.0,
            0.986706
          ],
          [
            0.0,
            1.0,
            0.0
          ],
          [
            -0.986706,
            0.0,
            0.162519
          ],
          [
            -17500.9,
            10.9263,
            6354.35
          ]
        ],
        "unit_class": "dynBase_military_base_square",
        "objLayer": 2,
        "props": {
          "army": 1,
          "active": false
        }
      },
      {
        "name": "bdt_t1_bomb_object_06",
        "tm": [
          [
            0.162519,
            0.0,
            0.986706
          ],
          [
            0.0,
            1.0,
            0.0
          ],
          [
            -0.986706,
            0.0,
            0.162519
          ],
          [
            -19257.7,
            71.0724,
            12379.7
          ]
        ],
        "unit_class": "dynBase_oil_storage_large_square",
        "objLayer": 2,
        "props": {
          "army": 1,
          "active": false
        }
      },
      {
        "name": "bdt_t1_bomb_object_07",
        "tm": [
          [
            0.162519,
            0.0,
            0.986706
          ],
          [
            0.0,
            1.0,
            0.0
          ],
          [
            -0.986706,
            0.0,
            0.162519
          ],
          [
            -14860.0,
            11.0078,
            7552.05
          ]
        ],
        "unit_class": "dynBase_oil_storage_large_square",
        "objLayer": 2,
        "props": {
          "army": 1,
          "active": false
        }
      },
      {
        "name": "bdt_t1_bomb_object_08",
        "tm": [
          [
            0.606881,
            0.0,
            0.794792
          ],
          [
            0.0,
            1.0,
            0.0
          ],
          [
            -0.794792,
            0.0,
            0.606881
          ],
          [
            -33252.1,
            544.385,
            12156.7
          ]
        ],
        "unit_class": "dynBase_small_factory_square",
        "objLayer": 2,
        "props": {
          "army": 1,
          "active": false
        }
      },
      {
        "name": "bdt_t1_bomb_object_09",
        "tm": [
          [
            0.606881,
            0.0,
            0.794792
          ],
          [
            0.0,
            1.0,
            0.0
          ],
          [
            -0.794792,
            0.0,
            0.606881
          ],
          [
            -24169.1,
            343.177,
            11611.7
          ]
        ],
        "unit_class": "dynBase_petrol_camp_square",
        "objLayer": 2,
        "props": {
          "army": 1,
          "active": false
        }
      },
      {
        "name": "bdt_t1_bomb_object_10",
        "tm": [
          [
            0.606881,
            0.0,
            0.794792
          ],
          [
            0.0,
            1.0,
            0.0
          ],
          [
            -0.794792,
            0.0,
            0.606881
          ],
          [
            -29185.3,
            663.986,
            12432.9
          ]
        ],
        "unit_class": "dynBase_petrol_camp_square",
        "objLayer": 2,
        "props": {
          "army": 1,
          "active": false
        }
      },
      {
        "name": "bdt_t2_bomb_object_05",
        "tm": [
          [
            0.46667,
            0.0,
            0.884431
          ],
          [
            0.0,
            1.0,
            0.0
          ],
          [
            -0.884431,
            0.0,
            0.46667
          ],
          [
            -39257.3,
            1206.71,
            463.308
          ]
        ],
        "unit_class": "dynBase_petrol_camp_square",
        "objLayer": 2,
        "props": {
          "army": 2,
          "active": false
        }
      },
      {
        "name": "bdt_t2_bomb_object_06",
        "tm": [
          [
            -0.00295177,
            0.0,
            0.999996
          ],
          [
            0.0,
            1.0,
            0.0
          ],
          [
            -0.999996,
            0.0,
            -0.00295177
          ],
          [
            -35174.2,
            799.091,
            -87.4846
          ]
        ],
        "unit_class": "dynBase_military_base_square",
        "objLayer": 2,
        "props": {
          "army": 2,
          "active": false
        }
      },
      {
        "name": "bdt_t2_bomb_object_07",
        "tm": [
          [
            0.46667,
            0.0,
            0.884431
          ],
          [
            0.0,
            1.0,
            0.0
          ],
          [
            -0.884431,
            0.0,
            0.46667
          ],
          [
            -35681.1,
            940.256,
            -3471.92
          ]
        ],
        "unit_class": "dynBase_fuel_storage_square",
        "objLayer": 2,
        "props": {
          "army": 2,
          "active": false
        }
      },
      {
        "name": "bdt_t2_bomb_object_08",
        "tm": [
          [
            -0.105384,
            0.0,
            0.994434
          ],
          [
            0.0,
            1.0,
            0.0
          ],
          [
            -0.994434,
            0.0,
            -0.105384
          ],
          [
            -27176.7,
            424.001,
            -9996.55
          ]
        ],
        "unit_class": "dynBase_ammunition_storage_square",
        "objLayer": 2,
        "props": {
          "army": 2,
          "active": false
        }
      },
      {
        "name": "bdt_t2_bomb_object_09",
        "tm": [
          [
            -0.105384,
            0.0,
            0.994434
          ],
          [
            0.0,
            1.0,
            0.0
          ],
          [
            -0.994434,
            0.0,
            -0.105384
          ],
          [
            -20774.2,
            126.1,
            -8767.22
          ]
        ],
        "unit_class": "dynBase_field_camp_square",
        "objLayer": 2,
        "props": {
          "army": 2,
          "active": false
        }
      },
      {
        "name": "bdt_t2_bomb_object_10",
        "tm": [
          [
            -0.105384,
            0.0,
            0.994434
          ],
          [
            0.0,
            1.0,
            0.0
          ],
          [
            -0.994434,
            0.0,
            -0.105384
          ],
          [
            -25976.0,
            437.792,
            -7112.72
          ]
        ],
        "unit_class": "dynBase_oil_storage_small_square",
        "objLayer": 2,
        "props": {
          "army": 2,
          "active": false
        }
      }
    ]
  },
  "areas": {
    "bdt_t2_bomb_zone_01": {
      "type": "Sphere",
      "tm": [
        [
          400.305,
          0.0,
          205.565
        ],
        [
          0.0,
          450.0,
          0.0
        ],
        [
          -205.565,
          0.0,
          400.305
        ],
        [
          -31326.3,
          714.506,
          -5591.69
        ]
      ],
      "objLayer": 0,
      "props": {}
    },
    "bdt_t2_bomb_zone_02": {
      "type": "Sphere",
      "tm": [
        [
          375.037,
          0.0,
          248.694
        ],
        [
          0.0,
          450.0,
          0.0
        ],
        [
          -248.694,
          0.0,
          375.037
        ],
        [
          -21657.7,
          87.6201,
          -5803.36
        ]
      ],
      "objLayer": 0,
      "props": {}
    },
    "bdt_t2_bomb_zone_03": {
      "type": "Sphere",
      "tm": [
        [
          -47.4212,
          0.0,
          447.494
        ],
        [
          0.0,
          450.0,
          0.0
        ],
        [
          -447.494,
          0.0,
          -47.4212
        ],
        [
          -23641.4,
          189.197,
          -7949.85
        ]
      ],
      "objLayer": 0,
      "props": {}
    },
    "bdt_t1_bomb_zone_01": {
      "type": "Sphere",
      "tm": [
        [
          273.098,
          0.0,
          357.655
        ],
        [
          0.0,
          450.0,
          0.0
        ],
        [
          -357.655,
          0.0,
          273.098
        ],
        [
          -24765.9,
          996.015,
          15463.1
        ]
      ],
      "objLayer": 0,
      "props": {}
    },
    "bdt_t1_bomb_zone_02": {
      "type": "Sphere",
      "tm": [
        [
          57.6803,
          0.0,
          446.287
        ],
        [
          0.0,
          450.0,
          0.0
        ],
        [
          -446.287,
          0.0,
          57.6803
        ],
        [
          -32134.2,
          417.05,
          10044.4
        ]
      ],
      "objLayer": 0,
      "props": {}
    },
    "bdt_t1_bomb_zone_03": {
      "type": "Sphere",
      "tm": [
        [
          87.651,
          0.0,
          441.38
        ],
        [
          0.0,
          450.0,
          0.0
        ],
        [
          -441.38,
          0.0,
          87.651
        ],
        [
          -20883.8,
          44.3135,
          10193.4
        ]
      ],
      "objLayer": 0,
      "props": {}
    },
    "bdt_t2_bomb_zone_04": {
      "type": "Sphere",
      "tm": [
        [
          210.001,
          0.0,
          397.992
        ],
        [
          0.0,
          450.0,
          0.0
        ],
        [
          -397.992,
          0.0,
          210.001
        ],
        [
          -33577.1,
          1030.95,
          -7389.32
        ]
      ],
      "objLayer": 0,
      "props": {}
    },
    "bdt_t1_bomb_zone_04": {
      "type": "Sphere",
      "tm": [
        [
          87.651,
          0.0,
          441.38
        ],
        [
          0.0,
          450.0,
          0.0
        ],
        [
          -441.38,
          0.0,
          87.651
        ],
        [
          -16523.3,
          9.77005,
          10708.8
        ]
      ],
      "objLayer": 0,
      "props": {}
    },
    "bdt_t2_bomb_zone_01_aaa_point_01": {
      "type": "Point",
      "tm": [
        [
          0.482644,
          0.0,
          0.875815
        ],
        [
          0.0,
          1.0,
          0.0
        ],
        [
          -0.875815,
          0.0,
          0.482644
        ],
        [
          -31117.3,
          704.866,
          -5676.27
        ]
      ],
      "objLayer": 0,
      "props": {}
    },
    "bdt_t2_bomb_zone_01_aaa_point_02": {
      "type": "Point",
      "tm": [
        [
          0.482644,
          0.0,
          0.875815
        ],
        [
          0.0,
          1.0,
          0.0
        ],
        [
          -0.875815,
          0.0,
          0.482644
        ],
        [
          -31618.5,
          758.536,
          -5586.96
        ]
      ],
      "objLayer": 0,
      "props": {}
    },
    "bdt_t2_bomb_zone_01_aaa_point_03": {
      "type": "Point",
      "tm": [
        [
          0.482644,
          0.0,
          0.875815
        ],
        [
          0.0,
          1.0,
          0.0
        ],
        [
          -0.875815,
          0.0,
          0.482644
        ],
        [
          -31568.3,
          720.686,
          -5479.07
        ]
      ],
      "objLayer": 0,
      "props": {}
    },
    "bdt_t2_bomb_zone_01_aaa_point_04": {
      "type": "Point",
      "tm": [
        [
          0.482644,
          0.0,
          0.875815
        ],
        [
          0.0,
          1.0,
          0.0
        ],
        [
          -0.875815,
          0.0,
          0.482644
        ],
        [
          -31403.1,
          689.446,
          -5130.72
        ]
      ],
      "objLayer": 0,
      "props": {}
    },
    "bdt_t2_bomb_zone_02_aaa_point_01": {
      "type": "Point",
      "tm": [
        [
          0.38253,
          0.0,
          0.923941
        ],
        [
          0.0,
          1.0,
          0.0
        ],
        [
          -0.923941,
          0.0,
          0.38253
        ],
        [
          -21595.6,
          196.83,
          -6044.02
        ]
      ],
      "objLayer": 0,
      "props": {}
    },
    "bdt_t2_bomb_zone_02_aaa_point_02": {
      "type": "Point",
      "tm": [
        [
          0.38253,
          0.0,
          0.923941
        ],
        [
          0.0,
          1.0,
          0.0
        ],
        [
          -0.923941,
          0.0,
          0.38253
        ],
        [
          -21929.1,
          -72.9897,
          -5620.53
        ]
      ],
      "objLayer": 0,
      "props": {}
    },
    "bdt_t2_bomb_zone_02_aaa_point_03": {
      "type": "Point",
      "tm": [
        [
          0.38253,
          0.0,
          0.923941
        ],
        [
          0.0,
          1.0,
          0.0
        ],
        [
          -0.923941,
          0.0,
          0.38253
        ],
        [
          -21857.3,
          87.6201,
          -5999.08
        ]
      ],
      "objLayer": 0,
      "props": {}
    },
    "bdt_t2_bomb_zone_02_aaa_point_04": {
      "type": "Point",
      "tm": [
        [
          0.38253,
          0.0,
          0.923941
        ],
        [
          0.0,
          1.0,
          0.0
        ],
        [
          -0.923941,
          0.0,
          0.38253
        ],
        [
          -21534.9,
          45.1699,
          -5609.45
        ]
      ],
      "objLayer": 0,
      "props": {}
    },
    "bdt_t2_bomb_zone_03_aaa_point_01": {
      "type": "Point",
      "tm": [
        [
          0.38253,
          0.0,
          0.923941
        ],
        [
          0.0,
          1.0,
          0.0
        ],
        [
          -0.923941,
          0.0,
          0.38253
        ],
        [
          -23351.1,
          185.217,
          -8017.05
        ]
      ],
      "objLayer": 0,
      "props": {}
    },
    "bdt_t2_bomb_zone_03_aaa_point_02": {
      "type": "Point",
      "tm": [
        [
          0.38253,
          0.0,
          0.923941
        ],
        [
          0.0,
          1.0,
          0.0
        ],
        [
          -0.923941,
          0.0,
          0.38253
        ],
        [
          -23849.5,
          52.6868,
          -7744.19
        ]
      ],
      "objLayer": 0,
      "props": {}
    },
    "bdt_t2_bomb_zone_03_aaa_point_03": {
      "type": "Point",
      "tm": [
        [
          0.38253,
          0.0,
          0.923941
        ],
        [
          0.0,
          1.0,
          0.0
        ],
        [
          -0.923941,
          0.0,
          0.38253
        ],
        [
          -23950.3,
          123.097,
          -8034.65
        ]
      ],
      "objLayer": 0,
      "props": {}
    },
    "bdt_t2_bomb_zone_03_aaa_point_04": {
      "type": "Point",
      "tm": [
        [
          0.38253,
          0.0,
          0.923941
        ],
        [
          0.0,
          1.0,
          0.0
        ],
        [
          -0.923941,
          0.0,
          0.38253
        ],
        [
          -23483.2,
          224.517,
          -8204.75
        ]
      ],
      "objLayer": 0,
      "props": {}
    },
    "bdt_t2_bomb_zone_04_aaa_point_01": {
      "type": "Point",
      "tm": [
        [
          0.482644,
          0.0,
          0.875815
        ],
        [
          0.0,
          1.0,
          0.0
        ],
        [
          -0.875815,
          0.0,
          0.482644
        ],
        [
          -33663.6,
          964.718,
          -7068.51
        ]
      ],
      "objLayer": 0,
      "props": {}
    },
    "bdt_t2_bomb_zone_04_aaa_point_02": {
      "type": "Point",
      "tm": [
        [
          0.482644,
          0.0,
          0.875815
        ],
        [
          0.0,
          1.0,
          0.0
        ],
        [
          -0.875815,
          0.0,
          0.482644
        ],
        [
          -33865.6,
          1077.71,
          -7479.45
        ]
      ],
      "objLayer": 0,
      "props": {}
    },
    "bdt_t2_bomb_zone_04_aaa_point_03": {
      "type": "Point",
      "tm": [
        [
          0.482644,
          0.0,
          0.875815
        ],
        [
          0.0,
          1.0,
          0.0
        ],
        [
          -0.875815,
          0.0,
          0.482644
        ],
        [
          -33310.9,
          1021.87,
          -7401.87
        ]
      ],
      "objLayer": 0,
      "props": {}
    },
    "bdt_t2_bomb_zone_04_aaa_point_04": {
      "type": "Point",
      "tm": [
        [
          0.482644,
          0.0,
          0.875815
        ],
        [
          0.0,
          1.0,
          0.0
        ],
        [
          -0.875815,
          0.0,
          0.482644
        ],
        [
          -33451.4,
          1113.27,
          -7601.84
        ]
      ],
      "objLayer": 0,
      "props": {}
    },
    "bdt_t1_bomb_zone_01_aaa_point_01": {
      "type": "Point",
      "tm": [
        [
          0.0593769,
          0.0,
          0.998235
        ],
        [
          0.0,
          1.0,
          0.0
        ],
        [
          -0.998235,
          0.0,
          0.0593769
        ],
        [
          -24759.8,
          999.405,
          15717.4
        ]
      ],
      "objLayer": 0,
      "props": {}
    },
    "bdt_t1_bomb_zone_01_aaa_point_02": {
      "type": "Point",
      "tm": [
        [
          0.0593769,
          0.0,
          0.998235
        ],
        [
          0.0,
          1.0,
          0.0
        ],
        [
          -0.998235,
          0.0,
          0.0593769
        ],
        [
          -24841.5,
          951.655,
          15221.4
        ]
      ],
      "objLayer": 0,
      "props": {}
    },
    "bdt_t1_bomb_zone_01_aaa_point_03": {
      "type": "Point",
      "tm": [
        [
          0.0593769,
          0.0,
          0.998235
        ],
        [
          0.0,
          1.0,
          0.0
        ],
        [
          -0.998235,
          0.0,
          0.0593769
        ],
        [
          -24536.7,
          1008.89,
          15420.2
        ]
      ],
      "objLayer": 0,
      "props": {}
    },
    "bdt_t1_bomb_zone_01_aaa_point_04": {
      "type": "Point",
      "tm": [
        [
          0.0593769,
          0.0,
          0.998235
        ],
        [
          0.0,
          1.0,
          0.0
        ],
        [
          -0.998235,
          0.0,
          0.0593769
        ],
        [
          -24669.5,
          1002.13,
          15234.2
        ]
      ],
      "objLayer": 0,
      "props": {}
    },
    "bdt_t1_bomb_zone_02_aaa_point_01": {
      "type": "Point",
      "tm": [
        [
          0.0593769,
          0.0,
          0.998235
        ],
        [
          0.0,
          1.0,
          0.0
        ],
        [
          -0.998235,
          0.0,
          0.0593769
        ],
        [
          -32303.6,
          346.24,
          10255.2
        ]
      ],
      "objLayer": 0,
      "props": {}
    },
    "bdt_t1_bomb_zone_02_aaa_point_02": {
      "type": "Point",
      "tm": [
        [
          0.0593769,
          0.0,
          0.998235
        ],
        [
          0.0,
          1.0,
          0.0
        ],
        [
          -0.998235,
          0.0,
          0.0593769
        ],
        [
          -32391.7,
          390.01,
          9978.73
        ]
      ],
      "objLayer": 0,
      "props": {}
    },
    "bdt_t1_bomb_zone_02_aaa_point_03": {
      "type": "Point",
      "tm": [
        [
          0.0593769,
          0.0,
          0.998235
        ],
        [
          0.0,
          1.0,
          0.0
        ],
        [
          -0.998235,
          0.0,
          0.0593769
        ],
        [
          -31692.8,
          332.67,
          9953.73
        ]
      ],
      "objLayer": 0,
      "props": {}
    },
    "bdt_t1_bomb_zone_02_aaa_point_04": {
      "type": "Point",
      "tm": [
        [
          0.0593769,
          0.0,
          0.998235
        ],
        [
          0.0,
          1.0,
          0.0
        ],
        [
          -0.998235,
          0.0,
          0.0593769
        ],
        [
          -32189.9,
          469.08,
          9720.13
        ]
      ],
      "objLayer": 0,
      "props": {}
    },
    "bdt_t1_bomb_zone_03_aaa_point_01": {
      "type": "Point",
      "tm": [
        [
          0.169724,
          0.0,
          0.985492
        ],
        [
          0.0,
          1.0,
          0.0
        ],
        [
          -0.985492,
          0.0,
          0.169724
        ],
        [
          -20689.6,
          48.6835,
          9954.63
        ]
      ],
      "objLayer": 0,
      "props": {}
    },
    "bdt_t1_bomb_zone_03_aaa_point_02": {
      "type": "Point",
      "tm": [
        [
          0.169724,
          0.0,
          0.985492
        ],
        [
          0.0,
          1.0,
          0.0
        ],
        [
          -0.985492,
          0.0,
          0.169724
        ],
        [
          -21047.8,
          41.3735,
          10371.5
        ]
      ],
      "objLayer": 0,
      "props": {}
    },
    "bdt_t1_bomb_zone_03_aaa_point_03": {
      "type": "Point",
      "tm": [
        [
          0.169724,
          0.0,
          0.985492
        ],
        [
          0.0,
          1.0,
          0.0
        ],
        [
          -0.985492,
          0.0,
          0.169724
        ],
        [
          -21159.8,
          48.1335,
          10115.0
        ]
      ],
      "objLayer": 0,
      "props": {}
    },
    "bdt_t1_bomb_zone_03_aaa_point_04": {
      "type": "Point",
      "tm": [
        [
          0.169724,
          0.0,
          0.985492
        ],
        [
          0.0,
          1.0,
          0.0
        ],
        [
          -0.985492,
          0.0,
          0.169724
        ],
        [
          -20675.6,
          45.9335,
          10350.5
        ]
      ],
      "objLayer": 0,
      "props": {}
    },
    "bdt_t1_bomb_zone_04_aaa_point_01": {
      "type": "Point",
      "tm": [
        [
          0.169724,
          0.0,
          0.985492
        ],
        [
          0.0,
          1.0,
          0.0
        ],
        [
          -0.985492,
          0.0,
          0.169724
        ],
        [
          -16342.5,
          11.9599,
          10968.9
        ]
      ],
      "objLayer": 0,
      "props": {}
    },
    "bdt_t1_bomb_zone_04_aaa_point_02": {
      "type": "Point",
      "tm": [
        [
          0.169724,
          0.0,
          0.985492
        ],
        [
          0.0,
          1.0,
          0.0
        ],
        [
          -0.985492,
          0.0,
          0.169724
        ],
        [
          -16660.1,
          9.88995,
          10921.3
        ]
      ],
      "objLayer": 0,
      "props": {}
    },
    "bdt_t1_bomb_zone_04_aaa_point_03": {
      "type": "Point",
      "tm": [
        [
          0.169724,
          0.0,
          0.985492
        ],
        [
          0.0,
          1.0,
          0.0
        ],
        [
          -0.985492,
          0.0,
          0.169724
        ],
        [
          -16237.8,
          10.82,
          10653.4
        ]
      ],
      "objLayer": 0,
      "props": {}
    },
    "bdt_t1_bomb_zone_04_aaa_point_04": {
      "type": "Point",
      "tm": [
        [
          0.169724,
          0.0,
          0.985492
        ],
        [
          0.0,
          1.0,
          0.0
        ],
        [
          -0.985492,
          0.0,
          0.169724
        ],
        [
          -16818.0,
          9.23005,
          10601.0
        ]
      ],
      "objLayer": 0,
      "props": {}
    },
    "bdt_t1_bomb_zone_05": {
      "type": "Sphere",
      "tm": [
        [
          87.651,
          0.0,
          441.38
        ],
        [
          0.0,
          450.0,
          0.0
        ],
        [
          -441.38,
          0.0,
          87.651
        ],
        [
          -17506.6,
          9.13627,
          6355.65
        ]
      ],
      "objLayer": 0,
      "props": {}
    },
    "bdt_t1_bomb_zone_06": {
      "type": "Sphere",
      "tm": [
        [
          87.651,
          0.0,
          441.38
        ],
        [
          0.0,
          450.0,
          0.0
        ],
        [
          -441.38,
          0.0,
          87.651
        ],
        [
          -19263.3,
          71.1324,
          12381.0
        ]
      ],
      "objLayer": 0,
      "props": {}
    },
    "bdt_t1_bomb_zone_07": {
      "type": "Sphere",
      "tm": [
        [
          87.651,
          0.0,
          441.38
        ],
        [
          0.0,
          450.0,
          0.0
        ],
        [
          -441.38,
          0.0,
          87.651
        ],
        [
          -14865.7,
          11.1278,
          7553.45
        ]
      ],
      "objLayer": 0,
      "props": {}
    },
    "bdt_t1_bomb_zone_08": {
      "type": "Sphere",
      "tm": [
        [
          273.098,
          0.0,
          357.655
        ],
        [
          0.0,
          450.0,
          0.0
        ],
        [
          -357.655,
          0.0,
          273.098
        ],
        [
          -33247.1,
          550.935,
          12168.4
        ]
      ],
      "objLayer": 0,
      "props": {}
    },
    "bdt_t1_bomb_zone_09": {
      "type": "Sphere",
      "tm": [
        [
          273.098,
          0.0,
          357.655
        ],
        [
          0.0,
          450.0,
          0.0
        ],
        [
          -357.655,
          0.0,
          273.098
        ],
        [
          -24164.0,
          342.127,
          11623.1
        ]
      ],
      "objLayer": 0,
      "props": {}
    },
    "bdt_t1_bomb_zone_10": {
      "type": "Sphere",
      "tm": [
        [
          273.098,
          0.0,
          357.655
        ],
        [
          0.0,
          450.0,
          0.0
        ],
        [
          -357.655,
          0.0,
          273.098
        ],
        [
          -29180.3,
          670.186,
          12444.6
        ]
      ],
      "objLayer": 0,
      "props": {}
    },
    "bdt_t1_bomb_zone_05_aaa_point_01": {
      "type": "Point",
      "tm": [
        [
          0.169724,
          0.0,
          0.985492
        ],
        [
          0.0,
          1.0,
          0.0
        ],
        [
          -0.985492,
          0.0,
          0.169724
        ],
        [
          -17575.4,
          2.47626,
          6090.45
        ]
      ],
      "objLayer": 0,
      "props": {}
    },
    "bdt_t1_bomb_zone_05_aaa_point_02": {
      "type": "Point",
      "tm": [
        [
          0.169724,
          0.0,
          0.985492
        ],
        [
          0.0,
          1.0,
          0.0
        ],
        [
          -0.985492,
          0.0,
          0.169724
        ],
        [
          -17437.0,
          37.3463,
          6216.65
        ]
      ],
      "objLayer": 0,
      "props": {}
    },
    "bdt_t1_bomb_zone_05_aaa_point_03": {
      "type": "Point",
      "tm": [
        [
          0.169724,
          0.0,
          0.985492
        ],
        [
          0.0,
          1.0,
          0.0
        ],
        [
          -0.985492,
          0.0,
          0.169724
        ],
        [
          -17423.9,
          27.9963,
          6631.15
        ]
      ],
      "objLayer": 0,
      "props": {}
    },
    "bdt_t1_bomb_zone_05_aaa_point_04": {
      "type": "Point",
      "tm": [
        [
          0.169724,
          0.0,
          0.985492
        ],
        [
          0.0,
          1.0,
          0.0
        ],
        [
          -0.985492,
          0.0,
          0.169724
        ],
        [
          -17655.0,
          -47.7237,
          6590.25
        ]
      ],
      "objLayer": 0,
      "props": {}
    },
    "bdt_t1_bomb_zone_06_aaa_point_01": {
      "type": "Point",
      "tm": [
        [
          0.169724,
          0.0,
          0.985492
        ],
        [
          0.0,
          1.0,
          0.0
        ],
        [
          -0.985492,
          0.0,
          0.169724
        ],
        [
          -19012.7,
          66.4224,
          12155.3
        ]
      ],
      "objLayer": 0,
      "props": {}
    },
    "bdt_t1_bomb_zone_06_aaa_point_02": {
      "type": "Point",
      "tm": [
        [
          0.169724,
          0.0,
          0.985492
        ],
        [
          0.0,
          1.0,
          0.0
        ],
        [
          -0.985492,
          0.0,
          0.169724
        ],
        [
          -19257.0,
          68.6824,
          12056.5
        ]
      ],
      "objLayer": 0,
      "props": {}
    },
    "bdt_t1_bomb_zone_06_aaa_point_03": {
      "type": "Point",
      "tm": [
        [
          0.169724,
          0.0,
          0.985492
        ],
        [
          0.0,
          1.0,
          0.0
        ],
        [
          -0.985492,
          0.0,
          0.169724
        ],
        [
          -19467.8,
          72.6624,
          12260.5
        ]
      ],
      "objLayer": 0,
      "props": {}
    },
    "bdt_t1_bomb_zone_06_aaa_point_04": {
      "type": "Point",
      "tm": [
        [
          0.169724,
          0.0,
          0.985492
        ],
        [
          0.0,
          1.0,
          0.0
        ],
        [
          -0.985492,
          0.0,
          0.169724
        ],
        [
          -19089.4,
          68.4324,
          12622.7
        ]
      ],
      "objLayer": 0,
      "props": {}
    },
    "bdt_t1_bomb_zone_07_aaa_point_01": {
      "type": "Point",
      "tm": [
        [
          0.169724,
          0.0,
          0.985492
        ],
        [
          0.0,
          1.0,
          0.0
        ],
        [
          -0.985492,
          0.0,
          0.169724
        ],
        [
          -15098.1,
          12.4279,
          7745.15
        ]
      ],
      "objLayer": 0,
      "props": {}
    },
    "bdt_t1_bomb_zone_07_aaa_point_02": {
      "type": "Point",
      "tm": [
        [
          0.169724,
          0.0,
          0.985492
        ],
        [
          0.0,
          1.0,
          0.0
        ],
        [
          -0.985492,
          0.0,
          0.169724
        ],
        [
          -14599.5,
          5.13781,
          7327.95
        ]
      ],
      "objLayer": 0,
      "props": {}
    },
    "bdt_t1_bomb_zone_07_aaa_point_03": {
      "type": "Point",
      "tm": [
        [
          0.169724,
          0.0,
          0.985492
        ],
        [
          0.0,
          1.0,
          0.0
        ],
        [
          -0.985492,
          0.0,
          0.169724
        ],
        [
          -14661.3,
          0.267813,
          7820.25
        ]
      ],
      "objLayer": 0,
      "props": {}
    },
    "bdt_t1_bomb_zone_07_aaa_point_04": {
      "type": "Point",
      "tm": [
        [
          0.169724,
          0.0,
          0.985492
        ],
        [
          0.0,
          1.0,
          0.0
        ],
        [
          -0.985492,
          0.0,
          0.169724
        ],
        [
          -15245.8,
          9.68791,
          7423.75
        ]
      ],
      "objLayer": 0,
      "props": {}
    },
    "bdt_t1_bomb_zone_08_aaa_point_01": {
      "type": "Point",
      "tm": [
        [
          0.0593769,
          0.0,
          0.998235
        ],
        [
          0.0,
          1.0,
          0.0
        ],
        [
          -0.998235,
          0.0,
          0.0593769
        ],
        [
          -33552.2,
          484.105,
          12108.8
        ]
      ],
      "objLayer": 0,
      "props": {}
    },
    "bdt_t1_bomb_zone_08_aaa_point_02": {
      "type": "Point",
      "tm": [
        [
          0.0593769,
          0.0,
          0.998235
        ],
        [
          0.0,
          1.0,
          0.0
        ],
        [
          -0.998235,
          0.0,
          0.0593769
        ],
        [
          -33151.1,
          430.085,
          11877.8
        ]
      ],
      "objLayer": 0,
      "props": {}
    },
    "bdt_t1_bomb_zone_08_aaa_point_03": {
      "type": "Point",
      "tm": [
        [
          0.0593769,
          0.0,
          0.998235
        ],
        [
          0.0,
          1.0,
          0.0
        ],
        [
          -0.998235,
          0.0,
          0.0593769
        ],
        [
          -32891.6,
          674.145,
          12208.6
        ]
      ],
      "objLayer": 0,
      "props": {}
    },
    "bdt_t1_bomb_zone_08_aaa_point_04": {
      "type": "Point",
      "tm": [
        [
          0.0593769,
          0.0,
          0.998235
        ],
        [
          0.0,
          1.0,
          0.0
        ],
        [
          -0.998235,
          0.0,
          0.0593769
        ],
        [
          -33236.9,
          660.815,
          12440.3
        ]
      ],
      "objLayer": 0,
      "props": {}
    },
    "bdt_t1_bomb_zone_09_aaa_point_01": {
      "type": "Point",
      "tm": [
        [
          0.0593769,
          0.0,
          0.998235
        ],
        [
          0.0,
          1.0,
          0.0
        ],
        [
          -0.998235,
          0.0,
          0.0593769
        ],
        [
          -24273.6,
          281.337,
          11188.6
        ]
      ],
      "objLayer": 0,
      "props": {}
    },
    "bdt_t1_bomb_zone_09_aaa_point_02": {
      "type": "Point",
      "tm": [
        [
          0.0593769,
          0.0,
          0.998235
        ],
        [
          0.0,
          1.0,
          0.0
        ],
        [
          -0.998235,
          0.0,
          0.0593769
        ],
        [
          -23823.8,
          186.237,
          11393.3
        ]
      ],
      "objLayer": 0,
      "props": {}
    },
    "bdt_t1_bomb_zone_09_aaa_point_03": {
      "type": "Point",
      "tm": [
        [
          0.0593769,
          0.0,
          0.998235
        ],
        [
          0.0,
          1.0,
          0.0
        ],
        [
          -0.998235,
          0.0,
          0.0593769
        ],
        [
          -24564.3,
          172.772,
          11818.2
        ]
      ],
      "objLayer": 0,
      "props": {}
    },
    "bdt_t1_bomb_zone_09_aaa_point_04": {
      "type": "Point",
      "tm": [
        [
          0.0593769,
          0.0,
          0.998235
        ],
        [
          0.0,
          1.0,
          0.0
        ],
        [
          -0.998235,
          0.0,
          0.0593769
        ],
        [
          -23828.8,
