{
  "selected_tag": "",
  "bin_dump_file": "",
  "mission_settings": {
    "player": {
      "army": 1
    },
    "player_teamB": {
      "army": 2
    },
    "mission": {
      "level": "levels/air_smolensk.bin",
      "type": "domination",
      "environment": "Day",
      "weather": "hazy",
      "restoreType": "attempts",
      "optionalTakeOff": false
    }
  },
  "imports": {},
  "triggers": {
    "isCategory": true,
    "is_enabled": true
  },
  "mission_objectives": {
    "isCategory": true,
    "is_enabled": true
  },
  "variables": {},
  "dialogs": {},
  "airfields": {},
  "effects": {},
  "units": {
    "objectGroups": [
      {
        "name": "bdt_t2_bomb_object_02",
        "tm": [
          [
            0.889563,
            0.0,
            0.456808
          ],
          [
            0.0,
            1.0,
            0.0
          ],
          [
            -0.456808,
            0.0,
            0.889563
          ],
          [
            -32506.2,
            628.623,
            -1632.19
          ]
        ],
        "unit_class": "dynBase_hq_camp_square",
        "objLayer": 2,
        "props": {
          "army": 2,
          "active": false
        }
      },
      {
        "name": "bdt_t2_bomb_object_03",
        "tm": [
          [
            0.987825,
            0.0,
            -0.155589
          ],
          [
            0.0,
            1.0,
            0.0
          ],
          [
            0.155589,
            0.0,
            0.987825
          ],
          [
            -26936.5,
            479.808,
            -4984.99
          ]
        ],
        "unit_class": "dynBase_fuel_storage_square",
        "objLayer": 2,
        "props": {
          "army": 2,
          "active": false
        }
      },
      {
        "name": "bdt_t2_bomb_object_04",
        "tm": [
          [
            -0.105384,
            0.0,
            0.994433
          ],
          [
            0.0,
            1.0,
            0.0
          ],
          [
            -0.994433,
            0.0,
            -0.105384
          ],
          [
            -21843.6,
            36.3601,
            -3300.14
          ]
        ],
        "unit_class": "dynBase_oil_storage_small_square",
        "objLayer": 2,
        "props": {
          "army": 2,
          "active": false
        }
      },
      {
        "name": "bdt_t1_bomb_object_01",
        "tm": [
          [
            0.60688,
            0.0,
            0.794793
          ],
          [
            0.0,
            1.0,
            0.0
          ],
          [
            -0.794793,
            0.0,
            0.60688
          ],
          [
            -31615.5,
            603.998,
            10683.5
          ]
        ],
        "unit_class": "dynBase_fuel_storage_square",
        "objLayer": 2,
        "props": {
          "army": 1,
          "active": false
        }
      },
      {
        "name": "bdt_t1_bomb_object_02",
        "tm": [
          [
            -0.0895158,
            0.0,
            0.995984
          ],
          [
            0.0,
            1.0,
            0.0
          ],
          [
            -0.995984,
            0.0,
            -0.0895158
          ],
          [
            -28436.0,
            545.511,
            9708.1
          ]
        ],
        "unit_class": "dynBase_small_factory_square",
        "objLayer": 2,
        "props": {
          "army": 1,
          "active": false
        }
      },
      {
        "name": "bdt_t1_bomb_object_03",
        "tm": [
          [
            -0.193112,
            0.0,
            0.981176
          ],
          [
            0.0,
            1.0,
            0.0
          ],
          [
            -0.981176,
            0.0,
            -0.193112
          ],
          [
            -22063.2,
            44.5394,
            8376.1
          ]
        ],
        "unit_class": "dynBase_oil_storage_small_square",
        "objLayer": 2,
        "props": {
          "army": 1,
          "active": false
        }
      },
      {
        "name": "bdt_t2_bomb_object_10",
        "tm": [
          [
            0.46667,
            0.0,
            0.884432
          ],
          [
            0.0,
            1.0,
            0.0
          ],
          [
            -0.884432,
            0.0,
            0.46667
          ],
          [
            -31447.4,
            638.613,
            -5086.62
          ]
        ],
        "unit_class": "dynBase_small_factory_square",
        "objLayer": 2,
        "props": {
          "army": 2,
          "active": false
        }
      },
      {
        "name": "bdt_t1_bomb_object_04",
        "tm": [
          [
            0.162519,
            0.0,
            0.986706
          ],
          [
            0.0,
            1.0,
            0.0
          ],
          [
            -0.986706,
            0.0,
            0.162519
          ],
          [
            -19280.4,
            15.15,
            4137.91
          ]
        ],
        "unit_class": "dynBase_field_camp_square",
        "objLayer": 2,
        "props": {
          "army": 1,
          "active": false
        }
      },
      {
        "name": "bdt_t1_bomb_object_05",
        "tm": [
          [
            0.162519,
            0.0,
            0.986706
          ],
          [
            0.0,
            1.0,
            0.0
          ],
          [
            -0.986706,
            0.0,
            0.162519
          ],
          [
            -19634.3,
            17.8843,
            6726.86
          ]
        ],
        "unit_class": "dynBase_military_base_square",
        "objLayer": 2,
        "props": {
          "army": 1,
          "active": false
        }
      },
      {
        "name": "bdt_t1_bomb_object_06",
        "tm": [
          [
            0.162519,
            0.0,
            0.986706
          ],
          [
            0.0,
            1.0,
            0.0
          ],
          [
            -0.986706,
            0.0,
            0.162519
          ],
          [
            -20328.9,
            26.2505,
            9722.8
          ]
        ],
        "unit_class": "dynBase_oil_storage_large_square",
        "objLayer": 2,
        "props": {
          "army": 1,
          "active": false
        }
      },
      {
        "name": "bdt_t1_bomb_object_07",
        "tm": [
          [
            0.162519,
            0.0,
            0.986706
          ],
          [
            0.0,
            1.0,
            0.0
          ],
          [
            -0.986706,
            0.0,
            0.162519
          ],
          [
            -16899.9,
            26.0537,
            4260.75
          ]
        ],
        "unit_class": "dynBase_oil_storage_large_square",
        "objLayer": 2,
        "props": {
          "army": 1,
          "active": false
        }
      },
      {
        "name": "bdt_t1_bomb_object_08",
        "tm": [
          [
            0.60688,
            0.0,
            0.794793
          ],
          [
            0.0,
            1.0,
            0.0
          ],
          [
            -0.794793,
            0.0,
            0.60688
          ],
          [
            -30714.7,
            392.273,
            8059.85
          ]
        ],
        "unit_class": "dynBase_small_factory_square",
        "objLayer": 2,
        "props": {
          "army": 1,
          "active": false
        }
      },
      {
        "name": "bdt_t1_bomb_object_09",
        "tm": [
          [
            0.60688,
            0.0,
            0.794793
          ],
          [
            0.0,
            1.0,
            0.0
          ],
          [
            -0.794793,
            0.0,
            0.60688
          ],
          [
            -25472.5,
            343.999,
            9672.87
          ]
        ],
        "unit_class": "dynBase_petrol_camp_square",
        "objLayer": 2,
        "props": {
          "army": 1,
          "active": false
        }
      },
      {
        "name": "bdt_t1_bomb_object_10",
        "tm": [
          [
            0.60688,
            0.0,
            0.794793
          ],
          [
            0.0,
            1.0,
            0.0
          ],
          [
            -0.794793,
            0.0,
            0.60688
          ],
          [
            -23996.6,
            315.465,
            11557.5
          ]
        ],
        "unit_class": "dynBase_petrol_camp_square",
        "objLayer": 2,
        "props": {
          "army": 1,
          "active": false
        }
      },
      {
        "name": "bdt_t2_bomb_object_01",
        "tm": [
          [
            0.46667,
            0.0,
            0.884432
          ],
          [
            0.0,
            1.0,
            0.0
          ],
          [
            -0.884432,
            0.0,
            0.46667
          ],
          [
            -35122.4,
            800.561,
            -33.1028
          ]
        ],
        "unit_class": "dynBase_petrol_camp_square",
        "objLayer": 2,
        "props": {
          "army": 2,
          "active": false
        }
      },
      {
        "name": "bdt_t2_bomb_object_08",
        "tm": [
          [
            -0.00295252,
            0.0,
            0.999997
          ],
          [
            0.0,
            1.0,
            0.0
          ],
          [
            -0.999997,
            0.0,
            -0.00295252
          ],
          [
            -33153.2,
            691.313,
            1537.31
          ]
        ],
        "unit_class": "dynBase_military_base_square",
        "objLayer": 2,
        "props": {
          "army": 2,
          "active": false
        }
      },
      {
        "name": "bdt_t2_bomb_object_09",
        "tm": [
          [
            0.46667,
            0.0,
            0.884432
          ],
          [
            0.0,
            1.0,
            0.0
          ],
          [
            -0.884432,
            0.0,
            0.46667
          ],
          [
            -30213.3,
            554.351,
            -3643.27
          ]
        ],
        "unit_class": "dynBase_fuel_storage_square",
        "objLayer": 2,
        "props": {
          "army": 2,
          "active": false
        }
      },
      {
        "name": "bdt_t2_bomb_object_06",
        "tm": [
          [
            -0.105384,
            0.0,
            0.994433
          ],
          [
            0.0,
            1.0,
            0.0
          ],
          [
            -0.994433,
            0.0,
            -0.105384
          ],
          [
            -27688.3,
            576.407,
            -6967.41
          ]
        ],
        "unit_class": "dynBase_ammunition_storage_square",
        "objLayer": 2,
        "props": {
          "army": 2,
          "active": false
        }
      },
      {
        "name": "bdt_t2_bomb_object_05",
        "tm": [
          [
            -0.105384,
            0.0,
            0.994433
          ],
          [
            0.0,
            1.0,
            0.0
          ],
          [
            -0.994433,
            0.0,
            -0.105384
          ],
          [
            -23684.6,
            118.535,
            -5072.49
          ]
        ],
        "unit_class": "dynBase_field_camp_square",
        "objLayer": 2,
        "props": {
          "army": 2,
          "active": false
        }
      },
      {
        "name": "bdt_t2_bomb_object_07",
        "tm": [
          [
            -0.105384,
            0.0,
            0.994433
          ],
          [
            0.0,
            1.0,
            0.0
          ],
          [
            -0.994433,
            0.0,
            -0.105384
          ],
          [
            -20563.9,
            53.7903,
            -4997.01
          ]
        ],
        "unit_class": "dynBase_oil_storage_small_square",
        "objLayer": 2,
        "props": {
          "army": 2,
          "active": false
        }
      }
    ]
  },
  "areas": {
    "bdt_t2_bomb_zone_02": {
      "type": "Sphere",
      "tm": [
        [
          400.305,
          0.0,
          205.565
        ],
        [
          0.0,
          450.0,
          0.0
        ],
        [
          -205.565,
          0.0,
          400.305
        ],
        [
          -32505.3,
          629.183,
          -1639.19
        ]
      ],
      "objLayer": 0,
      "props": {}
    },
    "bdt_t2_bomb_zone_03": {
      "type": "Sphere",
      "tm": [
        [
          375.035,
          0.0,
          248.694
        ],
        [
          0.0,
          450.0,
          0.0
        ],
        [
          -248.694,
          0.0,
          375.035
        ],
        [
          -26939.3,
          478.188,
          -4963.47
        ]
      ],
      "objLayer": 0,
      "props": {}
    },
    "bdt_t2_bomb_zone_04": {
      "type": "Sphere",
      "tm": [
        [
          -47.4207,
          0.0,
          447.494
        ],
        [
          0.0,
          450.0,
          0.0
        ],
        [
          -447.494,
          0.0,
          -47.4207
        ],
        [
          -21851.3,
          37.0601,
          -3306.24
        ]
      ],
      "objLayer": 0,
      "props": {}
    },
    "bdt_t1_bomb_zone_01": {
      "type": "Sphere",
      "tm": [
        [
          273.098,
          0.0,
          357.655
        ],
        [
          0.0,
          450.0,
          0.0
        ],
        [
          -357.655,
          0.0,
          273.098
        ],
        [
          -31610.5,
          618.658,
          10695.1
        ]
      ],
      "objLayer": 0,
      "props": {}
    },
    "bdt_t1_bomb_zone_02": {
      "type": "Sphere",
      "tm": [
        [
          57.6808,
          0.0,
          446.287
        ],
        [
          0.0,
          450.0,
          0.0
        ],
        [
          -446.287,
          0.0,
          57.6808
        ],
        [
          -28437.7,
          546.501,
          9712.5
        ]
      ],
      "objLayer": 0,
      "props": {}
    },
    "bdt_t1_bomb_zone_03": {
      "type": "Sphere",
      "tm": [
        [
          87.6505,
          0.0,
          441.379
        ],
        [
          0.0,
          450.0,
          0.0
        ],
        [
          -441.379,
          0.0,
          87.6505
        ],
        [
          -22062.5,
          43.8704,
          8381.6
        ]
      ],
      "objLayer": 0,
      "props": {}
    },
    "bdt_t2_bomb_zone_10": {
      "type": "Sphere",
      "tm": [
        [
          210.002,
          0.0,
          397.992
        ],
        [
          0.0,
          450.0,
          0.0
        ],
        [
          -397.992,
          0.0,
          210.002
        ],
        [
          -31442.2,
          637.683,
          -5080.61
        ]
      ],
      "objLayer": 0,
      "props": {}
    },
    "bdt_t1_bomb_zone_04": {
      "type": "Sphere",
      "tm": [
        [
          87.6505,
          0.0,
          441.379
        ],
        [
          0.0,
          450.0,
          0.0
        ],
        [
          -441.379,
          0.0,
          87.6505
        ],
        [
          -19286.0,
          15.81,
          4139.31
        ]
      ],
      "objLayer": 0,
      "props": {}
    },
    "bdt_t2_bomb_zone_01_aaa_point_01": {
      "type": "Point",
      "tm": [
        [
          0.482644,
          0.0,
          0.875815
        ],
        [
          0.0,
          1.0,
          0.0
        ],
        [
          -0.875815,
          0.0,
          0.482644
        ],
        [
          -32296.3,
          619.233,
          -1723.78
        ]
      ],
      "objLayer": 0,
      "props": {}
    },
    "bdt_t2_bomb_zone_01_aaa_point_02": {
      "type": "Point",
      "tm": [
        [
          0.482644,
          0.0,
          0.875815
        ],
        [
          0.0,
          1.0,
          0.0
        ],
        [
          -0.875815,
          0.0,
          0.482644
        ],
        [
          -32797.3,
          657.773,
          -1634.43
        ]
      ],
      "objLayer": 0,
      "props": {}
    },
    "bdt_t2_bomb_zone_01_aaa_point_03": {
      "type": "Point",
      "tm": [
        [
          0.482644,
          0.0,
          0.875815
        ],
        [
          0.0,
          1.0,
          0.0
        ],
        [
          -0.875815,
          0.0,
          0.482644
        ],
        [
          -32747.0,
          642.763,
          -1526.54
        ]
      ],
      "objLayer": 0,
      "props": {}
    },
    "bdt_t2_bomb_zone_01_aaa_point_04": {
      "type": "Point",
      "tm": [
        [
          0.482644,
          0.0,
          0.875815
        ],
        [
          0.0,
          1.0,
          0.0
        ],
        [
          -0.875815,
          0.0,
          0.482644
        ],
        [
          -32611.6,
          564.013,
          -1120.84
        ]
      ],
      "objLayer": 0,
      "props": {}
    },
    "bdt_t2_bomb_zone_02_aaa_point_01": {
      "type": "Point",
      "tm": [
        [
          0.38253,
          0.0,
          0.923942
        ],
        [
          0.0,
          1.0,
          0.0
        ],
        [
          -0.923942,
          0.0,
          0.38253
        ],
        [
          -26877.3,
          511.858,
          -5204.14
        ]
      ],
      "objLayer": 0,
      "props": {}
    },
    "bdt_t2_bomb_zone_02_aaa_point_02": {
      "type": "Point",
      "tm": [
        [
          0.38253,
          0.0,
          0.923942
        ],
        [
          0.0,
          1.0,
          0.0
        ],
        [
          -0.923942,
          0.0,
          0.38253
        ],
        [
          -27210.8,
          542.107,
          -4780.65
        ]
      ],
      "objLayer": 0,
      "props": {}
    },
    "bdt_t2_bomb_zone_02_aaa_point_03": {
      "type": "Point",
      "tm": [
        [
          0.38253,
          0.0,
          0.923942
        ],
        [
          0.0,
          1.0,
          0.0
        ],
        [
          -0.923942,
          0.0,
          0.38253
        ],
        [
          -27139.0,
          598.067,
          -5159.24
        ]
      ],
      "objLayer": 0,
      "props": {}
    },
    "bdt_t2_bomb_zone_02_aaa_point_04": {
      "type": "Point",
      "tm": [
        [
          0.38253,
          0.0,
          0.923942
        ],
        [
          0.0,
          1.0,
          0.0
        ],
        [
          -0.923942,
          0.0,
          0.38253
        ],
        [
          -26816.7,
          451.328,
          -4769.57
        ]
      ],
      "objLayer": 0,
      "props": {}
    },
    "bdt_t2_bomb_zone_03_aaa_point_01": {
      "type": "Point",
      "tm": [
        [
          0.38253,
          0.0,
          0.923942
        ],
        [
          0.0,
          1.0,
          0.0
        ],
        [
          -0.923942,
          0.0,
          0.38253
        ],
        [
          -21561.1,
          110.44,
          -3373.51
        ]
      ],
      "objLayer": 0,
      "props": {}
    },
    "bdt_t2_bomb_zone_03_aaa_point_02": {
      "type": "Point",
      "tm": [
        [
          0.38253,
          0.0,
          0.923942
        ],
        [
          0.0,
          1.0,
          0.0
        ],
        [
          -0.923942,
          0.0,
          0.38253
        ],
        [
          -22059.5,
          -60.18,
          -3100.63
        ]
      ],
      "objLayer": 0,
      "props": {}
    },
    "bdt_t2_bomb_zone_03_aaa_point_03": {
      "type": "Point",
      "tm": [
        [
          0.38253,
          0.0,
          0.923942
        ],
        [
          0.0,
          1.0,
          0.0
        ],
        [
          -0.923942,
          0.0,
          0.38253
        ],
        [
          -22160.3,
          25.9101,
          -3391.05
        ]
      ],
      "objLayer": 0,
      "props": {}
    },
    "bdt_t2_bomb_zone_03_aaa_point_04": {
      "type": "Point",
      "tm": [
        [
          0.38253,
          0.0,
          0.923942
        ],
        [
          0.0,
          1.0,
          0.0
        ],
        [
          -0.923942,
          0.0,
          0.38253
        ],
        [
          -21693.2,
          76.9601,
          -3561.14
        ]
      ],
      "objLayer": 0,
      "props": {}
    },
    "bdt_t2_bomb_zone_04_aaa_point_01": {
      "type": "Point",
      "tm": [
        [
          0.482644,
          0.0,
          0.875815
        ],
        [
          0.0,
          1.0,
          0.0
        ],
        [
          -0.875815,
          0.0,
          0.482644
        ],
        [
          -31528.7,
          639.003,
          -4759.81
        ]
      ],
      "objLayer": 0,
      "props": {}
    },
    "bdt_t2_bomb_zone_04_aaa_point_02": {
      "type": "Point",
      "tm": [
        [
          0.482644,
          0.0,
          0.875815
        ],
        [
          0.0,
          1.0,
          0.0
        ],
        [
          -0.875815,
          0.0,
          0.482644
        ],
        [
          -31730.7,
          681.023,
          -5170.75
        ]
      ],
      "objLayer": 0,
      "props": {}
    },
    "bdt_t2_bomb_zone_04_aaa_point_03": {
      "type": "Point",
      "tm": [
        [
          0.482644,
          0.0,
          0.875815
        ],
        [
          0.0,
          1.0,
          0.0
        ],
        [
          -0.875815,
          0.0,
          0.482644
        ],
        [
          -31175.9,
          606.803,
          -5093.17
        ]
      ],
      "objLayer": 0,
      "props": {}
    },
    "bdt_t2_bomb_zone_04_aaa_point_04": {
      "type": "Point",
      "tm": [
        [
          0.482644,
          0.0,
          0.875815
        ],
        [
          0.0,
          1.0,
          0.0
        ],
        [
          -0.875815,
          0.0,
          0.482644
        ],
        [
          -31316.5,
          627.253,
          -5293.14
        ]
      ],
      "objLayer": 0,
      "props": {}
    },
    "bdt_t1_bomb_zone_01_aaa_point_01": {
      "type": "Point",
      "tm": [
        [
          0.0593765,
          0.0,
          0.998236
        ],
        [
          0.0,
          1.0,
          0.0
        ],
        [
          -0.998236,
          0.0,
          0.0593765
        ],
        [
          -31604.3,
          728.868,
          10949.8
        ]
      ],
      "objLayer": 0,
      "props": {}
    },
    "bdt_t1_bomb_zone_01_aaa_point_02": {
      "type": "Point",
      "tm": [
        [
          0.0593765,
          0.0,
          0.998236
        ],
        [
          0.0,
          1.0,
          0.0
        ],
        [
          -0.998236,
          0.0,
          0.0593765
        ],
        [
          -31685.9,
          591.228,
          10453.6
        ]
      ],
      "objLayer": 0,
      "props": {}
    },
    "bdt_t1_bomb_zone_01_aaa_point_03": {
      "type": "Point",
      "tm": [
        [
          0.0593765,
          0.0,
          0.998236
        ],
        [
          0.0,
          1.0,
          0.0
        ],
        [
          -0.998236,
          0.0,
          0.0593765
        ],
        [
          -31381.1,
          522.478,
          10652.4
        ]
      ],
      "objLayer": 0,
      "props": {}
    },
    "bdt_t1_bomb_zone_01_aaa_point_04": {
      "type": "Point",
      "tm": [
        [
          0.0593765,
          0.0,
          0.998236
        ],
        [
          0.0,
          1.0,
          0.0
        ],
        [
          -0.998236,
          0.0,
          0.0593765
        ],
        [
          -31513.9,
          465.968,
          10466.4
        ]
      ],
      "objLayer": 0,
      "props": {}
    },
    "bdt_t1_bomb_zone_02_aaa_point_01": {
      "type": "Point",
      "tm": [
        [
          0.0593765,
          0.0,
          0.998236
        ],
        [
          0.0,
          1.0,
          0.0
        ],
        [
          -0.998236,
          0.0,
          0.0593765
        ],
        [
          -28607.0,
          619.921,
          9923.21
        ]
      ],
      "objLayer": 0,
      "props": {}
    },
    "bdt_t1_bomb_zone_02_aaa_point_02": {
      "type": "Point",
      "tm": [
        [
          0.0593765,
          0.0,
          0.998236
        ],
        [
          0.0,
          1.0,
          0.0
        ],
        [
          -0.998236,
          0.0,
          0.0593765
        ],
        [
          -28695.2,
          612.851,
          9646.91
        ]
      ],
      "objLayer": 0,
      "props": {}
    },
    "bdt_t1_bomb_zone_02_aaa_point_03": {
      "type": "Point",
      "tm": [
        [
          0.0593765,
          0.0,
          0.998236
        ],
        [
          0.0,
          1.0,
          0.0
        ],
        [
          -0.998236,
          0.0,
          0.0593765
        ],
        [
          -27996.4,
          513.401,
          9622.0
        ]
      ],
      "objLayer": 0,
      "props": {}
    },
    "bdt_t1_bomb_zone_02_aaa_point_04": {
      "type": "Point",
      "tm": [
        [
          0.0593765,
          0.0,
          0.998236
        ],
        [
          0.0,
          1.0,
          0.0
        ],
        [
          -0.998236,
          0.0,
          0.0593765
        ],
        [
          -28493.2,
          561.051,
          9388.1
        ]
      ],
      "objLayer": 0,
      "props": {}
    },
    "bdt_t1_bomb_zone_03_aaa_point_01": {
      "type": "Point",
      "tm": [
        [
          0.169724,
          0.0,
          0.985492
        ],
        [
          0.0,
          1.0,
          0.0
        ],
        [
          -0.985492,
          0.0,
          0.169724
        ],
        [
          -21868.3,
          80.6594,
          8142.9
        ]
      ],
      "objLayer": 0,
      "props": {}
    },
    "bdt_t1_bomb_zone_03_aaa_point_02": {
      "type": "Point",
      "tm": [
        [
          0.169724,
          0.0,
          0.985492
        ],
        [
          0.0,
          1.0,
          0.0
        ],
        [
          -0.985492,
          0.0,
          0.169724
        ],
        [
          -22226.5,
          43.1104,
          8559.9
        ]
      ],
      "objLayer": 0,
      "props": {}
    },
    "bdt_t1_bomb_zone_03_aaa_point_03": {
      "type": "Point",
      "tm": [
        [
          0.169724,
          0.0,
          0.985492
        ],
        [
          0.0,
          1.0,
          0.0
        ],
        [
          -0.985492,
          0.0,
          0.169724
        ],
        [
          -22338.5,
          34.0104,
          8303.3
        ]
      ],
      "objLayer": 0,
      "props": {}
    },
    "bdt_t1_bomb_zone_03_aaa_point_04": {
      "type": "Point",
      "tm": [
        [
          0.169724,
          0.0,
          0.985492
        ],
        [
          0.0,
          1.0,
          0.0
        ],
        [
          -0.985492,
          0.0,
          0.169724
        ],
        [
          -21854.3,
          67.6994,
          8538.8
        ]
      ],
      "objLayer": 0,
      "props": {}
    },
    "bdt_t1_bomb_zone_04_aaa_point_01": {
      "type": "Point",
      "tm": [
        [
          0.169724,
          0.0,
          0.985492
        ],
        [
          0.0,
          1.0,
          0.0
        ],
        [
          -0.985492,
          0.0,
          0.169724
        ],
        [
          -19105.2,
          47.57,
          4399.41
        ]
      ],
      "objLayer": 0,
      "props": {}
    },
    "bdt_t1_bomb_zone_04_aaa_point_02": {
      "type": "Point",
      "tm": [
        [
          0.169724,
          0.0,
          0.985492
        ],
        [
          0.0,
          1.0,
          0.0
        ],
        [
          -0.985492,
          0.0,
          0.169724
        ],
        [
          -19422.8,
          30.51,
          4351.81
        ]
      ],
      "objLayer": 0,
      "props": {}
    },
    "bdt_t1_bomb_zone_04_aaa_point_03": {
      "type": "Point",
      "tm": [
        [
          0.169724,
          0.0,
          0.985492
        ],
        [
          0.0,
          1.0,
          0.0
        ],
        [
          -0.985492,
          0.0,
          0.169724
        ],
        [
          -19000.4,
          37.74,
          4083.91
        ]
      ],
      "objLayer": 0,
      "props": {}
    },
    "bdt_t1_bomb_zone_04_aaa_point_04": {
      "type": "Point",
      "tm": [
        [
          0.169724,
          0.0,
          0.985492
        ],
        [
          0.0,
          1.0,
          0.0
        ],
        [
          -0.985492,
          0.0,
          0.169724
        ],
        [
          -19580.8,
          51.62,
          4031.41
        ]
      ],
      "objLayer": 0,
      "props": {}
    },
    "bdt_t1_bomb_zone_05": {
      "type": "Sphere",
      "tm": [
        [
          87.6505,
          0.0,
          441.379
        ],
        [
          0.0,
          450.0,
          0.0
        ],
        [
          -441.379,
          0.0,
          87.6505
        ],
        [
          -19640.0,
          17.6143,
          6728.16
        ]
      ],
      "objLayer": 0,
      "props": {}
    },
    "bdt_t1_bomb_zone_06": {
      "type": "Sphere",
      "tm": [
        [
          87.6505,
          0.0,
          441.379
        ],
        [
          0.0,
          450.0,
          0.0
        ],
        [
          -441.379,
          0.0,
          87.6505
        ],
        [
          -20334.6,
          25.1305,
          9724.3
        ]
      ],
      "objLayer": 0,
      "props": {}
    },
    "bdt_t1_bomb_zone_07": {
      "type": "Sphere",
      "tm": [
        [
          87.6505,
          0.0,
          441.379
        ],
        [
          0.0,
          450.0,
          0.0
        ],
        [
          -441.379,
          0.0,
          87.6505
        ],
        [
          -16905.5,
          23.9637,
          4262.25
        ]
      ],
      "objLayer": 0,
      "props": {}
    },
    "bdt_t1_bomb_zone_08": {
      "type": "Sphere",
      "tm": [
        [
          273.098,
          0.0,
          357.655
        ],
        [
          0.0,
          450.0,
          0.0
        ],
        [
          -357.655,
          0.0,
          273.098
        ],
        [
          -30709.7,
          395.602,
          8071.55
        ]
      ],
      "objLayer": 0,
      "props": {}
    },
    "bdt_t1_bomb_zone_09": {
      "type": "Sphere",
      "tm": [
        [
          273.098,
          0.0,
          357.655
        ],
        [
          0.0,
          450.0,
          0.0
        ],
        [
          -357.655,
          0.0,
          273.098
        ],
        [
          -25467.5,
          344.289,
          9684.17
        ]
      ],
      "objLayer": 0,
      "props": {}
    },
    "bdt_t1_bomb_zone_10": {
      "type": "Sphere",
      "tm": [
        [
          273.098,
          0.0,
          357.655
        ],
        [
          0.0,
          450.0,
          0.0
        ],
        [
          -357.655,
          0.0,
          273.098
        ],
        [
          -23991.5,
          316.265,
          11569.2
        ]
      ],
      "objLayer": 0,
      "props": {}
    },
    "bdt_t1_bomb_zone_05_aaa_point_01": {
      "type": "Point",
      "tm": [
        [
          0.169724,
          0.0,
          0.985492
        ],
        [
          0.0,
          1.0,
          0.0
        ],
        [
          -0.985492,
          0.0,
          0.169724
        ],
        [
          -19708.8,
          6.56428,
          6462.86
        ]
      ],
      "objLayer": 0,
      "props": {}
    },
    "bdt_t1_bomb_zone_05_aaa_point_02": {
      "type": "Point",
      "tm": [
        [
          0.169724,
          0.0,
          0.985492
        ],
        [
          0.0,
          1.0,
          0.0
        ],
        [
          -0.985492,
          0.0,
          0.169724
        ],
        [
          -19570.3,
          17.5143,
          6589.26
        ]
      ],
      "objLayer": 0,
      "props": {}
    },
    "bdt_t1_bomb_zone_05_aaa_point_03": {
      "type": "Point",
      "tm": [
        [
          0.169724,
          0.0,
          0.985492
        ],
        [
          0.0,
          1.0,
          0.0
        ],
        [
          -0.985492,
          0.0,
          0.169724
        ],
        [
          -19557.1,
          29.7043,
          7003.76
        ]
      ],
      "objLayer": 0,
      "props": {}
    },
    "bdt_t1_bomb_zone_05_aaa_point_04": {
      "type": "Point",
      "tm": [
        [
          0.169724,
          0.0,
          0.985492
        ],
        [
          0.0,
          1.0,
          0.0
        ],
        [
          -0.985492,
          0.0,
          0.169724
        ],
        [
          -19788.2,
          8.50428,
          6962.76
        ]
      ],
      "objLayer": 0,
      "props": {}
    },
    "bdt_t1_bomb_zone_06_aaa_point_01": {
      "type": "Point",
      "tm": [
        [
          0.169724,
          0.0,
          0.985492
        ],
        [
          0.0,
          1.0,
          0.0
        ],
        [
          -0.985492,
          0.0,
          0.169724
        ],
        [
          -20083.9,
          80.2105,
          9498.4
        ]
      ],
      "objLayer": 0,
      "props": {}
    },
    "bdt_t1_bomb_zone_06_aaa_point_02": {
      "type": "Point",
      "tm": [
        [
          0.169724,
          0.0,
          0.985492
        ],
        [
          0.0,
          1.0,
          0.0
        ],
        [
          -0.985492,
          0.0,
          0.169724
        ],
        [
          -20328.2,
          27.8605,
          9399.6
        ]
      ],
      "objLayer": 0,
      "props": {}
    },
    "bdt_t1_bomb_zone_06_aaa_point_03": {
      "type": "Point",
      "tm": [
        [
          0.169724,
          0.0,
          0.985492
        ],
        [
          0.0,
          1.0,
          0.0
        ],
        [
          -0.985492,
          0.0,
          0.169724
        ],
        [
          -20637.3,
          -31.8095,
          9786.6
        ]
      ],
      "objLayer": 0,
      "props": {}
    },
    "bdt_t1_bomb_zone_06_aaa_point_04": {
      "type": "Point",
      "tm": [
        [
          0.169724,
          0.0,
          0.985492
        ],
        [
          0.0,
          1.0,
          0.0
        ],
        [
          -0.985492,
          0.0,
          0.169724
        ],
        [
          -20160.5,
          -10.3195,
          9965.6
        ]
      ],
      "objLayer": 0,
      "props": {}
    },
    "bdt_t1_bomb_zone_07_aaa_point_01": {
      "type": "Point",
      "tm": [
        [
          0.169724,
          0.0,
          0.985492
        ],
        [
          0.0,
          1.0,
          0.0
        ],
        [
          -0.985492,
          0.0,
          0.169724
        ],
        [
          -17138.0,
          -90.4062,
          4453.85
        ]
      ],
      "objLayer": 0,
      "props": {}
    },
    "bdt_t1_bomb_zone_07_aaa_point_02": {
      "type": "Point",
      "tm": [
        [
          0.169724,
          0.0,
          0.985492
        ],
        [
          0.0,
          1.0,
          0.0
        ],
        [
          -0.985492,
          0.0,
          0.169724
        ],
        [
          -16639.4,
          186.444,
          4036.75
        ]
      ],
      "objLayer": 0,
      "props": {}
    },
    "bdt_t1_bomb_zone_07_aaa_point_03": {
      "type": "Point",
      "tm": [
        [
          0.169724,
          0.0,
          0.985492
        ],
        [
          0.0,
          1.0,
          0.0
        ],
        [
          -0.985492,
          0.0,
          0.169724
        ],
        [
          -16701.3,
          13.6737,
          4528.95
        ]
      ],
      "objLayer": 0,
      "props": {}
    },
    "bdt_t1_bomb_zone_07_aaa_point_04": {
      "type": "Point",
      "tm": [
        [
          0.169724,
          0.0,
          0.985492
        ],
        [
          0.0,
          1.0,
          0.0
        ],
        [
          -0.985492,
          0.0,
          0.169724
        ],
        [
          -17285.8,
          -115.166,
          4132.55
        ]
      ],
      "objLayer": 0,
      "props": {}
    },
    "bdt_t1_bomb_zone_08_aaa_point_01": {
      "type": "Point",
      "tm": [
        [
          0.0593765,
          0.0,
          0.998236
        ],
        [
          0.0,
          1.0,
          0.0
        ],
        [
          -0.998236,
          0.0,
          0.0593765
        ],
        [
          -31014.7,
          439.123,
          8012.05
        ]
      ],
      "objLayer": 0,
      "props": {}
    },
    "bdt_t1_bomb_zone_08_aaa_point_02": {
      "type": "Point",
      "tm": [
        [
          0.0593765,
          0.0,
          0.998236
        ],
        [
          0.0,
          1.0,
          0.0
        ],
        [
          -0.998236,
          0.0,
          0.0593765
        ],
        [
          -30613.4,
          370.153,
          7780.95
        ]
      ],
      "objLayer": 0,
      "props": {}
    },
    "bdt_t1_bomb_zone_08_aaa_point_03": {
      "type": "Point",
      "tm": [
        [
          0.0593765,
          0.0,
          0.998236
        ],
        [
          0.0,
          1.0,
          0.0
        ],
        [
          -0.998236,
          0.0,
          0.0593765
        ],
        [
          -30354.0,
          390.102,
          8111.55
        ]
      ],
      "objLayer": 0,
      "props": {}
    },
    "bdt_t1_bomb_zone_08_aaa_point_04": {
      "type": "Point",
      "tm": [
        [
          0.0593765,
          0.0,
          0.998236
        ],
        [
          0.0,
          1.0,
          0.0
        ],
        [
          -0.998236,
          0.0,
          0.0593765
        ],
        [
          -30699.3,
          536.213,
          8343.35
        ]
      ],
      "objLayer": 0,
      "props": {}
    },
    "bdt_t1_bomb_zone_09_aaa_point_01": {
      "type": "Point",
      "tm": [
        [
          0.0593765,
          0.0,
          0.998236
        ],
        [
          0.0,
          1.0,
          0.0
        ],
        [
          -0.998236,
          0.0,
          0.0593765
        ],
        [
          -25577.1,
          343.989,
          9249.87
        ]
      ],
      "objLayer": 0,
      "props": {}
    },
    "bdt_t1_bomb_zone_09_aaa_point_02": {
      "type": "Point",
      "tm": [
        [
          0.0593765,
          0.0,
          0.998236
        ],
        [
          0.0,
          1.0,
          0.0
        ],
        [
          -0.998236,
          0.0,
          0.0593765
        ],
        [
          -25127.6,
          335.469,
          9454.57
        ]
      ],
      "objLayer": 0,
      "props": {}
    },
    "bdt_t1_bomb_zone_09_aaa_point_03": {
      "type": "Point",
      "tm": [
        [
          0.0593765,
          0.0,
          0.998236
        ],
        [
          0.0,
          1.0,
          0.0
        ],
        [
          -0.998236,
          0.0,
          0.0593765
        ],
        [
          -25963.9,
          349.679,
          9648.17
        ]
      ],
      "objLayer": 0,
      "props": {}
    },
    "bdt_t1_bomb_zone_09_aaa_point_04": {
      "type": "Point",
      "tm": [
        [
          0.0593765,
          0.0,
          0.998236
        ],
        [
          0.0,
          1.0,
          0.0
        ],
        [
          -0.998236,
          0.0,
          0.0593765
        ],
        [
          -25132.4,
