{
  "selected_tag": "",
  "bin_dump_file": "",
  "mission_settings": {
    "player": {
      "army": 1
    },
    "player_teamB": {
      "army": 2
    },
    "mission": {
      "level": "levels/air_smolensk.bin",
      "type": "domination",
      "environment": "Day",
      "weather": "hazy",
      "restoreType": "attempts",
      "optionalTakeOff": false
    }
  },
  "imports": {},
  "triggers": {
    "isCategory": true,
    "is_enabled": true
  },
  "mission_objectives": {
    "isCategory": true,
    "is_enabled": true
  },
  "variables": {},
  "dialogs": {},
  "airfields": {},
  "effects": {},
  "units": {
    "objectGroups": [
      {
        "name": "bdt_t2_bomb_object_01",
        "tm": [
          [
            0.889562,
            0.0,
            0.456809
          ],
          [
            0.0,
            1.0,
            0.0
          ],
          [
            -0.456809,
            0.0,
            0.889562
          ],
          [
            -33947.6,
            932.85,
            -4264.15
          ]
        ],
        "unit_class": "dynBase_hq_camp_square",
        "objLayer": 2,
        "props": {
          "army": 2,
          "active": false
        }
      },
      {
        "name": "bdt_t2_bomb_object_02",
        "tm": [
          [
            0.987826,
            0.0,
            -0.155587
          ],
          [
            0.0,
            1.0,
            0.0
          ],
          [
            0.155587,
            0.0,
            0.987826
          ],
          [
            -19595.9,
            50.3,
            -8514.8
          ]
        ],
        "unit_class": "dynBase_fuel_storage_square",
        "objLayer": 2,
        "props": {
          "army": 2,
          "active": false
        }
      },
      {
        "name": "bdt_t2_bomb_object_03",
        "tm": [
          [
            -0.105385,
            0.0,
            0.994434
          ],
          [
            0.0,
            1.0,
            0.0
          ],
          [
            -0.994434,
            0.0,
            -0.105385
          ],
          [
            -21776.6,
            141.35,
            -12520.0
          ]
        ],
        "unit_class": "dynBase_oil_storage_small_square",
        "objLayer": 2,
        "props": {
          "army": 2,
          "active": false
        }
      },
      {
        "name": "bdt_t1_bomb_object_01",
        "tm": [
          [
            0.60688,
            0.0,
            0.794793
          ],
          [
            0.0,
            1.0,
            0.0
          ],
          [
            -0.794793,
            0.0,
            0.60688
          ],
          [
            -20073.8,
            364.56,
            15999.8
          ]
        ],
        "unit_class": "dynBase_fuel_storage_square",
        "objLayer": 2,
        "props": {
          "army": 1,
          "active": false
        }
      },
      {
        "name": "bdt_t1_bomb_object_02",
        "tm": [
          [
            -0.0895163,
            0.0,
            0.995985
          ],
          [
            0.0,
            1.0,
            0.0
          ],
          [
            -0.995985,
            0.0,
            -0.0895163
          ],
          [
            -26607.8,
            1257.25,
            16267.7
          ]
        ],
        "unit_class": "dynBase_small_factory_square",
        "objLayer": 2,
        "props": {
          "army": 1,
          "active": false
        }
      },
      {
        "name": "bdt_t1_bomb_object_03",
        "tm": [
          [
            -0.193112,
            0.0,
            0.981176
          ],
          [
            0.0,
            1.0,
            0.0
          ],
          [
            -0.981176,
            0.0,
            -0.193112
          ],
          [
            -18190.0,
            8.19995,
            11485.2
          ]
        ],
        "unit_class": "dynBase_oil_storage_small_square",
        "objLayer": 2,
        "props": {
          "army": 1,
          "active": false
        }
      },
      {
        "name": "bdt_t2_bomb_object_04",
        "tm": [
          [
            0.466669,
            0.0,
            0.884431
          ],
          [
            0.0,
            1.0,
            0.0
          ],
          [
            -0.884431,
            0.0,
            0.466669
          ],
          [
            -32549.5,
            604.65,
            -8914.9
          ]
        ],
        "unit_class": "dynBase_small_factory_square",
        "objLayer": 2,
        "props": {
          "army": 2,
          "active": false
        }
      },
      {
        "name": "bdt_t1_bomb_object_04",
        "tm": [
          [
            0.162518,
            0.0,
            0.986706
          ],
          [
            0.0,
            1.0,
            0.0
          ],
          [
            -0.986706,
            0.0,
            0.162518
          ],
          [
            -13206.1,
            33.8462,
            10708.4
          ]
        ],
        "unit_class": "dynBase_field_camp_square",
        "objLayer": 2,
        "props": {
          "army": 1,
          "active": false
        }
      },
      {
        "name": "bdt_t1_bomb_object_05",
        "tm": [
          [
            0.162518,
            0.0,
            0.986706
          ],
          [
            0.0,
            1.0,
            0.0
          ],
          [
            -0.986706,
            0.0,
            0.162518
          ],
          [
            -11043.6,
            63.55,
            7192.9
          ]
        ],
        "unit_class": "dynBase_military_base_square",
        "objLayer": 2,
        "props": {
          "army": 1,
          "active": false
        }
      },
      {
        "name": "bdt_t1_bomb_object_06",
        "tm": [
          [
            0.162518,
            0.0,
            0.986706
          ],
          [
            0.0,
            1.0,
            0.0
          ],
          [
            -0.986706,
            0.0,
            0.162518
          ],
          [
            -15742.5,
            41.2146,
            13094.5
          ]
        ],
        "unit_class": "dynBase_oil_storage_large_square",
        "objLayer": 2,
        "props": {
          "army": 1,
          "active": false
        }
      },
      {
        "name": "bdt_t1_bomb_object_07",
        "tm": [
          [
            0.162518,
            0.0,
            0.986706
          ],
          [
            0.0,
            1.0,
            0.0
          ],
          [
            -0.986706,
            0.0,
            0.162518
          ],
          [
            -13974.8,
            45.0502,
            6205.3
          ]
        ],
        "unit_class": "dynBase_oil_storage_large_square",
        "objLayer": 2,
        "props": {
          "army": 1,
          "active": false
        }
      },
      {
        "name": "bdt_t1_bomb_object_08",
        "tm": [
          [
            0.60688,
            0.0,
            0.794793
          ],
          [
            0.0,
            1.0,
            0.0
          ],
          [
            -0.794793,
            0.0,
            0.60688
          ],
          [
            -30712.6,
            1242.3,
            14960.5
          ]
        ],
        "unit_class": "dynBase_small_factory_square",
        "objLayer": 2,
        "props": {
          "army": 1,
          "active": false
        }
      },
      {
        "name": "bdt_t1_bomb_object_09",
        "tm": [
          [
            0.60688,
            0.0,
            0.794793
          ],
          [
            0.0,
            1.0,
            0.0
          ],
          [
            -0.794793,
            0.0,
            0.60688
          ],
          [
            -23030.7,
            314.3,
            12805.8
          ]
        ],
        "unit_class": "dynBase_petrol_camp_square",
        "objLayer": 2,
        "props": {
          "army": 1,
          "active": false
        }
      },
      {
        "name": "bdt_t1_bomb_object_10",
        "tm": [
          [
            0.60688,
            0.0,
            0.794793
          ],
          [
            0.0,
            1.0,
            0.0
          ],
          [
            -0.794793,
            0.0,
            0.60688
          ],
          [
            -29024.0,
            621.1,
            12227.5
          ]
        ],
        "unit_class": "dynBase_petrol_camp_square",
        "objLayer": 2,
        "props": {
          "army": 1,
          "active": false
        }
      },
      {
        "name": "bdt_t2_bomb_object_05",
        "tm": [
          [
            0.466669,
            0.0,
            0.884431
          ],
          [
            0.0,
            1.0,
            0.0
          ],
          [
            -0.884431,
            0.0,
            0.466669
          ],
          [
            -36563.6,
            947.65,
            -3481.1
          ]
        ],
        "unit_class": "dynBase_petrol_camp_square",
        "objLayer": 2,
        "props": {
          "army": 2,
          "active": false
        }
      },
      {
        "name": "bdt_t2_bomb_object_06",
        "tm": [
          [
            -0.00295317,
            0.0,
            0.999996
          ],
          [
            0.0,
            1.0,
            0.0
          ],
          [
            -0.999996,
            0.0,
            -0.00295317
          ],
          [
            -35579.0,
            1089.8,
            -6730.75
          ]
        ],
        "unit_class": "dynBase_military_base_square",
        "objLayer": 2,
        "props": {
          "army": 2,
          "active": false
        }
      },
      {
        "name": "bdt_t2_bomb_object_07",
        "tm": [
          [
            0.466669,
            0.0,
            0.884431
          ],
          [
            0.0,
            1.0,
            0.0
          ],
          [
            -0.884431,
            0.0,
            0.466669
          ],
          [
            -30442.0,
            784.45,
            -7645.85
          ]
        ],
        "unit_class": "dynBase_fuel_storage_square",
        "objLayer": 2,
        "props": {
          "army": 2,
          "active": false
        }
      },
      {
        "name": "bdt_t2_bomb_object_08",
        "tm": [
          [
            -0.105385,
            0.0,
            0.994434
          ],
          [
            0.0,
            1.0,
            0.0
          ],
          [
            -0.994434,
            0.0,
            -0.105385
          ],
          [
            -25931.4,
            436.85,
            -12872.8
          ]
        ],
        "unit_class": "dynBase_ammunition_storage_square",
        "objLayer": 2,
        "props": {
          "army": 2,
          "active": false
        }
      },
      {
        "name": "bdt_t2_bomb_object_09",
        "tm": [
          [
            -0.105385,
            0.0,
            0.994434
          ],
          [
            0.0,
            1.0,
            0.0
          ],
          [
            -0.994434,
            0.0,
            -0.105385
          ],
          [
            -18400.7,
            30.85,
            -11257.4
          ]
        ],
        "unit_class": "dynBase_field_camp_square",
        "objLayer": 2,
        "props": {
          "army": 2,
          "active": false
        }
      },
      {
        "name": "bdt_t2_bomb_object_10",
        "tm": [
          [
            -0.105385,
            0.0,
            0.994434
          ],
          [
            0.0,
            1.0,
            0.0
          ],
          [
            -0.994434,
            0.0,
            -0.105385
          ],
          [
            -25424.0,
            426.15,
            -9399.3
          ]
        ],
        "unit_class": "dynBase_oil_storage_small_square",
        "objLayer": 2,
        "props": {
          "army": 2,
          "active": false
        }
      }
    ]
  },
  "areas": {
    "bdt_t2_bomb_zone_01": {
      "type": "Sphere",
      "tm": [
        [
          400.306,
          0.0,
          205.566
        ],
        [
          0.0,
          450.0,
          0.0
        ],
        [
          -205.566,
          0.0,
          400.306
        ],
        [
          -33946.6,
          932.27,
          -4271.15
        ]
      ],
      "objLayer": 0,
      "props": {}
    },
    "bdt_t2_bomb_zone_02": {
      "type": "Sphere",
      "tm": [
        [
          375.036,
          0.0,
          248.694
        ],
        [
          0.0,
          450.0,
          0.0
        ],
        [
          -248.694,
          0.0,
          375.036
        ],
        [
          -19598.6,
          50.6198,
          -8493.3
        ]
      ],
      "objLayer": 0,
      "props": {}
    },
    "bdt_t2_bomb_zone_03": {
      "type": "Sphere",
      "tm": [
        [
          -47.421,
          0.0,
          447.493
        ],
        [
          0.0,
          450.0,
          0.0
        ],
        [
          -447.493,
          0.0,
          -47.421
        ],
        [
          -21784.3,
          141.3,
          -12526.1
        ]
      ],
      "objLayer": 0,
      "props": {}
    },
    "bdt_t1_bomb_zone_01": {
      "type": "Sphere",
      "tm": [
        [
          273.097,
          0.0,
          357.655
        ],
        [
          0.0,
          450.0,
          0.0
        ],
        [
          -357.655,
          0.0,
          273.097
        ],
        [
          -20068.8,
          370.12,
          16011.5
        ]
      ],
      "objLayer": 0,
      "props": {}
    },
    "bdt_t1_bomb_zone_02": {
      "type": "Sphere",
      "tm": [
        [
          57.6792,
          0.0,
          446.287
        ],
        [
          0.0,
          450.0,
          0.0
        ],
        [
          -446.287,
          0.0,
          57.6792
        ],
        [
          -26609.3,
          1254.62,
          16272.0
        ]
      ],
      "objLayer": 0,
      "props": {}
    },
    "bdt_t1_bomb_zone_03": {
      "type": "Sphere",
      "tm": [
        [
          87.6505,
          0.0,
          441.381
        ],
        [
          0.0,
          450.0,
          0.0
        ],
        [
          -441.381,
          0.0,
          87.6505
        ],
        [
          -18189.4,
          8.06995,
          11490.8
        ]
      ],
      "objLayer": 0,
      "props": {}
    },
    "bdt_t2_bomb_zone_04": {
      "type": "Sphere",
      "tm": [
        [
          210.002,
          0.0,
          397.992
        ],
        [
          0.0,
          450.0,
          0.0
        ],
        [
          -397.992,
          0.0,
          210.002
        ],
        [
          -32544.3,
          602.47,
          -8908.9
        ]
      ],
      "objLayer": 0,
      "props": {}
    },
    "bdt_t1_bomb_zone_04": {
      "type": "Sphere",
      "tm": [
        [
          87.6505,
          0.0,
          441.381
        ],
        [
          0.0,
          450.0,
          0.0
        ],
        [
          -441.381,
          0.0,
          87.6505
        ],
        [
          -13211.7,
          32.2161,
          10709.8
        ]
      ],
      "objLayer": 0,
      "props": {}
    },
    "bdt_t2_bomb_zone_01_aaa_point_01": {
      "type": "Point",
      "tm": [
        [
          0.482643,
          0.0,
          0.875816
        ],
        [
          0.0,
          1.0,
          0.0
        ],
        [
          -0.875816,
          0.0,
          0.482643
        ],
        [
          -33737.6,
          844.99,
          -4355.74
        ]
      ],
      "objLayer": 0,
      "props": {}
    },
    "bdt_t2_bomb_zone_01_aaa_point_02": {
      "type": "Point",
      "tm": [
        [
          0.482643,
          0.0,
          0.875816
        ],
        [
          0.0,
          1.0,
          0.0
        ],
        [
          -0.875816,
          0.0,
          0.482643
        ],
        [
          -34238.8,
          1039.98,
          -4266.44
        ]
      ],
      "objLayer": 0,
      "props": {}
    },
    "bdt_t2_bomb_zone_01_aaa_point_03": {
      "type": "Point",
      "tm": [
        [
          0.482643,
          0.0,
          0.875816
        ],
        [
          0.0,
          1.0,
          0.0
        ],
        [
          -0.875816,
          0.0,
          0.482643
        ],
        [
          -34188.6,
          1025.15,
          -4158.51
        ]
      ],
      "objLayer": 0,
      "props": {}
    },
    "bdt_t2_bomb_zone_01_aaa_point_04": {
      "type": "Point",
      "tm": [
        [
          0.482643,
          0.0,
          0.875816
        ],
        [
          0.0,
          1.0,
          0.0
        ],
        [
          -0.875816,
          0.0,
          0.482643
        ],
        [
          -34023.6,
          846.35,
          -3810.19
        ]
      ],
      "objLayer": 0,
      "props": {}
    },
    "bdt_t2_bomb_zone_02_aaa_point_01": {
      "type": "Point",
      "tm": [
        [
          0.38253,
          0.0,
          0.923942
        ],
        [
          0.0,
          1.0,
          0.0
        ],
        [
          -0.923942,
          0.0,
          0.38253
        ],
        [
          -19536.7,
          47.9799,
          -8734.0
        ]
      ],
      "objLayer": 0,
      "props": {}
    },
    "bdt_t2_bomb_zone_02_aaa_point_02": {
      "type": "Point",
      "tm": [
        [
          0.38253,
          0.0,
          0.923942
        ],
        [
          0.0,
          1.0,
          0.0
        ],
        [
          -0.923942,
          0.0,
          0.38253
        ],
        [
          -19870.1,
          49.82,
          -8310.4
        ]
      ],
      "objLayer": 0,
      "props": {}
    },
    "bdt_t2_bomb_zone_02_aaa_point_03": {
      "type": "Point",
      "tm": [
        [
          0.38253,
          0.0,
          0.923942
        ],
        [
          0.0,
          1.0,
          0.0
        ],
        [
          -0.923942,
          0.0,
          0.38253
        ],
        [
          -19798.3,
          33.9699,
          -8689.0
        ]
      ],
      "objLayer": 0,
      "props": {}
    },
    "bdt_t2_bomb_zone_02_aaa_point_04": {
      "type": "Point",
      "tm": [
        [
          0.38253,
          0.0,
          0.923942
        ],
        [
          0.0,
          1.0,
          0.0
        ],
        [
          -0.923942,
          0.0,
          0.38253
        ],
        [
          -19476.1,
          47.9098,
          -8299.4
        ]
      ],
      "objLayer": 0,
      "props": {}
    },
    "bdt_t2_bomb_zone_03_aaa_point_01": {
      "type": "Point",
      "tm": [
        [
          0.38253,
          0.0,
          0.923942
        ],
        [
          0.0,
          1.0,
          0.0
        ],
        [
          -0.923942,
          0.0,
          0.38253
        ],
        [
          -21494.0,
          144.1,
          -12593.3
        ]
      ],
      "objLayer": 0,
      "props": {}
    },
    "bdt_t2_bomb_zone_03_aaa_point_02": {
      "type": "Point",
      "tm": [
        [
          0.38253,
          0.0,
          0.923942
        ],
        [
          0.0,
          1.0,
          0.0
        ],
        [
          -0.923942,
          0.0,
          0.38253
        ],
        [
          -21992.5,
          138.04,
          -12320.5
        ]
      ],
      "objLayer": 0,
      "props": {}
    },
    "bdt_t2_bomb_zone_03_aaa_point_03": {
      "type": "Point",
      "tm": [
        [
          0.38253,
          0.0,
          0.923942
        ],
        [
          0.0,
          1.0,
          0.0
        ],
        [
          -0.923942,
          0.0,
          0.38253
        ],
        [
          -22093.2,
          138.43,
          -12610.9
        ]
      ],
      "objLayer": 0,
      "props": {}
    },
    "bdt_t2_bomb_zone_03_aaa_point_04": {
      "type": "Point",
      "tm": [
        [
          0.38253,
          0.0,
          0.923942
        ],
        [
          0.0,
          1.0,
          0.0
        ],
        [
          -0.923942,
          0.0,
          0.38253
        ],
        [
          -21626.2,
          143.96,
          -12781.0
        ]
      ],
      "objLayer": 0,
      "props": {}
    },
    "bdt_t2_bomb_zone_04_aaa_point_01": {
      "type": "Point",
      "tm": [
        [
          0.482643,
          0.0,
          0.875816
        ],
        [
          0.0,
          1.0,
          0.0
        ],
        [
          -0.875816,
          0.0,
          0.482643
        ],
        [
          -32630.8,
          662.15,
          -8588.1
        ]
      ],
      "objLayer": 0,
      "props": {}
    },
    "bdt_t2_bomb_zone_04_aaa_point_02": {
      "type": "Point",
      "tm": [
        [
          0.482643,
          0.0,
          0.875816
        ],
        [
          0.0,
          1.0,
          0.0
        ],
        [
          -0.875816,
          0.0,
          0.482643
        ],
        [
          -32832.7,
          662.31,
          -8999.0
        ]
      ],
      "objLayer": 0,
      "props": {}
    },
    "bdt_t2_bomb_zone_04_aaa_point_03": {
      "type": "Point",
      "tm": [
        [
          0.482643,
          0.0,
          0.875816
        ],
        [
          0.0,
          1.0,
          0.0
        ],
        [
          -0.875816,
          0.0,
          0.482643
        ],
        [
          -32278.0,
          470.09,
          -8921.4
        ]
      ],
      "objLayer": 0,
      "props": {}
    },
    "bdt_t2_bomb_zone_04_aaa_point_04": {
      "type": "Point",
      "tm": [
        [
          0.482643,
          0.0,
          0.875816
        ],
        [
          0.0,
          1.0,
          0.0
        ],
        [
          -0.875816,
          0.0,
          0.482643
        ],
        [
          -32418.6,
          528.84,
          -9121.4
        ]
      ],
      "objLayer": 0,
      "props": {}
    },
    "bdt_t1_bomb_zone_01_aaa_point_01": {
      "type": "Point",
      "tm": [
        [
          0.0593759,
          0.0,
          0.998234
        ],
        [
          0.0,
          1.0,
          0.0
        ],
        [
          -0.998234,
          0.0,
          0.0593759
        ],
        [
          -20304.0,
          189.16,
          16071.0
        ]
      ],
      "objLayer": 0,
      "props": {}
    },
    "bdt_t1_bomb_zone_01_aaa_point_02": {
      "type": "Point",
      "tm": [
        [
          0.0593759,
          0.0,
          0.998234
        ],
        [
          0.0,
          1.0,
          0.0
        ],
        [
          -0.998234,
          0.0,
          0.0593759
        ],
        [
          -20144.2,
          348.41,
          15769.8
        ]
      ],
      "objLayer": 0,
      "props": {}
    },
    "bdt_t1_bomb_zone_01_aaa_point_03": {
      "type": "Point",
      "tm": [
        [
          0.0593759,
          0.0,
          0.998234
        ],
        [
          0.0,
          1.0,
          0.0
        ],
        [
          -0.998234,
          0.0,
          0.0593759
        ],
        [
          -19839.3,
          506.87,
          15968.8
        ]
      ],
      "objLayer": 0,
      "props": {}
    },
    "bdt_t1_bomb_zone_01_aaa_point_04": {
      "type": "Point",
      "tm": [
        [
          0.0593759,
          0.0,
          0.998234
        ],
        [
          0.0,
          1.0,
          0.0
        ],
        [
          -0.998234,
          0.0,
          0.0593759
        ],
        [
          -19972.2,
          444.55,
          15782.8
        ]
      ],
      "objLayer": 0,
      "props": {}
    },
    "bdt_t1_bomb_zone_02_aaa_point_01": {
      "type": "Point",
      "tm": [
        [
          0.0593759,
          0.0,
          0.998234
        ],
        [
          0.0,
          1.0,
          0.0
        ],
        [
          -0.998234,
          0.0,
          0.0593759
        ],
        [
          -26778.6,
          1256.58,
          16482.8
        ]
      ],
      "objLayer": 0,
      "props": {}
    },
    "bdt_t1_bomb_zone_02_aaa_point_02": {
      "type": "Point",
      "tm": [
        [
          0.0593759,
          0.0,
          0.998234
        ],
        [
          0.0,
          1.0,
          0.0
        ],
        [
          -0.998234,
          0.0,
          0.0593759
        ],
        [
          -26866.8,
          1254.95,
          16206.4
        ]
      ],
      "objLayer": 0,
      "props": {}
    },
    "bdt_t1_bomb_zone_02_aaa_point_03": {
      "type": "Point",
      "tm": [
        [
          0.0593759,
          0.0,
          0.998234
        ],
        [
          0.0,
          1.0,
          0.0
        ],
        [
          -0.998234,
          0.0,
          0.0593759
        ],
        [
          -26168.0,
          1151.08,
          16181.7
        ]
      ],
      "objLayer": 0,
      "props": {}
    },
    "bdt_t1_bomb_zone_02_aaa_point_04": {
      "type": "Point",
      "tm": [
        [
          0.0593759,
          0.0,
          0.998234
        ],
        [
          0.0,
          1.0,
          0.0
        ],
        [
          -0.998234,
          0.0,
          0.0593759
        ],
        [
          -26665.0,
          1115.21,
          15947.9
        ]
      ],
      "objLayer": 0,
      "props": {}
    },
    "bdt_t1_bomb_zone_03_aaa_point_01": {
      "type": "Point",
      "tm": [
        [
          0.169723,
          0.0,
          0.985492
        ],
        [
          0.0,
          1.0,
          0.0
        ],
        [
          -0.985492,
          0.0,
          0.169723
        ],
        [
          -17995.3,
          160.73,
          11252.1
        ]
      ],
      "objLayer": 0,
      "props": {}
    },
    "bdt_t1_bomb_zone_03_aaa_point_02": {
      "type": "Point",
      "tm": [
        [
          0.169723,
          0.0,
          0.985492
        ],
        [
          0.0,
          1.0,
          0.0
        ],
        [
          -0.985492,
          0.0,
          0.169723
        ],
        [
          -18353.4,
          5.11995,
          11668.9
        ]
      ],
      "objLayer": 0,
      "props": {}
    },
    "bdt_t1_bomb_zone_03_aaa_point_03": {
      "type": "Point",
      "tm": [
        [
          0.169723,
          0.0,
          0.985492
        ],
        [
          0.0,
          1.0,
          0.0
        ],
        [
          -0.985492,
          0.0,
          0.169723
        ],
        [
          -18465.3,
          11.89,
          11412.5
        ]
      ],
      "objLayer": 0,
      "props": {}
    },
    "bdt_t1_bomb_zone_03_aaa_point_04": {
      "type": "Point",
      "tm": [
        [
          0.169723,
          0.0,
          0.985492
        ],
        [
          0.0,
          1.0,
          0.0
        ],
        [
          -0.985492,
          0.0,
          0.169723
        ],
        [
          -17981.2,
          9.67995,
          11648.0
        ]
      ],
      "objLayer": 0,
      "props": {}
    },
    "bdt_t1_bomb_zone_04_aaa_point_01": {
      "type": "Point",
      "tm": [
        [
          0.169723,
          0.0,
          0.985492
        ],
        [
          0.0,
          1.0,
          0.0
        ],
        [
          -0.985492,
          0.0,
          0.169723
        ],
        [
          -13030.8,
          -27.844,
          10969.9
        ]
      ],
      "objLayer": 0,
      "props": {}
    },
    "bdt_t1_bomb_zone_04_aaa_point_02": {
      "type": "Point",
      "tm": [
        [
          0.169723,
          0.0,
          0.985492
        ],
        [
          0.0,
          1.0,
          0.0
        ],
        [
          -0.985492,
          0.0,
          0.169723
        ],
        [
          -13348.4,
          -143.754,
          10922.4
        ]
      ],
      "objLayer": 0,
      "props": {}
    },
    "bdt_t1_bomb_zone_04_aaa_point_03": {
      "type": "Point",
      "tm": [
        [
          0.169723,
          0.0,
          0.985492
        ],
        [
          0.0,
          1.0,
          0.0
        ],
        [
          -0.985492,
          0.0,
          0.169723
        ],
        [
          -12926.0,
          122.276,
          10654.5
        ]
      ],
      "objLayer": 0,
      "props": {}
    },
    "bdt_t1_bomb_zone_04_aaa_point_04": {
      "type": "Point",
      "tm": [
        [
          0.169723,
          0.0,
          0.985492
        ],
        [
          0.0,
          1.0,
          0.0
        ],
        [
          -0.985492,
          0.0,
          0.169723
        ],
        [
          -13506.5,
          -62.8739,
          10602.0
        ]
      ],
      "objLayer": 0,
      "props": {}
    },
    "bdt_t1_bomb_zone_05": {
      "type": "Sphere",
      "tm": [
        [
          87.6505,
          0.0,
          441.381
        ],
        [
          0.0,
          450.0,
          0.0
        ],
        [
          -441.381,
          0.0,
          87.6505
        ],
        [
          -11049.4,
          63.57,
          7194.2
        ]
      ],
      "objLayer": 0,
      "props": {}
    },
    "bdt_t1_bomb_zone_06": {
      "type": "Sphere",
      "tm": [
        [
          87.6505,
          0.0,
          441.381
        ],
        [
          0.0,
          450.0,
          0.0
        ],
        [
          -441.381,
          0.0,
          87.6505
        ],
        [
          -15748.2,
          40.1146,
          13095.9
        ]
      ],
      "objLayer": 0,
      "props": {}
    },
    "bdt_t1_bomb_zone_07": {
      "type": "Sphere",
      "tm": [
        [
          87.6505,
          0.0,
          441.381
        ],
        [
          0.0,
          450.0,
          0.0
        ],
        [
          -441.381,
          0.0,
          87.6505
        ],
        [
          -13980.4,
          43.0312,
          6206.8
        ]
      ],
      "objLayer": 0,
      "props": {}
    },
    "bdt_t1_bomb_zone_08": {
      "type": "Sphere",
      "tm": [
        [
          273.097,
          0.0,
          357.655
        ],
        [
          0.0,
          450.0,
          0.0
        ],
        [
          -357.655,
          0.0,
          273.097
        ],
        [
          -30707.6,
          1241.93,
          14972.0
        ]
      ],
      "objLayer": 0,
      "props": {}
    },
    "bdt_t1_bomb_zone_09": {
      "type": "Sphere",
      "tm": [
        [
          273.097,
          0.0,
          357.655
        ],
        [
          0.0,
          450.0,
          0.0
        ],
        [
          -357.655,
          0.0,
          273.097
        ],
        [
          -23025.7,
          316.36,
          12817.2
        ]
      ],
      "objLayer": 0,
      "props": {}
    },
    "bdt_t1_bomb_zone_10": {
      "type": "Sphere",
      "tm": [
        [
          273.097,
          0.0,
          357.655
        ],
        [
          0.0,
          450.0,
          0.0
        ],
        [
          -357.655,
          0.0,
          273.097
        ],
        [
          -29018.8,
          621.33,
          12239.0
        ]
      ],
      "objLayer": 0,
      "props": {}
    },
    "bdt_t1_bomb_zone_05_aaa_point_01": {
      "type": "Point",
      "tm": [
        [
          0.169723,
          0.0,
          0.985492
        ],
        [
          0.0,
          1.0,
          0.0
        ],
        [
          -0.985492,
          0.0,
          0.169723
        ],
        [
          -11118.2,
          63.83,
          6928.9
        ]
      ],
      "objLayer": 0,
      "props": {}
    },
    "bdt_t1_bomb_zone_05_aaa_point_02": {
      "type": "Point",
      "tm": [
        [
          0.169723,
          0.0,
          0.985492
        ],
        [
          0.0,
          1.0,
          0.0
        ],
        [
          -0.985492,
          0.0,
          0.169723
        ],
        [
          -10979.8,
          62.9301,
          7055.2
        ]
      ],
      "objLayer": 0,
      "props": {}
    },
    "bdt_t1_bomb_zone_05_aaa_point_03": {
      "type": "Point",
      "tm": [
        [
          0.169723,
          0.0,
          0.985492
        ],
        [
          0.0,
          1.0,
          0.0
        ],
        [
          -0.985492,
          0.0,
          0.169723
        ],
        [
          -10966.5,
          64.1401,
          7469.8
        ]
      ],
      "objLayer": 0,
      "props": {}
    },
    "bdt_t1_bomb_zone_05_aaa_point_04": {
      "type": "Point",
      "tm": [
        [
          0.169723,
          0.0,
          0.985492
        ],
        [
          0.0,
          1.0,
          0.0
        ],
        [
          -0.985492,
          0.0,
          0.169723
        ],
        [
          -11197.8,
          28.8201,
          7428.7
        ]
      ],
      "objLayer": 0,
      "props": {}
    },
    "bdt_t1_bomb_zone_06_aaa_point_01": {
      "type": "Point",
      "tm": [
        [
          0.169723,
          0.0,
          0.985492
        ],
        [
          0.0,
          1.0,
          0.0
        ],
        [
          -0.985492,
          0.0,
          0.169723
        ],
        [
          -15497.5,
          -2.38537,
          12870.1
        ]
      ],
      "objLayer": 0,
      "props": {}
    },
    "bdt_t1_bomb_zone_06_aaa_point_02": {
      "type": "Point",
      "tm": [
        [
          0.169723,
          0.0,
          0.985492
        ],
        [
          0.0,
          1.0,
          0.0
        ],
        [
          -0.985492,
          0.0,
          0.169723
        ],
        [
          -15741.7,
          34.4246,
          12771.4
        ]
      ],
      "objLayer": 0,
      "props": {}
    },
    "bdt_t1_bomb_zone_06_aaa_point_03": {
      "type": "Point",
      "tm": [
        [
          0.169723,
          0.0,
          0.985492
        ],
        [
          0.0,
          1.0,
          0.0
        ],
        [
          -0.985492,
          0.0,
          0.169723
        ],
        [
          -16050.8,
          -48.8154,
          13158.3
        ]
      ],
      "objLayer": 0,
      "props": {}
    },
    "bdt_t1_bomb_zone_06_aaa_point_04": {
      "type": "Point",
      "tm": [
        [
          0.169723,
          0.0,
          0.985492
        ],
        [
          0.0,
          1.0,
          0.0
        ],
        [
          -0.985492,
          0.0,
          0.169723
        ],
        [
          -15574.0,
          99.0646,
          13337.5
        ]
      ],
      "objLayer": 0,
      "props": {}
    },
    "bdt_t1_bomb_zone_07_aaa_point_01": {
      "type": "Point",
      "tm": [
        [
          0.169723,
          0.0,
          0.985492
        ],
        [
          0.0,
          1.0,
          0.0
        ],
        [
          -0.985492,
          0.0,
          0.169723
        ],
        [
          -14212.9,
          15.8212,
          6398.5
        ]
      ],
      "objLayer": 0,
      "props": {}
    },
    "bdt_t1_bomb_zone_07_aaa_point_02": {
      "type": "Point",
      "tm": [
        [
          0.169723,
          0.0,
          0.985492
        ],
        [
          0.0,
          1.0,
          0.0
        ],
        [
          -0.985492,
          0.0,
          0.169723
        ],
        [
          -13714.3,
          46.0102,
          5981.3
        ]
      ],
      "objLayer": 0,
      "props": {}
    },
    "bdt_t1_bomb_zone_07_aaa_point_03": {
      "type": "Point",
      "tm": [
        [
          0.169723,
          0.0,
          0.985492
        ],
        [
          0.0,
          1.0,
          0.0
        ],
        [
          -0.985492,
          0.0,
          0.169723
        ],
        [
          -13776.2,
          190.739,
          6473.6
        ]
      ],
      "objLayer": 0,
      "props": {}
    },
    "bdt_t1_bomb_zone_07_aaa_point_04": {
      "type": "Point",
      "tm": [
        [
          0.169723,
          0.0,
          0.985492
        ],
        [
          0.0,
          1.0,
          0.0
        ],
        [
          -0.985492,
          0.0,
          0.169723
        ],
        [
          -14360.6,
          35.9832,
          6077.1
        ]
      ],
      "objLayer": 0,
      "props": {}
    },
    "bdt_t1_bomb_zone_08_aaa_point_01": {
      "type": "Point",
      "tm": [
        [
          0.0593759,
          0.0,
          0.998234
        ],
        [
          0.0,
          1.0,
          0.0
        ],
        [
          -0.998234,
          0.0,
          0.0593759
        ],
        [
          -31012.6,
          1184.75,
          14912.6
        ]
      ],
      "objLayer": 0,
      "props": {}
    },
    "bdt_t1_bomb_zone_08_aaa_point_02": {
      "type": "Point",
      "tm": [
        [
          0.0593759,
          0.0,
          0.998234
        ],
        [
          0.0,
          1.0,
          0.0
        ],
        [
          -0.998234,
          0.0,
          0.0593759
        ],
        [
          -30611.5,
          1256.84,
          14681.6
        ]
      ],
      "objLayer": 0,
      "props": {}
    },
    "bdt_t1_bomb_zone_08_aaa_point_03": {
      "type": "Point",
      "tm": [
        [
          0.0593759,
          0.0,
          0.998234
        ],
        [
          0.0,
          1.0,
          0.0
        ],
        [
          -0.998234,
          0.0,
          0.0593759
        ],
        [
          -30352.1,
          1286.61,
          15012.2
        ]
      ],
      "objLayer": 0,
      "props": {}
    },
    "bdt_t1_bomb_zone_08_aaa_point_04": {
      "type": "Point",
      "tm": [
        [
          0.0593759,
          0.0,
          0.998234
        ],
        [
          0.0,
          1.0,
          0.0
        ],
        [
          -0.998234,
          0.0,
          0.0593759
        ],
        [
          -30697.3,
          1198.95,
          15244.0
        ]
      ],
      "objLayer": 0,
      "props": {}
    },
    "bdt_t1_bomb_zone_09_aaa_point_01": {
      "type": "Point",
      "tm": [
        [
          0.0593759,
          0.0,
          0.998234
        ],
        [
          0.0,
          1.0,
          0.0
        ],
        [
          -0.998234,
          0.0,
          0.0593759
        ],
        [
          -23135.3,
          239.12,
          12382.9
        ]
      ],
      "objLayer": 0,
      "props": {}
    },
    "bdt_t1_bomb_zone_09_aaa_point_02": {
      "type": "Point",
      "tm": [
        [
          0.0593759,
          0.0,
          0.998234
        ],
        [
          0.0,
          1.0,
          0.0
        ],
        [
          -0.998234,
          0.0,
          0.0593759
        ],
        [
          -22685.7,
          174.75,
          12587.5
        ]
      ],
      "objLayer": 0,
      "props": {}
    },
    "bdt_t1_bomb_zone_09_aaa_point_03": {
      "type": "Point",
      "tm": [
        [
          0.0593759,
          0.0,
          0.998234
        ],
        [
          0.0,
          1.0,
          0.0
        ],
        [
          -0.998234,
          0.0,
          0.0593759
        ],
        [
          -23195.9,
          384.798,
          13317.0
        ]
      ],
      "objLayer": 0,
      "props": {}
    },
    "bdt_t1_bomb_zone_09_aaa_point_04": {
      "type": "Point",
      "tm": [
        [
          0.0593759,
          0.0,
          0.998234
        ],
        [
          0.0,
          1.0,
          0.0
        ],
        [
          -0.998234,
          0.0,
          0.0593759
        ],
        [
          -22690.3,
          211.46,
          13042.5
        ]
