{
  "selected_tag": "",
  "bin_dump_file": "",
  "mission_settings": {
    "player": {
      "army": 1
    },
    "player_teamB": {
      "army": 2
    },
    "mission": {
      "level": "levels/air_smolensk.bin",
      "type": "domination",
      "environment": "Day",
      "weather": "hazy",
      "restoreType": "attempts",
      "optionalTakeOff": false
    }
  },
  "imports": {},
  "triggers": {
    "isCategory": true,
    "is_enabled": true
  },
  "mission_objectives": {
    "isCategory": true,
    "is_enabled": true
  },
  "variables": {},
  "dialogs": {},
  "airfields": {},
  "effects": {},
  "units": {
    "objectGroups": [
      {
        "name": "bdt_t2_bomb_object_01",
        "tm": [
          [
            0.889563,
            0.0,
            0.456808
          ],
          [
            0.0,
            1.0,
            0.0
          ],
          [
            -0.456808,
            0.0,
            0.889563
          ],
          [
            -20364.4,
            27.0444,
            765.826
          ]
        ],
        "unit_class": "dynBase_hq_camp_square",
        "objLayer": 2,
        "props": {
          "army": 2,
          "active": false
        }
      },
      {
        "name": "bdt_t2_bomb_object_02",
        "tm": [
          [
            0.987825,
            0.0,
            -0.155588
          ],
          [
            0.0,
            1.0,
            0.0
          ],
          [
            0.155588,
            0.0,
            0.987825
          ],
          [
            -12986.6,
            35.1177,
            -675.274
          ]
        ],
        "unit_class": "dynBase_fuel_storage_square",
        "objLayer": 2,
        "props": {
          "army": 2,
          "active": false
        }
      },
      {
        "name": "bdt_t2_bomb_object_03",
        "tm": [
          [
            -0.105384,
            0.0,
            0.994434
          ],
          [
            0.0,
            1.0,
            0.0
          ],
          [
            -0.994434,
            0.0,
            -0.105384
          ],
          [
            -13004.3,
            20.813,
            -3820.24
          ]
        ],
        "unit_class": "dynBase_military_base_square",
        "objLayer": 2,
        "props": {
          "army": 2,
          "active": false
        }
      },
      {
        "name": "bdt_t1_bomb_object_01",
        "tm": [
          [
            0.606881,
            0.0,
            0.794792
          ],
          [
            0.0,
            1.0,
            0.0
          ],
          [
            -0.794792,
            0.0,
            0.606881
          ],
          [
            -13546.8,
            29.4658,
            20514.2
          ]
        ],
        "unit_class": "dynBase_fuel_storage_square",
        "objLayer": 2,
        "props": {
          "army": 1,
          "active": false
        }
      },
      {
        "name": "bdt_t1_bomb_object_02",
        "tm": [
          [
            -0.0895158,
            0.0,
            0.995985
          ],
          [
            0.0,
            1.0,
            0.0
          ],
          [
            -0.995985,
            0.0,
            -0.0895158
          ],
          [
            -20170.8,
            318.64,
            15723.1
          ]
        ],
        "unit_class": "dynBase_small_factory_square",
        "objLayer": 2,
        "props": {
          "army": 1,
          "active": false
        }
      },
      {
        "name": "bdt_t1_bomb_object_03",
        "tm": [
          [
            -0.193112,
            0.0,
            0.981176
          ],
          [
            0.0,
            1.0,
            0.0
          ],
          [
            -0.981176,
            0.0,
            -0.193112
          ],
          [
            -9714.81,
            28.0542,
            15899.9
          ]
        ],
        "unit_class": "dynBase_oil_storage_small_square",
        "objLayer": 2,
        "props": {
          "army": 1,
          "active": false
        }
      },
      {
        "name": "bdt_t2_bomb_object_04",
        "tm": [
          [
            0.46667,
            0.0,
            0.884431
          ],
          [
            0.0,
            1.0,
            0.0
          ],
          [
            -0.884431,
            0.0,
            0.46667
          ],
          [
            -22495.3,
            38.6302,
            -1614.5
          ]
        ],
        "unit_class": "dynBase_small_factory_square",
        "objLayer": 2,
        "props": {
          "army": 2,
          "active": false
        }
      },
      {
        "name": "bdt_t1_bomb_object_04",
        "tm": [
          [
            0.162519,
            0.0,
            0.986706
          ],
          [
            0.0,
            1.0,
            0.0
          ],
          [
            -0.986706,
            0.0,
            0.162519
          ],
          [
            -5666.48,
            22.4321,
            16299.7
          ]
        ],
        "unit_class": "dynBase_field_camp_square",
        "objLayer": 2,
        "props": {
          "army": 1,
          "active": false
        }
      },
      {
        "name": "bdt_t1_bomb_object_05",
        "tm": [
          [
            0.162519,
            0.0,
            0.986706
          ],
          [
            0.0,
            1.0,
            0.0
          ],
          [
            -0.986706,
            0.0,
            0.162519
          ],
          [
            -7784.81,
            10.9248,
            14043.2
          ]
        ],
        "unit_class": "dynBase_military_base_square",
        "objLayer": 2,
        "props": {
          "army": 1,
          "active": false
        }
      },
      {
        "name": "bdt_t1_bomb_object_06",
        "tm": [
          [
            0.162519,
            0.0,
            0.986706
          ],
          [
            0.0,
            1.0,
            0.0
          ],
          [
            -0.986706,
            0.0,
            0.162519
          ],
          [
            -8366.71,
            38.3408,
            18511.2
          ]
        ],
        "unit_class": "dynBase_oil_storage_large_square",
        "objLayer": 2,
        "props": {
          "army": 1,
          "active": false
        }
      },
      {
        "name": "bdt_t1_bomb_object_07",
        "tm": [
          [
            0.162519,
            0.0,
            0.986706
          ],
          [
            0.0,
            1.0,
            0.0
          ],
          [
            -0.986706,
            0.0,
            0.162519
          ],
          [
            -3855.52,
            31.5244,
            14359.5
          ]
        ],
        "unit_class": "dynBase_oil_storage_large_square",
        "objLayer": 2,
        "props": {
          "army": 1,
          "active": false
        }
      },
      {
        "name": "bdt_t1_bomb_object_08",
        "tm": [
          [
            0.606881,
            0.0,
            0.794792
          ],
          [
            0.0,
            1.0,
            0.0
          ],
          [
            -0.794792,
            0.0,
            0.606881
          ],
          [
            -16636.5,
            111.776,
            17380.7
          ]
        ],
        "unit_class": "dynBase_small_factory_square",
        "objLayer": 2,
        "props": {
          "army": 1,
          "active": false
        }
      },
      {
        "name": "bdt_t1_bomb_object_09",
        "tm": [
          [
            0.606881,
            0.0,
            0.794792
          ],
          [
            0.0,
            1.0,
            0.0
          ],
          [
            -0.794792,
            0.0,
            0.606881
          ],
          [
            -13656.7,
            17.866,
            17564.4
          ]
        ],
        "unit_class": "dynBase_petrol_camp_square",
        "objLayer": 2,
        "props": {
          "army": 1,
          "active": false
        }
      },
      {
        "name": "bdt_t1_bomb_object_10",
        "tm": [
          [
            0.606881,
            0.0,
            0.794792
          ],
          [
            0.0,
            1.0,
            0.0
          ],
          [
            -0.794792,
            0.0,
            0.606881
          ],
          [
            -17832.1,
            444.953,
            20804.8
          ]
        ],
        "unit_class": "dynBase_petrol_camp_square",
        "objLayer": 2,
        "props": {
          "army": 1,
          "active": false
        }
      },
      {
        "name": "bdt_t2_bomb_object_05",
        "tm": [
          [
            0.46667,
            0.0,
            0.884431
          ],
          [
            0.0,
            1.0,
            0.0
          ],
          [
            -0.884431,
            0.0,
            0.46667
          ],
          [
            -26256.7,
            180.666,
            3111.61
          ]
        ],
        "unit_class": "dynBase_petrol_camp_square",
        "objLayer": 2,
        "props": {
          "army": 2,
          "active": false
        }
      },
      {
        "name": "bdt_t2_bomb_object_06",
        "tm": [
          [
            -0.00295177,
            0.0,
            0.999996
          ],
          [
            0.0,
            1.0,
            0.0
          ],
          [
            -0.999996,
            0.0,
            -0.00295177
          ],
          [
            -24427.7,
            145.35,
            7188.01
          ]
        ],
        "unit_class": "dynBase_military_base_square",
        "objLayer": 2,
        "props": {
          "army": 2,
          "active": false
        }
      },
      {
        "name": "bdt_t2_bomb_object_07",
        "tm": [
          [
            0.46667,
            0.0,
            0.884431
          ],
          [
            0.0,
            1.0,
            0.0
          ],
          [
            -0.884431,
            0.0,
            0.46667
          ],
          [
            -23231.1,
            48.1885,
            3213.75
          ]
        ],
        "unit_class": "dynBase_fuel_storage_square",
        "objLayer": 2,
        "props": {
          "army": 2,
          "active": false
        }
      },
      {
        "name": "bdt_t2_bomb_object_08",
        "tm": [
          [
            -0.105384,
            0.0,
            0.994434
          ],
          [
            0.0,
            1.0,
            0.0
          ],
          [
            -0.994434,
            0.0,
            -0.105384
          ],
          [
            -16095.8,
            26.605,
            -4033.98
          ]
        ],
        "unit_class": "dynBase_ammunition_storage_square",
        "objLayer": 2,
        "props": {
          "army": 2,
          "active": false
        }
      },
      {
        "name": "bdt_t2_bomb_object_09",
        "tm": [
          [
            -0.105384,
            0.0,
            0.994434
          ],
          [
            0.0,
            1.0,
            0.0
          ],
          [
            -0.994434,
            0.0,
            -0.105384
          ],
          [
            -9731.9,
            29.1603,
            -2854.22
          ]
        ],
        "unit_class": "dynBase_field_camp_square",
        "objLayer": 2,
        "props": {
          "army": 2,
          "active": false
        }
      },
      {
        "name": "bdt_t2_bomb_object_10",
        "tm": [
          [
            -0.105384,
            0.0,
            0.994434
          ],
          [
            0.0,
            1.0,
            0.0
          ],
          [
            -0.994434,
            0.0,
            -0.105384
          ],
          [
            -15861.1,
            48.4668,
            -1065.02
          ]
        ],
        "unit_class": "dynBase_oil_storage_small_square",
        "objLayer": 2,
        "props": {
          "army": 2,
          "active": false
        }
      }
    ]
  },
  "areas": {
    "bdt_t2_bomb_zone_01": {
      "type": "Sphere",
      "tm": [
        [
          400.305,
          0.0,
          205.565
        ],
        [
          0.0,
          450.0,
          0.0
        ],
        [
          -205.565,
          0.0,
          400.305
        ],
        [
          -20363.5,
          28.8245,
          758.808
        ]
      ],
      "objLayer": 0,
      "props": {}
    },
    "bdt_t2_bomb_zone_02": {
      "type": "Sphere",
      "tm": [
        [
          375.037,
          0.0,
          248.694
        ],
        [
          0.0,
          450.0,
          0.0
        ],
        [
          -248.694,
          0.0,
          375.037
        ],
        [
          -12989.6,
          23.0378,
          -653.818
        ]
      ],
      "objLayer": 0,
      "props": {}
    },
    "bdt_t2_bomb_zone_03": {
      "type": "Sphere",
      "tm": [
        [
          -47.4212,
          0.0,
          447.494
        ],
        [
          0.0,
          450.0,
          0.0
        ],
        [
          -447.494,
          0.0,
          -47.4212
        ],
        [
          -13012.0,
          20.303,
          -3826.41
        ]
      ],
      "objLayer": 0,
      "props": {}
    },
    "bdt_t1_bomb_zone_01": {
      "type": "Sphere",
      "tm": [
        [
          273.098,
          0.0,
          357.655
        ],
        [
          0.0,
          450.0,
          0.0
        ],
        [
          -357.655,
          0.0,
          273.098
        ],
        [
          -13541.8,
          29.5059,
          20526.1
        ]
      ],
      "objLayer": 0,
      "props": {}
    },
    "bdt_t1_bomb_zone_02": {
      "type": "Sphere",
      "tm": [
        [
          57.6803,
          0.0,
          446.287
        ],
        [
          0.0,
          450.0,
          0.0
        ],
        [
          -446.287,
          0.0,
          57.6803
        ],
        [
          -20172.4,
          319.04,
          15727.5
        ]
      ],
      "objLayer": 0,
      "props": {}
    },
    "bdt_t1_bomb_zone_03": {
      "type": "Sphere",
      "tm": [
        [
          87.651,
          0.0,
          441.38
        ],
        [
          0.0,
          450.0,
          0.0
        ],
        [
          -441.38,
          0.0,
          87.651
        ],
        [
          -9714.22,
          27.9242,
          15905.6
        ]
      ],
      "objLayer": 0,
      "props": {}
    },
    "bdt_t2_bomb_zone_04": {
      "type": "Sphere",
      "tm": [
        [
          210.001,
          0.0,
          397.992
        ],
        [
          0.0,
          450.0,
          0.0
        ],
        [
          -397.992,
          0.0,
          210.001
        ],
        [
          -22490.1,
          35.7993,
          -1608.48
        ]
      ],
      "objLayer": 0,
      "props": {}
    },
    "bdt_t1_bomb_zone_04": {
      "type": "Sphere",
      "tm": [
        [
          87.651,
          0.0,
          441.38
        ],
        [
          0.0,
          450.0,
          0.0
        ],
        [
          -441.38,
          0.0,
          87.651
        ],
        [
          -5671.93,
          22.4021,
          16301.2
        ]
      ],
      "objLayer": 0,
      "props": {}
    },
    "bdt_t2_bomb_zone_01_aaa_point_01": {
      "type": "Point",
      "tm": [
        [
          0.482644,
          0.0,
          0.875815
        ],
        [
          0.0,
          1.0,
          0.0
        ],
        [
          -0.875815,
          0.0,
          0.482644
        ],
        [
          -20154.5,
          19.1844,
          674.228
        ]
      ],
      "objLayer": 0,
      "props": {}
    },
    "bdt_t2_bomb_zone_01_aaa_point_02": {
      "type": "Point",
      "tm": [
        [
          0.482644,
          0.0,
          0.875815
        ],
        [
          0.0,
          1.0,
          0.0
        ],
        [
          -0.875815,
          0.0,
          0.482644
        ],
        [
          -20655.7,
          72.8544,
          763.536
        ]
      ],
      "objLayer": 0,
      "props": {}
    },
    "bdt_t2_bomb_zone_01_aaa_point_03": {
      "type": "Point",
      "tm": [
        [
          0.482644,
          0.0,
          0.875815
        ],
        [
          0.0,
          1.0,
          0.0
        ],
        [
          -0.875815,
          0.0,
          0.482644
        ],
        [
          -20605.5,
          35.0045,
          871.426
        ]
      ],
      "objLayer": 0,
      "props": {}
    },
    "bdt_t2_bomb_zone_01_aaa_point_04": {
      "type": "Point",
      "tm": [
        [
          0.482644,
          0.0,
          0.875815
        ],
        [
          0.0,
          1.0,
          0.0
        ],
        [
          -0.875815,
          0.0,
          0.482644
        ],
        [
          -20440.3,
          3.76447,
          1219.78
        ]
      ],
      "objLayer": 0,
      "props": {}
    },
    "bdt_t2_bomb_zone_02_aaa_point_01": {
      "type": "Point",
      "tm": [
        [
          0.38253,
          0.0,
          0.923941
        ],
        [
          0.0,
          1.0,
          0.0
        ],
        [
          -0.923941,
          0.0,
          0.38253
        ],
        [
          -12927.5,
          132.248,
          -894.473
        ]
      ],
      "objLayer": 0,
      "props": {}
    },
    "bdt_t2_bomb_zone_02_aaa_point_02": {
      "type": "Point",
      "tm": [
        [
          0.38253,
          0.0,
          0.923941
        ],
        [
          0.0,
          1.0,
          0.0
        ],
        [
          -0.923941,
          0.0,
          0.38253
        ],
        [
          -13261.0,
          -137.572,
          -470.98
        ]
      ],
      "objLayer": 0,
      "props": {}
    },
    "bdt_t2_bomb_zone_02_aaa_point_03": {
      "type": "Point",
      "tm": [
        [
          0.38253,
          0.0,
          0.923941
        ],
        [
          0.0,
          1.0,
          0.0
        ],
        [
          -0.923941,
          0.0,
          0.38253
        ],
        [
          -13189.2,
          23.0378,
          -849.538
        ]
      ],
      "objLayer": 0,
      "props": {}
    },
    "bdt_t2_bomb_zone_02_aaa_point_04": {
      "type": "Point",
      "tm": [
        [
          0.38253,
          0.0,
          0.923941
        ],
        [
          0.0,
          1.0,
          0.0
        ],
        [
          -0.923941,
          0.0,
          0.38253
        ],
        [
          -12866.8,
          -19.4124,
          -459.899
        ]
      ],
      "objLayer": 0,
      "props": {}
    },
    "bdt_t2_bomb_zone_03_aaa_point_01": {
      "type": "Point",
      "tm": [
        [
          0.38253,
          0.0,
          0.923941
        ],
        [
          0.0,
          1.0,
          0.0
        ],
        [
          -0.923941,
          0.0,
          0.38253
        ],
        [
          -12721.7,
          16.323,
          -3893.64
        ]
      ],
      "objLayer": 0,
      "props": {}
    },
    "bdt_t2_bomb_zone_03_aaa_point_02": {
      "type": "Point",
      "tm": [
        [
          0.38253,
          0.0,
          0.923941
        ],
        [
          0.0,
          1.0,
          0.0
        ],
        [
          -0.923941,
          0.0,
          0.38253
        ],
        [
          -13220.1,
          -116.207,
          -3620.73
        ]
      ],
      "objLayer": 0,
      "props": {}
    },
    "bdt_t2_bomb_zone_03_aaa_point_03": {
      "type": "Point",
      "tm": [
        [
          0.38253,
          0.0,
          0.923941
        ],
        [
          0.0,
          1.0,
          0.0
        ],
        [
          -0.923941,
          0.0,
          0.38253
        ],
        [
          -13320.9,
          -45.797,
          -3911.17
        ]
      ],
      "objLayer": 0,
      "props": {}
    },
    "bdt_t2_bomb_zone_03_aaa_point_04": {
      "type": "Point",
      "tm": [
        [
          0.38253,
          0.0,
          0.923941
        ],
        [
          0.0,
          1.0,
          0.0
        ],
        [
          -0.923941,
          0.0,
          0.38253
        ],
        [
          -12853.8,
          55.6227,
          -4081.26
        ]
      ],
      "objLayer": 0,
      "props": {}
    },
    "bdt_t2_bomb_zone_04_aaa_point_01": {
      "type": "Point",
      "tm": [
        [
          0.482644,
          0.0,
          0.875815
        ],
        [
          0.0,
          1.0,
          0.0
        ],
        [
          -0.875815,
          0.0,
          0.482644
        ],
        [
          -22576.6,
          -30.4307,
          -1287.67
        ]
      ],
      "objLayer": 0,
      "props": {}
    },
    "bdt_t2_bomb_zone_04_aaa_point_02": {
      "type": "Point",
      "tm": [
        [
          0.482644,
          0.0,
          0.875815
        ],
        [
          0.0,
          1.0,
          0.0
        ],
        [
          -0.875815,
          0.0,
          0.482644
        ],
        [
          -22778.6,
          82.5593,
          -1698.61
        ]
      ],
      "objLayer": 0,
      "props": {}
    },
    "bdt_t2_bomb_zone_04_aaa_point_03": {
      "type": "Point",
      "tm": [
        [
          0.482644,
          0.0,
          0.875815
        ],
        [
          0.0,
          1.0,
          0.0
        ],
        [
          -0.875815,
          0.0,
          0.482644
        ],
        [
          -22223.9,
          26.7193,
          -1621.03
        ]
      ],
      "objLayer": 0,
      "props": {}
    },
    "bdt_t2_bomb_zone_04_aaa_point_04": {
      "type": "Point",
      "tm": [
        [
          0.482644,
          0.0,
          0.875815
        ],
        [
          0.0,
          1.0,
          0.0
        ],
        [
          -0.875815,
          0.0,
          0.482644
        ],
        [
          -22364.4,
          118.12,
          -1821.0
        ]
      ],
      "objLayer": 0,
      "props": {}
    },
    "bdt_t1_bomb_zone_01_aaa_point_01": {
      "type": "Point",
      "tm": [
        [
          0.0593769,
          0.0,
          0.998235
        ],
        [
          0.0,
          1.0,
          0.0
        ],
        [
          -0.998235,
          0.0,
          0.0593769
        ],
        [
          -13535.7,
          32.8958,
          20780.4
        ]
      ],
      "objLayer": 0,
      "props": {}
    },
    "bdt_t1_bomb_zone_01_aaa_point_02": {
      "type": "Point",
      "tm": [
        [
          0.0593769,
          0.0,
          0.998235
        ],
        [
          0.0,
          1.0,
          0.0
        ],
        [
          -0.998235,
          0.0,
          0.0593769
        ],
        [
          -13617.5,
          -14.8542,
          20284.4
        ]
      ],
      "objLayer": 0,
      "props": {}
    },
    "bdt_t1_bomb_zone_01_aaa_point_03": {
      "type": "Point",
      "tm": [
        [
          0.0593769,
          0.0,
          0.998235
        ],
        [
          0.0,
          1.0,
          0.0
        ],
        [
          -0.998235,
          0.0,
          0.0593769
        ],
        [
          -13312.6,
          42.3757,
          20483.2
        ]
      ],
      "objLayer": 0,
      "props": {}
    },
    "bdt_t1_bomb_zone_01_aaa_point_04": {
      "type": "Point",
      "tm": [
        [
          0.0593769,
          0.0,
          0.998235
        ],
        [
          0.0,
          1.0,
          0.0
        ],
        [
          -0.998235,
          0.0,
          0.0593769
        ],
        [
          -13445.4,
          35.6157,
          20297.2
        ]
      ],
      "objLayer": 0,
      "props": {}
    },
    "bdt_t1_bomb_zone_02_aaa_point_01": {
      "type": "Point",
      "tm": [
        [
          0.0593769,
          0.0,
          0.998235
        ],
        [
          0.0,
          1.0,
          0.0
        ],
        [
          -0.998235,
          0.0,
          0.0593769
        ],
        [
          -20341.8,
          248.23,
          15938.3
        ]
      ],
      "objLayer": 0,
      "props": {}
    },
    "bdt_t1_bomb_zone_02_aaa_point_02": {
      "type": "Point",
      "tm": [
        [
          0.0593769,
          0.0,
          0.998235
        ],
        [
          0.0,
          1.0,
          0.0
        ],
        [
          -0.998235,
          0.0,
          0.0593769
        ],
        [
          -20429.9,
          292.0,
          15661.8
        ]
      ],
      "objLayer": 0,
      "props": {}
    },
    "bdt_t1_bomb_zone_02_aaa_point_03": {
      "type": "Point",
      "tm": [
        [
          0.0593769,
          0.0,
          0.998235
        ],
        [
          0.0,
          1.0,
          0.0
        ],
        [
          -0.998235,
          0.0,
          0.0593769
        ],
        [
          -19731.0,
          234.66,
          15636.8
        ]
      ],
      "objLayer": 0,
      "props": {}
    },
    "bdt_t1_bomb_zone_02_aaa_point_04": {
      "type": "Point",
      "tm": [
        [
          0.0593769,
          0.0,
          0.998235
        ],
        [
          0.0,
          1.0,
          0.0
        ],
        [
          -0.998235,
          0.0,
          0.0593769
        ],
        [
          -20228.1,
          371.07,
          15403.2
        ]
      ],
      "objLayer": 0,
      "props": {}
    },
    "bdt_t1_bomb_zone_03_aaa_point_01": {
      "type": "Point",
      "tm": [
        [
          0.169724,
          0.0,
          0.985492
        ],
        [
          0.0,
          1.0,
          0.0
        ],
        [
          -0.985492,
          0.0,
          0.169724
        ],
        [
          -9520.01,
          32.2942,
          15666.8
        ]
      ],
      "objLayer": 0,
      "props": {}
    },
    "bdt_t1_bomb_zone_03_aaa_point_02": {
      "type": "Point",
      "tm": [
        [
          0.169724,
          0.0,
          0.985492
        ],
        [
          0.0,
          1.0,
          0.0
        ],
        [
          -0.985492,
          0.0,
          0.169724
        ],
        [
          -9878.19,
          24.9842,
          16083.7
        ]
      ],
      "objLayer": 0,
      "props": {}
    },
    "bdt_t1_bomb_zone_03_aaa_point_03": {
      "type": "Point",
      "tm": [
        [
          0.169724,
          0.0,
          0.985492
        ],
        [
          0.0,
          1.0,
          0.0
        ],
        [
          -0.985492,
          0.0,
          0.169724
        ],
        [
          -9990.15,
          31.7442,
          15827.2
        ]
      ],
      "objLayer": 0,
      "props": {}
    },
    "bdt_t1_bomb_zone_03_aaa_point_04": {
      "type": "Point",
      "tm": [
        [
          0.169724,
          0.0,
          0.985492
        ],
        [
          0.0,
          1.0,
          0.0
        ],
        [
          -0.985492,
          0.0,
          0.169724
        ],
        [
          -9505.99,
          29.5442,
          16062.7
        ]
      ],
      "objLayer": 0,
      "props": {}
    },
    "bdt_t1_bomb_zone_04_aaa_point_01": {
      "type": "Point",
      "tm": [
        [
          0.169724,
          0.0,
          0.985492
        ],
        [
          0.0,
          1.0,
          0.0
        ],
        [
          -0.985492,
          0.0,
          0.169724
        ],
        [
          -5491.2,
          24.592,
          16561.3
        ]
      ],
      "objLayer": 0,
      "props": {}
    },
    "bdt_t1_bomb_zone_04_aaa_point_02": {
      "type": "Point",
      "tm": [
        [
          0.169724,
          0.0,
          0.985492
        ],
        [
          0.0,
          1.0,
          0.0
        ],
        [
          -0.985492,
          0.0,
          0.169724
        ],
        [
          -5808.75,
          22.522,
          16513.7
        ]
      ],
      "objLayer": 0,
      "props": {}
    },
    "bdt_t1_bomb_zone_04_aaa_point_03": {
      "type": "Point",
      "tm": [
        [
          0.169724,
          0.0,
          0.985492
        ],
        [
          0.0,
          1.0,
          0.0
        ],
        [
          -0.985492,
          0.0,
          0.169724
        ],
        [
          -5386.48,
          23.4521,
          16245.8
        ]
      ],
      "objLayer": 0,
      "props": {}
    },
    "bdt_t1_bomb_zone_04_aaa_point_04": {
      "type": "Point",
      "tm": [
        [
          0.169724,
          0.0,
          0.985492
        ],
        [
          0.0,
          1.0,
          0.0
        ],
        [
          -0.985492,
          0.0,
          0.169724
        ],
        [
          -5966.72,
          21.8621,
          16193.4
        ]
      ],
      "objLayer": 0,
      "props": {}
    },
    "bdt_t1_bomb_zone_05": {
      "type": "Sphere",
      "tm": [
        [
          87.651,
          0.0,
          441.38
        ],
        [
          0.0,
          450.0,
          0.0
        ],
        [
          -441.38,
          0.0,
          87.651
        ],
        [
          -7790.54,
          9.1348,
          14044.5
        ]
      ],
      "objLayer": 0,
      "props": {}
    },
    "bdt_t1_bomb_zone_06": {
      "type": "Sphere",
      "tm": [
        [
          87.651,
          0.0,
          441.38
        ],
        [
          0.0,
          450.0,
          0.0
        ],
        [
          -441.38,
          0.0,
          87.651
        ],
        [
          -8372.27,
          38.4008,
          18512.6
        ]
      ],
      "objLayer": 0,
      "props": {}
    },
    "bdt_t1_bomb_zone_07": {
      "type": "Sphere",
      "tm": [
        [
          87.651,
          0.0,
          441.38
        ],
        [
          0.0,
          450.0,
          0.0
        ],
        [
          -441.38,
          0.0,
          87.651
        ],
        [
          -3861.29,
          31.6444,
          14360.9
        ]
      ],
      "objLayer": 0,
      "props": {}
    },
    "bdt_t1_bomb_zone_08": {
      "type": "Sphere",
      "tm": [
        [
          273.098,
          0.0,
          357.655
        ],
        [
          0.0,
          450.0,
          0.0
        ],
        [
          -357.655,
          0.0,
          273.098
        ],
        [
          -16631.5,
          118.326,
          17392.4
        ]
      ],
      "objLayer": 0,
      "props": {}
    },
    "bdt_t1_bomb_zone_09": {
      "type": "Sphere",
      "tm": [
        [
          273.098,
          0.0,
          357.655
        ],
        [
          0.0,
          450.0,
          0.0
        ],
        [
          -357.655,
          0.0,
          273.098
        ],
        [
          -13651.6,
          16.816,
          17575.8
        ]
      ],
      "objLayer": 0,
      "props": {}
    },
    "bdt_t1_bomb_zone_10": {
      "type": "Sphere",
      "tm": [
        [
          273.098,
          0.0,
          357.655
        ],
        [
          0.0,
          450.0,
          0.0
        ],
        [
          -357.655,
          0.0,
          273.098
        ],
        [
          -17827.0,
          451.153,
          20816.5
        ]
      ],
      "objLayer": 0,
      "props": {}
    },
    "bdt_t1_bomb_zone_05_aaa_point_01": {
      "type": "Point",
      "tm": [
        [
          0.169724,
          0.0,
          0.985492
        ],
        [
          0.0,
          1.0,
          0.0
        ],
        [
          -0.985492,
          0.0,
          0.169724
        ],
        [
          -7859.35,
          2.47479,
          13779.3
        ]
      ],
      "objLayer": 0,
      "props": {}
    },
    "bdt_t1_bomb_zone_05_aaa_point_02": {
      "type": "Point",
      "tm": [
        [
          0.169724,
          0.0,
          0.985492
        ],
        [
          0.0,
          1.0,
          0.0
        ],
        [
          -0.985492,
          0.0,
          0.169724
        ],
        [
          -7720.92,
          37.3448,
          13905.5
        ]
      ],
      "objLayer": 0,
      "props": {}
    },
    "bdt_t1_bomb_zone_05_aaa_point_03": {
      "type": "Point",
      "tm": [
        [
          0.169724,
          0.0,
          0.985492
        ],
        [
          0.0,
          1.0,
          0.0
        ],
        [
          -0.985492,
          0.0,
          0.169724
        ],
        [
          -7707.8,
          27.9948,
          14320.0
        ]
      ],
      "objLayer": 0,
      "props": {}
    },
    "bdt_t1_bomb_zone_05_aaa_point_04": {
      "type": "Point",
      "tm": [
        [
          0.169724,
          0.0,
          0.985492
        ],
        [
          0.0,
          1.0,
          0.0
        ],
        [
          -0.985492,
          0.0,
          0.169724
        ],
        [
          -7938.89,
          -47.7252,
          14279.1
        ]
      ],
      "objLayer": 0,
      "props": {}
    },
    "bdt_t1_bomb_zone_06_aaa_point_01": {
      "type": "Point",
      "tm": [
        [
          0.169724,
          0.0,
          0.985492
        ],
        [
          0.0,
          1.0,
          0.0
        ],
        [
          -0.985492,
          0.0,
          0.169724
        ],
        [
          -8121.74,
          33.6908,
          18286.8
        ]
      ],
      "objLayer": 0,
      "props": {}
    },
    "bdt_t1_bomb_zone_06_aaa_point_02": {
      "type": "Point",
      "tm": [
        [
          0.169724,
          0.0,
          0.985492
        ],
        [
          0.0,
          1.0,
          0.0
        ],
        [
          -0.985492,
          0.0,
          0.169724
        ],
        [
          -8366.02,
          35.9508,
          18188.0
        ]
      ],
      "objLayer": 0,
      "props": {}
    },
    "bdt_t1_bomb_zone_06_aaa_point_03": {
      "type": "Point",
      "tm": [
        [
          0.169724,
          0.0,
          0.985492
        ],
        [
          0.0,
          1.0,
          0.0
        ],
        [
          -0.985492,
          0.0,
          0.169724
        ],
        [
          -8576.83,
          39.9309,
          18392.0
        ]
      ],
      "objLayer": 0,
      "props": {}
    },
    "bdt_t1_bomb_zone_06_aaa_point_04": {
      "type": "Point",
      "tm": [
        [
          0.169724,
          0.0,
          0.985492
        ],
        [
          0.0,
          1.0,
          0.0
        ],
        [
          -0.985492,
          0.0,
          0.169724
        ],
        [
          -8198.43,
          35.7008,
          18754.2
        ]
      ],
      "objLayer": 0,
      "props": {}
    },
    "bdt_t1_bomb_zone_07_aaa_point_01": {
      "type": "Point",
      "tm": [
        [
          0.169724,
          0.0,
          0.985492
        ],
        [
          0.0,
          1.0,
          0.0
        ],
        [
          -0.985492,
          0.0,
          0.169724
        ],
        [
          -4093.69,
          32.9445,
          14552.6
        ]
      ],
      "objLayer": 0,
      "props": {}
    },
    "bdt_t1_bomb_zone_07_aaa_point_02": {
      "type": "Point",
      "tm": [
        [
          0.169724,
          0.0,
          0.985492
        ],
        [
          0.0,
          1.0,
          0.0
        ],
        [
          -0.985492,
          0.0,
          0.169724
        ],
        [
          -3595.11,
          25.6544,
          14135.4
        ]
      ],
      "objLayer": 0,
      "props": {}
    },
    "bdt_t1_bomb_zone_07_aaa_point_03": {
      "type": "Point",
      "tm": [
        [
          0.169724,
          0.0,
          0.985492
        ],
        [
          0.0,
          1.0,
          0.0
        ],
        [
          -0.985492,
          0.0,
          0.169724
        ],
        [
          -3656.83,
          20.7844,
          14627.7
        ]
      ],
      "objLayer": 0,
      "props": {}
    },
    "bdt_t1_bomb_zone_07_aaa_point_04": {
      "type": "Point",
      "tm": [
        [
          0.169724,
          0.0,
          0.985492
        ],
        [
          0.0,
          1.0,
          0.0
        ],
        [
          -0.985492,
          0.0,
          0.169724
        ],
        [
          -4241.41,
          30.2045,
          14231.2
        ]
      ],
      "objLayer": 0,
      "props": {}
    },
    "bdt_t1_bomb_zone_08_aaa_point_01": {
      "type": "Point",
      "tm": [
        [
          0.0593769,
          0.0,
          0.998235
        ],
        [
          0.0,
          1.0,
          0.0
        ],
        [
          -0.998235,
          0.0,
          0.0593769
        ],
        [
          -16936.6,
          51.4962,
          17332.9
        ]
      ],
      "objLayer": 0,
      "props": {}
    },
    "bdt_t1_bomb_zone_08_aaa_point_02": {
      "type": "Point",
      "tm": [
        [
          0.0593769,
          0.0,
          0.998235
        ],
        [
          0.0,
          1.0,
          0.0
        ],
        [
          -0.998235,
          0.0,
          0.0593769
        ],
        [
          -16535.5,
          -2.52377,
          17101.9
        ]
      ],
      "objLayer": 0,
      "props": {}
    },
    "bdt_t1_bomb_zone_08_aaa_point_03": {
      "type": "Point",
      "tm": [
        [
          0.0593769,
          0.0,
          0.998235
        ],
        [
          0.0,
          1.0,
          0.0
        ],
        [
          -0.998235,
          0.0,
          0.0593769
        ],
        [
          -16276.0,
          241.536,
          17432.6
        ]
      ],
      "objLayer": 0,
      "props": {}
    },
    "bdt_t1_bomb_zone_08_aaa_point_04": {
      "type": "Point",
      "tm": [
        [
          0.0593769,
          0.0,
          0.998235
        ],
        [
          0.0,
          1.0,
          0.0
        ],
        [
          -0.998235,
          0.0,
          0.0593769
        ],
        [
          -16621.3,
          228.206,
          17664.3
        ]
      ],
      "objLayer": 0,
      "props": {}
    },
    "bdt_t1_bomb_zone_09_aaa_point_01": {
      "type": "Point",
      "tm": [
        [
          0.0593769,
          0.0,
          0.998235
        ],
        [
          0.0,
          1.0,
          0.0
        ],
        [
          -0.998235,
          0.0,
          0.0593769
        ],
        [
          -13761.2,
          -43.974,
          17141.3
        ]
      ],
      "objLayer": 0,
      "props": {}
    },
    "bdt_t1_bomb_zone_09_aaa_point_02": {
      "type": "Point",
      "tm": [
        [
          0.0593769,
          0.0,
          0.998235
        ],
        [
          0.0,
          1.0,
          0.0
        ],
        [
          -0.998235,
          0.0,
          0.0593769
        ],
        [
          -13311.5,
          -139.074,
          17346.0
        ]
      ],
      "objLayer": 0,
      "props": {}
    },
    "bdt_t1_bomb_zone_09_aaa_point_03": {
      "type": "Point",
      "tm": [
        [
          0.0593769,
          0.0,
          0.998235
        ],
        [
          0.0,
          1.0,
          0.0
        ],
        [
          -0.998235,
          0.0,
          0.0593769
        ],
        [
          -14431.4,
          647.711,
          17453.6
        ]
      ],
      "objLayer": 0,
      "props": {}
    },
    "bdt_t1_bomb_zone_09_aaa_point_04": {
      "type": "Point",
      "tm": [
        [
          0.0593769,
          0.0,
          0.998235
        ],
        [
          0.0,
          1.0,
          0.0
        ],
        [
          -0.998235,
          0.0,
          0.0593769
        ],
        [
          -13316.4,
