{
  "selected_tag": "",
  "bin_dump_file": "",
  "mission_settings": {
    "player": {
      "army": 1
    },
    "player_teamB": {
      "army": 2
    },
    "mission": {
      "level": "levels/air_smolensk.bin",
      "type": "domination",
      "environment": "Day",
      "weather": "hazy",
      "restoreType": "attempts",
      "optionalTakeOff": false
    }
  },
  "imports": {},
  "triggers": {
    "isCategory": true,
    "is_enabled": true
  },
  "mission_objectives": {
    "isCategory": true,
    "is_enabled": true
  },
  "variables": {},
  "dialogs": {},
  "airfields": {},
  "effects": {},
  "units": {
    "objectGroups": [
      {
        "name": "bdt_t2_bomb_object_01",
        "tm": [
          [
            0.889563,
            0.0,
            0.456808
          ],
          [
            0.0,
            1.0,
            0.0
          ],
          [
            -0.456808,
            0.0,
            0.889563
          ],
          [
            -21074.8,
            7.38281,
            4596.83
          ]
        ],
        "unit_class": "dynBase_hq_camp_square",
        "objLayer": 2,
        "props": {
          "army": 2,
          "active": false
        }
      },
      {
        "name": "bdt_t2_bomb_object_02",
        "tm": [
          [
            0.987825,
            0.0,
            -0.155589
          ],
          [
            0.0,
            1.0,
            0.0
          ],
          [
            0.155589,
            0.0,
            0.987825
          ],
          [
            -15386.8,
            39.9285,
            1170.26
          ]
        ],
        "unit_class": "dynBase_fuel_storage_square",
        "objLayer": 2,
        "props": {
          "army": 2,
          "active": false
        }
      },
      {
        "name": "bdt_t2_bomb_object_03",
        "tm": [
          [
            -0.105384,
            0.0,
            0.994433
          ],
          [
            0.0,
            1.0,
            0.0
          ],
          [
            -0.994433,
            0.0,
            -0.105384
          ],
          [
            -12918.8,
            57.8804,
            1568.69
          ]
        ],
        "unit_class": "dynBase_oil_storage_small_square",
        "objLayer": 2,
        "props": {
          "army": 2,
          "active": false
        }
      },
      {
        "name": "bdt_t1_bomb_object_01",
        "tm": [
          [
            0.60688,
            0.0,
            0.794793
          ],
          [
            0.0,
            1.0,
            0.0
          ],
          [
            -0.794793,
            0.0,
            0.60688
          ],
          [
            -19928.3,
            371.617,
            16376.4
          ]
        ],
        "unit_class": "dynBase_fuel_storage_square",
        "objLayer": 2,
        "props": {
          "army": 1,
          "active": false
        }
      },
      {
        "name": "bdt_t1_bomb_object_02",
        "tm": [
          [
            -0.0895158,
            0.0,
            0.995984
          ],
          [
            0.0,
            1.0,
            0.0
          ],
          [
            -0.995984,
            0.0,
            -0.0895158
          ],
          [
            -16615.2,
            51.8213,
            15215.7
          ]
        ],
        "unit_class": "dynBase_small_factory_square",
        "objLayer": 2,
        "props": {
          "army": 1,
          "active": false
        }
      },
      {
        "name": "bdt_t1_bomb_object_03",
        "tm": [
          [
            -0.193112,
            0.0,
            0.981176
          ],
          [
            0.0,
            1.0,
            0.0
          ],
          [
            -0.981176,
            0.0,
            -0.193112
          ],
          [
            -10922.6,
            25.5757,
            14098.2
          ]
        ],
        "unit_class": "dynBase_oil_storage_small_square",
        "objLayer": 2,
        "props": {
          "army": 1,
          "active": false
        }
      },
      {
        "name": "bdt_t2_bomb_object_04",
        "tm": [
          [
            0.46667,
            0.0,
            0.884432
          ],
          [
            0.0,
            1.0,
            0.0
          ],
          [
            -0.884432,
            0.0,
            0.46667
          ],
          [
            -20136.6,
            10.0112,
            745.726
          ]
        ],
        "unit_class": "dynBase_small_factory_square",
        "objLayer": 2,
        "props": {
          "army": 2,
          "active": false
        }
      },
      {
        "name": "bdt_t1_bomb_object_04",
        "tm": [
          [
            0.162519,
            0.0,
            0.986706
          ],
          [
            0.0,
            1.0,
            0.0
          ],
          [
            -0.986706,
            0.0,
            0.162519
          ],
          [
            -8748.97,
            30.9985,
            11790.8
          ]
        ],
        "unit_class": "dynBase_field_camp_square",
        "objLayer": 2,
        "props": {
          "army": 1,
          "active": false
        }
      },
      {
        "name": "bdt_t1_bomb_object_05",
        "tm": [
          [
            0.162519,
            0.0,
            0.986706
          ],
          [
            0.0,
            1.0,
            0.0
          ],
          [
            -0.986706,
            0.0,
            0.162519
          ],
          [
            -16619.0,
            113.204,
            17364.2
          ]
        ],
        "unit_class": "dynBase_military_base_square",
        "objLayer": 2,
        "props": {
          "army": 1,
          "active": false
        }
      },
      {
        "name": "bdt_t1_bomb_object_06",
        "tm": [
          [
            0.162519,
            0.0,
            0.986706
          ],
          [
            0.0,
            1.0,
            0.0
          ],
          [
            -0.986706,
            0.0,
            0.162519
          ],
          [
            -9750.85,
            32.8638,
            15687.1
          ]
        ],
        "unit_class": "dynBase_oil_storage_large_square",
        "objLayer": 2,
        "props": {
          "army": 1,
          "active": false
        }
      },
      {
        "name": "bdt_t1_bomb_object_07",
        "tm": [
          [
            0.162519,
            0.0,
            0.986706
          ],
          [
            0.0,
            1.0,
            0.0
          ],
          [
            -0.986706,
            0.0,
            0.162519
          ],
          [
            -7812.93,
            26.0537,
            14170.0
          ]
        ],
        "unit_class": "dynBase_oil_storage_large_square",
        "objLayer": 2,
        "props": {
          "army": 1,
          "active": false
        }
      },
      {
        "name": "bdt_t1_bomb_object_08",
        "tm": [
          [
            0.60688,
            0.0,
            0.794793
          ],
          [
            0.0,
            1.0,
            0.0
          ],
          [
            -0.794793,
            0.0,
            0.60688
          ],
          [
            -19574.4,
            133.127,
            13942.8
          ]
        ],
        "unit_class": "dynBase_small_factory_square",
        "objLayer": 2,
        "props": {
          "army": 1,
          "active": false
        }
      },
      {
        "name": "bdt_t1_bomb_object_09",
        "tm": [
          [
            0.60688,
            0.0,
            0.794793
          ],
          [
            0.0,
            1.0,
            0.0
          ],
          [
            -0.794793,
            0.0,
            0.60688
          ],
          [
            -14412.9,
            45.6724,
            15444.8
          ]
        ],
        "unit_class": "dynBase_petrol_camp_square",
        "objLayer": 2,
        "props": {
          "army": 1,
          "active": false
        }
      },
      {
        "name": "bdt_t1_bomb_object_10",
        "tm": [
          [
            0.60688,
            0.0,
            0.794793
          ],
          [
            0.0,
            1.0,
            0.0
          ],
          [
            -0.794793,
            0.0,
            0.60688
          ],
          [
            -14541.5,
            31.6428,
            17660.2
          ]
        ],
        "unit_class": "dynBase_petrol_camp_square",
        "objLayer": 2,
        "props": {
          "army": 1,
          "active": false
        }
      },
      {
        "name": "bdt_t2_bomb_object_05",
        "tm": [
          [
            0.46667,
            0.0,
            0.884432
          ],
          [
            0.0,
            1.0,
            0.0
          ],
          [
            -0.884432,
            0.0,
            0.46667
          ],
          [
            -24646.5,
            161.302,
            6015.19
          ]
        ],
        "unit_class": "dynBase_petrol_camp_square",
        "objLayer": 2,
        "props": {
          "army": 2,
          "active": false
        }
      },
      {
        "name": "bdt_t2_bomb_object_06",
        "tm": [
          [
            -0.00295252,
            0.0,
            0.999997
          ],
          [
            0.0,
            1.0,
            0.0
          ],
          [
            -0.999997,
            0.0,
            -0.00295252
          ],
          [
            -22032.4,
            33.3542,
            7330.05
          ]
        ],
        "unit_class": "dynBase_military_base_square",
        "objLayer": 2,
        "props": {
          "army": 2,
          "active": false
        }
      },
      {
        "name": "bdt_t2_bomb_object_07",
        "tm": [
          [
            0.46667,
            0.0,
            0.884432
          ],
          [
            0.0,
            1.0,
            0.0
          ],
          [
            -0.884432,
            0.0,
            0.46667
          ],
          [
            -18812.6,
            33.4817,
            2344.02
          ]
        ],
        "unit_class": "dynBase_fuel_storage_square",
        "objLayer": 2,
        "props": {
          "army": 2,
          "active": false
        }
      },
      {
        "name": "bdt_t2_bomb_object_08",
        "tm": [
          [
            -0.105384,
            0.0,
            0.994433
          ],
          [
            0.0,
            1.0,
            0.0
          ],
          [
            -0.994433,
            0.0,
            -0.105384
          ],
          [
            -15759.6,
            45.9517,
            -892.732
          ]
        ],
        "unit_class": "dynBase_ammunition_storage_square",
        "objLayer": 2,
        "props": {
          "army": 2,
          "active": false
        }
      },
      {
        "name": "bdt_t2_bomb_object_09",
        "tm": [
          [
            -0.105384,
            0.0,
            0.994433
          ],
          [
            0.0,
            1.0,
            0.0
          ],
          [
            -0.994433,
            0.0,
            -0.105384
          ],
          [
            -22541.6,
            34.6416,
            3172.82
          ]
        ],
        "unit_class": "dynBase_field_camp_square",
        "objLayer": 2,
        "props": {
          "army": 2,
          "active": false
        }
      },
      {
        "name": "bdt_t2_bomb_object_10",
        "tm": [
          [
            -0.105384,
            0.0,
            0.994433
          ],
          [
            0.0,
            1.0,
            0.0
          ],
          [
            -0.994433,
            0.0,
            -0.105384
          ],
          [
            -13202.5,
            41.623,
            -732.501
          ]
        ],
        "unit_class": "dynBase_oil_storage_small_square",
        "objLayer": 2,
        "props": {
          "army": 2,
          "active": false
        }
      }
    ]
  },
  "areas": {
    "bdt_t2_bomb_zone_01": {
      "type": "Sphere",
      "tm": [
        [
          400.305,
          0.0,
          205.565
        ],
        [
          0.0,
          450.0,
          0.0
        ],
        [
          -205.565,
          0.0,
          400.305
        ],
        [
          -21073.9,
          7.94281,
          4589.83
        ]
      ],
      "objLayer": 0,
      "props": {}
    },
    "bdt_t2_bomb_zone_02": {
      "type": "Sphere",
      "tm": [
        [
          375.035,
          0.0,
          248.694
        ],
        [
          0.0,
          450.0,
          0.0
        ],
        [
          -248.694,
          0.0,
          375.035
        ],
        [
          -15389.6,
          38.3084,
          1191.78
        ]
      ],
      "objLayer": 0,
      "props": {}
    },
    "bdt_t2_bomb_zone_03": {
      "type": "Sphere",
      "tm": [
        [
          -47.4207,
          0.0,
          447.494
        ],
        [
          0.0,
          450.0,
          0.0
        ],
        [
          -447.494,
          0.0,
          -47.4207
        ],
        [
          -12926.5,
          58.5803,
          1562.59
        ]
      ],
      "objLayer": 0,
      "props": {}
    },
    "bdt_t1_bomb_zone_01": {
      "type": "Sphere",
      "tm": [
        [
          273.098,
          0.0,
          357.655
        ],
        [
          0.0,
          450.0,
          0.0
        ],
        [
          -357.655,
          0.0,
          273.098
        ],
        [
          -19923.3,
          386.277,
          16388.0
        ]
      ],
      "objLayer": 0,
      "props": {}
    },
    "bdt_t1_bomb_zone_02": {
      "type": "Sphere",
      "tm": [
        [
          57.6808,
          0.0,
          446.287
        ],
        [
          0.0,
          450.0,
          0.0
        ],
        [
          -446.287,
          0.0,
          57.6808
        ],
        [
          -16616.9,
          52.8113,
          15220.0
        ]
      ],
      "objLayer": 0,
      "props": {}
    },
    "bdt_t1_bomb_zone_03": {
      "type": "Sphere",
      "tm": [
        [
          87.6505,
          0.0,
          441.379
        ],
        [
          0.0,
          450.0,
          0.0
        ],
        [
          -441.379,
          0.0,
          87.6505
        ],
        [
          -10922.0,
          24.9067,
          14103.7
        ]
      ],
      "objLayer": 0,
      "props": {}
    },
    "bdt_t2_bomb_zone_04": {
      "type": "Sphere",
      "tm": [
        [
          210.002,
          0.0,
          397.992
        ],
        [
          0.0,
          450.0,
          0.0
        ],
        [
          -397.992,
          0.0,
          210.002
        ],
        [
          -20131.4,
          9.08124,
          751.737
        ]
      ],
      "objLayer": 0,
      "props": {}
    },
    "bdt_t1_bomb_zone_04": {
      "type": "Sphere",
      "tm": [
        [
          87.6505,
          0.0,
          441.379
        ],
        [
          0.0,
          450.0,
          0.0
        ],
        [
          -441.379,
          0.0,
          87.6505
        ],
        [
          -8754.62,
          31.6585,
          11792.2
        ]
      ],
      "objLayer": 0,
      "props": {}
    },
    "bdt_t2_bomb_zone_01_aaa_point_01": {
      "type": "Point",
      "tm": [
        [
          0.482644,
          0.0,
          0.875815
        ],
        [
          0.0,
          1.0,
          0.0
        ],
        [
          -0.875815,
          0.0,
          0.482644
        ],
        [
          -20864.9,
          -2.00714,
          4505.24
        ]
      ],
      "objLayer": 0,
      "props": {}
    },
    "bdt_t2_bomb_zone_01_aaa_point_02": {
      "type": "Point",
      "tm": [
        [
          0.482644,
          0.0,
          0.875815
        ],
        [
          0.0,
          1.0,
          0.0
        ],
        [
          -0.875815,
          0.0,
          0.482644
        ],
        [
          -21366.0,
          36.5328,
          4594.59
        ]
      ],
      "objLayer": 0,
      "props": {}
    },
    "bdt_t2_bomb_zone_01_aaa_point_03": {
      "type": "Point",
      "tm": [
        [
          0.482644,
          0.0,
          0.875815
        ],
        [
          0.0,
          1.0,
          0.0
        ],
        [
          -0.875815,
          0.0,
          0.482644
        ],
        [
          -21315.7,
          21.5228,
          4702.48
        ]
      ],
      "objLayer": 0,
      "props": {}
    },
    "bdt_t2_bomb_zone_01_aaa_point_04": {
      "type": "Point",
      "tm": [
        [
          0.482644,
          0.0,
          0.875815
        ],
        [
          0.0,
          1.0,
          0.0
        ],
        [
          -0.875815,
          0.0,
          0.482644
        ],
        [
          -21180.3,
          -57.2272,
          5108.18
        ]
      ],
      "objLayer": 0,
      "props": {}
    },
    "bdt_t2_bomb_zone_02_aaa_point_01": {
      "type": "Point",
      "tm": [
        [
          0.38253,
          0.0,
          0.923942
        ],
        [
          0.0,
          1.0,
          0.0
        ],
        [
          -0.923942,
          0.0,
          0.38253
        ],
        [
          -15327.6,
          71.9785,
          951.109
        ]
      ],
      "objLayer": 0,
      "props": {}
    },
    "bdt_t2_bomb_zone_02_aaa_point_02": {
      "type": "Point",
      "tm": [
        [
          0.38253,
          0.0,
          0.923942
        ],
        [
          0.0,
          1.0,
          0.0
        ],
        [
          -0.923942,
          0.0,
          0.38253
        ],
        [
          -15661.1,
          102.228,
          1374.6
        ]
      ],
      "objLayer": 0,
      "props": {}
    },
    "bdt_t2_bomb_zone_02_aaa_point_03": {
      "type": "Point",
      "tm": [
        [
          0.38253,
          0.0,
          0.923942
        ],
        [
          0.0,
          1.0,
          0.0
        ],
        [
          -0.923942,
          0.0,
          0.38253
        ],
        [
          -15589.3,
          158.188,
          996.011
        ]
      ],
      "objLayer": 0,
      "props": {}
    },
    "bdt_t2_bomb_zone_02_aaa_point_04": {
      "type": "Point",
      "tm": [
        [
          0.38253,
          0.0,
          0.923942
        ],
        [
          0.0,
          1.0,
          0.0
        ],
        [
          -0.923942,
          0.0,
          0.38253
        ],
        [
          -15267.0,
          11.4485,
          1385.68
        ]
      ],
      "objLayer": 0,
      "props": {}
    },
    "bdt_t2_bomb_zone_03_aaa_point_01": {
      "type": "Point",
      "tm": [
        [
          0.38253,
          0.0,
          0.923942
        ],
        [
          0.0,
          1.0,
          0.0
        ],
        [
          -0.923942,
          0.0,
          0.38253
        ],
        [
          -12636.3,
          131.96,
          1495.32
        ]
      ],
      "objLayer": 0,
      "props": {}
    },
    "bdt_t2_bomb_zone_03_aaa_point_02": {
      "type": "Point",
      "tm": [
        [
          0.38253,
          0.0,
          0.923942
        ],
        [
          0.0,
          1.0,
          0.0
        ],
        [
          -0.923942,
          0.0,
          0.38253
        ],
        [
          -13134.7,
          -38.6597,
          1768.2
        ]
      ],
      "objLayer": 0,
      "props": {}
    },
    "bdt_t2_bomb_zone_03_aaa_point_03": {
      "type": "Point",
      "tm": [
        [
          0.38253,
          0.0,
          0.923942
        ],
        [
          0.0,
          1.0,
          0.0
        ],
        [
          -0.923942,
          0.0,
          0.38253
        ],
        [
          -13235.5,
          47.4303,
          1477.78
        ]
      ],
      "objLayer": 0,
      "props": {}
    },
    "bdt_t2_bomb_zone_03_aaa_point_04": {
      "type": "Point",
      "tm": [
        [
          0.38253,
          0.0,
          0.923942
        ],
        [
          0.0,
          1.0,
          0.0
        ],
        [
          -0.923942,
          0.0,
          0.38253
        ],
        [
          -12768.4,
          98.4803,
          1307.69
        ]
      ],
      "objLayer": 0,
      "props": {}
    },
    "bdt_t2_bomb_zone_04_aaa_point_01": {
      "type": "Point",
      "tm": [
        [
          0.482644,
          0.0,
          0.875815
        ],
        [
          0.0,
          1.0,
          0.0
        ],
        [
          -0.875815,
          0.0,
          0.482644
        ],
        [
          -20217.9,
          10.4012,
          1072.54
        ]
      ],
      "objLayer": 0,
      "props": {}
    },
    "bdt_t2_bomb_zone_04_aaa_point_02": {
      "type": "Point",
      "tm": [
        [
          0.482644,
          0.0,
          0.875815
        ],
        [
          0.0,
          1.0,
          0.0
        ],
        [
          -0.875815,
          0.0,
          0.482644
        ],
        [
          -20419.9,
          52.4213,
          661.597
        ]
      ],
      "objLayer": 0,
      "props": {}
    },
    "bdt_t2_bomb_zone_04_aaa_point_03": {
      "type": "Point",
      "tm": [
        [
          0.482644,
          0.0,
          0.875815
        ],
        [
          0.0,
          1.0,
          0.0
        ],
        [
          -0.875815,
          0.0,
          0.482644
        ],
        [
          -19865.1,
          -21.7988,
          739.177
        ]
      ],
      "objLayer": 0,
      "props": {}
    },
    "bdt_t2_bomb_zone_04_aaa_point_04": {
      "type": "Point",
      "tm": [
        [
          0.482644,
          0.0,
          0.875815
        ],
        [
          0.0,
          1.0,
          0.0
        ],
        [
          -0.875815,
          0.0,
          0.482644
        ],
        [
          -20005.7,
          -1.34875,
          539.207
        ]
      ],
      "objLayer": 0,
      "props": {}
    },
    "bdt_t1_bomb_zone_01_aaa_point_01": {
      "type": "Point",
      "tm": [
        [
          0.0593765,
          0.0,
          0.998236
        ],
        [
          0.0,
          1.0,
          0.0
        ],
        [
          -0.998236,
          0.0,
          0.0593765
        ],
        [
          -19917.1,
          496.487,
          16642.7
        ]
      ],
      "objLayer": 0,
      "props": {}
    },
    "bdt_t1_bomb_zone_01_aaa_point_02": {
      "type": "Point",
      "tm": [
        [
          0.0593765,
          0.0,
          0.998236
        ],
        [
          0.0,
          1.0,
          0.0
        ],
        [
          -0.998236,
          0.0,
          0.0593765
        ],
        [
          -19998.7,
          358.847,
          16146.5
        ]
      ],
      "objLayer": 0,
      "props": {}
    },
    "bdt_t1_bomb_zone_01_aaa_point_03": {
      "type": "Point",
      "tm": [
        [
          0.0593765,
          0.0,
          0.998236
        ],
        [
          0.0,
          1.0,
          0.0
        ],
        [
          -0.998236,
          0.0,
          0.0593765
        ],
        [
          -19693.9,
          290.097,
          16345.3
        ]
      ],
      "objLayer": 0,
      "props": {}
    },
    "bdt_t1_bomb_zone_01_aaa_point_04": {
      "type": "Point",
      "tm": [
        [
          0.0593765,
          0.0,
          0.998236
        ],
        [
          0.0,
          1.0,
          0.0
        ],
        [
          -0.998236,
          0.0,
          0.0593765
        ],
        [
          -19826.7,
          233.587,
          16159.3
        ]
      ],
      "objLayer": 0,
      "props": {}
    },
    "bdt_t1_bomb_zone_02_aaa_point_01": {
      "type": "Point",
      "tm": [
        [
          0.0593765,
          0.0,
          0.998236
        ],
        [
          0.0,
          1.0,
          0.0
        ],
        [
          -0.998236,
          0.0,
          0.0593765
        ],
        [
          -16786.3,
          126.231,
          15430.8
        ]
      ],
      "objLayer": 0,
      "props": {}
    },
    "bdt_t1_bomb_zone_02_aaa_point_02": {
      "type": "Point",
      "tm": [
        [
          0.0593765,
          0.0,
          0.998236
        ],
        [
          0.0,
          1.0,
          0.0
        ],
        [
          -0.998236,
          0.0,
          0.0593765
        ],
        [
          -16874.4,
          119.161,
          15154.4
        ]
      ],
      "objLayer": 0,
      "props": {}
    },
    "bdt_t1_bomb_zone_02_aaa_point_03": {
      "type": "Point",
      "tm": [
        [
          0.0593765,
          0.0,
          0.998236
        ],
        [
          0.0,
          1.0,
          0.0
        ],
        [
          -0.998236,
          0.0,
          0.0593765
        ],
        [
          -16175.6,
          19.7112,
          15129.5
        ]
      ],
      "objLayer": 0,
      "props": {}
    },
    "bdt_t1_bomb_zone_02_aaa_point_04": {
      "type": "Point",
      "tm": [
        [
          0.0593765,
          0.0,
          0.998236
        ],
        [
          0.0,
          1.0,
          0.0
        ],
        [
          -0.998236,
          0.0,
          0.0593765
        ],
        [
          -16672.5,
          67.3613,
          14895.7
        ]
      ],
      "objLayer": 0,
      "props": {}
    },
    "bdt_t1_bomb_zone_03_aaa_point_01": {
      "type": "Point",
      "tm": [
        [
          0.169724,
          0.0,
          0.985492
        ],
        [
          0.0,
          1.0,
          0.0
        ],
        [
          -0.985492,
          0.0,
          0.169724
        ],
        [
          -10727.8,
          61.6957,
          13865.0
        ]
      ],
      "objLayer": 0,
      "props": {}
    },
    "bdt_t1_bomb_zone_03_aaa_point_02": {
      "type": "Point",
      "tm": [
        [
          0.169724,
          0.0,
          0.985492
        ],
        [
          0.0,
          1.0,
          0.0
        ],
        [
          -0.985492,
          0.0,
          0.169724
        ],
        [
          -11086.0,
          24.1467,
          14282.0
        ]
      ],
      "objLayer": 0,
      "props": {}
    },
    "bdt_t1_bomb_zone_03_aaa_point_03": {
      "type": "Point",
      "tm": [
        [
          0.169724,
          0.0,
          0.985492
        ],
        [
          0.0,
          1.0,
          0.0
        ],
        [
          -0.985492,
          0.0,
          0.169724
        ],
        [
          -11197.9,
          15.0467,
          14025.4
        ]
      ],
      "objLayer": 0,
      "props": {}
    },
    "bdt_t1_bomb_zone_03_aaa_point_04": {
      "type": "Point",
      "tm": [
        [
          0.169724,
          0.0,
          0.985492
        ],
        [
          0.0,
          1.0,
          0.0
        ],
        [
          -0.985492,
          0.0,
          0.169724
        ],
        [
          -10713.7,
          48.7357,
          14260.9
        ]
      ],
      "objLayer": 0,
      "props": {}
    },
    "bdt_t1_bomb_zone_04_aaa_point_01": {
      "type": "Point",
      "tm": [
        [
          0.169724,
          0.0,
          0.985492
        ],
        [
          0.0,
          1.0,
          0.0
        ],
        [
          -0.985492,
          0.0,
          0.169724
        ],
        [
          -8573.79,
          63.4185,
          12052.3
        ]
      ],
      "objLayer": 0,
      "props": {}
    },
    "bdt_t1_bomb_zone_04_aaa_point_02": {
      "type": "Point",
      "tm": [
        [
          0.169724,
          0.0,
          0.985492
        ],
        [
          0.0,
          1.0,
          0.0
        ],
        [
          -0.985492,
          0.0,
          0.169724
        ],
        [
          -8891.34,
          46.3585,
          12004.7
        ]
      ],
      "objLayer": 0,
      "props": {}
    },
    "bdt_t1_bomb_zone_04_aaa_point_03": {
      "type": "Point",
      "tm": [
        [
          0.169724,
          0.0,
          0.985492
        ],
        [
          0.0,
          1.0,
          0.0
        ],
        [
          -0.985492,
          0.0,
          0.169724
        ],
        [
          -8468.98,
          53.5885,
          11736.8
        ]
      ],
      "objLayer": 0,
      "props": {}
    },
    "bdt_t1_bomb_zone_04_aaa_point_04": {
      "type": "Point",
      "tm": [
        [
          0.169724,
          0.0,
          0.985492
        ],
        [
          0.0,
          1.0,
          0.0
        ],
        [
          -0.985492,
          0.0,
          0.169724
        ],
        [
          -9049.42,
          67.4685,
          11684.3
        ]
      ],
      "objLayer": 0,
      "props": {}
    },
    "bdt_t1_bomb_zone_05": {
      "type": "Sphere",
      "tm": [
        [
          87.6505,
          0.0,
          441.379
        ],
        [
          0.0,
          450.0,
          0.0
        ],
        [
          -441.379,
          0.0,
          87.6505
        ],
        [
          -16624.7,
          112.934,
          17365.5
        ]
      ],
      "objLayer": 0,
      "props": {}
    },
    "bdt_t1_bomb_zone_06": {
      "type": "Sphere",
      "tm": [
        [
          87.6505,
          0.0,
          441.379
        ],
        [
          0.0,
          450.0,
          0.0
        ],
        [
          -441.379,
          0.0,
          87.6505
        ],
        [
          -9756.5,
          31.7438,
          15688.6
        ]
      ],
      "objLayer": 0,
      "props": {}
    },
    "bdt_t1_bomb_zone_07": {
      "type": "Sphere",
      "tm": [
        [
          87.6505,
          0.0,
          441.379
        ],
        [
          0.0,
          450.0,
          0.0
        ],
        [
          -441.379,
          0.0,
          87.6505
        ],
        [
          -7818.61,
          23.9637,
          14171.5
        ]
      ],
      "objLayer": 0,
      "props": {}
    },
    "bdt_t1_bomb_zone_08": {
      "type": "Sphere",
      "tm": [
        [
          273.098,
          0.0,
          357.655
        ],
        [
          0.0,
          450.0,
          0.0
        ],
        [
          -357.655,
          0.0,
          273.098
        ],
        [
          -19569.4,
          136.456,
          13954.5
        ]
      ],
      "objLayer": 0,
      "props": {}
    },
    "bdt_t1_bomb_zone_09": {
      "type": "Sphere",
      "tm": [
        [
          273.098,
          0.0,
          357.655
        ],
        [
          0.0,
          450.0,
          0.0
        ],
        [
          -357.655,
          0.0,
          273.098
        ],
        [
          -14407.9,
          45.9624,
          15456.1
        ]
      ],
      "objLayer": 0,
      "props": {}
    },
    "bdt_t1_bomb_zone_10": {
      "type": "Sphere",
      "tm": [
        [
          273.098,
          0.0,
          357.655
        ],
        [
          0.0,
          450.0,
          0.0
        ],
        [
          -357.655,
          0.0,
          273.098
        ],
        [
          -14536.4,
          32.4429,
          17671.8
        ]
      ],
      "objLayer": 0,
      "props": {}
    },
    "bdt_t1_bomb_zone_05_aaa_point_01": {
      "type": "Point",
      "tm": [
        [
          0.169724,
          0.0,
          0.985492
        ],
        [
          0.0,
          1.0,
          0.0
        ],
        [
          -0.985492,
          0.0,
          0.169724
        ],
        [
          -16693.5,
          101.884,
          17100.2
        ]
      ],
      "objLayer": 0,
      "props": {}
    },
    "bdt_t1_bomb_zone_05_aaa_point_02": {
      "type": "Point",
      "tm": [
        [
          0.169724,
          0.0,
          0.985492
        ],
        [
          0.0,
          1.0,
          0.0
        ],
        [
          -0.985492,
          0.0,
          0.169724
        ],
        [
          -16555.0,
          112.834,
          17226.6
        ]
      ],
      "objLayer": 0,
      "props": {}
    },
    "bdt_t1_bomb_zone_05_aaa_point_03": {
      "type": "Point",
      "tm": [
        [
          0.169724,
          0.0,
          0.985492
        ],
        [
          0.0,
          1.0,
          0.0
        ],
        [
          -0.985492,
          0.0,
          0.169724
        ],
        [
          -16541.8,
          125.024,
          17641.1
        ]
      ],
      "objLayer": 0,
      "props": {}
    },
    "bdt_t1_bomb_zone_05_aaa_point_04": {
      "type": "Point",
      "tm": [
        [
          0.169724,
          0.0,
          0.985492
        ],
        [
          0.0,
          1.0,
          0.0
        ],
        [
          -0.985492,
          0.0,
          0.169724
        ],
        [
          -16772.9,
          103.824,
          17600.1
        ]
      ],
      "objLayer": 0,
      "props": {}
    },
    "bdt_t1_bomb_zone_06_aaa_point_01": {
      "type": "Point",
      "tm": [
        [
          0.169724,
          0.0,
          0.985492
        ],
        [
          0.0,
          1.0,
          0.0
        ],
        [
          -0.985492,
          0.0,
          0.169724
        ],
        [
          -9505.88,
          86.8238,
          15462.8
        ]
      ],
      "objLayer": 0,
      "props": {}
    },
    "bdt_t1_bomb_zone_06_aaa_point_02": {
      "type": "Point",
      "tm": [
        [
          0.169724,
          0.0,
          0.985492
        ],
        [
          0.0,
          1.0,
          0.0
        ],
        [
          -0.985492,
          0.0,
          0.169724
        ],
        [
          -9750.15,
          34.4738,
          15364.0
        ]
      ],
      "objLayer": 0,
      "props": {}
    },
    "bdt_t1_bomb_zone_06_aaa_point_03": {
      "type": "Point",
      "tm": [
        [
          0.169724,
          0.0,
          0.985492
        ],
        [
          0.0,
          1.0,
          0.0
        ],
        [
          -0.985492,
          0.0,
          0.169724
        ],
        [
          -10059.2,
          -25.1962,
          15750.9
        ]
      ],
      "objLayer": 0,
      "props": {}
    },
    "bdt_t1_bomb_zone_06_aaa_point_04": {
      "type": "Point",
      "tm": [
        [
          0.169724,
          0.0,
          0.985492
        ],
        [
          0.0,
          1.0,
          0.0
        ],
        [
          -0.985492,
          0.0,
          0.169724
        ],
        [
          -9582.49,
          -3.70621,
          15930.0
        ]
      ],
      "objLayer": 0,
      "props": {}
    },
    "bdt_t1_bomb_zone_07_aaa_point_01": {
      "type": "Point",
      "tm": [
        [
          0.169724,
          0.0,
          0.985492
        ],
        [
          0.0,
          1.0,
          0.0
        ],
        [
          -0.985492,
          0.0,
          0.169724
        ],
        [
          -8051.1,
          -90.4062,
          14363.1
        ]
      ],
      "objLayer": 0,
      "props": {}
    },
    "bdt_t1_bomb_zone_07_aaa_point_02": {
      "type": "Point",
      "tm": [
        [
          0.169724,
          0.0,
          0.985492
        ],
        [
          0.0,
          1.0,
          0.0
        ],
        [
          -0.985492,
          0.0,
          0.169724
        ],
        [
          -7552.53,
          186.444,
          13946.0
        ]
      ],
      "objLayer": 0,
      "props": {}
    },
    "bdt_t1_bomb_zone_07_aaa_point_03": {
      "type": "Point",
      "tm": [
        [
          0.169724,
          0.0,
          0.985492
        ],
        [
          0.0,
          1.0,
          0.0
        ],
        [
          -0.985492,
          0.0,
          0.169724
        ],
        [
          -7614.35,
          13.6737,
          14438.2
        ]
      ],
      "objLayer": 0,
      "props": {}
    },
    "bdt_t1_bomb_zone_07_aaa_point_04": {
      "type": "Point",
      "tm": [
        [
          0.169724,
          0.0,
          0.985492
        ],
        [
          0.0,
          1.0,
          0.0
        ],
        [
          -0.985492,
          0.0,
          0.169724
        ],
        [
          -8198.86,
          -115.166,
          14041.8
        ]
      ],
      "objLayer": 0,
      "props": {}
    },
    "bdt_t1_bomb_zone_08_aaa_point_01": {
      "type": "Point",
      "tm": [
        [
          0.0593765,
          0.0,
          0.998236
        ],
        [
          0.0,
          1.0,
          0.0
        ],
        [
          -0.998236,
          0.0,
          0.0593765
        ],
        [
          -19874.4,
          179.977,
          13895.0
        ]
      ],
      "objLayer": 0,
      "props": {}
    },
    "bdt_t1_bomb_zone_08_aaa_point_02": {
      "type": "Point",
      "tm": [
        [
          0.0593765,
          0.0,
          0.998236
        ],
        [
          0.0,
          1.0,
          0.0
        ],
        [
          -0.998236,
          0.0,
          0.0593765
        ],
        [
          -19473.2,
          111.007,
          13663.9
        ]
      ],
      "objLayer": 0,
      "props": {}
    },
    "bdt_t1_bomb_zone_08_aaa_point_03": {
      "type": "Point",
      "tm": [
        [
          0.0593765,
          0.0,
          0.998236
        ],
        [
          0.0,
          1.0,
          0.0
        ],
        [
          -0.998236,
          0.0,
          0.0593765
        ],
        [
          -19213.8,
          130.956,
          13994.5
        ]
      ],
      "objLayer": 0,
      "props": {}
    },
    "bdt_t1_bomb_zone_08_aaa_point_04": {
      "type": "Point",
      "tm": [
        [
          0.0593765,
          0.0,
          0.998236
        ],
        [
          0.0,
          1.0,
          0.0
        ],
        [
          -0.998236,
          0.0,
          0.0593765
        ],
        [
          -19559.1,
          277.067,
          14226.3
        ]
      ],
      "objLayer": 0,
      "props": {}
    },
    "bdt_t1_bomb_zone_09_aaa_point_01": {
      "type": "Point",
      "tm": [
        [
          0.0593765,
          0.0,
          0.998236
        ],
        [
          0.0,
          1.0,
          0.0
        ],
        [
          -0.998236,
          0.0,
          0.0593765
        ],
        [
          -14517.5,
          45.6624,
          15021.8
        ]
      ],
      "objLayer": 0,
      "props": {}
    },
    "bdt_t1_bomb_zone_09_aaa_point_02": {
      "type": "Point",
      "tm": [
        [
          0.0593765,
          0.0,
          0.998236
        ],
        [
          0.0,
          1.0,
          0.0
        ],
        [
          -0.998236,
          0.0,
          0.0593765
        ],
        [
          -14068.0,
          37.1424,
          15226.5
        ]
      ],
      "objLayer": 0,
      "props": {}
    },
    "bdt_t1_bomb_zone_09_aaa_point_03": {
      "type": "Point",
      "tm": [
        [
          0.0593765,
          0.0,
          0.998236
        ],
        [
          0.0,
          1.0,
          0.0
        ],
        [
          -0.998236,
          0.0,
          0.0593765
        ],
        [
          -14904.3,
          51.3524,
          15420.1
        ]
      ],
      "objLayer": 0,
      "props": {}
    },
    "bdt_t1_bomb_zone_09_aaa_point_04": {
      "type": "Point",
      "tm": [
        [
          0.0593765,
          0.0,
          0.998236
        ],
        [
          0.0,
          1.0,
          0.0
        ],
        [
          -0.998236,
          0.0,
          0.0593765
        ],
        [
          -14072.8,
