{
  "selected_tag": "",
  "bin_dump_file": "",
  "mission_settings": {
    "player": {
      "army": 1
    },
    "player_teamB": {
      "army": 2
    },
    "mission": {
      "level": "levels/air_smolensk.bin",
      "type": "domination",
      "environment": "Day",
      "weather": "hazy",
      "restoreType": "attempts",
      "optionalTakeOff": false
    }
  },
  "imports": {},
  "triggers": {
    "isCategory": true,
    "is_enabled": true
  },
  "mission_objectives": {
    "isCategory": true,
    "is_enabled": true
  },
  "variables": {},
  "dialogs": {},
  "airfields": {},
  "effects": {},
  "units": {
    "objectGroups": [
      {
        "name": "bdt_t2_bomb_object_01",
        "tm": [
          [
            0.889562,
            0.0,
            0.456809
          ],
          [
            0.0,
            1.0,
            0.0
          ],
          [
            -0.456809,
            0.0,
            0.889562
          ],
          [
            -24734.6,
            143.199,
            2629.04
          ]
        ],
        "unit_class": "dynBase_hq_camp_square",
        "objLayer": 2,
        "props": {
          "army": 2,
          "active": false
        }
      },
      {
        "name": "bdt_t2_bomb_object_02",
        "tm": [
          [
            0.987826,
            0.0,
            -0.155587
          ],
          [
            0.0,
            1.0,
            0.0
          ],
          [
            0.155587,
            0.0,
            0.987826
          ],
          [
            -10354.8,
            28.9927,
            -1910.75
          ]
        ],
        "unit_class": "dynBase_fuel_storage_square",
        "objLayer": 2,
        "props": {
          "army": 2,
          "active": false
        }
      },
      {
        "name": "bdt_t2_bomb_object_03",
        "tm": [
          [
            -0.105385,
            0.0,
            0.994434
          ],
          [
            0.0,
            1.0,
            0.0
          ],
          [
            -0.994434,
            0.0,
            -0.105385
          ],
          [
            -12535.5,
            30.2309,
            -5915.96
          ]
        ],
        "unit_class": "dynBase_oil_storage_small_square",
        "objLayer": 2,
        "props": {
          "army": 2,
          "active": false
        }
      },
      {
        "name": "bdt_t1_bomb_object_01",
        "tm": [
          [
            0.60688,
            0.0,
            0.794793
          ],
          [
            0.0,
            1.0,
            0.0
          ],
          [
            -0.794793,
            0.0,
            0.60688
          ],
          [
            -13167.4,
            67.8282,
            22472.5
          ]
        ],
        "unit_class": "dynBase_fuel_storage_square",
        "objLayer": 2,
        "props": {
          "army": 1,
          "active": false
        }
      },
      {
        "name": "bdt_t1_bomb_object_02",
        "tm": [
          [
            -0.0895163,
            0.0,
            0.995985
          ],
          [
            0.0,
            1.0,
            0.0
          ],
          [
            -0.995985,
            0.0,
            -0.0895163
          ],
          [
            -18582.7,
            697.462,
            22653.0
          ]
        ],
        "unit_class": "dynBase_small_factory_square",
        "objLayer": 2,
        "props": {
          "army": 1,
          "active": false
        }
      },
      {
        "name": "bdt_t1_bomb_object_03",
        "tm": [
          [
            -0.193112,
            0.0,
            0.981176
          ],
          [
            0.0,
            1.0,
            0.0
          ],
          [
            -0.981176,
            0.0,
            -0.193112
          ],
          [
            -9114.18,
            26.2748,
            17706.9
          ]
        ],
        "unit_class": "dynBase_oil_storage_small_square",
        "objLayer": 2,
        "props": {
          "army": 1,
          "active": false
        }
      },
      {
        "name": "bdt_t2_bomb_object_04",
        "tm": [
          [
            0.466669,
            0.0,
            0.884431
          ],
          [
            0.0,
            1.0,
            0.0
          ],
          [
            -0.884431,
            0.0,
            0.466669
          ],
          [
            -23226.6,
            72.978,
            -3209.24
          ]
        ],
        "unit_class": "dynBase_small_factory_square",
        "objLayer": 2,
        "props": {
          "army": 2,
          "active": false
        }
      },
      {
        "name": "bdt_t1_bomb_object_04",
        "tm": [
          [
            0.162518,
            0.0,
            0.986706
          ],
          [
            0.0,
            1.0,
            0.0
          ],
          [
            -0.986706,
            0.0,
            0.162518
          ],
          [
            -3773.41,
            33.8463,
            17229.4
          ]
        ],
        "unit_class": "dynBase_field_camp_square",
        "objLayer": 2,
        "props": {
          "army": 1,
          "active": false
        }
      },
      {
        "name": "bdt_t1_bomb_object_05",
        "tm": [
          [
            0.162518,
            0.0,
            0.986706
          ],
          [
            0.0,
            1.0,
            0.0
          ],
          [
            -0.986706,
            0.0,
            0.162518
          ],
          [
            -1499.36,
            60.8384,
            13644.2
          ]
        ],
        "unit_class": "dynBase_military_base_square",
        "objLayer": 2,
        "props": {
          "army": 1,
          "active": false
        }
      },
      {
        "name": "bdt_t1_bomb_object_06",
        "tm": [
          [
            0.162518,
            0.0,
            0.986706
          ],
          [
            0.0,
            1.0,
            0.0
          ],
          [
            -0.986706,
            0.0,
            0.162518
          ],
          [
            -7003.12,
            41.2148,
            19942.1
          ]
        ],
        "unit_class": "dynBase_oil_storage_large_square",
        "objLayer": 2,
        "props": {
          "army": 1,
          "active": false
        }
      },
      {
        "name": "bdt_t1_bomb_object_07",
        "tm": [
          [
            0.162518,
            0.0,
            0.986706
          ],
          [
            0.0,
            1.0,
            0.0
          ],
          [
            -0.986706,
            0.0,
            0.162518
          ],
          [
            -5507.75,
            51.5325,
            14055.8
          ]
        ],
        "unit_class": "dynBase_oil_storage_large_square",
        "objLayer": 2,
        "props": {
          "army": 1,
          "active": false
        }
      },
      {
        "name": "bdt_t1_bomb_object_08",
        "tm": [
          [
            0.60688,
            0.0,
            0.794793
          ],
          [
            0.0,
            1.0,
            0.0
          ],
          [
            -0.794793,
            0.0,
            0.60688
          ],
          [
            -21971.8,
            1129.72,
            22109.1
          ]
        ],
        "unit_class": "dynBase_small_factory_square",
        "objLayer": 2,
        "props": {
          "army": 1,
          "active": false
        }
      },
      {
        "name": "bdt_t1_bomb_object_09",
        "tm": [
          [
            0.60688,
            0.0,
            0.794793
          ],
          [
            0.0,
            1.0,
            0.0
          ],
          [
            -0.794793,
            0.0,
            0.60688
          ],
          [
            -13887.6,
            63.6882,
            19530.9
          ]
        ],
        "unit_class": "dynBase_petrol_camp_square",
        "objLayer": 2,
        "props": {
          "army": 1,
          "active": false
        }
      },
      {
        "name": "bdt_t1_bomb_object_10",
        "tm": [
          [
            0.60688,
            0.0,
            0.794793
          ],
          [
            0.0,
            1.0,
            0.0
          ],
          [
            -0.794793,
            0.0,
            0.60688
          ],
          [
            -17502.4,
            340.772,
            19218.0
          ]
        ],
        "unit_class": "dynBase_petrol_camp_square",
        "objLayer": 2,
        "props": {
          "army": 1,
          "active": false
        }
      },
      {
        "name": "bdt_t2_bomb_object_05",
        "tm": [
          [
            0.466669,
            0.0,
            0.884431
          ],
          [
            0.0,
            1.0,
            0.0
          ],
          [
            -0.884431,
            0.0,
            0.466669
          ],
          [
            -28575.6,
            335.247,
            2380.17
          ]
        ],
        "unit_class": "dynBase_petrol_camp_square",
        "objLayer": 2,
        "props": {
          "army": 2,
          "active": false
        }
      },
      {
        "name": "bdt_t2_bomb_object_06",
        "tm": [
          [
            -0.00295317,
            0.0,
            0.999996
          ],
          [
            0.0,
            1.0,
            0.0
          ],
          [
            -0.999996,
            0.0,
            -0.00295317
          ],
          [
            -26354.9,
            186.084,
            -362.025
          ]
        ],
        "unit_class": "dynBase_military_base_square",
        "objLayer": 2,
        "props": {
          "army": 2,
          "active": false
        }
      },
      {
        "name": "bdt_t2_bomb_object_07",
        "tm": [
          [
            0.466669,
            0.0,
            0.884431
          ],
          [
            0.0,
            1.0,
            0.0
          ],
          [
            -0.884431,
            0.0,
            0.466669
          ],
          [
            -21391.2,
            31.9883,
            -793.002
          ]
        ],
        "unit_class": "dynBase_fuel_storage_square",
        "objLayer": 2,
        "props": {
          "army": 2,
          "active": false
        }
      },
      {
        "name": "bdt_t2_bomb_object_08",
        "tm": [
          [
            -0.105385,
            0.0,
            0.994434
          ],
          [
            0.0,
            1.0,
            0.0
          ],
          [
            -0.994434,
            0.0,
            -0.105385
          ],
          [
            -16690.3,
            7.08569,
            -6268.84
          ]
        ],
        "unit_class": "dynBase_ammunition_storage_square",
        "objLayer": 2,
        "props": {
          "army": 2,
          "active": false
        }
      },
      {
        "name": "bdt_t2_bomb_object_09",
        "tm": [
          [
            -0.105385,
            0.0,
            0.994434
          ],
          [
            0.0,
            1.0,
            0.0
          ],
          [
            -0.994434,
            0.0,
            -0.105385
          ],
          [
            -9159.64,
            35.1225,
            -4653.41
          ]
        ],
        "unit_class": "dynBase_field_camp_square",
        "objLayer": 2,
        "props": {
          "army": 2,
          "active": false
        }
      },
      {
        "name": "bdt_t2_bomb_object_10",
        "tm": [
          [
            -0.105385,
            0.0,
            0.994434
          ],
          [
            0.0,
            1.0,
            0.0
          ],
          [
            -0.994434,
            0.0,
            -0.105385
          ],
          [
            -16182.9,
            20.7866,
            -2795.34
          ]
        ],
        "unit_class": "dynBase_oil_storage_small_square",
        "objLayer": 2,
        "props": {
          "army": 2,
          "active": false
        }
      }
    ]
  },
  "areas": {
    "bdt_t2_bomb_zone_01": {
      "type": "Sphere",
      "tm": [
        [
          400.306,
          0.0,
          205.566
        ],
        [
          0.0,
          450.0,
          0.0
        ],
        [
          -205.566,
          0.0,
          400.306
        ],
        [
          -24733.6,
          142.619,
          2622.04
        ]
      ],
      "objLayer": 0,
      "props": {}
    },
    "bdt_t2_bomb_zone_02": {
      "type": "Sphere",
      "tm": [
        [
          375.036,
          0.0,
          248.694
        ],
        [
          0.0,
          450.0,
          0.0
        ],
        [
          -248.694,
          0.0,
          375.036
        ],
        [
          -10357.5,
          29.3125,
          -1889.27
        ]
      ],
      "objLayer": 0,
      "props": {}
    },
    "bdt_t2_bomb_zone_03": {
      "type": "Sphere",
      "tm": [
        [
          -47.421,
          0.0,
          447.493
        ],
        [
          0.0,
          450.0,
          0.0
        ],
        [
          -447.493,
          0.0,
          -47.421
        ],
        [
          -12543.2,
          30.1808,
          -5922.12
        ]
      ],
      "objLayer": 0,
      "props": {}
    },
    "bdt_t1_bomb_zone_01": {
      "type": "Sphere",
      "tm": [
        [
          273.097,
          0.0,
          357.655
        ],
        [
          0.0,
          450.0,
          0.0
        ],
        [
          -357.655,
          0.0,
          273.097
        ],
        [
          -13162.4,
          73.3881,
          22484.2
        ]
      ],
      "objLayer": 0,
      "props": {}
    },
    "bdt_t1_bomb_zone_02": {
      "type": "Sphere",
      "tm": [
        [
          57.6792,
          0.0,
          446.287
        ],
        [
          0.0,
          450.0,
          0.0
        ],
        [
          -446.287,
          0.0,
          57.6792
        ],
        [
          -18584.2,
          694.832,
          22657.5
        ]
      ],
      "objLayer": 0,
      "props": {}
    },
    "bdt_t1_bomb_zone_03": {
      "type": "Sphere",
      "tm": [
        [
          87.6505,
          0.0,
          441.381
        ],
        [
          0.0,
          450.0,
          0.0
        ],
        [
          -441.381,
          0.0,
          87.6505
        ],
        [
          -9113.63,
          26.1448,
          17712.5
        ]
      ],
      "objLayer": 0,
      "props": {}
    },
    "bdt_t2_bomb_zone_04": {
      "type": "Sphere",
      "tm": [
        [
          210.002,
          0.0,
          397.992
        ],
        [
          0.0,
          450.0,
          0.0
        ],
        [
          -397.992,
          0.0,
          210.002
        ],
        [
          -23221.5,
          70.798,
          -3203.25
        ]
      ],
      "objLayer": 0,
      "props": {}
    },
    "bdt_t1_bomb_zone_04": {
      "type": "Sphere",
      "tm": [
        [
          87.6505,
          0.0,
          441.381
        ],
        [
          0.0,
          450.0,
          0.0
        ],
        [
          -441.381,
          0.0,
          87.6505
        ],
        [
          -3778.96,
          32.2162,
          17230.8
        ]
      ],
      "objLayer": 0,
      "props": {}
    },
    "bdt_t2_bomb_zone_01_aaa_point_01": {
      "type": "Point",
      "tm": [
        [
          0.482643,
          0.0,
          0.875816
        ],
        [
          0.0,
          1.0,
          0.0
        ],
        [
          -0.875816,
          0.0,
          0.482643
        ],
        [
          -24524.7,
          55.3387,
          2537.45
        ]
      ],
      "objLayer": 0,
      "props": {}
    },
    "bdt_t2_bomb_zone_01_aaa_point_02": {
      "type": "Point",
      "tm": [
        [
          0.482643,
          0.0,
          0.875816
        ],
        [
          0.0,
          1.0,
          0.0
        ],
        [
          -0.875816,
          0.0,
          0.482643
        ],
        [
          -25025.9,
          250.329,
          2626.75
        ]
      ],
      "objLayer": 0,
      "props": {}
    },
    "bdt_t2_bomb_zone_01_aaa_point_03": {
      "type": "Point",
      "tm": [
        [
          0.482643,
          0.0,
          0.875816
        ],
        [
          0.0,
          1.0,
          0.0
        ],
        [
          -0.875816,
          0.0,
          0.482643
        ],
        [
          -24975.6,
          235.499,
          2734.68
        ]
      ],
      "objLayer": 0,
      "props": {}
    },
    "bdt_t2_bomb_zone_01_aaa_point_04": {
      "type": "Point",
      "tm": [
        [
          0.482643,
          0.0,
          0.875816
        ],
        [
          0.0,
          1.0,
          0.0
        ],
        [
          -0.875816,
          0.0,
          0.482643
        ],
        [
          -24810.5,
          56.6987,
          3083.0
        ]
      ],
      "objLayer": 0,
      "props": {}
    },
    "bdt_t2_bomb_zone_02_aaa_point_01": {
      "type": "Point",
      "tm": [
        [
          0.38253,
          0.0,
          0.923942
        ],
        [
          0.0,
          1.0,
          0.0
        ],
        [
          -0.923942,
          0.0,
          0.38253
        ],
        [
          -10295.6,
          26.6726,
          -2129.96
        ]
      ],
      "objLayer": 0,
      "props": {}
    },
    "bdt_t2_bomb_zone_02_aaa_point_02": {
      "type": "Point",
      "tm": [
        [
          0.38253,
          0.0,
          0.923942
        ],
        [
          0.0,
          1.0,
          0.0
        ],
        [
          -0.923942,
          0.0,
          0.38253
        ],
        [
          -10629.0,
          28.5127,
          -1706.4
        ]
      ],
      "objLayer": 0,
      "props": {}
    },
    "bdt_t2_bomb_zone_02_aaa_point_03": {
      "type": "Point",
      "tm": [
        [
          0.38253,
          0.0,
          0.923942
        ],
        [
          0.0,
          1.0,
          0.0
        ],
        [
          -0.923942,
          0.0,
          0.38253
        ],
        [
          -10557.2,
          12.6626,
          -2084.98
        ]
      ],
      "objLayer": 0,
      "props": {}
    },
    "bdt_t2_bomb_zone_02_aaa_point_04": {
      "type": "Point",
      "tm": [
        [
          0.38253,
          0.0,
          0.923942
        ],
        [
          0.0,
          1.0,
          0.0
        ],
        [
          -0.923942,
          0.0,
          0.38253
        ],
        [
          -10235.0,
          26.6025,
          -1695.36
        ]
      ],
      "objLayer": 0,
      "props": {}
    },
    "bdt_t2_bomb_zone_03_aaa_point_01": {
      "type": "Point",
      "tm": [
        [
          0.38253,
          0.0,
          0.923942
        ],
        [
          0.0,
          1.0,
          0.0
        ],
        [
          -0.923942,
          0.0,
          0.38253
        ],
        [
          -12252.9,
          32.9809,
          -5989.29
        ]
      ],
      "objLayer": 0,
      "props": {}
    },
    "bdt_t2_bomb_zone_03_aaa_point_02": {
      "type": "Point",
      "tm": [
        [
          0.38253,
          0.0,
          0.923942
        ],
        [
          0.0,
          1.0,
          0.0
        ],
        [
          -0.923942,
          0.0,
          0.38253
        ],
        [
          -12751.4,
          26.9208,
          -5716.5
        ]
      ],
      "objLayer": 0,
      "props": {}
    },
    "bdt_t2_bomb_zone_03_aaa_point_03": {
      "type": "Point",
      "tm": [
        [
          0.38253,
          0.0,
          0.923942
        ],
        [
          0.0,
          1.0,
          0.0
        ],
        [
          -0.923942,
          0.0,
          0.38253
        ],
        [
          -12852.1,
          27.311,
          -6006.87
        ]
      ],
      "objLayer": 0,
      "props": {}
    },
    "bdt_t2_bomb_zone_03_aaa_point_04": {
      "type": "Point",
      "tm": [
        [
          0.38253,
          0.0,
          0.923942
        ],
        [
          0.0,
          1.0,
          0.0
        ],
        [
          -0.923942,
          0.0,
          0.38253
        ],
        [
          -12385.1,
          32.841,
          -6176.99
        ]
      ],
      "objLayer": 0,
      "props": {}
    },
    "bdt_t2_bomb_zone_04_aaa_point_01": {
      "type": "Point",
      "tm": [
        [
          0.482643,
          0.0,
          0.875816
        ],
        [
          0.0,
          1.0,
          0.0
        ],
        [
          -0.875816,
          0.0,
          0.482643
        ],
        [
          -23308.0,
          130.478,
          -2882.4
        ]
      ],
      "objLayer": 0,
      "props": {}
    },
    "bdt_t2_bomb_zone_04_aaa_point_02": {
      "type": "Point",
      "tm": [
        [
          0.482643,
          0.0,
          0.875816
        ],
        [
          0.0,
          1.0,
          0.0
        ],
        [
          -0.875816,
          0.0,
          0.482643
        ],
        [
          -23509.8,
          130.638,
          -3293.34
        ]
      ],
      "objLayer": 0,
      "props": {}
    },
    "bdt_t2_bomb_zone_04_aaa_point_03": {
      "type": "Point",
      "tm": [
        [
          0.482643,
          0.0,
          0.875816
        ],
        [
          0.0,
          1.0,
          0.0
        ],
        [
          -0.875816,
          0.0,
          0.482643
        ],
        [
          -22955.2,
          -61.582,
          -3215.77
        ]
      ],
      "objLayer": 0,
      "props": {}
    },
    "bdt_t2_bomb_zone_04_aaa_point_04": {
      "type": "Point",
      "tm": [
        [
          0.482643,
          0.0,
          0.875816
        ],
        [
          0.0,
          1.0,
          0.0
        ],
        [
          -0.875816,
          0.0,
          0.482643
        ],
        [
          -23095.7,
          -2.83197,
          -3415.76
        ]
      ],
      "objLayer": 0,
      "props": {}
    },
    "bdt_t1_bomb_zone_01_aaa_point_01": {
      "type": "Point",
      "tm": [
        [
          0.0593759,
          0.0,
          0.998234
        ],
        [
          0.0,
          1.0,
          0.0
        ],
        [
          -0.998234,
          0.0,
          0.0593759
        ],
        [
          -13156.2,
          -107.572,
          22738.8
        ]
      ],
      "objLayer": 0,
      "props": {}
    },
    "bdt_t1_bomb_zone_01_aaa_point_02": {
      "type": "Point",
      "tm": [
        [
          0.0593759,
          0.0,
          0.998234
        ],
        [
          0.0,
          1.0,
          0.0
        ],
        [
          -0.998234,
          0.0,
          0.0593759
        ],
        [
          -13237.9,
          51.6781,
          22242.4
        ]
      ],
      "objLayer": 0,
      "props": {}
    },
    "bdt_t1_bomb_zone_01_aaa_point_03": {
      "type": "Point",
      "tm": [
        [
          0.0593759,
          0.0,
          0.998234
        ],
        [
          0.0,
          1.0,
          0.0
        ],
        [
          -0.998234,
          0.0,
          0.0593759
        ],
        [
          -12933.0,
          210.138,
          22441.3
        ]
      ],
      "objLayer": 0,
      "props": {}
    },
    "bdt_t1_bomb_zone_01_aaa_point_04": {
      "type": "Point",
      "tm": [
        [
          0.0593759,
          0.0,
          0.998234
        ],
        [
          0.0,
          1.0,
          0.0
        ],
        [
          -0.998234,
          0.0,
          0.0593759
        ],
        [
          -13065.8,
          147.818,
          22255.4
        ]
      ],
      "objLayer": 0,
      "props": {}
    },
    "bdt_t1_bomb_zone_02_aaa_point_01": {
      "type": "Point",
      "tm": [
        [
          0.0593759,
          0.0,
          0.998234
        ],
        [
          0.0,
          1.0,
          0.0
        ],
        [
          -0.998234,
          0.0,
          0.0593759
        ],
        [
          -18753.6,
          696.792,
          22868.3
        ]
      ],
      "objLayer": 0,
      "props": {}
    },
    "bdt_t1_bomb_zone_02_aaa_point_02": {
      "type": "Point",
      "tm": [
        [
          0.0593759,
          0.0,
          0.998234
        ],
        [
          0.0,
          1.0,
          0.0
        ],
        [
          -0.998234,
          0.0,
          0.0593759
        ],
        [
          -18841.8,
          695.162,
          22591.7
        ]
      ],
      "objLayer": 0,
      "props": {}
    },
    "bdt_t1_bomb_zone_02_aaa_point_03": {
      "type": "Point",
      "tm": [
        [
          0.0593759,
          0.0,
          0.998234
        ],
        [
          0.0,
          1.0,
          0.0
        ],
        [
          -0.998234,
          0.0,
          0.0593759
        ],
        [
          -18142.9,
          591.292,
          22567.0
        ]
      ],
      "objLayer": 0,
      "props": {}
    },
    "bdt_t1_bomb_zone_02_aaa_point_04": {
      "type": "Point",
      "tm": [
        [
          0.0593759,
          0.0,
          0.998234
        ],
        [
          0.0,
          1.0,
          0.0
        ],
        [
          -0.998234,
          0.0,
          0.0593759
        ],
        [
          -18639.9,
          555.422,
          22333.2
        ]
      ],
      "objLayer": 0,
      "props": {}
    },
    "bdt_t1_bomb_zone_03_aaa_point_01": {
      "type": "Point",
      "tm": [
        [
          0.169723,
          0.0,
          0.985492
        ],
        [
          0.0,
          1.0,
          0.0
        ],
        [
          -0.985492,
          0.0,
          0.169723
        ],
        [
          -8919.47,
          178.805,
          17473.8
        ]
      ],
      "objLayer": 0,
      "props": {}
    },
    "bdt_t1_bomb_zone_03_aaa_point_02": {
      "type": "Point",
      "tm": [
        [
          0.169723,
          0.0,
          0.985492
        ],
        [
          0.0,
          1.0,
          0.0
        ],
        [
          -0.985492,
          0.0,
          0.169723
        ],
        [
          -9277.6,
          23.1948,
          17890.6
        ]
      ],
      "objLayer": 0,
      "props": {}
    },
    "bdt_t1_bomb_zone_03_aaa_point_03": {
      "type": "Point",
      "tm": [
        [
          0.169723,
          0.0,
          0.985492
        ],
        [
          0.0,
          1.0,
          0.0
        ],
        [
          -0.985492,
          0.0,
          0.169723
        ],
        [
          -9389.49,
          29.9648,
          17634.2
        ]
      ],
      "objLayer": 0,
      "props": {}
    },
    "bdt_t1_bomb_zone_03_aaa_point_04": {
      "type": "Point",
      "tm": [
        [
          0.169723,
          0.0,
          0.985492
        ],
        [
          0.0,
          1.0,
          0.0
        ],
        [
          -0.985492,
          0.0,
          0.169723
        ],
        [
          -8905.44,
          27.7548,
          17869.7
        ]
      ],
      "objLayer": 0,
      "props": {}
    },
    "bdt_t1_bomb_zone_04_aaa_point_01": {
      "type": "Point",
      "tm": [
        [
          0.169723,
          0.0,
          0.985492
        ],
        [
          0.0,
          1.0,
          0.0
        ],
        [
          -0.985492,
          0.0,
          0.169723
        ],
        [
          -3598.14,
          -27.8439,
          17490.9
        ]
      ],
      "objLayer": 0,
      "props": {}
    },
    "bdt_t1_bomb_zone_04_aaa_point_02": {
      "type": "Point",
      "tm": [
        [
          0.169723,
          0.0,
          0.985492
        ],
        [
          0.0,
          1.0,
          0.0
        ],
        [
          -0.985492,
          0.0,
          0.169723
        ],
        [
          -3915.73,
          -143.754,
          17443.4
        ]
      ],
      "objLayer": 0,
      "props": {}
    },
    "bdt_t1_bomb_zone_04_aaa_point_03": {
      "type": "Point",
      "tm": [
        [
          0.169723,
          0.0,
          0.985492
        ],
        [
          0.0,
          1.0,
          0.0
        ],
        [
          -0.985492,
          0.0,
          0.169723
        ],
        [
          -3493.31,
          122.276,
          17175.5
        ]
      ],
      "objLayer": 0,
      "props": {}
    },
    "bdt_t1_bomb_zone_04_aaa_point_04": {
      "type": "Point",
      "tm": [
        [
          0.169723,
          0.0,
          0.985492
        ],
        [
          0.0,
          1.0,
          0.0
        ],
        [
          -0.985492,
          0.0,
          0.169723
        ],
        [
          -4073.79,
          -62.8738,
          17123.0
        ]
      ],
      "objLayer": 0,
      "props": {}
    },
    "bdt_t1_bomb_zone_05": {
      "type": "Sphere",
      "tm": [
        [
          87.6505,
          0.0,
          441.381
        ],
        [
          0.0,
          450.0,
          0.0
        ],
        [
          -441.381,
          0.0,
          87.6505
        ],
        [
          -1505.1,
          60.8584,
          13645.5
        ]
      ],
      "objLayer": 0,
      "props": {}
    },
    "bdt_t1_bomb_zone_06": {
      "type": "Sphere",
      "tm": [
        [
          87.6505,
          0.0,
          441.381
        ],
        [
          0.0,
          450.0,
          0.0
        ],
        [
          -441.381,
          0.0,
          87.6505
        ],
        [
          -7008.77,
          40.1148,
          19943.5
        ]
      ],
      "objLayer": 0,
      "props": {}
    },
    "bdt_t1_bomb_zone_07": {
      "type": "Sphere",
      "tm": [
        [
          87.6505,
          0.0,
          441.381
        ],
        [
          0.0,
          450.0,
          0.0
        ],
        [
          -441.381,
          0.0,
          87.6505
        ],
        [
          -5513.44,
          49.5135,
          14057.3
        ]
      ],
      "objLayer": 0,
      "props": {}
    },
    "bdt_t1_bomb_zone_08": {
      "type": "Sphere",
      "tm": [
        [
          273.097,
          0.0,
          357.655
        ],
        [
          0.0,
          450.0,
          0.0
        ],
        [
          -357.655,
          0.0,
          273.097
        ],
        [
          -21966.8,
          1129.35,
          22120.8
        ]
      ],
      "objLayer": 0,
      "props": {}
    },
    "bdt_t1_bomb_zone_09": {
      "type": "Sphere",
      "tm": [
        [
          273.097,
          0.0,
          357.655
        ],
        [
          0.0,
          450.0,
          0.0
        ],
        [
          -357.655,
          0.0,
          273.097
        ],
        [
          -13882.6,
          65.7482,
          19542.3
        ]
      ],
      "objLayer": 0,
      "props": {}
    },
    "bdt_t1_bomb_zone_10": {
      "type": "Sphere",
      "tm": [
        [
          273.097,
          0.0,
          357.655
        ],
        [
          0.0,
          450.0,
          0.0
        ],
        [
          -357.655,
          0.0,
          273.097
        ],
        [
          -17497.3,
          341.002,
          19229.5
        ]
      ],
      "objLayer": 0,
      "props": {}
    },
    "bdt_t1_bomb_zone_05_aaa_point_01": {
      "type": "Point",
      "tm": [
        [
          0.169723,
          0.0,
          0.985492
        ],
        [
          0.0,
          1.0,
          0.0
        ],
        [
          -0.985492,
          0.0,
          0.169723
        ],
        [
          -1573.89,
          61.1184,
          13380.2
        ]
      ],
      "objLayer": 0,
      "props": {}
    },
    "bdt_t1_bomb_zone_05_aaa_point_02": {
      "type": "Point",
      "tm": [
        [
          0.169723,
          0.0,
          0.985492
        ],
        [
          0.0,
          1.0,
          0.0
        ],
        [
          -0.985492,
          0.0,
          0.169723
        ],
        [
          -1435.46,
          60.2185,
          13506.5
        ]
      ],
      "objLayer": 0,
      "props": {}
    },
    "bdt_t1_bomb_zone_05_aaa_point_03": {
      "type": "Point",
      "tm": [
        [
          0.169723,
          0.0,
          0.985492
        ],
        [
          0.0,
          1.0,
          0.0
        ],
        [
          -0.985492,
          0.0,
          0.169723
        ],
        [
          -1422.26,
          61.4285,
          13921.1
        ]
      ],
      "objLayer": 0,
      "props": {}
    },
    "bdt_t1_bomb_zone_05_aaa_point_04": {
      "type": "Point",
      "tm": [
        [
          0.169723,
          0.0,
          0.985492
        ],
        [
          0.0,
          1.0,
          0.0
        ],
        [
          -0.985492,
          0.0,
          0.169723
        ],
        [
          -1653.5,
          26.1085,
          13880.0
        ]
      ],
      "objLayer": 0,
      "props": {}
    },
    "bdt_t1_bomb_zone_06_aaa_point_01": {
      "type": "Point",
      "tm": [
        [
          0.169723,
          0.0,
          0.985492
        ],
        [
          0.0,
          1.0,
          0.0
        ],
        [
          -0.985492,
          0.0,
          0.169723
        ],
        [
          -6758.15,
          -2.38519,
          19717.7
        ]
      ],
      "objLayer": 0,
      "props": {}
    },
    "bdt_t1_bomb_zone_06_aaa_point_02": {
      "type": "Point",
      "tm": [
        [
          0.169723,
          0.0,
          0.985492
        ],
        [
          0.0,
          1.0,
          0.0
        ],
        [
          -0.985492,
          0.0,
          0.169723
        ],
        [
          -7002.25,
          34.4248,
          19619.0
        ]
      ],
      "objLayer": 0,
      "props": {}
    },
    "bdt_t1_bomb_zone_06_aaa_point_03": {
      "type": "Point",
      "tm": [
        [
          0.169723,
          0.0,
          0.985492
        ],
        [
          0.0,
          1.0,
          0.0
        ],
        [
          -0.985492,
          0.0,
          0.169723
        ],
        [
          -7311.39,
          -48.8152,
          20005.9
        ]
      ],
      "objLayer": 0,
      "props": {}
    },
    "bdt_t1_bomb_zone_06_aaa_point_04": {
      "type": "Point",
      "tm": [
        [
          0.169723,
          0.0,
          0.985492
        ],
        [
          0.0,
          1.0,
          0.0
        ],
        [
          -0.985492,
          0.0,
          0.169723
        ],
        [
          -6834.63,
          99.0648,
          20185.1
        ]
      ],
      "objLayer": 0,
      "props": {}
    },
    "bdt_t1_bomb_zone_07_aaa_point_01": {
      "type": "Point",
      "tm": [
        [
          0.169723,
          0.0,
          0.985492
        ],
        [
          0.0,
          1.0,
          0.0
        ],
        [
          -0.985492,
          0.0,
          0.169723
        ],
        [
          -5745.87,
          22.3035,
          14249.0
        ]
      ],
      "objLayer": 0,
      "props": {}
    },
    "bdt_t1_bomb_zone_07_aaa_point_02": {
      "type": "Point",
      "tm": [
        [
          0.169723,
          0.0,
          0.985492
        ],
        [
          0.0,
          1.0,
          0.0
        ],
        [
          -0.985492,
          0.0,
          0.169723
        ],
        [
          -5247.28,
          52.4925,
          13831.8
        ]
      ],
      "objLayer": 0,
      "props": {}
    },
    "bdt_t1_bomb_zone_07_aaa_point_03": {
      "type": "Point",
      "tm": [
        [
          0.169723,
          0.0,
          0.985492
        ],
        [
          0.0,
          1.0,
          0.0
        ],
        [
          -0.985492,
          0.0,
          0.169723
        ],
        [
          -5309.21,
          197.222,
          14324.1
        ]
      ],
      "objLayer": 0,
      "props": {}
    },
    "bdt_t1_bomb_zone_07_aaa_point_04": {
      "type": "Point",
      "tm": [
        [
          0.169723,
          0.0,
          0.985492
        ],
        [
          0.0,
          1.0,
          0.0
        ],
        [
          -0.985492,
          0.0,
          0.169723
        ],
        [
          -5893.56,
          42.4655,
          13927.6
        ]
      ],
      "objLayer": 0,
      "props": {}
    },
    "bdt_t1_bomb_zone_08_aaa_point_01": {
      "type": "Point",
      "tm": [
        [
          0.0593759,
          0.0,
          0.998234
        ],
        [
          0.0,
          1.0,
          0.0
        ],
        [
          -0.998234,
          0.0,
          0.0593759
        ],
        [
          -22271.7,
          1072.17,
          22061.3
        ]
      ],
      "objLayer": 0,
      "props": {}
    },
    "bdt_t1_bomb_zone_08_aaa_point_02": {
      "type": "Point",
      "tm": [
        [
          0.0593759,
          0.0,
          0.998234
        ],
        [
          0.0,
          1.0,
          0.0
        ],
        [
          -0.998234,
          0.0,
          0.0593759
        ],
        [
          -21870.6,
          1144.26,
          21830.3
        ]
      ],
      "objLayer": 0,
      "props": {}
    },
    "bdt_t1_bomb_zone_08_aaa_point_03": {
      "type": "Point",
      "tm": [
        [
          0.0593759,
          0.0,
          0.998234
        ],
        [
          0.0,
          1.0,
          0.0
        ],
        [
          -0.998234,
          0.0,
          0.0593759
        ],
        [
          -21611.2,
          1174.03,
          22160.9
        ]
      ],
      "objLayer": 0,
      "props": {}
    },
    "bdt_t1_bomb_zone_08_aaa_point_04": {
      "type": "Point",
      "tm": [
        [
          0.0593759,
          0.0,
          0.998234
        ],
        [
          0.0,
          1.0,
          0.0
        ],
        [
          -0.998234,
          0.0,
          0.0593759
        ],
        [
          -21956.4,
          1086.37,
          22392.7
        ]
      ],
      "objLayer": 0,
      "props": {}
    },
    "bdt_t1_bomb_zone_09_aaa_point_01": {
      "type": "Point",
      "tm": [
        [
          0.0593759,
          0.0,
          0.998234
        ],
        [
          0.0,
          1.0,
          0.0
        ],
        [
          -0.998234,
          0.0,
          0.0593759
        ],
        [
          -13992.2,
          -11.4918,
          19108.0
        ]
      ],
      "objLayer": 0,
      "props": {}
    },
    "bdt_t1_bomb_zone_09_aaa_point_02": {
      "type": "Point",
      "tm": [
        [
          0.0593759,
          0.0,
          0.998234
        ],
        [
          0.0,
          1.0,
          0.0
        ],
        [
          -0.998234,
          0.0,
          0.0593759
        ],
        [
          -13542.6,
          -75.8618,
          19312.6
        ]
      ],
      "objLayer": 0,
      "props": {}
    },
    "bdt_t1_bomb_zone_09_aaa_point_03": {
      "type": "Point",
      "tm": [
        [
          0.0593759,
          0.0,
          0.998234
        ],
        [
          0.0,
          1.0,
          0.0
        ],
        [
          -0.998234,
          0.0,
          0.0593759
        ],
        [
          -14378.9,
          99.3482,
          19506.1
        ]
      ],
      "objLayer": 0,
      "props": {}
    },
    "bdt_t1_bomb_zone_09_aaa_point_04": {
      "type": "Point",
      "tm": [
        [
          0.0593759,
          0.0,
          0.998234
        ],
        [
          0.0,
          1.0,
          0.0
        ],
        [
          -0.998234,
          0.0,
          0.0593759
        ],
        [
