{
  "selected_tag": "",
  "bin_dump_file": "",
  "mission_settings": {
    "player": {
      "army": 1,
      "wing": "armada_01"
    },
    "player_teamB": {
      "army": 2
    },
    "mission": {
      "level": "levels/bulge.bin",
      "type": "singleMission",
      "environment": "Day",
      "weather": "hazy",
      "optionalTakeOff": false
    }
  },
  "imports": {},
  "triggers": {
    "isCategory": true,
    "is_enabled": true,
    "fields_high_start": {
      "is_enabled": true,
      "comments": "",
      "props": {
        "actionsType": "PERFORM_ONE_BY_ONE",
        "conditionsType": "ALL",
        "enableAfterComplete": false
      },
      "events": {
        "initMission": {}
      },
      "conditions": {},
      "actions": {
        "varSetInt": [
          {
            "value": 0,
            "var": [
              "ft_t1_max_near_airfields_count",
              "ft_t2_max_near_airfields_count"
            ]
          },
          {
            "value": 3,
            "var": [
              "ft_t1_max_mid_airfields_count",
              "ft_t2_max_mid_airfields_count"
            ]
          },
          {
            "value": 2,
            "var": [
              "ft_t1_max_far_airfields_count",
              "ft_t2_max_far_airfields_count"
            ]
          }
        ],
        "comment": {
          "value": ""
        },
        "varSetReal": {
          "value": 15000.0,
          "var": "ft_generate_distance_between"
        }
      },
      "else_actions": {}
    }
  },
  "mission_objectives": {
    "isCategory": true,
    "is_enabled": true
  },
  "variables": {},
  "dialogs": {},
  "airfields": {},
  "effects": {},
  "units": {
    "objectGroups": [
      {
        "name": "ft_t1_airfield_01_01",
        "tm": [
          [
            -0.995085,
            0.0,
            0.099021
          ],
          [
            0.0,
            1.0,
            0.0
          ],
          [
            -0.099021,
            0.0,
            -0.995085
          ],
          [
            -28091.5,
            229.302,
            27501.4
          ]
        ],
        "unit_class": "dynaf_universal_1line_a",
        "objLayer": 2,
        "props": {
          "army": 1,
          "active": false
        }
      },
      {
        "name": "ft_t1_airfield_01_03",
        "tm": [
          [
            -0.957094,
            0.0,
            -0.289778
          ],
          [
            0.0,
            1.0,
            0.0
          ],
          [
            0.289778,
            0.0,
            -0.957094
          ],
          [
            -28637.0,
            160.936,
            -28867.2
          ]
        ],
        "unit_class": "dynaf_universal_1line_a",
        "objLayer": 2,
        "props": {
          "army": 1,
          "active": false
        }
      },
      {
        "name": "ft_t1_airfield_02_01",
        "tm": [
          [
            -0.999406,
            0.0,
            0.0344639
          ],
          [
            0.0,
            1.0,
            0.0
          ],
          [
            -0.0344639,
            0.0,
            -0.999406
          ],
          [
            -20808.4,
            329.726,
            3133.34
          ]
        ],
        "unit_class": "dynaf_universal_1line_a",
        "objLayer": 2,
        "props": {
          "army": 1,
          "active": false
        }
      },
      {
        "name": "ft_t1_airfield_02_02",
        "tm": [
          [
            -0.984807,
            0.0,
            -0.173648
          ],
          [
            0.0,
            1.0,
            0.0
          ],
          [
            0.173648,
            0.0,
            -0.984807
          ],
          [
            -20707.3,
            241.5,
            25444.1
          ]
        ],
        "unit_class": "dynaf_universal_1line_a",
        "objLayer": 2,
        "props": {
          "army": 1,
          "active": false
        }
      },
      {
        "name": "ft_t1_airfield_03_01",
        "tm": [
          [
            -0.996195,
            0.0,
            0.087155
          ],
          [
            0.0,
            1.0,
            0.0
          ],
          [
            -0.087155,
            0.0,
            -0.996195
          ],
          [
            -13774.1,
            226.299,
            22901.1
          ]
        ],
        "unit_class": "dynaf_universal_1line_a",
        "objLayer": 2,
        "props": {
          "army": 1,
          "active": false
        }
      },
      {
        "name": "ft_t1_airfield_03_02",
        "tm": [
          [
            -0.974307,
            0.0,
            -0.225224
          ],
          [
            0.0,
            1.0,
            0.0
          ],
          [
            0.225224,
            0.0,
            -0.974307
          ],
          [
            -14155.1,
            275.901,
            -1643.88
          ]
        ],
        "unit_class": "dynaf_universal_1line_a",
        "objLayer": 2,
        "props": {
          "army": 1,
          "active": false
        }
      },
      {
        "name": "ft_t2_airfield_01_01",
        "tm": [
          [
            0.729669,
            0.0,
            -0.683801
          ],
          [
            0.0,
            1.0,
            0.0
          ],
          [
            0.683801,
            0.0,
            0.729669
          ],
          [
            28236.2,
            192.378,
            -29012.6
          ]
        ],
        "unit_class": "dynaf_universal_1line_c",
        "objLayer": 2,
        "props": {
          "army": 2,
          "active": false
        }
      },
      {
        "name": "ft_t2_airfield_01_02",
        "tm": [
          [
            0.997396,
            0.0,
            0.0721287
          ],
          [
            0.0,
            1.0,
            0.0
          ],
          [
            -0.0721287,
            0.0,
            0.997396
          ],
          [
            28386.5,
            291.351,
            28353.9
          ]
        ],
        "unit_class": "dynaf_universal_1line_c",
        "objLayer": 2,
        "props": {
          "army": 2,
          "active": false
        }
      },
      {
        "name": "ft_t2_airfield_01_03",
        "tm": [
          [
            0.657926,
            0.0,
            0.753084
          ],
          [
            0.0,
            1.0,
            0.0
          ],
          [
            -0.753084,
            0.0,
            0.657926
          ],
          [
            30012.0,
            200.009,
            -8513.63
          ]
        ],
        "unit_class": "dynaf_universal_1line_c",
        "objLayer": 2,
        "props": {
          "army": 2,
          "active": false
        }
      },
      {
        "name": "ft_t2_airfield_02_01",
        "tm": [
          [
            0.991445,
            0.0,
            -0.130527
          ],
          [
            0.0,
            1.0,
            0.0
          ],
          [
            0.130527,
            0.0,
            0.991445
          ],
          [
            20863.8,
            292.0,
            -2928.26
          ]
        ],
        "unit_class": "dynaf_universal_1line_c",
        "objLayer": 2,
        "props": {
          "army": 2,
          "active": false
        }
      },
      {
        "name": "ft_t2_airfield_02_02",
        "tm": [
          [
            0.996131,
            0.0,
            -0.0878806
          ],
          [
            0.0,
            1.0,
            0.0
          ],
          [
            0.0878806,
            0.0,
            0.996131
          ],
          [
            19994.0,
            122.711,
            -27182.3
          ]
        ],
        "unit_class": "dynaf_universal_1line_c",
        "objLayer": 2,
        "props": {
          "army": 2,
          "active": false
        }
      },
      {
        "name": "ft_t2_airfield_03_01",
        "tm": [
          [
            0.957296,
            0.0,
            -0.28911
          ],
          [
            0.0,
            1.0,
            0.0
          ],
          [
            0.28911,
            0.0,
            0.957296
          ],
          [
            13651.7,
            153.562,
            -28900.5
          ]
        ],
        "unit_class": "dynaf_universal_1line_c",
        "objLayer": 2,
        "props": {
          "army": 2,
          "active": false
        }
      },
      {
        "name": "ft_t2_airfield_03_02",
        "tm": [
          [
            0.965925,
            0.0,
            -0.258819
          ],
          [
            0.0,
            1.0,
            0.0
          ],
          [
            0.232937,
            0.0,
            0.869332
          ],
          [
            13125.4,
            152.0,
            5301.07
          ]
        ],
        "unit_class": "dynaf_universal_1line_c",
        "objLayer": 2,
        "props": {
          "army": 2,
          "active": false
        }
      },
      {
        "name": "ft_t1_airfield_03_03",
        "tm": [
          [
            -0.995499,
            0.0,
            -0.0947748
          ],
          [
            0.0,
            1.0,
            0.0
          ],
          [
            0.0947748,
            0.0,
            -0.995499
          ],
          [
            -12704.3,
            136.842,
            -24314.8
          ]
        ],
        "unit_class": "dynaf_universal_1line_a",
        "objLayer": 2,
        "props": {
          "army": 1,
          "active": false
        }
      },
      {
        "name": "ft_t1_airfield_02_03",
        "tm": [
          [
            -0.991445,
            0.0,
            0.130526
          ],
          [
            0.0,
            1.0,
            0.0
          ],
          [
            -0.130526,
            0.0,
            -0.991445
          ],
          [
            -20904.6,
            223.599,
            -11053.1
          ]
        ],
        "unit_class": "dynaf_universal_1line_a",
        "objLayer": 2,
        "props": {
          "army": 1,
          "active": false
        }
      },
      {
        "name": "ft_t2_airfield_03_03",
        "tm": [
          [
            0.793353,
            0.0,
            0.608761
          ],
          [
            0.0,
            1.0,
            0.0
          ],
          [
            -0.608761,
            0.0,
            0.793353
          ],
          [
            12895.7,
            257.7,
            18108.2
          ]
        ],
        "unit_class": "dynaf_universal_1line_c",
        "objLayer": 2,
        "props": {
          "army": 2,
          "active": false
        }
      },
      {
        "name": "ft_t2_airfield_02_03",
        "tm": [
          [
            0.924833,
            0.0,
            0.380373
          ],
          [
            0.0,
            1.0,
            0.0
          ],
          [
            -0.380373,
            0.0,
            0.924833
          ],
          [
            19927.3,
            304.465,
            14682.8
          ]
        ],
        "unit_class": "dynaf_universal_1line_c",
        "objLayer": 2,
        "props": {
          "army": 2,
          "active": false
        }
      },
      {
        "name": "ft_t1_airfield_01_04",
        "tm": [
          [
            -0.996365,
            0.0,
            0.0851902
          ],
          [
            0.0,
            1.0,
            0.0
          ],
          [
            -0.0851902,
            0.0,
            -0.996365
          ],
          [
            -28482.9,
            293.795,
            6576.72
          ]
        ],
        "unit_class": "dynaf_universal_1line_a",
        "objLayer": 2,
        "props": {
          "army": 1,
          "active": false
        }
      },
      {
        "name": "ft_t1_airfield_01_02",
        "tm": [
          [
            -0.989389,
            0.0,
            0.145296
          ],
          [
            0.0,
            1.0,
            0.0
          ],
          [
            -0.145296,
            0.0,
            -0.989389
          ],
          [
            -28524.9,
            229.519,
            -5336.24
          ]
        ],
        "unit_class": "dynaf_universal_1line_a",
        "objLayer": 2,
        "props": {
          "army": 1,
          "active": false
        }
      },
      {
        "name": "ft_t1_airfield_02_04",
        "tm": [
          [
            -0.996809,
            0.0,
            -0.0798264
          ],
          [
            0.0,
            1.0,
            0.0
          ],
          [
            0.0798264,
            0.0,
            -0.996809
          ],
          [
            -20668.0,
            225.498,
            -25777.9
          ]
        ],
        "unit_class": "dynaf_universal_1line_a",
        "objLayer": 2,
        "props": {
          "army": 1,
          "active": false
        }
      },
      {
        "name": "ft_t1_airfield_02_05",
        "tm": [
          [
            -0.867959,
            0.0,
            -0.496636
          ],
          [
            0.0,
            1.0,
            0.0
          ],
          [
            0.496636,
            0.0,
            -0.867959
          ],
          [
            -21715.7,
            320.3,
            14531.5
          ]
        ],
        "unit_class": "dynaf_universal_1line_a",
        "objLayer": 2,
        "props": {
          "army": 1,
          "active": false
        }
      },
      {
        "name": "ft_t1_airfield_03_04",
        "tm": [
          [
            -0.996195,
            0.0,
            0.087155
          ],
          [
            0.0,
            1.0,
            0.0
          ],
          [
            -0.087155,
            0.0,
            -0.996195
          ],
          [
            -13236.5,
            294.801,
            10153.0
          ]
        ],
        "unit_class": "dynaf_universal_1line_a",
        "objLayer": 2,
        "props": {
          "army": 1,
          "active": false
        }
      },
      {
        "name": "ft_t1_airfield_03_05",
        "tm": [
          [
            -0.999902,
            0.0,
            -0.0140228
          ],
          [
            0.0,
            1.0,
            0.0
          ],
          [
            0.0140228,
            0.0,
            -0.999902
          ],
          [
            -14366.6,
            242.001,
            -11197.2
          ]
        ],
        "unit_class": "dynaf_universal_1line_a",
        "objLayer": 2,
        "props": {
          "army": 1,
          "active": false
        }
      },
      {
        "name": "ft_t2_airfield_01_04",
        "tm": [
          [
            0.946833,
            0.0,
            -0.321724
          ],
          [
            0.0,
            1.0,
            0.0
          ],
          [
            0.321724,
            0.0,
            0.946833
          ],
          [
            29178.8,
            308.697,
            8650.03
          ]
        ],
        "unit_class": "dynaf_universal_1line_c",
        "objLayer": 2,
        "props": {
          "army": 2,
          "active": false
        }
      },
      {
        "name": "ft_t2_airfield_02_04",
        "tm": [
          [
            0.979398,
            0.0,
            0.201936
          ],
          [
            0.0,
            1.0,
            0.0
          ],
          [
            -0.201936,
            0.0,
            0.979398
          ],
          [
            19963.6,
            292.009,
            28095.2
          ]
        ],
        "unit_class": "dynaf_universal_1line_c",
        "objLayer": 2,
        "props": {
          "army": 2,
          "active": false
        }
      },
      {
        "name": "ft_t2_airfield_02_05",
        "tm": [
          [
            0.999048,
            0.0,
            0.0436177
          ],
          [
            0.0,
            1.0,
            0.0
          ],
          [
            -0.0436177,
            0.0,
            0.999048
          ],
          [
            20801.0,
            175.299,
            -10876.3
          ]
        ],
        "unit_class": "dynaf_universal_1line_c",
        "objLayer": 2,
        "props": {
          "army": 2,
          "active": false
        }
      },
      {
        "name": "ft_t2_airfield_03_04",
        "tm": [
          [
            0.984995,
            0.0,
            -0.172586
          ],
          [
            0.0,
            1.0,
            0.0
          ],
          [
            0.172586,
            0.0,
            0.984995
          ],
          [
            12838.8,
            250.899,
            -9864.95
          ]
        ],
        "unit_class": "dynaf_universal_1line_c",
        "objLayer": 2,
        "props": {
          "army": 2,
          "active": false
        }
      },
      {
        "name": "ft_t2_airfield_03_05",
        "tm": [
          [
            0.960456,
            0.0,
            0.27843
          ],
          [
            0.0,
            1.0,
            0.0
          ],
          [
            -0.27843,
            0.0,
            0.960456
          ],
          [
            12480.5,
            233.693,
            29742.7
          ]
        ],
        "unit_class": "dynaf_universal_1line_c",
        "objLayer": 2,
        "props": {
          "army": 2,
          "active": false
        }
      }
    ],
    "squad": [
      {
        "name": "ft_t1_airfields_squad",
        "tm": [
          [
            1.0,
            0.0,
            0.0
          ],
          [
            0.0,
            1.0,
            0.0
          ],
          [
            0.0,
            0.0,
            1.0
          ],
          [
            -20324.4,
            3.85742,
            37370.0
          ]
        ],
        "props": {
          "squad_members": [
            "ft_t1_airfield_01_01",
            "ft_t1_airfield_01_02",
            "ft_t1_airfield_01_03",
            "ft_t1_airfield_01_04",
            "ft_t1_airfield_02_01",
            "ft_t1_airfield_02_02",
            "ft_t1_airfield_02_03",
            "ft_t1_airfield_02_04",
            "ft_t1_airfield_02_05",
            "ft_t1_airfield_03_01",
            "ft_t1_airfield_03_02",
            "ft_t1_airfield_03_03",
            "ft_t1_airfield_03_04",
            "ft_t1_airfield_03_05"
          ],
          "object_marking": 0
        }
      },
      {
        "name": "ft_t2_airfields_squad",
        "tm": [
          [
            -1.0,
            0.0,
            -1.19209E-07
          ],
          [
            0.0,
            1.0,
            0.0
          ],
          [
            1.19209E-07,
            0.0,
            -1.0
          ],
          [
            17390.8,
            140.355,
            39075.4
          ]
        ],
        "props": {
          "squad_members": [
            "ft_t2_airfield_01_01",
            "ft_t2_airfield_01_02",
            "ft_t2_airfield_01_03",
            "ft_t2_airfield_01_04",
            "ft_t2_airfield_02_01",
            "ft_t2_airfield_02_02",
            "ft_t2_airfield_02_03",
            "ft_t2_airfield_02_04",
            "ft_t2_airfield_02_05",
            "ft_t2_airfield_03_01",
            "ft_t2_airfield_03_02",
            "ft_t2_airfield_03_03",
            "ft_t2_airfield_03_04",
            "ft_t2_airfield_03_05"
          ],
          "object_marking": 0
        }
      }
    ]
  },
  "areas": {
    "ft_t2_airfield_01_01_bomb_zone": {
      "type": "Box",
      "tm": [
        [
          -2380.37,
          0.0,
          2138.66
        ],
        [
          0.0,
          450.0,
          0.0
        ],
        [
          -801.998,
          0.0,
          -892.644
        ],
        [
          28283.8,
          116.201,
          -29056.2
        ]
      ],
      "objLayer": 0,
      "props": {}
    },
    "ft_t2_airfield_01_02_bomb_zone": {
      "type": "Box",
      "tm": [
        [
          -3191.66,
          0.0,
          -230.813
        ],
        [
          0.0,
          450.0,
          0.0
        ],
        [
          86.5531,
          0.0,
          -1196.87
        ],
        [
          28424.3,
          231.332,
          28360.7
        ]
      ],
      "objLayer": 0,
      "props": {}
    },
    "ft_t2_airfield_01_03_bomb_zone": {
      "type": "Box",
      "tm": [
        [
          -2075.77,
          0.0,
          -2435.4
        ],
        [
          0.0,
          450.0,
          0.0
        ],
        [
          913.275,
          0.0,
          -778.415
        ],
        [
          29970.7,
          -5.51367,
          -8555.18
        ]
      ],
      "objLayer": 0,
      "props": {}
    },
    "ft_t2_airfield_02_01_bomb_zone": {
      "type": "Box",
      "tm": [
        [
          -3172.32,
          0.0,
          420.015
        ],
        [
          0.0,
          450.0,
          0.0
        ],
        [
          -157.51,
          0.0,
          -1189.62
        ],
        [
          20866.9,
          241.507,
          -2928.26
        ]
      ],
      "objLayer": 0,
      "props": {}
    },
    "ft_t2_airfield_02_02_bomb_zone": {
      "type": "Box",
      "tm": [
        [
          -3188.7,
          0.0,
          268.737
        ],
        [
          0.0,
          450.0,
          0.0
        ],
        [
          -100.779,
          0.0,
          -1195.76
        ],
        [
          20037.7,
          71.6792,
          -27189.3
        ]
      ],
      "objLayer": 0,
      "props": {}
    },
    "ft_t2_airfield_03_01_bomb_zone": {
      "type": "Box",
      "tm": [
        [
          -3074.26,
          0.0,
          888.195
        ],
        [
          0.0,
          450.0,
          0.0
        ],
        [
          -333.072,
          0.0,
          -1152.85
        ],
        [
          13589.8,
          61.8432,
          -28900.0
        ]
      ],
      "objLayer": 0,
      "props": {}
    },
    "ft_t2_airfield_03_02_bomb_zone": {
      "type": "Box",
      "tm": [
        [
          -3089.14,
          0.0,
          834.99
        ],
        [
          0.0,
          450.0,
          0.0
        ],
        [
          -313.121,
          0.0,
          -1158.43
        ],
        [
          13086.1,
          91.98,
          5302.96
        ]
      ],
      "objLayer": 0,
      "props": {}
    },
    "ft_t1_airfield_01_01_bomb_zone": {
      "type": "Box",
      "tm": [
        [
          -3184.27,
          0.0,
          316.866
        ],
        [
          0.0,
          450.0,
          0.0
        ],
        [
          -118.825,
          0.0,
          -1194.1
        ],
        [
          -28055.1,
          208.968,
          27453.1
        ]
      ],
      "objLayer": 0,
      "props": {}
    },
    "ft_t1_airfield_01_03_bomb_zone": {
      "type": "Box",
      "tm": [
        [
          -3050.75,
          0.0,
          -965.89
        ],
        [
          0.0,
          450.0,
          0.0
        ],
        [
          362.207,
          0.0,
          -1144.03
        ],
        [
          -28634.5,
          124.437,
          -28844.5
        ]
      ],
      "objLayer": 0,
      "props": {}
    },
    "ft_t1_airfield_02_01_bomb_zone": {
      "type": "Box",
      "tm": [
        [
          -3198.1,
          0.0,
          110.287
        ],
        [
          0.0,
          450.0,
          0.0
        ],
        [
          -41.3562,
          0.0,
          -1199.29
        ],
        [
          -20741.8,
          192.345,
          3136.45
        ]
      ],
      "objLayer": 0,
      "props": {}
    },
    "ft_t1_airfield_02_02_bomb_zone": {
      "type": "Box",
      "tm": [
        [
          -3124.15,
          0.0,
          -692.607
        ],
        [
          0.0,
          450.0,
          0.0
        ],
        [
          259.727,
          0.0,
          -1171.56
        ],
        [
          -20747.5,
          165.209,
          25410.0
        ]
      ],
      "objLayer": 0,
      "props": {}
    },
    "ft_t1_airfield_03_01_bomb_zone": {
      "type": "Box",
      "tm": [
        [
          -3187.82,
          0.0,
          278.897
        ],
        [
          0.0,
          450.0,
          0.0
        ],
        [
          -104.586,
          0.0,
          -1195.43
        ],
        [
          -13835.9,
          148.891,
          22890.5
        ]
      ],
      "objLayer": 0,
      "props": {}
    },
    "ft_t1_airfield_03_02_bomb_zone": {
      "type": "Box",
      "tm": [
        [
          -3117.56,
          0.0,
          -721.676
        ],
        [
          0.0,
          450.0,
          0.0
        ],
        [
          270.629,
          0.0,
          -1169.08
        ],
        [
          -14102.5,
          195.976,
          -1673.07
        ]
      ],
      "objLayer": 0,
      "props": {}
    },
    "ft_t1_airfield_01_01_spawn_01": {
      "type": "Point",
      "tm": [
        [
          -0.812258,
          0.0,
          0.583297
        ],
        [
          0.0,
          1.0,
          0.0
        ],
        [
          -0.583297,
          0.0,
          -0.812258
        ],
        [
          -29187.5,
          254.797,
          28119.0
        ]
      ],
      "objLayer": 0,
      "props": {}
    },
    "ft_t1_airfield_01_01_spawn_02": {
      "type": "Point",
      "tm": [
        [
          -0.812258,
          0.0,
          0.583297
        ],
        [
          0.0,
          1.0,
          0.0
        ],
        [
          -0.583297,
          0.0,
          -0.812258
        ],
        [
          -26870.3,
          244.906,
          28007.5
        ]
      ],
      "objLayer": 0,
      "props": {}
    },
    "ft_t1_airfield_01_01_spawn_03": {
      "type": "Point",
      "tm": [
        [
          -0.812258,
          0.0,
          0.583297
        ],
        [
          0.0,
          1.0,
          0.0
        ],
        [
          -0.583297,
          0.0,
          -0.812258
        ],
        [
          -27447.0,
          267.882,
          26918.7
        ]
      ],
      "objLayer": 0,
      "props": {}
    },
    "ft_t1_airfield_01_01_spawn_04": {
      "type": "Point",
      "tm": [
        [
          -0.812258,
          0.0,
          0.583297
        ],
        [
          0.0,
          1.0,
          0.0
        ],
        [
          -0.583297,
          0.0,
          -0.812258
        ],
        [
          -26466.4,
          280.142,
          26870.2
        ]
      ],
      "objLayer": 0,
      "props": {}
    },
    "ft_t1_airfield_01_01_spawn_05": {
      "type": "Point",
      "tm": [
        [
          -0.812258,
          0.0,
          0.583297
        ],
        [
          0.0,
          1.0,
          0.0
        ],
        [
          -0.583297,
          0.0,
          -0.812258
        ],
        [
          -27600.0,
          261.878,
          27978.8
        ]
      ],
      "objLayer": 0,
      "props": {}
    },
    "ft_t1_airfield_01_01_spawn_06": {
      "type": "Point",
      "tm": [
        [
          -0.812258,
          0.0,
          0.583297
        ],
        [
          0.0,
          1.0,
          0.0
        ],
        [
          -0.583297,
          0.0,
          -0.812258
        ],
        [
          -27005.1,
          263.52,
          26947.6
        ]
      ],
      "objLayer": 0,
      "props": {}
    },
    "ft_t1_airfield_01_01_spawn_07": {
      "type": "Point",
      "tm": [
        [
          -0.812258,
          0.0,
          0.583297
        ],
        [
          0.0,
          1.0,
          0.0
        ],
        [
          -0.583297,
          0.0,
          -0.812258
        ],
        [
          -27275.1,
          262.438,
          27973.5
        ]
      ],
      "objLayer": 0,
      "props": {}
    },
    "ft_t1_airfield_01_01_spawn_08": {
      "type": "Point",
      "tm": [
        [
          -0.812258,
          0.0,
          0.583297
        ],
        [
          0.0,
          1.0,
          0.0
        ],
        [
          -0.583297,
          0.0,
          -0.812258
        ],
        [
          -28107.9,
          255.929,
          28080.3
        ]
      ],
      "objLayer": 0,
      "props": {}
    },
    "ft_t1_airfield_01_01_spawn_09": {
      "type": "Point",
      "tm": [
        [
          -0.812258,
          0.0,
          0.583297
        ],
        [
          0.0,
          1.0,
          0.0
        ],
        [
          -0.583297,
          0.0,
          -0.812258
        ],
        [
          -27870.5,
          268.08,
          26964.6
        ]
      ],
      "objLayer": 0,
      "props": {}
    },
    "ft_t1_airfield_01_01_spawn_10": {
      "type": "Point",
      "tm": [
        [
          -0.812258,
          0.0,
          0.583297
        ],
        [
          0.0,
          1.0,
          0.0
        ],
        [
          -0.583297,
          0.0,
          -0.812258
        ],
        [
          -29011.9,
          278.461,
          27049.9
        ]
      ],
      "objLayer": 0,
      "props": {}
    },
    "ft_t1_airfield_01_01_spawn_11": {
      "type": "Point",
      "tm": [
        [
          -0.812258,
          0.0,
          0.583297
        ],
        [
          0.0,
          1.0,
          0.0
        ],
        [
          -0.583297,
          0.0,
          -0.812258
        ],
        [
          -27818.0,
          261.994,
          27986.3
        ]
      ],
      "objLayer": 0,
      "props": {}
    },
    "ft_t1_airfield_01_01_spawn_12": {
      "type": "Point",
      "tm": [
        [
          -0.812258,
          0.0,
          0.583297
        ],
        [
          0.0,
          1.0,
          0.0
        ],
        [
          -0.583297,
          0.0,
          -0.812258
        ],
        [
          -28265.6,
          267.424,
          26991.3
        ]
      ],
      "objLayer": 0,
      "props": {}
    },
    "ft_t1_airfield_01_01_spawn_13": {
      "type": "Point",
      "tm": [
        [
          -0.812258,
          0.0,
          0.583297
        ],
        [
          0.0,
          1.0,
          0.0
        ],
        [
          -0.583297,
          0.0,
          -0.812258
        ],
        [
          -29342.0,
          273.44,
          27087.2
        ]
      ],
      "objLayer": 0,
      "props": {}
    },
    "ft_t1_airfield_01_01_spawn_14": {
      "type": "Point",
      "tm": [
        [
          -0.812258,
          0.0,
          0.583297
        ],
        [
          0.0,
          1.0,
          0.0
        ],
        [
          -0.583297,
          0.0,
          -0.812258
        ],
        [
          -28637.5,
          264.184,
          27009.6
        ]
      ],
      "objLayer": 0,
      "props": {}
    },
    "ft_t1_airfield_01_03_spawn_01": {
      "type": "Point",
      "tm": [
        [
          -0.530683,
          0.0,
          -0.847571
        ],
        [
          0.0,
          1.0,
          0.0
        ],
        [
          0.847571,
          0.0,
          -0.530683
        ],
        [
          -29556.3,
          161.812,
          -30191.5
        ]
      ],
      "objLayer": 0,
      "props": {}
    },
    "ft_t1_airfield_01_03_spawn_02": {
      "type": "Point",
      "tm": [
        [
          -0.530683,
          0.0,
          -0.847571
        ],
        [
          0.0,
          1.0,
          0.0
        ],
        [
          0.847571,
          0.0,
          -0.530683
        ],
        [
          -28715.0,
          262.033,
          -28347.9
        ]
      ],
      "objLayer": 0,
      "props": {}
    },
    "ft_t1_airfield_01_03_spawn_03": {
      "type": "Point",
      "tm": [
        [
          -0.530683,
          0.0,
          -0.847571
        ],
        [
          0.0,
          1.0,
          0.0
        ],
        [
          0.847571,
          0.0,
          -0.530683
        ],
        [
          -28021.2,
          215.051,
          -28235.4
        ]
      ],
      "objLayer": 0,
      "props": {}
    },
    "ft_t1_airfield_01_03_spawn_04": {
      "type": "Point",
      "tm": [
        [
          -0.530683,
          0.0,
          -0.847571
        ],
        [
          0.0,
          1.0,
          0.0
        ],
        [
          0.847571,
          0.0,
          -0.530683
        ],
        [
          -27436.4,
          271.686,
          -29256.0
        ]
      ],
      "objLayer": 0,
      "props": {}
    },
    "ft_t1_airfield_01_03_spawn_05": {
      "type": "Point",
      "tm": [
        [
          -0.530683,
          0.0,
          -0.847571
        ],
        [
          0.0,
          1.0,
          0.0
        ],
        [
          0.847571,
          0.0,
          -0.530683
        ],
        [
          -28541.7,
          246.691,
          -29614.2
        ]
      ],
      "objLayer": 0,
      "props": {}
    },
    "ft_t1_airfield_01_03_spawn_06": {
      "type": "Point",
      "tm": [
        [
          -0.530683,
          0.0,
          -0.847571
        ],
        [
          0.0,
          1.0,
          0.0
        ],
        [
          0.847571,
          0.0,
          -0.530683
        ],
        [
          -27085.3,
          269.568,
          -29168.4
        ]
      ],
      "objLayer": 0,
      "props": {}
    },
    "ft_t1_airfield_01_03_spawn_07": {
      "type": "Point",
      "tm": [
        [
          -0.530683,
          0.0,
          -0.847571
        ],
        [
          0.0,
          1.0,
          0.0
        ],
        [
          0.847571,
          0.0,
          -0.530683
        ],
        [
          -30162.9,
          157.259,
          -28846.5
        ]
      ],
      "objLayer": 0,
      "props": {}
    },
    "ft_t1_airfield_01_03_spawn_08": {
      "type": "Point",
      "tm": [
        [
          -0.530683,
          0.0,
          -0.847571
        ],
        [
          0.0,
          1.0,
          0.0
        ],
        [
          0.847571,
          0.0,
          -0.530683
        ],
        [
          -29115.4,
          271.599,
          -28486.2
        ]
      ],
      "objLayer": 0,
      "props": {}
    },
    "ft_t1_airfield_01_03_spawn_09": {
      "type": "Point",
      "tm": [
        [
          -0.530683,
          0.0,
          -0.847571
        ],
        [
          0.0,
          1.0,
          0.0
        ],
        [
          0.847571,
          0.0,
          -0.530683
        ],
        [
          -29500.3,
          273.092,
          -28488.8
        ]
      ],
      "objLayer": 0,
      "props": {}
    },
    "ft_t1_airfield_01_03_spawn_10": {
      "type": "Point",
      "tm": [
        [
          -0.530683,
          0.0,
          -0.847571
        ],
        [
          0.0,
          1.0,
          0.0
        ],
        [
          0.847571,
          0.0,
          -0.530683
        ],
        [
          -29143.0,
          179.778,
          -29746.9
        ]
      ],
      "objLayer": 0,
      "props": {}
    },
    "ft_t1_airfield_01_03_spawn_11": {
      "type": "Point",
      "tm": [
        [
          -0.530683,
          0.0,
          -0.847571
        ],
        [
          0.0,
          1.0,
          0.0
        ],
        [
          0.847571,
          0.0,
          -0.530683
        ],
        [
          -28182.5,
          265.443,
          -29498.7
        ]
      ],
      "objLayer": 0,
      "props": {}
    },
    "ft_t1_airfield_01_03_spawn_12": {
      "type": "Point",
      "tm": [
        [
          -0.530683,
          0.0,
          -0.847571
        ],
        [
          0.0,
          1.0,
          0.0
        ],
        [
          0.847571,
          0.0,
          -0.530683
        ],
        [
          -27723.4,
          183.942,
          -28161.8
        ]
      ],
      "objLayer": 0,
      "props": {}
    },
    "ft_t1_airfield_01_03_spawn_13": {
      "type": "Point",
      "tm": [
        [
          -0.530683,
          0.0,
          -0.847571
        ],
        [
          0.0,
          1.0,
          0.0
        ],
        [
          0.847571,
          0.0,
          -0.530683
        ],
        [
          -29839.9,
          272.779,
          -28769.8
        ]
      ],
      "objLayer": 0,
      "props": {}
    },
    "ft_t1_airfield_01_03_spawn_14": {
      "type": "Point",
      "tm": [
        [
          -0.530683,
          0.0,
          -0.847571
        ],
        [
          0.0,
          1.0,
          0.0
        ],
        [
          0.847571,
          0.0,
          -0.530683
        ],
        [
          -27798.7,
          268.156,
          -29395.8
        ]
      ],
      "objLayer": 0,
      "props": {}
    },
    "ft_t1_airfield_02_01_spawn_01": {
      "type": "Point",
      "tm": [
        [
          -0.974272,
          0.0,
          -0.225376
        ],
        [
          0.0,
          1.0,
          0.0
        ],
        [
          0.225376,
          0.0,
          -0.974272
        ],
        [
          -20220.9,
          238.151,
          3678.95
        ]
      ],
      "objLayer": 0,
      "props": {}
    },
    "ft_t1_airfield_02_01_spawn_02": {
      "type": "Point",
      "tm": [
        [
          -0.974272,
          0.0,
          -0.225376
        ],
        [
          0.0,
          1.0,
          0.0
        ],
        [
          0.225376,
          0.0,
          -0.974272
        ],
        [
          -21485.7,
          262.749,
          3682.75
        ]
      ],
      "objLayer": 0,
      "props": {}
    },
    "ft_t1_airfield_02_01_spawn_03": {
      "type": "Point",
      "tm": [
        [
          -0.974272,
          0.0,
          -0.225376
        ],
        [
          0.0,
          1.0,
          0.0
        ],
        [
          0.225376,
          0.0,
          -0.974272
        ],
        [
          -21251.1,
          265.585,
          3672.55
        ]
      ],
      "objLayer": 0,
      "props": {}
    },
    "ft_t1_airfield_02_01_spawn_04": {
      "type": "Point",
      "tm": [
        [
          -0.974272,
          0.0,
          -0.225376
        ],
        [
          0.0,
          1.0,
          0.0
        ],
        [
          0.225376,
          0.0,
          -0.974272
        ],
        [
          -21379.1,
          273.795,
          2547.91
        ]
      ],
      "objLayer": 0,
      "props": {}
    },
    "ft_t1_airfield_02_01_spawn_05": {
      "type": "Point",
      "tm": [
        [
          -0.974272,
          0.0,
          -0.225376
        ],
        [
          0.0,
          1.0,
          0.0
        ],
        [
          0.225376,
          0.0,
          -0.974272
        ],
        [
          -21752.9,
          282.713,
          2589.12
        ]
      ],
      "objLayer": 0,
      "props": {}
    },
    "ft_t1_airfield_02_01_spawn_06": {
      "type": "Point",
      "tm": [
        [
          -0.974272,
          0.0,
          -0.225376
        ],
        [
          0.0,
          1.0,
          0.0
        ],
        [
          0.225376,
          0.0,
          -0.974272
        ],
        [
          -20971.2,
          257.344,
          3720.79
        ]
      ],
      "objLayer": 0,
      "props": {}
    },
    "ft_t1_airfield_02_01_spawn_07": {
      "type": "Point",
      "tm": [
        [
          -0.974272,
          0.0,
          -0.225376
        ],
        [
          0.0,
          1.0,
          0.0
        ],
        [
          0.225376,
          0.0,
          -0.974272
        ],
        [
          -19935.2,
          234.468,
          3654.79
        ]
      ],
