{
  "selected_tag": "",
  "bin_dump_file": "",
  "mission_settings": {
    "player": {
      "army": 1,
      "wing": ""
    },
    "player_teamB": {
      "army": 2,
      "wing": ""
    },
    "mission": {
      "level": "levels/berlin.bin",
      "type": "domination",
      "environment": "Day",
      "weather": "hazy",
      "deathPenaltyMulRounds": 0.0,
      "stars": {
        "latitude": 52.5,
        "longitude": 13.0,
        "year": 1945,
        "month": 4,
        "day": 2
      }
    },
    "spectator_points": []
  },
  "imports": {
    "import_record": {
      "file": "gameData/missions/templates/air_templates/gs/assaults_gs_template.blk",
      "importAreas": true,
      "importUnits": true,
      "importTriggers": true,
      "importMissionObjectives": true,
      "importWayPoints": true,
      "showAreas": true,
      "showUnits": true,
      "showTriggers": true,
      "showMissionObjectives": true,
      "showWayPoints": true,
      "excludes": []
    }
  },
  "triggers": {
    "isCategory": true,
    "is_enabled": true
  },
  "mission_objectives": {
    "isCategory": true,
    "is_enabled": true
  },
  "variables": {
    "ai_assaults_saved": 0,
    "ft_helicopters_pad_exclusive": false
  },
  "dialogs": [],
  "airfields": [],
  "effects": [],
  "units": [],
  "areas": {
    "at_area": {
      "type": "Sphere",
      "tm": [
        [12045.0,0.0,-10531.9],
        [0.0,16000.0,0.0],
        [10531.9,0.0,12045.0],
        [3086.0,1500.0,505.0]
      ],
      "objLayer": 0,
      "props": []
    },
    "at_t2_spawn_01_01": {
      "type": "Point",
      "tm": [
        [0.675154,0.0,0.737679],
        [0.0,1.0,0.0],
        [-0.737679,0.0,0.675154],
        [-430.202,1500.0,-6677.13]
      ],
      "objLayer": 0,
      "props": []
    },
    "at_t1_spawn_01_01": {
      "type": "Point",
      "tm": [
        [-0.675154,0.0,-0.737679],
        [0.0,1.0,0.0],
        [0.737679,0.0,-0.675154],
        [9745.89,1499.99,4955.53]
      ],
      "objLayer": 0,
      "props": []
    },
    "at_t2_spawn_01_02": {
      "type": "Point",
      "tm": [
        [0.675154,0.0,0.737679],
        [0.0,1.0,0.0],
        [-0.737679,0.0,0.675154],
        [1719.31,1500.0,-7375.42]
      ],
      "objLayer": 0,
      "props": []
    },
    "at_t1_spawn_01_02": {
      "type": "Point",
      "tm": [
        [-0.675154,0.0,-0.737679],
        [0.0,1.0,0.0],
        [0.737679,0.0,-0.675154],
        [10709.7,1499.99,3089.2]
      ],
      "objLayer": 0,
      "props": []
    },
    "at_t2_spawn_02_01": {
      "type": "Point",
      "tm": [
        [0.675154,0.0,0.737679],
        [0.0,1.0,0.0],
        [-0.737679,0.0,0.675154],
        [-3508.91,1500.0,-3977.36]
      ],
      "objLayer": 0,
      "props": []
    },
    "at_t2_spawn_02_02": {
      "type": "Point",
      "tm": [
        [0.675154,0.0,0.737679],
        [0.0,1.0,0.0],
        [-0.737679,0.0,0.675154],
        [-4460.95,1500.0,-2078.28]
      ],
      "objLayer": 0,
      "props": []
    },
    "at_t1_spawn_02_01": {
      "type": "Point",
      "tm": [
        [-0.675154,0.0,-0.737679],
        [0.0,1.0,0.0],
        [0.737679,0.0,-0.675154],
        [6728.39,1499.99,7698.95]
      ],
      "objLayer": 0,
      "props": []
    },
    "at_t1_spawn_02_02": {
      "type": "Point",
      "tm": [
        [-0.675154,0.0,-0.737679],
        [0.0,1.0,0.0],
        [0.737679,0.0,-0.675154],
        [4788.04,1499.99,8377.67]
      ],
      "objLayer": 0,
      "props": []
    }
  },
  "objLayers": [],
  "wayPoints": []
}