{
  "selected_tag": "",
  "bin_dump_file": "",
  "mission_settings": {
    "player": {
      "army": 1
    },
    "player_teamB": {
      "army": 2
    },
    "mission": {
      "level": "levels/avg_western_europe.bin",
      "type": "domination",
      "environment": "Day",
      "weather": "hazy"
    }
  },
  "imports": [],
  "triggers": {
    "isCategory": true,
    "is_enabled": true
  },
  "mission_objectives": {
    "isCategory": true,
    "is_enabled": true
  },
  "variables": [],
  "dialogs": [],
  "airfields": [],
  "effects": [],
  "units": [
    {
      "objectGroups": {
        "name": "t2_airfield",
        "tm": [
          [-0.819298,0.0,-0.573368],
          [0.0,1.0,0.0],
          [0.573368,0.0,-0.819298],
          [-5529.38,52.1987,-6557.33]
        ],
        "unit_class": "dynaf_universal_1line_a",
        "objLayer": 2,
        "props": {
          "army": 2,
          "active": true
        }
      }
    },
    {
      "objectGroups": {
        "name": "t1_airfield",
        "tm": [
          [0.675894,0.0,0.736997],
          [0.0,1.0,0.0],
          [-0.736997,0.0,0.675894],
          [4225.66,3.39379,6253.53]
        ],
        "unit_class": "dynaf_universal_1line_a",
        "objLayer": 2,
        "props": {
          "army": 1,
          "active": true
        }
      }
    },
    {
      "air_defence": {
        "name": "t2_airfield_aaa_big_01",
        "tm": [
          [0.965991,0.0,0.258574],
          [0.0,1.0,0.0],
          [-0.258574,0.0,0.965991],
          [-6257.79,59.9464,-6694.77]
        ],
        "unit_class": "germ_88mm_flak36_noground",
        "objLayer": 1,
        "closed_waypoints": false,
        "isShipSpline": false,
        "shipTurnRadius": 100.0,
        "weapons": "",
        "bullets0": "",
        "bullets1": "",
        "bullets2": "",
        "bullets3": "",
        "bulletsCount0": 0,
        "bulletsCount1": 0,
        "bulletsCount2": 0,
        "bulletsCount3": 0,
        "crewSkillK": 0.0,
        "applyAllMods": false,
        "props": {
          "army": 2,
          "count": 1,
          "formation_type": "rows",
          "formation_div": 3,
          "formation_step": [2.5,2.0],
          "formation_noise": [0.1,0.1],
          "uniqueName": "",
          "attack_type": "fire_at_will"
        },
        "way": []
      }
    },
    {
      "air_defence": {
        "name": "t2_airfield_aaa_big_02",
        "tm": [
          [0.965991,0.0,0.258574],
          [0.0,1.0,0.0],
          [-0.258574,0.0,0.965991],
          [-5667.0,61.8207,-6173.23]
        ],
        "unit_class": "germ_88mm_flak36_noground",
        "objLayer": 1,
        "closed_waypoints": false,
        "isShipSpline": false,
        "shipTurnRadius": 100.0,
        "weapons": "",
        "bullets0": "",
        "bullets1": "",
        "bullets2": "",
        "bullets3": "",
        "bulletsCount0": 0,
        "bulletsCount1": 0,
        "bulletsCount2": 0,
        "bulletsCount3": 0,
        "crewSkillK": 0.0,
        "applyAllMods": false,
        "props": {
          "army": 2,
          "count": 1,
          "formation_type": "rows",
          "formation_div": 3,
          "formation_step": [2.5,2.0],
          "formation_noise": [0.1,0.1],
          "uniqueName": "",
          "attack_type": "fire_at_will"
        },
        "way": []
      }
    },
    {
      "air_defence": {
        "name": "t2_airfield_aaa_big_03",
        "tm": [
          [0.965991,0.0,0.258574],
          [0.0,1.0,0.0],
          [-0.258574,0.0,0.965991],
          [-5109.5,60.2867,-5885.06]
        ],
        "unit_class": "germ_88mm_flak36_noground",
        "objLayer": 1,
        "closed_waypoints": false,
        "isShipSpline": false,
        "shipTurnRadius": 100.0,
        "weapons": "",
        "bullets0": "",
        "bullets1": "",
        "bullets2": "",
        "bullets3": "",
        "bulletsCount0": 0,
        "bulletsCount1": 0,
        "bulletsCount2": 0,
        "bulletsCount3": 0,
        "crewSkillK": 0.0,
        "applyAllMods": false,
        "props": {
          "army": 2,
          "count": 1,
          "formation_type": "rows",
          "formation_div": 3,
          "formation_step": [2.5,2.0],
          "formation_noise": [0.1,0.1],
          "uniqueName": "",
          "attack_type": "fire_at_will"
        },
        "way": []
      }
    },
    {
      "air_defence": {
        "name": "t2_airfield_aaa_big_04",
        "tm": [
          [0.965991,0.0,0.258574],
          [0.0,1.0,0.0],
          [-0.258574,0.0,0.965991],
          [-5141.5,62.1413,-6649.23]
        ],
        "unit_class": "germ_88mm_flak36_noground",
        "objLayer": 1,
        "closed_waypoints": false,
        "isShipSpline": false,
        "shipTurnRadius": 100.0,
        "weapons": "",
        "bullets0": "",
        "bullets1": "",
        "bullets2": "",
        "bullets3": "",
        "bulletsCount0": 0,
        "bulletsCount1": 0,
        "bulletsCount2": 0,
        "bulletsCount3": 0,
        "crewSkillK": 0.0,
        "applyAllMods": false,
        "props": {
          "army": 2,
          "count": 1,
          "formation_type": "rows",
          "formation_div": 3,
          "formation_step": [2.5,2.0],
          "formation_noise": [0.1,0.1],
          "uniqueName": "",
          "attack_type": "fire_at_will"
        },
        "way": []
      }
    },
    {
      "air_defence": {
        "name": "t2_airfield_aaa_small_06",
        "tm": [
          [0.965991,0.0,0.258574],
          [0.0,1.0,0.0],
          [-0.258574,0.0,0.965991],
          [-5600.36,59.8079,-6946.55]
        ],
        "unit_class": "germ_37mm_flak43_airfield",
        "objLayer": 1,
        "closed_waypoints": false,
        "isShipSpline": false,
        "shipTurnRadius": 100.0,
        "weapons": "",
        "bullets0": "",
        "bullets1": "",
        "bullets2": "",
        "bullets3": "",
        "bulletsCount0": 0,
        "bulletsCount1": 0,
        "bulletsCount2": 0,
        "bulletsCount3": 0,
        "crewSkillK": 0.0,
        "applyAllMods": false,
        "props": {
          "army": 2,
          "count": 1,
          "formation_type": "rows",
          "formation_div": 3,
          "formation_step": [2.5,2.0],
          "formation_noise": [0.1,0.1],
          "uniqueName": "",
          "attack_type": "fire_at_will"
        },
        "way": []
      }
    },
    {
      "air_defence": {
        "name": "t2_airfield_aaa_small_01",
        "tm": [
          [0.965991,0.0,0.258574],
          [0.0,1.0,0.0],
          [-0.258574,0.0,0.965991],
          [-5917.67,62.0288,-6588.82]
        ],
        "unit_class": "germ_37mm_flak43_airfield",
        "objLayer": 1,
        "closed_waypoints": false,
        "isShipSpline": false,
        "shipTurnRadius": 100.0,
        "weapons": "",
        "bullets0": "",
        "bullets1": "",
        "bullets2": "",
        "bullets3": "",
        "bulletsCount0": 0,
        "bulletsCount1": 0,
        "bulletsCount2": 0,
        "bulletsCount3": 0,
        "crewSkillK": 0.0,
        "applyAllMods": false,
        "props": {
          "army": 2,
          "count": 1,
          "formation_type": "rows",
          "formation_div": 3,
          "formation_step": [2.5,2.0],
          "formation_noise": [0.1,0.1],
          "uniqueName": "",
          "attack_type": "fire_at_will"
        },
        "way": []
      }
    },
    {
      "air_defence": {
        "name": "t2_airfield_aaa_small_02",
        "tm": [
          [0.965991,0.0,0.258574],
          [0.0,1.0,0.0],
          [-0.258574,0.0,0.965991],
          [-5328.83,61.1955,-6135.06]
        ],
        "unit_class": "germ_37mm_flak43_airfield",
        "objLayer": 1,
        "closed_waypoints": false,
        "isShipSpline": false,
        "shipTurnRadius": 100.0,
        "weapons": "",
        "bullets0": "",
        "bullets1": "",
        "bullets2": "",
        "bullets3": "",
        "bulletsCount0": 0,
        "bulletsCount1": 0,
        "bulletsCount2": 0,
        "bulletsCount3": 0,
        "crewSkillK": 0.0,
        "applyAllMods": false,
        "props": {
          "army": 2,
          "count": 1,
          "formation_type": "rows",
          "formation_div": 3,
          "formation_step": [2.5,2.0],
          "formation_noise": [0.1,0.1],
          "uniqueName": "",
          "attack_type": "fire_at_will"
        },
        "way": []
      }
    },
    {
      "air_defence": {
        "name": "t2_airfield_aaa_small_03",
        "tm": [
          [0.965991,0.0,0.258574],
          [0.0,1.0,0.0],
          [-0.258574,0.0,0.965991],
          [-4983.41,61.1155,-6347.72]
        ],
        "unit_class": "germ_37mm_flak43_airfield",
        "objLayer": 1,
        "closed_waypoints": false,
        "isShipSpline": false,
        "shipTurnRadius": 100.0,
        "weapons": "",
        "bullets0": "",
        "bullets1": "",
        "bullets2": "",
        "bullets3": "",
        "bulletsCount0": 0,
        "bulletsCount1": 0,
        "bulletsCount2": 0,
        "bulletsCount3": 0,
        "crewSkillK": 0.0,
        "applyAllMods": false,
        "props": {
          "army": 2,
          "count": 1,
          "formation_type": "rows",
          "formation_div": 3,
          "formation_step": [2.5,2.0],
          "formation_noise": [0.1,0.1],
          "uniqueName": "",
          "attack_type": "fire_at_will"
        },
        "way": []
      }
    },
    {
      "air_defence": {
        "name": "t2_airfield_aaa_small_04",
        "tm": [
          [0.965991,0.0,0.258574],
          [0.0,1.0,0.0],
          [-0.258574,0.0,0.965991],
          [-5338.48,58.6639,-6741.98]
        ],
        "unit_class": "germ_37mm_flak43_airfield",
        "objLayer": 1,
        "closed_waypoints": false,
        "isShipSpline": false,
        "shipTurnRadius": 100.0,
        "weapons": "",
        "bullets0": "",
        "bullets1": "",
        "bullets2": "",
        "bullets3": "",
        "bulletsCount0": 0,
        "bulletsCount1": 0,
        "bulletsCount2": 0,
        "bulletsCount3": 0,
        "crewSkillK": 0.0,
        "applyAllMods": false,
        "props": {
          "army": 2,
          "count": 1,
          "formation_type": "rows",
          "formation_div": 3,
          "formation_step": [2.5,2.0],
          "formation_noise": [0.1,0.1],
          "uniqueName": "",
          "attack_type": "fire_at_will"
        },
        "way": []
      }
    },
    {
      "air_defence": {
        "name": "t2_airfield_aaa_small_05",
        "tm": [
          [0.965991,0.0,0.258574],
          [0.0,1.0,0.0],
          [-0.258574,0.0,0.965991],
          [-5978.02,60.782,-7209.8]
        ],
        "unit_class": "germ_37mm_flak43_airfield",
        "objLayer": 1,
        "closed_waypoints": false,
        "isShipSpline": false,
        "shipTurnRadius": 100.0,
        "weapons": "",
        "bullets0": "",
        "bullets1": "",
        "bullets2": "",
        "bullets3": "",
        "bulletsCount0": 0,
        "bulletsCount1": 0,
        "bulletsCount2": 0,
        "bulletsCount3": 0,
        "crewSkillK": 0.0,
        "applyAllMods": false,
        "props": {
          "army": 2,
          "count": 1,
          "formation_type": "rows",
          "formation_div": 3,
          "formation_step": [2.5,2.0],
          "formation_noise": [0.1,0.1],
          "uniqueName": "",
          "attack_type": "fire_at_will"
        },
        "way": []
      }
    },
    {
      "air_defence": {
        "name": "t1_airfield_aaa_small_06",
        "tm": [
          [0.573915,0.0,0.818914],
          [0.0,1.0,0.0],
          [-0.818914,0.0,0.573915],
          [3489.93,4.91134,6001.14]
        ],
        "unit_class": "germ_37mm_flak43_airfield",
        "objLayer": 1,
        "closed_waypoints": false,
        "isShipSpline": false,
        "shipTurnRadius": 100.0,
        "weapons": "",
        "bullets0": "",
        "bullets1": "",
        "bullets2": "",
        "bullets3": "",
        "bulletsCount0": 0,
        "bulletsCount1": 0,
        "bulletsCount2": 0,
        "bulletsCount3": 0,
        "crewSkillK": 0.0,
        "applyAllMods": false,
        "props": {
          "army": 1,
          "count": 1,
          "formation_type": "rows",
          "formation_div": 3,
          "formation_step": [2.5,2.0],
          "formation_noise": [0.1,0.1],
          "uniqueName": "",
          "attack_type": "fire_at_will"
        },
        "way": []
      }
    },
    {
      "air_defence": {
        "name": "t1_airfield_aaa_small_01",
        "tm": [
          [0.573915,0.0,0.818914],
          [0.0,1.0,0.0],
          [-0.818914,0.0,0.573915],
          [3771.77,7.70784,6136.68]
        ],
        "unit_class": "ussr_37mm_61k_airfield",
        "objLayer": 1,
        "closed_waypoints": false,
        "isShipSpline": false,
        "shipTurnRadius": 100.0,
        "weapons": "",
        "bullets0": "",
        "bullets1": "",
        "bullets2": "",
        "bullets3": "",
        "bulletsCount0": 0,
        "bulletsCount1": 0,
        "bulletsCount2": 0,
        "bulletsCount3": 0,
        "crewSkillK": 0.0,
        "applyAllMods": false,
        "props": {
          "army": 1,
          "count": 1,
          "formation_type": "rows",
          "formation_div": 3,
          "formation_step": [2.5,2.0],
          "formation_noise": [0.1,0.1],
          "uniqueName": "",
          "attack_type": "fire_at_will"
        },
        "way": []
      }
    },
    {
      "air_defence": {
        "name": "t1_airfield_aaa_big_04",
        "tm": [
          [0.573915,0.0,0.818914],
          [0.0,1.0,0.0],
          [-0.818914,0.0,0.573915],
          [3890.49,4.93484,6509.68]
        ],
        "unit_class": "ussr_85mm_52k_noground",
        "objLayer": 1,
        "closed_waypoints": false,
        "isShipSpline": false,
        "shipTurnRadius": 100.0,
        "weapons": "",
        "bullets0": "",
        "bullets1": "",
        "bullets2": "",
        "bullets3": "",
        "bulletsCount0": 0,
        "bulletsCount1": 0,
        "bulletsCount2": 0,
        "bulletsCount3": 0,
        "crewSkillK": 0.0,
        "applyAllMods": false,
        "props": {
          "army": 1,
          "count": 1,
          "formation_type": "rows",
          "formation_div": 3,
          "formation_step": [2.5,2.0],
          "formation_noise": [0.1,0.1],
          "uniqueName": "",
          "attack_type": "fire_at_will"
        },
        "way": []
      }
    },
    {
      "air_defence": {
        "name": "t1_airfield_aaa_big_03",
        "tm": [
          [0.573915,0.0,0.818914],
          [0.0,1.0,0.0],
          [-0.818914,0.0,0.573915],
          [4341.47,7.92374,6903.94]
        ],
        "unit_class": "ussr_85mm_52k_noground",
        "objLayer": 1,
        "closed_waypoints": false,
        "isShipSpline": false,
        "shipTurnRadius": 100.0,
        "weapons": "",
        "bullets0": "",
        "bullets1": "",
        "bullets2": "",
        "bullets3": "",
        "bulletsCount0": 0,
        "bulletsCount1": 0,
        "bulletsCount2": 0,
        "bulletsCount3": 0,
        "crewSkillK": 0.0,
        "applyAllMods": false,
        "props": {
          "army": 1,
          "count": 1,
          "formation_type": "rows",
          "formation_div": 3,
          "formation_step": [2.5,2.0],
          "formation_noise": [0.1,0.1],
          "uniqueName": "",
          "attack_type": "fire_at_will"
        },
        "way": []
      }
    },
    {
      "air_defence": {
        "name": "t1_airfield_aaa_big_02",
        "tm": [
          [0.573915,0.0,0.818914],
          [0.0,1.0,0.0],
          [-0.818914,0.0,0.573915],
          [4581.78,7.97204,6174.45]
        ],
        "unit_class": "ussr_85mm_52k_noground",
        "objLayer": 1,
        "closed_waypoints": false,
        "isShipSpline": false,
        "shipTurnRadius": 100.0,
        "weapons": "",
        "bullets0": "",
        "bullets1": "",
        "bullets2": "",
        "bullets3": "",
        "bulletsCount0": 0,
        "bulletsCount1": 0,
        "bulletsCount2": 0,
        "bulletsCount3": 0,
        "crewSkillK": 0.0,
        "applyAllMods": false,
        "props": {
          "army": 1,
          "count": 1,
          "formation_type": "rows",
          "formation_div": 3,
          "formation_step": [2.5,2.0],
          "formation_noise": [0.1,0.1],
          "uniqueName": "",
          "attack_type": "fire_at_will"
        },
        "way": []
      }
    },
    {
      "air_defence": {
        "name": "t1_airfield_aaa_big_01",
        "tm": [
          [0.573915,0.0,0.818914],
          [0.0,1.0,0.0],
          [-0.818914,0.0,0.573915],
          [4098.37,8.14954,5891.77]
        ],
        "unit_class": "ussr_85mm_52k_noground",
        "objLayer": 1,
        "closed_waypoints": false,
        "isShipSpline": false,
        "shipTurnRadius": 100.0,
        "weapons": "",
        "bullets0": "",
        "bullets1": "",
        "bullets2": "",
        "bullets3": "",
        "bulletsCount0": 0,
        "bulletsCount1": 0,
        "bulletsCount2": 0,
        "bulletsCount3": 0,
        "crewSkillK": 0.0,
        "applyAllMods": false,
        "props": {
          "army": 1,
          "count": 1,
          "formation_type": "rows",
          "formation_div": 3,
          "formation_step": [2.5,2.0],
          "formation_noise": [0.1,0.1],
          "uniqueName": "",
          "attack_type": "fire_at_will"
        },
        "way": []
      }
    },
    {
      "air_defence": {
        "name": "t1_airfield_aaa_small_02",
        "tm": [
          [0.573915,0.0,0.818914],
          [0.0,1.0,0.0],
          [-0.818914,0.0,0.573915],
          [4244.54,7.76874,6623.09]
        ],
        "unit_class": "ussr_37mm_61k_airfield",
        "objLayer": 1,
        "closed_waypoints": false,
        "isShipSpline": false,
        "shipTurnRadius": 100.0,
        "weapons": "",
        "bullets0": "",
        "bullets1": "",
        "bullets2": "",
        "bullets3": "",
        "bulletsCount0": 0,
        "bulletsCount1": 0,
        "bulletsCount2": 0,
        "bulletsCount3": 0,
        "crewSkillK": 0.0,
        "applyAllMods": false,
        "props": {
          "army": 1,
          "count": 1,
          "formation_type": "rows",
          "formation_div": 3,
          "formation_step": [2.5,2.0],
          "formation_noise": [0.1,0.1],
          "uniqueName": "",
          "attack_type": "fire_at_will"
        },
        "way": []
      }
    },
    {
      "air_defence": {
        "name": "t1_airfield_aaa_small_03",
        "tm": [
          [0.573915,0.0,0.818914],
          [0.0,1.0,0.0],
          [-0.818914,0.0,0.573915],
          [4564.0,7.27984,6378.19]
        ],
        "unit_class": "ussr_37mm_61k_airfield",
        "objLayer": 1,
        "closed_waypoints": false,
        "isShipSpline": false,
        "shipTurnRadius": 100.0,
        "weapons": "",
        "bullets0": "",
        "bullets1": "",
        "bullets2": "",
        "bullets3": "",
        "bulletsCount0": 0,
        "bulletsCount1": 0,
        "bulletsCount2": 0,
        "bulletsCount3": 0,
        "crewSkillK": 0.0,
        "applyAllMods": false,
        "props": {
          "army": 1,
          "count": 1,
          "formation_type": "rows",
          "formation_div": 3,
          "formation_step": [2.5,2.0],
          "formation_noise": [0.1,0.1],
          "uniqueName": "",
          "attack_type": "fire_at_will"
        },
        "way": []
      }
    },
    {
      "air_defence": {
        "name": "t1_airfield_aaa_small_04",
        "tm": [
          [0.573915,0.0,0.818914],
          [0.0,1.0,0.0],
          [-0.818914,0.0,0.573915],
          [4247.96,7.55484,6042.99]
        ],
        "unit_class": "ussr_37mm_61k_airfield",
        "objLayer": 1,
        "closed_waypoints": false,
        "isShipSpline": false,
        "shipTurnRadius": 100.0,
        "weapons": "",
        "bullets0": "",
        "bullets1": "",
        "bullets2": "",
        "bullets3": "",
        "bulletsCount0": 0,
        "bulletsCount1": 0,
        "bulletsCount2": 0,
        "bulletsCount3": 0,
        "crewSkillK": 0.0,
        "applyAllMods": false,
        "props": {
          "army": 1,
          "count": 1,
          "formation_type": "rows",
          "formation_div": 3,
          "formation_step": [2.5,2.0],
          "formation_noise": [0.1,0.1],
          "uniqueName": "",
          "attack_type": "fire_at_will"
        },
        "way": []
      }
    },
    {
      "air_defence": {
        "name": "t1_airfield_aaa_small_05",
        "tm": [
          [0.573915,0.0,0.818914],
          [0.0,1.0,0.0],
          [-0.818914,0.0,0.573915],
          [3934.42,8.08494,5798.82]
        ],
        "unit_class": "ussr_37mm_61k_airfield",
        "objLayer": 1,
        "closed_waypoints": false,
        "isShipSpline": false,
        "shipTurnRadius": 100.0,
        "weapons": "",
        "bullets0": "",
        "bullets1": "",
        "bullets2": "",
        "bullets3": "",
        "bulletsCount0": 0,
        "bulletsCount1": 0,
        "bulletsCount2": 0,
        "bulletsCount3": 0,
        "crewSkillK": 0.0,
        "applyAllMods": false,
        "props": {
          "army": 1,
          "count": 1,
          "formation_type": "rows",
          "formation_div": 3,
          "formation_step": [2.5,2.0],
          "formation_noise": [0.1,0.1],
          "uniqueName": "",
          "attack_type": "fire_at_will"
        },
        "way": []
      }
    },
    {
      "squad": {
        "name": "t2_airfield_aaa_squad",
        "tm": [
          [0.965991,0.0,0.258574],
          [0.0,1.0,0.0],
          [-0.258574,0.0,0.965991],
          [-5364.2,59.059,-6930.43]
        ],
        "props": [
          {
            "object_marking": 0
          },
          {
            "squad_members": "t2_airfield_aaa_big_01"
          },
          {
            "squad_members": "t2_airfield_aaa_big_02"
          },
          {
            "squad_members": "t2_airfield_aaa_big_03"
          },
          {
            "squad_members": "t2_airfield_aaa_big_04"
          },
          {
            "squad_members": "t2_airfield_aaa_small_06"
          },
          {
            "squad_members": "t2_airfield_aaa_small_01"
          },
          {
            "squad_members": "t2_airfield_aaa_small_02"
          },
          {
            "squad_members": "t2_airfield_aaa_small_03"
          },
          {
            "squad_members": "t2_airfield_aaa_small_04"
          },
          {
            "squad_members": "t2_airfield_aaa_small_05"
          }
        ]
      }
    },
    {
      "squad": {
        "name": "t1_airfield_aaa_squad",
        "tm": [
          [0.573915,0.0,0.818914],
          [0.0,1.0,0.0],
          [-0.818914,0.0,0.573915],
          [4454.59,5.34814,5865.28]
        ],
        "props": [
          {
            "object_marking": 0
          },
          {
            "squad_members": "t1_airfield_aaa_small_06"
          },
          {
            "squad_members": "t1_airfield_aaa_small_01"
          },
          {
            "squad_members": "t1_airfield_aaa_big_04"
          },
          {
            "squad_members": "t1_airfield_aaa_big_03"
          },
          {
            "squad_members": "t1_airfield_aaa_big_02"
          },
          {
            "squad_members": "t1_airfield_aaa_big_01"
          },
          {
            "squad_members": "t1_airfield_aaa_small_02"
          },
          {
            "squad_members": "t1_airfield_aaa_small_03"
          },
          {
            "squad_members": "t1_airfield_aaa_small_04"
          },
          {
            "squad_members": "t1_airfield_aaa_small_05"
          }
        ]
      }
    }
  ],
  "areas": {
    "area_01": {
      "type": "Sphere",
      "tm": [
        [757.339,0.0,13979.5],
        [0.0,14000.0,0.0],
        [-13979.5,0.0,757.339],
        [484.882,-11.6612,-732.431]
      ],
      "objLayer": 0,
      "props": []
    }
  },
  "objLayers": [
    {
      "layer": {
        "enabled": true
      }
    },
    {
      "layer": {
        "enabled": true
      }
    },
    {
      "layer": {
        "enabled": true
      }
    },
    {
      "layer": {
        "enabled": true
      }
    },
    {
      "layer": {
        "enabled": true
      }
    },
    {
      "layer": {
        "enabled": true
      }
    },
    {
      "layer": {
        "enabled": true
      }
    }
  ],
  "wayPoints": []
}