{
  "selected_tag": "",
  "bin_dump_file": "",
  "mission_settings": {
    "player": {
      "army": 1,
      "wing": "bdt_armada"
    },
    "player_teamB": {
      "army": 2
    },
    "mission": {
      "level": "levels/water.bin",
      "type": "singleMission",
      "environment": "Day",
      "weather": "hazy",
      "restoreType": "attempts",
      "optionalTakeOff": true
    },
    "spectator_points": {}
  },
  "imports": {
    "import_record": [
      {
        "file": "gameData/missions/templates/enduring_confrontation/bdt_bases_destroy_template.blk",
        "importAreas": true,
        "importUnits": true,
        "importTriggers": true,
        "importMissionObjectives": true,
        "importWayPoints": true,
        "showAreas": true,
        "showUnits": true,
        "showTriggers": true,
        "showMissionObjectives": true,
        "showWayPoints": true,
        "excludes": {}
      },
      {
        "file": "gameData/missions/templates/units_sets/land_sets_aaa_bases/bdt_t1_ussr_rank_01.blk",
        "rankRange": [
          0,
          4
        ],
        "importAreas": true,
        "importUnits": true,
        "importTriggers": true,
        "importMissionObjectives": true,
        "importWayPoints": true,
        "showAreas": true,
        "showUnits": true,
        "showTriggers": true,
        "showMissionObjectives": true,
        "showWayPoints": true,
        "excludes": {}
      },
      {
        "file": "gameData/missions/templates/units_sets/land_sets_aaa_bases/bdt_t1_ussr_rank_02.blk",
        "rankRange": [
          5,
          8
        ],
        "importAreas": true,
        "importUnits": true,
        "importTriggers": true,
        "importMissionObjectives": true,
        "importWayPoints": true,
        "showAreas": true,
        "showUnits": true,
        "showTriggers": true,
        "showMissionObjectives": true,
        "showWayPoints": true,
        "excludes": {}
      },
      {
        "file": "gameData/missions/templates/units_sets/land_sets_aaa_bases/bdt_t1_ussr_rank_03.blk",
        "rankRange": [
          9,
          13
        ],
        "importAreas": true,
        "importUnits": true,
        "importTriggers": true,
        "importMissionObjectives": true,
        "importWayPoints": true,
        "showAreas": true,
        "showUnits": true,
        "showTriggers": true,
        "showMissionObjectives": true,
        "showWayPoints": true,
        "excludes": {}
      },
      {
        "file": "gameData/missions/templates/units_sets/land_sets_aaa_bases/bdt_t1_ussr_rank_04.blk",
        "rankRange": [
          14,
          19
        ],
        "importAreas": true,
        "importUnits": true,
        "importTriggers": true,
        "importMissionObjectives": true,
        "importWayPoints": true,
        "showAreas": true,
        "showUnits": true,
        "showTriggers": true,
        "showMissionObjectives": true,
        "showWayPoints": true,
        "excludes": {}
      },
      {
        "file": "gameData/missions/templates/units_sets/land_sets_aaa_bases/bdt_t1_ussr_rank_05.blk",
        "rankRange": [
          20,
          24
        ],
        "importAreas": true,
        "importUnits": true,
        "importTriggers": true,
        "importMissionObjectives": true,
        "importWayPoints": true,
        "showAreas": true,
        "showUnits": true,
        "showTriggers": true,
        "showMissionObjectives": true,
        "showWayPoints": true,
        "excludes": {}
      },
      {
        "file": "gameData/missions/templates/units_sets/land_sets_aaa_bases/bdt_t1_ussr_rank_06.blk",
        "rankRange": [
          25,
          50
        ],
        "importAreas": true,
        "importUnits": true,
        "importTriggers": true,
        "importMissionObjectives": true,
        "importWayPoints": true,
        "showAreas": true,
        "showUnits": true,
        "showTriggers": true,
        "showMissionObjectives": true,
        "showWayPoints": true,
        "excludes": {}
      },
      {
        "file": "gameData/missions/templates/units_sets/land_sets_aaa_bases/bdt_t2_germ_rank_01.blk",
        "rankRange": [
          0,
          4
        ],
        "importAreas": true,
        "importUnits": true,
        "importTriggers": true,
        "importMissionObjectives": true,
        "importWayPoints": true,
        "showAreas": true,
        "showUnits": true,
        "showTriggers": true,
        "showMissionObjectives": true,
        "showWayPoints": true,
        "excludes": {}
      },
      {
        "file": "gameData/missions/templates/units_sets/land_sets_aaa_bases/bdt_t2_germ_rank_02.blk",
        "rankRange": [
          5,
          8
        ],
        "importAreas": true,
        "importUnits": true,
        "importTriggers": true,
        "importMissionObjectives": true,
        "importWayPoints": true,
        "showAreas": true,
        "showUnits": true,
        "showTriggers": true,
        "showMissionObjectives": true,
        "showWayPoints": true,
        "excludes": {}
      },
      {
        "file": "gameData/missions/templates/units_sets/land_sets_aaa_bases/bdt_t2_germ_rank_03.blk",
        "rankRange": [
          9,
          13
        ],
        "importAreas": true,
        "importUnits": true,
        "importTriggers": true,
        "importMissionObjectives": true,
        "importWayPoints": true,
        "showAreas": true,
        "showUnits": true,
        "showTriggers": true,
        "showMissionObjectives": true,
        "showWayPoints": true,
        "excludes": {}
      },
      {
        "file": "gameData/missions/templates/units_sets/land_sets_aaa_bases/bdt_t2_germ_rank_04.blk",
        "rankRange": [
          14,
          19
        ],
        "importAreas": true,
        "importUnits": true,
        "importTriggers": true,
        "importMissionObjectives": true,
        "importWayPoints": true,
        "showAreas": true,
        "showUnits": true,
        "showTriggers": true,
        "showMissionObjectives": true,
        "showWayPoints": true,
        "excludes": {}
      },
      {
        "file": "gameData/missions/templates/units_sets/land_sets_aaa_bases/bdt_t2_germ_rank_05.blk",
        "rankRange": [
          20,
          24
        ],
        "importAreas": true,
        "importUnits": true,
        "importTriggers": true,
        "importMissionObjectives": true,
        "importWayPoints": true,
        "showAreas": true,
        "showUnits": true,
        "showTriggers": true,
        "showMissionObjectives": true,
        "showWayPoints": true,
        "excludes": {}
      },
      {
        "file": "gameData/missions/templates/units_sets/land_sets_aaa_bases/bdt_t2_germ_rank_06.blk",
        "rankRange": [
          25,
          50
        ],
        "importAreas": true,
        "importUnits": true,
        "importTriggers": true,
        "importMissionObjectives": true,
        "importWayPoints": true,
        "showAreas": true,
        "showUnits": true,
        "showTriggers": true,
        "showMissionObjectives": true,
        "showWayPoints": true,
        "excludes": {}
      }
    ]
  },
  "triggers": {
    "isCategory": true,
    "is_enabled": true,
    "bdt_part_init": {
      "is_enabled": true,
      "comments": "",
      "props": {
        "actionsType": "PERFORM_ONE_BY_ONE",
        "conditionsType": "ALL",
        "enableAfterComplete": false
      },
      "events": {
        "initMission": {}
      },
      "conditions": {},
      "actions": {
        "comment": [
          {
            "value": "ukazyvaem maksimal'noe kolichestvo baz +1"
          },
          {
            "value": "govorim chto shablon sam sebya restartit"
          }
        ],
        "varSetInt": [
          {
            "value": 21,
            "var": "bdt_t1_total_bases_max_count"
          },
          {
            "value": 21,
            "var": "bdt_t2_total_bases_max_count"
          }
        ],
        "varSetBool": {
          "value": true,
          "var": "bdt_self_restart"
        }
      },
      "else_actions": {}
    }
  },
  "mission_objectives": {
    "isCategory": true,
    "is_enabled": true
  },
  "variables": {},
  "dialogs": {},
  "airfields": {},
  "effects": {},
  "units": {
    "objectGroups": [
      {
        "name": "bdt_t1_bomb_object_01",
        "tm": [
          [
            0.793354,
            0.0,
            0.608761
          ],
          [
            0.0,
            1.0,
            0.0
          ],
          [
            -0.608761,
            0.0,
            0.793354
          ],
          [
            -3093.15,
            -0.05,
            -21508.9
          ]
        ],
        "unit_class": "dynBase_ammunition_camp_square",
        "objLayer": 2,
        "props": {
          "army": 1,
          "active": false
        }
      },
      {
        "name": "bdt_t1_bomb_object_02",
        "tm": [
          [
            0.996195,
            0.0,
            0.0871557
          ],
          [
            0.0,
            1.0,
            0.0
          ],
          [
            -0.0871557,
            0.0,
            0.996195
          ],
          [
            6688.2,
            -0.05,
            -14699.7
          ]
        ],
        "unit_class": "dynBase_ammunition_camp_square",
        "objLayer": 2,
        "props": {
          "army": 1,
          "active": false
        }
      },
      {
        "name": "bdt_t1_bomb_object_03",
        "tm": [
          [
            0.766045,
            0.0,
            0.642788
          ],
          [
            0.0,
            1.0,
            0.0
          ],
          [
            -0.642788,
            0.0,
            0.766045
          ],
          [
            4144.5,
            3.0,
            -7740.25
          ]
        ],
        "unit_class": "dynBase_ammunition_camp_square",
        "objLayer": 2,
        "props": {
          "army": 1,
          "active": false
        }
      },
      {
        "name": "bdt_t1_bomb_object_04",
        "tm": [
          [
            0.906308,
            0.0,
            0.422618
          ],
          [
            0.0,
            1.0,
            0.0
          ],
          [
            -0.422618,
            0.0,
            0.906308
          ],
          [
            10598.6,
            1.00049,
            -2043.62
          ]
        ],
        "unit_class": "dynBase_ammunition_camp_square",
        "objLayer": 2,
        "props": {
          "army": 1,
          "active": false
        }
      },
      {
        "name": "bdt_t1_bomb_object_05",
        "tm": [
          [
            0.793354,
            0.0,
            0.608761
          ],
          [
            0.0,
            1.0,
            0.0
          ],
          [
            -0.608761,
            0.0,
            0.793354
          ],
          [
            17873.0,
            43.2882,
            4989.88
          ]
        ],
        "unit_class": "dynBase_ammunition_camp_square",
        "objLayer": 2,
        "props": {
          "army": 1,
          "active": false
        }
      },
      {
        "name": "bdt_t1_bomb_object_06",
        "tm": [
          [
            0.984808,
            0.0,
            0.173648
          ],
          [
            0.0,
            1.0,
            0.0
          ],
          [
            -0.173648,
            0.0,
            0.984808
          ],
          [
            11330.8,
            -4.0014,
            8274.15
          ]
        ],
        "unit_class": "dynBase_ammunition_camp_square",
        "objLayer": 2,
        "props": {
          "army": 1,
          "active": false
        }
      },
      {
        "name": "bdt_t1_bomb_object_07",
        "tm": [
          [
            0.793353,
            0.0,
            0.608761
          ],
          [
            0.0,
            1.0,
            0.0
          ],
          [
            -0.608761,
            0.0,
            0.793353
          ],
          [
            17940.0,
            48.5508,
            -12113.0
          ]
        ],
        "unit_class": "dynBase_ammunition_camp_square",
        "objLayer": 2,
        "props": {
          "army": 1,
          "active": false
        }
      },
      {
        "name": "bdt_t1_bomb_object_08",
        "tm": [
          [
            0.793353,
            0.0,
            0.608761
          ],
          [
            0.0,
            1.0,
            0.0
          ],
          [
            -0.608761,
            0.0,
            0.793353
          ],
          [
            24969.3,
            33.5822,
            20718.1
          ]
        ],
        "unit_class": "dynBase_ammunition_camp_square",
        "objLayer": 2,
        "props": {
          "army": 1,
          "active": false
        }
      },
      {
        "name": "bdt_t2_bomb_object_01",
        "tm": [
          [
            0.793354,
            0.0,
            0.608762
          ],
          [
            0.0,
            1.0,
            0.0
          ],
          [
            -0.608762,
            0.0,
            0.793354
          ],
          [
            -21818.5,
            195.089,
            -16724.1
          ]
        ],
        "unit_class": "dynBase_ammunition_camp_square",
        "objLayer": 2,
        "props": {
          "army": 2,
          "active": false
        }
      },
      {
        "name": "bdt_t2_bomb_object_02",
        "tm": [
          [
            0.793354,
            0.0,
            0.608762
          ],
          [
            0.0,
            1.0,
            0.0
          ],
          [
            -0.608762,
            0.0,
            0.793354
          ],
          [
            -12757.7,
            188.336,
            6690.09
          ]
        ],
        "unit_class": "dynBase_ammunition_camp_square",
        "objLayer": 2,
        "props": {
          "army": 2,
          "active": false
        }
      },
      {
        "name": "bdt_t2_bomb_object_03",
        "tm": [
          [
            0.819153,
            0.0,
            0.573577
          ],
          [
            0.0,
            1.0,
            0.0
          ],
          [
            -0.573577,
            0.0,
            0.819153
          ],
          [
            -5621.25,
            143.16,
            2995.6
          ]
        ],
        "unit_class": "dynBase_ammunition_camp_square",
        "objLayer": 2,
        "props": {
          "army": 2,
          "active": false
        }
      },
      {
        "name": "bdt_t2_bomb_object_04",
        "tm": [
          [
            0.999049,
            0.0,
            0.0436195
          ],
          [
            0.0,
            1.0,
            0.0
          ],
          [
            -0.0436195,
            0.0,
            0.999049
          ],
          [
            -22665.3,
            208.465,
            -7813.29
          ]
        ],
        "unit_class": "dynBase_ammunition_camp_square",
        "objLayer": 2,
        "props": {
          "army": 2,
          "active": false
        }
      },
      {
        "name": "bdt_t2_bomb_object_05",
        "tm": [
          [
            0.996196,
            0.0,
            -0.0871557
          ],
          [
            0.0,
            1.0,
            0.0
          ],
          [
            0.0871557,
            0.0,
            0.996196
          ],
          [
            479.1,
            154.697,
            14704.8
          ]
        ],
        "unit_class": "dynBase_ammunition_camp_square",
        "objLayer": 2,
        "props": {
          "army": 2,
          "active": false
        }
      },
      {
        "name": "bdt_t2_bomb_object_06",
        "tm": [
          [
            0.843392,
            0.0,
            0.5373
          ],
          [
            0.0,
            1.0,
            0.0
          ],
          [
            -0.5373,
            0.0,
            0.843392
          ],
          [
            3812.39,
            85.9888,
            23231.1
          ]
        ],
        "unit_class": "dynBase_ammunition_camp_square",
        "objLayer": 2,
        "props": {
          "army": 2,
          "active": false
        }
      },
      {
        "name": "bdt_t2_bomb_object_07",
        "tm": [
          [
            0.866026,
            0.0,
            0.5
          ],
          [
            0.0,
            1.0,
            0.0
          ],
          [
            -0.5,
            0.0,
            0.866026
          ],
          [
            -81.55,
            199.444,
            22459.2
          ]
        ],
        "unit_class": "dynBase_ammunition_camp_square",
        "objLayer": 2,
        "props": {
          "army": 2,
          "active": false
        }
      },
      {
        "name": "bdt_t2_bomb_object_08",
        "tm": [
          [
            0.737278,
            0.0,
            0.67559
          ],
          [
            0.0,
            1.0,
            0.0
          ],
          [
            -0.67559,
            0.0,
            0.737278
          ],
          [
            -18314.5,
            208.476,
            4396.5
          ]
        ],
        "unit_class": "dynBase_ammunition_camp_square",
        "objLayer": 2,
        "props": {
          "army": 2,
          "active": false
        }
      },
      {
        "name": "bdt_t2_bomb_object_09",
        "tm": [
          [
            0.92388,
            0.0,
            0.382684
          ],
          [
            0.0,
            1.0,
            0.0
          ],
          [
            -0.382684,
            0.0,
            0.92388
          ],
          [
            -15076.0,
            164.23,
            -13606.3
          ]
        ],
        "unit_class": "dynBase_ammunition_camp_square",
        "objLayer": 2,
        "props": {
          "army": 2,
          "active": false
        }
      },
      {
        "name": "bdt_t2_bomb_object_10",
        "tm": [
          [
            0.793354,
            0.0,
            0.608762
          ],
          [
            0.0,
            1.0,
            0.0
          ],
          [
            -0.608762,
            0.0,
            0.793354
          ],
          [
            -18959.4,
            201.503,
            -25358.1
          ]
        ],
        "unit_class": "dynBase_ammunition_camp_square",
        "objLayer": 2,
        "props": {
          "army": 2,
          "active": false
        }
      },
      {
        "name": "bdt_t1_bomb_object_09",
        "tm": [
          [
            0.996195,
            0.0,
            0.0871551
          ],
          [
            0.0,
            1.0,
            0.0
          ],
          [
            -0.0871551,
            0.0,
            0.996195
          ],
          [
            25256.0,
            21.5542,
            -2736.03
          ]
        ],
        "unit_class": "dynBase_ammunition_camp_square",
        "objLayer": 2,
        "props": {
          "army": 1,
          "active": false
        }
      },
      {
        "name": "bdt_t1_bomb_object_10",
        "tm": [
          [
            0.843392,
            0.0,
            0.5373
          ],
          [
            0.0,
            1.0,
            0.0
          ],
          [
            -0.5373,
            0.0,
            0.843392
          ],
          [
            943.657,
            0.0184937,
            -13274.7
          ]
        ],
        "unit_class": "dynBase_ammunition_camp_square",
        "objLayer": 2,
        "props": {
          "army": 1,
          "active": false
        }
      },
      {
        "name": "bdt_t1_bomb_object_11",
        "tm": [
          [
            0.996195,
            0.0,
            0.0871551
          ],
          [
            0.0,
            1.0,
            0.0
          ],
          [
            -0.0871551,
            0.0,
            0.996195
          ],
          [
            21175.2,
            21.5546,
            24763.1
          ]
        ],
        "unit_class": "dynBase_ammunition_camp_square",
        "objLayer": 2,
        "props": {
          "army": 1,
          "active": false
        }
      },
      {
        "name": "bdt_t1_bomb_object_12",
        "tm": [
          [
            0.996195,
            0.0,
            0.0871551
          ],
          [
            0.0,
            1.0,
            0.0
          ],
          [
            -0.0871551,
            0.0,
            0.996195
          ],
          [
            16899.8,
            21.5493,
            14509.8
          ]
        ],
        "unit_class": "dynBase_ammunition_camp_square",
        "objLayer": 2,
        "props": {
          "army": 1,
          "active": false
        }
      },
      {
        "name": "bdt_t1_bomb_object_13",
        "tm": [
          [
            0.996195,
            0.0,
            0.0871551
          ],
          [
            0.0,
            1.0,
            0.0
          ],
          [
            -0.0871551,
            0.0,
            0.996195
          ],
          [
            15991.7,
            5.5044,
            -20155.4
          ]
        ],
        "unit_class": "dynBase_ammunition_camp_square",
        "objLayer": 2,
        "props": {
          "army": 1,
          "active": false
        }
      },
      {
        "name": "bdt_t1_bomb_object_14",
        "tm": [
          [
            0.996195,
            0.0,
            0.0871551
          ],
          [
            0.0,
            1.0,
            0.0
          ],
          [
            -0.0871551,
            0.0,
            0.996195
          ],
          [
            13858.4,
            19.0464,
            1583.58
          ]
        ],
        "unit_class": "dynBase_ammunition_camp_square",
        "objLayer": 2,
        "props": {
          "army": 1,
          "active": false
        }
      },
      {
        "name": "bdt_t1_bomb_object_15",
        "tm": [
          [
            0.996195,
            0.0,
            0.0871551
          ],
          [
            0.0,
            1.0,
            0.0
          ],
          [
            -0.0871551,
            0.0,
            0.996195
          ],
          [
            16087.5,
            19.0396,
            -7633.06
          ]
        ],
        "unit_class": "dynBase_ammunition_camp_square",
        "objLayer": 2,
        "props": {
          "army": 1,
          "active": false
        }
      },
      {
        "name": "bdt_t1_bomb_object_16",
        "tm": [
          [
            0.996195,
            0.0,
            0.0871551
          ],
          [
            0.0,
            1.0,
            0.0
          ],
          [
            -0.0871551,
            0.0,
            0.996195
          ],
          [
            9056.14,
            19.0396,
            -9019.85
          ]
        ],
        "unit_class": "dynBase_ammunition_camp_square",
        "objLayer": 2,
        "props": {
          "army": 1,
          "active": false
        }
      },
      {
        "name": "bdt_t1_bomb_object_17",
        "tm": [
          [
            0.996195,
            0.0,
            0.0871551
          ],
          [
            0.0,
            1.0,
            0.0
          ],
          [
            -0.0871551,
            0.0,
            0.996195
          ],
          [
            896.979,
            19.0425,
            -17157.6
          ]
        ],
        "unit_class": "dynBase_ammunition_camp_square",
        "objLayer": 2,
        "props": {
          "army": 1,
          "active": false
        }
      },
      {
        "name": "bdt_t1_bomb_object_18",
        "tm": [
          [
            0.996195,
            0.0,
            0.0871551
          ],
          [
            0.0,
            1.0,
            0.0
          ],
          [
            -0.0871551,
            0.0,
            0.996195
          ],
          [
            2946.77,
            19.043,
            -22830.6
          ]
        ],
        "unit_class": "dynBase_ammunition_camp_square",
        "objLayer": 2,
        "props": {
          "army": 1,
          "active": false
        }
      },
      {
        "name": "bdt_t1_bomb_object_19",
        "tm": [
          [
            0.996195,
            0.0,
            0.0871551
          ],
          [
            0.0,
            1.0,
            0.0
          ],
          [
            -0.0871551,
            0.0,
            0.996195
          ],
          [
            60.8181,
            19.0435,
            -29216.2
          ]
        ],
        "unit_class": "dynBase_ammunition_camp_square",
        "objLayer": 2,
        "props": {
          "army": 1,
          "active": false
        }
      },
      {
        "name": "bdt_t1_bomb_object_20",
        "tm": [
          [
            0.996195,
            0.0,
            0.0871551
          ],
          [
            0.0,
            1.0,
            0.0
          ],
          [
            -0.0871551,
            0.0,
            0.996195
          ],
          [
            6300.76,
            19.0433,
            -26743.5
          ]
        ],
        "unit_class": "dynBase_ammunition_camp_square",
        "objLayer": 2,
        "props": {
          "army": 1,
          "active": false
        }
      },
      {
        "name": "bdt_t2_bomb_object_11",
        "tm": [
          [
            0.793354,
            0.0,
            0.608762
          ],
          [
            0.0,
            1.0,
            0.0
          ],
          [
            -0.608762,
            0.0,
            0.793354
          ],
          [
            -25066.5,
            146.04,
            -23993.7
          ]
        ],
        "unit_class": "dynBase_ammunition_camp_square",
        "objLayer": 2,
        "props": {
          "army": 2,
          "active": false
        }
      },
      {
        "name": "bdt_t2_bomb_object_12",
        "tm": [
          [
            0.793354,
            0.0,
            0.608762
          ],
          [
            0.0,
            1.0,
            0.0
          ],
          [
            -0.608762,
            0.0,
            0.793354
          ],
          [
            -22854.1,
            170.456,
            -29766.7
          ]
        ],
        "unit_class": "dynBase_ammunition_camp_square",
        "objLayer": 2,
        "props": {
          "army": 2,
          "active": false
        }
      },
      {
        "name": "bdt_t2_bomb_object_13",
        "tm": [
          [
            0.793354,
            0.0,
            0.608762
          ],
          [
            0.0,
            1.0,
            0.0
          ],
          [
            -0.608762,
            0.0,
            0.793354
          ],
          [
            -15287.9,
            134.812,
            -6863.27
          ]
        ],
        "unit_class": "dynBase_ammunition_camp_square",
        "objLayer": 2,
        "props": {
          "army": 2,
          "active": false
        }
      },
      {
        "name": "bdt_t2_bomb_object_14",
        "tm": [
          [
            0.793354,
            0.0,
            0.608762
          ],
          [
            0.0,
            1.0,
            0.0
          ],
          [
            -0.608762,
            0.0,
            0.793354
          ],
          [
            -8665.31,
            197.138,
            13744.8
          ]
        ],
        "unit_class": "dynBase_ammunition_camp_square",
        "objLayer": 2,
        "props": {
          "army": 2,
          "active": false
        }
      },
      {
        "name": "bdt_t2_bomb_object_15",
        "tm": [
          [
            0.793354,
            0.0,
            0.608762
          ],
          [
            0.0,
            1.0,
            0.0
          ],
          [
            -0.608762,
            0.0,
            0.793354
          ],
          [
            -12664.5,
            89.4245,
            20914.3
          ]
        ],
        "unit_class": "dynBase_ammunition_camp_square",
        "objLayer": 2,
        "props": {
          "army": 2,
          "active": false
        }
      },
      {
        "name": "bdt_t2_bomb_object_16",
        "tm": [
          [
            0.793354,
            0.0,
            0.608762
          ],
          [
            0.0,
            1.0,
            0.0
          ],
          [
            -0.608762,
            0.0,
            0.793354
          ],
          [
            -16564.8,
            130.316,
            24691.5
          ]
        ],
        "unit_class": "dynBase_ammunition_camp_square",
        "objLayer": 2,
        "props": {
          "army": 2,
          "active": false
        }
      },
      {
        "name": "bdt_t2_bomb_object_17",
        "tm": [
          [
            0.793354,
            0.0,
            0.608762
          ],
          [
            0.0,
            1.0,
            0.0
          ],
          [
            -0.608762,
            0.0,
            0.793354
          ],
          [
            -22700.3,
            233.63,
            18847.3
          ]
        ],
        "unit_class": "dynBase_ammunition_camp_square",
        "objLayer": 2,
        "props": {
          "army": 2,
          "active": false
        }
      },
      {
        "name": "bdt_t2_bomb_object_18",
        "tm": [
          [
            0.793354,
            0.0,
            0.608762
          ],
          [
            0.0,
            1.0,
            0.0
          ],
          [
            -0.608762,
            0.0,
            0.793354
          ],
          [
            -17576.7,
            233.628,
            15817.8
          ]
        ],
        "unit_class": "dynBase_ammunition_camp_square",
        "objLayer": 2,
        "props": {
          "army": 2,
          "active": false
        }
      },
      {
        "name": "bdt_t2_bomb_object_19",
        "tm": [
          [
            0.793354,
            0.0,
            0.608762
          ],
          [
            0.0,
            1.0,
            0.0
          ],
          [
            -0.608762,
            0.0,
            0.793354
          ],
          [
            -21129.9,
            176.059,
            8666.28
          ]
        ],
        "unit_class": "dynBase_ammunition_camp_square",
        "objLayer": 2,
        "props": {
          "army": 2,
          "active": false
        }
      },
      {
        "name": "bdt_t2_bomb_object_20",
        "tm": [
          [
            0.793354,
            0.0,
            0.608762
          ],
          [
            0.0,
            1.0,
            0.0
          ],
          [
            -0.608762,
            0.0,
            0.793354
          ],
          [
            -17220.5,
            123.987,
            -1916.42
          ]
        ],
        "unit_class": "dynBase_ammunition_camp_square",
        "objLayer": 2,
        "props": {
          "army": 2,
          "active": false
        }
      }
    ],
    "armada": {
      "name": "bdt_armada",
      "tm": [
        [
          1.0,
          0.0,
          0.0
        ],
        [
          0.0,
          1.0,
          0.0
        ],
        [
          0.0,
          0.0,
          1.0
        ],
        [
          -1691.98,
          1388.0,
          -4126.78
        ]
      ],
      "unit_class": "b-17g",
      "objLayer": 1,
      "closed_waypoints": false,
      "isShipSpline": false,
      "shipTurnRadius": 100.0,
      "weapons": "B17G_8x1000lbs",
      "bullets0": "",
      "bullets1": "",
      "bullets2": "",
      "bullets3": "",
      "bulletsCount0": 0,
      "bulletsCount1": 0,
      "bulletsCount2": 0,
      "bulletsCount3": 0,
      "crewSkillK": 0.0,
      "applyAllMods": false,
      "props": {
        "army": 2,
        "count": 1,
        "free_distance": 70.0,
        "floating_distance": 50.0,
        "minimum_distance_to_earth": 20.0,
        "altLimit": 6000.0,
        "attack_type": "fire_at_will",
        "skill": 4,
        "plane": {
          "wing_formation": "Diamond",
          "row_distances": 3.0,
          "col_distances": 3.0,
          "super_formation": "Diamond",
          "super_row_distances": 1.5,
          "super_col_distances": 1.5,
          "ai_skill": "NORMAL",
          "task": "FLY_WAYPOINT"
        }
      },
      "way": {}
    }
  },
  "areas": {
    "bdt_t1_bomb_zone_01": {
      "type": "Sphere",
      "tm": [
        [
          421.696,
          0.0,
          268.65
        ],
        [
          0.0,
          500.0,
          0.0
        ],
        [
          -268.65,
          0.0,
          421.696
        ],
        [
          -3071.43,
          0.18122,
          -21493.4
        ]
      ],
      "objLayer": 0,
      "props": {}
    },
    "bdt_t1_bomb_zone_02": {
      "type": "Sphere",
      "tm": [
        [
          500.0,
          0.0,
          0.0
        ],
        [
          0.0,
          500.0,
          0.0
        ],
        [
          0.0,
          0.0,
          500.0
        ],
        [
          6687.3,
          0.2,
          -14696.8
        ]
      ],
      "objLayer": 0,
      "props": {}
    },
    "bdt_t1_bomb_zone_03": {
      "type": "Sphere",
      "tm": [
        [
          409.576,
          0.0,
          286.788
        ],
        [
          0.0,
          500.0,
          0.0
        ],
        [
          -286.788,
          0.0,
          409.576
        ],
        [
          4150.13,
          2.95478,
          -7760.66
        ]
      ],
      "objLayer": 0,
      "props": {}
    },
    "bdt_t1_bomb_zone_04": {
      "type": "Sphere",
      "tm": [
        [
          500.0,
          0.0,
          0.0
        ],
        [
          0.0,
          500.0,
          0.0
        ],
        [
          0.0,
          0.0,
          500.0
        ],
        [
          10606.9,
          2.9492,
          -2039.67
        ]
      ],
      "objLayer": 0,
      "props": {}
    },
    "bdt_t1_bomb_zone_05": {
      "type": "Sphere",
      "tm": [
        [
          488.148,
          0.0,
          108.22
        ],
        [
          0.0,
          500.0,
          0.0
        ],
        [
          -108.22,
          0.0,
          488.148
        ],
        [
          17874.7,
          43.2432,
          4986.99
        ]
      ],
      "objLayer": 0,
      "props": {}
    },
    "bdt_t1_bomb_zone_06": {
      "type": "Sphere",
      "tm": [
        [
          500.0,
          0.0,
          0.0
        ],
        [
          0.0,
          500.0,
          0.0
        ],
        [
          0.0,
          0.0,
          500.0
        ],
        [
          11327.3,
          0.571098,
          8277.15
        ]
      ],
      "objLayer": 0,
      "props": {}
    },
    "bdt_t1_bomb_zone_07": {
      "type": "Sphere",
      "tm": [
        [
          500.0,
          0.0,
          0.0
        ],
        [
          0.0,
          500.0,
          0.0
        ],
        [
          0.0,
          0.0,
          500.0
        ],
        [
          17948.7,
          53.1008,
          -12115.1
        ]
      ],
      "objLayer": 0,
      "props": {}
    },
    "bdt_t1_bomb_zone_08": {
      "type": "Sphere",
      "tm": [
        [
          500.0,
          0.0,
          0.0
        ],
        [
          0.0,
          500.0,
          0.0
        ],
        [
          0.0,
          0.0,
          500.0
        ],
        [
          24975.7,
          33.6822,
          20716.5
        ]
      ],
      "objLayer": 0,
      "props": {}
    },
    "bdt_t2_bomb_zone_01": {
      "type": "Sphere",
      "tm": [
        [
          500.0,
          0.0,
          0.0
        ],
        [
          0.0,
          500.0,
          0.0
        ],
        [
          0.0,
          0.0,
          500.0
        ],
        [
          -21809.5,
          194.982,
          -16729.5
        ]
      ],
      "objLayer": 0,
      "props": {}
    },
    "bdt_t2_bomb_zone_02": {
      "type": "Sphere",
      "tm": [
        [
          500.0,
          0.0,
          0.0
        ],
        [
          0.0,
          500.0,
          0.0
        ],
        [
          0.0,
          0.0,
          500.0
        ],
        [
          -12765.2,
          188.619,
          6690.19
        ]
      ],
      "objLayer": 0,
      "props": {}
    },
    "bdt_t2_bomb_zone_03": {
      "type": "Sphere",
      "tm": [
        [
          499.524,
          0.0,
          -21.8097
        ],
        [
          0.0,
          500.0,
          0.0
        ],
        [
          21.8097,
          0.0,
          499.524
        ],
        [
          -5613.84,
          142.654,
          2984.22
        ]
      ],
      "objLayer": 0,
      "props": {}
    },
    "bdt_t2_bomb_zone_04": {
      "type": "Sphere",
      "tm": [
        [
          409.576,
          0.0,
          -286.788
        ],
        [
          0.0,
          500.0,
          0.0
        ],
        [
          286.788,
          0.0,
          409.576
        ],
        [
          -22653.5,
          208.33,
          -7819.41
        ]
      ],
      "objLayer": 0,
      "props": {}
    },
    "bdt_t2_bomb_zone_05": {
      "type": "Sphere",
      "tm": [
        [
          368.639,
          0.0,
          -337.795
        ],
        [
          0.0,
          500.0,
          0.0
        ],
        [
          337.795,
          0.0,
          368.639
        ],
        [
          486.262,
          154.483,
          14704.5
        ]
      ],
      "objLayer": 0,
      "props": {}
    },
    "bdt_t2_bomb_zone_06": {
      "type": "Sphere",
      "tm": [
        [
          476.858,
          0.0,
          -150.353
        ],
        [
          0.0,
          500.0,
          0.0
        ],
        [
          150.353,
          0.0,
          476.858
        ],
        [
          3815.52,
          85.1083,
          23238.6
        ]
      ],
      "objLayer": 0,
      "props": {}
    },
    "bdt_t2_bomb_zone_07": {
      "type": "Sphere",
      "tm": [
        [
          500.0,
          0.0,
          0.0
        ],
        [
          0.0,
          500.0,
          0.0
        ],
        [
          0.0,
          0.0,
          500.0
        ],
        [
          -92.65,
          199.706,
          22481.3
        ]
      ],
      "objLayer": 0,
      "props": {}
    },
    "bdt_t2_bomb_zone_08": {
      "type": "Sphere",
      "tm": [
        [
          500.0,
          0.0,
          0.0
        ],
        [
          0.0,
          500.0,
          0.0
        ],
        [
          0.0,
          0.0,
          500.0
        ],
        [
          -18273.3,
          209.09,
          4383.8
        ]
      ],
      "objLayer": 0,
      "props": {}
    },
    "bdt_t2_bomb_zone_09": {
      "type": "Sphere",
      "tm": [
        [
          482.963,
          0.0,
          -129.41
        ],
        [
          0.0,
          500.0,
          0.0
        ],
        [
          129.41,
          0.0,
          482.963
        ],
        [
          -15089.5,
          164.234,
          -13600.5
        ]
      ],
      "objLayer": 0,
      "props": {}
    },
    "bdt_t2_bomb_zone_10": {
      "type": "Sphere",
      "tm": [
        [
          500.0,
          0.0,
          0.0
        ],
        [
          0.0,
          500.0,
          0.0
        ],
        [
          0.0,
          0.0,
          500.0
        ],
        [
          -18945.4,
          203.75,
          -25316.0
        ]
      ],
      "objLayer": 0,
      "props": {}
    },
    "bdt_t1_bomb_zone_09": {
      "type": "Sphere",
      "tm": [
        [
          396.677,
          0.0,
