{
  "selected_tag": "",
  "bin_dump_file": "",
  "mission_settings": {
    "player": {
      "army": 1,
      "wing": "player_wing"
    },
    "player_teamB": {
      "army": 2
    },
    "mission": {
      "level": "levels/malta.bin",
      "type": "domination",
      "restoreType": "attempts",
      "optionalTakeOff": false,
      "environment": "Day",
      "weather": "hazy"
    }
  },
  "imports": [],
  "triggers": {
    "isCategory": true,
    "is_enabled": true
  },
  "mission_objectives": {
    "isCategory": true,
    "is_enabled": true
  },
  "variables": [],
  "dialogs": [],
  "airfields": [],
  "effects": [],
  "units": [
    {
      "armada": {
        "name": "player_wing",
        "tm": [
          [0.130526,0.0,0.991445],
          [0.0,1.0,0.0],
          [-0.991445,0.0,0.130526],
          [10711.4,62.2,-6671.9]
        ],
        "closed_waypoints": false,
        "unit_class": "a6m5_zero",
        "weapons": "",
        "props": {
          "army": 2,
          "count": 1,
          "free_distance": 70.0,
          "floating_distance": 50.0,
          "minimum_distance_to_earth": 20.0,
          "altLimit": 6000.0,
          "attack_type": "fire_at_will",
          "skill": 4,
          "plane": {
            "wing_formation": "Diamond",
            "row_distances": 3.0,
            "col_distances": 3.0,
            "super_formation": "Diamond",
            "super_row_distances": 1.5,
            "super_col_distances": 1.5,
            "ai_skill": "NORMAL",
            "task": "FLY_WAYPOINT"
          }
        },
        "way": []
      }
    },
    {
      "structures": {
        "name": "structures_01",
        "tm": [
          [0.382683,0.0,0.92388],
          [0.0,1.0,0.0],
          [-0.92388,0.0,0.382683],
          [10739.9,9.45,-6229.25]
        ],
        "closed_waypoints": false,
        "unit_class": "airshow_buoy",
        "weapons": "",
        "props": {
          "army": 2,
          "count": 1,
          "formation_type": "rows",
          "formation_div": 3,
          "formation_step": [2.5,2.0],
          "formation_noise": [0.1,0.1],
          "uniqueName": "",
          "attack_type": "fire_at_will"
        },
        "way": []
      }
    },
    {
      "structures": {
        "name": "structures_02",
        "tm": [
          [0.793353,0.0,0.608761],
          [0.0,1.0,0.0],
          [-0.608761,0.0,0.793353],
          [11046.7,50.7,-5787.15]
        ],
        "closed_waypoints": false,
        "unit_class": "airshow_buoy",
        "weapons": "",
        "props": {
          "army": 2,
          "count": 1,
          "formation_type": "rows",
          "formation_div": 3,
          "formation_step": [2.5,2.0],
          "formation_noise": [0.1,0.1],
          "uniqueName": "",
          "attack_type": "fire_at_will"
        },
        "way": []
      }
    },
    {
      "structures": {
        "name": "structures_03",
        "tm": [
          [0.5373,0.0,0.843391],
          [0.0,1.0,0.0],
          [-0.843391,0.0,0.5373],
          [11410.8,50.7,-5554.05]
        ],
        "closed_waypoints": false,
        "unit_class": "airshow_buoy",
        "weapons": "",
        "props": {
          "army": 2,
          "count": 1,
          "formation_type": "rows",
          "formation_div": 3,
          "formation_step": [2.5,2.0],
          "formation_noise": [0.1,0.1],
          "uniqueName": "",
          "attack_type": "fire_at_will"
        },
        "way": []
      }
    },
    {
      "structures": {
        "name": "structures_04",
        "tm": [
          [0.819152,0.0,0.573576],
          [0.0,1.0,0.0],
          [-0.573576,0.0,0.819152],
          [11711.5,50.7,-5148.7]
        ],
        "closed_waypoints": false,
        "unit_class": "airshow_buoy",
        "weapons": "",
        "props": {
          "army": 2,
          "count": 1,
          "formation_type": "rows",
          "formation_div": 3,
          "formation_step": [2.5,2.0],
          "formation_noise": [0.1,0.1],
          "uniqueName": "",
          "attack_type": "fire_at_will"
        },
        "way": []
      }
    },
    {
      "structures": {
        "name": "structures_05",
        "tm": [
          [0.819152,0.0,0.573576],
          [0.0,1.0,0.0],
          [-0.573576,0.0,0.819152],
          [12175.0,50.7,-4825.05]
        ],
        "closed_waypoints": false,
        "unit_class": "airshow_buoy",
        "weapons": "",
        "props": {
          "army": 2,
          "count": 1,
          "formation_type": "rows",
          "formation_div": 3,
          "formation_step": [2.5,2.0],
          "formation_noise": [0.1,0.1],
          "uniqueName": "",
          "attack_type": "fire_at_will"
        },
        "way": []
      }
    }
  ],
  "areas": []
}