{
  "selected_tag": "",
  "bin_dump_file": "",
  "mission_settings": {
    "player": {
      "army": 1,
      "wing": "armada_01"
    },
    "player_teamB": {
      "army": 2
    },
    "mission": {
      "type": "campaign",
      "level": "levels/arcade_tabletop_mountain.bin",
      "environment": "13",
      "weather": "blind",
      "attempts": true,
      "restoreType": "attempts",
      "optionalTakeOff": false
    },
    "atmosphere": {
      "pressure": 760.0,
      "temperature": 0.0
    },
    "spectator_points": []
  },
  "imports": [],
  "triggers": {
    "isCategory": true,
    "is_enabled": true
  },
  "mission_objectives": {
    "isCategory": true,
    "is_enabled": true
  },
  "variables": [],
  "dialogs": [],
  "airfields": [],
  "effects": [],
  "units": [
    {
      "armada": {
        "name": "armada_01",
        "tm": [
          [-0.784669,0.0,0.619914],
          [-4.38561e-08,1.0,-4.40112e-07],
          [-0.619914,7.45058e-09,-0.784669],
          [14406.8,5757.46,-11239.6]
        ],
        "unit_class": "spitfire_mk5c",
        "closed_waypoints": false,
        "weapons": "",
        "bullets0": "",
        "bullets1": "",
        "bullets2": "",
        "bullets3": "",
        "bulletsCount0": 0,
        "bulletsCount1": 0,
        "bulletsCount2": 0,
        "bulletsCount3": 0,
        "props": {
          "army": 1,
          "free_distance": 70.0,
          "floating_distance": 50.0,
          "minimum_distance_to_earth": 20.0,
          "altLimit": 6000.0,
          "attack_type": "fire_at_will",
          "skill": 4,
          "count": 1,
          "plane": {
            "wing_formation": "F_DEFAULT",
            "ai_skill": "NORMAL",
            "task": "FLY_WAYPOINT",
            "row_distances": 1.5,
            "col_distances": 1.5,
            "super_formation": "Diamond",
            "super_row_distances": 1.5,
            "super_col_distances": 1.5
          }
        },
        "way": []
      }
    },
    {
      "tracked_vehicles": {
        "name": "tracked_vehicles_01",
        "tm": [
          [0.887011,0.0,-0.461749],
          [0.0,1.0,0.0],
          [0.461749,0.0,0.887011],
          [15677.0,22.1953,7453.04]
        ],
        "unit_class": "us_m4a1",
        "closed_waypoints": false,
        "weapons": "",
        "bullets0": "",
        "bullets1": "",
        "bullets2": "",
        "bullets3": "",
        "bulletsCount0": 0,
        "bulletsCount1": 0,
        "bulletsCount2": 0,
        "bulletsCount3": 0,
        "props": {
          "army": 2,
          "count": 1,
          "formation_type": "rows",
          "formation_div": 3,
          "formation_step": [4.0,3.0],
          "formation_noise": [2.0,2.0],
          "uniqueName": "",
          "attack_type": "fire_at_will"
        },
        "way": []
      }
    },
    {
      "tracked_vehicles": {
        "name": "tracked_vehicles_02",
        "tm": [
          [0.887011,0.0,-0.461749],
          [0.0,1.0,0.0],
          [0.461749,0.0,0.887011],
          [15793.1,22.1953,7625.64]
        ],
        "unit_class": "us_m4a1",
        "closed_waypoints": false,
        "weapons": "",
        "bullets0": "",
        "bullets1": "",
        "bullets2": "",
        "bullets3": "",
        "bulletsCount0": 0,
        "bulletsCount1": 0,
        "bulletsCount2": 0,
        "bulletsCount3": 0,
        "props": {
          "army": 2,
          "count": 1,
          "formation_type": "rows",
          "formation_div": 3,
          "formation_step": [4.0,3.0],
          "formation_noise": [2.0,2.0],
          "uniqueName": "",
          "attack_type": "fire_at_will"
        },
        "way": []
      }
    },
    {
      "tracked_vehicles": {
        "name": "tracked_vehicles_03",
        "tm": [
          [0.887011,0.0,-0.461749],
          [0.0,1.0,0.0],
          [0.461749,0.0,0.887011],
          [15878.1,22.1953,7355.84]
        ],
        "unit_class": "us_m4a1",
        "closed_waypoints": false,
        "weapons": "",
        "bullets0": "",
        "bullets1": "",
        "bullets2": "",
        "bullets3": "",
        "bulletsCount0": 0,
        "bulletsCount1": 0,
        "bulletsCount2": 0,
        "bulletsCount3": 0,
        "props": {
          "army": 2,
          "count": 1,
          "formation_type": "rows",
          "formation_div": 3,
          "formation_step": [4.0,3.0],
          "formation_noise": [2.0,2.0],
          "uniqueName": "",
          "attack_type": "fire_at_will"
        },
        "way": []
      }
    },
    {
      "tracked_vehicles": {
        "name": "tracked_vehicles_04",
        "tm": [
          [0.887011,0.0,-0.461749],
          [0.0,1.0,0.0],
          [0.461749,0.0,0.887011],
          [15554.6,22.1953,7246.04]
        ],
        "unit_class": "us_m4a1",
        "closed_waypoints": false,
        "weapons": "",
        "bullets0": "",
        "bullets1": "",
        "bullets2": "",
        "bullets3": "",
        "bulletsCount0": 0,
        "bulletsCount1": 0,
        "bulletsCount2": 0,
        "bulletsCount3": 0,
        "props": {
          "army": 2,
          "count": 1,
          "formation_type": "rows",
          "formation_div": 3,
          "formation_step": [4.0,3.0],
          "formation_noise": [2.0,2.0],
          "uniqueName": "",
          "attack_type": "fire_at_will"
        },
        "way": []
      }
    },
    {
      "tracked_vehicles": {
        "name": "tracked_vehicles_05",
        "tm": [
          [0.887011,0.0,-0.461749],
          [0.0,1.0,0.0],
          [0.461749,0.0,0.887011],
          [15294.9,22.1953,7492.84]
        ],
        "unit_class": "us_m4a1",
        "closed_waypoints": false,
        "weapons": "",
        "bullets0": "",
        "bullets1": "",
        "bullets2": "",
        "bullets3": "",
        "bulletsCount0": 0,
        "bulletsCount1": 0,
        "bulletsCount2": 0,
        "bulletsCount3": 0,
        "props": {
          "army": 2,
          "count": 1,
          "formation_type": "rows",
          "formation_div": 3,
          "formation_step": [4.0,3.0],
          "formation_noise": [2.0,2.0],
          "uniqueName": "",
          "attack_type": "fire_at_will"
        },
        "way": []
      }
    },
    {
      "ships": {
        "name": "ships_01",
        "tm": [
          [0.642788,0.0,-0.766044],
          [0.0,1.0,0.0],
          [0.766044,0.0,0.642788],
          [16549.0,-0.00468826,5163.64]
        ],
        "unit_class": "ijn_dd_shiratsuyu",
        "closed_waypoints": false,
        "weapons": "",
        "bullets0": "",
        "bullets1": "",
        "bullets2": "",
        "bullets3": "",
        "bulletsCount0": 0,
        "bulletsCount1": 0,
        "bulletsCount2": 0,
        "bulletsCount3": 0,
        "props": {
          "army": 2,
          "count": 3,
          "formation_type": "rows",
          "formation_div": 1,
          "formation_step": [4.0,1.0],
          "formation_noise": [0.2,0.1],
          "uniqueName": "",
          "attack_type": "fire_at_will"
        },
        "way": []
      }
    }
  ],
  "areas": [],
  "objLayers": [
    {
      "layer": {
        "enabled": true
      }
    },
    {
      "layer": {
        "enabled": true
      }
    },
    {
      "layer": {
        "enabled": true
      }
    },
    {
      "layer": {
        "enabled": true
      }
    }
  ],
  "wayPoints": []
}