{
  "selected_tag": "",
  "bin_dump_file": "",
  "mission_settings": {
    "player": [
      {
        "army": 1
      },
      {
        "wing": "t1_player01"
      },
      {
        "wing": "t1_player02"
      },
      {
        "wing": "t1_player03"
      },
      {
        "wing": "t1_player04"
      },
      {
        "wing": "t1_player05"
      },
      {
        "wing": "t1_player06"
      },
      {
        "wing": "t1_player07"
      },
      {
        "wing": "t1_player08"
      },
      {
        "wing": "t1_player09"
      },
      {
        "wing": "t1_player10"
      },
      {
        "wing": "t1_player11"
      },
      {
        "wing": "t1_player12"
      },
      {
        "wing": "t1_player13"
      },
      {
        "wing": "t1_player14"
      },
      {
        "wing": "t1_player15"
      },
      {
        "wing": "t1_player16"
      },
      {
        "wing": "t1_player17"
      },
      {
        "wing": "t1_player18"
      },
      {
        "wing": "t1_player19"
      },
      {
        "wing": "t1_player20"
      },
      {
        "wing": "t1_player21"
      },
      {
        "wing": "t1_player22"
      },
      {
        "wing": "t1_player23"
      },
      {
        "wing": "t1_player24"
      },
      {
        "wing": "t1_player25"
      },
      {
        "wing": "t1_player26"
      },
      {
        "wing": "t1_player27"
      },
      {
        "wing": "t1_player28"
      },
      {
        "wing": "t1_player29"
      },
      {
        "wing": "t1_player30"
      },
      {
        "wing": "t1_player31"
      },
      {
        "wing": "t1_player32"
      }
    ],
    "player_teamB": [
      {
        "army": 2
      },
      {
        "wing": "t2_player01"
      },
      {
        "wing": "t2_player02"
      },
      {
        "wing": "t2_player03"
      },
      {
        "wing": "t2_player04"
      },
      {
        "wing": "t2_player05"
      },
      {
        "wing": "t2_player06"
      },
      {
        "wing": "t2_player07"
      },
      {
        "wing": "t2_player08"
      },
      {
        "wing": "t2_player09"
      },
      {
        "wing": "t2_player10"
      },
      {
        "wing": "t2_player11"
      },
      {
        "wing": "t2_player12"
      },
      {
        "wing": "t2_player13"
      },
      {
        "wing": "t2_player14"
      },
      {
        "wing": "t2_player15"
      },
      {
        "wing": "t2_player16"
      },
      {
        "wing": "t2_player17"
      },
      {
        "wing": "t2_player18"
      },
      {
        "wing": "t2_player19"
      },
      {
        "wing": "t2_player20"
      },
      {
        "wing": "t2_player21"
      },
      {
        "wing": "t2_player22"
      },
      {
        "wing": "t2_player23"
      },
      {
        "wing": "t2_player24"
      },
      {
        "wing": "t2_player25"
      },
      {
        "wing": "t2_player26"
      },
      {
        "wing": "t2_player27"
      },
      {
        "wing": "t2_player28"
      },
      {
        "wing": "t2_player29"
      },
      {
        "wing": "t2_player30"
      },
      {
        "wing": "t2_player31"
      },
      {
        "wing": "t2_player32"
      },
      {
        "wing": "t2_player33"
      }
    ],
    "mission": {
      "level": "levels/avg_ardennes.bin",
      "type": "domination",
      "environment": "Day",
      "weather": "clear",
      "locName": "missions/_CnvB;ardennes/name",
      "locDesc": "ardennes/desc;missions/_Cnv/desc",
      "scoreLimit": 10000,
      "timeLimit": 25,
      "deathPenaltyMul": 0.0,
      "postfix": "_CnvB",
      "allowedKillStreaks": true,
      "randomSpawnTeams": false,
      "remapAiTankModels": true,
      "country_axis": "germany",
      "country_allies": "ussr",
      "restoreType": "attempts",
      "optionalTakeOff": false,
      "showTacticalMapCellSize": true,
      "allowedUnitTypes": {
        "isAirplanesAllowed": true,
        "isTanksAllowed": true,
        "isShipsAllowed": false,
        "isHelicoptersAllowed": true
      }
    },
    "spectator_points": [],
    "briefing": {
      "place_loc": "",
      "date_loc": "",
      "objective_loc": "",
      "music": "action_01",
      "part": {
        "event": "",
        "minTime": 0,
        "slide": [
          {
            "map": true
          },
          {
            "minTime": 4
          },
          {
            "picture": ""
          },
          {
            "showAirMap": false
          },
          {
            "arrow": [
              {
                "width": 1
              },
              {
                "side": "enemy"
              },
              {
                "point": "briefing_tanks"
              },
              {
                "point": "convoy_waypoint01"
              },
              {
                "point": "convoy_waypoint02"
              },
              {
                "point": "convoy_waypoint03"
              },
              {
                "point": "convoy_waypoint04"
              },
              {
                "point": "convoy_waypoint04"
              }
            ]
          },
          {
            "icon": {
              "icontype": "bomber",
              "side": "ally",
              "target": "briefing_bombers",
              "lookAt": "briefing_tanks"
            }
          },
          {
            "icon": {
              "icontype": "tank",
              "side": "enemy",
              "target": "briefing_tanks"
            }
          },
          {
            "icon": {
              "icontype": "tank",
              "side": "ally",
              "target": "t1_tanks_spawn"
            }
          }
        ]
      }
    }
  },
  "imports": [
    {
      "import_record": {
        "file": "gameData/missions/templates/tank_templates/tank_base_logic_template.blk",
        "importAreas": true,
        "importUnits": true,
        "importTriggers": true,
        "importMissionObjectives": true,
        "importWayPoints": true,
        "showAreas": true,
        "showUnits": true,
        "showTriggers": true,
        "showMissionObjectives": true,
        "showWayPoints": true,
        "excludes": []
      }
    },
    {
      "import_record": {
        "file": "gameData/missions/templates/tank_convoy_template.blk",
        "importAreas": true,
        "importUnits": true,
        "importTriggers": true,
        "importMissionObjectives": true,
        "importWayPoints": true,
        "showAreas": true,
        "showUnits": true,
        "showTriggers": true,
        "showMissionObjectives": true,
        "showWayPoints": true,
        "excludes": []
      }
    },
    {
      "import_record": {
        "file": "gameData/missions/cta/tanks/ardennes/template_ardennes_air_spawn.blk",
        "importAreas": true,
        "importUnits": true,
        "importTriggers": true,
        "importMissionObjectives": true,
        "importWayPoints": true,
        "showAreas": true,
        "showUnits": true,
        "showTriggers": true,
        "showMissionObjectives": true,
        "showWayPoints": true,
        "excludes": []
      }
    },
    {
      "import_record": {
        "file": "gameData/missions/templates/ww_no_attackers_template.blk",
        "importAreas": true,
        "importUnits": true,
        "importTriggers": true,
        "importMissionObjectives": true,
        "importWayPoints": true,
        "showAreas": true,
        "showUnits": true,
        "showTriggers": true,
        "showMissionObjectives": true,
        "showWayPoints": true,
        "excludes": []
      }
    }
  ],
  "triggers": {
    "isCategory": true,
    "is_enabled": true,
    "ardennes_CnvB_init": {
      "is_enabled": true,
      "comments": "",
      "props": {
        "actionsType": "PERFORM_ONE_BY_ONE",
        "conditionsType": "ALL",
        "enableAfterComplete": false
      },
      "events": {
        "initMission": []
      },
      "conditions": [],
      "actions": [
        {
          "missionMarkAsRespawnPoint": {
            "loc_name": "missions/spawn",
            "spawnEffect": false,
            "isStrictSpawn": false,
            "isAirfield": false,
            "isUnit": false,
            "useExisting": false,
            "isIndividual": true,
            "removeAreas": false,
            "canSpawnOnNeutral": false,
            "showOnMap": true,
            "radius": 50.0,
            "onlyOnePlayerPerSpawnPoint": false,
            "resetStrictSpawnIndex": false,
            "forceCreate": false,
            "replaceAreas": false,
            "target": "t2_tanks_spawn00",
            "team": "B",
            "separate_fuel_time": false,
            "modular_airfield": false,
            "offset": [0.0,0.0,100.0],
            "tags": {
              "tank": true,
              "type_heavy_tank": true,
              "type_medium_tank": true,
              "type_light_tank": true,
              "type_tank_destroyer": true,
              "type_spaa": true
            }
          }
        },
        {
          "missionMarkAsRespawnPoint": {
            "loc_name": "missions/spawn",
            "spawnEffect": false,
            "isStrictSpawn": false,
            "isAirfield": false,
            "isUnit": false,
            "useExisting": false,
            "isIndividual": true,
            "removeAreas": false,
            "canSpawnOnNeutral": false,
            "showOnMap": true,
            "radius": -1.0,
            "onlyOnePlayerPerSpawnPoint": false,
            "resetStrictSpawnIndex": false,
            "forceCreate": false,
            "replaceAreas": false,
            "target": "t1_tanks_spawn",
            "team": "A",
            "separate_fuel_time": false,
            "modular_airfield": false,
            "offset": [0.0,0.0,0.0],
            "tags": {
              "tank": true,
              "type_heavy_tank": true,
              "type_medium_tank": true,
              "type_light_tank": true,
              "type_tank_destroyer": true,
              "type_spaa": true
            }
          }
        }
      ],
      "else_actions": []
    }
  },
  "mission_objectives": {
    "isCategory": true,
    "is_enabled": true
  },
  "variables": {
    "defenseMissionTeam": "teamB",
    "waypoints_num": 4
  },
  "dialogs": [],
  "airfields": [],
  "effects": [],
  "units": [
    {
      "tankModels": {
        "name": "t1_player01",
        "tm": [
          [1.0,0.0,0.0],
          [0.0,1.0,0.0],
          [0.0,0.0,1.0],
          [3816.24,1014.28,4718.98]
        ],
        "unit_class": "aaa_dummy",
        "objLayer": 1,
        "closed_waypoints": false,
        "isShipSpline": false,
        "shipTurnRadius": 100.0,
        "weapons": "",
        "bullets0": "",
        "bullets1": "",
        "bullets2": "",
        "bullets3": "",
        "bulletsCount0": 0,
        "bulletsCount1": 0,
        "bulletsCount2": 0,
        "bulletsCount3": 0,
        "props": {
          "army": 2,
          "count": 1,
          "formation_type": "rows",
          "formation_div": 3,
          "formation_step": [2.5,2.0],
          "formation_noise": [0.1,0.1],
          "uniqueName": "",
          "attack_type": "fire_at_will"
        },
        "way": []
      }
    },
    {
      "area_squad": {
        "name": "t2_tanks_spawn00",
        "tm": [
          [-0.974011,0.0,-0.226504],
          [0.0,1.0,0.0],
          [0.226504,0.0,-0.974011],
          [222.371,290.771,3495.06]
        ],
        "props": [
          {
            "squad_members": "t2_tanks_spawn00_01"
          },
          {
            "squad_members": "t2_tanks_spawn00_02"
          },
          {
            "squad_members": "t2_tanks_spawn00_03"
          },
          {
            "squad_members": "t2_tanks_spawn00_04"
          },
          {
            "squad_members": "t2_tanks_spawn00_05"
          },
          {
            "squad_members": "t2_tanks_spawn00_06"
          },
          {
            "squad_members": "t2_tanks_spawn00_07"
          },
          {
            "squad_members": "t2_tanks_spawn00_08"
          },
          {
            "squad_members": "t2_tanks_spawn00_09"
          },
          {
            "squad_members": "t2_tanks_spawn00_10"
          },
          {
            "squad_members": "t2_tanks_spawn00_11"
          },
          {
            "squad_members": "t2_tanks_spawn00_12"
          },
          {
            "squad_members": "t2_tanks_spawn00_13"
          },
          {
            "squad_members": "t2_tanks_spawn00_14"
          },
          {
            "squad_members": "t2_tanks_spawn00_15"
          },
          {
            "squad_members": "t2_tanks_spawn00_16"
          },
          {
            "squad_members": "t2_tanks_spawn00_17"
          },
          {
            "squad_members": "t2_tanks_spawn00_18"
          },
          {
            "squad_members": "t2_tanks_spawn00_19"
          },
          {
            "squad_members": "t2_tanks_spawn00_20"
          }
        ]
      }
    },
    {
      "area_squad": {
        "name": "t2_tanks_spawn01",
        "tm": [
          [-0.314628,0.0,0.949214],
          [0.0,1.0,0.0],
          [-0.949214,0.0,-0.314628],
          [1042.35,296.39,3420.83]
        ],
        "props": [
          {
            "squad_members": "t2_tanks_spawn01_01"
          },
          {
            "squad_members": "t2_tanks_spawn01_02"
          },
          {
            "squad_members": "t2_tanks_spawn01_03"
          },
          {
            "squad_members": "t2_tanks_spawn01_04"
          },
          {
            "squad_members": "t2_tanks_spawn01_05"
          },
          {
            "squad_members": "t2_tanks_spawn01_06"
          },
          {
            "squad_members": "t2_tanks_spawn01_07"
          },
          {
            "squad_members": "t2_tanks_spawn01_08"
          },
          {
            "squad_members": "t2_tanks_spawn01_09"
          },
          {
            "squad_members": "t2_tanks_spawn01_10"
          },
          {
            "squad_members": "t2_tanks_spawn01_11"
          },
          {
            "squad_members": "t2_tanks_spawn01_12"
          },
          {
            "squad_members": "t2_tanks_spawn01_13"
          },
          {
            "squad_members": "t2_tanks_spawn01_14"
          },
          {
            "squad_members": "t2_tanks_spawn01_15"
          },
          {
            "squad_members": "t2_tanks_spawn01_16"
          },
          {
            "squad_members": "t2_tanks_spawn01_17"
          },
          {
            "squad_members": "t2_tanks_spawn01_18"
          },
          {
            "squad_members": "t2_tanks_spawn01_19"
          },
          {
            "squad_members": "t2_tanks_spawn01_20"
          }
        ]
      }
    },
    {
      "area_squad": {
        "name": "t2_tanks_spawn02",
        "tm": [
          [0.647657,0.0,0.761932],
          [0.0,1.0,0.0],
          [-0.761932,0.0,0.647657],
          [1788.36,295.778,3573.85]
        ],
        "props": [
          {
            "squad_members": "t2_tanks_spawn02_01"
          },
          {
            "squad_members": "t2_tanks_spawn02_02"
          },
          {
            "squad_members": "t2_tanks_spawn02_03"
          },
          {
            "squad_members": "t2_tanks_spawn02_04"
          },
          {
            "squad_members": "t2_tanks_spawn02_05"
          },
          {
            "squad_members": "t2_tanks_spawn02_06"
          },
          {
            "squad_members": "t2_tanks_spawn02_07"
          },
          {
            "squad_members": "t2_tanks_spawn02_08"
          },
          {
            "squad_members": "t2_tanks_spawn02_09"
          },
          {
            "squad_members": "t2_tanks_spawn02_10"
          },
          {
            "squad_members": "t2_tanks_spawn02_11"
          },
          {
            "squad_members": "t2_tanks_spawn02_12"
          },
          {
            "squad_members": "t2_tanks_spawn02_13"
          },
          {
            "squad_members": "t2_tanks_spawn02_14"
          },
          {
            "squad_members": "t2_tanks_spawn02_15"
          },
          {
            "squad_members": "t2_tanks_spawn02_16"
          },
          {
            "squad_members": "t2_tanks_spawn02_17"
          },
          {
            "squad_members": "t2_tanks_spawn02_18"
          },
          {
            "squad_members": "t2_tanks_spawn02_19"
          },
          {
            "squad_members": "t2_tanks_spawn02_20"
          }
        ]
      }
    },
    {
      "area_squad": {
        "name": "t2_tanks_spawn03",
        "tm": [
          [-0.801049,0.0,0.598599],
          [0.0,1.0,0.0],
          [-0.598599,0.0,-0.801049],
          [3020.41,282.203,3481.27]
        ],
        "props": [
          {
            "squad_members": "t2_tanks_spawn03_01"
          },
          {
            "squad_members": "t2_tanks_spawn03_02"
          },
          {
            "squad_members": "t2_tanks_spawn03_03"
          },
          {
            "squad_members": "t2_tanks_spawn03_04"
          },
          {
            "squad_members": "t2_tanks_spawn03_05"
          },
          {
            "squad_members": "t2_tanks_spawn03_06"
          },
          {
            "squad_members": "t2_tanks_spawn03_07"
          },
          {
            "squad_members": "t2_tanks_spawn03_08"
          },
          {
            "squad_members": "t2_tanks_spawn03_09"
          },
          {
            "squad_members": "t2_tanks_spawn03_10"
          },
          {
            "squad_members": "t2_tanks_spawn03_11"
          },
          {
            "squad_members": "t2_tanks_spawn03_12"
          },
          {
            "squad_members": "t2_tanks_spawn03_13"
          },
          {
            "squad_members": "t2_tanks_spawn03_14"
          },
          {
            "squad_members": "t2_tanks_spawn03_15"
          },
          {
            "squad_members": "t2_tanks_spawn03_16"
          },
          {
            "squad_members": "t2_tanks_spawn03_17"
          },
          {
            "squad_members": "t2_tanks_spawn03_18"
          },
          {
            "squad_members": "t2_tanks_spawn03_19"
          },
          {
            "squad_members": "t2_tanks_spawn03_20"
          }
        ]
      }
    },
    {
      "area_squad": {
        "name": "t2_tanks_spawn04",
        "tm": [
          [-0.752275,0.0,-0.658849],
          [0.0,1.0,0.0],
          [0.658849,0.0,-0.752275],
          [3852.44,255.396,2907.7]
        ],
        "props": [
          {
            "squad_members": "t2_tanks_spawn04_01"
          },
          {
            "squad_members": "t2_tanks_spawn04_02"
          },
          {
            "squad_members": "t2_tanks_spawn04_03"
          },
          {
            "squad_members": "t2_tanks_spawn04_04"
          },
          {
            "squad_members": "t2_tanks_spawn04_05"
          },
          {
            "squad_members": "t2_tanks_spawn04_06"
          },
          {
            "squad_members": "t2_tanks_spawn04_07"
          },
          {
            "squad_members": "t2_tanks_spawn04_08"
          },
          {
            "squad_members": "t2_tanks_spawn04_09"
          },
          {
            "squad_members": "t2_tanks_spawn04_10"
          },
          {
            "squad_members": "t2_tanks_spawn04_11"
          },
          {
            "squad_members": "t2_tanks_spawn04_12"
          },
          {
            "squad_members": "t2_tanks_spawn04_13"
          },
          {
            "squad_members": "t2_tanks_spawn04_14"
          },
          {
            "squad_members": "t2_tanks_spawn04_15"
          },
          {
            "squad_members": "t2_tanks_spawn04_16"
          },
          {
            "squad_members": "t2_tanks_spawn04_17"
          },
          {
            "squad_members": "t2_tanks_spawn04_18"
          },
          {
            "squad_members": "t2_tanks_spawn04_19"
          },
          {
            "squad_members": "t2_tanks_spawn04_20"
          }
        ]
      }
    },
    {
      "area_squad": {
        "name": "t1_tanks_spawn",
        "tm": [
          [0.791289,0.0,0.611442],
          [0.0,1.0,0.0],
          [-0.611442,0.0,0.791289],
          [1893.36,288.969,2267.1]
        ],
        "props": [
          {
            "squad_members": "t1_tanks_spawn01"
          },
          {
            "squad_members": "t1_tanks_spawn02"
          },
          {
            "squad_members": "t1_tanks_spawn03"
          },
          {
            "squad_members": "t1_tanks_spawn04"
          },
          {
            "squad_members": "t1_tanks_spawn05"
          },
          {
            "squad_members": "t1_tanks_spawn06"
          },
          {
            "squad_members": "t1_tanks_spawn07"
          },
          {
            "squad_members": "t1_tanks_spawn08"
          },
          {
            "squad_members": "t1_tanks_spawn09"
          },
          {
            "squad_members": "t1_tanks_spawn10"
          },
          {
            "squad_members": "t1_tanks_spawn11"
          },
          {
            "squad_members": "t1_tanks_spawn12"
          },
          {
            "squad_members": "t1_tanks_spawn13"
          },
          {
            "squad_members": "t1_tanks_spawn14"
          },
          {
            "squad_members": "t1_tanks_spawn15"
          },
          {
            "squad_members": "t1_tanks_spawn16"
          },
          {
            "squad_members": "t1_tanks_spawn17"
          },
          {
            "squad_members": "t1_tanks_spawn18"
          },
          {
            "squad_members": "t1_tanks_spawn19"
          },
          {
            "squad_members": "t1_tanks_spawn20"
          }
        ]
      }
    },
    {
      "objectGroups": {
        "name": "notree_01",
        "tm": [
          [0.819152,0.0,0.573576],
          [0.0,1.0,0.0],
          [-0.573576,0.0,0.819152],
          [262.986,287.807,3384.75]
        ],
        "unit_class": "noTreeObjectGroup100",
        "objLayer": 2,
        "props": {
          "army": 2,
          "active": true
        }
      }
    },
    {
      "objectGroups": {
        "name": "notree_05",
        "tm": [
          [0.819152,0.0,0.573576],
          [0.0,1.0,0.0],
          [-0.573576,0.0,0.819152],
          [340.368,287.807,3436.58]
        ],
        "unit_class": "noTreeObjectGroup100",
        "objLayer": 2,
        "props": {
          "army": 2,
          "active": true
        }
      }
    },
    {
      "objectGroups": {
        "name": "notree_08",
        "tm": [
          [0.608761,0.0,0.793353],
          [0.0,1.0,0.0],
          [-0.793353,0.0,0.608761],
          [410.898,287.807,3392.8]
        ],
        "unit_class": "noTreeObjectGroup100",
        "objLayer": 2,
        "props": {
          "army": 2,
          "active": true
        }
      }
    },
    {
      "objectGroups": {
        "name": "notree_11",
        "tm": [
          [0.608761,0.0,0.793353],
          [0.0,1.0,0.0],
          [-0.793353,0.0,0.608761],
          [485.468,287.807,3334.25]
        ],
        "unit_class": "noTreeObjectGroup100",
        "objLayer": 2,
        "props": {
          "army": 2,
          "active": true
        }
      }
    },
    {
      "objectGroups": {
        "name": "notree_14",
        "tm": [
          [0.422618,0.0,0.906308],
          [0.0,1.0,0.0],
          [-0.906308,0.0,0.422618],
          [569.266,287.807,3299.87]
        ],
        "unit_class": "noTreeObjectGroup100",
        "objLayer": 2,
        "props": {
          "army": 2,
          "active": true
        }
      }
    },
    {
      "objectGroups": {
        "name": "notree_17",
        "tm": [
          [0.422618,0.0,0.906308],
          [0.0,1.0,0.0],
          [-0.906308,0.0,0.422618],
          [656.924,287.807,3257.8]
        ],
        "unit_class": "noTreeObjectGroup100",
        "objLayer": 2,
        "props": {
          "army": 2,
          "active": true
        }
      }
    },
    {
      "objectGroups": {
        "name": "notree_20",
        "tm": [
          [0.422618,0.0,0.906308],
          [0.0,1.0,0.0],
          [-0.906308,0.0,0.422618],
          [722.183,287.807,3283.62]
        ],
        "unit_class": "noTreeObjectGroup100",
        "objLayer": 2,
        "props": {
          "army": 2,
          "active": true
        }
      }
    },
    {
      "objectGroups": {
        "name": "notree_23",
        "tm": [
          [0.422618,0.0,0.906308],
          [0.0,1.0,0.0],
          [-0.906308,0.0,0.422618],
          [730.786,287.807,3198.3]
        ],
        "unit_class": "noTreeObjectGroup100",
        "objLayer": 2,
        "props": {
          "army": 2,
          "active": true
        }
      }
    },
    {
      "objectGroups": {
        "name": "notree_26",
        "tm": [
          [0.887011,0.0,0.461749],
          [0.0,1.0,0.0],
          [-0.461749,0.0,0.887011],
          [763.944,287.807,3132.84]
        ],
        "unit_class": "noTreeObjectGroup100",
        "objLayer": 2,
        "props": {
          "army": 2,
          "active": true
        }
      }
    },
    {
      "objectGroups": {
        "name": "notree_29",
        "tm": [
          [0.887011,0.0,0.461749],
          [0.0,1.0,0.0],
          [-0.461749,0.0,0.887011],
          [812.937,287.807,3052.5]
        ],
        "unit_class": "noTreeObjectGroup100",
        "objLayer": 2,
        "props": {
          "army": 2,
          "active": true
        }
      }
    },
    {
      "objectGroups": {
        "name": "notree_32",
        "tm": [
          [0.819152,0.0,0.573577],
          [0.0,1.0,0.0],
          [-0.573577,0.0,0.819152],
          [865.333,287.807,2974.85]
        ],
        "unit_class": "noTreeObjectGroup100",
        "objLayer": 2,
        "props": {
          "army": 2,
          "active": true
        }
      }
    },
    {
      "objectGroups": {
        "name": "notree_35",
        "tm": [
          [0.819152,0.0,0.573577],
          [0.0,1.0,0.0],
          [-0.573577,0.0,0.819152],
          [920.434,287.807,2895.52]
        ],
        "unit_class": "noTreeObjectGroup100",
        "objLayer": 2,
        "props": {
          "army": 2,
          "active": true
        }
      }
    },
    {
      "objectGroups": {
        "name": "notree_38",
        "tm": [
          [0.258819,0.0,0.965926],
          [0.0,1.0,0.0],
          [-0.965926,0.0,0.258819],
          [1006.89,287.807,2892.69]
        ],
        "unit_class": "noTreeObjectGroup100",
        "objLayer": 2,
        "props": {
          "army": 2,
          "active": true
        }
      }
    },
    {
      "objectGroups": {
        "name": "notree_41",
        "tm": [
          [0.461749,0.0,0.887011],
          [0.0,1.0,0.0],
          [-0.887011,0.0,0.461749],
          [1089.35,287.807,2860.29]
        ],
        "unit_class": "noTreeObjectGroup100",
        "objLayer": 2,
        "props": {
          "army": 2,
          "active": true
        }
      }
    },
    {
      "objectGroups": {
        "name": "notree_44",
        "tm": [
          [0.461749,0.0,0.887011],
          [0.0,1.0,0.0],
          [-0.887011,0.0,0.461749],
          [1306.52,287.807,2800.71]
        ],
        "unit_class": "noTreeObjectGroup100",
        "objLayer": 2,
        "props": {
          "army": 2,
          "active": true
        }
      }
    },
    {
      "objectGroups": {
        "name": "notree_47",
        "tm": [
          [-0.642788,0.0,0.766044],
          [0.0,1.0,0.0],
          [-0.766044,0.0,-0.642788],
          [1371.71,287.807,2856.08]
        ],
        "unit_class": "noTreeObjectGroup100",
        "objLayer": 2,
        "props": {
          "army": 2,
          "active": true
        }
      }
    },
    {
      "objectGroups": {
        "name": "notree_50",
        "tm": [
          [-0.5373,0.0,0.843391],
          [0.0,1.0,0.0],
          [-0.843391,0.0,-0.5373],
          [1454.57,287.807,2897.43]
        ],
        "unit_class": "noTreeObjectGroup100",
        "objLayer": 2,
        "props": {
          "army": 2,
          "active": true
        }
      }
    },
    {
      "objectGroups": {
        "name": "notree_53",
        "tm": [
          [-0.5373,0.0,0.843391],
          [0.0,1.0,0.0],
          [-0.843391,0.0,-0.5373],
          [1520.66,287.807,2930.19]
        ],
        "unit_class": "noTreeObjectGroup100",
        "objLayer": 2,
        "props": {
          "army": 2,
          "active": true
        }
      }
    },
    {
      "objectGroups": {
        "name": "notree_56",
        "tm": [
          [-0.5373,0.0,0.843391],
          [0.0,1.0,0.0],
          [-0.843391,0.0,-0.5373],
          [1595.28,287.807,2982.94]
        ],
        "unit_class": "noTreeObjectGroup100",
        "objLayer": 2,
        "props": {
          "army": 2,
          "active": true
        }
      }
    },
    {
      "objectGroups": {
        "name": "notree_59",
        "tm": [
          [-0.382683,0.0,0.92388],
          [0.0,1.0,0.0],
          [-0.92388,0.0,-0.382683],
          [1668.2,287.807,3025.41]
        ],
        "unit_class": "noTreeObjectGroup100",
        "objLayer": 2,
        "props": {
          "army": 2,
          "active": true
        }
      }
    },
    {
      "objectGroups": {
        "name": "notree_62",
        "tm": [
          [-0.382683,0.0,0.92388],
          [0.0,1.0,0.0],
          [-0.92388,0.0,-0.382683],
          [1749.57,287.807,3059.69]
        ],
        "unit_class": "noTreeObjectGroup100",
        "objLayer": 2,
        "props": {
          "army": 2,
          "active": true
        }
      }
    },
    {
      "objectGroups": {
        "name": "notree_65",
        "tm": [
          [0.0436194,0.0,0.999048],
          [0.0,1.0,0.0],
          [-0.999048,0.0,0.0436194],
          [1821.93,287.807,3071.24]
        ],
        "unit_class": "noTreeObjectGroup100",
        "objLayer": 2,
        "props": {
          "army": 2,
          "active": true
        }
      }
    },
    {
      "objectGroups": {
        "name": "notree_125",
        "tm": [
          [0.173648,0.0,0.984808],
          [0.0,1.0,0.0],
          [-0.984808,0.0,0.173648],
          [3572.38,287.807,2792.96]
        ],
        "unit_class": "noTreeObjectGroup100",
        "objLayer": 2,
        "props": {
          "army": 2,
          "active": true
        }
      }
    },
    {
      "objectGroups": {
        "name": "notree_128",
        "tm": [
          [0.173648,0.0,0.984808],
          [0.0,1.0,0.0],
          [-0.984808,0.0,0.173648],
          [3668.91,287.807,2785.31]
        ],
        "unit_class": "noTreeObjectGroup100",
        "objLayer": 2,
        "props": {
          "army": 2,
          "active": true
        }
      }
    },
    {
      "objectGroups": {
        "name": "notree_131",
        "tm": [
          [0.173648,0.0,0.984808],
          [0.0,1.0,0.0],
          [-0.984808,0.0,0.173648],
          [3753.55,287.807,2786.24]
        ],
        "unit_class": "noTreeObjectGroup100",
        "objLayer": 2,
        "props": {
          "army": 2,
          "active": true
        }
      }
    },
    {
      "objectGroups": {
        "name": "notree_134",
        "tm": [
          [0.173648,0.0,0.984808],
          [0.0,1.0,0.0],
          [-0.984808,0.0,0.173648],
          [3842.19,287.807,2768.35]
        ],
        "unit_class": "noTreeObjectGroup100",
        "objLayer": 2,
        "props": {
          "army": 2,
          "active": true
        }
      }
    },
    {
      "objectGroups": {
        "name": "notree_137",
        "tm": [
          [0.173648,0.0,0.984808],
          [0.0,1.0,0.0],
          [-0.984808,0.0,0.173648],
          [3898.56,287.807,2764.24]
        ],
        "unit_class": "noTreeObjectGroup100",
        "objLayer": 2,
        "props": {
          "army": 2,
          "active": true
        }
      }
    },
    {
      "objectGroups": {
        "name": "notree_140",
        "tm": [
          [0.173648,0.0,0.984808],
          [0.0,1.0,0.0],
          [-0.984808,0.0,0.173648],
          [3503.16,287.807,2899.23]
        ],
        "unit_class": "noTreeObjectGroup100",
        "objLayer": 2,
        "props": {
          "army": 2,
          "active": true
        }
      }
    },
    {
      "objectGroups": {
        "name": "notree_143",
        "tm": [
          [0.173648,0.0,0.984808],
          [0.0,1.0,0.0],
          [-0.984808,0.0,0.173648],
          [3433.06,287.807,2953.82]
        ],
        "unit_class": "noTreeObjectGroup100",
        "objLayer": 2,
        "props": {
          "army": 2,
          "active": true
        }
      }
    },
    {
      "objectGroups": {
        "name": "notree_146",
        "tm": [
          [0.173648,0.0,0.984808],
          [0.0,1.0,0.0],
          [-0.984808,0.0,0.173648],
          [3265.39,287.807,3194.3]
        ],
        "unit_class": "noTreeObjectGroup100",
        "objLayer": 2,
        "props": {
          "army": 2,
          "active": true
        }
      }
    },
    {
      "objectGroups": {
        "name": "notree_149",
        "tm": [
          [0.34202,0.0,0.939693],
          [0.0,1.0,0.0],
          [-0.939693,0.0,0.34202],
          [3094.78,287.807,3336.41]
        ],
        "unit_class": "noTreeObjectGroup100",
        "objLayer": 2,
        "props": {
          "army": 2,
          "active": true
        }
      }
    },
    {
      "objectGroups": {
        "name": "notree_152",
        "tm": [
          [0.34202,0.0,0.939693],
          [0.0,1.0,0.0],
          [-0.939693,0.0,0.34202],
          [2946.73,287.807,3390.43]
        ],
        "unit_class": "noTreeObjectGroup100",
        "objLayer": 2,
        "props": {
          "army": 2,
          "active": true
        }
      }
    },
    {
      "objectGroups": {
        "name": "notree_155",
        "tm": [
          [-0.382683,0.0,0.92388],
          [0.0,1.0,0.0],
          [-0.92388,0.0,-0.382683],
          [2691.71,287.807,3546.33]
        ],
        "unit_class": "noTreeObjectGroup100",
        "objLayer": 2,
        "props": {
          "army": 2,
          "active": true
        }
      }
    },
    {
      "objectGroups": {
        "name": "notree_158",
        "tm": [
          [-0.382683,0.0,0.92388],
          [0.0,1.0,0.0],
          [-0.92388,0.0,-0.382683],
          [2606.6,287.807,3511.57]
        ],
        "unit_class": "noTreeObjectGroup100",
        "objLayer": 2,
        "props": {
          "army": 2,
          "active": true
        }
      }
    },
    {
      "objectGroups": {
        "name": "notree_161",
        "tm": [
          [-0.5373,0.0,0.843391],
          [0.0,1.0,0.0],
          [-0.843391,0.0,-0.5373],
          [2531.58,287.807,3476.2]
        ],
        "unit_class": "noTreeObjectGroup100",
        "objLayer": 2,
        "props": {
          "army": 2,
          "active": true
        }
      }
    },
    {
      "objectGroups": {
        "name": "notree_164",
        "tm": [
          [-0.5373,0.0,0.843391],
          [0.0,1.0,0.0],
          [-0.843391,0.0,-0.5373],
          [2451.52,287.807,3424.49]
        ],
        "unit_class": "noTreeObjectGroup100",
        "objLayer": 2,
        "props": {
          "army": 2,
          "active": true
        }
      }
    },
    {
      "objectGroups": {
        "name": "notree_167",
        "tm": [
          [-0.5373,0.0,0.843391],
          [0.0,1.0,0.0],
          [-0.843391,0.0,-0.5373],
          [2373.27,287.807,3374.86]
        ],
        "unit_class": "noTreeObjectGroup100",
        "objLayer": 2,
        "props": {
          "army": 2,
          "active": true
        }
      }
    },
    {
      "objectGroups": {
        "name": "notree_170",
        "tm": [
          [-0.5373,0.0,0.843391],
          [0.0,1.0,0.0],
          [-0.843391,0.0,-0.5373],
          [2295.78,287.807,3325.25]
        ],
        "unit_class": "noTreeObjectGroup100",
        "objLayer": 2,
        "props": {
          "army": 2,
          "active": true
        }
      }
    },
    {
      "objectGroups": {
        "name": "notree_173",
        "tm": [
          [-0.34202,0.0,0.939693],
          [0.0,1.0,0.0],
          [-0.939693,0.0,-0.34202],
          [2215.1,287.807,3289.06]
        ],
        "unit_class": "noTreeObjectGroup100",
        "objLayer": 2,
        "props": {
          "army": 2,
          "active": true
        }
      }
    },
    {
      "objectGroups": {
        "name": "notree_176",
        "tm": [
          [-0.34202,0.0,0.939693],
          [0.0,1.0,0.0],
          [-0.939693,0.0,-0.34202],
          [2129.88,287.807,3259.24]
        ],
        "unit_class": "noTreeObjectGroup100",
        "objLayer": 2,
        "props": {
          "army": 2,
          "active": true
        }
      }
    },
    {
      "objectGroups": {
        "name": "notree_179",
        "tm": [
          [-0.34202,0.0,0.939693],
          [0.0,1.0,0.0],
          [-0.939693,0.0,-0.34202],
          [2043.7,287.807,3224.15]
        ],
        "unit_class": "noTreeObjectGroup100",
        "objLayer": 2,
        "props": {
          "army": 2,
          "active": true
        }
      }
    },
    {
      "objectGroups": {
        "name": "notree_182",
        "tm": [
          [-0.642788,0.0,0.766044],
          [0.0,1.0,0.0],
          [-0.766044,0.0,-0.642788],
          [1959.57,287.807,3180.73]
        ],
        "unit_class": "noTreeObjectGroup100",
        "objLayer": 2,
        "props": {
          "army": 2,
          "active": true
        }
      }
    },
    {
      "objectGroups": {
        "name": "notree_185",
        "tm": [
          [-0.737277,0.0,0.67559],
          [0.0,1.0,0.0],
          [-0.67559,0.0,-0.737277],
          [1900.07,287.807,3124.88]
        ],
        "unit_class": "noTreeObjectGroup100",
        "objLayer": 2,
        "props": {
          "army": 2,
          "active": true
        }
      }
    },
    {
      "area_squad": {
        "name": "t2_rearm_zone",
        "tm": [
          [1.0,0.0,0.0],
          [0.0,1.0,0.0],
          [0.0,0.0,1.0],
          [-822.154,23.2117,-95.1837]
        ],
        "props": [
          {
            "squad_members": "t2_rearm_zone_01"
          },
          {
            "squad_members": "t2_rearm_zone_02"
          }
        ]
      }
    },
    {
      "area_squad": {
        "name": "t1_rearm_zone",
        "tm": [
          [1.0,0.0,0.0],
          [0.0,1.0,0.0],
          [0.0,0.0,1.0],
          [562.478,23.2117,-501.735]
        ],
        "props": [
          {
            "squad_members": "t1_rearm_zone_01"
          },
          {
            "squad_members": "t1_rearm_zone_02"
          }
        ]
      }
    }
  ],
  "areas": {
    "briefing_bombers": {
      "type": "Point",
      "tm": [
        [-0.785066,0.0,-0.619412],
        [0.0,1.0,0.0],
        [0.619412,0.0,-0.785066],
        [3490.65,1037.6,359.45]
      ],
      "objLayer": 0,
      "props": []
    },
    "convoy_waypoint01": {
      "type": "Point",
      "tm": [
        [599.988,0.0,-3.71856],
        [0.0,600.0,0.0],
        [3.71856,0.0,599.988],
        [925.485,316.328,3040.95]
      ],
      "objLayer": 0,
      "props": []
    },
    "convoy_waypoint02": {
      "type": "Point",
      "tm": [
        [85.6568,0.0,51.6034],
        [0.0,100.0,0.0],
        [-51.6034,0.0,85.6568],
        [2032.72,279.088,3178.56]
      ],
      "objLayer": 0,
      "props": []
    },
    "convoy_waypoint03": {
      "type": "Point",
      "tm": [
        [-447.271,0.0,-399.935],
        [0.0,600.0,0.0],
        [399.935,0.0,-447.271],
        [3132.28,275.614,3327.23]
      ],
      "objLayer": 0,
      "props": []
    },
    "convoy_waypoint04": {
      "type": "Point",
      "tm": [
        [91.4215,0.0,-40.5228],
        [0.0,100.0,0.0],
