{
  "selected_tag": "",
  "bin_dump_file": "",
  "mission_settings": {
    "player": [
      {
        "army": 1
      },
      {
        "wing": "t1_player01"
      },
      {
        "wing": "t1_player02"
      },
      {
        "wing": "t1_player03"
      },
      {
        "wing": "t1_player04"
      },
      {
        "wing": "t1_player05"
      },
      {
        "wing": "t1_player06"
      },
      {
        "wing": "t1_player07"
      },
      {
        "wing": "t1_player08"
      },
      {
        "wing": "t1_player09"
      },
      {
        "wing": "t1_player10"
      },
      {
        "wing": "t1_player11"
      },
      {
        "wing": "t1_player12"
      },
      {
        "wing": "t1_player13"
      },
      {
        "wing": "t1_player14"
      },
      {
        "wing": "t1_player15"
      },
      {
        "wing": "t1_player16"
      },
      {
        "wing": "t1_player17"
      },
      {
        "wing": "t1_player18"
      },
      {
        "wing": "t1_player19"
      },
      {
        "wing": "t1_player20"
      },
      {
        "wing": "t1_player21"
      },
      {
        "wing": "t1_player22"
      },
      {
        "wing": "t1_player23"
      },
      {
        "wing": "t1_player24"
      },
      {
        "wing": "t1_player25"
      },
      {
        "wing": "t1_player26"
      },
      {
        "wing": "t1_player27"
      },
      {
        "wing": "t1_player28"
      },
      {
        "wing": "t1_player29"
      },
      {
        "wing": "t1_player30"
      },
      {
        "wing": "t1_player31"
      },
      {
        "wing": "t1_player32"
      }
    ],
    "player_teamB": [
      {
        "army": 2
      },
      {
        "wing": "t2_player01"
      },
      {
        "wing": "t2_player02"
      },
      {
        "wing": "t2_player03"
      },
      {
        "wing": "t2_player04"
      },
      {
        "wing": "t2_player05"
      },
      {
        "wing": "t2_player06"
      },
      {
        "wing": "t2_player07"
      },
      {
        "wing": "t2_player08"
      },
      {
        "wing": "t2_player09"
      },
      {
        "wing": "t2_player10"
      },
      {
        "wing": "t2_player11"
      },
      {
        "wing": "t2_player12"
      },
      {
        "wing": "t2_player13"
      },
      {
        "wing": "t2_player14"
      },
      {
        "wing": "t2_player15"
      },
      {
        "wing": "t2_player16"
      },
      {
        "wing": "t2_player17"
      },
      {
        "wing": "t2_player18"
      },
      {
        "wing": "t2_player19"
      },
      {
        "wing": "t2_player20"
      },
      {
        "wing": "t2_player21"
      },
      {
        "wing": "t2_player22"
      },
      {
        "wing": "t2_player23"
      },
      {
        "wing": "t2_player24"
      },
      {
        "wing": "t2_player25"
      },
      {
        "wing": "t2_player26"
      },
      {
        "wing": "t2_player27"
      },
      {
        "wing": "t2_player28"
      },
      {
        "wing": "t2_player29"
      },
      {
        "wing": "t2_player30"
      },
      {
        "wing": "t2_player31"
      },
      {
        "wing": "t2_player32"
      },
      {
        "wing": "t2_player33"
      }
    ],
    "mission": {
      "level": "levels/avg_ardennes.bin",
      "type": "domination",
      "environment": "Day",
      "weather": "hazy",
      "locName": "missions/_CnvA;ardennes/name",
      "locDesc": "ardennes/desc;missions/_Cnv/desc",
      "scoreLimit": 10000,
      "timeLimit": 25,
      "deathPenaltyMul": 0.0,
      "postfix": "_CnvA",
      "allowedKillStreaks": true,
      "randomSpawnTeams": false,
      "remapAiTankModels": true,
      "country_axis": "germany",
      "country_allies": "ussr",
      "restoreType": "attempts",
      "optionalTakeOff": false,
      "showTacticalMapCellSize": true,
      "allowedUnitTypes": {
        "isAirplanesAllowed": true,
        "isTanksAllowed": true,
        "isShipsAllowed": false,
        "isHelicoptersAllowed": true
      }
    },
    "spectator_points": [],
    "briefing": {
      "place_loc": "",
      "date_loc": "",
      "objective_loc": "",
      "music": "action_01",
      "part": {
        "event": "",
        "minTime": 0,
        "slide": [
          {
            "map": true
          },
          {
            "minTime": 4
          },
          {
            "picture": ""
          },
          {
            "showAirMap": false
          },
          {
            "arrow": [
              {
                "width": 1
              },
              {
                "side": "ally"
              },
              {
                "point": "briefing_tanks"
              },
              {
                "point": "convoy_waypoint01"
              },
              {
                "point": "convoy_waypoint02"
              },
              {
                "point": "convoy_waypoint03"
              },
              {
                "point": "convoy_waypoint04"
              },
              {
                "point": "convoy_waypoint04"
              }
            ]
          },
          {
            "icon": {
              "icontype": "bomber",
              "side": "enemy",
              "target": "briefing_bombers",
              "lookAt": "briefing_tanks"
            }
          },
          {
            "icon": {
              "icontype": "tank",
              "side": "ally",
              "target": "briefing_tanks"
            }
          },
          {
            "icon": {
              "icontype": "tank",
              "side": "enemy",
              "target": "t2_tanks_spawn"
            }
          }
        ]
      }
    }
  },
  "imports": [
    {
      "import_record": {
        "file": "gameData/missions/templates/tank_templates/tank_base_logic_template.blk",
        "importAreas": true,
        "importUnits": true,
        "importTriggers": true,
        "importMissionObjectives": true,
        "importWayPoints": true,
        "showAreas": true,
        "showUnits": true,
        "showTriggers": true,
        "showMissionObjectives": true,
        "showWayPoints": true,
        "excludes": []
      }
    },
    {
      "import_record": {
        "file": "gameData/missions/templates/tank_convoy_template.blk",
        "importAreas": true,
        "importUnits": true,
        "importTriggers": true,
        "importMissionObjectives": true,
        "importWayPoints": true,
        "showAreas": true,
        "showUnits": true,
        "showTriggers": true,
        "showMissionObjectives": true,
        "showWayPoints": true,
        "excludes": []
      }
    },
    {
      "import_record": {
        "file": "gameData/missions/cta/tanks/ardennes/template_ardennes_air_spawn.blk",
        "importAreas": true,
        "importUnits": true,
        "importTriggers": true,
        "importMissionObjectives": true,
        "importWayPoints": true,
        "showAreas": true,
        "showUnits": true,
        "showTriggers": true,
        "showMissionObjectives": true,
        "showWayPoints": true,
        "excludes": []
      }
    },
    {
      "import_record": {
        "file": "gameData/missions/templates/ww_no_attackers_template.blk",
        "importAreas": true,
        "importUnits": true,
        "importTriggers": true,
        "importMissionObjectives": true,
        "importWayPoints": true,
        "showAreas": true,
        "showUnits": true,
        "showTriggers": true,
        "showMissionObjectives": true,
        "showWayPoints": true,
        "excludes": []
      }
    }
  ],
  "triggers": {
    "isCategory": true,
    "is_enabled": true,
    "ardennes_CnvA_init": {
      "is_enabled": true,
      "comments": "",
      "props": {
        "actionsType": "PERFORM_ONE_BY_ONE",
        "conditionsType": "ALL",
        "enableAfterComplete": false
      },
      "events": {
        "initMission": []
      },
      "conditions": [],
      "actions": [
        {
          "missionMarkAsRespawnPoint": {
            "loc_name": "missions/spawn",
            "spawnEffect": false,
            "isStrictSpawn": false,
            "isAirfield": false,
            "isUnit": false,
            "useExisting": false,
            "isIndividual": true,
            "removeAreas": false,
            "canSpawnOnNeutral": false,
            "showOnMap": true,
            "radius": 50.0,
            "onlyOnePlayerPerSpawnPoint": false,
            "resetStrictSpawnIndex": false,
            "forceCreate": false,
            "replaceAreas": false,
            "target": "t1_tanks_spawn00",
            "team": "A",
            "separate_fuel_time": false,
            "modular_airfield": false,
            "offset": [0.0,0.0,100.0],
            "tags": {
              "tank": true,
              "type_heavy_tank": true,
              "type_medium_tank": true,
              "type_light_tank": true,
              "type_tank_destroyer": true,
              "type_spaa": true
            }
          }
        },
        {
          "missionMarkAsRespawnPoint": {
            "loc_name": "missions/spawn",
            "spawnEffect": false,
            "isStrictSpawn": false,
            "isAirfield": false,
            "isUnit": false,
            "useExisting": false,
            "isIndividual": true,
            "removeAreas": false,
            "canSpawnOnNeutral": false,
            "showOnMap": true,
            "radius": -1.0,
            "onlyOnePlayerPerSpawnPoint": false,
            "resetStrictSpawnIndex": false,
            "forceCreate": false,
            "replaceAreas": false,
            "target": "t2_tanks_spawn",
            "team": "B",
            "separate_fuel_time": false,
            "modular_airfield": false,
            "offset": [0.0,0.0,0.0],
            "tags": {
              "tank": true,
              "type_heavy_tank": true,
              "type_medium_tank": true,
              "type_light_tank": true,
              "type_tank_destroyer": true,
              "type_spaa": true
            }
          }
        }
      ],
      "else_actions": []
    }
  },
  "mission_objectives": {
    "isCategory": true,
    "is_enabled": true
  },
  "variables": {
    "defenseMissionTeam": "teamA",
    "waypoints_num": 4
  },
  "dialogs": [],
  "airfields": [],
  "effects": [],
  "units": [
    {
      "tankModels": {
        "name": "t1_player01",
        "tm": [
          [1.0,0.0,0.0],
          [0.0,1.0,0.0],
          [0.0,0.0,1.0],
          [2346.44,985.828,2709.33]
        ],
        "unit_class": "aaa_dummy",
        "objLayer": 1,
        "closed_waypoints": false,
        "isShipSpline": false,
        "shipTurnRadius": 100.0,
        "weapons": "",
        "bullets0": "",
        "bullets1": "",
        "bullets2": "",
        "bullets3": "",
        "bulletsCount0": 0,
        "bulletsCount1": 0,
        "bulletsCount2": 0,
        "bulletsCount3": 0,
        "props": {
          "army": 2,
          "count": 1,
          "formation_type": "rows",
          "formation_div": 3,
          "formation_step": [2.5,2.0],
          "formation_noise": [0.1,0.1],
          "uniqueName": "",
          "attack_type": "fire_at_will"
        },
        "way": []
      }
    },
    {
      "area_squad": {
        "name": "t1_tanks_spawn00",
        "tm": [
          [0.950499,0.0,-0.310727],
          [0.0,1.0,0.0],
          [0.310727,0.0,0.950499],
          [3681.86,280.363,286.4]
        ],
        "props": [
          {
            "squad_members": "t1_tanks_spawn00_01"
          },
          {
            "squad_members": "t1_tanks_spawn00_02"
          },
          {
            "squad_members": "t1_tanks_spawn00_03"
          },
          {
            "squad_members": "t1_tanks_spawn00_04"
          },
          {
            "squad_members": "t1_tanks_spawn00_05"
          },
          {
            "squad_members": "t1_tanks_spawn00_06"
          },
          {
            "squad_members": "t1_tanks_spawn00_07"
          },
          {
            "squad_members": "t1_tanks_spawn00_08"
          },
          {
            "squad_members": "t1_tanks_spawn00_09"
          },
          {
            "squad_members": "t1_tanks_spawn00_10"
          },
          {
            "squad_members": "t1_tanks_spawn00_11"
          },
          {
            "squad_members": "t1_tanks_spawn00_12"
          },
          {
            "squad_members": "t1_tanks_spawn00_13"
          },
          {
            "squad_members": "t1_tanks_spawn00_14"
          },
          {
            "squad_members": "t1_tanks_spawn00_15"
          },
          {
            "squad_members": "t1_tanks_spawn00_16"
          },
          {
            "squad_members": "t1_tanks_spawn00_17"
          },
          {
            "squad_members": "t1_tanks_spawn00_18"
          },
          {
            "squad_members": "t1_tanks_spawn00_19"
          },
          {
            "squad_members": "t1_tanks_spawn00_20"
          }
        ]
      }
    },
    {
      "area_squad": {
        "name": "t1_tanks_spawn01",
        "tm": [
          [0.199195,0.0,-0.979959],
          [0.0,1.0,0.0],
          [0.979959,0.0,0.199195],
          [3065.66,284.776,561.689]
        ],
        "props": [
          {
            "squad_members": "t1_tanks_spawn01_01"
          },
          {
            "squad_members": "t1_tanks_spawn01_02"
          },
          {
            "squad_members": "t1_tanks_spawn01_03"
          },
          {
            "squad_members": "t1_tanks_spawn01_04"
          },
          {
            "squad_members": "t1_tanks_spawn01_05"
          },
          {
            "squad_members": "t1_tanks_spawn01_06"
          },
          {
            "squad_members": "t1_tanks_spawn01_07"
          },
          {
            "squad_members": "t1_tanks_spawn01_08"
          },
          {
            "squad_members": "t1_tanks_spawn01_09"
          },
          {
            "squad_members": "t1_tanks_spawn01_10"
          },
          {
            "squad_members": "t1_tanks_spawn01_11"
          },
          {
            "squad_members": "t1_tanks_spawn01_12"
          },
          {
            "squad_members": "t1_tanks_spawn01_13"
          },
          {
            "squad_members": "t1_tanks_spawn01_14"
          },
          {
            "squad_members": "t1_tanks_spawn01_15"
          },
          {
            "squad_members": "t1_tanks_spawn01_16"
          },
          {
            "squad_members": "t1_tanks_spawn01_17"
          },
          {
            "squad_members": "t1_tanks_spawn01_18"
          },
          {
            "squad_members": "t1_tanks_spawn01_19"
          },
          {
            "squad_members": "t1_tanks_spawn01_20"
          }
        ]
      }
    },
    {
      "area_squad": {
        "name": "t1_tanks_spawn02",
        "tm": [
          [-0.998561,0.0,-0.0536262],
          [0.0,1.0,0.0],
          [0.0536262,0.0,-0.998561],
          [2034.12,299.644,879.12]
        ],
        "props": [
          {
            "squad_members": "t1_tanks_spawn02_01"
          },
          {
            "squad_members": "t1_tanks_spawn02_02"
          },
          {
            "squad_members": "t1_tanks_spawn02_03"
          },
          {
            "squad_members": "t1_tanks_spawn02_04"
          },
          {
            "squad_members": "t1_tanks_spawn02_05"
          },
          {
            "squad_members": "t1_tanks_spawn02_06"
          },
          {
            "squad_members": "t1_tanks_spawn02_07"
          },
          {
            "squad_members": "t1_tanks_spawn02_08"
          },
          {
            "squad_members": "t1_tanks_spawn02_09"
          },
          {
            "squad_members": "t1_tanks_spawn02_10"
          },
          {
            "squad_members": "t1_tanks_spawn02_11"
          },
          {
            "squad_members": "t1_tanks_spawn02_12"
          },
          {
            "squad_members": "t1_tanks_spawn02_13"
          },
          {
            "squad_members": "t1_tanks_spawn02_14"
          },
          {
            "squad_members": "t1_tanks_spawn02_15"
          },
          {
            "squad_members": "t1_tanks_spawn02_16"
          },
          {
            "squad_members": "t1_tanks_spawn02_17"
          },
          {
            "squad_members": "t1_tanks_spawn02_18"
          },
          {
            "squad_members": "t1_tanks_spawn02_19"
          },
          {
            "squad_members": "t1_tanks_spawn02_20"
          }
        ]
      }
    },
    {
      "area_squad": {
        "name": "t1_tanks_spawn03",
        "tm": [
          [-0.337421,0.0,-0.941355],
          [0.0,1.0,0.0],
          [0.941355,0.0,-0.337421],
          [1086.68,313.491,1420.97]
        ],
        "props": [
          {
            "squad_members": "t1_tanks_spawn03_01"
          },
          {
            "squad_members": "t1_tanks_spawn03_02"
          },
          {
            "squad_members": "t1_tanks_spawn03_03"
          },
          {
            "squad_members": "t1_tanks_spawn03_04"
          },
          {
            "squad_members": "t1_tanks_spawn03_05"
          },
          {
            "squad_members": "t1_tanks_spawn03_06"
          },
          {
            "squad_members": "t1_tanks_spawn03_07"
          },
          {
            "squad_members": "t1_tanks_spawn03_08"
          },
          {
            "squad_members": "t1_tanks_spawn03_09"
          },
          {
            "squad_members": "t1_tanks_spawn03_10"
          },
          {
            "squad_members": "t1_tanks_spawn03_11"
          },
          {
            "squad_members": "t1_tanks_spawn03_12"
          },
          {
            "squad_members": "t1_tanks_spawn03_13"
          },
          {
            "squad_members": "t1_tanks_spawn03_14"
          },
          {
            "squad_members": "t1_tanks_spawn03_15"
          },
          {
            "squad_members": "t1_tanks_spawn03_16"
          },
          {
            "squad_members": "t1_tanks_spawn03_17"
          },
          {
            "squad_members": "t1_tanks_spawn03_18"
          },
          {
            "squad_members": "t1_tanks_spawn03_19"
          },
          {
            "squad_members": "t1_tanks_spawn03_20"
          }
        ]
      }
    },
    {
      "area_squad": {
        "name": "t1_tanks_spawn04",
        "tm": [
          [0.510463,0.0,0.859899],
          [0.0,1.0,0.0],
          [-0.859899,0.0,0.510463],
          [279.756,302.024,2141.76]
        ],
        "props": [
          {
            "squad_members": "t1_tanks_spawn04_01"
          },
          {
            "squad_members": "t1_tanks_spawn04_02"
          },
          {
            "squad_members": "t1_tanks_spawn04_03"
          },
          {
            "squad_members": "t1_tanks_spawn04_04"
          },
          {
            "squad_members": "t1_tanks_spawn04_05"
          },
          {
            "squad_members": "t1_tanks_spawn04_06"
          },
          {
            "squad_members": "t1_tanks_spawn04_07"
          },
          {
            "squad_members": "t1_tanks_spawn04_08"
          },
          {
            "squad_members": "t1_tanks_spawn04_09"
          },
          {
            "squad_members": "t1_tanks_spawn04_10"
          },
          {
            "squad_members": "t1_tanks_spawn04_11"
          },
          {
            "squad_members": "t1_tanks_spawn04_12"
          },
          {
            "squad_members": "t1_tanks_spawn04_13"
          },
          {
            "squad_members": "t1_tanks_spawn04_14"
          },
          {
            "squad_members": "t1_tanks_spawn04_15"
          },
          {
            "squad_members": "t1_tanks_spawn04_16"
          },
          {
            "squad_members": "t1_tanks_spawn04_17"
          },
          {
            "squad_members": "t1_tanks_spawn04_18"
          },
          {
            "squad_members": "t1_tanks_spawn04_19"
          },
          {
            "squad_members": "t1_tanks_spawn04_20"
          }
        ]
      }
    },
    {
      "area_squad": {
        "name": "t2_tanks_spawn",
        "tm": [
          [-0.949636,0.0,0.313359],
          [0.0,1.0,0.0],
          [-0.313359,0.0,-0.949636],
          [2619.17,274.247,1992.05]
        ],
        "props": [
          {
            "squad_members": "t2_tanks_spawn01"
          },
          {
            "squad_members": "t2_tanks_spawn02"
          },
          {
            "squad_members": "t2_tanks_spawn03"
          },
          {
            "squad_members": "t2_tanks_spawn04"
          },
          {
            "squad_members": "t2_tanks_spawn05"
          },
          {
            "squad_members": "t2_tanks_spawn06"
          },
          {
            "squad_members": "t2_tanks_spawn07"
          },
          {
            "squad_members": "t2_tanks_spawn08"
          },
          {
            "squad_members": "t2_tanks_spawn09"
          },
          {
            "squad_members": "t2_tanks_spawn10"
          },
          {
            "squad_members": "t2_tanks_spawn11"
          },
          {
            "squad_members": "t2_tanks_spawn12"
          },
          {
            "squad_members": "t2_tanks_spawn13"
          },
          {
            "squad_members": "t2_tanks_spawn14"
          },
          {
            "squad_members": "t2_tanks_spawn15"
          },
          {
            "squad_members": "t2_tanks_spawn16"
          },
          {
            "squad_members": "t2_tanks_spawn17"
          },
          {
            "squad_members": "t2_tanks_spawn18"
          },
          {
            "squad_members": "t2_tanks_spawn19"
          },
          {
            "squad_members": "t2_tanks_spawn20"
          }
        ]
      }
    },
    {
      "objectGroups": {
        "name": "notree_01",
        "tm": [
          [0.92388,0.0,0.382683],
          [0.0,1.0,0.0],
          [-0.382683,0.0,0.92388],
          [3906.33,273.34,126.199]
        ],
        "unit_class": "noTreeObjectGroup100",
        "objLayer": 2,
        "props": {
          "army": 2,
          "active": true
        }
      }
    },
    {
      "objectGroups": {
        "name": "notree_05",
        "tm": [
          [0.92388,0.0,0.382683],
          [0.0,1.0,0.0],
          [-0.382683,0.0,0.92388],
          [3864.98,273.34,211.066]
        ],
        "unit_class": "noTreeObjectGroup100",
        "objLayer": 2,
        "props": {
          "army": 2,
          "active": true
        }
      }
    },
    {
      "objectGroups": {
        "name": "notree_08",
        "tm": [
          [0.92388,0.0,0.382683],
          [0.0,1.0,0.0],
          [-0.382683,0.0,0.92388],
          [3833.17,273.34,302.691]
        ],
        "unit_class": "noTreeObjectGroup100",
        "objLayer": 2,
        "props": {
          "army": 2,
          "active": true
        }
      }
    },
    {
      "objectGroups": {
        "name": "notree_11",
        "tm": [
          [0.92388,0.0,0.382683],
          [0.0,1.0,0.0],
          [-0.382683,0.0,0.92388],
          [3796.72,273.34,391.433]
        ],
        "unit_class": "noTreeObjectGroup100",
        "objLayer": 2,
        "props": {
          "army": 2,
          "active": true
        }
      }
    },
    {
      "objectGroups": {
        "name": "notree_14",
        "tm": [
          [0.92388,0.0,0.382683],
          [0.0,1.0,0.0],
          [-0.382683,0.0,0.92388],
          [3745.29,273.34,472.548]
        ],
        "unit_class": "noTreeObjectGroup100",
        "objLayer": 2,
        "props": {
          "army": 2,
          "active": true
        }
      }
    },
    {
      "objectGroups": {
        "name": "notree_17",
        "tm": [
          [0.92388,0.0,0.382683],
          [0.0,1.0,0.0],
          [-0.382683,0.0,0.92388],
          [3690.36,273.34,553.196]
        ],
        "unit_class": "noTreeObjectGroup100",
        "objLayer": 2,
        "props": {
          "army": 2,
          "active": true
        }
      }
    },
    {
      "objectGroups": {
        "name": "notree_20",
        "tm": [
          [0.866025,0.0,0.5],
          [0.0,1.0,0.0],
          [-0.5,0.0,0.866025],
          [3644.7,273.34,638.132]
        ],
        "unit_class": "noTreeObjectGroup100",
        "objLayer": 2,
        "props": {
          "army": 2,
          "active": true
        }
      }
    },
    {
      "objectGroups": {
        "name": "notree_23",
        "tm": [
          [0.866025,0.0,0.5],
          [0.0,1.0,0.0],
          [-0.5,0.0,0.866025],
          [3595.05,273.34,722.826]
        ],
        "unit_class": "noTreeObjectGroup100",
        "objLayer": 2,
        "props": {
          "army": 2,
          "active": true
        }
      }
    },
    {
      "objectGroups": {
        "name": "notree_26",
        "tm": [
          [0.866025,0.0,0.5],
          [0.0,1.0,0.0],
          [-0.5,0.0,0.866025],
          [3536.15,273.34,794.169]
        ],
        "unit_class": "noTreeObjectGroup100",
        "objLayer": 2,
        "props": {
          "army": 2,
          "active": true
        }
      }
    },
    {
      "objectGroups": {
        "name": "notree_29",
        "tm": [
          [0.707107,0.0,0.707107],
          [0.0,1.0,0.0],
          [-0.707107,0.0,0.707107],
          [3480.15,273.34,863.497]
        ],
        "unit_class": "noTreeObjectGroup100",
        "objLayer": 2,
        "props": {
          "army": 2,
          "active": true
        }
      }
    },
    {
      "objectGroups": {
        "name": "notree_32",
        "tm": [
          [0.461749,0.0,0.887011],
          [0.0,1.0,0.0],
          [-0.887011,0.0,0.461749],
          [3398.96,273.34,909.138]
        ],
        "unit_class": "noTreeObjectGroup100",
        "objLayer": 2,
        "props": {
          "army": 2,
          "active": true
        }
      }
    },
    {
      "objectGroups": {
        "name": "notree_35",
        "tm": [
          [0.461749,0.0,0.887011],
          [0.0,1.0,0.0],
          [-0.887011,0.0,0.461749],
          [3313.93,273.34,954.513]
        ],
        "unit_class": "noTreeObjectGroup100",
        "objLayer": 2,
        "props": {
          "army": 2,
          "active": true
        }
      }
    },
    {
      "objectGroups": {
        "name": "notree_38",
        "tm": [
          [0.461749,0.0,0.887011],
          [0.0,1.0,0.0],
          [-0.887011,0.0,0.461749],
          [3227.5,273.34,977.655]
        ],
        "unit_class": "noTreeObjectGroup100",
        "objLayer": 2,
        "props": {
          "army": 2,
          "active": true
        }
      }
    },
    {
      "objectGroups": {
        "name": "notree_41",
        "tm": [
          [0.461749,0.0,0.887011],
          [0.0,1.0,0.0],
          [-0.887011,0.0,0.461749],
          [3138.24,273.34,1005.92]
        ],
        "unit_class": "noTreeObjectGroup100",
        "objLayer": 2,
        "props": {
          "army": 2,
          "active": true
        }
      }
    },
    {
      "objectGroups": {
        "name": "notree_44",
        "tm": [
          [0.461749,0.0,0.887011],
          [0.0,1.0,0.0],
          [-0.887011,0.0,0.461749],
          [3037.03,273.34,1019.99]
        ],
        "unit_class": "noTreeObjectGroup100",
        "objLayer": 2,
        "props": {
          "army": 2,
          "active": true
        }
      }
    },
    {
      "objectGroups": {
        "name": "notree_47",
        "tm": [
          [0.461749,0.0,0.887011],
          [0.0,1.0,0.0],
          [-0.887011,0.0,0.461749],
          [2942.6,273.34,1037.61]
        ],
        "unit_class": "noTreeObjectGroup100",
        "objLayer": 2,
        "props": {
          "army": 2,
          "active": true
        }
      }
    },
    {
      "objectGroups": {
        "name": "notree_50",
        "tm": [
          [0.461749,0.0,0.887011],
          [0.0,1.0,0.0],
          [-0.887011,0.0,0.461749],
          [2847.3,273.35,1065.4]
        ],
        "unit_class": "noTreeObjectGroup100",
        "objLayer": 2,
        "props": {
          "army": 2,
          "active": true
        }
      }
    },
    {
      "objectGroups": {
        "name": "notree_53",
        "tm": [
          [0.461749,0.0,0.887011],
          [0.0,1.0,0.0],
          [-0.887011,0.0,0.461749],
          [2750.55,273.35,1090.65]
        ],
        "unit_class": "noTreeObjectGroup100",
        "objLayer": 2,
        "props": {
          "army": 2,
          "active": true
        }
      }
    },
    {
      "objectGroups": {
        "name": "notree_56",
        "tm": [
          [0.461749,0.0,0.887011],
          [0.0,1.0,0.0],
          [-0.887011,0.0,0.461749],
          [2657.9,273.35,1116.85]
        ],
        "unit_class": "noTreeObjectGroup100",
        "objLayer": 2,
        "props": {
          "army": 2,
          "active": true
        }
      }
    },
    {
      "objectGroups": {
        "name": "notree_59",
        "tm": [
          [0.461749,0.0,0.887011],
          [0.0,1.0,0.0],
          [-0.887011,0.0,0.461749],
          [2557.05,273.35,1132.9]
        ],
        "unit_class": "noTreeObjectGroup100",
        "objLayer": 2,
        "props": {
          "army": 2,
          "active": true
        }
      }
    },
    {
      "objectGroups": {
        "name": "notree_62",
        "tm": [
          [0.461749,0.0,0.887011],
          [0.0,1.0,0.0],
          [-0.887011,0.0,0.461749],
          [2457.3,273.35,1149.0]
        ],
        "unit_class": "noTreeObjectGroup100",
        "objLayer": 2,
        "props": {
          "army": 2,
          "active": true
        }
      }
    },
    {
      "objectGroups": {
        "name": "notree_65",
        "tm": [
          [0.461749,0.0,0.887011],
          [0.0,1.0,0.0],
          [-0.887011,0.0,0.461749],
          [2368.75,273.35,1184.45]
        ],
        "unit_class": "noTreeObjectGroup100",
        "objLayer": 2,
        "props": {
          "army": 2,
          "active": true
        }
      }
    },
    {
      "objectGroups": {
        "name": "notree_68",
        "tm": [
          [0.461749,0.0,0.887011],
          [0.0,1.0,0.0],
          [-0.887011,0.0,0.461749],
          [2274.55,273.35,1210.7]
        ],
        "unit_class": "noTreeObjectGroup100",
        "objLayer": 2,
        "props": {
          "army": 2,
          "active": true
        }
      }
    },
    {
      "objectGroups": {
        "name": "notree_71",
        "tm": [
          [0.461749,0.0,0.887011],
          [0.0,1.0,0.0],
          [-0.887011,0.0,0.461749],
          [2183.5,273.35,1240.6]
        ],
        "unit_class": "noTreeObjectGroup100",
        "objLayer": 2,
        "props": {
          "army": 2,
          "active": true
        }
      }
    },
    {
      "objectGroups": {
        "name": "notree_74",
        "tm": [
          [0.461749,0.0,0.887011],
          [0.0,1.0,0.0],
          [-0.887011,0.0,0.461749],
          [2107.25,273.35,1272.5]
        ],
        "unit_class": "noTreeObjectGroup100",
        "objLayer": 2,
        "props": {
          "army": 2,
          "active": true
        }
      }
    },
    {
      "objectGroups": {
        "name": "notree_77",
        "tm": [
          [0.461749,0.0,0.887011],
          [0.0,1.0,0.0],
          [-0.887011,0.0,0.461749],
          [2018.1,273.35,1303.95]
        ],
        "unit_class": "noTreeObjectGroup100",
        "objLayer": 2,
        "props": {
          "army": 2,
          "active": true
        }
      }
    },
    {
      "objectGroups": {
        "name": "notree_80",
        "tm": [
          [0.461749,0.0,0.887011],
          [0.0,1.0,0.0],
          [-0.887011,0.0,0.461749],
          [1940.5,273.35,1324.4]
        ],
        "unit_class": "noTreeObjectGroup100",
        "objLayer": 2,
        "props": {
          "army": 2,
          "active": true
        }
      }
    },
    {
      "objectGroups": {
        "name": "notree_83",
        "tm": [
          [0.843391,0.0,0.5373],
          [0.0,1.0,0.0],
          [-0.5373,0.0,0.843391],
          [1841.6,273.35,1322.65]
        ],
        "unit_class": "noTreeObjectGroup100",
        "objLayer": 2,
        "props": {
          "army": 2,
          "active": true
        }
      }
    },
    {
      "objectGroups": {
        "name": "notree_86",
        "tm": [
          [0.843391,0.0,0.5373],
          [0.0,1.0,0.0],
          [-0.5373,0.0,0.843391],
          [1748.45,273.35,1354.2]
        ],
        "unit_class": "noTreeObjectGroup100",
        "objLayer": 2,
        "props": {
          "army": 2,
          "active": true
        }
      }
    },
    {
      "objectGroups": {
        "name": "notree_89",
        "tm": [
          [0.843391,0.0,0.5373],
          [0.0,1.0,0.0],
          [-0.5373,0.0,0.843391],
          [1661.25,273.35,1387.05]
        ],
        "unit_class": "noTreeObjectGroup100",
        "objLayer": 2,
        "props": {
          "army": 2,
          "active": true
        }
      }
    },
    {
      "objectGroups": {
        "name": "notree_92",
        "tm": [
          [0.843391,0.0,0.5373],
          [0.0,1.0,0.0],
          [-0.5373,0.0,0.843391],
          [1573.65,273.35,1422.15]
        ],
        "unit_class": "noTreeObjectGroup100",
        "objLayer": 2,
        "props": {
          "army": 2,
          "active": true
        }
      }
    },
    {
      "objectGroups": {
        "name": "notree_95",
        "tm": [
          [0.422618,0.0,0.906308],
          [0.0,1.0,0.0],
          [-0.906308,0.0,0.422618],
          [1510.0,273.35,1471.3]
        ],
        "unit_class": "noTreeObjectGroup100",
        "objLayer": 2,
        "props": {
          "army": 2,
          "active": true
        }
      }
    },
    {
      "objectGroups": {
        "name": "notree_98",
        "tm": [
          [0.422618,0.0,0.906308],
          [0.0,1.0,0.0],
          [-0.906308,0.0,0.422618],
          [1434.3,273.35,1501.85]
        ],
        "unit_class": "noTreeObjectGroup100",
        "objLayer": 2,
        "props": {
          "army": 2,
          "active": true
        }
      }
    },
    {
      "objectGroups": {
        "name": "notree_101",
        "tm": [
          [-0.258819,0.0,0.965926],
          [0.0,1.0,0.0],
          [-0.965926,0.0,-0.258819],
          [1346.4,273.35,1529.65]
        ],
        "unit_class": "noTreeObjectGroup100",
        "objLayer": 2,
        "props": {
          "army": 2,
          "active": true
        }
      }
    },
    {
      "objectGroups": {
        "name": "notree_104",
        "tm": [
          [-0.258819,0.0,0.965926],
          [0.0,1.0,0.0],
          [-0.965926,0.0,-0.258819],
          [1252.45,273.35,1552.5]
        ],
        "unit_class": "noTreeObjectGroup100",
        "objLayer": 2,
        "props": {
          "army": 2,
          "active": true
        }
      }
    },
    {
      "objectGroups": {
        "name": "notree_107",
        "tm": [
          [-0.887011,0.0,0.461749],
          [0.0,1.0,0.0],
          [-0.461749,0.0,-0.887011],
          [1183.2,273.35,1586.4]
        ],
        "unit_class": "noTreeObjectGroup100",
        "objLayer": 2,
        "props": {
          "army": 2,
          "active": true
        }
      }
    },
    {
      "objectGroups": {
        "name": "notree_110",
        "tm": [
          [0.461749,0.0,0.887011],
          [0.0,1.0,0.0],
          [-0.887011,0.0,0.461749],
          [1099.2,273.35,1628.4]
        ],
        "unit_class": "noTreeObjectGroup100",
        "objLayer": 2,
        "props": {
          "army": 2,
          "active": true
        }
      }
    },
    {
      "objectGroups": {
        "name": "notree_113",
        "tm": [
          [0.461749,0.0,0.887011],
          [0.0,1.0,0.0],
          [-0.887011,0.0,0.461749],
          [1014.2,273.35,1674.15]
        ],
        "unit_class": "noTreeObjectGroup100",
        "objLayer": 2,
        "props": {
          "army": 2,
          "active": true
        }
      }
    },
    {
      "objectGroups": {
        "name": "notree_116",
        "tm": [
          [0.461749,0.0,0.887011],
          [0.0,1.0,0.0],
          [-0.887011,0.0,0.461749],
          [912.4,273.35,1689.4]
        ],
        "unit_class": "noTreeObjectGroup100",
        "objLayer": 2,
        "props": {
          "army": 2,
          "active": true
        }
      }
    },
    {
      "objectGroups": {
        "name": "notree_119",
        "tm": [
          [0.461749,0.0,0.887011],
          [0.0,1.0,0.0],
          [-0.887011,0.0,0.461749],
          [865.4,273.35,1735.4]
        ],
        "unit_class": "noTreeObjectGroup100",
        "objLayer": 2,
        "props": {
          "army": 2,
          "active": true
        }
      }
    },
    {
      "objectGroups": {
        "name": "notree_122",
        "tm": [
          [0.866025,0.0,0.5],
          [0.0,1.0,0.0],
          [-0.5,0.0,0.866025],
          [832.7,273.35,1789.75]
        ],
        "unit_class": "noTreeObjectGroup100",
        "objLayer": 2,
        "props": {
          "army": 2,
          "active": true
        }
      }
    },
    {
      "objectGroups": {
        "name": "notree_125",
        "tm": [
          [0.866025,0.0,0.5],
          [0.0,1.0,0.0],
          [-0.5,0.0,0.866025],
          [766.0,273.35,1860.0]
        ],
        "unit_class": "noTreeObjectGroup100",
        "objLayer": 2,
        "props": {
          "army": 2,
          "active": true
        }
      }
    },
    {
      "objectGroups": {
        "name": "notree_128",
        "tm": [
          [0.866025,0.0,0.5],
          [0.0,1.0,0.0],
          [-0.5,0.0,0.866025],
          [732.7,273.35,1946.5]
        ],
        "unit_class": "noTreeObjectGroup100",
        "objLayer": 2,
        "props": {
          "army": 2,
          "active": true
        }
      }
    },
    {
      "objectGroups": {
        "name": "notree_131",
        "tm": [
          [0.866025,0.0,0.5],
          [0.0,1.0,0.0],
          [-0.5,0.0,0.866025],
          [683.8,273.35,2028.35]
        ],
        "unit_class": "noTreeObjectGroup100",
        "objLayer": 2,
        "props": {
          "army": 2,
          "active": true
        }
      }
    },
    {
      "objectGroups": {
        "name": "notree_134",
        "tm": [
          [0.866025,0.0,0.5],
          [0.0,1.0,0.0],
          [-0.5,0.0,0.866025],
          [648.4,273.35,2115.0]
        ],
        "unit_class": "noTreeObjectGroup100",
        "objLayer": 2,
        "props": {
          "army": 2,
          "active": true
        }
      }
    },
    {
      "objectGroups": {
        "name": "notree_137",
        "tm": [
          [0.5373,0.0,0.843391],
          [0.0,1.0,0.0],
          [-0.843391,0.0,0.5373],
          [572.05,273.35,2164.85]
        ],
        "unit_class": "noTreeObjectGroup100",
        "objLayer": 2,
        "props": {
          "army": 2,
          "active": true
        }
      }
    },
    {
      "objectGroups": {
        "name": "notree_140",
        "tm": [
          [0.300706,0.0,0.953717],
          [0.0,1.0,0.0],
          [-0.953717,0.0,0.300706],
          [498.95,273.35,2200.1]
        ],
        "unit_class": "noTreeObjectGroup100",
        "objLayer": 2,
        "props": {
          "army": 2,
          "active": true
        }
      }
    },
    {
      "objectGroups": {
        "name": "notree_143",
        "tm": [
          [0.173648,0.0,0.984808],
          [0.0,1.0,0.0],
          [-0.984808,0.0,0.173648],
          [410.05,273.35,2221.9]
        ],
        "unit_class": "noTreeObjectGroup100",
        "objLayer": 2,
        "props": {
          "army": 2,
          "active": true
        }
      }
    },
    {
      "objectGroups": {
        "name": "notree_146",
        "tm": [
          [0.173648,0.0,0.984808],
          [0.0,1.0,0.0],
          [-0.984808,0.0,0.173648],
