{
  "selected_tag": "",
  "bin_dump_file": "",
  "mission_settings": {
    "player": {
      "army": 1,
      "wing": ""
    },
    "player_teamB": {
      "army": 2
    },
    "spectator_points": [],
    "mission": {
      "type": "singleMission",
      "level": "levels/water.bin",
      "restoreType": "attempts",
      "optionalTakeOff": false,
      "environment": "Day",
      "weather": "hazy"
    }
  },
  "imports": {
    "import_record": {
      "file": "gameData/missions/templates/navy_templates/ndom_airdef_template.blk",
      "importAreas": true,
      "importUnits": true,
      "importTriggers": true,
      "importMissionObjectives": true,
      "importWayPoints": true,
      "showAreas": true,
      "showUnits": true,
      "showTriggers": true,
      "showMissionObjectives": true,
      "showWayPoints": true,
      "excludes": []
    }
  },
  "triggers": {
    "isCategory": true,
    "is_enabled": true
  },
  "mission_objectives": {
    "isCategory": true,
    "is_enabled": true
  },
  "variables": [],
  "dialogs": [],
  "airfields": [],
  "effects": [],
  "units": [
    {
      "air_defence": {
        "name": "zone_01_airdef_01",
        "tm": [
          [-0.937999,0.0,0.346637],
          [0.0,1.0,0.0],
          [-0.346637,0.0,-0.937999],
          [5299.7,57.7306,1995.99]
        ],
        "unit_class": "germ_37mm_flak43_naval",
        "objLayer": 1,
        "closed_waypoints": false,
        "isShipSpline": false,
        "shipTurnRadius": 100.0,
        "weapons": "",
        "bullets0": "",
        "bullets1": "",
        "bullets2": "",
        "bullets3": "",
        "bulletsCount0": 0,
        "bulletsCount1": 0,
        "bulletsCount2": 0,
        "bulletsCount3": 0,
        "props": {
          "army": 0,
          "count": 1,
          "formation_type": "rows",
          "formation_div": 3,
          "formation_step": [2.5,2.0],
          "formation_noise": [0.1,0.1],
          "uniqueName": "",
          "attack_type": "fire_at_will"
        },
        "way": []
      }
    },
    {
      "air_defence": {
        "name": "zone_01_airdef_02",
        "tm": [
          [-0.191672,0.0,-0.981459],
          [0.0,1.0,0.0],
          [0.981459,0.0,-0.191672],
          [5355.1,57.7306,1915.69]
        ],
        "unit_class": "germ_37mm_flak43_naval",
        "objLayer": 1,
        "closed_waypoints": false,
        "isShipSpline": false,
        "shipTurnRadius": 100.0,
        "weapons": "",
        "bullets0": "",
        "bullets1": "",
        "bullets2": "",
        "bullets3": "",
        "bulletsCount0": 0,
        "bulletsCount1": 0,
        "bulletsCount2": 0,
        "bulletsCount3": 0,
        "props": {
          "army": 0,
          "count": 1,
          "formation_type": "rows",
          "formation_div": 3,
          "formation_step": [2.5,2.0],
          "formation_noise": [0.1,0.1],
          "uniqueName": "",
          "attack_type": "fire_at_will"
        },
        "way": []
      }
    },
    {
      "air_defence": {
        "name": "zone_01_airdef_03",
        "tm": [
          [-0.999557,0.0,-0.0297619],
          [0.0,1.0,0.0],
          [0.0297619,0.0,-0.999557],
          [5204.36,57.7306,2083.42]
        ],
        "unit_class": "germ_37mm_flak43_naval",
        "objLayer": 1,
        "closed_waypoints": false,
        "isShipSpline": false,
        "shipTurnRadius": 100.0,
        "weapons": "",
        "bullets0": "",
        "bullets1": "",
        "bullets2": "",
        "bullets3": "",
        "bulletsCount0": 0,
        "bulletsCount1": 0,
        "bulletsCount2": 0,
        "bulletsCount3": 0,
        "props": {
          "army": 0,
          "count": 1,
          "formation_type": "rows",
          "formation_div": 3,
          "formation_step": [2.5,2.0],
          "formation_noise": [0.1,0.1],
          "uniqueName": "",
          "attack_type": "fire_at_will"
        },
        "way": []
      }
    },
    {
      "air_defence": {
        "name": "zone_01_airdef_04",
        "tm": [
          [0.924544,0.0,-0.381077],
          [0.0,1.0,0.0],
          [0.381077,0.0,0.924544],
          [5431.98,69.3093,2126.78]
        ],
        "unit_class": "germ_37mm_flak43_naval",
        "objLayer": 1,
        "closed_waypoints": false,
        "isShipSpline": false,
        "shipTurnRadius": 100.0,
        "weapons": "",
        "bullets0": "",
        "bullets1": "",
        "bullets2": "",
        "bullets3": "",
        "bulletsCount0": 0,
        "bulletsCount1": 0,
        "bulletsCount2": 0,
        "bulletsCount3": 0,
        "props": {
          "army": 0,
          "count": 1,
          "formation_type": "rows",
          "formation_div": 3,
          "formation_step": [2.5,2.0],
          "formation_noise": [0.1,0.1],
          "uniqueName": "",
          "attack_type": "fire_at_will"
        },
        "way": []
      }
    },
    {
      "air_defence": {
        "name": "zone_01_airdef_05",
        "tm": [
          [-0.879287,0.0,-0.476292],
          [0.0,1.0,0.0],
          [0.476292,0.0,-0.879287],
          [5167.83,57.3558,2192.36]
        ],
        "unit_class": "germ_37mm_flak43_naval",
        "objLayer": 1,
        "closed_waypoints": false,
        "isShipSpline": false,
        "shipTurnRadius": 100.0,
        "weapons": "",
        "bullets0": "",
        "bullets1": "",
        "bullets2": "",
        "bullets3": "",
        "bulletsCount0": 0,
        "bulletsCount1": 0,
        "bulletsCount2": 0,
        "bulletsCount3": 0,
        "props": {
          "army": 0,
          "count": 1,
          "formation_type": "rows",
          "formation_div": 3,
          "formation_step": [2.5,2.0],
          "formation_noise": [0.1,0.1],
          "uniqueName": "",
          "attack_type": "fire_at_will"
        },
        "way": []
      }
    },
    {
      "air_defence": {
        "name": "zone_01_airdef_06",
        "tm": [
          [0.25418,0.0,0.967156],
          [0.0,1.0,0.0],
          [-0.967156,0.0,0.25418],
          [5294.48,50.4172,2207.33]
        ],
        "unit_class": "germ_37mm_flak43_naval",
        "objLayer": 1,
        "closed_waypoints": false,
        "isShipSpline": false,
        "shipTurnRadius": 100.0,
        "weapons": "",
        "bullets0": "",
        "bullets1": "",
        "bullets2": "",
        "bullets3": "",
        "bulletsCount0": 0,
        "bulletsCount1": 0,
        "bulletsCount2": 0,
        "bulletsCount3": 0,
        "props": {
          "army": 0,
          "count": 1,
          "formation_type": "rows",
          "formation_div": 3,
          "formation_step": [2.5,2.0],
          "formation_noise": [0.1,0.1],
          "uniqueName": "",
          "attack_type": "fire_at_will"
        },
        "way": []
      }
    },
    {
      "air_defence": {
        "name": "zone_01_airdef_07",
        "tm": [
          [0.736035,0.0,-0.676943],
          [0.0,1.0,0.0],
          [0.676943,0.0,0.736035],
          [5427.09,57.7081,1931.13]
        ],
        "unit_class": "germ_37mm_flak43_naval",
        "objLayer": 1,
        "closed_waypoints": false,
        "isShipSpline": false,
        "shipTurnRadius": 100.0,
        "weapons": "",
        "bullets0": "",
        "bullets1": "",
        "bullets2": "",
        "bullets3": "",
        "bulletsCount0": 0,
        "bulletsCount1": 0,
        "bulletsCount2": 0,
        "bulletsCount3": 0,
        "props": {
          "army": 0,
          "count": 1,
          "formation_type": "rows",
          "formation_div": 3,
          "formation_step": [2.5,2.0],
          "formation_noise": [0.1,0.1],
          "uniqueName": "",
          "attack_type": "fire_at_will"
        },
        "way": []
      }
    },
    {
      "objectGroups": {
        "name": "notree_01",
        "tm": [
          [0.980135,0.0,-0.198332],
          [0.0,1.0,0.0],
          [0.198332,0.0,0.980135],
          [5314.49,57.7306,1917.09]
        ],
        "unit_class": "noTreeObjectGroup25",
        "objLayer": 1,
        "props": {
          "army": 2,
          "active": true
        }
      }
    },
    {
      "squad": {
        "name": "sq_zone_03_airdef",
        "tm": [
          [1.0,0.0,0.0],
          [0.0,1.0,0.0],
          [0.0,0.0,1.0],
          [5344.38,230.283,1875.29]
        ],
        "props": [
          {
            "squad_members": "zone_01_airdef_01"
          },
          {
            "squad_members": "zone_01_airdef_02"
          },
          {
            "squad_members": "zone_01_airdef_03"
          },
          {
            "squad_members": "zone_01_airdef_04"
          },
          {
            "squad_members": "zone_01_airdef_05"
          },
          {
            "squad_members": "zone_01_airdef_06"
          },
          {
            "squad_members": "zone_01_airdef_07"
          },
          {
            "squad_members": "zone_01_airdef_08"
          }
        ]
      }
    },
    {
      "air_defence": {
        "name": "zone_01_airdef_08",
        "tm": [
          [0.834686,0.0,-0.550726],
          [0.0,1.0,0.0],
          [0.550726,0.0,0.834686],
          [5500.34,52.9788,1984.74]
        ],
        "unit_class": "germ_37mm_flak43_naval",
        "objLayer": 1,
        "closed_waypoints": false,
        "isShipSpline": false,
        "shipTurnRadius": 100.0,
        "weapons": "",
        "bullets0": "",
        "bullets1": "",
        "bullets2": "",
        "bullets3": "",
        "bulletsCount0": 0,
        "bulletsCount1": 0,
        "bulletsCount2": 0,
        "bulletsCount3": 0,
        "props": {
          "army": 0,
          "count": 1,
          "formation_type": "rows",
          "formation_div": 3,
          "formation_step": [2.5,2.0],
          "formation_noise": [0.1,0.1],
          "uniqueName": "",
          "attack_type": "fire_at_will"
        },
        "way": []
      }
    },
    {
      "objectGroups": {
        "name": "notree_05",
        "tm": [
          [0.980135,0.0,-0.198332],
          [0.0,1.0,0.0],
          [0.198332,0.0,0.980135],
          [5337.36,57.7306,1917.99]
        ],
        "unit_class": "noTreeObjectGroup25",
        "objLayer": 1,
        "props": {
          "army": 2,
          "active": true
        }
      }
    },
    {
      "objectGroups": {
        "name": "notree_08",
        "tm": [
          [0.980135,0.0,-0.198332],
          [0.0,1.0,0.0],
          [0.198332,0.0,0.980135],
          [5358.51,57.7306,1913.86]
        ],
        "unit_class": "noTreeObjectGroup25",
        "objLayer": 1,
        "props": {
          "army": 2,
          "active": true
        }
      }
    },
    {
      "objectGroups": {
        "name": "notree_11",
        "tm": [
          [0.980135,0.0,-0.198332],
          [0.0,1.0,0.0],
          [0.198332,0.0,0.980135],
          [5375.52,57.7306,1892.63]
        ],
        "unit_class": "noTreeObjectGroup25",
        "objLayer": 1,
        "props": {
          "army": 2,
          "active": true
        }
      }
    },
    {
      "objectGroups": {
        "name": "notree_14",
        "tm": [
          [0.980135,0.0,-0.198332],
          [0.0,1.0,0.0],
          [0.198332,0.0,0.980135],
          [5350.45,57.7306,1897.85]
        ],
        "unit_class": "noTreeObjectGroup25",
        "objLayer": 1,
        "props": {
          "army": 2,
          "active": true
        }
      }
    },
    {
      "objectGroups": {
        "name": "notree_17",
        "tm": [
          [0.667536,0.0,0.744577],
          [0.0,1.0,0.0],
          [-0.744577,0.0,0.667536],
          [5449.35,57.7306,1934.66]
        ],
        "unit_class": "noTreeObjectGroup25",
        "objLayer": 1,
        "props": {
          "army": 2,
          "active": true
        }
      }
    },
    {
      "objectGroups": {
        "name": "notree_20",
        "tm": [
          [0.667536,0.0,0.744577],
          [0.0,1.0,0.0],
          [-0.744577,0.0,0.667536],
          [5431.74,57.7306,1950.44]
        ],
        "unit_class": "noTreeObjectGroup25",
        "objLayer": 1,
        "props": {
          "army": 2,
          "active": true
        }
      }
    },
    {
      "objectGroups": {
        "name": "notree_23",
        "tm": [
          [0.667536,0.0,0.744577],
          [0.0,1.0,0.0],
          [-0.744577,0.0,0.667536],
          [5403.49,57.7306,1931.97]
        ],
        "unit_class": "noTreeObjectGroup25",
        "objLayer": 1,
        "props": {
          "army": 2,
          "active": true
        }
      }
    },
    {
      "objectGroups": {
        "name": "notree_26",
        "tm": [
          [0.667536,0.0,0.744577],
          [0.0,1.0,0.0],
          [-0.744577,0.0,0.667536],
          [5428.04,57.7306,1930.06]
        ],
        "unit_class": "noTreeObjectGroup25",
        "objLayer": 1,
        "props": {
          "army": 2,
          "active": true
        }
      }
    },
    {
      "objectGroups": {
        "name": "notree_29",
        "tm": [
          [0.667536,0.0,0.744577],
          [0.0,1.0,0.0],
          [-0.744577,0.0,0.667536],
          [5427.27,57.7306,1904.14]
        ],
        "unit_class": "noTreeObjectGroup25",
        "objLayer": 1,
        "props": {
          "army": 2,
          "active": true
        }
      }
    },
    {
      "objectGroups": {
        "name": "notree_32",
        "tm": [
          [0.520407,0.0,0.853918],
          [0.0,1.0,0.0],
          [-0.853918,0.0,0.520407],
          [5468.03,53.8263,1980.66]
        ],
        "unit_class": "noTreeObjectGroup25",
        "objLayer": 1,
        "props": {
          "army": 2,
          "active": true
        }
      }
    },
    {
      "objectGroups": {
        "name": "notree_35",
        "tm": [
          [0.520407,0.0,0.853918],
          [0.0,1.0,0.0],
          [-0.853918,0.0,0.520407],
          [5504.91,53.8263,1982.98]
        ],
        "unit_class": "noTreeObjectGroup25",
        "objLayer": 1,
        "props": {
          "army": 2,
          "active": true
        }
      }
    },
    {
      "objectGroups": {
        "name": "notree_38",
        "tm": [
          [0.520407,0.0,0.853918],
          [0.0,1.0,0.0],
          [-0.853918,0.0,0.520407],
          [5510.33,53.8263,2002.61]
        ],
        "unit_class": "noTreeObjectGroup25",
        "objLayer": 1,
        "props": {
          "army": 2,
          "active": true
        }
      }
    }
  ],
  "areas": {
    "notree_02": {
      "type": "Box",
      "tm": [
        [24.5033,0.0,-4.9583],
        [0.0,25.0,0.0],
        [4.9583,0.0,24.5033],
        [5314.49,57.7306,1917.09]
      ],
      "objLayer": 0,
      "props": []
    },
    "notree_04": {
      "type": "Box",
      "tm": [
        [24.5033,0.0,-4.9583],
        [0.0,25.0,0.0],
        [4.9583,0.0,24.5033],
        [5337.36,57.7306,1917.99]
      ],
      "objLayer": 0,
      "props": []
    },
    "notree_07": {
      "type": "Box",
      "tm": [
        [24.5033,0.0,-4.9583],
        [0.0,25.0,0.0],
        [4.9583,0.0,24.5033],
        [5358.51,57.7306,1913.86]
      ],
      "objLayer": 0,
      "props": []
    },
    "notree_10": {
      "type": "Box",
      "tm": [
        [24.5033,0.0,-4.9583],
        [0.0,25.0,0.0],
        [4.9583,0.0,24.5033],
        [5375.52,57.7306,1892.63]
      ],
      "objLayer": 0,
      "props": []
    },
    "notree_13": {
      "type": "Box",
      "tm": [
        [24.5033,0.0,-4.9583],
        [0.0,25.0,0.0],
        [4.9583,0.0,24.5033],
        [5350.45,57.7306,1897.85]
      ],
      "objLayer": 0,
      "props": []
    },
    "notree_16": {
      "type": "Box",
      "tm": [
        [16.6884,0.0,18.6144],
        [0.0,25.0,0.0],
        [-18.6144,0.0,16.6884],
        [5449.35,57.7306,1934.66]
      ],
      "objLayer": 0,
      "props": []
    },
    "notree_19": {
      "type": "Box",
      "tm": [
        [16.6884,0.0,18.6144],
        [0.0,25.0,0.0],
        [-18.6144,0.0,16.6884],
        [5431.74,57.7306,1950.44]
      ],
      "objLayer": 0,
      "props": []
    },
    "notree_22": {
      "type": "Box",
      "tm": [
        [16.6884,0.0,18.6144],
        [0.0,25.0,0.0],
        [-18.6144,0.0,16.6884],
        [5403.49,57.7306,1931.97]
      ],
      "objLayer": 0,
      "props": []
    },
    "notree_25": {
      "type": "Box",
      "tm": [
        [16.6884,0.0,18.6144],
        [0.0,25.0,0.0],
        [-18.6144,0.0,16.6884],
        [5428.04,57.7306,1930.06]
      ],
      "objLayer": 0,
      "props": []
    },
    "notree_28": {
      "type": "Box",
      "tm": [
        [16.6884,0.0,18.6144],
        [0.0,25.0,0.0],
        [-18.6144,0.0,16.6884],
        [5427.27,57.7306,1904.14]
      ],
      "objLayer": 0,
      "props": []
    },
    "notree_31": {
      "type": "Box",
      "tm": [
        [13.0102,0.0,21.3479],
        [0.0,25.0,0.0],
        [-21.3479,0.0,13.0102],
        [5468.03,53.8263,1980.66]
      ],
      "objLayer": 0,
      "props": []
    },
    "notree_34": {
      "type": "Box",
      "tm": [
        [13.0102,0.0,21.3479],
        [0.0,25.0,0.0],
        [-21.3479,0.0,13.0102],
        [5504.91,53.8263,1982.98]
      ],
      "objLayer": 0,
      "props": []
    },
    "notree_37": {
      "type": "Box",
      "tm": [
        [13.0102,0.0,21.3479],
        [0.0,25.0,0.0],
        [-21.3479,0.0,13.0102],
        [5510.33,53.8263,2002.61]
      ],
      "objLayer": 0,
      "props": []
    }
  },
  "objLayers": [
    {
      "layer": {
        "enabled": true
      }
    },
    {
      "layer": {
        "enabled": true
      }
    },
    {
      "layer": {
        "enabled": true
      }
    },
    {
      "layer": {
        "enabled": false
      }
    }
  ],
  "wayPoints": []
}