{
  "selected_tag": "",
  "bin_dump_file": "",
  "mission_settings": {
    "player": {
      "army": 1
    },
    "player_teamB": {
      "army": 2
    },
    "mission": {
      "level": "levels/air_smolensk.bin",
      "type": "domination",
      "environment": "Day",
      "weather": "hazy",
      "restoreType": "attempts",
      "optionalTakeOff": false
    }
  },
  "imports": {
    "import_record": {
      "file": "gameData/missions/templates/air_templates/jip/air_bdt_bases_destroy_template.blk",
      "importAreas": true,
      "importUnits": true,
      "importTriggers": true,
      "importMissionObjectives": true,
      "importWayPoints": true,
      "showAreas": true,
      "showUnits": true,
      "showTriggers": true,
      "showMissionObjectives": true,
      "showWayPoints": true,
      "excludes": []
    }
  },
  "triggers": {
    "isCategory": true,
    "is_enabled": true
  },
  "mission_objectives": {
    "isCategory": true,
    "is_enabled": true
  },
  "variables": [],
  "dialogs": [],
  "airfields": [],
  "effects": [],
  "units": [
    {
      "objectGroups": {
        "name": "bdt_t2_bomb_object_01",
        "tm": [
          [0.927364,0.0,-0.374156],
          [0.0,1.0,0.0],
          [0.374156,0.0,0.927364],
          [-22385.3,48.1424,-898.777]
        ],
        "unit_class": "dynBase_hq_camp_square",
        "objLayer": 2,
        "props": {
          "army": 2,
          "active": true
        }
      }
    },
    {
      "objectGroups": {
        "name": "bdt_t2_bomb_object_02",
        "tm": [
          [0.43095,0.0,-0.902378],
          [0.0,1.0,0.0],
          [0.902378,0.0,0.43095],
          [-22230.6,132.297,-7368.5]
        ],
        "unit_class": "dynBase_fuel_storage_square",
        "objLayer": 2,
        "props": {
          "army": 2,
          "active": true
        }
      }
    },
    {
      "objectGroups": {
        "name": "bdt_t2_bomb_object_03",
        "tm": [
          [0.760091,0.0,0.649818],
          [0.0,1.0,0.0],
          [-0.649818,0.0,0.760091],
          [-20932.9,130.147,-9461.67]
        ],
        "unit_class": "dynBase_oil_storage_small_square",
        "objLayer": 2,
        "props": {
          "army": 2,
          "active": true
        }
      }
    },
    {
      "objectGroups": {
        "name": "bdt_t1_bomb_object_01",
        "tm": [
          [0.998731,0.0,-0.0503444],
          [0.0,1.0,0.0],
          [0.0503444,0.0,0.998731],
          [-12337.8,166.885,3437.41]
        ],
        "unit_class": "dynBase_fuel_storage_square",
        "objLayer": 2,
        "props": {
          "army": 1,
          "active": true
        }
      }
    },
    {
      "objectGroups": {
        "name": "bdt_t1_bomb_object_02",
        "tm": [
          [0.770354,0.0,0.637615],
          [0.0,1.0,0.0],
          [-0.637615,0.0,0.770354],
          [-9707.46,127.86,1263.38]
        ],
        "unit_class": "dynBase_small_factory_square",
        "objLayer": 2,
        "props": {
          "army": 1,
          "active": false
        }
      }
    },
    {
      "objectGroups": {
        "name": "bdt_t1_bomb_object_03",
        "tm": [
          [0.615927,0.0,0.787804],
          [0.0,1.0,0.0],
          [-0.787804,0.0,0.615927],
          [-7814.25,144.827,-6614.63]
        ],
        "unit_class": "dynBase_oil_storage_small_square",
        "objLayer": 2,
        "props": {
          "army": 1,
          "active": false
        }
      }
    },
    {
      "objectGroups": {
        "name": "bdt_t2_bomb_object_04",
        "tm": [
          [0.974259,0.0,0.225425],
          [0.0,1.0,0.0],
          [-0.225425,0.0,0.974259],
          [-20531.2,76.5457,1609.05]
        ],
        "unit_class": "dynBase_small_factory_square",
        "objLayer": 2,
        "props": {
          "army": 2,
          "active": true
        }
      }
    },
    {
      "objectGroups": {
        "name": "bdt_t1_bomb_object_04",
        "tm": [
          [0.852701,0.0,0.522399],
          [0.0,1.0,0.0],
          [-0.522399,0.0,0.852701],
          [-9546.15,137.301,-9184.59]
        ],
        "unit_class": "dynBase_field_camp_square",
        "objLayer": 2,
        "props": {
          "army": 1,
          "active": false
        }
      }
    },
    {
      "structures": {
        "name": "bdt_t2_bomb_zone_01_bomb_target",
        "tm": [
          [0.927364,0.0,-0.374156],
          [0.0,1.0,0.0],
          [0.374156,0.0,0.927364],
          [-22385.3,48.1424,-898.777]
        ],
        "unit_class": "dummy_immortal",
        "objLayer": 2,
        "closed_waypoints": false,
        "isShipSpline": false,
        "shipTurnRadius": 100.0,
        "weapons": "",
        "bullets0": "",
        "bullets1": "",
        "bullets2": "",
        "bullets3": "",
        "bulletsCount0": 0,
        "bulletsCount1": 0,
        "bulletsCount2": 0,
        "bulletsCount3": 0,
        "crewSkillK": 0.0,
        "props": {
          "army": 2,
          "count": 1,
          "formation_type": "rows",
          "formation_div": 3,
          "formation_step": [2.5,2.0],
          "formation_noise": [0.1,0.1],
          "uniqueName": "",
          "attack_type": "fire_at_will",
          "isDelayed": false,
          "stealthRadius": 0.0,
          "setStealth": true,
          "targetableByAi": false
        },
        "way": []
      }
    },
    {
      "structures": {
        "name": "bdt_t2_bomb_zone_02_bomb_target",
        "tm": [
          [0.43095,0.0,-0.902378],
          [0.0,1.0,0.0],
          [0.902378,0.0,0.43095],
          [-22230.6,132.297,-7368.5]
        ],
        "unit_class": "dummy_immortal",
        "objLayer": 2,
        "closed_waypoints": false,
        "isShipSpline": false,
        "shipTurnRadius": 100.0,
        "weapons": "",
        "bullets0": "",
        "bullets1": "",
        "bullets2": "",
        "bullets3": "",
        "bulletsCount0": 0,
        "bulletsCount1": 0,
        "bulletsCount2": 0,
        "bulletsCount3": 0,
        "crewSkillK": 0.0,
        "props": {
          "army": 2,
          "count": 1,
          "formation_type": "rows",
          "formation_div": 3,
          "formation_step": [2.5,2.0],
          "formation_noise": [0.1,0.1],
          "uniqueName": "",
          "attack_type": "fire_at_will",
          "isDelayed": false,
          "stealthRadius": 0.0,
          "setStealth": true,
          "targetableByAi": false
        },
        "way": []
      }
    },
    {
      "structures": {
        "name": "bdt_t2_bomb_zone_03_bomb_target",
        "tm": [
          [0.760091,0.0,0.649818],
          [0.0,1.0,0.0],
          [-0.649818,0.0,0.760091],
          [-20932.9,130.147,-9461.67]
        ],
        "unit_class": "dummy_immortal",
        "objLayer": 2,
        "closed_waypoints": false,
        "isShipSpline": false,
        "shipTurnRadius": 100.0,
        "weapons": "",
        "bullets0": "",
        "bullets1": "",
        "bullets2": "",
        "bullets3": "",
        "bulletsCount0": 0,
        "bulletsCount1": 0,
        "bulletsCount2": 0,
        "bulletsCount3": 0,
        "crewSkillK": 0.0,
        "props": {
          "army": 2,
          "count": 1,
          "formation_type": "rows",
          "formation_div": 3,
          "formation_step": [2.5,2.0],
          "formation_noise": [0.1,0.1],
          "uniqueName": "",
          "attack_type": "fire_at_will",
          "isDelayed": false,
          "stealthRadius": 0.0,
          "setStealth": true,
          "targetableByAi": false
        },
        "way": []
      }
    },
    {
      "structures": {
        "name": "bdt_t2_bomb_zone_04_bomb_target",
        "tm": [
          [0.974259,0.0,0.225425],
          [0.0,1.0,0.0],
          [-0.225425,0.0,0.974259],
          [-20531.2,76.5457,1609.05]
        ],
        "unit_class": "dummy_immortal",
        "objLayer": 2,
        "closed_waypoints": false,
        "isShipSpline": false,
        "shipTurnRadius": 100.0,
        "weapons": "",
        "bullets0": "",
        "bullets1": "",
        "bullets2": "",
        "bullets3": "",
        "bulletsCount0": 0,
        "bulletsCount1": 0,
        "bulletsCount2": 0,
        "bulletsCount3": 0,
        "crewSkillK": 0.0,
        "props": {
          "army": 2,
          "count": 1,
          "formation_type": "rows",
          "formation_div": 3,
          "formation_step": [2.5,2.0],
          "formation_noise": [0.1,0.1],
          "uniqueName": "",
          "attack_type": "fire_at_will",
          "isDelayed": false,
          "stealthRadius": 0.0,
          "setStealth": true,
          "targetableByAi": false
        },
        "way": []
      }
    },
    {
      "structures": {
        "name": "bdt_t1_bomb_zone_01_bomb_target",
        "tm": [
          [0.998731,0.0,-0.0503444],
          [0.0,1.0,0.0],
          [0.0503444,0.0,0.998731],
          [-12337.8,166.885,3437.41]
        ],
        "unit_class": "dummy_immortal",
        "objLayer": 2,
        "closed_waypoints": false,
        "isShipSpline": false,
        "shipTurnRadius": 100.0,
        "weapons": "",
        "bullets0": "",
        "bullets1": "",
        "bullets2": "",
        "bullets3": "",
        "bulletsCount0": 0,
        "bulletsCount1": 0,
        "bulletsCount2": 0,
        "bulletsCount3": 0,
        "crewSkillK": 0.0,
        "props": {
          "army": 1,
          "count": 1,
          "formation_type": "rows",
          "formation_div": 3,
          "formation_step": [2.5,2.0],
          "formation_noise": [0.1,0.1],
          "uniqueName": "",
          "attack_type": "fire_at_will",
          "stealthRadius": 0.0,
          "setStealth": true,
          "targetableByAi": false
        },
        "way": []
      }
    },
    {
      "structures": {
        "name": "bdt_t1_bomb_zone_02_bomb_target",
        "tm": [
          [0.770354,0.0,0.637615],
          [0.0,1.0,0.0],
          [-0.637615,0.0,0.770354],
          [-9707.46,127.86,1263.38]
        ],
        "unit_class": "dummy_immortal",
        "objLayer": 2,
        "closed_waypoints": false,
        "isShipSpline": false,
        "shipTurnRadius": 100.0,
        "weapons": "",
        "bullets0": "",
        "bullets1": "",
        "bullets2": "",
        "bullets3": "",
        "bulletsCount0": 0,
        "bulletsCount1": 0,
        "bulletsCount2": 0,
        "bulletsCount3": 0,
        "crewSkillK": 0.0,
        "props": {
          "army": 1,
          "count": 1,
          "formation_type": "rows",
          "formation_div": 3,
          "formation_step": [2.5,2.0],
          "formation_noise": [0.1,0.1],
          "uniqueName": "",
          "attack_type": "fire_at_will",
          "stealthRadius": 0.0,
          "setStealth": true,
          "targetableByAi": false
        },
        "way": []
      }
    },
    {
      "structures": {
        "name": "bdt_t1_bomb_zone_03_bomb_target",
        "tm": [
          [0.615927,0.0,0.787804],
          [0.0,1.0,0.0],
          [-0.787804,0.0,0.615927],
          [-7814.25,144.827,-6614.63]
        ],
        "unit_class": "dummy_immortal",
        "objLayer": 2,
        "closed_waypoints": false,
        "isShipSpline": false,
        "shipTurnRadius": 100.0,
        "weapons": "",
        "bullets0": "",
        "bullets1": "",
        "bullets2": "",
        "bullets3": "",
        "bulletsCount0": 0,
        "bulletsCount1": 0,
        "bulletsCount2": 0,
        "bulletsCount3": 0,
        "crewSkillK": 0.0,
        "props": {
          "army": 1,
          "count": 1,
          "formation_type": "rows",
          "formation_div": 3,
          "formation_step": [2.5,2.0],
          "formation_noise": [0.1,0.1],
          "uniqueName": "",
          "attack_type": "fire_at_will",
          "stealthRadius": 0.0,
          "setStealth": true,
          "targetableByAi": false
        },
        "way": []
      }
    },
    {
      "structures": {
        "name": "bdt_t1_bomb_zone_04_bomb_target",
        "tm": [
          [0.852701,0.0,0.522399],
          [0.0,1.0,0.0],
          [-0.522399,0.0,0.852701],
          [-9546.15,137.301,-9184.59]
        ],
        "unit_class": "dummy_immortal",
        "objLayer": 2,
        "closed_waypoints": false,
        "isShipSpline": false,
        "shipTurnRadius": 100.0,
        "weapons": "",
        "bullets0": "",
        "bullets1": "",
        "bullets2": "",
        "bullets3": "",
        "bulletsCount0": 0,
        "bulletsCount1": 0,
        "bulletsCount2": 0,
        "bulletsCount3": 0,
        "crewSkillK": 0.0,
        "props": {
          "army": 1,
          "count": 1,
          "formation_type": "rows",
          "formation_div": 3,
          "formation_step": [2.5,2.0],
          "formation_noise": [0.1,0.1],
          "uniqueName": "",
          "attack_type": "fire_at_will",
          "stealthRadius": 0.0,
          "setStealth": true,
          "targetableByAi": false
        },
        "way": []
      }
    },
    {
      "squad": {
        "name": "bdt_t1_targets_squad",
        "tm": [
          [0.856496,0.0,0.516153],
          [0.0,1.0,0.0],
          [-0.516153,0.0,0.856496],
          [-7793.34,168.238,-1193.04]
        ],
        "props": [
          {
            "object_marking": 0
          },
          {
            "squad_members": "bdt_t2_bomb_zone_01_bomb_target"
          },
          {
            "squad_members": "bdt_t2_bomb_zone_02_bomb_target"
          },
          {
            "squad_members": "bdt_t2_bomb_zone_03_bomb_target"
          },
          {
            "squad_members": "bdt_t2_bomb_zone_04_bomb_target"
          },
          {
            "squad_members": "bdt_t2_bomb_zone_05_bomb_target"
          }
        ]
      }
    },
    {
      "squad": {
        "name": "bdt_t2_targets_squad",
        "tm": [
          [0.978189,0.0,0.207709],
          [0.0,1.0,0.0],
          [-0.207709,0.0,0.978189],
          [-22639.8,103.838,-4661.01]
        ],
        "props": [
          {
            "object_marking": 0
          },
          {
            "squad_members": "bdt_t2_bomb_zone_01_bomb_target"
          },
          {
            "squad_members": "bdt_t2_bomb_zone_02_bomb_target"
          },
          {
            "squad_members": "bdt_t2_bomb_zone_03_bomb_target"
          },
          {
            "squad_members": "bdt_t2_bomb_zone_04_bomb_target"
          },
          {
            "squad_members": "bdt_t2_bomb_zone_05_bomb_target"
          },
          {
            "squad_members": "bdt_t2_bomb_zone_06_bomb_target"
          },
          {
            "squad_members": "bdt_t2_bomb_zone_07_bomb_target"
          },
          {
            "squad_members": "bdt_t2_bomb_zone_08_bomb_target"
          },
          {
            "squad_members": "bdt_t2_bomb_zone_09_bomb_target"
          },
          {
            "squad_members": "bdt_t2_bomb_zone_10_bomb_target"
          }
        ]
      }
    },
    {
      "air_defence": {
        "name": "bdt_t2_aaa",
        "tm": [
          [-0.757958,0.0,-0.652303],
          [0.0,1.0,0.0],
          [0.652303,0.0,-0.757958],
          [-15223.0,145.794,19318.5]
        ],
        "unit_class": "germ_88mm_flak36",
        "objLayer": 1,
        "closed_waypoints": false,
        "isShipSpline": false,
        "shipTurnRadius": 100.0,
        "weapons": "",
        "bullets0": "",
        "bullets1": "",
        "bullets2": "",
        "bullets3": "",
        "bulletsCount0": 0,
        "bulletsCount1": 0,
        "bulletsCount2": 0,
        "bulletsCount3": 0,
        "crewSkillK": 0.0,
        "props": {
          "army": 2,
          "count": 16,
          "formation_type": "rows",
          "formation_div": 3,
          "formation_step": [2.5,2.0],
          "formation_noise": [0.1,0.1],
          "uniqueName": "",
          "attack_type": "fire_at_will",
          "isDelayed": true,
          "stealthRadius": 0.0,
          "setStealth": true,
          "calmDetection": true,
          "targetableByAi": false
        },
        "way": []
      }
    },
    {
      "air_defence": {
        "name": "bdt_t1_aaa",
        "tm": [
          [-0.757958,0.0,-0.652303],
          [0.0,1.0,0.0],
          [0.652303,0.0,-0.757958],
          [-16256.4,145.794,18429.2]
        ],
        "unit_class": "ussr_85mm_52k",
        "objLayer": 1,
        "closed_waypoints": false,
        "isShipSpline": false,
        "shipTurnRadius": 100.0,
        "weapons": "",
        "bullets0": "",
        "bullets1": "",
        "bullets2": "",
        "bullets3": "",
        "bulletsCount0": 0,
        "bulletsCount1": 0,
        "bulletsCount2": 0,
        "bulletsCount3": 0,
        "crewSkillK": 0.0,
        "props": {
          "army": 1,
          "count": 16,
          "formation_type": "rows",
          "formation_div": 3,
          "formation_step": [2.5,2.0],
          "formation_noise": [0.1,0.1],
          "uniqueName": "",
          "attack_type": "fire_at_will",
          "isDelayed": true,
          "stealthRadius": 0.0,
          "setStealth": true,
          "calmDetection": true,
          "targetableByAi": false
        },
        "way": []
      }
    },
    {
      "squad": {
        "name": "bdt_t2_aaa_squad",
        "tm": [
          [-0.757958,0.0,-0.652303],
          [0.0,1.0,0.0],
          [0.652303,0.0,-0.757958],
          [-17355.3,145.794,19738.0]
        ],
        "props": {
          "object_marking": 0,
          "squad_members": "bdt_t2_aaa"
        }
      }
    },
    {
      "squad": {
        "name": "bdt_t1_aaa_squad",
        "tm": [
          [-0.757958,0.0,-0.652303],
          [0.0,1.0,0.0],
          [0.652303,0.0,-0.757958],
          [-18445.6,145.794,18510.8]
        ],
        "props": {
          "object_marking": 0,
          "squad_members": "bdt_t1_aaa"
        }
      }
    },
    {
      "structures": {
        "name": "bdt_t1_bomb_zone_05_bomb_target",
        "tm": [
          [0.852701,0.0,0.522399],
          [0.0,1.0,0.0],
          [-0.522399,0.0,0.852701],
          [-7677.68,167.141,-9965.14]
        ],
        "unit_class": "dummy_immortal",
        "objLayer": 2,
        "closed_waypoints": false,
        "isShipSpline": false,
        "shipTurnRadius": 100.0,
        "weapons": "",
        "bullets0": "",
        "bullets1": "",
        "bullets2": "",
        "bullets3": "",
        "bulletsCount0": 0,
        "bulletsCount1": 0,
        "bulletsCount2": 0,
        "bulletsCount3": 0,
        "crewSkillK": 0.0,
        "props": {
          "army": 1,
          "count": 1,
          "formation_type": "rows",
          "formation_div": 3,
          "formation_step": [2.5,2.0],
          "formation_noise": [0.1,0.1],
          "uniqueName": "",
          "attack_type": "fire_at_will",
          "stealthRadius": 0.0,
          "setStealth": true,
          "targetableByAi": false
        },
        "way": []
      }
    },
    {
      "objectGroups": {
        "name": "bdt_t1_bomb_object_05",
        "tm": [
          [0.852701,0.0,0.522399],
          [0.0,1.0,0.0],
          [-0.522399,0.0,0.852701],
          [-7677.68,167.141,-9965.14]
        ],
        "unit_class": "dynBase_military_base_square",
        "objLayer": 2,
        "props": {
          "army": 1,
          "active": false
        }
      }
    },
    {
      "structures": {
        "name": "bdt_t1_bomb_zone_06_bomb_target",
        "tm": [
          [0.852701,0.0,0.522399],
          [0.0,1.0,0.0],
          [-0.522399,0.0,0.852701],
          [-6869.55,151.124,-7710.38]
        ],
        "unit_class": "dummy_immortal",
        "objLayer": 2,
        "closed_waypoints": false,
        "isShipSpline": false,
        "shipTurnRadius": 100.0,
        "weapons": "",
        "bullets0": "",
        "bullets1": "",
        "bullets2": "",
        "bullets3": "",
        "bulletsCount0": 0,
        "bulletsCount1": 0,
        "bulletsCount2": 0,
        "bulletsCount3": 0,
        "crewSkillK": 0.0,
        "props": {
          "army": 1,
          "count": 1,
          "formation_type": "rows",
          "formation_div": 3,
          "formation_step": [2.5,2.0],
          "formation_noise": [0.1,0.1],
          "uniqueName": "",
          "attack_type": "fire_at_will",
          "stealthRadius": 0.0,
          "setStealth": true,
          "targetableByAi": false
        },
        "way": []
      }
    },
    {
      "objectGroups": {
        "name": "bdt_t1_bomb_object_06",
        "tm": [
          [0.852701,0.0,0.522399],
          [0.0,1.0,0.0],
          [-0.522399,0.0,0.852701],
          [-6869.55,151.124,-7710.38]
        ],
        "unit_class": "dynBase_oil_storage_large_square",
        "objLayer": 2,
        "props": {
          "army": 1,
          "active": false
        }
      }
    },
    {
      "structures": {
        "name": "bdt_t1_bomb_zone_07_bomb_target",
        "tm": [
          [0.852701,0.0,0.522399],
          [0.0,1.0,0.0],
          [-0.522399,0.0,0.852701],
          [-5961.15,190.815,-5961.57]
        ],
        "unit_class": "dummy_immortal",
        "objLayer": 2,
        "closed_waypoints": false,
        "isShipSpline": false,
        "shipTurnRadius": 100.0,
        "weapons": "",
        "bullets0": "",
        "bullets1": "",
        "bullets2": "",
        "bullets3": "",
        "bulletsCount0": 0,
        "bulletsCount1": 0,
        "bulletsCount2": 0,
        "bulletsCount3": 0,
        "crewSkillK": 0.0,
        "props": {
          "army": 1,
          "count": 1,
          "formation_type": "rows",
          "formation_div": 3,
          "formation_step": [2.5,2.0],
          "formation_noise": [0.1,0.1],
          "uniqueName": "",
          "attack_type": "fire_at_will",
          "stealthRadius": 0.0,
          "setStealth": true,
          "targetableByAi": false
        },
        "way": []
      }
    },
    {
      "objectGroups": {
        "name": "bdt_t1_bomb_object_07",
        "tm": [
          [0.852701,0.0,0.522399],
          [0.0,1.0,0.0],
          [-0.522399,0.0,0.852701],
          [-5961.15,190.815,-5961.57]
        ],
        "unit_class": "dynBase_oil_storage_large_square",
        "objLayer": 2,
        "props": {
          "army": 1,
          "active": false
        }
      }
    },
    {
      "objectGroups": {
        "name": "bdt_t1_bomb_object_08",
        "tm": [
          [0.998731,0.0,-0.0503444],
          [0.0,1.0,0.0],
          [0.0503444,0.0,0.998731],
          [-11669.4,161.979,4812.27]
        ],
        "unit_class": "dynBase_small_factory_square",
        "objLayer": 2,
        "props": {
          "army": 1,
          "active": true
        }
      }
    },
    {
      "structures": {
        "name": "bdt_t1_bomb_zone_08_bomb_target",
        "tm": [
          [0.998731,0.0,-0.0503444],
          [0.0,1.0,0.0],
          [0.0503444,0.0,0.998731],
          [-11669.4,161.979,4812.27]
        ],
        "unit_class": "dummy_immortal",
        "objLayer": 2,
        "closed_waypoints": false,
        "isShipSpline": false,
        "shipTurnRadius": 100.0,
        "weapons": "",
        "bullets0": "",
        "bullets1": "",
        "bullets2": "",
        "bullets3": "",
        "bulletsCount0": 0,
        "bulletsCount1": 0,
        "bulletsCount2": 0,
        "bulletsCount3": 0,
        "crewSkillK": 0.0,
        "props": {
          "army": 1,
          "count": 1,
          "formation_type": "rows",
          "formation_div": 3,
          "formation_step": [2.5,2.0],
          "formation_noise": [0.1,0.1],
          "uniqueName": "",
          "attack_type": "fire_at_will",
          "stealthRadius": 0.0,
          "setStealth": true,
          "targetableByAi": false
        },
        "way": []
      }
    },
    {
      "objectGroups": {
        "name": "bdt_t1_bomb_object_09",
        "tm": [
          [0.998731,0.0,-0.0503444],
          [0.0,1.0,0.0],
          [0.0503444,0.0,0.998731],
          [-9857.88,146.921,3274.68]
        ],
        "unit_class": "dynBase_hq_camp_square",
        "objLayer": 2,
        "props": {
          "army": 1,
          "active": true
        }
      }
    },
    {
      "structures": {
        "name": "bdt_t1_bomb_zone_09_bomb_target",
        "tm": [
          [0.998731,0.0,-0.0503444],
          [0.0,1.0,0.0],
          [0.0503444,0.0,0.998731],
          [-9857.88,146.921,3274.68]
        ],
        "unit_class": "dummy_immortal",
        "objLayer": 2,
        "closed_waypoints": false,
        "isShipSpline": false,
        "shipTurnRadius": 100.0,
        "weapons": "",
        "bullets0": "",
        "bullets1": "",
        "bullets2": "",
        "bullets3": "",
        "bulletsCount0": 0,
        "bulletsCount1": 0,
        "bulletsCount2": 0,
        "bulletsCount3": 0,
        "crewSkillK": 0.0,
        "props": {
          "army": 1,
          "count": 1,
          "formation_type": "rows",
          "formation_div": 3,
          "formation_step": [2.5,2.0],
          "formation_noise": [0.1,0.1],
          "uniqueName": "",
          "attack_type": "fire_at_will",
          "stealthRadius": 0.0,
          "setStealth": true,
          "targetableByAi": false
        },
        "way": []
      }
    },
    {
      "structures": {
        "name": "bdt_t1_bomb_zone_10_bomb_target",
        "tm": [
          [0.998731,0.0,-0.0503444],
          [0.0,1.0,0.0],
          [0.0503444,0.0,0.998731],
          [-8046.06,153.63,1892.35]
        ],
        "unit_class": "dummy_immortal",
        "objLayer": 2,
        "closed_waypoints": false,
        "isShipSpline": false,
        "shipTurnRadius": 100.0,
        "weapons": "",
        "bullets0": "",
        "bullets1": "",
        "bullets2": "",
        "bullets3": "",
        "bulletsCount0": 0,
        "bulletsCount1": 0,
        "bulletsCount2": 0,
        "bulletsCount3": 0,
        "crewSkillK": 0.0,
        "props": {
          "army": 1,
          "count": 1,
          "formation_type": "rows",
          "formation_div": 3,
          "formation_step": [2.5,2.0],
          "formation_noise": [0.1,0.1],
          "uniqueName": "",
          "attack_type": "fire_at_will",
          "stealthRadius": 0.0,
          "setStealth": true,
          "targetableByAi": false
        },
        "way": []
      }
    },
    {
      "objectGroups": {
        "name": "bdt_t1_bomb_object_10",
        "tm": [
          [0.998731,0.0,-0.0503444],
          [0.0,1.0,0.0],
          [0.0503444,0.0,0.998731],
          [-8046.06,153.63,1892.35]
        ],
        "unit_class": "dynBase_petrol_camp_square",
        "objLayer": 2,
        "props": {
          "army": 1,
          "active": true
        }
      }
    },
    {
      "objectGroups": {
        "name": "bdt_t2_bomb_object_05",
        "tm": [
          [0.974259,0.0,0.225425],
          [0.0,1.0,0.0],
          [-0.225425,0.0,0.974259],
          [-20878.7,70.2313,3042.8]
        ],
        "unit_class": "dynBase_petrol_camp_square",
        "objLayer": 2,
        "props": {
          "army": 2,
          "active": true
        }
      }
    },
    {
      "structures": {
        "name": "bdt_t2_bomb_zone_05_bomb_target",
        "tm": [
          [0.974259,0.0,0.225425],
          [0.0,1.0,0.0],
          [-0.225425,0.0,0.974259],
          [-20878.7,70.2313,3042.8]
        ],
        "unit_class": "dummy_immortal",
        "objLayer": 2,
        "closed_waypoints": false,
        "isShipSpline": false,
        "shipTurnRadius": 100.0,
        "weapons": "",
        "bullets0": "",
        "bullets1": "",
        "bullets2": "",
        "bullets3": "",
        "bulletsCount0": 0,
        "bulletsCount1": 0,
        "bulletsCount2": 0,
        "bulletsCount3": 0,
        "crewSkillK": 0.0,
        "props": {
          "army": 2,
          "count": 1,
          "formation_type": "rows",
          "formation_div": 3,
          "formation_step": [2.5,2.0],
          "formation_noise": [0.1,0.1],
          "uniqueName": "",
          "attack_type": "fire_at_will",
          "isDelayed": false,
          "stealthRadius": 0.0,
          "setStealth": true,
          "targetableByAi": false
        },
        "way": []
      }
    },
    {
      "objectGroups": {
        "name": "bdt_t2_bomb_object_06",
        "tm": [
          [0.754531,0.0,0.656264],
          [0.0,1.0,0.0],
          [-0.656264,0.0,0.754531],
          [-22302.8,99.9492,1396.52]
        ],
        "unit_class": "dynBase_military_base_square",
        "objLayer": 2,
        "props": {
          "army": 2,
          "active": true
        }
      }
    },
    {
      "structures": {
        "name": "bdt_t2_bomb_zone_06_bomb_target",
        "tm": [
          [0.754531,0.0,0.656264],
          [0.0,1.0,0.0],
          [-0.656264,0.0,0.754531],
          [-22302.8,99.9491,1396.52]
        ],
        "unit_class": "dummy_immortal",
        "objLayer": 2,
        "closed_waypoints": false,
        "isShipSpline": false,
        "shipTurnRadius": 100.0,
        "weapons": "",
        "bullets0": "",
        "bullets1": "",
        "bullets2": "",
        "bullets3": "",
        "bulletsCount0": 0,
        "bulletsCount1": 0,
        "bulletsCount2": 0,
        "bulletsCount3": 0,
        "crewSkillK": 0.0,
        "props": {
          "army": 2,
          "count": 1,
          "formation_type": "rows",
          "formation_div": 3,
          "formation_step": [2.5,2.0],
          "formation_noise": [0.1,0.1],
          "uniqueName": "",
          "attack_type": "fire_at_will",
          "isDelayed": false,
          "stealthRadius": 0.0,
          "setStealth": true,
          "targetableByAi": false
        },
        "way": []
      }
    },
    {
      "objectGroups": {
        "name": "bdt_t2_bomb_object_07",
        "tm": [
          [0.974259,0.0,0.225425],
          [0.0,1.0,0.0],
          [-0.225425,0.0,0.974259],
          [-23935.0,87.5553,-659.96]
        ],
        "unit_class": "dynBase_fuel_storage_square",
        "objLayer": 2,
        "props": {
          "army": 2,
          "active": true
        }
      }
    },
    {
      "structures": {
        "name": "bdt_t2_bomb_zone_07_bomb_target",
        "tm": [
          [0.974259,0.0,0.225425],
          [0.0,1.0,0.0],
          [-0.225425,0.0,0.974259],
          [-23935.0,87.5553,-659.96]
        ],
        "unit_class": "dummy_immortal",
        "objLayer": 2,
        "closed_waypoints": false,
        "isShipSpline": false,
        "shipTurnRadius": 100.0,
        "weapons": "",
        "bullets0": "",
        "bullets1": "",
        "bullets2": "",
        "bullets3": "",
        "bulletsCount0": 0,
        "bulletsCount1": 0,
        "bulletsCount2": 0,
        "bulletsCount3": 0,
        "crewSkillK": 0.0,
        "props": {
          "army": 2,
          "count": 1,
          "formation_type": "rows",
          "formation_div": 3,
          "formation_step": [2.5,2.0],
          "formation_noise": [0.1,0.1],
          "uniqueName": "",
          "attack_type": "fire_at_will",
          "isDelayed": false,
          "stealthRadius": 0.0,
          "setStealth": true,
          "targetableByAi": false
        },
        "way": []
      }
    },
    {
      "objectGroups": {
        "name": "bdt_t2_bomb_object_08",
        "tm": [
          [0.760091,0.0,0.649818],
          [0.0,1.0,0.0],
          [-0.649818,0.0,0.760091],
          [-21236.5,124.097,-10871.8]
        ],
        "unit_class": "dynBase_ammunition_storage_square",
        "objLayer": 2,
        "props": {
          "army": 2,
          "active": true
        }
      }
    },
    {
      "structures": {
        "name": "bdt_t2_bomb_zone_08_bomb_target",
        "tm": [
          [0.760091,0.0,0.649818],
          [0.0,1.0,0.0],
          [-0.649818,0.0,0.760091],
          [-21236.5,124.097,-10871.8]
        ],
        "unit_class": "dummy_immortal",
        "objLayer": 2,
        "closed_waypoints": false,
        "isShipSpline": false,
        "shipTurnRadius": 100.0,
        "weapons": "",
        "bullets0": "",
        "bullets1": "",
        "bullets2": "",
        "bullets3": "",
        "bulletsCount0": 0,
        "bulletsCount1": 0,
        "bulletsCount2": 0,
        "bulletsCount3": 0,
        "crewSkillK": 0.0,
        "props": {
          "army": 2,
          "count": 1,
          "formation_type": "rows",
          "formation_div": 3,
          "formation_step": [2.5,2.0],
          "formation_noise": [0.1,0.1],
          "uniqueName": "",
          "attack_type": "fire_at_will",
          "isDelayed": false,
          "stealthRadius": 0.0,
          "setStealth": true,
          "targetableByAi": false
        },
        "way": []
      }
    },
    {
      "objectGroups": {
        "name": "bdt_t2_bomb_object_09",
        "tm": [
          [0.760091,0.0,0.649818],
          [0.0,1.0,0.0],
          [-0.649818,0.0,0.760091],
          [-22835.8,106.923,-9183.62]
        ],
        "unit_class": "dynBase_field_camp_square",
        "objLayer": 2,
        "props": {
          "army": 2,
          "active": true
        }
      }
    },
    {
      "structures": {
        "name": "bdt_t2_bomb_zone_09_bomb_target",
        "tm": [
          [0.760091,0.0,0.649818],
          [0.0,1.0,0.0],
          [-0.649818,0.0,0.760091],
          [-22835.8,106.923,-9183.62]
        ],
        "unit_class": "dummy_immortal",
        "objLayer": 2,
        "closed_waypoints": false,
        "isShipSpline": false,
        "shipTurnRadius": 100.0,
        "weapons": "",
        "bullets0": "",
        "bullets1": "",
        "bullets2": "",
        "bullets3": "",
        "bulletsCount0": 0,
        "bulletsCount1": 0,
        "bulletsCount2": 0,
        "bulletsCount3": 0,
        "crewSkillK": 0.0,
        "props": {
          "army": 2,
          "count": 1,
          "formation_type": "rows",
          "formation_div": 3,
          "formation_step": [2.5,2.0],
          "formation_noise": [0.1,0.1],
          "uniqueName": "",
          "attack_type": "fire_at_will",
          "isDelayed": false,
          "stealthRadius": 0.0,
          "setStealth": true,
          "targetableByAi": false
        },
        "way": []
      }
    },
    {
      "objectGroups": {
        "name": "bdt_t2_bomb_object_10",
        "tm": [
          [0.760091,0.0,0.649818],
          [0.0,1.0,0.0],
          [-0.649818,0.0,0.760091],
          [-24368.0,111.375,-7728.72]
        ],
        "unit_class": "dynBase_oil_storage_small_square",
        "objLayer": 2,
        "props": {
          "army": 2,
          "active": true
        }
      }
    },
    {
      "structures": {
        "name": "bdt_t2_bomb_zone_10_bomb_target",
        "tm": [
          [0.760091,0.0,0.649818],
          [0.0,1.0,0.0],
          [-0.649818,0.0,0.760091],
          [-24368.0,111.375,-7728.72]
        ],
        "unit_class": "dummy_immortal",
        "objLayer": 2,
        "closed_waypoints": false,
        "isShipSpline": false,
        "shipTurnRadius": 100.0,
        "weapons": "",
        "bullets0": "",
        "bullets1": "",
        "bullets2": "",
        "bullets3": "",
        "bulletsCount0": 0,
        "bulletsCount1": 0,
        "bulletsCount2": 0,
        "bulletsCount3": 0,
        "crewSkillK": 0.0,
        "props": {
          "army": 2,
          "count": 1,
          "formation_type": "rows",
          "formation_div": 3,
          "formation_step": [2.5,2.0],
          "formation_noise": [0.1,0.1],
          "uniqueName": "",
          "attack_type": "fire_at_will",
          "isDelayed": false,
          "stealthRadius": 0.0,
          "setStealth": true,
          "targetableByAi": false
        },
        "way": []
      }
    }
  ],
  "areas": {
    "bdt_t2_bomb_zone_01": {
      "type": "Sphere",
      "tm": [
        [417.316,0.0,-168.371],
        [0.0,450.0,0.0],
        [168.371,0.0,417.316],
        [-22390.0,48.3789,-904.12]
      ],
      "objLayer": 0,
      "props": []
    },
    "bdt_t2_bomb_zone_02": {
      "type": "Sphere",
      "tm": [
        [417.316,0.0,-168.371],
        [0.0,450.0,0.0],
        [168.371,0.0,417.316],
        [-22214.6,132.721,-7354.01]
      ],
      "objLayer": 0,
      "props": []
    },
    "bdt_t2_bomb_zone_03": {
      "type": "Sphere",
      "tm": [
        [342.042,0.0,292.417],
        [0.0,450.0,0.0],
        [-292.417,0.0,342.042],
        [-20942.3,130.003,-9458.78]
      ],
      "objLayer": 0,
      "props": []
    },
    "bdt_t1_bomb_zone_01": {
      "type": "Sphere",
      "tm": [
        [449.429,0.0,-22.6552],
        [0.0,450.0,0.0],
        [22.6552,0.0,449.429],
        [-12325.3,167.918,3439.87]
      ],
      "objLayer": 0,
      "props": []
    },
    "bdt_t1_bomb_zone_02": {
      "type": "Sphere",
      "tm": [
        [400.545,0.0,205.095],
        [0.0,450.0,0.0],
        [-205.095,0.0,400.545],
        [-9704.54,127.85,1267.2]
      ],
      "objLayer": 0,
      "props": []
    },
    "bdt_t1_bomb_zone_03": {
      "type": "Sphere",
      "tm": [
        [391.217,0.0,222.373],
        [0.0,450.0,0.0],
        [-222.373,0.0,391.217],
        [-7809.58,144.867,-6611.32]
      ],
      "objLayer": 0,
      "props": []
    },
    "bdt_t2_bomb_zone_04": {
      "type": "Sphere",
      "tm": [
        [438.416,0.0,101.441],
        [0.0,450.0,0.0],
        [-101.441,0.0,438.416],
        [-20523.3,76.3026,1608.93]
      ],
      "objLayer": 0,
      "props": []
    },
    "bdt_t1_bomb_zone_04": {
      "type": "Sphere",
      "tm": [
        [391.217,0.0,222.373],
        [0.0,450.0,0.0],
        [-222.373,0.0,391.217],
        [-9548.77,137.3,-9179.46]
      ],
      "objLayer": 0,
      "props": []
    },
    "bdt_t2_bomb_zone_01_aaa_point_01": {
      "type": "Point",
      "tm": [
        [0.978189,0.0,0.207709],
        [0.0,1.0,0.0],
        [-0.207709,0.0,0.978189],
        [-22317.2,32.708,-1117.54]
      ],
      "objLayer": 0,
      "props": []
    },
    "bdt_t2_bomb_zone_01_aaa_point_02": {
      "type": "Point",
      "tm": [
        [0.978189,0.0,0.207709],
        [0.0,1.0,0.0],
        [-0.207709,0.0,0.978189],
        [-22577.5,68.2422,-679.911]
      ],
      "objLayer": 0,
      "props": []
    },
    "bdt_t2_bomb_zone_01_aaa_point_03": {
      "type": "Point",
      "tm": [
        [0.978189,0.0,0.207709],
        [0.0,1.0,0.0],
        [-0.207709,0.0,0.978189],
        [-22463.0,59.7771,-647.407]
      ],
      "objLayer": 0,
      "props": []
    },
    "bdt_t2_bomb_zone_01_aaa_point_04": {
      "type": "Point",
      "tm": [
        [0.978189,0.0,0.207709],
        [0.0,1.0,0.0],
        [-0.207709,0.0,0.978189],
        [-22091.4,35.7862,-544.445]
      ],
      "objLayer": 0,
      "props": []
    },
    "bdt_t2_bomb_zone_02_aaa_point_01": {
      "type": "Point",
      "tm": [
        [0.978189,0.0,0.207709],
        [0.0,1.0,0.0],
        [-0.207709,0.0,0.978189],
        [-22377.9,127.728,-7541.39]
      ],
      "objLayer": 0,
      "props": []
    },
    "bdt_t2_bomb_zone_02_aaa_point_02": {
      "type": "Point",
      "tm": [
        [0.978189,0.0,0.207709],
        [0.0,1.0,0.0],
        [-0.207709,0.0,0.978189],
        [-22217.4,138.189,-7026.75]
      ],
      "objLayer": 0,
      "props": []
    },
    "bdt_t2_bomb_zone_02_aaa_point_03": {
      "type": "Point",
      "tm": [
        [0.978189,0.0,0.207709],
        [0.0,1.0,0.0],
        [-0.207709,0.0,0.978189],
        [-22489.0,130.524,-7300.33]
      ],
      "objLayer": 0,
      "props": []
    },
    "bdt_t2_bomb_zone_02_aaa_point_04": {
      "type": "Point",
      "tm": [
        [0.978189,0.0,0.207709],
        [0.0,1.0,0.0],
        [-0.207709,0.0,0.978189],
        [-21985.4,135.456,-7345.32]
      ],
      "objLayer": 0,
      "props": []
    },
    "bdt_t2_bomb_zone_03_aaa_point_01": {
      "type": "Point",
      "tm": [
        [0.978189,0.0,0.207709],
        [0.0,1.0,0.0],
        [-0.207709,0.0,0.978189],
