{
  "selected_tag": "",
  "bin_dump_file": "",
  "mission_settings": {
    "player": {
      "army": 1,
      "wing": "armada_01"
    },
    "player_teamB": {
      "army": 2
    },
    "mission": {
      "level": "levels/water.bin",
      "type": "singleMission",
      "restoreType": "attempts",
      "optionalTakeOff": false,
      "environment": "Day",
      "weather": "hazy"
    },
    "spectator_points": []
  },
  "imports": [
    {
      "import_record": {
        "file": "gameData/missions/templates/air_templates/jip/air_lpt_lookup_template.blk",
        "importAreas": true,
        "importUnits": true,
        "importTriggers": true,
        "importMissionObjectives": true,
        "importWayPoints": true,
        "showAreas": true,
        "showUnits": true,
        "showTriggers": true,
        "showMissionObjectives": true,
        "showWayPoints": true,
        "excludes": []
      }
    },
    {
      "import_record": {
        "file": "gameData/missions/templates/air_templates/jip/lookups_planesets/lpt_t1_usa_rank_01.blk",
        "rankRange": [0,3],
        "importAreas": true,
        "importUnits": true,
        "importTriggers": true,
        "importMissionObjectives": true,
        "importWayPoints": true,
        "showAreas": true,
        "showUnits": true,
        "showTriggers": true,
        "showMissionObjectives": true,
        "showWayPoints": true,
        "excludes": []
      }
    },
    {
      "import_record": {
        "file": "gameData/missions/templates/air_templates/jip/lookups_planesets/lpt_t1_usa_rank_02.blk",
        "rankRange": [4,7],
        "importAreas": true,
        "importUnits": true,
        "importTriggers": true,
        "importMissionObjectives": true,
        "importWayPoints": true,
        "showAreas": true,
        "showUnits": true,
        "showTriggers": true,
        "showMissionObjectives": true,
        "showWayPoints": true,
        "excludes": []
      }
    },
    {
      "import_record": {
        "file": "gameData/missions/templates/air_templates/jip/lookups_planesets/lpt_t1_usa_rank_03.blk",
        "rankRange": [8,11],
        "importAreas": true,
        "importUnits": true,
        "importTriggers": true,
        "importMissionObjectives": true,
        "importWayPoints": true,
        "showAreas": true,
        "showUnits": true,
        "showTriggers": true,
        "showMissionObjectives": true,
        "showWayPoints": true,
        "excludes": []
      }
    },
    {
      "import_record": {
        "file": "gameData/missions/templates/air_templates/jip/lookups_planesets/lpt_t1_usa_rank_04.blk",
        "rankRange": [12,16],
        "importAreas": true,
        "importUnits": true,
        "importTriggers": true,
        "importMissionObjectives": true,
        "importWayPoints": true,
        "showAreas": true,
        "showUnits": true,
        "showTriggers": true,
        "showMissionObjectives": true,
        "showWayPoints": true,
        "excludes": []
      }
    },
    {
      "import_record": {
        "file": "gameData/missions/templates/air_templates/jip/lookups_planesets/lpt_t1_usa_rank_05.blk",
        "rankRange": [17,30],
        "importAreas": true,
        "importUnits": true,
        "importTriggers": true,
        "importMissionObjectives": true,
        "importWayPoints": true,
        "showAreas": true,
        "showUnits": true,
        "showTriggers": true,
        "showMissionObjectives": true,
        "showWayPoints": true,
        "excludes": []
      }
    },
    {
      "import_record": {
        "file": "gameData/missions/templates/air_templates/jip/lookups_planesets/lpt_t2_germ_rank_01.blk",
        "rankRange": [0,3],
        "importAreas": true,
        "importUnits": true,
        "importTriggers": true,
        "importMissionObjectives": true,
        "importWayPoints": true,
        "showAreas": true,
        "showUnits": true,
        "showTriggers": true,
        "showMissionObjectives": true,
        "showWayPoints": true,
        "excludes": []
      }
    },
    {
      "import_record": {
        "file": "gameData/missions/templates/air_templates/jip/lookups_planesets/lpt_t2_germ_rank_02.blk",
        "rankRange": [4,7],
        "importAreas": true,
        "importUnits": true,
        "importTriggers": true,
        "importMissionObjectives": true,
        "importWayPoints": true,
        "showAreas": true,
        "showUnits": true,
        "showTriggers": true,
        "showMissionObjectives": true,
        "showWayPoints": true,
        "excludes": []
      }
    },
    {
      "import_record": {
        "file": "gameData/missions/templates/air_templates/jip/lookups_planesets/lpt_t2_germ_rank_03.blk",
        "rankRange": [8,11],
        "importAreas": true,
        "importUnits": true,
        "importTriggers": true,
        "importMissionObjectives": true,
        "importWayPoints": true,
        "showAreas": true,
        "showUnits": true,
        "showTriggers": true,
        "showMissionObjectives": true,
        "showWayPoints": true,
        "excludes": []
      }
    },
    {
      "import_record": {
        "file": "gameData/missions/templates/air_templates/jip/lookups_planesets/lpt_t2_germ_rank_04.blk",
        "rankRange": [12,16],
        "importAreas": true,
        "importUnits": true,
        "importTriggers": true,
        "importMissionObjectives": true,
        "importWayPoints": true,
        "showAreas": true,
        "showUnits": true,
        "showTriggers": true,
        "showMissionObjectives": true,
        "showWayPoints": true,
        "excludes": []
      }
    },
    {
      "import_record": {
        "file": "gameData/missions/templates/air_templates/jip/lookups_planesets/lpt_t2_germ_rank_05.blk",
        "rankRange": [17,30],
        "importAreas": true,
        "importUnits": true,
        "importTriggers": true,
        "importMissionObjectives": true,
        "importWayPoints": true,
        "showAreas": true,
        "showUnits": true,
        "showTriggers": true,
        "showMissionObjectives": true,
        "showWayPoints": true,
        "excludes": []
      }
    }
  ],
  "triggers": {
    "isCategory": true,
    "is_enabled": true,
    "lpt_part_init": {
      "is_enabled": true,
      "comments": "",
      "props": {
        "actionsType": "PERFORM_ONE_BY_ONE",
        "conditionsType": "ALL",
        "enableAfterComplete": false
      },
      "events": {
        "initMission": []
      },
      "conditions": [],
      "actions": {
        "comment": {
          "value": "количество точек +1"
        },
        "varSetInt": {
          "value": 4,
          "var": "lpt_num_points"
        }
      },
      "else_actions": []
    }
  },
  "mission_objectives": {
    "isCategory": true,
    "is_enabled": true
  },
  "variables": [],
  "dialogs": [],
  "airfields": [],
  "effects": [],
  "units": [],
  "areas": {
    "t1_lookup_spawn_01": {
      "type": "Point",
      "tm": [
        [0.991445,0.0,-0.130526],
        [0.0,1.0,0.0],
        [0.130526,0.0,0.991445],
        [-26000.0,3500.0,-5000.0]
      ],
      "objLayer": 0,
      "props": []
    },
    "t2_lookup_spawn_01": {
      "type": "Point",
      "tm": [
        [-0.996195,0.0,-0.0871557],
        [0.0,1.0,0.0],
        [0.0871557,0.0,-0.996195],
        [26000.0,4500.0,-5000.0]
      ],
      "objLayer": 0,
      "props": []
    },
    "t1_lookup_retreat_point": {
      "type": "Point",
      "tm": [
        [9000.0,0.0,0.0],
        [0.0,9000.0,0.0],
        [0.0,0.0,9000.0],
        [-30000.0,4500.0,0.0]
      ],
      "objLayer": 0,
      "props": []
    },
    "t2_lookup_retreat_point": {
      "type": "Point",
      "tm": [
        [-9000.0,0.0,0.000976563],
        [0.0,9000.0,0.0],
        [-0.000976563,0.0,-9000.0],
        [30000.0,4500.0,0.0]
      ],
      "objLayer": 0,
      "props": []
    },
    "t1_lookup_point_01": {
      "type": "Point",
      "tm": [
        [-0.819152,0.0,-0.573576],
        [0.0,1.0,0.0],
        [0.573576,0.0,-0.819152],
        [10000.0,3500.0,15000.0]
      ],
      "objLayer": 0,
      "props": []
    },
    "t1_lookup_point_02": {
      "type": "Point",
      "tm": [
        [-0.819152,0.0,-0.573576],
        [0.0,1.0,0.0],
        [0.573576,0.0,-0.819152],
        [10000.0,3500.0,0.0]
      ],
      "objLayer": 0,
      "props": []
    },
    "t1_lookup_point_03": {
      "type": "Point",
      "tm": [
        [-0.819152,0.0,-0.573576],
        [0.0,1.0,0.0],
        [0.573576,0.0,-0.819152],
        [10000.0,3500.0,-15000.0]
      ],
      "objLayer": 0,
      "props": []
    },
    "t2_lookup_point_01": {
      "type": "Point",
      "tm": [
        [-0.819152,0.0,-0.573576],
        [0.0,1.0,0.0],
        [0.573576,0.0,-0.819152],
        [-10000.0,3500.0,15000.0]
      ],
      "objLayer": 0,
      "props": []
    },
    "t2_lookup_point_02": {
      "type": "Point",
      "tm": [
        [-0.819152,0.0,-0.573576],
        [0.0,1.0,0.0],
        [0.573576,0.0,-0.819152],
        [-10000.0,3500.0,0.0]
      ],
      "objLayer": 0,
      "props": []
    },
    "t2_lookup_point_03": {
      "type": "Point",
      "tm": [
        [-0.819152,0.0,-0.573576],
        [0.0,1.0,0.0],
        [0.573576,0.0,-0.819152],
        [-10000.0,3500.0,-15000.0]
      ],
      "objLayer": 0,
      "props": []
    },
    "t2_lookup_spawn_02": {
      "type": "Point",
      "tm": [
        [-0.996195,0.0,-0.0871557],
        [0.0,1.0,0.0],
        [0.0871557,0.0,-0.996195],
        [26000.0,4500.0,20000.0]
      ],
      "objLayer": 0,
      "props": []
    },
    "t2_lookup_spawn_03": {
      "type": "Point",
      "tm": [
        [-0.996195,0.0,-0.0871557],
        [0.0,1.0,0.0],
        [0.0871557,0.0,-0.996195],
        [26000.0,4500.0,-20000.0]
      ],
      "objLayer": 0,
      "props": []
    },
    "t1_lookup_spawn_02": {
      "type": "Point",
      "tm": [
        [0.991445,0.0,-0.130526],
        [0.0,1.0,0.0],
        [0.130526,0.0,0.991445],
        [-26000.0,3500.0,20000.0]
      ],
      "objLayer": 0,
      "props": []
    },
    "t1_lookup_spawn_03": {
      "type": "Point",
      "tm": [
        [0.991445,0.0,-0.130526],
        [0.0,1.0,0.0],
        [0.130526,0.0,0.991445],
        [-26000.0,3500.0,-20000.0]
      ],
      "objLayer": 0,
      "props": []
    },
    "t2_lookup_spawn_04": {
      "type": "Point",
      "tm": [
        [-0.996195,0.0,-0.0871557],
        [0.0,1.0,0.0],
        [0.0871557,0.0,-0.996195],
        [26000.0,4500.0,5000.0]
      ],
      "objLayer": 0,
      "props": []
    },
    "t1_lookup_spawn_04": {
      "type": "Point",
      "tm": [
        [0.991445,0.0,-0.130526],
        [0.0,1.0,0.0],
        [0.130526,0.0,0.991445],
        [-26000.0,3500.0,5000.0]
      ],
      "objLayer": 0,
      "props": []
    }
  },
  "objLayers": [
    {
      "layer": {
        "enabled": true
      }
    },
    {
      "layer": {
        "enabled": true
      }
    },
    {
      "layer": {
        "enabled": true
      }
    },
    {
      "layer": {
        "enabled": true
      }
    }
  ],
  "wayPoints": []
}