{
  "selected_tag": "",
  "bin_dump_file": "",
  "mission_settings": {
    "player": {
      "army": 1,
      "wing": ""
    },
    "player_teamB": {
      "army": 2
    },
    "mission": {
      "type": "singleMission",
      "level": "levels/water.bin",
      "restoreType": "attempts",
      "optionalTakeOff": false,
      "environment": "Day",
      "weather": "hazy"
    },
    "spectator_points": []
  },
  "imports": [],
  "triggers": {
    "isCategory": true,
    "is_enabled": true,
    "flt_tank_part_init": {
      "is_enabled": true,
      "comments": "",
      "props": {
        "actionsType": "PERFORM_ONE_BY_ONE",
        "conditionsType": "ALL",
        "enableAfterComplete": false
      },
      "events": {
        "periodicEvent": {
          "time": 1.0
        }
      },
      "conditions": [],
      "actions": {
        "varSetInt": {
          "value": 80,
          "var": "flt_tank_spots_num"
        }
      },
      "else_actions": []
    }
  },
  "mission_objectives": {
    "isCategory": true,
    "is_enabled": true
  },
  "variables": [],
  "dialogs": [],
  "airfields": [],
  "effects": [],
  "units": [],
  "areas": {
    "flt_tank_spot_01": {
      "type": "Point",
      "tm": [
        [-0.568299,0.0,-0.822822],
        [0.0,1.0,0.0],
        [0.822822,0.0,-0.568299],
        [-31288.7,38.937,-1791.7]
      ],
      "objLayer": 0,
      "props": []
    },
    "flt_tank_spot_02": {
      "type": "Point",
      "tm": [
        [-0.480967,0.0,0.876739],
        [0.0,1.0,0.0],
        [-0.876739,0.0,-0.480967],
        [-32463.3,71.1801,-1886.27]
      ],
      "objLayer": 0,
      "props": []
    },
    "flt_tank_spot_03": {
      "type": "Point",
      "tm": [
        [1.0,0.0,0.0],
        [0.0,1.0,0.0],
        [0.0,0.0,1.0],
        [-33968.1,68.6114,-2316.72]
      ],
      "objLayer": 0,
      "props": []
    },
    "flt_tank_spot_04": {
      "type": "Point",
      "tm": [
        [-0.94906,0.0,-0.315097],
        [0.0,1.0,0.0],
        [0.315097,0.0,-0.94906],
        [-33784.0,52.3966,-2561.44]
      ],
      "objLayer": 0,
      "props": []
    },
    "flt_tank_spot_05": {
      "type": "Point",
      "tm": [
        [0.828149,0.0,-0.560508],
        [0.0,1.0,0.0],
        [0.560508,0.0,0.828149],
        [-37688.6,12.0165,-2807.93]
      ],
      "objLayer": 0,
      "props": []
    },
    "flt_tank_spot_06": {
      "type": "Point",
      "tm": [
        [0.105859,0.0,-0.994381],
        [0.0,1.0,0.0],
        [0.994381,0.0,0.105859],
        [-39010.1,12.3949,-2784.47]
      ],
      "objLayer": 0,
      "props": []
    },
    "flt_tank_spot_07": {
      "type": "Point",
      "tm": [
        [-0.284172,0.0,0.958773],
        [0.0,1.0,0.0],
        [-0.958773,0.0,-0.284172],
        [-39226.0,30.5332,-2841.74]
      ],
      "objLayer": 0,
      "props": []
    },
    "flt_tank_spot_08": {
      "type": "Point",
      "tm": [
        [-0.984716,0.0,0.174166],
        [0.0,1.0,0.0],
        [-0.174166,0.0,-0.984716],
        [-38333.0,8.47575,-3191.9]
      ],
      "objLayer": 0,
      "props": []
    },
    "flt_tank_spot_09": {
      "type": "Point",
      "tm": [
        [0.426168,0.0,-0.904644],
        [0.0,1.0,0.0],
        [0.904644,0.0,0.426168],
        [-33436.4,239.16,1382.55]
      ],
      "objLayer": 0,
      "props": []
    },
    "flt_tank_spot_10": {
      "type": "Point",
      "tm": [
        [0.971185,0.0,-0.238328],
        [0.0,1.0,0.0],
        [0.238328,0.0,0.971185],
        [-28578.6,207.309,781.513]
      ],
      "objLayer": 0,
      "props": []
    },
    "flt_tank_spot_11": {
      "type": "Point",
      "tm": [
        [0.683183,0.0,0.730247],
        [0.0,1.0,0.0],
        [-0.730247,0.0,0.683183],
        [-33146.4,222.335,2017.26]
      ],
      "objLayer": 0,
      "props": []
    },
    "flt_tank_spot_12": {
      "type": "Point",
      "tm": [
        [-0.88503,0.0,0.465535],
        [0.0,1.0,0.0],
        [-0.465535,0.0,-0.88503],
        [-28549.0,200.15,979.214]
      ],
      "objLayer": 0,
      "props": []
    },
    "flt_tank_spot_13": {
      "type": "Point",
      "tm": [
        [0.7335,0.0,0.67969],
        [0.0,1.0,0.0],
        [-0.67969,0.0,0.7335],
        [-22953.1,73.5917,3278.81]
      ],
      "objLayer": 0,
      "props": []
    },
    "flt_tank_spot_14": {
      "type": "Point",
      "tm": [
        [0.476015,0.0,0.879437],
        [0.0,1.0,0.0],
        [-0.879437,0.0,0.476015],
        [-23216.6,29.9633,4421.7]
      ],
      "objLayer": 0,
      "props": []
    },
    "flt_tank_spot_15": {
      "type": "Point",
      "tm": [
        [-0.530654,0.0,0.847588],
        [0.0,1.0,0.0],
        [-0.847588,0.0,-0.530654],
        [-20282.5,162.183,4177.52]
      ],
      "objLayer": 0,
      "props": []
    },
    "flt_tank_spot_16": {
      "type": "Point",
      "tm": [
        [0.0368246,0.0,0.999322],
        [0.0,1.0,0.0],
        [-0.999322,0.0,0.0368246],
        [-21737.0,77.8269,3793.27]
      ],
      "objLayer": 0,
      "props": []
    },
    "flt_tank_spot_17": {
      "type": "Point",
      "tm": [
        [-0.902667,0.0,0.430339],
        [0.0,1.0,0.0],
        [-0.430339,0.0,-0.902667],
        [-16181.0,14.9583,13024.0]
      ],
      "objLayer": 0,
      "props": []
    },
    "flt_tank_spot_18": {
      "type": "Point",
      "tm": [
        [-0.160709,0.0,-0.987002],
        [0.0,1.0,0.0],
        [0.987002,0.0,-0.160709],
        [-16114.8,16.0017,12975.1]
      ],
      "objLayer": 0,
      "props": []
    },
    "flt_tank_spot_19": {
      "type": "Point",
      "tm": [
        [-0.252899,0.0,0.967493],
        [0.0,1.0,0.0],
        [-0.967493,0.0,-0.252899],
        [-16254.0,10.2708,13189.1]
      ],
      "objLayer": 0,
      "props": []
    },
    "flt_tank_spot_20": {
      "type": "Point",
      "tm": [
        [1.0,0.0,0.0],
        [0.0,1.0,0.0],
        [0.0,0.0,1.0],
        [-18124.1,31.1523,12545.8]
      ],
      "objLayer": 0,
      "props": []
    },
    "flt_tank_spot_21": {
      "type": "Point",
      "tm": [
        [-0.930126,0.0,0.36724],
        [0.0,1.0,0.0],
        [-0.36724,0.0,-0.930126],
        [-15191.9,49.4007,26364.0]
      ],
      "objLayer": 0,
      "props": []
    },
    "flt_tank_spot_22": {
      "type": "Point",
      "tm": [
        [-0.172988,0.0,0.984924],
        [0.0,1.0,0.0],
        [-0.984924,0.0,-0.172988],
        [-16315.8,47.9022,27621.4]
      ],
      "objLayer": 0,
      "props": []
    },
    "flt_tank_spot_23": {
      "type": "Point",
      "tm": [
        [0.88587,0.0,-0.463933],
        [0.0,1.0,0.0],
        [0.463933,0.0,0.88587],
        [-16196.0,52.6481,25843.2]
      ],
      "objLayer": 0,
      "props": []
    },
    "flt_tank_spot_24": {
      "type": "Point",
      "tm": [
        [0.632666,0.0,0.774424],
        [0.0,1.0,0.0],
        [-0.774424,0.0,0.632666],
        [-14075.8,55.4263,26758.2]
      ],
      "objLayer": 0,
      "props": []
    },
    "flt_tank_spot_25": {
      "type": "Point",
      "tm": [
        [0.558405,0.0,0.829568],
        [0.0,1.0,0.0],
        [-0.829568,0.0,0.558405],
        [-13008.0,33.8066,29471.5]
      ],
      "objLayer": 0,
      "props": []
    },
    "flt_tank_spot_26": {
      "type": "Point",
      "tm": [
        [-0.663616,0.0,-0.748073],
        [0.0,1.0,0.0],
        [0.748073,0.0,-0.663616],
        [-13359.3,59.9669,29870.8]
      ],
      "objLayer": 0,
      "props": []
    },
    "flt_tank_spot_27": {
      "type": "Point",
      "tm": [
        [0.977635,0.0,0.210309],
        [0.0,1.0,0.0],
        [-0.210309,0.0,0.977635],
        [-13960.1,36.9011,32421.2]
      ],
      "objLayer": 0,
      "props": []
    },
    "flt_tank_spot_28": {
      "type": "Point",
      "tm": [
        [0.857287,0.0,-0.51484],
        [0.0,1.0,0.0],
        [0.51484,0.0,0.857287],
        [-15990.6,50.3384,32309.7]
      ],
      "objLayer": 0,
      "props": []
    },
    "flt_tank_spot_29": {
      "type": "Point",
      "tm": [
        [0.70291,0.0,0.711279],
        [0.0,1.0,0.0],
        [-0.711279,0.0,0.70291],
        [-23161.9,23.5094,31344.6]
      ],
      "objLayer": 0,
      "props": []
    },
    "flt_tank_spot_30": {
      "type": "Point",
      "tm": [
        [-0.934421,0.0,0.35617],
        [0.0,1.0,0.0],
        [-0.35617,0.0,-0.934421],
        [-20585.1,25.6758,31598.9]
      ],
      "objLayer": 0,
      "props": []
    },
    "flt_tank_spot_31": {
      "type": "Point",
      "tm": [
        [1.0,0.0,0.0],
        [0.0,1.0,0.0],
        [0.0,0.0,1.0],
        [-20458.3,19.7723,31966.7]
      ],
      "objLayer": 0,
      "props": []
    },
    "flt_tank_spot_32": {
      "type": "Point",
      "tm": [
        [0.542478,0.0,0.84007],
        [0.0,1.0,0.0],
        [-0.84007,0.0,0.542478],
        [-19878.0,20.8958,31863.3]
      ],
      "objLayer": 0,
      "props": []
    },
    "flt_tank_spot_33": {
      "type": "Point",
      "tm": [
        [-0.653653,0.0,-0.756794],
        [0.0,1.0,0.0],
        [0.756794,0.0,-0.653653],
        [-38930.2,35.2896,21041.5]
      ],
      "objLayer": 0,
      "props": []
    },
    "flt_tank_spot_34": {
      "type": "Point",
      "tm": [
        [0.870053,0.0,-0.492958],
        [0.0,1.0,0.0],
        [0.492958,0.0,0.870053],
        [-39004.6,41.5054,18922.2]
      ],
      "objLayer": 0,
      "props": []
    },
    "flt_tank_spot_35": {
      "type": "Point",
      "tm": [
        [-0.747606,0.0,0.664142],
        [0.0,1.0,0.0],
        [-0.664142,0.0,-0.747606],
        [-39271.5,34.9972,19074.2]
      ],
      "objLayer": 0,
      "props": []
    },
    "flt_tank_spot_36": {
      "type": "Point",
      "tm": [
        [0.895298,0.0,-0.445467],
        [0.0,1.0,0.0],
        [0.445467,0.0,0.895298],
        [-37710.5,26.9195,20220.7]
      ],
      "objLayer": 0,
      "props": []
    },
    "flt_tank_spot_37": {
      "type": "Point",
      "tm": [
        [0.92216,0.0,-0.386808],
        [0.0,1.0,0.0],
        [0.386808,0.0,0.92216],
        [-41035.3,43.9209,29312.1]
      ],
      "objLayer": 0,
      "props": []
    },
    "flt_tank_spot_38": {
      "type": "Point",
      "tm": [
        [-0.988385,0.0,-0.151972],
        [0.0,1.0,0.0],
        [0.151972,0.0,-0.988385],
        [-39139.5,21.8326,28869.7]
      ],
      "objLayer": 0,
      "props": []
    },
    "flt_tank_spot_39": {
      "type": "Point",
      "tm": [
        [0.919703,0.0,0.392615],
        [0.0,1.0,0.0],
        [-0.392615,0.0,0.919703],
        [-39876.3,8.69171,29922.8]
      ],
      "objLayer": 0,
      "props": []
    },
    "flt_tank_spot_40": {
      "type": "Point",
      "tm": [
        [-0.995433,0.0,0.0954581],
        [0.0,1.0,0.0],
        [-0.0954581,0.0,-0.995433],
        [-40334.6,30.9991,29571.2]
      ],
      "objLayer": 0,
      "props": []
    },
    "flt_tank_spot_41": {
      "type": "Point",
      "tm": [
        [-0.278407,0.0,0.960463],
        [0.0,1.0,0.0],
        [-0.960463,0.0,-0.278407],
        [-34559.3,29.5302,28432.2]
      ],
      "objLayer": 0,
      "props": []
    },
    "flt_tank_spot_42": {
      "type": "Point",
      "tm": [
        [0.976245,0.0,-0.216671],
        [0.0,1.0,0.0],
        [0.216671,0.0,0.976245],
        [-33955.9,57.2929,29454.0]
      ],
      "objLayer": 0,
      "props": []
    },
    "flt_tank_spot_43": {
      "type": "Point",
      "tm": [
        [-0.294969,0.0,0.955507],
        [0.0,1.0,0.0],
        [-0.955507,0.0,-0.294969],
        [-36696.4,14.0314,29811.9]
      ],
      "objLayer": 0,
      "props": []
    },
    "flt_tank_spot_44": {
      "type": "Point",
      "tm": [
        [0.946018,0.0,0.324115],
        [0.0,1.0,0.0],
        [-0.324115,0.0,0.946018],
        [-35851.8,24.2374,30203.5]
      ],
      "objLayer": 0,
      "props": []
    },
    "flt_tank_spot_45": {
      "type": "Point",
      "tm": [
        [0.871078,0.0,0.491144],
        [0.0,1.0,0.0],
        [-0.491144,0.0,0.871078],
        [-35608.3,63.7892,16167.9]
      ],
      "objLayer": 0,
      "props": []
    },
    "flt_tank_spot_46": {
      "type": "Point",
      "tm": [
        [0.806216,0.0,-0.591621],
        [0.0,1.0,0.0],
        [0.591621,0.0,0.806216],
        [-34325.7,94.0564,15556.1]
      ],
      "objLayer": 0,
      "props": []
    },
    "flt_tank_spot_47": {
      "type": "Point",
      "tm": [
        [0.75287,0.0,-0.658169],
        [0.0,1.0,0.0],
        [0.658169,0.0,0.75287],
        [-35616.4,108.136,14410.0]
      ],
      "objLayer": 0,
      "props": []
    },
    "flt_tank_spot_48": {
      "type": "Point",
      "tm": [
        [-0.624309,0.0,0.781177],
        [0.0,1.0,0.0],
        [-0.781177,0.0,-0.624309],
        [-35933.5,139.396,13961.6]
      ],
      "objLayer": 0,
      "props": []
    },
    "flt_tank_spot_49": {
      "type": "Point",
      "tm": [
        [-0.988332,0.0,-0.152313],
        [0.0,1.0,0.0],
        [0.152313,0.0,-0.988332],
        [2467.41,117.3,-30672.4]
      ],
      "objLayer": 0,
      "props": []
    },
    "flt_tank_spot_50": {
      "type": "Point",
      "tm": [
        [-0.22011,0.0,-0.975475],
        [0.0,1.0,0.0],
        [0.975475,0.0,-0.22011],
        [3018.92,96.7875,-31242.6]
      ],
      "objLayer": 0,
      "props": []
    },
    "flt_tank_spot_51": {
      "type": "Point",
      "tm": [
        [-0.66521,0.0,0.746656],
        [0.0,1.0,0.0],
        [-0.746656,0.0,-0.66521],
        [899.962,19.9276,-34856.5]
      ],
      "objLayer": 0,
      "props": []
    },
    "flt_tank_spot_52": {
      "type": "Point",
      "tm": [
        [1.0,0.0,0.0],
        [0.0,1.0,0.0],
        [0.0,0.0,1.0],
        [3534.11,46.3172,-30473.9]
      ],
      "objLayer": 0,
      "props": []
    },
    "flt_tank_spot_53": {
      "type": "Point",
      "tm": [
        [-0.449853,0.0,0.893103],
        [0.0,1.0,0.0],
        [-0.893103,0.0,-0.449853],
        [664.532,123.974,-40751.7]
      ],
      "objLayer": 0,
      "props": []
    },
    "flt_tank_spot_54": {
      "type": "Point",
      "tm": [
        [0.509541,0.0,-0.860446],
        [0.0,1.0,0.0],
        [0.860446,0.0,0.509541],
        [1237.51,22.8413,-38863.5]
      ],
      "objLayer": 0,
      "props": []
    },
    "flt_tank_spot_55": {
      "type": "Point",
      "tm": [
        [-0.998127,0.0,-0.0611716],
        [0.0,1.0,0.0],
        [0.0611716,0.0,-0.998127],
        [5442.3,60.9492,-39136.0]
      ],
      "objLayer": 0,
      "props": []
    },
    "flt_tank_spot_56": {
      "type": "Point",
      "tm": [
        [-0.999961,0.0,-0.00886875],
        [0.0,1.0,0.0],
        [0.00886875,0.0,-0.999961],
        [4638.78,139.774,-41413.5]
      ],
      "objLayer": 0,
      "props": []
    },
    "flt_tank_spot_57": {
      "type": "Point",
      "tm": [
        [0.59285,0.0,0.805313],
        [0.0,1.0,0.0],
        [-0.805313,0.0,0.59285],
        [11508.4,166.198,-29234.2]
      ],
      "objLayer": 0,
      "props": []
    },
    "flt_tank_spot_58": {
      "type": "Point",
      "tm": [
        [0.0158605,0.0,-0.999874],
        [0.0,1.0,0.0],
        [0.999874,0.0,0.0158605],
        [10813.6,25.0819,-31632.2]
      ],
      "objLayer": 0,
      "props": []
    },
    "flt_tank_spot_59": {
      "type": "Point",
      "tm": [
        [-0.97209,0.0,-0.234607],
        [0.0,1.0,0.0],
        [0.234607,0.0,-0.97209],
        [13332.3,142.555,-32772.9]
      ],
      "objLayer": 0,
      "props": []
    },
    "flt_tank_spot_60": {
      "type": "Point",
      "tm": [
        [-0.686687,0.0,-0.726953],
        [0.0,1.0,0.0],
        [0.726953,0.0,-0.686687],
        [15630.2,145.677,-29045.9]
      ],
      "objLayer": 0,
      "props": []
    },
    "flt_tank_spot_61": {
      "type": "Point",
      "tm": [
        [0.378266,0.0,-0.925697],
        [0.0,1.0,0.0],
        [0.925697,0.0,0.378266],
        [15545.3,8.16534,-19626.6]
      ],
      "objLayer": 0,
      "props": []
    },
    "flt_tank_spot_62": {
      "type": "Point",
      "tm": [
        [-0.816134,0.0,0.577863],
        [0.0,1.0,0.0],
        [-0.577863,0.0,-0.816134],
        [14211.8,15.3842,-21250.2]
      ],
      "objLayer": 0,
      "props": []
    },
    "flt_tank_spot_63": {
      "type": "Point",
      "tm": [
        [0.101533,0.0,-0.994832],
        [0.0,1.0,0.0],
        [0.994832,0.0,0.101533],
        [15178.9,21.0126,-22785.4]
      ],
      "objLayer": 0,
      "props": []
    },
    "flt_tank_spot_64": {
      "type": "Point",
      "tm": [
        [0.942578,0.0,-0.333987],
        [0.0,1.0,0.0],
        [0.333987,0.0,0.942578],
        [18977.3,8.04272,-21336.5]
      ],
      "objLayer": 0,
      "props": []
    },
    "flt_tank_spot_65": {
      "type": "Point",
      "tm": [
        [1.0,0.0,0.0],
        [0.0,1.0,0.0],
        [0.0,0.0,1.0],
        [31758.2,8.3757,-12725.4]
      ],
      "objLayer": 0,
      "props": []
    },
    "flt_tank_spot_66": {
      "type": "Point",
      "tm": [
        [0.120179,0.0,-0.992752],
        [0.0,1.0,0.0],
        [0.992752,0.0,0.120179],
        [29939.7,8.68878,-13690.4]
      ],
      "objLayer": 0,
      "props": []
    },
    "flt_tank_spot_67": {
      "type": "Point",
      "tm": [
        [0.74482,0.0,-0.667265],
        [0.0,1.0,0.0],
        [0.667265,0.0,0.74482],
        [38133.8,8.07076,-13417.1]
      ],
      "objLayer": 0,
      "props": []
    },
    "flt_tank_spot_68": {
      "type": "Point",
      "tm": [
        [-0.988911,0.0,0.148509],
        [0.0,1.0,0.0],
        [-0.148509,0.0,-0.988911],
        [38022.4,7.93736,-17985.5]
      ],
      "objLayer": 0,
      "props": []
    },
    "flt_tank_spot_69": {
      "type": "Point",
      "tm": [
        [-0.350278,0.0,0.936646],
        [0.0,1.0,0.0],
        [-0.936646,0.0,-0.350278],
        [33188.6,10.2224,-25557.6]
      ],
      "objLayer": 0,
      "props": []
    },
    "flt_tank_spot_70": {
      "type": "Point",
      "tm": [
        [-0.919039,0.0,-0.394166],
        [0.0,1.0,0.0],
        [0.394166,0.0,-0.919039],
        [35100.9,8.31934,-28426.7]
      ],
      "objLayer": 0,
      "props": []
    },
    "flt_tank_spot_71": {
      "type": "Point",
      "tm": [
        [0.918097,0.0,-0.396355],
        [0.0,1.0,0.0],
        [0.396355,0.0,0.918097],
        [27476.8,8.75714,-27084.5]
      ],
      "objLayer": 0,
      "props": []
    },
    "flt_tank_spot_72": {
      "type": "Point",
      "tm": [
        [-0.468234,0.0,0.883605],
        [0.0,1.0,0.0],
        [-0.883605,0.0,-0.468234],
        [31516.8,45.5617,-29391.7]
      ],
      "objLayer": 0,
      "props": []
    },
    "flt_tank_spot_73": {
      "type": "Point",
      "tm": [
        [-0.0900116,0.0,-0.995941],
        [0.0,1.0,0.0],
        [0.995941,0.0,-0.0900116],
        [22617.4,142.532,-35222.7]
      ],
      "objLayer": 0,
      "props": []
    },
    "flt_tank_spot_74": {
      "type": "Point",
      "tm": [
        [0.987307,0.0,0.158822],
        [0.0,1.0,0.0],
        [-0.158822,0.0,0.987307],
        [24502.2,90.9747,-35413.7]
      ],
      "objLayer": 0,
      "props": []
    },
    "flt_tank_spot_75": {
      "type": "Point",
      "tm": [
        [-0.998481,0.0,-0.0550908],
        [0.0,1.0,0.0],
        [0.0550908,0.0,-0.998481],
        [28814.0,241.385,-39245.8]
      ],
      "objLayer": 0,
      "props": []
    },
    "flt_tank_spot_76": {
      "type": "Point",
      "tm": [
        [0.655777,0.0,0.754955],
        [0.0,1.0,0.0],
        [-0.754955,0.0,0.655777],
        [25280.0,111.918,-38728.5]
      ],
      "objLayer": 0,
      "props": []
    },
    "flt_tank_spot_77": {
      "type": "Point",
      "tm": [
        [0.111478,0.0,-0.993767],
        [0.0,1.0,0.0],
        [0.993767,0.0,0.111478],
        [39699.4,11.6148,-34668.1]
      ],
      "objLayer": 0,
      "props": []
    },
    "flt_tank_spot_78": {
      "type": "Point",
      "tm": [
        [-0.605408,0.0,-0.795916],
        [0.0,1.0,0.0],
        [0.795916,0.0,-0.605408],
        [35873.7,68.4983,-34559.1]
      ],
      "objLayer": 0,
      "props": []
    },
    "flt_tank_spot_79": {
      "type": "Point",
      "tm": [
        [0.42566,0.0,0.904883],
        [0.0,1.0,0.0],
        [-0.904883,0.0,0.42566],
        [38089.6,143.513,-39532.2]
      ],
      "objLayer": 0,
      "props": []
    },
    "flt_tank_spot_80": {
      "type": "Point",
      "tm": [
        [0.907856,0.0,-0.419282],
        [0.0,1.0,0.0],
        [0.419282,0.0,0.907856],
        [34296.9,164.953,-36740.8]
      ],
      "objLayer": 0,
      "props": []
    }
  },
  "objLayers": [
    {
      "layer": {
        "enabled": true
      }
    },
    {
      "layer": {
        "enabled": true
      }
    },
    {
      "layer": {
        "enabled": true
      }
    },
    {
      "layer": {
        "enabled": true
      }
    }
  ],
  "wayPoints": {
    "flt_tank_road_01": {
      "closed_waypoints": false,
      "isShipSpline": false,
      "shipTurnRadius": 100.0,
      "way": {
        "flt_tank_road_01_wp_01": {
          "type": "normal",
          "tm": [
            [1.0,0.0,0.0],
            [0.0,1.0,0.0],
            [0.0,0.0,1.0],
            [-31305.1,38.8485,-1813.56]
          ],
          "props": {
            "speed": 30.0,
            "tas": false,
            "moveType": "GATHER_TO",
            "shouldKeepFormation": false,
            "canUsePathFinder": false
          }
        },
        "flt_tank_road_01_wp_02": {
          "type": "normal",
          "tm": [
            [1.0,0.0,0.0],
            [0.0,1.0,0.0],
            [0.0,0.0,1.0],
            [-31764.2,41.2704,-2179.42]
          ],
          "props": {
            "speed": 30.0,
            "tas": false,
            "moveType": "USE_SPLINES",
            "shouldKeepFormation": false,
            "canUsePathFinder": false
          }
        },
        "flt_tank_road_01_wp_03": {
          "type": "normal",
          "tm": [
            [1.0,0.0,0.0],
            [0.0,1.0,0.0],
            [0.0,0.0,1.0],
            [-31631.8,42.7771,-1260.0]
          ],
          "props": {
            "speed": 30.0,
            "tas": false,
            "moveType": "USE_SPLINES",
            "shouldKeepFormation": false,
            "canUsePathFinder": false
          }
        },
        "flt_tank_road_01_wp_04": {
          "type": "normal",
          "tm": [
            [1.0,0.0,0.0],
            [0.0,1.0,0.0],
            [0.0,0.0,1.0],
            [-32384.4,51.9372,-1148.22]
          ],
          "props": {
            "speed": 30.0,
            "tas": false,
            "moveType": "USE_SPLINES",
            "shouldKeepFormation": false,
            "canUsePathFinder": false
          }
        },
        "flt_tank_road_01_wp_05": {
          "type": "normal",
          "tm": [
            [1.0,0.0,0.0],
            [0.0,1.0,0.0],
            [0.0,0.0,1.0],
            [-32493.0,57.5237,-1303.84]
          ],
          "props": {
            "speed": 30.0,
            "tas": false,
            "moveType": "USE_SPLINES",
            "shouldKeepFormation": false,
            "canUsePathFinder": false
          }
        },
        "flt_tank_road_01_wp_06": {
          "type": "normal",
          "tm": [
            [1.0,0.0,0.0],
            [0.0,1.0,0.0],
            [0.0,0.0,1.0],
            [-32728.3,60.8921,-1427.26]
          ],
          "props": {
            "speed": 30.0,
            "tas": false,
            "moveType": "USE_SPLINES",
            "shouldKeepFormation": false,
            "canUsePathFinder": false
          }
        },
        "flt_tank_road_01_wp_07": {
          "type": "normal",
          "tm": [
            [1.0,0.0,0.0],
            [0.0,1.0,0.0],
            [0.0,0.0,1.0],
            [-32797.4,75.2819,-2204.67]
          ],
          "props": {
            "speed": 30.0,
            "tas": false,
            "moveType": "USE_SPLINES",
            "shouldKeepFormation": false,
            "canUsePathFinder": false
          }
        },
        "flt_tank_road_01_wp_08": {
          "type": "normal",
          "tm": [
            [1.0,0.0,0.0],
            [0.0,1.0,0.0],
            [0.0,0.0,1.0],
            [-32647.9,58.5222,-2286.55]
          ],
          "props": {
            "speed": 30.0,
            "tas": false,
            "moveType": "USE_SPLINES",
            "shouldKeepFormation": false,
            "canUsePathFinder": false
          }
        },
        "flt_tank_road_01_wp_09": {
          "type": "normal",
          "tm": [
            [1.0,0.0,0.0],
            [0.0,1.0,0.0],
            [0.0,0.0,1.0],
            [-34121.1,79.8589,-2315.42]
          ],
          "props": {
            "speed": 30.0,
            "tas": false,
            "moveType": "USE_SPLINES",
            "shouldKeepFormation": false,
            "canUsePathFinder": false
          }
        },
        "flt_tank_road_01_wp_10": {
          "type": "normal",
          "tm": [
            [1.0,0.0,0.0],
            [0.0,1.0,0.0],
            [0.0,0.0,1.0],
            [-34291.5,104.149,-2028.85]
          ],
          "props": {
            "speed": 30.0,
            "tas": false,
            "moveType": "USE_SPLINES",
            "shouldKeepFormation": false,
            "canUsePathFinder": false
          }
        },
        "flt_tank_road_01_wp_11": {
          "type": "normal",
          "tm": [
            [1.0,0.0,0.0],
            [0.0,1.0,0.0],
            [0.0,0.0,1.0],
            [-33533.6,54.9683,-1830.84]
          ],
          "props": {
            "speed": 30.0,
            "tas": false,
            "moveType": "USE_SPLINES",
            "shouldKeepFormation": false,
            "canUsePathFinder": false
          }
        },
        "flt_tank_road_01_wp_12": {
          "type": "normal",
          "tm": [
            [1.0,0.0,0.0],
            [0.0,1.0,0.0],
            [0.0,0.0,1.0],
            [-33529.5,73.1694,-1547.4]
          ],
          "props": {
            "speed": 30.0,
            "tas": false,
            "moveType": "USE_SPLINES",
            "shouldKeepFormation": false,
            "canUsePathFinder": false
          }
        },
        "flt_tank_road_01_wp_13": {
          "type": "normal",
          "tm": [
            [1.0,0.0,0.0],
            [0.0,1.0,0.0],
            [0.0,0.0,1.0],
            [-33142.1,57.4639,-891.814]
          ],
          "props": {
            "speed": 30.0,
            "tas": false,
            "moveType": "USE_SPLINES",
            "shouldKeepFormation": false,
            "canUsePathFinder": false
          }
        },
        "flt_tank_road_01_wp_14": {
          "type": "normal",
          "tm": [
            [1.0,0.0,0.0],
            [0.0,1.0,0.0],
            [0.0,0.0,1.0],
            [-32728.2,60.7929,-1425.87]
          ],
          "props": {
            "speed": 30.0,
            "tas": false,
            "moveType": "USE_SPLINES",
            "shouldKeepFormation": false,
            "canUsePathFinder": false
          }
        },
        "flt_tank_road_01_wp_15": {
          "type": "normal",
          "tm": [
            [1.0,0.0,0.0],
            [0.0,1.0,0.0],
            [0.0,0.0,1.0],
            [-32494.3,57.7049,-1305.95]
          ],
          "props": {
            "speed": 30.0,
            "tas": false,
            "moveType": "USE_SPLINES",
            "shouldKeepFormation": false,
            "canUsePathFinder": false
          }
        },
        "flt_tank_road_01_wp_16": {
          "type": "normal",
          "tm": [
            [1.0,0.0,0.0],
            [0.0,1.0,0.0],
            [0.0,0.0,1.0],
            [-32385.0,51.9679,-1149.59]
          ],
          "props": {
            "speed": 30.0,
            "tas": false,
            "moveType": "USE_SPLINES",
            "shouldKeepFormation": false,
            "canUsePathFinder": false
          }
        },
        "flt_tank_road_01_wp_17": {
          "type": "normal",
          "tm": [
            [1.0,0.0,0.0],
            [0.0,1.0,0.0],
            [0.0,0.0,1.0],
            [-32216.3,67.4258,-87.4037]
          ],
          "props": {
            "speed": 30.0,
            "tas": false,
            "moveType": "USE_SPLINES",
            "shouldKeepFormation": false,
            "canUsePathFinder": false
          }
        },
        "flt_tank_road_01_wp_18": {
          "type": "normal",
          "tm": [
            [1.0,0.0,0.0],
            [0.0,1.0,0.0],
            [0.0,0.0,1.0],
            [-32204.0,78.4872,59.9016]
          ],
          "props": {
            "speed": 30.0,
            "tas": false,
            "moveType": "MOVETO_STRAIGHT",
            "shouldKeepFormation": false,
            "canUsePathFinder": false
          }
        }
      }
    },
    "flt_tank_road_02": {
      "closed_waypoints": false,
      "isShipSpline": false,
      "shipTurnRadius": 100.0,
      "way": {
        "flt_tank_road_02_wp_01": {
          "type": "normal",
          "tm": [
            [1.0,0.0,0.0],
            [0.0,1.0,0.0],
            [0.0,0.0,1.0],
            [-32473.9,70.5168,-1866.56]
          ],
          "props": {
            "speed": 30.0,
            "tas": false,
            "moveType": "GATHER_TO",
            "shouldKeepFormation": false,
            "canUsePathFinder": false
          }
        },
        "flt_tank_road_02_wp_02": {
          "type": "normal",
          "tm": [
            [1.0,0.0,0.0],
            [0.0,1.0,0.0],
            [0.0,0.0,1.0],
            [-32495.0,57.6925,-1305.07]
          ],
          "props": {
            "speed": 30.0,
            "tas": false,
            "moveType": "USE_SPLINES",
            "shouldKeepFormation": false,
            "canUsePathFinder": false
          }
        },
        "flt_tank_road_02_wp_03": {
          "type": "normal",
          "tm": [
            [1.0,0.0,0.0],
            [0.0,1.0,0.0],
            [0.0,0.0,1.0],
            [-32386.5,51.9815,-1149.71]
          ],
          "props": {
            "speed": 30.0,
            "tas": false,
            "moveType": "USE_SPLINES",
            "shouldKeepFormation": false,
            "canUsePathFinder": false
          }
        },
        "flt_tank_road_02_wp_04": {
          "type": "normal",
          "tm": [
            [1.0,0.0,0.0],
            [0.0,1.0,0.0],
            [0.0,0.0,1.0],
            [-31633.1,42.8026,-1258.36]
          ],
          "props": {
            "speed": 30.0,
            "tas": false,
            "moveType": "USE_SPLINES",
            "shouldKeepFormation": false,
            "canUsePathFinder": false
          }
        },
        "flt_tank_road_02_wp_05": {
          "type": "normal",
          "tm": [
            [1.0,0.0,0.0],
            [0.0,1.0,0.0],
            [0.0,0.0,1.0],
            [-30399.9,39.6972,-1380.31]
          ],
          "props": {
            "speed": 30.0,
            "tas": false,
            "moveType": "USE_SPLINES",
            "shouldKeepFormation": false,
            "canUsePathFinder": false
          }
        },
        "flt_tank_road_02_wp_06": {
          "type": "normal",
          "tm": [
            [1.0,0.0,0.0],
            [0.0,1.0,0.0],
            [0.0,0.0,1.0],
            [-31764.3,41.2697,-2179.98]
          ],
          "props": {
            "speed": 30.0,
            "tas": false,
            "moveType": "USE_SPLINES",
            "shouldKeepFormation": false,
            "canUsePathFinder": false
          }
        },
        "flt_tank_road_02_wp_07": {
          "type": "normal",
          "tm": [
            [1.0,0.0,0.0],
            [0.0,1.0,0.0],
            [0.0,0.0,1.0],
            [-32294.7,67.7998,-2181.23]
          ],
          "props": {
            "speed": 30.0,
            "tas": false,
            "moveType": "USE_SPLINES",
            "shouldKeepFormation": false,
            "canUsePathFinder": false
          }
        },
        "flt_tank_road_02_wp_08": {
          "type": "normal",
          "tm": [
            [1.0,0.0,0.0],
            [0.0,1.0,0.0],
            [0.0,0.0,1.0],
            [-32453.3,74.3503,-2066.74]
          ],
          "props": {
            "speed": 30.0,
            "tas": false,
            "moveType": "USE_SPLINES",
            "shouldKeepFormation": false,
            "canUsePathFinder": false
          }
        },
        "flt_tank_road_02_wp_09": {
          "type": "normal",
          "tm": [
            [1.0,0.0,0.0],
            [0.0,1.0,0.0],
            [0.0,0.0,1.0],
            [-32647.7,58.6981,-2285.25]
          ],
          "props": {
            "speed": 30.0,
            "tas": false,
            "moveType": "USE_SPLINES",
            "shouldKeepFormation": false,
            "canUsePathFinder": false
          }
        },
        "flt_tank_road_02_wp_10": {
          "type": "normal",
          "tm": [
            [1.0,0.0,0.0],
            [0.0,1.0,0.0],
            [0.0,0.0,1.0],
            [-34122.0,80.0905,-2315.01]
          ],
          "props": {
            "speed": 30.0,
            "tas": false,
            "moveType": "USE_SPLINES",
            "shouldKeepFormation": false,
            "canUsePathFinder": false
          }
        },
        "flt_tank_road_02_wp_11": {
          "type": "normal",
          "tm": [
            [1.0,0.0,0.0],
            [0.0,1.0,0.0],
            [0.0,0.0,1.0],
            [-33352.1,75.4398,-2156.75]
          ],
          "props": {
            "speed": 30.0,
            "tas": false,
            "moveType": "USE_SPLINES",
            "shouldKeepFormation": false,
            "canUsePathFinder": false
          }
        },
        "flt_tank_road_02_wp_12": {
          "type": "normal",
          "tm": [
            [1.0,0.0,0.0],
            [0.0,1.0,0.0],
            [0.0,0.0,1.0],
            [-33533.9,54.925,-1829.69]
          ],
          "props": {
            "speed": 30.0,
            "tas": false,
            "moveType": "USE_SPLINES",
            "shouldKeepFormation": false,
            "canUsePathFinder": false
          }
        },
        "flt_tank_road_02_wp_13": {
          "type": "normal",
          "tm": [
            [1.0,0.0,0.0],
            [0.0,1.0,0.0],
            [0.0,0.0,1.0],
            [-34292.4,104.2,-2027.26]
          ],
          "props": {
            "speed": 30.0,
            "tas": false,
            "moveType": "USE_SPLINES",
            "shouldKeepFormation": false,
            "canUsePathFinder": false
          }
        },
        "flt_tank_road_02_wp_14": {
          "type": "normal",
          "tm": [
            [1.0,0.0,0.0],
            [0.0,1.0,0.0],
            [0.0,0.0,1.0],
            [-34121.8,80.363,-2313.95]
          ],
          "props": {
            "speed": 30.0,
            "tas": false,
            "moveType": "USE_SPLINES",
            "shouldKeepFormation": false,
            "canUsePathFinder": false
          }
        },
        "flt_tank_road_02_wp_15": {
          "type": "normal",
          "tm": [
            [1.0,0.0,0.0],
            [0.0,1.0,0.0],
            [0.0,0.0,1.0],
            [-32647.8,58.6555,-2285.59]
          ],
          "props": {
            "speed": 30.0,
            "tas": false,
            "moveType": "USE_SPLINES",
            "shouldKeepFormation": false,
            "canUsePathFinder": false
          }
        },
        "flt_tank_road_02_wp_16": {
          "type": "normal",
          "tm": [
            [1.0,0.0,0.0],
            [0.0,1.0,0.0],
            [0.0,0.0,1.0],
            [-32453.6,74.3469,-2065.35]
          ],
          "props": {
            "speed": 30.0,
            "tas": false,
            "moveType": "USE_SPLINES",
            "shouldKeepFormation": false,
            "canUsePathFinder": false
          }
        },
        "flt_tank_road_02_wp_17": {
          "type": "normal",
          "tm": [
            [1.0,0.0,0.0],
            [0.0,1.0,0.0],
            [0.0,0.0,1.0],
            [-32494.3,57.6145,-1304.3]
          ],
          "props": {
            "speed": 30.0,
            "tas": false,
            "moveType": "USE_SPLINES",
            "shouldKeepFormation": false,
            "canUsePathFinder": false
          }
        },
        "flt_tank_road_02_wp_18": {
          "type": "normal",
          "tm": [
            [1.0,0.0,0.0],
            [0.0,1.0,0.0],
            [0.0,0.0,1.0],
            [-32386.6,51.9804,-1149.64]
          ],
          "props": {
            "speed": 30.0,
            "tas": false,
            "moveType": "USE_SPLINES",
            "shouldKeepFormation": false,
            "canUsePathFinder": false
          }
        },
        "flt_tank_road_02_wp_19": {
          "type": "normal",
          "tm": [
            [1.0,0.0,0.0],
            [0.0,1.0,0.0],
            [0.0,0.0,1.0],
            [-32308.0,72.9,-244.134]
          ],
          "props": {
            "speed": 30.0,
            "tas": false,
            "moveType": "USE_SPLINES",
            "shouldKeepFormation": false,
            "canUsePathFinder": false
          }
        },
        "flt_tank_road_02_wp_20": {
          "type": "normal",
          "tm": [
            [1.0,0.0,0.0],
            [0.0,1.0,0.0],
            [0.0,0.0,1.0],
            [-32488.4,81.8946,-169.654]
          ],
          "props": {
            "speed": 30.0,
            "tas": false,
            "moveType": "MOVETO_STRAIGHT",
            "shouldKeepFormation": false,
            "canUsePathFinder": false
          }
        }
      }
    },
    "flt_tank_road_03": {
      "closed_waypoints": false,
      "isShipSpline": false,
      "shipTurnRadius": 100.0,
      "way": {
        "flt_tank_road_03_wp_01": {
          "type": "normal",
          "tm": [
            [1.0,0.0,0.0],
            [0.0,1.0,0.0],
            [0.0,0.0,1.0],
            [-33939.0,65.0126,-2315.85]
          ],
          "props": {
            "speed": 30.0,
            "tas": false,
            "moveType": "GATHER_TO",
            "shouldKeepFormation": false,
            "canUsePathFinder": false
          }
        },
        "flt_tank_road_03_wp_02": {
          "type": "normal",
          "tm": [
            [1.0,0.0,0.0],
            [0.0,1.0,0.0],
            [0.0,0.0,1.0],
            [-33352.9,75.4191,-2156.28]
          ],
          "props": {
            "speed": 30.0,
            "tas": false,
            "moveType": "USE_SPLINES",
            "shouldKeepFormation": false,
            "canUsePathFinder": false
          }
        },
        "flt_tank_road_03_wp_03": {
          "type": "normal",
          "tm": [
            [1.0,0.0,0.0],
            [0.0,1.0,0.0],
            [0.0,0.0,1.0],
            [-32796.9,75.4733,-2202.48]
          ],
          "props": {
            "speed": 30.0,
            "tas": false,
            "moveType": "USE_SPLINES",
            "shouldKeepFormation": false,
            "canUsePathFinder": false
          }
        },
        "flt_tank_road_03_wp_04": {
          "type": "normal",
          "tm": [
            [1.0,0.0,0.0],
            [0.0,1.0,0.0],
            [0.0,0.0,1.0],
            [-32648.2,58.6432,-2285.85]
          ],
          "props": {
            "speed": 30.0,
            "tas": false,
            "moveType": "USE_SPLINES",
            "shouldKeepFormation": false,
            "canUsePathFinder": false
          }
        },
        "flt_tank_road_03_wp_05": {
          "type": "normal",
          "tm": [
            [1.0,0.0,0.0],
            [0.0,1.0,0.0],
            [0.0,0.0,1.0],
            [-32454.2,74.36,-2066.43]
          ],
          "props": {
            "speed": 30.0,
            "tas": false,
            "moveType": "USE_SPLINES",
            "shouldKeepFormation": false,
            "canUsePathFinder": false
          }
        },
        "flt_tank_road_03_wp_06": {
          "type": "normal",
          "tm": [
            [1.0,0.0,0.0],
            [0.0,1.0,0.0],
            [0.0,0.0,1.0],
