{
  "selected_tag": "",
  "bin_dump_file": "",
  "mission_settings": {
    "player": {
      "army": 1
    },
    "player_teamB": {
      "army": 2
    },
    "mission": {
      "type": "singleMission",
      "level": "levels/water.bin",
      "restoreType": "attempts",
      "optionalTakeOff": false,
      "environment": "Day",
      "weather": "hazy"
    },
    "spectator_points": []
  },
  "imports": [],
  "triggers": {
    "isCategory": true,
    "is_enabled": true,
    "flt_tanks_init": {
      "is_enabled": true,
      "comments": "",
      "props": {
        "actionsType": "PERFORM_ONE_BY_ONE",
        "conditionsType": "ALL",
        "enableAfterComplete": false
      },
      "events": {
        "initMission": []
      },
      "conditions": [],
      "actions": {
        "varSetInt": {
          "value": 87,
          "var": "flt_tank_spots_num"
        }
      },
      "else_actions": []
    }
  },
  "mission_objectives": {
    "isCategory": true,
    "is_enabled": true
  },
  "variables": [],
  "dialogs": [],
  "airfields": [],
  "effects": [],
  "units": [],
  "areas": {
    "area_01": {
      "type": "Box",
      "tm": [
        [82000.0,0.0,0.0],
        [0.0,3000.0,0.0],
        [0.0,0.0,82000.0],
        [-139.574,0.0,0.0]
      ],
      "objLayer": 0,
      "props": []
    },
    "flt_tank_spot_02": {
      "type": "Point",
      "tm": [
        [0.939693,0.0,-0.34202],
        [0.0,1.0,0.0],
        [0.34202,0.0,0.939693],
        [39772.8,100.127,-9331.47]
      ],
      "objLayer": 0,
      "props": []
    },
    "flt_tank_spot_04": {
      "type": "Point",
      "tm": [
        [0.21644,0.0,-0.976296],
        [0.0,1.0,0.0],
        [0.976296,0.0,0.21644],
        [39648.3,99.071,-9432.27]
      ],
      "objLayer": 0,
      "props": []
    },
    "flt_tank_spot_05": {
      "type": "Point",
      "tm": [
        [0.642788,0.0,0.766044],
        [0.0,1.0,0.0],
        [-0.766044,0.0,0.642788],
        [21548.1,70.9236,9745.45]
      ],
      "objLayer": 0,
      "props": []
    },
    "flt_tank_spot_06": {
      "type": "Point",
      "tm": [
        [0.5,0.0,-0.866025],
        [0.0,1.0,0.0],
        [0.866025,0.0,0.5],
        [21481.7,71.6228,9673.0]
      ],
      "objLayer": 0,
      "props": []
    },
    "flt_tank_spot_07": {
      "type": "Point",
      "tm": [
        [0.737277,0.0,0.67559],
        [0.0,1.0,0.0],
        [-0.67559,0.0,0.737277],
        [22342.7,30.5665,10080.6]
      ],
      "objLayer": 0,
      "props": []
    },
    "flt_tank_spot_08": {
      "type": "Point",
      "tm": [
        [0.642788,0.0,0.766044],
        [0.0,1.0,0.0],
        [-0.766044,0.0,0.642788],
        [23369.5,15.457,10077.0]
      ],
      "objLayer": 0,
      "props": []
    },
    "flt_tank_spot_09": {
      "type": "Point",
      "tm": [
        [-0.777617,0.0,0.628739],
        [0.0,1.0,0.0],
        [-0.628739,0.0,-0.777617],
        [23002.1,22.1833,9617.5]
      ],
      "objLayer": 0,
      "props": []
    },
    "flt_tank_spot_10": {
      "type": "Point",
      "tm": [
        [-0.864205,0.0,-0.503139],
        [0.0,1.0,0.0],
        [0.503139,0.0,-0.864205],
        [19938.5,30.977,15856.2]
      ],
      "objLayer": 0,
      "props": []
    },
    "flt_tank_spot_11": {
      "type": "Point",
      "tm": [
        [-0.642788,0.0,-0.766044],
        [0.0,1.0,0.0],
        [0.766044,0.0,-0.642788],
        [19882.5,16.2196,15884.9]
      ],
      "objLayer": 0,
      "props": []
    },
    "flt_tank_spot_12": {
      "type": "Point",
      "tm": [
        [0.996195,0.0,0.0871557],
        [0.0,1.0,0.0],
        [-0.0871557,0.0,0.996195],
        [21202.2,92.9313,19327.2]
      ],
      "objLayer": 0,
      "props": []
    },
    "flt_tank_spot_13": {
      "type": "Point",
      "tm": [
        [-0.260969,0.0,-0.965348],
        [0.0,1.0,0.0],
        [0.965348,0.0,-0.260969],
        [25922.9,143.878,22560.8]
      ],
      "objLayer": 0,
      "props": []
    },
    "flt_tank_spot_14": {
      "type": "Point",
      "tm": [
        [-0.939692,0.0,0.34202],
        [0.0,1.0,0.0],
        [-0.34202,0.0,-0.939692],
        [20222.2,139.761,7928.78]
      ],
      "objLayer": 0,
      "props": []
    },
    "flt_tank_spot_15": {
      "type": "Point",
      "tm": [
        [0.972135,0.0,0.234421],
        [0.0,1.0,0.0],
        [-0.234421,0.0,0.972135],
        [20671.5,117.325,-31150.9]
      ],
      "objLayer": 0,
      "props": []
    },
    "flt_tank_spot_16": {
      "type": "Point",
      "tm": [
        [0.0871558,0.0,0.996195],
        [0.0,1.0,0.0],
        [-0.996195,0.0,0.0871558],
        [7102.97,49.8252,1141.65]
      ],
      "objLayer": 0,
      "props": []
    },
    "flt_tank_spot_17": {
      "type": "Point",
      "tm": [
        [-0.999048,0.0,-0.0436195],
        [0.0,1.0,0.0],
        [0.0436195,0.0,-0.999048],
        [7004.59,48.3296,1148.38]
      ],
      "objLayer": 0,
      "props": []
    },
    "flt_tank_spot_18": {
      "type": "Point",
      "tm": [
        [0.652275,0.0,-0.757982],
        [0.0,1.0,0.0],
        [0.757982,0.0,0.652275],
        [7136.8,52.2505,1088.22]
      ],
      "objLayer": 0,
      "props": []
    },
    "flt_tank_spot_03": {
      "type": "Point",
      "tm": [
        [-0.995274,0.0,0.0971042],
        [0.0,1.0,0.0],
        [-0.0971042,0.0,-0.995274],
        [7397.06,92.6838,-15130.2]
      ],
      "objLayer": 0,
      "props": []
    },
    "flt_tank_spot_19": {
      "type": "Point",
      "tm": [
        [0.993055,0.0,0.117649],
        [0.0,1.0,0.0],
        [-0.117649,0.0,0.993055],
        [16101.5,171.554,33822.4]
      ],
      "objLayer": 0,
      "props": []
    },
    "flt_tank_spot_20": {
      "type": "Point",
      "tm": [
        [-0.693583,0.0,0.720377],
        [0.0,1.0,0.0],
        [-0.720377,0.0,-0.693583],
        [-2938.83,127.98,11670.2]
      ],
      "objLayer": 0,
      "props": []
    },
    "flt_tank_spot_21": {
      "type": "Point",
      "tm": [
        [0.958743,0.0,-0.284276],
        [0.0,1.0,0.0],
        [0.284276,0.0,0.958743],
        [-3164.06,113.84,12184.0]
      ],
      "objLayer": 0,
      "props": []
    },
    "flt_tank_spot_22": {
      "type": "Point",
      "tm": [
        [-0.935742,0.0,-0.352686],
        [0.0,1.0,0.0],
        [0.352686,0.0,-0.935742],
        [-2470.57,108.185,12097.3]
      ],
      "objLayer": 0,
      "props": []
    },
    "flt_tank_spot_23": {
      "type": "Point",
      "tm": [
        [0.618447,0.0,-0.785826],
        [0.0,1.0,0.0],
        [0.785826,0.0,0.618447],
        [-1358.45,181.336,3655.86]
      ],
      "objLayer": 0,
      "props": []
    },
    "flt_tank_spot_24": {
      "type": "Point",
      "tm": [
        [0.730328,0.0,-0.683097],
        [0.0,1.0,0.0],
        [0.683097,0.0,0.730328],
        [-1268.2,200.812,3329.92]
      ],
      "objLayer": 0,
      "props": []
    },
    "flt_tank_spot_25": {
      "type": "Point",
      "tm": [
        [-0.412065,0.0,-0.911154],
        [0.0,1.0,0.0],
        [0.911154,0.0,-0.412065],
        [-1881.66,175.821,3039.45]
      ],
      "objLayer": 0,
      "props": []
    },
    "flt_tank_spot_26": {
      "type": "Point",
      "tm": [
        [-0.953717,0.0,0.300706],
        [0.0,1.0,0.0],
        [-0.300706,0.0,-0.953717],
        [-1825.56,175.829,2993.0]
      ],
      "objLayer": 0,
      "props": []
    },
    "flt_tank_spot_27": {
      "type": "Point",
      "tm": [
        [-0.984808,0.0,0.173648],
        [0.0,1.0,0.0],
        [-0.173648,0.0,-0.984808],
        [-1807.31,175.827,2943.84]
      ],
      "objLayer": 0,
      "props": []
    },
    "flt_tank_spot_28": {
      "type": "Point",
      "tm": [
        [-0.965926,0.0,0.258819],
        [0.0,1.0,0.0],
        [-0.258819,0.0,-0.965926],
        [-1774.39,175.836,2841.25]
      ],
      "objLayer": 0,
      "props": []
    },
    "flt_tank_spot_29": {
      "type": "Point",
      "tm": [
        [-0.250449,0.0,-0.96813],
        [0.0,1.0,0.0],
        [0.96813,0.0,-0.250449],
        [-2098.32,175.799,2919.76]
      ],
      "objLayer": 0,
      "props": []
    },
    "flt_tank_spot_30": {
      "type": "Point",
      "tm": [
        [0.0448193,0.0,-0.998995],
        [0.0,1.0,0.0],
        [0.998995,0.0,0.0448193],
        [-2045.19,175.799,2826.17]
      ],
      "objLayer": 0,
      "props": []
    },
    "flt_tank_spot_31": {
      "type": "Point",
      "tm": [
        [-0.974823,0.0,0.22298],
        [0.0,1.0,0.0],
        [-0.22298,0.0,-0.974823],
        [-2071.63,175.799,2863.11]
      ],
      "objLayer": 0,
      "props": []
    },
    "flt_tank_spot_32": {
      "type": "Point",
      "tm": [
        [-0.587135,0.0,-0.809489],
        [0.0,1.0,0.0],
        [0.809489,0.0,-0.587135],
        [-2304.26,175.799,2809.87]
      ],
      "objLayer": 0,
      "props": []
    },
    "flt_tank_spot_33": {
      "type": "Point",
      "tm": [
        [-0.894718,0.0,-0.446633],
        [0.0,1.0,0.0],
        [0.446633,0.0,-0.894718],
        [-2568.46,175.799,2711.45]
      ],
      "objLayer": 0,
      "props": []
    },
    "flt_tank_spot_34": {
      "type": "Point",
      "tm": [
        [0.580251,0.0,0.814438],
        [0.0,1.0,0.0],
        [-0.814438,0.0,0.580251],
        [-2638.82,175.814,2648.52]
      ],
      "objLayer": 0,
      "props": []
    },
    "flt_tank_spot_35": {
      "type": "Point",
      "tm": [
        [-0.0185965,0.0,0.999827],
        [0.0,1.0,0.0],
        [-0.999827,0.0,-0.0185965],
        [-2419.89,175.811,2417.81]
      ],
      "objLayer": 0,
      "props": []
    },
    "flt_tank_spot_36": {
      "type": "Point",
      "tm": [
        [-0.698626,0.0,-0.715487],
        [0.0,1.0,0.0],
        [0.715487,0.0,-0.698626],
        [-1338.69,182.614,2627.31]
      ],
      "objLayer": 0,
      "props": []
    },
    "flt_tank_spot_37": {
      "type": "Point",
      "tm": [
        [0.989128,0.0,-0.147058],
        [0.0,1.0,0.0],
        [0.147058,0.0,0.989128],
        [-1099.38,181.635,2339.61]
      ],
      "objLayer": 0,
      "props": []
    },
    "flt_tank_spot_38": {
      "type": "Point",
      "tm": [
        [-0.98387,0.0,0.178884],
        [0.0,1.0,0.0],
        [-0.178884,0.0,-0.98387],
        [-1297.09,156.809,1624.17]
      ],
      "objLayer": 0,
      "props": []
    },
    "flt_tank_spot_39": {
      "type": "Point",
      "tm": [
        [0.580309,0.0,-0.814396],
        [0.0,1.0,0.0],
        [0.814396,0.0,0.580309],
        [-1323.57,154.935,1577.3]
      ],
      "objLayer": 0,
      "props": []
    },
    "flt_tank_spot_40": {
      "type": "Point",
      "tm": [
        [0.887785,0.0,0.460259],
        [0.0,1.0,0.0],
        [-0.460259,0.0,0.887785],
        [-550.644,65.1816,1402.56]
      ],
      "objLayer": 0,
      "props": []
    },
    "flt_tank_spot_41": {
      "type": "Point",
      "tm": [
        [0.354069,0.0,-0.935219],
        [0.0,1.0,0.0],
        [0.935219,0.0,0.354069],
        [-1019.91,139.398,1844.47]
      ],
      "objLayer": 0,
      "props": []
    },
    "flt_tank_spot_42": {
      "type": "Point",
      "tm": [
        [-0.54248,0.0,-0.840068],
        [0.0,1.0,0.0],
        [0.840068,0.0,-0.54248],
        [-68.6703,86.8499,1720.91]
      ],
      "objLayer": 0,
      "props": []
    },
    "flt_tank_spot_43": {
      "type": "Point",
      "tm": [
        [0.387805,0.0,-0.921742],
        [0.0,1.0,0.0],
        [0.921742,0.0,0.387805],
        [-366.633,74.6122,1297.82]
      ],
      "objLayer": 0,
      "props": []
    },
    "flt_tank_spot_44": {
      "type": "Point",
      "tm": [
        [-0.70016,0.0,-0.713986],
        [0.0,1.0,0.0],
        [0.713986,0.0,-0.70016],
        [-542.29,65.8722,1328.87]
      ],
      "objLayer": 0,
      "props": []
    },
    "flt_tank_spot_45": {
      "type": "Point",
      "tm": [
        [0.124093,0.0,-0.992271],
        [0.0,1.0,0.0],
        [0.992271,0.0,0.124093],
        [-1028.34,71.4515,1012.42]
      ],
      "objLayer": 0,
      "props": []
    },
    "flt_tank_spot_46": {
      "type": "Point",
      "tm": [
        [0.241878,0.0,-0.970307],
        [0.0,1.0,0.0],
        [0.970307,0.0,0.241878],
        [-1218.37,81.6875,1022.41]
      ],
      "objLayer": 0,
      "props": []
    },
    "flt_tank_spot_47": {
      "type": "Point",
      "tm": [
        [-0.246862,0.0,-0.969051],
        [0.0,1.0,0.0],
        [0.969051,0.0,-0.246862],
        [-1922.66,176.475,2127.15]
      ],
      "objLayer": 0,
      "props": []
    },
    "flt_tank_spot_48": {
      "type": "Point",
      "tm": [
        [0.996916,0.0,-0.0784779],
        [0.0,1.0,0.0],
        [0.0784779,0.0,0.996916],
        [-2282.29,117.086,1189.84]
      ],
      "objLayer": 0,
      "props": []
    },
    "flt_tank_spot_49": {
      "type": "Point",
      "tm": [
        [0.679274,0.0,-0.733885],
        [0.0,1.0,0.0],
        [0.733885,0.0,0.679274],
        [-2290.48,132.421,1048.9]
      ],
      "objLayer": 0,
      "props": []
    },
    "flt_tank_spot_50": {
      "type": "Point",
      "tm": [
        [0.927916,0.0,-0.372788],
        [0.0,1.0,0.0],
        [0.372788,0.0,0.927916],
        [-2043.68,90.099,810.118]
      ],
      "objLayer": 0,
      "props": []
    },
    "flt_tank_spot_51": {
      "type": "Point",
      "tm": [
        [-0.461743,0.0,-0.887014],
        [0.0,1.0,0.0],
        [0.887014,0.0,-0.461743],
        [-2070.72,95.0845,799.075]
      ],
      "objLayer": 0,
      "props": []
    },
    "flt_tank_spot_52": {
      "type": "Point",
      "tm": [
        [0.957349,0.0,0.288935],
        [0.0,1.0,0.0],
        [-0.288935,0.0,0.957349],
        [-2989.65,6.04322,292.499]
      ],
      "objLayer": 0,
      "props": []
    },
    "flt_tank_spot_53": {
      "type": "Point",
      "tm": [
        [0.516635,0.00500857,-0.856191],
        [-0.00116422,0.999986,0.00514724],
        [0.856205,-0.00166245,0.516634],
        [-2931.95,8.45662,212.621]
      ],
      "objLayer": 0,
      "props": []
    },
    "flt_tank_spot_54": {
      "type": "Point",
      "tm": [
        [1.0,0.0,0.0],
        [0.0,1.0,0.0],
        [0.0,0.0,1.0],
        [-3035.81,6.46387,200.902]
      ],
      "objLayer": 0,
      "props": []
    },
    "flt_tank_spot_55": {
      "type": "Point",
      "tm": [
        [0.870925,0.0,0.491416],
        [-0.0548177,0.993759,0.0971521],
        [-0.488349,-0.11155,0.865489],
        [-2679.27,2.73545,-179.133]
      ],
      "objLayer": 0,
      "props": []
    },
    "flt_tank_spot_56": {
      "type": "Point",
      "tm": [
        [-0.964657,0.0,0.263509],
        [0.0,1.0,0.0],
        [-0.263509,0.0,-0.964657],
        [-824.976,5.00013,-272.152]
      ],
      "objLayer": 0,
      "props": []
    },
    "flt_tank_spot_57": {
      "type": "Point",
      "tm": [
        [-0.995143,0.0,0.0984356],
        [0.0,1.0,0.0],
        [-0.0984356,0.0,-0.995143],
        [-73.7532,6.5016,211.593]
      ],
      "objLayer": 0,
      "props": []
    },
    "flt_tank_spot_58": {
      "type": "Point",
      "tm": [
        [-0.242567,0.0,-0.970135],
        [0.0,1.0,0.0],
        [0.970135,0.0,-0.242567],
        [64.9565,3.89639,36.1482]
      ],
      "objLayer": 0,
      "props": []
    },
    "flt_tank_spot_59": {
      "type": "Point",
      "tm": [
        [-0.114962,0.0,-0.99337],
        [0.0,1.0,0.0],
        [0.99337,0.0,-0.114962],
        [-305.176,14.8046,-459.026]
      ],
      "objLayer": 0,
      "props": []
    },
    "flt_tank_spot_60": {
      "type": "Point",
      "tm": [
        [-0.757132,0.0,-0.653262],
        [0.0,1.0,0.0],
        [0.653262,0.0,-0.757132],
        [-518.801,9.63972,-411.864]
      ],
      "objLayer": 0,
      "props": []
    },
    "flt_tank_spot_61": {
      "type": "Point",
      "tm": [
        [0.703814,0.0,-0.710385],
        [0.0,1.0,0.0],
        [0.710385,0.0,0.703814],
        [-615.662,17.5964,-509.563]
      ],
      "objLayer": 0,
      "props": []
    },
    "flt_tank_spot_62": {
      "type": "Point",
      "tm": [
        [0.370641,0.0,-0.928776],
        [0.0,1.0,0.0],
        [0.928776,0.0,0.370641],
        [-1196.15,64.703,-865.006]
      ],
      "objLayer": 0,
      "props": []
    },
    "flt_tank_spot_63": {
      "type": "Point",
      "tm": [
        [0.931325,0.0,0.36419],
        [0.0,1.0,0.0],
        [-0.36419,0.0,0.931325],
        [-1485.7,131.557,-1739.39]
      ],
      "objLayer": 0,
      "props": []
    },
    "flt_tank_spot_64": {
      "type": "Point",
      "tm": [
        [0.0686659,0.0,-0.99764],
        [0.0,1.0,0.0],
        [0.99764,0.0,0.0686659],
        [-1435.04,128.411,-1743.82]
      ],
      "objLayer": 0,
      "props": []
    },
    "flt_tank_spot_65": {
      "type": "Point",
      "tm": [
        [-0.997415,0.0,0.0718609],
        [0.0,1.0,0.0],
        [-0.0718609,0.0,-0.997415],
        [-1266.58,141.382,-2245.26]
      ],
      "objLayer": 0,
      "props": []
    },
    "flt_tank_spot_66": {
      "type": "Point",
      "tm": [
        [0.149945,0.0,0.988694],
        [0.0,1.0,0.0],
        [-0.988694,0.0,0.149945],
        [-2640.36,143.919,-1687.02]
      ],
      "objLayer": 0,
      "props": []
    },
    "flt_tank_spot_67": {
      "type": "Point",
      "tm": [
        [-0.10026,0.0,-0.994961],
        [0.0,1.0,0.0],
        [0.994961,0.0,-0.10026],
        [-2230.76,166.686,-3557.89]
      ],
      "objLayer": 0,
      "props": []
    },
    "flt_tank_spot_68": {
      "type": "Point",
      "tm": [
        [0.905717,0.0,0.423883],
        [0.0,1.0,0.0],
        [-0.423883,0.0,0.905717],
        [-3048.95,141.27,-4742.69]
      ],
      "objLayer": 0,
      "props": []
    },
    "flt_tank_spot_69": {
      "type": "Point",
      "tm": [
        [0.96853,0.0,-0.248896],
        [0.0,1.0,0.0],
        [0.248896,0.0,0.96853],
        [-339.56,160.032,-5153.13]
      ],
      "objLayer": 0,
      "props": []
    },
    "flt_tank_spot_70": {
      "type": "Point",
      "tm": [
        [-0.939981,0.0,0.341226],
        [0.0,1.0,0.0],
        [-0.341226,0.0,-0.939981],
        [-295.955,160.067,-5635.35]
      ],
      "objLayer": 0,
      "props": []
    },
    "flt_tank_spot_71": {
      "type": "Point",
      "tm": [
        [-0.969173,0.0,0.246381],
        [0.0,1.0,0.0],
        [-0.246381,0.0,-0.969173],
        [-659.242,158.635,-5667.92]
      ],
      "objLayer": 0,
      "props": []
    },
    "flt_tank_spot_72": {
      "type": "Point",
      "tm": [
        [0.933187,0.0,0.35939],
        [0.0,1.0,0.0],
        [-0.35939,0.0,0.933187],
        [-3153.96,78.3575,-21876.7]
      ],
      "objLayer": 0,
      "props": []
    },
    "flt_tank_spot_73": {
      "type": "Point",
      "tm": [
        [0.293885,0.0,0.955841],
        [0.0,1.0,0.0],
        [-0.955841,0.0,0.293885],
        [-18493.0,70.8865,-22309.6]
      ],
      "objLayer": 0,
      "props": []
    },
    "flt_tank_spot_74": {
      "type": "Point",
      "tm": [
        [-0.306297,0.0,0.951936],
        [0.0,1.0,0.0],
        [-0.951936,0.0,-0.306297],
        [-18620.4,74.4314,-21525.6]
      ],
      "objLayer": 0,
      "props": []
    },
    "flt_tank_spot_75": {
      "type": "Point",
      "tm": [
        [0.99957,0.0,0.029331],
        [0.0,1.0,0.0],
        [-0.029331,0.0,0.99957],
        [-18909.7,71.5518,-21787.0]
      ],
      "objLayer": 0,
      "props": []
    },
    "flt_tank_spot_76": {
      "type": "Point",
      "tm": [
        [0.118583,0.0,0.992944],
        [0.0,1.0,0.0],
        [-0.992944,0.0,0.118583],
        [-11515.9,132.252,-8616.07]
      ],
      "objLayer": 0,
      "props": []
    },
    "flt_tank_spot_77": {
      "type": "Point",
      "tm": [
        [-0.193869,0.0,-0.981027],
        [0.0,1.0,0.0],
        [0.981027,0.0,-0.193869],
        [-11805.7,132.34,-7508.98]
      ],
      "objLayer": 0,
      "props": []
    },
    "flt_tank_spot_78": {
      "type": "Point",
      "tm": [
        [0.755706,0.0,0.654911],
        [0.0,1.0,0.0],
        [-0.654911,0.0,0.755706],
        [-16679.4,14.9408,-2062.32]
      ],
      "objLayer": 0,
      "props": []
    },
    "flt_tank_spot_79": {
      "type": "Point",
      "tm": [
        [-0.525753,0.0,-0.850637],
        [0.0,1.0,0.0],
        [0.850637,0.0,-0.525753],
        [-15754.3,11.2999,-486.529]
      ],
      "objLayer": 0,
      "props": []
    },
    "flt_tank_spot_80": {
      "type": "Point",
      "tm": [
        [-0.387033,0.0,-0.922066],
        [0.0,1.0,0.0],
        [0.922066,0.0,-0.387033],
        [-16365.9,17.5521,-207.976]
      ],
      "objLayer": 0,
      "props": []
    },
    "flt_tank_spot_81": {
      "type": "Point",
      "tm": [
        [-0.861898,0.0,-0.507082],
        [0.0,1.0,0.0],
        [0.507082,0.0,-0.861898],
        [-19208.1,62.4502,12082.7]
      ],
      "objLayer": 0,
      "props": []
    },
    "flt_tank_spot_82": {
      "type": "Point",
      "tm": [
        [0.787597,0.0,-0.616191],
        [0.0,1.0,0.0],
        [0.616191,0.0,0.787597],
        [-20681.1,72.3983,12788.0]
      ],
      "objLayer": 0,
      "props": []
    },
    "flt_tank_spot_83": {
      "type": "Point",
      "tm": [
        [-0.995844,0.0,-0.0910791],
        [0.0,1.0,0.0],
        [0.0910791,0.0,-0.995844],
        [-19437.8,64.8839,13225.3]
      ],
      "objLayer": 0,
      "props": []
    },
    "flt_tank_spot_84": {
      "type": "Point",
      "tm": [
        [-0.992353,0.0,0.123431],
        [0.0,1.0,0.0],
        [-0.123431,0.0,-0.992353],
        [-26841.5,8.97961,22150.9]
      ],
      "objLayer": 0,
      "props": []
    },
    "flt_tank_spot_85": {
      "type": "Point",
      "tm": [
        [0.146258,0.0,-0.989246],
        [0.0,1.0,0.0],
        [0.989246,0.0,0.146258],
        [-27184.2,4.50946,21975.9]
      ],
      "objLayer": 0,
      "props": []
    },
    "flt_tank_spot_86": {
      "type": "Point",
      "tm": [
        [-0.976845,0.0,-0.213947],
        [0.0,1.0,0.0],
        [0.213947,0.0,-0.976845],
        [-27561.8,7.07835,20741.1]
      ],
      "objLayer": 0,
      "props": []
    },
    "flt_tank_spot_87": {
      "type": "Point",
      "tm": [
        [0.245884,0.0,0.969299],
        [0.0,1.0,0.0],
        [-0.969299,0.0,0.245884],
        [-27542.8,6.20637,20873.5]
      ],
      "objLayer": 0,
      "props": []
    },
    "flt_tank_spot_01": {
      "type": "Point",
      "tm": [
        [-0.819223,0.0,-0.573475],
        [0.0,1.0,0.0],
        [0.573475,0.0,-0.819223],
        [39752.9,67.307,31125.2]
      ],
      "objLayer": 0,
      "props": []
    }
  },
  "objLayers": [
    {
      "layer": {
        "enabled": true
      }
    },
    {
      "layer": {
        "enabled": true
      }
    },
    {
      "layer": {
        "enabled": true
      }
    },
    {
      "layer": {
        "enabled": true
      }
    }
  ],
  "wayPoints": {
    "flt_tank_road_02": {
      "closed_waypoints": false,
      "isShipSpline": false,
      "shipTurnRadius": 100.0,
      "way": {
        "way_points_02_wp_01": {
          "type": "normal",
          "tm": [
            [1.0,0.0,0.0],
            [0.0,1.0,0.0],
            [0.0,0.0,1.0],
            [39807.3,100.898,-9344.31]
          ],
          "props": {
            "speed": 30.0,
            "tas": false,
            "moveType": "GATHER_TO",
            "shouldKeepFormation": false,
            "canUsePathFinder": false
          }
        },
        "flt_tank_road_02_wp_01": {
          "type": "normal",
          "tm": [
            [1.0,0.0,0.0],
            [0.0,1.0,0.0],
            [0.0,0.0,1.0],
            [39944.7,102.034,-9431.22]
          ],
          "props": {
            "speed": 30.0,
            "tas": false,
            "moveType": "USE_SPLINES",
            "shouldKeepFormation": false,
            "canUsePathFinder": false
          }
        },
        "flt_tank_road_02_wp_02": {
          "type": "normal",
          "tm": [
            [1.0,0.0,0.0],
            [0.0,1.0,0.0],
            [0.0,0.0,1.0],
            [39615.4,120.495,-9661.88]
          ],
          "props": {
            "speed": 30.0,
            "tas": false,
            "moveType": "USE_SPLINES",
            "shouldKeepFormation": false,
            "canUsePathFinder": false
          }
        },
        "flt_tank_road_02_wp_03": {
          "type": "normal",
          "tm": [
            [1.0,0.0,0.0],
            [0.0,1.0,0.0],
            [0.0,0.0,1.0],
            [39692.5,100.57,-9358.73]
          ],
          "props": {
            "speed": 30.0,
            "tas": false,
            "moveType": "USE_SPLINES",
            "shouldKeepFormation": false,
            "canUsePathFinder": false
          }
        },
        "flt_tank_road_02_wp_04": {
          "type": "normal",
          "tm": [
            [1.0,0.0,0.0],
            [0.0,1.0,0.0],
            [0.0,0.0,1.0],
            [39719.8,103.194,-9297.58]
          ],
          "props": {
            "speed": 30.0,
            "tas": false,
            "moveType": "MOVETO_STRAIGHT",
            "shouldKeepFormation": false,
            "canUsePathFinder": false
          }
        }
      }
    },
    "flt_tank_road_04": {
      "closed_waypoints": false,
      "isShipSpline": false,
      "shipTurnRadius": 100.0,
      "way": {
        "flt_tank_road_04_wp_00": {
          "type": "normal",
          "tm": [
            [1.0,0.0,0.0],
            [0.0,1.0,0.0],
            [0.0,0.0,1.0],
            [39657.9,120.421,-9479.65]
          ],
          "props": {
            "speed": 30.0,
            "tas": false,
            "moveType": "GATHER_TO",
            "shouldKeepFormation": false,
            "canUsePathFinder": false
          }
        },
        "flt_tank_road_04_wp_01": {
          "type": "normal",
          "tm": [
            [1.0,0.0,0.0],
            [0.0,1.0,0.0],
            [0.0,0.0,1.0],
            [39616.4,120.5,-9658.47]
          ],
          "props": {
            "speed": 30.0,
            "tas": false,
            "moveType": "USE_SPLINES",
            "shouldKeepFormation": false,
            "canUsePathFinder": false
          }
        },
        "flt_tank_road_04_wp_02": {
          "type": "normal",
          "tm": [
            [1.0,0.0,0.0],
            [0.0,1.0,0.0],
            [0.0,0.0,1.0],
            [39389.9,85.4906,-10478.0]
          ],
          "props": {
            "speed": 30.0,
            "tas": false,
            "moveType": "USE_SPLINES",
            "shouldKeepFormation": false,
            "canUsePathFinder": false
          }
        },
        "flt_tank_road_04_wp_03": {
          "type": "normal",
          "tm": [
            [1.0,0.0,0.0],
            [0.0,1.0,0.0],
            [0.0,0.0,1.0],
            [38719.3,83.5481,-10012.0]
          ],
          "props": {
            "speed": 30.0,
            "tas": false,
            "moveType": "USE_SPLINES",
            "shouldKeepFormation": false,
            "canUsePathFinder": false
          }
        },
        "flt_tank_road_04_wp_04": {
          "type": "normal",
          "tm": [
            [1.0,0.0,0.0],
            [0.0,1.0,0.0],
            [0.0,0.0,1.0],
            [39689.1,100.464,-9358.28]
          ],
          "props": {
            "speed": 30.0,
            "tas": false,
            "moveType": "USE_SPLINES",
            "shouldKeepFormation": false,
            "canUsePathFinder": false
          }
        },
        "flt_tank_road_04_wp_05": {
          "type": "normal",
          "tm": [
            [1.0,0.0,0.0],
            [0.0,1.0,0.0],
            [0.0,0.0,1.0],
            [39698.8,102.197,-9307.33]
          ],
          "props": {
            "speed": 30.0,
            "tas": false,
            "moveType": "MOVETO_STRAIGHT",
            "shouldKeepFormation": false,
            "canUsePathFinder": false
          }
        }
      }
    },
    "flt_tank_road_05": {
      "closed_waypoints": false,
      "isShipSpline": false,
      "shipTurnRadius": 100.0,
      "way": {
        "flt_tank_road_05_wp_01": {
          "type": "normal",
          "tm": [
            [1.0,0.0,0.0],
            [0.0,1.0,0.0],
            [0.0,0.0,1.0],
            [21603.5,61.2612,9805.48]
          ],
          "props": {
            "speed": 30.0,
            "tas": false,
            "moveType": "GATHER_TO",
            "shouldKeepFormation": false,
            "canUsePathFinder": false
          }
        },
        "flt_tank_road_05_wp_02": {
          "type": "normal",
          "tm": [
            [1.0,0.0,0.0],
            [0.0,1.0,0.0],
            [0.0,0.0,1.0],
            [22242.6,30.2108,10138.4]
          ],
          "props": {
            "speed": 30.0,
            "tas": false,
            "moveType": "USE_SPLINES",
            "shouldKeepFormation": false,
            "canUsePathFinder": false
          }
        },
        "flt_tank_road_05_wp_03": {
          "type": "normal",
          "tm": [
            [1.0,0.0,0.0],
            [0.0,1.0,0.0],
            [0.0,0.0,1.0],
            [22785.8,24.7473,10413.0]
          ],
          "props": {
            "speed": 30.0,
            "tas": false,
            "moveType": "USE_SPLINES",
            "shouldKeepFormation": false,
            "canUsePathFinder": false
          }
        },
        "flt_tank_road_05_wp_04": {
          "type": "normal",
          "tm": [
            [1.0,0.0,0.0],
            [0.0,1.0,0.0],
            [0.0,0.0,1.0],
            [23265.7,10.109,10587.1]
          ],
          "props": {
            "speed": 30.0,
            "tas": false,
            "moveType": "USE_SPLINES",
            "shouldKeepFormation": false,
            "canUsePathFinder": false
          }
        },
        "flt_tank_road_05_wp_05": {
          "type": "normal",
          "tm": [
            [1.0,0.0,0.0],
            [0.0,1.0,0.0],
            [0.0,0.0,1.0],
            [23685.9,3.32689,10756.9]
          ],
          "props": {
            "speed": 30.0,
            "tas": false,
            "moveType": "USE_SPLINES",
            "shouldKeepFormation": false,
            "canUsePathFinder": false
          }
        },
        "flt_tank_road_05_wp_06": {
          "type": "normal",
          "tm": [
            [1.0,0.0,0.0],
            [0.0,1.0,0.0],
            [0.0,0.0,1.0],
            [23724.0,4.71036,10635.2]
          ],
          "props": {
            "speed": 30.0,
            "tas": false,
            "moveType": "MOVETO_STRAIGHT",
            "shouldKeepFormation": false,
            "canUsePathFinder": false
          }
        }
      }
    },
    "flt_tank_road_06": {
      "closed_waypoints": false,
      "isShipSpline": false,
      "shipTurnRadius": 100.0,
      "way": {
        "flt_tank_road_06_wp_01": {
          "type": "normal",
          "tm": [
            [1.0,0.0,0.0],
            [0.0,1.0,0.0],
            [0.0,0.0,1.0],
            [21519.3,75.1707,9607.85]
          ],
          "props": {
            "speed": 30.0,
            "tas": false,
            "moveType": "GATHER_TO",
            "shouldKeepFormation": false,
            "canUsePathFinder": false
          }
        },
        "flt_tank_road_06_wp_02": {
          "type": "normal",
          "tm": [
            [1.0,0.0,0.0],
            [0.0,1.0,0.0],
            [0.0,0.0,1.0],
            [22197.1,43.0846,9773.44]
          ],
          "props": {
            "speed": 30.0,
            "tas": false,
            "moveType": "USE_SPLINES",
            "shouldKeepFormation": false,
            "canUsePathFinder": false
          }
        },
        "flt_tank_road_06_wp_03": {
          "type": "normal",
          "tm": [
            [1.0,0.0,0.0],
            [0.0,1.0,0.0],
            [0.0,0.0,1.0],
            [22648.8,33.1509,9600.84]
          ],
          "props": {
            "speed": 30.0,
            "tas": false,
            "moveType": "USE_SPLINES",
            "shouldKeepFormation": false,
            "canUsePathFinder": false
          }
        },
        "flt_tank_road_06_wp_04": {
          "type": "normal",
          "tm": [
            [1.0,0.0,0.0],
            [0.0,1.0,0.0],
            [0.0,0.0,1.0],
            [22201.1,42.974,9774.06]
          ],
          "props": {
            "speed": 30.0,
            "tas": false,
            "moveType": "USE_SPLINES",
            "shouldKeepFormation": false,
            "canUsePathFinder": false
          }
        },
        "flt_tank_road_06_wp_05": {
          "type": "normal",
          "tm": [
            [1.0,0.0,0.0],
            [0.0,1.0,0.0],
            [0.0,0.0,1.0],
            [22131.9,44.1598,9786.05]
          ],
          "props": {
            "speed": 30.0,
            "tas": false,
            "moveType": "MOVETO_STRAIGHT",
            "shouldKeepFormation": false,
            "canUsePathFinder": false
          }
        }
      }
    },
    "flt_tank_road_07": {
      "closed_waypoints": false,
      "isShipSpline": false,
      "shipTurnRadius": 100.0,
      "way": {
        "flt_tank_road_07_wp_01": {
          "type": "normal",
          "tm": [
            [1.0,0.0,0.0],
            [0.0,1.0,0.0],
            [0.0,0.0,1.0],
            [22400.6,29.5732,10130.5]
          ],
          "props": {
            "speed": 30.0,
            "tas": false,
            "moveType": "GATHER_TO",
            "shouldKeepFormation": false,
            "canUsePathFinder": false
          }
        },
        "flt_tank_road_07_wp_02": {
          "type": "normal",
          "tm": [
            [1.0,0.0,0.0],
            [0.0,1.0,0.0],
            [0.0,0.0,1.0],
            [22972.7,21.7534,10026.4]
          ],
          "props": {
            "speed": 30.0,
            "tas": false,
            "moveType": "USE_SPLINES",
            "shouldKeepFormation": false,
            "canUsePathFinder": false
          }
        },
        "flt_tank_road_07_wp_03": {
          "type": "normal",
          "tm": [
            [1.0,0.0,0.0],
            [0.0,1.0,0.0],
            [0.0,0.0,1.0],
            [23300.6,15.5236,10088.1]
          ],
          "props": {
            "speed": 30.0,
            "tas": false,
            "moveType": "USE_SPLINES",
            "shouldKeepFormation": false,
            "canUsePathFinder": false
          }
        },
        "flt_tank_road_07_wp_04": {
          "type": "normal",
          "tm": [
            [1.0,0.0,0.0],
            [0.0,1.0,0.0],
            [0.0,0.0,1.0],
            [23223.5,22.0122,9781.59]
          ],
          "props": {
            "speed": 30.0,
            "tas": false,
            "moveType": "USE_SPLINES",
            "shouldKeepFormation": false,
            "canUsePathFinder": false
          }
        },
        "flt_tank_road_07_wp_05": {
          "type": "normal",
          "tm": [
            [1.0,0.0,0.0],
            [0.0,1.0,0.0],
            [0.0,0.0,1.0],
            [22949.3,26.9976,9713.26]
          ],
          "props": {
            "speed": 30.0,
            "tas": false,
            "moveType": "USE_SPLINES",
            "shouldKeepFormation": false,
            "canUsePathFinder": false
          }
        },
        "flt_tank_road_07_wp_06": {
          "type": "normal",
          "tm": [
            [1.0,0.0,0.0],
            [0.0,1.0,0.0],
            [0.0,0.0,1.0],
            [22974.7,21.6894,10025.9]
          ],
          "props": {
            "speed": 30.0,
            "tas": false,
            "moveType": "USE_SPLINES",
            "shouldKeepFormation": false,
            "canUsePathFinder": false
          }
        },
        "flt_tank_road_07_wp_07": {
          "type": "normal",
          "tm": [
            [1.0,0.0,0.0],
            [0.0,1.0,0.0],
            [0.0,0.0,1.0],
            [22953.1,22.7775,10072.9]
          ],
          "props": {
            "speed": 30.0,
            "tas": false,
            "moveType": "MOVETO_STRAIGHT",
            "shouldKeepFormation": false,
            "canUsePathFinder": false
          }
        }
      }
    },
    "flt_tank_road_08": {
      "closed_waypoints": false,
      "isShipSpline": false,
      "shipTurnRadius": 100.0,
      "way": {
        "flt_tank_road_08_wp_01": {
          "type": "normal",
          "tm": [
            [1.0,0.0,0.0],
            [0.0,1.0,0.0],
            [0.0,0.0,1.0],
            [23417.8,15.1382,10126.5]
          ],
          "props": {
            "speed": 30.0,
            "tas": false,
            "moveType": "GATHER_TO",
            "shouldKeepFormation": false,
            "canUsePathFinder": false
          }
        },
        "flt_tank_road_08_wp_02": {
          "type": "normal",
          "tm": [
            [1.0,0.0,0.0],
            [0.0,1.0,0.0],
            [0.0,0.0,1.0],
            [23499.0,12.6198,10094.9]
          ],
          "props": {
            "speed": 30.0,
            "tas": false,
            "moveType": "USE_SPLINES",
            "shouldKeepFormation": false,
            "canUsePathFinder": false
          }
        },
        "flt_tank_road_08_wp_03": {
          "type": "normal",
          "tm": [
            [1.0,0.0,0.0],
            [0.0,1.0,0.0],
            [0.0,0.0,1.0],
            [23634.9,17.4675,9595.03]
          ],
          "props": {
            "speed": 30.0,
            "tas": false,
            "moveType": "USE_SPLINES",
            "shouldKeepFormation": false,
            "canUsePathFinder": false
          }
        },
        "flt_tank_road_08_wp_04": {
          "type": "normal",
          "tm": [
            [1.0,0.0,0.0],
            [0.0,1.0,0.0],
            [0.0,0.0,1.0],
            [23225.2,21.9891,9781.57]
          ],
          "props": {
            "speed": 30.0,
            "tas": false,
            "moveType": "USE_SPLINES",
            "shouldKeepFormation": false,
            "canUsePathFinder": false
          }
        },
        "flt_tank_road_08_wp_05": {
          "type": "normal",
          "tm": [
            [1.0,0.0,0.0],
            [0.0,1.0,0.0],
            [0.0,0.0,1.0],
            [23301.3,15.5313,10087.0]
          ],
          "props": {
            "speed": 30.0,
            "tas": false,
            "moveType": "USE_SPLINES",
            "shouldKeepFormation": false,
            "canUsePathFinder": false
          }
        },
        "flt_tank_road_08_wp_06": {
          "type": "normal",
          "tm": [
            [1.0,0.0,0.0],
            [0.0,1.0,0.0],
            [0.0,0.0,1.0],
            [23287.6,15.0322,10129.9]
          ],
          "props": {
            "speed": 30.0,
            "tas": false,
            "moveType": "MOVETO_STRAIGHT",
            "shouldKeepFormation": false,
            "canUsePathFinder": false
          }
        }
      }
    },
    "flt_tank_road_09": {
      "closed_waypoints": false,
      "isShipSpline": false,
      "shipTurnRadius": 100.0,
      "way": {
        "flt_tank_road_09_wp_01": {
          "type": "normal",
          "tm": [
            [1.0,0.0,0.0],
            [0.0,1.0,0.0],
            [0.0,0.0,1.0],
            [22971.7,28.0221,9643.92]
          ],
          "props": {
            "speed": 30.0,
            "tas": false,
            "moveType": "GATHER_TO",
            "shouldKeepFormation": false,
            "canUsePathFinder": false
          }
        },
        "flt_tank_road_09_wp_02": {
          "type": "normal",
          "tm": [
            [1.0,0.0,0.0],
            [0.0,1.0,0.0],
            [0.0,0.0,1.0],
            [22947.5,27.0671,9710.84]
          ],
          "props": {
            "speed": 30.0,
            "tas": false,
            "moveType": "USE_SPLINES",
            "shouldKeepFormation": false,
            "canUsePathFinder": false
          }
        },
        "flt_tank_road_09_wp_03": {
          "type": "normal",
          "tm": [
            [1.0,0.0,0.0],
            [0.0,1.0,0.0],
            [0.0,0.0,1.0],
            [22974.5,21.6727,10023.6]
          ],
