{
  "selected_tag": "",
  "bin_dump_file": "",
  "mission_settings": {
    "player": [
      {
        "army": 1
      },
      {
        "wing": "player_tank02"
      },
      {
        "wing": "player_tank03"
      },
      {
        "wing": "player_tank04"
      },
      {
        "wing": "player_tank05"
      },
      {
        "wing": "player_tank06"
      },
      {
        "wing": "player_tank07"
      },
      {
        "wing": "player_tank08"
      },
      {
        "wing": "player_tank09"
      }
    ],
    "player_teamB": {
      "army": 2
    },
    "mission": {
      "level": "levels/avg_ardennes.bin",
      "type": "domination",
      "restoreType": "attempts",
      "optionalTakeOff": false,
      "environment": "Day",
      "weather": "hazy",
      "nameKillStreaks": "killStreaks_survival_event_aircraftOrHelicopter",
      "gt_mp_tickets": true,
      "gt_mp_capture": true,
      "gt_reload_explosives": false,
      "timeLimit": 60,
      "deathPenaltyMul": 0.0,
      "ctaCaptureZoneEqualPenaltyMul": 0.0,
      "useAlternativeMapCoord": false,
      "remapAiTankModels": false,
      "allowEmptyTeams": true,
      "country_axis": "germany",
      "country_allies": "ussr"
    },
    "spectator_points": []
  },
  "imports": [],
  "triggers": {
    "isCategory": true,
    "is_enabled": true
  },
  "mission_objectives": {
    "isCategory": true,
    "is_enabled": true
  },
  "variables": [],
  "dialogs": [],
  "airfields": [],
  "effects": [],
  "units": [
    {
      "objectGroups": {
        "name": "trenches01",
        "tm": [
          [-0.724513,0.0,0.689262],
          [0.0,1.0,0.0],
          [-0.689262,0.0,-0.724513],
          [1640.15,314.4,1630.1]
        ],
        "unit_class": "det_trench_half_a",
        "objLayer": 2,
        "props": {
          "army": 2,
          "active": true
        }
      }
    },
    {
      "objectGroups": {
        "name": "trenches04",
        "tm": [
          [-0.824338,0.0110961,-0.565988],
          [0.0202365,0.999746,-0.00987375],
          [0.565736,-0.0195929,-0.824354],
          [1424.79,316.821,1603.38]
        ],
        "unit_class": "det_trench_half_a",
        "objLayer": 2,
        "props": {
          "army": 2,
          "active": true
        }
      }
    },
    {
      "objectGroups": {
        "name": "trenches05",
        "tm": [
          [0.468075,0.030288,0.883169],
          [0.00382428,0.999333,-0.0362986],
          [-0.883681,0.020368,0.467648],
          [1645.0,312.5,1552.4]
        ],
        "unit_class": "det_trench_system_e",
        "objLayer": 2,
        "props": {
          "army": 2,
          "active": true
        }
      }
    },
    {
      "objectGroups": {
        "name": "objectGroups_02",
        "tm": [
          [-0.5362,0.0,0.844091],
          [0.0,1.0,0.0],
          [-0.844091,0.0,-0.5362],
          [1936.88,303.145,1317.59]
        ],
        "unit_class": "noTreeObjectGroup100",
        "objLayer": 2,
        "props": {
          "army": 2,
          "active": true
        }
      }
    },
    {
      "objectGroups": {
        "name": "objectGroups_03",
        "tm": [
          [-0.5362,0.0,0.844091],
          [0.0,1.0,0.0],
          [-0.844091,0.0,-0.5362],
          [1918.32,306.59,1167.01]
        ],
        "unit_class": "noTreeObjectGroup100",
        "objLayer": 2,
        "props": {
          "army": 2,
          "active": true
        }
      }
    },
    {
      "objectGroups": {
        "name": "objectGroups_04",
        "tm": [
          [0.728616,0.0,0.684923],
          [0.0,1.0,0.0],
          [-0.684923,0.0,0.728616],
          [2137.81,305.707,1076.1]
        ],
        "unit_class": "noTreeObjectGroup100",
        "objLayer": 2,
        "props": {
          "army": 2,
          "active": true
        }
      }
    },
    {
      "objectGroups": {
        "name": "objectGroups_05",
        "tm": [
          [0.728616,0.0,0.684923],
          [0.0,1.0,0.0],
          [-0.684923,0.0,0.728616],
          [2065.4,302.857,1015.29]
        ],
        "unit_class": "noTreeObjectGroup100",
        "objLayer": 2,
        "props": {
          "army": 2,
          "active": true
        }
      }
    },
    {
      "objectGroups": {
        "name": "objectGroups_18",
        "tm": [
          [-0.870498,0.0,-0.492172],
          [0.0,1.0,0.0],
          [0.492172,0.0,-0.870498],
          [1484.61,308.55,1717.83]
        ],
        "unit_class": "noTreeObjectGroup100",
        "objLayer": 2,
        "props": {
          "army": 2,
          "active": true
        }
      }
    },
    {
      "objectGroups": {
        "name": "objectGroups_19",
        "tm": [
          [-0.992169,0.0,0.1249],
          [0.0,1.0,0.0],
          [-0.1249,0.0,-0.992169],
          [1561.79,308.5,1427.82]
        ],
        "unit_class": "noTreeObjectGroup100",
        "objLayer": 2,
        "props": {
          "army": 2,
          "active": true
        }
      }
    },
    {
      "objectGroups": {
        "name": "objectGroups_20",
        "tm": [
          [-0.903668,0.0,0.428235],
          [0.0,1.0,0.0],
          [-0.428235,0.0,-0.903668],
          [1289.58,326.661,1658.04]
        ],
        "unit_class": "noTreeObjectGroup100",
        "objLayer": 2,
        "props": {
          "army": 2,
          "active": true
        }
      }
    },
    {
      "objectGroups": {
        "name": "objectGroups_22",
        "tm": [
          [-0.927625,0.0,-0.373513],
          [0.0,1.0,0.0],
          [0.373513,0.0,-0.927625],
          [1081.56,326.661,1892.34]
        ],
        "unit_class": "noTreeObjectGroup100",
        "objLayer": 2,
        "props": {
          "army": 2,
          "active": true
        }
      }
    },
    {
      "objectGroups": {
        "name": "objectGroups_23",
        "tm": [
          [-0.860666,0.0,0.509169],
          [0.0,1.0,0.0],
          [-0.509169,0.0,-0.860666],
          [934.621,326.661,1848.5]
        ],
        "unit_class": "noTreeObjectGroup100",
        "objLayer": 2,
        "props": {
          "army": 2,
          "active": true
        }
      }
    },
    {
      "objectGroups": {
        "name": "objectGroups_24",
        "tm": [
          [-0.937258,0.0,-0.348637],
          [0.0,1.0,0.0],
          [0.348637,0.0,-0.937258],
          [1180.59,287.821,2176.18]
        ],
        "unit_class": "noTreeObjectGroup100",
        "objLayer": 2,
        "props": {
          "army": 2,
          "active": true
        }
      }
    },
    {
      "objectGroups": {
        "name": "objectGroups_26",
        "tm": [
          [-0.584511,0.0,0.811386],
          [0.0,1.0,0.0],
          [-0.811386,0.0,-0.584511],
          [1370.08,326.65,2077.0]
        ],
        "unit_class": "noTreeObjectGroup100",
        "objLayer": 2,
        "props": {
          "army": 2,
          "active": true
        }
      }
    },
    {
      "objectGroups": {
        "name": "objectGroups_27",
        "tm": [
          [-0.575263,0.0,0.817969],
          [0.0,1.0,0.0],
          [-0.817969,0.0,-0.575263],
          [1327.37,326.65,1959.88]
        ],
        "unit_class": "noTreeObjectGroup100",
        "objLayer": 2,
        "props": {
          "army": 2,
          "active": true
        }
      }
    },
    {
      "objectGroups": {
        "name": "objectGroups_28",
        "tm": [
          [-0.791393,0.0,0.611308],
          [0.0,1.0,0.0],
          [-0.611308,0.0,-0.791393],
          [1314.65,326.65,2311.05]
        ],
        "unit_class": "noTreeObjectGroup100",
        "objLayer": 2,
        "props": {
          "army": 2,
          "active": true
        }
      }
    },
    {
      "objectGroups": {
        "name": "objectGroups_29",
        "tm": [
          [-0.791393,0.0,0.611308],
          [0.0,1.0,0.0],
          [-0.611308,0.0,-0.791393],
          [1241.1,326.65,2383.25]
        ],
        "unit_class": "noTreeObjectGroup100",
        "objLayer": 2,
        "props": {
          "army": 2,
          "active": true
        }
      }
    },
    {
      "objectGroups": {
        "name": "trenches02",
        "tm": [
          [0.257755,0.0,0.96621],
          [0.0,1.0,0.0],
          [-0.96621,0.0,0.257755],
          [1647.5,313.75,1608.95]
        ],
        "unit_class": "det_trench_half_b",
        "objLayer": 2,
        "props": {
          "army": 2,
          "active": true
        }
      }
    },
    {
      "objectGroups": {
        "name": "trenches06",
        "tm": [
          [0.961455,-0.0319671,0.2731],
          [0.0273016,0.999409,0.0208679],
          [-0.273606,-0.0126075,0.961759],
          [1628.35,312.15,1537.45]
        ],
        "unit_class": "det_trench_half_c",
        "objLayer": 2,
        "props": {
          "army": 2,
          "active": true
        }
      }
    },
    {
      "objectGroups": {
        "name": "trenches07",
        "tm": [
          [-0.585789,0.0596501,-0.808265],
          [0.022379,0.998098,0.0574407],
          [0.810154,0.0155601,-0.58601],
          [1467.24,315.134,1641.8]
        ],
        "unit_class": "det_trench_half_a",
        "objLayer": 2,
        "props": {
          "army": 2,
          "active": true
        }
      }
    },
    {
      "objectGroups": {
        "name": "trenches08",
        "tm": [
          [-0.988896,0.0603806,-0.135789],
          [0.0633848,0.997828,-0.0179061],
          [0.134413,-0.0263142,-0.990576],
          [1485.91,313.9,1653.65]
        ],
        "unit_class": "det_trench_half_b",
        "objLayer": 2,
        "props": {
          "army": 2,
          "active": true
        }
      }
    },
    {
      "objectGroups": {
        "name": "no_tree_box24",
        "tm": [
          [-0.791393,0.0,0.611308],
          [0.0,1.0,0.0],
          [-0.611308,0.0,-0.791393],
          [1207.81,296.22,2469.01]
        ],
        "unit_class": "noTreeObjectGroup100",
        "objLayer": 2,
        "props": {
          "army": 2,
          "active": true
        }
      }
    },
    {
      "objectGroups": {
        "name": "no_tree_box28",
        "tm": [
          [-0.791393,0.0,0.611308],
          [0.0,1.0,0.0],
          [-0.611308,0.0,-0.791393],
          [1137.27,295.635,2404.26]
        ],
        "unit_class": "noTreeObjectGroup100",
        "objLayer": 2,
        "props": {
          "army": 2,
          "active": true
        }
      }
    },
    {
      "objectGroups": {
        "name": "no_tree_box31",
        "tm": [
          [-0.791393,0.0,0.611308],
          [0.0,1.0,0.0],
          [-0.611308,0.0,-0.791393],
          [1112.35,294.684,2329.08]
        ],
        "unit_class": "noTreeObjectGroup100",
        "objLayer": 2,
        "props": {
          "army": 2,
          "active": true
        }
      }
    },
    {
      "objectGroups": {
        "name": "no_tree_box39",
        "tm": [
          [-0.223477,0.0,0.974709],
          [0.0,1.0,0.0],
          [-0.974709,0.0,-0.223477],
          [1102.11,318.991,1060.65]
        ],
        "unit_class": "noTreeObjectGroup100",
        "objLayer": 2,
        "props": {
          "army": 2,
          "active": true
        }
      }
    },
    {
      "objectGroups": {
        "name": "no_tree_box44",
        "tm": [
          [-0.223477,0.0,0.974709],
          [0.0,1.0,0.0],
          [-0.974709,0.0,-0.223477],
          [1067.17,318.464,1154.08]
        ],
        "unit_class": "noTreeObjectGroup100",
        "objLayer": 2,
        "props": {
          "army": 2,
          "active": true
        }
      }
    },
    {
      "objectGroups": {
        "name": "no_tree_box29",
        "tm": [
          [-0.992169,0.0,0.1249],
          [0.0,1.0,0.0],
          [-0.1249,0.0,-0.992169],
          [1649.09,307.069,1381.08]
        ],
        "unit_class": "noTreeObjectGroup100",
        "objLayer": 2,
        "props": {
          "army": 2,
          "active": true
        }
      }
    },
    {
      "objectGroups": {
        "name": "no_tree_box15",
        "tm": [
          [-0.5362,0.0,0.844091],
          [0.0,1.0,0.0],
          [-0.844091,0.0,-0.5362],
          [1845.11,302.844,1326.07]
        ],
        "unit_class": "noTreeObjectGroup100",
        "objLayer": 2,
        "props": {
          "army": 2,
          "active": true
        }
      }
    },
    {
      "objectGroups": {
        "name": "no_tree_box45",
        "tm": [
          [-0.5362,0.0,0.844091],
          [0.0,1.0,0.0],
          [-0.844091,0.0,-0.5362],
          [1999.11,305.365,1219.56]
        ],
        "unit_class": "noTreeObjectGroup100",
        "objLayer": 2,
        "props": {
          "army": 2,
          "active": true
        }
      }
    },
    {
      "objectGroups": {
        "name": "no_tree_box49",
        "tm": [
          [0.728616,0.0,0.684923],
          [0.0,1.0,0.0],
          [-0.684923,0.0,0.728616],
          [1991.05,304.567,951.311]
        ],
        "unit_class": "noTreeObjectGroup100",
        "objLayer": 2,
        "props": {
          "army": 2,
          "active": true
        }
      }
    },
    {
      "objectGroups": {
        "name": "no_tree_box52",
        "tm": [
          [-0.542242,0.0,0.840222],
          [0.0,1.0,0.0],
          [-0.840222,0.0,-0.542242],
          [2080.57,304.645,1271.34]
        ],
        "unit_class": "noTreeObjectGroup100",
        "objLayer": 2,
        "props": {
          "army": 2,
          "active": true
        }
      }
    },
    {
      "objectGroups": {
        "name": "no_tree_box55",
        "tm": [
          [-0.542242,0.0,0.840222],
          [0.0,1.0,0.0],
          [-0.840222,0.0,-0.542242],
          [2148.9,305.553,1227.27]
        ],
        "unit_class": "noTreeObjectGroup100",
        "objLayer": 2,
        "props": {
          "army": 2,
          "active": true
        }
      }
    },
    {
      "objectGroups": {
        "name": "no_tree_box53",
        "tm": [
          [-0.0670954,0.0,0.997747],
          [0.0,1.0,0.0],
          [-0.997747,0.0,-0.0670954],
          [2073.4,294.596,1361.29]
        ],
        "unit_class": "noTreeObjectGroup100",
        "objLayer": 2,
        "props": {
          "army": 2,
          "active": true
        }
      }
    },
    {
      "objectGroups": {
        "name": "no_tree_box59",
        "tm": [
          [-0.0670954,0.0,0.997747],
          [0.0,1.0,0.0],
          [-0.997747,0.0,-0.0670954],
          [2065.2,298.82,1452.25]
        ],
        "unit_class": "noTreeObjectGroup100",
        "objLayer": 2,
        "props": {
          "army": 2,
          "active": true
        }
      }
    },
    {
      "objectGroups": {
        "name": "no_tree_box41",
        "tm": [
          [-0.903668,0.0,0.428235],
          [0.0,1.0,0.0],
          [-0.428235,0.0,-0.903668],
          [1291.63,301.591,1764.55]
        ],
        "unit_class": "noTreeObjectGroup100",
        "objLayer": 2,
        "props": {
          "army": 2,
          "active": true
        }
      }
    },
    {
      "objectGroups": {
        "name": "no_tree_box05",
        "tm": [
          [-0.860666,0.0,0.509169],
          [0.0,1.0,0.0],
          [-0.509169,0.0,-0.860666],
          [966.462,300.208,1945.13]
        ],
        "unit_class": "noTreeObjectGroup100",
        "objLayer": 2,
        "props": {
          "army": 2,
          "active": true
        }
      }
    },
    {
      "objectGroups": {
        "name": "no_tree_box66",
        "tm": [
          [-0.903668,0.0,0.428235],
          [0.0,1.0,0.0],
          [-0.428235,0.0,-0.903668],
          [1220.42,292.821,1839.29]
        ],
        "unit_class": "noTreeObjectGroup100",
        "objLayer": 2,
        "props": {
          "army": 2,
          "active": true
        }
      }
    },
    {
      "objectGroups": {
        "name": "no_tree_box68",
        "tm": [
          [0.621745,0.0,0.78322],
          [0.0,1.0,0.0],
          [-0.78322,0.0,0.621745],
          [918.96,301.513,2168.48]
        ],
        "unit_class": "noTreeObjectGroup100",
        "objLayer": 2,
        "props": {
          "army": 2,
          "active": true
        }
      }
    },
    {
      "objectGroups": {
        "name": "no_tree_box71",
        "tm": [
          [0.621745,0.0,0.78322],
          [0.0,1.0,0.0],
          [-0.78322,0.0,0.621745],
          [988.466,299.597,2115.39]
        ],
        "unit_class": "noTreeObjectGroup100",
        "objLayer": 2,
        "props": {
          "army": 2,
          "active": true
        }
      }
    },
    {
      "objectGroups": {
        "name": "no_tree_box74",
        "tm": [
          [0.621745,0.0,0.78322],
          [0.0,1.0,0.0],
          [-0.78322,0.0,0.621745],
          [1059.42,294.493,2186.48]
        ],
        "unit_class": "noTreeObjectGroup100",
        "objLayer": 2,
        "props": {
          "army": 2,
          "active": true
        }
      }
    },
    {
      "objectGroups": {
        "name": "no_tree_box77",
        "tm": [
          [0.621745,0.0,0.78322],
          [0.0,1.0,0.0],
          [-0.78322,0.0,0.621745],
          [1113.97,292.156,2127.27]
        ],
        "unit_class": "noTreeObjectGroup100",
        "objLayer": 2,
        "props": {
          "army": 2,
          "active": true
        }
      }
    },
    {
      "objectGroups": {
        "name": "no_tree_box08",
        "tm": [
          [-0.575263,0.0,0.817969],
          [0.0,1.0,0.0],
          [-0.817969,0.0,-0.575263],
          [1411.0,292.661,2013.14]
        ],
        "unit_class": "noTreeObjectGroup100",
        "objLayer": 2,
        "props": {
          "army": 2,
          "active": true
        }
      }
    },
    {
      "objectGroups": {
        "name": "no_tree_box79",
        "tm": [
          [0.841198,0.0,0.540727],
          [0.0,1.0,0.0],
          [-0.540727,0.0,0.841198],
          [1272.19,292.145,2043.63]
        ],
        "unit_class": "noTreeObjectGroup100",
        "objLayer": 2,
        "props": {
          "army": 2,
          "active": true
        }
      }
    },
    {
      "objectGroups": {
        "name": "no_tree_box82",
        "tm": [
          [0.662042,0.0,0.749466],
          [0.0,1.0,0.0],
          [-0.749466,0.0,0.662042],
          [1335.2,294.387,2189.82]
        ],
        "unit_class": "noTreeObjectGroup100",
        "objLayer": 2,
        "props": {
          "army": 2,
          "active": true
        }
      }
    },
    {
      "objectGroups": {
        "name": "no_tree_box60",
        "tm": [
          [-0.870498,0.0,-0.492172],
          [0.0,1.0,0.0],
          [0.492172,0.0,-0.870498],
          [1570.29,299.754,1762.16]
        ],
        "unit_class": "noTreeObjectGroup100",
        "objLayer": 2,
        "props": {
          "army": 2,
          "active": true
        }
      }
    },
    {
      "objectGroups": {
        "name": "no_tree_box85",
        "tm": [
          [0.929266,0.0,0.369411],
          [0.0,1.0,0.0],
          [-0.369411,0.0,0.929266],
          [1753.72,307.678,1598.51]
        ],
        "unit_class": "noTreeObjectGroup100",
        "objLayer": 2,
        "props": {
          "army": 2,
          "active": true
        }
      }
    },
    {
      "objectGroups": {
        "name": "no_tree_box88",
        "tm": [
          [0.929266,0.0,0.369411],
          [0.0,1.0,0.0],
          [-0.369411,0.0,0.929266],
          [1689.67,309.46,1526.25]
        ],
        "unit_class": "noTreeObjectGroup100",
        "objLayer": 2,
        "props": {
          "army": 2,
          "active": true
        }
      }
    },
    {
      "objectGroups": {
        "name": "no_tree_box91",
        "tm": [
          [0.929266,0.0,0.369411],
          [0.0,1.0,0.0],
          [-0.369411,0.0,0.929266],
          [1644.49,308.767,1464.64]
        ],
        "unit_class": "noTreeObjectGroup100",
        "objLayer": 2,
        "props": {
          "army": 2,
          "active": true
        }
      }
    },
    {
      "objectGroups": {
        "name": "no_tree_box97",
        "tm": [
          [0.998814,0.0,0.0486784],
          [0.0,1.0,0.0],
          [-0.0486784,0.0,0.998814],
          [1670.1,308.097,1738.55]
        ],
        "unit_class": "noTreeObjectGroup100",
        "objLayer": 2,
        "props": {
          "army": 2,
          "active": true
        }
      }
    },
    {
      "objectGroups": {
        "name": "no_tree_box72",
        "tm": [
          [-0.0670954,0.0,0.997747],
          [0.0,1.0,0.0],
          [-0.997747,0.0,-0.0670954],
          [2289.59,294.596,1404.84]
        ],
        "unit_class": "noTreeObjectGroup100",
        "objLayer": 2,
        "props": {
          "army": 2,
          "active": true
        }
      }
    },
    {
      "objectGroups": {
        "name": "no_tree_box89",
        "tm": [
          [-0.0670954,0.0,0.997747],
          [0.0,1.0,0.0],
          [-0.997747,0.0,-0.0670954],
          [2296.49,294.596,1309.54]
        ],
        "unit_class": "noTreeObjectGroup100",
        "objLayer": 2,
        "props": {
          "army": 2,
          "active": true
        }
      }
    },
    {
      "objectGroups": {
        "name": "no_tree_box98",
        "tm": [
          [0.26555,0.0,0.964097],
          [0.0,1.0,0.0],
          [-0.964097,0.0,0.26555],
          [2299.69,294.596,1262.05]
        ],
        "unit_class": "noTreeObjectGroup100",
        "objLayer": 2,
        "props": {
          "army": 2,
          "active": true
        }
      }
    },
    {
      "objectGroups": {
        "name": "no_tree_box32",
        "tm": [
          [-0.5362,0.0,0.844091],
          [0.0,1.0,0.0],
          [-0.844091,0.0,-0.5362],
          [1849.42,306.59,1121.61]
        ],
        "unit_class": "noTreeObjectGroup100",
        "objLayer": 2,
        "props": {
          "army": 2,
          "active": true
        }
      }
    },
    {
      "objectGroups": {
        "name": "no_tree_box100",
        "tm": [
          [0.662042,0.0,0.749466],
          [0.0,1.0,0.0],
          [-0.749466,0.0,0.662042],
          [1406.95,294.387,2129.73]
        ],
        "unit_class": "noTreeObjectGroup100",
        "objLayer": 2,
        "props": {
          "army": 2,
          "active": true
        }
      }
    },
    {
      "objectGroups": {
        "name": "no_tree_box103",
        "tm": [
          [0.662042,0.0,0.749466],
          [0.0,1.0,0.0],
          [-0.749466,0.0,0.662042],
          [1482.94,294.387,2074.11]
        ],
        "unit_class": "noTreeObjectGroup100",
        "objLayer": 2,
        "props": {
          "army": 2,
          "active": true
        }
      }
    },
    {
      "objectGroups": {
        "name": "no_tree_box106",
        "tm": [
          [0.662042,0.0,0.749466],
          [0.0,1.0,0.0],
          [-0.749466,0.0,0.662042],
          [1509.88,294.387,2051.55]
        ],
        "unit_class": "noTreeObjectGroup100",
        "objLayer": 2,
        "props": {
          "army": 2,
          "active": true
        }
      }
    },
    {
      "objectGroups": {
        "name": "no_tree_box104",
        "tm": [
          [0.621745,0.0,0.78322],
          [0.0,1.0,0.0],
          [-0.78322,0.0,0.621745],
          [1111.56,294.493,2237.06]
        ],
        "unit_class": "noTreeObjectGroup100",
        "objLayer": 2,
        "props": {
          "army": 2,
          "active": true
        }
      }
    },
    {
      "objectGroups": {
        "name": "no_tree_box56",
        "tm": [
          [-0.223477,0.0,0.974709],
          [0.0,1.0,0.0],
          [-0.974709,0.0,-0.223477],
          [1256.55,318.45,1258.9]
        ],
        "unit_class": "noTreeObjectGroup100",
        "objLayer": 2,
        "props": {
          "army": 2,
          "active": true
        }
      }
    },
    {
      "objectGroups": {
        "name": "no_tree_box62",
        "tm": [
          [-0.223477,0.0,0.974709],
          [0.0,1.0,0.0],
          [-0.974709,0.0,-0.223477],
          [1244.9,318.45,1153.55]
        ],
        "unit_class": "noTreeObjectGroup100",
        "objLayer": 2,
        "props": {
          "army": 2,
          "active": true
        }
      }
    },
    {
      "objectGroups": {
        "name": "no_tree_box69",
        "tm": [
          [-0.223477,0.0,0.974709],
          [0.0,1.0,0.0],
          [-0.974709,0.0,-0.223477],
          [1040.55,318.45,1208.45]
        ],
        "unit_class": "noTreeObjectGroup100",
        "objLayer": 2,
        "props": {
          "army": 2,
          "active": true
        }
      }
    },
    {
      "objectGroups": {
        "name": "no_tree_box86",
        "tm": [
          [-0.223477,0.0,0.974709],
          [0.0,1.0,0.0],
          [-0.974709,0.0,-0.223477],
          [1190.65,318.45,1081.5]
        ],
        "unit_class": "noTreeObjectGroup100",
        "objLayer": 2,
        "props": {
          "army": 2,
          "active": true
        }
      }
    },
    {
      "objectGroups": {
        "name": "no_tree_box107",
        "tm": [
          [-0.223477,0.0,0.974709],
          [0.0,1.0,0.0],
          [-0.974709,0.0,-0.223477],
          [1283.45,318.45,1106.35]
        ],
        "unit_class": "noTreeObjectGroup100",
        "objLayer": 2,
        "props": {
          "army": 2,
          "active": true
        }
      }
    },
    {
      "objectGroups": {
        "name": "no_tree_box110",
        "tm": [
          [-0.421589,0.0,0.906787],
          [0.0,1.0,0.0],
          [-0.906787,0.0,-0.421589],
          [1656.4,318.45,1311.5]
        ],
        "unit_class": "noTreeObjectGroup100",
        "objLayer": 2,
        "props": {
          "army": 2,
          "active": true
        }
      }
    },
    {
      "objectGroups": {
        "name": "helipad",
        "tm": [
          [0.68284,0.0,0.730568],
          [0.0,1.0,0.0],
          [-0.730568,0.0,0.68284],
          [3551.7,291.7,3461.75]
        ],
        "unit_class": "dynHelipad_beton_a_usa",
        "objLayer": 2,
        "props": {
          "army": 1,
          "active": true
        }
      }
    },
    {
      "area_squad": {
        "name": "spaa_spawn_squad",
        "tm": [
          [1.0,0.0,0.0],
          [0.0,1.0,0.0],
          [0.0,0.0,1.0],
          [598.7,302.55,531.25]
        ],
        "props": [
          {
            "squad_members": "spaa_spawn_01"
          },
          {
            "squad_members": "spaa_spawn_02"
          },
          {
            "squad_members": "spaa_spawn_03"
          }
        ]
      }
    }
  ],
  "areas": {
    "safe_zone": {
      "type": "Box",
      "tm": [
        [-400.0,0.0,0.0],
        [0.0,36.9,0.0],
        [0.0,0.0,-400.0],
        [1555.3,301.45,1602.9]
      ],
      "objLayer": 3,
      "props": []
    },
    "draw_safezone_01": {
      "type": "Point",
      "tm": [
        [1.0,0.0,0.0],
        [0.0,1.0,0.0],
        [0.0,0.0,1.0],
        [1755.3,303.914,1402.9]
      ],
      "objLayer": 0,
      "props": []
    },
    "draw_safezone_02": {
      "type": "Point",
      "tm": [
        [1.0,0.0,0.0],
        [0.0,1.0,0.0],
        [0.0,0.0,1.0],
        [1755.3,301.075,1802.9]
      ],
      "objLayer": 0,
      "props": []
    },
    "draw_safezone_03": {
      "type": "Point",
      "tm": [
        [1.0,0.0,0.0],
        [0.0,1.0,0.0],
        [0.0,0.0,1.0],
        [1355.3,300.237,1802.9]
      ],
      "objLayer": 0,
      "props": []
    },
    "draw_safezone_04": {
      "type": "Point",
      "tm": [
        [1.0,0.0,0.0],
        [0.0,1.0,0.0],
        [0.0,0.0,1.0],
        [1355.3,312.8,1402.9]
      ],
      "objLayer": 0,
      "props": []
    },
    "no_tree_box04": {
      "type": "Box",
      "tm": [
        [-56.057,0.0,82.8107],
        [0.0,37.7433,0.0],
        [-82.8107,0.0,-56.057],
        [1329.33,278.702,1955.22]
      ],
      "objLayer": 0,
      "props": []
    },
    "battlearea": {
      "type": "Box",
      "tm": [
        [-2000.0,0.0,0.0],
        [0.0,350.0,0.0],
        [0.0,0.0,-2000.0],
        [1540.8,0.0,1691.41]
      ],
      "objLayer": 3,
      "props": []
    },
    "no_tree_box07": {
      "type": "Box",
      "tm": [
        [-94.3458,0.0,-33.1493],
        [0.0,37.7433,0.0],
        [33.1494,0.0,-94.3457],
        [1176.12,282.464,2173.16]
      ],
      "objLayer": 0,
      "props": []
    },
    "no_tree_box10": {
      "type": "Box",
      "tm": [
        [-54.4601,-0.390695,83.8686],
        [-0.27579,30.157,-0.0385995],
        [-83.8646,-0.836655,-54.4612],
        [1930.9,296.789,1321.14]
      ],
      "objLayer": 0,
      "props": []
    },
    "no_tree_box03": {
      "type": "Box",
      "tm": [
        [-80.6945,0.0,59.0627],
        [0.0,37.7433,0.0],
        [-59.0628,0.0,-80.6944],
        [1314.4,287.842,2306.69]
      ],
      "objLayer": 0,
      "props": []
    },
    "no_tree_box16": {
      "type": "Box",
      "tm": [
        [-98.7641,-0.390696,15.6682],
        [-0.155903,30.157,-0.230747],
        [-15.6645,-0.836654,-98.762],
        [1563.75,296.791,1428.79]
      ],
      "objLayer": 0,
      "props": []
    },
    "no_tree_box17": {
      "type": "Box",
      "tm": [
        [-92.1435,0.0,38.8532],
        [0.0,37.7433,0.0],
        [-38.8532,0.0,-92.1435],
        [1280.51,287.842,1663.24]
      ],
      "objLayer": 0,
      "props": []
    },
    "no_tree_box01": {
      "type": "Box",
      "tm": [
        [-46.4007,0.0,-88.5831],
        [0.0,37.7433,0.0],
        [88.5832,0.0,-46.4007],
        [930.79,282.464,1849.49]
      ],
      "objLayer": 0,
      "props": []
    },
    "no_tree_box18": {
      "type": "Box",
      "tm": [
        [-94.0892,0.0,-33.8705],
        [0.0,37.7433,0.0],
        [33.8706,0.0,-94.0892],
        [1075.78,282.464,1903.81]
      ],
      "objLayer": 0,
      "props": []
    },
    "no_tree_box20": {
      "type": "Box",
      "tm": [
        [-80.6945,0.0,59.0627],
        [0.0,37.7433,0.0],
        [-59.0628,0.0,-80.6944],
        [1244.38,287.842,2379.84]
      ],
      "objLayer": 0,
      "props": []
    },
    "no_tree_box23": {
      "type": "Box",
      "tm": [
        [-88.584,-0.390696,-46.3973],
        [0.0126991,30.157,-0.278188],
        [46.399,-0.836654,-88.5802],
        [1485.97,296.799,1715.94]
      ],
      "objLayer": 0,
      "props": []
    },
    "no_tree_box14": {
      "type": "Box",
      "tm": [
        [-56.9934,0.0,82.1691],
        [0.0,37.7433,0.0],
        [-82.1691,0.0,-56.9934],
        [1368.62,278.702,2075.25]
      ],
      "objLayer": 0,
      "props": []
    },
    "no_tree_box12": {
      "type": "Box",
      "tm": [
        [-54.4601,-0.390695,83.8686],
        [-0.27579,30.157,-0.0385995],
        [-83.8646,-0.836655,-54.4612],
        [1913.18,296.789,1171.89]
      ],
      "objLayer": 0,
      "props": []
    },
    "no_tree_box22": {
      "type": "Box",
      "tm": [
        [75.3686,-0.390695,65.7224],
        [-0.0770322,30.157,0.267612],
        [-65.7229,-0.836655,75.3644],
        [2132.01,305.93,1084.59]
      ],
      "objLayer": 0,
      "props": []
    },
    "no_tree_box36": {
      "type": "Box",
      "tm": [
        [76.9434,-0.390695,63.8714],
        [-0.070506,30.157,0.269405],
        [-63.872,-0.836655,76.9394],
        [2058.98,303.068,1022.61]
      ],
      "objLayer": 0,
      "props": []
    },
    "briefing_enemy_02": {
      "type": "Point",
      "tm": [
        [1.0,0.0,0.0],
        [0.0,1.0,0.0],
        [0.0,0.0,1.0],
        [2315.38,329.25,1326.28]
      ],
      "objLayer": 0,
      "props": []
    },
    "briefing_enemy_03": {
      "type": "Point",
      "tm": [
        [1.0,0.0,0.0],
        [0.0,1.0,0.0],
        [0.0,0.0,1.0],
        [2304.82,329.25,1024.9]
      ],
      "objLayer": 0,
      "props": []
    },
    "briefing_enemy_04": {
      "type": "Point",
      "tm": [
        [1.0,0.0,0.0],
        [0.0,1.0,0.0],
        [0.0,0.0,1.0],
        [967.033,329.25,958.596]
      ],
      "objLayer": 0,
      "props": []
    },
    "briefing_enemy_05": {
      "type": "Point",
      "tm": [
        [1.0,0.0,0.0],
        [0.0,1.0,0.0],
        [0.0,0.0,1.0],
        [711.987,329.25,1943.23]
      ],
      "objLayer": 0,
      "props": []
    },
    "briefing_enemy_06": {
      "type": "Point",
      "tm": [
        [1.0,0.0,0.0],
        [0.0,1.0,0.0],
        [0.0,0.0,1.0],
        [881.034,329.25,2273.75]
      ],
      "objLayer": 0,
      "props": []
    },
    "briefing_enemy_07": {
      "type": "Point",
      "tm": [
        [1.0,0.0,0.0],
        [0.0,1.0,0.0],
        [0.0,0.0,1.0],
        [1260.64,329.25,2495.19]
      ],
      "objLayer": 0,
      "props": []
    },
    "briefing_ally_base": {
      "type": "Point",
      "tm": [
        [1.0,0.0,0.0],
        [0.0,1.0,0.0],
        [0.0,0.0,1.0],
        [1581.65,329.25,1722.05]
      ],
      "objLayer": 0,
      "props": []
    },
    "direction_respawn01": {
      "type": "Sphere",
      "tm": [
        [28.8382,0.0,-95.7515],
        [0.0,100.0,0.0],
        [95.7515,0.0,28.8382],
        [1207.79,303.674,2373.73]
      ],
      "objLayer": 0,
      "props": []
    },
    "direction_respawn02": {
      "type": "Sphere",
      "tm": [
        [91.0103,0.0,-41.4383],
        [0.0,100.0,0.0],
        [41.4383,0.0,91.0103],
        [825.25,274.5,1951.1]
      ],
      "objLayer": 0,
      "props": []
    },
    "direction_respawn03": {
      "type": "Sphere",
      "tm": [
        [-61.285,0.0,79.0199],
        [0.0,100.0,0.0],
        [-79.0199,0.0,-61.285],
        [2048.4,305.185,1028.08]
      ],
      "objLayer": 0,
      "props": []
    },
    "direction_respawn05": {
      "type": "Sphere",
      "tm": [
        [81.0404,0.0,58.5871],
        [0.0,100.0,0.0],
        [-58.5871,0.0,81.0404],
        [1022.59,358.7,1085.41]
      ],
      "objLayer": 0,
      "props": []
    },
    "direction_respawn04": {
      "type": "Sphere",
      "tm": [
        [91.7921,0.0,39.6762],
        [0.0,100.0,0.0],
        [-39.6762,0.0,91.7921],
        [868.406,313.039,1381.51]
      ],
      "objLayer": 0,
      "props": []
    },
    "direction_respawn07": {
      "type": "Sphere",
      "tm": [
        [-98.8964,0.0,14.8156],
        [0.0,100.0,0.0],
        [-14.8156,0.0,-98.8964],
        [2251.69,308.7,1331.96]
      ],
      "objLayer": 0,
      "props": []
    },
    "direction_respawn06": {
      "type": "Sphere",
      "tm": [
        [79.3413,0.0,-60.8684],
        [0.0,100.0,0.0],
        [60.8684,0.0,79.3413],
        [948.0,301.417,2208.9]
      ],
      "objLayer": 0,
      "props": []
    },
    "area10": {
      "type": "Sphere",
      "tm": [
        [-1400.0,0.0,0.0],
        [0.0,1400.0,0.0],
        [0.0,0.0,-1400.0],
        [1555.29,311.868,1602.9]
      ],
      "objLayer": 3,
      "props": []
    },
    "zone10": {
      "type": "Sphere",
      "tm": [
        [7999.75,0.0,-63.4595],
        [0.0,8000.0,0.0],
        [63.4595,0.0,7999.75],
        [1555.3,1000.0,1602.9]
      ],
      "objLayer": 3,
      "props": []
    },
    "enemy_airspawn": {
      "type": "Sphere",
      "tm": [
        [599.998,0.0,1.39913],
        [0.0,600.0,0.0],
        [-1.39913,0.0,599.998],
        [-2452.47,1000.0,1626.71]
      ],
      "objLayer": 3,
      "props": []
    },
    "enemy_safepoint": {
      "type": "Point",
      "tm": [
        [-600.0,0.0,0.0],
        [0.0,600.0,0.0],
        [0.0,0.0,-600.0],
        [13723.7,1000.0,1602.9]
      ],
      "objLayer": 3,
      "props": []
    },
    "briefing_enemy_01": {
      "type": "Point",
      "tm": [
        [1.0,0.0,0.0],
        [0.0,1.0,0.0],
        [0.0,0.0,1.0],
        [2337.49,329.25,2077.37]
      ],
      "objLayer": 0,
      "props": []
    },
    "no_tree_box21": {
      "type": "Box",
      "tm": [
        [-80.6945,0.0,59.0627],
        [0.0,37.7433,0.0],
        [-59.0628,0.0,-80.6944],
        [1211.09,287.842,2465.6]
      ],
      "objLayer": 0,
      "props": []
    },
    "no_tree_box27": {
      "type": "Box",
      "tm": [
        [-80.6945,0.0,59.0627],
        [0.0,37.7433,0.0],
        [-59.0628,0.0,-80.6944],
        [1140.55,287.842,2400.85]
      ],
      "objLayer": 0,
      "props": []
    },
    "no_tree_box30": {
      "type": "Box",
      "tm": [
        [-80.6945,0.0,59.0627],
        [0.0,37.7433,0.0],
        [-59.0628,0.0,-80.6944],
        [1115.63,287.842,2325.67]
      ],
      "objLayer": 0,
      "props": []
    },
    "no_tree_box38": {
      "type": "Box",
      "tm": [
        [-25.4491,-0.390696,96.7067],
        [-0.274002,30.157,0.0497293],
        [-96.7033,-0.836654,-25.4516],
        [1102.11,319.042,1060.65]
      ],
      "objLayer": 0,
      "props": []
    },
    "no_tree_box43": {
      "type": "Box",
      "tm": [
        [-25.4491,-0.390696,96.7067],
        [-0.274002,30.157,0.0497293],
        [-96.7033,-0.836654,-25.4516],
        [1067.17,319.042,1154.08]
      ],
      "objLayer": 0,
      "props": []
    },
    "no_tree_box26": {
      "type": "Box",
      "tm": [
        [-98.7641,-0.390696,15.6682],
        [-0.155903,30.157,-0.230747],
        [-15.6645,-0.836654,-98.762],
        [1651.05,296.791,1382.05]
      ],
      "objLayer": 0,
      "props": []
    },
    "no_tree_box13": {
      "type": "Box",
      "tm": [
        [-54.4601,-0.390695,83.8686],
        [-0.27579,30.157,-0.0385995],
        [-83.8646,-0.836655,-54.4612],
        [1839.13,296.789,1329.62]
      ],
      "objLayer": 0,
      "props": []
    },
    "no_tree_box42": {
      "type": "Box",
      "tm": [
        [-54.4601,-0.390695,83.8686],
        [-0.27579,30.157,-0.0385995],
        [-83.8646,-0.836655,-54.4612],
        [1993.97,296.789,1224.44]
      ],
      "objLayer": 0,
      "props": []
    },
    "no_tree_box48": {
      "type": "Box",
      "tm": [
        [75.3686,-0.390695,65.7224],
        [-0.0770322,30.157,0.267612],
        [-65.7229,-0.836655,75.3644],
        [1985.26,305.268,959.799]
      ],
      "objLayer": 0,
      "props": []
    },
    "no_tree_box51": {
      "type": "Box",
      "tm": [
        [-56.8795,-0.390696,82.2469],
        [-0.274549,30.157,-0.0466152],
        [-82.2429,-0.836654,-56.8807],
        [2080.57,304.645,1271.34]
      ],
      "objLayer": 0,
      "props": []
    },
    "no_tree_box54": {
      "type": "Box",
      "tm": [
        [-56.8795,-0.390696,82.2469],
        [-0.274549,30.157,-0.0466152],
        [-82.2429,-0.836654,-56.8807],
        [2148.9,319.042,1227.27]
      ],
      "objLayer": 0,
      "props": []
    },
    "no_tree_box50": {
      "type": "Box",
      "tm": [
        [-99.6872,0.0,-7.90329],
        [0.0,37.7433,0.0],
        [7.90318,0.0,-99.6872],
        [2071.3,287.842,1360.51]
      ],
      "objLayer": 0,
      "props": []
    },
    "no_tree_box58": {
      "type": "Box",
      "tm": [
        [-99.6872,0.0,-7.90329],
        [0.0,37.7433,0.0],
        [7.90318,0.0,-99.6872],
        [2060.77,287.842,1451.76]
      ],
      "objLayer": 0,
      "props": []
    },
    "no_tree_box40": {
      "type": "Box",
      "tm": [
        [-92.1435,0.0,38.8532],
        [0.0,37.7433,0.0],
        [-38.8532,0.0,-92.1435],
        [1282.57,287.842,1769.75]
      ],
      "objLayer": 0,
      "props": []
    },
    "no_tree_box02": {
      "type": "Box",
      "tm": [
        [-46.4007,0.0,-88.5831],
        [0.0,37.7433,0.0],
        [88.5832,0.0,-46.4007],
        [962.631,282.464,1946.12]
      ],
      "objLayer": 0,
      "props": []
    },
    "no_tree_box63": {
      "type": "Box",
      "tm": [
        [-92.1435,0.0,38.8532],
        [0.0,37.7433,0.0],
        [-38.8532,0.0,-92.1435],
        [1211.36,287.842,1844.49]
      ],
      "objLayer": 0,
      "props": []
    },
    "no_tree_box67": {
      "type": "Box",
      "tm": [
        [59.6409,-0.390696,80.2671],
        [-0.132264,30.157,0.245064],
        [-80.2669,-0.836654,59.6367],
        [918.96,301.514,2168.48]
      ],
      "objLayer": 0,
      "props": []
    },
    "no_tree_box70": {
      "type": "Box",
      "tm": [
        [59.6409,-0.390696,80.2671],
