{
  "selected_tag": "",
  "bin_dump_file": "",
  "mission_settings": {
    "player": {
      "army": 1,
      "wing": ""
    },
    "player_teamB": {
      "army": 2
    },
    "mission": {
      "level": "levels/avg_fulda.bin",
      "type": "domination",
      "restoreType": "attempts",
      "optionalTakeOff": false,
      "environment": "Day",
      "weather": "hazy",
      "nameKillStreaks": "killStreaks_survival_event_aircraftOrHelicopter",
      "gt_mp_tickets": true,
      "gt_mp_capture": true,
      "gt_reload_explosives": false,
      "timeLimit": 60,
      "deathPenaltyMul": 0.0,
      "ctaCaptureZoneEqualPenaltyMul": 0.0,
      "useAlternativeMapCoord": false,
      "remapAiTankModels": false,
      "allowEmptyTeams": true,
      "country_axis": "germany",
      "country_allies": "ussr",
      "forceSkiesInitialRandomSeed": true,
      "skiesInitialRandomSeed": 33,
      "customWeather": {
        "windDir": [0.6,0.8],
        "wind_scale": 1.0,
        "max_wind_strength": 6.0,
        "sky": {
          "mie_height": 0.5,
          "mieG": 0.5,
          "betaMScale": 0.7,
          "clouds_overcast": 0.2
        },
        "clouds_gen": {
          "humidity": 0.1,
          "persistence": 0.66,
          "asymmetry": 0.4
        },
        "clouds_position": {
          "start_altitude": 1.0,
          "thickness": 4.5,
          "light_extinction": 0.2,
          "amb_extinction_mul": 0.2
        },
        "clouds_render": {
          "silver_lining": 1.0,
          "sun_light": 1.5,
          "ambient": 1.5,
          "silver_lining_eccentricity": 0.6
        },
        "strata_clouds": {
          "amount": 0.5,
          "altitude": 11.0
        },
        "rain": {
          "rainFromInvisibleClouds": false,
          "probability": 0.0
        }
      }
    },
    "spectator_points": []
  },
  "imports": [],
  "triggers": {
    "isCategory": true,
    "is_enabled": true
  },
  "mission_objectives": {
    "isCategory": true,
    "is_enabled": true
  },
  "variables": [],
  "dialogs": [],
  "airfields": [],
  "effects": [],
  "units": [
    {
      "objectGroups": {
        "name": "trenches01",
        "tm": [
          [-0.954512,-0.0050359,-0.29813],
          [0.0171602,0.997273,-0.0717866],
          [0.297679,-0.0736371,-0.951822],
          [1986.37,229.336,2377.89]
        ],
        "unit_class": "det_trench_half_a",
        "objLayer": 2,
        "props": {
          "army": 2,
          "active": true
        }
      }
    },
    {
      "objectGroups": {
        "name": "trenches02",
        "tm": [
          [-0.916061,0.00744494,-0.400969],
          [0.024929,0.998952,-0.0384053],
          [0.400263,-0.0451774,-0.915285],
          [1803.06,217.793,2355.57]
        ],
        "unit_class": "det_trench_half_b",
        "objLayer": 2,
        "props": {
          "army": 2,
          "active": true
        }
      }
    },
    {
      "objectGroups": {
        "name": "trenches03",
        "tm": [
          [0.396974,0.0227912,0.917547],
          [-0.0788126,0.996846,0.0093371],
          [-0.91444,-0.0760209,0.397517],
          [2001.6,231.751,2239.7]
        ],
        "unit_class": "det_trench_half_a",
        "objLayer": 2,
        "props": {
          "army": 2,
          "active": true
        }
      }
    },
    {
      "objectGroups": {
        "name": "trenches04",
        "tm": [
          [0.921532,-0.0050359,0.388268],
          [-0.0239636,0.997273,0.0698108],
          [-0.387562,-0.0736371,0.918898],
          [1985.64,230.65,2224.34]
        ],
        "unit_class": "det_trench_half_c_onground",
        "objLayer": 2,
        "props": {
          "army": 2,
          "active": true
        }
      }
    },
    {
      "objectGroups": {
        "name": "trenches05",
        "tm": [
          [0.999166,0.00564571,0.0404442],
          [-0.00584674,0.999972,0.00485453],
          [-0.0404161,-0.00508698,0.99917],
          [1889.3,231.508,2125.88]
        ],
        "unit_class": "det_trench_half_a",
        "objLayer": 2,
        "props": {
          "army": 2,
          "active": true
        }
      }
    },
    {
      "objectGroups": {
        "name": "trenches06",
        "tm": [
          [-0.133562,0.0857942,-0.987319],
          [-0.00455005,0.996183,0.08718],
          [0.99103,0.0161363,-0.132662],
          [1790.89,218.932,2337.95]
        ],
        "unit_class": "det_trench_half_b",
        "objLayer": 2,
        "props": {
          "army": 2,
          "active": true
        }
      }
    },
    {
      "objectGroups": {
        "name": "notree_01",
        "tm": [
          [0.844619,0.0,0.535367],
          [0.0,1.0,0.0],
          [-0.535367,0.0,0.844619],
          [2222.82,198.43,2956.91]
        ],
        "unit_class": "noTreeObjectGroup100",
        "objLayer": 2,
        "props": {
          "army": 2,
          "active": true
        }
      }
    },
    {
      "objectGroups": {
        "name": "notree_05",
        "tm": [
          [0.844619,0.0,0.535367],
          [0.0,1.0,0.0],
          [-0.535367,0.0,0.844619],
          [2184.29,198.43,2856.26]
        ],
        "unit_class": "noTreeObjectGroup100",
        "objLayer": 2,
        "props": {
          "army": 2,
          "active": true
        }
      }
    },
    {
      "objectGroups": {
        "name": "notree_08",
        "tm": [
          [0.844619,0.0,0.535367],
          [0.0,1.0,0.0],
          [-0.535367,0.0,0.844619],
          [2136.52,198.43,2788.79]
        ],
        "unit_class": "noTreeObjectGroup100",
        "objLayer": 2,
        "props": {
          "army": 2,
          "active": true
        }
      }
    },
    {
      "objectGroups": {
        "name": "notree_11",
        "tm": [
          [0.909141,0.0,0.416488],
          [0.0,1.0,0.0],
          [-0.416488,0.0,0.909141],
          [2145.8,207.433,2521.21]
        ],
        "unit_class": "noTreeObjectGroup100",
        "objLayer": 2,
        "props": {
          "army": 2,
          "active": true
        }
      }
    },
    {
      "objectGroups": {
        "name": "notree_14",
        "tm": [
          [0.909141,0.0,0.416488],
          [0.0,1.0,0.0],
          [-0.416488,0.0,0.909141],
          [2081.52,207.433,2448.44]
        ],
        "unit_class": "noTreeObjectGroup100",
        "objLayer": 2,
        "props": {
          "army": 2,
          "active": true
        }
      }
    },
    {
      "objectGroups": {
        "name": "notree_17",
        "tm": [
          [0.696665,0.0,0.717397],
          [0.0,1.0,0.0],
          [-0.717397,0.0,0.696665],
          [2026.65,207.433,2392.4]
        ],
        "unit_class": "noTreeObjectGroup100",
        "objLayer": 2,
        "props": {
          "army": 2,
          "active": true
        }
      }
    },
    {
      "objectGroups": {
        "name": "notree_20",
        "tm": [
          [0.696665,0.0,0.717397],
          [0.0,1.0,0.0],
          [-0.717397,0.0,0.696665],
          [2513.91,227.933,2267.09]
        ],
        "unit_class": "noTreeObjectGroup100",
        "objLayer": 2,
        "props": {
          "army": 2,
          "active": true
        }
      }
    },
    {
      "objectGroups": {
        "name": "notree_23",
        "tm": [
          [0.76478,0.0,0.644292],
          [0.0,1.0,0.0],
          [-0.644292,0.0,0.76478],
          [2382.87,227.933,2181.11]
        ],
        "unit_class": "noTreeObjectGroup100",
        "objLayer": 2,
        "props": {
          "army": 2,
          "active": true
        }
      }
    },
    {
      "objectGroups": {
        "name": "notree_26",
        "tm": [
          [0.76478,0.0,0.644292],
          [0.0,1.0,0.0],
          [-0.644292,0.0,0.76478],
          [2009.06,227.933,1607.73]
        ],
        "unit_class": "noTreeObjectGroup100",
        "objLayer": 2,
        "props": {
          "army": 2,
          "active": true
        }
      }
    },
    {
      "objectGroups": {
        "name": "notree_29",
        "tm": [
          [0.585575,0.0,0.810618],
          [0.0,1.0,0.0],
          [-0.810618,0.0,0.585575],
          [2060.13,227.933,1751.61]
        ],
        "unit_class": "noTreeObjectGroup100",
        "objLayer": 2,
        "props": {
          "army": 2,
          "active": true
        }
      }
    },
    {
      "objectGroups": {
        "name": "notree_32",
        "tm": [
          [0.585575,0.0,0.810618],
          [0.0,1.0,0.0],
          [-0.810618,0.0,0.585575],
          [2044.47,227.933,1916.12]
        ],
        "unit_class": "noTreeObjectGroup100",
        "objLayer": 2,
        "props": {
          "army": 2,
          "active": true
        }
      }
    },
    {
      "objectGroups": {
        "name": "notree_35",
        "tm": [
          [0.678799,0.0,0.734324],
          [0.0,1.0,0.0],
          [-0.734324,0.0,0.678799],
          [1981.37,227.933,2152.01]
        ],
        "unit_class": "noTreeObjectGroup100",
        "objLayer": 2,
        "props": {
          "army": 2,
          "active": true
        }
      }
    },
    {
      "objectGroups": {
        "name": "notree_38",
        "tm": [
          [0.678799,0.0,0.734324],
          [0.0,1.0,0.0],
          [-0.734324,0.0,0.678799],
          [1591.75,227.933,1802.12]
        ],
        "unit_class": "noTreeObjectGroup100",
        "objLayer": 2,
        "props": {
          "army": 2,
          "active": true
        }
      }
    },
    {
      "objectGroups": {
        "name": "notree_41",
        "tm": [
          [0.678799,0.0,0.734324],
          [0.0,1.0,0.0],
          [-0.734324,0.0,0.678799],
          [1683.14,227.933,1834.56]
        ],
        "unit_class": "noTreeObjectGroup100",
        "objLayer": 2,
        "props": {
          "army": 2,
          "active": true
        }
      }
    },
    {
      "objectGroups": {
        "name": "notree_44",
        "tm": [
          [0.678799,0.0,0.734324],
          [0.0,1.0,0.0],
          [-0.734324,0.0,0.678799],
          [1744.02,227.933,1899.65]
        ],
        "unit_class": "noTreeObjectGroup100",
        "objLayer": 2,
        "props": {
          "army": 2,
          "active": true
        }
      }
    },
    {
      "objectGroups": {
        "name": "notree_47",
        "tm": [
          [0.678799,0.0,0.734324],
          [0.0,1.0,0.0],
          [-0.734324,0.0,0.678799],
          [1806.66,227.933,1965.95]
        ],
        "unit_class": "noTreeObjectGroup100",
        "objLayer": 2,
        "props": {
          "army": 2,
          "active": true
        }
      }
    },
    {
      "objectGroups": {
        "name": "notree_50",
        "tm": [
          [0.678799,0.0,0.734324],
          [0.0,1.0,0.0],
          [-0.734324,0.0,0.678799],
          [1790.79,227.933,2042.98]
        ],
        "unit_class": "noTreeObjectGroup100",
        "objLayer": 2,
        "props": {
          "army": 2,
          "active": true
        }
      }
    },
    {
      "objectGroups": {
        "name": "notree_53",
        "tm": [
          [0.678799,0.0,0.734324],
          [0.0,1.0,0.0],
          [-0.734324,0.0,0.678799],
          [1837.01,227.933,2095.24]
        ],
        "unit_class": "noTreeObjectGroup100",
        "objLayer": 2,
        "props": {
          "army": 2,
          "active": true
        }
      }
    },
    {
      "objectGroups": {
        "name": "notree_56",
        "tm": [
          [0.678799,0.0,0.734324],
          [0.0,1.0,0.0],
          [-0.734324,0.0,0.678799],
          [1909.08,227.933,2094.28]
        ],
        "unit_class": "noTreeObjectGroup100",
        "objLayer": 2,
        "props": {
          "army": 2,
          "active": true
        }
      }
    },
    {
      "objectGroups": {
        "name": "notree_59",
        "tm": [
          [0.678799,0.0,0.734324],
          [0.0,1.0,0.0],
          [-0.734324,0.0,0.678799],
          [1169.16,201.778,1844.77]
        ],
        "unit_class": "noTreeObjectGroup100",
        "objLayer": 2,
        "props": {
          "army": 2,
          "active": true
        }
      }
    },
    {
      "objectGroups": {
        "name": "notree_62",
        "tm": [
          [0.678799,0.0,0.734324],
          [0.0,1.0,0.0],
          [-0.734324,0.0,0.678799],
          [1206.05,201.778,1930.32]
        ],
        "unit_class": "noTreeObjectGroup100",
        "objLayer": 2,
        "props": {
          "army": 2,
          "active": true
        }
      }
    },
    {
      "objectGroups": {
        "name": "notree_65",
        "tm": [
          [0.678799,0.0,0.734324],
          [0.0,1.0,0.0],
          [-0.734324,0.0,0.678799],
          [1288.69,201.778,1847.68]
        ],
        "unit_class": "noTreeObjectGroup100",
        "objLayer": 2,
        "props": {
          "army": 2,
          "active": true
        }
      }
    },
    {
      "objectGroups": {
        "name": "notree_68",
        "tm": [
          [0.678799,0.0,0.734324],
          [0.0,1.0,0.0],
          [-0.734324,0.0,0.678799],
          [1274.08,201.778,1998.13]
        ],
        "unit_class": "noTreeObjectGroup100",
        "objLayer": 2,
        "props": {
          "army": 2,
          "active": true
        }
      }
    },
    {
      "objectGroups": {
        "name": "notree_71",
        "tm": [
          [0.678799,0.0,0.734324],
          [0.0,1.0,0.0],
          [-0.734324,0.0,0.678799],
          [1354.07,201.778,2050.27]
        ],
        "unit_class": "noTreeObjectGroup100",
        "objLayer": 2,
        "props": {
          "army": 2,
          "active": true
        }
      }
    },
    {
      "objectGroups": {
        "name": "notree_74",
        "tm": [
          [0.678799,0.0,0.734324],
          [0.0,1.0,0.0],
          [-0.734324,0.0,0.678799],
          [1425.71,201.778,2097.18]
        ],
        "unit_class": "noTreeObjectGroup100",
        "objLayer": 2,
        "props": {
          "army": 2,
          "active": true
        }
      }
    },
    {
      "objectGroups": {
        "name": "notree_77",
        "tm": [
          [0.678799,0.0,0.734324],
          [0.0,1.0,0.0],
          [-0.734324,0.0,0.678799],
          [1311.09,201.778,2229.41]
        ],
        "unit_class": "noTreeObjectGroup100",
        "objLayer": 2,
        "props": {
          "army": 2,
          "active": true
        }
      }
    },
    {
      "objectGroups": {
        "name": "notree_80",
        "tm": [
          [0.95365,0.0,0.300918],
          [0.0,1.0,0.0],
          [-0.300918,0.0,0.95365],
          [1757.36,201.778,2219.57]
        ],
        "unit_class": "noTreeObjectGroup100",
        "objLayer": 2,
        "props": {
          "army": 2,
          "active": true
        }
      }
    },
    {
      "objectGroups": {
        "name": "notree_83",
        "tm": [
          [0.95365,0.0,0.300918],
          [0.0,1.0,0.0],
          [-0.300918,0.0,0.95365],
          [1079.3,184.373,2359.64]
        ],
        "unit_class": "noTreeObjectGroup100",
        "objLayer": 2,
        "props": {
          "army": 2,
          "active": true
        }
      }
    },
    {
      "objectGroups": {
        "name": "notree_86",
        "tm": [
          [0.95365,0.0,0.300918],
          [0.0,1.0,0.0],
          [-0.300918,0.0,0.95365],
          [971.752,184.373,2443.55]
        ],
        "unit_class": "noTreeObjectGroup100",
        "objLayer": 2,
        "props": {
          "army": 2,
          "active": true
        }
      }
    },
    {
      "objectGroups": {
        "name": "notree_89",
        "tm": [
          [0.95365,0.0,0.300918],
          [0.0,1.0,0.0],
          [-0.300918,0.0,0.95365],
          [1420.97,184.373,2239.66]
        ],
        "unit_class": "noTreeObjectGroup100",
        "objLayer": 2,
        "props": {
          "army": 2,
          "active": true
        }
      }
    },
    {
      "objectGroups": {
        "name": "notree_92",
        "tm": [
          [0.95365,0.0,0.300918],
          [0.0,1.0,0.0],
          [-0.300918,0.0,0.95365],
          [1469.9,184.373,2302.64]
        ],
        "unit_class": "noTreeObjectGroup100",
        "objLayer": 2,
        "props": {
          "army": 2,
          "active": true
        }
      }
    },
    {
      "objectGroups": {
        "name": "notree_95",
        "tm": [
          [0.95365,0.0,0.300918],
          [0.0,1.0,0.0],
          [-0.300918,0.0,0.95365],
          [1503.23,181.716,3005.42]
        ],
        "unit_class": "noTreeObjectGroup100",
        "objLayer": 2,
        "props": {
          "army": 2,
          "active": true
        }
      }
    },
    {
      "objectGroups": {
        "name": "notree_98",
        "tm": [
          [0.95365,0.0,0.300918],
          [0.0,1.0,0.0],
          [-0.300918,0.0,0.95365],
          [1380.36,184.373,3234.99]
        ],
        "unit_class": "noTreeObjectGroup100",
        "objLayer": 2,
        "props": {
          "army": 2,
          "active": true
        }
      }
    },
    {
      "objectGroups": {
        "name": "notree_101",
        "tm": [
          [0.95365,0.0,0.300918],
          [0.0,1.0,0.0],
          [-0.300918,0.0,0.95365],
          [1461.55,184.373,3288.41]
        ],
        "unit_class": "noTreeObjectGroup100",
        "objLayer": 2,
        "props": {
          "army": 2,
          "active": true
        }
      }
    },
    {
      "objectGroups": {
        "name": "notree_102",
        "tm": [
          [0.743226,0.0,0.66904],
          [0.0,1.0,0.0],
          [-0.66904,0.0,0.743226],
          [1746.19,181.716,2816.66]
        ],
        "unit_class": "noTreeObjectGroup100",
        "objLayer": 2,
        "props": {
          "army": 2,
          "active": true
        }
      }
    },
    {
      "objectGroups": {
        "name": "notree_105",
        "tm": [
          [0.743226,0.0,0.66904],
          [0.0,1.0,0.0],
          [-0.66904,0.0,0.743226],
          [1764.55,181.716,2849.7]
        ],
        "unit_class": "noTreeObjectGroup100",
        "objLayer": 2,
        "props": {
          "army": 2,
          "active": true
        }
      }
    },
    {
      "objectGroups": {
        "name": "notree_108",
        "tm": [
          [0.743226,0.0,0.66904],
          [0.0,1.0,0.0],
          [-0.66904,0.0,0.743226],
          [1685.9,181.716,2734.03]
        ],
        "unit_class": "noTreeObjectGroup100",
        "objLayer": 2,
        "props": {
          "army": 2,
          "active": true
        }
      }
    },
    {
      "objectGroups": {
        "name": "notree_111",
        "tm": [
          [0.743226,0.0,0.66904],
          [0.0,1.0,0.0],
          [-0.66904,0.0,0.743226],
          [1620.1,181.716,2806.35]
        ],
        "unit_class": "noTreeObjectGroup100",
        "objLayer": 2,
        "props": {
          "army": 2,
          "active": true
        }
      }
    },
    {
      "objectGroups": {
        "name": "notree_42",
        "tm": [
          [0.678799,0.0,0.734324],
          [0.0,1.0,0.0],
          [-0.734324,0.0,0.678799],
          [2042.16,227.933,2218.06]
        ],
        "unit_class": "noTreeObjectGroup100",
        "objLayer": 2,
        "props": {
          "army": 2,
          "active": true
        }
      }
    },
    {
      "objectGroups": {
        "name": "notree_51",
        "tm": [
          [0.678799,0.0,0.734324],
          [0.0,1.0,0.0],
          [-0.734324,0.0,0.678799],
          [2105.23,227.933,2287.25]
        ],
        "unit_class": "noTreeObjectGroup100",
        "objLayer": 2,
        "props": {
          "army": 2,
          "active": true
        }
      }
    },
    {
      "objectGroups": {
        "name": "helipad",
        "tm": [
          [-0.365511,0.0,0.930807],
          [0.0,1.0,0.0],
          [-0.930807,0.0,-0.365511],
          [1286.53,135.662,4204.54]
        ],
        "unit_class": "dynHelipad_beton_a_usa",
        "objLayer": 1,
        "props": {
          "army": 1,
          "active": true
        }
      }
    },
    {
      "area_squad": {
        "name": "spaa_spawn_squad",
        "tm": [
          [1.0,0.0,0.0],
          [0.0,1.0,0.0],
          [0.0,0.0,1.0],
          [598.7,302.55,531.25]
        ],
        "props": [
          {
            "squad_members": "spaa_spawn_01"
          },
          {
            "squad_members": "spaa_spawn_02"
          },
          {
            "squad_members": "spaa_spawn_03"
          }
        ]
      }
    }
  ],
  "areas": {
    "safe_zone": {
      "type": "Box",
      "tm": [
        [-273.32,0.0,-292.055],
        [0.0,150.0,0.0],
        [292.055,0.0,-273.32],
        [1916.53,185.672,2271.94]
      ],
      "objLayer": 3,
      "props": []
    },
    "draw_safezone_01": {
      "type": "Point",
      "tm": [
        [0.683301,0.0,0.730137],
        [0.0,1.0,0.0],
        [-0.730137,0.0,0.683301],
        [2199.38,229.873,2281.15]
      ],
      "objLayer": 0,
      "props": []
    },
    "draw_safezone_02": {
      "type": "Point",
      "tm": [
        [0.683301,0.0,0.730137],
        [0.0,1.0,0.0],
        [-0.730137,0.0,0.683301],
        [1907.33,205.255,2554.47]
      ],
      "objLayer": 0,
      "props": []
    },
    "draw_safezone_03": {
      "type": "Point",
      "tm": [
        [0.683301,0.0,0.730137],
        [0.0,1.0,0.0],
        [-0.730137,0.0,0.683301],
        [1634.01,212.128,2262.41]
      ],
      "objLayer": 0,
      "props": []
    },
    "draw_safezone_04": {
      "type": "Point",
      "tm": [
        [0.683301,0.0,0.730137],
        [0.0,1.0,0.0],
        [-0.730137,0.0,0.683301],
        [1926.06,237.246,1989.1]
      ],
      "objLayer": 0,
      "props": []
    },
    "battlearea": {
      "type": "Box",
      "tm": [
        [2500.0,0.0,0.0],
        [0.0,500.0,0.0],
        [0.0,0.0,2500.0],
        [1891.39,100.0,2297.07]
      ],
      "objLayer": 3,
      "props": []
    },
    "briefing_enemy_01": {
      "type": "Point",
      "tm": [
        [1.0,0.0,0.0],
        [0.0,1.0,0.0],
        [0.0,0.0,1.0],
        [1987.85,213.768,1438.73]
      ],
      "objLayer": 0,
      "props": []
    },
    "briefing_enemy_02": {
      "type": "Point",
      "tm": [
        [1.0,0.0,0.0],
        [0.0,1.0,0.0],
        [0.0,0.0,1.0],
        [2746.88,226.261,2301.16]
      ],
      "objLayer": 0,
      "props": []
    },
    "briefing_enemy_03": {
      "type": "Point",
      "tm": [
        [1.0,0.0,0.0],
        [0.0,1.0,0.0],
        [0.0,0.0,1.0],
        [900.113,188.085,2506.23]
      ],
      "objLayer": 0,
      "props": []
    },
    "briefing_enemy_04": {
      "type": "Point",
      "tm": [
        [1.0,0.0,0.0],
        [0.0,1.0,0.0],
        [0.0,0.0,1.0],
        [2395.9,207.507,3118.81]
      ],
      "objLayer": 0,
      "props": []
    },
    "briefing_enemy_05": {
      "type": "Point",
      "tm": [
        [1.0,0.0,0.0],
        [0.0,1.0,0.0],
        [0.0,0.0,1.0],
        [1465.85,189.123,3247.77]
      ],
      "objLayer": 0,
      "props": []
    },
    "briefing_enemy_06": {
      "type": "Point",
      "tm": [
        [1.0,0.0,0.0],
        [0.0,1.0,0.0],
        [0.0,0.0,1.0],
        [1103.0,198.665,1818.38]
      ],
      "objLayer": 0,
      "props": []
    },
    "briefing_enemy_07": {
      "type": "Point",
      "tm": [
        [1.0,0.0,0.0],
        [0.0,1.0,0.0],
        [0.0,0.0,1.0],
        [1402.31,216.099,1585.53]
      ],
      "objLayer": 0,
      "props": []
    },
    "briefing_ally_base": {
      "type": "Point",
      "tm": [
        [1.0,0.0,0.0],
        [0.0,1.0,0.0],
        [0.0,0.0,1.0],
        [1898.73,227.524,2259.54]
      ],
      "objLayer": 0,
      "props": []
    },
    "direction_respawn01": {
      "type": "Sphere",
      "tm": [
        [67.9592,0.0,73.359],
        [0.0,100.0,0.0],
        [-73.359,0.0,67.9592],
        [1155.18,199.214,1867.35]
      ],
      "objLayer": 0,
      "props": []
    },
    "direction_respawn02": {
      "type": "Sphere",
      "tm": [
        [93.94,0.0,-34.2825],
        [0.0,100.0,0.0],
        [34.2825,0.0,93.94],
        [892.082,188.348,2508.07]
      ],
      "objLayer": 0,
      "props": []
    },
    "direction_respawn03": {
      "type": "Sphere",
      "tm": [
        [8.62632,0.0,99.6273],
        [0.0,100.0,0.0],
        [-99.6273,0.0,8.62632],
        [1988.09,222.434,1512.07]
      ],
      "objLayer": 0,
      "props": []
    },
    "direction_respawn04": {
      "type": "Sphere",
      "tm": [
        [-38.0484,0.0,-92.4787],
        [0.0,100.0,0.0],
        [92.4787,0.0,-38.0484],
        [2381.11,207.947,3124.36]
      ],
      "objLayer": 0,
      "props": []
    },
    "direction_respawn05": {
      "type": "Sphere",
      "tm": [
        [-99.9947,0.0,1.03042],
        [0.0,100.0,0.0],
        [-1.03042,0.0,-99.9947],
        [2702.87,227.589,2303.94]
      ],
      "objLayer": 0,
      "props": []
    },
    "direction_respawn06": {
      "type": "Sphere",
      "tm": [
        [63.1513,0.0,77.5365],
        [0.0,100.0,0.0],
        [-77.5365,0.0,63.1513],
        [1443.01,218.185,1634.39]
      ],
      "objLayer": 0,
      "props": []
    },
    "direction_respawn07": {
      "type": "Sphere",
      "tm": [
        [35.5865,0.0,-93.4538],
        [0.0,100.0,0.0],
        [93.4538,0.0,35.5865],
        [1456.39,189.605,3247.63]
      ],
      "objLayer": 0,
      "props": []
    },
    "area_02": {
      "type": "Sphere",
      "tm": [
        [-5651.77,0.0,5661.93],
        [0.0,8000.0,0.0],
        [-5661.93,0.0,-5651.77],
        [1866.47,1200.0,2306.49]
      ],
      "objLayer": 3,
      "props": []
    },
    "enemy_airspawn": {
      "type": "Sphere",
      "tm": [
        [-423.883,0.0,424.645],
        [0.0,600.0,0.0],
        [-424.645,0.0,-423.883],
        [4699.74,1200.0,-531.871]
      ],
      "objLayer": 3,
      "props": []
    },
    "enemy_safepoint": {
      "type": "Point",
      "tm": [
        [-0.706471,0.0,0.707742],
        [0.0,1.0,0.0],
        [-0.707742,0.0,-0.706471],
        [16638.3,1200.0,-12206.3]
      ],
      "objLayer": 0,
      "props": []
    },
    "area_01": {
      "type": "Box",
      "tm": [
        [4096.0,0.0,0.0],
        [0.0,500.0,0.0],
        [0.0,0.0,4096.0],
        [2048.0,100.0,2048.0]
      ],
      "objLayer": 0,
      "props": []
    },
    "notree_02": {
      "type": "Box",
      "tm": [
        [84.4619,0.0,53.5367],
        [0.0,25.0,0.0],
        [-53.5367,0.0,84.4619],
        [2222.82,198.43,2956.91]
      ],
      "objLayer": 0,
      "props": []
    },
    "200m": {
      "type": "Box",
      "tm": [
        [4.62531,0.0,49.7856],
        [0.0,25.0,0.0],
        [-199.143,0.0,18.5014],
        [2224.68,190.267,2726.96]
      ],
      "objLayer": 0,
      "props": []
    },
    "area_03": {
      "type": "Sphere",
      "tm": [
        [1600.0,0.0,0.0],
        [0.0,1600.0,0.0],
        [0.0,0.0,1600.0],
        [1900.09,225.64,2303.41]
      ],
      "objLayer": 0,
      "props": []
    },
    "notree_04": {
      "type": "Box",
      "tm": [
        [84.4619,0.0,53.5367],
        [0.0,25.0,0.0],
        [-53.5367,0.0,84.4619],
        [2184.29,198.43,2856.26]
      ],
      "objLayer": 0,
      "props": []
    },
    "notree_07": {
      "type": "Box",
      "tm": [
        [84.4619,0.0,53.5367],
        [0.0,25.0,0.0],
        [-53.5367,0.0,84.4619],
        [2136.52,198.43,2788.79]
      ],
      "objLayer": 0,
      "props": []
    },
    "notree_10": {
      "type": "Box",
      "tm": [
        [90.9141,0.0,41.6488],
        [0.0,25.0,0.0],
        [-41.6488,0.0,90.9141],
        [2145.8,207.433,2521.21]
      ],
      "objLayer": 0,
      "props": []
    },
    "notree_13": {
      "type": "Box",
      "tm": [
        [90.9141,0.0,41.6488],
        [0.0,25.0,0.0],
        [-41.6488,0.0,90.9141],
        [2081.52,207.433,2448.44]
      ],
      "objLayer": 0,
      "props": []
    },
    "notree_16": {
      "type": "Box",
      "tm": [
        [69.6665,0.0,71.7397],
        [0.0,25.0,0.0],
        [-71.7397,0.0,69.6665],
        [2026.65,207.433,2392.4]
      ],
      "objLayer": 0,
      "props": []
    },
    "notree_19": {
      "type": "Box",
      "tm": [
        [69.6665,0.0,71.7397],
        [0.0,25.0,0.0],
        [-71.7397,0.0,69.6665],
        [2513.91,227.933,2267.09]
      ],
      "objLayer": 0,
      "props": []
    },
    "notree_22": {
      "type": "Box",
      "tm": [
        [76.478,0.0,64.4292],
        [0.0,25.0,0.0],
        [-64.4292,0.0,76.478],
        [2382.87,227.933,2181.11]
      ],
      "objLayer": 0,
      "props": []
    },
    "notree_25": {
      "type": "Box",
      "tm": [
        [76.478,0.0,64.4292],
        [0.0,25.0,0.0],
        [-64.4292,0.0,76.478],
        [2009.06,227.933,1607.73]
      ],
      "objLayer": 0,
      "props": []
    },
    "notree_28": {
      "type": "Box",
      "tm": [
        [58.5575,0.0,81.0618],
        [0.0,25.0,0.0],
        [-81.0618,0.0,58.5575],
        [2060.13,227.933,1751.61]
      ],
      "objLayer": 0,
      "props": []
    },
    "notree_31": {
      "type": "Box",
      "tm": [
        [58.5575,0.0,81.0618],
        [0.0,25.0,0.0],
        [-81.0618,0.0,58.5575],
        [2044.47,227.933,1916.12]
      ],
      "objLayer": 0,
      "props": []
    },
    "notree_34": {
      "type": "Box",
      "tm": [
        [67.8799,0.0,73.4324],
        [0.0,25.0,0.0],
        [-73.4324,0.0,67.8799],
        [1981.37,227.933,2152.01]
      ],
      "objLayer": 0,
      "props": []
    },
    "notree_37": {
      "type": "Box",
      "tm": [
        [67.8799,0.0,73.4324],
        [0.0,25.0,0.0],
        [-73.4324,0.0,67.8799],
        [1591.75,227.933,1802.12]
      ],
      "objLayer": 0,
      "props": []
    },
    "notree_40": {
      "type": "Box",
      "tm": [
        [67.8799,0.0,73.4324],
        [0.0,25.0,0.0],
        [-73.4324,0.0,67.8799],
        [1683.14,227.933,1834.56]
      ],
      "objLayer": 0,
      "props": []
    },
    "notree_43": {
      "type": "Box",
      "tm": [
        [67.8799,0.0,73.4324],
        [0.0,25.0,0.0],
        [-73.4324,0.0,67.8799],
        [1744.02,227.933,1899.65]
      ],
      "objLayer": 0,
      "props": []
    },
    "notree_46": {
      "type": "Box",
      "tm": [
        [67.8799,0.0,73.4324],
        [0.0,25.0,0.0],
        [-73.4324,0.0,67.8799],
        [1806.66,227.933,1965.95]
      ],
      "objLayer": 0,
      "props": []
    },
    "notree_49": {
      "type": "Box",
      "tm": [
        [67.8799,0.0,73.4324],
        [0.0,25.0,0.0],
        [-73.4324,0.0,67.8799],
        [1790.79,227.933,2042.98]
      ],
      "objLayer": 0,
      "props": []
    },
    "notree_52": {
      "type": "Box",
      "tm": [
        [67.8799,0.0,73.4324],
        [0.0,25.0,0.0],
        [-73.4324,0.0,67.8799],
        [1837.01,227.933,2095.24]
      ],
      "objLayer": 0,
      "props": []
    },
    "notree_55": {
      "type": "Box",
      "tm": [
        [67.8799,0.0,73.4324],
        [0.0,25.0,0.0],
        [-73.4324,0.0,67.8799],
        [1909.08,227.933,2094.28]
      ],
      "objLayer": 0,
      "props": []
    },
    "notree_58": {
      "type": "Box",
      "tm": [
        [67.8799,0.0,73.4324],
        [0.0,25.0,0.0],
        [-73.4324,0.0,67.8799],
        [1169.16,201.778,1844.77]
      ],
      "objLayer": 0,
      "props": []
    },
    "notree_61": {
      "type": "Box",
      "tm": [
        [67.8799,0.0,73.4324],
        [0.0,25.0,0.0],
        [-73.4324,0.0,67.8799],
        [1206.05,201.778,1930.32]
      ],
      "objLayer": 0,
      "props": []
    },
    "notree_64": {
      "type": "Box",
      "tm": [
        [67.8799,0.0,73.4324],
        [0.0,25.0,0.0],
        [-73.4324,0.0,67.8799],
        [1288.69,201.778,1847.68]
      ],
      "objLayer": 0,
      "props": []
    },
    "notree_67": {
      "type": "Box",
      "tm": [
        [67.8799,0.0,73.4324],
        [0.0,25.0,0.0],
        [-73.4324,0.0,67.8799],
        [1274.08,201.778,1998.13]
      ],
      "objLayer": 0,
      "props": []
    },
    "notree_70": {
      "type": "Box",
      "tm": [
        [67.8799,0.0,73.4324],
        [0.0,25.0,0.0],
        [-73.4324,0.0,67.8799],
        [1354.07,201.778,2050.27]
      ],
      "objLayer": 0,
      "props": []
    },
    "notree_73": {
      "type": "Box",
      "tm": [
        [67.8799,0.0,73.4324],
        [0.0,25.0,0.0],
        [-73.4324,0.0,67.8799],
        [1425.71,201.778,2097.18]
      ],
      "objLayer": 0,
      "props": []
    },
    "notree_76": {
      "type": "Box",
      "tm": [
        [67.8799,0.0,73.4324],
        [0.0,25.0,0.0],
        [-73.4324,0.0,67.8799],
        [1311.09,201.778,2229.41]
      ],
      "objLayer": 0,
      "props": []
    },
    "notree_79": {
      "type": "Box",
      "tm": [
        [95.365,0.0,30.0918],
        [0.0,25.0,0.0],
        [-30.0918,0.0,95.365],
        [1757.36,201.778,2219.57]
      ],
      "objLayer": 0,
      "props": []
    },
    "notree_82": {
      "type": "Box",
      "tm": [
        [95.365,0.0,30.0918],
        [0.0,25.0,0.0],
        [-30.0918,0.0,95.365],
        [1079.3,184.373,2359.64]
      ],
      "objLayer": 0,
      "props": []
    },
    "notree_85": {
      "type": "Box",
      "tm": [
        [95.365,0.0,30.0918],
        [0.0,25.0,0.0],
        [-30.0918,0.0,95.365],
        [971.752,184.373,2443.55]
      ],
      "objLayer": 0,
      "props": []
    },
    "notree_88": {
      "type": "Box",
      "tm": [
        [95.365,0.0,30.0918],
        [0.0,25.0,0.0],
        [-30.0918,0.0,95.365],
        [1420.97,184.373,2239.66]
      ],
      "objLayer": 0,
      "props": []
    },
    "notree_91": {
      "type": "Box",
      "tm": [
        [95.365,0.0,30.0918],
        [0.0,25.0,0.0],
        [-30.0918,0.0,95.365],
        [1469.9,184.373,2302.64]
      ],
      "objLayer": 0,
      "props": []
    },
    "notree_94": {
      "type": "Box",
      "tm": [
        [95.365,0.0,30.0918],
        [0.0,25.0,0.0],
        [-30.0918,0.0,95.365],
        [1503.23,181.716,3005.42]
      ],
      "objLayer": 0,
      "props": []
    },
    "notree_97": {
      "type": "Box",
      "tm": [
        [95.365,0.0,30.0918],
        [0.0,25.0,0.0],
        [-30.0918,0.0,95.365],
        [1380.36,184.373,3234.99]
      ],
      "objLayer": 0,
      "props": []
    },
    "notree_100": {
      "type": "Box",
      "tm": [
        [95.365,0.0,30.0918],
        [0.0,25.0,0.0],
        [-30.0918,0.0,95.365],
        [1461.55,184.373,3288.41]
      ],
      "objLayer": 0,
      "props": []
    },
    "notree_99": {
      "type": "Box",
      "tm": [
        [74.3226,0.0,66.904],
        [0.0,25.0,0.0],
        [-66.904,0.0,74.3226],
        [1746.19,181.716,2816.66]
      ],
      "objLayer": 0,
      "props": []
    },
    "notree_104": {
      "type": "Box",
      "tm": [
        [74.3226,0.0,66.904],
        [0.0,25.0,0.0],
        [-66.904,0.0,74.3226],
        [1764.55,181.716,2849.7]
      ],
      "objLayer": 0,
      "props": []
    },
    "notree_107": {
      "type": "Box",
      "tm": [
        [74.3226,0.0,66.904],
        [0.0,25.0,0.0],
        [-66.904,0.0,74.3226],
        [1685.9,181.716,2734.03]
      ],
      "objLayer": 0,
      "props": []
    },
    "notree_110": {
      "type": "Box",
      "tm": [
        [74.3226,0.0,66.904],
        [0.0,25.0,0.0],
        [-66.904,0.0,74.3226],
        [1620.1,181.716,2806.35]
      ],
      "objLayer": 0,
      "props": []
    },
    "notree_39": {
      "type": "Box",
      "tm": [
        [67.8799,0.0,73.4324],
        [0.0,25.0,0.0],
        [-73.4324,0.0,67.8799],
        [2042.16,227.933,2218.06]
      ],
      "objLayer": 0,
      "props": []
    },
    "notree_48": {
      "type": "Box",
      "tm": [
        [67.8799,0.0,73.4324],
        [0.0,25.0,0.0],
        [-73.4324,0.0,67.8799],
        [2105.23,227.933,2287.25]
      ],
      "objLayer": 0,
      "props": []
    },
    "spaa_spawn_01": {
      "type": "Sphere",
      "tm": [
        [8.62632,0.0,99.6273],
        [0.0,100.0,0.0],
        [-99.6273,0.0,8.62632],
        [1886.35,188.08,856.7]
      ],
      "objLayer": 0,
      "props": []
    },
    "spaa_spawn_02": {
      "type": "Sphere",
      "tm": [
        [-51.501,0.0,85.7185],
        [0.0,100.0,0.0],
        [-85.7185,0.0,-51.501],
        [3163.95,131.62,1195.1]
      ],
      "objLayer": 0,
      "props": []
    },
    "spaa_spawn_03": {
      "type": "Sphere",
      "tm": [
        [53.6703,0.0,84.3772],
        [0.0,100.0,0.0],
        [-84.3772,0.0,53.6703],
        [611.55,204.667,901.75]
      ],
      "objLayer": 0,
      "props": []
    }
  },
  "objLayers": [
    {
      "layer": {
        "enabled": true
      }
    },
    {
      "layer": {
        "enabled": true
      }
    },
    {
      "layer": {
        "enabled": true
      }
    },
    {
      "layer": {
        "enabled": true
      }
    }
  ],
  "wayPoints": {
    "direction01": {
      "closed_waypoints": false,
      "isShipSpline": false,
      "shipTurnRadius": 100.0,
      "way": {
        "direction01_wp_01": {
          "type": "normal",
          "tm": [
            [1.0,0.0,0.0],
            [0.0,1.0,0.0],
            [0.0,0.0,1.0],
            [1208.9,215.885,1933.86]
          ],
          "props": {
            "speed": 25.0,
            "tas": false,
            "moveType": "MOVETO_STRAIGHT",
            "shouldKeepFormation": false,
            "canUsePathFinder": false
          }
        },
        "direction01_wp_02": {
          "type": "normal",
          "tm": [
            [1.0,0.0,0.0],
            [0.0,1.0,0.0],
            [0.0,0.0,1.0],
            [1235.14,216.267,1961.0]
          ],
          "props": {
            "speed": 25.0,
            "tas": false,
            "moveType": "MOVETO_STRAIGHT",
            "shouldKeepFormation": false,
            "canUsePathFinder": false
          }
        },
        "direction01_wp_03": {
          "type": "normal",
          "tm": [
            [1.0,0.0,0.0],
            [0.0,1.0,0.0],
            [0.0,0.0,1.0],
            [1285.39,218.517,1998.26]
          ],
          "props": {
            "speed": 25.0,
            "tas": false,
            "moveType": "MOVETO_STRAIGHT",
            "shouldKeepFormation": false,
            "canUsePathFinder": false
          }
        },
        "direction01_wp_04": {
          "type": "normal",
          "tm": [
            [1.0,0.0,0.0],
            [0.0,1.0,0.0],
            [0.0,0.0,1.0],
            [1355.16,221.909,2050.05]
          ],
          "props": {
            "speed": 25.0,
            "tas": false,
            "moveType": "MOVETO_STRAIGHT",
            "shouldKeepFormation": false,
            "canUsePathFinder": false
          }
        },
        "direction01_wp_05": {
          "type": "normal",
          "tm": [
            [1.0,0.0,0.0],
            [0.0,1.0,0.0],
            [0.0,0.0,1.0],
            [1445.81,228.759,2075.26]
          ],
          "props": {
            "speed": 25.0,
            "tas": false,
            "moveType": "MOVETO_STRAIGHT",
            "shouldKeepFormation": false,
            "canUsePathFinder": false
          }
        },
        "direction01_wp_06": {
          "type": "normal",
          "tm": [
            [1.0,0.0,0.0],
            [0.0,1.0,0.0],
            [0.0,0.0,1.0],
            [1546.72,229.854,2089.28]
          ],
          "props": {
            "speed": 25.0,
            "tas": false,
            "moveType": "MOVETO_STRAIGHT",
            "shouldKeepFormation": false,
            "canUsePathFinder": false
          }
        },
        "direction01_wp_07": {
          "type": "normal",
          "tm": [
            [1.0,0.0,0.0],
            [0.0,1.0,0.0],
            [0.0,0.0,1.0],
            [1621.66,229.852,2114.14]
          ],
          "props": {
            "speed": 25.0,
            "tas": false,
            "moveType": "MOVETO_STRAIGHT",
            "shouldKeepFormation": false,
            "canUsePathFinder": false
          }
