{
  "selected_tag": "",
  "bin_dump_file": "",
  "mission_settings": {
    "player": {
      "army": 1
    },
    "player_teamB": {
      "army": 2
    },
    "mission": {
      "level": "levels/avg_red_desert.bin",
      "type": "domination",
      "environment": "Day",
      "weather": "clear"
    }
  },
  "imports": [],
  "triggers": {
    "isCategory": true,
    "is_enabled": true
  },
  "mission_objectives": {
    "isCategory": true,
    "is_enabled": true
  },
  "variables": [],
  "dialogs": [],
  "airfields": [],
  "effects": [],
  "units": [
    {
      "objectGroups": {
        "name": "t1_airfield",
        "tm": [
          [-0.641235,0.0,-0.767343],
          [0.0,1.0,0.0],
          [0.767343,0.0,-0.641235],
          [1973.7,356.848,-5638.46]
        ],
        "unit_class": "dynAF_kh_gol_airfield_gumrak_small",
        "objLayer": 2,
        "props": {
          "army": 1,
          "active": true
        }
      }
    },
    {
      "objectGroups": {
        "name": "t2_airfield",
        "tm": [
          [-0.83567,0.0,0.549232],
          [0.0,1.0,0.0],
          [-0.549232,0.0,-0.83567],
          [1896.94,357.263,10394.0]
        ],
        "unit_class": "dynAF_kh_gol_airfield_gumrak_small",
        "objLayer": 2,
        "props": {
          "army": 2,
          "active": true
        }
      }
    },
    {
      "air_defence": {
        "name": "t1_airfield_aaa_small_01",
        "tm": [
          [-0.408533,0.0,0.912743],
          [0.0,1.0,0.0],
          [-0.912743,0.0,-0.408533],
          [1546.24,364.131,-5734.66]
        ],
        "unit_class": "ussr_37mm_61k_airfield",
        "objLayer": 1,
        "closed_waypoints": false,
        "isShipSpline": false,
        "shipTurnRadius": 100.0,
        "weapons": "",
        "bullets0": "",
        "bullets1": "",
        "bullets2": "",
        "bullets3": "",
        "bulletsCount0": 0,
        "bulletsCount1": 0,
        "bulletsCount2": 0,
        "bulletsCount3": 0,
        "crewSkillK": 0.0,
        "applyAllMods": false,
        "props": {
          "army": 1,
          "count": 1,
          "formation_type": "rows",
          "formation_div": 3,
          "formation_step": [2.5,2.0],
          "formation_noise": [0.1,0.1],
          "uniqueName": "",
          "attack_type": "fire_at_will"
        },
        "way": []
      }
    },
    {
      "air_defence": {
        "name": "t1_airfield_aaa_small_02",
        "tm": [
          [-0.408533,0.0,0.912743],
          [0.0,1.0,0.0],
          [-0.912743,0.0,-0.408533],
          [1741.73,361.985,-5282.62]
        ],
        "unit_class": "ussr_37mm_61k_airfield",
        "objLayer": 1,
        "closed_waypoints": false,
        "isShipSpline": false,
        "shipTurnRadius": 100.0,
        "weapons": "",
        "bullets0": "",
        "bullets1": "",
        "bullets2": "",
        "bullets3": "",
        "bulletsCount0": 0,
        "bulletsCount1": 0,
        "bulletsCount2": 0,
        "bulletsCount3": 0,
        "crewSkillK": 0.0,
        "applyAllMods": false,
        "props": {
          "army": 1,
          "count": 1,
          "formation_type": "rows",
          "formation_div": 3,
          "formation_step": [2.5,2.0],
          "formation_noise": [0.1,0.1],
          "uniqueName": "",
          "attack_type": "fire_at_will"
        },
        "way": []
      }
    },
    {
      "air_defence": {
        "name": "t1_airfield_aaa_small_03",
        "tm": [
          [-0.630848,0.0,0.775906],
          [0.0,1.0,0.0],
          [-0.775906,0.0,-0.630848],
          [2277.32,354.563,-5555.11]
        ],
        "unit_class": "ussr_37mm_61k_airfield",
        "objLayer": 1,
        "closed_waypoints": false,
        "isShipSpline": false,
        "shipTurnRadius": 100.0,
        "weapons": "",
        "bullets0": "",
        "bullets1": "",
        "bullets2": "",
        "bullets3": "",
        "bulletsCount0": 0,
        "bulletsCount1": 0,
        "bulletsCount2": 0,
        "bulletsCount3": 0,
        "crewSkillK": 0.0,
        "applyAllMods": false,
        "props": {
          "army": 1,
          "count": 1,
          "formation_type": "rows",
          "formation_div": 3,
          "formation_step": [2.5,2.0],
          "formation_noise": [0.1,0.1],
          "uniqueName": "",
          "attack_type": "fire_at_will"
        },
        "way": []
      }
    },
    {
      "air_defence": {
        "name": "t1_airfield_aaa_small_04",
        "tm": [
          [-0.408533,0.0,0.912743],
          [0.0,1.0,0.0],
          [-0.912743,0.0,-0.408533],
          [1860.11,356.611,-6050.59]
        ],
        "unit_class": "ussr_37mm_61k_airfield",
        "objLayer": 1,
        "closed_waypoints": false,
        "isShipSpline": false,
        "shipTurnRadius": 100.0,
        "weapons": "",
        "bullets0": "",
        "bullets1": "",
        "bullets2": "",
        "bullets3": "",
        "bulletsCount0": 0,
        "bulletsCount1": 0,
        "bulletsCount2": 0,
        "bulletsCount3": 0,
        "crewSkillK": 0.0,
        "applyAllMods": false,
        "props": {
          "army": 1,
          "count": 1,
          "formation_type": "rows",
          "formation_div": 3,
          "formation_step": [2.5,2.0],
          "formation_noise": [0.1,0.1],
          "uniqueName": "",
          "attack_type": "fire_at_will"
        },
        "way": []
      }
    },
    {
      "air_defence": {
        "name": "t1_airfield_aaa_small_05",
        "tm": [
          [-0.408533,0.0,0.912743],
          [0.0,1.0,0.0],
          [-0.912743,0.0,-0.408533],
          [2479.16,355.664,-5232.86]
        ],
        "unit_class": "ussr_37mm_61k_airfield",
        "objLayer": 1,
        "closed_waypoints": false,
        "isShipSpline": false,
        "shipTurnRadius": 100.0,
        "weapons": "",
        "bullets0": "",
        "bullets1": "",
        "bullets2": "",
        "bullets3": "",
        "bulletsCount0": 0,
        "bulletsCount1": 0,
        "bulletsCount2": 0,
        "bulletsCount3": 0,
        "crewSkillK": 0.0,
        "applyAllMods": false,
        "props": {
          "army": 1,
          "count": 1,
          "formation_type": "rows",
          "formation_div": 3,
          "formation_step": [2.5,2.0],
          "formation_noise": [0.1,0.1],
          "uniqueName": "",
          "attack_type": "fire_at_will"
        },
        "way": []
      }
    },
    {
      "air_defence": {
        "name": "t1_airfield_aaa_small_06",
        "tm": [
          [-0.408533,0.0,0.912743],
          [0.0,1.0,0.0],
          [-0.912743,0.0,-0.408533],
          [1977.42,363.0,-5166.21]
        ],
        "unit_class": "ussr_37mm_61k_airfield",
        "objLayer": 1,
        "closed_waypoints": false,
        "isShipSpline": false,
        "shipTurnRadius": 100.0,
        "weapons": "",
        "bullets0": "",
        "bullets1": "",
        "bullets2": "",
        "bullets3": "",
        "bulletsCount0": 0,
        "bulletsCount1": 0,
        "bulletsCount2": 0,
        "bulletsCount3": 0,
        "crewSkillK": 0.0,
        "applyAllMods": false,
        "props": {
          "army": 1,
          "count": 1,
          "formation_type": "rows",
          "formation_div": 3,
          "formation_step": [2.5,2.0],
          "formation_noise": [0.1,0.1],
          "uniqueName": "",
          "attack_type": "fire_at_will"
        },
        "way": []
      }
    },
    {
      "air_defence": {
        "name": "t1_airfield_aaa_big_01",
        "tm": [
          [-0.630848,0.0,0.775906],
          [0.0,1.0,0.0],
          [-0.775906,0.0,-0.630848],
          [2188.02,355.117,-5677.73]
        ],
        "unit_class": "germ_88mm_flak36",
        "objLayer": 1,
        "closed_waypoints": false,
        "isShipSpline": false,
        "shipTurnRadius": 100.0,
        "weapons": "",
        "bullets0": "",
        "bullets1": "",
        "bullets2": "",
        "bullets3": "",
        "bulletsCount0": 0,
        "bulletsCount1": 0,
        "bulletsCount2": 0,
        "bulletsCount3": 0,
        "crewSkillK": 0.0,
        "applyAllMods": false,
        "props": {
          "army": 1,
          "count": 1,
          "formation_type": "rows",
          "formation_div": 3,
          "formation_step": [2.5,2.0],
          "formation_noise": [0.1,0.1],
          "uniqueName": "",
          "attack_type": "fire_at_will"
        },
        "way": []
      }
    },
    {
      "air_defence": {
        "name": "t1_airfield_aaa_big_02",
        "tm": [
          [-0.630848,0.0,0.775906],
          [0.0,1.0,0.0],
          [-0.775906,0.0,-0.630848],
          [2087.82,354.192,-5841.39]
        ],
        "unit_class": "germ_88mm_flak36",
        "objLayer": 1,
        "closed_waypoints": false,
        "isShipSpline": false,
        "shipTurnRadius": 100.0,
        "weapons": "",
        "bullets0": "",
        "bullets1": "",
        "bullets2": "",
        "bullets3": "",
        "bulletsCount0": 0,
        "bulletsCount1": 0,
        "bulletsCount2": 0,
        "bulletsCount3": 0,
        "crewSkillK": 0.0,
        "applyAllMods": false,
        "props": {
          "army": 1,
          "count": 1,
          "formation_type": "rows",
          "formation_div": 3,
          "formation_step": [2.5,2.0],
          "formation_noise": [0.1,0.1],
          "uniqueName": "",
          "attack_type": "fire_at_will"
        },
        "way": []
      }
    },
    {
      "air_defence": {
        "name": "t1_airfield_aaa_big_03",
        "tm": [
          [-0.408533,0.0,0.912743],
          [0.0,1.0,0.0],
          [-0.912743,0.0,-0.408533],
          [2407.1,354.851,-5325.2]
        ],
        "unit_class": "germ_88mm_flak36",
        "objLayer": 1,
        "closed_waypoints": false,
        "isShipSpline": false,
        "shipTurnRadius": 100.0,
        "weapons": "",
        "bullets0": "",
        "bullets1": "",
        "bullets2": "",
        "bullets3": "",
        "bulletsCount0": 0,
        "bulletsCount1": 0,
        "bulletsCount2": 0,
        "bulletsCount3": 0,
        "crewSkillK": 0.0,
        "applyAllMods": false,
        "props": {
          "army": 1,
          "count": 1,
          "formation_type": "rows",
          "formation_div": 3,
          "formation_step": [2.5,2.0],
          "formation_noise": [0.1,0.1],
          "uniqueName": "",
          "attack_type": "fire_at_will"
        },
        "way": []
      }
    },
    {
      "air_defence": {
        "name": "t1_airfield_aaa_big_04",
        "tm": [
          [-0.408533,0.0,0.912743],
          [0.0,1.0,0.0],
          [-0.912743,0.0,-0.408533],
          [1474.18,363.016,-5822.57]
        ],
        "unit_class": "germ_88mm_flak36",
        "objLayer": 1,
        "closed_waypoints": false,
        "isShipSpline": false,
        "shipTurnRadius": 100.0,
        "weapons": "",
        "bullets0": "",
        "bullets1": "",
        "bullets2": "",
        "bullets3": "",
        "bulletsCount0": 0,
        "bulletsCount1": 0,
        "bulletsCount2": 0,
        "bulletsCount3": 0,
        "crewSkillK": 0.0,
        "applyAllMods": false,
        "props": {
          "army": 1,
          "count": 1,
          "formation_type": "rows",
          "formation_div": 3,
          "formation_step": [2.5,2.0],
          "formation_noise": [0.1,0.1],
          "uniqueName": "",
          "attack_type": "fire_at_will"
        },
        "way": []
      }
    },
    {
      "air_defence": {
        "name": "t2_airfield_aaa_small_01",
        "tm": [
          [-0.83567,0.0,0.549231],
          [0.0,1.0,0.0],
          [-0.549231,0.0,-0.83567],
          [1584.31,361.722,10466.3]
        ],
        "unit_class": "germ_37mm_flak43_airfield",
        "objLayer": 1,
        "closed_waypoints": false,
        "isShipSpline": false,
        "shipTurnRadius": 100.0,
        "weapons": "",
        "bullets0": "",
        "bullets1": "",
        "bullets2": "",
        "bullets3": "",
        "bulletsCount0": 0,
        "bulletsCount1": 0,
        "bulletsCount2": 0,
        "bulletsCount3": 0,
        "crewSkillK": 0.0,
        "applyAllMods": false,
        "props": {
          "army": 2,
          "count": 1,
          "formation_type": "rows",
          "formation_div": 3,
          "formation_step": [2.5,2.0],
          "formation_noise": [0.1,0.1],
          "uniqueName": "",
          "attack_type": "fire_at_will"
        },
        "way": []
      }
    },
    {
      "air_defence": {
        "name": "t2_airfield_aaa_small_02",
        "tm": [
          [-0.83567,0.0,0.549231],
          [0.0,1.0,0.0],
          [-0.549231,0.0,-0.83567],
          [2556.57,361.095,10384.0]
        ],
        "unit_class": "germ_37mm_flak43_airfield",
        "objLayer": 1,
        "closed_waypoints": false,
        "isShipSpline": false,
        "shipTurnRadius": 100.0,
        "weapons": "",
        "bullets0": "",
        "bullets1": "",
        "bullets2": "",
        "bullets3": "",
        "bulletsCount0": 0,
        "bulletsCount1": 0,
        "bulletsCount2": 0,
        "bulletsCount3": 0,
        "crewSkillK": 0.0,
        "applyAllMods": false,
        "props": {
          "army": 2,
          "count": 1,
          "formation_type": "rows",
          "formation_div": 3,
          "formation_step": [2.5,2.0],
          "formation_noise": [0.1,0.1],
          "uniqueName": "",
          "attack_type": "fire_at_will"
        },
        "way": []
      }
    },
    {
      "air_defence": {
        "name": "t2_airfield_aaa_small_03",
        "tm": [
          [-0.83567,0.0,0.549231],
          [0.0,1.0,0.0],
          [-0.549231,0.0,-0.83567],
          [2008.47,360.874,10735.0]
        ],
        "unit_class": "germ_37mm_flak43_airfield",
        "objLayer": 1,
        "closed_waypoints": false,
        "isShipSpline": false,
        "shipTurnRadius": 100.0,
        "weapons": "",
        "bullets0": "",
        "bullets1": "",
        "bullets2": "",
        "bullets3": "",
        "bulletsCount0": 0,
        "bulletsCount1": 0,
        "bulletsCount2": 0,
        "bulletsCount3": 0,
        "crewSkillK": 0.0,
        "applyAllMods": false,
        "props": {
          "army": 2,
          "count": 1,
          "formation_type": "rows",
          "formation_div": 3,
          "formation_step": [2.5,2.0],
          "formation_noise": [0.1,0.1],
          "uniqueName": "",
          "attack_type": "fire_at_will"
        },
        "way": []
      }
    },
    {
      "air_defence": {
        "name": "t2_airfield_aaa_small_04",
        "tm": [
          [-0.83567,0.0,0.549231],
          [0.0,1.0,0.0],
          [-0.549231,0.0,-0.83567],
          [1464.97,361.091,10924.2]
        ],
        "unit_class": "germ_37mm_flak43_airfield",
        "objLayer": 1,
        "closed_waypoints": false,
        "isShipSpline": false,
        "shipTurnRadius": 100.0,
        "weapons": "",
        "bullets0": "",
        "bullets1": "",
        "bullets2": "",
        "bullets3": "",
        "bulletsCount0": 0,
        "bulletsCount1": 0,
        "bulletsCount2": 0,
        "bulletsCount3": 0,
        "crewSkillK": 0.0,
        "applyAllMods": false,
        "props": {
          "army": 2,
          "count": 1,
          "formation_type": "rows",
          "formation_div": 3,
          "formation_step": [2.5,2.0],
          "formation_noise": [0.1,0.1],
          "uniqueName": "",
          "attack_type": "fire_at_will"
        },
        "way": []
      }
    },
    {
      "air_defence": {
        "name": "t2_airfield_aaa_small_05",
        "tm": [
          [-0.83567,0.0,0.549231],
          [0.0,1.0,0.0],
          [-0.549231,0.0,-0.83567],
          [2183.8,360.634,10686.4]
        ],
        "unit_class": "germ_37mm_flak43_airfield",
        "objLayer": 1,
        "closed_waypoints": false,
        "isShipSpline": false,
        "shipTurnRadius": 100.0,
        "weapons": "",
        "bullets0": "",
        "bullets1": "",
        "bullets2": "",
        "bullets3": "",
        "bulletsCount0": 0,
        "bulletsCount1": 0,
        "bulletsCount2": 0,
        "bulletsCount3": 0,
        "crewSkillK": 0.0,
        "applyAllMods": false,
        "props": {
          "army": 2,
          "count": 1,
          "formation_type": "rows",
          "formation_div": 3,
          "formation_step": [2.5,2.0],
          "formation_noise": [0.1,0.1],
          "uniqueName": "",
          "attack_type": "fire_at_will"
        },
        "way": []
      }
    },
    {
      "air_defence": {
        "name": "t2_airfield_aaa_small_06",
        "tm": [
          [-0.83567,0.0,0.549231],
          [0.0,1.0,0.0],
          [-0.549231,0.0,-0.83567],
          [1835.52,361.512,10787.6]
        ],
        "unit_class": "germ_37mm_flak43_airfield",
        "objLayer": 1,
        "closed_waypoints": false,
        "isShipSpline": false,
        "shipTurnRadius": 100.0,
        "weapons": "",
        "bullets0": "",
        "bullets1": "",
        "bullets2": "",
        "bullets3": "",
        "bulletsCount0": 0,
        "bulletsCount1": 0,
        "bulletsCount2": 0,
        "bulletsCount3": 0,
        "crewSkillK": 0.0,
        "applyAllMods": false,
        "props": {
          "army": 2,
          "count": 1,
          "formation_type": "rows",
          "formation_div": 3,
          "formation_step": [2.5,2.0],
          "formation_noise": [0.1,0.1],
          "uniqueName": "",
          "attack_type": "fire_at_will"
        },
        "way": []
      }
    },
    {
      "air_defence": {
        "name": "t2_airfield_aaa_big_01",
        "tm": [
          [-0.670621,0.0,-0.741799],
          [0.0,1.0,0.0],
          [0.741799,0.0,-0.670621],
          [2083.29,356.495,10101.6]
        ],
        "unit_class": "germ_88mm_flak36",
        "objLayer": 1,
        "closed_waypoints": false,
        "isShipSpline": false,
        "shipTurnRadius": 100.0,
        "weapons": "",
        "bullets0": "",
        "bullets1": "",
        "bullets2": "",
        "bullets3": "",
        "bulletsCount0": 0,
        "bulletsCount1": 0,
        "bulletsCount2": 0,
        "bulletsCount3": 0,
        "crewSkillK": 0.0,
        "applyAllMods": false,
        "props": {
          "army": 2,
          "count": 1,
          "formation_type": "rows",
          "formation_div": 3,
          "formation_step": [2.5,2.0],
          "formation_noise": [0.1,0.1],
          "uniqueName": "",
          "attack_type": "fire_at_will"
        },
        "way": []
      }
    },
    {
      "air_defence": {
        "name": "t2_airfield_aaa_big_02",
        "tm": [
          [-0.83567,0.0,0.549231],
          [0.0,1.0,0.0],
          [-0.549231,0.0,-0.83567],
          [1665.86,360.954,11012.1]
        ],
        "unit_class": "germ_88mm_flak36",
        "objLayer": 1,
        "closed_waypoints": false,
        "isShipSpline": false,
        "shipTurnRadius": 100.0,
        "weapons": "",
        "bullets0": "",
        "bullets1": "",
        "bullets2": "",
        "bullets3": "",
        "bulletsCount0": 0,
        "bulletsCount1": 0,
        "bulletsCount2": 0,
        "bulletsCount3": 0,
        "crewSkillK": 0.0,
        "applyAllMods": false,
        "props": {
          "army": 2,
          "count": 1,
          "formation_type": "rows",
          "formation_div": 3,
          "formation_step": [2.5,2.0],
          "formation_noise": [0.1,0.1],
          "uniqueName": "",
          "attack_type": "fire_at_will"
        },
        "way": []
      }
    },
    {
      "air_defence": {
        "name": "t2_airfield_aaa_big_03",
        "tm": [
          [-0.670621,0.0,-0.741799],
          [0.0,1.0,0.0],
          [0.741799,0.0,-0.670621],
          [2371.6,356.472,9962.31]
        ],
        "unit_class": "germ_88mm_flak36",
        "objLayer": 1,
        "closed_waypoints": false,
        "isShipSpline": false,
        "shipTurnRadius": 100.0,
        "weapons": "",
        "bullets0": "",
        "bullets1": "",
        "bullets2": "",
        "bullets3": "",
        "bulletsCount0": 0,
        "bulletsCount1": 0,
        "bulletsCount2": 0,
        "bulletsCount3": 0,
        "crewSkillK": 0.0,
        "applyAllMods": false,
        "props": {
          "army": 2,
          "count": 1,
          "formation_type": "rows",
          "formation_div": 3,
          "formation_step": [2.5,2.0],
          "formation_noise": [0.1,0.1],
          "uniqueName": "",
          "attack_type": "fire_at_will"
        },
        "way": []
      }
    },
    {
      "air_defence": {
        "name": "t2_airfield_aaa_big_04",
        "tm": [
          [-0.83567,0.0,0.549231],
          [0.0,1.0,0.0],
          [-0.549231,0.0,-0.83567],
          [2535.07,360.994,10267.1]
        ],
        "unit_class": "germ_88mm_flak36",
        "objLayer": 1,
        "closed_waypoints": false,
        "isShipSpline": false,
        "shipTurnRadius": 100.0,
        "weapons": "",
        "bullets0": "",
        "bullets1": "",
        "bullets2": "",
        "bullets3": "",
        "bulletsCount0": 0,
        "bulletsCount1": 0,
        "bulletsCount2": 0,
        "bulletsCount3": 0,
        "crewSkillK": 0.0,
        "applyAllMods": false,
        "props": {
          "army": 2,
          "count": 1,
          "formation_type": "rows",
          "formation_div": 3,
          "formation_step": [2.5,2.0],
          "formation_noise": [0.1,0.1],
          "uniqueName": "",
          "attack_type": "fire_at_will"
        },
        "way": []
      }
    },
    {
      "squad": {
        "name": "t1_airfield_aaa_squad",
        "tm": [
          [-0.866948,0.0,0.498398],
          [0.0,1.0,0.0],
          [-0.498398,0.0,-0.866948],
          [1999.55,514.228,-5442.51]
        ],
        "props": [
          {
            "object_marking": 0
          },
          {
            "squad_members": "t1_airfield_aaa_small_01"
          },
          {
            "squad_members": "t1_airfield_aaa_small_02"
          },
          {
            "squad_members": "t1_airfield_aaa_small_03"
          },
          {
            "squad_members": "t1_airfield_aaa_small_04"
          },
          {
            "squad_members": "t1_airfield_aaa_small_05"
          },
          {
            "squad_members": "t1_airfield_aaa_small_06"
          },
          {
            "squad_members": "t1_airfield_aaa_big_01"
          },
          {
            "squad_members": "t1_airfield_aaa_big_02"
          },
          {
            "squad_members": "t1_airfield_aaa_big_03"
          },
          {
            "squad_members": "t1_airfield_aaa_big_04"
          }
        ]
      }
    },
    {
      "squad": {
        "name": "t2_airfield_aaa_squad",
        "tm": [
          [-0.339525,0.0,0.940598],
          [0.0,1.0,0.0],
          [-0.940598,0.0,-0.339525],
          [2048.0,496.17,10332.5]
        ],
        "props": [
          {
            "object_marking": 0
          },
          {
            "squad_members": "t2_airfield_aaa_small_01"
          },
          {
            "squad_members": "t2_airfield_aaa_small_02"
          },
          {
            "squad_members": "t2_airfield_aaa_small_03"
          },
          {
            "squad_members": "t2_airfield_aaa_small_04"
          },
          {
            "squad_members": "t2_airfield_aaa_small_05"
          },
          {
            "squad_members": "t2_airfield_aaa_small_06"
          },
          {
            "squad_members": "t2_airfield_aaa_big_01"
          },
          {
            "squad_members": "t2_airfield_aaa_big_02"
          },
          {
            "squad_members": "t2_airfield_aaa_big_03"
          },
          {
            "squad_members": "t2_airfield_aaa_big_04"
          }
        ]
      }
    }
  ],
  "areas": [],
  "objLayers": [
    {
      "layer": {
        "enabled": true
      }
    },
    {
      "layer": {
        "enabled": true
      }
    },
    {
      "layer": {
        "enabled": true
      }
    },
    {
      "layer": {
        "enabled": true
      }
    },
    {
      "layer": {
        "enabled": true
      }
    }
  ],
  "wayPoints": []
}