{
  "selected_tag": "",
  "bin_dump_file": "",
  "mission_settings": {
    "player": {
      "army": 1
    },
    "player_teamB": {
      "army": 2
    },
    "mission": {
      "level": "levels/dover_strait.bin",
      "type": "domination",
      "environment": "Day",
      "weather": "hazy",
      "restoreType": "attempts",
      "optionalTakeOff": false
    }
  },
  "imports": {},
  "triggers": {
    "isCategory": true,
    "is_enabled": true
  },
  "mission_objectives": {
    "isCategory": true,
    "is_enabled": true
  },
  "variables": {},
  "dialogs": {},
  "airfields": {},
  "effects": {},
  "units": {
    "objectGroups": [
      {
        "name": "bdt_t2_bomb_object_01",
        "tm": [
          [
            0.404467,
            0.0,
            -0.91455
          ],
          [
            0.0,
            1.0,
            0.0
          ],
          [
            0.91455,
            0.0,
            0.404467
          ],
          [
            -5021.54,
            1035.82,
            2120.84
          ]
        ],
        "unit_class": "dynBase_hq_camp_square",
        "objLayer": 2,
        "props": {
          "army": 2,
          "active": false
        }
      },
      {
        "name": "bdt_t2_bomb_object_02",
        "tm": [
          [
            -0.212596,
            0.0,
            -0.977143
          ],
          [
            0.0,
            1.0,
            0.0
          ],
          [
            0.977143,
            0.0,
            -0.212596
          ],
          [
            -10307.8,
            470.9,
            -9494.6
          ]
        ],
        "unit_class": "dynBase_fuel_storage_square",
        "objLayer": 2,
        "props": {
          "army": 2,
          "active": false
        }
      },
      {
        "name": "bdt_t2_bomb_object_03",
        "tm": [
          [
            0.998871,
            0.0,
            0.0475529
          ],
          [
            0.0,
            1.0,
            0.0
          ],
          [
            -0.0475529,
            0.0,
            0.998871
          ],
          [
            -7397.05,
            807.9,
            -15604.5
          ]
        ],
        "unit_class": "dynBase_oil_storage_small_square",
        "objLayer": 2,
        "props": {
          "army": 2,
          "active": false
        }
      },
      {
        "name": "bdt_t1_bomb_object_01",
        "tm": [
          [
            0.758271,
            0.0,
            -0.651939
          ],
          [
            0.0,
            1.0,
            0.0
          ],
          [
            0.651939,
            0.0,
            0.758271
          ],
          [
            14609.1,
            1212.25,
            -5291.0
          ]
        ],
        "unit_class": "dynBase_fuel_storage_square",
        "objLayer": 2,
        "props": {
          "army": 1,
          "active": false
        }
      },
      {
        "name": "bdt_t1_bomb_object_02",
        "tm": [
          [
            0.999499,
            0.0,
            0.0316221
          ],
          [
            0.0,
            1.0,
            0.0
          ],
          [
            -0.0316221,
            0.0,
            0.999499
          ],
          [
            7983.55,
            1037.7,
            -1359.05
          ]
        ],
        "unit_class": "dynBase_small_factory_square",
        "objLayer": 2,
        "props": {
          "army": 1,
          "active": false
        }
      },
      {
        "name": "bdt_t1_bomb_object_03",
        "tm": [
          [
            0.990721,
            0.0,
            0.135901
          ],
          [
            0.0,
            1.0,
            0.0
          ],
          [
            -0.135901,
            0.0,
            0.990721
          ],
          [
            8274.76,
            898.7,
            -15124.2
          ]
        ],
        "unit_class": "dynBase_oil_storage_small_square",
        "objLayer": 2,
        "props": {
          "army": 1,
          "active": false
        }
      },
      {
        "name": "bdt_t2_bomb_object_04",
        "tm": [
          [
            0.855888,
            0.0,
            -0.517161
          ],
          [
            0.0,
            1.0,
            0.0
          ],
          [
            0.517161,
            0.0,
            0.855888
          ],
          [
            -9026.97,
            979.29,
            2729.53
          ]
        ],
        "unit_class": "dynBase_small_factory_square",
        "objLayer": 2,
        "props": {
          "army": 2,
          "active": false
        }
      },
      {
        "name": "bdt_t1_bomb_object_04",
        "tm": [
          [
            0.975624,
            0.0,
            -0.219451
          ],
          [
            0.0,
            1.0,
            0.0
          ],
          [
            0.219451,
            0.0,
            0.975624
          ],
          [
            1345.9,
            828.25,
            -18477.0
          ]
        ],
        "unit_class": "dynBase_field_camp_square",
        "objLayer": 2,
        "props": {
          "army": 1,
          "active": false
        }
      },
      {
        "name": "bdt_t1_bomb_object_05",
        "tm": [
          [
            0.975624,
            0.0,
            -0.219451
          ],
          [
            0.0,
            1.0,
            0.0
          ],
          [
            0.219451,
            0.0,
            0.975624
          ],
          [
            4312.73,
            1178.45,
            -20303.0
          ]
        ],
        "unit_class": "dynBase_military_base_square",
        "objLayer": 2,
        "props": {
          "army": 1,
          "active": false
        }
      },
      {
        "name": "bdt_t1_bomb_object_06",
        "tm": [
          [
            0.975624,
            0.0,
            -0.219451
          ],
          [
            0.0,
            1.0,
            0.0
          ],
          [
            0.219451,
            0.0,
            0.975624
          ],
          [
            9753.1,
            671.05,
            -18656.8
          ]
        ],
        "unit_class": "dynBase_oil_storage_large_square",
        "objLayer": 2,
        "props": {
          "army": 1,
          "active": false
        }
      },
      {
        "name": "bdt_t1_bomb_object_07",
        "tm": [
          [
            0.975624,
            0.0,
            -0.219451
          ],
          [
            0.0,
            1.0,
            0.0
          ],
          [
            0.219451,
            0.0,
            0.975624
          ],
          [
            5956.24,
            929.5,
            -16317.8
          ]
        ],
        "unit_class": "dynBase_oil_storage_large_square",
        "objLayer": 2,
        "props": {
          "army": 1,
          "active": false
        }
      },
      {
        "name": "bdt_t1_bomb_object_08",
        "tm": [
          [
            0.758271,
            0.0,
            -0.651939
          ],
          [
            0.0,
            1.0,
            0.0
          ],
          [
            0.651939,
            0.0,
            0.758271
          ],
          [
            12179.9,
            1165.6,
            878.826
          ]
        ],
        "unit_class": "dynBase_small_factory_square",
        "objLayer": 2,
        "props": {
          "army": 1,
          "active": false
        }
      },
      {
        "name": "bdt_t1_bomb_object_09",
        "tm": [
          [
            0.758271,
            0.0,
            -0.651939
          ],
          [
            0.0,
            1.0,
            0.0
          ],
          [
            0.651939,
            0.0,
            0.758271
          ],
          [
            11929.1,
            725.45,
            -8836.0
          ]
        ],
        "unit_class": "dynBase_petrol_camp_square",
        "objLayer": 2,
        "props": {
          "army": 1,
          "active": false
        }
      },
      {
        "name": "bdt_t1_bomb_object_10",
        "tm": [
          [
            0.758271,
            0.0,
            -0.651939
          ],
          [
            0.0,
            1.0,
            0.0
          ],
          [
            0.651939,
            0.0,
            0.758271
          ],
          [
            10232.9,
            1102.8,
            -3703.9
          ]
        ],
        "unit_class": "dynBase_petrol_camp_square",
        "objLayer": 2,
        "props": {
          "army": 1,
          "active": false
        }
      },
      {
        "name": "bdt_t2_bomb_object_05",
        "tm": [
          [
            0.855888,
            0.0,
            -0.517161
          ],
          [
            0.0,
            1.0,
            0.0
          ],
          [
            0.517161,
            0.0,
            0.855888
          ],
          [
            4.39404,
            1268.95,
            6206.67
          ]
        ],
        "unit_class": "dynBase_petrol_camp_square",
        "objLayer": 2,
        "props": {
          "army": 2,
          "active": false
        }
      },
      {
        "name": "bdt_t2_bomb_object_06",
        "tm": [
          [
            0.998486,
            0.0,
            -0.0550284
          ],
          [
            0.0,
            1.0,
            0.0
          ],
          [
            0.0550284,
            0.0,
            0.998486
          ],
          [
            635.188,
            1312.14,
            4061.86
          ]
        ],
        "unit_class": "dynBase_military_base_square",
        "objLayer": 2,
        "props": {
          "army": 2,
          "active": false
        }
      },
      {
        "name": "bdt_t2_bomb_object_07",
        "tm": [
          [
            0.855888,
            0.0,
            -0.517161
          ],
          [
            0.0,
            1.0,
            0.0
          ],
          [
            0.517161,
            0.0,
            0.855888
          ],
          [
            -8284.47,
            1182.39,
            -830.344
          ]
        ],
        "unit_class": "dynBase_fuel_storage_square",
        "objLayer": 2,
        "props": {
          "army": 2,
          "active": false
        }
      },
      {
        "name": "bdt_t2_bomb_object_08",
        "tm": [
          [
            0.998871,
            0.0,
            0.0475529
          ],
          [
            0.0,
            1.0,
            0.0
          ],
          [
            -0.0475529,
            0.0,
            0.998871
          ],
          [
            -12954.8,
            993.723,
            -6099.49
          ]
        ],
        "unit_class": "dynBase_ammunition_storage_square",
        "objLayer": 2,
        "props": {
          "army": 2,
          "active": false
        }
      },
      {
        "name": "bdt_t2_bomb_object_09",
        "tm": [
          [
            0.998871,
            0.0,
            0.0475529
          ],
          [
            0.0,
            1.0,
            0.0
          ],
          [
            -0.0475529,
            0.0,
            0.998871
          ],
          [
            -12711.2,
            -4.8,
            -14237.9
          ]
        ],
        "unit_class": "dynBase_field_camp_square",
        "objLayer": 2,
        "props": {
          "army": 2,
          "active": false
        }
      },
      {
        "name": "bdt_t2_bomb_object_10",
        "tm": [
          [
            0.998871,
            0.0,
            0.0475529
          ],
          [
            0.0,
            1.0,
            0.0
          ],
          [
            -0.0475529,
            0.0,
            0.998871
          ],
          [
            -10145.1,
            350.174,
            -6244.23
          ]
        ],
        "unit_class": "dynBase_oil_storage_small_square",
        "objLayer": 2,
        "props": {
          "army": 2,
          "active": false
        }
      }
    ]
  },
  "areas": {
    "bdt_t2_bomb_zone_01": {
      "type": "Sphere",
      "tm": [
        [
          182.011,
          0.0,
          -411.55
        ],
        [
          0.0,
          450.0,
          0.0
        ],
        [
          411.55,
          0.0,
          182.011
        ],
        [
          -5028.6,
          1080.33,
          2120.36
        ]
      ],
      "objLayer": 0,
      "props": {}
    },
    "bdt_t2_bomb_zone_02": {
      "type": "Sphere",
      "tm": [
        [
          226.533,
          0.0,
          -388.824
        ],
        [
          0.0,
          450.0,
          0.0
        ],
        [
          388.824,
          0.0,
          226.533
        ],
        [
          -10286.1,
          471.22,
          -9493.01
        ]
      ],
      "objLayer": 0,
      "props": {}
    },
    "bdt_t2_bomb_zone_03": {
      "type": "Sphere",
      "tm": [
        [
          449.49,
          0.0,
          21.3967
        ],
        [
          0.0,
          450.0,
          0.0
        ],
        [
          -21.3967,
          0.0,
          449.49
        ],
        [
          -7402.75,
          807.85,
          -15596.5
        ]
      ],
      "objLayer": 0,
      "props": {}
    },
    "bdt_t1_bomb_zone_01": {
      "type": "Sphere",
      "tm": [
        [
          341.22,
          0.0,
          -293.373
        ],
        [
          0.0,
          450.0,
          0.0
        ],
        [
          293.373,
          0.0,
          341.22
        ],
        [
          14620.5,
          1212.29,
          -5296.7
        ]
      ],
      "objLayer": 0,
      "props": {}
    },
    "bdt_t1_bomb_zone_02": {
      "type": "Sphere",
      "tm": [
        [
          442.192,
          0.0,
          -83.4569
        ],
        [
          0.0,
          450.0,
          0.0
        ],
        [
          83.4569,
          0.0,
          442.192
        ],
        [
          7988.02,
          1067.15,
          -1357.73
        ]
      ],
      "objLayer": 0,
      "props": {}
    },
    "bdt_t1_bomb_zone_03": {
      "type": "Sphere",
      "tm": [
        [
          435.556,
          0.0,
          -113.092
        ],
        [
          0.0,
          450.0,
          0.0
        ],
        [
          113.092,
          0.0,
          435.556
        ],
        [
          8280.34,
          898.57,
          -15125.0
        ]
      ],
      "objLayer": 0,
      "props": {}
    },
    "bdt_t2_bomb_zone_04": {
      "type": "Sphere",
      "tm": [
        [
          385.148,
          0.0,
          -232.723
        ],
        [
          0.0,
          450.0,
          0.0
        ],
        [
          232.723,
          0.0,
          385.148
        ],
        [
          -9021.31,
          1023.66,
          2724.06
        ]
      ],
      "objLayer": 0,
      "props": {}
    },
    "bdt_t1_bomb_zone_04": {
      "type": "Sphere",
      "tm": [
        [
          435.556,
          0.0,
          -113.092
        ],
        [
          0.0,
          450.0,
          0.0
        ],
        [
          113.092,
          0.0,
          435.556
        ],
        [
          1347.69,
          828.22,
          -18471.6
        ]
      ],
      "objLayer": 0,
      "props": {}
    },
    "bdt_t2_bomb_zone_01_aaa_point_01": {
      "type": "Point",
      "tm": [
        [
          0.84636,
          0.0,
          -0.532608
        ],
        [
          0.0,
          1.0,
          0.0
        ],
        [
          0.532608,
          0.0,
          0.84636
        ],
        [
          -5125.16,
          1082.46,
          1916.67
        ]
      ],
      "objLayer": 0,
      "props": {}
    },
    "bdt_t2_bomb_zone_01_aaa_point_02": {
      "type": "Point",
      "tm": [
        [
          0.84636,
          0.0,
          -0.532608
        ],
        [
          0.0,
          1.0,
          0.0
        ],
        [
          0.532608,
          0.0,
          0.84636
        ],
        [
          -5006.97,
          1082.09,
          2411.74
        ]
      ],
      "objLayer": 0,
      "props": {}
    },
    "bdt_t2_bomb_zone_01_aaa_point_03": {
      "type": "Point",
      "tm": [
        [
          0.84636,
          0.0,
          -0.532608
        ],
        [
          0.0,
          1.0,
          0.0
        ],
        [
          0.532608,
          0.0,
          0.84636
        ],
        [
          -4902.18,
          1080.67,
          2355.33
        ]
      ],
      "objLayer": 0,
      "props": {}
    },
    "bdt_t2_bomb_zone_01_aaa_point_04": {
      "type": "Point",
      "tm": [
        [
          0.84636,
          0.0,
          -0.532608
        ],
        [
          0.0,
          1.0,
          0.0
        ],
        [
          0.532608,
          0.0,
          0.84636
        ],
        [
          -4563.98,
          1076.93,
          2170.35
        ]
      ],
      "objLayer": 0,
      "props": {}
    },
    "bdt_t2_bomb_zone_02_aaa_point_01": {
      "type": "Point",
      "tm": [
        [
          0.900209,
          0.0,
          -0.435452
        ],
        [
          0.0,
          1.0,
          0.0
        ],
        [
          0.435452,
          0.0,
          0.900209
        ],
        [
          -10530.0,
          468.58,
          -9541.05
        ]
      ],
      "objLayer": 0,
      "props": {}
    },
    "bdt_t2_bomb_zone_02_aaa_point_02": {
      "type": "Point",
      "tm": [
        [
          0.900209,
          0.0,
          -0.435452
        ],
        [
          0.0,
          1.0,
          0.0
        ],
        [
          0.435452,
          0.0,
          0.900209
        ],
        [
          -10087.9,
          470.42,
          -9232.68
        ]
      ],
      "objLayer": 0,
      "props": {}
    },
    "bdt_t2_bomb_zone_02_aaa_point_03": {
      "type": "Point",
      "tm": [
        [
          0.900209,
          0.0,
          -0.435452
        ],
        [
          0.0,
          1.0,
          0.0
        ],
        [
          0.435452,
          0.0,
          0.900209
        ],
        [
          -10470.0,
          474.23,
          -9282.41
        ]
      ],
      "objLayer": 0,
      "props": {}
    },
    "bdt_t2_bomb_zone_02_aaa_point_04": {
      "type": "Point",
      "tm": [
        [
          0.900209,
          0.0,
          -0.435452
        ],
        [
          0.0,
          1.0,
          0.0
        ],
        [
          0.435452,
          0.0,
          0.900209
        ],
        [
          -10099.7,
          468.51,
          -9626.73
        ]
      ],
      "objLayer": 0,
      "props": {}
    },
    "bdt_t2_bomb_zone_03_aaa_point_01": {
      "type": "Point",
      "tm": [
        [
          0.900209,
          0.0,
          -0.435452
        ],
        [
          0.0,
          1.0,
          0.0
        ],
        [
          0.435452,
          0.0,
          0.900209
        ],
        [
          -7486.74,
          810.65,
          -15882.2
        ]
      ],
      "objLayer": 0,
      "props": {}
    },
    "bdt_t2_bomb_zone_03_aaa_point_02": {
      "type": "Point",
      "tm": [
        [
          0.900209,
          0.0,
          -0.435452
        ],
        [
          0.0,
          1.0,
          0.0
        ],
        [
          0.435452,
          0.0,
          0.900209
        ],
        [
          -7185.44,
          804.59,
          -15400.5
        ]
      ],
      "objLayer": 0,
      "props": {}
    },
    "bdt_t2_bomb_zone_03_aaa_point_03": {
      "type": "Point",
      "tm": [
        [
          0.900209,
          0.0,
          -0.435452
        ],
        [
          0.0,
          1.0,
          0.0
        ],
        [
          0.435452,
          0.0,
          0.900209
        ],
        [
          -7469.51,
          804.98,
          -15283.0
        ]
      ],
      "objLayer": 0,
      "props": {}
    },
    "bdt_t2_bomb_zone_03_aaa_point_04": {
      "type": "Point",
      "tm": [
        [
          0.900209,
          0.0,
          -0.435452
        ],
        [
          0.0,
          1.0,
          0.0
        ],
        [
          0.435452,
          0.0,
          0.900209
        ],
        [
          -7666.28,
          810.51,
          -15739.5
        ]
      ],
      "objLayer": 0,
      "props": {}
    },
    "bdt_t2_bomb_zone_04_aaa_point_01": {
      "type": "Point",
      "tm": [
        [
          0.84636,
          0.0,
          -0.532608
        ],
        [
          0.0,
          1.0,
          0.0
        ],
        [
          0.532608,
          0.0,
          0.84636
        ],
        [
          -8695.95,
          1019.51,
          2791.8
        ]
      ],
      "objLayer": 0,
      "props": {}
    },
    "bdt_t2_bomb_zone_04_aaa_point_02": {
      "type": "Point",
      "tm": [
        [
          0.84636,
          0.0,
          -0.532608
        ],
        [
          0.0,
          1.0,
          0.0
        ],
        [
          0.532608,
          0.0,
          0.84636
        ],
        [
          -9214.72,
          1019.28,
          2942.92
        ]
      ],
      "objLayer": 0,
      "props": {}
    },
    "bdt_t2_bomb_zone_04_aaa_point_03": {
      "type": "Point",
      "tm": [
        [
          0.84636,
          0.0,
          -0.532608
        ],
        [
          0.0,
          1.0,
          0.0
        ],
        [
          0.532608,
          0.0,
          0.84636
        ],
        [
          -9049.25,
          1019.12,
          2458.91
        ]
      ],
      "objLayer": 0,
      "props": {}
    },
    "bdt_t2_bomb_zone_04_aaa_point_04": {
      "type": "Point",
      "tm": [
        [
          0.84636,
          0.0,
          -0.532608
        ],
        [
          0.0,
          1.0,
          0.0
        ],
        [
          0.532608,
          0.0,
          0.84636
        ],
        [
          -9240.74,
          979.37,
          2610.69
        ]
      ],
      "objLayer": 0,
      "props": {}
    },
    "bdt_t1_bomb_zone_01_aaa_point_01": {
      "type": "Point",
      "tm": [
        [
          0.993113,
          0.0,
          -0.11715
        ],
        [
          0.0,
          1.0,
          0.0
        ],
        [
          0.11715,
          0.0,
          0.993113
        ],
        [
          14874.3,
          1215.67,
          -5317.62
        ]
      ],
      "objLayer": 0,
      "props": {}
    },
    "bdt_t1_bomb_zone_01_aaa_point_02": {
      "type": "Point",
      "tm": [
        [
          0.993113,
          0.0,
          -0.11715
        ],
        [
          0.0,
          1.0,
          0.0
        ],
        [
          0.11715,
          0.0,
          0.993113
        ],
        [
          14383.6,
          1209.62,
          -5207.18
        ]
      ],
      "objLayer": 0,
      "props": {}
    },
    "bdt_t1_bomb_zone_01_aaa_point_03": {
      "type": "Point",
      "tm": [
        [
          0.993113,
          0.0,
          -0.11715
        ],
        [
          0.0,
          1.0,
          0.0
        ],
        [
          0.11715,
          0.0,
          0.993113
        ],
        [
          14564.4,
          1225.15,
          -5523.02
        ]
      ],
      "objLayer": 0,
      "props": {}
    },
    "bdt_t1_bomb_zone_01_aaa_point_04": {
      "type": "Point",
      "tm": [
        [
          0.993113,
          0.0,
          -0.11715
        ],
        [
          0.0,
          1.0,
          0.0
        ],
        [
          0.11715,
          0.0,
          0.993113
        ],
        [
          14386.5,
          1218.39,
          -5379.72
        ]
      ],
      "objLayer": 0,
      "props": {}
    },
    "bdt_t1_bomb_zone_02_aaa_point_01": {
      "type": "Point",
      "tm": [
        [
          0.993113,
          0.0,
          -0.11715
        ],
        [
          0.0,
          1.0,
          0.0
        ],
        [
          0.11715,
          0.0,
          0.993113
        ],
        [
          8208.36,
          1064.89,
          -1200.84
        ]
      ],
      "objLayer": 0,
      "props": {}
    },
    "bdt_t1_bomb_zone_02_aaa_point_02": {
      "type": "Point",
      "tm": [
        [
          0.993113,
          0.0,
          -0.11715
        ],
        [
          0.0,
          1.0,
          0.0
        ],
        [
          0.11715,
          0.0,
          0.993113
        ],
        [
          7937.37,
          1134.46,
          -1096.91
        ]
      ],
      "objLayer": 0,
      "props": {}
    },
    "bdt_t1_bomb_zone_02_aaa_point_03": {
      "type": "Point",
      "tm": [
        [
          0.993113,
          0.0,
          -0.11715
        ],
        [
          0.0,
          1.0,
          0.0
        ],
        [
          0.11715,
          0.0,
          0.993113
        ],
        [
          7872.07,
          1095.58,
          -1793.02
        ]
      ],
      "objLayer": 0,
      "props": {}
    },
    "bdt_t1_bomb_zone_02_aaa_point_04": {
      "type": "Point",
      "tm": [
        [
          0.993113,
          0.0,
          -0.11715
        ],
        [
          0.0,
          1.0,
          0.0
        ],
        [
          0.11715,
          0.0,
          0.993113
        ],
        [
          7667.46,
          1143.23,
          -1283.41
        ]
      ],
      "objLayer": 0,
      "props": {}
    },
    "bdt_t1_bomb_zone_03_aaa_point_01": {
      "type": "Point",
      "tm": [
        [
          0.973993,
          0.0,
          -0.226573
        ],
        [
          0.0,
          1.0,
          0.0
        ],
        [
          0.226573,
          0.0,
          0.973993
        ],
        [
          8030.75,
          902.94,
          -15305.0
        ]
      ],
      "objLayer": 0,
      "props": {}
    },
    "bdt_t1_bomb_zone_03_aaa_point_02": {
      "type": "Point",
      "tm": [
        [
          0.973993,
          0.0,
          -0.226573
        ],
        [
          0.0,
          1.0,
          0.0
        ],
        [
          0.226573,
          0.0,
          0.973993
        ],
        [
          8467.72,
          895.63,
          -14971.6
        ]
      ],
      "objLayer": 0,
      "props": {}
    },
    "bdt_t1_bomb_zone_03_aaa_point_03": {
      "type": "Point",
      "tm": [
        [
          0.973993,
          0.0,
          -0.226573
        ],
        [
          0.0,
          1.0,
          0.0
        ],
        [
          0.226573,
          0.0,
          0.973993
        ],
        [
          8218.08,
          1574.29,
          -14845.0
        ]
      ],
      "objLayer": 0,
      "props": {}
    },
    "bdt_t1_bomb_zone_03_aaa_point_04": {
      "type": "Point",
      "tm": [
        [
          0.973993,
          0.0,
          -0.226573
        ],
        [
          0.0,
          1.0,
          0.0
        ],
        [
          0.226573,
          0.0,
          0.973993
        ],
        [
          8425.23,
          1572.09,
          -15342.1
        ]
      ],
      "objLayer": 0,
      "props": {}
    },
    "bdt_t1_bomb_zone_04_aaa_point_01": {
      "type": "Point",
      "tm": [
        [
          0.973993,
          0.0,
          -0.226573
        ],
        [
          0.0,
          1.0,
          0.0
        ],
        [
          0.226573,
          0.0,
          0.973993
        ],
        [
          1596.86,
          830.41,
          -18667.2
        ]
      ],
      "objLayer": 0,
      "props": {}
    },
    "bdt_t1_bomb_zone_04_aaa_point_02": {
      "type": "Point",
      "tm": [
        [
          0.973993,
          0.0,
          -0.226573
        ],
        [
          0.0,
          1.0,
          0.0
        ],
        [
          0.226573,
          0.0,
          0.973993
        ],
        [
          1567.75,
          828.33,
          -18347.3
        ]
      ],
      "objLayer": 0,
      "props": {}
    },
    "bdt_t1_bomb_zone_04_aaa_point_03": {
      "type": "Point",
      "tm": [
        [
          0.973993,
          0.0,
          -0.226573
        ],
        [
          0.0,
          1.0,
          0.0
        ],
        [
          0.226573,
          0.0,
          0.973993
        ],
        [
          1275.88,
          829.26,
          -18753.4
        ]
      ],
      "objLayer": 0,
      "props": {}
    },
    "bdt_t1_bomb_zone_04_aaa_point_04": {
      "type": "Point",
      "tm": [
        [
          0.973993,
          0.0,
          -0.226573
        ],
        [
          0.0,
          1.0,
          0.0
        ],
        [
          0.226573,
          0.0,
          0.973993
        ],
        [
          1257.11,
          827.68,
          -18171.0
        ]
      ],
      "objLayer": 0,
      "props": {}
    },
    "bdt_t1_bomb_zone_05": {
      "type": "Sphere",
      "tm": [
        [
          435.556,
          0.0,
          -113.092
        ],
        [
          0.0,
          450.0,
          0.0
        ],
        [
          113.092,
          0.0,
          435.556
        ],
        [
          4314.4,
          1178.47,
          -20297.3
        ]
      ],
      "objLayer": 0,
      "props": {}
    },
    "bdt_t1_bomb_zone_06": {
      "type": "Sphere",
      "tm": [
        [
          435.556,
          0.0,
          -113.092
        ],
        [
          0.0,
          450.0,
          0.0
        ],
        [
          113.092,
          0.0,
          435.556
        ],
        [
          9754.89,
          671.1,
          -18651.2
        ]
      ],
      "objLayer": 0,
      "props": {}
    },
    "bdt_t1_bomb_zone_07": {
      "type": "Sphere",
      "tm": [
        [
          435.556,
          0.0,
          -113.092
        ],
        [
          0.0,
          450.0,
          0.0
        ],
        [
          113.092,
          0.0,
          435.556
        ],
        [
          5958.04,
          929.61,
          -16312.3
        ]
      ],
      "objLayer": 0,
      "props": {}
    },
    "bdt_t1_bomb_zone_08": {
      "type": "Sphere",
      "tm": [
        [
          341.22,
          0.0,
          -293.373
        ],
        [
          0.0,
          450.0,
          0.0
        ],
        [
          293.373,
          0.0,
          341.22
        ],
        [
          12191.3,
          1196.96,
          873.082
        ]
      ],
      "objLayer": 0,
      "props": {}
    },
    "bdt_t1_bomb_zone_09": {
      "type": "Sphere",
      "tm": [
        [
          341.22,
          0.0,
          -293.373
        ],
        [
          0.0,
          450.0,
          0.0
        ],
        [
          293.373,
          0.0,
          341.22
        ],
        [
          11940.2,
          725.74,
          -8841.62
        ]
      ],
      "objLayer": 0,
      "props": {}
    },
    "bdt_t1_bomb_zone_10": {
      "type": "Sphere",
      "tm": [
        [
          341.22,
          0.0,
          -293.373
        ],
        [
          0.0,
          450.0,
          0.0
        ],
        [
          293.373,
          0.0,
          341.22
        ],
        [
          10244.2,
          1135.9,
          -3709.64
        ]
      ],
      "objLayer": 0,
      "props": {}
    },
    "bdt_t1_bomb_zone_05_aaa_point_01": {
      "type": "Point",
      "tm": [
        [
          0.973993,
          0.0,
          -0.226573
        ],
        [
          0.0,
          1.0,
          0.0
        ],
        [
          0.226573,
          0.0,
          0.973993
        ],
        [
          4053.62,
          1178.73,
          -20213.1
        ]
      ],
      "objLayer": 0,
      "props": {}
    },
    "bdt_t1_bomb_zone_05_aaa_point_02": {
      "type": "Point",
      "tm": [
        [
          0.973993,
          0.0,
          -0.226573
        ],
        [
          0.0,
          1.0,
          0.0
        ],
        [
          0.226573,
          0.0,
          0.973993
        ],
        [
          4171.71,
          1177.82,
          -20358.8
        ]
      ],
      "objLayer": 0,
      "props": {}
    },
    "bdt_t1_bomb_zone_05_aaa_point_03": {
      "type": "Point",
      "tm": [
        [
          0.973993,
          0.0,
          -0.226573
        ],
        [
          0.0,
          1.0,
          0.0
        ],
        [
          0.226573,
          0.0,
          0.973993
        ],
        [
          4584.69,
          1179.03,
          -20395.9
        ]
      ],
      "objLayer": 0,
      "props": {}
    },
    "bdt_t1_bomb_zone_05_aaa_point_04": {
      "type": "Point",
      "tm": [
        [
          0.973993,
          0.0,
          -0.226573
        ],
        [
          0.0,
          1.0,
          0.0
        ],
        [
          0.226573,
          0.0,
          0.973993
        ],
        [
          4557.27,
          1179.74,
          -20162.8
        ]
      ],
      "objLayer": 0,
      "props": {}
    },
    "bdt_t1_bomb_zone_06_aaa_point_01": {
      "type": "Point",
      "tm": [
        [
          0.973993,
          0.0,
          -0.226573
        ],
        [
          0.0,
          1.0,
          0.0
        ],
        [
          0.226573,
          0.0,
          0.973993
        ],
        [
          9514.89,
          666.4,
          -18888.3
        ]
      ],
      "objLayer": 0,
      "props": {}
    },
    "bdt_t1_bomb_zone_06_aaa_point_02": {
      "type": "Point",
      "tm": [
        [
          0.973993,
          0.0,
          -0.226573
        ],
        [
          0.0,
          1.0,
          0.0
        ],
        [
          0.226573,
          0.0,
          0.973993
        ],
        [
          9430.42,
          668.65,
          -18638.8
        ]
      ],
      "objLayer": 0,
      "props": {}
    },
    "bdt_t1_bomb_zone_06_aaa_point_03": {
      "type": "Point",
      "tm": [
        [
          0.973993,
          0.0,
          -0.226573
        ],
        [
          0.0,
          1.0,
          0.0
        ],
        [
          0.226573,
          0.0,
          0.973993
        ],
        [
          9834.71,
          672.63,
          -18352.6
        ]
      ],
      "objLayer": 0,
      "props": {}
    },
    "bdt_t1_bomb_zone_06_aaa_point_04": {
      "type": "Point",
      "tm": [
        [
          0.973993,
          0.0,
          -0.226573
        ],
        [
          0.0,
          1.0,
          0.0
        ],
        [
          0.226573,
          0.0,
          0.973993
        ],
        [
          9985.9,
          668.4,
          -18838.9
        ]
      ],
      "objLayer": 0,
      "props": {}
    },
    "bdt_t1_bomb_zone_07_aaa_point_01": {
      "type": "Point",
      "tm": [
        [
          0.973993,
          0.0,
          -0.226573
        ],
        [
          0.0,
          1.0,
          0.0
        ],
        [
          0.226573,
          0.0,
          0.973993
        ],
        [
          6162.89,
          930.92,
          -16091.3
        ]
      ],
      "objLayer": 0,
      "props": {}
    },
    "bdt_t1_bomb_zone_07_aaa_point_02": {
      "type": "Point",
      "tm": [
        [
          0.973993,
          0.0,
          -0.226573
        ],
        [
          0.0,
          1.0,
          0.0
        ],
        [
          0.226573,
          0.0,
          0.973993
        ],
        [
          5717.53,
          923.62,
          -16564.8
        ]
      ],
      "objLayer": 0,
      "props": {}
    },
    "bdt_t1_bomb_zone_07_aaa_point_03": {
      "type": "Point",
      "tm": [
        [
          0.973993,
          0.0,
          -0.226573
        ],
        [
          0.0,
          1.0,
          0.0
        ],
        [
          0.226573,
          0.0,
          0.973993
        ],
        [
          6212.5,
          918.76,
          -16531.6
        ]
      ],
      "objLayer": 0,
      "props": {}
    },
    "bdt_t1_bomb_zone_07_aaa_point_04": {
      "type": "Point",
      "tm": [
        [
          0.973993,
          0.0,
          -0.226573
        ],
        [
          0.0,
          1.0,
          0.0
        ],
        [
          0.226573,
          0.0,
          0.973993
        ],
        [
          5850.6,
          928.19,
          -15925.1
        ]
      ],
      "objLayer": 0,
      "props": {}
    },
    "bdt_t1_bomb_zone_08_aaa_point_01": {
      "type": "Point",
      "tm": [
        [
          0.993113,
          0.0,
          -0.11715
        ],
        [
          0.0,
          1.0,
          0.0
        ],
        [
          0.11715,
          0.0,
          0.993113
        ],
        [
          12149.6,
          1140.8,
          1181.05
        ]
      ],
      "objLayer": 0,
      "props": {}
    },
    "bdt_t1_bomb_zone_08_aaa_point_02": {
      "type": "Point",
      "tm": [
        [
          0.993113,
          0.0,
          -0.11715
        ],
        [
          0.0,
          1.0,
          0.0
        ],
        [
          0.11715,
          0.0,
          0.993113
        ],
        [
          11895.7,
          1198.16,
          794.039
        ]
      ],
      "objLayer": 0,
      "props": {}
    },
    "bdt_t1_bomb_zone_08_aaa_point_03": {
      "type": "Point",
      "tm": [
        [
          0.993113,
          0.0,
          -0.11715
        ],
        [
          0.0,
          1.0,
          0.0
        ],
        [
          0.11715,
          0.0,
          0.993113
        ],
        [
          12210.7,
          1195.73,
          515.734
        ]
      ],
      "objLayer": 0,
      "props": {}
    },
    "bdt_t1_bomb_zone_08_aaa_point_04": {
      "type": "Point",
      "tm": [
        [
          0.993113,
          0.0,
          -0.11715
        ],
        [
          0.0,
          1.0,
          0.0
        ],
        [
          0.11715,
          0.0,
          0.993113
        ],
        [
          12462.2,
          1198.85,
          847.061
        ]
      ],
      "objLayer": 0,
      "props": {}
    },
    "bdt_t1_bomb_zone_09_aaa_point_01": {
      "type": "Point",
      "tm": [
        [
          0.993113,
          0.0,
          -0.11715
        ],
        [
          0.0,
          1.0,
          0.0
        ],
        [
          0.11715,
          0.0,
          0.993113
        ],
        [
          11512.9,
          725.43,
          -8707.05
        ]
      ],
      "objLayer": 0,
      "props": {}
    },
    "bdt_t1_bomb_zone_09_aaa_point_02": {
      "type": "Point",
      "tm": [
        [
          0.993113,
          0.0,
          -0.11715
        ],
        [
          0.0,
          1.0,
          0.0
        ],
        [
          0.11715,
          0.0,
          0.993113
        ],
        [
          11691.1,
          716.92,
          -9167.72
        ]
      ],
      "objLayer": 0,
      "props": {}
    },
    "bdt_t1_bomb_zone_09_aaa_point_03": {
      "type": "Point",
      "tm": [
        [
          0.993113,
          0.0,
          -0.11715
        ],
        [
          0.0,
          1.0,
          0.0
        ],
        [
          0.11715,
          0.0,
          0.993113
        ],
        [
          11932.9,
          731.13,
          -8343.98
        ]
      ],
      "objLayer": 0,
      "props": {}
    },
    "bdt_t1_bomb_zone_09_aaa_point_04": {
      "type": "Point",
      "tm": [
        [
          0.993113,
          0.0,
          -0.11715
        ],
        [
          0.0,
          1.0,
          0.0
        ],
        [
          0.11715,
          0.0,
          0.993113
        ],
        [
          12145.7,
          717.51,
          -9189.38
        ]
      ],
      "objLayer": 0,
      "props": {}
    },
