{
  "selected_tag": "",
  "bin_dump_file": "",
  "mission_settings": {
    "player": {
      "army": 1
    },
    "player_teamB": {
      "army": 2
    },
    "mission": {
      "type": "singleMission",
      "level": "levels/avg_vlaanderen.bin",
      "environment": "Noon",
      "weather": "clear"
    }
  },
  "imports": {},
  "triggers": {
    "isCategory": true,
    "is_enabled": true
  },
  "mission_objectives": {
    "isCategory": true,
    "is_enabled": true
  },
  "variables": {},
  "dialogs": {},
  "airfields": {},
  "effects": {},
  "units": {
    "objectGroups": [
      {
        "name": "langer_morser_a_17",
        "tm": [
          [
            0.461749,
            -7.45058e-9,
            -0.887011
          ],
          [
            -0.0201437,
            0.999742,
            -0.0104862
          ],
          [
            0.886782,
            0.0227096,
            0.46163
          ],
          [
            835.9,
            -1.95,
            1197.05
          ]
        ],
        "unit_class": "gas_station",
        "objLayer": 1,
        "props": {
          "army": 0,
          "active": true
        }
      },
      {
        "name": "billboard_a_01",
        "tm": [
          [
            0.232397,
            0.00529943,
            0.972606
          ],
          [
            -0.0227508,
            0.999741,
            -0.0000112322
          ],
          [
            -0.972355,
            -0.0221249,
            0.232457
          ],
          [
            1075.2,
            -0.706898,
            1082.4
          ]
        ],
        "unit_class": "billboard_a",
        "objLayer": 1,
        "props": {
          "army": 0,
          "active": true
        }
      },
      {
        "name": "billboard_b_01",
        "tm": [
          [
            -0.158754,
            0.00362375,
            -0.987311
          ],
          [
            0.0227508,
            0.999741,
            0.0000112362
          ],
          [
            0.987056,
            -0.0224603,
            -0.158796
          ],
          [
            1915.1,
            -1.0,
            889.0
          ]
        ],
        "unit_class": "billboard_b",
        "objLayer": 1,
        "props": {
          "army": 0,
          "active": true
        }
      },
      {
        "name": "billboard_c_01",
        "tm": [
          [
            -0.965926,
            0.0,
            0.258819
          ],
          [
            6.9579e-8,
            1.0,
            1.221e-8
          ],
          [
            -0.258819,
            3.07886e-23,
            -0.965926
          ],
          [
            951.3,
            1.15,
            1081.65
          ]
        ],
        "unit_class": "billboard_c",
        "objLayer": 1,
        "props": {
          "army": 0,
          "active": true
        }
      },
      {
        "name": "billboard_d_01",
        "tm": [
          [
            0.972606,
            0.00529943,
            -0.232397
          ],
          [
            -0.0000112343,
            0.999741,
            0.0227508
          ],
          [
            0.232457,
            -0.0221249,
            0.972355
          ],
          [
            980.4,
            -0.6,
            1063.45
          ]
        ],
        "unit_class": "billboard_d",
        "objLayer": 1,
        "props": {
          "army": 0,
          "active": true
        }
      },
      {
        "name": "billboard_e_01",
        "tm": [
          [
            -0.997474,
            0.00529943,
            -0.0708279
          ],
          [
            0.006852,
            0.999741,
            -0.0216944
          ],
          [
            0.0706948,
            -0.0221249,
            -0.997253
          ],
          [
            240.1,
            -0.15,
            1752.3
          ]
        ],
        "unit_class": "billboard_e",
        "objLayer": 1,
        "props": {
          "army": 0,
          "active": true
        }
      },
      {
        "name": "bedfors_sb3_comair_02",
        "tm": [
          [
            0.999999,
            0.0,
            0.0
          ],
          [
            -5.05745e-8,
            1.0,
            6.33299e-8
          ],
          [
            2.34691e-7,
            0.0,
            1.0
          ],
          [
            853.0,
            0.95,
            1546.55
          ]
        ],
        "unit_class": "car_bedfors_sb3_comair",
        "objLayer": 1,
        "props": {
          "army": 0,
          "active": true
        }
      },
      {
        "name": "volkswagen_passat_03",
        "tm": [
          [
            0.0163769,
            0.00529943,
            0.999851
          ],
          [
            -0.0222091,
            0.999741,
            -0.00493512
          ],
          [
            -0.999619,
            -0.0221249,
            0.0164907
          ],
          [
            902.7,
            1.05,
            1579.15
          ]
        ],
        "unit_class": "car_dodge_caravan_panel",
        "objLayer": 1,
        "props": {
          "army": 0,
          "active": true
        }
      },
      {
        "name": "volkswagen_passat_04",
        "tm": [
          [
            0.993435,
            0.00529943,
            0.11427
          ],
          [
            -0.00779177,
            0.999741,
            0.0213749
          ],
          [
            -0.114127,
            -0.0221249,
            0.99322
          ],
          [
            896.05,
            1.08797,
            1573.2
          ]
        ],
        "unit_class": "car_buick_lesabre",
        "objLayer": 1,
        "props": {
          "army": 0,
          "active": true
        }
      },
      {
        "name": "volkswagen_passat_05",
        "tm": [
          [
            -0.0599741,
            0.00529943,
            -0.998185
          ],
          [
            0.0224032,
            0.999741,
            0.00396168
          ],
          [
            0.997949,
            -0.0221249,
            -0.0600776
          ],
          [
            879.9,
            1.0,
            1553.85
          ]
        ],
        "unit_class": "car_toyota_land_cruiser_60_pickup",
        "objLayer": 1,
        "props": {
          "army": 0,
          "active": true
        }
      },
      {
        "name": "volkswagen_passat_02",
        "tm": [
          [
            0.0163769,
            0.00529943,
            0.999851
          ],
          [
            -0.0222091,
            0.999741,
            -0.00493512
          ],
          [
            -0.999619,
            -0.0221249,
            0.0164907
          ],
          [
            884.8,
            1.08797,
            1554.25
          ]
        ],
        "unit_class": "car_volkswagen_passat",
        "objLayer": 1,
        "props": {
          "army": 0,
          "active": true
        }
      },
      {
        "name": "toyota_land_cruiser_60_02",
        "tm": [
          [
            0.0272517,
            0.00529943,
            -0.999614
          ],
          [
            0.0219727,
            0.999741,
            0.00589918
          ],
          [
            0.999387,
            -0.0221249,
            0.027128
          ],
          [
            907.15,
            1.05,
            1578.55
          ]
        ],
        "unit_class": "car_toyota_land_cruiser_60",
        "objLayer": 1,
        "props": {
          "army": 0,
          "active": true
        }
      },
      {
        "name": "dodge_caravan_panel_03",
        "tm": [
          [
            0.894441,
            0.00529943,
            0.447153
          ],
          [
            -0.0146325,
            0.999741,
            0.0174209
          ],
          [
            -0.446946,
            -0.0221249,
            0.894288
          ],
          [
            825.15,
            -2.25,
            1216.85
          ]
        ],
        "unit_class": "car_volkswagen_passat",
        "objLayer": 1,
        "props": {
          "army": 0,
          "active": true
        }
      },
      {
        "name": "dodge_caravan_panel_04",
        "tm": [
          [
            -0.993904,
            -0.0380903,
            0.103457
          ],
          [
            -0.0406302,
            0.998919,
            -0.0225547
          ],
          [
            -0.102487,
            -0.0266206,
            -0.994378
          ],
          [
            806.4,
            1.05,
            1551.05
          ]
        ],
        "unit_class": "car_toyota_land_cruiser_60",
        "objLayer": 1,
        "props": {
          "army": 0,
          "active": true
        }
      },
      {
        "name": "dodge_caravan_panel_05",
        "tm": [
          [
            0.993435,
            0.00529943,
            0.11427
          ],
          [
            -0.00779177,
            0.999741,
            0.0213749
          ],
          [
            -0.114127,
            -0.0221249,
            0.99322
          ],
          [
            854.35,
            1.0,
            1339.35
          ]
        ],
        "unit_class": "car_toyota_land_cruiser_60_pickup",
        "objLayer": 1,
        "props": {
          "army": 0,
          "active": true
        }
      },
      {
        "name": "dodge_caravan_panel_06",
        "tm": [
          [
            0.447153,
            0.00529943,
            -0.894441
          ],
          [
            0.0174209,
            0.999741,
            0.0146325
          ],
          [
            0.894288,
            -0.0221249,
            0.446946
          ],
          [
            822.65,
            -2.3,
            1189.25
          ]
        ],
        "unit_class": "car_toyota_land_cruiser_60_pickup_tent",
        "objLayer": 1,
        "props": {
          "army": 0,
          "active": true
        }
      },
      {
        "name": "dodge_caravan_panel_07",
        "tm": [
          [
            -0.232396,
            0.00529943,
            -0.972606
          ],
          [
            0.0227508,
            0.999741,
            0.0000112223
          ],
          [
            0.972355,
            -0.0221249,
            -0.232457
          ],
          [
            1019.1,
            -0.8,
            1088.25
          ]
        ],
        "unit_class": "car_bedfors_sb3_comair",
        "objLayer": 1,
        "props": {
          "army": 0,
          "active": true
        }
      },
      {
        "name": "dodge_caravan_panel_08",
        "tm": [
          [
            0.999614,
            0.00529943,
            0.0272516
          ],
          [
            -0.00589918,
            0.999741,
            0.0219727
          ],
          [
            -0.0271279,
            -0.0221249,
            0.999387
          ],
          [
            794.75,
            1.08797,
            1576.0
          ]
        ],
        "unit_class": "car_buick_lesabre",
        "objLayer": 1,
        "props": {
          "army": 0,
          "active": true
        }
      },
      {
        "name": "dodge_caravan_panel_02",
        "tm": [
          [
            -0.485743,
            0.00529943,
            0.874085
          ],
          [
            -0.0167661,
            0.999741,
            -0.0153785
          ],
          [
            -0.873941,
            -0.0221249,
            -0.485528
          ],
          [
            823.9,
            -2.4,
            1202.15
          ]
        ],
        "unit_class": "car_dodge_caravan_panel",
        "objLayer": 1,
        "props": {
          "army": 0,
          "active": true
        }
      },
      {
        "name": "dodge_caravan_panel_15",
        "tm": [
          [
            0.972606,
            0.00529943,
            -0.232396
          ],
          [
            -0.0000112224,
            0.999741,
            0.0227508
          ],
          [
            0.232457,
            -0.0221249,
            0.972355
          ],
          [
            1060.9,
            -0.7,
            1056.0
          ]
        ],
        "unit_class": "car_buick_lesabre",
        "objLayer": 1,
        "props": {
          "army": 0,
          "active": true
        }
      },
      {
        "name": "dodge_caravan_panel_16",
        "tm": [
          [
            0.485743,
            0.00529943,
            -0.874085
          ],
          [
            0.0167661,
            0.999741,
            0.0153785
          ],
          [
            0.873941,
            -0.0221249,
            0.485528
          ],
          [
            987.75,
            -0.7,
            1098.55
          ]
        ],
        "unit_class": "car_dodge_caravan_panel",
        "objLayer": 1,
        "props": {
          "army": 0,
          "active": true
        }
      },
      {
        "name": "dodge_caravan_panel_17",
        "tm": [
          [
            0.397757,
            0.00529943,
            0.917475
          ],
          [
            -0.0224071,
            0.999741,
            0.00393958
          ],
          [
            -0.917217,
            -0.0221249,
            0.397773
          ],
          [
            1054.45,
            -0.706898,
            1069.95
          ]
        ],
        "unit_class": "car_volkswagen_passat",
        "objLayer": 1,
        "props": {
          "army": 0,
          "active": true
        }
      },
      {
        "name": "dodge_caravan_panel_18",
        "tm": [
          [
            -0.274599,
            0.00529943,
            -0.961543
          ],
          [
            0.0227296,
            0.999741,
            -0.000981162
          ],
          [
            0.96129,
            -0.0221249,
            -0.274649
          ],
          [
            1056.8,
            -0.7,
            1058.0
          ]
        ],
        "unit_class": "car_toyota_land_cruiser_60",
        "objLayer": 1,
        "props": {
          "army": 0,
          "active": true
        }
      },
      {
        "name": "dodge_caravan_panel_19",
        "tm": [
          [
            -0.231904,
            -0.0251677,
            -0.972412
          ],
          [
            0.0662958,
            0.996932,
            -0.0416127
          ],
          [
            0.970477,
            -0.074117,
            -0.229524
          ],
          [
            1036.05,
            -0.8,
            1064.85
          ]
        ],
        "unit_class": "car_toyota_land_cruiser_60_pickup",
        "objLayer": 1,
        "props": {
          "army": 0,
          "active": true
        }
      },
      {
        "name": "dodge_caravan_panel_14",
        "tm": [
          [
            0.981817,
            -0.0112586,
            -0.18949
          ],
          [
            -0.00100359,
            0.997918,
            -0.064491
          ],
          [
            0.189822,
            0.0635087,
            0.979763
          ],
          [
            1049.85,
            -0.8,
            1056.0
          ]
        ],
        "unit_class": "car_toyota_land_cruiser_60_pickup_tent",
        "objLayer": 1,
        "props": {
          "army": 0,
          "active": true
        }
      },
      {
        "name": "dodge_caravan_panel_09",
        "tm": [
          [
            0.232396,
            0.00529943,
            0.972606
          ],
          [
            -0.0227508,
            0.999741,
            -0.0000112192
          ],
          [
            -0.972355,
            -0.0221249,
            0.232457
          ],
          [
            1042.05,
            -0.8,
            1069.7
          ]
        ],
        "unit_class": "car_bedfors_sb3_comair",
        "objLayer": 1,
        "props": {
          "army": 0,
          "active": true
        }
      },
      {
        "name": "dodge_caravan_panel_10",
        "tm": [
          [
            -0.997674,
            -0.0228648,
            -0.0642079
          ],
          [
            -0.0350289,
            0.980126,
            0.195257
          ],
          [
            0.0584672,
            0.197052,
            -0.978648
          ],
          [
            1509.1,
            0.1,
            1162.05
          ]
        ],
        "unit_class": "car_bedfors_sb3_comair",
        "objLayer": 1,
        "props": {
          "army": 0,
          "active": true
        }
      },
      {
        "name": "dodge_caravan_panel_13",
        "tm": [
          [
            0.94865,
            0.00529943,
            -0.31628
          ],
          [
            0.00197168,
            0.999741,
            0.0226652
          ],
          [
            0.316319,
            -0.0221249,
            0.948395
          ],
          [
            984.25,
            -0.7,
            1135.85
          ]
        ],
        "unit_class": "car_dodge_caravan_panel",
        "objLayer": 1,
        "props": {
          "army": 0,
          "active": true
        }
      },
      {
        "name": "dodge_caravan_panel_12",
        "tm": [
          [
            0.961544,
            0.00529943,
            -0.274599
          ],
          [
            0.000981162,
            0.999741,
            0.0227296
          ],
          [
            0.274649,
            -0.0221249,
            0.96129
          ],
          [
            984.1,
            -0.7,
            1131.55
          ]
        ],
        "unit_class": "car_toyota_land_cruiser_60",
        "objLayer": 1,
        "props": {
          "army": 0,
          "active": true
        }
      },
      {
        "name": "dodge_caravan_panel_24",
        "tm": [
          [
            0.232396,
            0.00529943,
            0.972606
          ],
          [
            -0.0227508,
            0.999741,
            -0.0000112226
          ],
          [
            -0.972355,
            -0.0221249,
            0.232457
          ],
          [
            1022.1,
            -0.706898,
            1131.8
          ]
        ],
        "unit_class": "car_dodge_caravan_panel",
        "objLayer": 1,
        "props": {
          "army": 0,
          "active": true
        }
      },
      {
        "name": "dodge_caravan_panel_25",
        "tm": [
          [
            0.993435,
            0.00529943,
            0.11427
          ],
          [
            -0.00779177,
            0.999741,
            0.0213749
          ],
          [
            -0.114127,
            -0.0221249,
            0.99322
          ],
          [
            1014.35,
            -0.706898,
            1134.05
          ]
        ],
        "unit_class": "car_buick_lesabre",
        "objLayer": 1,
        "props": {
          "army": 0,
          "active": true
        }
      },
      {
        "name": "dodge_caravan_panel_26",
        "tm": [
          [
            0.972606,
            0.00529943,
            -0.232396
          ],
          [
            -0.0000112229,
            0.999741,
            0.0227508
          ],
          [
            0.232457,
            -0.0221249,
            0.972355
          ],
          [
            1060.9,
            -0.706898,
            1121.45
          ]
        ],
        "unit_class": "car_toyota_land_cruiser_60_pickup",
        "objLayer": 1,
        "props": {
          "army": 0,
          "active": true
        }
      },
      {
        "name": "dodge_caravan_panel_27",
        "tm": [
          [
            0.232396,
            0.00529943,
            0.972606
          ],
          [
            -0.0227508,
            0.999741,
            -0.0000112224
          ],
          [
            -0.972355,
            -0.0221249,
            0.232457
          ],
          [
            1019.4,
            -0.7,
            1134.1
          ]
        ],
        "unit_class": "car_toyota_land_cruiser_60_pickup_tent",
        "objLayer": 1,
        "props": {
          "army": 0,
          "active": true
        }
      },
      {
        "name": "dodge_caravan_panel_23",
        "tm": [
          [
            0.972606,
            0.00529943,
            -0.232396
          ],
          [
            -0.000011223,
            0.999741,
            0.0227508
          ],
          [
            0.232457,
            -0.0221249,
            0.972355
          ],
          [
            1009.55,
            -0.7,
            1151.5
          ]
        ],
        "unit_class": "car_volkswagen_passat",
        "objLayer": 1,
        "props": {
          "army": 0,
          "active": true
        }
      },
      {
        "name": "toyota_land_cruiser_60_04",
        "tm": [
          [
            -0.998431,
            0.051086,
            -0.0228861
          ],
          [
            0.0495017,
            0.996648,
            0.0651388
          ],
          [
            0.0261369,
            0.0639038,
            -0.997614
          ],
          [
            1614.75,
            0.35,
            1161.9
          ]
        ],
        "unit_class": "car_dodge_caravan_panel",
        "objLayer": 1,
        "props": {
          "army": 0,
          "active": true
        }
      },
      {
        "name": "toyota_land_cruiser_60_05",
        "tm": [
          [
            0.0163769,
            0.00529943,
            0.999851
          ],
          [
            -0.0222091,
            0.999741,
            -0.00493512
          ],
          [
            -0.999619,
            -0.0221249,
            0.0164906
          ],
          [
            1626.45,
            0.2,
            1156.8
          ]
        ],
        "unit_class": "car_buick_lesabre",
        "objLayer": 1,
        "props": {
          "army": 0,
          "active": true
        }
      },
      {
        "name": "toyota_land_cruiser_60_06",
        "tm": [
          [
            -0.0163768,
            0.00529943,
            -0.999851
          ],
          [
            0.0222091,
            0.999741,
            0.00493513
          ],
          [
            0.999619,
            -0.0221249,
            -0.0164905
          ],
          [
            1879.9,
            1.1,
            1543.95
          ]
        ],
        "unit_class": "car_volkswagen_passat",
        "objLayer": 1,
        "props": {
          "army": 0,
          "active": true
        }
      },
      {
        "name": "toyota_land_cruiser_60_07",
        "tm": [
          [
            0.595678,
            0.00529943,
            -0.803205
          ],
          [
            0.0146153,
            0.999741,
            0.0174353
          ],
          [
            0.80309,
            -0.0221249,
            0.595447
          ],
          [
            1938.5,
            1.11849,
            1533.8
          ]
        ],
        "unit_class": "car_toyota_land_cruiser_60_pickup_tent",
        "objLayer": 1,
        "props": {
          "army": 0,
          "active": true
        }
      },
      {
        "name": "toyota_land_cruiser_60_03",
        "tm": [
          [
            0.999851,
            0.00529943,
            -0.0163769
          ],
          [
            -0.00493513,
            0.999741,
            0.0222091
          ],
          [
            0.0164906,
            -0.0221249,
            0.999619
          ],
          [
            1889.7,
            1.1,
            1538.85
          ]
        ],
        "unit_class": "car_toyota_land_cruiser_60",
        "objLayer": 1,
        "props": {
          "army": 0,
          "active": true
        }
      },
      {
        "name": "volkswagen_passat_07",
        "tm": [
          [
            -0.999851,
            0.00529943,
            0.016377
          ],
          [
            0.00493512,
            0.999741,
            -0.0222091
          ],
          [
            -0.0164907,
            -0.0221249,
            -0.999619
          ],
          [
            153.7,
            1.08797,
            1717.1
          ]
        ],
        "unit_class": "car_bedfors_sb3_comair",
        "objLayer": 1,
        "props": {
          "army": 0,
          "active": true
        }
      },
      {
        "name": "volkswagen_passat_08",
        "tm": [
          [
            -0.0272515,
            0.0488969,
            0.998431
          ],
          [
            -0.0219727,
            0.998532,
            -0.0495017
          ],
          [
            -0.999387,
            -0.0232871,
            -0.0261369
          ],
          [
            133.8,
            1.1,
            1830.45
          ]
        ],
        "unit_class": "car_buick_lesabre",
        "objLayer": 1,
        "props": {
          "army": 0,
          "active": true
        }
      },
      {
        "name": "volkswagen_passat_09",
        "tm": [
          [
            0.999614,
            0.00529943,
            0.0272516
          ],
          [
            -0.00589918,
            0.999741,
            0.0219727
          ],
          [
            -0.0271279,
            -0.0221249,
            0.999387
          ],
          [
            112.35,
            1.4,
            1761.05
          ]
        ],
        "unit_class": "car_dodge_caravan_panel",
        "objLayer": 1,
        "props": {
          "army": 0,
          "active": true
        }
      },
      {
        "name": "volkswagen_passat_10",
        "tm": [
          [
            0.998894,
            -0.0383082,
            0.0272516
          ],
          [
            0.0377145,
            0.999047,
            0.0219727
          ],
          [
            -0.0280672,
            -0.0209205,
            0.999387
          ],
          [
            131.15,
            1.0,
            1805.5
          ]
        ],
        "unit_class": "car_toyota_land_cruiser_60",
        "objLayer": 1,
        "props": {
          "army": 0,
          "active": true
        }
      },
      {
        "name": "volkswagen_passat_11",
        "tm": [
          [
            -0.718582,
            -0.0250395,
            -0.694991
          ],
          [
            0.0191938,
            0.998257,
            -0.055811
          ],
          [
            0.695177,
            -0.0534443,
            -0.716849
          ],
          [
            199.8,
            1.05,
            1833.5
          ]
        ],
        "unit_class": "car_toyota_land_cruiser_60_pickup",
        "objLayer": 1,
        "props": {
          "army": 0,
          "active": true
        }
      },
      {
        "name": "volkswagen_passat_12",
        "tm": [
          [
            -0.998185,
            0.00529943,
            0.0599743
          ],
          [
            0.00396168,
            0.999741,
            -0.0224032
          ],
          [
            -0.0600778,
            -0.0221249,
            -0.997949
          ],
          [
            127.25,
            1.1,
            1786.85
          ]
        ],
        "unit_class": "car_toyota_land_cruiser_60_pickup_tent",
        "objLayer": 1,
        "props": {
          "army": 0,
          "active": true
        }
      },
      {
        "name": "volkswagen_passat_06",
        "tm": [
          [
            0.998185,
            0.00529943,
            -0.0599742
          ],
          [
            -0.00396168,
            0.999741,
            0.0224032
          ],
          [
            0.0600777,
            -0.0221249,
            0.997949
          ],
          [
            126.7,
            1.08797,
            1782.4
          ]
        ],
        "unit_class": "car_volkswagen_passat",
        "objLayer": 1,
        "props": {
          "army": 0,
          "active": true
        }
      },
      {
        "name": "volkswagen_passat_14",
        "tm": [
          [
            0.999999,
            -4.65868e-21,
            0.0
          ],
          [
            -5.4212e-8,
            1.0,
            6.88597e-8
          ],
          [
            2.38302e-7,
            0.0,
            1.0
          ],
          [
            146.3,
            1.05,
            1829.25
          ]
        ],
        "unit_class": "car_bedfors_sb3_comair",
        "objLayer": 1,
        "props": {
          "army": 0,
          "active": true
        }
      },
      {
        "name": "volkswagen_passat_15",
        "tm": [
          [
            0.999614,
            0.00648308,
            0.0269945
          ],
          [
            -0.00589918,
            0.999748,
            -0.0216563
          ],
          [
            -0.0271279,
            0.0214888,
            0.999401
          ],
          [
            118.5,
            1.05,
            1787.45
          ]
        ],
        "unit_class": "car_buick_lesabre",
        "objLayer": 1,
        "props": {
          "army": 0,
          "active": true
        }
      },
      {
        "name": "volkswagen_passat_16",
        "tm": [
          [
            0.993435,
            0.00529943,
            0.11427
          ],
          [
            -0.00779177,
            0.999741,
            0.0213749
          ],
          [
            -0.114127,
            -0.0221249,
            0.99322
          ],
          [
            127.55,
            1.0,
            1790.35
          ]
        ],
        "unit_class": "car_dodge_caravan_panel",
        "objLayer": 1,
        "props": {
          "army": 0,
          "active": true
        }
      },
      {
        "name": "volkswagen_passat_17",
        "tm": [
          [
            0.999614,
            0.00529943,
            0.0272516
          ],
          [
            -0.00589918,
            0.999741,
            0.0219727
          ],
          [
            -0.0271279,
            -0.0221249,
            0.999387
          ],
          [
            155.0,
            1.05,
            1866.25
          ]
        ],
        "unit_class": "car_toyota_land_cruiser_60",
        "objLayer": 1,
        "props": {
          "army": 0,
          "active": true
        }
      },
      {
        "name": "volkswagen_passat_13",
        "tm": [
          [
            0.999851,
            0.00529943,
            -0.0163769
          ],
          [
            -0.00493513,
            0.999741,
            0.0222091
          ],
          [
            0.0164906,
            -0.0221249,
            0.999619
          ],
          [
            165.8,
            1.1,
            1880.4
          ]
        ],
        "unit_class": "car_volkswagen_passat",
        "objLayer": 1,
        "props": {
          "army": 0,
          "active": true
        }
      },
      {
        "name": "toyota_land_cruiser_60_pickup_tent_02",
        "tm": [
          [
            0.157494,
            0.00529943,
            -0.987505
          ],
          [
            0.0210147,
            0.999741,
            0.00871672
          ],
          [
            0.987296,
            -0.0221249,
            0.157342
          ],
          [
            563.45,
            -1.95549,
            1737.55
          ]
        ],
        "unit_class": "car_toyota_land_cruiser_60_pickup_tent",
        "objLayer": 1,
        "props": {
          "army": 0,
          "active": true
        }
      },
      {
        "name": "billboard_a_02",
        "tm": [
          [
            -0.981818,
            0.00529943,
            0.189751
          ],
          [
            0.0010036,
            0.999741,
            -0.0227286
          ],
          [
            -0.189822,
            -0.0221249,
            -0.981569
          ],
          [
            402.0,
            -1.1,
            1750.2
          ]
        ],
        "unit_class": "billboard_a",
        "objLayer": 1,
        "props": {
          "army": 0,
          "active": true
        }
      },
      {
        "name": "buick_lesabre_02",
        "tm": [
          [
            0.683937,
            0.096311,
            -0.723155
          ],
          [
            -0.0366787,
            0.994533,
            0.0977643
          ],
          [
            0.728618,
            -0.0403403,
            0.683731
          ],
          [
            397.306,
            -2.1,
            1755.45
          ]
        ],
        "unit_class": "car_buick_lesabre",
        "objLayer": 1,
        "props": {
          "army": 0,
          "active": true
        }
      },
      {
        "name": "toyota_land_cruiser_60_pickup_03",
        "tm": [
          [
            0.999131,
            -0.0383185,
            -0.0163769
          ],
          [
            0.0386777,
            0.999005,
            0.0222091
          ],
          [
            0.0155098,
            -0.0228232,
            0.999619
          ],
          [
            1825.5,
            -0.75,
            996.9
          ]
        ],
        "unit_class": "car_toyota_land_cruiser_60_pickup_tent",
        "objLayer": 1,
        "props": {
          "army": 0,
          "active": true
        }
      },
      {
        "name": "billboard_f_02",
        "tm": [
          [
            -0.232397,
            0.00529943,
            -0.972606
          ],
          [
            0.0227508,
            0.999741,
            0.0000112311
          ],
          [
            0.972355,
            -0.0221249,
            -0.232457
          ],
          [
            1070.85,
            8.95,
            1087.35
          ]
        ],
        "unit_class": "billboard_f",
        "objLayer": 1,
        "props": {
          "army": 0,
          "active": true
        }
      },
      {
        "name": "billboard_f_03",
        "tm": [
          [
            -0.999852,
            0.00529943,
            0.0163774
          ],
          [
            0.00493513,
            0.999741,
            -0.022209
          ],
          [
            -0.0164907,
            -0.0221249,
            -0.999619
          ],
          [
            160.2,
            10.7,
            1785.35
          ]
        ],
        "unit_class": "billboard_f",
        "objLayer": 1,
        "props": {
          "army": 0,
          "active": true
        }
      },
      {
        "name": "billboard_f_04",
        "tm": [
          [
            0.999614,
            0.00648307,
            0.0269942
          ],
          [
            -0.00589918,
            0.999748,
            -0.0216564
          ],
          [
            -0.027128,
            0.0214888,
            0.999401
          ],
          [
            801.2,
            10.55,
            1572.2
          ]
        ],
        "unit_class": "billboard_f",
        "objLayer": 1,
        "props": {
          "army": 0,
          "active": true
        }
      },
      {
        "name": "us_general_m35_abandoned_02",
        "tm": [
          [
            -0.994619,
            0.00529943,
            0.103457
          ],
          [
            0.0029807,
            0.999741,
            -0.0225547
          ],
          [
            -0.10355,
            -0.0221249,
            -0.994378
          ],
          [
            264.8,
            0.15,
            1150.4
          ]
        ],
        "unit_class": "car_us_general_m35_abandoned",
        "objLayer": 1,
        "props": {
          "army": 0,
          "active": true
        }
      },
      {
        "name": "us_general_m35_abandoned_07",
        "tm": [
          [
            -0.961544,
            0.00529943,
            0.274599
          ],
          [
            -0.000981164,
            0.999741,
            -0.0227296
          ],
          [
            -0.274649,
            -0.0221249,
            -0.96129
          ],
          [
            423.55,
            2.0,
            1123.3
          ]
        ],
        "unit_class": "car_us_general_m35",
        "objLayer": 1,
        "props": {
          "army": 0,
          "active": true
        }
      },
      {
        "name": "us_general_m35_abandoned_08",
        "tm": [
          [
            -0.315538,
            -0.0222863,
            -0.94865
          ],
          [
            -0.0645542,
            0.997912,
            -0.00197168
          ],
          [
            0.946715,
            0.0606174,
            -0.316319
          ],
          [
            441.4,
            1.2,
            1098.75
          ]
        ],
        "unit_class": "car_dodge_m37_b1",
        "objLayer": 1,
        "props": {
          "army": 0,
          "active": true
        }
      },
      {
        "name": "us_general_m35_abandoned_09",
        "tm": [
          [
            0.226465,
            -0.02179,
            0.973775
          ],
          [
            0.0413603,
            0.999063,
            0.0127369
          ],
          [
            -0.973141,
            0.0373912,
            0.227155
          ],
          [
            433.05,
            1.2,
            1093.35
          ]
        ],
        "unit_class": "car_dodge_m37_b1",
        "objLayer": 1,
        "props": {
          "army": 0,
          "active": true
        }
      },
      {
        "name": "us_general_m35_abandoned_10",
        "tm": [
          [
            0.941916,
            0.0,
            -0.335847
          ],
          [
            -5.37274e-8,
            1.0,
            6.85945e-8
          ],
          [
            0.335847,
            5.58794e-9,
            0.941917
          ],
          [
            621.2,
            1.31057,
            1081.45
          ]
        ],
        "unit_class": "car_dodge_m37_b1",
        "objLayer": 1,
        "props": {
          "army": 0,
          "active": true
        }
      },
      {
        "name": "us_general_m35_abandoned_11",
        "tm": [
          [
            -0.952941,
            -0.0285085,
            0.301811
          ],
          [
            -0.011321,
            0.99822,
            0.0585448
          ],
          [
            -0.302943,
            0.052373,
            -0.951568
          ],
          [
            627.45,
            1.25,
            1079.85
          ]
        ],
        "unit_class": "car_us_general_m35",
        "objLayer": 1,
        "props": {
          "army": 0,
          "active": true
        }
      },
      {
        "name": "us_general_m35_abandoned_12",
        "tm": [
          [
            0.827653,
            -5.5728e-17,
            -0.561239
          ],
          [
            -6.83055e-9,
            1.0,
            8.11493e-8
          ],
          [
            0.561239,
            3.72529e-9,
            0.827653
          ],
          [
            617.1,
            1.6457,
            1039.1
          ]
        ],
        "unit_class": "car_us_general_m35",
        "objLayer": 1,
        "props": {
          "army": 0,
          "active": true
        }
      },
      {
        "name": "us_general_m35_abandoned_13",
        "tm": [
          [
            -0.741378,
            -5.5728e-17,
            0.671086
          ],
          [
            -4.54314e-9,
            1.0,
            -8.13094e-8
          ],
          [
            -0.671087,
            3.72529e-9,
            -0.741379
          ],
          [
            603.6,
            1.64996,
            1006.85
          ]
        ],
        "unit_class": "car_us_general_m35",
        "objLayer": 1,
        "props": {
          "army": 0,
          "active": true
        }
      },
      {
        "name": "us_general_m35_abandoned_14",
        "tm": [
          [
            -0.385302,
            -5.5728e-17,
            -0.92279
          ],
          [
            7.81667e-8,
            1.0,
            2.28434e-8
          ],
          [
            0.92279,
            3.72529e-9,
