{
  "selected_tag": "",
  "bin_dump_file": "",
  "mission_settings": {
    "player": {
      "army": 1
    },
    "player_teamB": {
      "army": 2
    },
    "mission": {
      "type": "singleMission",
      "level": "levels/avg_vlaanderen.bin",
      "environment": "Noon",
      "weather": "clear"
    }
  },
  "imports": {},
  "triggers": {
    "isCategory": true,
    "is_enabled": true
  },
  "mission_objectives": {
    "isCategory": true,
    "is_enabled": true
  },
  "variables": {},
  "dialogs": {},
  "airfields": {},
  "effects": {},
  "units": {
    "objectGroups": [
      {
        "name": "milord_cab_a_01",
        "tm": [
          [
            -0.260865,
            0.0,
            -0.965375
          ],
          [
            0.0,
            1.0,
            0.0
          ],
          [
            0.965375,
            0.0,
            -0.260865
          ],
          [
            984.65,
            -0.7,
            1104.25
          ]
        ],
        "unit_class": "milord_cab_carriage_a",
        "objLayer": 1,
        "props": {
          "army": 0,
          "active": true
        }
      },
      {
        "name": "milord_cab_b_01",
        "tm": [
          [
            0.233563,
            0.0,
            0.972342
          ],
          [
            0.0,
            1.0,
            0.0
          ],
          [
            -0.972342,
            0.0,
            0.233563
          ],
          [
            970.8,
            -0.7,
            1120.0
          ]
        ],
        "unit_class": "milord_cab_carriage_b",
        "objLayer": 1,
        "props": {
          "army": 0,
          "active": true
        }
      },
      {
        "name": "milord_cab_b_02",
        "tm": [
          [
            0.233563,
            0.0,
            0.972342
          ],
          [
            0.0,
            1.0,
            0.0
          ],
          [
            -0.972342,
            0.0,
            0.233563
          ],
          [
            972.45,
            -0.7,
            1127.6
          ]
        ],
        "unit_class": "milord_cab_carriage_b",
        "objLayer": 1,
        "props": {
          "army": 0,
          "active": true
        }
      },
      {
        "name": "milord_cab_a_02",
        "tm": [
          [
            -0.260865,
            0.0,
            -0.965375
          ],
          [
            0.0,
            1.0,
            0.0
          ],
          [
            0.965375,
            0.0,
            -0.260865
          ],
          [
            1021.2,
            -0.7,
            1131.8
          ]
        ],
        "unit_class": "milord_cab_carriage_a",
        "objLayer": 1,
        "props": {
          "army": 0,
          "active": true
        }
      },
      {
        "name": "milord_cab_a_03",
        "tm": [
          [
            0.27034,
            0.0,
            0.962765
          ],
          [
            0.0,
            1.0,
            0.0
          ],
          [
            -0.962765,
            0.0,
            0.27034
          ],
          [
            1015.25,
            -0.7,
            1131.45
          ]
        ],
        "unit_class": "milord_cab_carriage_a",
        "objLayer": 1,
        "props": {
          "army": 0,
          "active": true
        }
      },
      {
        "name": "milord_cab_a_04",
        "tm": [
          [
            0.342321,
            0.0,
            0.939583
          ],
          [
            0.0,
            1.0,
            0.0
          ],
          [
            -0.939583,
            0.0,
            0.342321
          ],
          [
            1012.25,
            -0.7,
            1133.45
          ]
        ],
        "unit_class": "milord_cab_carriage_a",
        "objLayer": 1,
        "props": {
          "army": 0,
          "active": true
        }
      },
      {
        "name": "milord_cab_b_03",
        "tm": [
          [
            0.991673,
            0.0,
            -0.128785
          ],
          [
            0.0,
            1.0,
            0.0
          ],
          [
            0.128785,
            0.0,
            0.991673
          ],
          [
            1011.45,
            -0.7,
            1151.7
          ]
        ],
        "unit_class": "milord_cab_carriage_b",
        "objLayer": 1,
        "props": {
          "army": 0,
          "active": true
        }
      },
      {
        "name": "milord_cab_a_05",
        "tm": [
          [
            0.0794432,
            0.0,
            0.996839
          ],
          [
            0.0,
            1.0,
            0.0
          ],
          [
            -0.996839,
            0.0,
            0.0794432
          ],
          [
            1036.9,
            -0.7,
            1067.45
          ]
        ],
        "unit_class": "milord_cab_carriage_a",
        "objLayer": 1,
        "props": {
          "army": 0,
          "active": true
        }
      },
      {
        "name": "milord_cab_a_06",
        "tm": [
          [
            -0.962303,
            0.0,
            0.27198
          ],
          [
            0.0,
            1.0,
            0.0
          ],
          [
            -0.27198,
            0.0,
            -0.962303
          ],
          [
            1054.05,
            -0.7,
            1069.85
          ]
        ],
        "unit_class": "milord_cab_carriage_a",
        "objLayer": 1,
        "props": {
          "army": 0,
          "active": true
        }
      },
      {
        "name": "milord_cab_a_07",
        "tm": [
          [
            0.978798,
            0.0,
            -0.204826
          ],
          [
            0.0,
            1.0,
            0.0
          ],
          [
            0.204826,
            0.0,
            0.978798
          ],
          [
            1048.65,
            -0.7,
            1056.65
          ]
        ],
        "unit_class": "milord_cab_carriage_a",
        "objLayer": 1,
        "props": {
          "army": 0,
          "active": true
        }
      },
      {
        "name": "milord_cab_a_08",
        "tm": [
          [
            0.232284,
            0.0,
            0.972648
          ],
          [
            0.0,
            1.0,
            0.0
          ],
          [
            -0.972648,
            0.0,
            0.232284
          ],
          [
            1056.95,
            -0.7,
            1059.35
          ]
        ],
        "unit_class": "milord_cab_carriage_a",
        "objLayer": 1,
        "props": {
          "army": 0,
          "active": true
        }
      },
      {
        "name": "milord_cab_b_04",
        "tm": [
          [
            -0.316892,
            0.0,
            -0.948461
          ],
          [
            0.0,
            1.0,
            0.0
          ],
          [
            0.948461,
            0.0,
            -0.316892
          ],
          [
            1060.3,
            -0.7,
            1056.6
          ]
        ],
        "unit_class": "milord_cab_carriage_b",
        "objLayer": 1,
        "props": {
          "army": 0,
          "active": true
        }
      },
      {
        "name": "milord_cab_a_10",
        "tm": [
          [
            -0.973021,
            0.0,
            -0.230715
          ],
          [
            0.0,
            1.0,
            0.0
          ],
          [
            0.230715,
            0.0,
            -0.973021
          ],
          [
            898.15,
            1.1,
            1580.2
          ]
        ],
        "unit_class": "milord_cab_carriage_b",
        "objLayer": 1,
        "props": {
          "army": 0,
          "active": true
        }
      },
      {
        "name": "milord_cab_a_09",
        "tm": [
          [
            0.990112,
            0.0,
            -0.140281
          ],
          [
            0.0,
            1.0,
            0.0
          ],
          [
            0.140281,
            0.0,
            0.990112
          ],
          [
            898.25,
            1.1,
            1573.1
          ]
        ],
        "unit_class": "milord_cab_carriage_a",
        "objLayer": 1,
        "props": {
          "army": 0,
          "active": true
        }
      },
      {
        "name": "milord_cab_a_11",
        "tm": [
          [
            0.993459,
            0.0,
            -0.11419
          ],
          [
            0.0,
            1.0,
            0.0
          ],
          [
            0.11419,
            0.0,
            0.993459
          ],
          [
            898.05,
            1.1,
            1575.9
          ]
        ],
        "unit_class": "milord_cab_carriage_b",
        "objLayer": 1,
        "props": {
          "army": 0,
          "active": true
        }
      },
      {
        "name": "milord_cab_a_12",
        "tm": [
          [
            0.199399,
            0.0,
            -0.979918
          ],
          [
            0.0,
            1.0,
            0.0
          ],
          [
            0.979918,
            0.0,
            0.199399
          ],
          [
            879.2,
            1.1,
            1555.95
          ]
        ],
        "unit_class": "milord_cab_carriage_a",
        "objLayer": 1,
        "props": {
          "army": 0,
          "active": true
        }
      },
      {
        "name": "milord_cab_a_13",
        "tm": [
          [
            -0.0320475,
            0.0,
            0.999486
          ],
          [
            0.0,
            1.0,
            0.0
          ],
          [
            -0.999486,
            0.0,
            -0.0320475
          ],
          [
            883.7,
            1.1,
            1554.6
          ]
        ],
        "unit_class": "milord_cab_carriage_b",
        "objLayer": 1,
        "props": {
          "army": 0,
          "active": true
        }
      },
      {
        "name": "milord_cab_a_16",
        "tm": [
          [
            0.0245924,
            0.0,
            -0.999698
          ],
          [
            0.0,
            1.0,
            0.0
          ],
          [
            0.999698,
            0.0,
            0.0245924
          ],
          [
            1629.45,
            1.1,
            1152.05
          ]
        ],
        "unit_class": "milord_cab_carriage_b",
        "objLayer": 1,
        "props": {
          "army": 0,
          "active": true
        }
      },
      {
        "name": "milord_cab_a_15",
        "tm": [
          [
            0.831333,
            0.0,
            0.555774
          ],
          [
            0.0,
            1.0,
            0.0
          ],
          [
            -0.555774,
            0.0,
            0.831333
          ],
          [
            1619.55,
            1.1,
            1146.85
          ]
        ],
        "unit_class": "milord_cab_carriage_a",
        "objLayer": 1,
        "props": {
          "army": 0,
          "active": true
        }
      },
      {
        "name": "milord_cab_a_17",
        "tm": [
          [
            -0.166465,
            0.0,
            -0.986047
          ],
          [
            0.0,
            1.0,
            0.0
          ],
          [
            0.986047,
            0.0,
            -0.166465
          ],
          [
            1626.3,
            1.1,
            1152.25
          ]
        ],
        "unit_class": "milord_cab_carriage_a",
        "objLayer": 1,
        "props": {
          "army": 0,
          "active": true
        }
      },
      {
        "name": "milord_cab_a_20",
        "tm": [
          [
            -0.211343,
            0.0,
            0.977412
          ],
          [
            0.0,
            1.0,
            0.0
          ],
          [
            -0.977412,
            0.0,
            -0.211343
          ],
          [
            1947.9,
            1.1,
            1543.85
          ]
        ],
        "unit_class": "milord_cab_carriage_b",
        "objLayer": 1,
        "props": {
          "army": 0,
          "active": true
        }
      },
      {
        "name": "milord_cab_a_19",
        "tm": [
          [
            0.999024,
            0.0,
            0.0441717
          ],
          [
            0.0,
            1.0,
            0.0
          ],
          [
            -0.0441717,
            0.0,
            0.999024
          ],
          [
            1889.25,
            1.1,
            1537.35
          ]
        ],
        "unit_class": "milord_cab_carriage_a",
        "objLayer": 1,
        "props": {
          "army": 0,
          "active": true
        }
      },
      {
        "name": "milord_cab_a_21",
        "tm": [
          [
            -0.978084,
            0.0,
            -0.208209
          ],
          [
            0.0,
            1.0,
            0.0
          ],
          [
            0.208209,
            0.0,
            -0.978084
          ],
          [
            1947.45,
            1.1,
            1554.9
          ]
        ],
        "unit_class": "milord_cab_carriage_a",
        "objLayer": 1,
        "props": {
          "army": 0,
          "active": true
        }
      },
      {
        "name": "milord_cab_a_24",
        "tm": [
          [
            -0.989806,
            0.0,
            0.142423
          ],
          [
            0.0,
            1.0,
            0.0
          ],
          [
            -0.142423,
            0.0,
            -0.989806
          ],
          [
            126.35,
            1.1,
            1782.2
          ]
        ],
        "unit_class": "milord_cab_carriage_b",
        "objLayer": 1,
        "props": {
          "army": 0,
          "active": true
        }
      },
      {
        "name": "milord_cab_a_23",
        "tm": [
          [
            -0.996781,
            0.0,
            -0.0801712
          ],
          [
            0.0,
            1.0,
            0.0
          ],
          [
            0.0801712,
            0.0,
            -0.996781
          ],
          [
            155.2,
            1.1,
            1723.1
          ]
        ],
        "unit_class": "milord_cab_carriage_a",
        "objLayer": 1,
        "props": {
          "army": 0,
          "active": true
        }
      },
      {
        "name": "milord_cab_a_25",
        "tm": [
          [
            0.0283647,
            0.0,
            -0.999598
          ],
          [
            0.0,
            1.0,
            0.0
          ],
          [
            0.999598,
            0.0,
            0.0283647
          ],
          [
            115.9,
            1.1,
            1757.15
          ]
        ],
        "unit_class": "milord_cab_carriage_a",
        "objLayer": 1,
        "props": {
          "army": 0,
          "active": true
        }
      },
      {
        "name": "milord_cab_a_26",
        "tm": [
          [
            -0.0943407,
            0.0,
            -0.99554
          ],
          [
            0.0,
            1.0,
            0.0
          ],
          [
            0.99554,
            0.0,
            -0.0943407
          ],
          [
            123.45,
            1.1,
            1793.45
          ]
        ],
        "unit_class": "milord_cab_carriage_a",
        "objLayer": 1,
        "props": {
          "army": 0,
          "active": true
        }
      },
      {
        "name": "milord_cab_a_27",
        "tm": [
          [
            0.999934,
            0.0,
            -0.0114668
          ],
          [
            0.0,
            1.0,
            0.0
          ],
          [
            0.0114668,
            0.0,
            0.999934
          ],
          [
            128.3,
            1.1,
            1786.1
          ]
        ],
        "unit_class": "milord_cab_carriage_b",
        "objLayer": 1,
        "props": {
          "army": 0,
          "active": true
        }
      },
      {
        "name": "milord_cab_a_28",
        "tm": [
          [
            -0.0661137,
            0.0,
            -0.997812
          ],
          [
            0.0,
            1.0,
            0.0
          ],
          [
            0.997812,
            0.0,
            -0.0661137
          ],
          [
            118.4,
            1.1,
            1787.3
          ]
        ],
        "unit_class": "milord_cab_carriage_b",
        "objLayer": 1,
        "props": {
          "army": 0,
          "active": true
        }
      },
      {
        "name": "milord_cab_a_29",
        "tm": [
          [
            -0.0151606,
            0.0,
            0.999885
          ],
          [
            0.0,
            1.0,
            0.0
          ],
          [
            -0.999885,
            0.0,
            -0.0151606
          ],
          [
            137.65,
            1.1,
            1791.35
          ]
        ],
        "unit_class": "milord_cab_carriage_a",
        "objLayer": 1,
        "props": {
          "army": 0,
          "active": true
        }
      },
      {
        "name": "milord_cab_a_30",
        "tm": [
          [
            0.991479,
            0.0,
            0.130266
          ],
          [
            0.0,
            1.0,
            0.0
          ],
          [
            -0.130266,
            0.0,
            0.991479
          ],
          [
            131.45,
            1.1,
            1807.5
          ]
        ],
        "unit_class": "milord_cab_carriage_b",
        "objLayer": 1,
        "props": {
          "army": 0,
          "active": true
        }
      },
      {
        "name": "milord_cab_a_31",
        "tm": [
          [
            -0.996683,
            0.0,
            -0.0813755
          ],
          [
            0.0,
            1.0,
            0.0
          ],
          [
            0.0813755,
            0.0,
            -0.996683
          ],
          [
            190.25,
            1.1,
            1837.8
          ]
        ],
        "unit_class": "milord_cab_carriage_b",
        "objLayer": 1,
        "props": {
          "army": 0,
          "active": true
        }
      },
      {
        "name": "milord_cab_a_32",
        "tm": [
          [
            0.999907,
            0.0,
            0.0136314
          ],
          [
            0.0,
            1.0,
            0.0
          ],
          [
            -0.0136314,
            0.0,
            0.999907
          ],
          [
            188.4,
            1.1,
            1843.75
          ]
        ],
        "unit_class": "milord_cab_carriage_b",
        "objLayer": 1,
        "props": {
          "army": 0,
          "active": true
        }
      },
      {
        "name": "milord_cab_a_33",
        "tm": [
          [
            0.993037,
            0.0,
            -0.117805
          ],
          [
            0.0,
            1.0,
            0.0
          ],
          [
            0.117805,
            0.0,
            0.993037
          ],
          [
            189.65,
            1.1,
            1847.05
          ]
        ],
        "unit_class": "milord_cab_carriage_a",
        "objLayer": 1,
        "props": {
          "army": 0,
          "active": true
        }
      },
      {
        "name": "milord_cab_a_34",
        "tm": [
          [
            0.0388704,
            0.0,
            -0.999244
          ],
          [
            0.0,
            1.0,
            0.0
          ],
          [
            0.999244,
            0.0,
            0.0388704
          ],
          [
            207.15,
            1.1,
            1852.2
          ]
        ],
        "unit_class": "milord_cab_carriage_a",
        "objLayer": 1,
        "props": {
          "army": 0,
          "active": true
        }
      },
      {
        "name": "milord_cab_a_35",
        "tm": [
          [
            -0.999995,
            0.0,
            0.00329282
          ],
          [
            0.0,
            1.0,
            0.0
          ],
          [
            -0.00329282,
            0.0,
            -0.999995
          ],
          [
            154.7,
            1.1,
            1867.0
          ]
        ],
        "unit_class": "milord_cab_carriage_b",
        "objLayer": 1,
        "props": {
          "army": 0,
          "active": true
        }
      },
      {
        "name": "milord_cab_a_36",
        "tm": [
          [
            0.999797,
            0.0,
            -0.0201249
          ],
          [
            0.0,
            1.0,
            0.0
          ],
          [
            0.0201249,
            0.0,
            0.999797
          ],
          [
            174.55,
            1.1,
            1884.4
          ]
        ],
        "unit_class": "milord_cab_carriage_b",
        "objLayer": 1,
        "props": {
          "army": 0,
          "active": true
        }
      },
      {
        "name": "milord_cab_a_37",
        "tm": [
          [
            0.99952,
            0.0,
            0.030989
          ],
          [
            0.0,
            1.0,
            0.0
          ],
          [
            -0.030989,
            0.0,
            0.99952
          ],
          [
            166.75,
            1.1,
            1884.15
          ]
        ],
        "unit_class": "milord_cab_carriage_a",
        "objLayer": 1,
        "props": {
          "army": 0,
          "active": true
        }
      },
      {
        "name": "langer_morser_a_broken_02",
        "tm": [
          [
            -0.0871556,
            0.0,
            -0.996195
          ],
          [
            0.0,
            1.0,
            0.0
          ],
          [
            0.996195,
            0.0,
            -0.0871556
          ],
          [
            271.75,
            -1.5,
            1139.65
          ]
        ],
        "unit_class": "langer_21cm_morser_a_broken",
        "objLayer": 1,
        "props": {
          "army": 0,
          "active": true
        }
      },
      {
        "name": "langer_morser_a_broken_03",
        "tm": [
          [
            0.435787,
            -0.0750107,
            -0.896919
          ],
          [
            0.849726,
            0.362836,
            0.382513
          ],
          [
            0.296742,
            -0.928829,
            0.221858
          ],
          [
            286.6,
            -1.25,
            1137.1
          ]
        ],
        "unit_class": "langer_21cm_morser_a_broken",
        "objLayer": 1,
        "props": {
          "army": 0,
          "active": true
        }
      },
      {
        "name": "langer_morser_a_01",
        "tm": [
          [
            -0.190778,
            0.0855549,
            -0.977898
          ],
          [
            0.0,
            0.996195,
            0.0871557
          ],
          [
            0.981633,
            0.0166274,
            -0.190052
          ],
          [
            322.1,
            -2.35,
            1105.05
          ]
        ],
        "unit_class": "langer_21cm_morser_a",
        "objLayer": 1,
        "props": {
          "army": 0,
          "active": true
        }
      },
      {
        "name": "langer_morser_a_03",
        "tm": [
          [
            -0.147613,
            0.0866785,
            -0.985239
          ],
          [
            0.00380168,
            0.996195,
            0.0870728
          ],
          [
            0.989038,
            0.0091075,
            -0.147381
          ],
          [
            338.05,
            -2.35,
            1103.7
          ]
        ],
        "unit_class": "langer_21cm_morser_a",
        "objLayer": 1,
        "props": {
          "army": 0,
          "active": true
        }
      },
      {
        "name": "langer_morser_a_04",
        "tm": [
          [
            0.0254002,
            0.0855549,
            -0.996009
          ],
          [
            -0.018864,
            0.996195,
            0.0850898
          ],
          [
            0.999499,
            0.0166274,
            0.0269175
          ],
          [
            1246.75,
            -0.2,
            884.55
          ]
        ],
        "unit_class": "langer_21cm_morser_a",
        "objLayer": 1,
        "props": {
          "army": 0,
          "active": true
        }
      },
      {
        "name": "langer_morser_a_05",
        "tm": [
          [
            -0.0615043,
            0.0855549,
            -0.994433
          ],
          [
            -0.0113761,
            0.996195,
            0.0864101
          ],
          [
            0.998042,
            0.0166274,
            -0.060297
          ],
          [
            1279.8,
            -1.05,
            878.45
          ]
        ],
        "unit_class": "langer_21cm_morser_a",
        "objLayer": 1,
        "props": {
          "army": 0,
          "active": true
        }
      },
      {
        "name": "langer_morser_a_06",
        "tm": [
          [
            -0.0615043,
            0.0855549,
            -0.994433
          ],
          [
            -0.0113761,
            0.996195,
            0.0864101
          ],
          [
            0.998042,
            0.0166274,
            -0.060297
          ],
          [
            1299.45,
            -1.05,
            878.85
          ]
        ],
        "unit_class": "langer_21cm_morser_a",
        "objLayer": 1,
        "props": {
          "army": 0,
          "active": true
        }
      },
      {
        "name": "langer_morser_a_07",
        "tm": [
          [
            -0.550481,
            0.0855549,
            -0.830452
          ],
          [
            0.0333531,
            0.996195,
            0.0805214
          ],
          [
            0.834181,
            0.0166274,
            -0.55124
          ],
          [
            1367.85,
            -0.05,
            852.25
          ]
        ],
        "unit_class": "langer_21cm_morser_a",
        "objLayer": 1,
        "props": {
          "army": 0,
          "active": true
        }
      },
      {
        "name": "langer_morser_a_08",
        "tm": [
          [
            -0.550481,
            0.0855549,
            -0.830452
          ],
          [
            0.0333531,
            0.996195,
            0.0805214
          ],
          [
            0.834181,
            0.0166274,
            -0.55124
          ],
          [
            1385.0,
            -0.05,
            842.8
          ]
        ],
        "unit_class": "langer_21cm_morser_a",
        "objLayer": 1,
        "props": {
          "army": 0,
          "active": true
        }
      },
      {
        "name": "langer_morser_a_09",
        "tm": [
          [
            -0.190778,
            0.0855549,
            -0.977898
          ],
          [
            5.58794e-9,
            0.996195,
            0.0871557
          ],
          [
            0.981633,
            0.0166274,
            -0.190052
          ],
          [
            1239.9,
            -1.95,
            1446.25
          ]
        ],
        "unit_class": "langer_21cm_morser_a",
        "objLayer": 1,
        "props": {
          "army": 0,
          "active": true
        }
      },
      {
        "name": "langer_morser_a_10",
        "tm": [
          [
            -0.35769,
            0.0855549,
            -0.929913
          ],
          [
            0.0151344,
            0.996195,
            0.0858316
          ],
          [
            0.933718,
            0.0166274,
            -0.357623
          ],
          [
            1203.05,
            -1.9,
            1443.75
          ]
        ],
        "unit_class": "langer_21cm_morser_a",
        "objLayer": 1,
        "props": {
          "army": 0,
          "active": true
        }
      },
      {
        "name": "langer_morser_a_11",
        "tm": [
          [
            0.966902,
            0.0855549,
            0.240374
          ],
          [
            -0.0789899,
            0.996195,
            -0.0368336
          ],
          [
            -0.242611,
            0.0166274,
            0.969981
          ],
          [
            535.1,
            -2.45,
            1812.15
          ]
        ],
        "unit_class": "langer_21cm_morser_a",
        "objLayer": 1,
        "props": {
          "army": 0,
          "active": true
        }
      },
      {
        "name": "langer_morser_a_12",
        "tm": [
          [
            0.966902,
            0.0855549,
            0.240374
          ],
          [
            -0.0789899,
            0.996195,
            -0.0368336
          ],
          [
            -0.242611,
            0.0166274,
            0.969981
          ],
          [
            535.25,
            -2.5,
            1817.55
          ]
        ],
        "unit_class": "langer_21cm_morser_a",
        "objLayer": 1,
        "props": {
          "army": 0,
          "active": true
        }
      },
      {
        "name": "langer_morser_a_13",
        "tm": [
          [
            0.966902,
            0.0855549,
            0.240374
          ],
          [
            -0.0789899,
            0.996195,
            -0.0368336
          ],
          [
            -0.242611,
            0.0166274,
            0.969981
          ],
          [
            533.5,
            -2.5,
            1822.95
          ]
        ],
        "unit_class": "langer_21cm_morser_a",
        "objLayer": 1,
        "props": {
          "army": 0,
          "active": true
        }
      },
      {
        "name": "langer_morser_a_14",
        "tm": [
          [
            0.0688215,
            0.0855549,
            -0.993954
          ],
          [
            -0.0225576,
            0.996195,
            0.084186
          ],
          [
            0.997374,
            0.0166274,
            0.0704895
          ],
          [
            489.0,
            -2.5,
            1857.1
          ]
        ],
        "unit_class": "langer_21cm_morser_a",
        "objLayer": 1,
        "props": {
          "army": 0,
          "active": true
        }
      },
      {
        "name": "langer_morser_a_15",
        "tm": [
          [
            0.0688215,
            0.0855549,
            -0.993954
          ],
          [
            -0.0225576,
            0.996195,
            0.084186
          ],
          [
            0.997374,
            0.0166274,
            0.0704895
          ],
          [
            485.55,
            -2.5,
            1856.7
          ]
        ],
        "unit_class": "langer_21cm_morser_a",
        "objLayer": 1,
        "props": {
          "army": 0,
          "active": true
        }
      },
      {
        "name": "langer_morser_a_16",
        "tm": [
          [
            -0.722246,
            0.0855549,
            0.686324
          ],
          [
            0.0735064,
            0.996195,
            -0.0468288
          ],
          [
            -0.687719,
            0.0166274,
            -0.725786
          ],
          [
            479.65,
            -2.5,
            1853.2
          ]
        ],
        "unit_class": "langer_21cm_morser_a",
        "objLayer": 1,
        "props": {
          "army": 0,
          "active": true
        }
      },
      {
        "name": "market_cart_d_01",
        "tm": [
          [
            -0.875335,
            0.0866785,
            0.475682
          ],
          [
            0.0805214,
            0.996195,
            -0.0333531
          ],
          [
            -0.476764,
            0.0091075,
            -0.878984
          ],
          [
            422.7,
            2.1,
            1124.0
          ]
        ],
        "unit_class": "market_cart_d",
        "objLayer": 1,
        "props": {
          "army": 0,
          "active": true
        }
      },
      {
        "name": "market_cart_d_02",
        "tm": [
          [
            -0.933951,
            0.00529943,
            0.357359
          ],
          [
            -0.00295848,
            0.999741,
            -0.0225576
          ],
          [
            -0.357386,
            -0.0221249,
            -0.933695
          ],
          [
            626.6,
            1.35,
            1079.95
          ]
        ],
        "unit_class": "market_cart_d",
        "objLayer": 1,
        "props": {
          "army": 0,
          "active": true
        }
      },
      {
        "name": "market_cart_c_01",
        "tm": [
          [
            -0.933951,
            0.00529943,
            0.357359
          ],
          [
            -0.00295848,
            0.999741,
            -0.0225576
          ],
          [
            -0.357386,
            -0.0221249,
            -0.933695
          ],
          [
            621.3,
            1.35,
            1081.7
          ]
        ],
        "unit_class": "market_cart_c",
        "objLayer": 1,
        "props": {
          "army": 0,
          "active": true
        }
      },
      {
        "name": "market_cart_d_03",
        "tm": [
          [
            -0.809637,
            0.00529943,
            0.586906
          ],
          [
            -0.008696,
            0.999741,
            -0.0210232
          ],
          [
            -0.586866,
            -0.0221249,
            -0.809382
          ],
          [
            617.55,
            1.65,
            1038.3
          ]
        ],
        "unit_class": "market_cart_d",
        "objLayer": 1,
        "props": {
          "army": 0,
          "active": true
        }
      },
      {
        "name": "market_cart_c_02",
        "tm": [
          [
            0.809637,
            0.00529943,
            -0.586906
          ],
          [
            0.00869599,
            0.999741,
            0.0210232
          ],
          [
            0.586866,
            -0.0221249,
            0.809382
          ],
          [
            602.0,
            1.7,
            1006.9
          ]
        ],
        "unit_class": "market_cart_c",
        "objLayer": 1,
        "props": {
          "army": 0,
          "active": true
        }
      },
      {
        "name": "market_cart_d_04",
        "tm": [
          [
            0.31628,
            0.00529943,
            0.94865
          ],
          [
            -0.0226651,
            0.999741,
            0.00197171
          ],
          [
            -0.948395,
            -0.0221249,
            0.316319
          ],
          [
            621.55,
            1.7,
            954.1
          ]
        ],
        "unit_class": "market_cart_d",
        "objLayer": 1,
        "props": {
          "army": 0,
          "active": true
        }
      },
      {
        "name": "market_cart_d_05",
        "tm": [
          [
            -0.621664,
            0.00529943,
            -0.783265
          ],
          [
            0.0206239,
            0.999741,
            -0.00960474
          ],
          [
            0.783012,
            -0.0221249,
            -0.621613
          ],
          [
            629.15,
            1.7,
            955.25
          ]
        ],
        "unit_class": "market_cart_d",
        "objLayer": 1,
        "props": {
          "army": 0,
          "active": true
        }
      },
      {
        "name": "market_cart_c_03",
        "tm": [
          [
            0.828424,
            0.00529943,
            0.560076
          ],
          [
            -0.0167812,
            0.999741,
            0.0153619
          ],
          [
            -0.55985,
            -0.0221249,
            0.828299
          ],
          [
            625.15,
            1.7,
            955.15
          ]
        ],
        "unit_class": "market_cart_c",
        "objLayer": 1,
        "props": {
          "army": 0,
          "active": true
        }
      },
      {
        "name": "market_cart_c_04",
        "tm": [
          [
            0.933952,
            0.00529943,
            -0.357358
          ],
          [
            0.00295847,
            0.999741,
            0.0225576
          ],
          [
            0.357386,
            -0.0221249,
            0.933695
          ],
          [
            687.3,
            1.7,
            981.95
          ]
        ],
        "unit_class": "market_cart_c",
        "objLayer": 1,
        "props": {
          "army": 0,
          "active": true
        }
      },
      {
        "name": "market_cart_d_06",
        "tm": [
          [
            -0.857708,
            0.00529943,
            0.514109
          ],
          [
            -0.00683061,
            0.999741,
            -0.0217011
          ],
          [
            -0.514091,
            -0.0221249,
            -0.85745
          ],
          [
            685.35,
            1.7,
            978.75
          ]
        ],
        "unit_class": "market_cart_d",
        "objLayer": 1,
        "props": {
          "army": 0,
          "active": true
        }
      },
      {
        "name": "market_cart_c_06",
        "tm": [
          [
            -0.999851,
            0.00529943,
            0.0163769
          ],
          [
            0.00493509,
            0.999741,
            -0.022209
          ],
          [
            -0.0164904,
            -0.0221249,
            -0.999619
          ],
          [
            729.6,
            1.7,
            918.1
          ]
        ],
        "unit_class": "market_cart_c",
        "objLayer": 1,
        "props": {
          "army": 0,
          "active": true
        }
      },
      {
        "name": "market_cart_c_07",
        "tm": [
          [
            0.993435,
            0.00529943,
            0.11427
          ],
          [
            -0.00779173,
            0.999741,
            0.0213749
          ],
          [
            -0.114127,
            -0.0221249,
            0.99322
          ],
          [
            800.9,
            1.1,
            919.15
          ]
        ],
        "unit_class": "market_cart_c",
        "objLayer": 1,
        "props": {
          "army": 0,
          "active": true
        }
      },
      {
        "name": "market_cart_d_07",
        "tm": [
          [
            -0.998185,
            0.00529943,
            0.0599745
          ],
          [
            0.00396164,
            0.999741,
            -0.0224032
          ],
          [
            -0.0600778,
            -0.0221249,
            -0.997949
          ],
          [
            811.6,
            1.1,
            921.95
          ]
        ],
        "unit_class": "market_cart_d",
        "objLayer": 1,
        "props": {
          "army": 0,
          "active": true
        }
      },
      {
        "name": "market_cart_d_09",
        "tm": [
          [
            0.621664,
            0.00529943,
            0.783266
          ],
          [
            -0.0206239,
            0.999741,
            0.00960474
          ],
          [
            -0.783012,
            -0.0221249,
            0.621613
          ],
          [
            1015.95,
            1.7,
            882.25
          ]
        ],
        "unit_class": "market_cart_d",
        "objLayer": 1,
        "props": {
          "army": 0,
          "active": true
        }
      },
      {
        "name": "market_cart_c_08",
        "tm": [
          [
            -0.718582,
            0.00529943,
            -0.695421
          ],
          [
            0.0191938,
            0.999741,
            -0.0122145
          ],
          [
            0.695177,
            -0.0221249,
            -0.718498
          ],
          [
            1037.35,
            0.25,
            919.8
          ]
