{
  "selected_tag": "",
  "bin_dump_file": "",
  "mission_settings": {
    "player": {
      "army": 1
    },
    "player_teamB": {
      "army": 2
    },
    "mission": {
      "level": "levels/air_smolensk.bin",
      "type": "domination",
      "environment": "Day",
      "weather": "hazy",
      "restoreType": "attempts",
      "optionalTakeOff": false
    }
  },
  "imports": {},
  "triggers": {
    "isCategory": true,
    "is_enabled": true
  },
  "mission_objectives": {
    "isCategory": true,
    "is_enabled": true
  },
  "variables": {},
  "dialogs": {},
  "airfields": {},
  "effects": {},
  "units": {
    "objectGroups": [
      {
        "name": "bdt_t2_bomb_object_01",
        "tm": [
          [
            -0.757203,
            0.0,
            -0.653176
          ],
          [
            0.0,
            1.0,
            0.0
          ],
          [
            0.653176,
            0.0,
            -0.757203
          ],
          [
            -13174.0,
            383.286,
            12743.4
          ]
        ],
        "unit_class": "dynBase_hq_camp_square",
        "objLayer": 2,
        "props": {
          "army": 2,
          "active": false
        }
      },
      {
        "name": "bdt_t2_bomb_object_02",
        "tm": [
          [
            -0.996712,
            0.0,
            -0.0810565
          ],
          [
            0.0,
            1.0,
            0.0
          ],
          [
            0.0810565,
            0.0,
            -0.996712
          ],
          [
            -19548.8,
            191.601,
            15000.2
          ]
        ],
        "unit_class": "dynBase_fuel_storage_square",
        "objLayer": 2,
        "props": {
          "army": 2,
          "active": false
        }
      },
      {
        "name": "bdt_t2_bomb_object_03",
        "tm": [
          [
            0.336265,
            0.0,
            -0.94177
          ],
          [
            0.0,
            1.0,
            0.0
          ],
          [
            0.94177,
            0.0,
            0.336265
          ],
          [
            -22533.0,
            114.24,
            13791.2
          ]
        ],
        "unit_class": "dynBase_oil_storage_small_square",
        "objLayer": 2,
        "props": {
          "army": 2,
          "active": false
        }
      },
      {
        "name": "bdt_t1_bomb_object_01",
        "tm": [
          [
            -0.402972,
            0.0,
            -0.915212
          ],
          [
            0.0,
            1.0,
            0.0
          ],
          [
            0.915212,
            0.0,
            -0.402972
          ],
          [
            -11328.4,
            342.101,
            1379.86
          ]
        ],
        "unit_class": "dynBase_fuel_storage_square",
        "objLayer": 2,
        "props": {
          "army": 1,
          "active": false
        }
      },
      {
        "name": "bdt_t1_bomb_object_02",
        "tm": [
          [
            0.321206,
            0.0,
            -0.947008
          ],
          [
            0.0,
            1.0,
            0.0
          ],
          [
            0.947008,
            0.0,
            0.321206
          ],
          [
            -13767.3,
            267.559,
            2617.15
          ]
        ],
        "unit_class": "dynBase_small_factory_square",
        "objLayer": 2,
        "props": {
          "army": 1,
          "active": false
        }
      },
      {
        "name": "bdt_t1_bomb_object_03",
        "tm": [
          [
            0.418416,
            0.0,
            -0.908255
          ],
          [
            0.0,
            1.0,
            0.0
          ],
          [
            0.908255,
            0.0,
            0.418416
          ],
          [
            -21386.5,
            133.732,
            1760.63
          ]
        ],
        "unit_class": "dynBase_oil_storage_small_square",
        "objLayer": 2,
        "props": {
          "army": 1,
          "active": false
        }
      },
      {
        "name": "bdt_t2_bomb_object_04",
        "tm": [
          [
            -0.245615,
            0.0,
            -0.969368
          ],
          [
            0.0,
            1.0,
            0.0
          ],
          [
            0.969368,
            0.0,
            -0.245615
          ],
          [
            -13283.3,
            405.809,
            15648.8
          ]
        ],
        "unit_class": "dynBase_small_factory_square",
        "objLayer": 2,
        "props": {
          "army": 2,
          "active": false
        }
      },
      {
        "name": "bdt_t1_bomb_object_04",
        "tm": [
          [
            0.0740578,
            0.0,
            -0.997254
          ],
          [
            0.0,
            1.0,
            0.0
          ],
          [
            0.997254,
            0.0,
            0.0740578
          ],
          [
            -24066.0,
            94.0166,
            3705.43
          ]
        ],
        "unit_class": "dynBase_field_camp_square",
        "objLayer": 2,
        "props": {
          "army": 1,
          "active": false
        }
      },
      {
        "name": "bdt_t1_bomb_object_05",
        "tm": [
          [
            0.0740578,
            0.0,
            -0.997254
          ],
          [
            0.0,
            1.0,
            0.0
          ],
          [
            0.997254,
            0.0,
            0.0740578
          ],
          [
            -25312.8,
            59.7472,
            6214.79
          ]
        ],
        "unit_class": "dynBase_military_base_square",
        "objLayer": 2,
        "props": {
          "army": 1,
          "active": false
        }
      },
      {
        "name": "bdt_t1_bomb_object_06",
        "tm": [
          [
            0.0740578,
            0.0,
            -0.997254
          ],
          [
            0.0,
            1.0,
            0.0
          ],
          [
            0.997254,
            0.0,
            0.0740578
          ],
          [
            -24237.6,
            90.8606,
            825.438
          ]
        ],
        "unit_class": "dynBase_oil_storage_large_square",
        "objLayer": 2,
        "props": {
          "army": 1,
          "active": false
        }
      },
      {
        "name": "bdt_t1_bomb_object_07",
        "tm": [
          [
            0.0740578,
            0.0,
            -0.997254
          ],
          [
            0.0,
            1.0,
            0.0
          ],
          [
            0.997254,
            0.0,
            0.0740578
          ],
          [
            -26348.4,
            50.6903,
            3648.15
          ]
        ],
        "unit_class": "dynBase_oil_storage_large_square",
        "objLayer": 2,
        "props": {
          "army": 1,
          "active": false
        }
      },
      {
        "name": "bdt_t1_bomb_object_08",
        "tm": [
          [
            -0.402972,
            0.0,
            -0.915212
          ],
          [
            0.0,
            1.0,
            0.0
          ],
          [
            0.915212,
            0.0,
            -0.402972
          ],
          [
            -12255.3,
            346.652,
            4765.18
          ]
        ],
        "unit_class": "dynBase_small_factory_square",
        "objLayer": 2,
        "props": {
          "army": 1,
          "active": false
        }
      },
      {
        "name": "bdt_t1_bomb_object_09",
        "tm": [
          [
            -0.402972,
            0.0,
            -0.915212
          ],
          [
            0.0,
            1.0,
            0.0
          ],
          [
            0.915212,
            0.0,
            -0.402972
          ],
          [
            -16595.9,
            201.01,
            1234.44
          ]
        ],
        "unit_class": "dynBase_petrol_camp_square",
        "objLayer": 2,
        "props": {
          "army": 1,
          "active": false
        }
      },
      {
        "name": "bdt_t1_bomb_object_10",
        "tm": [
          [
            -0.402972,
            0.0,
            -0.915212
          ],
          [
            0.0,
            1.0,
            0.0
          ],
          [
            0.915212,
            0.0,
            -0.402972
          ],
          [
            -13822.0,
            289.55,
            57.416
          ]
        ],
        "unit_class": "dynBase_petrol_camp_square",
        "objLayer": 2,
        "props": {
          "army": 1,
          "active": false
        }
      },
      {
        "name": "bdt_t2_bomb_object_05",
        "tm": [
          [
            -0.245615,
            0.0,
            -0.969368
          ],
          [
            0.0,
            1.0,
            0.0
          ],
          [
            0.969368,
            0.0,
            -0.245615
          ],
          [
            -10602.4,
            471.833,
            12642.6
          ]
        ],
        "unit_class": "dynBase_petrol_camp_square",
        "objLayer": 2,
        "props": {
          "army": 2,
          "active": false
        }
      },
      {
        "name": "bdt_t2_bomb_object_06",
        "tm": [
          [
            0.238014,
            0.0,
            -0.971263
          ],
          [
            0.0,
            1.0,
            0.0
          ],
          [
            0.971263,
            0.0,
            0.238014
          ],
          [
            -11496.0,
            435.699,
            9603.47
          ]
        ],
        "unit_class": "dynBase_military_base_square",
        "objLayer": 2,
        "props": {
          "army": 2,
          "active": false
        }
      },
      {
        "name": "bdt_t2_bomb_object_07",
        "tm": [
          [
            -0.245615,
            0.0,
            -0.969368
          ],
          [
            0.0,
            1.0,
            0.0
          ],
          [
            0.969368,
            0.0,
            -0.245615
          ],
          [
            -15416.2,
            353.65,
            14715.3
          ]
        ],
        "unit_class": "dynBase_fuel_storage_square",
        "objLayer": 2,
        "props": {
          "army": 2,
          "active": false
        }
      },
      {
        "name": "bdt_t2_bomb_object_08",
        "tm": [
          [
            0.336265,
            0.0,
            -0.94177
          ],
          [
            0.0,
            1.0,
            0.0
          ],
          [
            0.94177,
            0.0,
            0.336265
          ],
          [
            -22511.5,
            158.746,
            15921.4
          ]
        ],
        "unit_class": "dynBase_ammunition_storage_square",
        "objLayer": 2,
        "props": {
          "army": 2,
          "active": false
        }
      },
      {
        "name": "bdt_t2_bomb_object_09",
        "tm": [
          [
            0.336265,
            0.0,
            -0.94177
          ],
          [
            0.0,
            1.0,
            0.0
          ],
          [
            0.94177,
            0.0,
            0.336265
          ],
          [
            -24792.0,
            82.2781,
            11314.9
          ]
        ],
        "unit_class": "dynBase_field_camp_square",
        "objLayer": 2,
        "props": {
          "army": 2,
          "active": false
        }
      },
      {
        "name": "bdt_t2_bomb_object_10",
        "tm": [
          [
            0.336265,
            0.0,
            -0.94177
          ],
          [
            0.0,
            1.0,
            0.0
          ],
          [
            0.94177,
            0.0,
            0.336265
          ],
          [
            -25848.0,
            73.4091,
            13895.0
          ]
        ],
        "unit_class": "dynBase_oil_storage_small_square",
        "objLayer": 2,
        "props": {
          "army": 2,
          "active": false
        }
      }
    ]
  },
  "areas": {
    "bdt_t2_bomb_zone_01": {
      "type": "Sphere",
      "tm": [
        [
          -340.743,
          0.0,
          -293.93
        ],
        [
          0.0,
          450.0,
          0.0
        ],
        [
          293.93,
          0.0,
          -340.743
        ],
        [
          -13176.6,
          383.357,
          12750.0
        ]
      ],
      "objLayer": 0,
      "props": {}
    },
    "bdt_t2_bomb_zone_02": {
      "type": "Sphere",
      "tm": [
        [
          -306.04,
          0.0,
          -329.91
        ],
        [
          0.0,
          450.0,
          0.0
        ],
        [
          329.91,
          0.0,
          -306.04
        ],
        [
          -19541.0,
          191.921,
          14980.0
        ]
      ],
      "objLayer": 0,
      "props": {}
    },
    "bdt_t2_bomb_zone_03": {
      "type": "Sphere",
      "tm": [
        [
          151.317,
          0.0,
          -423.795
        ],
        [
          0.0,
          450.0,
          0.0
        ],
        [
          423.795,
          0.0,
          151.317
        ],
        [
          -22527.0,
          114.19,
          13799.0
        ]
      ],
      "objLayer": 0,
      "props": {}
    },
    "bdt_t1_bomb_zone_01": {
      "type": "Sphere",
      "tm": [
        [
          -181.339,
          0.0,
          -411.844
        ],
        [
          0.0,
          450.0,
          0.0
        ],
        [
          411.844,
          0.0,
          -181.339
        ],
        [
          -11330.6,
          342.143,
          1367.4
        ]
      ],
      "objLayer": 0,
      "props": {}
    },
    "bdt_t1_bomb_zone_02": {
      "type": "Sphere",
      "tm": [
        [
          48.8784,
          0.0,
          -447.337
        ],
        [
          0.0,
          450.0,
          0.0
        ],
        [
          447.337,
          0.0,
          48.8784
        ],
        [
          -13764.7,
          266.074,
          2613.25
        ]
      ],
      "objLayer": 0,
      "props": {}
    },
    "bdt_t1_bomb_zone_03": {
      "type": "Sphere",
      "tm": [
        [
          18.5949,
          0.0,
          -449.615
        ],
        [
          0.0,
          450.0,
          0.0
        ],
        [
          449.615,
          0.0,
          18.5949
        ],
        [
          -21385.6,
          133.601,
          1755.02
        ]
      ],
      "objLayer": 0,
      "props": {}
    },
    "bdt_t2_bomb_zone_04": {
      "type": "Sphere",
      "tm": [
        [
          -110.528,
          0.0,
          -436.213
        ],
        [
          0.0,
          450.0,
          0.0
        ],
        [
          436.213,
          0.0,
          -110.528
        ],
        [
          -13286.9,
          405.743,
          15641.7
        ]
      ],
      "objLayer": 0,
      "props": {}
    },
    "bdt_t1_bomb_zone_04": {
      "type": "Sphere",
      "tm": [
        [
          18.5949,
          0.0,
          -449.615
        ],
        [
          0.0,
          450.0,
          0.0
        ],
        [
          449.615,
          0.0,
          18.5949
        ],
        [
          -24060.1,
          93.9836,
          3705.42
        ]
      ],
      "objLayer": 0,
      "props": {}
    },
    "bdt_t2_bomb_zone_01_aaa_point_01": {
      "type": "Point",
      "tm": [
        [
          -0.263167,
          0.0,
          -0.964749
        ],
        [
          0.0,
          1.0,
          0.0
        ],
        [
          0.964749,
          0.0,
          -0.263167
        ],
        [
          -13399.5,
          385.489,
          12783.1
        ]
      ],
      "objLayer": 0,
      "props": {}
    },
    "bdt_t2_bomb_zone_01_aaa_point_02": {
      "type": "Point",
      "tm": [
        [
          -0.263167,
          0.0,
          -0.964749
        ],
        [
          0.0,
          1.0,
          0.0
        ],
        [
          0.964749,
          0.0,
          -0.263167
        ],
        [
          -12891.4,
          385.115,
          12814.1
        ]
      ],
      "objLayer": 0,
      "props": {}
    },
    "bdt_t2_bomb_zone_01_aaa_point_03": {
      "type": "Point",
      "tm": [
        [
          -0.263167,
          0.0,
          -0.964749
        ],
        [
          0.0,
          1.0,
          0.0
        ],
        [
          0.964749,
          0.0,
          -0.263167
        ],
        [
          -12914.9,
          383.698,
          12697.5
        ]
      ],
      "objLayer": 0,
      "props": {}
    },
    "bdt_t2_bomb_zone_01_aaa_point_04": {
      "type": "Point",
      "tm": [
        [
          -0.263167,
          0.0,
          -0.964749
        ],
        [
          0.0,
          1.0,
          0.0
        ],
        [
          0.964749,
          0.0,
          -0.263167
        ],
        [
          -12993.4,
          379.96,
          12320.1
        ]
      ],
      "objLayer": 0,
      "props": {}
    },
    "bdt_t2_bomb_zone_02_aaa_point_01": {
      "type": "Point",
      "tm": [
        [
          -0.154544,
          0.0,
          -0.987985
        ],
        [
          0.0,
          1.0,
          0.0
        ],
        [
          0.987985,
          0.0,
          -0.154544
        ],
        [
          -19657.9,
          189.281,
          15199.4
        ]
      ],
      "objLayer": 0,
      "props": {}
    },
    "bdt_t2_bomb_zone_02_aaa_point_02": {
      "type": "Point",
      "tm": [
        [
          -0.154544,
          0.0,
          -0.987985
        ],
        [
          0.0,
          1.0,
          0.0
        ],
        [
          0.987985,
          0.0,
          -0.154544
        ],
        [
          -19234.2,
          191.121,
          14866.1
        ]
      ],
      "objLayer": 0,
      "props": {}
    },
    "bdt_t2_bomb_zone_02_aaa_point_03": {
      "type": "Point",
      "tm": [
        [
          -0.154544,
          0.0,
          -0.987985
        ],
        [
          0.0,
          1.0,
          0.0
        ],
        [
          0.987985,
          0.0,
          -0.154544
        ],
        [
          -19393.0,
          194.931,
          15217.2
        ]
      ],
      "objLayer": 0,
      "props": {}
    },
    "bdt_t2_bomb_zone_02_aaa_point_04": {
      "type": "Point",
      "tm": [
        [
          -0.154544,
          0.0,
          -0.987985
        ],
        [
          0.0,
          1.0,
          0.0
        ],
        [
          0.987985,
          0.0,
          -0.154544
        ],
        [
          -19614.6,
          189.211,
          14762.7
        ]
      ],
      "objLayer": 0,
      "props": {}
    },
    "bdt_t2_bomb_zone_03_aaa_point_01": {
      "type": "Point",
      "tm": [
        [
          -0.154544,
          0.0,
          -0.987985
        ],
        [
          0.0,
          1.0,
          0.0
        ],
        [
          0.987985,
          0.0,
          -0.154544
        ],
        [
          -22825.0,
          116.99,
          13796.1
        ]
      ],
      "objLayer": 0,
      "props": {}
    },
    "bdt_t2_bomb_zone_03_aaa_point_02": {
      "type": "Point",
      "tm": [
        [
          -0.154544,
          0.0,
          -0.987985
        ],
        [
          0.0,
          1.0,
          0.0
        ],
        [
          0.987985,
          0.0,
          -0.154544
        ],
        [
          -22276.4,
          110.93,
          13648.0
        ]
      ],
      "objLayer": 0,
      "props": {}
    },
    "bdt_t2_bomb_zone_03_aaa_point_03": {
      "type": "Point",
      "tm": [
        [
          -0.154544,
          0.0,
          -0.987985
        ],
        [
          0.0,
          1.0,
          0.0
        ],
        [
          0.987985,
          0.0,
          -0.154544
        ],
        [
          -22246.7,
          111.32,
          13954.0
        ]
      ],
      "objLayer": 0,
      "props": {}
    },
    "bdt_t2_bomb_zone_03_aaa_point_04": {
      "type": "Point",
      "tm": [
        [
          -0.154544,
          0.0,
          -0.987985
        ],
        [
          0.0,
          1.0,
          0.0
        ],
        [
          0.987985,
          0.0,
          -0.154544
        ],
        [
          -22740.7,
          116.85,
          14009.6
        ]
      ],
      "objLayer": 0,
      "props": {}
    },
    "bdt_t2_bomb_zone_04_aaa_point_01": {
      "type": "Point",
      "tm": [
        [
          -0.263167,
          0.0,
          -0.964749
        ],
        [
          0.0,
          1.0,
          0.0
        ],
        [
          0.964749,
          0.0,
          -0.263167
        ],
        [
          -13127.4,
          401.596,
          15350.3
        ]
      ],
      "objLayer": 0,
      "props": {}
    },
    "bdt_t2_bomb_zone_04_aaa_point_02": {
      "type": "Point",
      "tm": [
        [
          -0.263167,
          0.0,
          -0.964749
        ],
        [
          0.0,
          1.0,
          0.0
        ],
        [
          0.964749,
          0.0,
          -0.263167
        ],
        [
          -13027.8,
          401.357,
          15797.2
        ]
      ],
      "objLayer": 0,
      "props": {}
    },
    "bdt_t2_bomb_zone_04_aaa_point_03": {
      "type": "Point",
      "tm": [
        [
          -0.263167,
          0.0,
          -0.964749
        ],
        [
          0.0,
          1.0,
          0.0
        ],
        [
          0.964749,
          0.0,
          -0.263167
        ],
        [
          -13548.7,
          401.2,
          15591.4
        ]
      ],
      "objLayer": 0,
      "props": {}
    },
    "bdt_t2_bomb_zone_04_aaa_point_04": {
      "type": "Point",
      "tm": [
        [
          -0.263167,
          0.0,
          -0.964749
        ],
        [
          0.0,
          1.0,
          0.0
        ],
        [
          0.964749,
          0.0,
          -0.263167
        ],
        [
          -13459.3,
          361.455,
          15818.7
        ]
      ],
      "objLayer": 0,
      "props": {}
    },
    "bdt_t1_bomb_zone_01_aaa_point_01": {
      "type": "Point",
      "tm": [
        [
          0.177018,
          0.0,
          -0.984207
        ],
        [
          0.0,
          1.0,
          0.0
        ],
        [
          0.984207,
          0.0,
          0.177018
        ],
        [
          -11276.7,
          345.525,
          1118.47
        ]
      ],
      "objLayer": 0,
      "props": {}
    },
    "bdt_t1_bomb_zone_01_aaa_point_02": {
      "type": "Point",
      "tm": [
        [
          0.177018,
          0.0,
          -0.984207
        ],
        [
          0.0,
          1.0,
          0.0
        ],
        [
          0.984207,
          0.0,
          0.177018
        ],
        [
          -11314.0,
          339.472,
          1620.05
        ]
      ],
      "objLayer": 0,
      "props": {}
    },
    "bdt_t1_bomb_zone_01_aaa_point_03": {
      "type": "Point",
      "tm": [
        [
          0.177018,
          0.0,
          -0.984207
        ],
        [
          0.0,
          1.0,
          0.0
        ],
        [
          0.984207,
          0.0,
          0.177018
        ],
        [
          -11563.5,
          355.004,
          1354.98
        ]
      ],
      "objLayer": 0,
      "props": {}
    },
    "bdt_t1_bomb_zone_01_aaa_point_04": {
      "type": "Point",
      "tm": [
        [
          0.177018,
          0.0,
          -0.984207
        ],
        [
          0.0,
          1.0,
          0.0
        ],
        [
          0.984207,
          0.0,
          0.177018
        ],
        [
          -11478.2,
          348.242,
          1567.03
        ]
      ],
      "objLayer": 0,
      "props": {}
    },
    "bdt_t1_bomb_zone_02_aaa_point_01": {
      "type": "Point",
      "tm": [
        [
          0.177018,
          0.0,
          -0.984207
        ],
        [
          0.0,
          1.0,
          0.0
        ],
        [
          0.984207,
          0.0,
          0.177018
        ],
        [
          -13550.5,
          263.815,
          2448.18
        ]
      ],
      "objLayer": 0,
      "props": {}
    },
    "bdt_t1_bomb_zone_02_aaa_point_02": {
      "type": "Point",
      "tm": [
        [
          0.177018,
          0.0,
          -0.984207
        ],
        [
          0.0,
          1.0,
          0.0
        ],
        [
          0.984207,
          0.0,
          0.177018
        ],
        [
          -13529.9,
          333.376,
          2737.71
        ]
      ],
      "objLayer": 0,
      "props": {}
    },
    "bdt_t1_bomb_zone_02_aaa_point_03": {
      "type": "Point",
      "tm": [
        [
          0.177018,
          0.0,
          -0.984207
        ],
        [
          0.0,
          1.0,
          0.0
        ],
        [
          0.984207,
          0.0,
          0.177018
        ],
        [
          -14214.9,
          294.498,
          2597.45
        ]
      ],
      "objLayer": 0,
      "props": {}
    },
    "bdt_t1_bomb_zone_02_aaa_point_04": {
      "type": "Point",
      "tm": [
        [
          0.177018,
          0.0,
          -0.984207
        ],
        [
          0.0,
          1.0,
          0.0
        ],
        [
          0.984207,
          0.0,
          0.177018
        ],
        [
          -13786.9,
          342.148,
          2941.63
        ]
      ],
      "objLayer": 0,
      "props": {}
    },
    "bdt_t1_bomb_zone_03_aaa_point_01": {
      "type": "Point",
      "tm": [
        [
          0.0667686,
          0.0,
          -0.997768
        ],
        [
          0.0,
          1.0,
          0.0
        ],
        [
          0.997768,
          0.0,
          0.0667686
        ],
        [
          -21630.6,
          137.972,
          1941.37
        ]
      ],
      "objLayer": 0,
      "props": {}
    },
    "bdt_t1_bomb_zone_03_aaa_point_02": {
      "type": "Point",
      "tm": [
        [
          0.0667686,
          0.0,
          -0.997768
        ],
        [
          0.0,
          1.0,
          0.0
        ],
        [
          0.997768,
          0.0,
          0.0667686
        ],
        [
          -21184.3,
          130.654,
          1620.43
        ]
      ],
      "objLayer": 0,
      "props": {}
    },
    "bdt_t1_bomb_zone_03_aaa_point_03": {
      "type": "Point",
      "tm": [
        [
          0.0667686,
          0.0,
          -0.997768
        ],
        [
          0.0,
          1.0,
          0.0
        ],
        [
          0.997768,
          0.0,
          0.0667686
        ],
        [
          -21135.9,
          137.421,
          1896.11
        ]
      ],
      "objLayer": 0,
      "props": {}
    },
    "bdt_t1_bomb_zone_03_aaa_point_04": {
      "type": "Point",
      "tm": [
        [
          0.0667686,
          0.0,
          -0.997768
        ],
        [
          0.0,
          1.0,
          0.0
        ],
        [
          0.997768,
          0.0,
          0.0667686
        ],
        [
          -21551.0,
          135.215,
          1553.28
        ]
      ],
      "objLayer": 0,
      "props": {}
    },
    "bdt_t1_bomb_zone_04_aaa_point_01": {
      "type": "Point",
      "tm": [
        [
          0.0667686,
          0.0,
          -0.997768
        ],
        [
          0.0,
          1.0,
          0.0
        ],
        [
          0.997768,
          0.0,
          0.0667686
        ],
        [
          -24174.8,
          96.1736,
          3410.11
        ]
      ],
      "objLayer": 0,
      "props": {}
    },
    "bdt_t1_bomb_zone_04_aaa_point_02": {
      "type": "Point",
      "tm": [
        [
          0.0667686,
          0.0,
          -0.997768
        ],
        [
          0.0,
          1.0,
          0.0
        ],
        [
          0.997768,
          0.0,
          0.0667686
        ],
        [
          -23877.3,
          94.1006,
          3531.04
        ]
      ],
      "objLayer": 0,
      "props": {}
    },
    "bdt_t1_bomb_zone_04_aaa_point_03": {
      "type": "Point",
      "tm": [
        [
          0.0667686,
          0.0,
          -0.997768
        ],
        [
          0.0,
          1.0,
          0.0
        ],
        [
          0.997768,
          0.0,
          0.0667686
        ],
        [
          -24350.7,
          95.0286,
          3692.1
        ]
      ],
      "objLayer": 0,
      "props": {}
    },
    "bdt_t1_bomb_zone_04_aaa_point_04": {
      "type": "Point",
      "tm": [
        [
          0.0667686,
          0.0,
          -0.997768
        ],
        [
          0.0,
          1.0,
          0.0
        ],
        [
          0.997768,
          0.0,
          0.0667686
        ],
        [
          -23799.0,
          93.4416,
          3879.49
        ]
      ],
      "objLayer": 0,
      "props": {}
    },
    "bdt_t1_bomb_zone_05": {
      "type": "Sphere",
      "tm": [
        [
          18.5949,
          0.0,
          -449.615
        ],
        [
          0.0,
          450.0,
          0.0
        ],
        [
          449.615,
          0.0,
          18.5949
        ],
        [
          -25307.0,
          59.7692,
          6214.9
        ]
      ],
      "objLayer": 0,
      "props": {}
    },
    "bdt_t1_bomb_zone_06": {
      "type": "Sphere",
      "tm": [
        [
          18.5949,
          0.0,
          -449.615
        ],
        [
          0.0,
          450.0,
          0.0
        ],
        [
          449.615,
          0.0,
          18.5949
        ],
        [
          -24232.0,
          90.9186,
          825.364
        ]
      ],
      "objLayer": 0,
      "props": {}
    },
    "bdt_t1_bomb_zone_07": {
      "type": "Sphere",
      "tm": [
        [
          18.5949,
          0.0,
          -449.615
        ],
        [
          0.0,
          450.0,
          0.0
        ],
        [
          449.615,
          0.0,
          18.5949
        ],
        [
          -26342.5,
          50.8053,
          3648.14
        ]
      ],
      "objLayer": 0,
      "props": {}
    },
    "bdt_t1_bomb_zone_08": {
      "type": "Sphere",
      "tm": [
        [
          -181.339,
          0.0,
          -411.844
        ],
        [
          0.0,
          450.0,
          0.0
        ],
        [
          411.844,
          0.0,
          -181.339
        ],
        [
          -12257.6,
          347.071,
          4752.68
        ]
      ],
      "objLayer": 0,
      "props": {}
    },
    "bdt_t1_bomb_zone_09": {
      "type": "Sphere",
      "tm": [
        [
          -181.339,
          0.0,
          -411.844
        ],
        [
          0.0,
          450.0,
          0.0
        ],
        [
          411.844,
          0.0,
          -181.339
        ],
        [
          -16598.0,
          201.301,
          1222.17
        ]
      ],
      "objLayer": 0,
      "props": {}
    },
    "bdt_t1_bomb_zone_10": {
      "type": "Sphere",
      "tm": [
        [
          -181.339,
          0.0,
          -411.844
        ],
        [
          0.0,
          450.0,
          0.0
        ],
        [
          411.844,
          0.0,
          -181.339
        ],
        [
          -13824.3,
          291.718,
          44.8828
        ]
      ],
      "objLayer": 0,
      "props": {}
    },
    "bdt_t1_bomb_zone_05_aaa_point_01": {
      "type": "Point",
      "tm": [
        [
          0.0667686,
          0.0,
          -0.997768
        ],
        [
          0.0,
          1.0,
          0.0
        ],
        [
          0.997768,
          0.0,
          0.0667686
        ],
        [
          -25302.4,
          60.0272,
          6488.84
        ]
      ],
      "objLayer": 0,
      "props": {}
    },
    "bdt_t1_bomb_zone_05_aaa_point_02": {
      "type": "Point",
      "tm": [
        [
          0.0667686,
          0.0,
          -0.997768
        ],
        [
          0.0,
          1.0,
          0.0
        ],
        [
          0.997768,
          0.0,
          0.0667686
        ],
        [
          -25407.3,
          59.1262,
          6333.57
        ]
      ],
      "objLayer": 0,
      "props": {}
    },
    "bdt_t1_bomb_zone_05_aaa_point_03": {
      "type": "Point",
      "tm": [
        [
          0.0667686,
          0.0,
          -0.997768
        ],
        [
          0.0,
          1.0,
          0.0
        ],
        [
          0.997768,
          0.0,
          0.0667686
        ],
        [
          -25322.6,
          60.3362,
          5927.56
        ]
      ],
      "objLayer": 0,
      "props": {}
    },
    "bdt_t1_bomb_zone_05_aaa_point_04": {
      "type": "Point",
      "tm": [
        [
          0.0667686,
          0.0,
          -0.997768
        ],
        [
          0.0,
          1.0,
          0.0
        ],
        [
          0.997768,
          0.0,
          0.0667686
        ],
        [
          -25107.6,
          61.0382,
          6021.76
        ]
      ],
      "objLayer": 0,
      "props": {}
    },
    "bdt_t1_bomb_zone_06_aaa_point_01": {
      "type": "Point",
      "tm": [
        [
          0.0667686,
          0.0,
          -0.997768
        ],
        [
          0.0,
          1.0,
          0.0
        ],
        [
          0.997768,
          0.0,
          0.0667686
        ],
        [
          -24528.6,
          86.2106,
          985.892
        ]
      ],
      "objLayer": 0,
      "props": {}
    },
    "bdt_t1_bomb_zone_06_aaa_point_02": {
      "type": "Point",
      "tm": [
        [
          0.0667686,
          0.0,
          -0.997768
        ],
        [
          0.0,
          1.0,
          0.0
        ],
        [
          0.997768,
          0.0,
          0.0667686
        ],
        [
          -24314.5,
          88.4686,
          1139.36
        ]
      ],
      "objLayer": 0,
      "props": {}
    },
    "bdt_t1_bomb_zone_06_aaa_point_03": {
      "type": "Point",
      "tm": [
        [
          0.0667686,
          0.0,
          -0.997768
        ],
        [
          0.0,
          1.0,
          0.0
        ],
        [
          0.997768,
          0.0,
          0.0667686
        ],
        [
          -23923.0,
          92.4436,
          835.895
        ]
      ],
      "objLayer": 0,
      "props": {}
    },
    "bdt_t1_bomb_zone_06_aaa_point_04": {
      "type": "Point",
      "tm": [
        [
          0.0667686,
          0.0,
          -0.997768
        ],
        [
          0.0,
          1.0,
          0.0
        ],
        [
          0.997768,
          0.0,
          0.0667686
        ],
        [
          -24344.2,
          88.2176,
          549.69
        ]
      ],
      "objLayer": 0,
      "props": {}
    },
    "bdt_t1_bomb_zone_07_aaa_point_01": {
      "type": "Point",
      "tm": [
        [
          0.0667686,
          0.0,
          -0.997768
        ],
        [
          0.0,
          1.0,
          0.0
        ],
        [
          0.997768,
          0.0,
          0.0667686
        ],
        [
          -26071.5,
          52.1073,
          3516.46
        ]
      ],
      "objLayer": 0,
      "props": {}
    },
    "bdt_t1_bomb_zone_07_aaa_point_02": {
      "type": "Point",
      "tm": [
        [
          0.0667686,
          0.0,
          -0.997768
        ],
        [
          0.0,
          1.0,
          0.0
        ],
        [
          0.997768,
          0.0,
          0.0667686
        ],
        [
          -26654.1,
          44.8113,
          3804.74
        ]
      ],
      "objLayer": 0,
      "props": {}
    },
    "bdt_t1_bomb_zone_07_aaa_point_03": {
      "type": "Point",
      "tm": [
        [
          0.0667686,
          0.0,
          -0.997768
        ],
        [
          0.0,
          1.0,
          0.0
        ],
        [
          0.997768,
          0.0,
          0.0667686
        ],
        [
          -26478.3,
          39.9483,
          3340.84
        ]
      ],
      "objLayer": 0,
      "props": {}
    },
    "bdt_t1_bomb_zone_07_aaa_point_04": {
      "type": "Point",
      "tm": [
        [
          0.0667686,
          0.0,
          -0.997768
        ],
        [
          0.0,
          1.0,
          0.0
        ],
        [
          0.997768,
          0.0,
          0.0667686
        ],
        [
          -26003.4,
          49.3763,
          3863.57
        ]
      ],
      "objLayer": 0,
      "props": {}
    },
    "bdt_t1_bomb_zone_08_aaa_point_01": {
      "type": "Point",
      "tm": [
        [
          0.177018,
          0.0,
          -0.984207
        ],
        [
          0.0,
          1.0,
          0.0
        ],
        [
          0.984207,
          0.0,
          0.177018
        ],
        [
          -11975.1,
          290.915,
          4882.18
        ]
      ],
      "objLayer": 0,
      "props": {}
    },
    "bdt_t1_bomb_zone_08_aaa_point_02": {
      "type": "Point",
      "tm": [
        [
          0.177018,
          0.0,
          -0.984207
        ],
        [
          0.0,
          1.0,
          0.0
        ],
        [
          0.984207,
          0.0,
          0.177018
        ],
        [
          -12419.3,
          348.274,
          5012.41
        ]
      ],
      "objLayer": 0,
      "props": {}
    },
    "bdt_t1_bomb_zone_08_aaa_point_03": {
      "type": "Point",
      "tm": [
        [
          0.177018,
          0.0,
          -0.984207
        ],
        [
          0.0,
          1.0,
          0.0
        ],
        [
          0.984207,
          0.0,
          0.177018
        ],
        [
          -12593.7,
          345.846,
          4630.08
        ]
      ],
      "objLayer": 0,
      "props": {}
    },
    "bdt_t1_bomb_zone_08_aaa_point_04": {
      "type": "Point",
      "tm": [
        [
          0.177018,
          0.0,
          -0.984207
        ],
        [
          0.0,
          1.0,
          0.0
        ],
        [
          0.984207,
          0.0,
          0.177018
        ],
        [
          -12203.6,
          348.962,
          4485.93
        ]
      ],
      "objLayer": 0,
      "props": {}
    },
    "bdt_t1_bomb_zone_09_aaa_point_01": {
      "type": "Point",
      "tm": [
        [
          0.177018,
          0.0,
          -0.984207
        ],
        [
          0.0,
          1.0,
          0.0
        ],
        [
          0.984207,
          0.0,
          0.177018
        ],
        [
          -16593.6,
          200.992,
          1670.11
        ]
      ],
      "objLayer": 0,
      "props": {}
    },
    "bdt_t1_bomb_zone_09_aaa_point_02": {
      "type": "Point",
      "tm": [
        [
          0.177018,
          0.0,
          -0.984207
        ],
        [
          0.0,
          1.0,
          0.0
        ],
        [
          0.984207,
          0.0,
          0.177018
        ],
        [
          -16982.5,
          192.48,
          1365.43
        ]
      ],
      "objLayer": 0,
      "props": {}
    },
    "bdt_t1_bomb_zone_09_aaa_point_03": {
      "type": "Point",
      "tm": [
        [
          0.177018,
          0.0,
          -0.984207
        ],
        [
          0.0,
          1.0,
          0.0
        ],
        [
          0.984207,
          0.0,
          0.177018
        ],
        [
          -16124.1,
          206.687,
          1373.95
        ]
      ],
      "objLayer": 0,
      "props": {}
    },
    "bdt_t1_bomb_zone_09_aaa_point_04": {
      "type": "Point",
      "tm": [
        [
          0.177018,
          0.0,
          -0.984207
        ],
        [
          0.0,
          1.0,
          0.0
        ],
        [
          0.984207,
          0.0,
