{
  "selected_tag": "",
  "bin_dump_file": "",
  "mission_settings": {
    "player": {
      "army": 1
    },
    "player_teamB": {
      "army": 2
    },
    "mission": {
      "level": "levels/air_smolensk.bin",
      "type": "domination",
      "environment": "Day",
      "weather": "hazy",
      "restoreType": "attempts",
      "optionalTakeOff": false
    }
  },
  "imports": {},
  "triggers": {
    "isCategory": true,
    "is_enabled": true
  },
  "mission_objectives": {
    "isCategory": true,
    "is_enabled": true
  },
  "variables": {},
  "dialogs": {},
  "airfields": {},
  "effects": {},
  "units": {
    "objectGroups": [
      {
        "name": "bdt_t2_bomb_object_01",
        "tm": [
          [
            -0.757204,
            0.0,
            -0.653175
          ],
          [
            0.0,
            1.0,
            0.0
          ],
          [
            0.653175,
            0.0,
            -0.757204
          ],
          [
            -10395.9,
            475.13,
            15462.4
          ]
        ],
        "unit_class": "dynBase_hq_camp_square",
        "objLayer": 2,
        "props": {
          "army": 2,
          "active": false
        }
      },
      {
        "name": "bdt_t2_bomb_object_02",
        "tm": [
          [
            -0.996712,
            0.0,
            -0.0810553
          ],
          [
            0.0,
            1.0,
            0.0
          ],
          [
            0.0810553,
            0.0,
            -0.996712
          ],
          [
            -24662.8,
            100.532,
            17400.3
          ]
        ],
        "unit_class": "dynBase_fuel_storage_square",
        "objLayer": 2,
        "props": {
          "army": 2,
          "active": false
        }
      },
      {
        "name": "bdt_t2_bomb_object_03",
        "tm": [
          [
            0.336264,
            0.0,
            -0.94177
          ],
          [
            0.0,
            1.0,
            0.0
          ],
          [
            0.94177,
            0.0,
            0.336264
          ],
          [
            -28244.9,
            84.7074,
            12964.7
          ]
        ],
        "unit_class": "dynBase_oil_storage_small_square",
        "objLayer": 2,
        "props": {
          "army": 2,
          "active": false
        }
      },
      {
        "name": "bdt_t1_bomb_object_01",
        "tm": [
          [
            -0.402974,
            0.0,
            -0.915211
          ],
          [
            0.0,
            1.0,
            0.0
          ],
          [
            0.915211,
            0.0,
            -0.402974
          ],
          [
            -12364.3,
            335.41,
            -5271.1
          ]
        ],
        "unit_class": "dynBase_fuel_storage_square",
        "objLayer": 2,
        "props": {
          "army": 1,
          "active": false
        }
      },
      {
        "name": "bdt_t1_bomb_object_02",
        "tm": [
          [
            0.321205,
            0.0,
            -0.947009
          ],
          [
            0.0,
            1.0,
            0.0
          ],
          [
            0.947009,
            0.0,
            0.321205
          ],
          [
            -8460.58,
            385.174,
            2228.3
          ]
        ],
        "unit_class": "dynBase_small_factory_square",
        "objLayer": 2,
        "props": {
          "army": 1,
          "active": false
        }
      },
      {
        "name": "bdt_t1_bomb_object_03",
        "tm": [
          [
            0.418414,
            0.0,
            -0.908256
          ],
          [
            0.0,
            1.0,
            0.0
          ],
          [
            0.908256,
            0.0,
            0.418414
          ],
          [
            -22888.7,
            57.1543,
            -2426.63
          ]
        ],
        "unit_class": "dynBase_oil_storage_small_square",
        "objLayer": 2,
        "props": {
          "army": 1,
          "active": false
        }
      },
      {
        "name": "bdt_t2_bomb_object_04",
        "tm": [
          [
            -0.245617,
            0.0,
            -0.969367
          ],
          [
            0.0,
            1.0,
            0.0
          ],
          [
            0.969367,
            0.0,
            -0.245617
          ],
          [
            -9690.18,
            514.226,
            19324.0
          ]
        ],
        "unit_class": "dynBase_small_factory_square",
        "objLayer": 2,
        "props": {
          "army": 2,
          "active": false
        }
      },
      {
        "name": "bdt_t1_bomb_object_04",
        "tm": [
          [
            0.0740558,
            0.0,
            -0.997255
          ],
          [
            0.0,
            1.0,
            0.0
          ],
          [
            0.997255,
            0.0,
            0.0740558
          ],
          [
            -28805.2,
            47.2651,
            3765.27
          ]
        ],
        "unit_class": "dynBase_field_camp_square",
        "objLayer": 2,
        "props": {
          "army": 1,
          "active": false
        }
      },
      {
        "name": "bdt_t1_bomb_object_05",
        "tm": [
          [
            0.0740558,
            0.0,
            -0.997255
          ],
          [
            0.0,
            1.0,
            0.0
          ],
          [
            0.997255,
            0.0,
            0.0740558
          ],
          [
            -31342.4,
            40.9451,
            2359.72
          ]
        ],
        "unit_class": "dynBase_military_base_square",
        "objLayer": 2,
        "props": {
          "army": 1,
          "active": false
        }
      },
      {
        "name": "bdt_t1_bomb_object_06",
        "tm": [
          [
            0.0740558,
            0.0,
            -0.997255
          ],
          [
            0.0,
            1.0,
            0.0
          ],
          [
            0.997255,
            0.0,
            0.0740558
          ],
          [
            -25027.9,
            40.4451,
            -3032.87
          ]
        ],
        "unit_class": "dynBase_oil_storage_large_square",
        "objLayer": 2,
        "props": {
          "army": 1,
          "active": false
        }
      },
      {
        "name": "bdt_t1_bomb_object_07",
        "tm": [
          [
            0.0740558,
            0.0,
            -0.997255
          ],
          [
            0.0,
            1.0,
            0.0
          ],
          [
            0.997255,
            0.0,
            0.0740558
          ],
          [
            -26397.9,
            57.7988,
            204.802
          ]
        ],
        "unit_class": "dynBase_oil_storage_large_square",
        "objLayer": 2,
        "props": {
          "army": 1,
          "active": false
        }
      },
      {
        "name": "bdt_t1_bomb_object_08",
        "tm": [
          [
            -0.402974,
            0.0,
            -0.915211
          ],
          [
            0.0,
            1.0,
            0.0
          ],
          [
            0.915211,
            0.0,
            -0.402974
          ],
          [
            -7133.84,
            472.391,
            -965.045
          ]
        ],
        "unit_class": "dynBase_small_factory_square",
        "objLayer": 2,
        "props": {
          "army": 1,
          "active": false
        }
      },
      {
        "name": "bdt_t1_bomb_object_09",
        "tm": [
          [
            -0.402974,
            0.0,
            -0.915211
          ],
          [
            0.0,
            1.0,
            0.0
          ],
          [
            0.915211,
            0.0,
            -0.402974
          ],
          [
            -16405.4,
            242.529,
            -3081.77
          ]
        ],
        "unit_class": "dynBase_petrol_camp_square",
        "objLayer": 2,
        "props": {
          "army": 1,
          "active": false
        }
      },
      {
        "name": "bdt_t1_bomb_object_10",
        "tm": [
          [
            -0.402974,
            0.0,
            -0.915211
          ],
          [
            0.0,
            1.0,
            0.0
          ],
          [
            0.915211,
            0.0,
            -0.402974
          ],
          [
            -11270.9,
            355.178,
            -1032.17
          ]
        ],
        "unit_class": "dynBase_petrol_camp_square",
        "objLayer": 2,
        "props": {
          "army": 1,
          "active": false
        }
      },
      {
        "name": "bdt_t2_bomb_object_05",
        "tm": [
          [
            -0.245617,
            0.0,
            -0.969367
          ],
          [
            0.0,
            1.0,
            0.0
          ],
          [
            0.969367,
            0.0,
            -0.245617
          ],
          [
            -6062.29,
            574.459,
            15095.4
          ]
        ],
        "unit_class": "dynBase_petrol_camp_square",
        "objLayer": 2,
        "props": {
          "army": 2,
          "active": false
        }
      },
      {
        "name": "bdt_t2_bomb_object_06",
        "tm": [
          [
            0.238012,
            0.0,
            -0.971262
          ],
          [
            0.0,
            1.0,
            0.0
          ],
          [
            0.971262,
            0.0,
            0.238012
          ],
          [
            -7587.22,
            556.075,
            10348.3
          ]
        ],
        "unit_class": "dynBase_military_base_square",
        "objLayer": 2,
        "props": {
          "army": 2,
          "active": false
        }
      },
      {
        "name": "bdt_t2_bomb_object_07",
        "tm": [
          [
            -0.245617,
            0.0,
            -0.969367
          ],
          [
            0.0,
            1.0,
            0.0
          ],
          [
            0.969367,
            0.0,
            -0.245617
          ],
          [
            -14294.9,
            389.844,
            18396.7
          ]
        ],
        "unit_class": "dynBase_fuel_storage_square",
        "objLayer": 2,
        "props": {
          "army": 2,
          "active": false
        }
      },
      {
        "name": "bdt_t2_bomb_object_08",
        "tm": [
          [
            0.336264,
            0.0,
            -0.94177
          ],
          [
            0.0,
            1.0,
            0.0
          ],
          [
            0.94177,
            0.0,
            0.336264
          ],
          [
            -23266.4,
            139.759,
            19876.5
          ]
        ],
        "unit_class": "dynBase_ammunition_storage_square",
        "objLayer": 2,
        "props": {
          "army": 2,
          "active": false
        }
      },
      {
        "name": "bdt_t2_bomb_object_09",
        "tm": [
          [
            0.336264,
            0.0,
            -0.94177
          ],
          [
            0.0,
            1.0,
            0.0
          ],
          [
            0.94177,
            0.0,
            0.336264
          ],
          [
            -28642.8,
            97.1045,
            16337.9
          ]
        ],
        "unit_class": "dynBase_field_camp_square",
        "objLayer": 2,
        "props": {
          "army": 2,
          "active": false
        }
      },
      {
        "name": "bdt_t2_bomb_object_10",
        "tm": [
          [
            0.336264,
            0.0,
            -0.94177
          ],
          [
            0.0,
            1.0,
            0.0
          ],
          [
            0.94177,
            0.0,
            0.336264
          ],
          [
            -20164.0,
            213.893,
            18461.3
          ]
        ],
        "unit_class": "dynBase_oil_storage_small_square",
        "objLayer": 2,
        "props": {
          "army": 2,
          "active": false
        }
      }
    ]
  },
  "areas": {
    "bdt_t2_bomb_zone_01": {
      "type": "Sphere",
      "tm": [
        [
          -340.744,
          0.0,
          -293.931
        ],
        [
          0.0,
          450.0,
          0.0
        ],
        [
          293.931,
          0.0,
          -340.744
        ],
        [
          -10398.4,
          495.291,
          15469.0
        ]
      ],
      "objLayer": 0,
      "props": {}
    },
    "bdt_t2_bomb_zone_02": {
      "type": "Sphere",
      "tm": [
        [
          -306.042,
          0.0,
          -329.908
        ],
        [
          0.0,
          450.0,
          0.0
        ],
        [
          329.908,
          0.0,
          -306.042
        ],
        [
          -24654.9,
          100.852,
          17380.1
        ]
      ],
      "objLayer": 0,
      "props": {}
    },
    "bdt_t2_bomb_zone_03": {
      "type": "Sphere",
      "tm": [
        [
          151.316,
          0.0,
          -423.796
        ],
        [
          0.0,
          450.0,
          0.0
        ],
        [
          423.796,
          0.0,
          151.316
        ],
        [
          -28238.9,
          84.6574,
          12972.4
        ]
      ],
      "objLayer": 0,
      "props": {}
    },
    "bdt_t1_bomb_zone_01": {
      "type": "Sphere",
      "tm": [
        [
          -181.34,
          0.0,
          -411.844
        ],
        [
          0.0,
          450.0,
          0.0
        ],
        [
          411.844,
          0.0,
          -181.34
        ],
        [
          -12366.4,
          335.452,
          -5283.66
        ]
      ],
      "objLayer": 0,
      "props": {}
    },
    "bdt_t1_bomb_zone_02": {
      "type": "Sphere",
      "tm": [
        [
          48.8787,
          0.0,
          -447.337
        ],
        [
          0.0,
          450.0,
          0.0
        ],
        [
          447.337,
          0.0,
          48.8787
        ],
        [
          -8458.14,
          414.626,
          2224.32
        ]
      ],
      "objLayer": 0,
      "props": {}
    },
    "bdt_t1_bomb_zone_03": {
      "type": "Sphere",
      "tm": [
        [
          18.5948,
          0.0,
          -449.615
        ],
        [
          0.0,
          450.0,
          0.0
        ],
        [
          449.615,
          0.0,
          18.5948
        ],
        [
          -22888.0,
          57.0233,
          -2432.25
        ]
      ],
      "objLayer": 0,
      "props": {}
    },
    "bdt_t2_bomb_zone_04": {
      "type": "Sphere",
      "tm": [
        [
          -110.529,
          0.0,
          -436.214
        ],
        [
          0.0,
          450.0,
          0.0
        ],
        [
          436.214,
          0.0,
          -110.529
        ],
        [
          -9693.74,
          517.04,
          19317.0
        ]
      ],
      "objLayer": 0,
      "props": {}
    },
    "bdt_t1_bomb_zone_04": {
      "type": "Sphere",
      "tm": [
        [
          18.5948,
          0.0,
          -449.615
        ],
        [
          0.0,
          450.0,
          0.0
        ],
        [
          449.615,
          0.0,
          18.5948
        ],
        [
          -28799.5,
          47.2321,
          3765.22
        ]
      ],
      "objLayer": 0,
      "props": {}
    },
    "bdt_t2_bomb_zone_01_aaa_point_01": {
      "type": "Point",
      "tm": [
        [
          -0.263168,
          0.0,
          -0.964748
        ],
        [
          0.0,
          1.0,
          0.0
        ],
        [
          0.964748,
          0.0,
          -0.263168
        ],
        [
          -10621.4,
          521.766,
          15502.1
        ]
      ],
      "objLayer": 0,
      "props": {}
    },
    "bdt_t2_bomb_zone_01_aaa_point_02": {
      "type": "Point",
      "tm": [
        [
          -0.263168,
          0.0,
          -0.964748
        ],
        [
          0.0,
          1.0,
          0.0
        ],
        [
          0.964748,
          0.0,
          -0.263168
        ],
        [
          -10113.3,
          521.392,
          15533.1
        ]
      ],
      "objLayer": 0,
      "props": {}
    },
    "bdt_t2_bomb_zone_01_aaa_point_03": {
      "type": "Point",
      "tm": [
        [
          -0.263168,
          0.0,
          -0.964748
        ],
        [
          0.0,
          1.0,
          0.0
        ],
        [
          0.964748,
          0.0,
          -0.263168
        ],
        [
          -10136.8,
          519.974,
          15416.4
        ]
      ],
      "objLayer": 0,
      "props": {}
    },
    "bdt_t2_bomb_zone_01_aaa_point_04": {
      "type": "Point",
      "tm": [
        [
          -0.263168,
          0.0,
          -0.964748
        ],
        [
          0.0,
          1.0,
          0.0
        ],
        [
          0.964748,
          0.0,
          -0.263168
        ],
        [
          -10215.3,
          516.236,
          15039.0
        ]
      ],
      "objLayer": 0,
      "props": {}
    },
    "bdt_t2_bomb_zone_02_aaa_point_01": {
      "type": "Point",
      "tm": [
        [
          -0.154545,
          0.0,
          -0.987984
        ],
        [
          0.0,
          1.0,
          0.0
        ],
        [
          0.987984,
          0.0,
          -0.154545
        ],
        [
          -24771.8,
          98.2122,
          17599.4
        ]
      ],
      "objLayer": 0,
      "props": {}
    },
    "bdt_t2_bomb_zone_02_aaa_point_02": {
      "type": "Point",
      "tm": [
        [
          -0.154545,
          0.0,
          -0.987984
        ],
        [
          0.0,
          1.0,
          0.0
        ],
        [
          0.987984,
          0.0,
          -0.154545
        ],
        [
          -24348.2,
          100.052,
          17266.1
        ]
      ],
      "objLayer": 0,
      "props": {}
    },
    "bdt_t2_bomb_zone_02_aaa_point_03": {
      "type": "Point",
      "tm": [
        [
          -0.154545,
          0.0,
          -0.987984
        ],
        [
          0.0,
          1.0,
          0.0
        ],
        [
          0.987984,
          0.0,
          -0.154545
        ],
        [
          -24507.0,
          103.862,
          17617.2
        ]
      ],
      "objLayer": 0,
      "props": {}
    },
    "bdt_t2_bomb_zone_02_aaa_point_04": {
      "type": "Point",
      "tm": [
        [
          -0.154545,
          0.0,
          -0.987984
        ],
        [
          0.0,
          1.0,
          0.0
        ],
        [
          0.987984,
          0.0,
          -0.154545
        ],
        [
          -24728.5,
          98.1422,
          17162.8
        ]
      ],
      "objLayer": 0,
      "props": {}
    },
    "bdt_t2_bomb_zone_03_aaa_point_01": {
      "type": "Point",
      "tm": [
        [
          -0.154545,
          0.0,
          -0.987984
        ],
        [
          0.0,
          1.0,
          0.0
        ],
        [
          0.987984,
          0.0,
          -0.154545
        ],
        [
          -28536.8,
          87.4574,
          12969.5
        ]
      ],
      "objLayer": 0,
      "props": {}
    },
    "bdt_t2_bomb_zone_03_aaa_point_02": {
      "type": "Point",
      "tm": [
        [
          -0.154545,
          0.0,
          -0.987984
        ],
        [
          0.0,
          1.0,
          0.0
        ],
        [
          0.987984,
          0.0,
          -0.154545
        ],
        [
          -27988.1,
          81.3974,
          12821.5
        ]
      ],
      "objLayer": 0,
      "props": {}
    },
    "bdt_t2_bomb_zone_03_aaa_point_03": {
      "type": "Point",
      "tm": [
        [
          -0.154545,
          0.0,
          -0.987984
        ],
        [
          0.0,
          1.0,
          0.0
        ],
        [
          0.987984,
          0.0,
          -0.154545
        ],
        [
          -27958.5,
          81.7874,
          13127.4
        ]
      ],
      "objLayer": 0,
      "props": {}
    },
    "bdt_t2_bomb_zone_03_aaa_point_04": {
      "type": "Point",
      "tm": [
        [
          -0.154545,
          0.0,
          -0.987984
        ],
        [
          0.0,
          1.0,
          0.0
        ],
        [
          0.987984,
          0.0,
          -0.154545
        ],
        [
          -28452.5,
          87.3174,
          13183.0
        ]
      ],
      "objLayer": 0,
      "props": {}
    },
    "bdt_t2_bomb_zone_04_aaa_point_01": {
      "type": "Point",
      "tm": [
        [
          -0.263168,
          0.0,
          -0.964748
        ],
        [
          0.0,
          1.0,
          0.0
        ],
        [
          0.964748,
          0.0,
          -0.263168
        ],
        [
          -9534.26,
          554.446,
          19025.5
        ]
      ],
      "objLayer": 0,
      "props": {}
    },
    "bdt_t2_bomb_zone_04_aaa_point_02": {
      "type": "Point",
      "tm": [
        [
          -0.263168,
          0.0,
          -0.964748
        ],
        [
          0.0,
          1.0,
          0.0
        ],
        [
          0.964748,
          0.0,
          -0.263168
        ],
        [
          -9434.64,
          554.207,
          19472.4
        ]
      ],
      "objLayer": 0,
      "props": {}
    },
    "bdt_t2_bomb_zone_04_aaa_point_03": {
      "type": "Point",
      "tm": [
        [
          -0.263168,
          0.0,
          -0.964748
        ],
        [
          0.0,
          1.0,
          0.0
        ],
        [
          0.964748,
          0.0,
          -0.263168
        ],
        [
          -9955.53,
          554.05,
          19266.5
        ]
      ],
      "objLayer": 0,
      "props": {}
    },
    "bdt_t2_bomb_zone_04_aaa_point_04": {
      "type": "Point",
      "tm": [
        [
          -0.263168,
          0.0,
          -0.964748
        ],
        [
          0.0,
          1.0,
          0.0
        ],
        [
          0.964748,
          0.0,
          -0.263168
        ],
        [
          -9866.07,
          514.305,
          19493.9
        ]
      ],
      "objLayer": 0,
      "props": {}
    },
    "bdt_t1_bomb_zone_01_aaa_point_01": {
      "type": "Point",
      "tm": [
        [
          0.177017,
          0.0,
          -0.984207
        ],
        [
          0.0,
          1.0,
          0.0
        ],
        [
          0.984207,
          0.0,
          0.177017
        ],
        [
          -12312.5,
          338.834,
          -5532.46
        ]
      ],
      "objLayer": 0,
      "props": {}
    },
    "bdt_t1_bomb_zone_01_aaa_point_02": {
      "type": "Point",
      "tm": [
        [
          0.177017,
          0.0,
          -0.984207
        ],
        [
          0.0,
          1.0,
          0.0
        ],
        [
          0.984207,
          0.0,
          0.177017
        ],
        [
          -12349.7,
          332.781,
          -5031.0
        ]
      ],
      "objLayer": 0,
      "props": {}
    },
    "bdt_t1_bomb_zone_01_aaa_point_03": {
      "type": "Point",
      "tm": [
        [
          0.177017,
          0.0,
          -0.984207
        ],
        [
          0.0,
          1.0,
          0.0
        ],
        [
          0.984207,
          0.0,
          0.177017
        ],
        [
          -12599.3,
          348.313,
          -5295.97
        ]
      ],
      "objLayer": 0,
      "props": {}
    },
    "bdt_t1_bomb_zone_01_aaa_point_04": {
      "type": "Point",
      "tm": [
        [
          0.177017,
          0.0,
          -0.984207
        ],
        [
          0.0,
          1.0,
          0.0
        ],
        [
          0.984207,
          0.0,
          0.177017
        ],
        [
          -12514.0,
          341.551,
          -5083.99
        ]
      ],
      "objLayer": 0,
      "props": {}
    },
    "bdt_t1_bomb_zone_02_aaa_point_01": {
      "type": "Point",
      "tm": [
        [
          0.177017,
          0.0,
          -0.984207
        ],
        [
          0.0,
          1.0,
          0.0
        ],
        [
          0.984207,
          0.0,
          0.177017
        ],
        [
          -8243.83,
          412.367,
          2059.26
        ]
      ],
      "objLayer": 0,
      "props": {}
    },
    "bdt_t1_bomb_zone_02_aaa_point_02": {
      "type": "Point",
      "tm": [
        [
          0.177017,
          0.0,
          -0.984207
        ],
        [
          0.0,
          1.0,
          0.0
        ],
        [
          0.984207,
          0.0,
          0.177017
        ],
        [
          -8223.22,
          481.928,
          2348.8
        ]
      ],
      "objLayer": 0,
      "props": {}
    },
    "bdt_t1_bomb_zone_02_aaa_point_03": {
      "type": "Point",
      "tm": [
        [
          0.177017,
          0.0,
          -0.984207
        ],
        [
          0.0,
          1.0,
          0.0
        ],
        [
          0.984207,
          0.0,
          0.177017
        ],
        [
          -8908.32,
          443.05,
          2208.55
        ]
      ],
      "objLayer": 0,
      "props": {}
    },
    "bdt_t1_bomb_zone_02_aaa_point_04": {
      "type": "Point",
      "tm": [
        [
          0.177017,
          0.0,
          -0.984207
        ],
        [
          0.0,
          1.0,
          0.0
        ],
        [
          0.984207,
          0.0,
          0.177017
        ],
        [
          -8480.23,
          490.7,
          2552.72
        ]
      ],
      "objLayer": 0,
      "props": {}
    },
    "bdt_t1_bomb_zone_03_aaa_point_01": {
      "type": "Point",
      "tm": [
        [
          0.066767,
          0.0,
          -0.997768
        ],
        [
          0.0,
          1.0,
          0.0
        ],
        [
          0.997768,
          0.0,
          0.066767
        ],
        [
          -23132.8,
          61.3943,
          -2245.9
        ]
      ],
      "objLayer": 0,
      "props": {}
    },
    "bdt_t1_bomb_zone_03_aaa_point_02": {
      "type": "Point",
      "tm": [
        [
          0.066767,
          0.0,
          -0.997768
        ],
        [
          0.0,
          1.0,
          0.0
        ],
        [
          0.997768,
          0.0,
          0.066767
        ],
        [
          -22686.7,
          54.0763,
          -2566.85
        ]
      ],
      "objLayer": 0,
      "props": {}
    },
    "bdt_t1_bomb_zone_03_aaa_point_03": {
      "type": "Point",
      "tm": [
        [
          0.066767,
          0.0,
          -0.997768
        ],
        [
          0.0,
          1.0,
          0.0
        ],
        [
          0.997768,
          0.0,
          0.066767
        ],
        [
          -22638.2,
          60.8433,
          -2291.21
        ]
      ],
      "objLayer": 0,
      "props": {}
    },
    "bdt_t1_bomb_zone_03_aaa_point_04": {
      "type": "Point",
      "tm": [
        [
          0.066767,
          0.0,
          -0.997768
        ],
        [
          0.0,
          1.0,
          0.0
        ],
        [
          0.997768,
          0.0,
          0.066767
        ],
        [
          -23053.4,
          58.6373,
          -2634.02
        ]
      ],
      "objLayer": 0,
      "props": {}
    },
    "bdt_t1_bomb_zone_04_aaa_point_01": {
      "type": "Point",
      "tm": [
        [
          0.066767,
          0.0,
          -0.997768
        ],
        [
          0.0,
          1.0,
          0.0
        ],
        [
          0.997768,
          0.0,
          0.066767
        ],
        [
          -28914.1,
          49.4221,
          3469.83
        ]
      ],
      "objLayer": 0,
      "props": {}
    },
    "bdt_t1_bomb_zone_04_aaa_point_02": {
      "type": "Point",
      "tm": [
        [
          0.066767,
          0.0,
          -0.997768
        ],
        [
          0.0,
          1.0,
          0.0
        ],
        [
          0.997768,
          0.0,
          0.066767
        ],
        [
          -28616.7,
          47.3492,
          3590.78
        ]
      ],
      "objLayer": 0,
      "props": {}
    },
    "bdt_t1_bomb_zone_04_aaa_point_03": {
      "type": "Point",
      "tm": [
        [
          0.066767,
          0.0,
          -0.997768
        ],
        [
          0.0,
          1.0,
          0.0
        ],
        [
          0.997768,
          0.0,
          0.066767
        ],
        [
          -29090.2,
          48.2771,
          3751.81
        ]
      ],
      "objLayer": 0,
      "props": {}
    },
    "bdt_t1_bomb_zone_04_aaa_point_04": {
      "type": "Point",
      "tm": [
        [
          0.066767,
          0.0,
          -0.997768
        ],
        [
          0.0,
          1.0,
          0.0
        ],
        [
          0.997768,
          0.0,
          0.066767
        ],
        [
          -28538.4,
          46.6902,
          3939.32
        ]
      ],
      "objLayer": 0,
      "props": {}
    },
    "bdt_t1_bomb_zone_05": {
      "type": "Sphere",
      "tm": [
        [
          18.5948,
          0.0,
          -449.615
        ],
        [
          0.0,
          450.0,
          0.0
        ],
        [
          449.615,
          0.0,
          18.5948
        ],
        [
          -31336.6,
          40.9671,
          2359.78
        ]
      ],
      "objLayer": 0,
      "props": {}
    },
    "bdt_t1_bomb_zone_06": {
      "type": "Sphere",
      "tm": [
        [
          18.5948,
          0.0,
          -449.615
        ],
        [
          0.0,
          450.0,
          0.0
        ],
        [
          449.615,
          0.0,
          18.5948
        ],
        [
          -25022.1,
          40.503,
          -3032.91
        ]
      ],
      "objLayer": 0,
      "props": {}
    },
    "bdt_t1_bomb_zone_07": {
      "type": "Sphere",
      "tm": [
        [
          18.5948,
          0.0,
          -449.615
        ],
        [
          0.0,
          450.0,
          0.0
        ],
        [
          449.615,
          0.0,
          18.5948
        ],
        [
          -26391.9,
          57.9138,
          204.774
        ]
      ],
      "objLayer": 0,
      "props": {}
    },
    "bdt_t1_bomb_zone_08": {
      "type": "Sphere",
      "tm": [
        [
          -181.34,
          0.0,
          -411.844
        ],
        [
          0.0,
          450.0,
          0.0
        ],
        [
          411.844,
          0.0,
          -181.34
        ],
        [
          -7136.07,
          477.432,
          -977.557
        ]
      ],
      "objLayer": 0,
      "props": {}
    },
    "bdt_t1_bomb_zone_09": {
      "type": "Sphere",
      "tm": [
        [
          -181.34,
          0.0,
          -411.844
        ],
        [
          0.0,
          450.0,
          0.0
        ],
        [
          411.844,
          0.0,
          -181.34
        ],
        [
          -16407.5,
          242.82,
          -3094.02
        ]
      ],
      "objLayer": 0,
      "props": {}
    },
    "bdt_t1_bomb_zone_10": {
      "type": "Sphere",
      "tm": [
        [
          -181.34,
          0.0,
          -411.844
        ],
        [
          0.0,
          450.0,
          0.0
        ],
        [
          411.844,
          0.0,
          -181.34
        ],
        [
          -11273.1,
          388.283,
          -1044.68
        ]
      ],
      "objLayer": 0,
      "props": {}
    },
    "bdt_t1_bomb_zone_05_aaa_point_01": {
      "type": "Point",
      "tm": [
        [
          0.066767,
          0.0,
          -0.997768
        ],
        [
          0.0,
          1.0,
          0.0
        ],
        [
          0.997768,
          0.0,
          0.066767
        ],
        [
          -31332.0,
          41.2251,
          2633.78
        ]
      ],
      "objLayer": 0,
      "props": {}
    },
    "bdt_t1_bomb_zone_05_aaa_point_02": {
      "type": "Point",
      "tm": [
        [
          0.066767,
          0.0,
          -0.997768
        ],
        [
          0.0,
          1.0,
          0.0
        ],
        [
          0.997768,
          0.0,
          0.066767
        ],
        [
          -31437.0,
          40.3241,
          2478.46
        ]
      ],
      "objLayer": 0,
      "props": {}
    },
    "bdt_t1_bomb_zone_05_aaa_point_03": {
      "type": "Point",
      "tm": [
        [
          0.066767,
          0.0,
          -0.997768
        ],
        [
          0.0,
          1.0,
          0.0
        ],
        [
          0.997768,
          0.0,
          0.066767
        ],
        [
          -31352.2,
          41.5341,
          2072.5
        ]
      ],
      "objLayer": 0,
      "props": {}
    },
    "bdt_t1_bomb_zone_05_aaa_point_04": {
      "type": "Point",
      "tm": [
        [
          0.066767,
          0.0,
          -0.997768
        ],
        [
          0.0,
          1.0,
          0.0
        ],
        [
          0.997768,
          0.0,
          0.066767
        ],
        [
          -31137.2,
          42.2361,
          2166.65
        ]
      ],
      "objLayer": 0,
      "props": {}
    },
    "bdt_t1_bomb_zone_06_aaa_point_01": {
      "type": "Point",
      "tm": [
        [
          0.066767,
          0.0,
          -0.997768
        ],
        [
          0.0,
          1.0,
          0.0
        ],
        [
          0.997768,
          0.0,
          0.066767
        ],
        [
          -25318.8,
          35.795,
          -2872.34
        ]
      ],
      "objLayer": 0,
      "props": {}
    },
    "bdt_t1_bomb_zone_06_aaa_point_02": {
      "type": "Point",
      "tm": [
        [
          0.066767,
          0.0,
          -0.997768
        ],
        [
          0.0,
          1.0,
          0.0
        ],
        [
          0.997768,
          0.0,
          0.066767
        ],
        [
          -25104.6,
          38.0531,
          -2718.89
        ]
      ],
      "objLayer": 0,
      "props": {}
    },
    "bdt_t1_bomb_zone_06_aaa_point_03": {
      "type": "Point",
      "tm": [
        [
          0.066767,
          0.0,
          -0.997768
        ],
        [
          0.0,
          1.0,
          0.0
        ],
        [
          0.997768,
          0.0,
          0.066767
        ],
        [
          -24713.2,
          42.0281,
          -3022.36
        ]
      ],
      "objLayer": 0,
      "props": {}
    },
    "bdt_t1_bomb_zone_06_aaa_point_04": {
      "type": "Point",
      "tm": [
        [
          0.066767,
          0.0,
          -0.997768
        ],
        [
          0.0,
          1.0,
          0.0
        ],
        [
          0.997768,
          0.0,
          0.066767
        ],
        [
          -25134.4,
          37.8021,
          -3308.59
        ]
      ],
      "objLayer": 0,
      "props": {}
    },
    "bdt_t1_bomb_zone_07_aaa_point_01": {
      "type": "Point",
      "tm": [
        [
          0.066767,
          0.0,
          -0.997768
        ],
        [
          0.0,
          1.0,
          0.0
        ],
        [
          0.997768,
          0.0,
          0.066767
        ],
        [
          -26121.0,
          59.2158,
          73.1289
        ]
      ],
      "objLayer": 0,
      "props": {}
    },
    "bdt_t1_bomb_zone_07_aaa_point_02": {
      "type": "Point",
      "tm": [
        [
          0.066767,
          0.0,
          -0.997768
        ],
        [
          0.0,
          1.0,
          0.0
        ],
        [
          0.997768,
          0.0,
          0.066767
        ],
        [
          -26703.6,
          51.9198,
          361.366
        ]
      ],
      "objLayer": 0,
      "props": {}
    },
    "bdt_t1_bomb_zone_07_aaa_point_03": {
      "type": "Point",
      "tm": [
        [
          0.066767,
          0.0,
          -0.997768
        ],
        [
          0.0,
          1.0,
          0.0
        ],
        [
          0.997768,
          0.0,
          0.066767
        ],
        [
          -26527.7,
          47.0568,
          -102.534
        ]
      ],
      "objLayer": 0,
      "props": {}
    },
    "bdt_t1_bomb_zone_07_aaa_point_04": {
      "type": "Point",
      "tm": [
        [
          0.066767,
          0.0,
          -0.997768
        ],
        [
          0.0,
          1.0,
          0.0
        ],
        [
          0.997768,
          0.0,
          0.066767
        ],
        [
          -26052.9,
          56.4848,
          420.239
        ]
      ],
      "objLayer": 0,
      "props": {}
    },
    "bdt_t1_bomb_zone_08_aaa_point_01": {
      "type": "Point",
      "tm": [
        [
          0.177017,
          0.0,
          -0.984207
        ],
        [
          0.0,
          1.0,
          0.0
        ],
        [
          0.984207,
          0.0,
          0.177017
        ],
        [
          -6853.64,
          447.591,
          -848.054
        ]
      ],
      "objLayer": 0,
      "props": {}
    },
    "bdt_t1_bomb_zone_08_aaa_point_02": {
      "type": "Point",
      "tm": [
        [
          0.177017,
          0.0,
          -0.984207
        ],
        [
          0.0,
          1.0,
          0.0
        ],
        [
          0.984207,
          0.0,
          0.177017
        ],
        [
          -7297.76,
          504.95,
          -717.837
        ]
      ],
      "objLayer": 0,
      "props": {}
    },
    "bdt_t1_bomb_zone_08_aaa_point_03": {
      "type": "Point",
      "tm": [
        [
          0.177017,
          0.0,
          -0.984207
        ],
        [
          0.0,
          1.0,
          0.0
        ],
        [
          0.984207,
          0.0,
          0.177017
        ],
        [
          -7472.27,
          502.522,
          -1100.15
        ]
      ],
      "objLayer": 0,
      "props": {}
    },
    "bdt_t1_bomb_zone_08_aaa_point_04": {
      "type": "Point",
      "tm": [
        [
          0.177017,
          0.0,
          -0.984207
        ],
        [
          0.0,
          1.0,
          0.0
        ],
        [
          0.984207,
          0.0,
          0.177017
        ],
        [
          -7082.12,
          505.638,
          -1244.31
        ]
      ],
      "objLayer": 0,
      "props": {}
    },
    "bdt_t1_bomb_zone_09_aaa_point_01": {
      "type": "Point",
      "tm": [
        [
          0.177017,
          0.0,
          -0.984207
        ],
        [
          0.0,
          1.0,
          0.0
        ],
        [
          0.984207,
          0.0,
          0.177017
        ],
        [
          -16403.1,
          242.511,
          -2646.06
        ]
      ],
      "objLayer": 0,
      "props": {}
    },
    "bdt_t1_bomb_zone_09_aaa_point_02": {
      "type": "Point",
      "tm": [
        [
          0.177017,
          0.0,
          -0.984207
        ],
        [
          0.0,
          1.0,
          0.0
        ],
        [
          0.984207,
          0.0,
          0.177017
        ],
        [
          -16791.9,
          233.999,
          -2950.71
        ]
      ],
      "objLayer": 0,
      "props": {}
    },
    "bdt_t1_bomb_zone_09_aaa_point_03": {
      "type": "Point",
      "tm": [
        [
          0.177017,
          0.0,
          -0.984207
        ],
        [
          0.0,
          1.0,
          0.0
        ],
        [
          0.984207,
          0.0,
          0.177017
        ],
        [
          -15933.5,
          248.206,
          -2942.22
        ]
      ],
      "objLayer": 0,
      "props": {}
    },
    "bdt_t1_bomb_zone_09_aaa_point_04": {
      "type": "Point",
      "tm": [
        [
          0.177017,
          0.0,
          -0.984207
        ],
        [
          0.0,
          1.0,
          0.0
        ],
        [
          0.984207,
          0.0,
