{
  "selected_tag": "",
  "bin_dump_file": "",
  "mission_settings": {
    "player": {
      "army": 1
    },
    "player_teamB": {
      "army": 2
    },
    "mission": {
      "level": "levels/air_smolensk.bin",
      "type": "domination",
      "environment": "Day",
      "weather": "hazy",
      "restoreType": "attempts",
      "optionalTakeOff": false
    }
  },
  "imports": {},
  "triggers": {
    "isCategory": true,
    "is_enabled": true
  },
  "mission_objectives": {
    "isCategory": true,
    "is_enabled": true
  },
  "variables": {},
  "dialogs": {},
  "airfields": {},
  "effects": {},
  "units": {
    "objectGroups": [
      {
        "name": "bdt_t2_bomb_object_01",
        "tm": [
          [
            -0.757204,
            0.0,
            -0.653175
          ],
          [
            0.0,
            1.0,
            0.0
          ],
          [
            0.653175,
            0.0,
            -0.757204
          ],
          [
            -14716.4,
            373.478,
            16535.0
          ]
        ],
        "unit_class": "dynBase_hq_camp_square",
        "objLayer": 2,
        "props": {
          "army": 2,
          "active": false
        }
      },
      {
        "name": "bdt_t2_bomb_object_02",
        "tm": [
          [
            -0.996712,
            0.0,
            -0.0810561
          ],
          [
            0.0,
            1.0,
            0.0
          ],
          [
            0.0810561,
            0.0,
            -0.996712
          ],
          [
            -23602.4,
            102.946,
            15206.8
          ]
        ],
        "unit_class": "dynBase_fuel_storage_square",
        "objLayer": 2,
        "props": {
          "army": 2,
          "active": false
        }
      },
      {
        "name": "bdt_t2_bomb_object_03",
        "tm": [
          [
            0.336264,
            0.0,
            -0.94177
          ],
          [
            0.0,
            1.0,
            0.0
          ],
          [
            0.94177,
            0.0,
            0.336264
          ],
          [
            -26044.1,
            62.1672,
            12456.1
          ]
        ],
        "unit_class": "dynBase_oil_storage_small_square",
        "objLayer": 2,
        "props": {
          "army": 2,
          "active": false
        }
      },
      {
        "name": "bdt_t1_bomb_object_01",
        "tm": [
          [
            -0.402974,
            0.0,
            -0.915211
          ],
          [
            0.0,
            1.0,
            0.0
          ],
          [
            0.915211,
            0.0,
            -0.402974
          ],
          [
            -13390.1,
            277.913,
            -3408.55
          ]
        ],
        "unit_class": "dynBase_fuel_storage_square",
        "objLayer": 2,
        "props": {
          "army": 1,
          "active": false
        }
      },
      {
        "name": "bdt_t1_bomb_object_02",
        "tm": [
          [
            0.321205,
            0.0,
            -0.947008
          ],
          [
            0.0,
            1.0,
            0.0
          ],
          [
            0.947008,
            0.0,
            0.321205
          ],
          [
            -10401.8,
            340.35,
            3655.96
          ]
        ],
        "unit_class": "dynBase_small_factory_square",
        "objLayer": 2,
        "props": {
          "army": 1,
          "active": false
        }
      },
      {
        "name": "bdt_t1_bomb_object_03",
        "tm": [
          [
            0.418414,
            0.0,
            -0.908256
          ],
          [
            0.0,
            1.0,
            0.0
          ],
          [
            0.908256,
            0.0,
            0.418414
          ],
          [
            -21769.8,
            90.4147,
            -765.962
          ]
        ],
        "unit_class": "dynBase_oil_storage_small_square",
        "objLayer": 2,
        "props": {
          "army": 1,
          "active": false
        }
      },
      {
        "name": "bdt_t2_bomb_object_04",
        "tm": [
          [
            -0.245617,
            0.0,
            -0.969367
          ],
          [
            0.0,
            1.0,
            0.0
          ],
          [
            0.969367,
            0.0,
            -0.245617
          ],
          [
            -11107.4,
            473.251,
            17863.2
          ]
        ],
        "unit_class": "dynBase_small_factory_square",
        "objLayer": 2,
        "props": {
          "army": 2,
          "active": false
        }
      },
      {
        "name": "bdt_t1_bomb_object_04",
        "tm": [
          [
            0.0740567,
            0.0,
            -0.997254
          ],
          [
            0.0,
            1.0,
            0.0
          ],
          [
            0.997254,
            0.0,
            0.0740567
          ],
          [
            -27030.2,
            89.58,
            5756.89
          ]
        ],
        "unit_class": "dynBase_field_camp_square",
        "objLayer": 2,
        "props": {
          "army": 1,
          "active": false
        }
      },
      {
        "name": "bdt_t1_bomb_object_05",
        "tm": [
          [
            0.0740567,
            0.0,
            -0.997254
          ],
          [
            0.0,
            1.0,
            0.0
          ],
          [
            0.997254,
            0.0,
            0.0740567
          ],
          [
            -25294.8,
            68.2957,
            2462.27
          ]
        ],
        "unit_class": "dynBase_military_base_square",
        "objLayer": 2,
        "props": {
          "army": 1,
          "active": false
        }
      },
      {
        "name": "bdt_t1_bomb_object_06",
        "tm": [
          [
            0.0740567,
            0.0,
            -0.997254
          ],
          [
            0.0,
            1.0,
            0.0
          ],
          [
            0.997254,
            0.0,
            0.0740567
          ],
          [
            -25097.6,
            69.8502,
            -2240.43
          ]
        ],
        "unit_class": "dynBase_oil_storage_large_square",
        "objLayer": 2,
        "props": {
          "army": 1,
          "active": false
        }
      },
      {
        "name": "bdt_t1_bomb_object_07",
        "tm": [
          [
            0.0740567,
            0.0,
            -0.997254
          ],
          [
            0.0,
            1.0,
            0.0
          ],
          [
            0.997254,
            0.0,
            0.0740567
          ],
          [
            -28152.6,
            37.1068,
            642.357
          ]
        ],
        "unit_class": "dynBase_oil_storage_large_square",
        "objLayer": 2,
        "props": {
          "army": 1,
          "active": false
        }
      },
      {
        "name": "bdt_t1_bomb_object_08",
        "tm": [
          [
            -0.402974,
            0.0,
            -0.915211
          ],
          [
            0.0,
            1.0,
            0.0
          ],
          [
            0.915211,
            0.0,
            -0.402974
          ],
          [
            -12545.1,
            317.2,
            960.841
          ]
        ],
        "unit_class": "dynBase_small_factory_square",
        "objLayer": 2,
        "props": {
          "army": 1,
          "active": false
        }
      },
      {
        "name": "bdt_t1_bomb_object_09",
        "tm": [
          [
            -0.402974,
            0.0,
            -0.915211
          ],
          [
            0.0,
            1.0,
            0.0
          ],
          [
            0.915211,
            0.0,
            -0.402974
          ],
          [
            -17235.2,
            217.183,
            -1278.4
          ]
        ],
        "unit_class": "dynBase_petrol_camp_square",
        "objLayer": 2,
        "props": {
          "army": 1,
          "active": false
        }
      },
      {
        "name": "bdt_t1_bomb_object_10",
        "tm": [
          [
            -0.402974,
            0.0,
            -0.915211
          ],
          [
            0.0,
            1.0,
            0.0
          ],
          [
            0.915211,
            0.0,
            -0.402974
          ],
          [
            -9440.94,
            393.121,
            -18.2842
          ]
        ],
        "unit_class": "dynBase_petrol_camp_square",
        "objLayer": 2,
        "props": {
          "army": 1,
          "active": false
        }
      },
      {
        "name": "bdt_t2_bomb_object_05",
        "tm": [
          [
            -0.245617,
            0.0,
            -0.969367
          ],
          [
            0.0,
            1.0,
            0.0
          ],
          [
            0.969367,
            0.0,
            -0.245617
          ],
          [
            -8230.09,
            545.223,
            14787.0
          ]
        ],
        "unit_class": "dynBase_petrol_camp_square",
        "objLayer": 2,
        "props": {
          "army": 2,
          "active": false
        }
      },
      {
        "name": "bdt_t2_bomb_object_06",
        "tm": [
          [
            0.238012,
            0.0,
            -0.971262
          ],
          [
            0.0,
            1.0,
            0.0
          ],
          [
            0.971262,
            0.0,
            0.238012
          ],
          [
            -9157.2,
            523.609,
            10966.9
          ]
        ],
        "unit_class": "dynBase_military_base_square",
        "objLayer": 2,
        "props": {
          "army": 2,
          "active": false
        }
      },
      {
        "name": "bdt_t2_bomb_object_07",
        "tm": [
          [
            -0.245617,
            0.0,
            -0.969367
          ],
          [
            0.0,
            1.0,
            0.0
          ],
          [
            0.969367,
            0.0,
            -0.245617
          ],
          [
            -11737.2,
            442.723,
            14108.9
          ]
        ],
        "unit_class": "dynBase_fuel_storage_square",
        "objLayer": 2,
        "props": {
          "army": 2,
          "active": false
        }
      },
      {
        "name": "bdt_t2_bomb_object_08",
        "tm": [
          [
            0.336264,
            0.0,
            -0.94177
          ],
          [
            0.0,
            1.0,
            0.0
          ],
          [
            0.94177,
            0.0,
            0.336264
          ],
          [
            -23308.6,
            133.553,
            19111.5
          ]
        ],
        "unit_class": "dynBase_ammunition_storage_square",
        "objLayer": 2,
        "props": {
          "army": 2,
          "active": false
        }
      },
      {
        "name": "bdt_t2_bomb_object_09",
        "tm": [
          [
            0.336264,
            0.0,
            -0.94177
          ],
          [
            0.0,
            1.0,
            0.0
          ],
          [
            0.94177,
            0.0,
            0.336264
          ],
          [
            -27771.9,
            65.0665,
            16173.6
          ]
        ],
        "unit_class": "dynBase_field_camp_square",
        "objLayer": 2,
        "props": {
          "army": 2,
          "active": false
        }
      },
      {
        "name": "bdt_t2_bomb_object_10",
        "tm": [
          [
            0.336264,
            0.0,
            -0.94177
          ],
          [
            0.0,
            1.0,
            0.0
          ],
          [
            0.94177,
            0.0,
            0.336264
          ],
          [
            -19447.9,
            253.404,
            16828.0
          ]
        ],
        "unit_class": "dynBase_oil_storage_small_square",
        "objLayer": 2,
        "props": {
          "army": 2,
          "active": false
        }
      }
    ]
  },
  "areas": {
    "bdt_t2_bomb_zone_01": {
      "type": "Sphere",
      "tm": [
        [
          -340.743,
          0.0,
          -293.93
        ],
        [
          0.0,
          450.0,
          0.0
        ],
        [
          293.93,
          0.0,
          -340.743
        ],
        [
          -14718.9,
          373.549,
          16541.6
        ]
      ],
      "objLayer": 0,
      "props": {}
    },
    "bdt_t2_bomb_zone_02": {
      "type": "Sphere",
      "tm": [
        [
          -306.042,
          0.0,
          -329.908
        ],
        [
          0.0,
          450.0,
          0.0
        ],
        [
          329.908,
          0.0,
          -306.042
        ],
        [
          -23594.6,
          103.266,
          15186.6
        ]
      ],
      "objLayer": 0,
      "props": {}
    },
    "bdt_t2_bomb_zone_03": {
      "type": "Sphere",
      "tm": [
        [
          151.316,
          0.0,
          -423.796
        ],
        [
          0.0,
          450.0,
          0.0
        ],
        [
          423.796,
          0.0,
          151.316
        ],
        [
          -26038.1,
          62.1172,
          12463.9
        ]
      ],
      "objLayer": 0,
      "props": {}
    },
    "bdt_t1_bomb_zone_01": {
      "type": "Sphere",
      "tm": [
        [
          -181.34,
          0.0,
          -411.844
        ],
        [
          0.0,
          450.0,
          0.0
        ],
        [
          411.844,
          0.0,
          -181.34
        ],
        [
          -13392.2,
          277.955,
          -3421.11
        ]
      ],
      "objLayer": 0,
      "props": {}
    },
    "bdt_t1_bomb_zone_02": {
      "type": "Sphere",
      "tm": [
        [
          48.8787,
          0.0,
          -447.337
        ],
        [
          0.0,
          450.0,
          0.0
        ],
        [
          447.337,
          0.0,
          48.8787
        ],
        [
          -10399.4,
          338.865,
          3651.94
        ]
      ],
      "objLayer": 0,
      "props": {}
    },
    "bdt_t1_bomb_zone_03": {
      "type": "Sphere",
      "tm": [
        [
          18.5948,
          0.0,
          -449.615
        ],
        [
          0.0,
          450.0,
          0.0
        ],
        [
          449.615,
          0.0,
          18.5948
        ],
        [
          -21769.0,
          90.2837,
          -771.587
        ]
      ],
      "objLayer": 0,
      "props": {}
    },
    "bdt_t2_bomb_zone_04": {
      "type": "Sphere",
      "tm": [
        [
          -110.528,
          0.0,
          -436.213
        ],
        [
          0.0,
          450.0,
          0.0
        ],
        [
          436.213,
          0.0,
          -110.528
        ],
        [
          -11111.0,
          473.185,
          17856.1
        ]
      ],
      "objLayer": 0,
      "props": {}
    },
    "bdt_t1_bomb_zone_04": {
      "type": "Sphere",
      "tm": [
        [
          18.5948,
          0.0,
          -449.615
        ],
        [
          0.0,
          450.0,
          0.0
        ],
        [
          449.615,
          0.0,
          18.5948
        ],
        [
          -27024.3,
          89.5469,
          5756.87
        ]
      ],
      "objLayer": 0,
      "props": {}
    },
    "bdt_t2_bomb_zone_01_aaa_point_01": {
      "type": "Point",
      "tm": [
        [
          -0.263168,
          0.0,
          -0.964749
        ],
        [
          0.0,
          1.0,
          0.0
        ],
        [
          0.964749,
          0.0,
          -0.263168
        ],
        [
          -14941.9,
          375.681,
          16574.6
        ]
      ],
      "objLayer": 0,
      "props": {}
    },
    "bdt_t2_bomb_zone_01_aaa_point_02": {
      "type": "Point",
      "tm": [
        [
          -0.263168,
          0.0,
          -0.964749
        ],
        [
          0.0,
          1.0,
          0.0
        ],
        [
          0.964749,
          0.0,
          -0.263168
        ],
        [
          -14433.7,
          375.307,
          16605.6
        ]
      ],
      "objLayer": 0,
      "props": {}
    },
    "bdt_t2_bomb_zone_01_aaa_point_03": {
      "type": "Point",
      "tm": [
        [
          -0.263168,
          0.0,
          -0.964749
        ],
        [
          0.0,
          1.0,
          0.0
        ],
        [
          0.964749,
          0.0,
          -0.263168
        ],
        [
          -14457.2,
          373.89,
          16489.0
        ]
      ],
      "objLayer": 0,
      "props": {}
    },
    "bdt_t2_bomb_zone_01_aaa_point_04": {
      "type": "Point",
      "tm": [
        [
          -0.263168,
          0.0,
          -0.964749
        ],
        [
          0.0,
          1.0,
          0.0
        ],
        [
          0.964749,
          0.0,
          -0.263168
        ],
        [
          -14535.8,
          370.152,
          16111.6
        ]
      ],
      "objLayer": 0,
      "props": {}
    },
    "bdt_t2_bomb_zone_02_aaa_point_01": {
      "type": "Point",
      "tm": [
        [
          -0.154545,
          0.0,
          -0.987984
        ],
        [
          0.0,
          1.0,
          0.0
        ],
        [
          0.987984,
          0.0,
          -0.154545
        ],
        [
          -23711.5,
          100.626,
          15405.9
        ]
      ],
      "objLayer": 0,
      "props": {}
    },
    "bdt_t2_bomb_zone_02_aaa_point_02": {
      "type": "Point",
      "tm": [
        [
          -0.154545,
          0.0,
          -0.987984
        ],
        [
          0.0,
          1.0,
          0.0
        ],
        [
          0.987984,
          0.0,
          -0.154545
        ],
        [
          -23287.8,
          102.466,
          15072.6
        ]
      ],
      "objLayer": 0,
      "props": {}
    },
    "bdt_t2_bomb_zone_02_aaa_point_03": {
      "type": "Point",
      "tm": [
        [
          -0.154545,
          0.0,
          -0.987984
        ],
        [
          0.0,
          1.0,
          0.0
        ],
        [
          0.987984,
          0.0,
          -0.154545
        ],
        [
          -23446.7,
          106.276,
          15423.8
        ]
      ],
      "objLayer": 0,
      "props": {}
    },
    "bdt_t2_bomb_zone_02_aaa_point_04": {
      "type": "Point",
      "tm": [
        [
          -0.154545,
          0.0,
          -0.987984
        ],
        [
          0.0,
          1.0,
          0.0
        ],
        [
          0.987984,
          0.0,
          -0.154545
        ],
        [
          -23668.2,
          100.556,
          14969.2
        ]
      ],
      "objLayer": 0,
      "props": {}
    },
    "bdt_t2_bomb_zone_03_aaa_point_01": {
      "type": "Point",
      "tm": [
        [
          -0.154545,
          0.0,
          -0.987984
        ],
        [
          0.0,
          1.0,
          0.0
        ],
        [
          0.987984,
          0.0,
          -0.154545
        ],
        [
          -26336.1,
          64.9172,
          12461.0
        ]
      ],
      "objLayer": 0,
      "props": {}
    },
    "bdt_t2_bomb_zone_03_aaa_point_02": {
      "type": "Point",
      "tm": [
        [
          -0.154545,
          0.0,
          -0.987984
        ],
        [
          0.0,
          1.0,
          0.0
        ],
        [
          0.987984,
          0.0,
          -0.154545
        ],
        [
          -25787.4,
          58.8572,
          12313.0
        ]
      ],
      "objLayer": 0,
      "props": {}
    },
    "bdt_t2_bomb_zone_03_aaa_point_03": {
      "type": "Point",
      "tm": [
        [
          -0.154545,
          0.0,
          -0.987984
        ],
        [
          0.0,
          1.0,
          0.0
        ],
        [
          0.987984,
          0.0,
          -0.154545
        ],
        [
          -25757.8,
          59.2472,
          12618.9
        ]
      ],
      "objLayer": 0,
      "props": {}
    },
    "bdt_t2_bomb_zone_03_aaa_point_04": {
      "type": "Point",
      "tm": [
        [
          -0.154545,
          0.0,
          -0.987984
        ],
        [
          0.0,
          1.0,
          0.0
        ],
        [
          0.987984,
          0.0,
          -0.154545
        ],
        [
          -26251.7,
          64.7772,
          12674.4
        ]
      ],
      "objLayer": 0,
      "props": {}
    },
    "bdt_t2_bomb_zone_04_aaa_point_01": {
      "type": "Point",
      "tm": [
        [
          -0.263168,
          0.0,
          -0.964749
        ],
        [
          0.0,
          1.0,
          0.0
        ],
        [
          0.964749,
          0.0,
          -0.263168
        ],
        [
          -10951.5,
          469.038,
          17564.6
        ]
      ],
      "objLayer": 0,
      "props": {}
    },
    "bdt_t2_bomb_zone_04_aaa_point_02": {
      "type": "Point",
      "tm": [
        [
          -0.263168,
          0.0,
          -0.964749
        ],
        [
          0.0,
          1.0,
          0.0
        ],
        [
          0.964749,
          0.0,
          -0.263168
        ],
        [
          -10851.8,
          468.799,
          18011.6
        ]
      ],
      "objLayer": 0,
      "props": {}
    },
    "bdt_t2_bomb_zone_04_aaa_point_03": {
      "type": "Point",
      "tm": [
        [
          -0.263168,
          0.0,
          -0.964749
        ],
        [
          0.0,
          1.0,
          0.0
        ],
        [
          0.964749,
          0.0,
          -0.263168
        ],
        [
          -11372.8,
          468.642,
          17805.6
        ]
      ],
      "objLayer": 0,
      "props": {}
    },
    "bdt_t2_bomb_zone_04_aaa_point_04": {
      "type": "Point",
      "tm": [
        [
          -0.263168,
          0.0,
          -0.964749
        ],
        [
          0.0,
          1.0,
          0.0
        ],
        [
          0.964749,
          0.0,
          -0.263168
        ],
        [
          -11283.2,
          428.897,
          18033.1
        ]
      ],
      "objLayer": 0,
      "props": {}
    },
    "bdt_t1_bomb_zone_01_aaa_point_01": {
      "type": "Point",
      "tm": [
        [
          0.177017,
          0.0,
          -0.984208
        ],
        [
          0.0,
          1.0,
          0.0
        ],
        [
          0.984208,
          0.0,
          0.177017
        ],
        [
          -13338.4,
          281.337,
          -3669.95
        ]
      ],
      "objLayer": 0,
      "props": {}
    },
    "bdt_t1_bomb_zone_01_aaa_point_02": {
      "type": "Point",
      "tm": [
        [
          0.177017,
          0.0,
          -0.984208
        ],
        [
          0.0,
          1.0,
          0.0
        ],
        [
          0.984208,
          0.0,
          0.177017
        ],
        [
          -13375.7,
          275.284,
          -3168.49
        ]
      ],
      "objLayer": 0,
      "props": {}
    },
    "bdt_t1_bomb_zone_01_aaa_point_03": {
      "type": "Point",
      "tm": [
        [
          0.177017,
          0.0,
          -0.984208
        ],
        [
          0.0,
          1.0,
          0.0
        ],
        [
          0.984208,
          0.0,
          0.177017
        ],
        [
          -13625.2,
          290.816,
          -3433.42
        ]
      ],
      "objLayer": 0,
      "props": {}
    },
    "bdt_t1_bomb_zone_01_aaa_point_04": {
      "type": "Point",
      "tm": [
        [
          0.177017,
          0.0,
          -0.984208
        ],
        [
          0.0,
          1.0,
          0.0
        ],
        [
          0.984208,
          0.0,
          0.177017
        ],
        [
          -13539.8,
          284.054,
          -3221.44
        ]
      ],
      "objLayer": 0,
      "props": {}
    },
    "bdt_t1_bomb_zone_02_aaa_point_01": {
      "type": "Point",
      "tm": [
        [
          0.177017,
          0.0,
          -0.984208
        ],
        [
          0.0,
          1.0,
          0.0
        ],
        [
          0.984208,
          0.0,
          0.177017
        ],
        [
          -10185.1,
          336.606,
          3486.92
        ]
      ],
      "objLayer": 0,
      "props": {}
    },
    "bdt_t1_bomb_zone_02_aaa_point_02": {
      "type": "Point",
      "tm": [
        [
          0.177017,
          0.0,
          -0.984208
        ],
        [
          0.0,
          1.0,
          0.0
        ],
        [
          0.984208,
          0.0,
          0.177017
        ],
        [
          -10164.5,
          406.167,
          3776.39
        ]
      ],
      "objLayer": 0,
      "props": {}
    },
    "bdt_t1_bomb_zone_02_aaa_point_03": {
      "type": "Point",
      "tm": [
        [
          0.177017,
          0.0,
          -0.984208
        ],
        [
          0.0,
          1.0,
          0.0
        ],
        [
          0.984208,
          0.0,
          0.177017
        ],
        [
          -10849.6,
          367.289,
          3636.21
        ]
      ],
      "objLayer": 0,
      "props": {}
    },
    "bdt_t1_bomb_zone_02_aaa_point_04": {
      "type": "Point",
      "tm": [
        [
          0.177017,
          0.0,
          -0.984208
        ],
        [
          0.0,
          1.0,
          0.0
        ],
        [
          0.984208,
          0.0,
          0.177017
        ],
        [
          -10421.6,
          414.939,
          3980.31
        ]
      ],
      "objLayer": 0,
      "props": {}
    },
    "bdt_t1_bomb_zone_03_aaa_point_01": {
      "type": "Point",
      "tm": [
        [
          0.0667674,
          0.0,
          -0.997769
        ],
        [
          0.0,
          1.0,
          0.0
        ],
        [
          0.997769,
          0.0,
          0.0667674
        ],
        [
          -22013.8,
          94.6547,
          -585.209
        ]
      ],
      "objLayer": 0,
      "props": {}
    },
    "bdt_t1_bomb_zone_03_aaa_point_02": {
      "type": "Point",
      "tm": [
        [
          0.0667674,
          0.0,
          -0.997769
        ],
        [
          0.0,
          1.0,
          0.0
        ],
        [
          0.997769,
          0.0,
          0.0667674
        ],
        [
          -21567.7,
          87.3367,
          -906.222
        ]
      ],
      "objLayer": 0,
      "props": {}
    },
    "bdt_t1_bomb_zone_03_aaa_point_03": {
      "type": "Point",
      "tm": [
        [
          0.0667674,
          0.0,
          -0.997769
        ],
        [
          0.0,
          1.0,
          0.0
        ],
        [
          0.997769,
          0.0,
          0.0667674
        ],
        [
          -21519.2,
          94.1037,
          -630.503
        ]
      ],
      "objLayer": 0,
      "props": {}
    },
    "bdt_t1_bomb_zone_03_aaa_point_04": {
      "type": "Point",
      "tm": [
        [
          0.0667674,
          0.0,
          -0.997769
        ],
        [
          0.0,
          1.0,
          0.0
        ],
        [
          0.997769,
          0.0,
          0.0667674
        ],
        [
          -21934.4,
          91.8977,
          -973.306
        ]
      ],
      "objLayer": 0,
      "props": {}
    },
    "bdt_t1_bomb_zone_04_aaa_point_01": {
      "type": "Point",
      "tm": [
        [
          0.0667674,
          0.0,
          -0.997769
        ],
        [
          0.0,
          1.0,
          0.0
        ],
        [
          0.997769,
          0.0,
          0.0667674
        ],
        [
          -27138.9,
          91.7369,
          5461.49
        ]
      ],
      "objLayer": 0,
      "props": {}
    },
    "bdt_t1_bomb_zone_04_aaa_point_02": {
      "type": "Point",
      "tm": [
        [
          0.0667674,
          0.0,
          -0.997769
        ],
        [
          0.0,
          1.0,
          0.0
        ],
        [
          0.997769,
          0.0,
          0.0667674
        ],
        [
          -26841.5,
          89.6639,
          5582.43
        ]
      ],
      "objLayer": 0,
      "props": {}
    },
    "bdt_t1_bomb_zone_04_aaa_point_03": {
      "type": "Point",
      "tm": [
        [
          0.0667674,
          0.0,
          -0.997769
        ],
        [
          0.0,
          1.0,
          0.0
        ],
        [
          0.997769,
          0.0,
          0.0667674
        ],
        [
          -27315.0,
          90.5919,
          5743.46
        ]
      ],
      "objLayer": 0,
      "props": {}
    },
    "bdt_t1_bomb_zone_04_aaa_point_04": {
      "type": "Point",
      "tm": [
        [
          0.0667674,
          0.0,
          -0.997769
        ],
        [
          0.0,
          1.0,
          0.0
        ],
        [
          0.997769,
          0.0,
          0.0667674
        ],
        [
          -26763.2,
          89.0049,
          5930.98
        ]
      ],
      "objLayer": 0,
      "props": {}
    },
    "bdt_t1_bomb_zone_05": {
      "type": "Sphere",
      "tm": [
        [
          18.5948,
          0.0,
          -449.615
        ],
        [
          0.0,
          450.0,
          0.0
        ],
        [
          449.615,
          0.0,
          18.5948
        ],
        [
          -25288.9,
          68.3177,
          2462.34
        ]
      ],
      "objLayer": 0,
      "props": {}
    },
    "bdt_t1_bomb_zone_06": {
      "type": "Sphere",
      "tm": [
        [
          18.5948,
          0.0,
          -449.615
        ],
        [
          0.0,
          450.0,
          0.0
        ],
        [
          449.615,
          0.0,
          18.5948
        ],
        [
          -25091.8,
          69.9082,
          -2240.48
        ]
      ],
      "objLayer": 0,
      "props": {}
    },
    "bdt_t1_bomb_zone_07": {
      "type": "Sphere",
      "tm": [
        [
          18.5948,
          0.0,
          -449.615
        ],
        [
          0.0,
          450.0,
          0.0
        ],
        [
          449.615,
          0.0,
          18.5948
        ],
        [
          -28146.7,
          37.2218,
          642.321
        ]
      ],
      "objLayer": 0,
      "props": {}
    },
    "bdt_t1_bomb_zone_08": {
      "type": "Sphere",
      "tm": [
        [
          -181.34,
          0.0,
          -411.844
        ],
        [
          0.0,
          450.0,
          0.0
        ],
        [
          411.844,
          0.0,
          -181.34
        ],
        [
          -12547.3,
          317.619,
          948.332
        ]
      ],
      "objLayer": 0,
      "props": {}
    },
    "bdt_t1_bomb_zone_09": {
      "type": "Sphere",
      "tm": [
        [
          -181.34,
          0.0,
          -411.844
        ],
        [
          0.0,
          450.0,
          0.0
        ],
        [
          411.844,
          0.0,
          -181.34
        ],
        [
          -17237.4,
          217.474,
          -1290.65
        ]
      ],
      "objLayer": 0,
      "props": {}
    },
    "bdt_t1_bomb_zone_10": {
      "type": "Sphere",
      "tm": [
        [
          -181.34,
          0.0,
          -411.844
        ],
        [
          0.0,
          450.0,
          0.0
        ],
        [
          411.844,
          0.0,
          -181.34
        ],
        [
          -9443.08,
          407.426,
          -30.7578
        ]
      ],
      "objLayer": 0,
      "props": {}
    },
    "bdt_t1_bomb_zone_05_aaa_point_01": {
      "type": "Point",
      "tm": [
        [
          0.0667674,
          0.0,
          -0.997769
        ],
        [
          0.0,
          1.0,
          0.0
        ],
        [
          0.997769,
          0.0,
          0.0667674
        ],
        [
          -25284.4,
          68.5757,
          2736.34
        ]
      ],
      "objLayer": 0,
      "props": {}
    },
    "bdt_t1_bomb_zone_05_aaa_point_02": {
      "type": "Point",
      "tm": [
        [
          0.0667674,
          0.0,
          -0.997769
        ],
        [
          0.0,
          1.0,
          0.0
        ],
        [
          0.997769,
          0.0,
          0.0667674
        ],
        [
          -25389.3,
          67.6747,
          2581.02
        ]
      ],
      "objLayer": 0,
      "props": {}
    },
    "bdt_t1_bomb_zone_05_aaa_point_03": {
      "type": "Point",
      "tm": [
        [
          0.0667674,
          0.0,
          -0.997769
        ],
        [
          0.0,
          1.0,
          0.0
        ],
        [
          0.997769,
          0.0,
          0.0667674
        ],
        [
          -25304.6,
          68.8846,
          2175.04
        ]
      ],
      "objLayer": 0,
      "props": {}
    },
    "bdt_t1_bomb_zone_05_aaa_point_04": {
      "type": "Point",
      "tm": [
        [
          0.0667674,
          0.0,
          -0.997769
        ],
        [
          0.0,
          1.0,
          0.0
        ],
        [
          0.997769,
          0.0,
          0.0667674
        ],
        [
          -25089.6,
          69.5866,
          2269.2
        ]
      ],
      "objLayer": 0,
      "props": {}
    },
    "bdt_t1_bomb_zone_06_aaa_point_01": {
      "type": "Point",
      "tm": [
        [
          0.0667674,
          0.0,
          -0.997769
        ],
        [
          0.0,
          1.0,
          0.0
        ],
        [
          0.997769,
          0.0,
          0.0667674
        ],
        [
          -25388.5,
          65.2002,
          -2079.93
        ]
      ],
      "objLayer": 0,
      "props": {}
    },
    "bdt_t1_bomb_zone_06_aaa_point_02": {
      "type": "Point",
      "tm": [
        [
          0.0667674,
          0.0,
          -0.997769
        ],
        [
          0.0,
          1.0,
          0.0
        ],
        [
          0.997769,
          0.0,
          0.0667674
        ],
        [
          -25174.3,
          67.4582,
          -1926.47
        ]
      ],
      "objLayer": 0,
      "props": {}
    },
    "bdt_t1_bomb_zone_06_aaa_point_03": {
      "type": "Point",
      "tm": [
        [
          0.0667674,
          0.0,
          -0.997769
        ],
        [
          0.0,
          1.0,
          0.0
        ],
        [
          0.997769,
          0.0,
          0.0667674
        ],
        [
          -24782.8,
          71.4332,
          -2229.96
        ]
      ],
      "objLayer": 0,
      "props": {}
    },
    "bdt_t1_bomb_zone_06_aaa_point_04": {
      "type": "Point",
      "tm": [
        [
          0.0667674,
          0.0,
          -0.997769
        ],
        [
          0.0,
          1.0,
          0.0
        ],
        [
          0.997769,
          0.0,
          0.0667674
        ],
        [
          -25204.1,
          67.2072,
          -2516.18
        ]
      ],
      "objLayer": 0,
      "props": {}
    },
    "bdt_t1_bomb_zone_07_aaa_point_01": {
      "type": "Point",
      "tm": [
        [
          0.0667674,
          0.0,
          -0.997769
        ],
        [
          0.0,
          1.0,
          0.0
        ],
        [
          0.997769,
          0.0,
          0.0667674
        ],
        [
          -27875.8,
          38.5238,
          510.645
        ]
      ],
      "objLayer": 0,
      "props": {}
    },
    "bdt_t1_bomb_zone_07_aaa_point_02": {
      "type": "Point",
      "tm": [
        [
          0.0667674,
          0.0,
          -0.997769
        ],
        [
          0.0,
          1.0,
          0.0
        ],
        [
          0.997769,
          0.0,
          0.0667674
        ],
        [
          -28458.5,
          31.2278,
          798.872
        ]
      ],
      "objLayer": 0,
      "props": {}
    },
    "bdt_t1_bomb_zone_07_aaa_point_03": {
      "type": "Point",
      "tm": [
        [
          0.0667674,
          0.0,
          -0.997769
        ],
        [
          0.0,
          1.0,
          0.0
        ],
        [
          0.997769,
          0.0,
          0.0667674
        ],
        [
          -28282.7,
          26.3648,
          334.936
        ]
      ],
      "objLayer": 0,
      "props": {}
    },
    "bdt_t1_bomb_zone_07_aaa_point_04": {
      "type": "Point",
      "tm": [
        [
          0.0667674,
          0.0,
          -0.997769
        ],
        [
          0.0,
          1.0,
          0.0
        ],
        [
          0.997769,
          0.0,
          0.0667674
        ],
        [
          -27807.7,
          35.7928,
          857.756
        ]
      ],
      "objLayer": 0,
      "props": {}
    },
    "bdt_t1_bomb_zone_08_aaa_point_01": {
      "type": "Point",
      "tm": [
        [
          0.177017,
          0.0,
          -0.984208
        ],
        [
          0.0,
          1.0,
          0.0
        ],
        [
          0.984208,
          0.0,
          0.177017
        ],
        [
          -12264.8,
          261.463,
          1077.87
        ]
      ],
      "objLayer": 0,
      "props": {}
    },
    "bdt_t1_bomb_zone_08_aaa_point_02": {
      "type": "Point",
      "tm": [
        [
          0.177017,
          0.0,
          -0.984208
        ],
        [
          0.0,
          1.0,
          0.0
        ],
        [
          0.984208,
          0.0,
          0.177017
        ],
        [
          -12709.0,
          318.822,
          1208.05
        ]
      ],
      "objLayer": 0,
      "props": {}
    },
    "bdt_t1_bomb_zone_08_aaa_point_03": {
      "type": "Point",
      "tm": [
        [
          0.177017,
          0.0,
          -0.984208
        ],
        [
          0.0,
          1.0,
          0.0
        ],
        [
          0.984208,
          0.0,
          0.177017
        ],
        [
          -12883.5,
          316.394,
          825.735
        ]
      ],
      "objLayer": 0,
      "props": {}
    },
    "bdt_t1_bomb_zone_08_aaa_point_04": {
      "type": "Point",
      "tm": [
        [
          0.177017,
          0.0,
          -0.984208
        ],
        [
          0.0,
          1.0,
          0.0
        ],
        [
          0.984208,
          0.0,
          0.177017
        ],
        [
          -12493.4,
          319.51,
          681.575
        ]
      ],
      "objLayer": 0,
      "props": {}
    },
    "bdt_t1_bomb_zone_09_aaa_point_01": {
      "type": "Point",
      "tm": [
        [
          0.177017,
          0.0,
          -0.984208
        ],
        [
          0.0,
          1.0,
          0.0
        ],
        [
          0.984208,
          0.0,
          0.177017
        ],
        [
          -17233.0,
          217.165,
          -842.688
        ]
      ],
      "objLayer": 0,
      "props": {}
    },
    "bdt_t1_bomb_zone_09_aaa_point_02": {
      "type": "Point",
      "tm": [
        [
          0.177017,
          0.0,
          -0.984208
        ],
        [
          0.0,
          1.0,
          0.0
        ],
        [
          0.984208,
          0.0,
          0.177017
        ],
        [
          -17621.8,
          208.653,
          -1147.34
        ]
      ],
      "objLayer": 0,
      "props": {}
    },
    "bdt_t1_bomb_zone_09_aaa_point_03": {
      "type": "Point",
      "tm": [
        [
          0.177017,
          0.0,
          -0.984208
        ],
        [
          0.0,
          1.0,
          0.0
        ],
        [
          0.984208,
          0.0,
          0.177017
        ],
        [
          -16763.4,
          222.86,
          -1138.85
        ]
      ],
      "objLayer": 0,
      "props": {}
    },
    "bdt_t1_bomb_zone_09_aaa_point_04": {
      "type": "Point",
      "tm": [
        [
          0.177017,
          0.0,
          -0.984208
        ],
        [
          0.0,
          1.0,
          0.0
        ],
        [
