{
  "selected_tag": "",
  "bin_dump_file": "",
  "mission_settings": {
    "player": {
      "army": 1
    },
    "player_teamB": {
      "army": 2
    },
    "mission": {
      "type": "domination",
      "level": "levels/air_israel.bin",
      "environment": "Day",
      "weather": "hazy"
    }
  },
  "imports": {},
  "triggers": {
    "isCategory": true,
    "is_enabled": true,
    "static_units_rank_02_init": {
      "is_enabled": true,
      "comments": "",
      "props": {
        "actionsType": "PERFORM_ONE_BY_ONE",
        "conditionsType": "ALL",
        "enableAfterComplete": false
      },
      "events": {
        "initMission": {}
      },
      "conditions": {},
      "actions": {
        "comment": [
          {
            "value": "static units"
          },
          {
            "value": "static aaa"
          },
          {
            "value": ""
          }
        ],
        "unitSetProperties": [
          {
            "object": [
              "t1_artillery_squad",
              "t1_bunkers_squad",
              "t2_artillery_squad",
              "t2_bunkers_squad"
            ],
            "accuracy": 0.1,
            "checkVisibilityTarget": false
          },
          {
            "object": [
              "t1_aaa_squad",
              "t2_aaa_squad"
            ],
            "targetGnd": false,
            "accuracy": 0.1,
            "airAccuracy": 0.1,
            "fireRandom": true,
            "targetChangeInterval": 5.0,
            "targetChangeProb": 0.25,
            "DelayAfterShoot": 3.0
          }
        ]
      },
      "else_actions": {}
    }
  },
  "mission_objectives": {
    "isCategory": true,
    "is_enabled": true
  },
  "variables": {},
  "dialogs": {},
  "airfields": {},
  "effects": {},
  "units": {
    "objectGroups": [
      {
        "name": "t1_trench_rank_02_01",
        "tm": [
          [
            0.997326,
            0.0104688,
            -0.0723378
          ],
          [
            -0.0121669,
            0.99966,
            -0.0230802
          ],
          [
            0.0720715,
            0.0238986,
            0.997113
          ],
          [
            -19174.5,
            99.5876,
            6899.82
          ]
        ],
        "unit_class": "dynTrench_small_bunker_axis",
        "objLayer": 2,
        "props": {
          "army": 1,
          "active": true
        }
      },
      {
        "name": "t1_trench_rank_02_02",
        "tm": [
          [
            0.985436,
            0.105475,
            -0.133385
          ],
          [
            -0.108655,
            0.993938,
            -0.016775
          ],
          [
            0.130806,
            0.0310226,
            0.990921
          ],
          [
            -16510.2,
            160.234,
            6605.68
          ]
        ],
        "unit_class": "dynTrench_small_bunker_axis",
        "objLayer": 2,
        "props": {
          "army": 1,
          "active": true
        }
      },
      {
        "name": "t1_trench_rank_02_03",
        "tm": [
          [
            0.950987,
            0.00857141,
            -0.309109
          ],
          [
            -0.00630569,
            0.999945,
            0.00832916
          ],
          [
            0.309164,
            -0.00597227,
            0.950991
          ],
          [
            -21574.8,
            75.9906,
            7373.15
          ]
        ],
        "unit_class": "dynTrench_small_bunker_axis",
        "objLayer": 2,
        "props": {
          "army": 1,
          "active": true
        }
      },
      {
        "name": "t1_trench_rank_02_04",
        "tm": [
          [
            0.992166,
            0.0332544,
            0.120421
          ],
          [
            -0.0345001,
            0.99937,
            0.00827501
          ],
          [
            -0.120069,
            -0.0123647,
            0.992688
          ],
          [
            -14003.7,
            219.957,
            6728.31
          ]
        ],
        "unit_class": "dynTrench_small_bunker_axis",
        "objLayer": 2,
        "props": {
          "army": 1,
          "active": true
        }
      },
      {
        "name": "t1_trench_rank_02_05",
        "tm": [
          [
            0.983423,
            0.178408,
            0.0324257
          ],
          [
            -0.179978,
            0.982153,
            0.0546075
          ],
          [
            -0.0221054,
            -0.0595386,
            0.997982
          ],
          [
            -15483.3,
            230.614,
            6535.03
          ]
        ],
        "unit_class": "dynTrench_small_bunker_axis",
        "objLayer": 2,
        "props": {
          "army": 1,
          "active": true
        }
      },
      {
        "name": "t1_trench_rank_02_06",
        "tm": [
          [
            0.988831,
            0.0623805,
            -0.135361
          ],
          [
            -0.0636869,
            0.997956,
            -0.0053388
          ],
          [
            0.134753,
            0.0139003,
            0.990782
          ],
          [
            -20389.1,
            81.0491,
            7070.48
          ]
        ],
        "unit_class": "dynTrench_small_bunker_axis",
        "objLayer": 2,
        "props": {
          "army": 1,
          "active": true
        }
      },
      {
        "name": "t1_trench_rank_02_07",
        "tm": [
          [
            0.969891,
            0.0169448,
            -0.242949
          ],
          [
            -0.0159614,
            0.999854,
            0.00601939
          ],
          [
            0.243016,
            -0.00196047,
            0.970021
          ],
          [
            -17687.3,
            123.369,
            6663.72
          ]
        ],
        "unit_class": "dynTrench_small_bunker_axis",
        "objLayer": 2,
        "props": {
          "army": 1,
          "active": true
        }
      },
      {
        "name": "t1_trench_rank_02_08",
        "tm": [
          [
            0.90651,
            0.0122388,
            -0.422007
          ],
          [
            -0.0116746,
            0.999924,
            0.00392168
          ],
          [
            0.422022,
            0.00137104,
            0.906585
          ],
          [
            -22827.9,
            64.5443,
            7880.21
          ]
        ],
        "unit_class": "dynTrench_small_bunker_axis",
        "objLayer": 2,
        "props": {
          "army": 1,
          "active": true
        }
      },
      {
        "name": "t2_trench_rank_02_01",
        "tm": [
          [
            -0.997738,
            0.0345327,
            0.0576739
          ],
          [
            0.0330744,
            0.999112,
            -0.0260497
          ],
          [
            -0.0585228,
            -0.0240831,
            -0.997995
          ],
          [
            -18964.0,
            130.431,
            9064.39
          ]
        ],
        "unit_class": "dynTrench_small_bunker_axis",
        "objLayer": 2,
        "props": {
          "army": 2,
          "active": true
        }
      },
      {
        "name": "t2_trench_rank_02_02",
        "tm": [
          [
            -0.998564,
            -0.00763566,
            0.0530384
          ],
          [
            -0.0101953,
            0.998787,
            -0.0481708
          ],
          [
            -0.0526072,
            -0.0486423,
            -0.997429
          ],
          [
            -21119.3,
            96.0052,
            9144.64
          ]
        ],
        "unit_class": "dynTrench_small_bunker_axis",
        "objLayer": 2,
        "props": {
          "army": 2,
          "active": true
        }
      },
      {
        "name": "t2_trench_rank_02_03",
        "tm": [
          [
            -0.998005,
            0.0113276,
            0.0621218
          ],
          [
            0.0067018,
            0.997223,
            -0.0741729
          ],
          [
            -0.0627895,
            -0.0736086,
            -0.995309
          ],
          [
            -16136.9,
            172.984,
            8645.16
          ]
        ],
        "unit_class": "dynTrench_small_bunker_axis",
        "objLayer": 2,
        "props": {
          "army": 2,
          "active": true
        }
      },
      {
        "name": "t2_trench_rank_02_04",
        "tm": [
          [
            -0.998937,
            -0.0016885,
            0.0460398
          ],
          [
            -0.0051244,
            0.997199,
            -0.0746097
          ],
          [
            -0.0457844,
            -0.0747674,
            -0.99615
          ],
          [
            -17327.6,
            160.791,
            8887.99
          ]
        ],
        "unit_class": "dynTrench_small_bunker_axis",
        "objLayer": 2,
        "props": {
          "army": 2,
          "active": true
        }
      },
      {
        "name": "t2_trench_rank_02_05",
        "tm": [
          [
            -0.919238,
            -0.0174652,
            0.393312
          ],
          [
            -0.0359816,
            0.998561,
            -0.0397541
          ],
          [
            -0.392054,
            -0.0506955,
            -0.918545
          ],
          [
            -14063.1,
            204.366,
            7986.89
          ]
        ],
        "unit_class": "dynTrench_small_bunker_axis",
        "objLayer": 2,
        "props": {
          "army": 2,
          "active": true
        }
      },
      {
        "name": "t2_trench_rank_02_06",
        "tm": [
          [
            -0.931664,
            0.0184828,
            0.362849
          ],
          [
            0.0140846,
            0.999791,
            -0.0147624
          ],
          [
            -0.363048,
            -0.00864318,
            -0.931731
          ],
          [
            -15131.4,
            181.257,
            8312.32
          ]
        ],
        "unit_class": "dynTrench_small_bunker_axis",
        "objLayer": 2,
        "props": {
          "army": 2,
          "active": true
        }
      },
      {
        "name": "t2_trench_rank_02_07",
        "tm": [
          [
            -0.999824,
            -0.0132327,
            -0.0133857
          ],
          [
            -0.0134923,
            0.999718,
            0.0195296
          ],
          [
            0.0131231,
            0.0197064,
            -0.999718
          ],
          [
            -22725.9,
            72.228,
            9017.26
          ]
        ],
        "unit_class": "dynTrench_small_bunker_axis",
        "objLayer": 2,
        "props": {
          "army": 2,
          "active": true
        }
      },
      {
        "name": "t2_trench_rank_02_08",
        "tm": [
          [
            -0.996557,
            -0.00548041,
            0.0827231
          ],
          [
            -0.00793699,
            0.999535,
            -0.0293992
          ],
          [
            -0.0825233,
            -0.0299545,
            -0.99614
          ],
          [
            -20096.9,
            118.444,
            9103.96
          ]
        ],
        "unit_class": "dynTrench_small_bunker_axis",
        "objLayer": 2,
        "props": {
          "army": 2,
          "active": true
        }
      }
    ],
    "structures": [
      {
        "name": "t1_bunker_01",
        "tm": [
          [
            -0.0753982,
            0.0220992,
            0.996908
          ],
          [
            -0.0121669,
            0.99966,
            -0.0230802
          ],
          [
            -0.997079,
            -0.013869,
            -0.0751043
          ],
          [
            -19163.2,
            112.483,
            6908.31
          ]
        ],
        "unit_class": "ussr_quest_large_art_noground",
        "objLayer": 1,
        "closed_waypoints": false,
        "isShipSpline": false,
        "shipTurnRadius": 100.0,
        "weapons": "",
        "bullets0": "",
        "bullets1": "",
        "bullets2": "",
        "bullets3": "",
        "bulletsCount0": 0,
        "bulletsCount1": 0,
        "bulletsCount2": 0,
        "bulletsCount3": 0,
        "crewSkillK": 0.0,
        "applyAllMods": false,
        "props": {
          "army": 1,
          "count": 1,
          "formation_type": "rows",
          "formation_div": 3,
          "formation_step": [
            2.5,
            2.0
          ],
          "formation_noise": [
            0.1,
            0.1
          ]
        },
        "way": {}
      },
      {
        "name": "t1_art_01",
        "tm": [
          [
            -0.0753982,
            0.0220992,
            0.996908
          ],
          [
            -0.0121669,
            0.99966,
            -0.0230802
          ],
          [
            -0.997079,
            -0.013869,
            -0.0751043
          ],
          [
            -19257.6,
            107.58,
            6902.88
          ]
        ],
        "unit_class": "ussr_quest_large_art_noground",
        "objLayer": 1,
        "closed_waypoints": false,
        "isShipSpline": false,
        "shipTurnRadius": 100.0,
        "weapons": "",
        "bullets0": "",
        "bullets1": "",
        "bullets2": "",
        "bullets3": "",
        "bulletsCount0": 0,
        "bulletsCount1": 0,
        "bulletsCount2": 0,
        "bulletsCount3": 0,
        "crewSkillK": 0.0,
        "applyAllMods": false,
        "props": {
          "army": 1,
          "count": 1,
          "formation_type": "rows",
          "formation_div": 3,
          "formation_step": [
            2.5,
            2.0
          ],
          "formation_noise": [
            0.1,
            0.1
          ]
        },
        "way": {}
      },
      {
        "name": "t1_art_02",
        "tm": [
          [
            -0.0753982,
            0.0220992,
            0.996908
          ],
          [
            -0.0121669,
            0.99966,
            -0.0230802
          ],
          [
            -0.997079,
            -0.013869,
            -0.0751043
          ],
          [
            -19090.0,
            106.62,
            6922.16
          ]
        ],
        "unit_class": "ussr_quest_large_art_noground",
        "objLayer": 1,
        "closed_waypoints": false,
        "isShipSpline": false,
        "shipTurnRadius": 100.0,
        "weapons": "",
        "bullets0": "",
        "bullets1": "",
        "bullets2": "",
        "bullets3": "",
        "bulletsCount0": 0,
        "bulletsCount1": 0,
        "bulletsCount2": 0,
        "bulletsCount3": 0,
        "crewSkillK": 0.0,
        "applyAllMods": false,
        "props": {
          "army": 1,
          "count": 1,
          "formation_type": "rows",
          "formation_div": 3,
          "formation_step": [
            2.5,
            2.0
          ],
          "formation_noise": [
            0.1,
            0.1
          ]
        },
        "way": {}
      },
      {
        "name": "t1_bunker_02",
        "tm": [
          [
            -0.0155536,
            0.0151719,
            0.999764
          ],
          [
            -0.108655,
            0.993938,
            -0.016775
          ],
          [
            -0.993959,
            -0.108891,
            -0.0138109
          ],
          [
            -16499.5,
            174.172,
            6613.47
          ]
        ],
        "unit_class": "ussr_quest_large_art_noground",
        "objLayer": 1,
        "closed_waypoints": false,
        "isShipSpline": false,
        "shipTurnRadius": 100.0,
        "weapons": "",
        "bullets0": "",
        "bullets1": "",
        "bullets2": "",
        "bullets3": "",
        "bulletsCount0": 0,
        "bulletsCount1": 0,
        "bulletsCount2": 0,
        "bulletsCount3": 0,
        "crewSkillK": 0.0,
        "applyAllMods": false,
        "props": {
          "army": 1,
          "count": 1,
          "formation_type": "rows",
          "formation_div": 3,
          "formation_step": [
            2.5,
            2.0
          ],
          "formation_noise": [
            0.1,
            0.1
          ]
        },
        "way": {}
      },
      {
        "name": "t1_art_03",
        "tm": [
          [
            -0.0155536,
            0.0151719,
            0.999764
          ],
          [
            -0.108655,
            0.993938,
            -0.016775
          ],
          [
            -0.993959,
            -0.108891,
            -0.0138109
          ],
          [
            -16593.3,
            160.272,
            6613.83
          ]
        ],
        "unit_class": "ussr_quest_large_art_noground",
        "objLayer": 1,
        "closed_waypoints": false,
        "isShipSpline": false,
        "shipTurnRadius": 100.0,
        "weapons": "",
        "bullets0": "",
        "bullets1": "",
        "bullets2": "",
        "bullets3": "",
        "bulletsCount0": 0,
        "bulletsCount1": 0,
        "bulletsCount2": 0,
        "bulletsCount3": 0,
        "crewSkillK": 0.0,
        "applyAllMods": false,
        "props": {
          "army": 1,
          "count": 1,
          "formation_type": "rows",
          "formation_div": 3,
          "formation_step": [
            2.5,
            2.0
          ],
          "formation_noise": [
            0.1,
            0.1
          ]
        },
        "way": {}
      },
      {
        "name": "t1_art_04",
        "tm": [
          [
            -0.0155536,
            0.0151719,
            0.999764
          ],
          [
            -0.108655,
            0.993938,
            -0.016775
          ],
          [
            -0.993959,
            -0.108891,
            -0.0138109
          ],
          [
            -16425.4,
            175.309,
            6622.75
          ]
        ],
        "unit_class": "ussr_quest_large_art_noground",
        "objLayer": 1,
        "closed_waypoints": false,
        "isShipSpline": false,
        "shipTurnRadius": 100.0,
        "weapons": "",
        "bullets0": "",
        "bullets1": "",
        "bullets2": "",
        "bullets3": "",
        "bulletsCount0": 0,
        "bulletsCount1": 0,
        "bulletsCount2": 0,
        "bulletsCount3": 0,
        "crewSkillK": 0.0,
        "applyAllMods": false,
        "props": {
          "army": 1,
          "count": 1,
          "formation_type": "rows",
          "formation_div": 3,
          "formation_step": [
            2.5,
            2.0
          ],
          "formation_noise": [
            0.1,
            0.1
          ]
        },
        "way": {}
      },
      {
        "name": "t1_bunker_03",
        "tm": [
          [
            0.165931,
            -0.00716829,
            0.986112
          ],
          [
            -0.00630569,
            0.999945,
            0.00832916
          ],
          [
            -0.986118,
            -0.00760035,
            0.165875
          ],
          [
            -21561.6,
            88.5966,
            7379.06
          ]
        ],
        "unit_class": "ussr_quest_large_art_noground",
        "objLayer": 1,
        "closed_waypoints": false,
        "isShipSpline": false,
        "shipTurnRadius": 100.0,
        "weapons": "",
        "bullets0": "",
        "bullets1": "",
        "bullets2": "",
        "bullets3": "",
        "bulletsCount0": 0,
        "bulletsCount1": 0,
        "bulletsCount2": 0,
        "bulletsCount3": 0,
        "crewSkillK": 0.0,
        "applyAllMods": false,
        "props": {
          "army": 1,
          "count": 1,
          "formation_type": "rows",
          "formation_div": 3,
          "formation_step": [
            2.5,
            2.0
          ],
          "formation_noise": [
            0.1,
            0.1
          ]
        },
        "way": {}
      },
      {
        "name": "t1_art_05",
        "tm": [
          [
            0.165931,
            -0.00716829,
            0.986112
          ],
          [
            -0.00630569,
            0.999945,
            0.00832916
          ],
          [
            -0.986118,
            -0.00760035,
            0.165875
          ],
          [
            -21654.7,
            84.2276,
            7396.22
          ]
        ],
        "unit_class": "ussr_quest_large_art_noground",
        "objLayer": 1,
        "closed_waypoints": false,
        "isShipSpline": false,
        "shipTurnRadius": 100.0,
        "weapons": "",
        "bullets0": "",
        "bullets1": "",
        "bullets2": "",
        "bullets3": "",
        "bulletsCount0": 0,
        "bulletsCount1": 0,
        "bulletsCount2": 0,
        "bulletsCount3": 0,
        "crewSkillK": 0.0,
        "applyAllMods": false,
        "props": {
          "army": 1,
          "count": 1,
          "formation_type": "rows",
          "formation_div": 3,
          "formation_step": [
            2.5,
            2.0
          ],
          "formation_noise": [
            0.1,
            0.1
          ]
        },
        "way": {}
      },
      {
        "name": "t1_art_06",
        "tm": [
          [
            0.165931,
            -0.00716829,
            0.986112
          ],
          [
            -0.00630569,
            0.999945,
            0.00832916
          ],
          [
            -0.986118,
            -0.00760035,
            0.165875
          ],
          [
            -21487.3,
            82.0196,
            7374.7
          ]
        ],
        "unit_class": "ussr_quest_large_art_noground",
        "objLayer": 1,
        "closed_waypoints": false,
        "isShipSpline": false,
        "shipTurnRadius": 100.0,
        "weapons": "",
        "bullets0": "",
        "bullets1": "",
        "bullets2": "",
        "bullets3": "",
        "bulletsCount0": 0,
        "bulletsCount1": 0,
        "bulletsCount2": 0,
        "bulletsCount3": 0,
        "crewSkillK": 0.0,
        "applyAllMods": false,
        "props": {
          "army": 1,
          "count": 1,
          "formation_type": "rows",
          "formation_div": 3,
          "formation_step": [
            2.5,
            2.0
          ],
          "formation_noise": [
            0.1,
            0.1
          ]
        },
        "way": {}
      },
      {
        "name": "t1_bunker_04",
        "tm": [
          [
            -0.264691,
            -0.0171213,
            0.964181
          ],
          [
            -0.0345001,
            0.99937,
            0.00827501
          ],
          [
            -0.963717,
            -0.0310739,
            -0.265116
          ],
          [
            -13994.3,
            232.759,
            6739.14
          ]
        ],
        "unit_class": "ussr_quest_large_art_noground",
        "objLayer": 1,
        "closed_waypoints": false,
        "isShipSpline": false,
        "shipTurnRadius": 100.0,
        "weapons": "",
        "bullets0": "",
        "bullets1": "",
        "bullets2": "",
        "bullets3": "",
        "bulletsCount0": 0,
        "bulletsCount1": 0,
        "bulletsCount2": 0,
        "bulletsCount3": 0,
        "crewSkillK": 0.0,
        "applyAllMods": false,
        "props": {
          "army": 1,
          "count": 1,
          "formation_type": "rows",
          "formation_div": 3,
          "formation_step": [
            2.5,
            2.0
          ],
          "formation_noise": [
            0.1,
            0.1
          ]
        },
        "way": {}
      },
      {
        "name": "t1_art_07",
        "tm": [
          [
            -0.264691,
            -0.0171213,
            0.964181
          ],
          [
            -0.0345001,
            0.99937,
            0.00827501
          ],
          [
            -0.963717,
            -0.0310739,
            -0.265116
          ],
          [
            -14086.1,
            226.155,
            6715.56
          ]
        ],
        "unit_class": "ussr_quest_large_art_noground",
        "objLayer": 1,
        "closed_waypoints": false,
        "isShipSpline": false,
        "shipTurnRadius": 100.0,
        "weapons": "",
        "bullets0": "",
        "bullets1": "",
        "bullets2": "",
        "bullets3": "",
        "bulletsCount0": 0,
        "bulletsCount1": 0,
        "bulletsCount2": 0,
        "bulletsCount3": 0,
        "crewSkillK": 0.0,
        "applyAllMods": false,
        "props": {
          "army": 1,
          "count": 1,
          "formation_type": "rows",
          "formation_div": 3,
          "formation_step": [
            2.5,
            2.0
          ],
          "formation_noise": [
            0.1,
            0.1
          ]
        },
        "way": {}
      },
      {
        "name": "t1_art_08",
        "tm": [
          [
            -0.264691,
            -0.0171213,
            0.964181
          ],
          [
            -0.0345001,
            0.99937,
            0.00827501
          ],
          [
            -0.963717,
            -0.0310739,
            -0.265116
          ],
          [
            -13925.1,
            227.841,
            6766.56
          ]
        ],
        "unit_class": "ussr_quest_large_art_noground",
        "objLayer": 1,
        "closed_waypoints": false,
        "isShipSpline": false,
        "shipTurnRadius": 100.0,
        "weapons": "",
        "bullets0": "",
        "bullets1": "",
        "bullets2": "",
        "bullets3": "",
        "bulletsCount0": 0,
        "bulletsCount1": 0,
        "bulletsCount2": 0,
        "bulletsCount3": 0,
        "crewSkillK": 0.0,
        "applyAllMods": false,
        "props": {
          "army": 1,
          "count": 1,
          "formation_type": "rows",
          "formation_div": 3,
          "formation_step": [
            2.5,
            2.0
          ],
          "formation_noise": [
            0.1,
            0.1
          ]
        },
        "way": {}
      },
      {
        "name": "t1_bunker_05",
        "tm": [
          [
            -0.166506,
            -0.0851312,
            0.982359
          ],
          [
            -0.179978,
            0.982153,
            0.0546075
          ],
          [
            -0.969475,
            -0.167711,
            -0.178856
          ],
          [
            -15474.9,
            244.345,
            6545.6
          ]
        ],
        "unit_class": "ussr_quest_large_art_noground",
        "objLayer": 1,
        "closed_waypoints": false,
        "isShipSpline": false,
        "shipTurnRadius": 100.0,
        "weapons": "",
        "bullets0": "",
        "bullets1": "",
        "bullets2": "",
        "bullets3": "",
        "bulletsCount0": 0,
        "bulletsCount1": 0,
        "bulletsCount2": 0,
        "bulletsCount3": 0,
        "crewSkillK": 0.0,
        "applyAllMods": false,
        "props": {
          "army": 1,
          "count": 1,
          "formation_type": "rows",
          "formation_div": 3,
          "formation_step": [
            2.5,
            2.0
          ],
          "formation_noise": [
            0.1,
            0.1
          ]
        },
        "way": {}
      },
      {
        "name": "t1_art_09",
        "tm": [
          [
            -0.166506,
            -0.0851312,
            0.982359
          ],
          [
            -0.179978,
            0.982153,
            0.0546075
          ],
          [
            -0.969475,
            -0.167711,
            -0.178856
          ],
          [
            -15566.5,
            224.717,
            6530.06
          ]
        ],
        "unit_class": "ussr_quest_large_art_noground",
        "objLayer": 1,
        "closed_waypoints": false,
        "isShipSpline": false,
        "shipTurnRadius": 100.0,
        "weapons": "",
        "bullets0": "",
        "bullets1": "",
        "bullets2": "",
        "bullets3": "",
        "bulletsCount0": 0,
        "bulletsCount1": 0,
        "bulletsCount2": 0,
        "bulletsCount3": 0,
        "crewSkillK": 0.0,
        "applyAllMods": false,
        "props": {
          "army": 1,
          "count": 1,
          "formation_type": "rows",
          "formation_div": 3,
          "formation_step": [
            2.5,
            2.0
          ],
          "formation_noise": [
            0.1,
            0.1
          ]
        },
        "way": {}
      },
      {
        "name": "t1_art_10",
        "tm": [
          [
            -0.166506,
            -0.0851312,
            0.982359
          ],
          [
            -0.179978,
            0.982153,
            0.0546075
          ],
          [
            -0.969475,
            -0.167711,
            -0.178856
          ],
          [
            -15403.3,
            249.101,
            6566.47
          ]
        ],
        "unit_class": "ussr_quest_large_art_noground",
        "objLayer": 1,
        "closed_waypoints": false,
        "isShipSpline": false,
        "shipTurnRadius": 100.0,
        "weapons": "",
        "bullets0": "",
        "bullets1": "",
        "bullets2": "",
        "bullets3": "",
        "bulletsCount0": 0,
        "bulletsCount1": 0,
        "bulletsCount2": 0,
        "bulletsCount3": 0,
        "crewSkillK": 0.0,
        "applyAllMods": false,
        "props": {
          "army": 1,
          "count": 1,
          "formation_type": "rows",
          "formation_div": 3,
          "formation_step": [
            2.5,
            2.0
          ],
          "formation_noise": [
            0.1,
            0.1
          ]
        },
        "way": {}
      },
      {
        "name": "t1_bunker_06",
        "tm": [
          [
            -0.0121497,
            0.00457391,
            0.999914
          ],
          [
            -0.0636869,
            0.997956,
            -0.0053388
          ],
          [
            -0.997896,
            -0.063746,
            -0.011834
          ],
          [
            -20377.8,
            94.4015,
            7078.35
          ]
        ],
        "unit_class": "ussr_quest_large_art_noground",
        "objLayer": 1,
        "closed_waypoints": false,
        "isShipSpline": false,
        "shipTurnRadius": 100.0,
        "weapons": "",
        "bullets0": "",
        "bullets1": "",
        "bullets2": "",
        "bullets3": "",
        "bulletsCount0": 0,
        "bulletsCount1": 0,
        "bulletsCount2": 0,
        "bulletsCount3": 0,
        "crewSkillK": 0.0,
        "applyAllMods": false,
        "props": {
          "army": 1,
          "count": 1,
          "formation_type": "rows",
          "formation_div": 3,
          "formation_step": [
            2.5,
            2.0
          ],
          "formation_noise": [
            0.1,
            0.1
          ]
        },
        "way": {}
      },
      {
        "name": "t1_art_11",
        "tm": [
          [
            -0.0121497,
            0.00457391,
            0.999914
          ],
          [
            -0.0636869,
            0.997956,
            -0.0053388
          ],
          [
            -0.997896,
            -0.063746,
            -0.011834
          ],
          [
            -20472.2,
            84.7426,
            7078.88
          ]
        ],
        "unit_class": "ussr_quest_large_art_noground",
        "objLayer": 1,
        "closed_waypoints": false,
        "isShipSpline": false,
        "shipTurnRadius": 100.0,
        "weapons": "",
        "bullets0": "",
        "bullets1": "",
        "bullets2": "",
        "bullets3": "",
        "bulletsCount0": 0,
        "bulletsCount1": 0,
        "bulletsCount2": 0,
        "bulletsCount3": 0,
        "crewSkillK": 0.0,
        "applyAllMods": false,
        "props": {
          "army": 1,
          "count": 1,
          "formation_type": "rows",
          "formation_div": 3,
          "formation_step": [
            2.5,
            2.0
          ],
          "formation_noise": [
            0.1,
            0.1
          ]
        },
        "way": {}
      },
      {
        "name": "t1_art_12",
        "tm": [
          [
            -0.0121497,
            0.00457391,
            0.999914
          ],
          [
            -0.0636869,
            0.997956,
            -0.0053388
          ],
          [
            -0.997896,
            -0.063746,
            -0.011834
          ],
          [
            -20303.7,
            92.0885,
            7087.37
          ]
        ],
        "unit_class": "ussr_quest_large_art_noground",
        "objLayer": 1,
        "closed_waypoints": false,
        "isShipSpline": false,
        "shipTurnRadius": 100.0,
        "weapons": "",
        "bullets0": "",
        "bullets1": "",
        "bullets2": "",
        "bullets3": "",
        "bulletsCount0": 0,
        "bulletsCount1": 0,
        "bulletsCount2": 0,
        "bulletsCount3": 0,
        "crewSkillK": 0.0,
        "applyAllMods": false,
        "props": {
          "army": 1,
          "count": 1,
          "formation_type": "rows",
          "formation_div": 3,
          "formation_step": [
            2.5,
            2.0
          ],
          "formation_noise": [
            0.1,
            0.1
          ]
        },
        "way": {}
      },
      {
        "name": "t1_bunker_07",
        "tm": [
          [
            0.0977224,
            -0.00443151,
            0.995205
          ],
          [
            -0.0159614,
            0.999854,
            0.00601939
          ],
          [
            -0.995086,
            -0.0164724,
            0.0976366
          ],
          [
            -17674.6,
            136.098,
            6670.43
          ]
        ],
        "unit_class": "ussr_quest_large_art_noground",
        "objLayer": 1,
        "closed_waypoints": false,
        "isShipSpline": false,
        "shipTurnRadius": 100.0,
        "weapons": "",
        "bullets0": "",
        "bullets1": "",
        "bullets2": "",
        "bullets3": "",
        "bulletsCount0": 0,
        "bulletsCount1": 0,
        "bulletsCount2": 0,
        "bulletsCount3": 0,
        "crewSkillK": 0.0,
        "applyAllMods": false,
        "props": {
          "army": 1,
          "count": 1,
          "formation_type": "rows",
          "formation_div": 3,
          "formation_step": [
            2.5,
            2.0
          ],
          "formation_noise": [
            0.1,
            0.1
          ]
        },
        "way": {}
      },
      {
        "name": "t1_art_13",
        "tm": [
          [
            0.0977224,
            -0.00443151,
            0.995205
          ],
          [
            -0.0159614,
            0.999854,
            0.00601939
          ],
          [
            -0.995086,
            -0.0164724,
            0.0976366
          ],
          [
            -17768.6,
            130.893,
            6681.2
          ]
        ],
        "unit_class": "ussr_quest_large_art_noground",
        "objLayer": 1,
        "closed_waypoints": false,
        "isShipSpline": false,
        "shipTurnRadius": 100.0,
        "weapons": "",
        "bullets0": "",
        "bullets1": "",
        "bullets2": "",
        "bullets3": "",
        "bulletsCount0": 0,
        "bulletsCount1": 0,
        "bulletsCount2": 0,
        "bulletsCount3": 0,
        "crewSkillK": 0.0,
        "applyAllMods": false,
        "props": {
          "army": 1,
          "count": 1,
          "formation_type": "rows",
          "formation_div": 3,
          "formation_step": [
            2.5,
            2.0
          ],
          "formation_noise": [
            0.1,
            0.1
          ]
        },
        "way": {}
      },
      {
        "name": "t1_art_14",
        "tm": [
          [
            0.0977224,
            -0.00443151,
            0.995205
          ],
          [
            -0.0159614,
            0.999854,
            0.00601939
          ],
          [
            -0.995086,
            -0.0164724,
            0.0976366
          ],
          [
            -17600.1,
            130.201,
            6671.28
          ]
        ],
        "unit_class": "ussr_quest_large_art_noground",
        "objLayer": 1,
        "closed_waypoints": false,
        "isShipSpline": false,
        "shipTurnRadius": 100.0,
        "weapons": "",
        "bullets0": "",
        "bullets1": "",
        "bullets2": "",
        "bullets3": "",
        "bulletsCount0": 0,
        "bulletsCount1": 0,
        "bulletsCount2": 0,
        "bulletsCount3": 0,
        "crewSkillK": 0.0,
        "applyAllMods": false,
        "props": {
          "army": 1,
          "count": 1,
          "formation_type": "rows",
          "formation_div": 3,
          "formation_step": [
            2.5,
            2.0
          ],
          "formation_noise": [
            0.1,
            0.1
          ]
        },
        "way": {}
      },
      {
        "name": "t1_bunker_08",
        "tm": [
          [
            0.284101,
            -0.000443965,
            0.958794
          ],
          [
            -0.0116746,
            0.999924,
            0.00392168
          ],
          [
            -0.958723,
            -0.0123077,
            0.284074
          ],
          [
            -22814.1,
            77.2533,
            7884.32
          ]
        ],
        "unit_class": "ussr_quest_large_art_noground",
        "objLayer": 1,
        "closed_waypoints": false,
        "isShipSpline": false,
        "shipTurnRadius": 100.0,
        "weapons": "",
        "bullets0": "",
        "bullets1": "",
        "bullets2": "",
        "bullets3": "",
        "bulletsCount0": 0,
        "bulletsCount1": 0,
        "bulletsCount2": 0,
        "bulletsCount3": 0,
        "crewSkillK": 0.0,
        "applyAllMods": false,
        "props": {
          "army": 1,
          "count": 1,
          "formation_type": "rows",
          "formation_div": 3,
          "formation_step": [
            2.5,
            2.0
          ],
          "formation_noise": [
            0.1,
            0.1
          ]
        },
        "way": {}
      },
      {
        "name": "t1_art_15",
        "tm": [
          [
            0.284101,
            -0.000443965,
            0.958794
          ],
          [
            -0.0116746,
            0.999924,
            0.00392168
          ],
          [
            -0.958723,
            -0.0123077,
            0.284074
          ],
          [
            -22904.4,
            72.4583,
            7912.72
          ]
        ],
        "unit_class": "ussr_quest_large_art_noground",
        "objLayer": 1,
        "closed_waypoints": false,
        "isShipSpline": false,
        "shipTurnRadius": 100.0,
        "weapons": "",
        "bullets0": "",
        "bullets1": "",
        "bullets2": "",
        "bullets3": "",
        "bulletsCount0": 0,
        "bulletsCount1": 0,
        "bulletsCount2": 0,
        "bulletsCount3": 0,
        "crewSkillK": 0.0,
        "applyAllMods": false,
        "props": {
          "army": 1,
          "count": 1,
          "formation_type": "rows",
          "formation_div": 3,
          "formation_step": [
            2.5,
            2.0
          ],
          "formation_noise": [
            0.1,
            0.1
          ]
        },
        "way": {}
      },
      {
        "name": "t1_art_16",
        "tm": [
          [
            0.284101,
            -0.000443965,
            0.958794
          ],
          [
            -0.0116746,
            0.999924,
            0.00392168
          ],
          [
            -0.958723,
            -0.0123077,
            0.284074
          ],
          [
            -22740.8,
            71.0873,
            7871.05
          ]
        ],
        "unit_class": "ussr_quest_large_art_noground",
        "objLayer": 1,
        "closed_waypoints": false,
