{
  "selected_tag": "",
  "bin_dump_file": "",
  "mission_settings": {
    "player": {
      "army": 1
    },
    "player_teamB": {
      "army": 2
    },
    "mission": {
      "type": "domination",
      "level": "levels/air_israel.bin",
      "environment": "Day",
      "weather": "hazy"
    }
  },
  "imports": {},
  "triggers": {
    "isCategory": true,
    "is_enabled": true,
    "static_units_rank_03_init": {
      "is_enabled": true,
      "comments": "",
      "props": {
        "actionsType": "PERFORM_ONE_BY_ONE",
        "conditionsType": "ALL",
        "enableAfterComplete": false
      },
      "events": {
        "initMission": {}
      },
      "conditions": {},
      "actions": {
        "comment": [
          {
            "value": "static units"
          },
          {
            "value": "static aaa"
          },
          {
            "value": ""
          }
        ],
        "unitSetProperties": [
          {
            "object": [
              "t1_artillery_squad",
              "t1_bunkers_squad",
              "t2_artillery_squad",
              "t2_bunkers_squad"
            ],
            "accuracy": 0.1,
            "checkVisibilityTarget": false
          },
          {
            "object": [
              "t1_aaa_squad",
              "t2_aaa_squad"
            ],
            "targetGnd": false,
            "accuracy": 0.1,
            "airAccuracy": 0.1,
            "fireRandom": true,
            "targetChangeInterval": 5.0,
            "targetChangeProb": 0.25,
            "DelayAfterShoot": 3.0
          }
        ]
      },
      "else_actions": {}
    }
  },
  "mission_objectives": {
    "isCategory": true,
    "is_enabled": true
  },
  "variables": {},
  "dialogs": {},
  "airfields": {},
  "effects": {},
  "units": {
    "objectGroups": [
      {
        "name": "t1_trench_rank_03_01",
        "tm": [
          [
            0.99652,
            -0.0130641,
            -0.0823103
          ],
          [
            0.0127172,
            0.999908,
            -0.00474403
          ],
          [
            0.0823639,
            0.00368055,
            0.996595
          ],
          [
            -19444.6,
            95.5529,
            6593.99
          ]
        ],
        "unit_class": "dynTrench_small_bunker_axis",
        "objLayer": 2,
        "props": {
          "army": 1,
          "active": true
        }
      },
      {
        "name": "t1_trench_rank_03_02",
        "tm": [
          [
            0.985833,
            0.0911873,
            -0.14078
          ],
          [
            -0.0950244,
            0.995258,
            -0.0207709
          ],
          [
            0.138218,
            0.0338537,
            0.989823
          ],
          [
            -16446.9,
            161.072,
            6129.79
          ]
        ],
        "unit_class": "dynTrench_small_bunker_axis",
        "objLayer": 2,
        "props": {
          "army": 1,
          "active": true
        }
      },
      {
        "name": "t1_trench_rank_03_03",
        "tm": [
          [
            0.957628,
            0.0282228,
            -0.28662
          ],
          [
            -0.0241161,
            0.99955,
            0.0178507
          ],
          [
            0.286994,
            -0.0101823,
            0.957879
          ],
          [
            -22449.1,
            63.191,
            7339.98
          ]
        ],
        "unit_class": "dynTrench_small_bunker_axis",
        "objLayer": 2,
        "props": {
          "army": 1,
          "active": true
        }
      },
      {
        "name": "t1_trench_rank_03_04",
        "tm": [
          [
            0.993399,
            -0.00166184,
            0.114703
          ],
          [
            0.00594322,
            0.999298,
            -0.0369931
          ],
          [
            -0.11456,
            0.0374306,
            0.992711
          ],
          [
            -13600.9,
            228.367,
            6393.11
          ]
        ],
        "unit_class": "dynTrench_small_bunker_axis",
        "objLayer": 2,
        "props": {
          "army": 1,
          "active": true
        }
      },
      {
        "name": "t1_trench_rank_03_05",
        "tm": [
          [
            0.993982,
            -0.107901,
            0.0189373
          ],
          [
            0.103223,
            0.980371,
            0.167977
          ],
          [
            -0.0366904,
            -0.165011,
            0.98561
          ],
          [
            -14817.7,
            319.047,
            6282.29
          ]
        ],
        "unit_class": "dynTrench_small_bunker_axis",
        "objLayer": 2,
        "props": {
          "army": 1,
          "active": true
        }
      },
      {
        "name": "t1_trench_rank_03_06",
        "tm": [
          [
            0.951804,
            -0.00830695,
            -0.306596
          ],
          [
            0.00583489,
            0.999943,
            -0.00897952
          ],
          [
            0.306652,
            0.00675775,
            0.951797
          ],
          [
            -20952.8,
            74.8465,
            6908.58
          ]
        ],
        "unit_class": "dynTrench_small_bunker_axis",
        "objLayer": 2,
        "props": {
          "army": 1,
          "active": true
        }
      },
      {
        "name": "t1_trench_rank_03_07",
        "tm": [
          [
            0.972676,
            0.0187251,
            -0.231408
          ],
          [
            -0.00458515,
            0.998097,
            0.0614932
          ],
          [
            0.232119,
            -0.058752,
            0.970911
          ],
          [
            -17677.0,
            126.158,
            6349.56
          ]
        ],
        "unit_class": "dynTrench_small_bunker_axis",
        "objLayer": 2,
        "props": {
          "army": 1,
          "active": true
        }
      },
      {
        "name": "t1_trench_rank_03_08",
        "tm": [
          [
            0.906541,
            0.0162467,
            -0.421805
          ],
          [
            -0.0146541,
            0.999868,
            0.00701757
          ],
          [
            0.421864,
            -0.000181237,
            0.906659
          ],
          [
            -23735.3,
            67.8647,
            7934.33
          ]
        ],
        "unit_class": "dynTrench_small_bunker_axis",
        "objLayer": 2,
        "props": {
          "army": 1,
          "active": true
        }
      },
      {
        "name": "t2_trench_rank_03_01",
        "tm": [
          [
            -0.997742,
            -0.0294365,
            0.0603619
          ],
          [
            -0.0298545,
            0.999536,
            -0.00603167
          ],
          [
            -0.0601559,
            -0.0078199,
            -0.998158
          ],
          [
            -19017.5,
            140.231,
            9417.45
          ]
        ],
        "unit_class": "dynTrench_small_bunker_axis",
        "objLayer": 2,
        "props": {
          "army": 2,
          "active": true
        }
      },
      {
        "name": "t2_trench_rank_03_02",
        "tm": [
          [
            -0.998573,
            -0.0058164,
            0.0530936
          ],
          [
            -0.00662043,
            0.999865,
            -0.0149914
          ],
          [
            -0.0529996,
            -0.0153217,
            -0.998477
          ],
          [
            -20568.0,
            110.832,
            9520.16
          ]
        ],
        "unit_class": "dynTrench_small_bunker_axis",
        "objLayer": 2,
        "props": {
          "army": 2,
          "active": true
        }
      },
      {
        "name": "t2_trench_rank_03_03",
        "tm": [
          [
            -0.942231,
            0.0110555,
            -0.334786
          ],
          [
            0.0147757,
            0.999854,
            -0.0085685
          ],
          [
            0.334643,
            -0.0130202,
            -0.942256
          ],
          [
            -23440.9,
            70.0823,
            9335.55
          ]
        ],
        "unit_class": "dynTrench_small_bunker_axis",
        "objLayer": 2,
        "props": {
          "army": 2,
          "active": true
        }
      },
      {
        "name": "t2_trench_rank_03_04",
        "tm": [
          [
            -0.99703,
            -0.0343468,
            0.068923
          ],
          [
            -0.036703,
            0.998774,
            -0.0332141
          ],
          [
            -0.0676962,
            -0.0356456,
            -0.997069
          ],
          [
            -17257.0,
            164.737,
            9105.0
          ]
        ],
        "unit_class": "dynTrench_small_bunker_axis",
        "objLayer": 2,
        "props": {
          "army": 2,
          "active": true
        }
      },
      {
        "name": "t2_trench_rank_03_05",
        "tm": [
          [
            -0.919419,
            -0.0390748,
            0.391333
          ],
          [
            -0.0374343,
            0.999229,
            0.0118231
          ],
          [
            -0.391493,
            -0.00377875,
            -0.920173
          ],
          [
            -13296.7,
            237.734,
            8059.13
          ]
        ],
        "unit_class": "dynTrench_small_bunker_axis",
        "objLayer": 2,
        "props": {
          "army": 2,
          "active": true
        }
      },
      {
        "name": "t2_trench_rank_03_06",
        "tm": [
          [
            -0.927966,
            -0.0596552,
            0.367862
          ],
          [
            -0.0642336,
            0.997934,
            -0.000202194
          ],
          [
            -0.36709,
            -0.0238167,
            -0.929881
          ],
          [
            -14539.6,
            195.371,
            8488.84
          ]
        ],
        "unit_class": "dynTrench_small_bunker_axis",
        "objLayer": 2,
        "props": {
          "army": 2,
          "active": true
        }
      },
      {
        "name": "t2_trench_rank_03_07",
        "tm": [
          [
            -0.999837,
            -0.0178676,
            0.00287454
          ],
          [
            -0.0178563,
            0.999833,
            0.00373227
          ],
          [
            -0.00294036,
            0.00367994,
            -0.999988
          ],
          [
            -22111.6,
            89.3789,
            9416.04
          ]
        ],
        "unit_class": "dynTrench_small_bunker_axis",
        "objLayer": 2,
        "props": {
          "army": 2,
          "active": true
        }
      },
      {
        "name": "t2_trench_rank_03_08",
        "tm": [
          [
            -0.997557,
            0.0140381,
            0.068441
          ],
          [
            0.0123803,
            0.99962,
            -0.02459
          ],
          [
            -0.0687603,
            -0.0236825,
            -0.997352
          ],
          [
            -15898.4,
            193.565,
            8880.03
          ]
        ],
        "unit_class": "dynTrench_small_bunker_axis",
        "objLayer": 2,
        "props": {
          "army": 2,
          "active": true
        }
      }
    ],
    "structures": [
      {
        "name": "t1_bunker_01",
        "tm": [
          [
            -0.0650988,
            0.00556219,
            0.997863
          ],
          [
            0.0127172,
            0.999908,
            -0.00474403
          ],
          [
            -0.997797,
            0.0123815,
            -0.0651636
          ],
          [
            -19432.8,
            108.009,
            6602.6
          ]
        ],
        "unit_class": "ussr_quest_large_art_noground",
        "objLayer": 1,
        "closed_waypoints": false,
        "isShipSpline": false,
        "shipTurnRadius": 100.0,
        "weapons": "",
        "bullets0": "",
        "bullets1": "",
        "bullets2": "",
        "bullets3": "",
        "bulletsCount0": 0,
        "bulletsCount1": 0,
        "bulletsCount2": 0,
        "bulletsCount3": 0,
        "crewSkillK": 0.0,
        "applyAllMods": false,
        "props": {
          "army": 1,
          "count": 1,
          "formation_type": "rows",
          "formation_div": 3,
          "formation_step": [
            2.5,
            2.0
          ],
          "formation_noise": [
            0.1,
            0.1
          ]
        },
        "way": {}
      },
      {
        "name": "t1_art_01",
        "tm": [
          [
            -0.0650988,
            0.00556219,
            0.997863
          ],
          [
            0.0127172,
            0.999908,
            -0.00474403
          ],
          [
            -0.997797,
            0.0123815,
            -0.0651636
          ],
          [
            -19527.4,
            105.559,
            6598.03
          ]
        ],
        "unit_class": "ussr_quest_large_art_noground",
        "objLayer": 1,
        "closed_waypoints": false,
        "isShipSpline": false,
        "shipTurnRadius": 100.0,
        "weapons": "",
        "bullets0": "",
        "bullets1": "",
        "bullets2": "",
        "bullets3": "",
        "bulletsCount0": 0,
        "bulletsCount1": 0,
        "bulletsCount2": 0,
        "bulletsCount3": 0,
        "crewSkillK": 0.0,
        "applyAllMods": false,
        "props": {
          "army": 1,
          "count": 1,
          "formation_type": "rows",
          "formation_div": 3,
          "formation_step": [
            2.5,
            2.0
          ],
          "formation_noise": [
            0.1,
            0.1
          ]
        },
        "way": {}
      },
      {
        "name": "t1_art_02",
        "tm": [
          [
            -0.0650988,
            0.00556219,
            0.997863
          ],
          [
            0.0127172,
            0.999908,
            -0.00474403
          ],
          [
            -0.997797,
            0.0123815,
            -0.0651636
          ],
          [
            -19359.6,
            100.07,
            6615.58
          ]
        ],
        "unit_class": "ussr_quest_large_art_noground",
        "objLayer": 1,
        "closed_waypoints": false,
        "isShipSpline": false,
        "shipTurnRadius": 100.0,
        "weapons": "",
        "bullets0": "",
        "bullets1": "",
        "bullets2": "",
        "bullets3": "",
        "bulletsCount0": 0,
        "bulletsCount1": 0,
        "bulletsCount2": 0,
        "bulletsCount3": 0,
        "crewSkillK": 0.0,
        "applyAllMods": false,
        "props": {
          "army": 1,
          "count": 1,
          "formation_type": "rows",
          "formation_div": 3,
          "formation_step": [
            2.5,
            2.0
          ],
          "formation_noise": [
            0.1,
            0.1
          ]
        },
        "way": {}
      },
      {
        "name": "t1_bunker_02",
        "tm": [
          [
            -0.00828233,
            0.0200734,
            0.999764
          ],
          [
            -0.0950244,
            0.995258,
            -0.0207709
          ],
          [
            -0.995441,
            -0.0951748,
            -0.00633543
          ],
          [
            -16435.9,
            174.904,
            6137.46
          ]
        ],
        "unit_class": "ussr_quest_large_art_noground",
        "objLayer": 1,
        "closed_waypoints": false,
        "isShipSpline": false,
        "shipTurnRadius": 100.0,
        "weapons": "",
        "bullets0": "",
        "bullets1": "",
        "bullets2": "",
        "bullets3": "",
        "bulletsCount0": 0,
        "bulletsCount1": 0,
        "bulletsCount2": 0,
        "bulletsCount3": 0,
        "crewSkillK": 0.0,
        "applyAllMods": false,
        "props": {
          "army": 1,
          "count": 1,
          "formation_type": "rows",
          "formation_div": 3,
          "formation_step": [
            2.5,
            2.0
          ],
          "formation_noise": [
            0.1,
            0.1
          ]
        },
        "way": {}
      },
      {
        "name": "t1_art_03",
        "tm": [
          [
            -0.00828233,
            0.0200734,
            0.999764
          ],
          [
            -0.0950244,
            0.995258,
            -0.0207709
          ],
          [
            -0.995441,
            -0.0951748,
            -0.00633543
          ],
          [
            -16529.9,
            162.305,
            6138.56
          ]
        ],
        "unit_class": "ussr_quest_large_art_noground",
        "objLayer": 1,
        "closed_waypoints": false,
        "isShipSpline": false,
        "shipTurnRadius": 100.0,
        "weapons": "",
        "bullets0": "",
        "bullets1": "",
        "bullets2": "",
        "bullets3": "",
        "bulletsCount0": 0,
        "bulletsCount1": 0,
        "bulletsCount2": 0,
        "bulletsCount3": 0,
        "crewSkillK": 0.0,
        "applyAllMods": false,
        "props": {
          "army": 1,
          "count": 1,
          "formation_type": "rows",
          "formation_div": 3,
          "formation_step": [
            2.5,
            2.0
          ],
          "formation_noise": [
            0.1,
            0.1
          ]
        },
        "way": {}
      },
      {
        "name": "t1_art_04",
        "tm": [
          [
            -0.00828233,
            0.0200734,
            0.999764
          ],
          [
            -0.0950244,
            0.995258,
            -0.0207709
          ],
          [
            -0.995441,
            -0.0951748,
            -0.00633543
          ],
          [
            -16361.8,
            175.057,
            6146.19
          ]
        ],
        "unit_class": "ussr_quest_large_art_noground",
        "objLayer": 1,
        "closed_waypoints": false,
        "isShipSpline": false,
        "shipTurnRadius": 100.0,
        "weapons": "",
        "bullets0": "",
        "bullets1": "",
        "bullets2": "",
        "bullets3": "",
        "bulletsCount0": 0,
        "bulletsCount1": 0,
        "bulletsCount2": 0,
        "bulletsCount3": 0,
        "crewSkillK": 0.0,
        "applyAllMods": false,
        "props": {
          "army": 1,
          "count": 1,
          "formation_type": "rows",
          "formation_div": 3,
          "formation_step": [
            2.5,
            2.0
          ],
          "formation_noise": [
            0.1,
            0.1
          ]
        },
        "way": {}
      },
      {
        "name": "t1_bunker_03",
        "tm": [
          [
            0.143025,
            -0.0142227,
            0.989618
          ],
          [
            -0.0241161,
            0.99955,
            0.0178507
          ],
          [
            -0.989425,
            -0.026419,
            0.142616
          ],
          [
            -22436.2,
            75.965,
            7346.33
          ]
        ],
        "unit_class": "ussr_quest_large_art_noground",
        "objLayer": 1,
        "closed_waypoints": false,
        "isShipSpline": false,
        "shipTurnRadius": 100.0,
        "weapons": "",
        "bullets0": "",
        "bullets1": "",
        "bullets2": "",
        "bullets3": "",
        "bulletsCount0": 0,
        "bulletsCount1": 0,
        "bulletsCount2": 0,
        "bulletsCount3": 0,
        "crewSkillK": 0.0,
        "applyAllMods": false,
        "props": {
          "army": 1,
          "count": 1,
          "formation_type": "rows",
          "formation_div": 3,
          "formation_step": [
            2.5,
            2.0
          ],
          "formation_noise": [
            0.1,
            0.1
          ]
        },
        "way": {}
      },
      {
        "name": "t1_art_05",
        "tm": [
          [
            0.143025,
            -0.0142227,
            0.989618
          ],
          [
            -0.0241161,
            0.99955,
            0.0178507
          ],
          [
            -0.989425,
            -0.026419,
            0.142616
          ],
          [
            -22529.6,
            69.8037,
            7361.27
          ]
        ],
        "unit_class": "ussr_quest_large_art_noground",
        "objLayer": 1,
        "closed_waypoints": false,
        "isShipSpline": false,
        "shipTurnRadius": 100.0,
        "weapons": "",
        "bullets0": "",
        "bullets1": "",
        "bullets2": "",
        "bullets3": "",
        "bulletsCount0": 0,
        "bulletsCount1": 0,
        "bulletsCount2": 0,
        "bulletsCount3": 0,
        "crewSkillK": 0.0,
        "applyAllMods": false,
        "props": {
          "army": 1,
          "count": 1,
          "formation_type": "rows",
          "formation_div": 3,
          "formation_step": [
            2.5,
            2.0
          ],
          "formation_noise": [
            0.1,
            0.1
          ]
        },
        "way": {}
      },
      {
        "name": "t1_art_06",
        "tm": [
          [
            0.143025,
            -0.0142227,
            0.989618
          ],
          [
            -0.0241161,
            0.99955,
            0.0178507
          ],
          [
            -0.989425,
            -0.026419,
            0.142616
          ],
          [
            -22361.7,
            70.7253,
            7343.67
          ]
        ],
        "unit_class": "ussr_quest_large_art_noground",
        "objLayer": 1,
        "closed_waypoints": false,
        "isShipSpline": false,
        "shipTurnRadius": 100.0,
        "weapons": "",
        "bullets0": "",
        "bullets1": "",
        "bullets2": "",
        "bullets3": "",
        "bulletsCount0": 0,
        "bulletsCount1": 0,
        "bulletsCount2": 0,
        "bulletsCount3": 0,
        "crewSkillK": 0.0,
        "applyAllMods": false,
        "props": {
          "army": 1,
          "count": 1,
          "formation_type": "rows",
          "formation_div": 3,
          "formation_step": [
            2.5,
            2.0
          ],
          "formation_noise": [
            0.1,
            0.1
          ]
        },
        "way": {}
      },
      {
        "name": "t1_bunker_04",
        "tm": [
          [
            -0.259423,
            0.037268,
            0.965045
          ],
          [
            0.00594322,
            0.999298,
            -0.0369931
          ],
          [
            -0.965745,
            -0.00386136,
            -0.259462
          ],
          [
            -13590.9,
            241.252,
            6403.32
          ]
        ],
        "unit_class": "ussr_quest_large_art_noground",
        "objLayer": 1,
        "closed_waypoints": false,
        "isShipSpline": false,
        "shipTurnRadius": 100.0,
        "weapons": "",
        "bullets0": "",
        "bullets1": "",
        "bullets2": "",
        "bullets3": "",
        "bulletsCount0": 0,
        "bulletsCount1": 0,
        "bulletsCount2": 0,
        "bulletsCount3": 0,
        "crewSkillK": 0.0,
        "applyAllMods": false,
        "props": {
          "army": 1,
          "count": 1,
          "formation_type": "rows",
          "formation_div": 3,
          "formation_step": [
            2.5,
            2.0
          ],
          "formation_noise": [
            0.1,
            0.1
          ]
        },
        "way": {}
      },
      {
        "name": "t1_art_07",
        "tm": [
          [
            -0.259423,
            0.037268,
            0.965045
          ],
          [
            0.00594322,
            0.999298,
            -0.0369931
          ],
          [
            -0.965745,
            -0.00386136,
            -0.259462
          ],
          [
            -13683.0,
            237.322,
            6380.45
          ]
        ],
        "unit_class": "ussr_quest_large_art_noground",
        "objLayer": 1,
        "closed_waypoints": false,
        "isShipSpline": false,
        "shipTurnRadius": 100.0,
        "weapons": "",
        "bullets0": "",
        "bullets1": "",
        "bullets2": "",
        "bullets3": "",
        "bulletsCount0": 0,
        "bulletsCount1": 0,
        "bulletsCount2": 0,
        "bulletsCount3": 0,
        "crewSkillK": 0.0,
        "applyAllMods": false,
        "props": {
          "army": 1,
          "count": 1,
          "formation_type": "rows",
          "formation_div": 3,
          "formation_step": [
            2.5,
            2.0
          ],
          "formation_noise": [
            0.1,
            0.1
          ]
        },
        "way": {}
      },
      {
        "name": "t1_art_08",
        "tm": [
          [
            -0.259423,
            0.037268,
            0.965045
          ],
          [
            0.00594322,
            0.999298,
            -0.0369931
          ],
          [
            -0.965745,
            -0.00386136,
            -0.259462
          ],
          [
            -13521.8,
            234.768,
            6430.65
          ]
        ],
        "unit_class": "ussr_quest_large_art_noground",
        "objLayer": 1,
        "closed_waypoints": false,
        "isShipSpline": false,
        "shipTurnRadius": 100.0,
        "weapons": "",
        "bullets0": "",
        "bullets1": "",
        "bullets2": "",
        "bullets3": "",
        "bulletsCount0": 0,
        "bulletsCount1": 0,
        "bulletsCount2": 0,
        "bulletsCount3": 0,
        "crewSkillK": 0.0,
        "applyAllMods": false,
        "props": {
          "army": 1,
          "count": 1,
          "formation_type": "rows",
          "formation_div": 3,
          "formation_step": [
            2.5,
            2.0
          ],
          "formation_noise": [
            0.1,
            0.1
          ]
        },
        "way": {}
      },
      {
        "name": "t1_bunker_05",
        "tm": [
          [
            -0.182485,
            -0.147347,
            0.972105
          ],
          [
            0.103223,
            0.980371,
            0.167977
          ],
          [
            -0.977775,
            0.130997,
            -0.163694
          ],
          [
            -14805.8,
            328.606,
            6294.01
          ]
        ],
        "unit_class": "ussr_quest_large_art_noground",
        "objLayer": 1,
        "closed_waypoints": false,
        "isShipSpline": false,
        "shipTurnRadius": 100.0,
        "weapons": "",
        "bullets0": "",
        "bullets1": "",
        "bullets2": "",
        "bullets3": "",
        "bulletsCount0": 0,
        "bulletsCount1": 0,
        "bulletsCount2": 0,
        "bulletsCount3": 0,
        "crewSkillK": 0.0,
        "applyAllMods": false,
        "props": {
          "army": 1,
          "count": 1,
          "formation_type": "rows",
          "formation_div": 3,
          "formation_step": [
            2.5,
            2.0
          ],
          "formation_noise": [
            0.1,
            0.1
          ]
        },
        "way": {}
      },
      {
        "name": "t1_art_09",
        "tm": [
          [
            -0.182485,
            -0.147347,
            0.972105
          ],
          [
            0.103223,
            0.980371,
            0.167977
          ],
          [
            -0.977775,
            0.130997,
            -0.163694
          ],
          [
            -14899.2,
            337.211,
            6279.51
          ]
        ],
        "unit_class": "ussr_quest_large_art_noground",
        "objLayer": 1,
        "closed_waypoints": false,
        "isShipSpline": false,
        "shipTurnRadius": 100.0,
        "weapons": "",
        "bullets0": "",
        "bullets1": "",
        "bullets2": "",
        "bullets3": "",
        "bulletsCount0": 0,
        "bulletsCount1": 0,
        "bulletsCount2": 0,
        "bulletsCount3": 0,
        "crewSkillK": 0.0,
        "applyAllMods": false,
        "props": {
          "army": 1,
          "count": 1,
          "formation_type": "rows",
          "formation_div": 3,
          "formation_step": [
            2.5,
            2.0
          ],
          "formation_noise": [
            0.1,
            0.1
          ]
        },
        "way": {}
      },
      {
        "name": "t1_art_10",
        "tm": [
          [
            -0.182485,
            -0.147347,
            0.972105
          ],
          [
            0.103223,
            0.980371,
            0.167977
          ],
          [
            -0.977775,
            0.130997,
            -0.163694
          ],
          [
            -14735.8,
            310.784,
            6312.87
          ]
        ],
        "unit_class": "ussr_quest_large_art_noground",
        "objLayer": 1,
        "closed_waypoints": false,
        "isShipSpline": false,
        "shipTurnRadius": 100.0,
        "weapons": "",
        "bullets0": "",
        "bullets1": "",
        "bullets2": "",
        "bullets3": "",
        "bulletsCount0": 0,
        "bulletsCount1": 0,
        "bulletsCount2": 0,
        "bulletsCount3": 0,
        "crewSkillK": 0.0,
        "applyAllMods": false,
        "props": {
          "army": 1,
          "count": 1,
          "formation_type": "rows",
          "formation_div": 3,
          "formation_step": [
            2.5,
            2.0
          ],
          "formation_noise": [
            0.1,
            0.1
          ]
        },
        "way": {}
      },
      {
        "name": "t1_bunker_06",
        "tm": [
          [
            0.163326,
            0.00790562,
            0.986539
          ],
          [
            0.00583489,
            0.999943,
            -0.00897952
          ],
          [
            -0.986556,
            0.00722329,
            0.163271
          ],
          [
            -20939.3,
            87.3815,
            6914.17
          ]
        ],
        "unit_class": "ussr_quest_large_art_noground",
        "objLayer": 1,
        "closed_waypoints": false,
        "isShipSpline": false,
        "shipTurnRadius": 100.0,
        "weapons": "",
        "bullets0": "",
        "bullets1": "",
        "bullets2": "",
        "bullets3": "",
        "bulletsCount0": 0,
        "bulletsCount1": 0,
        "bulletsCount2": 0,
        "bulletsCount3": 0,
        "crewSkillK": 0.0,
        "applyAllMods": false,
        "props": {
          "army": 1,
          "count": 1,
          "formation_type": "rows",
          "formation_div": 3,
          "formation_step": [
            2.5,
            2.0
          ],
          "formation_noise": [
            0.1,
            0.1
          ]
        },
        "way": {}
      },
      {
        "name": "t1_art_11",
        "tm": [
          [
            0.163326,
            0.00790562,
            0.986539
          ],
          [
            0.00583489,
            0.999943,
            -0.00897952
          ],
          [
            -0.986556,
            0.00722329,
            0.163271
          ],
          [
            -21032.5,
            84.4455,
            6931.29
          ]
        ],
        "unit_class": "ussr_quest_large_art_noground",
        "objLayer": 1,
        "closed_waypoints": false,
        "isShipSpline": false,
        "shipTurnRadius": 100.0,
        "weapons": "",
        "bullets0": "",
        "bullets1": "",
        "bullets2": "",
        "bullets3": "",
        "bulletsCount0": 0,
        "bulletsCount1": 0,
        "bulletsCount2": 0,
        "bulletsCount3": 0,
        "crewSkillK": 0.0,
        "applyAllMods": false,
        "props": {
          "army": 1,
          "count": 1,
          "formation_type": "rows",
          "formation_div": 3,
          "formation_step": [
            2.5,
            2.0
          ],
          "formation_noise": [
            0.1,
            0.1
          ]
        },
        "way": {}
      },
      {
        "name": "t1_art_12",
        "tm": [
          [
            0.163326,
            0.00790562,
            0.986539
          ],
          [
            0.00583489,
            0.999943,
            -0.00897952
          ],
          [
            -0.986556,
            0.00722329,
            0.163271
          ],
          [
            -20865.1,
            79.8366,
            6910.19
          ]
        ],
        "unit_class": "ussr_quest_large_art_noground",
        "objLayer": 1,
        "closed_waypoints": false,
        "isShipSpline": false,
        "shipTurnRadius": 100.0,
        "weapons": "",
        "bullets0": "",
        "bullets1": "",
        "bullets2": "",
        "bullets3": "",
        "bulletsCount0": 0,
        "bulletsCount1": 0,
        "bulletsCount2": 0,
        "bulletsCount3": 0,
        "crewSkillK": 0.0,
        "applyAllMods": false,
        "props": {
          "army": 1,
          "count": 1,
          "formation_type": "rows",
          "formation_div": 3,
          "formation_step": [
            2.5,
            2.0
          ],
          "formation_noise": [
            0.1,
            0.1
          ]
        },
        "way": {}
      },
      {
        "name": "t1_bunker_07",
        "tm": [
          [
            0.0865326,
            -0.0608672,
            0.994389
          ],
          [
            -0.00458515,
            0.998097,
            0.0614932
          ],
          [
            -0.996238,
            -0.00988035,
            0.0860904
          ],
          [
            -17664.2,
            138.342,
            6357.1
          ]
        ],
        "unit_class": "ussr_quest_large_art_noground",
        "objLayer": 1,
        "closed_waypoints": false,
        "isShipSpline": false,
        "shipTurnRadius": 100.0,
        "weapons": "",
        "bullets0": "",
        "bullets1": "",
        "bullets2": "",
        "bullets3": "",
        "bulletsCount0": 0,
        "bulletsCount1": 0,
        "bulletsCount2": 0,
        "bulletsCount3": 0,
        "crewSkillK": 0.0,
        "applyAllMods": false,
        "props": {
          "army": 1,
          "count": 1,
          "formation_type": "rows",
          "formation_div": 3,
          "formation_step": [
            2.5,
            2.0
          ],
          "formation_noise": [
            0.1,
            0.1
          ]
        },
        "way": {}
      },
      {
        "name": "t1_art_13",
        "tm": [
          [
            0.0865326,
            -0.0608672,
            0.994389
          ],
          [
            -0.00458515,
            0.998097,
            0.0614932
          ],
          [
            -0.996238,
            -0.00988035,
            0.0860904
          ],
          [
            -17758.4,
            133.679,
            6366.6
          ]
        ],
        "unit_class": "ussr_quest_large_art_noground",
        "objLayer": 1,
        "closed_waypoints": false,
        "isShipSpline": false,
        "shipTurnRadius": 100.0,
        "weapons": "",
        "bullets0": "",
        "bullets1": "",
        "bullets2": "",
        "bullets3": "",
        "bulletsCount0": 0,
        "bulletsCount1": 0,
        "bulletsCount2": 0,
        "bulletsCount3": 0,
        "crewSkillK": 0.0,
        "applyAllMods": false,
        "props": {
          "army": 1,
          "count": 1,
          "formation_type": "rows",
          "formation_div": 3,
          "formation_step": [
            2.5,
            2.0
          ],
          "formation_noise": [
            0.1,
            0.1
          ]
        },
        "way": {}
      },
      {
        "name": "t1_art_14",
        "tm": [
          [
            0.0865326,
            -0.0608672,
            0.994389
          ],
          [
            -0.00458515,
            0.998097,
            0.0614932
          ],
          [
            -0.996238,
            -0.00988035,
            0.0860904
          ],
          [
            -17589.8,
            131.509,
            6358.42
          ]
        ],
        "unit_class": "ussr_quest_large_art_noground",
        "objLayer": 1,
        "closed_waypoints": false,
        "isShipSpline": false,
        "shipTurnRadius": 100.0,
        "weapons": "",
        "bullets0": "",
        "bullets1": "",
        "bullets2": "",
        "bullets3": "",
        "bulletsCount0": 0,
        "bulletsCount1": 0,
        "bulletsCount2": 0,
        "bulletsCount3": 0,
        "crewSkillK": 0.0,
        "applyAllMods": false,
        "props": {
          "army": 1,
          "count": 1,
          "formation_type": "rows",
          "formation_div": 3,
          "formation_step": [
            2.5,
            2.0
          ],
          "formation_noise": [
            0.1,
            0.1
          ]
        },
        "way": {}
      },
      {
        "name": "t1_bunker_08",
        "tm": [
          [
            0.283942,
            -0.00256878,
            0.958838
          ],
          [
            -0.0146541,
            0.999868,
            0.00701757
          ],
          [
            -0.95873,
            -0.0160437,
            0.283866
          ],
          [
            -23721.5,
            80.6026,
            7938.48
          ]
        ],
        "unit_class": "ussr_quest_large_art_noground",
        "objLayer": 1,
        "closed_waypoints": false,
        "isShipSpline": false,
        "shipTurnRadius": 100.0,
        "weapons": "",
        "bullets0": "",
        "bullets1": "",
        "bullets2": "",
        "bullets3": "",
        "bulletsCount0": 0,
        "bulletsCount1": 0,
        "bulletsCount2": 0,
        "bulletsCount3": 0,
        "crewSkillK": 0.0,
        "applyAllMods": false,
        "props": {
          "army": 1,
          "count": 1,
          "formation_type": "rows",
          "formation_div": 3,
          "formation_step": [
            2.5,
            2.0
          ],
          "formation_noise": [
            0.1,
            0.1
          ]
        },
        "way": {}
      },
      {
        "name": "t1_art_15",
        "tm": [
          [
            0.283942,
            -0.00256878,
            0.958838
          ],
          [
            -0.0146541,
            0.999868,
            0.00701757
          ],
          [
            -0.95873,
            -0.0160437,
            0.283866
          ],
          [
            -23811.8,
            75.4516,
            7966.85
          ]
        ],
        "unit_class": "ussr_quest_large_art_noground",
        "objLayer": 1,
        "closed_waypoints": false,
        "isShipSpline": false,
        "shipTurnRadius": 100.0,
        "weapons": "",
        "bullets0": "",
        "bullets1": "",
        "bullets2": "",
        "bullets3": "",
        "bulletsCount0": 0,
        "bulletsCount1": 0,
        "bulletsCount2": 0,
        "bulletsCount3": 0,
        "crewSkillK": 0.0,
        "applyAllMods": false,
        "props": {
          "army": 1,
          "count": 1,
          "formation_type": "rows",
          "formation_div": 3,
          "formation_step": [
            2.5,
            2.0
          ],
          "formation_noise": [
            0.1,
            0.1
          ]
        },
        "way": {}
      },
      {
        "name": "t1_art_16",
        "tm": [
          [
            0.283942,
            -0.00256878,
            0.958838
          ],
          [
            -0.0146541,
            0.999868,
            0.00701757
          ],
          [
            -0.95873,
            -0.0160437,
            0.283866
          ],
          [
            -23648.2,
            74.6956,
            7925.2
          ]
        ],
        "unit_class": "ussr_quest_large_art_noground",
        "objLayer": 1,
        "closed_waypoints": false,
        "isShipSpline": false,
