{
  "selected_tag": "",
  "bin_dump_file": "",
  "mission_settings": {
    "player": {
      "army": 1
    },
    "player_teamB": {
      "army": 2
    },
    "mission": {
      "type": "domination",
      "level": "levels/air_israel.bin",
      "environment": "Day",
      "weather": "hazy"
    }
  },
  "imports": {},
  "triggers": {
    "isCategory": true,
    "is_enabled": true,
    "static_units_rank_05_init": {
      "is_enabled": true,
      "comments": "",
      "props": {
        "actionsType": "PERFORM_ONE_BY_ONE",
        "conditionsType": "ALL",
        "enableAfterComplete": false
      },
      "events": {
        "initMission": {}
      },
      "conditions": {},
      "actions": {
        "comment": [
          {
            "value": "static units"
          },
          {
            "value": "static aaa"
          },
          {
            "value": ""
          }
        ],
        "unitSetProperties": [
          {
            "object": [
              "t1_artillery_squad",
              "t1_bunkers_squad",
              "t2_artillery_squad",
              "t2_bunkers_squad"
            ],
            "accuracy": 0.1,
            "checkVisibilityTarget": false
          },
          {
            "object": [
              "t1_aaa_squad",
              "t2_aaa_squad"
            ],
            "targetGnd": false,
            "accuracy": 0.1,
            "airAccuracy": 0.1,
            "fireRandom": true,
            "targetChangeInterval": 5.0,
            "targetChangeProb": 0.25,
            "DelayAfterShoot": 3.0
          }
        ]
      },
      "else_actions": {}
    }
  },
  "mission_objectives": {
    "isCategory": true,
    "is_enabled": true
  },
  "variables": {},
  "dialogs": {},
  "airfields": {},
  "effects": {},
  "units": {
    "objectGroups": [
      {
        "name": "t1_trench_rank_05_01",
        "tm": [
          [
            0.997031,
            -0.00613211,
            -0.0767492
          ],
          [
            0.00539494,
            0.999938,
            -0.00981801
          ],
          [
            0.0768037,
            0.00937448,
            0.997002
          ],
          [
            -19726.9,
            101.708,
            5504.92
          ]
        ],
        "unit_class": "dynTrench_small_bunker_axis",
        "objLayer": 2,
        "props": {
          "army": 1,
          "active": true
        }
      },
      {
        "name": "t1_trench_rank_05_02",
        "tm": [
          [
            0.989845,
            0.0161841,
            -0.141226
          ],
          [
            -0.0157798,
            0.999867,
            0.00397599
          ],
          [
            0.14127,
            -0.00170754,
            0.989969
          ],
          [
            -15969.4,
            182.643,
            5142.15
          ]
        ],
        "unit_class": "dynTrench_small_bunker_axis",
        "objLayer": 2,
        "props": {
          "army": 1,
          "active": true
        }
      },
      {
        "name": "t1_trench_rank_05_03",
        "tm": [
          [
            0.947842,
            -0.00436494,
            -0.318708
          ],
          [
            -0.00630273,
            0.999454,
            -0.0324307
          ],
          [
            0.318676,
            0.0327474,
            0.947297
          ],
          [
            -22733.3,
            66.7475,
            6389.94
          ]
        ],
        "unit_class": "dynTrench_small_bunker_axis",
        "objLayer": 2,
        "props": {
          "army": 1,
          "active": true
        }
      },
      {
        "name": "t1_trench_rank_05_04",
        "tm": [
          [
            0.991622,
            -0.0114481,
            0.128668
          ],
          [
            -0.00229263,
            0.994348,
            0.106139
          ],
          [
            -0.129154,
            -0.105545,
            0.985991
          ],
          [
            -12673.2,
            274.758,
            5615.49
          ]
        ],
        "unit_class": "dynTrench_small_bunker_axis",
        "objLayer": 2,
        "props": {
          "army": 1,
          "active": true
        }
      },
      {
        "name": "t1_trench_rank_05_05",
        "tm": [
          [
            0.998402,
            0.0417878,
            0.0380564
          ],
          [
            -0.0414394,
            0.999092,
            -0.0099139
          ],
          [
            -0.0384373,
            0.00832066,
            0.999227
          ],
          [
            -14388.8,
            275.972,
            5258.78
          ]
        ],
        "unit_class": "dynTrench_small_bunker_axis",
        "objLayer": 2,
        "props": {
          "army": 1,
          "active": true
        }
      },
      {
        "name": "t1_trench_rank_05_06",
        "tm": [
          [
            0.95176,
            0.0437928,
            -0.303702
          ],
          [
            -0.0494753,
            0.998715,
            -0.0110377
          ],
          [
            0.302829,
            0.0255308,
            0.952704
          ],
          [
            -21289.9,
            79.9235,
            5943.16
          ]
        ],
        "unit_class": "dynTrench_small_bunker_axis",
        "objLayer": 2,
        "props": {
          "army": 1,
          "active": true
        }
      },
      {
        "name": "t1_trench_rank_05_07",
        "tm": [
          [
            0.969921,
            0.070717,
            -0.232922
          ],
          [
            -0.0823767,
            0.99577,
            -0.040703
          ],
          [
            0.229058,
            0.058666,
            0.971643
          ],
          [
            -17582.1,
            141.957,
            5392.68
          ]
        ],
        "unit_class": "dynTrench_small_bunker_axis",
        "objLayer": 2,
        "props": {
          "army": 1,
          "active": true
        }
      },
      {
        "name": "t1_trench_rank_05_08",
        "tm": [
          [
            0.907215,
            -0.00406445,
            -0.420648
          ],
          [
            0.00559138,
            0.999981,
            0.00239702
          ],
          [
            0.420629,
            -0.00452726,
            0.90722
          ],
          [
            -24264.3,
            62.744,
            7158.75
          ]
        ],
        "unit_class": "dynTrench_small_bunker_axis",
        "objLayer": 2,
        "props": {
          "army": 1,
          "active": true
        }
      },
      {
        "name": "t2_trench_rank_05_01",
        "tm": [
          [
            -0.997239,
            -0.0456424,
            0.0585624
          ],
          [
            -0.0449546,
            0.998904,
            0.01301
          ],
          [
            -0.0590915,
            0.0103417,
            -0.9982
          ],
          [
            -18925.1,
            165.251,
            10461.3
          ]
        ],
        "unit_class": "dynTrench_small_bunker_axis",
        "objLayer": 2,
        "props": {
          "army": 2,
          "active": true
        }
      },
      {
        "name": "t2_trench_rank_05_02",
        "tm": [
          [
            -0.99741,
            -0.0458713,
            0.0553874
          ],
          [
            -0.0461831,
            0.998923,
            -0.00436616
          ],
          [
            -0.0551287,
            -0.00691324,
            -0.998455
          ],
          [
            -20607.6,
            124.381,
            10514.7
          ]
        ],
        "unit_class": "dynTrench_small_bunker_axis",
        "objLayer": 2,
        "props": {
          "army": 2,
          "active": true
        }
      },
      {
        "name": "t2_trench_rank_05_03",
        "tm": [
          [
            -0.942735,
            -0.00696117,
            -0.333472
          ],
          [
            0.00995854,
            0.998749,
            -0.0490024
          ],
          [
            0.333396,
            -0.0495172,
            -0.941486
          ],
          [
            -24019.1,
            60.796,
            10032.0
          ]
        ],
        "unit_class": "dynTrench_small_bunker_axis",
        "objLayer": 2,
        "props": {
          "army": 2,
          "active": true
        }
      },
      {
        "name": "t2_trench_rank_05_04",
        "tm": [
          [
            -0.929891,
            -0.019288,
            0.367328
          ],
          [
            -0.0327059,
            0.999004,
            -0.0303389
          ],
          [
            -0.366377,
            -0.0402265,
            -0.929597
          ],
          [
            -17340.7,
            200.298,
            10247.2
          ]
        ],
        "unit_class": "dynTrench_small_bunker_axis",
        "objLayer": 2,
        "props": {
          "army": 2,
          "active": true
        }
      },
      {
        "name": "t2_trench_rank_05_05",
        "tm": [
          [
            -0.918365,
            -0.0147802,
            0.395458
          ],
          [
            -0.0319336,
            0.998811,
            -0.0368285
          ],
          [
            -0.394444,
            -0.0464503,
            -0.917747
          ],
          [
            -12399.9,
            292.272,
            8534.68
          ]
        ],
        "unit_class": "dynTrench_small_bunker_axis",
        "objLayer": 2,
        "props": {
          "army": 2,
          "active": true
        }
      },
      {
        "name": "t2_trench_rank_05_06",
        "tm": [
          [
            -0.930375,
            0.0809504,
            0.357562
          ],
          [
            0.0666067,
            0.996409,
            -0.0522718
          ],
          [
            -0.36051,
            -0.0248165,
            -0.932426
          ],
          [
            -14117.9,
            248.471,
            9325.7
          ]
        ],
        "unit_class": "dynTrench_small_bunker_axis",
        "objLayer": 2,
        "props": {
          "army": 2,
          "active": true
        }
      },
      {
        "name": "t2_trench_rank_05_07",
        "tm": [
          [
            -0.999991,
            0.0033718,
            0.00253743
          ],
          [
            0.00331585,
            0.999756,
            -0.021821
          ],
          [
            -0.00261092,
            -0.0218136,
            -0.999758
          ],
          [
            -22195.8,
            91.8291,
            10483.4
          ]
        ],
        "unit_class": "dynTrench_small_bunker_axis",
        "objLayer": 2,
        "props": {
          "army": 2,
          "active": true
        }
      },
      {
        "name": "t2_trench_rank_05_08",
        "tm": [
          [
            -0.951327,
            0.0519889,
            0.303766
          ],
          [
            0.0560704,
            0.998415,
            0.00472179
          ],
          [
            -0.30304,
            0.0215245,
            -0.952735
          ],
          [
            -15592.7,
            266.815,
            9817.47
          ]
        ],
        "unit_class": "dynTrench_small_bunker_axis",
        "objLayer": 2,
        "props": {
          "army": 2,
          "active": true
        }
      }
    ],
    "structures": [
      {
        "name": "t1_bunker_01",
        "tm": [
          [
            -0.0706742,
            0.0101746,
            0.997447
          ],
          [
            0.00539494,
            0.999938,
            -0.00981801
          ],
          [
            -0.997485,
            0.00468752,
            -0.0707258
          ],
          [
            -19715.3,
            114.295,
            5513.54
          ]
        ],
        "unit_class": "ussr_quest_large_art_noground",
        "objLayer": 1,
        "closed_waypoints": false,
        "isShipSpline": false,
        "shipTurnRadius": 100.0,
        "weapons": "",
        "bullets0": "",
        "bullets1": "",
        "bullets2": "",
        "bullets3": "",
        "bulletsCount0": 0,
        "bulletsCount1": 0,
        "bulletsCount2": 0,
        "bulletsCount3": 0,
        "crewSkillK": 0.0,
        "applyAllMods": false,
        "props": {
          "army": 1,
          "count": 1,
          "formation_type": "rows",
          "formation_div": 3,
          "formation_step": [
            2.5,
            2.0
          ],
          "formation_noise": [
            0.1,
            0.1
          ]
        },
        "way": {}
      },
      {
        "name": "t1_art_01",
        "tm": [
          [
            -0.0706742,
            0.0101746,
            0.997447
          ],
          [
            0.00539494,
            0.999938,
            -0.00981801
          ],
          [
            -0.997485,
            0.00468752,
            -0.0707258
          ],
          [
            -19809.9,
            111.121,
            5508.45
          ]
        ],
        "unit_class": "ussr_quest_large_art_noground",
        "objLayer": 1,
        "closed_waypoints": false,
        "isShipSpline": false,
        "shipTurnRadius": 100.0,
        "weapons": "",
        "bullets0": "",
        "bullets1": "",
        "bullets2": "",
        "bullets3": "",
        "bulletsCount0": 0,
        "bulletsCount1": 0,
        "bulletsCount2": 0,
        "bulletsCount3": 0,
        "crewSkillK": 0.0,
        "applyAllMods": false,
        "props": {
          "army": 1,
          "count": 1,
          "formation_type": "rows",
          "formation_div": 3,
          "formation_step": [
            2.5,
            2.0
          ],
          "formation_noise": [
            0.1,
            0.1
          ]
        },
        "way": {}
      },
      {
        "name": "t1_art_02",
        "tm": [
          [
            -0.0706742,
            0.0101746,
            0.997447
          ],
          [
            0.00539494,
            0.999938,
            -0.00981801
          ],
          [
            -0.997485,
            0.00468752,
            -0.0707258
          ],
          [
            -19642.2,
            106.956,
            5526.95
          ]
        ],
        "unit_class": "ussr_quest_large_art_noground",
        "objLayer": 1,
        "closed_waypoints": false,
        "isShipSpline": false,
        "shipTurnRadius": 100.0,
        "weapons": "",
        "bullets0": "",
        "bullets1": "",
        "bullets2": "",
        "bullets3": "",
        "bulletsCount0": 0,
        "bulletsCount1": 0,
        "bulletsCount2": 0,
        "bulletsCount3": 0,
        "crewSkillK": 0.0,
        "applyAllMods": false,
        "props": {
          "army": 1,
          "count": 1,
          "formation_type": "rows",
          "formation_div": 3,
          "formation_step": [
            2.5,
            2.0
          ],
          "formation_noise": [
            0.1,
            0.1
          ]
        },
        "way": {}
      },
      {
        "name": "t1_bunker_02",
        "tm": [
          [
            -0.00585306,
            -0.00406954,
            0.999975
          ],
          [
            -0.0157798,
            0.999867,
            0.00397599
          ],
          [
            -0.999859,
            -0.015757,
            -0.00591585
          ],
          [
            -15957.4,
            195.366,
            5150.12
          ]
        ],
        "unit_class": "ussr_quest_large_art_noground",
        "objLayer": 1,
        "closed_waypoints": false,
        "isShipSpline": false,
        "shipTurnRadius": 100.0,
        "weapons": "",
        "bullets0": "",
        "bullets1": "",
        "bullets2": "",
        "bullets3": "",
        "bulletsCount0": 0,
        "bulletsCount1": 0,
        "bulletsCount2": 0,
        "bulletsCount3": 0,
        "crewSkillK": 0.0,
        "applyAllMods": false,
        "props": {
          "army": 1,
          "count": 1,
          "formation_type": "rows",
          "formation_div": 3,
          "formation_step": [
            2.5,
            2.0
          ],
          "formation_noise": [
            0.1,
            0.1
          ]
        },
        "way": {}
      },
      {
        "name": "t1_art_03",
        "tm": [
          [
            -0.00585306,
            -0.00406954,
            0.999975
          ],
          [
            -0.0157798,
            0.999867,
            0.00397599
          ],
          [
            -0.999859,
            -0.015757,
            -0.00591585
          ],
          [
            -16052.1,
            190.233,
            5151.16
          ]
        ],
        "unit_class": "ussr_quest_large_art_noground",
        "objLayer": 1,
        "closed_waypoints": false,
        "isShipSpline": false,
        "shipTurnRadius": 100.0,
        "weapons": "",
        "bullets0": "",
        "bullets1": "",
        "bullets2": "",
        "bullets3": "",
        "bulletsCount0": 0,
        "bulletsCount1": 0,
        "bulletsCount2": 0,
        "bulletsCount3": 0,
        "crewSkillK": 0.0,
        "applyAllMods": false,
        "props": {
          "army": 1,
          "count": 1,
          "formation_type": "rows",
          "formation_div": 3,
          "formation_step": [
            2.5,
            2.0
          ],
          "formation_noise": [
            0.1,
            0.1
          ]
        },
        "way": {}
      },
      {
        "name": "t1_art_04",
        "tm": [
          [
            -0.00585306,
            -0.00406954,
            0.999975
          ],
          [
            -0.0157798,
            0.999867,
            0.00397599
          ],
          [
            -0.999859,
            -0.015757,
            -0.00591585
          ],
          [
            -15883.4,
            189.422,
            5158.68
          ]
        ],
        "unit_class": "ussr_quest_large_art_noground",
        "objLayer": 1,
        "closed_waypoints": false,
        "isShipSpline": false,
        "shipTurnRadius": 100.0,
        "weapons": "",
        "bullets0": "",
        "bullets1": "",
        "bullets2": "",
        "bullets3": "",
        "bulletsCount0": 0,
        "bulletsCount1": 0,
        "bulletsCount2": 0,
        "bulletsCount3": 0,
        "crewSkillK": 0.0,
        "applyAllMods": false,
        "props": {
          "army": 1,
          "count": 1,
          "formation_type": "rows",
          "formation_div": 3,
          "formation_step": [
            2.5,
            2.0
          ],
          "formation_noise": [
            0.1,
            0.1
          ]
        },
        "way": {}
      },
      {
        "name": "t1_bunker_03",
        "tm": [
          [
            0.175801,
            0.0330333,
            0.983872
          ],
          [
            -0.00630273,
            0.999454,
            -0.0324307
          ],
          [
            -0.984405,
            -0.00049934,
            0.175914
          ],
          [
            -22720.1,
            79.5772,
            6395.17
          ]
        ],
        "unit_class": "ussr_quest_large_art_noground",
        "objLayer": 1,
        "closed_waypoints": false,
        "isShipSpline": false,
        "shipTurnRadius": 100.0,
        "weapons": "",
        "bullets0": "",
        "bullets1": "",
        "bullets2": "",
        "bullets3": "",
        "bulletsCount0": 0,
        "bulletsCount1": 0,
        "bulletsCount2": 0,
        "bulletsCount3": 0,
        "crewSkillK": 0.0,
        "applyAllMods": false,
        "props": {
          "army": 1,
          "count": 1,
          "formation_type": "rows",
          "formation_div": 3,
          "formation_step": [
            2.5,
            2.0
          ],
          "formation_noise": [
            0.1,
            0.1
          ]
        },
        "way": {}
      },
      {
        "name": "t1_art_05",
        "tm": [
          [
            0.175801,
            0.0330333,
            0.983872
          ],
          [
            -0.00630273,
            0.999454,
            -0.0324307
          ],
          [
            -0.984405,
            -0.00049934,
            0.175914
          ],
          [
            -22812.9,
            75.9438,
            6413.46
          ]
        ],
        "unit_class": "ussr_quest_large_art_noground",
        "objLayer": 1,
        "closed_waypoints": false,
        "isShipSpline": false,
        "shipTurnRadius": 100.0,
        "weapons": "",
        "bullets0": "",
        "bullets1": "",
        "bullets2": "",
        "bullets3": "",
        "bulletsCount0": 0,
        "bulletsCount1": 0,
        "bulletsCount2": 0,
        "bulletsCount3": 0,
        "crewSkillK": 0.0,
        "applyAllMods": false,
        "props": {
          "army": 1,
          "count": 1,
          "formation_type": "rows",
          "formation_div": 3,
          "formation_step": [
            2.5,
            2.0
          ],
          "formation_noise": [
            0.1,
            0.1
          ]
        },
        "way": {}
      },
      {
        "name": "t1_art_06",
        "tm": [
          [
            0.175801,
            0.0330333,
            0.983872
          ],
          [
            -0.00630273,
            0.999454,
            -0.0324307
          ],
          [
            -0.984405,
            -0.00049934,
            0.175914
          ],
          [
            -22645.8,
            72.8057,
            6390.36
          ]
        ],
        "unit_class": "ussr_quest_large_art_noground",
        "objLayer": 1,
        "closed_waypoints": false,
        "isShipSpline": false,
        "shipTurnRadius": 100.0,
        "weapons": "",
        "bullets0": "",
        "bullets1": "",
        "bullets2": "",
        "bullets3": "",
        "bulletsCount0": 0,
        "bulletsCount1": 0,
        "bulletsCount2": 0,
        "bulletsCount3": 0,
        "crewSkillK": 0.0,
        "applyAllMods": false,
        "props": {
          "army": 1,
          "count": 1,
          "formation_type": "rows",
          "formation_div": 3,
          "formation_step": [
            2.5,
            2.0
          ],
          "formation_noise": [
            0.1,
            0.1
          ]
        },
        "way": {}
      },
      {
        "name": "t1_bunker_04",
        "tm": [
          [
            -0.273598,
            -0.102714,
            0.956345
          ],
          [
            -0.00229263,
            0.994348,
            0.106139
          ],
          [
            -0.961842,
            0.0268473,
            -0.272288
          ],
          [
            -12663.6,
            286.122,
            5627.59
          ]
        ],
        "unit_class": "ussr_quest_large_art_noground",
        "objLayer": 1,
        "closed_waypoints": false,
        "isShipSpline": false,
        "shipTurnRadius": 100.0,
        "weapons": "",
        "bullets0": "",
        "bullets1": "",
        "bullets2": "",
        "bullets3": "",
        "bulletsCount0": 0,
        "bulletsCount1": 0,
        "bulletsCount2": 0,
        "bulletsCount3": 0,
        "crewSkillK": 0.0,
        "applyAllMods": false,
        "props": {
          "army": 1,
          "count": 1,
          "formation_type": "rows",
          "formation_div": 3,
          "formation_step": [
            2.5,
            2.0
          ],
          "formation_noise": [
            0.1,
            0.1
          ]
        },
        "way": {}
      },
      {
        "name": "t1_art_07",
        "tm": [
          [
            -0.273598,
            -0.102714,
            0.956345
          ],
          [
            -0.00229263,
            0.994348,
            0.106139
          ],
          [
            -0.961842,
            0.0268473,
            -0.272288
          ],
          [
            -12755.3,
            284.887,
            5602.99
          ]
        ],
        "unit_class": "ussr_quest_large_art_noground",
        "objLayer": 1,
        "closed_waypoints": false,
        "isShipSpline": false,
        "shipTurnRadius": 100.0,
        "weapons": "",
        "bullets0": "",
        "bullets1": "",
        "bullets2": "",
        "bullets3": "",
        "bulletsCount0": 0,
        "bulletsCount1": 0,
        "bulletsCount2": 0,
        "bulletsCount3": 0,
        "crewSkillK": 0.0,
        "applyAllMods": false,
        "props": {
          "army": 1,
          "count": 1,
          "formation_type": "rows",
          "formation_div": 3,
          "formation_step": [
            2.5,
            2.0
          ],
          "formation_noise": [
            0.1,
            0.1
          ]
        },
        "way": {}
      },
      {
        "name": "t1_art_08",
        "tm": [
          [
            -0.273598,
            -0.102714,
            0.956345
          ],
          [
            -0.00229263,
            0.994348,
            0.106139
          ],
          [
            -0.961842,
            0.0268473,
            -0.272288
          ],
          [
            -12594.8,
            276.26,
            5654.79
          ]
        ],
        "unit_class": "ussr_quest_large_art_noground",
        "objLayer": 1,
        "closed_waypoints": false,
        "isShipSpline": false,
        "shipTurnRadius": 100.0,
        "weapons": "",
        "bullets0": "",
        "bullets1": "",
        "bullets2": "",
        "bullets3": "",
        "bulletsCount0": 0,
        "bulletsCount1": 0,
        "bulletsCount2": 0,
        "bulletsCount3": 0,
        "crewSkillK": 0.0,
        "applyAllMods": false,
        "props": {
          "army": 1,
          "count": 1,
          "formation_type": "rows",
          "formation_div": 3,
          "formation_step": [
            2.5,
            2.0
          ],
          "formation_noise": [
            0.1,
            0.1
          ]
        },
        "way": {}
      },
      {
        "name": "t1_bunker_05",
        "tm": [
          [
            -0.184864,
            0.00208392,
            0.982762
          ],
          [
            -0.0414394,
            0.999092,
            -0.0099139
          ],
          [
            -0.981891,
            -0.0425576,
            -0.184608
          ],
          [
            -14378.7,
            289.07,
            5268.6
          ]
        ],
        "unit_class": "ussr_quest_large_art_noground",
        "objLayer": 1,
        "closed_waypoints": false,
        "isShipSpline": false,
        "shipTurnRadius": 100.0,
        "weapons": "",
        "bullets0": "",
        "bullets1": "",
        "bullets2": "",
        "bullets3": "",
        "bulletsCount0": 0,
        "bulletsCount1": 0,
        "bulletsCount2": 0,
        "bulletsCount3": 0,
        "crewSkillK": 0.0,
        "applyAllMods": false,
        "props": {
          "army": 1,
          "count": 1,
          "formation_type": "rows",
          "formation_div": 3,
          "formation_step": [
            2.5,
            2.0
          ],
          "formation_noise": [
            0.1,
            0.1
          ]
        },
        "way": {}
      },
      {
        "name": "t1_art_09",
        "tm": [
          [
            -0.184864,
            0.00208392,
            0.982762
          ],
          [
            -0.0414394,
            0.999092,
            -0.0099139
          ],
          [
            -0.981891,
            -0.0425576,
            -0.184608
          ],
          [
            -14471.9,
            281.402,
            5252.78
          ]
        ],
        "unit_class": "ussr_quest_large_art_noground",
        "objLayer": 1,
        "closed_waypoints": false,
        "isShipSpline": false,
        "shipTurnRadius": 100.0,
        "weapons": "",
        "bullets0": "",
        "bullets1": "",
        "bullets2": "",
        "bullets3": "",
        "bulletsCount0": 0,
        "bulletsCount1": 0,
        "bulletsCount2": 0,
        "bulletsCount3": 0,
        "crewSkillK": 0.0,
        "applyAllMods": false,
        "props": {
          "army": 1,
          "count": 1,
          "formation_type": "rows",
          "formation_div": 3,
          "formation_step": [
            2.5,
            2.0
          ],
          "formation_noise": [
            0.1,
            0.1
          ]
        },
        "way": {}
      },
      {
        "name": "t1_art_10",
        "tm": [
          [
            -0.184864,
            0.00208392,
            0.982762
          ],
          [
            -0.0414394,
            0.999092,
            -0.0099139
          ],
          [
            -0.981891,
            -0.0425576,
            -0.184608
          ],
          [
            -14307.4,
            285.153,
            5290.35
          ]
        ],
        "unit_class": "ussr_quest_large_art_noground",
        "objLayer": 1,
        "closed_waypoints": false,
        "isShipSpline": false,
        "shipTurnRadius": 100.0,
        "weapons": "",
        "bullets0": "",
        "bullets1": "",
        "bullets2": "",
        "bullets3": "",
        "bulletsCount0": 0,
        "bulletsCount1": 0,
        "bulletsCount2": 0,
        "bulletsCount3": 0,
        "crewSkillK": 0.0,
        "applyAllMods": false,
        "props": {
          "army": 1,
          "count": 1,
          "formation_type": "rows",
          "formation_div": 3,
          "formation_step": [
            2.5,
            2.0
          ],
          "formation_noise": [
            0.1,
            0.1
          ]
        },
        "way": {}
      },
      {
        "name": "t1_bunker_06",
        "tm": [
          [
            0.15955,
            0.0188122,
            0.987011
          ],
          [
            -0.0494753,
            0.998715,
            -0.0110377
          ],
          [
            -0.985948,
            -0.0470711,
            0.160277
          ],
          [
            -21277.2,
            93.1928,
            5948.77
          ]
        ],
        "unit_class": "ussr_quest_large_art_noground",
        "objLayer": 1,
        "closed_waypoints": false,
        "isShipSpline": false,
        "shipTurnRadius": 100.0,
        "weapons": "",
        "bullets0": "",
        "bullets1": "",
        "bullets2": "",
        "bullets3": "",
        "bulletsCount0": 0,
        "bulletsCount1": 0,
        "bulletsCount2": 0,
        "bulletsCount3": 0,
        "crewSkillK": 0.0,
        "applyAllMods": false,
        "props": {
          "army": 1,
          "count": 1,
          "formation_type": "rows",
          "formation_div": 3,
          "formation_step": [
            2.5,
            2.0
          ],
          "formation_noise": [
            0.1,
            0.1
          ]
        },
        "way": {}
      },
      {
        "name": "t1_art_11",
        "tm": [
          [
            0.15955,
            0.0188122,
            0.987011
          ],
          [
            -0.0494753,
            0.998715,
            -0.0110377
          ],
          [
            -0.985948,
            -0.0470711,
            0.160277
          ],
          [
            -21370.2,
            85.1347,
            5965.6
          ]
        ],
        "unit_class": "ussr_quest_large_art_noground",
        "objLayer": 1,
        "closed_waypoints": false,
        "isShipSpline": false,
        "shipTurnRadius": 100.0,
        "weapons": "",
        "bullets0": "",
        "bullets1": "",
        "bullets2": "",
        "bullets3": "",
        "bulletsCount0": 0,
        "bulletsCount1": 0,
        "bulletsCount2": 0,
        "bulletsCount3": 0,
        "crewSkillK": 0.0,
        "applyAllMods": false,
        "props": {
          "army": 1,
          "count": 1,
          "formation_type": "rows",
          "formation_div": 3,
          "formation_step": [
            2.5,
            2.0
          ],
          "formation_noise": [
            0.1,
            0.1
          ]
        },
        "way": {}
      },
      {
        "name": "t1_art_12",
        "tm": [
          [
            0.15955,
            0.0188122,
            0.987011
          ],
          [
            -0.0494753,
            0.998715,
            -0.0110377
          ],
          [
            -0.985948,
            -0.0470711,
            0.160277
          ],
          [
            -21202.7,
            89.7607,
            5945.0
          ]
        ],
        "unit_class": "ussr_quest_large_art_noground",
        "objLayer": 1,
        "closed_waypoints": false,
        "isShipSpline": false,
        "shipTurnRadius": 100.0,
        "weapons": "",
        "bullets0": "",
        "bullets1": "",
        "bullets2": "",
        "bullets3": "",
        "bulletsCount0": 0,
        "bulletsCount1": 0,
        "bulletsCount2": 0,
        "bulletsCount3": 0,
        "crewSkillK": 0.0,
        "applyAllMods": false,
        "props": {
          "army": 1,
          "count": 1,
          "formation_type": "rows",
          "formation_div": 3,
          "formation_step": [
            2.5,
            2.0
          ],
          "formation_noise": [
            0.1,
            0.1
          ]
        },
        "way": {}
      },
      {
        "name": "t1_bunker_07",
        "tm": [
          [
            0.0839123,
            0.0476269,
            0.995335
          ],
          [
            -0.0823767,
            0.99577,
            -0.040703
          ],
          [
            -0.993061,
            -0.0785766,
            0.0874806
          ],
          [
            -17570.3,
            155.802,
            5398.9
          ]
        ],
        "unit_class": "ussr_quest_large_art_noground",
        "objLayer": 1,
        "closed_waypoints": false,
        "isShipSpline": false,
        "shipTurnRadius": 100.0,
        "weapons": "",
        "bullets0": "",
        "bullets1": "",
        "bullets2": "",
        "bullets3": "",
        "bulletsCount0": 0,
        "bulletsCount1": 0,
        "bulletsCount2": 0,
        "bulletsCount3": 0,
        "crewSkillK": 0.0,
        "applyAllMods": false,
        "props": {
          "army": 1,
          "count": 1,
          "formation_type": "rows",
          "formation_div": 3,
          "formation_step": [
            2.5,
            2.0
          ],
          "formation_noise": [
            0.1,
            0.1
          ]
        },
        "way": {}
      },
      {
        "name": "t1_art_13",
        "tm": [
          [
            0.0839123,
            0.0476269,
            0.995335
          ],
          [
            -0.0823767,
            0.99577,
            -0.040703
          ],
          [
            -0.993061,
            -0.0785766,
            0.0874806
          ],
          [
            -17664.0,
            144.809,
            5408.91
          ]
        ],
        "unit_class": "ussr_quest_large_art_noground",
        "objLayer": 1,
        "closed_waypoints": false,
        "isShipSpline": false,
        "shipTurnRadius": 100.0,
        "weapons": "",
        "bullets0": "",
        "bullets1": "",
        "bullets2": "",
        "bullets3": "",
        "bulletsCount0": 0,
        "bulletsCount1": 0,
        "bulletsCount2": 0,
        "bulletsCount3": 0,
        "crewSkillK": 0.0,
        "applyAllMods": false,
        "props": {
          "army": 1,
          "count": 1,
          "formation_type": "rows",
          "formation_div": 3,
          "formation_step": [
            2.5,
            2.0
          ],
          "formation_noise": [
            0.1,
            0.1
          ]
        },
        "way": {}
      },
      {
        "name": "t1_art_14",
        "tm": [
          [
            0.0839123,
            0.0476269,
            0.995335
          ],
          [
            -0.0823767,
            0.99577,
            -0.040703
          ],
          [
            -0.993061,
            -0.0785766,
            0.0874806
          ],
          [
            -17495.7,
            154.945,
            5400.83
          ]
        ],
        "unit_class": "ussr_quest_large_art_noground",
        "objLayer": 1,
        "closed_waypoints": false,
        "isShipSpline": false,
        "shipTurnRadius": 100.0,
        "weapons": "",
        "bullets0": "",
        "bullets1": "",
        "bullets2": "",
        "bullets3": "",
        "bulletsCount0": 0,
        "bulletsCount1": 0,
        "bulletsCount2": 0,
        "bulletsCount3": 0,
        "crewSkillK": 0.0,
        "applyAllMods": false,
        "props": {
          "army": 1,
          "count": 1,
          "formation_type": "rows",
          "formation_div": 3,
          "formation_step": [
            2.5,
            2.0
          ],
          "formation_noise": [
            0.1,
            0.1
          ]
        },
        "way": {}
      },
      {
        "name": "t1_bunker_08",
        "tm": [
          [
            0.282622,
            -0.00388012,
            0.959224
          ],
          [
            0.00559138,
            0.999981,
            0.00239702
          ],
          [
            -0.959215,
            0.00468581,
            0.282637
          ],
          [
            -24250.2,
            75.22,
            7162.87
          ]
        ],
        "unit_class": "ussr_quest_large_art_noground",
        "objLayer": 1,
        "closed_waypoints": false,
        "isShipSpline": false,
        "shipTurnRadius": 100.0,
        "weapons": "",
        "bullets0": "",
        "bullets1": "",
        "bullets2": "",
        "bullets3": "",
        "bulletsCount0": 0,
        "bulletsCount1": 0,
        "bulletsCount2": 0,
        "bulletsCount3": 0,
        "crewSkillK": 0.0,
        "applyAllMods": false,
        "props": {
          "army": 1,
          "count": 1,
          "formation_type": "rows",
          "formation_div": 3,
          "formation_step": [
            2.5,
            2.0
          ],
          "formation_noise": [
            0.1,
            0.1
          ]
        },
        "way": {}
      },
      {
        "name": "t1_art_15",
        "tm": [
          [
            0.282622,
            -0.00388012,
            0.959224
          ],
          [
            0.00559138,
            0.999981,
            0.00239702
          ],
          [
            -0.959215,
            0.00468581,
            0.282637
          ],
          [
            -24340.6,
            72.029,
            7191.11
          ]
        ],
        "unit_class": "ussr_quest_large_art_noground",
        "objLayer": 1,
        "closed_waypoints": false,
        "isShipSpline": false,
        "shipTurnRadius": 100.0,
        "weapons": "",
        "bullets0": "",
        "bullets1": "",
        "bullets2": "",
        "bullets3": "",
        "bulletsCount0": 0,
        "bulletsCount1": 0,
        "bulletsCount2": 0,
        "bulletsCount3": 0,
        "crewSkillK": 0.0,
        "applyAllMods": false,
        "props": {
          "army": 1,
          "count": 1,
          "formation_type": "rows",
          "formation_div": 3,
          "formation_step": [
            2.5,
            2.0
          ],
          "formation_noise": [
            0.1,
            0.1
          ]
        },
        "way": {}
      },
      {
        "name": "t1_art_16",
        "tm": [
          [
            0.282622,
            -0.00388012,
            0.959224
          ],
          [
            0.00559138,
            0.999981,
            0.00239702
          ],
          [
            -0.959215,
            0.00468581,
            0.282637
          ],
          [
            -24177.0,
            67.769,
            7149.71
          ]
        ],
        "unit_class": "ussr_quest_large_art_noground",
        "objLayer": 1,
        "closed_waypoints": false,
        "isShipSpline": false,
