{
  "selected_tag": "",
  "bin_dump_file": "",
  "mission_settings": {
    "player": {
      "army": 1
    },
    "player_teamB": {
      "army": 2
    },
    "mission": {
      "level": "levels/avg_sector_montmedy.bin",
      "type": "domination",
      "environment": "Day",
      "weather": "hazy"
    }
  },
  "imports": [],
  "triggers": {
    "isCategory": true,
    "is_enabled": true
  },
  "mission_objectives": {
    "isCategory": true,
    "is_enabled": true
  },
  "variables": [],
  "dialogs": [],
  "airfields": [],
  "effects": [],
  "units": [
    {
      "objectGroups": {
        "name": "t2_airfield",
        "tm": [
          [-0.616849,0.0,0.787082],
          [0.0,1.0,0.0],
          [-0.787082,0.0,-0.616849],
          [-6376.23,58.2738,4740.55]
        ],
        "unit_class": "dynaf_universal_1line_a",
        "objLayer": 2,
        "props": {
          "army": 2,
          "active": true
        }
      }
    },
    {
      "objectGroups": {
        "name": "t1_airfield",
        "tm": [
          [0.961554,0.0,-0.27461],
          [0.0,1.0,0.0],
          [0.27461,0.0,0.961554],
          [7277.41,37.5687,-3803.81]
        ],
        "unit_class": "dynaf_universal_1line_a",
        "objLayer": 2,
        "props": {
          "army": 1,
          "active": true
        }
      }
    },
    {
      "air_defence": {
        "name": "t2_airfield_aaa_big_01",
        "tm": [
          [0.310451,0.0,-0.950589],
          [0.0,1.0,0.0],
          [0.950589,0.0,0.310451],
          [-6552.87,59.9464,5460.46]
        ],
        "unit_class": "germ_88mm_flak36_noground",
        "objLayer": 1,
        "closed_waypoints": false,
        "isShipSpline": false,
        "shipTurnRadius": 100.0,
        "weapons": "",
        "bullets0": "",
        "bullets1": "",
        "bullets2": "",
        "bullets3": "",
        "bulletsCount0": 0,
        "bulletsCount1": 0,
        "bulletsCount2": 0,
        "bulletsCount3": 0,
        "props": {
          "army": 2,
          "count": 1,
          "formation_type": "rows",
          "formation_div": 3,
          "formation_step": [2.5,2.0],
          "formation_noise": [0.1,0.1],
          "uniqueName": "",
          "attack_type": "fire_at_will"
        },
        "way": []
      }
    },
    {
      "air_defence": {
        "name": "t2_airfield_aaa_big_02",
        "tm": [
          [0.310451,0.0,-0.950589],
          [0.0,1.0,0.0],
          [0.950589,0.0,0.310451],
          [-6000.14,61.8207,4898.74]
        ],
        "unit_class": "germ_88mm_flak36_noground",
        "objLayer": 1,
        "closed_waypoints": false,
        "isShipSpline": false,
        "shipTurnRadius": 100.0,
        "weapons": "",
        "bullets0": "",
        "bullets1": "",
        "bullets2": "",
        "bullets3": "",
        "bulletsCount0": 0,
        "bulletsCount1": 0,
        "bulletsCount2": 0,
        "bulletsCount3": 0,
        "props": {
          "army": 2,
          "count": 1,
          "formation_type": "rows",
          "formation_div": 3,
          "formation_step": [2.5,2.0],
          "formation_noise": [0.1,0.1],
          "uniqueName": "",
          "attack_type": "fire_at_will"
        },
        "way": []
      }
    },
    {
      "air_defence": {
        "name": "t2_airfield_aaa_big_03",
        "tm": [
          [0.310451,0.0,-0.950589],
          [0.0,1.0,0.0],
          [0.950589,0.0,0.310451],
          [-5682.23,60.2867,4357.65]
        ],
        "unit_class": "germ_88mm_flak36_noground",
        "objLayer": 1,
        "closed_waypoints": false,
        "isShipSpline": false,
        "shipTurnRadius": 100.0,
        "weapons": "",
        "bullets0": "",
        "bullets1": "",
        "bullets2": "",
        "bullets3": "",
        "bulletsCount0": 0,
        "bulletsCount1": 0,
        "bulletsCount2": 0,
        "bulletsCount3": 0,
        "props": {
          "army": 2,
          "count": 1,
          "formation_type": "rows",
          "formation_div": 3,
          "formation_step": [2.5,2.0],
          "formation_noise": [0.1,0.1],
          "uniqueName": "",
          "attack_type": "fire_at_will"
        },
        "way": []
      }
    },
    {
      "air_defence": {
        "name": "t2_airfield_aaa_big_04",
        "tm": [
          [0.310451,0.0,-0.950589],
          [0.0,1.0,0.0],
          [0.950589,0.0,0.310451],
          [-6447.01,58.3082,4348.27]
        ],
        "unit_class": "germ_88mm_flak36_noground",
        "objLayer": 1,
        "closed_waypoints": false,
        "isShipSpline": false,
        "shipTurnRadius": 100.0,
        "weapons": "",
        "bullets0": "",
        "bullets1": "",
        "bullets2": "",
        "bullets3": "",
        "bulletsCount0": 0,
        "bulletsCount1": 0,
        "bulletsCount2": 0,
        "bulletsCount3": 0,
        "props": {
          "army": 2,
          "count": 1,
          "formation_type": "rows",
          "formation_div": 3,
          "formation_step": [2.5,2.0],
          "formation_noise": [0.1,0.1],
          "uniqueName": "",
          "attack_type": "fire_at_will"
        },
        "way": []
      }
    },
    {
      "air_defence": {
        "name": "t2_airfield_aaa_small_06",
        "tm": [
          [0.310451,0.0,-0.950589],
          [0.0,1.0,0.0],
          [0.950589,0.0,0.310451],
          [-6768.72,59.8079,4790.37]
        ],
        "unit_class": "germ_37mm_flak43_airfield",
        "objLayer": 1,
        "closed_waypoints": false,
        "isShipSpline": false,
        "shipTurnRadius": 100.0,
        "weapons": "",
        "bullets0": "",
        "bullets1": "",
        "bullets2": "",
        "bullets3": "",
        "bulletsCount0": 0,
        "bulletsCount1": 0,
        "bulletsCount2": 0,
        "bulletsCount3": 0,
        "props": {
          "army": 2,
          "count": 1,
          "formation_type": "rows",
          "formation_div": 3,
          "formation_step": [2.5,2.0],
          "formation_noise": [0.1,0.1],
          "uniqueName": "",
          "attack_type": "fire_at_will"
        },
        "way": []
      }
    },
    {
      "air_defence": {
        "name": "t2_airfield_aaa_small_01",
        "tm": [
          [0.310451,0.0,-0.950589],
          [0.0,1.0,0.0],
          [0.950589,0.0,0.310451],
          [-6428.68,58.9314,5126.57]
        ],
        "unit_class": "germ_37mm_flak43_airfield",
        "objLayer": 1,
        "closed_waypoints": false,
        "isShipSpline": false,
        "shipTurnRadius": 100.0,
        "weapons": "",
        "bullets0": "",
        "bullets1": "",
        "bullets2": "",
        "bullets3": "",
        "bulletsCount0": 0,
        "bulletsCount1": 0,
        "bulletsCount2": 0,
        "bulletsCount3": 0,
        "props": {
          "army": 2,
          "count": 1,
          "formation_type": "rows",
          "formation_div": 3,
          "formation_step": [2.5,2.0],
          "formation_noise": [0.1,0.1],
          "uniqueName": "",
          "attack_type": "fire_at_will"
        },
        "way": []
      }
    },
    {
      "air_defence": {
        "name": "t2_airfield_aaa_small_02",
        "tm": [
          [0.310451,0.0,-0.950589],
          [0.0,1.0,0.0],
          [0.950589,0.0,0.310451],
          [-5943.73,59.47,4563.13]
        ],
        "unit_class": "germ_37mm_flak43_airfield",
        "objLayer": 1,
        "closed_waypoints": false,
        "isShipSpline": false,
        "shipTurnRadius": 100.0,
        "weapons": "",
        "bullets0": "",
        "bullets1": "",
        "bullets2": "",
        "bullets3": "",
        "bulletsCount0": 0,
        "bulletsCount1": 0,
        "bulletsCount2": 0,
        "bulletsCount3": 0,
        "props": {
          "army": 2,
          "count": 1,
          "formation_type": "rows",
          "formation_div": 3,
          "formation_step": [2.5,2.0],
          "formation_noise": [0.1,0.1],
          "uniqueName": "",
          "attack_type": "fire_at_will"
        },
        "way": []
      }
    },
    {
      "air_defence": {
        "name": "t2_airfield_aaa_small_03",
        "tm": [
          [0.310451,0.0,-0.950589],
          [0.0,1.0,0.0],
          [0.950589,0.0,0.310451],
          [-6137.39,59.1906,4206.72]
        ],
        "unit_class": "germ_37mm_flak43_airfield",
        "objLayer": 1,
        "closed_waypoints": false,
        "isShipSpline": false,
        "shipTurnRadius": 100.0,
        "weapons": "",
        "bullets0": "",
        "bullets1": "",
        "bullets2": "",
        "bullets3": "",
        "bulletsCount0": 0,
        "bulletsCount1": 0,
        "bulletsCount2": 0,
        "bulletsCount3": 0,
        "props": {
          "army": 2,
          "count": 1,
          "formation_type": "rows",
          "formation_div": 3,
          "formation_step": [2.5,2.0],
          "formation_noise": [0.1,0.1],
          "uniqueName": "",
          "attack_type": "fire_at_will"
        },
        "way": []
      }
    },
    {
      "air_defence": {
        "name": "t2_airfield_aaa_small_04",
        "tm": [
          [0.310451,0.0,-0.950589],
          [0.0,1.0,0.0],
          [0.950589,0.0,0.310451],
          [-6550.28,58.6639,4539.94]
        ],
        "unit_class": "germ_37mm_flak43_airfield",
        "objLayer": 1,
        "closed_waypoints": false,
        "isShipSpline": false,
        "shipTurnRadius": 100.0,
        "weapons": "",
        "bullets0": "",
        "bullets1": "",
        "bullets2": "",
        "bullets3": "",
        "bulletsCount0": 0,
        "bulletsCount1": 0,
        "bulletsCount2": 0,
        "bulletsCount3": 0,
        "props": {
          "army": 2,
          "count": 1,
          "formation_type": "rows",
          "formation_div": 3,
          "formation_step": [2.5,2.0],
          "formation_noise": [0.1,0.1],
          "uniqueName": "",
          "attack_type": "fire_at_will"
        },
        "way": []
      }
    },
    {
      "air_defence": {
        "name": "t2_airfield_aaa_small_05",
        "tm": [
          [0.310451,0.0,-0.950589],
          [0.0,1.0,0.0],
          [0.950589,0.0,0.310451],
          [-7052.02,60.782,5153.23]
        ],
        "unit_class": "germ_37mm_flak43_airfield",
        "objLayer": 1,
        "closed_waypoints": false,
        "isShipSpline": false,
        "shipTurnRadius": 100.0,
        "weapons": "",
        "bullets0": "",
        "bullets1": "",
        "bullets2": "",
        "bullets3": "",
        "bulletsCount0": 0,
        "bulletsCount1": 0,
        "bulletsCount2": 0,
        "bulletsCount3": 0,
        "props": {
          "army": 2,
          "count": 1,
          "formation_type": "rows",
          "formation_div": 3,
          "formation_step": [2.5,2.0],
          "formation_noise": [0.1,0.1],
          "uniqueName": "",
          "attack_type": "fire_at_will"
        },
        "way": []
      }
    },
    {
      "air_defence": {
        "name": "t1_airfield_aaa_small_06",
        "tm": [
          [0.989171,0.0,-0.146753],
          [0.0,1.0,0.0],
          [0.146753,0.0,0.989171],
          [6722.44,33.5404,-3258.82]
        ],
        "unit_class": "germ_37mm_flak43_airfield",
        "objLayer": 1,
        "closed_waypoints": false,
        "isShipSpline": false,
        "shipTurnRadius": 100.0,
        "weapons": "",
        "bullets0": "",
        "bullets1": "",
        "bullets2": "",
        "bullets3": "",
        "bulletsCount0": 0,
        "bulletsCount1": 0,
        "bulletsCount2": 0,
        "bulletsCount3": 0,
        "props": {
          "army": 1,
          "count": 1,
          "formation_type": "rows",
          "formation_div": 3,
          "formation_step": [2.5,2.0],
          "formation_noise": [0.1,0.1],
          "uniqueName": "",
          "attack_type": "fire_at_will"
        },
        "way": []
      }
    },
    {
      "air_defence": {
        "name": "t1_airfield_aaa_small_01",
        "tm": [
          [0.989171,0.0,-0.146753],
          [0.0,1.0,0.0],
          [0.146753,0.0,0.989171],
          [6969.78,29.9199,-3450.21]
        ],
        "unit_class": "ussr_37mm_61k_airfield",
        "objLayer": 1,
        "closed_waypoints": false,
        "isShipSpline": false,
        "shipTurnRadius": 100.0,
        "weapons": "",
        "bullets0": "",
        "bullets1": "",
        "bullets2": "",
        "bullets3": "",
        "bulletsCount0": 0,
        "bulletsCount1": 0,
        "bulletsCount2": 0,
        "bulletsCount3": 0,
        "props": {
          "army": 1,
          "count": 1,
          "formation_type": "rows",
          "formation_div": 3,
          "formation_step": [2.5,2.0],
          "formation_noise": [0.1,0.1],
          "uniqueName": "",
          "attack_type": "fire_at_will"
        },
        "way": []
      }
    },
    {
      "air_defence": {
        "name": "t1_airfield_aaa_big_04",
        "tm": [
          [0.989171,0.0,-0.146753],
          [0.0,1.0,0.0],
          [0.146753,0.0,0.989171],
          [7356.48,38.2631,-3389.44]
        ],
        "unit_class": "ussr_85mm_52k_noground",
        "objLayer": 1,
        "closed_waypoints": false,
        "isShipSpline": false,
        "shipTurnRadius": 100.0,
        "weapons": "",
        "bullets0": "",
        "bullets1": "",
        "bullets2": "",
        "bullets3": "",
        "bulletsCount0": 0,
        "bulletsCount1": 0,
        "bulletsCount2": 0,
        "bulletsCount3": 0,
        "props": {
          "army": 1,
          "count": 1,
          "formation_type": "rows",
          "formation_div": 3,
          "formation_step": [2.5,2.0],
          "formation_noise": [0.1,0.1],
          "uniqueName": "",
          "attack_type": "fire_at_will"
        },
        "way": []
      }
    },
    {
      "air_defence": {
        "name": "t1_airfield_aaa_big_03",
        "tm": [
          [0.989171,0.0,-0.146753],
          [0.0,1.0,0.0],
          [0.146753,0.0,0.989171],
          [7910.88,38.6444,-3616.31]
        ],
        "unit_class": "ussr_85mm_52k_noground",
        "objLayer": 1,
        "closed_waypoints": false,
        "isShipSpline": false,
        "shipTurnRadius": 100.0,
        "weapons": "",
        "bullets0": "",
        "bullets1": "",
        "bullets2": "",
        "bullets3": "",
        "bulletsCount0": 0,
        "bulletsCount1": 0,
        "bulletsCount2": 0,
        "bulletsCount3": 0,
        "props": {
          "army": 1,
          "count": 1,
          "formation_type": "rows",
          "formation_div": 3,
          "formation_step": [2.5,2.0],
          "formation_noise": [0.1,0.1],
          "uniqueName": "",
          "attack_type": "fire_at_will"
        },
        "way": []
      }
    },
    {
      "air_defence": {
        "name": "t1_airfield_aaa_big_02",
        "tm": [
          [0.989171,0.0,-0.146753],
          [0.0,1.0,0.0],
          [0.146753,0.0,0.989171],
          [7366.06,27.143,-4157.67]
        ],
        "unit_class": "ussr_85mm_52k_noground",
        "objLayer": 1,
        "closed_waypoints": false,
        "isShipSpline": false,
        "shipTurnRadius": 100.0,
        "weapons": "",
        "bullets0": "",
        "bullets1": "",
        "bullets2": "",
        "bullets3": "",
        "bulletsCount0": 0,
        "bulletsCount1": 0,
        "bulletsCount2": 0,
        "bulletsCount3": 0,
        "props": {
          "army": 1,
          "count": 1,
          "formation_type": "rows",
          "formation_div": 3,
          "formation_step": [2.5,2.0],
          "formation_noise": [0.1,0.1],
          "uniqueName": "",
          "attack_type": "fire_at_will"
        },
        "way": []
      }
    },
    {
      "air_defence": {
        "name": "t1_airfield_aaa_big_01",
        "tm": [
          [0.989171,0.0,-0.146753],
          [0.0,1.0,0.0],
          [0.146753,0.0,0.989171],
          [6896.93,24.6292,-3851.88]
        ],
        "unit_class": "ussr_85mm_52k_noground",
        "objLayer": 1,
        "closed_waypoints": false,
        "isShipSpline": false,
        "shipTurnRadius": 100.0,
        "weapons": "",
        "bullets0": "",
        "bullets1": "",
        "bullets2": "",
        "bullets3": "",
        "bulletsCount0": 0,
        "bulletsCount1": 0,
        "bulletsCount2": 0,
        "bulletsCount3": 0,
        "props": {
          "army": 1,
          "count": 1,
          "formation_type": "rows",
          "formation_div": 3,
          "formation_step": [2.5,2.0],
          "formation_noise": [0.1,0.1],
          "uniqueName": "",
          "attack_type": "fire_at_will"
        },
        "way": []
      }
    },
    {
      "air_defence": {
        "name": "t1_airfield_aaa_small_02",
        "tm": [
          [0.989171,0.0,-0.146753],
          [0.0,1.0,0.0],
          [0.146753,0.0,0.989171],
          [7616.35,32.9152,-3655.31]
        ],
        "unit_class": "ussr_37mm_61k_airfield",
        "objLayer": 1,
        "closed_waypoints": false,
        "isShipSpline": false,
        "shipTurnRadius": 100.0,
        "weapons": "",
        "bullets0": "",
        "bullets1": "",
        "bullets2": "",
        "bullets3": "",
        "bulletsCount0": 0,
        "bulletsCount1": 0,
        "bulletsCount2": 0,
        "bulletsCount3": 0,
        "props": {
          "army": 1,
          "count": 1,
          "formation_type": "rows",
          "formation_div": 3,
          "formation_step": [2.5,2.0],
          "formation_noise": [0.1,0.1],
          "uniqueName": "",
          "attack_type": "fire_at_will"
        },
        "way": []
      }
    },
    {
      "air_defence": {
        "name": "t1_airfield_aaa_small_03",
        "tm": [
          [0.989171,0.0,-0.146753],
          [0.0,1.0,0.0],
          [0.146753,0.0,0.989171],
          [7540.29,32.6832,-4050.58]
        ],
        "unit_class": "ussr_37mm_61k_airfield",
        "objLayer": 1,
        "closed_waypoints": false,
        "isShipSpline": false,
        "shipTurnRadius": 100.0,
        "weapons": "",
        "bullets0": "",
        "bullets1": "",
        "bullets2": "",
        "bullets3": "",
        "bulletsCount0": 0,
        "bulletsCount1": 0,
        "bulletsCount2": 0,
        "bulletsCount3": 0,
        "props": {
          "army": 1,
          "count": 1,
          "formation_type": "rows",
          "formation_div": 3,
          "formation_step": [2.5,2.0],
          "formation_noise": [0.1,0.1],
          "uniqueName": "",
          "attack_type": "fire_at_will"
        },
        "way": []
      }
    },
    {
      "air_defence": {
        "name": "t1_airfield_aaa_small_04",
        "tm": [
          [0.989171,0.0,-0.146753],
          [0.0,1.0,0.0],
          [0.146753,0.0,0.989171],
          [7099.11,27.7313,-3917.98]
        ],
        "unit_class": "ussr_37mm_61k_airfield",
        "objLayer": 1,
        "closed_waypoints": false,
        "isShipSpline": false,
        "shipTurnRadius": 100.0,
        "weapons": "",
        "bullets0": "",
        "bullets1": "",
        "bullets2": "",
        "bullets3": "",
        "bulletsCount0": 0,
        "bulletsCount1": 0,
        "bulletsCount2": 0,
        "bulletsCount3": 0,
        "props": {
          "army": 1,
          "count": 1,
          "formation_type": "rows",
          "formation_div": 3,
          "formation_step": [2.5,2.0],
          "formation_noise": [0.1,0.1],
          "uniqueName": "",
          "attack_type": "fire_at_will"
        },
        "way": []
      }
    },
    {
      "air_defence": {
        "name": "t1_airfield_aaa_small_05",
        "tm": [
          [0.989171,0.0,-0.146753],
          [0.0,1.0,0.0],
          [0.146753,0.0,0.989171],
          [6740.44,27.6358,-3746.85]
        ],
        "unit_class": "ussr_37mm_61k_airfield",
        "objLayer": 1,
        "closed_waypoints": false,
        "isShipSpline": false,
        "shipTurnRadius": 100.0,
        "weapons": "",
        "bullets0": "",
        "bullets1": "",
        "bullets2": "",
        "bullets3": "",
        "bulletsCount0": 0,
        "bulletsCount1": 0,
        "bulletsCount2": 0,
        "bulletsCount3": 0,
        "props": {
          "army": 1,
          "count": 1,
          "formation_type": "rows",
          "formation_div": 3,
          "formation_step": [2.5,2.0],
          "formation_noise": [0.1,0.1],
          "uniqueName": "",
          "attack_type": "fire_at_will"
        },
        "way": []
      }
    },
    {
      "squad": {
        "name": "t2_airfield_aaa_squad",
        "tm": [
          [0.310451,0.0,-0.950589],
          [0.0,1.0,0.0],
          [0.950589,0.0,0.310451],
          [-6739.85,59.059,4555.43]
        ],
        "props": [
          {
            "object_marking": 0
          },
          {
            "squad_members": "t2_airfield_aaa_big_01"
          },
          {
            "squad_members": "t2_airfield_aaa_big_02"
          },
          {
            "squad_members": "t2_airfield_aaa_big_03"
          },
          {
            "squad_members": "t2_airfield_aaa_big_04"
          },
          {
            "squad_members": "t2_airfield_aaa_small_06"
          },
          {
            "squad_members": "t2_airfield_aaa_small_01"
          },
          {
            "squad_members": "t2_airfield_aaa_small_02"
          },
          {
            "squad_members": "t2_airfield_aaa_small_03"
          },
          {
            "squad_members": "t2_airfield_aaa_small_04"
          },
          {
            "squad_members": "t2_airfield_aaa_small_05"
          }
        ]
      }
    },
    {
      "squad": {
        "name": "t1_airfield_aaa_squad",
        "tm": [
          [0.989171,0.0,-0.146753],
          [0.0,1.0,0.0],
          [0.146753,0.0,0.989171],
          [7032.66,24.4026,-4182.29]
        ],
        "props": [
          {
            "object_marking": 0
          },
          {
            "squad_members": "t1_airfield_aaa_small_06"
          },
          {
            "squad_members": "t1_airfield_aaa_small_01"
          },
          {
            "squad_members": "t1_airfield_aaa_big_04"
          },
          {
            "squad_members": "t1_airfield_aaa_big_03"
          },
          {
            "squad_members": "t1_airfield_aaa_big_02"
          },
          {
            "squad_members": "t1_airfield_aaa_big_01"
          },
          {
            "squad_members": "t1_airfield_aaa_small_02"
          },
          {
            "squad_members": "t1_airfield_aaa_small_03"
          },
          {
            "squad_members": "t1_airfield_aaa_small_04"
          },
          {
            "squad_members": "t1_airfield_aaa_small_05"
          }
        ]
      }
    }
  ],
  "areas": {
    "area_01": {
      "type": "Sphere",
      "tm": [
        [14000.0,0.0,0.0],
        [0.0,14000.0,0.0],
        [0.0,0.0,14000.0],
        [10.4482,380.32,-461.406]
      ],
      "objLayer": 0,
      "props": []
    }
  },
  "objLayers": [
    {
      "layer": {
        "enabled": true
      }
    },
    {
      "layer": {
        "enabled": true
      }
    },
    {
      "layer": {
        "enabled": true
      }
    },
    {
      "layer": {
        "enabled": true
      }
    },
    {
      "layer": {
        "enabled": true
      }
    },
    {
      "layer": {
        "enabled": true
      }
    },
    {
      "layer": {
        "enabled": true
      }
    }
  ],
  "wayPoints": []
}