{
  "selected_tag": "",
  "bin_dump_file": "",
  "mission_settings": {
    "player": {
      "army": 1,
      "wing": ""
    },
    "player_teamB": {
      "army": 2,
      "wing": ""
    },
    "mission": {
      "level": "levels/berlin.bin",
      "type": "domination",
      "environment": "Day",
      "weather": "hazy",
      "deathPenaltyMulRounds": 0.0,
      "stars": {
        "latitude": 52.5,
        "longitude": 13.0,
        "year": 1945,
        "month": 4,
        "day": 2
      }
    },
    "spectator_points": []
  },
  "imports": {
    "import_record": {
      "file": "gameData/missions/templates/air_templates/gs/assaults_gs_template.blk",
      "importAreas": true,
      "importUnits": true,
      "importTriggers": true,
      "importMissionObjectives": true,
      "importWayPoints": true,
      "showAreas": true,
      "showUnits": true,
      "showTriggers": true,
      "showMissionObjectives": true,
      "showWayPoints": true,
      "excludes": []
    }
  },
  "triggers": {
    "isCategory": true,
    "is_enabled": true
  },
  "mission_objectives": {
    "isCategory": true,
    "is_enabled": true
  },
  "variables": {
    "ai_assaults_saved": 0,
    "ft_helicopters_pad_exclusive": false
  },
  "dialogs": [],
  "airfields": [],
  "effects": [],
  "units": [],
  "areas": {
    "at_area": {
      "type": "Sphere",
      "tm": [
        [1187.97,0.0,-15955.9],
        [0.0,16000.0,0.0],
        [15955.9,0.0,1187.97],
        [345.0,500.006,-1375.5]
      ],
      "objLayer": 0,
      "props": []
    },
    "at_t2_spawn_01_01": {
      "type": "Point",
      "tm": [
        [0.998669,0.0,0.0515985],
        [0.0,1.0,0.0],
        [-0.0515985,0.0,0.998669],
        [-7200.52,500.006,-4023.58]
      ],
      "objLayer": 0,
      "props": []
    },
    "at_t1_spawn_01_01": {
      "type": "Point",
      "tm": [
        [-0.998669,0.0,-0.0515985],
        [0.0,1.0,0.0],
        [0.0515985,0.0,-0.998669],
        [8212.59,499.996,-2879.63]
      ],
      "objLayer": 0,
      "props": []
    },
    "at_t2_spawn_01_02": {
      "type": "Point",
      "tm": [
        [0.998669,0.0,0.0515985],
        [0.0,1.0,0.0],
        [-0.0515985,0.0,0.998669],
        [-7514.73,500.006,112.038]
      ],
      "objLayer": 0,
      "props": []
    },
    "at_t1_spawn_01_02": {
      "type": "Point",
      "tm": [
        [-0.998669,0.0,-0.0515985],
        [0.0,1.0,0.0],
        [0.0515985,0.0,-0.998669],
        [7897.32,499.997,1263.04]
      ],
      "objLayer": 0,
      "props": []
    },
    "at_t1_spawn_02_01": {
      "type": "Point",
      "tm": [
        [-0.998669,0.0,-0.0515985],
        [0.0,1.0,0.0],
        [0.0515985,0.0,-0.998669],
        [6989.56,499.997,3074.48]
      ],
      "objLayer": 0,
      "props": []
    },
    "at_t1_spawn_02_02": {
      "type": "Point",
      "tm": [
        [-0.998669,0.0,-0.0515985],
        [0.0,1.0,0.0],
        [0.0515985,0.0,-0.998669],
        [7594.53,500.0,-4756.15]
      ],
      "objLayer": 0,
      "props": []
    },
    "at_t2_spawn_02_01": {
      "type": "Point",
      "tm": [
        [0.998669,0.0,0.0515985],
        [0.0,1.0,0.0],
        [-0.0515985,0.0,0.998669],
        [-6925.03,500.012,2324.32]
      ],
      "objLayer": 0,
      "props": []
    },
    "at_t2_spawn_02_02": {
      "type": "Point",
      "tm": [
        [0.998669,0.0,0.0515985],
        [0.0,1.0,0.0],
        [-0.0515985,0.0,0.998669],
        [-6273.49,500.008,-5836.15]
      ],
      "objLayer": 0,
      "props": []
    }
  },
  "objLayers": [],
  "wayPoints": []
}