{
  "selected_tag": "",
  "bin_dump_file": "",
  "mission_settings": {
    "player": {
      "army": 1
    },
    "player_teamB": {
      "army": 2
    },
    "mission": {
      "level": "levels/air_smolensk.bin",
      "type": "domination",
      "environment": "Day",
      "weather": "hazy",
      "restoreType": "attempts",
      "optionalTakeOff": false
    }
  },
  "imports": {
    "import_record": [
      {
        "file": "gameData/missions/templates/enduring_confrontation/bdt_bases_destroy_template.blk",
        "importAreas": true,
        "importUnits": true,
        "importTriggers": true,
        "importMissionObjectives": true,
        "importWayPoints": true,
        "showAreas": true,
        "showUnits": true,
        "showTriggers": true,
        "showMissionObjectives": true,
        "showWayPoints": true,
        "excludes": {}
      },
      {
        "file": "gameData/missions/templates/units_sets/land_sets_aaa_bases/bdt_t1_uk_rank_01.blk",
        "rankRange": [
          0,
          4
        ],
        "importAreas": true,
        "importUnits": true,
        "importTriggers": true,
        "importMissionObjectives": true,
        "importWayPoints": true,
        "showAreas": true,
        "showUnits": true,
        "showTriggers": true,
        "showMissionObjectives": true,
        "showWayPoints": true,
        "excludes": {}
      },
      {
        "file": "gameData/missions/templates/units_sets/land_sets_aaa_bases/bdt_t1_uk_rank_02.blk",
        "rankRange": [
          5,
          8
        ],
        "importAreas": true,
        "importUnits": true,
        "importTriggers": true,
        "importMissionObjectives": true,
        "importWayPoints": true,
        "showAreas": true,
        "showUnits": true,
        "showTriggers": true,
        "showMissionObjectives": true,
        "showWayPoints": true,
        "excludes": {}
      },
      {
        "file": "gameData/missions/templates/units_sets/land_sets_aaa_bases/bdt_t1_uk_rank_03.blk",
        "rankRange": [
          9,
          13
        ],
        "importAreas": true,
        "importUnits": true,
        "importTriggers": true,
        "importMissionObjectives": true,
        "importWayPoints": true,
        "showAreas": true,
        "showUnits": true,
        "showTriggers": true,
        "showMissionObjectives": true,
        "showWayPoints": true,
        "excludes": {}
      },
      {
        "file": "gameData/missions/templates/units_sets/land_sets_aaa_bases/bdt_t1_uk_rank_04.blk",
        "rankRange": [
          14,
          19
        ],
        "importAreas": true,
        "importUnits": true,
        "importTriggers": true,
        "importMissionObjectives": true,
        "importWayPoints": true,
        "showAreas": true,
        "showUnits": true,
        "showTriggers": true,
        "showMissionObjectives": true,
        "showWayPoints": true,
        "excludes": {}
      },
      {
        "file": "gameData/missions/templates/units_sets/land_sets_aaa_bases/bdt_t1_uk_rank_05.blk",
        "rankRange": [
          20,
          24
        ],
        "importAreas": true,
        "importUnits": true,
        "importTriggers": true,
        "importMissionObjectives": true,
        "importWayPoints": true,
        "showAreas": true,
        "showUnits": true,
        "showTriggers": true,
        "showMissionObjectives": true,
        "showWayPoints": true,
        "excludes": {}
      },
      {
        "file": "gameData/missions/templates/units_sets/land_sets_aaa_bases/bdt_t1_uk_rank_06.blk",
        "rankRange": [
          25,
          50
        ],
        "importAreas": true,
        "importUnits": true,
        "importTriggers": true,
        "importMissionObjectives": true,
        "importWayPoints": true,
        "showAreas": true,
        "showUnits": true,
        "showTriggers": true,
        "showMissionObjectives": true,
        "showWayPoints": true,
        "excludes": {}
      },
      {
        "file": "gameData/missions/templates/units_sets/land_sets_aaa_bases/bdt_t2_germ_rank_01.blk",
        "rankRange": [
          0,
          4
        ],
        "importAreas": true,
        "importUnits": true,
        "importTriggers": true,
        "importMissionObjectives": true,
        "importWayPoints": true,
        "showAreas": true,
        "showUnits": true,
        "showTriggers": true,
        "showMissionObjectives": true,
        "showWayPoints": true,
        "excludes": {}
      },
      {
        "file": "gameData/missions/templates/units_sets/land_sets_aaa_bases/bdt_t2_germ_rank_02.blk",
        "rankRange": [
          5,
          8
        ],
        "importAreas": true,
        "importUnits": true,
        "importTriggers": true,
        "importMissionObjectives": true,
        "importWayPoints": true,
        "showAreas": true,
        "showUnits": true,
        "showTriggers": true,
        "showMissionObjectives": true,
        "showWayPoints": true,
        "excludes": {}
      },
      {
        "file": "gameData/missions/templates/units_sets/land_sets_aaa_bases/bdt_t2_germ_rank_03.blk",
        "rankRange": [
          9,
          13
        ],
        "importAreas": true,
        "importUnits": true,
        "importTriggers": true,
        "importMissionObjectives": true,
        "importWayPoints": true,
        "showAreas": true,
        "showUnits": true,
        "showTriggers": true,
        "showMissionObjectives": true,
        "showWayPoints": true,
        "excludes": {}
      },
      {
        "file": "gameData/missions/templates/units_sets/land_sets_aaa_bases/bdt_t2_germ_rank_04.blk",
        "rankRange": [
          14,
          19
        ],
        "importAreas": true,
        "importUnits": true,
        "importTriggers": true,
        "importMissionObjectives": true,
        "importWayPoints": true,
        "showAreas": true,
        "showUnits": true,
        "showTriggers": true,
        "showMissionObjectives": true,
        "showWayPoints": true,
        "excludes": {}
      },
      {
        "file": "gameData/missions/templates/units_sets/land_sets_aaa_bases/bdt_t2_germ_rank_05.blk",
        "rankRange": [
          20,
          24
        ],
        "importAreas": true,
        "importUnits": true,
        "importTriggers": true,
        "importMissionObjectives": true,
        "importWayPoints": true,
        "showAreas": true,
        "showUnits": true,
        "showTriggers": true,
        "showMissionObjectives": true,
        "showWayPoints": true,
        "excludes": {}
      },
      {
        "file": "gameData/missions/templates/units_sets/land_sets_aaa_bases/bdt_t2_germ_rank_06.blk",
        "rankRange": [
          25,
          50
        ],
        "importAreas": true,
        "importUnits": true,
        "importTriggers": true,
        "importMissionObjectives": true,
        "importWayPoints": true,
        "showAreas": true,
        "showUnits": true,
        "showTriggers": true,
        "showMissionObjectives": true,
        "showWayPoints": true,
        "excludes": {}
      }
    ]
  },
  "triggers": {
    "isCategory": true,
    "is_enabled": true,
    "bdt_part_init": {
      "is_enabled": true,
      "comments": "",
      "props": {
        "actionsType": "PERFORM_ONE_BY_ONE",
        "conditionsType": "ALL",
        "enableAfterComplete": false
      },
      "events": {
        "initMission": {}
      },
      "conditions": {},
      "actions": {
        "comment": [
          {
            "value": "set max bases amount +1"
          },
          {
            "value": "enable self restarting for template"
          },
          {
            "value": "increase one-moment bases amount"
          },
          {
            "value": ""
          },
          {
            "value": ""
          },
          {
            "value": ""
          },
          {
            "value": ""
          }
        ],
        "varSetInt": [
          {
            "value": 9,
            "var": "bdt_t1_total_bases_max_count"
          },
          {
            "value": 9,
            "var": "bdt_t2_total_bases_max_count"
          },
          {
            "value": 4,
            "var": [
              "bdt_t1_active_bases_max_count",
              "bdt_t2_active_bases_max_count"
            ]
          },
          {
            "value": 1,
            "var": "bdt_delay_timer"
          }
        ],
        "varSetBool": [
          {
            "value": true,
            "var": "bdt_self_restart"
          },
          {
            "value": true,
            "var": "bMirrorSpawn"
          }
        ],
        "varSetString": {
          "value": "bfd",
          "var": "bdt_game_mode"
        },
        "varSetReal": {
          "value": 2000.0,
          "var": [
            "bdt_t1_min_zone_distance",
            "bdt_t2_min_zone_distance"
          ]
        }
      },
      "else_actions": {}
    }
  },
  "mission_objectives": {
    "isCategory": true,
    "is_enabled": true
  },
  "variables": {},
  "dialogs": {},
  "airfields": {},
  "effects": {},
  "units": {
    "objectGroups": [
      {
        "name": "bdt_t2_bomb_object_01",
        "tm": [
          [
            0.837162,
            0.0,
            -0.546952
          ],
          [
            0.0,
            1.0,
            0.0
          ],
          [
            0.546952,
            0.0,
            0.837162
          ],
          [
            -6814.53,
            28.6181,
            3121.26
          ]
        ],
        "unit_class": "dynBase_hq_camp_square",
        "objLayer": 2,
        "props": {
          "army": 2,
          "active": true
        }
      },
      {
        "name": "bdt_t2_bomb_object_02",
        "tm": [
          [
            0.353631,
            0.0,
            -0.935387
          ],
          [
            0.0,
            1.0,
            0.0
          ],
          [
            0.935387,
            0.0,
            0.353631
          ],
          [
            -5437.23,
            60.9512,
            -7167.76
          ]
        ],
        "unit_class": "dynBase_fuel_storage_square",
        "objLayer": 2,
        "props": {
          "army": 2,
          "active": true
        }
      },
      {
        "name": "bdt_t2_bomb_object_03",
        "tm": [
          [
            0.811987,
            0.0,
            0.583679
          ],
          [
            0.0,
            1.0,
            0.0
          ],
          [
            -0.583679,
            0.0,
            0.811987
          ],
          [
            -3666.03,
            57.3707,
            -9071.3
          ]
        ],
        "unit_class": "dynBase_oil_storage_small_square",
        "objLayer": 2,
        "props": {
          "army": 2,
          "active": true
        }
      },
      {
        "name": "bdt_t1_bomb_object_01",
        "tm": [
          [
            0.990973,
            0.0,
            -0.134055
          ],
          [
            0.0,
            1.0,
            0.0
          ],
          [
            0.134055,
            0.0,
            0.990973
          ],
          [
            9196.3,
            32.9387,
            5230.64
          ]
        ],
        "unit_class": "dynBase_fuel_storage_square",
        "objLayer": 2,
        "props": {
          "army": 1,
          "active": true
        }
      },
      {
        "name": "bdt_t1_bomb_object_02",
        "tm": [
          [
            0.821188,
            0.0,
            0.570656
          ],
          [
            0.0,
            1.0,
            0.0
          ],
          [
            -0.570656,
            0.0,
            0.821188
          ],
          [
            9639.17,
            15.0706,
            62.4333
          ]
        ],
        "unit_class": "dynBase_small_factory_square",
        "objLayer": 2,
        "props": {
          "army": 1,
          "active": false
        }
      },
      {
        "name": "bdt_t1_bomb_object_03",
        "tm": [
          [
            0.757055,
            0.0,
            0.653351
          ],
          [
            0.0,
            1.0,
            0.0
          ],
          [
            -0.653351,
            0.0,
            0.757055
          ],
          [
            7006.1,
            122.993,
            -5394.47
          ]
        ],
        "unit_class": "dynBase_oil_storage_small_square",
        "objLayer": 2,
        "props": {
          "army": 1,
          "active": false
        }
      },
      {
        "name": "bdt_t2_bomb_object_04",
        "tm": [
          [
            0.999483,
            0.0,
            0.0321416
          ],
          [
            0.0,
            1.0,
            0.0
          ],
          [
            -0.0321416,
            0.0,
            0.999483
          ],
          [
            -3772.52,
            22.3427,
            5999.93
          ]
        ],
        "unit_class": "dynBase_small_factory_square",
        "objLayer": 2,
        "props": {
          "army": 2,
          "active": true
        }
      },
      {
        "name": "bdt_t1_bomb_object_04",
        "tm": [
          [
            0.937845,
            0.0,
            0.347055
          ],
          [
            0.0,
            1.0,
            0.0
          ],
          [
            -0.347055,
            0.0,
            0.937845
          ],
          [
            4353.95,
            160.318,
            -7979.06
          ]
        ],
        "unit_class": "dynBase_field_camp_square",
        "objLayer": 2,
        "props": {
          "army": 1,
          "active": false
        }
      },
      {
        "name": "bdt_t1_bomb_object_05",
        "tm": [
          [
            0.937845,
            0.0,
            0.347055
          ],
          [
            0.0,
            1.0,
            0.0
          ],
          [
            -0.347055,
            0.0,
            0.937845
          ],
          [
            6014.5,
            291.546,
            -9349.82
          ]
        ],
        "unit_class": "dynBase_military_base_square",
        "objLayer": 2,
        "props": {
          "army": 1,
          "active": false
        }
      },
      {
        "name": "bdt_t1_bomb_object_06",
        "tm": [
          [
            0.937845,
            0.0,
            0.347055
          ],
          [
            0.0,
            1.0,
            0.0
          ],
          [
            -0.347055,
            0.0,
            0.937845
          ],
          [
            7874.94,
            223.298,
            -7002.93
          ]
        ],
        "unit_class": "dynBase_oil_storage_large_square",
        "objLayer": 2,
        "props": {
          "army": 1,
          "active": false
        }
      },
      {
        "name": "bdt_t1_bomb_object_07",
        "tm": [
          [
            0.937845,
            0.0,
            0.347055
          ],
          [
            0.0,
            1.0,
            0.0
          ],
          [
            -0.347055,
            0.0,
            0.937845
          ],
          [
            8889.84,
            60.0868,
            -5083.51
          ]
        ],
        "unit_class": "dynBase_oil_storage_large_square",
        "objLayer": 2,
        "props": {
          "army": 1,
          "active": false
        }
      },
      {
        "name": "bdt_t1_bomb_object_08",
        "tm": [
          [
            0.990973,
            0.0,
            -0.134055
          ],
          [
            0.0,
            1.0,
            0.0
          ],
          [
            0.134055,
            0.0,
            0.990973
          ],
          [
            7925.1,
            7.65184,
            5463.86
          ]
        ],
        "unit_class": "dynBase_small_factory_square",
        "objLayer": 2,
        "props": {
          "army": 1,
          "active": true
        }
      },
      {
        "name": "bdt_t1_bomb_object_09",
        "tm": [
          [
            0.990973,
            0.0,
            -0.134055
          ],
          [
            0.0,
            1.0,
            0.0
          ],
          [
            0.134055,
            0.0,
            0.990973
          ],
          [
            8050.8,
            65.2746,
            2403.43
          ]
        ],
        "unit_class": "dynBase_petrol_camp_square",
        "objLayer": 2,
        "props": {
          "army": 1,
          "active": true
        }
      },
      {
        "name": "bdt_t1_bomb_object_10",
        "tm": [
          [
            0.990973,
            0.0,
            -0.134055
          ],
          [
            0.0,
            1.0,
            0.0
          ],
          [
            0.134055,
            0.0,
            0.990973
          ],
          [
            10687.0,
            8.00285,
            -851.705
          ]
        ],
        "unit_class": "dynBase_petrol_camp_square",
        "objLayer": 2,
        "props": {
          "army": 1,
          "active": true
        }
      },
      {
        "name": "bdt_t2_bomb_object_05",
        "tm": [
          [
            0.999483,
            0.0,
            0.0321416
          ],
          [
            0.0,
            1.0,
            0.0
          ],
          [
            -0.0321416,
            0.0,
            0.999483
          ],
          [
            -3794.77,
            24.0905,
            7235.31
          ]
        ],
        "unit_class": "dynBase_petrol_camp_square",
        "objLayer": 2,
        "props": {
          "army": 2,
          "active": true
        }
      },
      {
        "name": "bdt_t2_bomb_object_06",
        "tm": [
          [
            0.867509,
            0.0,
            0.497421
          ],
          [
            0.0,
            1.0,
            0.0
          ],
          [
            -0.497421,
            0.0,
            0.867509
          ],
          [
            -6114.5,
            31.5433,
            5540.28
          ]
        ],
        "unit_class": "dynBase_military_base_square",
        "objLayer": 2,
        "props": {
          "army": 2,
          "active": true
        }
      },
      {
        "name": "bdt_t2_bomb_object_07",
        "tm": [
          [
            0.999483,
            0.0,
            0.0321416
          ],
          [
            0.0,
            1.0,
            0.0
          ],
          [
            -0.0321416,
            0.0,
            0.999483
          ],
          [
            -8285.14,
            38.9714,
            3451.8
          ]
        ],
        "unit_class": "dynBase_fuel_storage_square",
        "objLayer": 2,
        "props": {
          "army": 2,
          "active": true
        }
      },
      {
        "name": "bdt_t2_bomb_object_08",
        "tm": [
          [
            0.811987,
            0.0,
            0.583679
          ],
          [
            0.0,
            1.0,
            0.0
          ],
          [
            -0.583679,
            0.0,
            0.811987
          ],
          [
            -2887.5,
            72.7369,
            -10420.9
          ]
        ],
        "unit_class": "dynBase_ammunition_storage_square",
        "objLayer": 2,
        "props": {
          "army": 2,
          "active": true
        }
      },
      {
        "name": "bdt_t2_bomb_object_09",
        "tm": [
          [
            0.811987,
            0.0,
            0.583679
          ],
          [
            0.0,
            1.0,
            0.0
          ],
          [
            -0.583679,
            0.0,
            0.811987
          ],
          [
            -6649.55,
            93.7658,
            -8219.82
          ]
        ],
        "unit_class": "dynBase_field_camp_square",
        "objLayer": 2,
        "props": {
          "army": 2,
          "active": true
        }
      },
      {
        "name": "bdt_t2_bomb_object_10",
        "tm": [
          [
            0.811987,
            0.0,
            0.583679
          ],
          [
            0.0,
            1.0,
            0.0
          ],
          [
            -0.583679,
            0.0,
            0.811987
          ],
          [
            -7248.53,
            88.2084,
            -6456.63
          ]
        ],
        "unit_class": "dynBase_oil_storage_small_square",
        "objLayer": 2,
        "props": {
          "army": 2,
          "active": true
        }
      }
    ]
  },
  "areas": {
    "bdt_t2_bomb_zone_01": {
      "type": "Sphere",
      "tm": [
        [
          376.725,
          0.0,
          -246.129
        ],
        [
          0.0,
          450.0,
          0.0
        ],
        [
          246.129,
          0.0,
          376.725
        ],
        [
          -6820.29,
          28.4991,
          3116.99
        ]
      ],
      "objLayer": 0,
      "props": {}
    },
    "bdt_t2_bomb_zone_02": {
      "type": "Sphere",
      "tm": [
        [
          401.699,
          0.0,
          -202.829
        ],
        [
          0.0,
          450.0,
          0.0
        ],
        [
          202.829,
          0.0,
          401.699
        ],
        [
          -5419.99,
          60.3556,
          -7154.68
        ]
      ],
      "objLayer": 0,
      "props": {}
    },
    "bdt_t2_bomb_zone_03": {
      "type": "Sphere",
      "tm": [
        [
          365.394,
          0.0,
          262.654
        ],
        [
          0.0,
          450.0,
          0.0
        ],
        [
          -262.654,
          0.0,
          365.394
        ],
        [
          -3675.12,
          57.4197,
          -9067.65
        ]
      ],
      "objLayer": 0,
      "props": {}
    },
    "bdt_t1_bomb_zone_01": {
      "type": "Sphere",
      "tm": [
        [
          445.938,
          0.0,
          -60.3257
        ],
        [
          0.0,
          450.0,
          0.0
        ],
        [
          60.3257,
          0.0,
          445.938
        ],
        [
          9208.95,
          33.3253,
          5232.03
        ]
      ],
      "objLayer": 0,
      "props": {}
    },
    "bdt_t1_bomb_zone_02": {
      "type": "Sphere",
      "tm": [
        [
          416.356,
          0.0,
          170.726
        ],
        [
          0.0,
          450.0,
          0.0
        ],
        [
          -170.726,
          0.0,
          416.356
        ],
        [
          9642.35,
          15.0553,
          65.9807
        ]
      ],
      "objLayer": 0,
      "props": {}
    },
    "bdt_t1_bomb_zone_03": {
      "type": "Sphere",
      "tm": [
        [
          426.923,
          0.0,
          142.254
        ],
        [
          0.0,
          450.0,
          0.0
        ],
        [
          -142.254,
          0.0,
          426.923
        ],
        [
          7011.3,
          122.729,
          -5392.13
        ]
      ],
      "objLayer": 0,
      "props": {}
    },
    "bdt_t2_bomb_zone_04": {
      "type": "Sphere",
      "tm": [
        [
          449.767,
          0.0,
          14.4634
        ],
        [
          0.0,
          450.0,
          0.0
        ],
        [
          -14.4634,
          0.0,
          449.767
        ],
        [
          -3764.78,
          22.3175,
          5998.3
        ]
      ],
      "objLayer": 0,
      "props": {}
    },
    "bdt_t1_bomb_zone_04": {
      "type": "Sphere",
      "tm": [
        [
          426.923,
          0.0,
          142.254
        ],
        [
          0.0,
          450.0,
          0.0
        ],
        [
          -142.254,
          0.0,
          426.923
        ],
        [
          4352.38,
          160.727,
          -7973.51
        ]
      ],
      "objLayer": 0,
      "props": {}
    },
    "bdt_t2_bomb_zone_01_aaa_point_01": {
      "type": "Point",
      "tm": [
        [
          0.9999,
          0.0,
          0.0139994
        ],
        [
          0.0,
          1.0,
          0.0
        ],
        [
          -0.0139994,
          0.0,
          0.9999
        ],
        [
          -6790.3,
          27.2164,
          2893.55
        ]
      ],
      "objLayer": 0,
      "props": {}
    },
    "bdt_t2_bomb_zone_01_aaa_point_02": {
      "type": "Point",
      "tm": [
        [
          0.9999,
          0.0,
          0.0139994
        ],
        [
          0.0,
          1.0,
          0.0
        ],
        [
          -0.0139994,
          0.0,
          0.9999
        ],
        [
          -6960.69,
          32.801,
          3373.3
        ]
      ],
      "objLayer": 0,
      "props": {}
    },
    "bdt_t2_bomb_zone_01_aaa_point_03": {
      "type": "Point",
      "tm": [
        [
          0.9999,
          0.0,
          0.0139994
        ],
        [
          0.0,
          1.0,
          0.0
        ],
        [
          -0.0139994,
          0.0,
          0.9999
        ],
        [
          -6842.06,
          33.6897,
          3383.01
        ]
      ],
      "objLayer": 0,
      "props": {}
    },
    "bdt_t2_bomb_zone_01_aaa_point_04": {
      "type": "Point",
      "tm": [
        [
          0.9999,
          0.0,
          0.0139994
        ],
        [
          0.0,
          1.0,
          0.0
        ],
        [
          -0.0139994,
          0.0,
          0.9999
        ],
        [
          -6457.62,
          29.2706,
          3411.92
        ]
      ],
      "objLayer": 0,
      "props": {}
    },
    "bdt_t2_bomb_zone_02_aaa_point_01": {
      "type": "Point",
      "tm": [
        [
          0.992179,
          0.0,
          0.124812
        ],
        [
          0.0,
          1.0,
          0.0
        ],
        [
          -0.124812,
          0.0,
          0.992179
        ],
        [
          -5598.47,
          61.602,
          -7327.69
        ]
      ],
      "objLayer": 0,
      "props": {}
    },
    "bdt_t2_bomb_zone_02_aaa_point_02": {
      "type": "Point",
      "tm": [
        [
          0.992179,
          0.0,
          0.124812
        ],
        [
          0.0,
          1.0,
          0.0
        ],
        [
          -0.124812,
          0.0,
          0.992179
        ],
        [
          -5395.37,
          62.143,
          -6828.31
        ]
      ],
      "objLayer": 0,
      "props": {}
    },
    "bdt_t2_bomb_zone_02_aaa_point_03": {
      "type": "Point",
      "tm": [
        [
          0.992179,
          0.0,
          0.124812
        ],
        [
          0.0,
          1.0,
          0.0
        ],
        [
          -0.124812,
          0.0,
          0.992179
        ],
        [
          -5688.91,
          65.5815,
          -7078.12
        ]
      ],
      "objLayer": 0,
      "props": {}
    },
    "bdt_t2_bomb_zone_02_aaa_point_04": {
      "type": "Point",
      "tm": [
        [
          0.992179,
          0.0,
          0.124812
        ],
        [
          0.0,
          1.0,
          0.0
        ],
        [
          -0.124812,
          0.0,
          0.992179
        ],
        [
          -5190.88,
          69.763,
          -7165.3
        ]
      ],
      "objLayer": 0,
      "props": {}
    },
    "bdt_t2_bomb_zone_03_aaa_point_01": {
      "type": "Point",
      "tm": [
        [
          0.992179,
          0.0,
          0.124812
        ],
        [
          0.0,
          1.0,
          0.0
        ],
        [
          -0.124812,
          0.0,
          0.992179
        ],
        [
          -3305.67,
          58.7338,
          -9329.48
        ]
      ],
      "objLayer": 0,
      "props": {}
    },
    "bdt_t2_bomb_zone_03_aaa_point_02": {
      "type": "Point",
      "tm": [
        [
          0.992179,
          0.0,
          0.124812
        ],
        [
          0.0,
          1.0,
          0.0
        ],
        [
          -0.124812,
          0.0,
          0.992179
        ],
        [
          -3599.52,
          55.2144,
          -8785.01
        ]
      ],
      "objLayer": 0,
      "props": {}
    },
    "bdt_t2_bomb_zone_03_aaa_point_03": {
      "type": "Point",
      "tm": [
        [
          0.992179,
          0.0,
          0.124812
        ],
        [
          0.0,
          1.0,
          0.0
        ],
        [
          -0.124812,
          0.0,
          0.992179
        ],
        [
          -3901.64,
          57.863,
          -8841.15
        ]
      ],
      "objLayer": 0,
      "props": {}
    },
    "bdt_t2_bomb_zone_03_aaa_point_04": {
      "type": "Point",
      "tm": [
        [
          0.992179,
          0.0,
          0.124812
        ],
        [
          0.0,
          1.0,
          0.0
        ],
        [
          -0.124812,
          0.0,
          0.992179
        ],
        [
          -3818.37,
          59.9185,
          -9331.25
        ]
      ],
      "objLayer": 0,
      "props": {}
    },
    "bdt_t2_bomb_zone_04_aaa_point_01": {
      "type": "Point",
      "tm": [
        [
          0.9999,
          0.0,
          0.0139994
        ],
        [
          0.0,
          1.0,
          0.0
        ],
        [
          -0.0139994,
          0.0,
          0.9999
        ],
        [
          -3528.76,
          15.8911,
          6232.26
        ]
      ],
      "objLayer": 0,
      "props": {}
    },
    "bdt_t2_bomb_zone_04_aaa_point_02": {
      "type": "Point",
      "tm": [
        [
          0.9999,
          0.0,
          0.0139994
        ],
        [
          0.0,
          1.0,
          0.0
        ],
        [
          -0.0139994,
          0.0,
          0.9999
        ],
        [
          -3985.72,
          18.744,
          6204.36
        ]
      ],
      "objLayer": 0,
      "props": {}
    },
    "bdt_t2_bomb_zone_04_aaa_point_03": {
      "type": "Point",
      "tm": [
        [
          0.9999,
          0.0,
          0.0139994
        ],
        [
          0.0,
          1.0,
          0.0
        ],
        [
          -0.0139994,
          0.0,
          0.9999
        ],
        [
          -3643.86,
          26.2362,
          5760.73
        ]
      ],
      "objLayer": 0,
      "props": {}
    },
    "bdt_t2_bomb_zone_04_aaa_point_04": {
      "type": "Point",
      "tm": [
        [
          0.9999,
          0.0,
          0.0139994
        ],
        [
          0.0,
          1.0,
          0.0
        ],
        [
          -0.0139994,
          0.0,
          0.9999
        ],
        [
          -3887.07,
          26.1902,
          5783.83
        ]
      ],
      "objLayer": 0,
      "props": {}
    },
    "bdt_t1_bomb_zone_01_aaa_point_01": {
      "type": "Point",
      "tm": [
        [
          0.896824,
          0.0,
          0.442387
        ],
        [
          0.0,
          1.0,
          0.0
        ],
        [
          -0.442387,
          0.0,
          0.896824
        ],
        [
          9433.28,
          31.2191,
          5352.78
        ]
      ],
      "objLayer": 0,
      "props": {}
    },
    "bdt_t1_bomb_zone_01_aaa_point_02": {
      "type": "Point",
      "tm": [
        [
          0.896824,
          0.0,
          0.442387
        ],
        [
          0.0,
          1.0,
          0.0
        ],
        [
          -0.442387,
          0.0,
          0.896824
        ],
        [
          8961.59,
          17.3671,
          5178.17
        ]
      ],
      "objLayer": 0,
      "props": {}
    },
    "bdt_t1_bomb_zone_01_aaa_point_03": {
      "type": "Point",
      "tm": [
        [
          0.896824,
          0.0,
          0.442387
        ],
        [
          0.0,
          1.0,
          0.0
        ],
        [
          -0.442387,
          0.0,
          0.896824
        ],
        [
          9285.2,
          41.3959,
          5011.6
        ]
      ],
      "objLayer": 0,
      "props": {}
    },
    "bdt_t1_bomb_zone_01_aaa_point_04": {
      "type": "Point",
      "tm": [
        [
          0.896824,
          0.0,
          0.442387
        ],
        [
          0.0,
          1.0,
          0.0
        ],
        [
          -0.442387,
          0.0,
          0.896824
        ],
        [
          9057.89,
          43.0642,
          5035.0
        ]
      ],
      "objLayer": 0,
      "props": {}
    },
    "bdt_t1_bomb_zone_02_aaa_point_01": {
      "type": "Point",
      "tm": [
        [
          0.896824,
          0.0,
          0.442387
        ],
        [
          0.0,
          1.0,
          0.0
        ],
        [
          -0.442387,
          0.0,
          0.896824
        ],
        [
          9741.64,
          15.2351,
          317.505
        ]
      ],
      "objLayer": 0,
      "props": {}
    },
    "bdt_t1_bomb_zone_02_aaa_point_02": {
      "type": "Point",
      "tm": [
        [
          0.896824,
          0.0,
          0.442387
        ],
        [
          0.0,
          1.0,
          0.0
        ],
        [
          -0.442387,
          0.0,
          0.896824
        ],
        [
          9457.71,
          18.5251,
          257.188
        ]
      ],
      "objLayer": 0,
      "props": {}
    },
    "bdt_t1_bomb_zone_02_aaa_point_03": {
      "type": "Point",
      "tm": [
        [
          0.896824,
          0.0,
          0.442387
        ],
        [
          0.0,
          1.0,
          0.0
        ],
        [
          -0.442387,
          0.0,
          0.896824
        ],
        [
          9782.04,
          11.3148,
          -362.322
        ]
      ],
      "objLayer": 0,
      "props": {}
    },
    "bdt_t1_bomb_zone_02_aaa_point_04": {
      "type": "Point",
      "tm": [
        [
          0.896824,
          0.0,
          0.442387
        ],
        [
          0.0,
          1.0,
          0.0
        ],
        [
          -0.442387,
          0.0,
          0.896824
        ],
        [
          9332.89,
          14.6114,
          -46.1721
        ]
      ],
      "objLayer": 0,
      "props": {}
    },
    "bdt_t1_bomb_zone_03_aaa_point_01": {
      "type": "Point",
      "tm": [
        [
          0.940356,
          0.0,
          0.340192
        ],
        [
          0.0,
          1.0,
          0.0
        ],
        [
          -0.340192,
          0.0,
          0.940356
        ],
        [
          6899.96,
          109.127,
          -5679.02
        ]
      ],
      "objLayer": 0,
      "props": {}
    },
    "bdt_t1_bomb_zone_03_aaa_point_02": {
      "type": "Point",
      "tm": [
        [
          0.940356,
          0.0,
          0.340192
        ],
        [
          0.0,
          1.0,
          0.0
        ],
        [
          -0.340192,
          0.0,
          0.940356
        ],
        [
          7084.98,
          119.465,
          -5161.47
        ]
      ],
      "objLayer": 0,
      "props": {}
    },
    "bdt_t1_bomb_zone_03_aaa_point_03": {
      "type": "Point",
      "tm": [
        [
          0.940356,
          0.0,
          0.340192
        ],
        [
          0.0,
          1.0,
          0.0
        ],
        [
          -0.340192,
          0.0,
          0.940356
        ],
        [
          6806.65,
          109.737,
          -5191.22
        ]
      ],
      "objLayer": 0,
      "props": {}
    },
    "bdt_t1_bomb_zone_03_aaa_point_04": {
      "type": "Point",
      "tm": [
        [
          0.940356,
          0.0,
          0.340192
        ],
        [
          0.0,
          1.0,
          0.0
        ],
        [
          -0.340192,
          0.0,
          0.940356
        ],
        [
          7250.92,
          131.237,
          -5495.32
        ]
      ],
      "objLayer": 0,
      "props": {}
    },
    "bdt_t1_bomb_zone_04_aaa_point_01": {
      "type": "Point",
      "tm": [
        [
          0.940356,
          0.0,
          0.340192
        ],
        [
          0.0,
          1.0,
          0.0
        ],
        [
          -0.340192,
          0.0,
          0.940356
        ],
        [
          4667.94,
          186.799,
          -8001.91
        ]
      ],
      "objLayer": 0,
      "props": {}
    },
    "bdt_t1_bomb_zone_04_aaa_point_02": {
      "type": "Point",
      "tm": [
        [
          0.940356,
          0.0,
          0.340192
        ],
        [
          0.0,
          1.0,
          0.0
        ],
        [
          -0.340192,
          0.0,
          0.940356
        ],
        [
          4469.39,
          187.43,
          -7749.5
        ]
      ],
      "objLayer": 0,
      "props": {}
    },
    "bdt_t1_bomb_zone_04_aaa_point_03": {
      "type": "Point",
      "tm": [
        [
          0.940356,
          0.0,
          0.340192
        ],
        [
          0.0,
          1.0,
          0.0
        ],
        [
          -0.340192,
          0.0,
          0.940356
        ],
        [
          4445.65,
          132.018,
          -8249.05
        ]
      ],
      "objLayer": 0,
      "props": {}
    },
    "bdt_t1_bomb_zone_04_aaa_point_04": {
      "type": "Point",
      "tm": [
        [
          0.940356,
          0.0,
          0.340192
        ],
        [
          0.0,
          1.0,
          0.0
        ],
        [
          -0.340192,
          0.0,
          0.940356
        ],
        [
          4112.81,
          134.408,
          -7770.72
        ]
      ],
      "objLayer": 0,
      "props": {}
    },
    "bdt_t1_bomb_zone_05": {
      "type": "Sphere",
      "tm": [
        [
          426.923,
          0.0,
          142.254
        ],
        [
          0.0,
          450.0,
          0.0
        ],
        [
          -142.254,
          0.0,
          426.923
        ],
        [
          6012.85,
          291.054,
          -9344.25
        ]
      ],
      "objLayer": 0,
      "props": {}
    },
    "bdt_t1_bomb_zone_06": {
      "type": "Sphere",
      "tm": [
        [
          426.923,
          0.0,
          142.254
        ],
        [
          0.0,
          450.0,
          0.0
        ],
        [
          -142.254,
          0.0,
          426.923
        ],
        [
          7873.39,
          223.224,
          -6997.37
        ]
      ],
      "objLayer": 0,
      "props": {}
    },
    "bdt_t1_bomb_zone_07": {
      "type": "Sphere",
      "tm": [
        [
          426.923,
          0.0,
          142.254
        ],
        [
          0.0,
          450.0,
          0.0
        ],
        [
          -142.254,
          0.0,
          426.923
        ],
        [
          8888.28,
          60.2988,
          -5077.86
        ]
      ],
      "objLayer": 0,
      "props": {}
    },
    "bdt_t1_bomb_zone_08": {
      "type": "Sphere",
      "tm": [
        [
          445.938,
          0.0,
          -60.3257
        ],
        [
          0.0,
          450.0,
          0.0
        ],
        [
          60.3257,
          0.0,
          445.938
        ],
        [
          7937.76,
          7.68802,
          5465.25
        ]
      ],
      "objLayer": 0,
      "props": {}
    },
    "bdt_t1_bomb_zone_09": {
      "type": "Sphere",
      "tm": [
        [
          445.938,
          0.0,
          -60.3257
        ],
        [
          0.0,
          450.0,
          0.0
        ],
        [
          60.3257,
          0.0,
          445.938
        ],
        [
          8063.22,
          65.348,
          2404.81
        ]
      ],
      "objLayer": 0,
      "props": {}
    },
    "bdt_t1_bomb_zone_10": {
      "type": "Sphere",
      "tm": [
        [
          445.938,
          0.0,
          -60.3257
        ],
        [
          0.0,
          450.0,
          0.0
        ],
        [
          60.3257,
          0.0,
          445.938
        ],
        [
          10699.6,
          8.08867,
          -850.306
        ]
      ],
      "objLayer": 0,
      "props": {}
    },
