{
  "selected_tag": "",
  "bin_dump_file": "",
  "mission_settings": {
    "player": {
      "army": 1,
      "wing": "cnv_armada"
    },
    "player_teamB": {
      "army": 2
    },
    "mission": {
      "type": "singleMission",
      "level": "levels/water.bin",
      "environment": "Day",
      "weather": "hazy"
    }
  },
  "imports": {
    "import_record": [
      {
        "file": "gameData/missions/templates/enduring_confrontation/cnv_convoys_template_without_routes.blk",
        "importAreas": true,
        "importUnits": true,
        "importTriggers": true,
        "importMissionObjectives": true,
        "importWayPoints": true,
        "importDialogs": true,
        "showAreas": true,
        "showUnits": true,
        "showTriggers": true,
        "showMissionObjectives": true,
        "showWayPoints": true,
        "showDialogs": true,
        "excludes": {}
      },
      {
        "file": "gameData/missions/templates/units_sets/land_sets_convoys/cnv_t1_ussr_rank_01.blk",
        "rankRange": [
          0,
          4
        ],
        "importAreas": true,
        "importUnits": true,
        "importTriggers": true,
        "importMissionObjectives": true,
        "importWayPoints": true,
        "importDialogs": true,
        "showAreas": true,
        "showUnits": true,
        "showTriggers": true,
        "showMissionObjectives": true,
        "showWayPoints": true,
        "showDialogs": true,
        "excludes": {}
      },
      {
        "file": "gameData/missions/templates/units_sets/land_sets_convoys/cnv_t1_ussr_rank_02.blk",
        "rankRange": [
          5,
          8
        ],
        "importAreas": true,
        "importUnits": true,
        "importTriggers": true,
        "importMissionObjectives": true,
        "importWayPoints": true,
        "importDialogs": true,
        "showAreas": true,
        "showUnits": true,
        "showTriggers": true,
        "showMissionObjectives": true,
        "showWayPoints": true,
        "showDialogs": true,
        "excludes": {}
      },
      {
        "file": "gameData/missions/templates/units_sets/land_sets_convoys/cnv_t1_ussr_rank_03.blk",
        "rankRange": [
          9,
          13
        ],
        "importAreas": true,
        "importUnits": true,
        "importTriggers": true,
        "importMissionObjectives": true,
        "importWayPoints": true,
        "importDialogs": true,
        "showAreas": true,
        "showUnits": true,
        "showTriggers": true,
        "showMissionObjectives": true,
        "showWayPoints": true,
        "showDialogs": true,
        "excludes": {}
      },
      {
        "file": "gameData/missions/templates/units_sets/land_sets_convoys/cnv_t1_ussr_rank_04.blk",
        "rankRange": [
          14,
          19
        ],
        "importAreas": true,
        "importUnits": true,
        "importTriggers": true,
        "importMissionObjectives": true,
        "importWayPoints": true,
        "importDialogs": true,
        "showAreas": true,
        "showUnits": true,
        "showTriggers": true,
        "showMissionObjectives": true,
        "showWayPoints": true,
        "showDialogs": true,
        "excludes": {}
      },
      {
        "file": "gameData/missions/templates/units_sets/land_sets_convoys/cnv_t1_ussr_rank_05.blk",
        "rankRange": [
          20,
          24
        ],
        "importAreas": true,
        "importUnits": true,
        "importTriggers": true,
        "importMissionObjectives": true,
        "importWayPoints": true,
        "importDialogs": true,
        "showAreas": true,
        "showUnits": true,
        "showTriggers": true,
        "showMissionObjectives": true,
        "showWayPoints": true,
        "showDialogs": true,
        "excludes": {}
      },
      {
        "file": "gameData/missions/templates/units_sets/land_sets_convoys/cnv_t1_ussr_rank_06.blk",
        "rankRange": [
          25,
          28
        ],
        "importAreas": true,
        "importUnits": true,
        "importTriggers": true,
        "importMissionObjectives": true,
        "importWayPoints": true,
        "importDialogs": true,
        "showAreas": true,
        "showUnits": true,
        "showTriggers": true,
        "showMissionObjectives": true,
        "showWayPoints": true,
        "showDialogs": true,
        "excludes": {}
      },
      {
        "file": "gameData/missions/templates/units_sets/land_sets_convoys/cnv_t1_ussr_rank_07.blk",
        "rankRange": [
          29,
          50
        ],
        "importAreas": true,
        "importUnits": true,
        "importTriggers": true,
        "importMissionObjectives": true,
        "importWayPoints": true,
        "importDialogs": true,
        "showAreas": true,
        "showUnits": true,
        "showTriggers": true,
        "showMissionObjectives": true,
        "showWayPoints": true,
        "showDialogs": true,
        "excludes": {}
      },
      {
        "file": "gameData/missions/templates/units_sets/land_sets_convoys/cnv_t2_germ_rank_01.blk",
        "rankRange": [
          0,
          4
        ],
        "importAreas": true,
        "importUnits": true,
        "importTriggers": true,
        "importMissionObjectives": true,
        "importWayPoints": true,
        "importDialogs": true,
        "showAreas": true,
        "showUnits": true,
        "showTriggers": true,
        "showMissionObjectives": true,
        "showWayPoints": true,
        "showDialogs": true,
        "excludes": {}
      },
      {
        "file": "gameData/missions/templates/units_sets/land_sets_convoys/cnv_t2_germ_rank_02.blk",
        "rankRange": [
          5,
          8
        ],
        "importAreas": true,
        "importUnits": true,
        "importTriggers": true,
        "importMissionObjectives": true,
        "importWayPoints": true,
        "importDialogs": true,
        "showAreas": true,
        "showUnits": true,
        "showTriggers": true,
        "showMissionObjectives": true,
        "showWayPoints": true,
        "showDialogs": true,
        "excludes": {}
      },
      {
        "file": "gameData/missions/templates/units_sets/land_sets_convoys/cnv_t2_germ_rank_03.blk",
        "rankRange": [
          9,
          13
        ],
        "importAreas": true,
        "importUnits": true,
        "importTriggers": true,
        "importMissionObjectives": true,
        "importWayPoints": true,
        "importDialogs": true,
        "showAreas": true,
        "showUnits": true,
        "showTriggers": true,
        "showMissionObjectives": true,
        "showWayPoints": true,
        "showDialogs": true,
        "excludes": {}
      },
      {
        "file": "gameData/missions/templates/units_sets/land_sets_convoys/cnv_t2_germ_rank_04.blk",
        "rankRange": [
          14,
          19
        ],
        "importAreas": true,
        "importUnits": true,
        "importTriggers": true,
        "importMissionObjectives": true,
        "importWayPoints": true,
        "importDialogs": true,
        "showAreas": true,
        "showUnits": true,
        "showTriggers": true,
        "showMissionObjectives": true,
        "showWayPoints": true,
        "showDialogs": true,
        "excludes": {}
      },
      {
        "file": "gameData/missions/templates/units_sets/land_sets_convoys/cnv_t2_germ_rank_05.blk",
        "rankRange": [
          20,
          24
        ],
        "importAreas": true,
        "importUnits": true,
        "importTriggers": true,
        "importMissionObjectives": true,
        "importWayPoints": true,
        "importDialogs": true,
        "showAreas": true,
        "showUnits": true,
        "showTriggers": true,
        "showMissionObjectives": true,
        "showWayPoints": true,
        "showDialogs": true,
        "excludes": {}
      },
      {
        "file": "gameData/missions/templates/units_sets/land_sets_convoys/cnv_t2_germ_rank_06.blk",
        "rankRange": [
          25,
          28
        ],
        "importAreas": true,
        "importUnits": true,
        "importTriggers": true,
        "importMissionObjectives": true,
        "importWayPoints": true,
        "importDialogs": true,
        "showAreas": true,
        "showUnits": true,
        "showTriggers": true,
        "showMissionObjectives": true,
        "showWayPoints": true,
        "showDialogs": true,
        "excludes": {}
      },
      {
        "file": "gameData/missions/templates/units_sets/land_sets_convoys/cnv_t2_germ_rank_07.blk",
        "rankRange": [
          29,
          50
        ],
        "importAreas": true,
        "importUnits": true,
        "importTriggers": true,
        "importMissionObjectives": true,
        "importWayPoints": true,
        "importDialogs": true,
        "showAreas": true,
        "showUnits": true,
        "showTriggers": true,
        "showMissionObjectives": true,
        "showWayPoints": true,
        "showDialogs": true,
        "excludes": {}
      }
    ]
  },
  "triggers": {
    "isCategory": true,
    "is_enabled": true,
    "cnv_part_init": {
      "is_enabled": true,
      "comments": "",
      "props": {
        "actionsType": "PERFORM_ONE_BY_ONE",
        "conditionsType": "ALL",
        "enableAfterComplete": false
      },
      "events": {
        "initMission": {}
      },
      "conditions": {},
      "actions": {
        "comment": [
          {
            "value": "set 2 convoys for team A"
          },
          {
            "value": "set 2 convoys for team B"
          },
          {
            "value": "max avaiable road index PLUS ONE"
          }
        ],
        "varSetInt": [
          {
            "value": 2,
            "var": "cnv_t1_max_convoys_num"
          },
          {
            "value": 2,
            "var": "cnv_t2_max_convoys_num"
          },
          {
            "value": 17,
            "var": "cnv_max_roads"
          },
          {
            "value": 17,
            "var": "cnv_t1_max_roads"
          },
          {
            "value": 17,
            "var": "cnv_t2_max_roads"
          }
        ]
      },
      "else_actions": {}
    }
  },
  "mission_objectives": {
    "isCategory": true,
    "is_enabled": true
  },
  "variables": {},
  "dialogs": {},
  "airfields": {},
  "effects": {},
  "units": {
    "armada": {
      "name": "cnv_armada",
      "tm": [
        [
          1.0,
          0.0,
          0.0
        ],
        [
          0.0,
          1.0,
          0.0
        ],
        [
          0.0,
          0.0,
          1.0
        ],
        [
          22464.2,
          527.614,
          22065.4
        ]
      ],
      "unit_class": "a-20g",
      "objLayer": 1,
      "closed_waypoints": false,
      "isShipSpline": false,
      "shipTurnRadius": 100.0,
      "weapons": "",
      "bullets0": "",
      "bullets1": "",
      "bullets2": "",
      "bullets3": "",
      "bulletsCount0": 0,
      "bulletsCount1": 0,
      "bulletsCount2": 0,
      "bulletsCount3": 0,
      "crewSkillK": 0.0,
      "applyAllMods": false,
      "props": {
        "army": 2,
        "count": 1,
        "free_distance": 70.0,
        "floating_distance": 50.0,
        "minimum_distance_to_earth": 20.0,
        "altLimit": 6000.0,
        "attack_type": "fire_at_will",
        "skill": 4,
        "plane": {
          "wing_formation": "Diamond",
          "row_distances": 3.0,
          "col_distances": 3.0,
          "super_formation": "Diamond",
          "super_row_distances": 1.5,
          "super_col_distances": 1.5,
          "ai_skill": "NORMAL",
          "task": "FLY_WAYPOINT"
        }
      },
      "way": {}
    },
    "squad": [
      {
        "name": "cnv_all_convoys_squad",
        "tm": [
          [
            1.0,
            0.0,
            0.0
          ],
          [
            0.0,
            1.0,
            0.0
          ],
          [
            0.0,
            0.0,
            1.0
          ],
          [
            51561.9,
            -5.15,
            2806.65
          ]
        ],
        "props": {
          "squad_members": [
            "cnv_t1_all_convoys_squad",
            "cnv_t2_all_convoys_squad"
          ],
          "object_marking": 0
        }
      },
      {
        "name": "bridges_squad",
        "tm": [
          [
            1.0,
            0.0,
            0.0
          ],
          [
            0.0,
            1.0,
            0.0
          ],
          [
            0.0,
            0.0,
            1.0
          ],
          [
            56267.8,
            1.55,
            -13905.0
          ]
        ],
        "props": {
          "squad_members": "air_smolensk_bridges_squad",
          "object_marking": 0
        }
      }
    ]
  },
  "areas": {
    "cnv_battle_area": {
      "type": "Box",
      "tm": [
        [
          86016.0,
          0.0,
          -0.00131848
        ],
        [
          0.0,
          1200.0,
          0.0
        ],
        [
          0.00131848,
          0.0,
          86016.0
        ],
        [
          0.0,
          10.3,
          0.0
        ]
      ],
      "objLayer": 3,
      "props": {}
    },
    "cnv_t1_road_start_01": {
      "type": "Point",
      "tm": [
        [
          -0.840933,
          0.0,
          -0.541139
        ],
        [
          0.0,
          1.0,
          0.0
        ],
        [
          0.541139,
          0.0,
          -0.840933
        ],
        [
          40703.0,
          214.772,
          -33484.9
        ]
      ],
      "objLayer": 0,
      "props": {}
    },
    "cnv_t1_road_start_02": {
      "type": "Point",
      "tm": [
        [
          -0.876644,
          0.0,
          0.481139
        ],
        [
          0.0,
          1.0,
          0.0
        ],
        [
          -0.481139,
          0.0,
          -0.876644
        ],
        [
          41488.7,
          136.383,
          -26730.8
        ]
      ],
      "objLayer": 0,
      "props": {}
    },
    "cnv_t1_road_start_03": {
      "type": "Point",
      "tm": [
        [
          -0.971553,
          0.0,
          -0.236823
        ],
        [
          0.0,
          1.0,
          0.0
        ],
        [
          0.236823,
          0.0,
          -0.971553
        ],
        [
          42003.9,
          117.833,
          -16913.3
        ]
      ],
      "objLayer": 0,
      "props": {}
    },
    "cnv_t1_road_start_04": {
      "type": "Point",
      "tm": [
        [
          -0.433072,
          0.0,
          -0.901359
        ],
        [
          0.0,
          1.0,
          0.0
        ],
        [
          0.901359,
          0.0,
          -0.433072
        ],
        [
          41774.7,
          119.278,
          -8987.92
        ]
      ],
      "objLayer": 0,
      "props": {}
    },
    "cnv_t1_road_start_05": {
      "type": "Point",
      "tm": [
        [
          -0.733048,
          0.0,
          0.680177
        ],
        [
          0.0,
          1.0,
          0.0
        ],
        [
          -0.680177,
          0.0,
          -0.733048
        ],
        [
          41292.2,
          13.4264,
          14208.5
        ]
      ],
      "objLayer": 0,
      "props": {}
    },
    "cnv_t1_road_start_06": {
      "type": "Point",
      "tm": [
        [
          -0.999496,
          0.0,
          0.03174
        ],
        [
          0.0,
          1.0,
          0.0
        ],
        [
          -0.03174,
          0.0,
          -0.999496
        ],
        [
          41049.4,
          110.603,
          31091.3
        ]
      ],
      "objLayer": 0,
      "props": {}
    },
    "cnv_t2_road_start_01": {
      "type": "Point",
      "tm": [
        [
          0.981725,
          0.0,
          -0.190304
        ],
        [
          0.0,
          1.0,
          0.0
        ],
        [
          0.190304,
          0.0,
          0.981725
        ],
        [
          -41036.3,
          168.242,
          -40197.8
        ]
      ],
      "objLayer": 0,
      "props": {}
    },
    "cnv_t2_road_start_02": {
      "type": "Point",
      "tm": [
        [
          1.0,
          0.0,
          0.0
        ],
        [
          0.0,
          1.0,
          0.0
        ],
        [
          0.0,
          0.0,
          1.0
        ],
        [
          -41266.9,
          32.3971,
          -25110.3
        ]
      ],
      "objLayer": 0,
      "props": {}
    },
    "cnv_t2_road_start_03": {
      "type": "Point",
      "tm": [
        [
          1.0,
          0.0,
          0.0
        ],
        [
          0.0,
          1.0,
          0.0
        ],
        [
          0.0,
          0.0,
          1.0
        ],
        [
          -40480.0,
          50.8844,
          -8973.68
        ]
      ],
      "objLayer": 0,
      "props": {}
    },
    "cnv_t2_road_start_04": {
      "type": "Point",
      "tm": [
        [
          0.879059,
          0.0,
          -0.476713
        ],
        [
          0.0,
          1.0,
          0.0
        ],
        [
          0.476713,
          0.0,
          0.879059
        ],
        [
          -39762.7,
          3.80469,
          4846.42
        ]
      ],
      "objLayer": 0,
      "props": {}
    },
    "cnv_t2_road_start_05": {
      "type": "Point",
      "tm": [
        [
          0.938835,
          0.0,
          -0.344368
        ],
        [
          0.0,
          1.0,
          0.0
        ],
        [
          0.344368,
          0.0,
          0.938835
        ],
        [
          -39995.6,
          31.7339,
          18689.5
        ]
      ],
      "objLayer": 0,
      "props": {}
    },
    "cnv_t1_road_start_07": {
      "type": "Point",
      "tm": [
        [
          -0.995211,
          0.0,
          -0.0977471
        ],
        [
          0.0,
          1.0,
          0.0
        ],
        [
          0.0977471,
          0.0,
          -0.995211
        ],
        [
          57396.8,
          75.8,
          -48323.5
        ]
      ],
      "objLayer": 0,
      "props": {}
    },
    "cnv_t1_road_start_08": {
      "type": "Point",
      "tm": [
        [
          0.898618,
          0.0,
          -0.438732
        ],
        [
          0.0,
          1.0,
          0.0
        ],
        [
          0.438732,
          0.0,
          0.898618
        ],
        [
          54941.8,
          158.8,
          -26033.5
        ]
      ],
      "objLayer": 0,
      "props": {}
    },
    "cnv_t1_road_start_09": {
      "type": "Point",
      "tm": [
        [
          -0.937346,
          0.0,
          -0.348399
        ],
        [
          0.0,
          1.0,
          0.0
        ],
        [
          0.348399,
          0.0,
          -0.937346
        ],
        [
          56595.6,
          99.6,
          -12396.7
        ]
      ],
      "objLayer": 0,
      "props": {}
    },
    "cnv_t1_road_start_10": {
      "type": "Point",
      "tm": [
        [
          -0.99745,
          0.0,
          0.0713685
        ],
        [
          0.0,
          1.0,
          0.0
        ],
        [
          -0.0713685,
          0.0,
          -0.99745
        ],
        [
          55931.2,
          44.5,
          24217.3
        ]
      ],
      "objLayer": 0,
      "props": {}
    },
    "cnv_t1_road_start_11": {
      "type": "Point",
      "tm": [
        [
          -0.902449,
          0.0,
          -0.430797
        ],
        [
          0.0,
          1.0,
          0.0
        ],
        [
          0.430797,
          0.0,
          -0.902449
        ],
        [
          50733.9,
          115.35,
          48847.6
        ]
      ],
      "objLayer": 0,
      "props": {}
    },
    "cnv_t1_road_start_12": {
      "type": "Point",
      "tm": [
        [
          0.987363,
          0.0,
          0.158477
        ],
        [
          0.0,
          1.0,
          0.0
        ],
        [
          -0.158477,
          0.0,
          0.987363
        ],
        [
          23963.2,
          109.75,
          29281.4
        ]
      ],
      "objLayer": 0,
      "props": {}
    },
    "cnv_t1_road_start_13": {
      "type": "Point",
      "tm": [
        [
          -0.711544,
          0.0,
          -0.702642
        ],
        [
          0.0,
          1.0,
          0.0
        ],
        [
          0.702642,
          0.0,
          -0.711544
        ],
        [
          24872.3,
          58.3,
          4882.25
        ]
      ],
      "objLayer": 0,
      "props": {}
    },
    "cnv_t1_road_start_14": {
      "type": "Point",
      "tm": [
        [
          -0.992402,
          0.0,
          -0.123037
        ],
        [
          0.0,
          1.0,
          0.0
        ],
        [
          0.123037,
          0.0,
          -0.992402
        ],
        [
          23067.4,
          37.15,
          -15454.4
        ]
      ],
      "objLayer": 0,
      "props": {}
    },
    "cnv_t1_road_start_15": {
      "type": "Point",
      "tm": [
        [
          -0.991218,
          0.0,
          0.132235
        ],
        [
          0.0,
          1.0,
          0.0
        ],
        [
          -0.132235,
          0.0,
          -0.991218
        ],
        [
          24329.4,
          166.7,
          -23559.5
        ]
      ],
      "objLayer": 0,
      "props": {}
    },
    "cnv_t1_road_start_16": {
      "type": "Point",
      "tm": [
        [
          -0.660071,
          0.0,
          -0.751203
        ],
        [
          0.0,
          1.0,
          0.0
        ],
        [
          0.751203,
          0.0,
          -0.660071
        ],
        [
          23156.1,
          95.1,
          -50462.5
        ]
      ],
      "objLayer": 0,
      "props": {}
    },
    "cnv_t2_road_start_06": {
      "type": "Point",
      "tm": [
        [
          0.941398,
          0.0,
          0.337297
        ],
        [
          0.0,
          1.0,
          0.0
        ],
        [
          -0.337297,
          0.0,
          0.941398
        ],
        [
          -39425.2,
          88.05,
          26299.0
        ]
      ],
      "objLayer": 0,
      "props": {}
    },
    "cnv_t2_road_start_07": {
      "type": "Point",
      "tm": [
        [
          0.796362,
          0.0,
          -0.60482
        ],
        [
          0.0,
          1.0,
          0.0
        ],
        [
          0.60482,
          0.0,
          0.796362
        ],
        [
          -42298.8,
          31.85,
          -53719.6
        ]
      ],
      "objLayer": 0,
      "props": {}
    },
    "cnv_t2_road_start_08": {
      "type": "Point",
      "tm": [
        [
          0.891991,
          0.0,
          -0.452052
        ],
        [
          0.0,
          1.0,
          0.0
        ],
        [
          0.452052,
          0.0,
          0.891991
        ],
        [
          -57939.4,
          20.1,
          -51355.5
        ]
      ],
      "objLayer": 0,
      "props": {}
    },
    "cnv_t2_road_start_09": {
      "type": "Point",
      "tm": [
        [
          0.658347,
          0.0,
          0.752714
        ],
        [
          0.0,
          1.0,
          0.0
        ],
        [
          -0.752714,
          0.0,
          0.658347
        ],
        [
          -53388.0,
          80.4,
          -27868.6
        ]
      ],
      "objLayer": 0,
      "props": {}
    },
    "cnv_t2_road_start_10": {
      "type": "Point",
      "tm": [
        [
          0.626326,
          0.0,
          -0.779561
        ],
        [
          0.0,
          1.0,
          0.0
        ],
        [
          0.779561,
          0.0,
          0.626326
        ],
        [
          -50898.6,
          79.15,
          11035.8
        ]
      ],
      "objLayer": 0,
      "props": {}
    },
    "cnv_t2_road_start_11": {
      "type": "Point",
      "tm": [
        [
          1.0,
          0.0,
          0.0
        ],
        [
          0.0,
          1.0,
          0.0
        ],
        [
          0.0,
          0.0,
          1.0
        ],
        [
          -54596.1,
          66.55,
          40442.2
        ]
      ],
      "objLayer": 0,
      "props": {}
    },
    "cnv_t2_road_start_12": {
      "type": "Point",
      "tm": [
        [
          0.988735,
          0.0,
          0.149679
        ],
        [
          0.0,
          1.0,
          0.0
        ],
        [
          -0.149679,
          0.0,
          0.988735
        ],
        [
          -26901.3,
          27.5,
          46523.4
        ]
      ],
      "objLayer": 0,
      "props": {}
    },
    "cnv_t2_road_start_13": {
      "type": "Point",
      "tm": [
        [
          1.0,
          0.0,
          0.0
        ],
        [
          0.0,
          1.0,
          0.0
        ],
        [
          0.0,
          0.0,
          1.0
        ],
        [
          -24159.6,
          22.75,
          23221.7
        ]
      ],
      "objLayer": 0,
      "props": {}
    },
    "cnv_t2_road_start_14": {
      "type": "Point",
      "tm": [
        [
          0.966079,
          0.0,
          0.258246
        ],
        [
          0.0,
          1.0,
          0.0
        ],
        [
          -0.258246,
          0.0,
          0.966079
        ],
        [
          -23946.8,
          59.7,
          5307.8
        ]
      ],
      "objLayer": 0,
      "props": {}
    },
    "cnv_t2_road_start_15": {
      "type": "Point",
      "tm": [
        [
          1.0,
          0.0,
          0.0
        ],
        [
          0.0,
          1.0,
          0.0
        ],
        [
          0.0,
          0.0,
          1.0
        ],
        [
          -23165.7,
          60.6,
          -23437.0
        ]
      ],
      "objLayer": 0,
      "props": {}
    },
    "cnv_t2_road_start_16": {
      "type": "Point",
      "tm": [
        [
          0.951648,
          0.0,
          -0.307192
        ],
        [
          0.0,
          1.0,
          0.0
        ],
        [
          0.307192,
          0.0,
          0.951648
        ],
        [
          -24031.8,
          67.85,
          -42379.3
        ]
      ],
      "objLayer": 0,
      "props": {}
    },
    "cnv_t1_road_end_01": {
      "type": "Point",
      "tm": [
        [
          1.0,
          0.0,
          0.0
        ],
        [
          0.0,
          1.0,
          0.0
        ],
        [
          0.0,
          0.0,
          1.0
        ],
        [
          -55385.0,
          66.55,
          40091.7
        ]
      ],
      "objLayer": 0,
      "props": {}
    },
    "cnv_t1_road_end_02": {
      "type": "Point",
      "tm": [
        [
          1.0,
          0.0,
          0.0
        ],
        [
          0.0,
          1.0,
          0.0
        ],
        [
          0.0,
          0.0,
          1.0
        ],
        [
          -55338.4,
          66.5479,
          30257.3
        ]
      ],
      "objLayer": 0,
      "props": {}
    },
    "cnv_t1_road_end_03": {
      "type": "Point",
      "tm": [
        [
          1.0,
          0.0,
          0.0
        ],
        [
          0.0,
          1.0,
          0.0
        ],
        [
          0.0,
          0.0,
          1.0
        ],
        [
          -55996.8,
          79.861,
          13672.5
        ]
      ],
      "objLayer": 0,
      "props": {}
    },
    "cnv_t1_road_end_04": {
      "type": "Point",
      "tm": [
        [
          1.0,
          0.0,
          0.0
        ],
        [
          0.0,
          1.0,
          0.0
        ],
        [
          0.0,
          0.0,
          1.0
        ],
        [
          -56247.8,
          54.2506,
          1124.42
        ]
      ],
      "objLayer": 0,
      "props": {}
    },
    "cnv_t1_road_end_05": {
      "type": "Point",
      "tm": [
        [
          1.0,
          0.0,
          0.0
        ],
        [
          0.0,
          1.0,
          0.0
        ],
        [
          0.0,
          0.0,
          1.0
        ],
        [
          -56517.5,
          58.9576,
          -10384.5
        ]
      ],
      "objLayer": 0,
      "props": {}
    },
    "cnv_t1_road_end_06": {
      "type": "Point",
      "tm": [
        [
          1.0,
          0.0,
          0.0
        ],
        [
          0.0,
          1.0,
          0.0
        ],
        [
          0.0,
          0.0,
          1.0
        ],
        [
          -56129.7,
          58.958,
          -21428.2
        ]
      ],
      "objLayer": 0,
      "props": {}
    },
    "cnv_t1_road_end_07": {
      "type": "Point",
      "tm": [
        [
          1.0,
          0.0,
          0.0
        ],
        [
          0.0,
          1.0,
          0.0
        ],
        [
          0.0,
          0.0,
          1.0
        ],
        [
          -56677.7,
          149.115,
          -37943.4
        ]
      ],
      "objLayer": 0,
      "props": {}
    },
    "cnv_t1_road_end_08": {
      "type": "Point",
      "tm": [
        [
          1.0,
          0.0,
          0.0
        ],
        [
          0.0,
          1.0,
          0.0
        ],
        [
          0.0,
          0.0,
          1.0
        ],
        [
          -58552.2,
          23.8879,
          -49973.9
        ]
      ],
      "objLayer": 0,
      "props": {}
    },
    "cnv_t2_road_end_01": {
      "type": "Point",
      "tm": [
        [
          -0.995211,
          0.0,
          -0.0977471
        ],
        [
          0.0,
          1.0,
          0.0
        ],
        [
          0.0977471,
          0.0,
          -0.995211
        ],
        [
          58057.6,
          75.8,
          -47657.7
        ]
      ],
      "objLayer": 0,
      "props": {}
    },
    "cnv_t2_road_end_02": {
      "type": "Point",
      "tm": [
        [
          -0.995211,
          0.0,
          -0.0977471
        ],
        [
          0.0,
          1.0,
          0.0
        ],
        [
          0.0977471,
          0.0,
          -0.995211
        ],
        [
          56915.6,
          187.728,
          -26002.8
        ]
      ],
      "objLayer": 0,
      "props": {}
    },
    "cnv_t2_road_end_03": {
      "type": "Point",
      "tm": [
        [
          -0.995211,
          0.0,
          -0.0977471
        ],
        [
          0.0,
          1.0,
          0.0
        ],
        [
          0.0977471,
          0.0,
          -0.995211
        ],
        [
          57607.0,
          187.726,
          -12825.7
        ]
      ],
      "objLayer": 0,
      "props": {}
    },
    "cnv_t2_road_end_04": {
      "type": "Point",
      "tm": [
        [
          -0.995211,
          0.0,
          -0.0977471
        ],
        [
          0.0,
          1.0,
          0.0
        ],
        [
          0.0977471,
          0.0,
          -0.995211
        ],
        [
          56295.9,
          164.989,
          -2725.28
        ]
      ],
      "objLayer": 0,
      "props": {}
    },
    "cnv_t2_road_end_05": {
      "type": "Point",
      "tm": [
        [
          -0.995211,
          0.0,
          -0.0977471
        ],
        [
          0.0,
          1.0,
          0.0
        ],
        [
          0.0977471,
          0.0,
          -0.995211
        ],
        [
          57038.4,
          164.988,
          11202.0
        ]
      ],
      "objLayer": 0,
      "props": {}
    },
    "cnv_t2_road_end_06": {
      "type": "Point",
      "tm": [
        [
          -0.995211,
          0.0,
          -0.0977471
        ],
        [
          0.0,
          1.0,
          0.0
        ],
        [
          0.0977471,
          0.0,
          -0.995211
        ],
        [
          57782.5,
          164.987,
          25056.9
        ]
      ],
      "objLayer": 0,
      "props": {}
    },
    "cnv_t2_road_end_07": {
      "type": "Point",
      "tm": [
        [
          -0.995211,
          0.0,
          -0.0977471
        ],
        [
          0.0,
          1.0,
          0.0
        ],
        [
          0.0977471,
          0.0,
          -0.995211
        ],
        [
          56384.8,
          119.75,
          34378.9
        ]
      ],
      "objLayer": 0,
      "props": {}
    },
    "cnv_t2_road_end_08": {
      "type": "Point",
      "tm": [
        [
          -0.995211,
          0.0,
          -0.0977471
        ],
        [
          0.0,
          1.0,
          0.0
        ],
        [
          0.0977471,
          0.0,
          -0.995211
        ],
        [
          57401.9,
          166.139,
          57723.4
        ]
      ],
      "objLayer": 0,
      "props": {}
    }
  },
  "objLayers": {
    "layer": [
      {
        "enabled": true
      },
      {
        "enabled": true
      },
      {
        "enabled": true
      },
      {
        "enabled": false
      }
    ]
  },
  "wayPoints": {}
}