{
  "selected_tag": "",
  "bin_dump_file": "",
  "mission_settings": {
    "player": {
      "army": 1
    },
    "player_teamB": {
      "army": 2
    },
    "mission": {
      "level": "levels/air_smolensk.bin",
      "type": "domination",
      "environment": "Day",
      "weather": "hazy",
      "restoreType": "attempts",
      "optionalTakeOff": false
    }
  },
  "imports": {},
  "triggers": {
    "isCategory": true,
    "is_enabled": true
  },
  "mission_objectives": {
    "isCategory": true,
    "is_enabled": true
  },
  "variables": {},
  "dialogs": {},
  "airfields": {},
  "effects": {},
  "units": {
    "objectGroups": [
      {
        "name": "bdt_t2_bomb_object_01",
        "tm": [
          [
            0.996316,
            0.0,
            0.0857388
          ],
          [
            0.0,
            1.0,
            0.0
          ],
          [
            -0.0857388,
            0.0,
            0.996316
          ],
          [
            -19928.6,
            58.0133,
            -6575.03
          ]
        ],
        "unit_class": "dynBase_hq_camp_square",
        "objLayer": 2,
        "props": {
          "army": 2,
          "active": false
        }
      },
      {
        "name": "bdt_t2_bomb_object_02",
        "tm": [
          [
            0.855242,
            0.0,
            -0.518233
          ],
          [
            0.0,
            1.0,
            0.0
          ],
          [
            0.518233,
            0.0,
            0.855242
          ],
          [
            -12381.3,
            136.532,
            -9660.97
          ]
        ],
        "unit_class": "dynBase_fuel_storage_square",
        "objLayer": 2,
        "props": {
          "army": 2,
          "active": false
        }
      },
      {
        "name": "bdt_t2_bomb_object_03",
        "tm": [
          [
            0.27922,
            0.0,
            0.960229
          ],
          [
            0.0,
            1.0,
            0.0
          ],
          [
            -0.960229,
            0.0,
            0.27922
          ],
          [
            -10413.6,
            43.3519,
            -11482.8
          ]
        ],
        "unit_class": "dynBase_oil_storage_small_square",
        "objLayer": 2,
        "props": {
          "army": 2,
          "active": false
        }
      },
      {
        "name": "bdt_t1_bomb_object_01",
        "tm": [
          [
            0.862753,
            0.0,
            0.505623
          ],
          [
            0.0,
            1.0,
            0.0
          ],
          [
            -0.505623,
            0.0,
            0.862753
          ],
          [
            -17148.9,
            45.792,
            7866.22
          ]
        ],
        "unit_class": "dynBase_fuel_storage_square",
        "objLayer": 2,
        "props": {
          "army": 1,
          "active": false
        }
      },
      {
        "name": "bdt_t1_bomb_object_02",
        "tm": [
          [
            0.294494,
            0.0,
            0.955652
          ],
          [
            0.0,
            1.0,
            0.0
          ],
          [
            -0.955652,
            0.0,
            0.294494
          ],
          [
            -6517.3,
            78.4863,
            6307.67
          ]
        ],
        "unit_class": "dynBase_small_factory_square",
        "objLayer": 2,
        "props": {
          "army": 1,
          "active": false
        }
      },
      {
        "name": "bdt_t1_bomb_object_03",
        "tm": [
          [
            0.19301,
            0.0,
            0.981197
          ],
          [
            0.0,
            1.0,
            0.0
          ],
          [
            -0.981197,
            0.0,
            0.19301
          ],
          [
            -9978.81,
            63.9062,
            10232.0
          ]
        ],
        "unit_class": "dynBase_oil_storage_small_square",
        "objLayer": 2,
        "props": {
          "army": 1,
          "active": false
        }
      },
      {
        "name": "bdt_t2_bomb_object_04",
        "tm": [
          [
            0.766956,
            0.0,
            0.641699
          ],
          [
            0.0,
            1.0,
            0.0
          ],
          [
            -0.641699,
            0.0,
            0.766956
          ],
          [
            -21457.1,
            59.692,
            -3746.24
          ]
        ],
        "unit_class": "dynBase_small_factory_square",
        "objLayer": 2,
        "props": {
          "army": 2,
          "active": false
        }
      },
      {
        "name": "bdt_t1_bomb_object_04",
        "tm": [
          [
            0.524223,
            0.0,
            0.851581
          ],
          [
            0.0,
            1.0,
            0.0
          ],
          [
            -0.851581,
            0.0,
            0.524223
          ],
          [
            -15021.7,
            75.1777,
            10437.3
          ]
        ],
        "unit_class": "dynBase_field_camp_square",
        "objLayer": 2,
        "props": {
          "army": 1,
          "active": false
        }
      },
      {
        "name": "bdt_t1_bomb_object_05",
        "tm": [
          [
            0.524223,
            0.0,
            0.851581
          ],
          [
            0.0,
            1.0,
            0.0
          ],
          [
            -0.851581,
            0.0,
            0.524223
          ],
          [
            -1985.43,
            96.1953,
            2114.62
          ]
        ],
        "unit_class": "dynBase_military_base_square",
        "objLayer": 2,
        "props": {
          "army": 1,
          "active": false
        }
      },
      {
        "name": "bdt_t1_bomb_object_06",
        "tm": [
          [
            0.524223,
            0.0,
            0.851581
          ],
          [
            0.0,
            1.0,
            0.0
          ],
          [
            -0.851581,
            0.0,
            0.524223
          ],
          [
            -3618.06,
            93.9482,
            -1084.43
          ]
        ],
        "unit_class": "dynBase_oil_storage_large_square",
        "objLayer": 2,
        "props": {
          "army": 1,
          "active": false
        }
      },
      {
        "name": "bdt_t1_bomb_object_07",
        "tm": [
          [
            0.524223,
            0.0,
            0.851581
          ],
          [
            0.0,
            1.0,
            0.0
          ],
          [
            -0.851581,
            0.0,
            0.524223
          ],
          [
            -4322.64,
            38.6505,
            2487.54
          ]
        ],
        "unit_class": "dynBase_oil_storage_large_square",
        "objLayer": 2,
        "props": {
          "army": 1,
          "active": false
        }
      },
      {
        "name": "bdt_t1_bomb_object_08",
        "tm": [
          [
            0.862753,
            0.0,
            0.505623
          ],
          [
            0.0,
            1.0,
            0.0
          ],
          [
            -0.505623,
            0.0,
            0.862753
          ],
          [
            -13976.7,
            56.9863,
            8698.33
          ]
        ],
        "unit_class": "dynBase_small_factory_square",
        "objLayer": 2,
        "props": {
          "army": 1,
          "active": false
        }
      },
      {
        "name": "bdt_t1_bomb_object_09",
        "tm": [
          [
            0.862753,
            0.0,
            0.505623
          ],
          [
            0.0,
            1.0,
            0.0
          ],
          [
            -0.505623,
            0.0,
            0.862753
          ],
          [
            -9968.95,
            41.5771,
            8241.71
          ]
        ],
        "unit_class": "dynBase_petrol_camp_square",
        "objLayer": 2,
        "props": {
          "army": 1,
          "active": false
        }
      },
      {
        "name": "bdt_t1_bomb_object_10",
        "tm": [
          [
            0.862753,
            0.0,
            0.505623
          ],
          [
            0.0,
            1.0,
            0.0
          ],
          [
            -0.505623,
            0.0,
            0.862753
          ],
          [
            -4255.69,
            44.8926,
            6827.78
          ]
        ],
        "unit_class": "dynBase_petrol_camp_square",
        "objLayer": 2,
        "props": {
          "army": 1,
          "active": false
        }
      },
      {
        "name": "bdt_t2_bomb_object_05",
        "tm": [
          [
            0.766956,
            0.0,
            0.641699
          ],
          [
            0.0,
            1.0,
            0.0
          ],
          [
            -0.641699,
            0.0,
            0.766956
          ],
          [
            -22070.6,
            90.8452,
            -170.754
          ]
        ],
        "unit_class": "dynBase_petrol_camp_square",
        "objLayer": 2,
        "props": {
          "army": 2,
          "active": false
        }
      },
      {
        "name": "bdt_t2_bomb_object_06",
        "tm": [
          [
            0.376123,
            0.0,
            0.92657
          ],
          [
            0.0,
            1.0,
            0.0
          ],
          [
            -0.92657,
            0.0,
            0.376123
          ],
          [
            -23917.8,
            84.7275,
            -3071.52
          ]
        ],
        "unit_class": "dynBase_military_base_square",
        "objLayer": 2,
        "props": {
          "army": 2,
          "active": false
        }
      },
      {
        "name": "bdt_t2_bomb_object_07",
        "tm": [
          [
            0.766956,
            0.0,
            0.641699
          ],
          [
            0.0,
            1.0,
            0.0
          ],
          [
            -0.641699,
            0.0,
            0.766956
          ],
          [
            -22088.6,
            64.9316,
            -7499.43
          ]
        ],
        "unit_class": "dynBase_fuel_storage_square",
        "objLayer": 2,
        "props": {
          "army": 2,
          "active": false
        }
      },
      {
        "name": "bdt_t2_bomb_object_08",
        "tm": [
          [
            0.27922,
            0.0,
            0.960229
          ],
          [
            0.0,
            1.0,
            0.0
          ],
          [
            -0.960229,
            0.0,
            0.27922
          ],
          [
            -9033.39,
            55.4155,
            -8874.1
          ]
        ],
        "unit_class": "dynBase_ammunition_storage_square",
        "objLayer": 2,
        "props": {
          "army": 2,
          "active": false
        }
      },
      {
        "name": "bdt_t2_bomb_object_09",
        "tm": [
          [
            0.27922,
            0.0,
            0.960229
          ],
          [
            0.0,
            1.0,
            0.0
          ],
          [
            -0.960229,
            0.0,
            0.27922
          ],
          [
            -15397.0,
            49.0811,
            -11573.2
          ]
        ],
        "unit_class": "dynBase_field_camp_square",
        "objLayer": 2,
        "props": {
          "army": 2,
          "active": false
        }
      },
      {
        "name": "bdt_t2_bomb_object_10",
        "tm": [
          [
            0.27922,
            0.0,
            0.960229
          ],
          [
            0.0,
            1.0,
            0.0
          ],
          [
            -0.960229,
            0.0,
            0.27922
          ],
          [
            -15843.9,
            57.7928,
            -9182.85
          ]
        ],
        "unit_class": "dynBase_oil_storage_small_square",
        "objLayer": 2,
        "props": {
          "army": 2,
          "active": false
        }
      }
    ]
  },
  "areas": {
    "bdt_t2_bomb_zone_01": {
      "type": "Sphere",
      "tm": [
        [
          448.344,
          0.0,
          38.5834
        ],
        [
          0.0,
          450.0,
          0.0
        ],
        [
          -38.5834,
          0.0,
          448.344
        ],
        [
          -19930.5,
          45.3603,
          -6581.94
        ]
      ],
      "objLayer": 0,
      "props": {}
    },
    "bdt_t2_bomb_zone_02": {
      "type": "Sphere",
      "tm": [
        [
          441.299,
          0.0,
          88.0704
        ],
        [
          0.0,
          450.0,
          0.0
        ],
        [
          -88.0704,
          0.0,
          441.299
        ],
        [
          -12375.8,
          132.107,
          -9640.04
        ]
      ],
      "objLayer": 0,
      "props": {}
    },
    "bdt_t2_bomb_zone_03": {
      "type": "Sphere",
      "tm": [
        [
          125.65,
          0.0,
          432.102
        ],
        [
          0.0,
          450.0,
          0.0
        ],
        [
          -432.102,
          0.0,
          125.65
        ],
        [
          -10423.0,
          43.6518,
          -11485.5
        ]
      ],
      "objLayer": 0,
      "props": {}
    },
    "bdt_t1_bomb_zone_01": {
      "type": "Sphere",
      "tm": [
        [
          388.24,
          0.0,
          227.53
        ],
        [
          0.0,
          450.0,
          0.0
        ],
        [
          -227.53,
          0.0,
          388.24
        ],
        [
          -17139.8,
          41.0959,
          7875.12
        ]
      ],
      "objLayer": 0,
      "props": {}
    },
    "bdt_t1_bomb_zone_02": {
      "type": "Sphere",
      "tm": [
        [
          222.46,
          0.0,
          391.167
        ],
        [
          0.0,
          450.0,
          0.0
        ],
        [
          -391.167,
          0.0,
          222.46
        ],
        [
          -6516.99,
          77.3863,
          6312.42
        ]
      ],
      "objLayer": 0,
      "props": {}
    },
    "bdt_t1_bomb_zone_03": {
      "type": "Sphere",
      "tm": [
        [
          248.337,
          0.0,
          375.271
        ],
        [
          0.0,
          450.0,
          0.0
        ],
        [
          -375.271,
          0.0,
          248.337
        ],
        [
          -9976.16,
          56.9362,
          10237.0
        ]
      ],
      "objLayer": 0,
      "props": {}
    },
    "bdt_t2_bomb_zone_04": {
      "type": "Sphere",
      "tm": [
        [
          345.13,
          0.0,
          288.764
        ],
        [
          0.0,
          450.0,
          0.0
        ],
        [
          -288.764,
          0.0,
          345.13
        ],
        [
          -21450.0,
          59.716,
          -3742.75
        ]
      ],
      "objLayer": 0,
      "props": {}
    },
    "bdt_t1_bomb_zone_04": {
      "type": "Sphere",
      "tm": [
        [
          248.337,
          0.0,
          375.271
        ],
        [
          0.0,
          450.0,
          0.0
        ],
        [
          -375.271,
          0.0,
          248.337
        ],
        [
          -15026.3,
          73.2127,
          10440.7
        ]
      ],
      "objLayer": 0,
      "props": {}
    },
    "bdt_t2_bomb_zone_01_aaa_point_01": {
      "type": "Point",
      "tm": [
        [
          0.778473,
          0.0,
          0.627675
        ],
        [
          0.0,
          1.0,
          0.0
        ],
        [
          -0.627675,
          0.0,
          0.778473
        ],
        [
          -19769.1,
          29.6753,
          -6739.33
        ]
      ],
      "objLayer": 0,
      "props": {}
    },
    "bdt_t2_bomb_zone_01_aaa_point_02": {
      "type": "Point",
      "tm": [
        [
          0.778473,
          0.0,
          0.627675
        ],
        [
          0.0,
          1.0,
          0.0
        ],
        [
          -0.627675,
          0.0,
          0.778473
        ],
        [
          -20199.1,
          40.8153,
          -6466.76
        ]
      ],
      "objLayer": 0,
      "props": {}
    },
    "bdt_t2_bomb_zone_01_aaa_point_03": {
      "type": "Point",
      "tm": [
        [
          0.778473,
          0.0,
          0.627675
        ],
        [
          0.0,
          1.0,
          0.0
        ],
        [
          -0.627675,
          0.0,
          0.778473
        ],
        [
          -20111.7,
          33.2583,
          -6385.96
        ]
      ],
      "objLayer": 0,
      "props": {}
    },
    "bdt_t2_bomb_zone_01_aaa_point_04": {
      "type": "Point",
      "tm": [
        [
          0.778473,
          0.0,
          0.627675
        ],
        [
          0.0,
          1.0,
          0.0
        ],
        [
          -0.627675,
          0.0,
          0.778473
        ],
        [
          -19826.9,
          34.0743,
          -6126.11
        ]
      ],
      "objLayer": 0,
      "props": {}
    },
    "bdt_t2_bomb_zone_02_aaa_point_01": {
      "type": "Point",
      "tm": [
        [
          0.704055,
          0.0,
          0.710143
        ],
        [
          0.0,
          1.0,
          0.0
        ],
        [
          -0.710143,
          0.0,
          0.704055
        ],
        [
          -12409.6,
          139.379,
          -9886.31
        ]
      ],
      "objLayer": 0,
      "props": {}
    },
    "bdt_t2_bomb_zone_02_aaa_point_02": {
      "type": "Point",
      "tm": [
        [
          0.704055,
          0.0,
          0.710143
        ],
        [
          0.0,
          1.0,
          0.0
        ],
        [
          -0.710143,
          0.0,
          0.704055
        ],
        [
          -12557.7,
          127.299,
          -9367.94
        ]
      ],
      "objLayer": 0,
      "props": {}
    },
    "bdt_t2_bomb_zone_02_aaa_point_03": {
      "type": "Point",
      "tm": [
        [
          0.704055,
          0.0,
          0.710143
        ],
        [
          0.0,
          1.0,
          0.0
        ],
        [
          -0.710143,
          0.0,
          0.704055
        ],
        [
          -12634.7,
          139.289,
          -9745.62
        ]
      ],
      "objLayer": 0,
      "props": {}
    },
    "bdt_t2_bomb_zone_02_aaa_point_04": {
      "type": "Point",
      "tm": [
        [
          0.704055,
          0.0,
          0.710143
        ],
        [
          0.0,
          1.0,
          0.0
        ],
        [
          -0.710143,
          0.0,
          0.704055
        ],
        [
          -12188.9,
          161.505,
          -9507.1
        ]
      ],
      "objLayer": 0,
      "props": {}
    },
    "bdt_t2_bomb_zone_03_aaa_point_01": {
      "type": "Point",
      "tm": [
        [
          0.704055,
          0.0,
          0.710143
        ],
        [
          0.0,
          1.0,
          0.0
        ],
        [
          -0.710143,
          0.0,
          0.704055
        ],
        [
          -9970.74,
          69.1619,
          -11463.7
        ]
      ],
      "objLayer": 0,
      "props": {}
    },
    "bdt_t2_bomb_zone_03_aaa_point_02": {
      "type": "Point",
      "tm": [
        [
          0.704055,
          0.0,
          0.710143
        ],
        [
          0.0,
          1.0,
          0.0
        ],
        [
          -0.710143,
          0.0,
          0.704055
        ],
        [
          -10537.8,
          124.211,
          -11216.4
        ]
      ],
      "objLayer": 0,
      "props": {}
    },
    "bdt_t2_bomb_zone_03_aaa_point_03": {
      "type": "Point",
      "tm": [
        [
          0.704055,
          0.0,
          0.710143
        ],
        [
          0.0,
          1.0,
          0.0
        ],
        [
          -0.710143,
          0.0,
          0.704055
        ],
        [
          -10741.0,
          157.992,
          -11446.9
        ]
      ],
      "objLayer": 0,
      "props": {}
    },
    "bdt_t2_bomb_zone_03_aaa_point_04": {
      "type": "Point",
      "tm": [
        [
          0.704055,
          0.0,
          0.710143
        ],
        [
          0.0,
          1.0,
          0.0
        ],
        [
          -0.710143,
          0.0,
          0.704055
        ],
        [
          -10373.2,
          84.807,
          -11781.3
        ]
      ],
      "objLayer": 0,
      "props": {}
    },
    "bdt_t2_bomb_zone_04_aaa_point_01": {
      "type": "Point",
      "tm": [
        [
          0.778473,
          0.0,
          0.627675
        ],
        [
          0.0,
          1.0,
          0.0
        ],
        [
          -0.627675,
          0.0,
          0.778473
        ],
        [
          -21408.5,
          61.928,
          -3413.03
        ]
      ],
      "objLayer": 0,
      "props": {}
    },
    "bdt_t2_bomb_zone_04_aaa_point_02": {
      "type": "Point",
      "tm": [
        [
          0.778473,
          0.0,
          0.627675
        ],
        [
          0.0,
          1.0,
          0.0
        ],
        [
          -0.627675,
          0.0,
          0.778473
        ],
        [
          -21751.0,
          60.094,
          -3716.8
        ]
      ],
      "objLayer": 0,
      "props": {}
    },
    "bdt_t2_bomb_zone_04_aaa_point_03": {
      "type": "Point",
      "tm": [
        [
          0.778473,
          0.0,
          0.627675
        ],
        [
          0.0,
          1.0,
          0.0
        ],
        [
          -0.627675,
          0.0,
          0.778473
        ],
        [
          -21208.3,
          61.502,
          -3855.19
        ]
      ],
      "objLayer": 0,
      "props": {}
    },
    "bdt_t2_bomb_zone_04_aaa_point_04": {
      "type": "Point",
      "tm": [
        [
          0.778473,
          0.0,
          0.627675
        ],
        [
          0.0,
          1.0,
          0.0
        ],
        [
          -0.627675,
          0.0,
          0.778473
        ],
        [
          -21414.0,
          60.699,
          -3987.0
        ]
      ],
      "objLayer": 0,
      "props": {}
    },
    "bdt_t1_bomb_zone_01_aaa_point_01": {
      "type": "Point",
      "tm": [
        [
          0.433139,
          0.0,
          0.901327
        ],
        [
          0.0,
          1.0,
          0.0
        ],
        [
          -0.901327,
          0.0,
          0.433139
        ],
        [
          -17037.7,
          -89.9561,
          8108.52
        ]
      ],
      "objLayer": 0,
      "props": {}
    },
    "bdt_t1_bomb_zone_01_aaa_point_02": {
      "type": "Point",
      "tm": [
        [
          0.433139,
          0.0,
          0.901327
        ],
        [
          0.0,
          1.0,
          0.0
        ],
        [
          -0.901327,
          0.0,
          0.433139
        ],
        [
          -17301.3,
          27.4879,
          7680.17
        ]
      ],
      "objLayer": 0,
      "props": {}
    },
    "bdt_t1_bomb_zone_01_aaa_point_03": {
      "type": "Point",
      "tm": [
        [
          0.433139,
          0.0,
          0.901327
        ],
        [
          0.0,
          1.0,
          0.0
        ],
        [
          -0.901327,
          0.0,
          0.433139
        ],
        [
          -16943.9,
          29.0712,
          7748.62
        ]
      ],
      "objLayer": 0,
      "props": {}
    },
    "bdt_t1_bomb_zone_01_aaa_point_04": {
      "type": "Point",
      "tm": [
        [
          0.433139,
          0.0,
          0.901327
        ],
        [
          0.0,
          1.0,
          0.0
        ],
        [
          -0.901327,
          0.0,
          0.433139
        ],
        [
          -17137.2,
          32.5861,
          7626.86
        ]
      ],
      "objLayer": 0,
      "props": {}
    },
    "bdt_t1_bomb_zone_02_aaa_point_01": {
      "type": "Point",
      "tm": [
        [
          0.433139,
          0.0,
          0.901327
        ],
        [
          0.0,
          1.0,
          0.0
        ],
        [
          -0.901327,
          0.0,
          0.433139
        ],
        [
          -6593.95,
          -69.6957,
          6571.65
        ]
      ],
      "objLayer": 0,
      "props": {}
    },
    "bdt_t1_bomb_zone_02_aaa_point_02": {
      "type": "Point",
      "tm": [
        [
          0.433139,
          0.0,
          0.901327
        ],
        [
          0.0,
          1.0,
          0.0
        ],
        [
          -0.901327,
          0.0,
          0.433139
        ],
        [
          -6780.25,
          -26.4057,
          6349.07
        ]
      ],
      "objLayer": 0,
      "props": {}
    },
    "bdt_t1_bomb_zone_02_aaa_point_03": {
      "type": "Point",
      "tm": [
        [
          0.433139,
          0.0,
          0.901327
        ],
        [
          0.0,
          1.0,
          0.0
        ],
        [
          -0.901327,
          0.0,
          0.433139
        ],
        [
          -6142.88,
          138.382,
          6061.42
        ]
      ],
      "objLayer": 0,
      "props": {}
    },
    "bdt_t1_bomb_zone_02_aaa_point_04": {
      "type": "Point",
      "tm": [
        [
          0.433139,
          0.0,
          0.901327
        ],
        [
          0.0,
          1.0,
          0.0
        ],
        [
          -0.901327,
          0.0,
          0.433139
        ],
        [
          -6691.42,
          -32.8618,
          6033.29
        ]
      ],
      "objLayer": 0,
      "props": {}
    },
    "bdt_t1_bomb_zone_03_aaa_point_01": {
      "type": "Point",
      "tm": [
        [
          0.530432,
          0.0,
          0.847727
        ],
        [
          0.0,
          1.0,
          0.0
        ],
        [
          -0.847727,
          0.0,
          0.530432
        ],
        [
          -9886.88,
          66.6083,
          9942.53
        ]
      ],
      "objLayer": 0,
      "props": {}
    },
    "bdt_t1_bomb_zone_03_aaa_point_02": {
      "type": "Point",
      "tm": [
        [
          0.530432,
          0.0,
          0.847727
        ],
        [
          0.0,
          1.0,
          0.0
        ],
        [
          -0.847727,
          0.0,
          0.530432
        ],
        [
          -10060.4,
          61.9922,
          10464.0
        ]
      ],
      "objLayer": 0,
      "props": {}
    },
    "bdt_t1_bomb_zone_03_aaa_point_03": {
      "type": "Point",
      "tm": [
        [
          0.530432,
          0.0,
          0.847727
        ],
        [
          0.0,
          1.0,
          0.0
        ],
        [
          -0.847727,
          0.0,
          0.530432
        ],
        [
          -10261.2,
          98.2663,
          10269.0
        ]
      ],
      "objLayer": 0,
      "props": {}
    },
    "bdt_t1_bomb_zone_03_aaa_point_04": {
      "type": "Point",
      "tm": [
        [
          0.530432,
          0.0,
          0.847727
        ],
        [
          0.0,
          1.0,
          0.0
        ],
        [
          -0.847727,
          0.0,
          0.530432
        ],
        [
          -9723.9,
          62.2132,
          10303.6
        ]
      ],
      "objLayer": 0,
      "props": {}
    },
    "bdt_t1_bomb_zone_04_aaa_point_01": {
      "type": "Point",
      "tm": [
        [
          0.530432,
          0.0,
          0.847727
        ],
        [
          0.0,
          1.0,
          0.0
        ],
        [
          -0.847727,
          0.0,
          0.530432
        ],
        [
          -14760.4,
          212.146,
          10612.9
        ]
      ],
      "objLayer": 0,
      "props": {}
    },
    "bdt_t1_bomb_zone_04_aaa_point_02": {
      "type": "Point",
      "tm": [
        [
          0.530432,
          0.0,
          0.847727
        ],
        [
          0.0,
          1.0,
          0.0
        ],
        [
          -0.847727,
          0.0,
          0.530432
        ],
        [
          -15072.4,
          81.3008,
          10689.2
        ]
      ],
      "objLayer": 0,
      "props": {}
    },
    "bdt_t1_bomb_zone_04_aaa_point_03": {
      "type": "Point",
      "tm": [
        [
          0.530432,
          0.0,
          0.847727
        ],
        [
          0.0,
          1.0,
          0.0
        ],
        [
          -0.847727,
          0.0,
          0.530432
        ],
        [
          -14783.0,
          182.156,
          10281.3
        ]
      ],
      "objLayer": 0,
      "props": {}
    },
    "bdt_t1_bomb_zone_04_aaa_point_04": {
      "type": "Point",
      "tm": [
        [
          0.530432,
          0.0,
          0.847727
        ],
        [
          0.0,
          1.0,
          0.0
        ],
        [
          -0.847727,
          0.0,
          0.530432
        ],
        [
          -15340.0,
          -65.4643,
          10452.5
        ]
      ],
      "objLayer": 0,
      "props": {}
    },
    "bdt_t1_bomb_zone_05": {
      "type": "Sphere",
      "tm": [
        [
          248.337,
          0.0,
          375.271
        ],
        [
          0.0,
          450.0,
          0.0
        ],
        [
          -375.271,
          0.0,
          248.337
        ],
        [
          -1990.16,
          96.0474,
          2117.99
        ]
      ],
      "objLayer": 0,
      "props": {}
    },
    "bdt_t1_bomb_zone_06": {
      "type": "Sphere",
      "tm": [
        [
          248.337,
          0.0,
          375.271
        ],
        [
          0.0,
          450.0,
          0.0
        ],
        [
          -375.271,
          0.0,
          248.337
        ],
        [
          -3622.7,
          94.5652,
          -1081.0
        ]
      ],
      "objLayer": 0,
      "props": {}
    },
    "bdt_t1_bomb_zone_07": {
      "type": "Sphere",
      "tm": [
        [
          248.337,
          0.0,
          375.271
        ],
        [
          0.0,
          450.0,
          0.0
        ],
        [
          -375.271,
          0.0,
          248.337
        ],
        [
          -4327.35,
          37.9153,
          2491.03
        ]
      ],
      "objLayer": 0,
      "props": {}
    },
    "bdt_t1_bomb_zone_08": {
      "type": "Sphere",
      "tm": [
        [
          388.24,
          0.0,
          227.53
        ],
        [
          0.0,
          450.0,
          0.0
        ],
        [
          -227.53,
          0.0,
          388.24
        ],
        [
          -13967.6,
          56.3624,
          8707.23
        ]
      ],
      "objLayer": 0,
      "props": {}
    },
    "bdt_t1_bomb_zone_09": {
      "type": "Sphere",
      "tm": [
        [
          388.24,
          0.0,
          227.53
        ],
        [
          0.0,
          450.0,
          0.0
        ],
        [
          -227.53,
          0.0,
          388.24
        ],
        [
          -9960.02,
          44.5672,
          8250.46
        ]
      ],
      "objLayer": 0,
      "props": {}
    },
    "bdt_t1_bomb_zone_10": {
      "type": "Sphere",
      "tm": [
        [
          388.24,
          0.0,
          227.53
        ],
        [
          0.0,
          450.0,
          0.0
        ],
        [
          -227.53,
          0.0,
          388.24
        ],
        [
          -4246.61,
          44.7836,
          6836.67
        ]
      ],
      "objLayer": 0,
      "props": {}
    },
    "bdt_t1_bomb_zone_05_aaa_point_01": {
      "type": "Point",
      "tm": [
        [
          0.530432,
          0.0,
          0.847727
        ],
        [
          0.0,
          1.0,
          0.0
        ],
        [
          -0.847727,
          0.0,
          0.530432
        ],
        [
          -2154.35,
          87.5322,
          1898.58
        ]
      ],
      "objLayer": 0,
      "props": {}
    },
    "bdt_t1_bomb_zone_05_aaa_point_02": {
      "type": "Point",
      "tm": [
        [
          0.530432,
          0.0,
          0.847727
        ],
        [
          0.0,
          1.0,
          0.0
        ],
        [
          -0.847727,
          0.0,
          0.530432
        ],
        [
          -1978.34,
          106.36,
          1963.01
        ]
      ],
      "objLayer": 0,
      "props": {}
    },
    "bdt_t1_bomb_zone_05_aaa_point_03": {
      "type": "Point",
      "tm": [
        [
          0.530432,
          0.0,
          0.847727
        ],
        [
          0.0,
          1.0,
          0.0
        ],
        [
          -0.847727,
          0.0,
          0.530432
        ],
        [
          -1809.17,
          92.2411,
          2341.65
        ]
      ],
      "objLayer": 0,
      "props": {}
    },
    "bdt_t1_bomb_zone_05_aaa_point_04": {
      "type": "Point",
      "tm": [
        [
          0.530432,
          0.0,
          0.847727
        ],
        [
          0.0,
          1.0,
          0.0
        ],
        [
          -0.847727,
          0.0,
          0.530432
        ],
        [
          -2038.54,
          200.885,
          2391.29
        ]
      ],
      "objLayer": 0,
      "props": {}
    },
    "bdt_t1_bomb_zone_06_aaa_point_01": {
      "type": "Point",
      "tm": [
        [
          0.530432,
          0.0,
          0.847727
        ],
        [
          0.0,
          1.0,
          0.0
        ],
        [
          -0.847727,
          0.0,
          0.530432
        ],
        [
          -3476.4,
          64.8232,
          -1384.94
        ]
      ],
      "objLayer": 0,
      "props": {}
    },
    "bdt_t1_bomb_zone_06_aaa_point_02": {
      "type": "Point",
      "tm": [
        [
          0.530432,
          0.0,
          0.847727
        ],
        [
          0.0,
          1.0,
          0.0
        ],
        [
          -0.847727,
          0.0,
          0.530432
        ],
        [
          -3739.82,
          89.7212,
          -1383.79
        ]
      ],
      "objLayer": 0,
      "props": {}
    },
    "bdt_t1_bomb_zone_06_aaa_point_03": {
      "type": "Point",
      "tm": [
        [
          0.530432,
          0.0,
          0.847727
        ],
        [
          0.0,
          1.0,
          0.0
        ],
        [
          -0.847727,
          0.0,
          0.530432
        ],
        [
          -3879.26,
          157.271,
          -908.526
        ]
      ],
      "objLayer": 0,
      "props": {}
    },
    "bdt_t1_bomb_zone_06_aaa_point_04": {
      "type": "Point",
      "tm": [
        [
          0.530432,
          0.0,
          0.847727
        ],
        [
          0.0,
          1.0,
          0.0
        ],
        [
          -0.847727,
          0.0,
          0.530432
        ],
        [
          -3370.19,
          154.034,
          -923.328
        ]
      ],
      "objLayer": 0,
      "props": {}
    },
    "bdt_t1_bomb_zone_07_aaa_point_01": {
      "type": "Point",
      "tm": [
        [
          0.530432,
          0.0,
          0.847727
        ],
        [
          0.0,
          1.0,
          0.0
        ],
        [
          -0.847727,
          0.0,
          0.530432
        ],
        [
          -4469.86,
          3.45028,
          2756.46
        ]
      ],
      "objLayer": 0,
      "props": {}
    },
    "bdt_t1_bomb_zone_07_aaa_point_02": {
      "type": "Point",
      "tm": [
        [
          0.530432,
          0.0,
          0.847727
        ],
        [
          0.0,
          1.0,
          0.0
        ],
        [
          -0.847727,
          0.0,
          0.530432
        ],
        [
          -4166.47,
          70.08,
          2181.5
        ]
      ],
      "objLayer": 0,
      "props": {}
    },
    "bdt_t1_bomb_zone_07_aaa_point_03": {
      "type": "Point",
      "tm": [
        [
          0.530432,
          0.0,
          0.847727
        ],
        [
          0.0,
          1.0,
          0.0
        ],
        [
          -0.847727,
          0.0,
          0.530432
        ],
        [
          -4037.2,
          59.929,
          2660.5
        ]
      ],
      "objLayer": 0,
      "props": {}
    },
    "bdt_t1_bomb_zone_07_aaa_point_04": {
      "type": "Point",
      "tm": [
        [
          0.530432,
          0.0,
          0.847727
        ],
        [
          0.0,
          1.0,
          0.0
        ],
        [
          -0.847727,
          0.0,
          0.530432
        ],
        [
          -4728.37,
          46.9362,
          2515.04
        ]
      ],
      "objLayer": 0,
      "props": {}
    },
    "bdt_t1_bomb_zone_08_aaa_point_01": {
      "type": "Point",
      "tm": [
        [
          0.433139,
          0.0,
          0.901327
        ],
        [
          0.0,
          1.0,
          0.0
        ],
        [
          -0.901327,
          0.0,
          0.433139
        ],
        [
          -14272.4,
          129.922,
          8767.76
        ]
      ],
      "objLayer": 0,
      "props": {}
    },
    "bdt_t1_bomb_zone_08_aaa_point_02": {
      "type": "Point",
      "tm": [
        [
          0.433139,
          0.0,
          0.901327
        ],
        [
          0.0,
          1.0,
          0.0
        ],
        [
          -0.901327,
          0.0,
          0.433139
        ],
        [
          -13988.7,
          118.531,
          8402.02
        ]
      ],
      "objLayer": 0,
      "props": {}
    },
    "bdt_t1_bomb_zone_08_aaa_point_03": {
      "type": "Point",
      "tm": [
        [
          0.433139,
          0.0,
          0.901327
        ],
        [
          0.0,
          1.0,
          0.0
        ],
        [
          -0.901327,
          0.0,
          0.433139
        ],
        [
          -13623.3,
          47.7093,
          8609.68
        ]
      ],
      "objLayer": 0,
      "props": {}
    },
    "bdt_t1_bomb_zone_08_aaa_point_04": {
      "type": "Point",
      "tm": [
        [
          0.433139,
          0.0,
          0.901327
        ],
        [
          0.0,
          1.0,
          0.0
        ],
        [
          -0.901327,
          0.0,
          0.433139
        ],
        [
          -13855.0,
          60.4263,
          8954.99
        ]
      ],
      "objLayer": 0,
      "props": {}
    },
    "bdt_t1_bomb_zone_09_aaa_point_01": {
      "type": "Point",
      "tm": [
        [
          0.433139,
          0.0,
          0.901327
        ],
        [
          0.0,
          1.0,
          0.0
        ],
        [
          -0.901327,
          0.0,
          0.433139
        ],
        [
          -10226.0,
          95.9182,
          7889.97
        ]
      ],
      "objLayer": 0,
      "props": {}
    },
    "bdt_t1_bomb_zone_09_aaa_point_02": {
      "type": "Point",
      "tm": [
        [
          0.433139,
          0.0,
          0.901327
        ],
        [
          0.0,
          1.0,
          0.0
        ],
        [
          -0.901327,
          0.0,
          0.433139
        ],
        [
          -9732.38,
          16.388,
          7909.09
        ]
      ],
      "objLayer": 0,
      "props": {}
    },
    "bdt_t1_bomb_zone_09_aaa_point_03": {
      "type": "Point",
      "tm": [
        [
          0.433139,
          0.0,
          0.901327
        ],
        [
          0.0,
          1.0,
          0.0
        ],
        [
          -0.901327,
          0.0,
          0.433139
        ],
        [
          -10484.0,
          102.225,
          8432.36
        ]
      ],
      "objLayer": 0,
      "props": {}
    },
    "bdt_t1_bomb_zone_09_aaa_point_04": {
      "type": "Point",
      "tm": [
        [
          0.433139,
          0.0,
          0.901327
        ],
        [
          0.0,
          1.0,
          0.0
        ],
        [
          -0.901327,
          0.0,
          0.433139
        ],
        [
          -9564.34,
          153.203,
          8331.99
