{
  "selected_tag": "",
  "bin_dump_file": "",
  "mission_settings": {
    "player": {
      "army": 1
    },
    "player_teamB": {
      "army": 2
    },
    "mission": {
      "level": "levels/air_smolensk.bin",
      "type": "domination",
      "environment": "Day",
      "weather": "hazy",
      "restoreType": "attempts",
      "optionalTakeOff": false
    }
  },
  "imports": {},
  "triggers": {
    "isCategory": true,
    "is_enabled": true
  },
  "mission_objectives": {
    "isCategory": true,
    "is_enabled": true
  },
  "variables": {},
  "dialogs": {},
  "airfields": {},
  "effects": {},
  "units": {
    "objectGroups": [
      {
        "name": "bdt_t2_bomb_object_01",
        "tm": [
          [
            0.996316,
            0.0,
            0.0857388
          ],
          [
            0.0,
            1.0,
            0.0
          ],
          [
            -0.0857388,
            0.0,
            0.996316
          ],
          [
            -18409.7,
            71.0919,
            -5379.86
          ]
        ],
        "unit_class": "dynBase_hq_camp_square",
        "objLayer": 2,
        "props": {
          "army": 2,
          "active": false
        }
      },
      {
        "name": "bdt_t2_bomb_object_02",
        "tm": [
          [
            0.855242,
            0.0,
            -0.518233
          ],
          [
            0.0,
            1.0,
            0.0
          ],
          [
            0.518233,
            0.0,
            0.855242
          ],
          [
            -12216.9,
            136.532,
            -7799.13
          ]
        ],
        "unit_class": "dynBase_fuel_storage_square",
        "objLayer": 2,
        "props": {
          "army": 2,
          "active": false
        }
      },
      {
        "name": "bdt_t2_bomb_object_03",
        "tm": [
          [
            0.27922,
            0.0,
            0.960229
          ],
          [
            0.0,
            1.0,
            0.0
          ],
          [
            -0.960229,
            0.0,
            0.27922
          ],
          [
            -11391.5,
            132.379,
            -9729.58
          ]
        ],
        "unit_class": "dynBase_oil_storage_small_square",
        "objLayer": 2,
        "props": {
          "army": 2,
          "active": false
        }
      },
      {
        "name": "bdt_t1_bomb_object_01",
        "tm": [
          [
            0.862753,
            0.0,
            0.505623
          ],
          [
            0.0,
            1.0,
            0.0
          ],
          [
            -0.505623,
            0.0,
            0.862753
          ],
          [
            -16014.3,
            26.8527,
            5953.99
          ]
        ],
        "unit_class": "dynBase_fuel_storage_square",
        "objLayer": 2,
        "props": {
          "army": 1,
          "active": false
        }
      },
      {
        "name": "bdt_t1_bomb_object_02",
        "tm": [
          [
            0.294494,
            0.0,
            0.955652
          ],
          [
            0.0,
            1.0,
            0.0
          ],
          [
            -0.955652,
            0.0,
            0.294494
          ],
          [
            -7736.45,
            78.4878,
            4486.85
          ]
        ],
        "unit_class": "dynBase_small_factory_square",
        "objLayer": 2,
        "props": {
          "army": 1,
          "active": false
        }
      },
      {
        "name": "bdt_t1_bomb_object_03",
        "tm": [
          [
            0.19301,
            0.0,
            0.981197
          ],
          [
            0.0,
            1.0,
            0.0
          ],
          [
            -0.981197,
            0.0,
            0.19301
          ],
          [
            -10711.1,
            63.9062,
            8461.66
          ]
        ],
        "unit_class": "dynBase_oil_storage_small_square",
        "objLayer": 2,
        "props": {
          "army": 1,
          "active": false
        }
      },
      {
        "name": "bdt_t2_bomb_object_04",
        "tm": [
          [
            0.766956,
            0.0,
            0.641699
          ],
          [
            0.0,
            1.0,
            0.0
          ],
          [
            -0.641699,
            0.0,
            0.766956
          ],
          [
            -19739.0,
            59.6919,
            -3030.49
          ]
        ],
        "unit_class": "dynBase_small_factory_square",
        "objLayer": 2,
        "props": {
          "army": 2,
          "active": false
        }
      },
      {
        "name": "bdt_t1_bomb_object_04",
        "tm": [
          [
            0.524223,
            0.0,
            0.851581
          ],
          [
            0.0,
            1.0,
            0.0
          ],
          [
            -0.851581,
            0.0,
            0.524223
          ],
          [
            -15317.3,
            47.1711,
            8491.99
          ]
        ],
        "unit_class": "dynBase_field_camp_square",
        "objLayer": 2,
        "props": {
          "army": 1,
          "active": false
        }
      },
      {
        "name": "bdt_t1_bomb_object_05",
        "tm": [
          [
            0.524223,
            0.0,
            0.851581
          ],
          [
            0.0,
            1.0,
            0.0
          ],
          [
            -0.851581,
            0.0,
            0.524223
          ],
          [
            -3830.57,
            96.1953,
            1092.72
          ]
        ],
        "unit_class": "dynBase_military_base_square",
        "objLayer": 2,
        "props": {
          "army": 1,
          "active": false
        }
      },
      {
        "name": "bdt_t1_bomb_object_06",
        "tm": [
          [
            0.524223,
            0.0,
            0.851581
          ],
          [
            0.0,
            1.0,
            0.0
          ],
          [
            -0.851581,
            0.0,
            0.524223
          ],
          [
            -5765.89,
            93.9482,
            -924.275
          ]
        ],
        "unit_class": "dynBase_oil_storage_large_square",
        "objLayer": 2,
        "props": {
          "army": 1,
          "active": false
        }
      },
      {
        "name": "bdt_t1_bomb_object_07",
        "tm": [
          [
            0.524223,
            0.0,
            0.851581
          ],
          [
            0.0,
            1.0,
            0.0
          ],
          [
            -0.851581,
            0.0,
            0.524223
          ],
          [
            -6173.62,
            87.4375,
            1687.8
          ]
        ],
        "unit_class": "dynBase_oil_storage_large_square",
        "objLayer": 2,
        "props": {
          "army": 1,
          "active": false
        }
      },
      {
        "name": "bdt_t1_bomb_object_08",
        "tm": [
          [
            0.862753,
            0.0,
            0.505623
          ],
          [
            0.0,
            1.0,
            0.0
          ],
          [
            -0.505623,
            0.0,
            0.862753
          ],
          [
            -13597.0,
            56.9863,
            6823.24
          ]
        ],
        "unit_class": "dynBase_small_factory_square",
        "objLayer": 2,
        "props": {
          "army": 1,
          "active": false
        }
      },
      {
        "name": "bdt_t1_bomb_object_09",
        "tm": [
          [
            0.862753,
            0.0,
            0.505623
          ],
          [
            0.0,
            1.0,
            0.0
          ],
          [
            -0.505623,
            0.0,
            0.862753
          ],
          [
            -10582.0,
            41.5771,
            6535.09
          ]
        ],
        "unit_class": "dynBase_petrol_camp_square",
        "objLayer": 2,
        "props": {
          "army": 1,
          "active": false
        }
      },
      {
        "name": "bdt_t1_bomb_object_10",
        "tm": [
          [
            0.862753,
            0.0,
            0.505623
          ],
          [
            0.0,
            1.0,
            0.0
          ],
          [
            -0.505623,
            0.0,
            0.862753
          ],
          [
            -5930.55,
            44.8926,
            5690.93
          ]
        ],
        "unit_class": "dynBase_petrol_camp_square",
        "objLayer": 2,
        "props": {
          "army": 1,
          "active": false
        }
      },
      {
        "name": "bdt_t2_bomb_object_05",
        "tm": [
          [
            0.766956,
            0.0,
            0.641699
          ],
          [
            0.0,
            1.0,
            0.0
          ],
          [
            -0.641699,
            0.0,
            0.766956
          ],
          [
            -20139.3,
            90.8452,
            -131.538
          ]
        ],
        "unit_class": "dynBase_petrol_camp_square",
        "objLayer": 2,
        "props": {
          "army": 2,
          "active": false
        }
      },
      {
        "name": "bdt_t2_bomb_object_06",
        "tm": [
          [
            0.376123,
            0.0,
            0.92657
          ],
          [
            0.0,
            1.0,
            0.0
          ],
          [
            -0.92657,
            0.0,
            0.376123
          ],
          [
            -22170.5,
            84.7275,
            -2623.81
          ]
        ],
        "unit_class": "dynBase_military_base_square",
        "objLayer": 2,
        "props": {
          "army": 2,
          "active": false
        }
      },
      {
        "name": "bdt_t2_bomb_object_07",
        "tm": [
          [
            0.766956,
            0.0,
            0.641699
          ],
          [
            0.0,
            1.0,
            0.0
          ],
          [
            -0.641699,
            0.0,
            0.766956
          ],
          [
            -20370.6,
            70.3055,
            -6142.61
          ]
        ],
        "unit_class": "dynBase_fuel_storage_square",
        "objLayer": 2,
        "props": {
          "army": 2,
          "active": false
        }
      },
      {
        "name": "bdt_t2_bomb_object_08",
        "tm": [
          [
            0.27922,
            0.0,
            0.960229
          ],
          [
            0.0,
            1.0,
            0.0
          ],
          [
            -0.960229,
            0.0,
            0.27922
          ],
          [
            -9686.08,
            55.4155,
            -6900.55
          ]
        ],
        "unit_class": "dynBase_ammunition_storage_square",
        "objLayer": 2,
        "props": {
          "army": 2,
          "active": false
        }
      },
      {
        "name": "bdt_t2_bomb_object_09",
        "tm": [
          [
            0.27922,
            0.0,
            0.960229
          ],
          [
            0.0,
            1.0,
            0.0
          ],
          [
            -0.960229,
            0.0,
            0.27922
          ],
          [
            -15626.5,
            49.0811,
            -9520.38
          ]
        ],
        "unit_class": "dynBase_field_camp_square",
        "objLayer": 2,
        "props": {
          "army": 2,
          "active": false
        }
      },
      {
        "name": "bdt_t2_bomb_object_10",
        "tm": [
          [
            0.27922,
            0.0,
            0.960229
          ],
          [
            0.0,
            1.0,
            0.0
          ],
          [
            -0.960229,
            0.0,
            0.27922
          ],
          [
            -15347.0,
            57.793,
            -7471.0
          ]
        ],
        "unit_class": "dynBase_oil_storage_small_square",
        "objLayer": 2,
        "props": {
          "army": 2,
          "active": false
        }
      }
    ]
  },
  "areas": {
    "bdt_t2_bomb_zone_01": {
      "type": "Sphere",
      "tm": [
        [
          448.344,
          0.0,
          38.5834
        ],
        [
          0.0,
          450.0,
          0.0
        ],
        [
          -38.5834,
          0.0,
          448.344
        ],
        [
          -18411.6,
          58.4389,
          -5386.77
        ]
      ],
      "objLayer": 0,
      "props": {}
    },
    "bdt_t2_bomb_zone_02": {
      "type": "Sphere",
      "tm": [
        [
          441.299,
          0.0,
          88.0704
        ],
        [
          0.0,
          450.0,
          0.0
        ],
        [
          -88.0704,
          0.0,
          441.299
        ],
        [
          -12211.4,
          132.107,
          -7778.2
        ]
      ],
      "objLayer": 0,
      "props": {}
    },
    "bdt_t2_bomb_zone_03": {
      "type": "Sphere",
      "tm": [
        [
          125.65,
          0.0,
          432.102
        ],
        [
          0.0,
          450.0,
          0.0
        ],
        [
          -432.102,
          0.0,
          125.65
        ],
        [
          -11400.9,
          132.679,
          -9732.31
        ]
      ],
      "objLayer": 0,
      "props": {}
    },
    "bdt_t1_bomb_zone_01": {
      "type": "Sphere",
      "tm": [
        [
          388.24,
          0.0,
          227.53
        ],
        [
          0.0,
          450.0,
          0.0
        ],
        [
          -227.53,
          0.0,
          388.24
        ],
        [
          -16005.2,
          22.1566,
          5962.89
        ]
      ],
      "objLayer": 0,
      "props": {}
    },
    "bdt_t1_bomb_zone_02": {
      "type": "Sphere",
      "tm": [
        [
          222.46,
          0.0,
          391.167
        ],
        [
          0.0,
          450.0,
          0.0
        ],
        [
          -391.167,
          0.0,
          222.46
        ],
        [
          -7736.14,
          77.3878,
          4491.6
        ]
      ],
      "objLayer": 0,
      "props": {}
    },
    "bdt_t1_bomb_zone_03": {
      "type": "Sphere",
      "tm": [
        [
          248.337,
          0.0,
          375.271
        ],
        [
          0.0,
          450.0,
          0.0
        ],
        [
          -375.271,
          0.0,
          248.337
        ],
        [
          -10708.5,
          56.9362,
          8466.71
        ]
      ],
      "objLayer": 0,
      "props": {}
    },
    "bdt_t2_bomb_zone_04": {
      "type": "Sphere",
      "tm": [
        [
          345.13,
          0.0,
          288.764
        ],
        [
          0.0,
          450.0,
          0.0
        ],
        [
          -288.764,
          0.0,
          345.13
        ],
        [
          -19731.9,
          59.7159,
          -3027.0
        ]
      ],
      "objLayer": 0,
      "props": {}
    },
    "bdt_t1_bomb_zone_04": {
      "type": "Sphere",
      "tm": [
        [
          248.337,
          0.0,
          375.271
        ],
        [
          0.0,
          450.0,
          0.0
        ],
        [
          -375.271,
          0.0,
          248.337
        ],
        [
          -15321.9,
          45.2061,
          8495.39
        ]
      ],
      "objLayer": 0,
      "props": {}
    },
    "bdt_t2_bomb_zone_01_aaa_point_01": {
      "type": "Point",
      "tm": [
        [
          0.778473,
          0.0,
          0.627675
        ],
        [
          0.0,
          1.0,
          0.0
        ],
        [
          -0.627675,
          0.0,
          0.778473
        ],
        [
          -18250.2,
          42.7539,
          -5544.16
        ]
      ],
      "objLayer": 0,
      "props": {}
    },
    "bdt_t2_bomb_zone_01_aaa_point_02": {
      "type": "Point",
      "tm": [
        [
          0.778473,
          0.0,
          0.627675
        ],
        [
          0.0,
          1.0,
          0.0
        ],
        [
          -0.627675,
          0.0,
          0.778473
        ],
        [
          -18680.2,
          53.8939,
          -5271.59
        ]
      ],
      "objLayer": 0,
      "props": {}
    },
    "bdt_t2_bomb_zone_01_aaa_point_03": {
      "type": "Point",
      "tm": [
        [
          0.778473,
          0.0,
          0.627675
        ],
        [
          0.0,
          1.0,
          0.0
        ],
        [
          -0.627675,
          0.0,
          0.778473
        ],
        [
          -18592.8,
          46.3369,
          -5190.79
        ]
      ],
      "objLayer": 0,
      "props": {}
    },
    "bdt_t2_bomb_zone_01_aaa_point_04": {
      "type": "Point",
      "tm": [
        [
          0.778473,
          0.0,
          0.627675
        ],
        [
          0.0,
          1.0,
          0.0
        ],
        [
          -0.627675,
          0.0,
          0.778473
        ],
        [
          -18308.0,
          47.1529,
          -4930.94
        ]
      ],
      "objLayer": 0,
      "props": {}
    },
    "bdt_t2_bomb_zone_02_aaa_point_01": {
      "type": "Point",
      "tm": [
        [
          0.704055,
          0.0,
          0.710143
        ],
        [
          0.0,
          1.0,
          0.0
        ],
        [
          -0.710143,
          0.0,
          0.704055
        ],
        [
          -12245.2,
          139.379,
          -8024.48
        ]
      ],
      "objLayer": 0,
      "props": {}
    },
    "bdt_t2_bomb_zone_02_aaa_point_02": {
      "type": "Point",
      "tm": [
        [
          0.704055,
          0.0,
          0.710143
        ],
        [
          0.0,
          1.0,
          0.0
        ],
        [
          -0.710143,
          0.0,
          0.704055
        ],
        [
          -12393.3,
          127.299,
          -7506.1
        ]
      ],
      "objLayer": 0,
      "props": {}
    },
    "bdt_t2_bomb_zone_02_aaa_point_03": {
      "type": "Point",
      "tm": [
        [
          0.704055,
          0.0,
          0.710143
        ],
        [
          0.0,
          1.0,
          0.0
        ],
        [
          -0.710143,
          0.0,
          0.704055
        ],
        [
          -12470.3,
          139.289,
          -7883.78
        ]
      ],
      "objLayer": 0,
      "props": {}
    },
    "bdt_t2_bomb_zone_02_aaa_point_04": {
      "type": "Point",
      "tm": [
        [
          0.704055,
          0.0,
          0.710143
        ],
        [
          0.0,
          1.0,
          0.0
        ],
        [
          -0.710143,
          0.0,
          0.704055
        ],
        [
          -12024.5,
          161.505,
          -7645.26
        ]
      ],
      "objLayer": 0,
      "props": {}
    },
    "bdt_t2_bomb_zone_03_aaa_point_01": {
      "type": "Point",
      "tm": [
        [
          0.704055,
          0.0,
          0.710143
        ],
        [
          0.0,
          1.0,
          0.0
        ],
        [
          -0.710143,
          0.0,
          0.704055
        ],
        [
          -10948.6,
          158.189,
          -9710.57
        ]
      ],
      "objLayer": 0,
      "props": {}
    },
    "bdt_t2_bomb_zone_03_aaa_point_02": {
      "type": "Point",
      "tm": [
        [
          0.704055,
          0.0,
          0.710143
        ],
        [
          0.0,
          1.0,
          0.0
        ],
        [
          -0.710143,
          0.0,
          0.704055
        ],
        [
          -11515.7,
          213.238,
          -9463.2
        ]
      ],
      "objLayer": 0,
      "props": {}
    },
    "bdt_t2_bomb_zone_03_aaa_point_03": {
      "type": "Point",
      "tm": [
        [
          0.704055,
          0.0,
          0.710143
        ],
        [
          0.0,
          1.0,
          0.0
        ],
        [
          -0.710143,
          0.0,
          0.704055
        ],
        [
          -11718.9,
          247.019,
          -9693.71
        ]
      ],
      "objLayer": 0,
      "props": {}
    },
    "bdt_t2_bomb_zone_03_aaa_point_04": {
      "type": "Point",
      "tm": [
        [
          0.704055,
          0.0,
          0.710143
        ],
        [
          0.0,
          1.0,
          0.0
        ],
        [
          -0.710143,
          0.0,
          0.704055
        ],
        [
          -11351.1,
          173.834,
          -10028.2
        ]
      ],
      "objLayer": 0,
      "props": {}
    },
    "bdt_t2_bomb_zone_04_aaa_point_01": {
      "type": "Point",
      "tm": [
        [
          0.778473,
          0.0,
          0.627675
        ],
        [
          0.0,
          1.0,
          0.0
        ],
        [
          -0.627675,
          0.0,
          0.778473
        ],
        [
          -19690.4,
          61.9279,
          -2697.28
        ]
      ],
      "objLayer": 0,
      "props": {}
    },
    "bdt_t2_bomb_zone_04_aaa_point_02": {
      "type": "Point",
      "tm": [
        [
          0.778473,
          0.0,
          0.627675
        ],
        [
          0.0,
          1.0,
          0.0
        ],
        [
          -0.627675,
          0.0,
          0.778473
        ],
        [
          -20032.9,
          60.0939,
          -3001.05
        ]
      ],
      "objLayer": 0,
      "props": {}
    },
    "bdt_t2_bomb_zone_04_aaa_point_03": {
      "type": "Point",
      "tm": [
        [
          0.778473,
          0.0,
          0.627675
        ],
        [
          0.0,
          1.0,
          0.0
        ],
        [
          -0.627675,
          0.0,
          0.778473
        ],
        [
          -19490.2,
          61.5019,
          -3139.44
        ]
      ],
      "objLayer": 0,
      "props": {}
    },
    "bdt_t2_bomb_zone_04_aaa_point_04": {
      "type": "Point",
      "tm": [
        [
          0.778473,
          0.0,
          0.627675
        ],
        [
          0.0,
          1.0,
          0.0
        ],
        [
          -0.627675,
          0.0,
          0.778473
        ],
        [
          -19695.9,
          60.6989,
          -3271.25
        ]
      ],
      "objLayer": 0,
      "props": {}
    },
    "bdt_t1_bomb_zone_01_aaa_point_01": {
      "type": "Point",
      "tm": [
        [
          0.433139,
          0.0,
          0.901327
        ],
        [
          0.0,
          1.0,
          0.0
        ],
        [
          -0.901327,
          0.0,
          0.433139
        ],
        [
          -15903.1,
          -108.895,
          6196.29
        ]
      ],
      "objLayer": 0,
      "props": {}
    },
    "bdt_t1_bomb_zone_01_aaa_point_02": {
      "type": "Point",
      "tm": [
        [
          0.433139,
          0.0,
          0.901327
        ],
        [
          0.0,
          1.0,
          0.0
        ],
        [
          -0.901327,
          0.0,
          0.433139
        ],
        [
          -16166.7,
          8.54856,
          5767.94
        ]
      ],
      "objLayer": 0,
      "props": {}
    },
    "bdt_t1_bomb_zone_01_aaa_point_03": {
      "type": "Point",
      "tm": [
        [
          0.433139,
          0.0,
          0.901327
        ],
        [
          0.0,
          1.0,
          0.0
        ],
        [
          -0.901327,
          0.0,
          0.433139
        ],
        [
          -15809.3,
          10.1319,
          5836.39
        ]
      ],
      "objLayer": 0,
      "props": {}
    },
    "bdt_t1_bomb_zone_01_aaa_point_04": {
      "type": "Point",
      "tm": [
        [
          0.433139,
          0.0,
          0.901327
        ],
        [
          0.0,
          1.0,
          0.0
        ],
        [
          -0.901327,
          0.0,
          0.433139
        ],
        [
          -16002.6,
          13.6468,
          5714.63
        ]
      ],
      "objLayer": 0,
      "props": {}
    },
    "bdt_t1_bomb_zone_02_aaa_point_01": {
      "type": "Point",
      "tm": [
        [
          0.433139,
          0.0,
          0.901327
        ],
        [
          0.0,
          1.0,
          0.0
        ],
        [
          -0.901327,
          0.0,
          0.433139
        ],
        [
          -7813.1,
          -69.6942,
          4750.83
        ]
      ],
      "objLayer": 0,
      "props": {}
    },
    "bdt_t1_bomb_zone_02_aaa_point_02": {
      "type": "Point",
      "tm": [
        [
          0.433139,
          0.0,
          0.901327
        ],
        [
          0.0,
          1.0,
          0.0
        ],
        [
          -0.901327,
          0.0,
          0.433139
        ],
        [
          -7999.4,
          -26.4042,
          4528.25
        ]
      ],
      "objLayer": 0,
      "props": {}
    },
    "bdt_t1_bomb_zone_02_aaa_point_03": {
      "type": "Point",
      "tm": [
        [
          0.433139,
          0.0,
          0.901327
        ],
        [
          0.0,
          1.0,
          0.0
        ],
        [
          -0.901327,
          0.0,
          0.433139
        ],
        [
          -7362.03,
          138.383,
          4240.6
        ]
      ],
      "objLayer": 0,
      "props": {}
    },
    "bdt_t1_bomb_zone_02_aaa_point_04": {
      "type": "Point",
      "tm": [
        [
          0.433139,
          0.0,
          0.901327
        ],
        [
          0.0,
          1.0,
          0.0
        ],
        [
          -0.901327,
          0.0,
          0.433139
        ],
        [
          -7910.57,
          -32.8603,
          4212.47
        ]
      ],
      "objLayer": 0,
      "props": {}
    },
    "bdt_t1_bomb_zone_03_aaa_point_01": {
      "type": "Point",
      "tm": [
        [
          0.530432,
          0.0,
          0.847727
        ],
        [
          0.0,
          1.0,
          0.0
        ],
        [
          -0.847727,
          0.0,
          0.530432
        ],
        [
          -10619.2,
          66.6083,
          8172.2
        ]
      ],
      "objLayer": 0,
      "props": {}
    },
    "bdt_t1_bomb_zone_03_aaa_point_02": {
      "type": "Point",
      "tm": [
        [
          0.530432,
          0.0,
          0.847727
        ],
        [
          0.0,
          1.0,
          0.0
        ],
        [
          -0.847727,
          0.0,
          0.530432
        ],
        [
          -10792.7,
          61.9922,
          8693.72
        ]
      ],
      "objLayer": 0,
      "props": {}
    },
    "bdt_t1_bomb_zone_03_aaa_point_03": {
      "type": "Point",
      "tm": [
        [
          0.530432,
          0.0,
          0.847727
        ],
        [
          0.0,
          1.0,
          0.0
        ],
        [
          -0.847727,
          0.0,
          0.530432
        ],
        [
          -10993.5,
          98.2663,
          8498.65
        ]
      ],
      "objLayer": 0,
      "props": {}
    },
    "bdt_t1_bomb_zone_03_aaa_point_04": {
      "type": "Point",
      "tm": [
        [
          0.530432,
          0.0,
          0.847727
        ],
        [
          0.0,
          1.0,
          0.0
        ],
        [
          -0.847727,
          0.0,
          0.530432
        ],
        [
          -10456.2,
          62.2132,
          8533.26
        ]
      ],
      "objLayer": 0,
      "props": {}
    },
    "bdt_t1_bomb_zone_04_aaa_point_01": {
      "type": "Point",
      "tm": [
        [
          0.530432,
          0.0,
          0.847727
        ],
        [
          0.0,
          1.0,
          0.0
        ],
        [
          -0.847727,
          0.0,
          0.530432
        ],
        [
          -15056.0,
          184.14,
          8667.65
        ]
      ],
      "objLayer": 0,
      "props": {}
    },
    "bdt_t1_bomb_zone_04_aaa_point_02": {
      "type": "Point",
      "tm": [
        [
          0.530432,
          0.0,
          0.847727
        ],
        [
          0.0,
          1.0,
          0.0
        ],
        [
          -0.847727,
          0.0,
          0.530432
        ],
        [
          -15368.0,
          53.2942,
          8743.89
        ]
      ],
      "objLayer": 0,
      "props": {}
    },
    "bdt_t1_bomb_zone_04_aaa_point_03": {
      "type": "Point",
      "tm": [
        [
          0.530432,
          0.0,
          0.847727
        ],
        [
          0.0,
          1.0,
          0.0
        ],
        [
          -0.847727,
          0.0,
          0.530432
        ],
        [
          -15078.6,
          154.15,
          8336.01
        ]
      ],
      "objLayer": 0,
      "props": {}
    },
    "bdt_t1_bomb_zone_04_aaa_point_04": {
      "type": "Point",
      "tm": [
        [
          0.530432,
          0.0,
          0.847727
        ],
        [
          0.0,
          1.0,
          0.0
        ],
        [
          -0.847727,
          0.0,
          0.530432
        ],
        [
          -15635.6,
          -93.4709,
          8507.28
        ]
      ],
      "objLayer": 0,
      "props": {}
    },
    "bdt_t1_bomb_zone_05": {
      "type": "Sphere",
      "tm": [
        [
          248.337,
          0.0,
          375.271
        ],
        [
          0.0,
          450.0,
          0.0
        ],
        [
          -375.271,
          0.0,
          248.337
        ],
        [
          -3835.3,
          96.0474,
          1096.09
        ]
      ],
      "objLayer": 0,
      "props": {}
    },
    "bdt_t1_bomb_zone_06": {
      "type": "Sphere",
      "tm": [
        [
          248.337,
          0.0,
          375.271
        ],
        [
          0.0,
          450.0,
          0.0
        ],
        [
          -375.271,
          0.0,
          248.337
        ],
        [
          -5770.53,
          94.5652,
          -920.852
        ]
      ],
      "objLayer": 0,
      "props": {}
    },
    "bdt_t1_bomb_zone_07": {
      "type": "Sphere",
      "tm": [
        [
          248.337,
          0.0,
          375.271
        ],
        [
          0.0,
          450.0,
          0.0
        ],
        [
          -375.271,
          0.0,
          248.337
        ],
        [
          -6178.33,
          86.7023,
          1691.29
        ]
      ],
      "objLayer": 0,
      "props": {}
    },
    "bdt_t1_bomb_zone_08": {
      "type": "Sphere",
      "tm": [
        [
          388.24,
          0.0,
          227.53
        ],
        [
          0.0,
          450.0,
          0.0
        ],
        [
          -227.53,
          0.0,
          388.24
        ],
        [
          -13588.0,
          56.3624,
          6832.14
        ]
      ],
      "objLayer": 0,
      "props": {}
    },
    "bdt_t1_bomb_zone_09": {
      "type": "Sphere",
      "tm": [
        [
          388.24,
          0.0,
          227.53
        ],
        [
          0.0,
          450.0,
          0.0
        ],
        [
          -227.53,
          0.0,
          388.24
        ],
        [
          -10573.0,
          44.5672,
          6543.84
        ]
      ],
      "objLayer": 0,
      "props": {}
    },
    "bdt_t1_bomb_zone_10": {
      "type": "Sphere",
      "tm": [
        [
          388.24,
          0.0,
          227.53
        ],
        [
          0.0,
          450.0,
          0.0
        ],
        [
          -227.53,
          0.0,
          388.24
        ],
        [
          -5921.47,
          44.7836,
          5699.82
        ]
      ],
      "objLayer": 0,
      "props": {}
    },
    "bdt_t1_bomb_zone_05_aaa_point_01": {
      "type": "Point",
      "tm": [
        [
          0.530432,
          0.0,
          0.847727
        ],
        [
          0.0,
          1.0,
          0.0
        ],
        [
          -0.847727,
          0.0,
          0.530432
        ],
        [
          -3999.49,
          87.5322,
          876.69
        ]
      ],
      "objLayer": 0,
      "props": {}
    },
    "bdt_t1_bomb_zone_05_aaa_point_02": {
      "type": "Point",
      "tm": [
        [
          0.530432,
          0.0,
          0.847727
        ],
        [
          0.0,
          1.0,
          0.0
        ],
        [
          -0.847727,
          0.0,
          0.530432
        ],
        [
          -3823.48,
          106.36,
          941.11
        ]
      ],
      "objLayer": 0,
      "props": {}
    },
    "bdt_t1_bomb_zone_05_aaa_point_03": {
      "type": "Point",
      "tm": [
        [
          0.530432,
          0.0,
          0.847727
        ],
        [
          0.0,
          1.0,
          0.0
        ],
        [
          -0.847727,
          0.0,
          0.530432
        ],
        [
          -3654.31,
          92.2411,
          1319.75
        ]
      ],
      "objLayer": 0,
      "props": {}
    },
    "bdt_t1_bomb_zone_05_aaa_point_04": {
      "type": "Point",
      "tm": [
        [
          0.530432,
          0.0,
          0.847727
        ],
        [
          0.0,
          1.0,
          0.0
        ],
        [
          -0.847727,
          0.0,
          0.530432
        ],
        [
          -3883.68,
          200.885,
          1369.39
        ]
      ],
      "objLayer": 0,
      "props": {}
    },
    "bdt_t1_bomb_zone_06_aaa_point_01": {
      "type": "Point",
      "tm": [
        [
          0.530432,
          0.0,
          0.847727
        ],
        [
          0.0,
          1.0,
          0.0
        ],
        [
          -0.847727,
          0.0,
          0.530432
        ],
        [
          -5624.23,
          64.8232,
          -1224.78
        ]
      ],
      "objLayer": 0,
      "props": {}
    },
    "bdt_t1_bomb_zone_06_aaa_point_02": {
      "type": "Point",
      "tm": [
        [
          0.530432,
          0.0,
          0.847727
        ],
        [
          0.0,
          1.0,
          0.0
        ],
        [
          -0.847727,
          0.0,
          0.530432
        ],
        [
          -5887.65,
          89.7212,
          -1223.64
        ]
      ],
      "objLayer": 0,
      "props": {}
    },
    "bdt_t1_bomb_zone_06_aaa_point_03": {
      "type": "Point",
      "tm": [
        [
          0.530432,
          0.0,
          0.847727
        ],
        [
          0.0,
          1.0,
          0.0
        ],
        [
          -0.847727,
          0.0,
          0.530432
        ],
        [
          -6027.09,
          157.271,
          -748.375
        ]
      ],
      "objLayer": 0,
      "props": {}
    },
    "bdt_t1_bomb_zone_06_aaa_point_04": {
      "type": "Point",
      "tm": [
        [
          0.530432,
          0.0,
          0.847727
        ],
        [
          0.0,
          1.0,
          0.0
        ],
        [
          -0.847727,
          0.0,
          0.530432
        ],
        [
          -5518.02,
          154.034,
          -763.177
        ]
      ],
      "objLayer": 0,
      "props": {}
    },
    "bdt_t1_bomb_zone_07_aaa_point_01": {
      "type": "Point",
      "tm": [
        [
          0.530432,
          0.0,
          0.847727
        ],
        [
          0.0,
          1.0,
          0.0
        ],
        [
          -0.847727,
          0.0,
          0.530432
        ],
        [
          -6320.84,
          52.2373,
          1956.72
        ]
      ],
      "objLayer": 0,
      "props": {}
    },
    "bdt_t1_bomb_zone_07_aaa_point_02": {
      "type": "Point",
      "tm": [
        [
          0.530432,
          0.0,
          0.847727
        ],
        [
          0.0,
          1.0,
          0.0
        ],
        [
          -0.847727,
          0.0,
          0.530432
        ],
        [
          -6017.45,
          118.867,
          1381.76
        ]
      ],
      "objLayer": 0,
      "props": {}
    },
    "bdt_t1_bomb_zone_07_aaa_point_03": {
      "type": "Point",
      "tm": [
        [
          0.530432,
          0.0,
          0.847727
        ],
        [
          0.0,
          1.0,
          0.0
        ],
        [
          -0.847727,
          0.0,
          0.530432
        ],
        [
          -5888.18,
          108.716,
          1860.76
        ]
      ],
      "objLayer": 0,
      "props": {}
    },
    "bdt_t1_bomb_zone_07_aaa_point_04": {
      "type": "Point",
      "tm": [
        [
          0.530432,
          0.0,
          0.847727
        ],
        [
          0.0,
          1.0,
          0.0
        ],
        [
          -0.847727,
          0.0,
          0.530432
        ],
        [
          -6579.35,
          95.7232,
          1715.3
        ]
      ],
      "objLayer": 0,
      "props": {}
    },
    "bdt_t1_bomb_zone_08_aaa_point_01": {
      "type": "Point",
      "tm": [
        [
          0.433139,
          0.0,
          0.901327
        ],
        [
          0.0,
          1.0,
          0.0
        ],
        [
          -0.901327,
          0.0,
          0.433139
        ],
        [
          -13892.8,
          129.922,
          6892.67
        ]
      ],
      "objLayer": 0,
      "props": {}
    },
    "bdt_t1_bomb_zone_08_aaa_point_02": {
      "type": "Point",
      "tm": [
        [
          0.433139,
          0.0,
          0.901327
        ],
        [
          0.0,
          1.0,
          0.0
        ],
        [
          -0.901327,
          0.0,
          0.433139
        ],
        [
          -13609.0,
          118.531,
          6526.93
        ]
      ],
      "objLayer": 0,
      "props": {}
    },
    "bdt_t1_bomb_zone_08_aaa_point_03": {
      "type": "Point",
      "tm": [
        [
          0.433139,
          0.0,
          0.901327
        ],
        [
          0.0,
          1.0,
          0.0
        ],
        [
          -0.901327,
          0.0,
          0.433139
        ],
        [
          -13243.7,
          47.7093,
          6734.59
        ]
      ],
      "objLayer": 0,
      "props": {}
    },
    "bdt_t1_bomb_zone_08_aaa_point_04": {
      "type": "Point",
      "tm": [
        [
          0.433139,
          0.0,
          0.901327
        ],
        [
          0.0,
          1.0,
          0.0
        ],
        [
          -0.901327,
          0.0,
          0.433139
        ],
        [
          -13475.4,
          60.4263,
          7079.9
        ]
      ],
      "objLayer": 0,
      "props": {}
    },
    "bdt_t1_bomb_zone_09_aaa_point_01": {
      "type": "Point",
      "tm": [
        [
          0.433139,
          0.0,
          0.901327
        ],
        [
          0.0,
          1.0,
          0.0
        ],
        [
          -0.901327,
          0.0,
          0.433139
        ],
        [
          -10839.0,
          95.9182,
          6183.35
        ]
      ],
      "objLayer": 0,
      "props": {}
    },
    "bdt_t1_bomb_zone_09_aaa_point_02": {
      "type": "Point",
      "tm": [
        [
          0.433139,
          0.0,
          0.901327
        ],
        [
          0.0,
          1.0,
          0.0
        ],
        [
          -0.901327,
          0.0,
          0.433139
        ],
        [
          -10345.4,
          16.388,
          6202.47
        ]
      ],
      "objLayer": 0,
      "props": {}
    },
    "bdt_t1_bomb_zone_09_aaa_point_03": {
      "type": "Point",
      "tm": [
        [
          0.433139,
          0.0,
          0.901327
        ],
        [
          0.0,
          1.0,
          0.0
        ],
        [
          -0.901327,
          0.0,
          0.433139
        ],
        [
          -11097.0,
          102.225,
          6725.74
        ]
      ],
      "objLayer": 0,
      "props": {}
    },
    "bdt_t1_bomb_zone_09_aaa_point_04": {
      "type": "Point",
      "tm": [
        [
          0.433139,
          0.0,
          0.901327
        ],
        [
          0.0,
          1.0,
          0.0
        ],
        [
          -0.901327,
          0.0,
          0.433139
        ],
        [
          -10177.4,
          153.203,
          6625.37
