{
  "selected_tag": "",
  "bin_dump_file": "",
  "mission_settings": {
    "player": {
      "army": 1
    },
    "player_teamB": {
      "army": 2
    },
    "mission": {
      "type": "singleMission",
      "level": "levels/water.bin",
      "environment": "Day",
      "weather": "good"
    }
  },
  "imports": {},
  "triggers": {
    "isCategory": true,
    "is_enabled": true
  },
  "mission_objectives": {
    "isCategory": true,
    "is_enabled": true
  },
  "variables": {},
  "dialogs": {},
  "airfields": {},
  "effects": {},
  "units": {
    "objectGroups": [
      {
        "name": "bridge_01",
        "tm": [
          [
            0.934155,
            0.0,
            -0.356869
          ],
          [
            0.0,
            1.0,
            0.0
          ],
          [
            0.356869,
            0.0,
            0.934155
          ],
          [
            1361.29,
            -2.56764,
            1596.59
          ]
        ],
        "unit_class": "bridge_stone_europe_a",
        "objLayer": 1,
        "props": {
          "army": 2,
          "active": true
        }
      },
      {
        "name": "bridge_02",
        "tm": [
          [
            0.820577,
            0.00173824,
            0.571533
          ],
          [
            0.018955,
            0.999362,
            -0.030254
          ],
          [
            -0.571221,
            0.0356591,
            0.820022
          ],
          [
            1812.86,
            -2.08434,
            1580.09
          ]
        ],
        "unit_class": "bridge_stone_europe_a",
        "objLayer": 1,
        "props": {
          "army": 2,
          "active": true
        }
      },
      {
        "name": "bridge_03",
        "tm": [
          [
            0.820309,
            -0.00361738,
            0.571909
          ],
          [
            -0.0269032,
            0.998629,
            0.0449046
          ],
          [
            -0.571287,
            -0.0522217,
            0.819087
          ],
          [
            1785.43,
            -2.40451,
            1619.3
          ]
        ],
        "unit_class": "bridge_stone_europe_a",
        "objLayer": 1,
        "props": {
          "army": 2,
          "active": true
        }
      },
      {
        "name": "bridge_04",
        "tm": [
          [
            0.755225,
            0.000509854,
            0.655465
          ],
          [
            0.00647072,
            0.999945,
            -0.00823334
          ],
          [
            -0.655433,
            0.0104594,
            0.75518
          ],
          [
            2703.89,
            -2.7122,
            1977.36
          ]
        ],
        "unit_class": "bridge_stone_europe_a",
        "objLayer": 1,
        "props": {
          "army": 2,
          "active": true
        }
      },
      {
        "name": "bridge_06",
        "tm": [
          [
            0.881579,
            -0.00025493,
            0.472037
          ],
          [
            -0.0022439,
            0.999986,
            0.00473077
          ],
          [
            -0.472031,
            -0.00522975,
            0.881565
          ],
          [
            1694.93,
            -2.9,
            1530.92
          ]
        ],
        "unit_class": "bridge_stone_europe_a",
        "objLayer": 1,
        "props": {
          "army": 2,
          "active": true
        }
      },
      {
        "name": "bridge_07",
        "tm": [
          [
            0.971387,
            0.000679795,
            0.237498
          ],
          [
            0.00265179,
            0.999903,
            -0.013708
          ],
          [
            -0.237485,
            0.0139456,
            0.971291
          ],
          [
            2101.87,
            -2.9167,
            1705.55
          ]
        ],
        "unit_class": "bridge_stone_europe_a",
        "objLayer": 1,
        "props": {
          "army": 2,
          "active": true
        }
      },
      {
        "name": "bridge_08",
        "tm": [
          [
            0.838733,
            0.00524064,
            0.544517
          ],
          [
            0.00265179,
            0.999903,
            -0.013708
          ],
          [
            -0.544536,
            0.0129413,
            0.838637
          ],
          [
            2360.72,
            -3.2167,
            1892.72
          ]
        ],
        "unit_class": "bridge_stone_europe_a",
        "objLayer": 1,
        "props": {
          "army": 2,
          "active": true
        }
      },
      {
        "name": "bridge_09",
        "tm": [
          [
            0.94733,
            -3.10815e-17,
            0.32026
          ],
          [
            -6.98492e-10,
            1.0,
            6.8685e-9
          ],
          [
            -0.32026,
            -6.37621e-16,
            0.94733
          ],
          [
            2508.18,
            -3.61671,
            1965.09
          ]
        ],
        "unit_class": "bridge_stone_europe_a",
        "objLayer": 1,
        "props": {
          "army": 2,
          "active": true
        }
      },
      {
        "name": "bridge_10",
        "tm": [
          [
            0.0394134,
            6.20402e-16,
            -0.999222
          ],
          [
            -6.98492e-10,
            1.0,
            6.8685e-9
          ],
          [
            0.999223,
            1.50424e-16,
            0.0394134
          ],
          [
            2287.79,
            -2.81684,
            1957.79
          ]
        ],
        "unit_class": "bridge_stone_europe_a",
        "objLayer": 1,
        "props": {
          "army": 2,
          "active": true
        }
      },
      {
        "name": "bridge_11",
        "tm": [
          [
            -0.540845,
            4.21924e-16,
            -0.841121
          ],
          [
            -6.98492e-10,
            1.0,
            6.8685e-9
          ],
          [
            0.841122,
            4.79069e-16,
            -0.540845
          ],
          [
            2404.37,
            -2.95,
            2391.77
          ]
        ],
        "unit_class": "bridge_stone_europe_a",
        "objLayer": 1,
        "props": {
          "army": 2,
          "active": true
        }
      },
      {
        "name": "bridge_12",
        "tm": [
          [
            -0.424145,
            4.81903e-16,
            -0.905594
          ],
          [
            -6.98492e-10,
            1.0,
            6.8685e-9
          ],
          [
            0.905594,
            4.18682e-16,
            -0.424145
          ],
          [
            2513.45,
            -2.95,
            2641.46
          ]
        ],
        "unit_class": "bridge_stone_europe_a",
        "objLayer": 1,
        "props": {
          "army": 2,
          "active": true
        }
      },
      {
        "name": "bridge_13",
        "tm": [
          [
            -0.138215,
            5.7935e-16,
            -0.990402
          ],
          [
            -6.98492e-10,
            1.0,
            6.8685e-9
          ],
          [
            0.990402,
            2.68098e-16,
            -0.138215
          ],
          [
            2285.97,
            -2.52325,
            2146.29
          ]
        ],
        "unit_class": "bridge_stone_europe_a",
        "objLayer": 1,
        "props": {
          "army": 2,
          "active": true
        }
      }
    ]
  },
  "areas": {},
  "objLayers": {
    "layer": [
      {
        "enabled": true
      },
      {
        "enabled": true
      },
      {
        "enabled": true
      },
      {
        "enabled": true
      }
    ]
  },
  "wayPoints": {}
}