{
  "selected_tag": "",
  "bin_dump_file": "",
  "mission_settings": {
    "player": {
      "army": 1
    },
    "player_teamB": {
      "army": 2
    },
    "mission": {
      "type": "singleMission",
      "level": "levels/water.bin",
      "environment": "Day",
      "weather": "good"
    }
  },
  "imports": {},
  "triggers": {
    "isCategory": true,
    "is_enabled": true
  },
  "mission_objectives": {
    "isCategory": true,
    "is_enabled": true
  },
  "variables": {},
  "dialogs": {},
  "airfields": {},
  "effects": {},
  "units": {
    "objectGroups": [
      {
        "name": "bridge_01",
        "tm": [
          [
            0.934155,
            0.0,
            -0.356869
          ],
          [
            0.0,
            1.0,
            0.0
          ],
          [
            0.356869,
            0.0,
            0.934155
          ],
          [
            1360.73,
            -2.43,
            1595.15
          ]
        ],
        "unit_class": "bridge_stone_europe_b",
        "objLayer": 1,
        "props": {
          "army": 2,
          "active": true
        }
      },
      {
        "name": "bridge_02",
        "tm": [
          [
            0.819119,
            -1.69281e-9,
            0.573623
          ],
          [
            0.0190187,
            0.99945,
            -0.0271582
          ],
          [
            -0.573308,
            0.0331552,
            0.818669
          ],
          [
            1811.94,
            -2.14473,
            1581.12
          ]
        ],
        "unit_class": "bridge_stone_europe_b_02",
        "objLayer": 1,
        "props": {
          "army": 2,
          "active": true
        }
      },
      {
        "name": "bridge_03",
        "tm": [
          [
            0.819059,
            -3.68477e-9,
            0.57371
          ],
          [
            -0.025025,
            0.999048,
            0.035727
          ],
          [
            -0.573164,
            -0.0436194,
            0.81828
          ],
          [
            1788.0,
            -2.28974,
            1615.53
          ]
        ],
        "unit_class": "bridge_stone_europe_b_02",
        "objLayer": 1,
        "props": {
          "army": 2,
          "active": true
        }
      },
      {
        "name": "bridge_04",
        "tm": [
          [
            0.766047,
            0.0,
            0.642784
          ],
          [
            -2.53494e-8,
            1.0,
            4.10655e-8
          ],
          [
            -0.642784,
            0.0,
            0.766047
          ],
          [
            2702.79,
            -3.03932,
            1980.11
          ]
        ],
        "unit_class": "bridge_stone_europe_b_01",
        "objLayer": 1,
        "props": {
          "army": 2,
          "active": true
        }
      },
      {
        "name": "bridge_06",
        "tm": [
          [
            0.882951,
            2.77556e-17,
            0.469466
          ],
          [
            -1.45519e-9,
            1.0,
            -8.26549e-9
          ],
          [
            -0.469466,
            0.0,
            0.88295
          ],
          [
            1694.34,
            -2.43,
            1531.89
          ]
        ],
        "unit_class": "bridge_stone_europe_b",
        "objLayer": 1,
        "props": {
          "army": 2,
          "active": true
        }
      },
      {
        "name": "bridge_07",
        "tm": [
          [
            0.965927,
            -3.0439e-7,
            0.258811
          ],
          [
            1.01834e-7,
            1.0,
            7.88552e-7
          ],
          [
            -0.258812,
            -7.00764e-7,
            0.965927
          ],
          [
            2101.29,
            -3.02,
            1709.35
          ]
        ],
        "unit_class": "bridge_stone_europe_b_01",
        "objLayer": 1,
        "props": {
          "army": 2,
          "active": true
        }
      },
      {
        "name": "bridge_08",
        "tm": [
          [
            0.829037,
            -7.10249e-23,
            0.559193
          ],
          [
            1.68272e-8,
            1.0,
            3.22658e-8
          ],
          [
            -0.559194,
            9.15867e-27,
            0.829036
          ],
          [
            2358.77,
            -3.35,
            1894.86
          ]
        ],
        "unit_class": "bridge_stone_europe_b_02",
        "objLayer": 1,
        "props": {
          "army": 2,
          "active": true
        }
      },
      {
        "name": "bridge_09",
        "tm": [
          [
            0.945519,
            -3.46572e-17,
            0.325568
          ],
          [
            -6.98492e-10,
            1.0,
            6.8685e-9
          ],
          [
            -0.325568,
            -6.37437e-16,
            0.945519
          ],
          [
            2508.11,
            -3.56,
            1965.3
          ]
        ],
        "unit_class": "bridge_stone_europe_b_02",
        "objLayer": 1,
        "props": {
          "army": 2,
          "active": true
        }
      },
      {
        "name": "bridge_10",
        "tm": [
          [
            0.0348995,
            6.19716e-16,
            -0.99939
          ],
          [
            -6.98492e-10,
            1.0,
            6.8685e-9
          ],
          [
            0.999391,
            1.53225e-16,
            0.0348994
          ],
          [
            2287.63,
            -2.93,
            1957.81
          ]
        ],
        "unit_class": "bridge_stone_europe_b_01",
        "objLayer": 1,
        "props": {
          "army": 2,
          "active": true
        }
      },
      {
        "name": "bridge_11",
        "tm": [
          [
            -0.544639,
            6.19718e-16,
            -0.83867
          ],
          [
            -6.98492e-10,
            1.0,
            6.8685e-9
          ],
          [
            0.838671,
            1.52328e-16,
            -0.544639
          ],
          [
            2404.26,
            -3.11,
            2391.76
          ]
        ],
        "unit_class": "bridge_stone_europe_b_01",
        "objLayer": 1,
        "props": {
          "army": 2,
          "active": true
        }
      },
      {
        "name": "bridge_12",
        "tm": [
          [
            -0.422618,
            -1.62359e-17,
            -0.906308
          ],
          [
            5.58794e-9,
            1.0,
            3.72529e-9
          ],
          [
            0.906308,
            0.0,
            -0.422617
          ],
          [
            2515.61,
            -3.68,
            2640.45
          ]
        ],
        "unit_class": "bridge_stone_europe_b_02",
        "objLayer": 1,
        "props": {
          "army": 2,
          "active": true
        }
      },
      {
        "name": "bridge_13",
        "tm": [
          [
            -0.139173,
            6.20257e-16,
            -0.990268
          ],
          [
            -6.98492e-10,
            1.0,
            6.8685e-9
          ],
          [
            0.990268,
            1.50984e-16,
            -0.139173
          ],
          [
            2285.87,
            -2.53092,
            2146.3
          ]
        ],
        "unit_class": "bridge_stone_europe_b",
        "objLayer": 1,
        "props": {
          "army": 2,
          "active": true
        }
      },
      {
        "name": "noobjectGroups_01",
        "tm": [
          [
            0.953717,
            0.0,
            0.300706
          ],
          [
            0.0,
            1.0,
            0.0
          ],
          [
            -0.300706,
            0.0,
            0.953717
          ],
          [
            1993.35,
            3.0,
            1668.14
          ]
        ],
        "unit_class": "noRendInstObjectGroup5",
        "objLayer": 2,
        "props": {
          "army": 2,
          "active": true
        }
      },
      {
        "name": "noobjectGroups_02",
        "tm": [
          [
            0.286374,
            0.0,
            0.958118
          ],
          [
            0.0,
            1.0,
            0.0
          ],
          [
            -0.958118,
            0.0,
            0.286374
          ],
          [
            2505.42,
            3.0,
            2576.46
          ]
        ],
        "unit_class": "noRendInstObjectGroup5",
        "objLayer": 2,
        "props": {
          "army": 2,
          "active": true
        }
      },
      {
        "name": "noobjectGroups_03",
        "tm": [
          [
            0.3361,
            0.0,
            0.941826
          ],
          [
            0.0,
            1.0,
            0.0
          ],
          [
            -0.941826,
            0.0,
            0.3361
          ],
          [
            2511.83,
            3.0,
            2595.98
          ]
        ],
        "unit_class": "noRendInstObjectGroup5",
        "objLayer": 2,
        "props": {
          "army": 2,
          "active": true
        }
      },
      {
        "name": "noobjectGroups_04",
        "tm": [
          [
            0.9217,
            0.0,
            0.387902
          ],
          [
            0.0,
            1.0,
            0.0
          ],
          [
            -0.387902,
            0.0,
            0.9217
          ],
          [
            2153.46,
            3.0,
            1700.18
          ]
        ],
        "unit_class": "noRendInstObjectGroup5",
        "objLayer": 2,
        "props": {
          "army": 2,
          "active": true
        }
      }
    ]
  },
  "areas": {},
  "objLayers": {
    "layer": [
      {
        "enabled": true
      },
      {
        "enabled": true
      },
      {
        "enabled": true
      },
      {
        "enabled": true
      }
    ]
  },
  "wayPoints": {}
}