{
  "selected_tag": "",
  "bin_dump_file": "",
  "mission_settings": {
    "player": {
      "army": 1
    },
    "player_teamB": {
      "army": 2
    },
    "mission": {
      "level": "levels/ruhr.bin",
      "type": "singleMission",
      "environment": "Day",
      "weather": "hazy"
    }
  },
  "imports": {},
  "triggers": {
    "isCategory": true,
    "is_enabled": true,
    "fields_small_start": {
      "is_enabled": true,
      "comments": "",
      "props": {
        "actionsType": "PERFORM_ONE_BY_ONE",
        "conditionsType": "ALL",
        "enableAfterComplete": false
      },
      "events": {
        "initMission": {}
      },
      "conditions": {},
      "actions": {
        "varSetInt": [
          {
            "value": 3,
            "var": [
              "ft_t1_max_near_airfields_count",
              "ft_t2_max_near_airfields_count"
            ]
          },
          {
            "value": 2,
            "var": [
              "ft_t1_max_mid_airfields_count",
              "ft_t2_max_mid_airfields_count"
            ]
          },
          {
            "value": 2,
            "var": [
              "ft_t1_max_far_airfields_count",
              "ft_t2_max_far_airfields_count"
            ]
          }
        ],
        "comment": {
          "value": ""
        },
        "varSetReal": {
          "value": 15000.0,
          "var": "ft_generate_distance_between"
        }
      },
      "else_actions": {}
    }
  },
  "mission_objectives": {
    "isCategory": true,
    "is_enabled": true
  },
  "variables": {},
  "dialogs": {},
  "airfields": {},
  "effects": {},
  "units": {
    "objectGroups": [
      {
        "name": "ft_t1_airfield_01_01",
        "tm": [
          [
            -0.976295,
            0.0,
            0.216439
          ],
          [
            0.0,
            1.0,
            0.0
          ],
          [
            -0.216439,
            0.0,
            -0.976295
          ],
          [
            -28327.9,
            10.5416,
            28944.0
          ]
        ],
        "unit_class": "dynaf_universal_1line_d",
        "objLayer": 2,
        "props": {
          "army": 1,
          "active": false
        }
      },
      {
        "name": "ft_t1_airfield_01_02",
        "tm": [
          [
            -0.979456,
            0.0,
            -0.201656
          ],
          [
            0.0,
            1.0,
            0.0
          ],
          [
            0.201656,
            0.0,
            -0.979456
          ],
          [
            -28548.5,
            36.0801,
            -26677.3
          ]
        ],
        "unit_class": "dynaf_universal_1line_d",
        "objLayer": 2,
        "props": {
          "army": 1,
          "active": false
        }
      },
      {
        "name": "ft_t1_airfield_01_03",
        "tm": [
          [
            -0.996814,
            0.0,
            0.0797489
          ],
          [
            0.0,
            1.0,
            0.0
          ],
          [
            -0.0797489,
            0.0,
            -0.996814
          ],
          [
            -28481.9,
            24.2763,
            1816.62
          ]
        ],
        "unit_class": "dynaf_universal_1line_d",
        "objLayer": 2,
        "props": {
          "army": 1,
          "active": false
        }
      },
      {
        "name": "ft_t1_airfield_02_01",
        "tm": [
          [
            -0.897369,
            0.0,
            0.441281
          ],
          [
            0.0,
            1.0,
            0.0
          ],
          [
            -0.441281,
            0.0,
            -0.897369
          ],
          [
            -22048.3,
            13.4011,
            10934.0
          ]
        ],
        "unit_class": "dynaf_universal_1line_d",
        "objLayer": 2,
        "props": {
          "army": 1,
          "active": false
        }
      },
      {
        "name": "ft_t1_airfield_02_02",
        "tm": [
          [
            -0.935177,
            0.0,
            -0.354178
          ],
          [
            0.0,
            1.0,
            0.0
          ],
          [
            0.354178,
            0.0,
            -0.935177
          ],
          [
            -21916.4,
            17.7002,
            -12701.4
          ]
        ],
        "unit_class": "dynaf_universal_1line_d",
        "objLayer": 2,
        "props": {
          "army": 1,
          "active": false
        }
      },
      {
        "name": "ft_t1_airfield_03_01",
        "tm": [
          [
            -0.99213,
            0.0,
            0.125217
          ],
          [
            0.0,
            1.0,
            0.0
          ],
          [
            -0.125217,
            0.0,
            -0.99213
          ],
          [
            -12714.8,
            11.1463,
            13691.2
          ]
        ],
        "unit_class": "dynaf_universal_1line_d",
        "objLayer": 2,
        "props": {
          "army": 1,
          "active": false
        }
      },
      {
        "name": "ft_t1_airfield_03_02",
        "tm": [
          [
            -0.911367,
            0.0,
            -0.411598
          ],
          [
            0.0,
            1.0,
            0.0
          ],
          [
            0.411598,
            0.0,
            -0.911367
          ],
          [
            -14089.1,
            12.5996,
            -4467.5
          ]
        ],
        "unit_class": "dynaf_universal_1line_d",
        "objLayer": 2,
        "props": {
          "army": 1,
          "active": false
        }
      },
      {
        "name": "ft_t2_airfield_01_01",
        "tm": [
          [
            0.984807,
            0.0,
            -0.173648
          ],
          [
            0.0,
            1.0,
            0.0
          ],
          [
            0.173648,
            0.0,
            0.984807
          ],
          [
            28720.4,
            164.265,
            -29074.0
          ]
        ],
        "unit_class": "dynaf_universal_1line_d",
        "objLayer": 2,
        "props": {
          "army": 2,
          "active": false
        }
      },
      {
        "name": "ft_t2_airfield_01_02",
        "tm": [
          [
            0.683176,
            0.0,
            -0.730254
          ],
          [
            0.0,
            1.0,
            0.0
          ],
          [
            0.730254,
            0.0,
            0.683176
          ],
          [
            29111.7,
            67.5588,
            2588.15
          ]
        ],
        "unit_class": "dynaf_universal_1line_d",
        "objLayer": 2,
        "props": {
          "army": 2,
          "active": false
        }
      },
      {
        "name": "ft_t2_airfield_01_03",
        "tm": [
          [
            0.991445,
            0.0,
            -0.130526
          ],
          [
            0.0,
            1.0,
            0.0
          ],
          [
            0.130526,
            0.0,
            0.991445
          ],
          [
            28034.5,
            32.7516,
            28408.6
          ]
        ],
        "unit_class": "dynaf_universal_1line_d",
        "objLayer": 2,
        "props": {
          "army": 2,
          "active": false
        }
      },
      {
        "name": "ft_t2_airfield_02_01",
        "tm": [
          [
            0.95121,
            0.0,
            0.308545
          ],
          [
            0.0,
            1.0,
            0.0
          ],
          [
            -0.308545,
            0.0,
            0.95121
          ],
          [
            21071.0,
            55.5222,
            -10457.6
          ]
        ],
        "unit_class": "dynaf_universal_1line_d",
        "objLayer": 2,
        "props": {
          "army": 2,
          "active": false
        }
      },
      {
        "name": "ft_t2_airfield_02_02",
        "tm": [
          [
            0.984808,
            0.0,
            0.173648
          ],
          [
            0.0,
            1.0,
            0.0
          ],
          [
            -0.173648,
            0.0,
            0.984808
          ],
          [
            20395.3,
            35.5,
            8304.17
          ]
        ],
        "unit_class": "dynaf_universal_1line_d",
        "objLayer": 2,
        "props": {
          "army": 2,
          "active": false
        }
      },
      {
        "name": "ft_t2_airfield_03_01",
        "tm": [
          [
            0.974409,
            0.0,
            -0.224783
          ],
          [
            0.0,
            1.0,
            0.0
          ],
          [
            0.224783,
            0.0,
            0.974409
          ],
          [
            14263.1,
            177.444,
            -27171.5
          ]
        ],
        "unit_class": "dynaf_universal_1line_d",
        "objLayer": 2,
        "props": {
          "army": 2,
          "active": false
        }
      },
      {
        "name": "ft_t2_airfield_03_02",
        "tm": [
          [
            0.999033,
            0.0,
            0.0439393
          ],
          [
            0.0,
            1.0,
            0.0
          ],
          [
            -0.0439393,
            0.0,
            0.999033
          ],
          [
            13674.1,
            43.8008,
            27127.4
          ]
        ],
        "unit_class": "dynaf_universal_1line_d",
        "objLayer": 2,
        "props": {
          "army": 2,
          "active": false
        }
      },
      {
        "name": "ft_t1_airfield_03_03",
        "tm": [
          [
            -0.983889,
            0.0,
            -0.178785
          ],
          [
            0.0,
            1.0,
            0.0
          ],
          [
            0.178785,
            0.0,
            -0.983889
          ],
          [
            -14523.4,
            25.6667,
            -27383.7
          ]
        ],
        "unit_class": "dynaf_universal_1line_d",
        "objLayer": 2,
        "props": {
          "army": 1,
          "active": false
        }
      },
      {
        "name": "ft_t1_airfield_02_03",
        "tm": [
          [
            -0.972361,
            0.0,
            -0.233481
          ],
          [
            0.0,
            1.0,
            0.0
          ],
          [
            0.233481,
            0.0,
            -0.972361
          ],
          [
            -22136.4,
            12.3167,
            -2320.07
          ]
        ],
        "unit_class": "dynaf_universal_1line_d",
        "objLayer": 2,
        "props": {
          "army": 1,
          "active": false
        }
      },
      {
        "name": "ft_t2_airfield_02_03",
        "tm": [
          [
            0.984808,
            0.0,
            -0.173648
          ],
          [
            0.0,
            1.0,
            0.0
          ],
          [
            0.173648,
            0.0,
            0.984808
          ],
          [
            21238.1,
            61.316,
            -1312.04
          ]
        ],
        "unit_class": "dynaf_universal_1line_d",
        "objLayer": 2,
        "props": {
          "army": 2,
          "active": false
        }
      },
      {
        "name": "ft_t2_airfield_03_03",
        "tm": [
          [
            0.90205,
            0.0,
            0.431632
          ],
          [
            0.0,
            1.0,
            0.0
          ],
          [
            -0.431632,
            0.0,
            0.90205
          ],
          [
            14184.5,
            32.3262,
            14173.8
          ]
        ],
        "unit_class": "dynaf_universal_1line_d",
        "objLayer": 2,
        "props": {
          "army": 2,
          "active": false
        }
      },
      {
        "name": "ft_t1_airfield_03_04",
        "tm": [
          [
            -0.960365,
            0.0,
            0.278747
          ],
          [
            0.0,
            1.0,
            0.0
          ],
          [
            -0.278747,
            0.0,
            -0.960365
          ],
          [
            -13271.0,
            16.6344,
            25839.2
          ]
        ],
        "unit_class": "dynaf_universal_1line_d",
        "objLayer": 2,
        "props": {
          "army": 1,
          "active": false
        }
      },
      {
        "name": "ft_t1_airfield_03_05",
        "tm": [
          [
            -0.963458,
            0.0,
            0.267863
          ],
          [
            0.0,
            1.0,
            0.0
          ],
          [
            -0.267863,
            0.0,
            -0.963458
          ],
          [
            -13655.4,
            19.72,
            -16751.6
          ]
        ],
        "unit_class": "dynaf_universal_1line_d",
        "objLayer": 2,
        "props": {
          "army": 1,
          "active": false
        }
      },
      {
        "name": "ft_t1_airfield_01_04",
        "tm": [
          [
            -0.976295,
            0.0,
            0.216439
          ],
          [
            0.0,
            1.0,
            0.0
          ],
          [
            -0.216439,
            0.0,
            -0.976295
          ],
          [
            -28371.0,
            16.21,
            13061.2
          ]
        ],
        "unit_class": "dynaf_universal_1line_d",
        "objLayer": 2,
        "props": {
          "army": 1,
          "active": false
        }
      },
      {
        "name": "ft_t1_airfield_01_05",
        "tm": [
          [
            -0.998797,
            0.0,
            -0.0490133
          ],
          [
            0.0,
            1.0,
            0.0
          ],
          [
            0.0490133,
            0.0,
            -0.998797
          ],
          [
            -28289.2,
            18.5371,
            -10360.3
          ]
        ],
        "unit_class": "dynaf_universal_1line_d",
        "objLayer": 2,
        "props": {
          "army": 1,
          "active": false
        }
      },
      {
        "name": "ft_t1_airfield_02_04",
        "tm": [
          [
            -0.983094,
            0.0,
            -0.183095
          ],
          [
            0.0,
            1.0,
            0.0
          ],
          [
            0.183095,
            0.0,
            -0.983094
          ],
          [
            -22147.1,
            25.3267,
            -22553.6
          ]
        ],
        "unit_class": "dynaf_universal_1line_d",
        "objLayer": 2,
        "props": {
          "army": 1,
          "active": false
        }
      },
      {
        "name": "ft_t1_airfield_02_05",
        "tm": [
          [
            -0.999048,
            0.0,
            0.0436193
          ],
          [
            0.0,
            1.0,
            0.0
          ],
          [
            -0.0436193,
            0.0,
            -0.999048
          ],
          [
            -21919.0,
            10.6963,
            22056.7
          ]
        ],
        "unit_class": "dynaf_universal_1line_d",
        "objLayer": 2,
        "props": {
          "army": 1,
          "active": false
        }
      },
      {
        "name": "ft_t2_airfield_03_04",
        "tm": [
          [
            0.984329,
            0.0,
            0.176347
          ],
          [
            0.0,
            1.0,
            0.0
          ],
          [
            -0.176347,
            0.0,
            0.984329
          ],
          [
            13612.5,
            76.9956,
            -12857.8
          ]
        ],
        "unit_class": "dynaf_universal_1line_d",
        "objLayer": 2,
        "props": {
          "army": 2,
          "active": false
        }
      },
      {
        "name": "ft_t2_airfield_03_05",
        "tm": [
          [
            0.999532,
            0.0,
            0.0306102
          ],
          [
            0.0,
            1.0,
            0.0
          ],
          [
            -0.0306102,
            0.0,
            0.999532
          ],
          [
            14075.0,
            63.3492,
            2353.45
          ]
        ],
        "unit_class": "dynaf_universal_1line_d",
        "objLayer": 2,
        "props": {
          "army": 2,
          "active": false
        }
      },
      {
        "name": "ft_t2_airfield_02_04",
        "tm": [
          [
            0.992272,
            0.0,
            -0.124079
          ],
          [
            0.0,
            1.0,
            0.0
          ],
          [
            0.124079,
            0.0,
            0.992272
          ],
          [
            21477.8,
            145.1,
            -21966.4
          ]
        ],
        "unit_class": "dynaf_universal_1line_d",
        "objLayer": 2,
        "props": {
          "army": 2,
          "active": false
        }
      },
      {
        "name": "ft_t2_airfield_02_05",
        "tm": [
          [
            0.996449,
            0.0,
            0.0842003
          ],
          [
            0.0,
            1.0,
            0.0
          ],
          [
            -0.0842003,
            0.0,
            0.996449
          ],
          [
            21290.2,
            31.9189,
            21884.3
          ]
        ],
        "unit_class": "dynaf_universal_1line_d",
        "objLayer": 2,
        "props": {
          "army": 2,
          "active": false
        }
      },
      {
        "name": "ft_t2_airfield_01_04",
        "tm": [
          [
            0.999419,
            0.0,
            -0.0341072
          ],
          [
            0.0,
            1.0,
            0.0
          ],
          [
            0.0341072,
            0.0,
            0.999419
          ],
          [
            28542.0,
            44.8638,
            18058.3
          ]
        ],
        "unit_class": "dynaf_universal_1line_d",
        "objLayer": 2,
        "props": {
          "army": 2,
          "active": false
        }
      },
      {
        "name": "ft_t2_airfield_01_05",
        "tm": [
          [
            0.98911,
            0.0,
            -0.147182
          ],
          [
            0.0,
            1.0,
            0.0
          ],
          [
            0.147182,
            0.0,
            0.98911
          ],
          [
            28368.2,
            104.167,
            -20811.1
          ]
        ],
        "unit_class": "dynaf_universal_1line_d",
        "objLayer": 2,
        "props": {
          "army": 2,
          "active": false
        }
      }
    ],
    "squad": [
      {
        "name": "ft_t1_airfields_squad",
        "tm": [
          [
            -1.0,
            0.0,
            -5.96046E-08
          ],
          [
            0.0,
            1.0,
            0.0
          ],
          [
            5.96046E-08,
            0.0,
            -1.0
          ],
          [
            -20419.1,
            3.85,
            -37455.6
          ]
        ],
        "props": {
          "squad_members": [
            "ft_t1_airfield_01_01",
            "ft_t1_airfield_01_02",
            "ft_t1_airfield_01_03",
            "ft_t1_airfield_01_04",
            "ft_t1_airfield_01_05",
            "ft_t1_airfield_02_01",
            "ft_t1_airfield_02_02",
            "ft_t1_airfield_02_03",
            "ft_t1_airfield_02_04",
            "ft_t1_airfield_02_05",
            "ft_t1_airfield_03_01",
            "ft_t1_airfield_03_02",
            "ft_t1_airfield_03_03",
            "ft_t1_airfield_03_04",
            "ft_t1_airfield_03_05"
          ],
          "object_marking": 0
        }
      },
      {
        "name": "ft_t2_airfields_squad",
        "tm": [
          [
            -1.0,
            0.0,
            -5.96046E-08
          ],
          [
            0.0,
            1.0,
            0.0
          ],
          [
            5.96046E-08,
            0.0,
            -1.0
          ],
          [
            17469.0,
            140.352,
            -31903.9
          ]
        ],
        "props": {
          "squad_members": [
            "ft_t2_airfield_01_01",
            "ft_t2_airfield_01_02",
            "ft_t2_airfield_01_03",
            "ft_t2_airfield_01_04",
            "ft_t2_airfield_01_05",
            "ft_t2_airfield_02_01",
            "ft_t2_airfield_02_02",
            "ft_t2_airfield_02_03",
            "ft_t2_airfield_02_04",
            "ft_t2_airfield_02_05",
            "ft_t2_airfield_03_01",
            "ft_t2_airfield_03_02",
            "ft_t2_airfield_03_03",
            "ft_t2_airfield_03_04",
            "ft_t2_airfield_03_05"
          ],
          "object_marking": 0
        }
      }
    ]
  },
  "areas": {
    "ft_t2_airfield_01_01_bomb_zone": {
      "type": "Box",
      "tm": [
        [
          -3151.39,
          0.0,
          555.673
        ],
        [
          0.0,
          1000.0,
          0.0
        ],
        [
          -260.472,
          0.0,
          -1477.21
        ],
        [
          28697.4,
          110.464,
          -29191.6
        ]
      ],
      "objLayer": 0,
      "props": {}
    },
    "ft_t2_airfield_01_02_bomb_zone": {
      "type": "Box",
      "tm": [
        [
          -2186.16,
          0.0,
          2336.81
        ],
        [
          0.0,
          1000.0,
          0.0
        ],
        [
          -1095.38,
          0.0,
          -1024.76
        ],
        [
          29032.9,
          -21.2661,
          2535.96
        ]
      ],
      "objLayer": 0,
      "props": {}
    },
    "ft_t2_airfield_01_03_bomb_zone": {
      "type": "Box",
      "tm": [
        [
          -3187.82,
          0.0,
          278.897
        ],
        [
          0.0,
          1000.0,
          0.0
        ],
        [
          -130.734,
          0.0,
          -1494.29
        ],
        [
          28008.5,
          -16.2046,
          28478.0
        ]
      ],
      "objLayer": 0,
      "props": {}
    },
    "ft_t2_airfield_02_01_bomb_zone": {
      "type": "Box",
      "tm": [
        [
          -2997.9,
          0.0,
          -1119.2
        ],
        [
          0.0,
          1000.0,
          0.0
        ],
        [
          524.614,
          0.0,
          -1405.27
        ],
        [
          21140.6,
          -5.57805,
          -10450.2
        ]
      ],
      "objLayer": 0,
      "props": {}
    },
    "ft_t2_airfield_02_02_bomb_zone": {
      "type": "Box",
      "tm": [
        [
          -3124.15,
          0.0,
          -692.607
        ],
        [
          0.0,
          1000.0,
          0.0
        ],
        [
          324.66,
          0.0,
          -1464.44
        ],
        [
          20370.5,
          -19.7001,
          8316.48
        ]
      ],
      "objLayer": 0,
      "props": {}
    },
    "ft_t2_airfield_03_01_bomb_zone": {
      "type": "Box",
      "tm": [
        [
          -3146.52,
          0.0,
          582.607
        ],
        [
          0.0,
          1000.0,
          0.0
        ],
        [
          -273.097,
          0.0,
          -1474.93
        ],
        [
          14181.6,
          125.844,
          -27161.0
        ]
      ],
      "objLayer": 0,
      "props": {}
    },
    "ft_t2_airfield_03_02_bomb_zone": {
      "type": "Box",
      "tm": [
        [
          -3187.73,
          0.0,
          -279.922
        ],
        [
          0.0,
          1000.0,
          0.0
        ],
        [
          131.215,
          0.0,
          -1494.25
        ],
        [
          13753.4,
          -16.9147,
          27071.9
        ]
      ],
      "objLayer": 0,
      "props": {}
    },
    "ft_t1_airfield_01_01_bomb_zone": {
      "type": "Box",
      "tm": [
        [
          -3124.15,
          0.0,
          692.603
        ],
        [
          0.0,
          1000.0,
          0.0
        ],
        [
          -324.659,
          0.0,
          -1464.44
        ],
        [
          -28297.3,
          -54.9182,
          29048.2
        ]
      ],
      "objLayer": 0,
      "props": {}
    },
    "ft_t1_airfield_01_03_bomb_zone": {
      "type": "Box",
      "tm": [
        [
          -3189.81,
          0.0,
          255.19
        ],
        [
          0.0,
          1000.0,
          0.0
        ],
        [
          -119.621,
          0.0,
          -1495.22
        ],
        [
          -28516.8,
          -26.4411,
          1936.63
        ]
      ],
      "objLayer": 0,
      "props": {}
    },
    "ft_t1_airfield_01_02_bomb_zone": {
      "type": "Box",
      "tm": [
        [
          -3134.26,
          0.0,
          -645.302
        ],
        [
          0.0,
          1000.0,
          0.0
        ],
        [
          302.484,
          0.0,
          -1469.18
        ],
        [
          -28642.6,
          -14.0332,
          -26613.9
        ]
      ],
      "objLayer": 0,
      "props": {}
    },
    "ft_t1_airfield_02_01_bomb_zone": {
      "type": "Box",
      "tm": [
        [
          -2871.58,
          0.0,
          1412.1
        ],
        [
          0.0,
          1000.0,
          0.0
        ],
        [
          -661.922,
          0.0,
          -1346.05
        ],
        [
          -22162.8,
          -40.0063,
          10903.2
        ]
      ],
      "objLayer": 0,
      "props": {}
    },
    "ft_t1_airfield_02_02_bomb_zone": {
      "type": "Box",
      "tm": [
        [
          -2940.28,
          0.0,
          -1262.83
        ],
        [
          0.0,
          1000.0,
          0.0
        ],
        [
          591.949,
          0.0,
          -1378.26
        ],
        [
          -21949.6,
          -32.9301,
          -12742.3
        ]
      ],
      "objLayer": 0,
      "props": {}
    },
    "ft_t1_airfield_03_01_bomb_zone": {
      "type": "Box",
      "tm": [
        [
          -3174.81,
          0.0,
          400.701
        ],
        [
          0.0,
          1000.0,
          0.0
        ],
        [
          -187.827,
          0.0,
          -1488.19
        ],
        [
          -12673.1,
          -43.0999,
          13659.8
        ]
      ],
      "objLayer": 0,
      "props": {}
    },
    "ft_t1_airfield_03_02_bomb_zone": {
      "type": "Box",
      "tm": [
        [
          -2916.37,
          0.0,
          -1317.11
        ],
        [
          0.0,
          1000.0,
          0.0
        ],
        [
          617.398,
          0.0,
          -1367.05
        ],
        [
          -14091.7,
          -40.4004,
          -4480.88
        ]
      ],
      "objLayer": 0,
      "props": {}
    },
    "ft_t1_airfield_01_01_spawn_01": {
      "type": "Point",
      "tm": [
        [
          -0.737278,
          0.0,
          0.67559
        ],
        [
          0.0,
          1.0,
          0.0
        ],
        [
          -0.67559,
          0.0,
          -0.737278
        ],
        [
          -29230.1,
          10.8562,
          29645.4
        ]
      ],
      "objLayer": 0,
      "props": {}
    },
    "ft_t1_airfield_01_01_spawn_02": {
      "type": "Point",
      "tm": [
        [
          -0.737278,
          0.0,
          0.67559
        ],
        [
          0.0,
          1.0,
          0.0
        ],
        [
          -0.67559,
          0.0,
          -0.737278
        ],
        [
          -27270.6,
          11.2588,
          29242.5
        ]
      ],
      "objLayer": 0,
      "props": {}
    },
    "ft_t1_airfield_01_01_spawn_03": {
      "type": "Point",
      "tm": [
        [
          -0.737278,
          0.0,
          0.67559
        ],
        [
          0.0,
          1.0,
          0.0
        ],
        [
          -0.67559,
          0.0,
          -0.737278
        ],
        [
          -27148.6,
          14.9344,
          28067.6
        ]
      ],
      "objLayer": 0,
      "props": {}
    },
    "ft_t1_airfield_01_01_spawn_04": {
      "type": "Point",
      "tm": [
        [
          -0.793353,
          0.0,
          0.608761
        ],
        [
          0.0,
          1.0,
          0.0
        ],
        [
          -0.608761,
          0.0,
          -0.793353
        ],
        [
          -29403.0,
          8.43973,
          28697.3
        ]
      ],
      "objLayer": 0,
      "props": {}
    },
    "ft_t1_airfield_01_01_spawn_05": {
      "type": "Point",
      "tm": [
        [
          -0.737278,
          0.0,
          0.67559
        ],
        [
          0.0,
          1.0,
          0.0
        ],
        [
          -0.67559,
          0.0,
          -0.737278
        ],
        [
          -27501.5,
          10.6336,
          29279.2
        ]
      ],
      "objLayer": 0,
      "props": {}
    },
    "ft_t1_airfield_01_01_spawn_06": {
      "type": "Point",
      "tm": [
        [
          -0.737278,
          0.0,
          0.67559
        ],
        [
          0.0,
          1.0,
          0.0
        ],
        [
          -0.67559,
          0.0,
          -0.737278
        ],
        [
          -27595.9,
          12.7068,
          28280.5
        ]
      ],
      "objLayer": 0,
      "props": {}
    },
    "ft_t1_airfield_01_01_spawn_07": {
      "type": "Point",
      "tm": [
        [
          -0.737278,
          0.0,
          0.67559
        ],
        [
          0.0,
          1.0,
          0.0
        ],
        [
          -0.67559,
          0.0,
          -0.737278
        ],
        [
          -27874.4,
          10.5741,
          29385.4
        ]
      ],
      "objLayer": 0,
      "props": {}
    },
    "ft_t1_airfield_01_01_spawn_08": {
      "type": "Point",
      "tm": [
        [
          -0.737278,
          0.0,
          0.67559
        ],
        [
          0.0,
          1.0,
          0.0
        ],
        [
          -0.67559,
          0.0,
          -0.737278
        ],
        [
          -28952.1,
          10.7545,
          29599.9
        ]
      ],
      "objLayer": 0,
      "props": {}
    },
    "ft_t1_airfield_01_01_spawn_09": {
      "type": "Point",
      "tm": [
        [
          -0.737278,
          0.0,
          0.67559
        ],
        [
          0.0,
          1.0,
          0.0
        ],
        [
          -0.67559,
          0.0,
          -0.737278
        ],
        [
          -28448.1,
          7.62494,
          28352.7
        ]
      ],
      "objLayer": 0,
      "props": {}
    },
    "ft_t1_airfield_01_01_spawn_10": {
      "type": "Point",
      "tm": [
        [
          -0.737278,
          0.0,
          0.67559
        ],
        [
          0.0,
          1.0,
          0.0
        ],
        [
          -0.67559,
          0.0,
          -0.737278
        ],
        [
          -28881.6,
          8.40912,
          28469.0
        ]
      ],
      "objLayer": 0,
      "props": {}
    },
    "ft_t1_airfield_01_01_spawn_11": {
      "type": "Point",
      "tm": [
        [
          -0.737278,
          0.0,
          0.67559
        ],
        [
          0.0,
          1.0,
          0.0
        ],
        [
          -0.67559,
          0.0,
          -0.737278
        ],
        [
          -28222.9,
          12.6617,
          29461.7
        ]
      ],
      "objLayer": 0,
      "props": {}
    },
    "ft_t1_airfield_01_01_spawn_12": {
      "type": "Point",
      "tm": [
        [
          -0.737278,
          0.0,
          0.67559
        ],
        [
          0.0,
          1.0,
          0.0
        ],
        [
          -0.67559,
          0.0,
          -0.737278
        ],
        [
          -28550.7,
          11.8063,
          29600.4
        ]
      ],
      "objLayer": 0,
      "props": {}
    },
    "ft_t1_airfield_01_01_spawn_13": {
      "type": "Point",
      "tm": [
        [
          -0.737278,
          0.0,
          0.67559
        ],
        [
          0.0,
          1.0,
          0.0
        ],
        [
          -0.67559,
          0.0,
          -0.737278
        ],
        [
          -27928.4,
          8.31632,
          28332.6
        ]
      ],
      "objLayer": 0,
      "props": {}
    },
    "ft_t1_airfield_01_01_spawn_14": {
      "type": "Point",
      "tm": [
        [
          -0.737278,
          0.0,
          0.67559
        ],
        [
          0.0,
          1.0,
          0.0
        ],
        [
          -0.67559,
          0.0,
          -0.737278
        ],
        [
          -28161.1,
          8.24808,
          28392.7
        ]
      ],
      "objLayer": 0,
      "props": {}
    },
    "ft_t1_airfield_01_02_spawn_01": {
      "type": "Point",
      "tm": [
        [
          -0.879929,
          0.0,
          0.475106
        ],
        [
          0.0,
          1.0,
          0.0
        ],
        [
          -0.475106,
          0.0,
          -0.879929
        ],
        [
          -27858.6,
          40.1591,
          -27224.8
        ]
      ],
      "objLayer": 0,
      "props": {}
    },
    "ft_t1_airfield_01_02_spawn_02": {
      "type": "Point",
      "tm": [
        [
          -0.879929,
          0.0,
          0.475106
        ],
        [
          0.0,
          1.0,
          0.0
        ],
        [
          -0.475106,
          0.0,
          -0.879929
        ],
        [
          -27352.0,
          36.68,
          -25940.2
        ]
      ],
      "objLayer": 0,
      "props": {}
    },
    "ft_t1_airfield_01_02_spawn_03": {
      "type": "Point",
      "tm": [
        [
          -0.879929,
          0.0,
          0.475106
        ],
        [
          0.0,
          1.0,
          0.0
        ],
        [
          -0.475106,
          0.0,
          -0.879929
        ],
        [
          -28182.1,
          36.1737,
          -26017.5
        ]
      ],
      "objLayer": 0,
      "props": {}
    },
    "ft_t1_airfield_01_02_spawn_04": {
      "type": "Point",
      "tm": [
        [
          -0.879929,
          0.0,
          0.475106
        ],
        [
          0.0,
          1.0,
          0.0
        ],
        [
          -0.475106,
          0.0,
          -0.879929
        ],
        [
          -30130.0,
          43.508,
          -26333.9
        ]
      ],
      "objLayer": 0,
      "props": {}
    },
    "ft_t1_airfield_01_02_spawn_05": {
      "type": "Point",
      "tm": [
        [
          -0.879929,
          0.0,
          0.475106
        ],
        [
          0.0,
          1.0,
          0.0
        ],
        [
          -0.475106,
          0.0,
          -0.879929
        ],
        [
          -29398.9,
          45.5384,
          -27360.9
        ]
      ],
      "objLayer": 0,
      "props": {}
    },
    "ft_t1_airfield_01_02_spawn_06": {
      "type": "Point",
      "tm": [
        [
          -0.879929,
          0.0,
          0.475106
        ],
        [
          0.0,
          1.0,
          0.0
        ],
        [
          -0.475106,
          0.0,
          -0.879929
        ],
        [
          -28450.7,
          43.9582,
          -27218.4
        ]
      ],
      "objLayer": 0,
      "props": {}
    },
    "ft_t1_airfield_01_02_spawn_07": {
      "type": "Point",
      "tm": [
        [
          -0.879929,
          0.0,
          0.475106
        ],
        [
          0.0,
          1.0,
          0.0
        ],
        [
          -0.475106,
          0.0,
          -0.879929
        ],
        [
          -27539.9,
          39.0036,
          -27176.1
        ]
      ],
      "objLayer": 0,
      "props": {}
    },
    "ft_t1_airfield_01_02_spawn_08": {
      "type": "Point",
      "tm": [
        [
          -0.879929,
          0.0,
          0.475106
        ],
        [
          0.0,
          1.0,
          0.0
        ],
        [
          -0.475106,
          0.0,
          -0.879929
        ],
        [
          -27901.3,
          36.2204,
          -25997.0
        ]
      ],
      "objLayer": 0,
      "props": {}
    },
    "ft_t1_airfield_01_02_spawn_09": {
      "type": "Point",
      "tm": [
        [
          -0.879929,
          0.0,
          0.475106
        ],
        [
          0.0,
          1.0,
          0.0
        ],
        [
          -0.475106,
          0.0,
          -0.879929
        ],
        [
          -29684.3,
          37.4743,
          -26344.2
        ]
      ],
      "objLayer": 0,
      "props": {}
    },
    "ft_t1_airfield_01_02_spawn_10": {
      "type": "Point",
      "tm": [
        [
          -0.879929,
          0.0,
          0.475106
        ],
        [
          0.0,
          1.0,
          0.0
        ],
        [
          -0.475106,
          0.0,
          -0.879929
        ],
        [
          -28115.0,
          41.4744,
          -27226.3
        ]
      ],
      "objLayer": 0,
      "props": {}
    },
    "ft_t1_airfield_01_02_spawn_11": {
      "type": "Point",
      "tm": [
        [
          -0.879929,
          0.0,
          0.475106
        ],
        [
          0.0,
          1.0,
          0.0
        ],
        [
          -0.475106,
          0.0,
          -0.879929
        ],
        [
          -28488.4,
          37.4124,
          -26042.5
        ]
      ],
      "objLayer": 0,
      "props": {}
    },
    "ft_t1_airfield_01_02_spawn_12": {
      "type": "Point",
      "tm": [
        [
          -0.879929,
          0.0,
          0.475106
        ],
        [
          0.0,
          1.0,
          0.0
        ],
        [
          -0.475106,
          0.0,
          -0.879929
        ],
        [
          -28790.5,
          38.893,
          -26037.7
        ]
      ],
      "objLayer": 0,
      "props": {}
    },
    "ft_t1_airfield_01_02_spawn_13": {
      "type": "Point",
      "tm": [
        [
          -0.879929,
          0.0,
          0.475106
        ],
        [
          0.0,
          1.0,
          0.0
        ],
        [
          -0.475106,
          0.0,
          -0.879929
        ],
        [
          -28733.1,
          44.5856,
          -27245.2
        ]
      ],
      "objLayer": 0,
      "props": {}
    },
    "ft_t1_airfield_01_02_spawn_14": {
      "type": "Point",
      "tm": [
        [
          -0.879929,
          0.0,
          0.475106
        ],
        [
          0.0,
          1.0,
          0.0
        ],
        [
          -0.475106,
          0.0,
          -0.879929
        ],
        [
          -29059.9,
          44.8672,
          -27330.6
        ]
      ],
      "objLayer": 0,
      "props": {}
    },
    "ft_t1_airfield_01_03_spawn_01": {
      "type": "Point",
      "tm": [
        [
          -0.602848,
          0.0,
          -0.797856
        ],
        [
          0.0,
          1.0,
          0.0
        ],
        [
          0.797856,
          0.0,
          -0.602848
        ],
        [
          -27364.6,
          26.1198,
          1226.31
        ]
      ],
      "objLayer": 0,
      "props": {}
    },
    "ft_t1_airfield_01_03_spawn_02": {
      "type": "Point",
      "tm": [
        [
          -0.602848,
          0.0,
          -0.797856
        ],
        [
          0.0,
          1.0,
          0.0
        ],
        [
          0.797856,
          0.0,
          -0.602848
        ],
        [
          -27479.1,
          25.622,
          2494.22
        ]
      ],
      "objLayer": 0,
      "props": {}
    },
    "ft_t1_airfield_01_03_spawn_03": {
      "type": "Point",
      "tm": [
        [
          -0.602848,
          0.0,
          -0.797856
        ],
        [
          0.0,
          1.0,
          0.0
        ],
        [
          0.797856,
          0.0,
          -0.602848
        ],
        [
          -27741.7,
          24.7412,
          2499.69
        ]
      ],
      "objLayer": 0,
      "props": {}
    },
    "ft_t1_airfield_01_03_spawn_04": {
      "type": "Point",
      "tm": [
        [
