{
  "selected_tag": "",
  "bin_dump_file": "",
  "mission_settings": {
    "player": {
      "army": 1
    },
    "player_teamB": {
      "army": 2
    },
    "mission": {
      "type": "domination",
      "level": "levels/air_israel.bin",
      "environment": "Day",
      "weather": "hazy"
    }
  },
  "imports": {},
  "triggers": {
    "isCategory": true,
    "is_enabled": true,
    "static_units_rank_05_init": {
      "is_enabled": true,
      "comments": "",
      "props": {
        "actionsType": "PERFORM_ONE_BY_ONE",
        "conditionsType": "ALL",
        "enableAfterComplete": false
      },
      "events": {
        "initMission": {}
      },
      "conditions": {},
      "actions": {
        "comment": [
          {
            "value": "static units"
          },
          {
            "value": "static aaa"
          },
          {
            "value": ""
          }
        ],
        "unitSetProperties": [
          {
            "object": [
              "t1_artillery_squad",
              "t1_bunkers_squad",
              "t2_artillery_squad",
              "t2_bunkers_squad"
            ],
            "accuracy": 0.1,
            "checkVisibilityTarget": false
          },
          {
            "object": [
              "t1_aaa_squad",
              "t2_aaa_squad"
            ],
            "targetGnd": false,
            "accuracy": 0.1,
            "airAccuracy": 0.1,
            "fireRandom": true,
            "targetChangeInterval": 5.0,
            "targetChangeProb": 0.25,
            "DelayAfterShoot": 3.0
          }
        ]
      },
      "else_actions": {}
    }
  },
  "mission_objectives": {
    "isCategory": true,
    "is_enabled": true
  },
  "variables": {},
  "dialogs": {},
  "airfields": {},
  "effects": {},
  "units": {
    "objectGroups": [
      {
        "name": "t1_trench_rank_05_01",
        "tm": [
          [
            0.725339,
            0.0086177,
            -0.688337
          ],
          [
            -0.00200525,
            0.999945,
            0.0104048
          ],
          [
            0.688388,
            -0.00616705,
            0.725316
          ],
          [
            28711.0,
            2066.3,
            -9399.65
          ]
        ],
        "unit_class": "dynTrench_small_bunker_axis",
        "objLayer": 2,
        "props": {
          "army": 1,
          "active": true
        }
      },
      {
        "name": "t1_trench_rank_05_02",
        "tm": [
          [
            0.677633,
            -0.0167573,
            -0.735209
          ],
          [
            0.0964051,
            0.993136,
            0.0662181
          ],
          [
            0.729052,
            -0.11575,
            0.674599
          ],
          [
            32536.0,
            1896.65,
            -13333.5
          ]
        ],
        "unit_class": "dynTrench_small_bunker_axis",
        "objLayer": 2,
        "props": {
          "army": 1,
          "active": true
        }
      },
      {
        "name": "t1_trench_rank_05_03",
        "tm": [
          [
            0.536211,
            0.0195398,
            -0.843858
          ],
          [
            0.0673422,
            0.995555,
            0.0658443
          ],
          [
            0.841392,
            -0.0921345,
            0.532512
          ],
          [
            25885.2,
            2054.97,
            -6186.2
          ]
        ],
        "unit_class": "dynTrench_small_bunker_axis",
        "objLayer": 2,
        "props": {
          "army": 1,
          "active": true
        }
      },
      {
        "name": "t1_trench_rank_05_04",
        "tm": [
          [
            0.854392,
            0.0467172,
            -0.517525
          ],
          [
            -0.00587645,
            0.996755,
            0.0802763
          ],
          [
            0.519598,
            -0.065546,
            0.851892
          ],
          [
            35667.0,
            2314.0,
            -16107.5
          ]
        ],
        "unit_class": "dynTrench_small_bunker_axis",
        "objLayer": 2,
        "props": {
          "army": 1,
          "active": true
        }
      },
      {
        "name": "t1_trench_rank_05_05",
        "tm": [
          [
            0.787333,
            0.214709,
            -0.577933
          ],
          [
            -0.18467,
            0.97649,
            0.111197
          ],
          [
            0.58822,
            0.0191776,
            0.808474
          ],
          [
            34142.5,
            2038.67,
            -14642.2
          ]
        ],
        "unit_class": "dynTrench_small_bunker_axis",
        "objLayer": 2,
        "props": {
          "army": 1,
          "active": true
        }
      },
      {
        "name": "t1_trench_rank_05_06",
        "tm": [
          [
            0.547839,
            0.0169068,
            -0.836413
          ],
          [
            -0.00559241,
            0.999847,
            0.0165474
          ],
          [
            0.836566,
            -0.00438794,
            0.547849
          ],
          [
            27323.5,
            2039.95,
            -7811.0
          ]
        ],
        "unit_class": "dynTrench_small_bunker_axis",
        "objLayer": 2,
        "props": {
          "army": 1,
          "active": true
        }
      },
      {
        "name": "t1_trench_rank_05_07",
        "tm": [
          [
            0.607455,
            -0.0205981,
            -0.794087
          ],
          [
            0.00149522,
            0.999692,
            -0.024787
          ],
          [
            0.794353,
            0.0138696,
            0.607298
          ],
          [
            30984.6,
            1941.25,
            -11733.6
          ]
        ],
        "unit_class": "dynTrench_small_bunker_axis",
        "objLayer": 2,
        "props": {
          "army": 1,
          "active": true
        }
      },
      {
        "name": "t1_trench_rank_05_08",
        "tm": [
          [
            0.437077,
            -0.0224044,
            -0.899146
          ],
          [
            0.13965,
            0.989256,
            0.0432345
          ],
          [
            0.888516,
            -0.144463,
            0.435509
          ],
          [
            24335.2,
            2206.6,
            -4024.3
          ]
        ],
        "unit_class": "dynTrench_small_bunker_axis",
        "objLayer": 2,
        "props": {
          "army": 1,
          "active": true
        }
      },
      {
        "name": "t2_trench_rank_05_01",
        "tm": [
          [
            -0.735548,
            0.0118952,
            0.677366
          ],
          [
            -0.00719639,
            0.999652,
            -0.0253692
          ],
          [
            -0.677433,
            -0.0235347,
            -0.735209
          ],
          [
            30408.8,
            2094.82,
            -7794.95
          ]
        ],
        "unit_class": "dynTrench_small_bunker_axis",
        "objLayer": 2,
        "props": {
          "army": 2,
          "active": true
        }
      },
      {
        "name": "t2_trench_rank_05_02",
        "tm": [
          [
            -0.739222,
            -0.0528362,
            0.671386
          ],
          [
            -0.0249628,
            0.998382,
            0.0510845
          ],
          [
            -0.673,
            0.0210027,
            -0.739344
          ],
          [
            28821.1,
            2055.35,
            -6391.6
          ]
        ],
        "unit_class": "dynTrench_small_bunker_axis",
        "objLayer": 2,
        "props": {
          "army": 2,
          "active": true
        }
      },
      {
        "name": "t2_trench_rank_05_03",
        "tm": [
          [
            -0.727532,
            0.126749,
            0.674264
          ],
          [
            0.0827899,
            0.991824,
            -0.0971136
          ],
          [
            -0.68106,
            -0.0148312,
            -0.732078
          ],
          [
            25408.5,
            2206.0,
            -3060.2
          ]
        ],
        "unit_class": "dynTrench_small_bunker_axis",
        "objLayer": 2,
        "props": {
          "army": 2,
          "active": true
        }
      },
      {
        "name": "t2_trench_rank_05_04",
        "tm": [
          [
            -0.518265,
            -0.0163781,
            0.855062
          ],
          [
            -0.0575213,
            0.998219,
            -0.0157444
          ],
          [
            -0.853283,
            -0.0573449,
            -0.518286
          ],
          [
            32776.6,
            2023.25,
            -10277.5
          ]
        ],
        "unit_class": "dynTrench_small_bunker_axis",
        "objLayer": 2,
        "props": {
          "army": 2,
          "active": true
        }
      },
      {
        "name": "t2_trench_rank_05_05",
        "tm": [
          [
            -0.467722,
            -0.0433874,
            0.882809
          ],
          [
            -0.0563453,
            0.998226,
            0.0192075
          ],
          [
            -0.882079,
            -0.0407583,
            -0.469337
          ],
          [
            36891.1,
            2264.9,
            -14875.6
          ]
        ],
        "unit_class": "dynTrench_small_bunker_axis",
        "objLayer": 2,
        "props": {
          "army": 2,
          "active": true
        }
      },
      {
        "name": "t2_trench_rank_05_06",
        "tm": [
          [
            -0.496443,
            0.0173059,
            0.867897
          ],
          [
            -0.0198577,
            0.999313,
            -0.0312849
          ],
          [
            -0.867843,
            -0.0327657,
            -0.495758
          ],
          [
            35352.9,
            2026.7,
            -13249.0
          ]
        ],
        "unit_class": "dynTrench_small_bunker_axis",
        "objLayer": 2,
        "props": {
          "army": 2,
          "active": true
        }
      },
      {
        "name": "t2_trench_rank_05_07",
        "tm": [
          [
            -0.773214,
            -0.00525536,
            0.634124
          ],
          [
            -0.0719124,
            0.994241,
            -0.0794462
          ],
          [
            -0.630055,
            -0.107031,
            -0.769138
          ],
          [
            27272.0,
            2019.55,
            -4807.6
          ]
        ],
        "unit_class": "dynTrench_small_bunker_axis",
        "objLayer": 2,
        "props": {
          "army": 2,
          "active": true
        }
      },
      {
        "name": "t2_trench_rank_05_08",
        "tm": [
          [
            -0.548347,
            0.0433651,
            0.835126
          ],
          [
            -0.0720173,
            0.992495,
            -0.0988239
          ],
          [
            -0.833145,
            -0.114333,
            -0.541108
          ],
          [
            34032.4,
            1997.95,
            -11942.7
          ]
        ],
        "unit_class": "dynTrench_small_bunker_axis",
        "objLayer": 2,
        "props": {
          "army": 2,
          "active": true
        }
      }
    ],
    "structures": [
      {
        "name": "t1_bunker_01",
        "tm": [
          [
            0.574219,
            -0.0073673,
            0.818668
          ],
          [
            -0.00200525,
            0.999945,
            0.0104048
          ],
          [
            -0.8187,
            -0.00761603,
            0.574172
          ],
          [
            28725.4,
            2078.9,
            -9400.08
          ]
        ],
        "unit_class": "ussr_quest_large_art_noground",
        "objLayer": 1,
        "closed_waypoints": false,
        "isShipSpline": false,
        "shipTurnRadius": 100.0,
        "weapons": "",
        "bullets0": "",
        "bullets1": "",
        "bullets2": "",
        "bullets3": "",
        "bulletsCount0": 0,
        "bulletsCount1": 0,
        "bulletsCount2": 0,
        "bulletsCount3": 0,
        "crewSkillK": 0.0,
        "applyAllMods": false,
        "props": {
          "army": 1,
          "count": 1,
          "formation_type": "rows",
          "formation_div": 3,
          "formation_step": [
            2.5,
            2.0
          ],
          "formation_noise": [
            0.1,
            0.1
          ]
        },
        "way": {}
      },
      {
        "name": "t1_art_01",
        "tm": [
          [
            0.574219,
            -0.0073673,
            0.818668
          ],
          [
            -0.00200525,
            0.999945,
            0.0104048
          ],
          [
            -0.8187,
            -0.00761603,
            0.574172
          ],
          [
            28648.8,
            2074.53,
            -9344.36
          ]
        ],
        "unit_class": "ussr_quest_large_art_noground",
        "objLayer": 1,
        "closed_waypoints": false,
        "isShipSpline": false,
        "shipTurnRadius": 100.0,
        "weapons": "",
        "bullets0": "",
        "bullets1": "",
        "bullets2": "",
        "bullets3": "",
        "bulletsCount0": 0,
        "bulletsCount1": 0,
        "bulletsCount2": 0,
        "bulletsCount3": 0,
        "crewSkillK": 0.0,
        "applyAllMods": false,
        "props": {
          "army": 1,
          "count": 1,
          "formation_type": "rows",
          "formation_div": 3,
          "formation_step": [
            2.5,
            2.0
          ],
          "formation_noise": [
            0.1,
            0.1
          ]
        },
        "way": {}
      },
      {
        "name": "t1_art_02",
        "tm": [
          [
            0.574219,
            -0.0073673,
            0.818668
          ],
          [
            -0.00200525,
            0.999945,
            0.0104048
          ],
          [
            -0.8187,
            -0.00761603,
            0.574172
          ],
          [
            28790.6,
            2072.33,
            -9435.93
          ]
        ],
        "unit_class": "ussr_quest_large_art_noground",
        "objLayer": 1,
        "closed_waypoints": false,
        "isShipSpline": false,
        "shipTurnRadius": 100.0,
        "weapons": "",
        "bullets0": "",
        "bullets1": "",
        "bullets2": "",
        "bullets3": "",
        "bulletsCount0": 0,
        "bulletsCount1": 0,
        "bulletsCount2": 0,
        "bulletsCount3": 0,
        "crewSkillK": 0.0,
        "applyAllMods": false,
        "props": {
          "army": 1,
          "count": 1,
          "formation_type": "rows",
          "formation_div": 3,
          "formation_step": [
            2.5,
            2.0
          ],
          "formation_noise": [
            0.1,
            0.1
          ]
        },
        "way": {}
      },
      {
        "name": "t1_bunker_02",
        "tm": [
          [
            0.621457,
            -0.112027,
            0.775398
          ],
          [
            0.0964051,
            0.993136,
            0.0662181
          ],
          [
            -0.777495,
            0.0335997,
            0.627994
          ],
          [
            32551.7,
            1907.83,
            -13334.3
          ]
        ],
        "unit_class": "ussr_quest_large_art_noground",
        "objLayer": 1,
        "closed_waypoints": false,
        "isShipSpline": false,
        "shipTurnRadius": 100.0,
        "weapons": "",
        "bullets0": "",
        "bullets1": "",
        "bullets2": "",
        "bullets3": "",
        "bulletsCount0": 0,
        "bulletsCount1": 0,
        "bulletsCount2": 0,
        "bulletsCount3": 0,
        "crewSkillK": 0.0,
        "applyAllMods": false,
        "props": {
          "army": 1,
          "count": 1,
          "formation_type": "rows",
          "formation_div": 3,
          "formation_step": [
            2.5,
            2.0
          ],
          "formation_noise": [
            0.1,
            0.1
          ]
        },
        "way": {}
      },
      {
        "name": "t1_art_03",
        "tm": [
          [
            0.621457,
            -0.112027,
            0.775398
          ],
          [
            0.0964051,
            0.993136,
            0.0662181
          ],
          [
            -0.777495,
            0.0335997,
            0.627994
          ],
          [
            32478.6,
            1907.23,
            -13273.8
          ]
        ],
        "unit_class": "ussr_quest_large_art_noground",
        "objLayer": 1,
        "closed_waypoints": false,
        "isShipSpline": false,
        "shipTurnRadius": 100.0,
        "weapons": "",
        "bullets0": "",
        "bullets1": "",
        "bullets2": "",
        "bullets3": "",
        "bulletsCount0": 0,
        "bulletsCount1": 0,
        "bulletsCount2": 0,
        "bulletsCount3": 0,
        "crewSkillK": 0.0,
        "applyAllMods": false,
        "props": {
          "army": 1,
          "count": 1,
          "formation_type": "rows",
          "formation_div": 3,
          "formation_step": [
            2.5,
            2.0
          ],
          "formation_noise": [
            0.1,
            0.1
          ]
        },
        "way": {}
      },
      {
        "name": "t1_art_04",
        "tm": [
          [
            0.621457,
            -0.112027,
            0.775398
          ],
          [
            0.0964051,
            0.993136,
            0.0662181
          ],
          [
            -0.777495,
            0.0335997,
            0.627994
          ],
          [
            32613.6,
            1897.41,
            -13374.9
          ]
        ],
        "unit_class": "ussr_quest_large_art_noground",
        "objLayer": 1,
        "closed_waypoints": false,
        "isShipSpline": false,
        "shipTurnRadius": 100.0,
        "weapons": "",
        "bullets0": "",
        "bullets1": "",
        "bullets2": "",
        "bullets3": "",
        "bulletsCount0": 0,
        "bulletsCount1": 0,
        "bulletsCount2": 0,
        "bulletsCount3": 0,
        "crewSkillK": 0.0,
        "applyAllMods": false,
        "props": {
          "army": 1,
          "count": 1,
          "formation_type": "rows",
          "formation_div": 3,
          "formation_step": [
            2.5,
            2.0
          ],
          "formation_noise": [
            0.1,
            0.1
          ]
        },
        "way": {}
      },
      {
        "name": "t1_bunker_03",
        "tm": [
          [
            0.753377,
            -0.0940065,
            0.650837
          ],
          [
            0.0673422,
            0.995555,
            0.0658443
          ],
          [
            -0.654132,
            -0.00577645,
            0.756357
          ],
          [
            25900.1,
            2066.8,
            -6189.43
          ]
        ],
        "unit_class": "ussr_quest_large_art_noground",
        "objLayer": 1,
        "closed_waypoints": false,
        "isShipSpline": false,
        "shipTurnRadius": 100.0,
        "weapons": "",
        "bullets0": "",
        "bullets1": "",
        "bullets2": "",
        "bullets3": "",
        "bulletsCount0": 0,
        "bulletsCount1": 0,
        "bulletsCount2": 0,
        "bulletsCount3": 0,
        "crewSkillK": 0.0,
        "applyAllMods": false,
        "props": {
          "army": 1,
          "count": 1,
          "formation_type": "rows",
          "formation_div": 3,
          "formation_step": [
            2.5,
            2.0
          ],
          "formation_noise": [
            0.1,
            0.1
          ]
        },
        "way": {}
      },
      {
        "name": "t1_art_05",
        "tm": [
          [
            0.753377,
            -0.0940065,
            0.650837
          ],
          [
            0.0673422,
            0.995555,
            0.0658443
          ],
          [
            -0.654132,
            -0.00577645,
            0.756357
          ],
          [
            25838.9,
            2062.5,
            -6117.07
          ]
        ],
        "unit_class": "ussr_quest_large_art_noground",
        "objLayer": 1,
        "closed_waypoints": false,
        "isShipSpline": false,
        "shipTurnRadius": 100.0,
        "weapons": "",
        "bullets0": "",
        "bullets1": "",
        "bullets2": "",
        "bullets3": "",
        "bulletsCount0": 0,
        "bulletsCount1": 0,
        "bulletsCount2": 0,
        "bulletsCount3": 0,
        "crewSkillK": 0.0,
        "applyAllMods": false,
        "props": {
          "army": 1,
          "count": 1,
          "formation_type": "rows",
          "formation_div": 3,
          "formation_step": [
            2.5,
            2.0
          ],
          "formation_noise": [
            0.1,
            0.1
          ]
        },
        "way": {}
      },
      {
        "name": "t1_art_06",
        "tm": [
          [
            0.753377,
            -0.0940065,
            0.650837
          ],
          [
            0.0673422,
            0.995555,
            0.0658443
          ],
          [
            -0.654132,
            -0.00577645,
            0.756357
          ],
          [
            25953.9,
            2059.42,
            -6240.54
          ]
        ],
        "unit_class": "ussr_quest_large_art_noground",
        "objLayer": 1,
        "closed_waypoints": false,
        "isShipSpline": false,
        "shipTurnRadius": 100.0,
        "weapons": "",
        "bullets0": "",
        "bullets1": "",
        "bullets2": "",
        "bullets3": "",
        "bulletsCount0": 0,
        "bulletsCount1": 0,
        "bulletsCount2": 0,
        "bulletsCount3": 0,
        "crewSkillK": 0.0,
        "applyAllMods": false,
        "props": {
          "army": 1,
          "count": 1,
          "formation_type": "rows",
          "formation_div": 3,
          "formation_step": [
            2.5,
            2.0
          ],
          "formation_noise": [
            0.1,
            0.1
          ]
        },
        "way": {}
      },
      {
        "name": "t1_bunker_04",
        "tm": [
          [
            0.388284,
            -0.0717046,
            0.918747
          ],
          [
            -0.00587645,
            0.996755,
            0.0802763
          ],
          [
            -0.921522,
            -0.0365688,
            0.386602
          ],
          [
            35681.3,
            2326.4,
            -16103.9
          ]
        ],
        "unit_class": "ussr_quest_large_art_noground",
        "objLayer": 1,
        "closed_waypoints": false,
        "isShipSpline": false,
        "shipTurnRadius": 100.0,
        "weapons": "",
        "bullets0": "",
        "bullets1": "",
        "bullets2": "",
        "bullets3": "",
        "bulletsCount0": 0,
        "bulletsCount1": 0,
        "bulletsCount2": 0,
        "bulletsCount3": 0,
        "crewSkillK": 0.0,
        "applyAllMods": false,
        "props": {
          "army": 1,
          "count": 1,
          "formation_type": "rows",
          "formation_div": 3,
          "formation_step": [
            2.5,
            2.0
          ],
          "formation_noise": [
            0.1,
            0.1
          ]
        },
        "way": {}
      },
      {
        "name": "t1_art_07",
        "tm": [
          [
            0.388284,
            -0.0717046,
            0.918747
          ],
          [
            -0.00587645,
            0.996755,
            0.0802763
          ],
          [
            -0.921522,
            -0.0365688,
            0.386602
          ],
          [
            35594.5,
            2319.21,
            -16066.1
          ]
        ],
        "unit_class": "ussr_quest_large_art_noground",
        "objLayer": 1,
        "closed_waypoints": false,
        "isShipSpline": false,
        "shipTurnRadius": 100.0,
        "weapons": "",
        "bullets0": "",
        "bullets1": "",
        "bullets2": "",
        "bullets3": "",
        "bulletsCount0": 0,
        "bulletsCount1": 0,
        "bulletsCount2": 0,
        "bulletsCount3": 0,
        "crewSkillK": 0.0,
        "applyAllMods": false,
        "props": {
          "army": 1,
          "count": 1,
          "formation_type": "rows",
          "formation_div": 3,
          "formation_step": [
            2.5,
            2.0
          ],
          "formation_noise": [
            0.1,
            0.1
          ]
        },
        "way": {}
      },
      {
        "name": "t1_art_08",
        "tm": [
          [
            0.388284,
            -0.0717046,
            0.918747
          ],
          [
            -0.00587645,
            0.996755,
            0.0802763
          ],
          [
            -0.921522,
            -0.0365688,
            0.386602
          ],
          [
            35752.6,
            2321.46,
            -16125.6
          ]
        ],
        "unit_class": "ussr_quest_large_art_noground",
        "objLayer": 1,
        "closed_waypoints": false,
        "isShipSpline": false,
        "shipTurnRadius": 100.0,
        "weapons": "",
        "bullets0": "",
        "bullets1": "",
        "bullets2": "",
        "bullets3": "",
        "bulletsCount0": 0,
        "bulletsCount1": 0,
        "bulletsCount2": 0,
        "bulletsCount3": 0,
        "crewSkillK": 0.0,
        "applyAllMods": false,
        "props": {
          "army": 1,
          "count": 1,
          "formation_type": "rows",
          "formation_div": 3,
          "formation_step": [
            2.5,
            2.0
          ],
          "formation_noise": [
            0.1,
            0.1
          ]
        },
        "way": {}
      },
      {
        "name": "t1_bunker_05",
        "tm": [
          [
            0.466023,
            -0.0126102,
            0.884683
          ],
          [
            -0.18467,
            0.97649,
            0.111197
          ],
          [
            -0.865286,
            -0.215195,
            0.452738
          ],
          [
            34154.5,
            2053.51,
            -14639.7
          ]
        ],
        "unit_class": "ussr_quest_large_art_noground",
        "objLayer": 1,
        "closed_waypoints": false,
        "isShipSpline": false,
        "shipTurnRadius": 100.0,
        "weapons": "",
        "bullets0": "",
        "bullets1": "",
        "bullets2": "",
        "bullets3": "",
        "bulletsCount0": 0,
        "bulletsCount1": 0,
        "bulletsCount2": 0,
        "bulletsCount3": 0,
        "crewSkillK": 0.0,
        "applyAllMods": false,
        "props": {
          "army": 1,
          "count": 1,
          "formation_type": "rows",
          "formation_div": 3,
          "formation_step": [
            2.5,
            2.0
          ],
          "formation_noise": [
            0.1,
            0.1
          ]
        },
        "way": {}
      },
      {
        "name": "t1_art_09",
        "tm": [
          [
            0.466023,
            -0.0126102,
            0.884683
          ],
          [
            -0.18467,
            0.97649,
            0.111197
          ],
          [
            -0.865286,
            -0.215195,
            0.452738
          ],
          [
            34073.8,
            2029.49,
            -14595.5
          ]
        ],
        "unit_class": "ussr_quest_large_art_noground",
        "objLayer": 1,
        "closed_waypoints": false,
        "isShipSpline": false,
        "shipTurnRadius": 100.0,
        "weapons": "",
        "bullets0": "",
        "bullets1": "",
        "bullets2": "",
        "bullets3": "",
        "bulletsCount0": 0,
        "bulletsCount1": 0,
        "bulletsCount2": 0,
        "bulletsCount3": 0,
        "crewSkillK": 0.0,
        "applyAllMods": false,
        "props": {
          "army": 1,
          "count": 1,
          "formation_type": "rows",
          "formation_div": 3,
          "formation_step": [
            2.5,
            2.0
          ],
          "formation_noise": [
            0.1,
            0.1
          ]
        },
        "way": {}
      },
      {
        "name": "t1_art_10",
        "tm": [
          [
            0.466023,
            -0.0126102,
            0.884683
          ],
          [
            -0.18467,
            0.97649,
            0.111197
          ],
          [
            -0.865286,
            -0.215195,
            0.452738
          ],
          [
            34223.6,
            2062.38,
            -14666.5
          ]
        ],
        "unit_class": "ussr_quest_large_art_noground",
        "objLayer": 1,
        "closed_waypoints": false,
        "isShipSpline": false,
        "shipTurnRadius": 100.0,
        "weapons": "",
        "bullets0": "",
        "bullets1": "",
        "bullets2": "",
        "bullets3": "",
        "bulletsCount0": 0,
        "bulletsCount1": 0,
        "bulletsCount2": 0,
        "bulletsCount3": 0,
        "crewSkillK": 0.0,
        "applyAllMods": false,
        "props": {
          "army": 1,
          "count": 1,
          "formation_type": "rows",
          "formation_div": 3,
          "formation_step": [
            2.5,
            2.0
          ],
          "formation_noise": [
            0.1,
            0.1
          ]
        },
        "way": {}
      },
      {
        "name": "t1_bunker_06",
        "tm": [
          [
            0.746891,
            -0.00682673,
            0.664911
          ],
          [
            -0.00559241,
            0.999847,
            0.0165474
          ],
          [
            -0.664922,
            -0.016077,
            0.74674
          ],
          [
            27337.4,
            2052.65,
            -7814.72
          ]
        ],
        "unit_class": "ussr_quest_large_art_noground",
        "objLayer": 1,
        "closed_waypoints": false,
        "isShipSpline": false,
        "shipTurnRadius": 100.0,
        "weapons": "",
        "bullets0": "",
        "bullets1": "",
        "bullets2": "",
        "bullets3": "",
        "bulletsCount0": 0,
        "bulletsCount1": 0,
        "bulletsCount2": 0,
        "bulletsCount3": 0,
        "crewSkillK": 0.0,
        "applyAllMods": false,
        "props": {
          "army": 1,
          "count": 1,
          "formation_type": "rows",
          "formation_div": 3,
          "formation_step": [
            2.5,
            2.0
          ],
          "formation_noise": [
            0.1,
            0.1
          ]
        },
        "way": {}
      },
      {
        "name": "t1_art_11",
        "tm": [
          [
            0.746891,
            -0.00682673,
            0.664911
          ],
          [
            -0.00559241,
            0.999847,
            0.0165474
          ],
          [
            -0.664922,
            -0.016077,
            0.74674
          ],
          [
            27275.6,
            2047.49,
            -7743.03
          ]
        ],
        "unit_class": "ussr_quest_large_art_noground",
        "objLayer": 1,
        "closed_waypoints": false,
        "isShipSpline": false,
        "shipTurnRadius": 100.0,
        "weapons": "",
        "bullets0": "",
        "bullets1": "",
        "bullets2": "",
        "bullets3": "",
        "bulletsCount0": 0,
        "bulletsCount1": 0,
        "bulletsCount2": 0,
        "bulletsCount3": 0,
        "crewSkillK": 0.0,
        "applyAllMods": false,
        "props": {
          "army": 1,
          "count": 1,
          "formation_type": "rows",
          "formation_div": 3,
          "formation_step": [
            2.5,
            2.0
          ],
          "formation_noise": [
            0.1,
            0.1
          ]
        },
        "way": {}
      },
      {
        "name": "t1_art_12",
        "tm": [
          [
            0.746891,
            -0.00682673,
            0.664911
          ],
          [
            -0.00559241,
            0.999847,
            0.0165474
          ],
          [
            -0.664922,
            -0.016077,
            0.74674
          ],
          [
            27392.6,
            2046.72,
            -7864.64
          ]
        ],
        "unit_class": "ussr_quest_large_art_noground",
        "objLayer": 1,
        "closed_waypoints": false,
        "isShipSpline": false,
        "shipTurnRadius": 100.0,
        "weapons": "",
        "bullets0": "",
        "bullets1": "",
        "bullets2": "",
        "bullets3": "",
        "bulletsCount0": 0,
        "bulletsCount1": 0,
        "bulletsCount2": 0,
        "bulletsCount3": 0,
        "crewSkillK": 0.0,
        "applyAllMods": false,
        "props": {
          "army": 1,
          "count": 1,
          "formation_type": "rows",
          "formation_div": 3,
          "formation_step": [
            2.5,
            2.0
          ],
          "formation_noise": [
            0.1,
            0.1
          ]
        },
        "way": {}
      },
      {
        "name": "t1_bunker_07",
        "tm": [
          [
            0.69637,
            0.0167482,
            0.717488
          ],
          [
            0.00149522,
            0.999692,
            -0.024787
          ],
          [
            -0.71768,
            0.0183339,
            0.696129
          ],
          [
            30998.7,
            1953.73,
            -11736.9
          ]
        ],
        "unit_class": "ussr_quest_large_art_noground",
        "objLayer": 1,
        "closed_waypoints": false,
        "isShipSpline": false,
        "shipTurnRadius": 100.0,
        "weapons": "",
        "bullets0": "",
        "bullets1": "",
        "bullets2": "",
        "bullets3": "",
        "bulletsCount0": 0,
        "bulletsCount1": 0,
        "bulletsCount2": 0,
        "bulletsCount3": 0,
        "crewSkillK": 0.0,
        "applyAllMods": false,
        "props": {
          "army": 1,
          "count": 1,
          "formation_type": "rows",
          "formation_div": 3,
          "formation_step": [
            2.5,
            2.0
          ],
          "formation_noise": [
            0.1,
            0.1
          ]
        },
        "way": {}
      },
      {
        "name": "t1_art_13",
        "tm": [
          [
            0.69637,
            0.0167482,
            0.717488
          ],
          [
            0.00149522,
            0.999692,
            -0.024787
          ],
          [
            -0.71768,
            0.0183339,
            0.696129
          ],
          [
            30931.9,
            1951.85,
            -11669.6
          ]
        ],
        "unit_class": "ussr_quest_large_art_noground",
        "objLayer": 1,
        "closed_waypoints": false,
        "isShipSpline": false,
        "shipTurnRadius": 100.0,
        "weapons": "",
        "bullets0": "",
        "bullets1": "",
        "bullets2": "",
        "bullets3": "",
        "bulletsCount0": 0,
        "bulletsCount1": 0,
        "bulletsCount2": 0,
        "bulletsCount3": 0,
        "crewSkillK": 0.0,
        "applyAllMods": false,
        "props": {
          "army": 1,
          "count": 1,
          "formation_type": "rows",
          "formation_div": 3,
          "formation_step": [
            2.5,
            2.0
          ],
          "formation_noise": [
            0.1,
            0.1
          ]
        },
        "way": {}
      },
      {
        "name": "t1_art_14",
        "tm": [
          [
            0.69637,
            0.0167482,
            0.717488
          ],
          [
            0.00149522,
            0.999692,
            -0.024787
          ],
          [
            -0.71768,
            0.0183339,
            0.696129
          ],
          [
            31057.3,
            1945.43,
            -11782.3
          ]
        ],
        "unit_class": "ussr_quest_large_art_noground",
        "objLayer": 1,
        "closed_waypoints": false,
        "isShipSpline": false,
        "shipTurnRadius": 100.0,
        "weapons": "",
        "bullets0": "",
        "bullets1": "",
        "bullets2": "",
        "bullets3": "",
        "bulletsCount0": 0,
        "bulletsCount1": 0,
        "bulletsCount2": 0,
        "bulletsCount3": 0,
        "crewSkillK": 0.0,
        "applyAllMods": false,
        "props": {
          "army": 1,
          "count": 1,
          "formation_type": "rows",
          "formation_div": 3,
          "formation_step": [
            2.5,
            2.0
          ],
          "formation_noise": [
            0.1,
            0.1
          ]
        },
        "way": {}
      },
      {
        "name": "t1_bunker_08",
        "tm": [
          [
            0.814568,
            -0.139597,
            0.56302
          ],
          [
            0.13965,
            0.989256,
            0.0432345
          ],
          [
            -0.563007,
            0.0434082,
            0.825311
          ],
          [
            24350.2,
            2217.4,
            -4029.45
          ]
        ],
        "unit_class": "ussr_quest_large_art_noground",
        "objLayer": 1,
        "closed_waypoints": false,
        "isShipSpline": false,
        "shipTurnRadius": 100.0,
        "weapons": "",
        "bullets0": "",
        "bullets1": "",
        "bullets2": "",
        "bullets3": "",
        "bulletsCount0": 0,
        "bulletsCount1": 0,
        "bulletsCount2": 0,
        "bulletsCount3": 0,
        "crewSkillK": 0.0,
        "applyAllMods": false,
        "props": {
          "army": 1,
          "count": 1,
          "formation_type": "rows",
          "formation_div": 3,
          "formation_step": [
            2.5,
            2.0
          ],
          "formation_noise": [
            0.1,
            0.1
          ]
        },
        "way": {}
      },
      {
        "name": "t1_art_15",
        "tm": [
          [
            0.814568,
            -0.139597,
            0.56302
          ],
          [
            0.13965,
            0.989256,
            0.0432345
          ],
          [
            -0.563007,
            0.0434082,
            0.825311
          ],
          [
            24297.6,
            2217.7,
            -3950.55
          ]
        ],
        "unit_class": "ussr_quest_large_art_noground",
        "objLayer": 1,
        "closed_waypoints": false,
        "isShipSpline": false,
        "shipTurnRadius": 100.0,
        "weapons": "",
        "bullets0": "",
        "bullets1": "",
        "bullets2": "",
        "bullets3": "",
        "bulletsCount0": 0,
        "bulletsCount1": 0,
        "bulletsCount2": 0,
        "bulletsCount3": 0,
        "crewSkillK": 0.0,
        "applyAllMods": false,
        "props": {
          "army": 1,
          "count": 1,
          "formation_type": "rows",
          "formation_div": 3,
          "formation_step": [
            2.5,
            2.0
          ],
          "formation_noise": [
            0.1,
            0.1
          ]
        },
        "way": {}
      },
      {
        "name": "t1_art_16",
        "tm": [
          [
            0.814568,
            -0.139597,
            0.56302
          ],
          [
            0.13965,
            0.989256,
            0.0432345
          ],
          [
            -0.563007,
            0.0434082,
            0.825311
          ],
          [
            24397.5,
            2206.04,
            -4086.21
          ]
        ],
        "unit_class": "ussr_quest_large_art_noground",
        "objLayer": 1,
        "closed_waypoints": false,
        "isShipSpline": false,
        "shipTurnRadius": 100.0,
        "weapons": "",
        "bullets0": "",
        "bullets1": "",
        "bullets2": "",
