{
  "selected_tag": "",
  "bin_dump_file": "",
  "mission_settings": {
    "player": {
      "army": 1
    },
    "player_teamB": {
      "army": 2
    },
    "mission": {
      "type": "domination",
      "level": "levels/air_israel.bin",
      "environment": "Day",
      "weather": "hazy"
    }
  },
  "imports": {},
  "triggers": {
    "isCategory": true,
    "is_enabled": true,
    "static_units_rank_05_init": {
      "is_enabled": true,
      "comments": "",
      "props": {
        "actionsType": "PERFORM_ONE_BY_ONE",
        "conditionsType": "ALL",
        "enableAfterComplete": false
      },
      "events": {
        "initMission": {}
      },
      "conditions": {},
      "actions": {
        "comment": [
          {
            "value": "static units"
          },
          {
            "value": "static aaa"
          },
          {
            "value": ""
          }
        ],
        "unitSetProperties": [
          {
            "object": [
              "t1_artillery_squad",
              "t1_bunkers_squad",
              "t2_artillery_squad",
              "t2_bunkers_squad"
            ],
            "accuracy": 0.1,
            "checkVisibilityTarget": false
          },
          {
            "object": [
              "t1_aaa_squad",
              "t2_aaa_squad"
            ],
            "targetGnd": false,
            "accuracy": 0.1,
            "airAccuracy": 0.1,
            "fireRandom": true,
            "targetChangeInterval": 5.0,
            "targetChangeProb": 0.25,
            "DelayAfterShoot": 3.0
          }
        ]
      },
      "else_actions": {}
    }
  },
  "mission_objectives": {
    "isCategory": true,
    "is_enabled": true
  },
  "variables": {},
  "dialogs": {},
  "airfields": {},
  "effects": {},
  "units": {
    "objectGroups": [
      {
        "name": "t1_trench_rank_05_01",
        "tm": [
          [
            0.725339,
            -0.00613211,
            -0.688364
          ],
          [
            -0.00200525,
            0.999938,
            -0.0110217
          ],
          [
            0.688388,
            0.00937448,
            0.725282
          ],
          [
            28015.9,
            1637.55,
            -10580.5
          ]
        ],
        "unit_class": "dynTrench_small_bunker_axis",
        "objLayer": 2,
        "props": {
          "army": 1,
          "active": true
        }
      },
      {
        "name": "t1_trench_rank_05_02",
        "tm": [
          [
            0.679098,
            0.0161841,
            -0.733869
          ],
          [
            -0.0097383,
            0.999867,
            0.0130375
          ],
          [
            0.733981,
            -0.00170754,
            0.679167
          ],
          [
            30703.1,
            1616.25,
            -13231.8
          ]
        ],
        "unit_class": "dynTrench_small_bunker_axis",
        "objLayer": 2,
        "props": {
          "army": 1,
          "active": true
        }
      },
      {
        "name": "t1_trench_rank_05_03",
        "tm": [
          [
            0.534732,
            0.0135939,
            -0.844912
          ],
          [
            0.0101928,
            0.999694,
            0.0225359
          ],
          [
            0.844959,
            -0.0206631,
            0.53443
          ],
          [
            26240.9,
            1639.55,
            -7997.65
          ]
        ],
        "unit_class": "dynTrench_small_bunker_axis",
        "objLayer": 2,
        "props": {
          "army": 1,
          "active": true
        }
      },
      {
        "name": "t1_trench_rank_05_04",
        "tm": [
          [
            0.850451,
            0.0151521,
            -0.525836
          ],
          [
            -0.0615462,
            0.995586,
            -0.0708523
          ],
          [
            0.522443,
            0.0926196,
            0.847628
          ],
          [
            33559.6,
            1612.6,
            -14943.4
          ]
        ],
        "unit_class": "dynTrench_small_bunker_axis",
        "objLayer": 2,
        "props": {
          "army": 1,
          "active": true
        }
      },
      {
        "name": "t1_trench_rank_05_05",
        "tm": [
          [
            0.796757,
            -0.0837626,
            -0.598467
          ],
          [
            0.0590868,
            0.9964,
            -0.0607933
          ],
          [
            0.601404,
            0.0130758,
            0.798839
          ],
          [
            32003.2,
            1600.2,
            -14138.2
          ]
        ],
        "unit_class": "dynTrench_small_bunker_axis",
        "objLayer": 2,
        "props": {
          "army": 1,
          "active": true
        }
      },
      {
        "name": "t1_trench_rank_05_06",
        "tm": [
          [
            0.547778,
            0.0137096,
            -0.836511
          ],
          [
            -0.0208573,
            0.999779,
            0.00272727
          ],
          [
            0.836365,
            0.0159532,
            0.547942
          ],
          [
            27079.3,
            1645.0,
            -9254.68
          ]
        ],
        "unit_class": "dynTrench_small_bunker_axis",
        "objLayer": 2,
        "props": {
          "army": 1,
          "active": true
        }
      },
      {
        "name": "t1_trench_rank_05_07",
        "tm": [
          [
            0.607803,
            0.00100604,
            -0.794087
          ],
          [
            -0.0340384,
            0.999113,
            -0.024787
          ],
          [
            0.793358,
            0.042095,
            0.607298
          ],
          [
            29636.8,
            1603.2,
            -12035.5
          ]
        ],
        "unit_class": "dynTrench_small_bunker_axis",
        "objLayer": 2,
        "props": {
          "army": 1,
          "active": true
        }
      },
      {
        "name": "t1_trench_rank_05_08",
        "tm": [
          [
            0.438749,
            -0.00406445,
            -0.898601
          ],
          [
            0.00585092,
            0.999981,
            -0.00166615
          ],
          [
            0.89859,
            -0.00452726,
            0.438765
          ],
          [
            25537.7,
            1642.7,
            -6435.48
          ]
        ],
        "unit_class": "dynTrench_small_bunker_axis",
        "objLayer": 2,
        "props": {
          "army": 1,
          "active": true
        }
      },
      {
        "name": "t2_trench_rank_05_01",
        "tm": [
          [
            -0.736995,
            0.0287935,
            0.675282
          ],
          [
            -0.0134145,
            0.998272,
            -0.0572058
          ],
          [
            -0.675763,
            -0.0512189,
            -0.735338
          ],
          [
            31764.0,
            1664.15,
            -7239.75
          ]
        ],
        "unit_class": "dynTrench_small_bunker_axis",
        "objLayer": 2,
        "props": {
          "army": 2,
          "active": true
        }
      },
      {
        "name": "t2_trench_rank_05_02",
        "tm": [
          [
            -0.739854,
            0.0133891,
            0.672634
          ],
          [
            0.00746507,
            0.999903,
            -0.0116928
          ],
          [
            -0.672726,
            -0.0036301,
            -0.739882
          ],
          [
            30580.7,
            1641.5,
            -6210.96
          ]
        ],
        "unit_class": "dynTrench_small_bunker_axis",
        "objLayer": 2,
        "props": {
          "army": 2,
          "active": true
        }
      },
      {
        "name": "t2_trench_rank_05_03",
        "tm": [
          [
            -0.94168,
            -0.0173431,
            0.336064
          ],
          [
            -0.0427779,
            0.996738,
            -0.0684286
          ],
          [
            -0.33378,
            -0.0788139,
            -0.939351
          ],
          [
            27540.1,
            1648.2,
            -4360.26
          ]
        ],
        "unit_class": "dynTrench_small_bunker_axis",
        "objLayer": 2,
        "props": {
          "army": 2,
          "active": true
        }
      },
      {
        "name": "t2_trench_rank_05_04",
        "tm": [
          [
            -0.518495,
            0.00545418,
            0.855062
          ],
          [
            -0.0154476,
            0.999756,
            -0.0157444
          ],
          [
            -0.85494,
            -0.0213729,
            -0.518286
          ],
          [
            32858.6,
            1647.3,
            -8405.19
          ]
        ],
        "unit_class": "dynTrench_small_bunker_axis",
        "objLayer": 2,
        "props": {
          "army": 2,
          "active": true
        }
      },
      {
        "name": "t2_trench_rank_05_05",
        "tm": [
          [
            -0.464065,
            0.0305204,
            0.885274
          ],
          [
            0.0351506,
            0.999253,
            -0.0160239
          ],
          [
            -0.885104,
            0.023682,
            -0.464792
          ],
          [
            35706.6,
            1606.7,
            -12987.8
          ]
        ],
        "unit_class": "dynTrench_small_bunker_axis",
        "objLayer": 2,
        "props": {
          "army": 2,
          "active": true
        }
      },
      {
        "name": "t2_trench_rank_05_06",
        "tm": [
          [
            -0.496129,
            0.0189728,
            0.868042
          ],
          [
            0.0323684,
            0.99947,
            -0.00334508
          ],
          [
            -0.867646,
            0.0264375,
            -0.49648
          ],
          [
            34732.7,
            1577.0,
            -11088.6
          ]
        ],
        "unit_class": "dynTrench_small_bunker_axis",
        "objLayer": 2,
        "props": {
          "army": 2,
          "active": true
        }
      },
      {
        "name": "t2_trench_rank_05_07",
        "tm": [
          [
            -0.77444,
            0.0033718,
            0.632639
          ],
          [
            -0.0111887,
            0.999756,
            -0.0190253
          ],
          [
            -0.632549,
            -0.0218136,
            -0.774212
          ],
          [
            29195.5,
            1641.25,
            -5229.67
          ]
        ],
        "unit_class": "dynTrench_small_bunker_axis",
        "objLayer": 2,
        "props": {
          "army": 2,
          "active": true
        }
      },
      {
        "name": "t2_trench_rank_05_08",
        "tm": [
          [
            -0.546079,
            0.0459053,
            0.836475
          ],
          [
            0.0590797,
            0.998121,
            -0.0162076
          ],
          [
            -0.835648,
            0.0405684,
            -0.547765
          ],
          [
            33987.7,
            1604.05,
            -9807.34
          ]
        ],
        "unit_class": "dynTrench_small_bunker_axis",
        "objLayer": 2,
        "props": {
          "army": 2,
          "active": true
        }
      }
    ],
    "structures": [
      {
        "name": "t1_bunker_01",
        "tm": [
          [
            0.574219,
            0.0101746,
            0.818638
          ],
          [
            -0.00200525,
            0.999938,
            -0.0110217
          ],
          [
            -0.8187,
            0.00468752,
            0.574203
          ],
          [
            28030.4,
            1650.14,
            -10581.2
          ]
        ],
        "unit_class": "ussr_quest_large_art_noground",
        "objLayer": 1,
        "closed_waypoints": false,
        "isShipSpline": false,
        "shipTurnRadius": 100.0,
        "weapons": "",
        "bullets0": "",
        "bullets1": "",
        "bullets2": "",
        "bullets3": "",
        "bulletsCount0": 0,
        "bulletsCount1": 0,
        "bulletsCount2": 0,
        "bulletsCount3": 0,
        "crewSkillK": 0.0,
        "applyAllMods": false,
        "props": {
          "army": 1,
          "count": 1,
          "formation_type": "rows",
          "formation_div": 3,
          "formation_step": [
            2.5,
            2.0
          ],
          "formation_noise": [
            0.1,
            0.1
          ]
        },
        "way": {}
      },
      {
        "name": "t1_art_01",
        "tm": [
          [
            0.574219,
            0.0101746,
            0.818638
          ],
          [
            -0.00200525,
            0.999938,
            -0.0110217
          ],
          [
            -0.8187,
            0.00468752,
            0.574203
          ],
          [
            27953.7,
            1646.96,
            -10525.4
          ]
        ],
        "unit_class": "ussr_quest_large_art_noground",
        "objLayer": 1,
        "closed_waypoints": false,
        "isShipSpline": false,
        "shipTurnRadius": 100.0,
        "weapons": "",
        "bullets0": "",
        "bullets1": "",
        "bullets2": "",
        "bullets3": "",
        "bulletsCount0": 0,
        "bulletsCount1": 0,
        "bulletsCount2": 0,
        "bulletsCount3": 0,
        "crewSkillK": 0.0,
        "applyAllMods": false,
        "props": {
          "army": 1,
          "count": 1,
          "formation_type": "rows",
          "formation_div": 3,
          "formation_step": [
            2.5,
            2.0
          ],
          "formation_noise": [
            0.1,
            0.1
          ]
        },
        "way": {}
      },
      {
        "name": "t1_art_02",
        "tm": [
          [
            0.574219,
            0.0101746,
            0.818638
          ],
          [
            -0.00200525,
            0.999938,
            -0.0110217
          ],
          [
            -0.8187,
            0.00468752,
            0.574203
          ],
          [
            28095.6,
            1642.8,
            -10616.9
          ]
        ],
        "unit_class": "ussr_quest_large_art_noground",
        "objLayer": 1,
        "closed_waypoints": false,
        "isShipSpline": false,
        "shipTurnRadius": 100.0,
        "weapons": "",
        "bullets0": "",
        "bullets1": "",
        "bullets2": "",
        "bullets3": "",
        "bulletsCount0": 0,
        "bulletsCount1": 0,
        "bulletsCount2": 0,
        "bulletsCount3": 0,
        "crewSkillK": 0.0,
        "applyAllMods": false,
        "props": {
          "army": 1,
          "count": 1,
          "formation_type": "rows",
          "formation_div": 3,
          "formation_step": [
            2.5,
            2.0
          ],
          "formation_noise": [
            0.1,
            0.1
          ]
        },
        "way": {}
      },
      {
        "name": "t1_bunker_02",
        "tm": [
          [
            0.626117,
            -0.00406954,
            0.779719
          ],
          [
            -0.0097383,
            0.999867,
            0.0130375
          ],
          [
            -0.779669,
            -0.015757,
            0.625996
          ],
          [
            30717.5,
            1628.97,
            -13233.2
          ]
        ],
        "unit_class": "ussr_quest_large_art_noground",
        "objLayer": 1,
        "closed_waypoints": false,
        "isShipSpline": false,
        "shipTurnRadius": 100.0,
        "weapons": "",
        "bullets0": "",
        "bullets1": "",
        "bullets2": "",
        "bullets3": "",
        "bulletsCount0": 0,
        "bulletsCount1": 0,
        "bulletsCount2": 0,
        "bulletsCount3": 0,
        "crewSkillK": 0.0,
        "applyAllMods": false,
        "props": {
          "army": 1,
          "count": 1,
          "formation_type": "rows",
          "formation_div": 3,
          "formation_step": [
            2.5,
            2.0
          ],
          "formation_noise": [
            0.1,
            0.1
          ]
        },
        "way": {}
      },
      {
        "name": "t1_art_03",
        "tm": [
          [
            0.626117,
            -0.00406954,
            0.779719
          ],
          [
            -0.0097383,
            0.999867,
            0.0130375
          ],
          [
            -0.779669,
            -0.015757,
            0.625996
          ],
          [
            30644.6,
            1623.84,
            -13172.7
          ]
        ],
        "unit_class": "ussr_quest_large_art_noground",
        "objLayer": 1,
        "closed_waypoints": false,
        "isShipSpline": false,
        "shipTurnRadius": 100.0,
        "weapons": "",
        "bullets0": "",
        "bullets1": "",
        "bullets2": "",
        "bullets3": "",
        "bulletsCount0": 0,
        "bulletsCount1": 0,
        "bulletsCount2": 0,
        "bulletsCount3": 0,
        "crewSkillK": 0.0,
        "applyAllMods": false,
        "props": {
          "army": 1,
          "count": 1,
          "formation_type": "rows",
          "formation_div": 3,
          "formation_step": [
            2.5,
            2.0
          ],
          "formation_noise": [
            0.1,
            0.1
          ]
        },
        "way": {}
      },
      {
        "name": "t1_art_04",
        "tm": [
          [
            0.626117,
            -0.00406954,
            0.779719
          ],
          [
            -0.0097383,
            0.999867,
            0.0130375
          ],
          [
            -0.779669,
            -0.015757,
            0.625996
          ],
          [
            30780.3,
            1623.03,
            -13273.2
          ]
        ],
        "unit_class": "ussr_quest_large_art_noground",
        "objLayer": 1,
        "closed_waypoints": false,
        "isShipSpline": false,
        "shipTurnRadius": 100.0,
        "weapons": "",
        "bullets0": "",
        "bullets1": "",
        "bullets2": "",
        "bullets3": "",
        "bulletsCount0": 0,
        "bulletsCount1": 0,
        "bulletsCount2": 0,
        "bulletsCount3": 0,
        "crewSkillK": 0.0,
        "applyAllMods": false,
        "props": {
          "army": 1,
          "count": 1,
          "formation_type": "rows",
          "formation_div": 3,
          "formation_step": [
            2.5,
            2.0
          ],
          "formation_noise": [
            0.1,
            0.1
          ]
        },
        "way": {}
      },
      {
        "name": "t1_bunker_03",
        "tm": [
          [
            0.757122,
            -0.0224378,
            0.652889
          ],
          [
            0.0101928,
            0.999694,
            0.0225359
          ],
          [
            -0.653193,
            -0.0104073,
            0.757119
          ],
          [
            26255.1,
            1652.06,
            -8001.42
          ]
        ],
        "unit_class": "ussr_quest_large_art_noground",
        "objLayer": 1,
        "closed_waypoints": false,
        "isShipSpline": false,
        "shipTurnRadius": 100.0,
        "weapons": "",
        "bullets0": "",
        "bullets1": "",
        "bullets2": "",
        "bullets3": "",
        "bulletsCount0": 0,
        "bulletsCount1": 0,
        "bulletsCount2": 0,
        "bulletsCount3": 0,
        "crewSkillK": 0.0,
        "applyAllMods": false,
        "props": {
          "army": 1,
          "count": 1,
          "formation_type": "rows",
          "formation_div": 3,
          "formation_step": [
            2.5,
            2.0
          ],
          "formation_noise": [
            0.1,
            0.1
          ]
        },
        "way": {}
      },
      {
        "name": "t1_art_05",
        "tm": [
          [
            0.757122,
            -0.0224378,
            0.652889
          ],
          [
            0.0101928,
            0.999694,
            0.0225359
          ],
          [
            -0.653193,
            -0.0104073,
            0.757119
          ],
          [
            26194.3,
            1647.41,
            -7928.82
          ]
        ],
        "unit_class": "ussr_quest_large_art_noground",
        "objLayer": 1,
        "closed_waypoints": false,
        "isShipSpline": false,
        "shipTurnRadius": 100.0,
        "weapons": "",
        "bullets0": "",
        "bullets1": "",
        "bullets2": "",
        "bullets3": "",
        "bulletsCount0": 0,
        "bulletsCount1": 0,
        "bulletsCount2": 0,
        "bulletsCount3": 0,
        "crewSkillK": 0.0,
        "applyAllMods": false,
        "props": {
          "army": 1,
          "count": 1,
          "formation_type": "rows",
          "formation_div": 3,
          "formation_step": [
            2.5,
            2.0
          ],
          "formation_noise": [
            0.1,
            0.1
          ]
        },
        "way": {}
      },
      {
        "name": "t1_art_06",
        "tm": [
          [
            0.757122,
            -0.0224378,
            0.652889
          ],
          [
            0.0101928,
            0.999694,
            0.0225359
          ],
          [
            -0.653193,
            -0.0104073,
            0.757119
          ],
          [
            26309.3,
            1645.57,
            -8052.26
          ]
        ],
        "unit_class": "ussr_quest_large_art_noground",
        "objLayer": 1,
        "closed_waypoints": false,
        "isShipSpline": false,
        "shipTurnRadius": 100.0,
        "weapons": "",
        "bullets0": "",
        "bullets1": "",
        "bullets2": "",
        "bullets3": "",
        "bulletsCount0": 0,
        "bulletsCount1": 0,
        "bulletsCount2": 0,
        "bulletsCount3": 0,
        "crewSkillK": 0.0,
        "applyAllMods": false,
        "props": {
          "army": 1,
          "count": 1,
          "formation_type": "rows",
          "formation_div": 3,
          "formation_step": [
            2.5,
            2.0
          ],
          "formation_noise": [
            0.1,
            0.1
          ]
        },
        "way": {}
      },
      {
        "name": "t1_bunker_04",
        "tm": [
          [
            0.391678,
            0.0893838,
            0.915751
          ],
          [
            -0.0615462,
            0.995586,
            -0.0708523
          ],
          [
            -0.918043,
            -0.0286096,
            0.39545
          ],
          [
            33573.1,
            1626.15,
            -14941.9
          ]
        ],
        "unit_class": "ussr_quest_large_art_noground",
        "objLayer": 1,
        "closed_waypoints": false,
        "isShipSpline": false,
        "shipTurnRadius": 100.0,
        "weapons": "",
        "bullets0": "",
        "bullets1": "",
        "bullets2": "",
        "bullets3": "",
        "bulletsCount0": 0,
        "bulletsCount1": 0,
        "bulletsCount2": 0,
        "bulletsCount3": 0,
        "crewSkillK": 0.0,
        "applyAllMods": false,
        "props": {
          "army": 1,
          "count": 1,
          "formation_type": "rows",
          "formation_div": 3,
          "formation_step": [
            2.5,
            2.0
          ],
          "formation_noise": [
            0.1,
            0.1
          ]
        },
        "way": {}
      },
      {
        "name": "t1_art_07",
        "tm": [
          [
            0.391678,
            0.0893838,
            0.915751
          ],
          [
            -0.0615462,
            0.995586,
            -0.0708523
          ],
          [
            -0.918043,
            -0.0286096,
            0.39545
          ],
          [
            33486.9,
            1619.98,
            -14902.7
          ]
        ],
        "unit_class": "ussr_quest_large_art_noground",
        "objLayer": 1,
        "closed_waypoints": false,
        "isShipSpline": false,
        "shipTurnRadius": 100.0,
        "weapons": "",
        "bullets0": "",
        "bullets1": "",
        "bullets2": "",
        "bullets3": "",
        "bulletsCount0": 0,
        "bulletsCount1": 0,
        "bulletsCount2": 0,
        "bulletsCount3": 0,
        "crewSkillK": 0.0,
        "applyAllMods": false,
        "props": {
          "army": 1,
          "count": 1,
          "formation_type": "rows",
          "formation_div": 3,
          "formation_step": [
            2.5,
            2.0
          ],
          "formation_noise": [
            0.1,
            0.1
          ]
        },
        "way": {}
      },
      {
        "name": "t1_art_08",
        "tm": [
          [
            0.391678,
            0.0893838,
            0.915751
          ],
          [
            -0.0615462,
            0.995586,
            -0.0708523
          ],
          [
            -0.918043,
            -0.0286096,
            0.39545
          ],
          [
            33644.6,
            1621.95,
            -14963.2
          ]
        ],
        "unit_class": "ussr_quest_large_art_noground",
        "objLayer": 1,
        "closed_waypoints": false,
        "isShipSpline": false,
        "shipTurnRadius": 100.0,
        "weapons": "",
        "bullets0": "",
        "bullets1": "",
        "bullets2": "",
        "bullets3": "",
        "bulletsCount0": 0,
        "bulletsCount1": 0,
        "bulletsCount2": 0,
        "bulletsCount3": 0,
        "crewSkillK": 0.0,
        "applyAllMods": false,
        "props": {
          "army": 1,
          "count": 1,
          "formation_type": "rows",
          "formation_div": 3,
          "formation_step": [
            2.5,
            2.0
          ],
          "formation_noise": [
            0.1,
            0.1
          ]
        },
        "way": {}
      },
      {
        "name": "t1_bunker_05",
        "tm": [
          [
            0.477677,
            0.0252533,
            0.878173
          ],
          [
            0.0590868,
            0.9964,
            -0.0607933
          ],
          [
            -0.876546,
            0.0809281,
            0.474466
          ],
          [
            32018.5,
            1611.92,
            -14138.0
          ]
        ],
        "unit_class": "ussr_quest_large_art_noground",
        "objLayer": 1,
        "closed_waypoints": false,
        "isShipSpline": false,
        "shipTurnRadius": 100.0,
        "weapons": "",
        "bullets0": "",
        "bullets1": "",
        "bullets2": "",
        "bullets3": "",
        "bulletsCount0": 0,
        "bulletsCount1": 0,
        "bulletsCount2": 0,
        "bulletsCount3": 0,
        "crewSkillK": 0.0,
        "applyAllMods": false,
        "props": {
          "army": 1,
          "count": 1,
          "formation_type": "rows",
          "formation_div": 3,
          "formation_step": [
            2.5,
            2.0
          ],
          "formation_noise": [
            0.1,
            0.1
          ]
        },
        "way": {}
      },
      {
        "name": "t1_art_09",
        "tm": [
          [
            0.477677,
            0.0252533,
            0.878173
          ],
          [
            0.0590868,
            0.9964,
            -0.0607933
          ],
          [
            -0.876546,
            0.0809281,
            0.474466
          ],
          [
            31935.9,
            1616.01,
            -14091.2
          ]
        ],
        "unit_class": "ussr_quest_large_art_noground",
        "objLayer": 1,
        "closed_waypoints": false,
        "isShipSpline": false,
        "shipTurnRadius": 100.0,
        "weapons": "",
        "bullets0": "",
        "bullets1": "",
        "bullets2": "",
        "bullets3": "",
        "bulletsCount0": 0,
        "bulletsCount1": 0,
        "bulletsCount2": 0,
        "bulletsCount3": 0,
        "crewSkillK": 0.0,
        "applyAllMods": false,
        "props": {
          "army": 1,
          "count": 1,
          "formation_type": "rows",
          "formation_div": 3,
          "formation_step": [
            2.5,
            2.0
          ],
          "formation_noise": [
            0.1,
            0.1
          ]
        },
        "way": {}
      },
      {
        "name": "t1_art_10",
        "tm": [
          [
            0.477677,
            0.0252533,
            0.878173
          ],
          [
            0.0590868,
            0.9964,
            -0.0607933
          ],
          [
            -0.876546,
            0.0809281,
            0.474466
          ],
          [
            32086.8,
            1599.1,
            -14165.3
          ]
        ],
        "unit_class": "ussr_quest_large_art_noground",
        "objLayer": 1,
        "closed_waypoints": false,
        "isShipSpline": false,
        "shipTurnRadius": 100.0,
        "weapons": "",
        "bullets0": "",
        "bullets1": "",
        "bullets2": "",
        "bullets3": "",
        "bulletsCount0": 0,
        "bulletsCount1": 0,
        "bulletsCount2": 0,
        "bulletsCount3": 0,
        "crewSkillK": 0.0,
        "applyAllMods": false,
        "props": {
          "army": 1,
          "count": 1,
          "formation_type": "rows",
          "formation_div": 3,
          "formation_step": [
            2.5,
            2.0
          ],
          "formation_noise": [
            0.1,
            0.1
          ]
        },
        "way": {}
      },
      {
        "name": "t1_bunker_06",
        "tm": [
          [
            0.746701,
            0.0137634,
            0.665018
          ],
          [
            -0.0208573,
            0.999779,
            0.00272727
          ],
          [
            -0.664832,
            -0.0159064,
            0.746823
          ],
          [
            27093.1,
            1657.86,
            -9258.57
          ]
        ],
        "unit_class": "ussr_quest_large_art_noground",
        "objLayer": 1,
        "closed_waypoints": false,
        "isShipSpline": false,
        "shipTurnRadius": 100.0,
        "weapons": "",
        "bullets0": "",
        "bullets1": "",
        "bullets2": "",
        "bullets3": "",
        "bulletsCount0": 0,
        "bulletsCount1": 0,
        "bulletsCount2": 0,
        "bulletsCount3": 0,
        "crewSkillK": 0.0,
        "applyAllMods": false,
        "props": {
          "army": 1,
          "count": 1,
          "formation_type": "rows",
          "formation_div": 3,
          "formation_step": [
            2.5,
            2.0
          ],
          "formation_noise": [
            0.1,
            0.1
          ]
        },
        "way": {}
      },
      {
        "name": "t1_art_11",
        "tm": [
          [
            0.746701,
            0.0137634,
            0.665018
          ],
          [
            -0.0208573,
            0.999779,
            0.00272727
          ],
          [
            -0.664832,
            -0.0159064,
            0.746823
          ],
          [
            27031.3,
            1652.74,
            -9186.82
          ]
        ],
        "unit_class": "ussr_quest_large_art_noground",
        "objLayer": 1,
        "closed_waypoints": false,
        "isShipSpline": false,
        "shipTurnRadius": 100.0,
        "weapons": "",
        "bullets0": "",
        "bullets1": "",
        "bullets2": "",
        "bullets3": "",
        "bulletsCount0": 0,
        "bulletsCount1": 0,
        "bulletsCount2": 0,
        "bulletsCount3": 0,
        "crewSkillK": 0.0,
        "applyAllMods": false,
        "props": {
          "army": 1,
          "count": 1,
          "formation_type": "rows",
          "formation_div": 3,
          "formation_step": [
            2.5,
            2.0
          ],
          "formation_noise": [
            0.1,
            0.1
          ]
        },
        "way": {}
      },
      {
        "name": "t1_art_12",
        "tm": [
          [
            0.746701,
            0.0137634,
            0.665018
          ],
          [
            -0.0208573,
            0.999779,
            0.00272727
          ],
          [
            -0.664832,
            -0.0159064,
            0.746823
          ],
          [
            27148.4,
            1652.08,
            -9308.4
          ]
        ],
        "unit_class": "ussr_quest_large_art_noground",
        "objLayer": 1,
        "closed_waypoints": false,
        "isShipSpline": false,
        "shipTurnRadius": 100.0,
        "weapons": "",
        "bullets0": "",
        "bullets1": "",
        "bullets2": "",
        "bullets3": "",
        "bulletsCount0": 0,
        "bulletsCount1": 0,
        "bulletsCount2": 0,
        "bulletsCount3": 0,
        "crewSkillK": 0.0,
        "applyAllMods": false,
        "props": {
          "army": 1,
          "count": 1,
          "formation_type": "rows",
          "formation_div": 3,
          "formation_step": [
            2.5,
            2.0
          ],
          "formation_noise": [
            0.1,
            0.1
          ]
        },
        "way": {}
      },
      {
        "name": "t1_bunker_07",
        "tm": [
          [
            0.695335,
            0.0414891,
            0.717488
          ],
          [
            -0.0340384,
            0.999113,
            -0.024787
          ],
          [
            -0.717878,
            -0.00718656,
            0.696129
          ],
          [
            29650.5,
            1616.17,
            -12038.8
          ]
        ],
        "unit_class": "ussr_quest_large_art_noground",
        "objLayer": 1,
        "closed_waypoints": false,
        "isShipSpline": false,
        "shipTurnRadius": 100.0,
        "weapons": "",
        "bullets0": "",
        "bullets1": "",
        "bullets2": "",
        "bullets3": "",
        "bulletsCount0": 0,
        "bulletsCount1": 0,
        "bulletsCount2": 0,
        "bulletsCount3": 0,
        "crewSkillK": 0.0,
        "applyAllMods": false,
        "props": {
          "army": 1,
          "count": 1,
          "formation_type": "rows",
          "formation_div": 3,
          "formation_step": [
            2.5,
            2.0
          ],
          "formation_noise": [
            0.1,
            0.1
          ]
        },
        "way": {}
      },
      {
        "name": "t1_art_13",
        "tm": [
          [
            0.695335,
            0.0414891,
            0.717488
          ],
          [
            -0.0340384,
            0.999113,
            -0.024787
          ],
          [
            -0.717878,
            -0.00718656,
            0.696129
          ],
          [
            29583.8,
            1611.92,
            -11971.5
          ]
        ],
        "unit_class": "ussr_quest_large_art_noground",
        "objLayer": 1,
        "closed_waypoints": false,
        "isShipSpline": false,
        "shipTurnRadius": 100.0,
        "weapons": "",
        "bullets0": "",
        "bullets1": "",
        "bullets2": "",
        "bullets3": "",
        "bulletsCount0": 0,
        "bulletsCount1": 0,
        "bulletsCount2": 0,
        "bulletsCount3": 0,
        "crewSkillK": 0.0,
        "applyAllMods": false,
        "props": {
          "army": 1,
          "count": 1,
          "formation_type": "rows",
          "formation_div": 3,
          "formation_step": [
            2.5,
            2.0
          ],
          "formation_noise": [
            0.1,
            0.1
          ]
        },
        "way": {}
      },
      {
        "name": "t1_art_14",
        "tm": [
          [
            0.695335,
            0.0414891,
            0.717488
          ],
          [
            -0.0340384,
            0.999113,
            -0.024787
          ],
          [
            -0.717878,
            -0.00718656,
            0.696129
          ],
          [
            29709.4,
            1609.96,
            -12084.2
          ]
        ],
        "unit_class": "ussr_quest_large_art_noground",
        "objLayer": 1,
        "closed_waypoints": false,
        "isShipSpline": false,
        "shipTurnRadius": 100.0,
        "weapons": "",
        "bullets0": "",
        "bullets1": "",
        "bullets2": "",
        "bullets3": "",
        "bulletsCount0": 0,
        "bulletsCount1": 0,
        "bulletsCount2": 0,
        "bulletsCount3": 0,
        "crewSkillK": 0.0,
        "applyAllMods": false,
        "props": {
          "army": 1,
          "count": 1,
          "formation_type": "rows",
          "formation_div": 3,
          "formation_step": [
            2.5,
            2.0
          ],
          "formation_noise": [
            0.1,
            0.1
          ]
        },
        "way": {}
      },
      {
        "name": "t1_bunker_08",
        "tm": [
          [
            0.824287,
            -0.00388012,
            0.56616
          ],
          [
            0.00585092,
            0.999981,
            -0.00166615
          ],
          [
            -0.566143,
            0.00468581,
            0.824293
          ],
          [
            25551.2,
            1655.18,
            -6441.16
          ]
        ],
        "unit_class": "ussr_quest_large_art_noground",
        "objLayer": 1,
        "closed_waypoints": false,
        "isShipSpline": false,
        "shipTurnRadius": 100.0,
        "weapons": "",
        "bullets0": "",
        "bullets1": "",
        "bullets2": "",
        "bullets3": "",
        "bulletsCount0": 0,
        "bulletsCount1": 0,
        "bulletsCount2": 0,
        "bulletsCount3": 0,
        "crewSkillK": 0.0,
        "applyAllMods": false,
        "props": {
          "army": 1,
          "count": 1,
          "formation_type": "rows",
          "formation_div": 3,
          "formation_step": [
            2.5,
            2.0
          ],
          "formation_noise": [
            0.1,
            0.1
          ]
        },
        "way": {}
      },
      {
        "name": "t1_art_15",
        "tm": [
          [
            0.824287,
            -0.00388012,
            0.56616
          ],
          [
            0.00585092,
            0.999981,
            -0.00166615
          ],
          [
            -0.566143,
            0.00468581,
            0.824293
          ],
          [
            25498.8,
            1651.98,
            -6362.19
          ]
        ],
        "unit_class": "ussr_quest_large_art_noground",
        "objLayer": 1,
        "closed_waypoints": false,
        "isShipSpline": false,
        "shipTurnRadius": 100.0,
        "weapons": "",
        "bullets0": "",
        "bullets1": "",
        "bullets2": "",
        "bullets3": "",
        "bulletsCount0": 0,
        "bulletsCount1": 0,
        "bulletsCount2": 0,
        "bulletsCount3": 0,
        "crewSkillK": 0.0,
        "applyAllMods": false,
        "props": {
          "army": 1,
          "count": 1,
          "formation_type": "rows",
          "formation_div": 3,
          "formation_step": [
            2.5,
            2.0
          ],
          "formation_noise": [
            0.1,
            0.1
          ]
        },
        "way": {}
      },
      {
        "name": "t1_art_16",
        "tm": [
          [
            0.824287,
            -0.00388012,
            0.56616
          ],
          [
            0.00585092,
            0.999981,
            -0.00166615
          ],
          [
            -0.566143,
            0.00468581,
            0.824293
          ],
          [
            25599.7,
            1647.72,
            -6497.5
          ]
        ],
        "unit_class": "ussr_quest_large_art_noground",
        "objLayer": 1,
        "closed_waypoints": false,
        "isShipSpline": false,
        "shipTurnRadius": 100.0,
        "weapons": "",
        "bullets0": "",
