{
  "selected_tag": "",
  "bin_dump_file": "",
  "mission_settings": {
    "player": {
      "army": 1,
      "wing": [
        "t1_player01",
        "t1_player02",
        "t1_player03",
        "t1_player04",
        "t1_player05",
        "t1_player06",
        "t1_player07",
        "t1_player08",
        "t1_player09",
        "t1_player10",
        "t1_player11",
        "t1_player12",
        "t1_player13",
        "t1_player14",
        "t1_player15",
        "t1_player16",
        "t1_player17",
        "t1_player18",
        "t1_player19",
        "t1_player20",
        "t1_player21",
        "t1_player22",
        "t1_player23",
        "t1_player24",
        "t1_player25",
        "t1_player26",
        "t1_player27",
        "t1_player28",
        "t1_player29",
        "t1_player30",
        "t1_player31",
        "t1_player32"
      ]
    },
    "player_teamB": {
      "army": 2,
      "wing": [
        "t2_player01",
        "t2_player02",
        "t2_player03",
        "t2_player04",
        "t2_player05",
        "t2_player06",
        "t2_player07",
        "t2_player08",
        "t2_player09",
        "t2_player10",
        "t2_player11",
        "t2_player12",
        "t2_player13",
        "t2_player14",
        "t2_player15",
        "t2_player16",
        "t2_player17",
        "t2_player18",
        "t2_player19",
        "t2_player20",
        "t2_player21",
        "t2_player22",
        "t2_player23",
        "t2_player24",
        "t2_player25",
        "t2_player26",
        "t2_player27",
        "t2_player28",
        "t2_player29",
        "t2_player30",
        "t2_player31",
        "t2_player32",
        "t2_player33"
      ]
    },
    "mission": {
      "level": "levels/avg_kursk_villages.bin",
      "type": "domination",
      "environment": "Day",
      "weather": "hazy",
      "locName": "missions/_CnvA;kursk_villages/name",
      "locDesc": "kursk_villages/desc;missions/_Cnv/desc",
      "scoreLimit": 10000,
      "timeLimit": 25,
      "deathPenaltyMul": 0.0,
      "postfix": "_CnvA",
      "allowedKillStreaks": true,
      "randomSpawnTeams": false,
      "remapAiTankModels": true,
      "showTacticalMapCellSize": true,
      "country_axis": "germany",
      "country_allies": "ussr",
      "restoreType": "attempts",
      "optionalTakeOff": false,
      "allowedUnitTypes": {
        "isAirplanesAllowed": true,
        "isTanksAllowed": true,
        "isShipsAllowed": false,
        "isHelicoptersAllowed": true
      }
    },
    "spectator_points": {},
    "briefing": {
      "place_loc": "",
      "date_loc": "",
      "objective_loc": "",
      "music": "action_01",
      "part": {
        "event": "",
        "minTime": 0,
        "slide": {
          "map": true,
          "minTime": 4,
          "picture": "",
          "showAirMap": false,
          "arrow": {
            "width": 1,
            "side": "ally",
            "point": [
              "briefing_tanks",
              "convoy_waypoint01",
              "convoy_waypoint02",
              "convoy_waypoint03",
              "convoy_waypoint04",
              "convoy_waypoint04"
            ]
          },
          "icon": [
            {
              "icontype": "bomber",
              "side": "enemy",
              "target": "briefing_bombers",
              "lookAt": "briefing_tanks"
            },
            {
              "icontype": "tank",
              "side": "ally",
              "target": "briefing_tanks"
            },
            {
              "icontype": "tank",
              "side": "enemy",
              "target": "t2_tanks_spawn"
            }
          ]
        }
      }
    }
  },
  "imports": {
    "import_record": [
      {
        "file": "gameData/missions/templates/tank_templates/tank_base_logic_template.blk",
        "importAreas": true,
        "importUnits": true,
        "importTriggers": true,
        "importMissionObjectives": true,
        "importWayPoints": true,
        "showAreas": true,
        "showUnits": true,
        "showTriggers": true,
        "showMissionObjectives": true,
        "showWayPoints": true,
        "excludes": {}
      },
      {
        "file": "gameData/missions/templates/tank_convoy_template.blk",
        "importAreas": true,
        "importUnits": true,
        "importTriggers": true,
        "importMissionObjectives": true,
        "importWayPoints": true,
        "showAreas": true,
        "showUnits": true,
        "showTriggers": true,
        "showMissionObjectives": true,
        "showWayPoints": true,
        "excludes": {}
      },
      {
        "file": "gameData/missions/cta/tanks/kursk_villages/spawnareas/template_kursk_villages_air_spawns.blk",
        "importAreas": true,
        "importUnits": true,
        "importTriggers": true,
        "importMissionObjectives": true,
        "importWayPoints": true,
        "showAreas": true,
        "showUnits": true,
        "showTriggers": true,
        "showMissionObjectives": true,
        "showWayPoints": true,
        "excludes": {}
      },
      {
        "file": "gameData/missions/templates/ww_no_attackers_template.blk",
        "importAreas": true,
        "importUnits": true,
        "importTriggers": true,
        "importMissionObjectives": true,
        "importWayPoints": true,
        "showAreas": true,
        "showUnits": true,
        "showTriggers": true,
        "showMissionObjectives": true,
        "showWayPoints": true,
        "excludes": {}
      }
    ]
  },
  "triggers": {
    "isCategory": true,
    "is_enabled": true,
    "kursk_CnvA_init": {
      "is_enabled": true,
      "comments": "",
      "props": {
        "actionsType": "PERFORM_ONE_BY_ONE",
        "conditionsType": "ALL",
        "enableAfterComplete": false
      },
      "events": {
        "initMission": {}
      },
      "conditions": {},
      "actions": {
        "missionMarkAsRespawnPoint": [
          {
            "loc_name": "missions/spawn",
            "spawnEffect": false,
            "isStrictSpawn": false,
            "isAirfield": false,
            "isUnit": false,
            "useExisting": false,
            "isIndividual": true,
            "removeAreas": false,
            "canSpawnOnNeutral": false,
            "showOnMap": true,
            "radius": 50.0,
            "onlyOnePlayerPerSpawnPoint": false,
            "resetStrictSpawnIndex": false,
            "forceCreate": false,
            "replaceAreas": false,
            "ignoreTeamsOnReuse": false,
            "target": "t1_tanks_spawn00",
            "team": "A",
            "offset": [
              0.0,
              0.0,
              100.0
            ],
            "tags": {
              "tank": true,
              "type_heavy_tank": true,
              "type_medium_tank": true,
              "type_light_tank": true,
              "type_tank_destroyer": true,
              "type_spaa": true
            }
          },
          {
            "loc_name": "missions/spawn",
            "spawnEffect": false,
            "isStrictSpawn": false,
            "isAirfield": false,
            "isUnit": false,
            "useExisting": false,
            "isIndividual": true,
            "removeAreas": false,
            "canSpawnOnNeutral": false,
            "showOnMap": true,
            "radius": -1.0,
            "onlyOnePlayerPerSpawnPoint": false,
            "resetStrictSpawnIndex": false,
            "forceCreate": false,
            "replaceAreas": false,
            "ignoreTeamsOnReuse": false,
            "target": "t2_tanks_spawn",
            "team": "B",
            "offset": [
              0.0,
              0.0,
              0.0
            ],
            "tags": {
              "tank": true,
              "type_heavy_tank": true,
              "type_medium_tank": true,
              "type_light_tank": true,
              "type_tank_destroyer": true,
              "type_spaa": true
            }
          }
        ]
      },
      "else_actions": {}
    }
  },
  "mission_objectives": {
    "isCategory": true,
    "is_enabled": true
  },
  "variables": {
    "waypoints_num": 4,
    "defenseMissionTeam": "teamA"
  },
  "dialogs": {},
  "airfields": {},
  "effects": {},
  "units": {
    "tankModels": {
      "name": "t1_player01",
      "tm": [
        [
          1.0,
          0.0,
          0.0
        ],
        [
          0.0,
          1.0,
          0.0
        ],
        [
          0.0,
          0.0,
          1.0
        ],
        [
          2362.14,
          64.1751,
          2268.38
        ]
      ],
      "unit_class": "aaa_dummy",
      "objLayer": 1,
      "closed_waypoints": false,
      "isShipSpline": false,
      "shipTurnRadius": 100.0,
      "weapons": "",
      "bullets0": "",
      "bullets1": "",
      "bullets2": "",
      "bullets3": "",
      "bulletsCount0": 0,
      "bulletsCount1": 0,
      "bulletsCount2": 0,
      "bulletsCount3": 0,
      "crewSkillK": 0.0,
      "applyAllMods": false,
      "props": {
        "army": 2,
        "count": 1,
        "formation_type": "rows",
        "formation_div": 3,
        "formation_step": [
          2.5,
          2.0
        ],
        "formation_noise": [
          0.1,
          0.1
        ],
        "uniqueName": "",
        "attack_type": "fire_at_will"
      },
      "way": {}
    },
    "area_squad": [
      {
        "name": "t1_tanks_spawn00",
        "tm": [
          [
            -0.649923,
            0.0,
            0.760001
          ],
          [
            0.0,
            1.0,
            0.0
          ],
          [
            -0.760001,
            0.0,
            -0.649923
          ],
          [
            1559.88,
            42.6522,
            3812.92
          ]
        ],
        "props": {
          "squad_members": [
            "t1_tanks_spawn00_01",
            "t1_tanks_spawn00_02",
            "t1_tanks_spawn00_03",
            "t1_tanks_spawn00_04",
            "t1_tanks_spawn00_05",
            "t1_tanks_spawn00_06",
            "t1_tanks_spawn00_07",
            "t1_tanks_spawn00_08",
            "t1_tanks_spawn00_09",
            "t1_tanks_spawn00_10",
            "t1_tanks_spawn00_11",
            "t1_tanks_spawn00_12",
            "t1_tanks_spawn00_13",
            "t1_tanks_spawn00_14",
            "t1_tanks_spawn00_15",
            "t1_tanks_spawn00_16",
            "t1_tanks_spawn00_17",
            "t1_tanks_spawn00_18",
            "t1_tanks_spawn00_19",
            "t1_tanks_spawn00_20"
          ]
        }
      },
      {
        "name": "t1_tanks_spawn01",
        "tm": [
          [
            0.266915,
            0.0,
            0.963719
          ],
          [
            0.0,
            1.0,
            0.0
          ],
          [
            -0.963719,
            0.0,
            0.266915
          ],
          [
            1306.98,
            57.0794,
            3205.13
          ]
        ],
        "props": {
          "squad_members": [
            "t1_tanks_spawn01_01",
            "t1_tanks_spawn01_02",
            "t1_tanks_spawn01_03",
            "t1_tanks_spawn01_04",
            "t1_tanks_spawn01_05",
            "t1_tanks_spawn01_06",
            "t1_tanks_spawn01_07",
            "t1_tanks_spawn01_08",
            "t1_tanks_spawn01_09",
            "t1_tanks_spawn01_10",
            "t1_tanks_spawn01_11",
            "t1_tanks_spawn01_12",
            "t1_tanks_spawn01_13",
            "t1_tanks_spawn01_14",
            "t1_tanks_spawn01_15",
            "t1_tanks_spawn01_16",
            "t1_tanks_spawn01_17",
            "t1_tanks_spawn01_18",
            "t1_tanks_spawn01_19",
            "t1_tanks_spawn01_20"
          ]
        }
      },
      {
        "name": "t1_tanks_spawn02",
        "tm": [
          [
            0.539629,
            0.0,
            0.841903
          ],
          [
            0.0,
            1.0,
            0.0
          ],
          [
            -0.841903,
            0.0,
            0.539629
          ],
          [
            1005.33,
            49.697,
            1988.52
          ]
        ],
        "props": {
          "squad_members": [
            "t1_tanks_spawn02_01",
            "t1_tanks_spawn02_02",
            "t1_tanks_spawn02_03",
            "t1_tanks_spawn02_04",
            "t1_tanks_spawn02_05",
            "t1_tanks_spawn02_06",
            "t1_tanks_spawn02_07",
            "t1_tanks_spawn02_08",
            "t1_tanks_spawn02_09",
            "t1_tanks_spawn02_10",
            "t1_tanks_spawn02_11",
            "t1_tanks_spawn02_12",
            "t1_tanks_spawn02_13",
            "t1_tanks_spawn02_14",
            "t1_tanks_spawn02_15",
            "t1_tanks_spawn02_16",
            "t1_tanks_spawn02_17",
            "t1_tanks_spawn02_18",
            "t1_tanks_spawn02_19",
            "t1_tanks_spawn02_20"
          ]
        }
      },
      {
        "name": "t1_tanks_spawn03",
        "tm": [
          [
            -0.901757,
            0.0,
            0.432244
          ],
          [
            0.0,
            1.0,
            0.0
          ],
          [
            -0.432244,
            0.0,
            -0.901757
          ],
          [
            1889.6,
            53.1958,
            1167.26
          ]
        ],
        "props": {
          "squad_members": [
            "t1_tanks_spawn03_01",
            "t1_tanks_spawn03_02",
            "t1_tanks_spawn03_03",
            "t1_tanks_spawn03_04",
            "t1_tanks_spawn03_05",
            "t1_tanks_spawn03_06",
            "t1_tanks_spawn03_07",
            "t1_tanks_spawn03_08",
            "t1_tanks_spawn03_09",
            "t1_tanks_spawn03_10",
            "t1_tanks_spawn03_11",
            "t1_tanks_spawn03_12",
            "t1_tanks_spawn03_13",
            "t1_tanks_spawn03_14",
            "t1_tanks_spawn03_15",
            "t1_tanks_spawn03_16",
            "t1_tanks_spawn03_17",
            "t1_tanks_spawn03_18",
            "t1_tanks_spawn03_19",
            "t1_tanks_spawn03_20"
          ]
        }
      },
      {
        "name": "t1_tanks_spawn04",
        "tm": [
          [
            0.100378,
            0.0,
            0.994949
          ],
          [
            0.0,
            1.0,
            0.0
          ],
          [
            -0.994949,
            0.0,
            0.100378
          ],
          [
            2068.9,
            53.8205,
            460.096
          ]
        ],
        "props": {
          "squad_members": [
            "t1_tanks_spawn04_01",
            "t1_tanks_spawn04_02",
            "t1_tanks_spawn04_03",
            "t1_tanks_spawn04_04",
            "t1_tanks_spawn04_05",
            "t1_tanks_spawn04_06",
            "t1_tanks_spawn04_07",
            "t1_tanks_spawn04_08",
            "t1_tanks_spawn04_09",
            "t1_tanks_spawn04_10",
            "t1_tanks_spawn04_11",
            "t1_tanks_spawn04_12",
            "t1_tanks_spawn04_13",
            "t1_tanks_spawn04_14",
            "t1_tanks_spawn04_15",
            "t1_tanks_spawn04_16",
            "t1_tanks_spawn04_17",
            "t1_tanks_spawn04_18",
            "t1_tanks_spawn04_19",
            "t1_tanks_spawn04_20"
          ]
        }
      },
      {
        "name": "t2_tanks_spawn",
        "tm": [
          [
            -0.525848,
            0.0,
            0.850579
          ],
          [
            0.0,
            1.0,
            0.0
          ],
          [
            -0.850579,
            0.0,
            -0.525848
          ],
          [
            2382.53,
            62.3777,
            2293.99
          ]
        ],
        "props": {
          "squad_members": [
            "t2_tanks_spawn01",
            "t2_tanks_spawn02",
            "t2_tanks_spawn03",
            "t2_tanks_spawn04",
            "t2_tanks_spawn05",
            "t2_tanks_spawn06",
            "t2_tanks_spawn07",
            "t2_tanks_spawn08",
            "t2_tanks_spawn09",
            "t2_tanks_spawn10",
            "t2_tanks_spawn11",
            "t2_tanks_spawn12",
            "t2_tanks_spawn13",
            "t2_tanks_spawn14",
            "t2_tanks_spawn15",
            "t2_tanks_spawn16",
            "t2_tanks_spawn17",
            "t2_tanks_spawn18",
            "t2_tanks_spawn19",
            "t2_tanks_spawn20"
          ]
        }
      },
      {
        "name": "t1_rearm_zone",
        "tm": [
          [
            1.0,
            0.0,
            0.0
          ],
          [
            0.0,
            1.0,
            0.0
          ],
          [
            0.0,
            0.0,
            1.0
          ],
          [
            -822.154,
            23.2117,
            -95.1837
          ]
        ],
        "props": {
          "squad_members": [
            "t1_rearm_zone_01",
            "t1_rearm_zone_02"
          ]
        }
      },
      {
        "name": "t2_rearm_zone",
        "tm": [
          [
            1.0,
            0.0,
            0.0
          ],
          [
            0.0,
            1.0,
            0.0
          ],
          [
            0.0,
            0.0,
            1.0
          ],
          [
            562.478,
            23.2117,
            -501.735
          ]
        ],
        "props": {
          "squad_members": [
            "t2_rearm_zone_01",
            "t2_rearm_zone_02"
          ]
        }
      }
    ],
    "objectGroups": [
      {
        "name": "notree01",
        "tm": [
          [
            1.0,
            0.0,
            0.0
          ],
          [
            0.0,
            1.0,
            0.0
          ],
          [
            0.0,
            0.0,
            1.0
          ],
          [
            1850.4,
            32.95,
            3827.9
          ]
        ],
        "unit_class": "noTreeObjectGroup100",
        "objLayer": 2,
        "props": {
          "army": 2,
          "active": true
        }
      },
      {
        "name": "notree05",
        "tm": [
          [
            1.0,
            0.0,
            0.0
          ],
          [
            0.0,
            1.0,
            0.0
          ],
          [
            0.0,
            0.0,
            1.0
          ],
          [
            1808.2,
            32.95,
            3735.5
          ]
        ],
        "unit_class": "noTreeObjectGroup100",
        "objLayer": 2,
        "props": {
          "army": 2,
          "active": true
        }
      },
      {
        "name": "notree08",
        "tm": [
          [
            0.957166,
            0.0,
            -0.28954
          ],
          [
            0.0,
            1.0,
            0.0
          ],
          [
            0.28954,
            0.0,
            0.957166
          ],
          [
            1734.85,
            32.95,
            3659.3
          ]
        ],
        "unit_class": "noTreeObjectGroup100",
        "objLayer": 2,
        "props": {
          "army": 2,
          "active": true
        }
      },
      {
        "name": "notree11",
        "tm": [
          [
            0.959012,
            0.0,
            -0.283366
          ],
          [
            0.0,
            1.0,
            0.0
          ],
          [
            0.283366,
            0.0,
            0.959012
          ],
          [
            1708.9,
            41.6416,
            3571.75
          ]
        ],
        "unit_class": "noTreeObjectGroup100",
        "objLayer": 2,
        "props": {
          "army": 2,
          "active": true
        }
      },
      {
        "name": "notree14",
        "tm": [
          [
            0.959012,
            0.0,
            -0.283366
          ],
          [
            0.0,
            1.0,
            0.0
          ],
          [
            0.283366,
            0.0,
            0.959012
          ],
          [
            1551.68,
            66.65,
            3219.08
          ]
        ],
        "unit_class": "noTreeObjectGroup100",
        "objLayer": 2,
        "props": {
          "army": 2,
          "active": true
        }
      },
      {
        "name": "notree17",
        "tm": [
          [
            0.959012,
            0.0,
            -0.283366
          ],
          [
            0.0,
            1.0,
            0.0
          ],
          [
            0.283366,
            0.0,
            0.959012
          ],
          [
            1477.34,
            66.65,
            3140.76
          ]
        ],
        "unit_class": "noTreeObjectGroup100",
        "objLayer": 2,
        "props": {
          "army": 2,
          "active": true
        }
      },
      {
        "name": "notree20",
        "tm": [
          [
            0.959012,
            0.0,
            -0.283366
          ],
          [
            0.0,
            1.0,
            0.0
          ],
          [
            0.283366,
            0.0,
            0.959012
          ],
          [
            1419.99,
            66.65,
            3059.92
          ]
        ],
        "unit_class": "noTreeObjectGroup100",
        "objLayer": 2,
        "props": {
          "army": 2,
          "active": true
        }
      },
      {
        "name": "notree23",
        "tm": [
          [
            0.959012,
            0.0,
            -0.283366
          ],
          [
            0.0,
            1.0,
            0.0
          ],
          [
            0.283366,
            0.0,
            0.959012
          ],
          [
            1404.52,
            66.65,
            2965.93
          ]
        ],
        "unit_class": "noTreeObjectGroup100",
        "objLayer": 2,
        "props": {
          "army": 2,
          "active": true
        }
      },
      {
        "name": "notree26",
        "tm": [
          [
            0.975484,
            0.0,
            -0.220071
          ],
          [
            0.0,
            1.0,
            0.0
          ],
          [
            0.220071,
            0.0,
            0.975484
          ],
          [
            1400.54,
            66.65,
            2869.35
          ]
        ],
        "unit_class": "noTreeObjectGroup100",
        "objLayer": 2,
        "props": {
          "army": 2,
          "active": true
        }
      },
      {
        "name": "notree29",
        "tm": [
          [
            0.975484,
            0.0,
            -0.220071
          ],
          [
            0.0,
            1.0,
            0.0
          ],
          [
            0.220071,
            0.0,
            0.975484
          ],
          [
            1404.38,
            66.65,
            2775.31
          ]
        ],
        "unit_class": "noTreeObjectGroup100",
        "objLayer": 2,
        "props": {
          "army": 2,
          "active": true
        }
      },
      {
        "name": "notree32",
        "tm": [
          [
            0.975484,
            0.0,
            -0.220071
          ],
          [
            0.0,
            1.0,
            0.0
          ],
          [
            0.220071,
            0.0,
            0.975484
          ],
          [
            1394.22,
            68.4017,
            2681.53
          ]
        ],
        "unit_class": "noTreeObjectGroup100",
        "objLayer": 2,
        "props": {
          "army": 2,
          "active": true
        }
      },
      {
        "name": "notree35",
        "tm": [
          [
            0.99899,
            0.0,
            -0.0449424
          ],
          [
            0.0,
            1.0,
            0.0
          ],
          [
            0.0449424,
            0.0,
            0.99899
          ],
          [
            1364.55,
            64.855,
            2597.01
          ]
        ],
        "unit_class": "noTreeObjectGroup100",
        "objLayer": 2,
        "props": {
          "army": 2,
          "active": true
        }
      },
      {
        "name": "notree38",
        "tm": [
          [
            0.99899,
            0.0,
            -0.0449424
          ],
          [
            0.0,
            1.0,
            0.0
          ],
          [
            0.0449424,
            0.0,
            0.99899
          ],
          [
            1311.21,
            62.3305,
            2510.36
          ]
        ],
        "unit_class": "noTreeObjectGroup100",
        "objLayer": 2,
        "props": {
          "army": 2,
          "active": true
        }
      },
      {
        "name": "notree41",
        "tm": [
          [
            0.99899,
            0.0,
            -0.0449424
          ],
          [
            0.0,
            1.0,
            0.0
          ],
          [
            0.0449424,
            0.0,
            0.99899
          ],
          [
            1225.86,
            66.65,
            2439.59
          ]
        ],
        "unit_class": "noTreeObjectGroup100",
        "objLayer": 2,
        "props": {
          "army": 2,
          "active": true
        }
      },
      {
        "name": "notree44",
        "tm": [
          [
            0.964729,
            0.0,
            0.263246
          ],
          [
            0.0,
            1.0,
            0.0
          ],
          [
            -0.263246,
            0.0,
            0.964729
          ],
          [
            1148.72,
            60.7282,
            2354.42
          ]
        ],
        "unit_class": "noTreeObjectGroup100",
        "objLayer": 2,
        "props": {
          "army": 2,
          "active": true
        }
      },
      {
        "name": "notree47",
        "tm": [
          [
            0.964729,
            0.0,
            0.263246
          ],
          [
            0.0,
            1.0,
            0.0
          ],
          [
            -0.263246,
            0.0,
            0.964729
          ],
          [
            1135.52,
            55.4104,
            2253.19
          ]
        ],
        "unit_class": "noTreeObjectGroup100",
        "objLayer": 2,
        "props": {
          "army": 2,
          "active": true
        }
      },
      {
        "name": "notree50",
        "tm": [
          [
            0.964729,
            0.0,
            0.263246
          ],
          [
            0.0,
            1.0,
            0.0
          ],
          [
            -0.263246,
            0.0,
            0.964729
          ],
          [
            1135.63,
            53.1204,
            2154.2
          ]
        ],
        "unit_class": "noTreeObjectGroup100",
        "objLayer": 2,
        "props": {
          "army": 2,
          "active": true
        }
      },
      {
        "name": "notree53",
        "tm": [
          [
            0.964729,
            0.0,
            0.263246
          ],
          [
            0.0,
            1.0,
            0.0
          ],
          [
            -0.263246,
            0.0,
            0.964729
          ],
          [
            1153.25,
            50.5162,
            2057.16
          ]
        ],
        "unit_class": "noTreeObjectGroup100",
        "objLayer": 2,
        "props": {
          "army": 2,
          "active": true
        }
      },
      {
        "name": "notree56",
        "tm": [
          [
            0.964729,
            0.0,
            0.263246
          ],
          [
            0.0,
            1.0,
            0.0
          ],
          [
            -0.263246,
            0.0,
            0.964729
          ],
          [
            1941.6,
            51.4,
            1355.05
          ]
        ],
        "unit_class": "noTreeObjectGroup100",
        "objLayer": 2,
        "props": {
          "army": 2,
          "active": true
        }
      },
      {
        "name": "notree59",
        "tm": [
          [
            0.964729,
            0.0,
            0.263246
          ],
          [
            0.0,
            1.0,
            0.0
          ],
          [
            -0.263246,
            0.0,
            0.964729
          ],
          [
            2000.0,
            51.4,
            1268.95
          ]
        ],
        "unit_class": "noTreeObjectGroup100",
        "objLayer": 2,
        "props": {
          "army": 2,
          "active": true
        }
      },
      {
        "name": "notree62",
        "tm": [
          [
            0.964729,
            0.0,
            0.263246
          ],
          [
            0.0,
            1.0,
            0.0
          ],
          [
            -0.263246,
            0.0,
            0.964729
          ],
          [
            2156.15,
            58.8,
            851.4
          ]
        ],
        "unit_class": "noTreeObjectGroup100",
        "objLayer": 2,
        "props": {
          "army": 2,
          "active": true
        }
      },
      {
        "name": "notree65",
        "tm": [
          [
            0.964729,
            0.0,
            0.263246
          ],
          [
            0.0,
            1.0,
            0.0
          ],
          [
            -0.263246,
            0.0,
            0.964729
          ],
          [
            2170.1,
            52.7906,
            560.95
          ]
        ],
        "unit_class": "noTreeObjectGroup100",
        "objLayer": 2,
        "props": {
          "army": 2,
          "active": true
        }
      },
      {
        "name": "notree68",
        "tm": [
          [
            0.964729,
            0.0,
            0.263246
          ],
          [
            0.0,
            1.0,
            0.0
          ],
          [
            -0.263246,
            0.0,
            0.964729
          ],
          [
            2174.25,
            45.9557,
            336.4
          ]
        ],
        "unit_class": "noTreeObjectGroup100",
        "objLayer": 2,
        "props": {
          "army": 2,
          "active": true
        }
      },
      {
        "name": "notree71",
        "tm": [
          [
            0.964729,
            0.0,
            0.263246
          ],
          [
            0.0,
            1.0,
            0.0
          ],
          [
            -0.263246,
            0.0,
            0.964729
          ],
          [
            2185.65,
            45.95,
            225.15
          ]
        ],
        "unit_class": "noTreeObjectGroup100",
        "objLayer": 2,
        "props": {
          "army": 2,
          "active": true
        }
      },
      {
        "name": "notree21",
        "tm": [
          [
            0.959012,
            0.0,
            -0.283366
          ],
          [
            0.0,
            1.0,
            0.0
          ],
          [
            0.283366,
            0.0,
            0.959012
          ],
          [
            1603.84,
            56.1225,
            3299.78
          ]
        ],
        "unit_class": "noTreeObjectGroup100",
        "objLayer": 2,
        "props": {
          "army": 2,
          "active": true
        }
      },
      {
        "name": "notree30",
        "tm": [
          [
            0.959012,
            0.0,
            -0.283366
          ],
          [
            0.0,
            1.0,
            0.0
          ],
          [
            0.283366,
            0.0,
            0.959012
          ],
          [
            1662.57,
            51.6196,
            3380.61
          ]
        ],
        "unit_class": "noTreeObjectGroup100",
        "objLayer": 2,
        "props": {
          "army": 2,
          "active": true
        }
      },
      {
        "name": "notree39",
        "tm": [
          [
            0.959012,
            0.0,
            -0.283366
          ],
          [
            0.0,
            1.0,
            0.0
          ],
          [
            0.283366,
            0.0,
            0.959012
          ],
          [
            1683.07,
            45.1999,
            3476.65
          ]
        ],
        "unit_class": "noTreeObjectGroup100",
        "objLayer": 2,
        "props": {
          "army": 2,
          "active": true
        }
      },
      {
        "name": "notree60",
        "tm": [
          [
            0.964729,
            0.0,
            0.263246
          ],
          [
            0.0,
            1.0,
            0.0
          ],
          [
            -0.263246,
            0.0,
            0.964729
          ],
          [
            1224.42,
            50.5162,
            1979.07
          ]
        ],
        "unit_class": "noTreeObjectGroup100",
        "objLayer": 2,
        "props": {
          "army": 2,
          "active": true
        }
      },
      {
        "name": "notree69",
        "tm": [
          [
            0.964729,
            0.0,
            0.263246
          ],
          [
            0.0,
            1.0,
            0.0
          ],
          [
            -0.263246,
            0.0,
            0.964729
          ],
          [
            1295.26,
            50.5162,
            1896.9
          ]
        ],
        "unit_class": "noTreeObjectGroup100",
        "objLayer": 2,
        "props": {
          "army": 2,
          "active": true
        }
      },
      {
        "name": "notree74",
        "tm": [
          [
            0.964729,
            0.0,
            0.263246
          ],
          [
            0.0,
            1.0,
            0.0
          ],
          [
            -0.263246,
            0.0,
            0.964729
          ],
          [
            1320.29,
            50.5162,
            1803.89
          ]
        ],
        "unit_class": "noTreeObjectGroup100",
        "objLayer": 2,
        "props": {
          "army": 2,
          "active": true
        }
      },
      {
        "name": "notree77",
        "tm": [
          [
            0.964729,
            0.0,
            0.263246
          ],
          [
            0.0,
            1.0,
            0.0
          ],
          [
            -0.263246,
            0.0,
            0.964729
          ],
          [
            1347.43,
            50.5162,
            1711.53
          ]
        ],
        "unit_class": "noTreeObjectGroup100",
        "objLayer": 2,
        "props": {
          "army": 2,
          "active": true
        }
      },
      {
        "name": "notree80",
        "tm": [
          [
            0.964729,
            0.0,
            0.263246
          ],
          [
            0.0,
            1.0,
            0.0
          ],
          [
            -0.263246,
            0.0,
            0.964729
          ],
          [
            1388.03,
            50.5162,
            1626.08
          ]
        ],
        "unit_class": "noTreeObjectGroup100",
        "objLayer": 2,
        "props": {
          "army": 2,
          "active": true
        }
      },
      {
        "name": "notree83",
        "tm": [
          [
            0.964729,
            0.0,
            0.263246
          ],
          [
            0.0,
            1.0,
            0.0
          ],
          [
            -0.263246,
            0.0,
            0.964729
          ],
          [
            1473.5,
            50.5162,
            1563.76
          ]
        ],
        "unit_class": "noTreeObjectGroup100",
        "objLayer": 2,
        "props": {
          "army": 2,
          "active": true
        }
      },
      {
        "name": "notree86",
        "tm": [
          [
            0.964729,
            0.0,
            0.263246
          ],
          [
            0.0,
            1.0,
            0.0
          ],
          [
            -0.263246,
            0.0,
            0.964729
          ],
          [
            1563.47,
            50.5162,
            1513.02
          ]
        ],
        "unit_class": "noTreeObjectGroup100",
        "objLayer": 2,
        "props": {
          "army": 2,
          "active": true
        }
      },
      {
        "name": "notree89",
        "tm": [
          [
            0.964729,
            0.0,
            0.263246
          ],
          [
            0.0,
            1.0,
            0.0
          ],
          [
            -0.263246,
            0.0,
            0.964729
          ],
          [
            1652.02,
            50.5162,
            1462.17
          ]
        ],
        "unit_class": "noTreeObjectGroup100",
        "objLayer": 2,
        "props": {
          "army": 2,
          "active": true
        }
      },
      {
        "name": "notree92",
        "tm": [
          [
            0.964729,
            0.0,
            0.263246
          ],
          [
            0.0,
            1.0,
            0.0
          ],
          [
            -0.263246,
            0.0,
            0.964729
          ],
          [
            1763.15,
            50.5162,
            1405.71
          ]
        ],
        "unit_class": "noTreeObjectGroup100",
        "objLayer": 2,
        "props": {
          "army": 2,
          "active": true
        }
      },
      {
        "name": "notree95",
        "tm": [
          [
            0.964729,
            0.0,
            0.263246
          ],
          [
            0.0,
            1.0,
            0.0
          ],
          [
            -0.263246,
            0.0,
            0.964729
          ],
          [
            1856.34,
            50.5162,
            1355.79
          ]
        ],
        "unit_class": "noTreeObjectGroup100",
        "objLayer": 2,
        "props": {
          "army": 2,
          "active": true
        }
      }
    ]
  },
  "areas": {
    "briefing_bombers": {
      "type": "Point",
      "tm": [
        [
          1.0,
          0.0,
          0.0
        ],
        [
          0.0,
          1.0,
          0.0
        ],
        [
          0.0,
          0.0,
          1.0
        ],
        [
          528.304,
          41.1797,
          508.002
        ]
      ],
      "objLayer": 0,
      "props": {}
    },
    "briefing_tanks": {
