{
  "selected_tag": "",
  "bin_dump_file": "",
  "mission_settings": {
    "player": {
      "army": 1
    },
    "player_teamB": {
      "army": 2
    },
    "mission": {
      "type": "singleMission",
      "level": "levels/water.bin",
      "environment": "Day",
      "weather": "hazy"
    }
  },
  "imports": {
    "import_record": {
      "file": "gameData/missions/templates/tank_templates/ai_base_defense_template.blk",
      "importAreas": true,
      "importUnits": true,
      "importTriggers": true,
      "importMissionObjectives": true,
      "importWayPoints": true,
      "showAreas": true,
      "showUnits": true,
      "showTriggers": true,
      "showMissionObjectives": true,
      "showWayPoints": true,
      "excludes": {}
    }
  },
  "triggers": {
    "isCategory": true,
    "is_enabled": true
  },
  "mission_objectives": {
    "isCategory": true,
    "is_enabled": true
  },
  "variables": {},
  "dialogs": {},
  "airfields": {},
  "effects": {},
  "units": {
    "objectGroups": [
      {
        "name": "t1_trench01",
        "tm": [
          [
            0.703369,
            0.0,
            -0.710826
          ],
          [
            0.0,
            1.0,
            0.0
          ],
          [
            0.710826,
            0.0,
            0.703369
          ],
          [
            1632.38,
            68.2418,
            3088.23
          ]
        ],
        "unit_class": "rendinst_fortification_sandbags_onground_a",
        "objLayer": 2,
        "props": {
          "army": 1,
          "active": true
        }
      },
      {
        "name": "t1_trench02",
        "tm": [
          [
            0.822265,
            -0.0159914,
            -0.568881
          ],
          [
            0.0405471,
            0.998711,
            0.0305329
          ],
          [
            0.567659,
            -0.0481725,
            0.821853
          ],
          [
            1583.34,
            67.5723,
            3048.68
          ]
        ],
        "unit_class": "rendinst_fortification_sandbags_onground_a",
        "objLayer": 2,
        "props": {
          "army": 1,
          "active": true
        }
      },
      {
        "name": "t1_trench03",
        "tm": [
          [
            0.775626,
            0.0,
            -0.631192
          ],
          [
            0.0,
            1.0,
            0.0
          ],
          [
            0.631192,
            0.0,
            0.775626
          ],
          [
            1563.69,
            67.3499,
            3035.62
          ]
        ],
        "unit_class": "rendinst_fortification_sandbags_onground_a",
        "objLayer": 2,
        "props": {
          "army": 1,
          "active": true
        }
      },
      {
        "name": "t1_trench04",
        "tm": [
          [
            0.57239,
            0.0,
            -0.819982
          ],
          [
            0.0,
            1.0,
            0.0
          ],
          [
            0.819982,
            0.0,
            0.57239
          ],
          [
            1273.46,
            61.2261,
            3073.81
          ]
        ],
        "unit_class": "rendinst_fortification_sandbags_onground_a",
        "objLayer": 2,
        "props": {
          "army": 1,
          "active": true
        }
      },
      {
        "name": "t1_trench05",
        "tm": [
          [
            0.454246,
            0.0,
            -0.890877
          ],
          [
            0.0,
            1.0,
            0.0
          ],
          [
            0.890877,
            0.0,
            0.454246
          ],
          [
            1257.29,
            61.9134,
            3053.74
          ]
        ],
        "unit_class": "rendinst_fortification_sandbags_onground_a",
        "objLayer": 2,
        "props": {
          "army": 1,
          "active": true
        }
      },
      {
        "name": "t1_trench06",
        "tm": [
          [
            0.614726,
            0.0,
            -0.788741
          ],
          [
            0.0,
            1.0,
            0.0
          ],
          [
            0.788741,
            0.0,
            0.614726
          ],
          [
            1231.51,
            62.0365,
            3025.71
          ]
        ],
        "unit_class": "rendinst_fortification_sandbags_onground_a",
        "objLayer": 2,
        "props": {
          "army": 1,
          "active": true
        }
      },
      {
        "name": "t1_trench07",
        "tm": [
          [
            0.457019,
            0.0,
            -0.889456
          ],
          [
            0.0,
            1.0,
            0.0
          ],
          [
            0.889456,
            0.0,
            0.457019
          ],
          [
            1217.16,
            61.5719,
            3012.11
          ]
        ],
        "unit_class": "rendinst_fortification_sandbags_onground_a",
        "objLayer": 2,
        "props": {
          "army": 1,
          "active": true
        }
      },
      {
        "name": "t1_trench08",
        "tm": [
          [
            0.818859,
            0.0,
            -0.573994
          ],
          [
            0.0,
            1.0,
            0.0
          ],
          [
            0.573994,
            0.0,
            0.818859
          ],
          [
            709.8,
            58.1871,
            2844.45
          ]
        ],
        "unit_class": "rendinst_fortification_sandbags_onground_a",
        "objLayer": 2,
        "props": {
          "army": 1,
          "active": true
        }
      },
      {
        "name": "t1_trench09",
        "tm": [
          [
            0.898342,
            0.0,
            -0.439298
          ],
          [
            0.0,
            1.0,
            0.0
          ],
          [
            0.439298,
            0.0,
            0.898342
          ],
          [
            712.014,
            58.4057,
            2672.32
          ]
        ],
        "unit_class": "rendinst_fortification_sandbags_onground_a",
        "objLayer": 2,
        "props": {
          "army": 1,
          "active": true
        }
      },
      {
        "name": "t1_trench10",
        "tm": [
          [
            0.86049,
            0.0,
            -0.509469
          ],
          [
            0.0,
            1.0,
            0.0
          ],
          [
            0.509469,
            0.0,
            0.86049
          ],
          [
            704.275,
            58.6928,
            2660.02
          ]
        ],
        "unit_class": "rendinst_fortification_sandbags_onground_a",
        "objLayer": 2,
        "props": {
          "army": 1,
          "active": true
        }
      },
      {
        "name": "t1_trench11",
        "tm": [
          [
            0.824705,
            0.0,
            -0.565562
          ],
          [
            0.0,
            1.0,
            0.0
          ],
          [
            0.565562,
            0.0,
            0.824705
          ],
          [
            692.885,
            59.0515,
            2642.28
          ]
        ],
        "unit_class": "rendinst_fortification_sandbags_onground_a",
        "objLayer": 2,
        "props": {
          "army": 1,
          "active": true
        }
      },
      {
        "name": "t1_trench12",
        "tm": [
          [
            0.823089,
            0.0,
            -0.567913
          ],
          [
            0.0,
            1.0,
            0.0
          ],
          [
            0.567913,
            0.0,
            0.823089
          ],
          [
            616.05,
            61.2455,
            2634.2
          ]
        ],
        "unit_class": "rendinst_fortification_sandbags_onground_a",
        "objLayer": 2,
        "props": {
          "army": 1,
          "active": true
        }
      },
      {
        "name": "t1_trench13",
        "tm": [
          [
            0.703969,
            0.0,
            -0.71023
          ],
          [
            0.0,
            1.0,
            0.0
          ],
          [
            0.71023,
            0.0,
            0.703969
          ],
          [
            609.7,
            60.9262,
            2587.25
          ]
        ],
        "unit_class": "rendinst_fortification_sandbags_onground_a",
        "objLayer": 2,
        "props": {
          "army": 1,
          "active": true
        }
      },
      {
        "name": "t2_trench01",
        "tm": [
          [
            -0.343668,
            0.0,
            0.939091
          ],
          [
            0.0,
            1.0,
            0.0
          ],
          [
            -0.939092,
            0.0,
            -0.343668
          ],
          [
            2153.33,
            60.6581,
            765.484
          ]
        ],
        "unit_class": "rendinst_fortification_sandbags_onground_a",
        "objLayer": 2,
        "props": {
          "army": 2,
          "active": true
        }
      },
      {
        "name": "t2_trench02",
        "tm": [
          [
            -0.312339,
            0.0,
            0.949971
          ],
          [
            0.0,
            1.0,
            0.0
          ],
          [
            -0.949971,
            0.0,
            -0.312339
          ],
          [
            2186.97,
            59.4661,
            780.045
          ]
        ],
        "unit_class": "rendinst_fortification_sandbags_onground_a",
        "objLayer": 2,
        "props": {
          "army": 2,
          "active": true
        }
      },
      {
        "name": "t2_trench03",
        "tm": [
          [
            -0.162821,
            0.0,
            0.986656
          ],
          [
            0.0,
            1.0,
            0.0
          ],
          [
            -0.986656,
            0.0,
            -0.162821
          ],
          [
            2196.59,
            58.7733,
            786.68
          ]
        ],
        "unit_class": "rendinst_fortification_sandbags_onground_a",
        "objLayer": 2,
        "props": {
          "army": 2,
          "active": true
        }
      },
      {
        "name": "t2_trench04",
        "tm": [
          [
            -0.707414,
            0.0,
            0.7068
          ],
          [
            0.0,
            1.0,
            0.0
          ],
          [
            -0.7068,
            0.0,
            -0.707414
          ],
          [
            2471.33,
            52.2596,
            962.452
          ]
        ],
        "unit_class": "rendinst_fortification_sandbags_onground_a",
        "objLayer": 2,
        "props": {
          "army": 2,
          "active": true
        }
      },
      {
        "name": "t2_trench05",
        "tm": [
          [
            -0.676127,
            0.0,
            0.736785
          ],
          [
            0.0,
            1.0,
            0.0
          ],
          [
            -0.736785,
            0.0,
            -0.676127
          ],
          [
            2480.99,
            52.4998,
            973.594
          ]
        ],
        "unit_class": "rendinst_fortification_sandbags_onground_a",
        "objLayer": 2,
        "props": {
          "army": 2,
          "active": true
        }
      },
      {
        "name": "t2_trench06",
        "tm": [
          [
            -0.669068,
            0.0,
            0.743201
          ],
          [
            0.0,
            1.0,
            0.0
          ],
          [
            -0.743201,
            0.0,
            -0.669068
          ],
          [
            2669.1,
            55.6266,
            1444.6
          ]
        ],
        "unit_class": "rendinst_fortification_sandbags_onground_a",
        "objLayer": 2,
        "props": {
          "army": 2,
          "active": true
        }
      },
      {
        "name": "t2_trench07",
        "tm": [
          [
            -0.848183,
            0.0,
            0.529703
          ],
          [
            0.0,
            1.0,
            0.0
          ],
          [
            -0.529703,
            0.0,
            -0.848183
          ],
          [
            2442.4,
            51.6829,
            908.5
          ]
        ],
        "unit_class": "rendinst_fortification_sandbags_onground_a",
        "objLayer": 2,
        "props": {
          "army": 2,
          "active": true
        }
      },
      {
        "name": "t2_trench08",
        "tm": [
          [
            -0.777603,
            0.0,
            0.628756
          ],
          [
            0.0,
            1.0,
            0.0
          ],
          [
            -0.628756,
            0.0,
            -0.777603
          ],
          [
            2452.35,
            51.7912,
            916.503
          ]
        ],
        "unit_class": "rendinst_fortification_sandbags_onground_a",
        "objLayer": 2,
        "props": {
          "army": 2,
          "active": true
        }
      },
      {
        "name": "t2_trench09",
        "tm": [
          [
            -0.866432,
            0.0,
            0.499295
          ],
          [
            0.0,
            1.0,
            0.0
          ],
          [
            -0.499295,
            0.0,
            -0.866432
          ],
          [
            2585.15,
            60.2512,
            1350.7
          ]
        ],
        "unit_class": "rendinst_fortification_sandbags_onground_a",
        "objLayer": 2,
        "props": {
          "army": 2,
          "active": true
        }
      },
      {
        "name": "t2_trench10",
        "tm": [
          [
            -0.768083,
            0.0,
            0.64035
          ],
          [
            0.0,
            1.0,
            0.0
          ],
          [
            -0.64035,
            0.0,
            -0.768083
          ],
          [
            2594.94,
            59.9383,
            1357.49
          ]
        ],
        "unit_class": "rendinst_fortification_sandbags_onground_a",
        "objLayer": 2,
        "props": {
          "army": 2,
          "active": true
        }
      },
      {
        "name": "t2_trench11",
        "tm": [
          [
            -0.329647,
            0.0,
            0.944105
          ],
          [
            0.0,
            1.0,
            0.0
          ],
          [
            -0.944105,
            0.0,
            -0.329647
          ],
          [
            2960.15,
            51.3418,
            1612.61
          ]
        ],
        "unit_class": "rendinst_fortification_sandbags_onground_a",
        "objLayer": 2,
        "props": {
          "army": 2,
          "active": true
        }
      },
      {
        "name": "t2_trench12",
        "tm": [
          [
            -0.263765,
            0.0,
            0.964587
          ],
          [
            0.0,
            1.0,
            0.0
          ],
          [
            -0.964587,
            0.0,
            -0.263765
          ],
          [
            2976.39,
            50.4761,
            1636.9
          ]
        ],
        "unit_class": "rendinst_fortification_sandbags_onground_a",
        "objLayer": 2,
        "props": {
          "army": 2,
          "active": true
        }
      },
      {
        "name": "t2_trench13",
        "tm": [
          [
            -0.435428,
            0.0,
            0.900222
          ],
          [
            0.0,
            1.0,
            0.0
          ],
          [
            -0.900225,
            0.0,
            -0.435429
          ],
          [
            2997.18,
            49.8193,
            1648.62
          ]
        ],
        "unit_class": "rendinst_fortification_sandbags_onground_a",
        "objLayer": 2,
        "props": {
          "army": 2,
          "active": true
        }
      },
      {
        "name": "t2_trench14",
        "tm": [
          [
            -0.0453717,
            0.0,
            0.998969
          ],
          [
            0.0,
            1.0,
            0.0
          ],
          [
            -0.998971,
            0.0,
            -0.0453716
          ],
          [
            2144.0,
            60.9117,
            758.502
          ]
        ],
        "unit_class": "rendinst_fortification_sandbags_onground_a",
        "objLayer": 2,
        "props": {
          "army": 2,
          "active": true
        }
      },
      {
        "name": "t2_trench15",
        "tm": [
          [
            -0.329647,
            0.0,
            0.944105
          ],
          [
            0.0,
            1.0,
            0.0
          ],
          [
            -0.944105,
            0.0,
            -0.329647
          ],
          [
            2951.91,
            51.7207,
            1602.08
          ]
        ],
        "unit_class": "rendinst_fortification_sandbags_onground_a",
        "objLayer": 2,
        "props": {
          "army": 2,
          "active": true
        }
      },
      {
        "name": "t2_trench16",
        "tm": [
          [
            -0.336838,
            0.0,
            0.941563
          ],
          [
            0.0,
            1.0,
            0.0
          ],
          [
            -0.941563,
            0.0,
            -0.336838
          ],
          [
            2937.17,
            51.9507,
            1607.86
          ]
        ],
        "unit_class": "rendinst_fortification_sandbags_onground_a",
        "objLayer": 2,
        "props": {
          "army": 2,
          "active": true
        }
      },
      {
        "name": "t2_trench17",
        "tm": [
          [
            -0.462471,
            0.0,
            0.886634
          ],
          [
            0.0,
            1.0,
            0.0
          ],
          [
            -0.886634,
            0.0,
            -0.462471
          ],
          [
            2130.38,
            61.4094,
            751.972
          ]
        ],
        "unit_class": "rendinst_fortification_sandbags_onground_a",
        "objLayer": 2,
        "props": {
          "army": 2,
          "active": true
        }
      },
      {
        "name": "t2_trench18",
        "tm": [
          [
            -0.636013,
            0.0,
            0.771678
          ],
          [
            0.0,
            1.0,
            0.0
          ],
          [
            -0.771678,
            0.0,
            -0.636013
          ],
          [
            2657.93,
            56.0787,
            1439.01
          ]
        ],
        "unit_class": "rendinst_fortification_sandbags_onground_a",
        "objLayer": 2,
        "props": {
          "army": 2,
          "active": true
        }
      },
      {
        "name": "t2_trench19",
        "tm": [
          [
            -0.857043,
            0.0,
            0.515245
          ],
          [
            0.0,
            1.0,
            0.0
          ],
          [
            -0.515245,
            0.0,
            -0.857043
          ],
          [
            2616.18,
            58.8271,
            1389.18
          ]
        ],
        "unit_class": "rendinst_fortification_sandbags_onground_a",
        "objLayer": 2,
        "props": {
          "army": 2,
          "active": true
        }
      },
      {
        "name": "t2_trench20",
        "tm": [
          [
            -0.782458,
            0.0,
            0.622703
          ],
          [
            0.0,
            1.0,
            0.0
          ],
          [
            -0.622703,
            0.0,
            -0.782458
          ],
          [
            2623.26,
            58.2133,
            1399.31
          ]
        ],
        "unit_class": "rendinst_fortification_sandbags_onground_a",
        "objLayer": 2,
        "props": {
          "army": 2,
          "active": true
        }
      },
      {
        "name": "t2_trench21",
        "tm": [
          [
            -0.886199,
            0.0,
            -0.463303
          ],
          [
            0.0,
            1.0,
            0.0
          ],
          [
            0.463304,
            0.0,
            -0.8862
          ],
          [
            2172.48,
            60.2148,
            767.792
          ]
        ],
        "unit_class": "det_trench_system_c_onground",
        "objLayer": 2,
        "props": {
          "army": 2,
          "active": true
        }
      },
      {
        "name": "t2_trench22",
        "tm": [
          [
            -0.607606,
            0.0,
            -0.794238
          ],
          [
            0.0,
            1.0,
            0.0
          ],
          [
            0.794239,
            0.0,
            -0.607606
          ],
          [
            2458.11,
            52.0367,
            947.31
          ]
        ],
        "unit_class": "det_trench_half_c_onground",
        "objLayer": 2,
        "props": {
          "army": 2,
          "active": true
        }
      },
      {
        "name": "t2_trench23",
        "tm": [
          [
            -0.514621,
            0.0,
            -0.857418
          ],
          [
            0.0,
            1.0,
            0.0
          ],
          [
            0.857419,
            0.0,
            -0.514621
          ],
          [
            2641.51,
            57.0832,
            1416.63
          ]
        ],
        "unit_class": "det_trench_system_a_onground",
        "objLayer": 2,
        "props": {
          "army": 2,
          "active": true
        }
      },
      {
        "name": "t1_trench14",
        "tm": [
          [
            0.790132,
            0.0,
            -0.612936
          ],
          [
            0.0,
            1.0,
            0.0
          ],
          [
            0.612936,
            0.0,
            0.790132
          ],
          [
            1624.1,
            68.1884,
            3079.56
          ]
        ],
        "unit_class": "rendinst_fortification_sandbags_onground_a",
        "objLayer": 2,
        "props": {
          "army": 1,
          "active": true
        }
      },
      {
        "name": "t1_trench15",
        "tm": [
          [
            0.775626,
            0.0,
            -0.631192
          ],
          [
            0.0,
            1.0,
            0.0
          ],
          [
            0.631192,
            0.0,
            0.775626
          ],
          [
            1573.57,
            67.4596,
            3042.06
          ]
        ],
        "unit_class": "rendinst_fortification_sandbags_onground_a",
        "objLayer": 2,
        "props": {
          "army": 1,
          "active": true
        }
      },
      {
        "name": "t1_trench16",
        "tm": [
          [
            0.752287,
            0.0,
            -0.658837
          ],
          [
            0.0,
            1.0,
            0.0
          ],
          [
            0.658837,
            0.0,
            0.752287
          ],
          [
            1549.82,
            68.0624,
            3001.01
          ]
        ],
        "unit_class": "rendinst_fortification_sandbags_onground_a",
        "objLayer": 2,
        "props": {
          "army": 1,
          "active": true
        }
      },
      {
        "name": "t1_trench17",
        "tm": [
          [
            0.454246,
            0.0,
            -0.890877
          ],
          [
            0.0,
            1.0,
            0.0
          ],
          [
            0.890877,
            0.0,
            0.454246
          ],
          [
            1245.88,
            61.7881,
            3051.76
          ]
        ],
        "unit_class": "rendinst_fortification_sandbags_onground_a",
        "objLayer": 2,
        "props": {
          "army": 1,
          "active": true
        }
      },
      {
        "name": "t1_trench18",
        "tm": [
          [
            0.763191,
            0.0,
            -0.646173
          ],
          [
            0.0,
            1.0,
            0.0
          ],
          [
            0.646173,
            0.0,
            0.763191
          ],
          [
            609.933,
            61.195,
            2610.56
          ]
        ],
        "unit_class": "rendinst_fortification_sandbags_onground_a",
        "objLayer": 2,
        "props": {
          "army": 1,
          "active": true
        }
      },
      {
        "name": "t1_trench19",
        "tm": [
          [
            0.823089,
            0.0,
            -0.567913
          ],
          [
            0.0,
            1.0,
            0.0
          ],
          [
            0.567913,
            0.0,
            0.823089
          ],
          [
            625.01,
            61.0358,
            2641.42
          ]
        ],
        "unit_class": "rendinst_fortification_sandbags_onground_a",
        "objLayer": 2,
        "props": {
          "army": 1,
          "active": true
        }
      },
      {
        "name": "t1_trench20",
        "tm": [
          [
            0.923685,
            0.0,
            -0.383155
          ],
          [
            0.0,
            1.0,
            0.0
          ],
          [
            0.383155,
            0.0,
            0.923685
          ],
          [
            698.186,
            58.3045,
            2829.09
          ]
        ],
        "unit_class": "rendinst_fortification_sandbags_onground_a",
        "objLayer": 2,
        "props": {
          "army": 1,
          "active": true
        }
      },
      {
        "name": "t1_trench21",
        "tm": [
          [
            0.524553,
            0.0,
            0.851378
          ],
          [
            0.0,
            1.0,
            0.0
          ],
          [
            -0.851378,
            0.0,
            0.524553
          ],
          [
            1554.98,
            67.6578,
            3018.81
          ]
        ],
        "unit_class": "det_trench_half_c_onground",
        "objLayer": 2,
        "props": {
          "army": 1,
          "active": true
        }
      },
      {
        "name": "t1_trench22",
        "tm": [
          [
            0.899848,
            0.0,
            0.436203
          ],
          [
            0.0,
            1.0,
            0.0
          ],
          [
            -0.436203,
            0.0,
            0.899848
          ],
          [
            1596.75,
            67.4405,
            3067.56
          ]
        ],
        "unit_class": "det_trench_system_d_onground",
        "objLayer": 2,
        "props": {
          "army": 1,
          "active": true
        }
      }
    ],
    "tankModels": [
      {
        "name": "t1_antiTankGun01",
        "tm": [
          [
            0.79794,
            0.0,
            -0.602736
          ],
          [
            0.0,
            1.0,
            0.0
          ],
          [
            0.602736,
            0.0,
            0.79794
          ],
          [
            1622.97,
            68.132,
            3080.33
          ]
        ],
        "unit_class": "germ_at_gun_pak40",
        "objLayer": 1,
        "closed_waypoints": false,
        "isShipSpline": false,
        "shipTurnRadius": 100.0,
        "weapons": "",
        "bullets0": "",
        "bullets1": "",
        "bullets2": "",
        "bullets3": "",
        "bulletsCount0": 0,
        "bulletsCount1": 0,
        "bulletsCount2": 0,
        "bulletsCount3": 0,
        "crewSkillK": 0.0,
        "applyAllMods": false,
        "props": {
          "army": 1,
          "count": 1,
          "formation_type": "rows",
          "formation_div": 3,
          "formation_step": [
            2.5,
            2.0
          ],
          "formation_noise": [
            0.1,
            0.1
          ],
          "uniqueName": "",
          "attack_type": "fire_at_will",
          "unitReplacementType": "antiTankGun"
        },
        "way": {}
      },
      {
        "name": "t1_antiTankGun02",
        "tm": [
          [
            0.712372,
            0.0,
            -0.701801
          ],
          [
            0.0,
            1.0,
            0.0
          ],
          [
            0.701801,
            0.0,
            0.712372
          ],
          [
            1631.44,
            68.1869,
            3089.2
          ]
        ],
        "unit_class": "germ_at_gun_pak40",
        "objLayer": 1,
        "closed_waypoints": false,
        "isShipSpline": false,
        "shipTurnRadius": 100.0,
        "weapons": "",
        "bullets0": "",
        "bullets1": "",
        "bullets2": "",
        "bullets3": "",
        "bulletsCount0": 0,
        "bulletsCount1": 0,
        "bulletsCount2": 0,
        "bulletsCount3": 0,
        "crewSkillK": 0.0,
        "applyAllMods": false,
        "props": {
          "army": 1,
          "count": 1,
          "formation_type": "rows",
          "formation_div": 3,
          "formation_step": [
            2.5,
            2.0
          ],
          "formation_noise": [
            0.1,
            0.1
          ],
          "uniqueName": "",
          "attack_type": "fire_at_will",
          "unitReplacementType": "antiTankGun"
        },
        "way": {}
      },
      {
        "name": "t1_antiTankGun03",
        "tm": [
          [
            0.815379,
            0.0,
            -0.578925
          ],
          [
            0.0,
            1.0,
            0.0
          ],
          [
            0.578925,
            0.0,
            0.815379
          ],
          [
            1581.72,
            67.4838,
            3049.74
          ]
        ],
        "unit_class": "germ_at_gun_pak40",
        "objLayer": 1,
        "closed_waypoints": false,
        "isShipSpline": false,
        "shipTurnRadius": 100.0,
        "weapons": "",
        "bullets0": "",
        "bullets1": "",
        "bullets2": "",
        "bullets3": "",
        "bulletsCount0": 0,
        "bulletsCount1": 0,
        "bulletsCount2": 0,
        "bulletsCount3": 0,
        "crewSkillK": 0.0,
        "applyAllMods": false,
        "props": {
          "army": 1,
          "count": 1,
          "formation_type": "rows",
          "formation_div": 3,
          "formation_step": [
            2.5,
            2.0
          ],
          "formation_noise": [
            0.1,
            0.1
          ],
          "uniqueName": "",
          "attack_type": "fire_at_will",
          "unitReplacementType": "antiTankGun"
        },
        "way": {}
      },
      {
        "name": "t1_antiTankGun04",
        "tm": [
          [
            0.788969,
            0.0,
            -0.614433
          ],
          [
            0.0,
            1.0,
            0.0
          ],
          [
            0.614433,
            0.0,
            0.788969
          ],
          [
            1562.54,
            67.2639,
            3036.65
          ]
        ],
        "unit_class": "germ_at_gun_pak40",
        "objLayer": 1,
        "closed_waypoints": false,
        "isShipSpline": false,
        "shipTurnRadius": 100.0,
        "weapons": "",
        "bullets0": "",
        "bullets1": "",
        "bullets2": "",
        "bullets3": "",
        "bulletsCount0": 0,
        "bulletsCount1": 0,
        "bulletsCount2": 0,
        "bulletsCount3": 0,
        "crewSkillK": 0.0,
        "applyAllMods": false,
        "props": {
          "army": 1,
          "count": 1,
          "formation_type": "rows",
          "formation_div": 3,
          "formation_step": [
            2.5,
            2.0
          ],
          "formation_noise": [
            0.1,
            0.1
          ],
          "uniqueName": "",
          "attack_type": "fire_at_will",
          "unitReplacementType": "antiTankGun"
        },
        "way": {}
      },
      {
        "name": "t1_antiTankGun05",
        "tm": [
          [
            0.789577,
            0.0,
            -0.61365
          ],
          [
            0.0,
            1.0,
            0.0
          ],
          [
            0.61365,
            0.0,
            0.789577
          ],
          [
            1548.49,
            68.0038,
            3002.0
          ]
        ],
        "unit_class": "germ_at_gun_pak40",
        "objLayer": 1,
        "closed_waypoints": false,
        "isShipSpline": false,
        "shipTurnRadius": 100.0,
        "weapons": "",
        "bullets0": "",
        "bullets1": "",
        "bullets2": "",
        "bullets3": "",
        "bulletsCount0": 0,
        "bulletsCount1": 0,
        "bulletsCount2": 0,
        "bulletsCount3": 0,
        "crewSkillK": 0.0,
        "applyAllMods": false,
        "props": {
          "army": 1,
          "count": 1,
          "formation_type": "rows",
          "formation_div": 3,
          "formation_step": [
            2.5,
            2.0
          ],
          "formation_noise": [
            0.1,
            0.1
          ],
          "uniqueName": "",
          "attack_type": "fire_at_will",
          "unitReplacementType": "antiTankGun"
        },
        "way": {}
      },
      {
        "name": "t1_antiTankGun06",
        "tm": [
          [
            0.565266,
            0.0,
            -0.824908
          ],
          [
            0.0,
            1.0,
            0.0
          ],
          [
            0.824908,
            0.0,
            0.565266
          ],
          [
            1272.55,
            61.2173,
            3075.06
          ]
        ],
        "unit_class": "germ_at_gun_pak40",
        "objLayer": 1,
        "closed_waypoints": false,
        "isShipSpline": false,
        "shipTurnRadius": 100.0,
        "weapons": "",
        "bullets0": "",
        "bullets1": "",
        "bullets2": "",
        "bullets3": "",
        "bulletsCount0": 0,
        "bulletsCount1": 0,
        "bulletsCount2": 0,
        "bulletsCount3": 0,
        "crewSkillK": 0.0,
        "applyAllMods": false,
        "props": {
          "army": 1,
          "count": 1,
          "formation_type": "rows",
          "formation_div": 3,
          "formation_step": [
            2.5,
            2.0
          ],
          "formation_noise": [
            0.1,
            0.1
          ],
          "uniqueName": "",
          "attack_type": "fire_at_will",
          "unitReplacementType": "antiTankGun"
        },
        "way": {}
      },
      {
        "name": "t1_antiTankGun07",
        "tm": [
          [
            0.496794,
            0.0,
            -0.867867
          ],
          [
            0.0,
            1.0,
            0.0
          ],
          [
            0.867867,
            0.0,
            0.496794
          ],
          [
            1256.62,
            61.8864,
            3055.01
          ]
        ],
        "unit_class": "germ_at_gun_pak40",
        "objLayer": 1,
        "closed_waypoints": false,
        "isShipSpline": false,
        "shipTurnRadius": 100.0,
        "weapons": "",
        "bullets0": "",
        "bullets1": "",
        "bullets2": "",
        "bullets3": "",
        "bulletsCount0": 0,
        "bulletsCount1": 0,
        "bulletsCount2": 0,
        "bulletsCount3": 0,
        "crewSkillK": 0.0,
        "applyAllMods": false,
        "props": {
          "army": 1,
          "count": 1,
          "formation_type": "rows",
          "formation_div": 3,
          "formation_step": [
            2.5,
            2.0
          ],
          "formation_noise": [
            0.1,
            0.1
          ],
          "uniqueName": "",
          "attack_type": "fire_at_will",
          "unitReplacementType": "antiTankGun"
        },
        "way": {}
      },
      {
        "name": "t1_antiTankGun08",
        "tm": [
          [
            0.579842,
            0.0,
            -0.814729
          ],
          [
            0.0,
            1.0,
            0.0
          ],
          [
            0.814729,
            0.0,
            0.579842
          ],
          [
            1230.91,
            61.9881,
            3026.96
          ]
        ],
        "unit_class": "germ_at_gun_pak40",
        "objLayer": 1,
        "closed_waypoints": false,
        "isShipSpline": false,
        "shipTurnRadius": 100.0,
        "weapons": "",
        "bullets0": "",
        "bullets1": "",
        "bullets2": "",
        "bullets3": "",
        "bulletsCount0": 0,
        "bulletsCount1": 0,
        "bulletsCount2": 0,
        "bulletsCount3": 0,
        "crewSkillK": 0.0,
        "applyAllMods": false,
        "props": {
          "army": 1,
          "count": 1,
          "formation_type": "rows",
          "formation_div": 3,
          "formation_step": [
            2.5,
            2.0
          ],
          "formation_noise": [
            0.1,
            0.1
          ],
          "uniqueName": "",
          "attack_type": "fire_at_will",
          "unitReplacementType": "antiTankGun"
        },
        "way": {}
      },
      {
        "name": "t1_antiTankGun09",
        "tm": [
          [
            0.513872,
            0.0,
            -0.857867
          ],
          [
            0.0,
            1.0,
            0.0
          ],
          [
            0.857867,
            0.0,
            0.513872
          ],
          [
            1216.36,
            61.5103,
            3013.19
          ]
        ],
        "unit_class": "germ_at_gun_pak40",
        "objLayer": 1,
        "closed_waypoints": false,
        "isShipSpline": false,
        "shipTurnRadius": 100.0,
        "weapons": "",
        "bullets0": "",
        "bullets1": "",
        "bullets2": "",
        "bullets3": "",
        "bulletsCount0": 0,
        "bulletsCount1": 0,
        "bulletsCount2": 0,
        "bulletsCount3": 0,
        "crewSkillK": 0.0,
        "applyAllMods": false,
        "props": {
          "army": 1,
          "count": 1,
          "formation_type": "rows",
          "formation_div": 3,
          "formation_step": [
            2.5,
            2.0
          ],
          "formation_noise": [
            0.1,
            0.1
          ],
          "uniqueName": "",
          "attack_type": "fire_at_will",
          "unitReplacementType": "antiTankGun"
        },
        "way": {}
      },
      {
        "name": "t1_antiTankGun10",
        "tm": [
          [
            0.76208,
            0.0,
            -0.647482
          ],
          [
            0.0,
            1.0,
            0.0
          ],
          [
            0.647482,
            0.0,
            0.76208
          ],
          [
            709.082,
            58.1997,
            2845.51
          ]
        ],
        "unit_class": "germ_at_gun_pak40",
        "objLayer": 1,
        "closed_waypoints": false,
        "isShipSpline": false,
        "shipTurnRadius": 100.0,
        "weapons": "",
        "bullets0": "",
        "bullets1": "",
        "bullets2": "",
        "bullets3": "",
        "bulletsCount0": 0,
        "bulletsCount1": 0,
        "bulletsCount2": 0,
        "bulletsCount3": 0,
        "crewSkillK": 0.0,
        "applyAllMods": false,
        "props": {
          "army": 1,
          "count": 1,
          "formation_type": "rows",
          "formation_div": 3,
          "formation_step": [
            2.5,
            2.0
          ],
          "formation_noise": [
            0.1,
            0.1
          ],
          "uniqueName": "",
          "attack_type": "fire_at_will",
          "unitReplacementType": "antiTankGun"
        },
        "way": {}
      },
      {
        "name": "t1_antiTankGun11",
        "tm": [
          [
            0.886824,
            0.0,
            -0.462105
          ],
          [
            0.0,
            1.0,
            0.0
          ],
          [
            0.462105,
            0.0,
            0.886824
