{
  "selected_tag": "",
  "bin_dump_file": "",
  "mission_settings": {
    "player": {
      "army": 1,
      "wing": ""
    },
    "player_teamB": {
      "army": 2
    },
    "mission": {
      "type": "singleMission",
      "level": "levels/water.bin",
      "restoreType": "attempts",
      "optionalTakeOff": false,
      "environment": "Day",
      "weather": "hazy"
    },
    "spectator_points": []
  },
  "imports": [],
  "triggers": {
    "isCategory": true,
    "is_enabled": true,
    "flt_tank_part_init": {
      "is_enabled": true,
      "comments": "",
      "props": {
        "actionsType": "PERFORM_ONE_BY_ONE",
        "conditionsType": "ALL",
        "enableAfterComplete": false
      },
      "events": {
        "periodicEvent": {
          "time": 1.0
        }
      },
      "conditions": [],
      "actions": {
        "varSetInt": {
          "value": 52,
          "var": "flt_tank_spots_num"
        }
      },
      "else_actions": []
    }
  },
  "mission_objectives": {
    "isCategory": true,
    "is_enabled": true
  },
  "variables": [],
  "dialogs": [],
  "airfields": [],
  "effects": [],
  "units": [],
  "areas": {
    "flt_tank_spot_01": {
      "type": "Point",
      "tm": [
        [-0.011079,0.0,0.999939],
        [0.0,1.0,0.0],
        [-0.999939,0.0,-0.011079],
        [13976.0,96.0393,-20530.4]
      ],
      "objLayer": 0,
      "props": []
    },
    "flt_tank_spot_02": {
      "type": "Point",
      "tm": [
        [-0.967012,0.0,0.254731],
        [0.0,1.0,0.0],
        [-0.254731,0.0,-0.967012],
        [13557.8,14.7076,-20892.3]
      ],
      "objLayer": 0,
      "props": []
    },
    "flt_tank_spot_03": {
      "type": "Point",
      "tm": [
        [-0.0929755,0.0,0.995668],
        [0.0,1.0,0.0],
        [-0.995668,0.0,-0.0929755],
        [3921.5,115.336,-15480.1]
      ],
      "objLayer": 0,
      "props": []
    },
    "flt_tank_spot_04": {
      "type": "Point",
      "tm": [
        [-0.650989,0.0,-0.759087],
        [0.0,1.0,0.0],
        [0.759087,0.0,-0.650989],
        [4056.38,118.863,-15484.9]
      ],
      "objLayer": 0,
      "props": []
    },
    "flt_tank_spot_05": {
      "type": "Point",
      "tm": [
        [0.57928,0.0,-0.815129],
        [0.0,1.0,0.0],
        [0.815129,0.0,0.57928],
        [-4429.84,139.85,-21294.1]
      ],
      "objLayer": 0,
      "props": []
    },
    "flt_tank_spot_06": {
      "type": "Point",
      "tm": [
        [0.825336,0.0,-0.564642],
        [0.0,1.0,0.0],
        [0.564642,0.0,0.825336],
        [-4479.02,135.827,-20932.7]
      ],
      "objLayer": 0,
      "props": []
    },
    "flt_tank_spot_07": {
      "type": "Point",
      "tm": [
        [0.219619,0.0,0.975586],
        [0.0,1.0,0.0],
        [-0.975586,0.0,0.219619],
        [-16661.9,120.193,-18044.6]
      ],
      "objLayer": 0,
      "props": []
    },
    "flt_tank_spot_08": {
      "type": "Point",
      "tm": [
        [0.457355,0.0,-0.889284],
        [0.0,1.0,0.0],
        [0.889284,0.0,0.457355],
        [-16652.1,132.526,-18137.2]
      ],
      "objLayer": 0,
      "props": []
    },
    "flt_tank_spot_09": {
      "type": "Point",
      "tm": [
        [-0.699234,0.0,0.714893],
        [0.0,1.0,0.0],
        [-0.714893,0.0,-0.699234],
        [17001.0,34.3843,-14407.2]
      ],
      "objLayer": 0,
      "props": []
    },
    "flt_tank_spot_10": {
      "type": "Point",
      "tm": [
        [-0.988761,0.0,-0.149507],
        [0.0,1.0,0.0],
        [0.149507,0.0,-0.988761],
        [16630.8,20.7822,-14834.2]
      ],
      "objLayer": 0,
      "props": []
    },
    "flt_tank_spot_11": {
      "type": "Point",
      "tm": [
        [-0.977417,0.0,0.211319],
        [0.0,1.0,0.0],
        [-0.211319,0.0,-0.977417],
        [17528.2,12.8489,-11729.4]
      ],
      "objLayer": 0,
      "props": []
    },
    "flt_tank_spot_12": {
      "type": "Point",
      "tm": [
        [0.205669,0.0,-0.978622],
        [0.0,1.0,0.0],
        [0.978622,0.0,0.205669],
        [17786.3,62.6037,-11496.7]
      ],
      "objLayer": 0,
      "props": []
    },
    "flt_tank_spot_13": {
      "type": "Point",
      "tm": [
        [-0.00679969,0.0,0.999977],
        [0.0,1.0,0.0],
        [-0.999977,0.0,-0.00679969],
        [12658.2,71.4943,-4937.27]
      ],
      "objLayer": 0,
      "props": []
    },
    "flt_tank_spot_14": {
      "type": "Point",
      "tm": [
        [-0.163199,0.0,-0.986593],
        [0.0,1.0,0.0],
        [0.986593,0.0,-0.163199],
        [12126.2,65.185,-4708.45]
      ],
      "objLayer": 0,
      "props": []
    },
    "flt_tank_spot_15": {
      "type": "Point",
      "tm": [
        [-0.946862,0.0,0.321639],
        [0.0,1.0,0.0],
        [-0.321639,0.0,-0.946862],
        [5915.77,5.45831,-7908.1]
      ],
      "objLayer": 0,
      "props": []
    },
    "flt_tank_spot_16": {
      "type": "Point",
      "tm": [
        [1.0,0.0,0.0],
        [0.0,1.0,0.0],
        [0.0,0.0,1.0],
        [5759.65,25.7533,-8344.47]
      ],
      "objLayer": 0,
      "props": []
    },
    "flt_tank_spot_17": {
      "type": "Point",
      "tm": [
        [-0.990305,0.0,-0.138913],
        [0.0,1.0,0.0],
        [0.138913,0.0,-0.990305],
        [-8934.13,91.4695,-8674.65]
      ],
      "objLayer": 0,
      "props": []
    },
    "flt_tank_spot_18": {
      "type": "Point",
      "tm": [
        [0.163252,0.0,-0.986584],
        [0.0,1.0,0.0],
        [0.986584,0.0,0.163252],
        [-9254.42,90.2525,-8641.66]
      ],
      "objLayer": 0,
      "props": []
    },
    "flt_tank_spot_19": {
      "type": "Point",
      "tm": [
        [-0.998554,0.0,-0.0537676],
        [0.0,1.0,0.0],
        [0.0537676,0.0,-0.998554],
        [-19080.1,187.959,-4628.0]
      ],
      "objLayer": 0,
      "props": []
    },
    "flt_tank_spot_20": {
      "type": "Point",
      "tm": [
        [0.196231,0.0,-0.980558],
        [0.0,1.0,0.0],
        [0.980558,0.0,0.196231],
        [-19203.4,183.666,-4656.11]
      ],
      "objLayer": 0,
      "props": []
    },
    "flt_tank_spot_21": {
      "type": "Point",
      "tm": [
        [1.0,0.0,0.0],
        [0.0,1.0,0.0],
        [0.0,0.0,1.0],
        [-2947.46,6.39609,-396.707]
      ],
      "objLayer": 0,
      "props": []
    },
    "flt_tank_spot_22": {
      "type": "Point",
      "tm": [
        [-0.138507,0.0,-0.990361],
        [0.0,1.0,0.0],
        [0.990361,0.0,-0.138507],
        [-2508.11,15.4325,-410.387]
      ],
      "objLayer": 0,
      "props": []
    },
    "flt_tank_spot_23": {
      "type": "Point",
      "tm": [
        [0.278782,0.0,-0.960354],
        [0.0,1.0,0.0],
        [0.960354,0.0,0.278782],
        [-2656.74,27.3406,2410.55]
      ],
      "objLayer": 0,
      "props": []
    },
    "flt_tank_spot_24": {
      "type": "Point",
      "tm": [
        [-0.995574,0.0,-0.0939852],
        [0.0,1.0,0.0],
        [0.0939852,0.0,-0.995574],
        [-3298.54,19.2087,2371.48]
      ],
      "objLayer": 0,
      "props": []
    },
    "flt_tank_spot_25": {
      "type": "Point",
      "tm": [
        [-0.963378,0.0,0.268146],
        [0.0,1.0,0.0],
        [-0.268146,0.0,-0.963378],
        [3215.99,5.36171,-1160.55]
      ],
      "objLayer": 0,
      "props": []
    },
    "flt_tank_spot_26": {
      "type": "Point",
      "tm": [
        [0.944739,0.0,-0.327824],
        [0.0,1.0,0.0],
        [0.327824,0.0,0.944739],
        [3252.98,24.8515,-940.816]
      ],
      "objLayer": 0,
      "props": []
    },
    "flt_tank_spot_27": {
      "type": "Point",
      "tm": [
        [-0.850474,0.0,-0.526017],
        [0.0,1.0,0.0],
        [0.526017,0.0,-0.850474],
        [6177.3,53.1661,-91.2267]
      ],
      "objLayer": 0,
      "props": []
    },
    "flt_tank_spot_28": {
      "type": "Point",
      "tm": [
        [0.095199,0.0,0.995458],
        [0.0,1.0,0.0],
        [-0.995458,0.0,0.095199],
        [6391.81,69.3463,153.889]
      ],
      "objLayer": 0,
      "props": []
    },
    "flt_tank_spot_29": {
      "type": "Point",
      "tm": [
        [0.682847,0.0,-0.730561],
        [0.0,1.0,0.0],
        [0.730561,0.0,0.682847],
        [11478.9,101.985,-200.504]
      ],
      "objLayer": 0,
      "props": []
    },
    "flt_tank_spot_30": {
      "type": "Point",
      "tm": [
        [-0.981916,0.0,0.189319],
        [0.0,1.0,0.0],
        [-0.189319,0.0,-0.981916],
        [11757.5,96.0652,29.0863]
      ],
      "objLayer": 0,
      "props": []
    },
    "flt_tank_spot_31": {
      "type": "Point",
      "tm": [
        [0.106933,0.0,-0.994266],
        [0.0,1.0,0.0],
        [0.994266,0.0,0.106933],
        [16418.4,169.8,3192.59]
      ],
      "objLayer": 0,
      "props": []
    },
    "flt_tank_spot_32": {
      "type": "Point",
      "tm": [
        [-0.0685223,0.0,-0.99765],
        [0.0,1.0,0.0],
        [0.99765,0.0,-0.0685223],
        [17009.2,170.944,3328.66]
      ],
      "objLayer": 0,
      "props": []
    },
    "flt_tank_spot_33": {
      "type": "Point",
      "tm": [
        [0.205495,0.0,-0.978658],
        [0.0,1.0,0.0],
        [0.978658,0.0,0.205495],
        [-14402.0,42.3776,2431.24]
      ],
      "objLayer": 0,
      "props": []
    },
    "flt_tank_spot_34": {
      "type": "Point",
      "tm": [
        [-0.163386,0.0,-0.986562],
        [0.0,1.0,0.0],
        [0.986562,0.0,-0.163386],
        [-14541.9,27.7369,2335.77]
      ],
      "objLayer": 0,
      "props": []
    },
    "flt_tank_spot_35": {
      "type": "Point",
      "tm": [
        [0.834199,0.0,-0.551463],
        [0.0,1.0,0.0],
        [0.551463,0.0,0.834199],
        [-19830.4,62.6083,9809.23]
      ],
      "objLayer": 0,
      "props": []
    },
    "flt_tank_spot_36": {
      "type": "Point",
      "tm": [
        [0.302225,0.0,-0.953237],
        [0.0,1.0,0.0],
        [0.953237,0.0,0.302225],
        [-20011.2,6.19566,10963.3]
      ],
      "objLayer": 0,
      "props": []
    },
    "flt_tank_spot_37": {
      "type": "Point",
      "tm": [
        [0.768409,0.0,-0.639959],
        [0.0,1.0,0.0],
        [0.639959,0.0,0.768409],
        [-9680.94,97.4184,6371.23]
      ],
      "objLayer": 0,
      "props": []
    },
    "flt_tank_spot_38": {
      "type": "Point",
      "tm": [
        [-0.0615857,0.0,0.998102],
        [0.0,1.0,0.0],
        [-0.998102,0.0,-0.0615857],
        [-10228.4,87.6359,6282.31]
      ],
      "objLayer": 0,
      "props": []
    },
    "flt_tank_spot_39": {
      "type": "Point",
      "tm": [
        [-0.677206,0.0,0.735794],
        [0.0,1.0,0.0],
        [-0.735794,0.0,-0.677206],
        [-8710.21,176.769,14758.8]
      ],
      "objLayer": 0,
      "props": []
    },
    "flt_tank_spot_40": {
      "type": "Point",
      "tm": [
        [-0.856893,0.0,-0.515494],
        [0.0,1.0,0.0],
        [0.515494,0.0,-0.856893],
        [-8981.38,176.83,14660.8]
      ],
      "objLayer": 0,
      "props": []
    },
    "flt_tank_spot_41": {
      "type": "Point",
      "tm": [
        [1.0,0.0,0.0],
        [0.0,1.0,0.0],
        [0.0,0.0,1.0],
        [-2619.93,93.365,19967.6]
      ],
      "objLayer": 0,
      "props": []
    },
    "flt_tank_spot_42": {
      "type": "Point",
      "tm": [
        [0.0572072,0.0,-0.998362],
        [0.0,1.0,0.0],
        [0.998362,0.0,0.0572072],
        [-2848.16,115.121,20123.6]
      ],
      "objLayer": 0,
      "props": []
    },
    "flt_tank_spot_43": {
      "type": "Point",
      "tm": [
        [-0.998217,0.0,0.0596871],
        [0.0,1.0,0.0],
        [-0.0596871,0.0,-0.998217],
        [10195.9,194.736,25094.6]
      ],
      "objLayer": 0,
      "props": []
    },
    "flt_tank_spot_44": {
      "type": "Point",
      "tm": [
        [1.0,0.0,0.0],
        [0.0,1.0,0.0],
        [0.0,0.0,1.0],
        [10287.8,204.374,24682.5]
      ],
      "objLayer": 0,
      "props": []
    },
    "flt_tank_spot_45": {
      "type": "Point",
      "tm": [
        [-0.876696,0.0,-0.481045],
        [0.0,1.0,0.0],
        [0.481045,0.0,-0.876696],
        [6372.32,194.125,14983.1]
      ],
      "objLayer": 0,
      "props": []
    },
    "flt_tank_spot_46": {
      "type": "Point",
      "tm": [
        [-0.911074,0.0,0.412242],
        [0.0,1.0,0.0],
        [-0.412242,0.0,-0.911074],
        [6028.9,192.108,14666.3]
      ],
      "objLayer": 0,
      "props": []
    },
    "flt_tank_spot_47": {
      "type": "Point",
      "tm": [
        [0.197407,0.0,0.980322],
        [0.0,1.0,0.0],
        [-0.980322,0.0,0.197407],
        [5718.3,59.871,12738.3]
      ],
      "objLayer": 0,
      "props": []
    },
    "flt_tank_spot_48": {
      "type": "Point",
      "tm": [
        [-0.607932,0.0,-0.793989],
        [0.0,1.0,0.0],
        [0.793989,0.0,-0.607932],
        [5600.57,46.056,12529.7]
      ],
      "objLayer": 0,
      "props": []
    },
    "flt_tank_spot_49": {
      "type": "Point",
      "tm": [
        [0.955574,0.0,0.294752],
        [0.0,1.0,0.0],
        [-0.294752,0.0,0.955574],
        [17190.6,13.6716,11038.2]
      ],
      "objLayer": 0,
      "props": []
    },
    "flt_tank_spot_50": {
      "type": "Point",
      "tm": [
        [0.830119,0.0,0.557586],
        [0.0,1.0,0.0],
        [-0.557586,0.0,0.830119],
        [17211.4,16.7553,11486.9]
      ],
      "objLayer": 0,
      "props": []
    },
    "flt_tank_spot_51": {
      "type": "Point",
      "tm": [
        [-0.54175,0.0,-0.84054],
        [0.0,1.0,0.0],
        [0.84054,0.0,-0.54175],
        [-17825.7,84.7261,22961.9]
      ],
      "objLayer": 0,
      "props": []
    },
    "flt_tank_spot_52": {
      "type": "Point",
      "tm": [
        [-0.311949,0.0,0.950099],
        [0.0,1.0,0.0],
        [-0.950099,0.0,-0.311949],
        [-17951.9,51.3451,22724.6]
      ],
      "objLayer": 0,
      "props": []
    }
  },
  "objLayers": [
    {
      "layer": {
        "enabled": true
      }
    },
    {
      "layer": {
        "enabled": true
      }
    },
    {
      "layer": {
        "enabled": true
      }
    },
    {
      "layer": {
        "enabled": true
      }
    }
  ],
  "wayPoints": {
    "flt_tank_road_01": {
      "closed_waypoints": false,
      "isShipSpline": false,
      "shipTurnRadius": 100.0,
      "way": {
        "flt_tank_road_01_wp_01": {
          "type": "normal",
          "tm": [
            [1.0,0.0,0.0],
            [0.0,1.0,0.0],
            [0.0,0.0,1.0],
            [13976.6,95.5577,-20520.0]
          ],
          "props": {
            "speed": 30.0,
            "tas": false,
            "moveType": "GATHER_TO",
            "shouldKeepFormation": false,
            "canUsePathFinder": false
          }
        },
        "flt_tank_road_01_wp_02": {
          "type": "normal",
          "tm": [
            [1.0,0.0,0.0],
            [0.0,1.0,0.0],
            [0.0,0.0,1.0],
            [13668.1,46.5506,-20269.0]
          ],
          "props": {
            "speed": 30.0,
            "tas": false,
            "moveType": "USE_SPLINES",
            "shouldKeepFormation": false,
            "canUsePathFinder": false
          }
        },
        "flt_tank_road_01_wp_03": {
          "type": "normal",
          "tm": [
            [1.0,0.0,0.0],
            [0.0,1.0,0.0],
            [0.0,0.0,1.0],
            [13515.0,18.0888,-20691.4]
          ],
          "props": {
            "speed": 30.0,
            "tas": false,
            "moveType": "USE_SPLINES",
            "shouldKeepFormation": false,
            "canUsePathFinder": false
          }
        },
        "flt_tank_road_01_wp_04": {
          "type": "normal",
          "tm": [
            [1.0,0.0,0.0],
            [0.0,1.0,0.0],
            [0.0,0.0,1.0],
            [13668.1,46.575,-20269.3]
          ],
          "props": {
            "speed": 30.0,
            "tas": false,
            "moveType": "USE_SPLINES",
            "shouldKeepFormation": false,
            "canUsePathFinder": false
          }
        },
        "flt_tank_road_01_wp_05": {
          "type": "normal",
          "tm": [
            [1.0,0.0,0.0],
            [0.0,1.0,0.0],
            [0.0,0.0,1.0],
            [13514.7,18.0387,-20691.4]
          ],
          "props": {
            "speed": 30.0,
            "tas": false,
            "moveType": "USE_SPLINES",
            "shouldKeepFormation": false,
            "canUsePathFinder": false
          }
        },
        "flt_tank_road_01_wp_06": {
          "type": "normal",
          "tm": [
            [1.0,0.0,0.0],
            [0.0,1.0,0.0],
            [0.0,0.0,1.0],
            [13537.0,13.8079,-20809.1]
          ],
          "props": {
            "speed": 30.0,
            "tas": false,
            "moveType": "USE_SPLINES",
            "shouldKeepFormation": false,
            "canUsePathFinder": false
          }
        },
        "flt_tank_road_01_wp_07": {
          "type": "normal",
          "tm": [
            [1.0,0.0,0.0],
            [0.0,1.0,0.0],
            [0.0,0.0,1.0],
            [13974.4,100.081,-20613.0]
          ],
          "props": {
            "speed": 30.0,
            "tas": false,
            "moveType": "USE_SPLINES",
            "shouldKeepFormation": false,
            "canUsePathFinder": false
          }
        },
        "flt_tank_road_01_wp_08": {
          "type": "normal",
          "tm": [
            [1.0,0.0,0.0],
            [0.0,1.0,0.0],
            [0.0,0.0,1.0],
            [13668.1,46.5516,-20269.1]
          ],
          "props": {
            "speed": 30.0,
            "tas": false,
            "moveType": "USE_SPLINES",
            "shouldKeepFormation": false,
            "canUsePathFinder": false
          }
        },
        "flt_tank_road_01_wp_09": {
          "type": "normal",
          "tm": [
            [1.0,0.0,0.0],
            [0.0,1.0,0.0],
            [0.0,0.0,1.0],
            [15010.3,160.545,-16558.1]
          ],
          "props": {
            "speed": 30.0,
            "tas": false,
            "moveType": "USE_SPLINES",
            "shouldKeepFormation": false,
            "canUsePathFinder": false
          }
        },
        "flt_tank_road_01_wp_10": {
          "type": "normal",
          "tm": [
            [1.0,0.0,0.0],
            [0.0,1.0,0.0],
            [0.0,0.0,1.0],
            [16617.8,22.2931,-14836.7]
          ],
          "props": {
            "speed": 30.0,
            "tas": false,
            "moveType": "USE_SPLINES",
            "shouldKeepFormation": false,
            "canUsePathFinder": false
          }
        },
        "flt_tank_road_01_wp_11": {
          "type": "normal",
          "tm": [
            [1.0,0.0,0.0],
            [0.0,1.0,0.0],
            [0.0,0.0,1.0],
            [16650.4,8.21846,-14715.3]
          ],
          "props": {
            "speed": 30.0,
            "tas": false,
            "moveType": "USE_SPLINES",
            "shouldKeepFormation": false,
            "canUsePathFinder": false
          }
        },
        "flt_tank_road_01_wp_12": {
          "type": "normal",
          "tm": [
            [1.0,0.0,0.0],
            [0.0,1.0,0.0],
            [0.0,0.0,1.0],
            [16450.8,39.0959,-14678.4]
          ],
          "props": {
            "speed": 30.0,
            "tas": false,
            "moveType": "USE_SPLINES",
            "shouldKeepFormation": false,
            "canUsePathFinder": false
          }
        },
        "flt_tank_road_01_wp_13": {
          "type": "normal",
          "tm": [
            [1.0,0.0,0.0],
            [0.0,1.0,0.0],
            [0.0,0.0,1.0],
            [15010.5,160.61,-16557.1]
          ],
          "props": {
            "speed": 30.0,
            "tas": false,
            "moveType": "USE_SPLINES",
            "shouldKeepFormation": false,
            "canUsePathFinder": false
          }
        },
        "flt_tank_road_01_wp_14": {
          "type": "normal",
          "tm": [
            [1.0,0.0,0.0],
            [0.0,1.0,0.0],
            [0.0,0.0,1.0],
            [13668.0,46.4437,-20267.7]
          ],
          "props": {
            "speed": 30.0,
            "tas": false,
            "moveType": "USE_SPLINES",
            "shouldKeepFormation": false,
            "canUsePathFinder": false
          }
        },
        "flt_tank_road_01_wp_15": {
          "type": "normal",
          "tm": [
            [1.0,0.0,0.0],
            [0.0,1.0,0.0],
            [0.0,0.0,1.0],
            [13367.7,24.5941,-19726.0]
          ],
          "props": {
            "speed": 30.0,
            "tas": false,
            "moveType": "MOVETO_STRAIGHT",
            "shouldKeepFormation": false,
            "canUsePathFinder": false
          }
        }
      }
    },
    "flt_tank_road_02": {
      "closed_waypoints": false,
      "isShipSpline": false,
      "shipTurnRadius": 100.0,
      "way": {
        "flt_tank_road_02_wp_01": {
          "type": "normal",
          "tm": [
            [1.0,0.0,0.0],
            [0.0,1.0,0.0],
            [0.0,0.0,1.0],
            [13548.8,14.2271,-20890.7]
          ],
          "props": {
            "speed": 30.0,
            "tas": false,
            "moveType": "GATHER_TO",
            "shouldKeepFormation": false,
            "canUsePathFinder": false
          }
        },
        "flt_tank_road_02_wp_02": {
          "type": "normal",
          "tm": [
            [1.0,0.0,0.0],
            [0.0,1.0,0.0],
            [0.0,0.0,1.0],
            [13536.3,13.7469,-20810.0]
          ],
          "props": {
            "speed": 30.0,
            "tas": false,
            "moveType": "USE_SPLINES",
            "shouldKeepFormation": false,
            "canUsePathFinder": false
          }
        },
        "flt_tank_road_02_wp_03": {
          "type": "normal",
          "tm": [
            [1.0,0.0,0.0],
            [0.0,1.0,0.0],
            [0.0,0.0,1.0],
            [13974.0,99.8947,-20609.8]
          ],
          "props": {
            "speed": 30.0,
            "tas": false,
            "moveType": "USE_SPLINES",
            "shouldKeepFormation": false,
            "canUsePathFinder": false
          }
        },
        "flt_tank_road_02_wp_04": {
          "type": "normal",
          "tm": [
            [1.0,0.0,0.0],
            [0.0,1.0,0.0],
            [0.0,0.0,1.0],
            [13536.8,13.7816,-20809.6]
          ],
          "props": {
            "speed": 30.0,
            "tas": false,
            "moveType": "USE_SPLINES",
            "shouldKeepFormation": false,
            "canUsePathFinder": false
          }
        },
        "flt_tank_road_02_wp_05": {
          "type": "normal",
          "tm": [
            [1.0,0.0,0.0],
            [0.0,1.0,0.0],
            [0.0,0.0,1.0],
            [13514.7,17.9618,-20692.2]
          ],
          "props": {
            "speed": 30.0,
            "tas": false,
            "moveType": "USE_SPLINES",
            "shouldKeepFormation": false,
            "canUsePathFinder": false
          }
        },
        "flt_tank_road_02_wp_06": {
          "type": "normal",
          "tm": [
            [1.0,0.0,0.0],
            [0.0,1.0,0.0],
            [0.0,0.0,1.0],
            [13667.4,46.572,-20270.1]
          ],
          "props": {
            "speed": 30.0,
            "tas": false,
            "moveType": "USE_SPLINES",
            "shouldKeepFormation": false,
            "canUsePathFinder": false
          }
        },
        "flt_tank_road_02_wp_07": {
          "type": "normal",
          "tm": [
            [1.0,0.0,0.0],
            [0.0,1.0,0.0],
            [0.0,0.0,1.0],
            [13514.0,17.9696,-20691.3]
          ],
          "props": {
            "speed": 30.0,
            "tas": false,
            "moveType": "USE_SPLINES",
            "shouldKeepFormation": false,
            "canUsePathFinder": false
          }
        },
        "flt_tank_road_02_wp_08": {
          "type": "normal",
          "tm": [
            [1.0,0.0,0.0],
            [0.0,1.0,0.0],
            [0.0,0.0,1.0],
            [13536.6,13.7946,-20808.5]
          ],
          "props": {
            "speed": 30.0,
            "tas": false,
            "moveType": "USE_SPLINES",
            "shouldKeepFormation": false,
            "canUsePathFinder": false
          }
        },
        "flt_tank_road_02_wp_09": {
          "type": "normal",
          "tm": [
            [1.0,0.0,0.0],
            [0.0,1.0,0.0],
            [0.0,0.0,1.0],
            [13974.1,99.8532,-20609.0]
          ],
          "props": {
            "speed": 30.0,
            "tas": false,
            "moveType": "USE_SPLINES",
            "shouldKeepFormation": false,
            "canUsePathFinder": false
          }
        },
        "flt_tank_road_02_wp_10": {
          "type": "normal",
          "tm": [
            [1.0,0.0,0.0],
            [0.0,1.0,0.0],
            [0.0,0.0,1.0],
            [13536.9,13.7826,-20810.0]
          ],
          "props": {
            "speed": 30.0,
            "tas": false,
            "moveType": "USE_SPLINES",
            "shouldKeepFormation": false,
            "canUsePathFinder": false
          }
        },
        "flt_tank_road_02_wp_11": {
          "type": "normal",
          "tm": [
            [1.0,0.0,0.0],
            [0.0,1.0,0.0],
            [0.0,0.0,1.0],
            [13513.9,17.8387,-20692.5]
          ],
          "props": {
            "speed": 30.0,
            "tas": false,
            "moveType": "USE_SPLINES",
            "shouldKeepFormation": false,
            "canUsePathFinder": false
          }
        },
        "flt_tank_road_02_wp_12": {
          "type": "normal",
          "tm": [
            [1.0,0.0,0.0],
            [0.0,1.0,0.0],
            [0.0,0.0,1.0],
            [13668.1,46.6754,-20270.6]
          ],
          "props": {
            "speed": 30.0,
            "tas": false,
            "moveType": "USE_SPLINES",
            "shouldKeepFormation": false,
            "canUsePathFinder": false
          }
        },
        "flt_tank_road_02_wp_13": {
          "type": "normal",
          "tm": [
            [1.0,0.0,0.0],
            [0.0,1.0,0.0],
            [0.0,0.0,1.0],
            [13974.2,99.8328,-20608.4]
          ],
          "props": {
            "speed": 30.0,
            "tas": false,
            "moveType": "USE_SPLINES",
            "shouldKeepFormation": false,
            "canUsePathFinder": false
          }
        },
        "flt_tank_road_02_wp_14": {
          "type": "normal",
          "tm": [
            [1.0,0.0,0.0],
            [0.0,1.0,0.0],
            [0.0,0.0,1.0],
            [14397.6,105.525,-20798.5]
          ],
          "props": {
            "speed": 30.0,
            "tas": false,
            "moveType": "MOVETO_STRAIGHT",
            "shouldKeepFormation": false,
            "canUsePathFinder": false
          }
        }
      }
    },
    "flt_tank_road_03": {
      "closed_waypoints": false,
      "isShipSpline": false,
      "shipTurnRadius": 100.0,
      "way": {
        "flt_tank_road_03_wp_01": {
          "type": "normal",
          "tm": [
            [1.0,0.0,0.0],
            [0.0,1.0,0.0],
            [0.0,0.0,1.0],
            [3921.0,115.236,-15474.7]
          ],
          "props": {
            "speed": 30.0,
            "tas": false,
            "moveType": "GATHER_TO",
            "shouldKeepFormation": false,
            "canUsePathFinder": false
          }
        },
        "flt_tank_road_03_wp_02": {
          "type": "normal",
          "tm": [
            [1.0,0.0,0.0],
            [0.0,1.0,0.0],
            [0.0,0.0,1.0],
            [3903.41,113.894,-15420.0]
          ],
          "props": {
            "speed": 30.0,
            "tas": false,
            "moveType": "USE_SPLINES",
            "shouldKeepFormation": false,
            "canUsePathFinder": false
          }
        },
        "flt_tank_road_03_wp_03": {
          "type": "normal",
          "tm": [
            [1.0,0.0,0.0],
            [0.0,1.0,0.0],
            [0.0,0.0,1.0],
            [4180.99,110.438,-15087.1]
          ],
          "props": {
            "speed": 30.0,
            "tas": false,
            "moveType": "USE_SPLINES",
            "shouldKeepFormation": false,
            "canUsePathFinder": false
          }
        },
        "flt_tank_road_03_wp_04": {
          "type": "normal",
          "tm": [
            [1.0,0.0,0.0],
            [0.0,1.0,0.0],
            [0.0,0.0,1.0],
            [4303.39,110.929,-15352.3]
          ],
          "props": {
            "speed": 30.0,
            "tas": false,
            "moveType": "USE_SPLINES",
            "shouldKeepFormation": false,
            "canUsePathFinder": false
          }
        },
        "flt_tank_road_03_wp_05": {
          "type": "normal",
          "tm": [
            [1.0,0.0,0.0],
            [0.0,1.0,0.0],
            [0.0,0.0,1.0],
            [4407.95,111.426,-15449.7]
          ],
          "props": {
            "speed": 30.0,
            "tas": false,
            "moveType": "USE_SPLINES",
            "shouldKeepFormation": false,
            "canUsePathFinder": false
          }
        },
        "flt_tank_road_03_wp_06": {
          "type": "normal",
          "tm": [
            [1.0,0.0,0.0],
            [0.0,1.0,0.0],
            [0.0,0.0,1.0],
            [4559.2,121.137,-15954.9]
          ],
          "props": {
            "speed": 30.0,
            "tas": false,
            "moveType": "USE_SPLINES",
            "shouldKeepFormation": false,
            "canUsePathFinder": false
          }
        },
        "flt_tank_road_03_wp_07": {
          "type": "normal",
          "tm": [
            [1.0,0.0,0.0],
            [0.0,1.0,0.0],
            [0.0,0.0,1.0],
            [4232.66,130.242,-16025.0]
          ],
          "props": {
            "speed": 30.0,
            "tas": false,
            "moveType": "USE_SPLINES",
            "shouldKeepFormation": false,
            "canUsePathFinder": false
          }
        },
        "flt_tank_road_03_wp_08": {
          "type": "normal",
          "tm": [
            [1.0,0.0,0.0],
            [0.0,1.0,0.0],
            [0.0,0.0,1.0],
            [3943.24,117.329,-15568.4]
          ],
          "props": {
            "speed": 30.0,
            "tas": false,
            "moveType": "USE_SPLINES",
            "shouldKeepFormation": false,
            "canUsePathFinder": false
          }
        },
        "flt_tank_road_03_wp_09": {
          "type": "normal",
          "tm": [
            [1.0,0.0,0.0],
            [0.0,1.0,0.0],
            [0.0,0.0,1.0],
            [3218.16,116.108,-16229.1]
          ],
          "props": {
            "speed": 30.0,
            "tas": false,
            "moveType": "USE_SPLINES",
            "shouldKeepFormation": false,
            "canUsePathFinder": false
          }
        },
        "flt_tank_road_03_wp_10": {
          "type": "normal",
          "tm": [
            [1.0,0.0,0.0],
            [0.0,1.0,0.0],
            [0.0,0.0,1.0],
            [4232.04,130.345,-16027.3]
          ],
          "props": {
            "speed": 30.0,
            "tas": false,
            "moveType": "USE_SPLINES",
            "shouldKeepFormation": false,
            "canUsePathFinder": false
          }
        },
        "flt_tank_road_03_wp_11": {
          "type": "normal",
          "tm": [
            [1.0,0.0,0.0],
            [0.0,1.0,0.0],
            [0.0,0.0,1.0],
            [3943.17,117.316,-15567.7]
          ],
          "props": {
            "speed": 30.0,
            "tas": false,
            "moveType": "USE_SPLINES",
            "shouldKeepFormation": false,
            "canUsePathFinder": false
          }
        },
        "flt_tank_road_03_wp_12": {
          "type": "normal",
          "tm": [
            [1.0,0.0,0.0],
            [0.0,1.0,0.0],
            [0.0,0.0,1.0],
            [3903.29,113.893,-15420.2]
          ],
          "props": {
            "speed": 30.0,
            "tas": false,
            "moveType": "USE_SPLINES",
            "shouldKeepFormation": false,
            "canUsePathFinder": false
          }
        },
        "flt_tank_road_03_wp_13": {
          "type": "normal",
          "tm": [
            [1.0,0.0,0.0],
            [0.0,1.0,0.0],
            [0.0,0.0,1.0],
            [2870.51,140.232,-14388.8]
          ],
          "props": {
            "speed": 30.0,
            "tas": false,
            "moveType": "USE_SPLINES",
            "shouldKeepFormation": false,
            "canUsePathFinder": false
          }
        },
        "flt_tank_road_03_wp_14": {
          "type": "normal",
          "tm": [
            [1.0,0.0,0.0],
            [0.0,1.0,0.0],
            [0.0,0.0,1.0],
            [3864.38,146.026,-13997.0]
          ],
          "props": {
            "speed": 30.0,
            "tas": false,
            "moveType": "USE_SPLINES",
            "shouldKeepFormation": false,
            "canUsePathFinder": false
          }
        },
        "flt_tank_road_03_wp_15": {
          "type": "normal",
          "tm": [
            [1.0,0.0,0.0],
            [0.0,1.0,0.0],
            [0.0,0.0,1.0],
            [4190.86,109.942,-15045.5]
          ],
          "props": {
            "speed": 30.0,
            "tas": false,
            "moveType": "USE_SPLINES",
            "shouldKeepFormation": false,
            "canUsePathFinder": false
          }
        },
        "flt_tank_road_03_wp_16": {
          "type": "normal",
          "tm": [
            [1.0,0.0,0.0],
            [0.0,1.0,0.0],
            [0.0,0.0,1.0],
            [4867.6,112.748,-14984.7]
          ],
          "props": {
            "speed": 30.0,
            "tas": false,
            "moveType": "MOVETO_STRAIGHT",
            "shouldKeepFormation": false,
            "canUsePathFinder": false
          }
        }
      }
    },
    "flt_tank_road_04": {
      "closed_waypoints": false,
      "isShipSpline": false,
      "shipTurnRadius": 100.0,
      "way": {
        "flt_tank_road_04_wp_01": {
          "type": "normal",
          "tm": [
            [1.0,0.0,0.0],
            [0.0,1.0,0.0],
            [0.0,0.0,1.0],
            [4050.54,118.878,-15491.3]
          ],
          "props": {
            "speed": 30.0,
            "tas": false,
            "moveType": "GATHER_TO",
            "shouldKeepFormation": false,
            "canUsePathFinder": false
          }
        },
        "flt_tank_road_04_wp_02": {
          "type": "normal",
          "tm": [
            [1.0,0.0,0.0],
            [0.0,1.0,0.0],
            [0.0,0.0,1.0],
            [3942.98,117.324,-15568.5]
          ],
          "props": {
            "speed": 30.0,
            "tas": false,
            "moveType": "USE_SPLINES",
            "shouldKeepFormation": false,
            "canUsePathFinder": false
          }
        },
        "flt_tank_road_04_wp_03": {
          "type": "normal",
          "tm": [
            [1.0,0.0,0.0],
            [0.0,1.0,0.0],
            [0.0,0.0,1.0],
            [3218.2,116.108,-16229.0]
          ],
          "props": {
            "speed": 30.0,
            "tas": false,
            "moveType": "USE_SPLINES",
            "shouldKeepFormation": false,
            "canUsePathFinder": false
          }
        },
        "flt_tank_road_04_wp_04": {
          "type": "normal",
          "tm": [
            [1.0,0.0,0.0],
            [0.0,1.0,0.0],
            [0.0,0.0,1.0],
            [4233.87,130.278,-16027.3]
          ],
          "props": {
            "speed": 30.0,
            "tas": false,
            "moveType": "USE_SPLINES",
            "shouldKeepFormation": false,
            "canUsePathFinder": false
          }
        },
        "flt_tank_road_04_wp_05": {
          "type": "normal",
          "tm": [
            [1.0,0.0,0.0],
            [0.0,1.0,0.0],
            [0.0,0.0,1.0],
            [4557.79,121.157,-15956.5]
          ],
          "props": {
            "speed": 30.0,
            "tas": false,
            "moveType": "USE_SPLINES",
            "shouldKeepFormation": false,
            "canUsePathFinder": false
          }
        },
        "flt_tank_road_04_wp_06": {
          "type": "normal",
          "tm": [
            [1.0,0.0,0.0],
            [0.0,1.0,0.0],
            [0.0,0.0,1.0],
            [4409.68,111.613,-15451.1]
          ],
          "props": {
            "speed": 30.0,
            "tas": false,
            "moveType": "USE_SPLINES",
            "shouldKeepFormation": false,
            "canUsePathFinder": false
          }
        },
        "flt_tank_road_04_wp_07": {
          "type": "normal",
          "tm": [
            [1.0,0.0,0.0],
            [0.0,1.0,0.0],
            [0.0,0.0,1.0],
            [4303.64,110.937,-15353.7]
          ],
          "props": {
            "speed": 30.0,
            "tas": false,
            "moveType": "USE_SPLINES",
            "shouldKeepFormation": false,
            "canUsePathFinder": false
          }
        },
        "flt_tank_road_04_wp_08": {
          "type": "normal",
          "tm": [
            [1.0,0.0,0.0],
            [0.0,1.0,0.0],
            [0.0,0.0,1.0],
            [4178.54,110.497,-15089.9]
          ],
          "props": {
            "speed": 30.0,
            "tas": false,
            "moveType": "USE_SPLINES",
            "shouldKeepFormation": false,
            "canUsePathFinder": false
          }
        },
        "flt_tank_road_04_wp_09": {
          "type": "normal",
          "tm": [
            [1.0,0.0,0.0],
            [0.0,1.0,0.0],
            [0.0,0.0,1.0],
            [4189.37,110.007,-15050.7]
          ],
          "props": {
            "speed": 30.0,
            "tas": false,
            "moveType": "USE_SPLINES",
            "shouldKeepFormation": false,
            "canUsePathFinder": false
          }
        },
        "flt_tank_road_04_wp_10": {
          "type": "normal",
          "tm": [
            [1.0,0.0,0.0],
            [0.0,1.0,0.0],
            [0.0,0.0,1.0],
            [4407.74,111.4,-15449.4]
          ],
          "props": {
            "speed": 30.0,
            "tas": false,
            "moveType": "USE_SPLINES",
            "shouldKeepFormation": false,
            "canUsePathFinder": false
          }
        },
        "flt_tank_road_04_wp_11": {
          "type": "normal",
          "tm": [
            [1.0,0.0,0.0],
            [0.0,1.0,0.0],
            [0.0,0.0,1.0],
            [4560.2,121.233,-15958.6]
          ],
          "props": {
            "speed": 30.0,
            "tas": false,
            "moveType": "USE_SPLINES",
            "shouldKeepFormation": false,
            "canUsePathFinder": false
          }
        },
        "flt_tank_road_04_wp_12": {
          "type": "normal",
          "tm": [
            [1.0,0.0,0.0],
            [0.0,1.0,0.0],
            [0.0,0.0,1.0],
            [4231.78,130.387,-16028.2]
          ],
          "props": {
            "speed": 30.0,
            "tas": false,
            "moveType": "USE_SPLINES",
            "shouldKeepFormation": false,
            "canUsePathFinder": false
          }
        },
        "flt_tank_road_04_wp_13": {
          "type": "normal",
          "tm": [
            [1.0,0.0,0.0],
            [0.0,1.0,0.0],
            [0.0,0.0,1.0],
            [3943.06,117.37,-15571.2]
          ],
          "props": {
            "speed": 30.0,
            "tas": false,
            "moveType": "USE_SPLINES",
            "shouldKeepFormation": false,
            "canUsePathFinder": false
          }
        },
        "flt_tank_road_04_wp_14": {
          "type": "normal",
          "tm": [
            [1.0,0.0,0.0],
            [0.0,1.0,0.0],
            [0.0,0.0,1.0],
            [3902.49,113.895,-15421.6]
          ],
          "props": {
            "speed": 30.0,
            "tas": false,
            "moveType": "USE_SPLINES",
            "shouldKeepFormation": false,
