{
  "selected_tag": "",
  "bin_dump_file": "",
  "mission_settings": {
    "player": {
      "army": 1,
      "wing": [
        "t1_player01",
        "t1_player02",
        "t1_player03",
        "t1_player04",
        "t1_player05",
        "t1_player06",
        "t1_player07",
        "t1_player08",
        "t1_player09",
        "t1_player10",
        "t1_player11",
        "t1_player12",
        "t1_player13",
        "t1_player14",
        "t1_player15",
        "t1_player16",
        "t1_player17",
        "t1_player18",
        "t1_player19",
        "t1_player20",
        "t1_player21",
        "t1_player22",
        "t1_player23",
        "t1_player24",
        "t1_player25",
        "t1_player26",
        "t1_player27",
        "t1_player28",
        "t1_player29",
        "t1_player30",
        "t1_player31",
        "t1_player32"
      ]
    },
    "player_teamB": {
      "army": 2,
      "wing": [
        "t2_player01",
        "t2_player02",
        "t2_player03",
        "t2_player04",
        "t2_player05",
        "t2_player06",
        "t2_player07",
        "t2_player08",
        "t2_player09",
        "t2_player10",
        "t2_player11",
        "t2_player12",
        "t2_player13",
        "t2_player14",
        "t2_player15",
        "t2_player16",
        "t2_player17",
        "t2_player18",
        "t2_player19",
        "t2_player20",
        "t2_player21",
        "t2_player22",
        "t2_player23",
        "t2_player24",
        "t2_player25",
        "t2_player26",
        "t2_player27",
        "t2_player28",
        "t2_player29",
        "t2_player30",
        "t2_player31",
        "t2_player32"
      ]
    },
    "mission": {
      "type": "domination",
      "level": "levels/air_south_eastern_city.bin",
      "environment": "Day",
      "weather": "clear",
      "customHUD": "power_plant_strbomb",
      "hideHudProgressIcons": true,
      "locNameTeamA": "missions/_strbomb/defensive;location/air_south_eastern_city",
      "locNameTeamB": "missions/_strbomb/offensive;location/air_south_eastern_city",
      "locDescTeamA": "missions/_strbomb/desc/defensive",
      "locDescTeamB": "missions/_strbomb/desc/offensive",
      "locName": "missions/_strbomb;location/air_south_eastern_city",
      "scoreLimit": 10000,
      "timeLimit": 25,
      "deathPenaltyMul": 0.0,
      "postfix": "_strbomb",
      "allowEmptyTeams": false,
      "country_axis": "usa",
      "country_allies": "ussr",
      "restoreType": "attempts",
      "optionalTakeOff": false,
      "allowedUnitTypes": {
        "isAirplanesAllowed": true,
        "isTanksAllowed": false,
        "isShipsAllowed": false,
        "isHelicoptersAllowed": false
      }
    },
    "briefing": {
      "place_loc": "",
      "date_loc": "",
      "objective_loc": "",
      "music": "action_01",
      "part": {
        "event": "",
        "minTime": 0,
        "slide": {
          "map": true,
          "minTime": 4,
          "picture": "",
          "showAirMap": true,
          "icon": [
            {
              "icontype": "fighter",
              "side": "ally",
              "target": "t1_spawn_area_01_10",
              "lookAt": "t2_spawn_area_01_10"
            },
            {
              "icontype": "fighter",
              "side": "ally",
              "target": "t1_spawn_area_02_10",
              "lookAt": "t2_spawn_area_02_10"
            },
            {
              "icontype": "fighter",
              "side": "ally",
              "target": "t1_spawn_area_03_10",
              "lookAt": "t2_spawn_area_03_10"
            },
            {
              "icontype": "fighter",
              "side": "enemy",
              "target": "t2_spawn_area_01_10",
              "lookAt": "t1_spawn_area_01_10"
            },
            {
              "icontype": "fighter",
              "side": "enemy",
              "target": "t2_spawn_area_02_10",
              "lookAt": "t1_spawn_area_02_10"
            },
            {
              "icontype": "fighter",
              "side": "enemy",
              "target": "t2_spawn_area_03_10",
              "lookAt": "t1_spawn_area_03_10"
            }
          ],
          "battleArea": {
            "target": "briefing_area"
          }
        }
      }
    }
  },
  "imports": {
    "import_record": {
      "file": "gameData/missions/templates/air_templates/war_power_plant_strbomb_template.blk",
      "importAreas": true,
      "importUnits": true,
      "importTriggers": true,
      "importMissionObjectives": true,
      "importWayPoints": true,
      "importDialogs": true,
      "showAreas": true,
      "showUnits": true,
      "showTriggers": true,
      "showMissionObjectives": true,
      "showWayPoints": true,
      "showDialogs": true,
      "excludes": {}
    }
  },
  "triggers": {
    "isCategory": true,
    "is_enabled": true
  },
  "mission_objectives": {
    "isCategory": true,
    "is_enabled": true
  },
  "variables": {},
  "dialogs": {},
  "airfields": {},
  "effects": {},
  "units": {
    "objectGroups": [
      {
        "name": "t1_target_objectgroup_01",
        "tm": [
          [
            0.0185442,
            0.0,
            -0.999828
          ],
          [
            0.0,
            1.0,
            0.0
          ],
          [
            0.999828,
            0.0,
            0.0185442
          ],
          [
            -25499.1,
            331.45,
            7370.9
          ]
        ],
        "unit_class": "dyn_bomb_target_chp_1000_1000",
        "objLayer": 1,
        "props": {
          "army": 1,
          "active": true
        }
      },
      {
        "name": "t1_cover_spaa_basis_01",
        "tm": [
          [
            -0.996195,
            0.0,
            -0.0871556
          ],
          [
            0.0,
            1.0,
            0.0
          ],
          [
            0.0871556,
            0.0,
            -0.996195
          ],
          [
            -24528.2,
            91.4878,
            5029.1
          ]
        ],
        "unit_class": "dyn_foundation_7m",
        "objLayer": 1,
        "props": {
          "army": 1,
          "active": true
        }
      },
      {
        "name": "t1_cover_spaa_basis_02",
        "tm": [
          [
            -0.996195,
            0.0,
            -0.0871556
          ],
          [
            0.0,
            1.0,
            0.0
          ],
          [
            0.0871556,
            0.0,
            -0.996195
          ],
          [
            -24628.3,
            173.978,
            5627.9
          ]
        ],
        "unit_class": "dyn_foundation_7m",
        "objLayer": 1,
        "props": {
          "army": 1,
          "active": true
        }
      },
      {
        "name": "t1_cover_spaa_basis_03",
        "tm": [
          [
            -0.996195,
            0.0,
            -0.0871556
          ],
          [
            0.0,
            1.0,
            0.0
          ],
          [
            0.0871556,
            0.0,
            -0.996195
          ],
          [
            -23460.0,
            57.4909,
            5412.3
          ]
        ],
        "unit_class": "dyn_foundation_7m",
        "objLayer": 1,
        "props": {
          "army": 1,
          "active": true
        }
      },
      {
        "name": "t1_cover_spaa_basis_04",
        "tm": [
          [
            -0.996195,
            0.0,
            -0.0871556
          ],
          [
            0.0,
            1.0,
            0.0
          ],
          [
            0.0871556,
            0.0,
            -0.996195
          ],
          [
            -22828.2,
            27.8741,
            5929.4
          ]
        ],
        "unit_class": "dyn_foundation_7m",
        "objLayer": 1,
        "props": {
          "army": 1,
          "active": true
        }
      },
      {
        "name": "t1_cover_spaa_basis_05",
        "tm": [
          [
            -0.996195,
            0.0,
            -0.0871556
          ],
          [
            0.0,
            1.0,
            0.0
          ],
          [
            0.0871556,
            0.0,
            -0.996195
          ],
          [
            -24937.5,
            167.816,
            4928.1
          ]
        ],
        "unit_class": "dyn_foundation_7m",
        "objLayer": 1,
        "props": {
          "army": 1,
          "active": true
        }
      },
      {
        "name": "t1_cover_spaa_basis_06",
        "tm": [
          [
            -0.996195,
            0.0,
            -0.0871556
          ],
          [
            0.0,
            1.0,
            0.0
          ],
          [
            0.0871556,
            0.0,
            -0.996195
          ],
          [
            -23837.2,
            333.251,
            8707.2
          ]
        ],
        "unit_class": "dyn_foundation_7m",
        "objLayer": 1,
        "props": {
          "army": 1,
          "active": true
        }
      },
      {
        "name": "t1_cover_spaa_basis_07",
        "tm": [
          [
            -0.996195,
            0.0,
            -0.0871556
          ],
          [
            0.0,
            1.0,
            0.0
          ],
          [
            0.0871556,
            0.0,
            -0.996195
          ],
          [
            -24113.3,
            391.52,
            7945.0
          ]
        ],
        "unit_class": "dyn_foundation_7m",
        "objLayer": 1,
        "props": {
          "army": 1,
          "active": true
        }
      },
      {
        "name": "t1_cover_spaa_basis_08",
        "tm": [
          [
            -0.996195,
            0.0,
            -0.0871556
          ],
          [
            0.0,
            1.0,
            0.0
          ],
          [
            0.0871556,
            0.0,
            -0.996195
          ],
          [
            -23667.7,
            441.231,
            9567.95
          ]
        ],
        "unit_class": "dyn_foundation_7m",
        "objLayer": 1,
        "props": {
          "army": 1,
          "active": true
        }
      },
      {
        "name": "t1_cover_spaa_basis_09",
        "tm": [
          [
            -0.996195,
            0.0,
            -0.0871556
          ],
          [
            0.0,
            1.0,
            0.0
          ],
          [
            0.0871556,
            0.0,
            -0.996195
          ],
          [
            -24020.2,
            302.751,
            9732.4
          ]
        ],
        "unit_class": "dyn_foundation_7m",
        "objLayer": 1,
        "props": {
          "army": 1,
          "active": true
        }
      },
      {
        "name": "t1_cover_spaa_basis_10",
        "tm": [
          [
            -0.996195,
            0.0,
            -0.0871556
          ],
          [
            0.0,
            1.0,
            0.0
          ],
          [
            0.0871556,
            0.0,
            -0.996195
          ],
          [
            -23493.9,
            339.087,
            8908.55
          ]
        ],
        "unit_class": "dyn_foundation_7m",
        "objLayer": 1,
        "props": {
          "army": 1,
          "active": true
        }
      },
      {
        "name": "t1_cover_spaa_basis_11",
        "tm": [
          [
            -0.996195,
            0.0,
            -0.0871556
          ],
          [
            0.0,
            1.0,
            0.0
          ],
          [
            0.0871556,
            0.0,
            -0.996195
          ],
          [
            -27741.8,
            129.227,
            9070.55
          ]
        ],
        "unit_class": "dyn_foundation_7m",
        "objLayer": 1,
        "props": {
          "army": 1,
          "active": true
        }
      },
      {
        "name": "t1_cover_spaa_basis_12",
        "tm": [
          [
            -0.996195,
            0.0,
            -0.0871556
          ],
          [
            0.0,
            1.0,
            0.0
          ],
          [
            0.0871556,
            0.0,
            -0.996195
          ],
          [
            -28629.0,
            137.466,
            8298.55
          ]
        ],
        "unit_class": "dyn_foundation_7m",
        "objLayer": 1,
        "props": {
          "army": 1,
          "active": true
        }
      },
      {
        "name": "t1_cover_spaa_basis_13",
        "tm": [
          [
            -0.996195,
            0.0,
            -0.0871556
          ],
          [
            0.0,
            1.0,
            0.0
          ],
          [
            0.0871556,
            0.0,
            -0.996195
          ],
          [
            -26909.0,
            283.812,
            8608.9
          ]
        ],
        "unit_class": "dyn_foundation_7m",
        "objLayer": 1,
        "props": {
          "army": 1,
          "active": true
        }
      },
      {
        "name": "t1_cover_spaa_basis_14",
        "tm": [
          [
            -0.996195,
            0.0,
            -0.0871556
          ],
          [
            0.0,
            1.0,
            0.0
          ],
          [
            0.0871556,
            0.0,
            -0.996195
          ],
          [
            -26864.5,
            267.236,
            7658.55
          ]
        ],
        "unit_class": "dyn_foundation_7m",
        "objLayer": 1,
        "props": {
          "army": 1,
          "active": true
        }
      },
      {
        "name": "t1_cover_spaa_basis_15",
        "tm": [
          [
            -0.996195,
            0.0,
            -0.0871556
          ],
          [
            0.0,
            1.0,
            0.0
          ],
          [
            0.0871556,
            0.0,
            -0.996195
          ],
          [
            -26509.2,
            324.33,
            8551.8
          ]
        ],
        "unit_class": "dyn_foundation_7m",
        "objLayer": 1,
        "props": {
          "army": 1,
          "active": true
        }
      },
      {
        "name": "t1_cover_spaa_basis_16",
        "tm": [
          [
            -0.996195,
            0.0,
            -0.0871556
          ],
          [
            0.0,
            1.0,
            0.0
          ],
          [
            0.0871556,
            0.0,
            -0.996195
          ],
          [
            -26518.6,
            25.851,
            4740.1
          ]
        ],
        "unit_class": "dyn_foundation_7m",
        "objLayer": 1,
        "props": {
          "army": 1,
          "active": true
        }
      },
      {
        "name": "t1_cover_spaa_basis_17",
        "tm": [
          [
            -0.996195,
            0.0,
            -0.0871556
          ],
          [
            0.0,
            1.0,
            0.0
          ],
          [
            0.0871556,
            0.0,
            -0.996195
          ],
          [
            -25983.5,
            49.8239,
            5008.1
          ]
        ],
        "unit_class": "dyn_foundation_7m",
        "objLayer": 1,
        "props": {
          "army": 1,
          "active": true
        }
      },
      {
        "name": "t1_cover_spaa_basis_18",
        "tm": [
          [
            -0.996195,
            0.0,
            -0.0871556
          ],
          [
            0.0,
            1.0,
            0.0
          ],
          [
            0.0871556,
            0.0,
            -0.996195
          ],
          [
            -27058.4,
            30.0497,
            4891.65
          ]
        ],
        "unit_class": "dyn_foundation_7m",
        "objLayer": 1,
        "props": {
          "army": 1,
          "active": true
        }
      },
      {
        "name": "t1_cover_spaa_basis_19",
        "tm": [
          [
            -0.996195,
            0.0,
            -0.0871556
          ],
          [
            0.0,
            1.0,
            0.0
          ],
          [
            0.0871556,
            0.0,
            -0.996195
          ],
          [
            -25718.2,
            131.588,
            5062.2
          ]
        ],
        "unit_class": "dyn_foundation_7m",
        "objLayer": 1,
        "props": {
          "army": 1,
          "active": true
        }
      },
      {
        "name": "t1_cover_spaa_basis_20",
        "tm": [
          [
            -0.996195,
            0.0,
            -0.0871556
          ],
          [
            0.0,
            1.0,
            0.0
          ],
          [
            0.0871556,
            0.0,
            -0.996195
          ],
          [
            -26351.0,
            260.723,
            5747.35
          ]
        ],
        "unit_class": "dyn_foundation_7m",
        "objLayer": 1,
        "props": {
          "army": 1,
          "active": true
        }
      },
      {
        "name": "t1_target_objectgroup_02",
        "tm": [
          [
            -0.394492,
            0.0,
            0.918899
          ],
          [
            0.0,
            1.0,
            0.0
          ],
          [
            -0.918899,
            0.0,
            -0.394492
          ],
          [
            -18375.2,
            133.209,
            5378.79
          ]
        ],
        "unit_class": "dyn_bomb_target_chp_1000_1000",
        "objLayer": 1,
        "props": {
          "army": 1,
          "active": true
        }
      },
      {
        "name": "t1_cover_spaa_basis_21",
        "tm": [
          [
            -0.0493439,
            0.0,
            -0.998782
          ],
          [
            0.0,
            1.0,
            0.0
          ],
          [
            0.998782,
            0.0,
            -0.0493439
          ],
          [
            -17739.4,
            391.249,
            7050.3
          ]
        ],
        "unit_class": "dyn_foundation_7m",
        "objLayer": 1,
        "props": {
          "army": 1,
          "active": true
        }
      },
      {
        "name": "t1_cover_spaa_basis_22",
        "tm": [
          [
            -0.0493439,
            0.0,
            -0.998782
          ],
          [
            0.0,
            1.0,
            0.0
          ],
          [
            0.998782,
            0.0,
            -0.0493439
          ],
          [
            -17376.3,
            404.051,
            7091.47
          ]
        ],
        "unit_class": "dyn_foundation_7m",
        "objLayer": 1,
        "props": {
          "army": 1,
          "active": true
        }
      },
      {
        "name": "t1_cover_spaa_basis_23",
        "tm": [
          [
            -0.0493439,
            0.0,
            -0.998782
          ],
          [
            0.0,
            1.0,
            0.0
          ],
          [
            0.998782,
            0.0,
            -0.0493439
          ],
          [
            -17777.7,
            216.526,
            6344.31
          ]
        ],
        "unit_class": "dyn_foundation_7m",
        "objLayer": 1,
        "props": {
          "army": 1,
          "active": true
        }
      },
      {
        "name": "t1_cover_spaa_basis_24",
        "tm": [
          [
            -0.0493439,
            0.0,
            -0.998782
          ],
          [
            0.0,
            1.0,
            0.0
          ],
          [
            0.998782,
            0.0,
            -0.0493439
          ],
          [
            -17363.1,
            115.74,
            5981.99
          ]
        ],
        "unit_class": "dyn_foundation_7m",
        "objLayer": 1,
        "props": {
          "army": 1,
          "active": true
        }
      },
      {
        "name": "t1_cover_spaa_basis_25",
        "tm": [
          [
            -0.0493439,
            0.0,
            -0.998782
          ],
          [
            0.0,
            1.0,
            0.0
          ],
          [
            0.998782,
            0.0,
            -0.0493439
          ],
          [
            -18197.2,
            478.163,
            6911.17
          ]
        ],
        "unit_class": "dyn_foundation_7m",
        "objLayer": 1,
        "props": {
          "army": 1,
          "active": true
        }
      },
      {
        "name": "t1_cover_spaa_basis_26",
        "tm": [
          [
            -0.0493439,
            0.0,
            -0.998782
          ],
          [
            0.0,
            1.0,
            0.0
          ],
          [
            0.998782,
            0.0,
            -0.0493439
          ],
          [
            -19037.4,
            601.774,
            6997.54
          ]
        ],
        "unit_class": "dyn_foundation_7m",
        "objLayer": 1,
        "props": {
          "army": 1,
          "active": true
        }
      },
      {
        "name": "t1_cover_spaa_basis_27",
        "tm": [
          [
            -0.0493439,
            0.0,
            -0.998782
          ],
          [
            0.0,
            1.0,
            0.0
          ],
          [
            0.998782,
            0.0,
            -0.0493439
          ],
          [
            -19216.3,
            625.748,
            6866.05
          ]
        ],
        "unit_class": "dyn_foundation_7m",
        "objLayer": 1,
        "props": {
          "army": 1,
          "active": true
        }
      },
      {
        "name": "t1_cover_spaa_basis_28",
        "tm": [
          [
            -0.0493439,
            0.0,
            -0.998782
          ],
          [
            0.0,
            1.0,
            0.0
          ],
          [
            0.998782,
            0.0,
            -0.0493439
          ],
          [
            -19908.8,
            575.65,
            6667.78
          ]
        ],
        "unit_class": "dyn_foundation_7m",
        "objLayer": 1,
        "props": {
          "army": 1,
          "active": true
        }
      },
      {
        "name": "t1_cover_spaa_basis_29",
        "tm": [
          [
            -0.0493439,
            0.0,
            -0.998782
          ],
          [
            0.0,
            1.0,
            0.0
          ],
          [
            0.998782,
            0.0,
            -0.0493439
          ],
          [
            -20161.6,
            277.696,
            6139.36
          ]
        ],
        "unit_class": "dyn_foundation_7m",
        "objLayer": 1,
        "props": {
          "army": 1,
          "active": true
        }
      },
      {
        "name": "t1_cover_spaa_basis_30",
        "tm": [
          [
            -0.0493439,
            0.0,
            -0.998782
          ],
          [
            0.0,
            1.0,
            0.0
          ],
          [
            0.998782,
            0.0,
            -0.0493439
          ],
          [
            -20542.9,
            67.1198,
            5689.31
          ]
        ],
        "unit_class": "dyn_foundation_7m",
        "objLayer": 1,
        "props": {
          "army": 1,
          "active": true
        }
      },
      {
        "name": "t1_cover_spaa_basis_31",
        "tm": [
          [
            -0.0493439,
            0.0,
            -0.998782
          ],
          [
            0.0,
            1.0,
            0.0
          ],
          [
            0.998782,
            0.0,
            -0.0493439
          ],
          [
            -20667.0,
            22.7282,
            4815.94
          ]
        ],
        "unit_class": "dyn_foundation_7m",
        "objLayer": 1,
        "props": {
          "army": 1,
          "active": true
        }
      },
      {
        "name": "t1_cover_spaa_basis_32",
        "tm": [
          [
            -0.0493439,
            0.0,
            -0.998782
          ],
          [
            0.0,
            1.0,
            0.0
          ],
          [
            0.998782,
            0.0,
            -0.0493439
          ],
          [
            -21065.1,
            32.1554,
            4625.5
          ]
        ],
        "unit_class": "dyn_foundation_7m",
        "objLayer": 1,
        "props": {
          "army": 1,
          "active": true
        }
      },
      {
        "name": "t1_cover_spaa_basis_33",
        "tm": [
          [
            -0.0493439,
            0.0,
            -0.998782
          ],
          [
            0.0,
            1.0,
            0.0
          ],
          [
            0.998782,
            0.0,
            -0.0493439
          ],
          [
            -21628.0,
            19.2688,
            4675.01
          ]
        ],
        "unit_class": "dyn_foundation_7m",
        "objLayer": 1,
        "props": {
          "army": 1,
          "active": true
        }
      },
      {
        "name": "t1_cover_spaa_basis_34",
        "tm": [
          [
            -0.0493439,
            0.0,
            -0.998782
          ],
          [
            0.0,
            1.0,
            0.0
          ],
          [
            0.998782,
            0.0,
            -0.0493439
          ],
          [
            -20095.7,
            20.2444,
            5170.04
          ]
        ],
        "unit_class": "dyn_foundation_7m",
        "objLayer": 1,
        "props": {
          "army": 1,
          "active": true
        }
      },
      {
        "name": "t1_cover_spaa_basis_35",
        "tm": [
          [
            -0.0493439,
            0.0,
            -0.998782
          ],
          [
            0.0,
            1.0,
            0.0
          ],
          [
            0.998782,
            0.0,
            -0.0493439
          ],
          [
            -19500.0,
            27.1146,
            4476.19
          ]
        ],
        "unit_class": "dyn_foundation_7m",
        "objLayer": 1,
        "props": {
          "army": 1,
          "active": true
        }
      },
      {
        "name": "t1_cover_spaa_basis_36",
        "tm": [
          [
            -0.0493439,
            0.0,
            -0.998782
          ],
          [
            0.0,
            1.0,
            0.0
          ],
          [
            0.998782,
            0.0,
            -0.0493439
          ],
          [
            -17593.3,
            33.7448,
            4339.43
          ]
        ],
        "unit_class": "dyn_foundation_7m",
        "objLayer": 1,
        "props": {
          "army": 1,
          "active": true
        }
      },
      {
        "name": "t1_cover_spaa_basis_37",
        "tm": [
          [
            -0.0493439,
            0.0,
            -0.998782
          ],
          [
            0.0,
            1.0,
            0.0
          ],
          [
            0.998782,
            0.0,
            -0.0493439
          ],
          [
            -16721.3,
            60.7146,
            3798.94
          ]
        ],
        "unit_class": "dyn_foundation_7m",
        "objLayer": 1,
        "props": {
          "army": 1,
          "active": true
        }
      },
      {
        "name": "t1_cover_spaa_basis_38",
        "tm": [
          [
            -0.0493439,
            0.0,
            -0.998782
          ],
          [
            0.0,
            1.0,
            0.0
          ],
          [
            0.998782,
            0.0,
            -0.0493439
          ],
          [
            -17102.4,
            105.122,
            4724.19
          ]
        ],
        "unit_class": "dyn_foundation_7m",
        "objLayer": 1,
        "props": {
          "army": 1,
          "active": true
        }
      },
      {
        "name": "t1_cover_spaa_basis_39",
        "tm": [
          [
            -0.0493439,
            0.0,
            -0.998782
          ],
          [
            0.0,
            1.0,
            0.0
          ],
          [
            0.998782,
            0.0,
            -0.0493439
          ],
          [
            -16306.0,
            121.847,
            3720.25
          ]
        ],
        "unit_class": "dyn_foundation_7m",
        "objLayer": 1,
        "props": {
          "army": 1,
          "active": true
        }
      },
      {
        "name": "t1_cover_spaa_basis_40",
        "tm": [
          [
            -0.0493439,
            0.0,
            -0.998782
          ],
          [
            0.0,
            1.0,
            0.0
          ],
          [
            0.998782,
            0.0,
            -0.0493439
          ],
          [
            -17045.1,
            107.958,
            4991.61
          ]
        ],
        "unit_class": "dyn_foundation_7m",
        "objLayer": 1,
        "props": {
          "army": 1,
          "active": true
        }
      },
      {
        "name": "t1_target_objectgroup_03",
        "tm": [
          [
            -0.649769,
            0.0,
            0.76013
          ],
          [
            0.0,
            1.0,
            0.0
          ],
          [
            -0.76013,
            0.0,
            -0.649769
          ],
          [
            -13299.9,
            239.4,
            6495.27
          ]
        ],
        "unit_class": "dyn_bomb_target_chp_1000_1000",
        "objLayer": 1,
        "props": {
          "army": 1,
          "active": true
        }
      },
      {
        "name": "t1_cover_spaa_basis_41",
        "tm": [
          [
            -0.920766,
            0.0,
            -0.390115
          ],
          [
            0.0,
            1.0,
            0.0
          ],
          [
            0.390115,
            0.0,
            -0.920766
          ],
          [
            -11773.7,
            121.725,
            5145.47
          ]
        ],
        "unit_class": "dyn_foundation_7m",
        "objLayer": 1,
        "props": {
          "army": 1,
          "active": true
        }
      },
      {
        "name": "t1_cover_spaa_basis_42",
        "tm": [
          [
            -0.920766,
            0.0,
            -0.390115
          ],
          [
            0.0,
            1.0,
            0.0
          ],
          [
            0.390115,
            0.0,
            -0.920766
          ],
          [
            -11447.9,
            303.908,
            5883.3
          ]
        ],
        "unit_class": "dyn_foundation_7m",
        "objLayer": 1,
        "props": {
          "army": 1,
          "active": true
        }
      },
      {
        "name": "t1_cover_spaa_basis_43",
        "tm": [
          [
            -0.920766,
            0.0,
            -0.390115
          ],
          [
            0.0,
            1.0,
            0.0
          ],
          [
            0.390115,
            0.0,
            -0.920766
          ],
          [
            -11054.5,
            312.763,
            5741.05
          ]
        ],
        "unit_class": "dyn_foundation_7m",
        "objLayer": 1,
        "props": {
          "army": 1,
          "active": true
        }
      },
      {
        "name": "t1_cover_spaa_basis_44",
        "tm": [
          [
            -0.920766,
            0.0,
            -0.390115
          ],
          [
            0.0,
            1.0,
            0.0
          ],
          [
            0.390115,
            0.0,
            -0.920766
          ],
          [
            -11967.4,
            131.182,
            5443.58
          ]
        ],
        "unit_class": "dyn_foundation_7m",
        "objLayer": 1,
        "props": {
          "army": 1,
          "active": true
        }
      },
      {
        "name": "t1_cover_spaa_basis_45",
        "tm": [
          [
            -0.920766,
            0.0,
            -0.390115
          ],
          [
            0.0,
            1.0,
            0.0
          ],
          [
            0.390115,
            0.0,
            -0.920766
          ],
          [
            -11188.9,
            427.983,
            6252.71
          ]
        ],
        "unit_class": "dyn_foundation_7m",
        "objLayer": 1,
        "props": {
          "army": 1,
          "active": true
        }
      },
      {
        "name": "t1_cover_spaa_basis_46",
        "tm": [
          [
            -0.920766,
            0.0,
            -0.390115
          ],
          [
            0.0,
            1.0,
            0.0
          ],
          [
            0.390115,
            0.0,
            -0.920766
          ],
          [
            -13053.3,
            286.912,
            8209.97
          ]
        ],
        "unit_class": "dyn_foundation_7m",
        "objLayer": 1,
        "props": {
          "army": 1,
          "active": true
        }
      },
      {
        "name": "t1_cover_spaa_basis_47",
        "tm": [
          [
            -0.920766,
            0.0,
            -0.390115
          ],
          [
            0.0,
            1.0,
            0.0
          ],
          [
            0.390115,
            0.0,
            -0.920766
          ],
          [
            -12110.5,
            589.188,
            7907.45
          ]
        ],
        "unit_class": "dyn_foundation_7m",
        "objLayer": 1,
        "props": {
          "army": 1,
          "active": true
        }
      },
      {
        "name": "t1_cover_spaa_basis_48",
        "tm": [
          [
            -0.920766,
            0.0,
            -0.390115
          ],
          [
            0.0,
            1.0,
            0.0
          ],
          [
            0.390115,
            0.0,
            -0.920766
          ],
          [
            -11745.2,
            569.822,
            7870.95
          ]
        ],
        "unit_class": "dyn_foundation_7m",
        "objLayer": 1,
        "props": {
          "army": 1,
          "active": true
        }
      },
      {
        "name": "t1_cover_spaa_basis_49",
        "tm": [
          [
            -0.920766,
            0.0,
            -0.390115
          ],
          [
            0.0,
            1.0,
            0.0
          ],
          [
            0.390115,
            0.0,
            -0.920766
          ],
          [
            -13828.7,
            223.781,
            8877.66
          ]
        ],
        "unit_class": "dyn_foundation_7m",
        "objLayer": 1,
        "props": {
          "army": 1,
          "active": true
        }
      },
      {
        "name": "t1_cover_spaa_basis_50",
        "tm": [
          [
            -0.920766,
            0.0,
            -0.390115
          ],
          [
            0.0,
            1.0,
            0.0
          ],
          [
            0.390115,
            0.0,
            -0.920766
          ],
          [
            -14360.2,
            297.283,
            9014.5
          ]
        ],
        "unit_class": "dyn_foundation_7m",
        "objLayer": 1,
        "props": {
          "army": 1,
          "active": true
        }
      },
      {
        "name": "t1_cover_spaa_basis_51",
        "tm": [
          [
            -0.920766,
            0.0,
            -0.390115
          ],
          [
            0.0,
            1.0,
            0.0
          ],
          [
            0.390115,
            0.0,
            -0.920766
          ],
          [
            -15467.3,
            173.895,
            8850.36
          ]
        ],
        "unit_class": "dyn_foundation_7m",
        "objLayer": 1,
        "props": {
          "army": 1,
          "active": true
        }
      },
      {
        "name": "t1_cover_spaa_basis_52",
        "tm": [
          [
            -0.920766,
            0.0,
            -0.390115
          ],
          [
            0.0,
            1.0,
            0.0
          ],
          [
            0.390115,
            0.0,
            -0.920766
          ],
          [
            -15281.5,
            174.992,
            8286.13
          ]
        ],
        "unit_class": "dyn_foundation_7m",
        "objLayer": 1,
        "props": {
          "army": 1,
          "active": true
        }
      },
      {
        "name": "t1_cover_spaa_basis_53",
        "tm": [
          [
            -0.920766,
            0.0,
            -0.390115
          ],
          [
            0.0,
            1.0,
            0.0
          ],
          [
            0.390115,
            0.0,
            -0.920766
          ],
          [
            -15597.7,
            203.293,
            7351.68
          ]
        ],
        "unit_class": "dyn_foundation_7m",
        "objLayer": 1,
        "props": {
          "army": 1,
          "active": true
        }
      },
      {
        "name": "t1_cover_spaa_basis_54",
        "tm": [
          [
            -0.920766,
            0.0,
            -0.390115
          ],
          [
            0.0,
            1.0,
            0.0
          ],
          [
            0.390115,
            0.0,
            -0.920766
          ],
          [
            -14556.2,
            180.231,
            6833.34
          ]
        ],
        "unit_class": "dyn_foundation_7m",
        "objLayer": 1,
        "props": {
          "army": 1,
          "active": true
        }
      },
      {
        "name": "t1_cover_spaa_basis_55",
        "tm": [
          [
            -0.920766,
            0.0,
            -0.390115
          ],
          [
            0.0,
            1.0,
            0.0
          ],
          [
            0.390115,
            0.0,
            -0.920766
          ],
          [
            -14689.5,
            288.299,
            5700.0
          ]
        ],
        "unit_class": "dyn_foundation_7m",
        "objLayer": 1,
        "props": {
          "army": 1,
          "active": true
        }
      },
      {
        "name": "t1_cover_spaa_basis_56",
        "tm": [
          [
            -0.920766,
            0.0,
            -0.390115
          ],
          [
            0.0,
            1.0,
            0.0
          ],
          [
            0.390115,
            0.0,
            -0.920766
          ],
          [
            -15262.3,
            340.927,
            4729.38
          ]
        ],
        "unit_class": "dyn_foundation_7m",
        "objLayer": 1,
        "props": {
          "army": 1,
          "active": true
        }
      },
      {
        "name": "t1_cover_spaa_basis_57",
        "tm": [
          [
            -0.920766,
            0.0,
            -0.390115
          ],
          [
            0.0,
            1.0,
            0.0
          ],
          [
            0.390115,
            0.0,
            -0.920766
          ],
          [
            -15649.4,
            248.752,
            4185.34
          ]
        ],
        "unit_class": "dyn_foundation_7m",
        "objLayer": 1,
        "props": {
          "army": 1,
          "active": true
        }
      },
      {
        "name": "t1_cover_spaa_basis_58",
        "tm": [
          [
            -0.920766,
            0.0,
            -0.390115
          ],
          [
            0.0,
            1.0,
            0.0
          ],
          [
            0.390115,
            0.0,
            -0.920766
          ],
          [
            -13306.5,
            57.8652,
            4698.05
          ]
        ],
        "unit_class": "dyn_foundation_7m",
        "objLayer": 1,
        "props": {
          "army": 1,
          "active": true
        }
      },
      {
        "name": "t1_cover_spaa_basis_59",
        "tm": [
          [
            -0.920766,
            0.0,
            -0.390115
          ],
          [
            0.0,
            1.0,
            0.0
          ],
          [
            0.390115,
            0.0,
            -0.920766
          ],
          [
            -12970.5,
            49.9203,
            3474.66
          ]
        ],
        "unit_class": "dyn_foundation_7m",
        "objLayer": 1,
        "props": {
          "army": 1,
          "active": true
        }
      },
      {
