{
  "selected_tag": "",
  "bin_dump_file": "",
  "mission_settings": {
    "player": {
      "army": 1,
      "wing": [
        "t1_player01",
        "t1_player02",
        "t1_player03",
        "t1_player04",
        "t1_player05",
        "t1_player06",
        "t1_player07",
        "t1_player08",
        "t1_player09",
        "t1_player10",
        "t1_player11",
        "t1_player12",
        "t1_player13",
        "t1_player14",
        "t1_player15",
        "t1_player16",
        "t1_player17",
        "t1_player18",
        "t1_player19",
        "t1_player20",
        "t1_player21",
        "t1_player22",
        "t1_player23",
        "t1_player24",
        "t1_player25",
        "t1_player26",
        "t1_player27",
        "t1_player28",
        "t1_player29",
        "t1_player30",
        "t1_player31",
        "t1_player32"
      ]
    },
    "player_teamB": {
      "army": 2,
      "wing": [
        "t2_player01",
        "t2_player02",
        "t2_player03",
        "t2_player04",
        "t2_player05",
        "t2_player06",
        "t2_player07",
        "t2_player08",
        "t2_player09",
        "t2_player10",
        "t2_player11",
        "t2_player12",
        "t2_player13",
        "t2_player14",
        "t2_player15",
        "t2_player16",
        "t2_player17",
        "t2_player18",
        "t2_player19",
        "t2_player20",
        "t2_player21",
        "t2_player22",
        "t2_player23",
        "t2_player24",
        "t2_player25",
        "t2_player26",
        "t2_player27",
        "t2_player28",
        "t2_player29",
        "t2_player30",
        "t2_player31",
        "t2_player32"
      ]
    },
    "mission": {
      "type": "domination",
      "level": "levels/air_grand_canyon.bin",
      "environment": "Day",
      "weather": "clear",
      "customHUD": "oil_refinery_strbomb",
      "hideHudProgressIcons": true,
      "locNameTeamA": "missions/_strbomb/defensive;location/air_grand_canyon",
      "locNameTeamB": "missions/_strbomb/offensive;location/air_grand_canyon",
      "locDescTeamA": "missions/_strbomb/desc/defensive",
      "locDescTeamB": "missions/_strbomb/desc/offensive",
      "locName": "missions/_strbomb;location/air_grand_canyon",
      "scoreLimit": 10000,
      "timeLimit": 25,
      "deathPenaltyMul": 0.0,
      "postfix": "_strbomb",
      "allowEmptyTeams": false,
      "country_axis": "usa",
      "country_allies": "ussr",
      "restoreType": "attempts",
      "optionalTakeOff": false,
      "allowedUnitTypes": {
        "isAirplanesAllowed": true,
        "isTanksAllowed": false,
        "isShipsAllowed": false,
        "isHelicoptersAllowed": false
      }
    },
    "briefing": {
      "place_loc": "",
      "date_loc": "",
      "objective_loc": "",
      "music": "action_01",
      "part": {
        "event": "",
        "minTime": 0,
        "slide": {
          "map": true,
          "minTime": 4,
          "picture": "",
          "showAirMap": true,
          "icon": [
            {
              "icontype": "fighter",
              "side": "ally",
              "target": "t1_spawn_area_01_10",
              "lookAt": "t2_spawn_area_01_10"
            },
            {
              "icontype": "fighter",
              "side": "ally",
              "target": "t1_spawn_area_02_10",
              "lookAt": "t2_spawn_area_02_10"
            },
            {
              "icontype": "fighter",
              "side": "ally",
              "target": "t1_spawn_area_03_10",
              "lookAt": "t2_spawn_area_03_10"
            },
            {
              "icontype": "fighter",
              "side": "enemy",
              "target": "t2_spawn_area_01_10",
              "lookAt": "t1_spawn_area_01_10"
            },
            {
              "icontype": "fighter",
              "side": "enemy",
              "target": "t2_spawn_area_02_10",
              "lookAt": "t1_spawn_area_02_10"
            },
            {
              "icontype": "fighter",
              "side": "enemy",
              "target": "t2_spawn_area_03_10",
              "lookAt": "t1_spawn_area_03_10"
            }
          ],
          "battleArea": {
            "target": "briefing_area"
          }
        }
      }
    }
  },
  "imports": {
    "import_record": {
      "file": "gameData/missions/templates/air_templates/war_oil_refinery_strbomb_template.blk",
      "importAreas": true,
      "importUnits": true,
      "importTriggers": true,
      "importMissionObjectives": true,
      "importWayPoints": true,
      "importDialogs": true,
      "showAreas": true,
      "showUnits": true,
      "showTriggers": true,
      "showMissionObjectives": true,
      "showWayPoints": true,
      "showDialogs": true,
      "excludes": {}
    }
  },
  "triggers": {
    "isCategory": true,
    "is_enabled": true
  },
  "mission_objectives": {
    "isCategory": true,
    "is_enabled": true
  },
  "variables": {},
  "dialogs": {},
  "airfields": {},
  "effects": {},
  "units": {
    "objectGroups": [
      {
        "name": "t1_target_objectgroup_01",
        "tm": [
          [
            0.996865,
            -4.27859e-16,
            -0.0791113
          ],
          [
            2.90125e-16,
            1.0,
            -1.7525e-15
          ],
          [
            0.0791113,
            1.72406e-15,
            0.996865
          ],
          [
            32753.0,
            2948.99,
            -20406.3
          ]
        ],
        "unit_class": "dyn_bomb_target_oil_refinery_1000_1000",
        "objLayer": 1,
        "props": {
          "army": 1,
          "active": true
        }
      },
      {
        "name": "t1_cover_spaa_basis_01",
        "tm": [
          [
            -0.183951,
            -1.66923e-15,
            -0.982935
          ],
          [
            2.90125e-16,
            1.0,
            -1.7525e-15
          ],
          [
            0.982935,
            -6.0755e-16,
            -0.183951
          ],
          [
            36320.3,
            3103.95,
            -21044.4
          ]
        ],
        "unit_class": "dyn_foundation_7m",
        "objLayer": 1,
        "props": {
          "army": 1,
          "active": true
        }
      },
      {
        "name": "t1_cover_spaa_basis_02",
        "tm": [
          [
            -0.183951,
            -1.66923e-15,
            -0.982935
          ],
          [
            2.90125e-16,
            1.0,
            -1.7525e-15
          ],
          [
            0.982935,
            -6.0755e-16,
            -0.183951
          ],
          [
            33858.6,
            2971.91,
            -16868.6
          ]
        ],
        "unit_class": "dyn_foundation_7m",
        "objLayer": 1,
        "props": {
          "army": 1,
          "active": true
        }
      },
      {
        "name": "t1_cover_spaa_basis_03",
        "tm": [
          [
            -0.183951,
            -1.66923e-15,
            -0.982935
          ],
          [
            2.90125e-16,
            1.0,
            -1.7525e-15
          ],
          [
            0.982935,
            -6.0755e-16,
            -0.183951
          ],
          [
            35152.8,
            3076.01,
            -19557.9
          ]
        ],
        "unit_class": "dyn_foundation_7m",
        "objLayer": 1,
        "props": {
          "army": 1,
          "active": true
        }
      },
      {
        "name": "t1_cover_spaa_basis_04",
        "tm": [
          [
            -0.183951,
            -1.66923e-15,
            -0.982935
          ],
          [
            2.90125e-16,
            1.0,
            -1.7525e-15
          ],
          [
            0.982935,
            -6.0755e-16,
            -0.183951
          ],
          [
            33629.4,
            3040.77,
            -17821.8
          ]
        ],
        "unit_class": "dyn_foundation_7m",
        "objLayer": 1,
        "props": {
          "army": 1,
          "active": true
        }
      },
      {
        "name": "t1_cover_spaa_basis_05",
        "tm": [
          [
            -0.183951,
            -1.66923e-15,
            -0.982935
          ],
          [
            2.90125e-16,
            1.0,
            -1.7525e-15
          ],
          [
            0.982935,
            -6.0755e-16,
            -0.183951
          ],
          [
            34528.6,
            3093.85,
            -18556.2
          ]
        ],
        "unit_class": "dyn_foundation_7m",
        "objLayer": 1,
        "props": {
          "army": 1,
          "active": true
        }
      },
      {
        "name": "t1_cover_spaa_basis_06",
        "tm": [
          [
            -0.183951,
            -1.66923e-15,
            -0.982935
          ],
          [
            2.90125e-16,
            1.0,
            -1.7525e-15
          ],
          [
            0.982935,
            -6.0755e-16,
            -0.183951
          ],
          [
            31773.8,
            2901.47,
            -17041.8
          ]
        ],
        "unit_class": "dyn_foundation_7m",
        "objLayer": 1,
        "props": {
          "army": 1,
          "active": true
        }
      },
      {
        "name": "t1_cover_spaa_basis_07",
        "tm": [
          [
            -0.183951,
            -1.66923e-15,
            -0.982935
          ],
          [
            2.90125e-16,
            1.0,
            -1.7525e-15
          ],
          [
            0.982935,
            -6.0755e-16,
            -0.183951
          ],
          [
            33282.1,
            2950.93,
            -16883.5
          ]
        ],
        "unit_class": "dyn_foundation_7m",
        "objLayer": 1,
        "props": {
          "army": 1,
          "active": true
        }
      },
      {
        "name": "t1_cover_spaa_basis_08",
        "tm": [
          [
            -0.183951,
            -1.66923e-15,
            -0.982935
          ],
          [
            2.90125e-16,
            1.0,
            -1.7525e-15
          ],
          [
            0.982935,
            -6.0755e-16,
            -0.183951
          ],
          [
            32547.0,
            2931.48,
            -16970.1
          ]
        ],
        "unit_class": "dyn_foundation_7m",
        "objLayer": 1,
        "props": {
          "army": 1,
          "active": true
        }
      },
      {
        "name": "t1_cover_spaa_basis_09",
        "tm": [
          [
            -0.183951,
            -1.66923e-15,
            -0.982935
          ],
          [
            2.90125e-16,
            1.0,
            -1.7525e-15
          ],
          [
            0.982935,
            -6.0755e-16,
            -0.183951
          ],
          [
            31559.9,
            2983.49,
            -18451.6
          ]
        ],
        "unit_class": "dyn_foundation_7m",
        "objLayer": 1,
        "props": {
          "army": 1,
          "active": true
        }
      },
      {
        "name": "t1_cover_spaa_basis_10",
        "tm": [
          [
            -0.183951,
            -1.66923e-15,
            -0.982935
          ],
          [
            2.90125e-16,
            1.0,
            -1.7525e-15
          ],
          [
            0.982935,
            -6.0755e-16,
            -0.183951
          ],
          [
            30508.4,
            2925.43,
            -19698.7
          ]
        ],
        "unit_class": "dyn_foundation_7m",
        "objLayer": 1,
        "props": {
          "army": 1,
          "active": true
        }
      },
      {
        "name": "t1_cover_spaa_basis_11",
        "tm": [
          [
            -0.183951,
            -1.66923e-15,
            -0.982935
          ],
          [
            2.90125e-16,
            1.0,
            -1.7525e-15
          ],
          [
            0.982935,
            -6.0755e-16,
            -0.183951
          ],
          [
            30217.3,
            2927.75,
            -18624.5
          ]
        ],
        "unit_class": "dyn_foundation_7m",
        "objLayer": 1,
        "props": {
          "army": 1,
          "active": true
        }
      },
      {
        "name": "t1_cover_spaa_basis_12",
        "tm": [
          [
            -0.183951,
            -1.66923e-15,
            -0.982935
          ],
          [
            2.90125e-16,
            1.0,
            -1.7525e-15
          ],
          [
            0.982935,
            -6.0755e-16,
            -0.183951
          ],
          [
            30904.3,
            2914.61,
            -21958.3
          ]
        ],
        "unit_class": "dyn_foundation_7m",
        "objLayer": 1,
        "props": {
          "army": 1,
          "active": true
        }
      },
      {
        "name": "t1_cover_spaa_basis_13",
        "tm": [
          [
            -0.183951,
            -1.66923e-15,
            -0.982935
          ],
          [
            2.90125e-16,
            1.0,
            -1.7525e-15
          ],
          [
            0.982935,
            -6.0755e-16,
            -0.183951
          ],
          [
            29801.6,
            2869.31,
            -20977.5
          ]
        ],
        "unit_class": "dyn_foundation_7m",
        "objLayer": 1,
        "props": {
          "army": 1,
          "active": true
        }
      },
      {
        "name": "t1_cover_spaa_basis_14",
        "tm": [
          [
            -0.183951,
            -1.66923e-15,
            -0.982935
          ],
          [
            2.90125e-16,
            1.0,
            -1.7525e-15
          ],
          [
            0.982935,
            -6.0755e-16,
            -0.183951
          ],
          [
            30473.3,
            2869.99,
            -20621.0
          ]
        ],
        "unit_class": "dyn_foundation_7m",
        "objLayer": 1,
        "props": {
          "army": 1,
          "active": true
        }
      },
      {
        "name": "t1_cover_spaa_basis_15",
        "tm": [
          [
            -0.183951,
            -1.66923e-15,
            -0.982935
          ],
          [
            2.90125e-16,
            1.0,
            -1.7525e-15
          ],
          [
            0.982935,
            -6.0755e-16,
            -0.183951
          ],
          [
            29411.7,
            2836.68,
            -20554.0
          ]
        ],
        "unit_class": "dyn_foundation_7m",
        "objLayer": 1,
        "props": {
          "army": 1,
          "active": true
        }
      },
      {
        "name": "t1_cover_spaa_basis_16",
        "tm": [
          [
            -0.183951,
            -1.66923e-15,
            -0.982935
          ],
          [
            2.90125e-16,
            1.0,
            -1.7525e-15
          ],
          [
            0.982935,
            -6.0755e-16,
            -0.183951
          ],
          [
            35155.6,
            3085.42,
            -21990.0
          ]
        ],
        "unit_class": "dyn_foundation_7m",
        "objLayer": 1,
        "props": {
          "army": 1,
          "active": true
        }
      },
      {
        "name": "t1_cover_spaa_basis_17",
        "tm": [
          [
            -0.183951,
            -1.66923e-15,
            -0.982935
          ],
          [
            2.90125e-16,
            1.0,
            -1.7525e-15
          ],
          [
            0.982935,
            -6.0755e-16,
            -0.183951
          ],
          [
            33911.6,
            3000.59,
            -21021.8
          ]
        ],
        "unit_class": "dyn_foundation_7m",
        "objLayer": 1,
        "props": {
          "army": 1,
          "active": true
        }
      },
      {
        "name": "t1_cover_spaa_basis_18",
        "tm": [
          [
            -0.183951,
            -1.66923e-15,
            -0.982935
          ],
          [
            2.90125e-16,
            1.0,
            -1.7525e-15
          ],
          [
            0.982935,
            -6.0755e-16,
            -0.183951
          ],
          [
            34243.0,
            3079.05,
            -22418.8
          ]
        ],
        "unit_class": "dyn_foundation_7m",
        "objLayer": 1,
        "props": {
          "army": 1,
          "active": true
        }
      },
      {
        "name": "t1_cover_spaa_basis_19",
        "tm": [
          [
            -0.183951,
            -1.66923e-15,
            -0.982935
          ],
          [
            2.90125e-16,
            1.0,
            -1.7525e-15
          ],
          [
            0.982935,
            -6.0755e-16,
            -0.183951
          ],
          [
            35046.8,
            3052.03,
            -20970.3
          ]
        ],
        "unit_class": "dyn_foundation_7m",
        "objLayer": 1,
        "props": {
          "army": 1,
          "active": true
        }
      },
      {
        "name": "t1_cover_spaa_basis_20",
        "tm": [
          [
            -0.183951,
            -1.66923e-15,
            -0.982935
          ],
          [
            2.90125e-16,
            1.0,
            -1.7525e-15
          ],
          [
            0.982935,
            -6.0755e-16,
            -0.183951
          ],
          [
            32995.9,
            3013.75,
            -22657.5
          ]
        ],
        "unit_class": "dyn_foundation_7m",
        "objLayer": 1,
        "props": {
          "army": 1,
          "active": true
        }
      },
      {
        "name": "t1_target_objectgroup_02",
        "tm": [
          [
            -0.994763,
            -1.47033e-15,
            0.102198
          ],
          [
            -1.36077e-15,
            1.0,
            1.14182e-15
          ],
          [
            -0.102198,
            9.96772e-16,
            -0.994763
          ],
          [
            24852.6,
            2657.62,
            -20635.5
          ]
        ],
        "unit_class": "dyn_bomb_target_oil_refinery_1000_1000",
        "objLayer": 1,
        "props": {
          "army": 1,
          "active": true
        }
      },
      {
        "name": "t1_cover_spaa_basis_21",
        "tm": [
          [
            0.951979,
            1.64501e-15,
            -0.306167
          ],
          [
            -1.36077e-15,
            1.0,
            1.14182e-15
          ],
          [
            0.306167,
            -6.70367e-16,
            0.951979
          ],
          [
            25072.1,
            2583.72,
            -16920.2
          ]
        ],
        "unit_class": "dyn_foundation_7m",
        "objLayer": 1,
        "props": {
          "army": 1,
          "active": true
        }
      },
      {
        "name": "t1_cover_spaa_basis_22",
        "tm": [
          [
            0.951979,
            1.64501e-15,
            -0.306167
          ],
          [
            -1.36077e-15,
            1.0,
            1.14182e-15
          ],
          [
            0.306167,
            -6.70367e-16,
            0.951979
          ],
          [
            21573.4,
            2441.63,
            -19847.0
          ]
        ],
        "unit_class": "dyn_foundation_7m",
        "objLayer": 1,
        "props": {
          "army": 1,
          "active": true
        }
      },
      {
        "name": "t1_cover_spaa_basis_23",
        "tm": [
          [
            0.951979,
            1.64501e-15,
            -0.306167
          ],
          [
            -1.36077e-15,
            1.0,
            1.14182e-15
          ],
          [
            0.306167,
            -6.70367e-16,
            0.951979
          ],
          [
            23834.8,
            2633.57,
            -17794.0
          ]
        ],
        "unit_class": "dyn_foundation_7m",
        "objLayer": 1,
        "props": {
          "army": 1,
          "active": true
        }
      },
      {
        "name": "t1_cover_spaa_basis_24",
        "tm": [
          [
            0.951979,
            1.64501e-15,
            -0.306167
          ],
          [
            -1.36077e-15,
            1.0,
            1.14182e-15
          ],
          [
            0.306167,
            -6.70367e-16,
            0.951979
          ],
          [
            23479.5,
            2703.64,
            -18847.9
          ]
        ],
        "unit_class": "dyn_foundation_7m",
        "objLayer": 1,
        "props": {
          "army": 1,
          "active": true
        }
      },
      {
        "name": "t1_cover_spaa_basis_25",
        "tm": [
          [
            0.951979,
            1.64501e-15,
            -0.306167
          ],
          [
            -1.36077e-15,
            1.0,
            1.14182e-15
          ],
          [
            0.306167,
            -6.70367e-16,
            0.951979
          ],
          [
            22794.5,
            2608.76,
            -18230.2
          ]
        ],
        "unit_class": "dyn_foundation_7m",
        "objLayer": 1,
        "props": {
          "army": 1,
          "active": true
        }
      },
      {
        "name": "t1_cover_spaa_basis_26",
        "tm": [
          [
            0.951979,
            1.64501e-15,
            -0.306167
          ],
          [
            -1.36077e-15,
            1.0,
            1.14182e-15
          ],
          [
            0.306167,
            -6.70367e-16,
            0.951979
          ],
          [
            22538.0,
            2602.94,
            -22550.0
          ]
        ],
        "unit_class": "dyn_foundation_7m",
        "objLayer": 1,
        "props": {
          "army": 1,
          "active": true
        }
      },
      {
        "name": "t1_cover_spaa_basis_27",
        "tm": [
          [
            0.951979,
            1.64501e-15,
            -0.306167
          ],
          [
            -1.36077e-15,
            1.0,
            1.14182e-15
          ],
          [
            0.306167,
            -6.70367e-16,
            0.951979
          ],
          [
            22655.4,
            2515.2,
            -19896.4
          ]
        ],
        "unit_class": "dyn_foundation_7m",
        "objLayer": 1,
        "props": {
          "army": 1,
          "active": true
        }
      },
      {
        "name": "t1_cover_spaa_basis_28",
        "tm": [
          [
            0.951979,
            1.64501e-15,
            -0.306167
          ],
          [
            -1.36077e-15,
            1.0,
            1.14182e-15
          ],
          [
            0.306167,
            -6.70367e-16,
            0.951979
          ],
          [
            21587.7,
            2558.77,
            -21006.7
          ]
        ],
        "unit_class": "dyn_foundation_7m",
        "objLayer": 1,
        "props": {
          "army": 1,
          "active": true
        }
      },
      {
        "name": "t1_cover_spaa_basis_29",
        "tm": [
          [
            0.951979,
            1.64501e-15,
            -0.306167
          ],
          [
            -1.36077e-15,
            1.0,
            1.14182e-15
          ],
          [
            0.306167,
            -6.70367e-16,
            0.951979
          ],
          [
            22861.4,
            2644.37,
            -21688.2
          ]
        ],
        "unit_class": "dyn_foundation_7m",
        "objLayer": 1,
        "props": {
          "army": 1,
          "active": true
        }
      },
      {
        "name": "t1_cover_spaa_basis_30",
        "tm": [
          [
            0.951979,
            1.64501e-15,
            -0.306167
          ],
          [
            -1.36077e-15,
            1.0,
            1.14182e-15
          ],
          [
            0.306167,
            -6.70367e-16,
            0.951979
          ],
          [
            23972.0,
            2645.99,
            -23175.4
          ]
        ],
        "unit_class": "dyn_foundation_7m",
        "objLayer": 1,
        "props": {
          "army": 1,
          "active": true
        }
      },
      {
        "name": "t1_cover_spaa_basis_31",
        "tm": [
          [
            0.951979,
            1.64501e-15,
            -0.306167
          ],
          [
            -1.36077e-15,
            1.0,
            1.14182e-15
          ],
          [
            0.306167,
            -6.70367e-16,
            0.951979
          ],
          [
            25420.3,
            2683.28,
            -23207.2
          ]
        ],
        "unit_class": "dyn_foundation_7m",
        "objLayer": 1,
        "props": {
          "army": 1,
          "active": true
        }
      },
      {
        "name": "t1_cover_spaa_basis_32",
        "tm": [
          [
            0.951979,
            1.64501e-15,
            -0.306167
          ],
          [
            -1.36077e-15,
            1.0,
            1.14182e-15
          ],
          [
            0.306167,
            -6.70367e-16,
            0.951979
          ],
          [
            25944.3,
            2721.04,
            -22278.6
          ]
        ],
        "unit_class": "dyn_foundation_7m",
        "objLayer": 1,
        "props": {
          "army": 1,
          "active": true
        }
      },
      {
        "name": "t1_cover_spaa_basis_33",
        "tm": [
          [
            0.951979,
            1.64501e-15,
            -0.306167
          ],
          [
            -1.36077e-15,
            1.0,
            1.14182e-15
          ],
          [
            0.306167,
            -6.70367e-16,
            0.951979
          ],
          [
            27244.6,
            2780.28,
            -22280.9
          ]
        ],
        "unit_class": "dyn_foundation_7m",
        "objLayer": 1,
        "props": {
          "army": 1,
          "active": true
        }
      },
      {
        "name": "t1_cover_spaa_basis_34",
        "tm": [
          [
            0.951979,
            1.64501e-15,
            -0.306167
          ],
          [
            -1.36077e-15,
            1.0,
            1.14182e-15
          ],
          [
            0.306167,
            -6.70367e-16,
            0.951979
          ],
          [
            27243.6,
            2814.18,
            -18842.8
          ]
        ],
        "unit_class": "dyn_foundation_7m",
        "objLayer": 1,
        "props": {
          "army": 1,
          "active": true
        }
      },
      {
        "name": "t1_cover_spaa_basis_35",
        "tm": [
          [
            0.951979,
            1.64501e-15,
            -0.306167
          ],
          [
            -1.36077e-15,
            1.0,
            1.14182e-15
          ],
          [
            0.306167,
            -6.70367e-16,
            0.951979
          ],
          [
            25238.8,
            2755.61,
            -18659.8
          ]
        ],
        "unit_class": "dyn_foundation_7m",
        "objLayer": 1,
        "props": {
          "army": 1,
          "active": true
        }
      },
      {
        "name": "t1_cover_spaa_basis_36",
        "tm": [
          [
            0.951979,
            1.64501e-15,
            -0.306167
          ],
          [
            -1.36077e-15,
            1.0,
            1.14182e-15
          ],
          [
            0.306167,
            -6.70367e-16,
            0.951979
          ],
          [
            28127.7,
            2795.11,
            -20444.0
          ]
        ],
        "unit_class": "dyn_foundation_7m",
        "objLayer": 1,
        "props": {
          "army": 1,
          "active": true
        }
      },
      {
        "name": "t1_cover_spaa_basis_37",
        "tm": [
          [
            0.951979,
            1.64501e-15,
            -0.306167
          ],
          [
            -1.36077e-15,
            1.0,
            1.14182e-15
          ],
          [
            0.306167,
            -6.70367e-16,
            0.951979
          ],
          [
            27331.2,
            2768.42,
            -20401.7
          ]
        ],
        "unit_class": "dyn_foundation_7m",
        "objLayer": 1,
        "props": {
          "army": 1,
          "active": true
        }
      },
      {
        "name": "t1_cover_spaa_basis_38",
        "tm": [
          [
            0.951979,
            1.64501e-15,
            -0.306167
          ],
          [
            -1.36077e-15,
            1.0,
            1.14182e-15
          ],
          [
            0.306167,
            -6.70367e-16,
            0.951979
          ],
          [
            26291.2,
            2728.79,
            -20307.5
          ]
        ],
        "unit_class": "dyn_foundation_7m",
        "objLayer": 1,
        "props": {
          "army": 1,
          "active": true
        }
      },
      {
        "name": "t1_cover_spaa_basis_39",
        "tm": [
          [
            0.951979,
            1.64501e-15,
            -0.306167
          ],
          [
            -1.36077e-15,
            1.0,
            1.14182e-15
          ],
          [
            0.306167,
            -6.70367e-16,
            0.951979
          ],
          [
            25774.2,
            2614.1,
            -16925.2
          ]
        ],
        "unit_class": "dyn_foundation_7m",
        "objLayer": 1,
        "props": {
          "army": 1,
          "active": true
        }
      },
      {
        "name": "t1_cover_spaa_basis_40",
        "tm": [
          [
            0.951979,
            1.64501e-15,
            -0.306167
          ],
          [
            -1.36077e-15,
            1.0,
            1.14182e-15
          ],
          [
            0.306167,
            -6.70367e-16,
            0.951979
          ],
          [
            26278.4,
            2766.05,
            -18329.7
          ]
        ],
        "unit_class": "dyn_foundation_7m",
        "objLayer": 1,
        "props": {
          "army": 1,
          "active": true
        }
      },
      {
        "name": "t1_target_objectgroup_03",
        "tm": [
          [
            0.994443,
            -4.52483e-16,
            0.105269
          ],
          [
            6.30796e-16,
            1.0,
            -1.66058e-15
          ],
          [
            -0.105269,
            1.71776e-15,
            0.994443
          ],
          [
            16821.3,
            2129.69,
            -19843.0
          ]
        ],
        "unit_class": "dyn_bomb_target_oil_refinery_1000_1000",
        "objLayer": 1,
        "props": {
          "army": 1,
          "active": true
        }
      },
      {
        "name": "t1_cover_spaa_basis_41",
        "tm": [
          [
            0.0652004,
            1.61592e-15,
            0.997871
          ],
          [
            6.30796e-16,
            1.0,
            -1.66058e-15
          ],
          [
            -0.997871,
            7.37725e-16,
            0.0652004
          ],
          [
            14815.8,
            2118.71,
            -20264.8
          ]
        ],
        "unit_class": "dyn_foundation_7m",
        "objLayer": 1,
        "props": {
          "army": 1,
          "active": true
        }
      },
      {
        "name": "t1_cover_spaa_basis_42",
        "tm": [
          [
            0.0652004,
            1.61592e-15,
            0.997871
          ],
          [
            6.30796e-16,
            1.0,
            -1.66058e-15
          ],
          [
            -0.997871,
            7.37725e-16,
            0.0652004
          ],
          [
            13431.8,
            2101.53,
            -20987.6
          ]
        ],
        "unit_class": "dyn_foundation_7m",
        "objLayer": 1,
        "props": {
          "army": 1,
          "active": true
        }
      },
      {
        "name": "t1_cover_spaa_basis_43",
        "tm": [
          [
            0.0652004,
            1.61592e-15,
            0.997871
          ],
          [
            6.30796e-16,
            1.0,
            -1.66058e-15
          ],
          [
            -0.997871,
            7.37725e-16,
            0.0652004
          ],
          [
            13481.8,
            2102.29,
            -19524.4
          ]
        ],
        "unit_class": "dyn_foundation_7m",
        "objLayer": 1,
        "props": {
          "army": 1,
          "active": true
        }
      },
      {
        "name": "t1_cover_spaa_basis_44",
        "tm": [
          [
            0.0652004,
            1.61592e-15,
            0.997871
          ],
          [
            6.30796e-16,
            1.0,
            -1.66058e-15
          ],
          [
            -0.997871,
            7.37725e-16,
            0.0652004
          ],
          [
            15134.9,
            2117.66,
            -22220.1
          ]
        ],
        "unit_class": "dyn_foundation_7m",
        "objLayer": 1,
        "props": {
          "army": 1,
          "active": true
        }
      },
      {
        "name": "t1_cover_spaa_basis_45",
        "tm": [
          [
            0.0652004,
            1.61592e-15,
            0.997871
          ],
          [
            6.30796e-16,
            1.0,
            -1.66058e-15
          ],
          [
            -0.997871,
            7.37725e-16,
            0.0652004
          ],
          [
            15003.3,
            2118.94,
            -21527.5
          ]
        ],
        "unit_class": "dyn_foundation_7m",
        "objLayer": 1,
        "props": {
          "army": 1,
          "active": true
        }
      },
      {
        "name": "t1_cover_spaa_basis_46",
        "tm": [
          [
            0.0652004,
            1.61592e-15,
            0.997871
          ],
          [
            6.30796e-16,
            1.0,
            -1.66058e-15
          ],
          [
            -0.997871,
            7.37725e-16,
            0.0652004
          ],
          [
            17487.7,
            2164.19,
            -21922.0
          ]
        ],
        "unit_class": "dyn_foundation_7m",
        "objLayer": 1,
        "props": {
          "army": 1,
          "active": true
        }
      },
      {
        "name": "t1_cover_spaa_basis_47",
        "tm": [
          [
            0.0652004,
            1.61592e-15,
            0.997871
          ],
          [
            6.30796e-16,
            1.0,
            -1.66058e-15
          ],
          [
            -0.997871,
            7.37725e-16,
            0.0652004
          ],
          [
            16847.6,
            2171.14,
            -22764.0
          ]
        ],
        "unit_class": "dyn_foundation_7m",
        "objLayer": 1,
        "props": {
          "army": 1,
          "active": true
        }
      },
      {
        "name": "t1_cover_spaa_basis_48",
        "tm": [
          [
            0.0652004,
            1.61592e-15,
            0.997871
          ],
          [
            6.30796e-16,
            1.0,
            -1.66058e-15
          ],
          [
            -0.997871,
            7.37725e-16,
            0.0652004
          ],
          [
            18288.3,
            2195.59,
            -22045.2
          ]
        ],
        "unit_class": "dyn_foundation_7m",
        "objLayer": 1,
        "props": {
          "army": 1,
          "active": true
        }
      },
      {
        "name": "t1_cover_spaa_basis_49",
        "tm": [
          [
            0.0652004,
            1.61592e-15,
            0.997871
          ],
          [
            6.30796e-16,
            1.0,
            -1.66058e-15
          ],
          [
            -0.997871,
            7.37725e-16,
            0.0652004
          ],
          [
            18728.5,
            2226.19,
            -21154.2
          ]
        ],
        "unit_class": "dyn_foundation_7m",
        "objLayer": 1,
        "props": {
          "army": 1,
          "active": true
        }
      },
      {
        "name": "t1_cover_spaa_basis_50",
        "tm": [
          [
            0.0652004,
            1.61592e-15,
            0.997871
          ],
          [
            6.30796e-16,
            1.0,
            -1.66058e-15
          ],
          [
            -0.997871,
            7.37725e-16,
            0.0652004
          ],
          [
            19293.8,
            2307.76,
            -20138.6
          ]
        ],
        "unit_class": "dyn_foundation_7m",
        "objLayer": 1,
        "props": {
          "army": 1,
          "active": true
        }
      },
      {
        "name": "t1_cover_spaa_basis_51",
        "tm": [
          [
            0.0652004,
            1.61592e-15,
            0.997871
          ],
          [
            6.30796e-16,
            1.0,
            -1.66058e-15
          ],
          [
            -0.997871,
            7.37725e-16,
            0.0652004
          ],
          [
            18011.4,
            2203.22,
            -18089.9
          ]
        ],
        "unit_class": "dyn_foundation_7m",
        "objLayer": 1,
        "props": {
          "army": 1,
          "active": true
        }
      },
      {
        "name": "t1_cover_spaa_basis_52",
        "tm": [
          [
            0.0652004,
            1.61592e-15,
            0.997871
          ],
          [
            6.30796e-16,
            1.0,
            -1.66058e-15
          ],
          [
            -0.997871,
            7.37725e-16,
            0.0652004
          ],
          [
            19715.2,
            2332.8,
            -18429.7
          ]
        ],
        "unit_class": "dyn_foundation_7m",
        "objLayer": 1,
        "props": {
          "army": 1,
          "active": true
        }
      },
      {
        "name": "t1_cover_spaa_basis_53",
        "tm": [
          [
            0.0652004,
            1.61592e-15,
            0.997871
          ],
          [
            6.30796e-16,
            1.0,
            -1.66058e-15
          ],
          [
            -0.997871,
            7.37725e-16,
            0.0652004
          ],
          [
            19041.4,
            2271.93,
            -17572.6
          ]
        ],
        "unit_class": "dyn_foundation_7m",
        "objLayer": 1,
        "props": {
          "army": 1,
          "active": true
        }
      },
      {
        "name": "t1_cover_spaa_basis_54",
        "tm": [
          [
            0.0652004,
            1.61592e-15,
            0.997871
          ],
          [
            6.30796e-16,
            1.0,
            -1.66058e-15
          ],
          [
            -0.997871,
            7.37725e-16,
            0.0652004
          ],
          [
            17961.1,
            2197.95,
            -17376.1
          ]
        ],
        "unit_class": "dyn_foundation_7m",
        "objLayer": 1,
        "props": {
          "army": 1,
          "active": true
        }
      },
      {
        "name": "t1_cover_spaa_basis_55",
        "tm": [
          [
            0.0652004,
            1.61592e-15,
            0.997871
          ],
          [
            6.30796e-16,
            1.0,
            -1.66058e-15
          ],
          [
            -0.997871,
            7.37725e-16,
            0.0652004
          ],
          [
            17546.7,
            2162.36,
            -16871.5
          ]
        ],
        "unit_class": "dyn_foundation_7m",
        "objLayer": 1,
        "props": {
          "army": 1,
          "active": true
        }
      },
      {
        "name": "t1_cover_spaa_basis_56",
        "tm": [
          [
            0.0652004,
            1.61592e-15,
            0.997871
          ],
          [
            6.30796e-16,
            1.0,
            -1.66058e-15
          ],
          [
            -0.997871,
            7.37725e-16,
            0.0652004
          ],
          [
            16765.9,
            2161.64,
