{
  "selected_tag": "",
  "bin_dump_file": "",
  "mission_settings": {
    "player": {
      "army": 1,
      "wing": [
        "t1_player01",
        "t1_player02",
        "t1_player03",
        "t1_player04",
        "t1_player05",
        "t1_player06",
        "t1_player07",
        "t1_player08",
        "t1_player09",
        "t1_player10",
        "t1_player11",
        "t1_player12",
        "t1_player13",
        "t1_player14",
        "t1_player15",
        "t1_player16",
        "t1_player17",
        "t1_player18",
        "t1_player19",
        "t1_player20",
        "t1_player21",
        "t1_player22",
        "t1_player23",
        "t1_player24",
        "t1_player25",
        "t1_player26",
        "t1_player27",
        "t1_player28",
        "t1_player29",
        "t1_player30",
        "t1_player31",
        "t1_player32"
      ]
    },
    "player_teamB": {
      "army": 2,
      "wing": [
        "t2_player01",
        "t2_player02",
        "t2_player03",
        "t2_player04",
        "t2_player05",
        "t2_player06",
        "t2_player07",
        "t2_player08",
        "t2_player09",
        "t2_player10",
        "t2_player11",
        "t2_player12",
        "t2_player13",
        "t2_player14",
        "t2_player15",
        "t2_player16",
        "t2_player17",
        "t2_player18",
        "t2_player19",
        "t2_player20",
        "t2_player21",
        "t2_player22",
        "t2_player23",
        "t2_player24",
        "t2_player25",
        "t2_player26",
        "t2_player27",
        "t2_player28",
        "t2_player29",
        "t2_player30",
        "t2_player31",
        "t2_player32"
      ]
    },
    "mission": {
      "type": "domination",
      "level": "levels/avg_egypt_sinai.bin",
      "environment": "Day",
      "weather": "clear",
      "customHUD": "power_plant_strbomb",
      "hideHudProgressIcons": true,
      "locNameTeamA": "missions/_strbomb/defensive;location/avg_egypt_sinai",
      "locNameTeamB": "missions/_strbomb/offensive;location/avg_egypt_sinai",
      "locDescTeamA": "missions/_strbomb/desc/defensive",
      "locDescTeamB": "missions/_strbomb/desc/offensive",
      "locName": "missions/_strbomb;location/avg_egypt_sinai",
      "scoreLimit": 10000,
      "timeLimit": 25,
      "deathPenaltyMul": 0.0,
      "postfix": "_strbomb",
      "allowEmptyTeams": false,
      "country_axis": "usa",
      "country_allies": "ussr",
      "restoreType": "attempts",
      "optionalTakeOff": false,
      "allowedUnitTypes": {
        "isAirplanesAllowed": true,
        "isTanksAllowed": false,
        "isShipsAllowed": false,
        "isHelicoptersAllowed": false
      }
    },
    "briefing": {
      "place_loc": "",
      "date_loc": "",
      "objective_loc": "",
      "music": "action_01",
      "part": {
        "event": "",
        "minTime": 0,
        "slide": {
          "map": true,
          "minTime": 4,
          "picture": "",
          "showAirMap": true,
          "icon": [
            {
              "icontype": "fighter",
              "side": "ally",
              "target": "t1_spawn_area_01_10",
              "lookAt": "t2_spawn_area_01_10"
            },
            {
              "icontype": "fighter",
              "side": "ally",
              "target": "t1_spawn_area_02_10",
              "lookAt": "t2_spawn_area_02_10"
            },
            {
              "icontype": "fighter",
              "side": "ally",
              "target": "t1_spawn_area_03_10",
              "lookAt": "t2_spawn_area_03_10"
            },
            {
              "icontype": "fighter",
              "side": "enemy",
              "target": "t2_spawn_area_01_10",
              "lookAt": "t1_spawn_area_01_10"
            },
            {
              "icontype": "fighter",
              "side": "enemy",
              "target": "t2_spawn_area_02_10",
              "lookAt": "t1_spawn_area_02_10"
            },
            {
              "icontype": "fighter",
              "side": "enemy",
              "target": "t2_spawn_area_03_10",
              "lookAt": "t1_spawn_area_03_10"
            }
          ],
          "battleArea": {
            "target": "briefing_area"
          }
        }
      }
    }
  },
  "imports": {
    "import_record": {
      "file": "gameData/missions/templates/air_templates/war_power_plant_strbomb_template.blk",
      "importAreas": true,
      "importUnits": true,
      "importTriggers": true,
      "importMissionObjectives": true,
      "importWayPoints": true,
      "importDialogs": true,
      "showAreas": true,
      "showUnits": true,
      "showTriggers": true,
      "showMissionObjectives": true,
      "showWayPoints": true,
      "showDialogs": true,
      "excludes": {}
    }
  },
  "triggers": {
    "isCategory": true,
    "is_enabled": true
  },
  "mission_objectives": {
    "isCategory": true,
    "is_enabled": true
  },
  "variables": {},
  "dialogs": {},
  "airfields": {},
  "effects": {},
  "units": {
    "objectGroups": [
      {
        "name": "t1_target_objectgroup_01",
        "tm": [
          [
            0.105614,
            0.0,
            -0.994407
          ],
          [
            0.0,
            1.0,
            0.0
          ],
          [
            0.994407,
            0.0,
            0.105614
          ],
          [
            -38531.9,
            226.25,
            14057.9
          ]
        ],
        "unit_class": "dyn_bomb_target_chp_sand_1000_1000",
        "objLayer": 1,
        "props": {
          "army": 1,
          "active": true
        }
      },
      {
        "name": "t1_cover_spaa_basis_01",
        "tm": [
          [
            -1.0,
            0.0,
            1.63913e-7
          ],
          [
            0.0,
            1.0,
            0.0
          ],
          [
            -1.63913e-7,
            0.0,
            -1.0
          ],
          [
            -37718.2,
            176.947,
            11845.6
          ]
        ],
        "unit_class": "dyn_foundation_7m",
        "objLayer": 1,
        "props": {
          "army": 1,
          "active": true
        }
      },
      {
        "name": "t1_cover_spaa_basis_02",
        "tm": [
          [
            -1.0,
            0.0,
            1.63913e-7
          ],
          [
            0.0,
            1.0,
            0.0
          ],
          [
            -1.63913e-7,
            0.0,
            -1.0
          ],
          [
            -35691.6,
            160.796,
            13451.3
          ]
        ],
        "unit_class": "dyn_foundation_7m",
        "objLayer": 1,
        "props": {
          "army": 1,
          "active": true
        }
      },
      {
        "name": "t1_cover_spaa_basis_03",
        "tm": [
          [
            -1.0,
            0.0,
            1.63913e-7
          ],
          [
            0.0,
            1.0,
            0.0
          ],
          [
            -1.63913e-7,
            0.0,
            -1.0
          ],
          [
            -37247.6,
            166.186,
            10904.9
          ]
        ],
        "unit_class": "dyn_foundation_7m",
        "objLayer": 1,
        "props": {
          "army": 1,
          "active": true
        }
      },
      {
        "name": "t1_cover_spaa_basis_04",
        "tm": [
          [
            -1.0,
            0.0,
            1.63913e-7
          ],
          [
            0.0,
            1.0,
            0.0
          ],
          [
            -1.63913e-7,
            0.0,
            -1.0
          ],
          [
            -35478.9,
            138.562,
            11845.4
          ]
        ],
        "unit_class": "dyn_foundation_7m",
        "objLayer": 1,
        "props": {
          "army": 1,
          "active": true
        }
      },
      {
        "name": "t1_cover_spaa_basis_05",
        "tm": [
          [
            -1.0,
            0.0,
            1.63913e-7
          ],
          [
            0.0,
            1.0,
            0.0
          ],
          [
            -1.63913e-7,
            0.0,
            -1.0
          ],
          [
            -36661.3,
            160.349,
            12467.9
          ]
        ],
        "unit_class": "dyn_foundation_7m",
        "objLayer": 1,
        "props": {
          "army": 1,
          "active": true
        }
      },
      {
        "name": "t1_cover_spaa_basis_06",
        "tm": [
          [
            -1.0,
            0.0,
            1.63913e-7
          ],
          [
            0.0,
            1.0,
            0.0
          ],
          [
            -1.63913e-7,
            0.0,
            -1.0
          ],
          [
            -36429.7,
            145.778,
            14972.9
          ]
        ],
        "unit_class": "dyn_foundation_7m",
        "objLayer": 1,
        "props": {
          "army": 1,
          "active": true
        }
      },
      {
        "name": "t1_cover_spaa_basis_07",
        "tm": [
          [
            -1.0,
            0.0,
            1.63913e-7
          ],
          [
            0.0,
            1.0,
            0.0
          ],
          [
            -1.63913e-7,
            0.0,
            -1.0
          ],
          [
            -35662.6,
            160.395,
            14316.2
          ]
        ],
        "unit_class": "dyn_foundation_7m",
        "objLayer": 1,
        "props": {
          "army": 1,
          "active": true
        }
      },
      {
        "name": "t1_cover_spaa_basis_08",
        "tm": [
          [
            -1.0,
            0.0,
            1.63913e-7
          ],
          [
            0.0,
            1.0,
            0.0
          ],
          [
            -1.63913e-7,
            0.0,
            -1.0
          ],
          [
            -35680.9,
            133.216,
            15322.3
          ]
        ],
        "unit_class": "dyn_foundation_7m",
        "objLayer": 1,
        "props": {
          "army": 1,
          "active": true
        }
      },
      {
        "name": "t1_cover_spaa_basis_09",
        "tm": [
          [
            -1.0,
            0.0,
            1.63913e-7
          ],
          [
            0.0,
            1.0,
            0.0
          ],
          [
            -1.63913e-7,
            0.0,
            -1.0
          ],
          [
            -36111.4,
            142.889,
            16191.6
          ]
        ],
        "unit_class": "dyn_foundation_7m",
        "objLayer": 1,
        "props": {
          "army": 1,
          "active": true
        }
      },
      {
        "name": "t1_cover_spaa_basis_10",
        "tm": [
          [
            -1.0,
            0.0,
            1.63913e-7
          ],
          [
            0.0,
            1.0,
            0.0
          ],
          [
            -1.63913e-7,
            0.0,
            -1.0
          ],
          [
            -37365.0,
            172.807,
            17188.1
          ]
        ],
        "unit_class": "dyn_foundation_7m",
        "objLayer": 1,
        "props": {
          "army": 1,
          "active": true
        }
      },
      {
        "name": "t1_cover_spaa_basis_11",
        "tm": [
          [
            -1.0,
            0.0,
            1.63913e-7
          ],
          [
            0.0,
            1.0,
            0.0
          ],
          [
            -1.63913e-7,
            0.0,
            -1.0
          ],
          [
            -38331.0,
            188.956,
            16341.4
          ]
        ],
        "unit_class": "dyn_foundation_7m",
        "objLayer": 1,
        "props": {
          "army": 1,
          "active": true
        }
      },
      {
        "name": "t1_cover_spaa_basis_12",
        "tm": [
          [
            -1.0,
            0.0,
            1.63913e-7
          ],
          [
            0.0,
            1.0,
            0.0
          ],
          [
            -1.63913e-7,
            0.0,
            -1.0
          ],
          [
            -40210.8,
            249.523,
            16328.3
          ]
        ],
        "unit_class": "dyn_foundation_7m",
        "objLayer": 1,
        "props": {
          "army": 1,
          "active": true
        }
      },
      {
        "name": "t1_cover_spaa_basis_13",
        "tm": [
          [
            -1.0,
            0.0,
            1.63913e-7
          ],
          [
            0.0,
            1.0,
            0.0
          ],
          [
            -1.63913e-7,
            0.0,
            -1.0
          ],
          [
            -40164.3,
            250.514,
            15371.8
          ]
        ],
        "unit_class": "dyn_foundation_7m",
        "objLayer": 1,
        "props": {
          "army": 1,
          "active": true
        }
      },
      {
        "name": "t1_cover_spaa_basis_14",
        "tm": [
          [
            -1.0,
            0.0,
            1.63913e-7
          ],
          [
            0.0,
            1.0,
            0.0
          ],
          [
            -1.63913e-7,
            0.0,
            -1.0
          ],
          [
            -40371.8,
            220.993,
            14614.9
          ]
        ],
        "unit_class": "dyn_foundation_7m",
        "objLayer": 1,
        "props": {
          "army": 1,
          "active": true
        }
      },
      {
        "name": "t1_cover_spaa_basis_15",
        "tm": [
          [
            -1.0,
            0.0,
            1.63913e-7
          ],
          [
            0.0,
            1.0,
            0.0
          ],
          [
            -1.63913e-7,
            0.0,
            -1.0
          ],
          [
            -39457.5,
            224.625,
            15313.5
          ]
        ],
        "unit_class": "dyn_foundation_7m",
        "objLayer": 1,
        "props": {
          "army": 1,
          "active": true
        }
      },
      {
        "name": "t1_cover_spaa_basis_16",
        "tm": [
          [
            -1.0,
            0.0,
            1.63913e-7
          ],
          [
            0.0,
            1.0,
            0.0
          ],
          [
            -1.63913e-7,
            0.0,
            -1.0
          ],
          [
            -39716.6,
            199.136,
            11037.2
          ]
        ],
        "unit_class": "dyn_foundation_7m",
        "objLayer": 1,
        "props": {
          "army": 1,
          "active": true
        }
      },
      {
        "name": "t1_cover_spaa_basis_17",
        "tm": [
          [
            -1.0,
            0.0,
            1.63913e-7
          ],
          [
            0.0,
            1.0,
            0.0
          ],
          [
            -1.63913e-7,
            0.0,
            -1.0
          ],
          [
            -38984.2,
            197.479,
            11829.1
          ]
        ],
        "unit_class": "dyn_foundation_7m",
        "objLayer": 1,
        "props": {
          "army": 1,
          "active": true
        }
      },
      {
        "name": "t1_cover_spaa_basis_18",
        "tm": [
          [
            -1.0,
            0.0,
            1.63913e-7
          ],
          [
            0.0,
            1.0,
            0.0
          ],
          [
            -1.63913e-7,
            0.0,
            -1.0
          ],
          [
            -41253.9,
            238.893,
            11906.3
          ]
        ],
        "unit_class": "dyn_foundation_7m",
        "objLayer": 1,
        "props": {
          "army": 1,
          "active": true
        }
      },
      {
        "name": "t1_cover_spaa_basis_19",
        "tm": [
          [
            -1.0,
            0.0,
            1.63913e-7
          ],
          [
            0.0,
            1.0,
            0.0
          ],
          [
            -1.63913e-7,
            0.0,
            -1.0
          ],
          [
            -38702.6,
            199.448,
            11056.8
          ]
        ],
        "unit_class": "dyn_foundation_7m",
        "objLayer": 1,
        "props": {
          "army": 1,
          "active": true
        }
      },
      {
        "name": "t1_cover_spaa_basis_20",
        "tm": [
          [
            -1.0,
            0.0,
            1.63913e-7
          ],
          [
            0.0,
            1.0,
            0.0
          ],
          [
            -1.63913e-7,
            0.0,
            -1.0
          ],
          [
            -40586.1,
            251.293,
            12700.6
          ]
        ],
        "unit_class": "dyn_foundation_7m",
        "objLayer": 1,
        "props": {
          "army": 1,
          "active": true
        }
      },
      {
        "name": "t1_target_objectgroup_02",
        "tm": [
          [
            -0.158748,
            0.0,
            0.987318
          ],
          [
            0.0,
            1.0,
            0.0
          ],
          [
            -0.987318,
            0.0,
            -0.158748
          ],
          [
            -29221.8,
            68.3857,
            13847.3
          ]
        ],
        "unit_class": "dyn_bomb_target_chp_sand_1000_1000",
        "objLayer": 1,
        "props": {
          "army": 1,
          "active": true
        }
      },
      {
        "name": "t1_cover_spaa_basis_21",
        "tm": [
          [
            -0.0493439,
            0.0,
            -0.998782
          ],
          [
            0.0,
            1.0,
            0.0
          ],
          [
            0.998782,
            0.0,
            -0.0493439
          ],
          [
            -27711.8,
            43.8895,
            14406.5
          ]
        ],
        "unit_class": "dyn_foundation_7m",
        "objLayer": 1,
        "props": {
          "army": 1,
          "active": true
        }
      },
      {
        "name": "t1_cover_spaa_basis_22",
        "tm": [
          [
            -0.0493439,
            0.0,
            -0.998782
          ],
          [
            0.0,
            1.0,
            0.0
          ],
          [
            0.998782,
            0.0,
            -0.0493439
          ],
          [
            -29010.3,
            65.8758,
            16381.9
          ]
        ],
        "unit_class": "dyn_foundation_7m",
        "objLayer": 1,
        "props": {
          "army": 1,
          "active": true
        }
      },
      {
        "name": "t1_cover_spaa_basis_23",
        "tm": [
          [
            -0.0493439,
            0.0,
            -0.998782
          ],
          [
            0.0,
            1.0,
            0.0
          ],
          [
            0.998782,
            0.0,
            -0.0493439
          ],
          [
            -27722.9,
            44.5899,
            15341.0
          ]
        ],
        "unit_class": "dyn_foundation_7m",
        "objLayer": 1,
        "props": {
          "army": 1,
          "active": true
        }
      },
      {
        "name": "t1_cover_spaa_basis_24",
        "tm": [
          [
            -0.0493439,
            0.0,
            -0.998782
          ],
          [
            0.0,
            1.0,
            0.0
          ],
          [
            0.998782,
            0.0,
            -0.0493439
          ],
          [
            -28135.1,
            72.8214,
            16292.7
          ]
        ],
        "unit_class": "dyn_foundation_7m",
        "objLayer": 1,
        "props": {
          "army": 1,
          "active": true
        }
      },
      {
        "name": "t1_cover_spaa_basis_25",
        "tm": [
          [
            -0.0493439,
            0.0,
            -0.998782
          ],
          [
            0.0,
            1.0,
            0.0
          ],
          [
            0.998782,
            0.0,
            -0.0493439
          ],
          [
            -28606.0,
            67.1372,
            15546.8
          ]
        ],
        "unit_class": "dyn_foundation_7m",
        "objLayer": 1,
        "props": {
          "army": 1,
          "active": true
        }
      },
      {
        "name": "t1_cover_spaa_basis_26",
        "tm": [
          [
            -0.0493439,
            0.0,
            -0.998782
          ],
          [
            0.0,
            1.0,
            0.0
          ],
          [
            0.998782,
            0.0,
            -0.0493439
          ],
          [
            -30478.5,
            66.4202,
            15972.0
          ]
        ],
        "unit_class": "dyn_foundation_7m",
        "objLayer": 1,
        "props": {
          "army": 1,
          "active": true
        }
      },
      {
        "name": "t1_cover_spaa_basis_27",
        "tm": [
          [
            -0.0493439,
            0.0,
            -0.998782
          ],
          [
            0.0,
            1.0,
            0.0
          ],
          [
            0.998782,
            0.0,
            -0.0493439
          ],
          [
            -29486.0,
            58.3386,
            15849.4
          ]
        ],
        "unit_class": "dyn_foundation_7m",
        "objLayer": 1,
        "props": {
          "army": 1,
          "active": true
        }
      },
      {
        "name": "t1_cover_spaa_basis_28",
        "tm": [
          [
            -0.0493439,
            0.0,
            -0.998782
          ],
          [
            0.0,
            1.0,
            0.0
          ],
          [
            0.998782,
            0.0,
            -0.0493439
          ],
          [
            -30000.1,
            61.1828,
            15548.2
          ]
        ],
        "unit_class": "dyn_foundation_7m",
        "objLayer": 1,
        "props": {
          "army": 1,
          "active": true
        }
      },
      {
        "name": "t1_cover_spaa_basis_29",
        "tm": [
          [
            -0.0493439,
            0.0,
            -0.998782
          ],
          [
            0.0,
            1.0,
            0.0
          ],
          [
            0.998782,
            0.0,
            -0.0493439
          ],
          [
            -31430.2,
            98.5043,
            15228.2
          ]
        ],
        "unit_class": "dyn_foundation_7m",
        "objLayer": 1,
        "props": {
          "army": 1,
          "active": true
        }
      },
      {
        "name": "t1_cover_spaa_basis_30",
        "tm": [
          [
            -0.0493439,
            0.0,
            -0.998782
          ],
          [
            0.0,
            1.0,
            0.0
          ],
          [
            0.998782,
            0.0,
            -0.0493439
          ],
          [
            -31903.0,
            72.7549,
            14040.5
          ]
        ],
        "unit_class": "dyn_foundation_7m",
        "objLayer": 1,
        "props": {
          "army": 1,
          "active": true
        }
      },
      {
        "name": "t1_cover_spaa_basis_31",
        "tm": [
          [
            -0.0493439,
            0.0,
            -0.998782
          ],
          [
            0.0,
            1.0,
            0.0
          ],
          [
            0.998782,
            0.0,
            -0.0493439
          ],
          [
            -31937.0,
            93.417,
            12917.5
          ]
        ],
        "unit_class": "dyn_foundation_7m",
        "objLayer": 1,
        "props": {
          "army": 1,
          "active": true
        }
      },
      {
        "name": "t1_cover_spaa_basis_32",
        "tm": [
          [
            -0.0493439,
            0.0,
            -0.998782
          ],
          [
            0.0,
            1.0,
            0.0
          ],
          [
            0.998782,
            0.0,
            -0.0493439
          ],
          [
            -31313.0,
            89.9066,
            12017.1
          ]
        ],
        "unit_class": "dyn_foundation_7m",
        "objLayer": 1,
        "props": {
          "army": 1,
          "active": true
        }
      },
      {
        "name": "t1_cover_spaa_basis_33",
        "tm": [
          [
            -0.0493439,
            0.0,
            -0.998782
          ],
          [
            0.0,
            1.0,
            0.0
          ],
          [
            0.998782,
            0.0,
            -0.0493439
          ],
          [
            -31706.5,
            94.8215,
            11333.0
          ]
        ],
        "unit_class": "dyn_foundation_7m",
        "objLayer": 1,
        "props": {
          "army": 1,
          "active": true
        }
      },
      {
        "name": "t1_cover_spaa_basis_34",
        "tm": [
          [
            -0.0493439,
            0.0,
            -0.998782
          ],
          [
            0.0,
            1.0,
            0.0
          ],
          [
            0.998782,
            0.0,
            -0.0493439
          ],
          [
            -30851.9,
            69.6544,
            10855.5
          ]
        ],
        "unit_class": "dyn_foundation_7m",
        "objLayer": 1,
        "props": {
          "army": 1,
          "active": true
        }
      },
      {
        "name": "t1_cover_spaa_basis_35",
        "tm": [
          [
            -0.0493439,
            0.0,
            -0.998782
          ],
          [
            0.0,
            1.0,
            0.0
          ],
          [
            0.998782,
            0.0,
            -0.0493439
          ],
          [
            -29727.5,
            75.6152,
            10486.0
          ]
        ],
        "unit_class": "dyn_foundation_7m",
        "objLayer": 1,
        "props": {
          "army": 1,
          "active": true
        }
      },
      {
        "name": "t1_cover_spaa_basis_36",
        "tm": [
          [
            -0.0493439,
            0.0,
            -0.998782
          ],
          [
            0.0,
            1.0,
            0.0
          ],
          [
            0.998782,
            0.0,
            -0.0493439
          ],
          [
            -29187.2,
            69.9028,
            11083.9
          ]
        ],
        "unit_class": "dyn_foundation_7m",
        "objLayer": 1,
        "props": {
          "army": 1,
          "active": true
        }
      },
      {
        "name": "t1_cover_spaa_basis_37",
        "tm": [
          [
            -0.0493439,
            0.0,
            -0.998782
          ],
          [
            0.0,
            1.0,
            0.0
          ],
          [
            0.998782,
            0.0,
            -0.0493439
          ],
          [
            -28280.0,
            63.5377,
            10830.0
          ]
        ],
        "unit_class": "dyn_foundation_7m",
        "objLayer": 1,
        "props": {
          "army": 1,
          "active": true
        }
      },
      {
        "name": "t1_cover_spaa_basis_38",
        "tm": [
          [
            -0.0493439,
            0.0,
            -0.998782
          ],
          [
            0.0,
            1.0,
            0.0
          ],
          [
            0.998782,
            0.0,
            -0.0493439
          ],
          [
            -28154.2,
            60.5987,
            11732.8
          ]
        ],
        "unit_class": "dyn_foundation_7m",
        "objLayer": 1,
        "props": {
          "army": 1,
          "active": true
        }
      },
      {
        "name": "t1_cover_spaa_basis_39",
        "tm": [
          [
            -0.0493439,
            0.0,
            -0.998782
          ],
          [
            0.0,
            1.0,
            0.0
          ],
          [
            0.998782,
            0.0,
            -0.0493439
          ],
          [
            -27701.0,
            50.5199,
            12333.4
          ]
        ],
        "unit_class": "dyn_foundation_7m",
        "objLayer": 1,
        "props": {
          "army": 1,
          "active": true
        }
      },
      {
        "name": "t1_cover_spaa_basis_40",
        "tm": [
          [
            -0.0493439,
            0.0,
            -0.998782
          ],
          [
            0.0,
            1.0,
            0.0
          ],
          [
            0.998782,
            0.0,
            -0.0493439
          ],
          [
            -27535.8,
            48.5202,
            11201.6
          ]
        ],
        "unit_class": "dyn_foundation_7m",
        "objLayer": 1,
        "props": {
          "army": 1,
          "active": true
        }
      },
      {
        "name": "t1_target_objectgroup_03",
        "tm": [
          [
            -0.540867,
            0.0,
            0.841107
          ],
          [
            0.0,
            1.0,
            0.0
          ],
          [
            -0.841107,
            0.0,
            -0.540867
          ],
          [
            -22181.3,
            135.6,
            13946.8
          ]
        ],
        "unit_class": "dyn_bomb_target_chp_sand_1000_1000",
        "objLayer": 1,
        "props": {
          "army": 1,
          "active": true
        }
      },
      {
        "name": "t1_cover_spaa_basis_41",
        "tm": [
          [
            -0.920766,
            0.0,
            -0.390115
          ],
          [
            0.0,
            1.0,
            0.0
          ],
          [
            0.390115,
            0.0,
            -0.920766
          ],
          [
            -21094.0,
            113.885,
            12208.9
          ]
        ],
        "unit_class": "dyn_foundation_7m",
        "objLayer": 1,
        "props": {
          "army": 1,
          "active": true
        }
      },
      {
        "name": "t1_cover_spaa_basis_42",
        "tm": [
          [
            -0.920766,
            0.0,
            -0.390115
          ],
          [
            0.0,
            1.0,
            0.0
          ],
          [
            0.390115,
            0.0,
            -0.920766
          ],
          [
            -19837.8,
            142.413,
            11669.8
          ]
        ],
        "unit_class": "dyn_foundation_7m",
        "objLayer": 1,
        "props": {
          "army": 1,
          "active": true
        }
      },
      {
        "name": "t1_cover_spaa_basis_43",
        "tm": [
          [
            -0.920766,
            0.0,
            -0.390115
          ],
          [
            0.0,
            1.0,
            0.0
          ],
          [
            0.390115,
            0.0,
            -0.920766
          ],
          [
            -20965.6,
            123.032,
            10820.2
          ]
        ],
        "unit_class": "dyn_foundation_7m",
        "objLayer": 1,
        "props": {
          "army": 1,
          "active": true
        }
      },
      {
        "name": "t1_cover_spaa_basis_44",
        "tm": [
          [
            -0.920766,
            0.0,
            -0.390115
          ],
          [
            0.0,
            1.0,
            0.0
          ],
          [
            0.390115,
            0.0,
            -0.920766
          ],
          [
            -19300.0,
            182.71,
            13508.3
          ]
        ],
        "unit_class": "dyn_foundation_7m",
        "objLayer": 1,
        "props": {
          "army": 1,
          "active": true
        }
      },
      {
        "name": "t1_cover_spaa_basis_45",
        "tm": [
          [
            -0.920766,
            0.0,
            -0.390115
          ],
          [
            0.0,
            1.0,
            0.0
          ],
          [
            0.390115,
            0.0,
            -0.920766
          ],
          [
            -19859.6,
            157.934,
            13079.5
          ]
        ],
        "unit_class": "dyn_foundation_7m",
        "objLayer": 1,
        "props": {
          "army": 1,
          "active": true
        }
      },
      {
        "name": "t1_cover_spaa_basis_46",
        "tm": [
          [
            -0.920766,
            0.0,
            -0.390115
          ],
          [
            0.0,
            1.0,
            0.0
          ],
          [
            0.390115,
            0.0,
            -0.920766
          ],
          [
            -20623.5,
            159.894,
            15476.3
          ]
        ],
        "unit_class": "dyn_foundation_7m",
        "objLayer": 1,
        "props": {
          "army": 1,
          "active": true
        }
      },
      {
        "name": "t1_cover_spaa_basis_47",
        "tm": [
          [
            -0.920766,
            0.0,
            -0.390115
          ],
          [
            0.0,
            1.0,
            0.0
          ],
          [
            0.390115,
            0.0,
            -0.920766
          ],
          [
            -19583.7,
            177.531,
            15282.8
          ]
        ],
        "unit_class": "dyn_foundation_7m",
        "objLayer": 1,
        "props": {
          "army": 1,
          "active": true
        }
      },
      {
        "name": "t1_cover_spaa_basis_48",
        "tm": [
          [
            -0.920766,
            0.0,
            -0.390115
          ],
          [
            0.0,
            1.0,
            0.0
          ],
          [
            0.390115,
            0.0,
            -0.920766
          ],
          [
            -20873.2,
            161.016,
            16246.9
          ]
        ],
        "unit_class": "dyn_foundation_7m",
        "objLayer": 1,
        "props": {
          "army": 1,
          "active": true
        }
      },
      {
        "name": "t1_cover_spaa_basis_49",
        "tm": [
          [
            -0.920766,
            0.0,
            -0.390115
          ],
          [
            0.0,
            1.0,
            0.0
          ],
          [
            0.390115,
            0.0,
            -0.920766
          ],
          [
            -21866.9,
            136.735,
            16239.8
          ]
        ],
        "unit_class": "dyn_foundation_7m",
        "objLayer": 1,
        "props": {
          "army": 1,
          "active": true
        }
      },
      {
        "name": "t1_cover_spaa_basis_50",
        "tm": [
          [
            -0.920766,
            0.0,
            -0.390115
          ],
          [
            0.0,
            1.0,
            0.0
          ],
          [
            0.390115,
            0.0,
            -0.920766
          ],
          [
            -23028.2,
            121.157,
            16288.5
          ]
        ],
        "unit_class": "dyn_foundation_7m",
        "objLayer": 1,
        "props": {
          "army": 1,
          "active": true
        }
      },
      {
        "name": "t1_cover_spaa_basis_51",
        "tm": [
          [
            -0.920766,
            0.0,
            -0.390115
          ],
          [
            0.0,
            1.0,
            0.0
          ],
          [
            0.390115,
            0.0,
            -0.920766
          ],
          [
            -24282.3,
            75.766,
            14222.3
          ]
        ],
        "unit_class": "dyn_foundation_7m",
        "objLayer": 1,
        "props": {
          "army": 1,
          "active": true
        }
      },
      {
        "name": "t1_cover_spaa_basis_52",
        "tm": [
          [
            -0.920766,
            0.0,
            -0.390115
          ],
          [
            0.0,
            1.0,
            0.0
          ],
          [
            0.390115,
            0.0,
            -0.920766
          ],
          [
            -23820.0,
            91.6598,
            15495.0
          ]
        ],
        "unit_class": "dyn_foundation_7m",
        "objLayer": 1,
        "props": {
          "army": 1,
          "active": true
        }
      },
      {
        "name": "t1_cover_spaa_basis_53",
        "tm": [
          [
            -0.920766,
            0.0,
            -0.390115
          ],
          [
            0.0,
            1.0,
            0.0
          ],
          [
            0.390115,
            0.0,
            -0.920766
          ],
          [
            -24636.2,
            81.5505,
            14766.8
          ]
        ],
        "unit_class": "dyn_foundation_7m",
        "objLayer": 1,
        "props": {
          "army": 1,
          "active": true
        }
      },
      {
        "name": "t1_cover_spaa_basis_54",
        "tm": [
          [
            -0.920766,
            0.0,
            -0.390115
          ],
          [
            0.0,
            1.0,
            0.0
          ],
          [
            0.390115,
            0.0,
            -0.920766
          ],
          [
            -24897.3,
            63.0058,
            13856.6
          ]
        ],
        "unit_class": "dyn_foundation_7m",
        "objLayer": 1,
        "props": {
          "army": 1,
          "active": true
        }
      },
      {
        "name": "t1_cover_spaa_basis_55",
        "tm": [
          [
            -0.920766,
            0.0,
            -0.390115
          ],
          [
            0.0,
            1.0,
            0.0
          ],
          [
            0.390115,
            0.0,
            -0.920766
          ],
          [
            -24424.0,
            60.6895,
            12931.9
          ]
        ],
        "unit_class": "dyn_foundation_7m",
        "objLayer": 1,
        "props": {
          "army": 1,
          "active": true
        }
      },
      {
        "name": "t1_cover_spaa_basis_56",
        "tm": [
          [
            -0.920766,
            0.0,
            -0.390115
          ],
          [
            0.0,
            1.0,
            0.0
          ],
          [
            0.390115,
            0.0,
            -0.920766
          ],
          [
            -24668.7,
            58.2371,
            12259.7
          ]
        ],
        "unit_class": "dyn_foundation_7m",
        "objLayer": 1,
        "props": {
          "army": 1,
          "active": true
        }
      },
      {
        "name": "t1_cover_spaa_basis_57",
        "tm": [
          [
            -0.920766,
            0.0,
            -0.390115
          ],
          [
            0.0,
            1.0,
            0.0
          ],
          [
            0.390115,
            0.0,
            -0.920766
          ],
          [
            -24304.8,
            58.1144,
            11348.8
          ]
        ],
        "unit_class": "dyn_foundation_7m",
        "objLayer": 1,
        "props": {
          "army": 1,
          "active": true
        }
      },
      {
        "name": "t1_cover_spaa_basis_58",
        "tm": [
          [
            -0.920766,
            0.0,
            -0.390115
          ],
          [
            0.0,
            1.0,
            0.0
          ],
          [
            0.390115,
            0.0,
            -0.920766
          ],
          [
            -23114.9,
            77.3281,
            11620.8
          ]
        ],
        "unit_class": "dyn_foundation_7m",
        "objLayer": 1,
        "props": {
          "army": 1,
          "active": true
        }
      },
      {
        "name": "t1_cover_spaa_basis_59",
        "tm": [
          [
            -0.920766,
            0.0,
            -0.390115
          ],
          [
            0.0,
            1.0,
            0.0
          ],
          [
            0.390115,
            0.0,
            -0.920766
          ],
          [
            -22036.6,
            94.8231,
            10675.6
          ]
        ],
        "unit_class": "dyn_foundation_7m",
        "objLayer": 1,
        "props": {
          "army": 1,
          "active": true
        }
      },
      {
        "name": "t1_cover_spaa_basis_60",
        "tm": [
          [
            -0.920766,
            0.0,
            -0.390115
          ],
