{
  "selected_tag": "",
  "bin_dump_file": "",
  "mission_settings": {
    "player": {
      "army": 1,
      "wing": [
        "t1_player01",
        "t1_player02",
        "t1_player03",
        "t1_player04",
        "t1_player05",
        "t1_player06",
        "t1_player07",
        "t1_player08",
        "t1_player09",
        "t1_player10",
        "t1_player11",
        "t1_player12",
        "t1_player13",
        "t1_player14",
        "t1_player15",
        "t1_player16",
        "t1_player17",
        "t1_player18",
        "t1_player19",
        "t1_player20",
        "t1_player21",
        "t1_player22",
        "t1_player23",
        "t1_player24",
        "t1_player25",
        "t1_player26",
        "t1_player27",
        "t1_player28",
        "t1_player29",
        "t1_player30",
        "t1_player31",
        "t1_player32"
      ]
    },
    "player_teamB": {
      "army": 2,
      "wing": [
        "t2_player01",
        "t2_player02",
        "t2_player03",
        "t2_player04",
        "t2_player05",
        "t2_player06",
        "t2_player07",
        "t2_player08",
        "t2_player09",
        "t2_player10",
        "t2_player11",
        "t2_player12",
        "t2_player13",
        "t2_player14",
        "t2_player15",
        "t2_player16",
        "t2_player17",
        "t2_player18",
        "t2_player19",
        "t2_player20",
        "t2_player21",
        "t2_player22",
        "t2_player23",
        "t2_player24",
        "t2_player25",
        "t2_player26",
        "t2_player27",
        "t2_player28",
        "t2_player29",
        "t2_player30",
        "t2_player31",
        "t2_player32"
      ]
    },
    "mission": {
      "type": "domination",
      "level": "levels/air_israel.bin",
      "environment": "Day",
      "weather": "clear",
      "customHUD": "power_plant_strbomb",
      "hideHudProgressIcons": true,
      "locNameTeamA": "missions/_strbomb/defensive;location/air_israel",
      "locNameTeamB": "missions/_strbomb/offensive;location/air_israel",
      "locDescTeamA": "missions/_strbomb/desc/defensive",
      "locDescTeamB": "missions/_strbomb/desc/offensive",
      "locName": "missions/_strbomb;location/air_israel",
      "scoreLimit": 10000,
      "timeLimit": 25,
      "deathPenaltyMul": 0.0,
      "postfix": "_strbomb",
      "allowEmptyTeams": false,
      "country_axis": "usa",
      "country_allies": "ussr",
      "restoreType": "attempts",
      "optionalTakeOff": false,
      "allowedUnitTypes": {
        "isAirplanesAllowed": true,
        "isTanksAllowed": false,
        "isShipsAllowed": false,
        "isHelicoptersAllowed": false
      }
    },
    "briefing": {
      "place_loc": "",
      "date_loc": "",
      "objective_loc": "",
      "music": "action_01",
      "part": {
        "event": "",
        "minTime": 0,
        "slide": {
          "map": true,
          "minTime": 4,
          "picture": "",
          "showAirMap": true,
          "icon": [
            {
              "icontype": "fighter",
              "side": "ally",
              "target": "t1_spawn_area_01_10",
              "lookAt": "t2_spawn_area_01_10"
            },
            {
              "icontype": "fighter",
              "side": "ally",
              "target": "t1_spawn_area_02_10",
              "lookAt": "t2_spawn_area_02_10"
            },
            {
              "icontype": "fighter",
              "side": "ally",
              "target": "t1_spawn_area_03_10",
              "lookAt": "t2_spawn_area_03_10"
            },
            {
              "icontype": "fighter",
              "side": "enemy",
              "target": "t2_spawn_area_01_10",
              "lookAt": "t1_spawn_area_01_10"
            },
            {
              "icontype": "fighter",
              "side": "enemy",
              "target": "t2_spawn_area_02_10",
              "lookAt": "t1_spawn_area_02_10"
            },
            {
              "icontype": "fighter",
              "side": "enemy",
              "target": "t2_spawn_area_03_10",
              "lookAt": "t1_spawn_area_03_10"
            }
          ],
          "battleArea": {
            "target": "briefing_area"
          }
        }
      }
    }
  },
  "imports": {
    "import_record": {
      "file": "gameData/missions/templates/air_templates/war_power_plant_strbomb_template.blk",
      "importAreas": true,
      "importUnits": true,
      "importTriggers": true,
      "importMissionObjectives": true,
      "importWayPoints": true,
      "importDialogs": true,
      "showAreas": true,
      "showUnits": true,
      "showTriggers": true,
      "showMissionObjectives": true,
      "showWayPoints": true,
      "showDialogs": true,
      "excludes": {}
    }
  },
  "triggers": {
    "isCategory": true,
    "is_enabled": true
  },
  "mission_objectives": {
    "isCategory": true,
    "is_enabled": true
  },
  "variables": {},
  "dialogs": {},
  "airfields": {},
  "effects": {},
  "units": {
    "objectGroups": [
      {
        "name": "t1_target_objectgroup_01",
        "tm": [
          [
            0.0185442,
            0.0,
            -0.999828
          ],
          [
            0.0,
            1.0,
            0.0
          ],
          [
            0.999828,
            0.0,
            0.0185442
          ],
          [
            -15986.1,
            143.508,
            -4994.2
          ]
        ],
        "unit_class": "dyn_bomb_target_chp_1000_1000",
        "objLayer": 1,
        "props": {
          "army": 1,
          "active": true
        }
      },
      {
        "name": "t1_cover_spaa_basis_01",
        "tm": [
          [
            -0.996195,
            0.0,
            -0.0871556
          ],
          [
            0.0,
            1.0,
            0.0
          ],
          [
            0.0871556,
            0.0,
            -0.996195
          ],
          [
            -14460.9,
            178.397,
            -7110.32
          ]
        ],
        "unit_class": "dyn_foundation_7m",
        "objLayer": 1,
        "props": {
          "army": 1,
          "active": true
        }
      },
      {
        "name": "t1_cover_spaa_basis_02",
        "tm": [
          [
            -0.996195,
            0.0,
            -0.0871556
          ],
          [
            0.0,
            1.0,
            0.0
          ],
          [
            0.0871556,
            0.0,
            -0.996195
          ],
          [
            -13114.5,
            249.4,
            -5470.84
          ]
        ],
        "unit_class": "dyn_foundation_7m",
        "objLayer": 1,
        "props": {
          "army": 1,
          "active": true
        }
      },
      {
        "name": "t1_cover_spaa_basis_03",
        "tm": [
          [
            -0.996195,
            0.0,
            -0.0871556
          ],
          [
            0.0,
            1.0,
            0.0
          ],
          [
            0.0871556,
            0.0,
            -0.996195
          ],
          [
            -13853.1,
            267.918,
            -7997.63
          ]
        ],
        "unit_class": "dyn_foundation_7m",
        "objLayer": 1,
        "props": {
          "army": 1,
          "active": true
        }
      },
      {
        "name": "t1_cover_spaa_basis_04",
        "tm": [
          [
            -0.996195,
            0.0,
            -0.0871556
          ],
          [
            0.0,
            1.0,
            0.0
          ],
          [
            0.0871556,
            0.0,
            -0.996195
          ],
          [
            -12762.7,
            293.688,
            -7052.09
          ]
        ],
        "unit_class": "dyn_foundation_7m",
        "objLayer": 1,
        "props": {
          "army": 1,
          "active": true
        }
      },
      {
        "name": "t1_cover_spaa_basis_05",
        "tm": [
          [
            -0.996195,
            0.0,
            -0.0871556
          ],
          [
            0.0,
            1.0,
            0.0
          ],
          [
            0.0871556,
            0.0,
            -0.996195
          ],
          [
            -13994.8,
            187.688,
            -6535.01
          ]
        ],
        "unit_class": "dyn_foundation_7m",
        "objLayer": 1,
        "props": {
          "army": 1,
          "active": true
        }
      },
      {
        "name": "t1_cover_spaa_basis_06",
        "tm": [
          [
            -0.996195,
            0.0,
            -0.0871556
          ],
          [
            0.0,
            1.0,
            0.0
          ],
          [
            0.0871556,
            0.0,
            -0.996195
          ],
          [
            -13982.4,
            177.856,
            -4019.36
          ]
        ],
        "unit_class": "dyn_foundation_7m",
        "objLayer": 1,
        "props": {
          "army": 1,
          "active": true
        }
      },
      {
        "name": "t1_cover_spaa_basis_07",
        "tm": [
          [
            -0.996195,
            0.0,
            -0.0871556
          ],
          [
            0.0,
            1.0,
            0.0
          ],
          [
            0.0871556,
            0.0,
            -0.996195
          ],
          [
            -13161.0,
            249.374,
            -4606.7
          ]
        ],
        "unit_class": "dyn_foundation_7m",
        "objLayer": 1,
        "props": {
          "army": 1,
          "active": true
        }
      },
      {
        "name": "t1_cover_spaa_basis_08",
        "tm": [
          [
            -0.996195,
            0.0,
            -0.0871556
          ],
          [
            0.0,
            1.0,
            0.0
          ],
          [
            0.0871556,
            0.0,
            -0.996195
          ],
          [
            -13266.9,
            249.726,
            -3606.03
          ]
        ],
        "unit_class": "dyn_foundation_7m",
        "objLayer": 1,
        "props": {
          "army": 1,
          "active": true
        }
      },
      {
        "name": "t1_cover_spaa_basis_09",
        "tm": [
          [
            -0.996195,
            0.0,
            -0.0871556
          ],
          [
            0.0,
            1.0,
            0.0
          ],
          [
            0.0871556,
            0.0,
            -0.996195
          ],
          [
            -13784.5,
            188.565,
            -2296.95
          ]
        ],
        "unit_class": "dyn_foundation_7m",
        "objLayer": 1,
        "props": {
          "army": 1,
          "active": true
        }
      },
      {
        "name": "t1_cover_spaa_basis_10",
        "tm": [
          [
            -0.996195,
            0.0,
            -0.0871556
          ],
          [
            0.0,
            1.0,
            0.0
          ],
          [
            0.0871556,
            0.0,
            -0.996195
          ],
          [
            -15107.2,
            140.784,
            -1894.1
          ]
        ],
        "unit_class": "dyn_foundation_7m",
        "objLayer": 1,
        "props": {
          "army": 1,
          "active": true
        }
      },
      {
        "name": "t1_cover_spaa_basis_11",
        "tm": [
          [
            -0.996195,
            0.0,
            -0.0871556
          ],
          [
            0.0,
            1.0,
            0.0
          ],
          [
            0.0871556,
            0.0,
            -0.996195
          ],
          [
            -16221.6,
            79.9144,
            -1478.55
          ]
        ],
        "unit_class": "dyn_foundation_7m",
        "objLayer": 1,
        "props": {
          "army": 1,
          "active": true
        }
      },
      {
        "name": "t1_cover_spaa_basis_12",
        "tm": [
          [
            -0.996195,
            0.0,
            -0.0871556
          ],
          [
            0.0,
            1.0,
            0.0
          ],
          [
            0.0871556,
            0.0,
            -0.996195
          ],
          [
            -16262.0,
            106.755,
            -2638.75
          ]
        ],
        "unit_class": "dyn_foundation_7m",
        "objLayer": 1,
        "props": {
          "army": 1,
          "active": true
        }
      },
      {
        "name": "t1_cover_spaa_basis_13",
        "tm": [
          [
            -0.996195,
            0.0,
            -0.0871556
          ],
          [
            0.0,
            1.0,
            0.0
          ],
          [
            0.0871556,
            0.0,
            -0.996195
          ],
          [
            -16596.8,
            78.3122,
            -3308.05
          ]
        ],
        "unit_class": "dyn_foundation_7m",
        "objLayer": 1,
        "props": {
          "army": 1,
          "active": true
        }
      },
      {
        "name": "t1_cover_spaa_basis_14",
        "tm": [
          [
            -0.996195,
            0.0,
            -0.0871556
          ],
          [
            0.0,
            1.0,
            0.0
          ],
          [
            0.0871556,
            0.0,
            -0.996195
          ],
          [
            -17003.9,
            70.7591,
            -4340.65
          ]
        ],
        "unit_class": "dyn_foundation_7m",
        "objLayer": 1,
        "props": {
          "army": 1,
          "active": true
        }
      },
      {
        "name": "t1_cover_spaa_basis_15",
        "tm": [
          [
            -0.996195,
            0.0,
            -0.0871556
          ],
          [
            0.0,
            1.0,
            0.0
          ],
          [
            0.0871556,
            0.0,
            -0.996195
          ],
          [
            -16468.8,
            103.762,
            -4017.9
          ]
        ],
        "unit_class": "dyn_foundation_7m",
        "objLayer": 1,
        "props": {
          "army": 1,
          "active": true
        }
      },
      {
        "name": "t1_cover_spaa_basis_16",
        "tm": [
          [
            -0.996195,
            0.0,
            -0.0871556
          ],
          [
            0.0,
            1.0,
            0.0
          ],
          [
            0.0871556,
            0.0,
            -0.996195
          ],
          [
            -16737.6,
            168.044,
            -8544.55
          ]
        ],
        "unit_class": "dyn_foundation_7m",
        "objLayer": 1,
        "props": {
          "army": 1,
          "active": true
        }
      },
      {
        "name": "t1_cover_spaa_basis_17",
        "tm": [
          [
            -0.996195,
            0.0,
            -0.0871556
          ],
          [
            0.0,
            1.0,
            0.0
          ],
          [
            0.0871556,
            0.0,
            -0.996195
          ],
          [
            -16434.6,
            160.924,
            -7679.65
          ]
        ],
        "unit_class": "dyn_foundation_7m",
        "objLayer": 1,
        "props": {
          "army": 1,
          "active": true
        }
      },
      {
        "name": "t1_cover_spaa_basis_18",
        "tm": [
          [
            -0.996195,
            0.0,
            -0.0871556
          ],
          [
            0.0,
            1.0,
            0.0
          ],
          [
            0.0871556,
            0.0,
            -0.996195
          ],
          [
            -17395.7,
            105.992,
            -8211.4
          ]
        ],
        "unit_class": "dyn_foundation_7m",
        "objLayer": 1,
        "props": {
          "army": 1,
          "active": true
        }
      },
      {
        "name": "t1_cover_spaa_basis_19",
        "tm": [
          [
            -0.996195,
            0.0,
            -0.0871556
          ],
          [
            0.0,
            1.0,
            0.0
          ],
          [
            0.0871556,
            0.0,
            -0.996195
          ],
          [
            -16047.2,
            158.0,
            -8151.75
          ]
        ],
        "unit_class": "dyn_foundation_7m",
        "objLayer": 1,
        "props": {
          "army": 1,
          "active": true
        }
      },
      {
        "name": "t1_cover_spaa_basis_20",
        "tm": [
          [
            -0.996195,
            0.0,
            -0.0871556
          ],
          [
            0.0,
            1.0,
            0.0
          ],
          [
            0.0871556,
            0.0,
            -0.996195
          ],
          [
            -17141.7,
            121.443,
            -7580.3
          ]
        ],
        "unit_class": "dyn_foundation_7m",
        "objLayer": 1,
        "props": {
          "army": 1,
          "active": true
        }
      },
      {
        "name": "t1_target_objectgroup_02",
        "tm": [
          [
            0.993036,
            0.0,
            -0.11781
          ],
          [
            0.0,
            1.0,
            0.0
          ],
          [
            0.11781,
            0.0,
            0.993036
          ],
          [
            -9038.55,
            380.44,
            -6276.55
          ]
        ],
        "unit_class": "dyn_bomb_target_chp_1000_1000",
        "objLayer": 1,
        "props": {
          "army": 1,
          "active": true
        }
      },
      {
        "name": "t1_cover_spaa_basis_21",
        "tm": [
          [
            -0.0493439,
            0.0,
            -0.998782
          ],
          [
            0.0,
            1.0,
            0.0
          ],
          [
            0.998782,
            0.0,
            -0.0493439
          ],
          [
            -6734.46,
            275.388,
            -5053.73
          ]
        ],
        "unit_class": "dyn_foundation_7m",
        "objLayer": 1,
        "props": {
          "army": 1,
          "active": true
        }
      },
      {
        "name": "t1_cover_spaa_basis_22",
        "tm": [
          [
            -0.0493439,
            0.0,
            -0.998782
          ],
          [
            0.0,
            1.0,
            0.0
          ],
          [
            0.998782,
            0.0,
            -0.0493439
          ],
          [
            -8175.25,
            237.373,
            -3496.56
          ]
        ],
        "unit_class": "dyn_foundation_7m",
        "objLayer": 1,
        "props": {
          "army": 1,
          "active": true
        }
      },
      {
        "name": "t1_cover_spaa_basis_23",
        "tm": [
          [
            -0.0493439,
            0.0,
            -0.998782
          ],
          [
            0.0,
            1.0,
            0.0
          ],
          [
            0.998782,
            0.0,
            -0.0493439
          ],
          [
            -5772.67,
            256.13,
            -4572.43
          ]
        ],
        "unit_class": "dyn_foundation_7m",
        "objLayer": 1,
        "props": {
          "army": 1,
          "active": true
        }
      },
      {
        "name": "t1_cover_spaa_basis_24",
        "tm": [
          [
            -0.0493439,
            0.0,
            -0.998782
          ],
          [
            0.0,
            1.0,
            0.0
          ],
          [
            0.998782,
            0.0,
            -0.0493439
          ],
          [
            -6560.83,
            302.91,
            -3363.53
          ]
        ],
        "unit_class": "dyn_foundation_7m",
        "objLayer": 1,
        "props": {
          "army": 1,
          "active": true
        }
      },
      {
        "name": "t1_cover_spaa_basis_25",
        "tm": [
          [
            -0.0493439,
            0.0,
            -0.998782
          ],
          [
            0.0,
            1.0,
            0.0
          ],
          [
            0.998782,
            0.0,
            -0.0493439
          ],
          [
            -7240.89,
            281.095,
            -4513.73
          ]
        ],
        "unit_class": "dyn_foundation_7m",
        "objLayer": 1,
        "props": {
          "army": 1,
          "active": true
        }
      },
      {
        "name": "t1_cover_spaa_basis_26",
        "tm": [
          [
            -0.0493439,
            0.0,
            -0.998782
          ],
          [
            0.0,
            1.0,
            0.0
          ],
          [
            0.998782,
            0.0,
            -0.0493439
          ],
          [
            -9731.35,
            251.322,
            -4158.77
          ]
        ],
        "unit_class": "dyn_foundation_7m",
        "objLayer": 1,
        "props": {
          "army": 1,
          "active": true
        }
      },
      {
        "name": "t1_cover_spaa_basis_27",
        "tm": [
          [
            -0.0493439,
            0.0,
            -0.998782
          ],
          [
            0.0,
            1.0,
            0.0
          ],
          [
            0.998782,
            0.0,
            -0.0493439
          ],
          [
            -9037.69,
            242.744,
            -3424.96
          ]
        ],
        "unit_class": "dyn_foundation_7m",
        "objLayer": 1,
        "props": {
          "army": 1,
          "active": true
        }
      },
      {
        "name": "t1_cover_spaa_basis_28",
        "tm": [
          [
            -0.0493439,
            0.0,
            -0.998782
          ],
          [
            0.0,
            1.0,
            0.0
          ],
          [
            0.998782,
            0.0,
            -0.0493439
          ],
          [
            -10043.5,
            291.188,
            -3393.67
          ]
        ],
        "unit_class": "dyn_foundation_7m",
        "objLayer": 1,
        "props": {
          "army": 1,
          "active": true
        }
      },
      {
        "name": "t1_cover_spaa_basis_29",
        "tm": [
          [
            -0.0493439,
            0.0,
            -0.998782
          ],
          [
            0.0,
            1.0,
            0.0
          ],
          [
            0.998782,
            0.0,
            -0.0493439
          ],
          [
            -11410.8,
            242.833,
            -3728.1
          ]
        ],
        "unit_class": "dyn_foundation_7m",
        "objLayer": 1,
        "props": {
          "army": 1,
          "active": true
        }
      },
      {
        "name": "t1_cover_spaa_basis_30",
        "tm": [
          [
            -0.0493439,
            0.0,
            -0.998782
          ],
          [
            0.0,
            1.0,
            0.0
          ],
          [
            0.998782,
            0.0,
            -0.0493439
          ],
          [
            -11425.0,
            264.518,
            -4688.4
          ]
        ],
        "unit_class": "dyn_foundation_7m",
        "objLayer": 1,
        "props": {
          "army": 1,
          "active": true
        }
      },
      {
        "name": "t1_cover_spaa_basis_31",
        "tm": [
          [
            -0.0493439,
            0.0,
            -0.998782
          ],
          [
            0.0,
            1.0,
            0.0
          ],
          [
            0.998782,
            0.0,
            -0.0493439
          ],
          [
            -11592.8,
            256.028,
            -6762.5
          ]
        ],
        "unit_class": "dyn_foundation_7m",
        "objLayer": 1,
        "props": {
          "army": 1,
          "active": true
        }
      },
      {
        "name": "t1_cover_spaa_basis_32",
        "tm": [
          [
            -0.0493439,
            0.0,
            -0.998782
          ],
          [
            0.0,
            1.0,
            0.0
          ],
          [
            0.998782,
            0.0,
            -0.0493439
          ],
          [
            -11780.1,
            272.934,
            -7528.94
          ]
        ],
        "unit_class": "dyn_foundation_7m",
        "objLayer": 1,
        "props": {
          "army": 1,
          "active": true
        }
      },
      {
        "name": "t1_cover_spaa_basis_33",
        "tm": [
          [
            -0.0493439,
            0.0,
            -0.998782
          ],
          [
            0.0,
            1.0,
            0.0
          ],
          [
            0.998782,
            0.0,
            -0.0493439
          ],
          [
            -11045.1,
            228.236,
            -9370.65
          ]
        ],
        "unit_class": "dyn_foundation_7m",
        "objLayer": 1,
        "props": {
          "army": 1,
          "active": true
        }
      },
      {
        "name": "t1_cover_spaa_basis_34",
        "tm": [
          [
            -0.0493439,
            0.0,
            -0.998782
          ],
          [
            0.0,
            1.0,
            0.0
          ],
          [
            0.998782,
            0.0,
            -0.0493439
          ],
          [
            -10184.9,
            154.462,
            -9127.34
          ]
        ],
        "unit_class": "dyn_foundation_7m",
        "objLayer": 1,
        "props": {
          "army": 1,
          "active": true
        }
      },
      {
        "name": "t1_cover_spaa_basis_35",
        "tm": [
          [
            -0.0493439,
            0.0,
            -0.998782
          ],
          [
            0.0,
            1.0,
            0.0
          ],
          [
            0.998782,
            0.0,
            -0.0493439
          ],
          [
            -9451.12,
            145.721,
            -9092.59
          ]
        ],
        "unit_class": "dyn_foundation_7m",
        "objLayer": 1,
        "props": {
          "army": 1,
          "active": true
        }
      },
      {
        "name": "t1_cover_spaa_basis_36",
        "tm": [
          [
            -0.0493439,
            0.0,
            -0.998782
          ],
          [
            0.0,
            1.0,
            0.0
          ],
          [
            0.998782,
            0.0,
            -0.0493439
          ],
          [
            -8595.1,
            146.45,
            -9200.41
          ]
        ],
        "unit_class": "dyn_foundation_7m",
        "objLayer": 1,
        "props": {
          "army": 1,
          "active": true
        }
      },
      {
        "name": "t1_cover_spaa_basis_37",
        "tm": [
          [
            -0.0493439,
            0.0,
            -0.998782
          ],
          [
            0.0,
            1.0,
            0.0
          ],
          [
            0.998782,
            0.0,
            -0.0493439
          ],
          [
            -7616.63,
            154.721,
            -9269.1
          ]
        ],
        "unit_class": "dyn_foundation_7m",
        "objLayer": 1,
        "props": {
          "army": 1,
          "active": true
        }
      },
      {
        "name": "t1_cover_spaa_basis_38",
        "tm": [
          [
            -0.0493439,
            0.0,
            -0.998782
          ],
          [
            0.0,
            1.0,
            0.0
          ],
          [
            0.998782,
            0.0,
            -0.0493439
          ],
          [
            -7528.57,
            199.827,
            -8450.48
          ]
        ],
        "unit_class": "dyn_foundation_7m",
        "objLayer": 1,
        "props": {
          "army": 1,
          "active": true
        }
      },
      {
        "name": "t1_cover_spaa_basis_39",
        "tm": [
          [
            -0.0493439,
            0.0,
            -0.998782
          ],
          [
            0.0,
            1.0,
            0.0
          ],
          [
            0.998782,
            0.0,
            -0.0493439
          ],
          [
            -6023.59,
            254.826,
            -7519.7
          ]
        ],
        "unit_class": "dyn_foundation_7m",
        "objLayer": 1,
        "props": {
          "army": 1,
          "active": true
        }
      },
      {
        "name": "t1_cover_spaa_basis_40",
        "tm": [
          [
            -0.0493439,
            0.0,
            -0.998782
          ],
          [
            0.0,
            1.0,
            0.0
          ],
          [
            0.998782,
            0.0,
            -0.0493439
          ],
          [
            -6612.91,
            160.997,
            -9052.5
          ]
        ],
        "unit_class": "dyn_foundation_7m",
        "objLayer": 1,
        "props": {
          "army": 1,
          "active": true
        }
      },
      {
        "name": "t1_target_objectgroup_03",
        "tm": [
          [
            0.325969,
            0.0,
            -0.94538
          ],
          [
            0.0,
            1.0,
            0.0
          ],
          [
            0.94538,
            0.0,
            0.325969
          ],
          [
            -2813.2,
            300.6,
            -6324.8
          ]
        ],
        "unit_class": "dyn_bomb_target_chp_1000_1000",
        "objLayer": 1,
        "props": {
          "army": 1,
          "active": true
        }
      },
      {
        "name": "t1_cover_spaa_basis_41",
        "tm": [
          [
            -0.920766,
            0.0,
            -0.390115
          ],
          [
            0.0,
            1.0,
            0.0
          ],
          [
            0.390115,
            0.0,
            -0.920766
          ],
          [
            -663.85,
            284.414,
            -7731.7
          ]
        ],
        "unit_class": "dyn_foundation_7m",
        "objLayer": 1,
        "props": {
          "army": 1,
          "active": true
        }
      },
      {
        "name": "t1_cover_spaa_basis_42",
        "tm": [
          [
            -0.920766,
            0.0,
            -0.390115
          ],
          [
            0.0,
            1.0,
            0.0
          ],
          [
            0.390115,
            0.0,
            -0.920766
          ],
          [
            65.4307,
            286.223,
            -5892.63
          ]
        ],
        "unit_class": "dyn_foundation_7m",
        "objLayer": 1,
        "props": {
          "army": 1,
          "active": true
        }
      },
      {
        "name": "t1_cover_spaa_basis_43",
        "tm": [
          [
            -0.920766,
            0.0,
            -0.390115
          ],
          [
            0.0,
            1.0,
            0.0
          ],
          [
            0.390115,
            0.0,
            -0.920766
          ],
          [
            142.024,
            292.496,
            -8523.97
          ]
        ],
        "unit_class": "dyn_foundation_7m",
        "objLayer": 1,
        "props": {
          "army": 1,
          "active": true
        }
      },
      {
        "name": "t1_cover_spaa_basis_44",
        "tm": [
          [
            -0.920766,
            0.0,
            -0.390115
          ],
          [
            0.0,
            1.0,
            0.0
          ],
          [
            0.390115,
            0.0,
            -0.920766
          ],
          [
            618.6,
            275.813,
            -6983.4
          ]
        ],
        "unit_class": "dyn_foundation_7m",
        "objLayer": 1,
        "props": {
          "army": 1,
          "active": true
        }
      },
      {
        "name": "t1_cover_spaa_basis_45",
        "tm": [
          [
            -0.920766,
            0.0,
            -0.390115
          ],
          [
            0.0,
            1.0,
            0.0
          ],
          [
            0.390115,
            0.0,
            -0.920766
          ],
          [
            -443.895,
            289.892,
            -7176.44
          ]
        ],
        "unit_class": "dyn_foundation_7m",
        "objLayer": 1,
        "props": {
          "army": 1,
          "active": true
        }
      },
      {
        "name": "t1_cover_spaa_basis_46",
        "tm": [
          [
            -0.920766,
            0.0,
            -0.390115
          ],
          [
            0.0,
            1.0,
            0.0
          ],
          [
            0.390115,
            0.0,
            -0.920766
          ],
          [
            -1207.84,
            240.684,
            -4779.55
          ]
        ],
        "unit_class": "dyn_foundation_7m",
        "objLayer": 1,
        "props": {
          "army": 1,
          "active": true
        }
      },
      {
        "name": "t1_cover_spaa_basis_47",
        "tm": [
          [
            -0.920766,
            0.0,
            -0.390115
          ],
          [
            0.0,
            1.0,
            0.0
          ],
          [
            0.390115,
            0.0,
            -0.920766
          ],
          [
            -168.0,
            281.314,
            -4973.1
          ]
        ],
        "unit_class": "dyn_foundation_7m",
        "objLayer": 1,
        "props": {
          "army": 1,
          "active": true
        }
      },
      {
        "name": "t1_cover_spaa_basis_48",
        "tm": [
          [
            -0.920766,
            0.0,
            -0.390115
          ],
          [
            0.0,
            1.0,
            0.0
          ],
          [
            0.390115,
            0.0,
            -0.920766
          ],
          [
            -654.695,
            249.227,
            -4165.65
          ]
        ],
        "unit_class": "dyn_foundation_7m",
        "objLayer": 1,
        "props": {
          "army": 1,
          "active": true
        }
      },
      {
        "name": "t1_cover_spaa_basis_49",
        "tm": [
          [
            -0.920766,
            0.0,
            -0.390115
          ],
          [
            0.0,
            1.0,
            0.0
          ],
          [
            0.390115,
            0.0,
            -0.920766
          ],
          [
            -1550.75,
            274.083,
            -3079.97
          ]
        ],
        "unit_class": "dyn_foundation_7m",
        "objLayer": 1,
        "props": {
          "army": 1,
          "active": true
        }
      },
      {
        "name": "t1_cover_spaa_basis_50",
        "tm": [
          [
            -0.920766,
            0.0,
            -0.390115
          ],
          [
            0.0,
            1.0,
            0.0
          ],
          [
            0.390115,
            0.0,
            -0.920766
          ],
          [
            -2979.2,
            300.692,
            -3025.35
          ]
        ],
        "unit_class": "dyn_foundation_7m",
        "objLayer": 1,
        "props": {
          "army": 1,
          "active": true
        }
      },
      {
        "name": "t1_cover_spaa_basis_51",
        "tm": [
          [
            -0.920766,
            0.0,
            -0.390115
          ],
          [
            0.0,
            1.0,
            0.0
          ],
          [
            0.390115,
            0.0,
            -0.920766
          ],
          [
            -5170.0,
            303.128,
            -3517.4
          ]
        ],
        "unit_class": "dyn_foundation_7m",
        "objLayer": 1,
        "props": {
          "army": 1,
          "active": true
        }
      },
      {
        "name": "t1_cover_spaa_basis_52",
        "tm": [
          [
            -0.920766,
            0.0,
            -0.390115
          ],
          [
            0.0,
            1.0,
            0.0
          ],
          [
            0.390115,
            0.0,
            -0.920766
          ],
          [
            -5133.66,
            260.06,
            -4401.17
          ]
        ],
        "unit_class": "dyn_foundation_7m",
        "objLayer": 1,
        "props": {
          "army": 1,
          "active": true
        }
      },
      {
        "name": "t1_cover_spaa_basis_53",
        "tm": [
          [
            -0.920766,
            0.0,
            -0.390115
          ],
          [
            0.0,
            1.0,
            0.0
          ],
          [
            0.390115,
            0.0,
            -0.920766
          ],
          [
            -6468.95,
            275.231,
            -6000.2
          ]
        ],
        "unit_class": "dyn_foundation_7m",
        "objLayer": 1,
        "props": {
          "army": 1,
          "active": true
        }
      },
      {
        "name": "t1_cover_spaa_basis_54",
        "tm": [
          [
            -0.920766,
            0.0,
            -0.390115
          ],
          [
            0.0,
            1.0,
            0.0
          ],
          [
            0.390115,
            0.0,
            -0.920766
          ],
          [
            -5519.15,
            256.252,
            -6211.4
          ]
        ],
        "unit_class": "dyn_foundation_7m",
        "objLayer": 1,
        "props": {
          "army": 1,
          "active": true
        }
      },
      {
        "name": "t1_cover_spaa_basis_55",
        "tm": [
          [
            -0.920766,
            0.0,
            -0.390115
          ],
          [
            0.0,
            1.0,
            0.0
          ],
          [
            0.390115,
            0.0,
            -0.920766
          ],
          [
            -5008.35,
            263.574,
            -7324.0
          ]
        ],
        "unit_class": "dyn_foundation_7m",
        "objLayer": 1,
        "props": {
          "army": 1,
          "active": true
        }
      },
      {
        "name": "t1_cover_spaa_basis_56",
        "tm": [
          [
            -0.920766,
            0.0,
            -0.390115
          ],
          [
            0.0,
            1.0,
            0.0
          ],
          [
            0.390115,
            0.0,
            -0.920766
          ],
          [
            -5252.97,
            260.991,
            -7996.15
          ]
        ],
        "unit_class": "dyn_foundation_7m",
        "objLayer": 1,
        "props": {
          "army": 1,
          "active": true
        }
      },
      {
        "name": "t1_cover_spaa_basis_57",
        "tm": [
          [
            -0.920766,
            0.0,
            -0.390115
          ],
          [
            0.0,
            1.0,
            0.0
          ],
          [
            0.390115,
            0.0,
            -0.920766
          ],
          [
            -4889.06,
            249.424,
            -8907.06
          ]
        ],
        "unit_class": "dyn_foundation_7m",
        "objLayer": 1,
        "props": {
          "army": 1,
          "active": true
        }
      },
      {
        "name": "t1_cover_spaa_basis_58",
        "tm": [
          [
            -0.920766,
            0.0,
            -0.390115
          ],
          [
            0.0,
            1.0,
            0.0
          ],
          [
            0.390115,
            0.0,
            -0.920766
          ],
          [
            -3699.2,
            285.676,
            -8635.1
          ]
        ],
        "unit_class": "dyn_foundation_7m",
        "objLayer": 1,
        "props": {
          "army": 1,
          "active": true
        }
      },
      {
        "name": "t1_cover_spaa_basis_59",
        "tm": [
          [
            -0.920766,
            0.0,
            -0.390115
          ],
          [
            0.0,
            1.0,
            0.0
          ],
          [
            0.390115,
            0.0,
            -0.920766
          ],
          [
            -2620.85,
            305.705,
            -9580.33
          ]
        ],
        "unit_class": "dyn_foundation_7m",
        "objLayer": 1,
        "props": {
          "army": 1,
          "active": true
        }
      },
      {
