{
  "selected_tag": "",
  "bin_dump_file": "",
  "mission_settings": {
    "player": {
      "army": 1,
      "wing": [
        "t1_player01",
        "t1_player02",
        "t1_player03",
        "t1_player04",
        "t1_player05",
        "t1_player06",
        "t1_player07",
        "t1_player08",
        "t1_player09",
        "t1_player10",
        "t1_player11",
        "t1_player12",
        "t1_player13",
        "t1_player14",
        "t1_player15",
        "t1_player16",
        "t1_player17",
        "t1_player18",
        "t1_player19",
        "t1_player20",
        "t1_player21",
        "t1_player22",
        "t1_player23",
        "t1_player24",
        "t1_player25",
        "t1_player26",
        "t1_player27",
        "t1_player28",
        "t1_player29",
        "t1_player30",
        "t1_player31",
        "t1_player32"
      ]
    },
    "player_teamB": {
      "army": 2,
      "wing": [
        "t2_player01",
        "t2_player02",
        "t2_player03",
        "t2_player04",
        "t2_player05",
        "t2_player06",
        "t2_player07",
        "t2_player08",
        "t2_player09",
        "t2_player10",
        "t2_player11",
        "t2_player12",
        "t2_player13",
        "t2_player14",
        "t2_player15",
        "t2_player16",
        "t2_player17",
        "t2_player18",
        "t2_player19",
        "t2_player20",
        "t2_player21",
        "t2_player22",
        "t2_player23",
        "t2_player24",
        "t2_player25",
        "t2_player26",
        "t2_player27",
        "t2_player28",
        "t2_player29",
        "t2_player30",
        "t2_player31",
        "t2_player32"
      ]
    },
    "mission": {
      "type": "domination",
      "level": "levels/air_vietnam.bin",
      "environment": "Day",
      "weather": "clear",
      "customHUD": "oil_refinery_strbomb",
      "hideHudProgressIcons": true,
      "locNameTeamA": "missions/_strbomb/defensive;vietnam/name",
      "locNameTeamB": "missions/_strbomb/offensive;vietnam/name",
      "locDescTeamA": "missions/_strbomb/desc/defensive",
      "locDescTeamB": "missions/_strbomb/desc/offensive",
      "locName": "missions/_strbomb;vietnam/name",
      "scoreLimit": 10000,
      "timeLimit": 25,
      "deathPenaltyMul": 0.0,
      "postfix": "_strbomb",
      "allowEmptyTeams": false,
      "country_axis": "usa",
      "country_allies": "ussr",
      "restoreType": "attempts",
      "optionalTakeOff": false,
      "allowedUnitTypes": {
        "isAirplanesAllowed": true,
        "isTanksAllowed": false,
        "isShipsAllowed": false,
        "isHelicoptersAllowed": false
      }
    },
    "briefing": {
      "place_loc": "",
      "date_loc": "",
      "objective_loc": "",
      "music": "action_01",
      "part": {
        "event": "",
        "minTime": 0,
        "slide": {
          "map": true,
          "minTime": 4,
          "picture": "",
          "showAirMap": true,
          "icon": [
            {
              "icontype": "fighter",
              "side": "ally",
              "target": "t1_spawn_area_01_10",
              "lookAt": "t2_spawn_area_01_10"
            },
            {
              "icontype": "fighter",
              "side": "ally",
              "target": "t1_spawn_area_02_10",
              "lookAt": "t2_spawn_area_02_10"
            },
            {
              "icontype": "fighter",
              "side": "ally",
              "target": "t1_spawn_area_03_10",
              "lookAt": "t2_spawn_area_03_10"
            },
            {
              "icontype": "fighter",
              "side": "enemy",
              "target": "t2_spawn_area_01_10",
              "lookAt": "t1_spawn_area_01_10"
            },
            {
              "icontype": "fighter",
              "side": "enemy",
              "target": "t2_spawn_area_02_10",
              "lookAt": "t1_spawn_area_02_10"
            },
            {
              "icontype": "fighter",
              "side": "enemy",
              "target": "t2_spawn_area_03_10",
              "lookAt": "t1_spawn_area_03_10"
            }
          ],
          "battleArea": {
            "target": "briefing_area"
          }
        }
      }
    }
  },
  "imports": {
    "import_record": {
      "file": "gameData/missions/templates/air_templates/war_oil_refinery_strbomb_template.blk",
      "importAreas": true,
      "importUnits": true,
      "importTriggers": true,
      "importMissionObjectives": true,
      "importWayPoints": true,
      "importDialogs": true,
      "showAreas": true,
      "showUnits": true,
      "showTriggers": true,
      "showMissionObjectives": true,
      "showWayPoints": true,
      "showDialogs": true,
      "excludes": {}
    }
  },
  "triggers": {
    "isCategory": true,
    "is_enabled": true
  },
  "mission_objectives": {
    "isCategory": true,
    "is_enabled": true
  },
  "variables": {},
  "dialogs": {},
  "airfields": {},
  "effects": {},
  "units": {
    "objectGroups": [
      {
        "name": "t1_target_objectgroup_01",
        "tm": [
          [
            0.942743,
            -4.27859e-16,
            -0.333518
          ],
          [
            -1.71644e-16,
            1.0,
            -1.76804e-15
          ],
          [
            0.333518,
            1.72406e-15,
            0.942743
          ],
          [
            24847.2,
            79.1016,
            -18970.4
          ]
        ],
        "unit_class": "dyn_bomb_target_oil_refinery_1000_1000",
        "objLayer": 1,
        "props": {
          "army": 1,
          "active": true
        }
      },
      {
        "name": "t1_cover_spaa_basis_01",
        "tm": [
          [
            -0.431219,
            -1.66923e-15,
            -0.902247
          ],
          [
            -1.71644e-16,
            1.0,
            -1.76804e-15
          ],
          [
            0.902247,
            -6.0755e-16,
            -0.431219
          ],
          [
            25732.4,
            371.773,
            -20594.8
          ]
        ],
        "unit_class": "dyn_foundation_7m",
        "objLayer": 1,
        "props": {
          "army": 1,
          "active": true
        }
      },
      {
        "name": "t1_cover_spaa_basis_02",
        "tm": [
          [
            -0.431219,
            -1.66923e-15,
            -0.902247
          ],
          [
            -1.71644e-16,
            1.0,
            -1.76804e-15
          ],
          [
            0.902247,
            -6.0755e-16,
            -0.431219
          ],
          [
            25556.5,
            340.166,
            -15427.2
          ]
        ],
        "unit_class": "dyn_foundation_7m",
        "objLayer": 1,
        "props": {
          "army": 1,
          "active": true
        }
      },
      {
        "name": "t1_cover_spaa_basis_03",
        "tm": [
          [
            -0.431219,
            -1.66923e-15,
            -0.902247
          ],
          [
            -1.71644e-16,
            1.0,
            -1.76804e-15
          ],
          [
            0.902247,
            -6.0755e-16,
            -0.431219
          ],
          [
            26818.2,
            299.11,
            -18921.2
          ]
        ],
        "unit_class": "dyn_foundation_7m",
        "objLayer": 1,
        "props": {
          "army": 1,
          "active": true
        }
      },
      {
        "name": "t1_cover_spaa_basis_04",
        "tm": [
          [
            -0.431219,
            -1.66923e-15,
            -0.902247
          ],
          [
            -1.71644e-16,
            1.0,
            -1.76804e-15
          ],
          [
            0.902247,
            -6.0755e-16,
            -0.431219
          ],
          [
            26363.5,
            156.937,
            -18035.2
          ]
        ],
        "unit_class": "dyn_foundation_7m",
        "objLayer": 1,
        "props": {
          "army": 1,
          "active": true
        }
      },
      {
        "name": "t1_cover_spaa_basis_05",
        "tm": [
          [
            -0.431219,
            -1.66923e-15,
            -0.902247
          ],
          [
            -1.71644e-16,
            1.0,
            -1.76804e-15
          ],
          [
            0.902247,
            -6.0755e-16,
            -0.431219
          ],
          [
            27312.7,
            264.445,
            -17960.0
          ]
        ],
        "unit_class": "dyn_foundation_7m",
        "objLayer": 1,
        "props": {
          "army": 1,
          "active": true
        }
      },
      {
        "name": "t1_cover_spaa_basis_06",
        "tm": [
          [
            -0.431219,
            -1.66923e-15,
            -0.902247
          ],
          [
            -1.71644e-16,
            1.0,
            -1.76804e-15
          ],
          [
            0.902247,
            -6.0755e-16,
            -0.431219
          ],
          [
            23528.0,
            474.715,
            -15807.4
          ]
        ],
        "unit_class": "dyn_foundation_7m",
        "objLayer": 1,
        "props": {
          "army": 1,
          "active": true
        }
      },
      {
        "name": "t1_cover_spaa_basis_07",
        "tm": [
          [
            -0.431219,
            -1.66923e-15,
            -0.902247
          ],
          [
            -1.71644e-16,
            1.0,
            -1.76804e-15
          ],
          [
            0.902247,
            -6.0755e-16,
            -0.431219
          ],
          [
            24988.3,
            443.747,
            -15415.7
          ]
        ],
        "unit_class": "dyn_foundation_7m",
        "objLayer": 1,
        "props": {
          "army": 1,
          "active": true
        }
      },
      {
        "name": "t1_cover_spaa_basis_08",
        "tm": [
          [
            -0.431219,
            -1.66923e-15,
            -0.902247
          ],
          [
            -1.71644e-16,
            1.0,
            -1.76804e-15
          ],
          [
            0.902247,
            -6.0755e-16,
            -0.431219
          ],
          [
            24236.1,
            478.159,
            -16176.0
          ]
        ],
        "unit_class": "dyn_foundation_7m",
        "objLayer": 1,
        "props": {
          "army": 1,
          "active": true
        }
      },
      {
        "name": "t1_cover_spaa_basis_09",
        "tm": [
          [
            -0.431219,
            -1.66923e-15,
            -0.902247
          ],
          [
            -1.71644e-16,
            1.0,
            -1.76804e-15
          ],
          [
            0.902247,
            -6.0755e-16,
            -0.431219
          ],
          [
            22018.0,
            411.844,
            -17015.0
          ]
        ],
        "unit_class": "dyn_foundation_7m",
        "objLayer": 1,
        "props": {
          "army": 1,
          "active": true
        }
      },
      {
        "name": "t1_cover_spaa_basis_10",
        "tm": [
          [
            -0.431219,
            -1.66923e-15,
            -0.902247
          ],
          [
            -1.71644e-16,
            1.0,
            -1.76804e-15
          ],
          [
            0.902247,
            -6.0755e-16,
            -0.431219
          ],
          [
            22861.1,
            155.485,
            -17707.9
          ]
        ],
        "unit_class": "dyn_foundation_7m",
        "objLayer": 1,
        "props": {
          "army": 1,
          "active": true
        }
      },
      {
        "name": "t1_cover_spaa_basis_11",
        "tm": [
          [
            -0.431219,
            -1.66923e-15,
            -0.902247
          ],
          [
            -1.71644e-16,
            1.0,
            -1.76804e-15
          ],
          [
            0.902247,
            -6.0755e-16,
            -0.431219
          ],
          [
            22856.9,
            339.821,
            -16595.0
          ]
        ],
        "unit_class": "dyn_foundation_7m",
        "objLayer": 1,
        "props": {
          "army": 1,
          "active": true
        }
      },
      {
        "name": "t1_cover_spaa_basis_12",
        "tm": [
          [
            -0.431219,
            -1.66923e-15,
            -0.902247
          ],
          [
            -1.71644e-16,
            1.0,
            -1.76804e-15
          ],
          [
            0.902247,
            -6.0755e-16,
            -0.431219
          ],
          [
            23384.5,
            217.301,
            -20614.0
          ]
        ],
        "unit_class": "dyn_foundation_7m",
        "objLayer": 1,
        "props": {
          "army": 1,
          "active": true
        }
      },
      {
        "name": "t1_cover_spaa_basis_13",
        "tm": [
          [
            -0.431219,
            -1.66923e-15,
            -0.902247
          ],
          [
            -1.71644e-16,
            1.0,
            -1.76804e-15
          ],
          [
            0.902247,
            -6.0755e-16,
            -0.431219
          ],
          [
            21848.3,
            234.268,
            -18761.2
          ]
        ],
        "unit_class": "dyn_foundation_7m",
        "objLayer": 1,
        "props": {
          "army": 1,
          "active": true
        }
      },
      {
        "name": "t1_cover_spaa_basis_14",
        "tm": [
          [
            -0.431219,
            -1.66923e-15,
            -0.902247
          ],
          [
            -1.71644e-16,
            1.0,
            -1.76804e-15
          ],
          [
            0.902247,
            -6.0755e-16,
            -0.431219
          ],
          [
            22415.8,
            197.619,
            -18105.4
          ]
        ],
        "unit_class": "dyn_foundation_7m",
        "objLayer": 1,
        "props": {
          "army": 1,
          "active": true
        }
      },
      {
        "name": "t1_cover_spaa_basis_15",
        "tm": [
          [
            -0.431219,
            -1.66923e-15,
            -0.902247
          ],
          [
            -1.71644e-16,
            1.0,
            -1.76804e-15
          ],
          [
            0.902247,
            -6.0755e-16,
            -0.431219
          ],
          [
            21580.8,
            301.638,
            -18251.4
          ]
        ],
        "unit_class": "dyn_foundation_7m",
        "objLayer": 1,
        "props": {
          "army": 1,
          "active": true
        }
      },
      {
        "name": "t1_cover_spaa_basis_16",
        "tm": [
          [
            -0.431219,
            -1.66923e-15,
            -0.902247
          ],
          [
            -1.71644e-16,
            1.0,
            -1.76804e-15
          ],
          [
            0.902247,
            -6.0755e-16,
            -0.431219
          ],
          [
            26747.5,
            518.307,
            -20766.5
          ]
        ],
        "unit_class": "dyn_foundation_7m",
        "objLayer": 1,
        "props": {
          "army": 1,
          "active": true
        }
      },
      {
        "name": "t1_cover_spaa_basis_17",
        "tm": [
          [
            -0.431219,
            -1.66923e-15,
            -0.902247
          ],
          [
            -1.71644e-16,
            1.0,
            -1.76804e-15
          ],
          [
            0.902247,
            -6.0755e-16,
            -0.431219
          ],
          [
            25589.4,
            252.187,
            -20045.2
          ]
        ],
        "unit_class": "dyn_foundation_7m",
        "objLayer": 1,
        "props": {
          "army": 1,
          "active": true
        }
      },
      {
        "name": "t1_cover_spaa_basis_18",
        "tm": [
          [
            -0.431219,
            -1.66923e-15,
            -0.902247
          ],
          [
            -1.71644e-16,
            1.0,
            -1.76804e-15
          ],
          [
            0.902247,
            -6.0755e-16,
            -0.431219
          ],
          [
            25956.1,
            387.74,
            -21226.9
          ]
        ],
        "unit_class": "dyn_foundation_7m",
        "objLayer": 1,
        "props": {
          "army": 1,
          "active": true
        }
      },
      {
        "name": "t1_cover_spaa_basis_19",
        "tm": [
          [
            -0.431219,
            -1.66923e-15,
            -0.902247
          ],
          [
            -1.71644e-16,
            1.0,
            -1.76804e-15
          ],
          [
            0.902247,
            -6.0755e-16,
            -0.431219
          ],
          [
            26523.3,
            542.929,
            -19897.3
          ]
        ],
        "unit_class": "dyn_foundation_7m",
        "objLayer": 1,
        "props": {
          "army": 1,
          "active": true
        }
      },
      {
        "name": "t1_cover_spaa_basis_20",
        "tm": [
          [
            -0.431219,
            -1.66923e-15,
            -0.902247
          ],
          [
            -1.71644e-16,
            1.0,
            -1.76804e-15
          ],
          [
            0.902247,
            -6.0755e-16,
            -0.431219
          ],
          [
            24501.3,
            340.798,
            -21208.0
          ]
        ],
        "unit_class": "dyn_foundation_7m",
        "objLayer": 1,
        "props": {
          "army": 1,
          "active": true
        }
      },
      {
        "name": "t1_target_objectgroup_02",
        "tm": [
          [
            -0.337967,
            -1.47033e-15,
            0.941157
          ],
          [
            4.41196e-16,
            1.0,
            1.7207e-15
          ],
          [
            -0.941157,
            9.96772e-16,
            -0.337967
          ],
          [
            17746.8,
            499.641,
            -20518.4
          ]
        ],
        "unit_class": "dyn_bomb_target_oil_refinery_1000_1000",
        "objLayer": 1,
        "props": {
          "army": 1,
          "active": true
        }
      },
      {
        "name": "t1_cover_spaa_basis_21",
        "tm": [
          [
            0.135551,
            1.64501e-15,
            -0.990771
          ],
          [
            4.41196e-16,
            1.0,
            1.7207e-15
          ],
          [
            0.990771,
            -6.70367e-16,
            0.135551
          ],
          [
            15839.8,
            525.886,
            -21877.2
          ]
        ],
        "unit_class": "dyn_foundation_7m",
        "objLayer": 1,
        "props": {
          "army": 1,
          "active": true
        }
      },
      {
        "name": "t1_cover_spaa_basis_22",
        "tm": [
          [
            0.135551,
            1.64501e-15,
            -0.990771
          ],
          [
            4.41196e-16,
            1.0,
            1.7207e-15
          ],
          [
            0.990771,
            -6.70367e-16,
            0.135551
          ],
          [
            17039.9,
            521.338,
            -17220.6
          ]
        ],
        "unit_class": "dyn_foundation_7m",
        "objLayer": 1,
        "props": {
          "army": 1,
          "active": true
        }
      },
      {
        "name": "t1_cover_spaa_basis_23",
        "tm": [
          [
            0.135551,
            1.64501e-15,
            -0.990771
          ],
          [
            4.41196e-16,
            1.0,
            1.7207e-15
          ],
          [
            0.990771,
            -6.70367e-16,
            0.135551
          ],
          [
            19446.6,
            445.553,
            -17812.9
          ]
        ],
        "unit_class": "dyn_foundation_7m",
        "objLayer": 1,
        "props": {
          "army": 1,
          "active": true
        }
      },
      {
        "name": "t1_cover_spaa_basis_24",
        "tm": [
          [
            0.135551,
            1.64501e-15,
            -0.990771
          ],
          [
            4.41196e-16,
            1.0,
            1.7207e-15
          ],
          [
            0.990771,
            -6.70367e-16,
            0.135551
          ],
          [
            18341.5,
            521.371,
            -18720.9
          ]
        ],
        "unit_class": "dyn_foundation_7m",
        "objLayer": 1,
        "props": {
          "army": 1,
          "active": true
        }
      },
      {
        "name": "t1_cover_spaa_basis_25",
        "tm": [
          [
            0.135551,
            1.64501e-15,
            -0.990771
          ],
          [
            4.41196e-16,
            1.0,
            1.7207e-15
          ],
          [
            0.990771,
            -6.70367e-16,
            0.135551
          ],
          [
            18028.2,
            490.929,
            -17109.4
          ]
        ],
        "unit_class": "dyn_foundation_7m",
        "objLayer": 1,
        "props": {
          "army": 1,
          "active": true
        }
      },
      {
        "name": "t1_cover_spaa_basis_26",
        "tm": [
          [
            0.135551,
            1.64501e-15,
            -0.990771
          ],
          [
            4.41196e-16,
            1.0,
            1.7207e-15
          ],
          [
            0.990771,
            -6.70367e-16,
            0.135551
          ],
          [
            15025.4,
            531.903,
            -20239.8
          ]
        ],
        "unit_class": "dyn_foundation_7m",
        "objLayer": 1,
        "props": {
          "army": 1,
          "active": true
        }
      },
      {
        "name": "t1_cover_spaa_basis_27",
        "tm": [
          [
            0.135551,
            1.64501e-15,
            -0.990771
          ],
          [
            4.41196e-16,
            1.0,
            1.7207e-15
          ],
          [
            0.990771,
            -6.70367e-16,
            0.135551
          ],
          [
            17463.2,
            489.622,
            -18217.6
          ]
        ],
        "unit_class": "dyn_foundation_7m",
        "objLayer": 1,
        "props": {
          "army": 1,
          "active": true
        }
      },
      {
        "name": "t1_cover_spaa_basis_28",
        "tm": [
          [
            0.135551,
            1.64501e-15,
            -0.990771
          ],
          [
            4.41196e-16,
            1.0,
            1.7207e-15
          ],
          [
            0.990771,
            -6.70367e-16,
            0.135551
          ],
          [
            16459.8,
            536.211,
            -19195.9
          ]
        ],
        "unit_class": "dyn_foundation_7m",
        "objLayer": 1,
        "props": {
          "army": 1,
          "active": true
        }
      },
      {
        "name": "t1_cover_spaa_basis_29",
        "tm": [
          [
            0.135551,
            1.64501e-15,
            -0.990771
          ],
          [
            4.41196e-16,
            1.0,
            1.7207e-15
          ],
          [
            0.990771,
            -6.70367e-16,
            0.135551
          ],
          [
            14973.6,
            532.254,
            -19138.6
          ]
        ],
        "unit_class": "dyn_foundation_7m",
        "objLayer": 1,
        "props": {
          "army": 1,
          "active": true
        }
      },
      {
        "name": "t1_cover_spaa_basis_30",
        "tm": [
          [
            0.135551,
            1.64501e-15,
            -0.990771
          ],
          [
            4.41196e-16,
            1.0,
            1.7207e-15
          ],
          [
            0.990771,
            -6.70367e-16,
            0.135551
          ],
          [
            14457.7,
            565.095,
            -21037.3
          ]
        ],
        "unit_class": "dyn_foundation_7m",
        "objLayer": 1,
        "props": {
          "army": 1,
          "active": true
        }
      },
      {
        "name": "t1_cover_spaa_basis_31",
        "tm": [
          [
            0.135551,
            1.64501e-15,
            -0.990771
          ],
          [
            4.41196e-16,
            1.0,
            1.7207e-15
          ],
          [
            0.990771,
            -6.70367e-16,
            0.135551
          ],
          [
            15768.7,
            536.027,
            -22822.5
          ]
        ],
        "unit_class": "dyn_foundation_7m",
        "objLayer": 1,
        "props": {
          "army": 1,
          "active": true
        }
      },
      {
        "name": "t1_cover_spaa_basis_32",
        "tm": [
          [
            0.135551,
            1.64501e-15,
            -0.990771
          ],
          [
            4.41196e-16,
            1.0,
            1.7207e-15
          ],
          [
            0.990771,
            -6.70367e-16,
            0.135551
          ],
          [
            16912.3,
            548.06,
            -22540.3
          ]
        ],
        "unit_class": "dyn_foundation_7m",
        "objLayer": 1,
        "props": {
          "army": 1,
          "active": true
        }
      },
      {
        "name": "t1_cover_spaa_basis_33",
        "tm": [
          [
            0.135551,
            1.64501e-15,
            -0.990771
          ],
          [
            4.41196e-16,
            1.0,
            1.7207e-15
          ],
          [
            0.990771,
            -6.70367e-16,
            0.135551
          ],
          [
            18027.3,
            524.592,
            -22267.6
          ]
        ],
        "unit_class": "dyn_foundation_7m",
        "objLayer": 1,
        "props": {
          "army": 1,
          "active": true
        }
      },
      {
        "name": "t1_cover_spaa_basis_34",
        "tm": [
          [
            0.135551,
            1.64501e-15,
            -0.990771
          ],
          [
            4.41196e-16,
            1.0,
            1.7207e-15
          ],
          [
            0.990771,
            -6.70367e-16,
            0.135551
          ],
          [
            20178.1,
            320.163,
            -21118.6
          ]
        ],
        "unit_class": "dyn_foundation_7m",
        "objLayer": 1,
        "props": {
          "army": 1,
          "active": true
        }
      },
      {
        "name": "t1_cover_spaa_basis_35",
        "tm": [
          [
            0.135551,
            1.64501e-15,
            -0.990771
          ],
          [
            4.41196e-16,
            1.0,
            1.7207e-15
          ],
          [
            0.990771,
            -6.70367e-16,
            0.135551
          ],
          [
            19300.0,
            485.474,
            -19019.2
          ]
        ],
        "unit_class": "dyn_foundation_7m",
        "objLayer": 1,
        "props": {
          "army": 1,
          "active": true
        }
      },
      {
        "name": "t1_cover_spaa_basis_36",
        "tm": [
          [
            0.135551,
            1.64501e-15,
            -0.990771
          ],
          [
            4.41196e-16,
            1.0,
            1.7207e-15
          ],
          [
            0.990771,
            -6.70367e-16,
            0.135551
          ],
          [
            19540.0,
            374.527,
            -21848.5
          ]
        ],
        "unit_class": "dyn_foundation_7m",
        "objLayer": 1,
        "props": {
          "army": 1,
          "active": true
        }
      },
      {
        "name": "t1_cover_spaa_basis_37",
        "tm": [
          [
            0.135551,
            1.64501e-15,
            -0.990771
          ],
          [
            4.41196e-16,
            1.0,
            1.7207e-15
          ],
          [
            0.990771,
            -6.70367e-16,
            0.135551
          ],
          [
            19332.9,
            422.337,
            -22530.6
          ]
        ],
        "unit_class": "dyn_foundation_7m",
        "objLayer": 1,
        "props": {
          "army": 1,
          "active": true
        }
      },
      {
        "name": "t1_cover_spaa_basis_38",
        "tm": [
          [
            0.135551,
            1.64501e-15,
            -0.990771
          ],
          [
            4.41196e-16,
            1.0,
            1.7207e-15
          ],
          [
            0.990771,
            -6.70367e-16,
            0.135551
          ],
          [
            18830.2,
            448.808,
            -22086.4
          ]
        ],
        "unit_class": "dyn_foundation_7m",
        "objLayer": 1,
        "props": {
          "army": 1,
          "active": true
        }
      },
      {
        "name": "t1_cover_spaa_basis_39",
        "tm": [
          [
            0.135551,
            1.64501e-15,
            -0.990771
          ],
          [
            4.41196e-16,
            1.0,
            1.7207e-15
          ],
          [
            0.990771,
            -6.70367e-16,
            0.135551
          ],
          [
            19853.0,
            360.453,
            -20405.2
          ]
        ],
        "unit_class": "dyn_foundation_7m",
        "objLayer": 1,
        "props": {
          "army": 1,
          "active": true
        }
      },
      {
        "name": "t1_cover_spaa_basis_40",
        "tm": [
          [
            0.135551,
            1.64501e-15,
            -0.990771
          ],
          [
            4.41196e-16,
            1.0,
            1.7207e-15
          ],
          [
            0.990771,
            -6.70367e-16,
            0.135551
          ],
          [
            19953.2,
            455.693,
            -19080.5
          ]
        ],
        "unit_class": "dyn_foundation_7m",
        "objLayer": 1,
        "props": {
          "army": 1,
          "active": true
        }
      },
      {
        "name": "t1_target_objectgroup_03",
        "tm": [
          [
            0.836431,
            -4.52483e-16,
            0.54807
          ],
          [
            1.31992e-15,
            1.0,
            -1.18879e-15
          ],
          [
            -0.54807,
            1.71776e-15,
            0.836431
          ],
          [
            9738.91,
            525.757,
            -20666.6
          ]
        ],
        "unit_class": "dyn_bomb_target_oil_refinery_1000_1000",
        "objLayer": 1,
        "props": {
          "army": 1,
          "active": true
        }
      },
      {
        "name": "t1_cover_spaa_basis_41",
        "tm": [
          [
            -0.398007,
            1.61592e-15,
            0.91738
          ],
          [
            1.31992e-15,
            1.0,
            -1.18879e-15
          ],
          [
            -0.91738,
            7.37725e-16,
            -0.398007
          ],
          [
            8302.6,
            518.829,
            -22542.5
          ]
        ],
        "unit_class": "dyn_foundation_7m",
        "objLayer": 1,
        "props": {
          "army": 1,
          "active": true
        }
      },
      {
        "name": "t1_cover_spaa_basis_42",
        "tm": [
          [
            -0.398007,
            1.61592e-15,
            0.91738
          ],
          [
            1.31992e-15,
            1.0,
            -1.18879e-15
          ],
          [
            -0.91738,
            7.37725e-16,
            -0.398007
          ],
          [
            7247.07,
            539.294,
            -23233.6
          ]
        ],
        "unit_class": "dyn_foundation_7m",
        "objLayer": 1,
        "props": {
          "army": 1,
          "active": true
        }
      },
      {
        "name": "t1_cover_spaa_basis_43",
        "tm": [
          [
            -0.398007,
            1.61592e-15,
            0.91738
          ],
          [
            1.31992e-15,
            1.0,
            -1.18879e-15
          ],
          [
            -0.91738,
            7.37725e-16,
            -0.398007
          ],
          [
            7936.85,
            538.505,
            -18605.2
          ]
        ],
        "unit_class": "dyn_foundation_7m",
        "objLayer": 1,
        "props": {
          "army": 1,
          "active": true
        }
      },
      {
        "name": "t1_cover_spaa_basis_44",
        "tm": [
          [
            -0.398007,
            1.61592e-15,
            0.91738
          ],
          [
            1.31992e-15,
            1.0,
            -1.18879e-15
          ],
          [
            -0.91738,
            7.37725e-16,
            -0.398007
          ],
          [
            9372.8,
            523.085,
            -22612.5
          ]
        ],
        "unit_class": "dyn_foundation_7m",
        "objLayer": 1,
        "props": {
          "army": 1,
          "active": true
        }
      },
      {
        "name": "t1_cover_spaa_basis_45",
        "tm": [
          [
            -0.398007,
            1.61592e-15,
            0.91738
          ],
          [
            1.31992e-15,
            1.0,
            -1.18879e-15
          ],
          [
            -0.91738,
            7.37725e-16,
            -0.398007
          ],
          [
            9043.0,
            555.27,
            -21988.4
          ]
        ],
        "unit_class": "dyn_foundation_7m",
        "objLayer": 1,
        "props": {
          "army": 1,
          "active": true
        }
      },
      {
        "name": "t1_cover_spaa_basis_46",
        "tm": [
          [
            -0.398007,
            1.61592e-15,
            0.91738
          ],
          [
            1.31992e-15,
            1.0,
            -1.18879e-15
          ],
          [
            -0.91738,
            7.37725e-16,
            -0.398007
          ],
          [
            11770.7,
            555.405,
            -20051.8
          ]
        ],
        "unit_class": "dyn_foundation_7m",
        "objLayer": 1,
        "props": {
          "army": 1,
          "active": true
        }
      },
      {
        "name": "t1_cover_spaa_basis_47",
        "tm": [
          [
            -0.398007,
            1.61592e-15,
            0.91738
          ],
          [
            1.31992e-15,
            1.0,
            -1.18879e-15
          ],
          [
            -0.91738,
            7.37725e-16,
            -0.398007
          ],
          [
            9941.35,
            555.055,
            -23157.3
          ]
        ],
        "unit_class": "dyn_foundation_7m",
        "objLayer": 1,
        "props": {
          "army": 1,
          "active": true
        }
      },
      {
        "name": "t1_cover_spaa_basis_48",
        "tm": [
          [
            -0.398007,
            1.61592e-15,
            0.91738
          ],
          [
            1.31992e-15,
            1.0,
            -1.18879e-15
          ],
          [
            -0.91738,
            7.37725e-16,
            -0.398007
          ],
          [
            12356.6,
            511.613,
            -22153.3
          ]
        ],
        "unit_class": "dyn_foundation_7m",
        "objLayer": 1,
        "props": {
          "army": 1,
          "active": true
        }
      },
      {
        "name": "t1_cover_spaa_basis_49",
        "tm": [
          [
            -0.398007,
            1.61592e-15,
            0.91738
          ],
          [
            1.31992e-15,
            1.0,
            -1.18879e-15
          ],
          [
            -0.91738,
            7.37725e-16,
            -0.398007
          ],
          [
            12734.2,
            519.553,
            -21213.7
          ]
        ],
        "unit_class": "dyn_foundation_7m",
        "objLayer": 1,
        "props": {
          "army": 1,
          "active": true
        }
      },
      {
        "name": "t1_cover_spaa_basis_50",
        "tm": [
          [
            -0.398007,
            1.61592e-15,
            0.91738
          ],
          [
            1.31992e-15,
            1.0,
            -1.18879e-15
          ],
          [
            -0.91738,
            7.37725e-16,
            -0.398007
          ],
          [
            12024.3,
            510.54,
            -21711.2
          ]
        ],
        "unit_class": "dyn_foundation_7m",
        "objLayer": 1,
        "props": {
          "army": 1,
          "active": true
        }
      },
      {
        "name": "t1_cover_spaa_basis_51",
        "tm": [
          [
            -0.398007,
            1.61592e-15,
            0.91738
          ],
          [
            1.31992e-15,
            1.0,
            -1.18879e-15
          ],
          [
            -0.91738,
            7.37725e-16,
            -0.398007
          ],
          [
            10859.2,
            525.483,
            -17878.8
          ]
        ],
        "unit_class": "dyn_foundation_7m",
        "objLayer": 1,
        "props": {
          "army": 1,
          "active": true
        }
      },
      {
        "name": "t1_cover_spaa_basis_52",
        "tm": [
          [
            -0.398007,
            1.61592e-15,
            0.91738
          ],
          [
            1.31992e-15,
            1.0,
            -1.18879e-15
          ],
          [
            -0.91738,
            7.37725e-16,
            -0.398007
          ],
          [
            11736.9,
            505.131,
            -17898.7
          ]
        ],
        "unit_class": "dyn_foundation_7m",
        "objLayer": 1,
        "props": {
          "army": 1,
          "active": true
        }
      },
      {
        "name": "t1_cover_spaa_basis_53",
        "tm": [
          [
            -0.398007,
            1.61592e-15,
            0.91738
          ],
          [
            1.31992e-15,
            1.0,
            -1.18879e-15
          ],
          [
            -0.91738,
            7.37725e-16,
            -0.398007
          ],
          [
            10136.8,
            521.54,
            -18149.3
          ]
        ],
        "unit_class": "dyn_foundation_7m",
        "objLayer": 1,
        "props": {
          "army": 1,
          "active": true
        }
      },
      {
        "name": "t1_cover_spaa_basis_54",
        "tm": [
          [
            -0.398007,
            1.61592e-15,
            0.91738
          ],
          [
            1.31992e-15,
            1.0,
            -1.18879e-15
          ],
          [
            -0.91738,
            7.37725e-16,
            -0.398007
          ],
          [
            10099.0,
            514.549,
            -17399.2
          ]
        ],
        "unit_class": "dyn_foundation_7m",
        "objLayer": 1,
        "props": {
          "army": 1,
          "active": true
        }
      },
      {
        "name": "t1_cover_spaa_basis_55",
        "tm": [
          [
            -0.398007,
            1.61592e-15,
            0.91738
          ],
          [
            1.31992e-15,
            1.0,
            -1.18879e-15
          ],
          [
            -0.91738,
            7.37725e-16,
            -0.398007
          ],
          [
            9391.8,
            516.771,
            -17862.8
          ]
        ],
        "unit_class": "dyn_foundation_7m",
        "objLayer": 1,
        "props": {
          "army": 1,
          "active": true
        }
      },
      {
        "name": "t1_cover_spaa_basis_56",
        "tm": [
          [
            -0.398007,
            1.61592e-15,
            0.91738
          ],
          [
            1.31992e-15,
            1.0,
            -1.18879e-15
          ],
          [
            -0.91738,
            7.37725e-16,
            -0.398007
          ],
          [
            11299.1,
            550.153,
            -22486.9
          ]
        ],
        "unit_class": "dyn_foundation_7m",
