{
  "selected_tag": "",
  "bin_dump_file": "",
  "mission_settings": {
    "player": {
      "army": 1
    },
    "player_teamB": {
      "army": 2
    },
    "mission": {
      "type": "domination",
      "level": "levels/air_israel.bin",
      "environment": "Day",
      "weather": "hazy"
    }
  },
  "imports": {},
  "triggers": {
    "isCategory": true,
    "is_enabled": true,
    "static_units_ran_03_init": {
      "is_enabled": true,
      "comments": "",
      "props": {
        "actionsType": "PERFORM_ONE_BY_ONE",
        "conditionsType": "ALL",
        "enableAfterComplete": false
      },
      "events": {
        "initMission": {}
      },
      "conditions": {},
      "actions": {
        "comment": [
          {
            "value": "static units"
          },
          {
            "value": "static aaa"
          },
          {
            "value": ""
          }
        ],
        "unitSetProperties": [
          {
            "object": [
              "t1_artillery_squad",
              "t1_bunkers_squad",
              "t2_artillery_squad",
              "t2_bunkers_squad"
            ],
            "accuracy": 0.1,
            "checkVisibilityTarget": false
          },
          {
            "object": [
              "t1_aaa_squad",
              "t2_aaa_squad"
            ],
            "targetGnd": false,
            "accuracy": 0.1,
            "airAccuracy": 0.1,
            "fireRandom": true,
            "targetChangeInterval": 5.0,
            "targetChangeProb": 0.25,
            "DelayAfterShoot": 3.0
          }
        ]
      },
      "else_actions": {}
    }
  },
  "mission_objectives": {
    "isCategory": true,
    "is_enabled": true
  },
  "variables": {},
  "dialogs": {},
  "airfields": {},
  "effects": {},
  "units": {
    "objectGroups": [
      {
        "name": "t1_trench_01",
        "tm": [
          [
            -0.643551,
            -0.0180511,
            -0.76519
          ],
          [
            0.00374752,
            0.999636,
            -0.0267345
          ],
          [
            0.765394,
            -0.020073,
            -0.643248
          ],
          [
            -650.558,
            606.824,
            1566.35
          ]
        ],
        "unit_class": "dynTrench_small_bunker_axis",
        "objLayer": 2,
        "props": {
          "army": 1,
          "active": true
        }
      },
      {
        "name": "t1_trench_02",
        "tm": [
          [
            -0.693538,
            -0.0531529,
            -0.718457
          ],
          [
            -0.0279285,
            0.998509,
            -0.0469132
          ],
          [
            0.719879,
            -0.012471,
            -0.693987
          ],
          [
            -2513.12,
            540.315,
            -495.62
          ]
        ],
        "unit_class": "dynTrench_small_bunker_axis",
        "objLayer": 2,
        "props": {
          "army": 1,
          "active": true
        }
      },
      {
        "name": "t1_trench_03",
        "tm": [
          [
            -0.802606,
            0.051238,
            -0.594305
          ],
          [
            0.0878801,
            0.99559,
            -0.0328451
          ],
          [
            0.590001,
            -0.0785898,
            -0.803568
          ],
          [
            2292.77,
            329.092,
            3863.49
          ]
        ],
        "unit_class": "dynTrench_small_bunker_axis",
        "objLayer": 2,
        "props": {
          "army": 1,
          "active": true
        }
      },
      {
        "name": "t1_trench_04",
        "tm": [
          [
            -0.485654,
            0.0534206,
            -0.872517
          ],
          [
            0.0266686,
            0.998571,
            0.0462943
          ],
          [
            0.873743,
            -0.000785792,
            -0.486386
          ],
          [
            -3460.19,
            523.708,
            -1841.77
          ]
        ],
        "unit_class": "dynTrench_small_bunker_axis",
        "objLayer": 2,
        "props": {
          "army": 1,
          "active": true
        }
      },
      {
        "name": "t1_trench_05",
        "tm": [
          [
            -0.561933,
            -0.0303685,
            -0.826626
          ],
          [
            -0.0200364,
            0.999532,
            -0.0230999
          ],
          [
            0.826941,
            0.00358185,
            -0.562278
          ],
          [
            -3886.12,
            535.927,
            -2437.4
          ]
        ],
        "unit_class": "dynTrench_small_bunker_axis",
        "objLayer": 2,
        "props": {
          "army": 1,
          "active": true
        }
      },
      {
        "name": "t1_trench_06",
        "tm": [
          [
            -0.808283,
            -0.0202705,
            -0.588445
          ],
          [
            0.00694436,
            0.999009,
            -0.0439523
          ],
          [
            0.588753,
            -0.0396121,
            -0.807342
          ],
          [
            47.3735,
            631.732,
            2266.06
          ]
        ],
        "unit_class": "dynTrench_small_bunker_axis",
        "objLayer": 2,
        "props": {
          "army": 1,
          "active": true
        }
      },
      {
        "name": "t1_trench_07",
        "tm": [
          [
            -0.76053,
            0.0144047,
            -0.649143
          ],
          [
            -0.026137,
            0.998264,
            0.0527744
          ],
          [
            0.648777,
            0.0571031,
            -0.758834
          ],
          [
            -1841.01,
            580.816,
            309.91
          ]
        ],
        "unit_class": "dynTrench_small_bunker_axis",
        "objLayer": 2,
        "props": {
          "army": 1,
          "active": true
        }
      },
      {
        "name": "t1_trench_08",
        "tm": [
          [
            -0.873104,
            -0.0228928,
            -0.486997
          ],
          [
            0.00469291,
            0.998456,
            -0.0553488
          ],
          [
            0.487512,
            -0.0506113,
            -0.871647
          ],
          [
            3072.73,
            315.129,
            4251.91
          ]
        ],
        "unit_class": "dynTrench_small_bunker_axis",
        "objLayer": 2,
        "props": {
          "army": 1,
          "active": true
        }
      },
      {
        "name": "t2_trench_01",
        "tm": [
          [
            0.631758,
            -0.0453235,
            0.773839
          ],
          [
            0.052845,
            0.998485,
            0.0153388
          ],
          [
            -0.773362,
            0.0312033,
            0.633196
          ],
          [
            1472.76,
            466.452,
            -452.511
          ]
        ],
        "unit_class": "dynTrench_small_bunker_axis",
        "objLayer": 2,
        "props": {
          "army": 2,
          "active": true
        }
      },
      {
        "name": "t2_trench_02",
        "tm": [
          [
            0.619712,
            -0.0407124,
            0.783773
          ],
          [
            0.132567,
            0.989734,
            -0.0534075
          ],
          [
            -0.773551,
            0.136999,
            0.618748
          ],
          [
            2099.48,
            422.981,
            265.731
          ]
        ],
        "unit_class": "dynTrench_small_bunker_axis",
        "objLayer": 2,
        "props": {
          "army": 2,
          "active": true
        }
      },
      {
        "name": "t2_trench_03",
        "tm": [
          [
            0.540158,
            -0.0334265,
            0.8409
          ],
          [
            0.037446,
            0.999176,
            0.0156645
          ],
          [
            -0.84073,
            0.023027,
            0.540964
          ],
          [
            3948.94,
            171.739,
            2897.48
          ]
        ],
        "unit_class": "dynTrench_small_bunker_axis",
        "objLayer": 2,
        "props": {
          "army": 2,
          "active": true
        }
      },
      {
        "name": "t2_trench_04",
        "tm": [
          [
            0.635086,
            -0.0205997,
            0.772165
          ],
          [
            -0.0101191,
            0.999336,
            0.0349829
          ],
          [
            -0.772375,
            -0.0300313,
            0.634457
          ],
          [
            174.978,
            571.757,
            -1857.88
          ]
        ],
        "unit_class": "dynTrench_small_bunker_axis",
        "objLayer": 2,
        "props": {
          "army": 2,
          "active": true
        }
      },
      {
        "name": "t2_trench_05",
        "tm": [
          [
            0.856293,
            0.0187134,
            0.516151
          ],
          [
            -0.00310688,
            0.999512,
            -0.031084
          ],
          [
            -0.516481,
            0.0250134,
            0.855934
          ],
          [
            -2335.7,
            498.506,
            -3969.52
          ]
        ],
        "unit_class": "dynTrench_small_bunker_axis",
        "objLayer": 2,
        "props": {
          "army": 2,
          "active": true
        }
      },
      {
        "name": "t2_trench_06",
        "tm": [
          [
            0.841735,
            0.0450242,
            0.53801
          ],
          [
            -0.0554184,
            0.998457,
            0.00314687
          ],
          [
            -0.537039,
            -0.0324646,
            0.842933
          ],
          [
            -1771.64,
            533.922,
            -3552.15
          ]
        ],
        "unit_class": "dynTrench_small_bunker_axis",
        "objLayer": 2,
        "props": {
          "army": 2,
          "active": true
        }
      },
      {
        "name": "t2_trench_07",
        "tm": [
          [
            0.57819,
            -0.0967344,
            0.810148
          ],
          [
            0.0764325,
            0.995002,
            0.0642573
          ],
          [
            -0.812313,
            0.0247683,
            0.582693
          ],
          [
            3482.09,
            279.579,
            1962.1
          ]
        ],
        "unit_class": "dynTrench_small_bunker_axis",
        "objLayer": 2,
        "props": {
          "army": 2,
          "active": true
        }
      },
      {
        "name": "t2_trench_08",
        "tm": [
          [
            0.643103,
            0.0356447,
            0.76495
          ],
          [
            0.026855,
            0.997251,
            -0.0690471
          ],
          [
            -0.765309,
            0.0649472,
            0.640378
          ],
          [
            -672.992,
            564.403,
            -2683.95
          ]
        ],
        "unit_class": "dynTrench_small_bunker_axis",
        "objLayer": 2,
        "props": {
          "army": 2,
          "active": true
        }
      }
    ],
    "structures": [
      {
        "name": "t1_bunker_01",
        "tm": [
          [
            0.851724,
            -0.0171996,
            -0.523709
          ],
          [
            0.00374752,
            0.999636,
            -0.0267345
          ],
          [
            0.523978,
            0.020808,
            0.851478
          ],
          [
            -650.154,
            618.995,
            1551.51
          ]
        ],
        "unit_class": "ussr_quest_large_art_noground",
        "objLayer": 1,
        "closed_waypoints": false,
        "isShipSpline": false,
        "shipTurnRadius": 100.0,
        "weapons": "",
        "bullets0": "",
        "bullets1": "",
        "bullets2": "",
        "bullets3": "",
        "bulletsCount0": 0,
        "bulletsCount1": 0,
        "bulletsCount2": 0,
        "bulletsCount3": 0,
        "crewSkillK": 0.0,
        "applyAllMods": false,
        "props": {
          "army": 1,
          "count": 1,
          "formation_type": "rows",
          "formation_div": 3,
          "formation_step": [
            2.5,
            2.0
          ],
          "formation_noise": [
            0.1,
            0.1
          ]
        },
        "way": {}
      },
      {
        "name": "t1_art_01",
        "tm": [
          [
            0.851724,
            -0.0171996,
            -0.523709
          ],
          [
            0.00374752,
            0.999636,
            -0.0267345
          ],
          [
            0.523978,
            0.020808,
            0.851478
          ],
          [
            -599.206,
            617.306,
            1631.43
          ]
        ],
        "unit_class": "ussr_quest_large_art_noground",
        "objLayer": 1,
        "closed_waypoints": false,
        "isShipSpline": false,
        "shipTurnRadius": 100.0,
        "weapons": "",
        "bullets0": "",
        "bullets1": "",
        "bullets2": "",
        "bullets3": "",
        "bulletsCount0": 0,
        "bulletsCount1": 0,
        "bulletsCount2": 0,
        "bulletsCount3": 0,
        "crewSkillK": 0.0,
        "applyAllMods": false,
        "props": {
          "army": 1,
          "count": 1,
          "formation_type": "rows",
          "formation_div": 3,
          "formation_step": [
            2.5,
            2.0
          ],
          "formation_noise": [
            0.1,
            0.1
          ]
        },
        "way": {}
      },
      {
        "name": "t1_art_02",
        "tm": [
          [
            0.851724,
            -0.0171996,
            -0.523709
          ],
          [
            0.00374752,
            0.999636,
            -0.0267345
          ],
          [
            0.523978,
            0.020808,
            0.851478
          ],
          [
            -681.973,
            610.244,
            1484.53
          ]
        ],
        "unit_class": "ussr_quest_large_art_noground",
        "objLayer": 1,
        "closed_waypoints": false,
        "isShipSpline": false,
        "shipTurnRadius": 100.0,
        "weapons": "",
        "bullets0": "",
        "bullets1": "",
        "bullets2": "",
        "bullets3": "",
        "bulletsCount0": 0,
        "bulletsCount1": 0,
        "bulletsCount2": 0,
        "bulletsCount3": 0,
        "crewSkillK": 0.0,
        "applyAllMods": false,
        "props": {
          "army": 1,
          "count": 1,
          "formation_type": "rows",
          "formation_div": 3,
          "formation_step": [
            2.5,
            2.0
          ],
          "formation_noise": [
            0.1,
            0.1
          ]
        },
        "way": {}
      },
      {
        "name": "t1_bunker_02",
        "tm": [
          [
            0.814056,
            -0.0045178,
            -0.580769
          ],
          [
            -0.0279285,
            0.998509,
            -0.0469132
          ],
          [
            0.580115,
            0.0544091,
            0.812716
          ],
          [
            -2514.18,
            552.158,
            -510.72
          ]
        ],
        "unit_class": "ussr_quest_large_art_noground",
        "objLayer": 1,
        "closed_waypoints": false,
        "isShipSpline": false,
        "shipTurnRadius": 100.0,
        "weapons": "",
        "bullets0": "",
        "bullets1": "",
        "bullets2": "",
        "bullets3": "",
        "bulletsCount0": 0,
        "bulletsCount1": 0,
        "bulletsCount2": 0,
        "bulletsCount3": 0,
        "crewSkillK": 0.0,
        "applyAllMods": false,
        "props": {
          "army": 1,
          "count": 1,
          "formation_type": "rows",
          "formation_div": 3,
          "formation_step": [
            2.5,
            2.0
          ],
          "formation_noise": [
            0.1,
            0.1
          ]
        },
        "way": {}
      },
      {
        "name": "t1_art_03",
        "tm": [
          [
            0.814056,
            -0.0045178,
            -0.580769
          ],
          [
            -0.0279285,
            0.998509,
            -0.0469132
          ],
          [
            0.580115,
            0.0544091,
            0.812716
          ],
          [
            -2457.8,
            553.678,
            -434.47
          ]
        ],
        "unit_class": "ussr_quest_large_art_noground",
        "objLayer": 1,
        "closed_waypoints": false,
        "isShipSpline": false,
        "shipTurnRadius": 100.0,
        "weapons": "",
        "bullets0": "",
        "bullets1": "",
        "bullets2": "",
        "bullets3": "",
        "bulletsCount0": 0,
        "bulletsCount1": 0,
        "bulletsCount2": 0,
        "bulletsCount3": 0,
        "crewSkillK": 0.0,
        "applyAllMods": false,
        "props": {
          "army": 1,
          "count": 1,
          "formation_type": "rows",
          "formation_div": 3,
          "formation_step": [
            2.5,
            2.0
          ],
          "formation_noise": [
            0.1,
            0.1
          ]
        },
        "way": {}
      },
      {
        "name": "t1_art_04",
        "tm": [
          [
            0.814056,
            -0.0045178,
            -0.580769
          ],
          [
            -0.0279285,
            0.998509,
            -0.0469132
          ],
          [
            0.580115,
            0.0544091,
            0.812716
          ],
          [
            -2550.23,
            541.036,
            -575.16
          ]
        ],
        "unit_class": "ussr_quest_large_art_noground",
        "objLayer": 1,
        "closed_waypoints": false,
        "isShipSpline": false,
        "shipTurnRadius": 100.0,
        "weapons": "",
        "bullets0": "",
        "bullets1": "",
        "bullets2": "",
        "bullets3": "",
        "bulletsCount0": 0,
        "bulletsCount1": 0,
        "bulletsCount2": 0,
        "bulletsCount3": 0,
        "crewSkillK": 0.0,
        "applyAllMods": false,
        "props": {
          "army": 1,
          "count": 1,
          "formation_type": "rows",
          "formation_div": 3,
          "formation_step": [
            2.5,
            2.0
          ],
          "formation_noise": [
            0.1,
            0.1
          ]
        },
        "way": {}
      },
      {
        "name": "t1_bunker_03",
        "tm": [
          [
            0.701633,
            -0.0852711,
            -0.707419
          ],
          [
            0.0878801,
            0.99559,
            -0.0328451
          ],
          [
            0.707099,
            -0.0391224,
            0.706031
          ],
          [
            2290.84,
            341.406,
            3848.89
          ]
        ],
        "unit_class": "ussr_quest_large_art_noground",
        "objLayer": 1,
        "closed_waypoints": false,
        "isShipSpline": false,
        "shipTurnRadius": 100.0,
        "weapons": "",
        "bullets0": "",
        "bullets1": "",
        "bullets2": "",
        "bullets3": "",
        "bulletsCount0": 0,
        "bulletsCount1": 0,
        "bulletsCount2": 0,
        "bulletsCount3": 0,
        "crewSkillK": 0.0,
        "applyAllMods": false,
        "props": {
          "army": 1,
          "count": 1,
          "formation_type": "rows",
          "formation_div": 3,
          "formation_step": [
            2.5,
            2.0
          ],
          "formation_noise": [
            0.1,
            0.1
          ]
        },
        "way": {}
      },
      {
        "name": "t1_art_05",
        "tm": [
          [
            0.701633,
            -0.0852711,
            -0.707419
          ],
          [
            0.0878801,
            0.99559,
            -0.0328451
          ],
          [
            0.707099,
            -0.0391224,
            0.706031
          ],
          [
            2358.52,
            333.95,
            3914.76
          ]
        ],
        "unit_class": "ussr_quest_large_art_noground",
        "objLayer": 1,
        "closed_waypoints": false,
        "isShipSpline": false,
        "shipTurnRadius": 100.0,
        "weapons": "",
        "bullets0": "",
        "bullets1": "",
        "bullets2": "",
        "bullets3": "",
        "bulletsCount0": 0,
        "bulletsCount1": 0,
        "bulletsCount2": 0,
        "bulletsCount3": 0,
        "crewSkillK": 0.0,
        "applyAllMods": false,
        "props": {
          "army": 1,
          "count": 1,
          "formation_type": "rows",
          "formation_div": 3,
          "formation_step": [
            2.5,
            2.0
          ],
          "formation_noise": [
            0.1,
            0.1
          ]
        },
        "way": {}
      },
      {
        "name": "t1_art_06",
        "tm": [
          [
            0.701633,
            -0.0852711,
            -0.707419
          ],
          [
            0.0878801,
            0.99559,
            -0.0328451
          ],
          [
            0.707099,
            -0.0391224,
            0.706031
          ],
          [
            2243.61,
            336.56,
            3791.2
          ]
        ],
        "unit_class": "ussr_quest_large_art_noground",
        "objLayer": 1,
        "closed_waypoints": false,
        "isShipSpline": false,
        "shipTurnRadius": 100.0,
        "weapons": "",
        "bullets0": "",
        "bullets1": "",
        "bullets2": "",
        "bullets3": "",
        "bulletsCount0": 0,
        "bulletsCount1": 0,
        "bulletsCount2": 0,
        "bulletsCount3": 0,
        "crewSkillK": 0.0,
        "applyAllMods": false,
        "props": {
          "army": 1,
          "count": 1,
          "formation_type": "rows",
          "formation_div": 3,
          "formation_step": [
            2.5,
            2.0
          ],
          "formation_noise": [
            0.1,
            0.1
          ]
        },
        "way": {}
      },
      {
        "name": "t1_bunker_04",
        "tm": [
          [
            0.935672,
            -0.00863441,
            -0.352766
          ],
          [
            0.0266686,
            0.998571,
            0.0462943
          ],
          [
            0.351862,
            -0.052724,
            0.934566
          ],
          [
            -3456.91,
            536.832,
            -1855.39
          ]
        ],
        "unit_class": "ussr_quest_large_art_noground",
        "objLayer": 1,
        "closed_waypoints": false,
        "isShipSpline": false,
        "shipTurnRadius": 100.0,
        "weapons": "",
        "bullets0": "",
        "bullets1": "",
        "bullets2": "",
        "bullets3": "",
        "bulletsCount0": 0,
        "bulletsCount1": 0,
        "bulletsCount2": 0,
        "bulletsCount3": 0,
        "crewSkillK": 0.0,
        "applyAllMods": false,
        "props": {
          "army": 1,
          "count": 1,
          "formation_type": "rows",
          "formation_div": 3,
          "formation_step": [
            2.5,
            2.0
          ],
          "formation_noise": [
            0.1,
            0.1
          ]
        },
        "way": {}
      },
      {
        "name": "t1_art_07",
        "tm": [
          [
            0.935672,
            -0.00863441,
            -0.352766
          ],
          [
            0.0266686,
            0.998571,
            0.0462943
          ],
          [
            0.351862,
            -0.052724,
            0.934566
          ],
          [
            -3422.06,
            528.192,
            -1767.52
          ]
        ],
        "unit_class": "ussr_quest_large_art_noground",
        "objLayer": 1,
        "closed_waypoints": false,
        "isShipSpline": false,
        "shipTurnRadius": 100.0,
        "weapons": "",
        "bullets0": "",
        "bullets1": "",
        "bullets2": "",
        "bullets3": "",
        "bulletsCount0": 0,
        "bulletsCount1": 0,
        "bulletsCount2": 0,
        "bulletsCount3": 0,
        "crewSkillK": 0.0,
        "applyAllMods": false,
        "props": {
          "army": 1,
          "count": 1,
          "formation_type": "rows",
          "formation_div": 3,
          "formation_step": [
            2.5,
            2.0
          ],
          "formation_noise": [
            0.1,
            0.1
          ]
        },
        "way": {}
      },
      {
        "name": "t1_art_08",
        "tm": [
          [
            0.935672,
            -0.00863441,
            -0.352766
          ],
          [
            0.0266686,
            0.998571,
            0.0462943
          ],
          [
            0.351862,
            -0.052724,
            0.934566
          ],
          [
            -3475.4,
            533.587,
            -1927.63
          ]
        ],
        "unit_class": "ussr_quest_large_art_noground",
        "objLayer": 1,
        "closed_waypoints": false,
        "isShipSpline": false,
        "shipTurnRadius": 100.0,
        "weapons": "",
        "bullets0": "",
        "bullets1": "",
        "bullets2": "",
        "bullets3": "",
        "bulletsCount0": 0,
        "bulletsCount1": 0,
        "bulletsCount2": 0,
        "bulletsCount3": 0,
        "crewSkillK": 0.0,
        "applyAllMods": false,
        "props": {
          "army": 1,
          "count": 1,
          "formation_type": "rows",
          "formation_div": 3,
          "formation_step": [
            2.5,
            2.0
          ],
          "formation_noise": [
            0.1,
            0.1
          ]
        },
        "way": {}
      },
      {
        "name": "t1_bunker_05",
        "tm": [
          [
            0.900596,
            0.00800942,
            -0.434583
          ],
          [
            -0.0200364,
            0.999532,
            -0.0230999
          ],
          [
            0.434196,
            0.0295111,
            0.900335
          ],
          [
            -3884.68,
            548.186,
            -2452.13
          ]
        ],
        "unit_class": "ussr_quest_large_art_noground",
        "objLayer": 1,
        "closed_waypoints": false,
        "isShipSpline": false,
        "shipTurnRadius": 100.0,
        "weapons": "",
        "bullets0": "",
        "bullets1": "",
        "bullets2": "",
        "bullets3": "",
        "bulletsCount0": 0,
        "bulletsCount1": 0,
        "bulletsCount2": 0,
        "bulletsCount3": 0,
        "crewSkillK": 0.0,
        "applyAllMods": false,
        "props": {
          "army": 1,
          "count": 1,
          "formation_type": "rows",
          "formation_div": 3,
          "formation_step": [
            2.5,
            2.0
          ],
          "formation_noise": [
            0.1,
            0.1
          ]
        },
        "way": {}
      },
      {
        "name": "t1_art_09",
        "tm": [
          [
            0.900596,
            0.00800942,
            -0.434583
          ],
          [
            -0.0200364,
            0.999532,
            -0.0230999
          ],
          [
            0.434196,
            0.0295111,
            0.900335
          ],
          [
            -3841.93,
            547.361,
            -2367.41
          ]
        ],
        "unit_class": "ussr_quest_large_art_noground",
        "objLayer": 1,
        "closed_waypoints": false,
        "isShipSpline": false,
        "shipTurnRadius": 100.0,
        "weapons": "",
        "bullets0": "",
        "bullets1": "",
        "bullets2": "",
        "bullets3": "",
        "bulletsCount0": 0,
        "bulletsCount1": 0,
        "bulletsCount2": 0,
        "bulletsCount3": 0,
        "crewSkillK": 0.0,
        "applyAllMods": false,
        "props": {
          "army": 1,
          "count": 1,
          "formation_type": "rows",
          "formation_div": 3,
          "formation_step": [
            2.5,
            2.0
          ],
          "formation_noise": [
            0.1,
            0.1
          ]
        },
        "way": {}
      },
      {
        "name": "t1_art_10",
        "tm": [
          [
            0.900596,
            0.00800942,
            -0.434583
          ],
          [
            -0.0200364,
            0.999532,
            -0.0230999
          ],
          [
            0.434196,
            0.0295111,
            0.900335
          ],
          [
            -3909.24,
            538.998,
            -2522.03
          ]
        ],
        "unit_class": "ussr_quest_large_art_noground",
        "objLayer": 1,
        "closed_waypoints": false,
        "isShipSpline": false,
        "shipTurnRadius": 100.0,
        "weapons": "",
        "bullets0": "",
        "bullets1": "",
        "bullets2": "",
        "bullets3": "",
        "bulletsCount0": 0,
        "bulletsCount1": 0,
        "bulletsCount2": 0,
        "bulletsCount3": 0,
        "crewSkillK": 0.0,
        "applyAllMods": false,
        "props": {
          "army": 1,
          "count": 1,
          "formation_type": "rows",
          "formation_div": 3,
          "formation_step": [
            2.5,
            2.0
          ],
          "formation_noise": [
            0.1,
            0.1
          ]
        },
        "way": {}
      },
      {
        "name": "t1_bunker_06",
        "tm": [
          [
            0.701232,
            -0.0362002,
            -0.712013
          ],
          [
            0.00694436,
            0.999009,
            -0.0439523
          ],
          [
            0.7129,
            0.0258768,
            0.700789
          ],
          [
            44.1838,
            643.682,
            2251.34
          ]
        ],
        "unit_class": "ussr_quest_large_art_noground",
        "objLayer": 1,
        "closed_waypoints": false,
        "isShipSpline": false,
        "shipTurnRadius": 100.0,
        "weapons": "",
        "bullets0": "",
        "bullets1": "",
        "bullets2": "",
        "bullets3": "",
        "bulletsCount0": 0,
        "bulletsCount1": 0,
        "bulletsCount2": 0,
        "bulletsCount3": 0,
        "crewSkillK": 0.0,
        "applyAllMods": false,
        "props": {
          "army": 1,
          "count": 1,
          "formation_type": "rows",
          "formation_div": 3,
          "formation_step": [
            2.5,
            2.0
          ],
          "formation_noise": [
            0.1,
            0.1
          ]
        },
        "way": {}
      },
      {
        "name": "t1_art_11",
        "tm": [
          [
            0.701232,
            -0.0362002,
            -0.712013
          ],
          [
            0.00694436,
            0.999009,
            -0.0439523
          ],
          [
            0.7129,
            0.0258768,
            0.700789
          ],
          [
            112.864,
            642.445,
            2316.76
          ]
        ],
        "unit_class": "ussr_quest_large_art_noground",
        "objLayer": 1,
        "closed_waypoints": false,
        "isShipSpline": false,
        "shipTurnRadius": 100.0,
        "weapons": "",
        "bullets0": "",
        "bullets1": "",
        "bullets2": "",
        "bullets3": "",
        "bulletsCount0": 0,
        "bulletsCount1": 0,
        "bulletsCount2": 0,
        "bulletsCount3": 0,
        "crewSkillK": 0.0,
        "applyAllMods": false,
        "props": {
          "army": 1,
          "count": 1,
          "formation_type": "rows",
          "formation_div": 3,
          "formation_step": [
            2.5,
            2.0
          ],
          "formation_noise": [
            0.1,
            0.1
          ]
        },
        "way": {}
      },
      {
        "name": "t1_art_12",
        "tm": [
          [
            0.701232,
            -0.0362002,
            -0.712013
          ],
          [
            0.00694436,
            0.999009,
            -0.0439523
          ],
          [
            0.7129,
            0.0258768,
            0.700789
          ],
          [
            -2.86901,
            634.406,
            2194.08
          ]
        ],
        "unit_class": "ussr_quest_large_art_noground",
        "objLayer": 1,
        "closed_waypoints": false,
        "isShipSpline": false,
        "shipTurnRadius": 100.0,
        "weapons": "",
        "bullets0": "",
        "bullets1": "",
        "bullets2": "",
        "bullets3": "",
        "bulletsCount0": 0,
        "bulletsCount1": 0,
        "bulletsCount2": 0,
        "bulletsCount3": 0,
        "crewSkillK": 0.0,
        "applyAllMods": false,
        "props": {
          "army": 1,
          "count": 1,
          "formation_type": "rows",
          "formation_div": 3,
          "formation_step": [
            2.5,
            2.0
          ],
          "formation_noise": [
            0.1,
            0.1
          ]
        },
        "way": {}
      },
      {
        "name": "t1_bunker_07",
        "tm": [
          [
            0.75358,
            0.0543635,
            -0.655105
          ],
          [
            -0.026137,
            0.998264,
            0.0527744
          ],
          [
            0.656837,
            -0.0226469,
            0.753692
          ],
          [
            -1843.46,
            594.064,
            296.199
          ]
        ],
        "unit_class": "ussr_quest_large_art_noground",
        "objLayer": 1,
        "closed_waypoints": false,
        "isShipSpline": false,
        "shipTurnRadius": 100.0,
        "weapons": "",
        "bullets0": "",
        "bullets1": "",
        "bullets2": "",
        "bullets3": "",
        "bulletsCount0": 0,
        "bulletsCount1": 0,
        "bulletsCount2": 0,
        "bulletsCount3": 0,
        "crewSkillK": 0.0,
        "applyAllMods": false,
        "props": {
          "army": 1,
          "count": 1,
          "formation_type": "rows",
          "formation_div": 3,
          "formation_step": [
            2.5,
            2.0
          ],
          "formation_noise": [
            0.1,
            0.1
          ]
        },
        "way": {}
      },
      {
        "name": "t1_art_13",
        "tm": [
          [
            0.75358,
            0.0543635,
            -0.655105
          ],
          [
            -0.026137,
            0.998264,
            0.0527744
          ],
          [
            0.656837,
            -0.0226469,
            0.753692
          ],
          [
            -1779.95,
            588.372,
            366.393
          ]
        ],
        "unit_class": "ussr_quest_large_art_noground",
        "objLayer": 1,
        "closed_waypoints": false,
        "isShipSpline": false,
        "shipTurnRadius": 100.0,
        "weapons": "",
        "bullets0": "",
        "bullets1": "",
        "bullets2": "",
        "bullets3": "",
        "bulletsCount0": 0,
        "bulletsCount1": 0,
        "bulletsCount2": 0,
        "bulletsCount3": 0,
        "crewSkillK": 0.0,
        "applyAllMods": false,
        "props": {
          "army": 1,
          "count": 1,
          "formation_type": "rows",
          "formation_div": 3,
          "formation_step": [
            2.5,
            2.0
          ],
          "formation_noise": [
            0.1,
            0.1
          ]
        },
        "way": {}
      },
      {
        "name": "t1_art_14",
        "tm": [
          [
            0.75358,
            0.0543635,
            -0.655105
          ],
          [
            -0.026137,
            0.998264,
            0.0527744
          ],
          [
            0.656837,
            -0.0226469,
            0.753692
          ],
          [
            -1885.66,
            589.112,
            234.794
          ]
        ],
        "unit_class": "ussr_quest_large_art_noground",
        "objLayer": 1,
        "closed_waypoints": false,
        "isShipSpline": false,
        "shipTurnRadius": 100.0,
        "weapons": "",
        "bullets0": "",
        "bullets1": "",
        "bullets2": "",
        "bullets3": "",
        "bulletsCount0": 0,
        "bulletsCount1": 0,
        "bulletsCount2": 0,
        "bulletsCount3": 0,
        "crewSkillK": 0.0,
        "applyAllMods": false,
        "props": {
          "army": 1,
          "count": 1,
          "formation_type": "rows",
          "formation_div": 3,
          "formation_step": [
            2.5,
            2.0
          ],
          "formation_noise": [
            0.1,
            0.1
          ]
        },
        "way": {}
      },
      {
        "name": "t1_bunker_08",
        "tm": [
          [
            0.610627,
            -0.0466938,
            -0.790541
          ],
          [
            0.00469291,
            0.998456,
            -0.0553488
          ],
          [
            0.791904,
            0.0300875,
            0.609904
          ],
          [
            3067.88,
            326.938,
            4237.54
          ]
        ],
        "unit_class": "ussr_quest_large_art_noground",
        "objLayer": 1,
        "closed_waypoints": false,
        "isShipSpline": false,
        "shipTurnRadius": 100.0,
        "weapons": "",
        "bullets0": "",
        "bullets1": "",
        "bullets2": "",
        "bullets3": "",
        "bulletsCount0": 0,
        "bulletsCount1": 0,
        "bulletsCount2": 0,
        "bulletsCount3": 0,
        "crewSkillK": 0.0,
        "applyAllMods": false,
        "props": {
          "army": 1,
          "count": 1,
          "formation_type": "rows",
          "formation_div": 3,
          "formation_step": [
            2.5,
            2.0
          ],
          "formation_noise": [
            0.1,
            0.1
          ]
        },
        "way": {}
      },
      {
        "name": "t1_art_15",
        "tm": [
          [
            0.610627,
            -0.0466938,
            -0.790541
          ],
          [
            0.00469291,
            0.998456,
            -0.0553488
          ],
          [
            0.791904,
            0.0300875,
            0.609904
          ],
          [
            3143.82,
            326.091,
            4294.26
          ]
        ],
        "unit_class": "ussr_quest_large_art_noground",
        "objLayer": 1,
        "closed_waypoints": false,
        "isShipSpline": false,
        "shipTurnRadius": 100.0,
        "weapons": "",
        "bullets0": "",
        "bullets1": "",
        "bullets2": "",
        "bullets3": "",
        "bulletsCount0": 0,
        "bulletsCount1": 0,
        "bulletsCount2": 0,
        "bulletsCount3": 0,
        "crewSkillK": 0.0,
        "applyAllMods": false,
        "props": {
          "army": 1,
          "count": 1,
          "formation_type": "rows",
          "formation_div": 3,
          "formation_step": [
            2.5,
            2.0
          ],
          "formation_noise": [
            0.1,
            0.1
          ]
        },
        "way": {}
      },
      {
        "name": "t1_art_16",
        "tm": [
          [
            0.610627,
            -0.0466938,
            -0.790541
          ],
          [
            0.00469291,
            0.998456,
            -0.0553488
          ],
          [
            0.791904,
            0.0300875,
            0.609904
          ],
          [
            3014.23,
            317.272,
            4186.42
          ]
        ],
        "unit_class": "ussr_quest_large_art_noground",
        "objLayer": 1,
        "closed_waypoints": false,
        "isShipSpline": false,
        "shipTurnRadius": 100.0,
        "weapons": "",
        "bullets0": "",
        "bullets1": "",
        "bullets2": "",
        "bullets3": "",
        "bulletsCount0": 0,
        "bulletsCount1": 0,
        "bulletsCount2": 0,
