{
  "selected_tag": "",
  "bin_dump_file": "",
  "mission_settings": {
    "player": {
      "army": 1
    },
    "player_teamB": {
      "army": 2
    },
    "mission": {
      "type": "domination",
      "level": "levels/air_israel.bin",
      "environment": "Day",
      "weather": "hazy"
    }
  },
  "imports": {},
  "triggers": {
    "isCategory": true,
    "is_enabled": true,
    "static_units_ran_05_init": {
      "is_enabled": true,
      "comments": "",
      "props": {
        "actionsType": "PERFORM_ONE_BY_ONE",
        "conditionsType": "ALL",
        "enableAfterComplete": false
      },
      "events": {
        "initMission": {}
      },
      "conditions": {},
      "actions": {
        "comment": [
          {
            "value": "static units"
          },
          {
            "value": "static aaa"
          },
          {
            "value": ""
          }
        ],
        "unitSetProperties": [
          {
            "object": [
              "t1_artillery_squad",
              "t1_bunkers_squad",
              "t2_artillery_squad",
              "t2_bunkers_squad"
            ],
            "accuracy": 0.1,
            "checkVisibilityTarget": false
          },
          {
            "object": [
              "t1_aaa_squad",
              "t2_aaa_squad"
            ],
            "targetGnd": false,
            "accuracy": 0.1,
            "airAccuracy": 0.1,
            "fireRandom": true,
            "targetChangeInterval": 5.0,
            "targetChangeProb": 0.25,
            "DelayAfterShoot": 3.0
          }
        ]
      },
      "else_actions": {}
    }
  },
  "mission_objectives": {
    "isCategory": true,
    "is_enabled": true
  },
  "variables": {},
  "dialogs": {},
  "airfields": {},
  "effects": {},
  "units": {
    "objectGroups": [
      {
        "name": "t1_trench_01",
        "tm": [
          [
            -0.646549,
            -0.03236,
            -0.762185
          ],
          [
            -0.030439,
            0.999399,
            -0.0166114
          ],
          [
            0.762265,
            0.0124597,
            -0.647145
          ],
          [
            -1453.96,
            620.316,
            2209.78
          ]
        ],
        "unit_class": "dynTrench_small_bunker_axis",
        "objLayer": 2,
        "props": {
          "army": 1,
          "active": true
        }
      },
      {
        "name": "t1_trench_02",
        "tm": [
          [
            -0.689958,
            -0.0666983,
            -0.72077
          ],
          [
            -0.0352799,
            0.997661,
            -0.0585506
          ],
          [
            0.722989,
            -0.0149692,
            -0.690697
          ],
          [
            -3192.63,
            528.088,
            39.0175
          ]
        ],
        "unit_class": "dynTrench_small_bunker_axis",
        "objLayer": 2,
        "props": {
          "army": 1,
          "active": true
        }
      },
      {
        "name": "t1_trench_03",
        "tm": [
          [
            -0.814846,
            -0.0289263,
            -0.578954
          ],
          [
            0.108961,
            0.973309,
            -0.201985
          ],
          [
            0.569343,
            -0.22767,
            -0.789945
          ],
          [
            1535.37,
            421.893,
            4515.11
          ]
        ],
        "unit_class": "dynTrench_small_bunker_axis",
        "objLayer": 2,
        "props": {
          "army": 1,
          "active": true
        }
      },
      {
        "name": "t1_trench_04",
        "tm": [
          [
            -0.483684,
            0.0472247,
            -0.873968
          ],
          [
            0.0460912,
            0.998531,
            0.028447
          ],
          [
            0.874027,
            -0.0265229,
            -0.485151
          ],
          [
            -4265.83,
            533.995,
            -1681.77
          ]
        ],
        "unit_class": "dynTrench_small_bunker_axis",
        "objLayer": 2,
        "props": {
          "army": 1,
          "active": true
        }
      },
      {
        "name": "t1_trench_05",
        "tm": [
          [
            -0.558317,
            -0.00333139,
            -0.829621
          ],
          [
            0.0042675,
            0.999967,
            -0.00688662
          ],
          [
            0.829618,
            -0.0073857,
            -0.558284
          ],
          [
            -3908.32,
            515.424,
            -962.789
          ]
        ],
        "unit_class": "dynTrench_small_bunker_axis",
        "objLayer": 2,
        "props": {
          "army": 1,
          "active": true
        }
      },
      {
        "name": "t1_trench_06",
        "tm": [
          [
            -0.795395,
            0.118665,
            -0.59436
          ],
          [
            0.0781211,
            0.992539,
            0.0936174
          ],
          [
            0.601035,
            0.0280308,
            -0.798732
          ],
          [
            -786.513,
            615.783,
            2904.0
          ]
        ],
        "unit_class": "dynTrench_small_bunker_axis",
        "objLayer": 2,
        "props": {
          "army": 1,
          "active": true
        }
      },
      {
        "name": "t1_trench_07",
        "tm": [
          [
            -0.762307,
            -0.0303499,
            -0.646504
          ],
          [
            -0.00336921,
            0.999072,
            -0.0429277
          ],
          [
            0.647207,
            -0.0305461,
            -0.761702
          ],
          [
            -2545.8,
            582.811,
            1062.52
          ]
        ],
        "unit_class": "dynTrench_small_bunker_axis",
        "objLayer": 2,
        "props": {
          "army": 1,
          "active": true
        }
      },
      {
        "name": "t1_trench_08",
        "tm": [
          [
            -0.872336,
            -0.0457815,
            -0.486759
          ],
          [
            -0.0162239,
            0.997768,
            -0.0647682
          ],
          [
            0.488638,
            -0.0486031,
            -0.871131
          ],
          [
            2518.7,
            418.732,
            5052.04
          ]
        ],
        "unit_class": "dynTrench_small_bunker_axis",
        "objLayer": 2,
        "props": {
          "army": 1,
          "active": true
        }
      },
      {
        "name": "t2_trench_01",
        "tm": [
          [
            0.632407,
            -0.0632534,
            0.772049
          ],
          [
            -0.0171584,
            0.995272,
            0.095597
          ],
          [
            -0.774446,
            -0.0737032,
            0.628332
          ],
          [
            1864.57,
            484.634,
            -1182.54
          ]
        ],
        "unit_class": "dynTrench_small_bunker_axis",
        "objLayer": 2,
        "props": {
          "army": 2,
          "active": true
        }
      },
      {
        "name": "t2_trench_02",
        "tm": [
          [
            0.624442,
            -0.0790634,
            0.77706
          ],
          [
            0.00286546,
            0.995088,
            0.098944
          ],
          [
            -0.781065,
            -0.0595583,
            0.621602
          ],
          [
            2474.52,
            401.565,
            -451.868
          ]
        ],
        "unit_class": "dynTrench_small_bunker_axis",
        "objLayer": 2,
        "props": {
          "army": 2,
          "active": true
        }
      },
      {
        "name": "t2_trench_03",
        "tm": [
          [
            0.278831,
            -0.0241799,
            0.960037
          ],
          [
            0.0497098,
            0.998706,
            0.0107164
          ],
          [
            -0.959053,
            0.0447351,
            0.279671
          ],
          [
            4561.18,
            146.999,
            2524.14
          ]
        ],
        "unit_class": "dynTrench_small_bunker_axis",
        "objLayer": 2,
        "props": {
          "army": 2,
          "active": true
        }
      },
      {
        "name": "t2_trench_04",
        "tm": [
          [
            0.822854,
            -0.0351861,
            0.567161
          ],
          [
            0.0490961,
            0.99875,
            -0.00926818
          ],
          [
            -0.566128,
            0.0354714,
            0.823555
          ],
          [
            700.001,
            564.095,
            -2660.3
          ]
        ],
        "unit_class": "dynTrench_small_bunker_axis",
        "objLayer": 2,
        "props": {
          "army": 2,
          "active": true
        }
      },
      {
        "name": "t2_trench_05",
        "tm": [
          [
            0.857548,
            -0.000370582,
            0.514402
          ],
          [
            -0.0190884,
            0.999288,
            0.0325415
          ],
          [
            -0.514049,
            -0.037725,
            0.856932
          ],
          [
            -1750.61,
            516.318,
            -4516.09
          ]
        ],
        "unit_class": "dynTrench_small_bunker_axis",
        "objLayer": 2,
        "props": {
          "army": 2,
          "active": true
        }
      },
      {
        "name": "t2_trench_06",
        "tm": [
          [
            0.840774,
            0.0261071,
            0.540758
          ],
          [
            0.00703805,
            0.998225,
            -0.0591355
          ],
          [
            -0.541342,
            0.0535254,
            0.839097
          ],
          [
            -1104.1,
            548.619,
            -4033.96
          ]
        ],
        "unit_class": "dynTrench_small_bunker_axis",
        "objLayer": 2,
        "props": {
          "army": 2,
          "active": true
        }
      },
      {
        "name": "t2_trench_07",
        "tm": [
          [
            0.573654,
            -0.0595824,
            0.816928
          ],
          [
            0.0612811,
            0.997677,
            0.0297329
          ],
          [
            -0.816801,
            0.033005,
            0.575973
          ],
          [
            3949.21,
            285.525,
            1421.24
          ]
        ],
        "unit_class": "dynTrench_small_bunker_axis",
        "objLayer": 2,
        "props": {
          "army": 2,
          "active": true
        }
      },
      {
        "name": "t2_trench_08",
        "tm": [
          [
            0.808622,
            -0.0158739,
            0.588114
          ],
          [
            -0.00555723,
            0.999385,
            0.0346152
          ],
          [
            -0.588302,
            -0.031259,
            0.808037
          ],
          [
            -296.516,
            544.731,
            -3366.23
          ]
        ],
        "unit_class": "dynTrench_small_bunker_axis",
        "objLayer": 2,
        "props": {
          "army": 2,
          "active": true
        }
      }
    ],
    "structures": [
      {
        "name": "t1_bunker_01",
        "tm": [
          [
            0.849069,
            0.0170838,
            -0.528005
          ],
          [
            -0.030439,
            0.999399,
            -0.0166114
          ],
          [
            0.527403,
            0.0301764,
            0.849079
          ],
          [
            -1454.04,
            632.641,
            2195.07
          ]
        ],
        "unit_class": "ussr_quest_large_art_noground",
        "objLayer": 1,
        "closed_waypoints": false,
        "isShipSpline": false,
        "shipTurnRadius": 100.0,
        "weapons": "",
        "bullets0": "",
        "bullets1": "",
        "bullets2": "",
        "bullets3": "",
        "bulletsCount0": 0,
        "bulletsCount1": 0,
        "bulletsCount2": 0,
        "bulletsCount3": 0,
        "crewSkillK": 0.0,
        "applyAllMods": false,
        "props": {
          "army": 1,
          "count": 1,
          "formation_type": "rows",
          "formation_div": 3,
          "formation_step": [
            2.5,
            2.0
          ],
          "formation_noise": [
            0.1,
            0.1
          ]
        },
        "way": {}
      },
      {
        "name": "t1_art_01",
        "tm": [
          [
            0.849069,
            0.0170838,
            -0.528005
          ],
          [
            -0.030439,
            0.999399,
            -0.0166114
          ],
          [
            0.527403,
            0.0301764,
            0.849079
          ],
          [
            -1402.65,
            631.894,
            2274.71
          ]
        ],
        "unit_class": "ussr_quest_large_art_noground",
        "objLayer": 1,
        "closed_waypoints": false,
        "isShipSpline": false,
        "shipTurnRadius": 100.0,
        "weapons": "",
        "bullets0": "",
        "bullets1": "",
        "bullets2": "",
        "bullets3": "",
        "bulletsCount0": 0,
        "bulletsCount1": 0,
        "bulletsCount2": 0,
        "bulletsCount3": 0,
        "crewSkillK": 0.0,
        "applyAllMods": false,
        "props": {
          "army": 1,
          "count": 1,
          "formation_type": "rows",
          "formation_div": 3,
          "formation_step": [
            2.5,
            2.0
          ],
          "formation_noise": [
            0.1,
            0.1
          ]
        },
        "way": {}
      },
      {
        "name": "t1_art_02",
        "tm": [
          [
            0.849069,
            0.0170838,
            -0.528005
          ],
          [
            -0.030439,
            0.999399,
            -0.0166114
          ],
          [
            0.527403,
            0.0301764,
            0.849079
          ],
          [
            -1485.9,
            623.478,
            2128.15
          ]
        ],
        "unit_class": "ussr_quest_large_art_noground",
        "objLayer": 1,
        "closed_waypoints": false,
        "isShipSpline": false,
        "shipTurnRadius": 100.0,
        "weapons": "",
        "bullets0": "",
        "bullets1": "",
        "bullets2": "",
        "bullets3": "",
        "bulletsCount0": 0,
        "bulletsCount1": 0,
        "bulletsCount2": 0,
        "bulletsCount3": 0,
        "crewSkillK": 0.0,
        "applyAllMods": false,
        "props": {
          "army": 1,
          "count": 1,
          "formation_type": "rows",
          "formation_div": 3,
          "formation_step": [
            2.5,
            2.0
          ],
          "formation_noise": [
            0.1,
            0.1
          ]
        },
        "way": {}
      },
      {
        "name": "t1_bunker_02",
        "tm": [
          [
            0.816606,
            -0.00499658,
            -0.577175
          ],
          [
            -0.0352799,
            0.997661,
            -0.0585506
          ],
          [
            0.576118,
            0.0681746,
            0.81452
          ],
          [
            -3193.72,
            539.748,
            23.7797
          ]
        ],
        "unit_class": "ussr_quest_large_art_noground",
        "objLayer": 1,
        "closed_waypoints": false,
        "isShipSpline": false,
        "shipTurnRadius": 100.0,
        "weapons": "",
        "bullets0": "",
        "bullets1": "",
        "bullets2": "",
        "bullets3": "",
        "bulletsCount0": 0,
        "bulletsCount1": 0,
        "bulletsCount2": 0,
        "bulletsCount3": 0,
        "crewSkillK": 0.0,
        "applyAllMods": false,
        "props": {
          "army": 1,
          "count": 1,
          "formation_type": "rows",
          "formation_div": 3,
          "formation_step": [
            2.5,
            2.0
          ],
          "formation_noise": [
            0.1,
            0.1
          ]
        },
        "way": {}
      },
      {
        "name": "t1_art_03",
        "tm": [
          [
            0.816606,
            -0.00499658,
            -0.577175
          ],
          [
            -0.0352799,
            0.997661,
            -0.0585506
          ],
          [
            0.576118,
            0.0681746,
            0.81452
          ],
          [
            -3137.68,
            542.575,
            100.242
          ]
        ],
        "unit_class": "ussr_quest_large_art_noground",
        "objLayer": 1,
        "closed_waypoints": false,
        "isShipSpline": false,
        "shipTurnRadius": 100.0,
        "weapons": "",
        "bullets0": "",
        "bullets1": "",
        "bullets2": "",
        "bullets3": "",
        "bulletsCount0": 0,
        "bulletsCount1": 0,
        "bulletsCount2": 0,
        "bulletsCount3": 0,
        "crewSkillK": 0.0,
        "applyAllMods": false,
        "props": {
          "army": 1,
          "count": 1,
          "formation_type": "rows",
          "formation_div": 3,
          "formation_step": [
            2.5,
            2.0
          ],
          "formation_noise": [
            0.1,
            0.1
          ]
        },
        "way": {}
      },
      {
        "name": "t1_art_04",
        "tm": [
          [
            0.816606,
            -0.00499658,
            -0.577175
          ],
          [
            -0.0352799,
            0.997661,
            -0.0585506
          ],
          [
            0.576118,
            0.0681746,
            0.81452
          ],
          [
            -3229.4,
            527.61,
            -40.6868
          ]
        ],
        "unit_class": "ussr_quest_large_art_noground",
        "objLayer": 1,
        "closed_waypoints": false,
        "isShipSpline": false,
        "shipTurnRadius": 100.0,
        "weapons": "",
        "bullets0": "",
        "bullets1": "",
        "bullets2": "",
        "bullets3": "",
        "bulletsCount0": 0,
        "bulletsCount1": 0,
        "bulletsCount2": 0,
        "bulletsCount3": 0,
        "crewSkillK": 0.0,
        "applyAllMods": false,
        "props": {
          "army": 1,
          "count": 1,
          "formation_type": "rows",
          "formation_div": 3,
          "formation_step": [
            2.5,
            2.0
          ],
          "formation_noise": [
            0.1,
            0.1
          ]
        },
        "way": {}
      },
      {
        "name": "t1_bunker_03",
        "tm": [
          [
            0.683001,
            -0.22094,
            -0.696202
          ],
          [
            0.108961,
            0.973309,
            -0.201985
          ],
          [
            0.722246,
            0.0620974,
            0.688843
          ],
          [
            1533.37,
            431.623,
            4498.69
          ]
        ],
        "unit_class": "ussr_quest_large_art_noground",
        "objLayer": 1,
        "closed_waypoints": false,
        "isShipSpline": false,
        "shipTurnRadius": 100.0,
        "weapons": "",
        "bullets0": "",
        "bullets1": "",
        "bullets2": "",
        "bullets3": "",
        "bulletsCount0": 0,
        "bulletsCount1": 0,
        "bulletsCount2": 0,
        "bulletsCount3": 0,
        "crewSkillK": 0.0,
        "applyAllMods": false,
        "props": {
          "army": 1,
          "count": 1,
          "formation_type": "rows",
          "formation_div": 3,
          "formation_step": [
            2.5,
            2.0
          ],
          "formation_noise": [
            0.1,
            0.1
          ]
        },
        "way": {}
      },
      {
        "name": "t1_art_05",
        "tm": [
          [
            0.683001,
            -0.22094,
            -0.696202
          ],
          [
            0.108961,
            0.973309,
            -0.201985
          ],
          [
            0.722246,
            0.0620974,
            0.688843
          ],
          [
            1602.38,
            433.622,
            4563.57
          ]
        ],
        "unit_class": "ussr_quest_large_art_noground",
        "objLayer": 1,
        "closed_waypoints": false,
        "isShipSpline": false,
        "shipTurnRadius": 100.0,
        "weapons": "",
        "bullets0": "",
        "bullets1": "",
        "bullets2": "",
        "bullets3": "",
        "bulletsCount0": 0,
        "bulletsCount1": 0,
        "bulletsCount2": 0,
        "bulletsCount3": 0,
        "crewSkillK": 0.0,
        "applyAllMods": false,
        "props": {
          "army": 1,
          "count": 1,
          "formation_type": "rows",
          "formation_div": 3,
          "formation_step": [
            2.5,
            2.0
          ],
          "formation_noise": [
            0.1,
            0.1
          ]
        },
        "way": {}
      },
      {
        "name": "t1_art_06",
        "tm": [
          [
            0.683001,
            -0.22094,
            -0.696202
          ],
          [
            0.108961,
            0.973309,
            -0.201985
          ],
          [
            0.722246,
            0.0620974,
            0.688843
          ],
          [
            1484.72,
            418.353,
            4443.55
          ]
        ],
        "unit_class": "ussr_quest_large_art_noground",
        "objLayer": 1,
        "closed_waypoints": false,
        "isShipSpline": false,
        "shipTurnRadius": 100.0,
        "weapons": "",
        "bullets0": "",
        "bullets1": "",
        "bullets2": "",
        "bullets3": "",
        "bulletsCount0": 0,
        "bulletsCount1": 0,
        "bulletsCount2": 0,
        "bulletsCount3": 0,
        "crewSkillK": 0.0,
        "applyAllMods": false,
        "props": {
          "army": 1,
          "count": 1,
          "formation_type": "rows",
          "formation_div": 3,
          "formation_step": [
            2.5,
            2.0
          ],
          "formation_noise": [
            0.1,
            0.1
          ]
        },
        "way": {}
      },
      {
        "name": "t1_bunker_04",
        "tm": [
          [
            0.935663,
            -0.0331803,
            -0.351333
          ],
          [
            0.0460912,
            0.998531,
            0.028447
          ],
          [
            0.349872,
            -0.04281,
            0.935819
          ],
          [
            -4262.29,
            546.807,
            -1695.61
          ]
        ],
        "unit_class": "ussr_quest_large_art_noground",
        "objLayer": 1,
        "closed_waypoints": false,
        "isShipSpline": false,
        "shipTurnRadius": 100.0,
        "weapons": "",
        "bullets0": "",
        "bullets1": "",
        "bullets2": "",
        "bullets3": "",
        "bulletsCount0": 0,
        "bulletsCount1": 0,
        "bulletsCount2": 0,
        "bulletsCount3": 0,
        "crewSkillK": 0.0,
        "applyAllMods": false,
        "props": {
          "army": 1,
          "count": 1,
          "formation_type": "rows",
          "formation_div": 3,
          "formation_step": [
            2.5,
            2.0
          ],
          "formation_noise": [
            0.1,
            0.1
          ]
        },
        "way": {}
      },
      {
        "name": "t1_art_07",
        "tm": [
          [
            0.935663,
            -0.0331803,
            -0.351333
          ],
          [
            0.0460912,
            0.998531,
            0.028447
          ],
          [
            0.349872,
            -0.04281,
            0.935819
          ],
          [
            -4227.7,
            539.067,
            -1607.56
          ]
        ],
        "unit_class": "ussr_quest_large_art_noground",
        "objLayer": 1,
        "closed_waypoints": false,
        "isShipSpline": false,
        "shipTurnRadius": 100.0,
        "weapons": "",
        "bullets0": "",
        "bullets1": "",
        "bullets2": "",
        "bullets3": "",
        "bulletsCount0": 0,
        "bulletsCount1": 0,
        "bulletsCount2": 0,
        "bulletsCount3": 0,
        "crewSkillK": 0.0,
        "applyAllMods": false,
        "props": {
          "army": 1,
          "count": 1,
          "formation_type": "rows",
          "formation_div": 3,
          "formation_step": [
            2.5,
            2.0
          ],
          "formation_noise": [
            0.1,
            0.1
          ]
        },
        "way": {}
      },
      {
        "name": "t1_art_08",
        "tm": [
          [
            0.935663,
            -0.0331803,
            -0.351333
          ],
          [
            0.0460912,
            0.998531,
            0.028447
          ],
          [
            0.349872,
            -0.04281,
            0.935819
          ],
          [
            -4280.77,
            542.629,
            -1767.81
          ]
        ],
        "unit_class": "ussr_quest_large_art_noground",
        "objLayer": 1,
        "closed_waypoints": false,
        "isShipSpline": false,
        "shipTurnRadius": 100.0,
        "weapons": "",
        "bullets0": "",
        "bullets1": "",
        "bullets2": "",
        "bullets3": "",
        "bulletsCount0": 0,
        "bulletsCount1": 0,
        "bulletsCount2": 0,
        "bulletsCount3": 0,
        "crewSkillK": 0.0,
        "applyAllMods": false,
        "props": {
          "army": 1,
          "count": 1,
          "formation_type": "rows",
          "formation_div": 3,
          "formation_step": [
            2.5,
            2.0
          ],
          "formation_noise": [
            0.1,
            0.1
          ]
        },
        "way": {}
      },
      {
        "name": "t1_bunker_05",
        "tm": [
          [
            0.902712,
            -0.0068155,
            -0.430191
          ],
          [
            0.0042675,
            0.999967,
            -0.00688662
          ],
          [
            0.430225,
            0.0043811,
            0.902711
          ],
          [
            -3906.51,
            527.881,
            -977.313
          ]
        ],
        "unit_class": "ussr_quest_large_art_noground",
        "objLayer": 1,
        "closed_waypoints": false,
        "isShipSpline": false,
        "shipTurnRadius": 100.0,
        "weapons": "",
        "bullets0": "",
        "bullets1": "",
        "bullets2": "",
        "bullets3": "",
        "bulletsCount0": 0,
        "bulletsCount1": 0,
        "bulletsCount2": 0,
        "bulletsCount3": 0,
        "crewSkillK": 0.0,
        "applyAllMods": false,
        "props": {
          "army": 1,
          "count": 1,
          "formation_type": "rows",
          "formation_div": 3,
          "formation_step": [
            2.5,
            2.0
          ],
          "formation_noise": [
            0.1,
            0.1
          ]
        },
        "way": {}
      },
      {
        "name": "t1_art_09",
        "tm": [
          [
            0.902712,
            -0.0068155,
            -0.430191
          ],
          [
            0.0042675,
            0.999967,
            -0.00688662
          ],
          [
            0.430225,
            0.0043811,
            0.902711
          ],
          [
            -3864.22,
            524.648,
            -892.416
          ]
        ],
        "unit_class": "ussr_quest_large_art_noground",
        "objLayer": 1,
        "closed_waypoints": false,
        "isShipSpline": false,
        "shipTurnRadius": 100.0,
        "weapons": "",
        "bullets0": "",
        "bullets1": "",
        "bullets2": "",
        "bullets3": "",
        "bulletsCount0": 0,
        "bulletsCount1": 0,
        "bulletsCount2": 0,
        "bulletsCount3": 0,
        "crewSkillK": 0.0,
        "applyAllMods": false,
        "props": {
          "army": 1,
          "count": 1,
          "formation_type": "rows",
          "formation_div": 3,
          "formation_step": [
            2.5,
            2.0
          ],
          "formation_noise": [
            0.1,
            0.1
          ]
        },
        "way": {}
      },
      {
        "name": "t1_art_10",
        "tm": [
          [
            0.902712,
            -0.0068155,
            -0.430191
          ],
          [
            0.0042675,
            0.999967,
            -0.00688662
          ],
          [
            0.430225,
            0.0043811,
            0.902711
          ],
          [
            -3930.93,
            520.425,
            -1047.47
          ]
        ],
        "unit_class": "ussr_quest_large_art_noground",
        "objLayer": 1,
        "closed_waypoints": false,
        "isShipSpline": false,
        "shipTurnRadius": 100.0,
        "weapons": "",
        "bullets0": "",
        "bullets1": "",
        "bullets2": "",
        "bullets3": "",
        "bulletsCount0": 0,
        "bulletsCount1": 0,
        "bulletsCount2": 0,
        "bulletsCount3": 0,
        "crewSkillK": 0.0,
        "applyAllMods": false,
        "props": {
          "army": 1,
          "count": 1,
          "formation_type": "rows",
          "formation_div": 3,
          "formation_step": [
            2.5,
            2.0
          ],
          "formation_noise": [
            0.1,
            0.1
          ]
        },
        "way": {}
      },
      {
        "name": "t1_bunker_06",
        "tm": [
          [
            0.711485,
            0.0102728,
            -0.702626
          ],
          [
            0.0781211,
            0.992539,
            0.0936174
          ],
          [
            0.698346,
            -0.121497,
            0.705374
          ],
          [
            -788.55,
            629.825,
            2891.02
          ]
        ],
        "unit_class": "ussr_quest_large_art_noground",
        "objLayer": 1,
        "closed_waypoints": false,
        "isShipSpline": false,
        "shipTurnRadius": 100.0,
        "weapons": "",
        "bullets0": "",
        "bullets1": "",
        "bullets2": "",
        "bullets3": "",
        "bulletsCount0": 0,
        "bulletsCount1": 0,
        "bulletsCount2": 0,
        "bulletsCount3": 0,
        "crewSkillK": 0.0,
        "applyAllMods": false,
        "props": {
          "army": 1,
          "count": 1,
          "formation_type": "rows",
          "formation_div": 3,
          "formation_step": [
            2.5,
            2.0
          ],
          "formation_noise": [
            0.1,
            0.1
          ]
        },
        "way": {}
      },
      {
        "name": "t1_art_11",
        "tm": [
          [
            0.711485,
            0.0102728,
            -0.702626
          ],
          [
            0.0781211,
            0.992539,
            0.0936174
          ],
          [
            0.698346,
            -0.121497,
            0.705374
          ],
          [
            -721.497,
            614.721,
            2956.39
          ]
        ],
        "unit_class": "ussr_quest_large_art_noground",
        "objLayer": 1,
        "closed_waypoints": false,
        "isShipSpline": false,
        "shipTurnRadius": 100.0,
        "weapons": "",
        "bullets0": "",
        "bullets1": "",
        "bullets2": "",
        "bullets3": "",
        "bulletsCount0": 0,
        "bulletsCount1": 0,
        "bulletsCount2": 0,
        "bulletsCount3": 0,
        "crewSkillK": 0.0,
        "applyAllMods": false,
        "props": {
          "army": 1,
          "count": 1,
          "formation_type": "rows",
          "formation_div": 3,
          "formation_step": [
            2.5,
            2.0
          ],
          "formation_noise": [
            0.1,
            0.1
          ]
        },
        "way": {}
      },
      {
        "name": "t1_art_12",
        "tm": [
          [
            0.711485,
            0.0102728,
            -0.702626
          ],
          [
            0.0781211,
            0.992539,
            0.0936174
          ],
          [
            0.698346,
            -0.121497,
            0.705374
          ],
          [
            -834.953,
            631.866,
            2832.53
          ]
        ],
        "unit_class": "ussr_quest_large_art_noground",
        "objLayer": 1,
        "closed_waypoints": false,
        "isShipSpline": false,
        "shipTurnRadius": 100.0,
        "weapons": "",
        "bullets0": "",
        "bullets1": "",
        "bullets2": "",
        "bullets3": "",
        "bulletsCount0": 0,
        "bulletsCount1": 0,
        "bulletsCount2": 0,
        "bulletsCount3": 0,
        "crewSkillK": 0.0,
        "applyAllMods": false,
        "props": {
          "army": 1,
          "count": 1,
          "formation_type": "rows",
          "formation_div": 3,
          "formation_step": [
            2.5,
            2.0
          ],
          "formation_noise": [
            0.1,
            0.1
          ]
        },
        "way": {}
      },
      {
        "name": "t1_bunker_07",
        "tm": [
          [
            0.752289,
            -0.0257501,
            -0.65833
          ],
          [
            -0.00336921,
            0.999072,
            -0.0429277
          ],
          [
            0.658825,
            0.0345124,
            0.751504
          ],
          [
            -2548.0,
            594.739,
            1047.61
          ]
        ],
        "unit_class": "ussr_quest_large_art_noground",
        "objLayer": 1,
        "closed_waypoints": false,
        "isShipSpline": false,
        "shipTurnRadius": 100.0,
        "weapons": "",
        "bullets0": "",
        "bullets1": "",
        "bullets2": "",
        "bullets3": "",
        "bulletsCount0": 0,
        "bulletsCount1": 0,
        "bulletsCount2": 0,
        "bulletsCount3": 0,
        "crewSkillK": 0.0,
        "applyAllMods": false,
        "props": {
          "army": 1,
          "count": 1,
          "formation_type": "rows",
          "formation_div": 3,
          "formation_step": [
            2.5,
            2.0
          ],
          "formation_noise": [
            0.1,
            0.1
          ]
        },
        "way": {}
      },
      {
        "name": "t1_art_13",
        "tm": [
          [
            0.752289,
            -0.0257501,
            -0.65833
          ],
          [
            -0.00336921,
            0.999072,
            -0.0429277
          ],
          [
            0.658825,
            0.0345124,
            0.751504
          ],
          [
            -2484.39,
            594.334,
            1117.94
          ]
        ],
        "unit_class": "ussr_quest_large_art_noground",
        "objLayer": 1,
        "closed_waypoints": false,
        "isShipSpline": false,
        "shipTurnRadius": 100.0,
        "weapons": "",
        "bullets0": "",
        "bullets1": "",
        "bullets2": "",
        "bullets3": "",
        "bulletsCount0": 0,
        "bulletsCount1": 0,
        "bulletsCount2": 0,
        "bulletsCount3": 0,
        "crewSkillK": 0.0,
        "applyAllMods": false,
        "props": {
          "army": 1,
          "count": 1,
          "formation_type": "rows",
          "formation_div": 3,
          "formation_step": [
            2.5,
            2.0
          ],
          "formation_noise": [
            0.1,
            0.1
          ]
        },
        "way": {}
      },
      {
        "name": "t1_art_14",
        "tm": [
          [
            0.752289,
            -0.0257501,
            -0.65833
          ],
          [
            -0.00336921,
            0.999072,
            -0.0429277
          ],
          [
            0.658825,
            0.0345124,
            0.751504
          ],
          [
            -2590.51,
            584.904,
            987.014
          ]
        ],
        "unit_class": "ussr_quest_large_art_noground",
        "objLayer": 1,
        "closed_waypoints": false,
        "isShipSpline": false,
        "shipTurnRadius": 100.0,
        "weapons": "",
        "bullets0": "",
        "bullets1": "",
        "bullets2": "",
        "bullets3": "",
        "bulletsCount0": 0,
        "bulletsCount1": 0,
        "bulletsCount2": 0,
        "bulletsCount3": 0,
        "crewSkillK": 0.0,
        "applyAllMods": false,
        "props": {
          "army": 1,
          "count": 1,
          "formation_type": "rows",
          "formation_div": 3,
          "formation_step": [
            2.5,
            2.0
          ],
          "formation_noise": [
            0.1,
            0.1
          ]
        },
        "way": {}
      },
      {
        "name": "t1_bunker_08",
        "tm": [
          [
            0.611628,
            -0.0413409,
            -0.790065
          ],
          [
            -0.0162239,
            0.997768,
            -0.0647682
          ],
          [
            0.790979,
            0.0524319,
            0.609593
          ],
          [
            2513.61,
            430.301,
            5037.56
          ]
        ],
        "unit_class": "ussr_quest_large_art_noground",
        "objLayer": 1,
        "closed_waypoints": false,
        "isShipSpline": false,
        "shipTurnRadius": 100.0,
        "weapons": "",
        "bullets0": "",
        "bullets1": "",
        "bullets2": "",
        "bullets3": "",
        "bulletsCount0": 0,
        "bulletsCount1": 0,
        "bulletsCount2": 0,
        "bulletsCount3": 0,
        "crewSkillK": 0.0,
        "applyAllMods": false,
        "props": {
          "army": 1,
          "count": 1,
          "formation_type": "rows",
          "formation_div": 3,
          "formation_step": [
            2.5,
            2.0
          ],
          "formation_noise": [
            0.1,
            0.1
          ]
        },
        "way": {}
      },
      {
        "name": "t1_art_15",
        "tm": [
          [
            0.611628,
            -0.0413409,
            -0.790065
          ],
          [
            -0.0162239,
            0.997768,
            -0.0647682
          ],
          [
            0.790979,
            0.0524319,
            0.609593
          ],
          [
            2589.54,
            431.581,
            5094.28
          ]
        ],
        "unit_class": "ussr_quest_large_art_noground",
        "objLayer": 1,
        "closed_waypoints": false,
        "isShipSpline": false,
        "shipTurnRadius": 100.0,
        "weapons": "",
        "bullets0": "",
        "bullets1": "",
        "bullets2": "",
        "bullets3": "",
        "bulletsCount0": 0,
        "bulletsCount1": 0,
        "bulletsCount2": 0,
        "bulletsCount3": 0,
        "crewSkillK": 0.0,
        "applyAllMods": false,
        "props": {
          "army": 1,
          "count": 1,
          "formation_type": "rows",
          "formation_div": 3,
          "formation_step": [
            2.5,
            2.0
          ],
          "formation_noise": [
            0.1,
            0.1
          ]
        },
        "way": {}
      },
      {
        "name": "t1_art_16",
        "tm": [
          [
            0.611628,
            -0.0413409,
            -0.790065
          ],
          [
            -0.0162239,
            0.997768,
            -0.0647682
          ],
          [
            0.790979,
            0.0524319,
            0.609593
          ],
          [
            2460.19,
            419.031,
            4986.53
          ]
        ],
        "unit_class": "ussr_quest_large_art_noground",
        "objLayer": 1,
        "closed_waypoints": false,
        "isShipSpline": false,
        "shipTurnRadius": 100.0,
        "weapons": "",
        "bullets0": "",
        "bullets1": "",
        "bullets2": "",
        "bullets3": "",
        "bulletsCount0": 0,
        "bulletsCount1": 0,
        "bulletsCount2": 0,
