{
  "selected_tag": "",
  "bin_dump_file": "",
  "mission_settings": {
    "player": {
      "army": 1
    },
    "player_teamB": {
      "army": 2
    },
    "mission": {
      "type": "domination",
      "level": "levels/air_israel.bin",
      "environment": "Day",
      "weather": "hazy"
    }
  },
  "imports": {},
  "triggers": {
    "isCategory": true,
    "is_enabled": true,
    "static_units_rank_04_init": {
      "is_enabled": true,
      "comments": "",
      "props": {
        "actionsType": "PERFORM_ONE_BY_ONE",
        "conditionsType": "ALL",
        "enableAfterComplete": false
      },
      "events": {
        "initMission": {}
      },
      "conditions": {},
      "actions": {
        "comment": [
          {
            "value": "static units"
          },
          {
            "value": "static aaa"
          },
          {
            "value": ""
          }
        ],
        "unitSetProperties": [
          {
            "object": [
              "t1_artillery_squad",
              "t1_bunkers_squad",
              "t2_artillery_squad",
              "t2_bunkers_squad"
            ],
            "accuracy": 0.1,
            "checkVisibilityTarget": false
          },
          {
            "object": [
              "t1_aaa_squad",
              "t2_aaa_squad"
            ],
            "targetGnd": false,
            "accuracy": 0.1,
            "airAccuracy": 0.1,
            "fireRandom": true,
            "targetChangeInterval": 5.0,
            "targetChangeProb": 0.25,
            "DelayAfterShoot": 3.0
          }
        ]
      },
      "else_actions": {}
    }
  },
  "mission_objectives": {
    "isCategory": true,
    "is_enabled": true
  },
  "variables": {},
  "dialogs": {},
  "airfields": {},
  "effects": {},
  "units": {
    "objectGroups": [
      {
        "name": "t1_trench_rank_01_01",
        "tm": [
          [
            -0.312833,
            -0.0981496,
            0.944724
          ],
          [
            0.0073866,
            0.994365,
            0.105754
          ],
          [
            -0.949779,
            0.0400613,
            -0.310345
          ],
          [
            2462.51,
            144.578,
            -9751.62
          ]
        ],
        "unit_class": "dynTrench_small_bunker_axis",
        "objLayer": 2,
        "props": {
          "army": 1,
          "active": true
        }
      },
      {
        "name": "t1_trench_rank_01_02",
        "tm": [
          [
            -0.0368112,
            -0.0147782,
            0.999214
          ],
          [
            0.0219224,
            0.999637,
            0.0155934
          ],
          [
            -0.999082,
            0.0224783,
            -0.0364743
          ],
          [
            2403.15,
            162.138,
            -4184.37
          ]
        ],
        "unit_class": "dynTrench_small_bunker_axis",
        "objLayer": 2,
        "props": {
          "army": 1,
          "active": true
        }
      },
      {
        "name": "t1_trench_rank_01_03",
        "tm": [
          [
            0.115259,
            0.0456346,
            0.992287
          ],
          [
            -0.0101317,
            0.998946,
            -0.0447643
          ],
          [
            -0.993283,
            -0.0048944,
            0.115601
          ],
          [
            2478.19,
            189.596,
            -11491.4
          ]
        ],
        "unit_class": "dynTrench_small_bunker_axis",
        "objLayer": 2,
        "props": {
          "army": 1,
          "active": true
        }
      },
      {
        "name": "t1_trench_rank_01_04",
        "tm": [
          [
            -0.242231,
            -0.0964611,
            0.965411
          ],
          [
            -0.0461406,
            0.995063,
            0.0878465
          ],
          [
            -0.969122,
            -0.0232654,
            -0.245485
          ],
          [
            2424.68,
            124.05,
            -2352.76
          ]
        ],
        "unit_class": "dynTrench_small_bunker_axis",
        "objLayer": 2,
        "props": {
          "army": 1,
          "active": true
        }
      },
      {
        "name": "t1_trench_rank_01_05",
        "tm": [
          [
            -0.136145,
            -0.00743846,
            0.990663
          ],
          [
            -0.00856172,
            0.999942,
            0.00633064
          ],
          [
            -0.990653,
            -0.00761956,
            -0.136201
          ],
          [
            2450.1,
            193.04,
            -13053.3
          ]
        ],
        "unit_class": "dynTrench_small_bunker_axis",
        "objLayer": 2,
        "props": {
          "army": 1,
          "active": true
        }
      },
      {
        "name": "t1_trench_rank_01_06",
        "tm": [
          [
            -0.0432062,
            0.0457148,
            0.998021
          ],
          [
            0.00928403,
            0.998927,
            -0.0453547
          ],
          [
            -0.999023,
            0.00730586,
            -0.0435839
          ],
          [
            2463.44,
            185.855,
            -7433.92
          ]
        ],
        "unit_class": "dynTrench_small_bunker_axis",
        "objLayer": 2,
        "props": {
          "army": 1,
          "active": true
        }
      },
      {
        "name": "t1_trench_rank_01_07",
        "tm": [
          [
            -0.110658,
            -0.0104591,
            0.993804
          ],
          [
            -0.0519519,
            0.998639,
            0.00472429
          ],
          [
            -0.9925,
            -0.051107,
            -0.111051
          ],
          [
            2435.03,
            189.867,
            -6040.86
          ]
        ],
        "unit_class": "dynTrench_small_bunker_axis",
        "objLayer": 2,
        "props": {
          "army": 1,
          "active": true
        }
      },
      {
        "name": "t1_trench_rank_01_08",
        "tm": [
          [
            0.079931,
            -0.0215001,
            0.996568
          ],
          [
            -0.0266752,
            0.999363,
            0.0236998
          ],
          [
            -0.996443,
            -0.0284789,
            0.0793078
          ],
          [
            2475.54,
            153.757,
            -14695.9
          ]
        ],
        "unit_class": "dynTrench_small_bunker_axis",
        "objLayer": 2,
        "props": {
          "army": 1,
          "active": true
        }
      },
      {
        "name": "t2_trench_rank_01_01",
        "tm": [
          [
            0.0677402,
            -0.0681261,
            -0.995374
          ],
          [
            0.0160381,
            0.997612,
            -0.0671879
          ],
          [
            0.997576,
            -0.0114125,
            0.0686711
          ],
          [
            702.369,
            111.754,
            -11560.3
          ]
        ],
        "unit_class": "dynTrench_small_bunker_axis",
        "objLayer": 2,
        "props": {
          "army": 2,
          "active": true
        }
      },
      {
        "name": "t2_trench_rank_01_02",
        "tm": [
          [
            0.0663151,
            0.0241088,
            -0.997507
          ],
          [
            0.0130124,
            0.999602,
            0.0250247
          ],
          [
            0.997715,
            -0.0146394,
            0.0659742
          ],
          [
            735.246,
            183.452,
            -9828.94
          ]
        ],
        "unit_class": "dynTrench_small_bunker_axis",
        "objLayer": 2,
        "props": {
          "army": 2,
          "active": true
        }
      },
      {
        "name": "t2_trench_rank_01_03",
        "tm": [
          [
            0.0685799,
            0.0357519,
            -0.997004
          ],
          [
            -0.00664485,
            0.999353,
            0.035379
          ],
          [
            0.997624,
            0.00419866,
            0.0687734
          ],
          [
            581.364,
            155.54,
            -4130.23
          ]
        ],
        "unit_class": "dynTrench_small_bunker_axis",
        "objLayer": 2,
        "props": {
          "army": 2,
          "active": true
        }
      },
      {
        "name": "t2_trench_rank_01_04",
        "tm": [
          [
            0.0685424,
            -0.00983074,
            -0.997599
          ],
          [
            -0.0281668,
            0.999533,
            -0.0117857
          ],
          [
            0.997252,
            0.0289067,
            0.0682341
          ],
          [
            720.38,
            155.01,
            -13192.4
          ]
        ],
        "unit_class": "dynTrench_small_bunker_axis",
        "objLayer": 2,
        "props": {
          "army": 2,
          "active": true
        }
      },
      {
        "name": "t2_trench_rank_01_05",
        "tm": [
          [
            -0.0637606,
            -0.00606013,
            -0.997947
          ],
          [
            0.0761074,
            0.997039,
            -0.0109172
          ],
          [
            0.995059,
            -0.0766472,
            -0.0631113
          ],
          [
            671.925,
            123.772,
            -2388.74
          ]
        ],
        "unit_class": "dynTrench_small_bunker_axis",
        "objLayer": 2,
        "props": {
          "army": 2,
          "active": true
        }
      },
      {
        "name": "t2_trench_rank_01_06",
        "tm": [
          [
            0.112008,
            -0.0406461,
            -0.992875
          ],
          [
            0.000754777,
            0.999165,
            -0.040819
          ],
          [
            0.993707,
            0.00382221,
            0.111943
          ],
          [
            762.812,
            121.76,
            -14665.0
          ]
        ],
        "unit_class": "dynTrench_small_bunker_axis",
        "objLayer": 2,
        "props": {
          "army": 2,
          "active": true
        }
      },
      {
        "name": "t2_trench_rank_01_07",
        "tm": [
          [
            -0.13645,
            0.0111215,
            -0.990585
          ],
          [
            -0.0159547,
            0.999782,
            0.0134221
          ],
          [
            0.990518,
            0.0176358,
            -0.136242
          ],
          [
            578.074,
            160.782,
            -5856.99
          ]
        ],
        "unit_class": "dynTrench_small_bunker_axis",
        "objLayer": 2,
        "props": {
          "army": 2,
          "active": true
        }
      },
      {
        "name": "t2_trench_rank_01_08",
        "tm": [
          [
            0.0477187,
            -0.0766477,
            -0.995916
          ],
          [
            0.0329285,
            0.996629,
            -0.0751258
          ],
          [
            0.99832,
            -0.0292093,
            0.0500811
          ],
          [
            631.709,
            175.316,
            -7495.76
          ]
        ],
        "unit_class": "dynTrench_small_bunker_axis",
        "objLayer": 2,
        "props": {
          "army": 2,
          "active": true
        }
      }
    ],
    "structures": [
      {
        "name": "t1_bunker_01",
        "tm": [
          [
            -0.893439,
            0.0540617,
            -0.445919
          ],
          [
            0.0073866,
            0.994365,
            0.105754
          ],
          [
            0.449124,
            0.0911909,
            -0.888803
          ],
          [
            2450.08,
            156.39,
            -9743.01
          ]
        ],
        "unit_class": "ussr_quest_large_art_noground",
        "objLayer": 1,
        "closed_waypoints": false,
        "isShipSpline": false,
        "shipTurnRadius": 100.0,
        "weapons": "",
        "bullets0": "",
        "bullets1": "",
        "bullets2": "",
        "bullets3": "",
        "bulletsCount0": 0,
        "bulletsCount1": 0,
        "bulletsCount2": 0,
        "bulletsCount3": 0,
        "crewSkillK": 0.0,
        "applyAllMods": false,
        "props": {
          "army": 1,
          "count": 1,
          "formation_type": "rows",
          "formation_div": 3,
          "formation_step": [
            2.5,
            2.0
          ],
          "formation_noise": [
            0.1,
            0.1
          ]
        },
        "way": {}
      },
      {
        "name": "t1_art_01",
        "tm": [
          [
            -0.893439,
            0.0540617,
            -0.445919
          ],
          [
            0.0073866,
            0.994365,
            0.105754
          ],
          [
            0.449124,
            0.0911909,
            -0.888803
          ],
          [
            2491.19,
            161.498,
            -9828.27
          ]
        ],
        "unit_class": "ussr_quest_large_art_noground",
        "objLayer": 1,
        "closed_waypoints": false,
        "isShipSpline": false,
        "shipTurnRadius": 100.0,
        "weapons": "",
        "bullets0": "",
        "bullets1": "",
        "bullets2": "",
        "bullets3": "",
        "bulletsCount0": 0,
        "bulletsCount1": 0,
        "bulletsCount2": 0,
        "bulletsCount3": 0,
        "crewSkillK": 0.0,
        "applyAllMods": false,
        "props": {
          "army": 1,
          "count": 1,
          "formation_type": "rows",
          "formation_div": 3,
          "formation_step": [
            2.5,
            2.0
          ],
          "formation_noise": [
            0.1,
            0.1
          ]
        },
        "way": {}
      },
      {
        "name": "t1_art_02",
        "tm": [
          [
            -0.893439,
            0.0540617,
            -0.445919
          ],
          [
            0.0073866,
            0.994365,
            0.105754
          ],
          [
            0.449124,
            0.0911909,
            -0.888803
          ],
          [
            2409.58,
            143.055,
            -9681.7
          ]
        ],
        "unit_class": "ussr_quest_large_art_noground",
        "objLayer": 1,
        "closed_waypoints": false,
        "isShipSpline": false,
        "shipTurnRadius": 100.0,
        "weapons": "",
        "bullets0": "",
        "bullets1": "",
        "bullets2": "",
        "bullets3": "",
        "bulletsCount0": 0,
        "bulletsCount1": 0,
        "bulletsCount2": 0,
        "bulletsCount3": 0,
        "crewSkillK": 0.0,
        "applyAllMods": false,
        "props": {
          "army": 1,
          "count": 1,
          "formation_type": "rows",
          "formation_div": 3,
          "formation_step": [
            2.5,
            2.0
          ],
          "formation_noise": [
            0.1,
            0.1
          ]
        },
        "way": {}
      },
      {
        "name": "t1_bunker_02",
        "tm": [
          [
            -0.982802,
            0.0244073,
            -0.183043
          ],
          [
            0.0219224,
            0.999637,
            0.0155934
          ],
          [
            0.183357,
            0.0113113,
            -0.982981
          ],
          [
            2393.46,
            174.749,
            -4173.57
          ]
        ],
        "unit_class": "ussr_quest_large_art_noground",
        "objLayer": 1,
        "closed_waypoints": false,
        "isShipSpline": false,
        "shipTurnRadius": 100.0,
        "weapons": "",
        "bullets0": "",
        "bullets1": "",
        "bullets2": "",
        "bullets3": "",
        "bulletsCount0": 0,
        "bulletsCount1": 0,
        "bulletsCount2": 0,
        "bulletsCount3": 0,
        "crewSkillK": 0.0,
        "applyAllMods": false,
        "props": {
          "army": 1,
          "count": 1,
          "formation_type": "rows",
          "formation_div": 3,
          "formation_step": [
            2.5,
            2.0
          ],
          "formation_noise": [
            0.1,
            0.1
          ]
        },
        "way": {}
      },
      {
        "name": "t1_art_03",
        "tm": [
          [
            -0.982802,
            0.0244073,
            -0.183043
          ],
          [
            0.0219224,
            0.999637,
            0.0155934
          ],
          [
            0.183357,
            0.0113113,
            -0.982981
          ],
          [
            2409.18,
            172.229,
            -4267.06
          ]
        ],
        "unit_class": "ussr_quest_large_art_noground",
        "objLayer": 1,
        "closed_waypoints": false,
        "isShipSpline": false,
        "shipTurnRadius": 100.0,
        "weapons": "",
        "bullets0": "",
        "bullets1": "",
        "bullets2": "",
        "bullets3": "",
        "bulletsCount0": 0,
        "bulletsCount1": 0,
        "bulletsCount2": 0,
        "bulletsCount3": 0,
        "crewSkillK": 0.0,
        "applyAllMods": false,
        "props": {
          "army": 1,
          "count": 1,
          "formation_type": "rows",
          "formation_div": 3,
          "formation_step": [
            2.5,
            2.0
          ],
          "formation_noise": [
            0.1,
            0.1
          ]
        },
        "way": {}
      },
      {
        "name": "t1_art_04",
        "tm": [
          [
            -0.982802,
            0.0244073,
            -0.183043
          ],
          [
            0.0219224,
            0.999637,
            0.0155934
          ],
          [
            0.183357,
            0.0113113,
            -0.982981
          ],
          [
            2371.75,
            167.04,
            -4102.52
          ]
        ],
        "unit_class": "ussr_quest_large_art_noground",
        "objLayer": 1,
        "closed_waypoints": false,
        "isShipSpline": false,
        "shipTurnRadius": 100.0,
        "weapons": "",
        "bullets0": "",
        "bullets1": "",
        "bullets2": "",
        "bullets3": "",
        "bulletsCount0": 0,
        "bulletsCount1": 0,
        "bulletsCount2": 0,
        "bulletsCount3": 0,
        "crewSkillK": 0.0,
        "applyAllMods": false,
        "props": {
          "army": 1,
          "count": 1,
          "formation_type": "rows",
          "formation_div": 3,
          "formation_step": [
            2.5,
            2.0
          ],
          "formation_noise": [
            0.1,
            0.1
          ]
        },
        "way": {}
      },
      {
        "name": "t1_bunker_03",
        "tm": [
          [
            -0.999435,
            -0.0115531,
            -0.0316033
          ],
          [
            -0.0101317,
            0.998946,
            -0.0447643
          ],
          [
            0.0320867,
            -0.0444182,
            -0.998497
          ],
          [
            2469.75,
            202.597,
            -11480.1
          ]
        ],
        "unit_class": "ussr_quest_large_art_noground",
        "objLayer": 1,
        "closed_waypoints": false,
        "isShipSpline": false,
        "shipTurnRadius": 100.0,
        "weapons": "",
        "bullets0": "",
        "bullets1": "",
        "bullets2": "",
        "bullets3": "",
        "bulletsCount0": 0,
        "bulletsCount1": 0,
        "bulletsCount2": 0,
        "bulletsCount3": 0,
        "crewSkillK": 0.0,
        "applyAllMods": false,
        "props": {
          "army": 1,
          "count": 1,
          "formation_type": "rows",
          "formation_div": 3,
          "formation_step": [
            2.5,
            2.0
          ],
          "formation_noise": [
            0.1,
            0.1
          ]
        },
        "way": {}
      },
      {
        "name": "t1_art_05",
        "tm": [
          [
            -0.999435,
            -0.0115531,
            -0.0316033
          ],
          [
            -0.0101317,
            0.998946,
            -0.0447643
          ],
          [
            0.0320867,
            -0.0444182,
            -0.998497
          ],
          [
            2471.31,
            194.739,
            -11574.5
          ]
        ],
        "unit_class": "ussr_quest_large_art_noground",
        "objLayer": 1,
        "closed_waypoints": false,
        "isShipSpline": false,
        "shipTurnRadius": 100.0,
        "weapons": "",
        "bullets0": "",
        "bullets1": "",
        "bullets2": "",
        "bullets3": "",
        "bulletsCount0": 0,
        "bulletsCount1": 0,
        "bulletsCount2": 0,
        "bulletsCount3": 0,
        "crewSkillK": 0.0,
        "applyAllMods": false,
        "props": {
          "army": 1,
          "count": 1,
          "formation_type": "rows",
          "formation_div": 3,
          "formation_step": [
            2.5,
            2.0
          ],
          "formation_noise": [
            0.1,
            0.1
          ]
        },
        "way": {}
      },
      {
        "name": "t1_art_06",
        "tm": [
          [
            -0.999435,
            -0.0115531,
            -0.0316033
          ],
          [
            -0.0101317,
            0.998946,
            -0.0447643
          ],
          [
            0.0320867,
            -0.0444182,
            -0.998497
          ],
          [
            2459.39,
            198.711,
            -11406.2
          ]
        ],
        "unit_class": "ussr_quest_large_art_noground",
        "objLayer": 1,
        "closed_waypoints": false,
        "isShipSpline": false,
        "shipTurnRadius": 100.0,
        "weapons": "",
        "bullets0": "",
        "bullets1": "",
        "bullets2": "",
        "bullets3": "",
        "bulletsCount0": 0,
        "bulletsCount1": 0,
        "bulletsCount2": 0,
        "bulletsCount3": 0,
        "crewSkillK": 0.0,
        "applyAllMods": false,
        "props": {
          "army": 1,
          "count": 1,
          "formation_type": "rows",
          "formation_div": 3,
          "formation_step": [
            2.5,
            2.0
          ],
          "formation_noise": [
            0.1,
            0.1
          ]
        },
        "way": {}
      },
      {
        "name": "t1_bunker_04",
        "tm": [
          [
            -0.922953,
            -0.00882511,
            -0.384808
          ],
          [
            -0.0461406,
            0.995063,
            0.0878465
          ],
          [
            0.382134,
            0.0988339,
            -0.918805
          ],
          [
            2412.26,
            135.271,
            -2343.37
          ]
        ],
        "unit_class": "ussr_quest_large_art_noground",
        "objLayer": 1,
        "closed_waypoints": false,
        "isShipSpline": false,
        "shipTurnRadius": 100.0,
        "weapons": "",
        "bullets0": "",
        "bullets1": "",
        "bullets2": "",
        "bullets3": "",
        "bulletsCount0": 0,
        "bulletsCount1": 0,
        "bulletsCount2": 0,
        "bulletsCount3": 0,
        "crewSkillK": 0.0,
        "applyAllMods": false,
        "props": {
          "army": 1,
          "count": 1,
          "formation_type": "rows",
          "formation_div": 3,
          "formation_step": [
            2.5,
            2.0
          ],
          "formation_noise": [
            0.1,
            0.1
          ]
        },
        "way": {}
      },
      {
        "name": "t1_art_07",
        "tm": [
          [
            -0.922953,
            -0.00882511,
            -0.384808
          ],
          [
            -0.0461406,
            0.995063,
            0.0878465
          ],
          [
            0.382134,
            0.0988339,
            -0.918805
          ],
          [
            2447.1,
            141.016,
            -2431.47
          ]
        ],
        "unit_class": "ussr_quest_large_art_noground",
        "objLayer": 1,
        "closed_waypoints": false,
        "isShipSpline": false,
        "shipTurnRadius": 100.0,
        "weapons": "",
        "bullets0": "",
        "bullets1": "",
        "bullets2": "",
        "bullets3": "",
        "bulletsCount0": 0,
        "bulletsCount1": 0,
        "bulletsCount2": 0,
        "bulletsCount3": 0,
        "crewSkillK": 0.0,
        "applyAllMods": false,
        "props": {
          "army": 1,
          "count": 1,
          "formation_type": "rows",
          "formation_div": 3,
          "formation_step": [
            2.5,
            2.0
          ],
          "formation_noise": [
            0.1,
            0.1
          ]
        },
        "way": {}
      },
      {
        "name": "t1_art_08",
        "tm": [
          [
            -0.922953,
            -0.00882511,
            -0.384808
          ],
          [
            -0.0461406,
            0.995063,
            0.0878465
          ],
          [
            0.382134,
            0.0988339,
            -0.918805
          ],
          [
            2376.78,
            120.856,
            -2279.32
          ]
        ],
        "unit_class": "ussr_quest_large_art_noground",
        "objLayer": 1,
        "closed_waypoints": false,
        "isShipSpline": false,
        "shipTurnRadius": 100.0,
        "weapons": "",
        "bullets0": "",
        "bullets1": "",
        "bullets2": "",
        "bullets3": "",
        "bulletsCount0": 0,
        "bulletsCount1": 0,
        "bulletsCount2": 0,
        "bulletsCount3": 0,
        "crewSkillK": 0.0,
        "applyAllMods": false,
        "props": {
          "army": 1,
          "count": 1,
          "formation_type": "rows",
          "formation_div": 3,
          "formation_step": [
            2.5,
            2.0
          ],
          "formation_noise": [
            0.1,
            0.1
          ]
        },
        "way": {}
      },
      {
        "name": "t1_bunker_05",
        "tm": [
          [
            -0.959854,
            -0.00644279,
            -0.280428
          ],
          [
            -0.00856172,
            0.999942,
            0.00633064
          ],
          [
            0.280368,
            0.00847786,
            -0.959856
          ],
          [
            2439.03,
            205.448,
            -13043.6
          ]
        ],
        "unit_class": "ussr_quest_large_art_noground",
        "objLayer": 1,
        "closed_waypoints": false,
        "isShipSpline": false,
        "shipTurnRadius": 100.0,
        "weapons": "",
        "bullets0": "",
        "bullets1": "",
        "bullets2": "",
        "bullets3": "",
        "bulletsCount0": 0,
        "bulletsCount1": 0,
        "bulletsCount2": 0,
        "bulletsCount3": 0,
        "crewSkillK": 0.0,
        "applyAllMods": false,
        "props": {
          "army": 1,
          "count": 1,
          "formation_type": "rows",
          "formation_div": 3,
          "formation_step": [
            2.5,
            2.0
          ],
          "formation_noise": [
            0.1,
            0.1
          ]
        },
        "way": {}
      },
      {
        "name": "t1_art_09",
        "tm": [
          [
            -0.959854,
            -0.00644279,
            -0.280428
          ],
          [
            -0.00856172,
            0.999942,
            0.00633064
          ],
          [
            0.280368,
            0.00847786,
            -0.959856
          ],
          [
            2464.06,
            202.612,
            -13135.1
          ]
        ],
        "unit_class": "ussr_quest_large_art_noground",
        "objLayer": 1,
        "closed_waypoints": false,
        "isShipSpline": false,
        "shipTurnRadius": 100.0,
        "weapons": "",
        "bullets0": "",
        "bullets1": "",
        "bullets2": "",
        "bullets3": "",
        "bulletsCount0": 0,
        "bulletsCount1": 0,
        "bulletsCount2": 0,
        "bulletsCount3": 0,
        "crewSkillK": 0.0,
        "applyAllMods": false,
        "props": {
          "army": 1,
          "count": 1,
          "formation_type": "rows",
          "formation_div": 3,
          "formation_step": [
            2.5,
            2.0
          ],
          "formation_noise": [
            0.1,
            0.1
          ]
        },
        "way": {}
      },
      {
        "name": "t1_art_10",
        "tm": [
          [
            -0.959854,
            -0.00644279,
            -0.280428
          ],
          [
            -0.00856172,
            0.999942,
            0.00633064
          ],
          [
            0.280368,
            0.00847786,
            -0.959856
          ],
          [
            2410.54,
            197.701,
            -12974.9
          ]
        ],
        "unit_class": "ussr_quest_large_art_noground",
        "objLayer": 1,
        "closed_waypoints": false,
        "isShipSpline": false,
        "shipTurnRadius": 100.0,
        "weapons": "",
        "bullets0": "",
        "bullets1": "",
        "bullets2": "",
        "bullets3": "",
        "bulletsCount0": 0,
        "bulletsCount1": 0,
        "bulletsCount2": 0,
        "bulletsCount3": 0,
        "crewSkillK": 0.0,
        "applyAllMods": false,
        "props": {
          "army": 1,
          "count": 1,
          "formation_type": "rows",
          "formation_div": 3,
          "formation_step": [
            2.5,
            2.0
          ],
          "formation_noise": [
            0.1,
            0.1
          ]
        },
        "way": {}
      },
      {
        "name": "t1_bunker_06",
        "tm": [
          [
            -0.981803,
            0.000502946,
            -0.189899
          ],
          [
            0.00928403,
            0.998927,
            -0.0453547
          ],
          [
            0.189673,
            -0.0462929,
            -0.980757
          ],
          [
            2453.57,
            198.976,
            -7423.93
          ]
        ],
        "unit_class": "ussr_quest_large_art_noground",
        "objLayer": 1,
        "closed_waypoints": false,
        "isShipSpline": false,
        "shipTurnRadius": 100.0,
        "weapons": "",
        "bullets0": "",
        "bullets1": "",
        "bullets2": "",
        "bullets3": "",
        "bulletsCount0": 0,
        "bulletsCount1": 0,
        "bulletsCount2": 0,
        "bulletsCount3": 0,
        "crewSkillK": 0.0,
        "applyAllMods": false,
        "props": {
          "army": 1,
          "count": 1,
          "formation_type": "rows",
          "formation_div": 3,
          "formation_step": [
            2.5,
            2.0
          ],
          "formation_noise": [
            0.1,
            0.1
          ]
        },
        "way": {}
      },
      {
        "name": "t1_art_11",
        "tm": [
          [
            -0.981803,
            0.000502946,
            -0.189899
          ],
          [
            0.00928403,
            0.998927,
            -0.0453547
          ],
          [
            0.189673,
            -0.0462929,
            -0.980757
          ],
          [
            2469.91,
            190.961,
            -7517.02
          ]
        ],
        "unit_class": "ussr_quest_large_art_noground",
        "objLayer": 1,
        "closed_waypoints": false,
        "isShipSpline": false,
        "shipTurnRadius": 100.0,
        "weapons": "",
        "bullets0": "",
        "bullets1": "",
        "bullets2": "",
        "bullets3": "",
        "bulletsCount0": 0,
        "bulletsCount1": 0,
        "bulletsCount2": 0,
        "bulletsCount3": 0,
        "crewSkillK": 0.0,
        "applyAllMods": false,
        "props": {
          "army": 1,
          "count": 1,
          "formation_type": "rows",
          "formation_div": 3,
          "formation_step": [
            2.5,
            2.0
          ],
          "formation_noise": [
            0.1,
            0.1
          ]
        },
        "way": {}
      },
      {
        "name": "t1_art_12",
        "tm": [
          [
            -0.981803,
            0.000502946,
            -0.189899
          ],
          [
            0.00928403,
            0.998927,
            -0.0453547
          ],
          [
            0.189673,
            -0.0462929,
            -0.980757
          ],
          [
            2431.51,
            195.335,
            -7352.66
          ]
        ],
        "unit_class": "ussr_quest_large_art_noground",
        "objLayer": 1,
        "closed_waypoints": false,
        "isShipSpline": false,
        "shipTurnRadius": 100.0,
        "weapons": "",
        "bullets0": "",
        "bullets1": "",
        "bullets2": "",
        "bullets3": "",
        "bulletsCount0": 0,
        "bulletsCount1": 0,
        "bulletsCount2": 0,
        "bulletsCount3": 0,
        "crewSkillK": 0.0,
        "applyAllMods": false,
        "props": {
          "army": 1,
          "count": 1,
          "formation_type": "rows",
          "formation_div": 3,
          "formation_step": [
            2.5,
            2.0
          ],
          "formation_noise": [
            0.1,
            0.1
          ]
        },
        "way": {}
      },
      {
        "name": "t1_bunker_07",
        "tm": [
          [
            -0.96543,
            -0.0490134,
            -0.256012
          ],
          [
            -0.0519519,
            0.998639,
            0.00472429
          ],
          [
            0.255431,
            0.0178617,
            -0.966663
          ],
          [
            2423.66,
            201.81,
            -6030.98
          ]
        ],
        "unit_class": "ussr_quest_large_art_noground",
        "objLayer": 1,
        "closed_waypoints": false,
        "isShipSpline": false,
        "shipTurnRadius": 100.0,
        "weapons": "",
        "bullets0": "",
        "bullets1": "",
        "bullets2": "",
        "bullets3": "",
        "bulletsCount0": 0,
        "bulletsCount1": 0,
        "bulletsCount2": 0,
        "bulletsCount3": 0,
        "crewSkillK": 0.0,
        "applyAllMods": false,
        "props": {
          "army": 1,
          "count": 1,
          "formation_type": "rows",
          "formation_div": 3,
          "formation_step": [
            2.5,
            2.0
          ],
          "formation_noise": [
            0.1,
            0.1
          ]
        },
        "way": {}
      },
      {
        "name": "t1_art_13",
        "tm": [
          [
            -0.96543,
            -0.0490134,
            -0.256012
          ],
          [
            -0.0519519,
            0.998639,
            0.00472429
          ],
          [
            0.255431,
            0.0178617,
            -0.966663
          ],
          [
            2446.54,
            199.794,
            -6122.98
          ]
        ],
        "unit_class": "ussr_quest_large_art_noground",
        "objLayer": 1,
        "closed_waypoints": false,
        "isShipSpline": false,
        "shipTurnRadius": 100.0,
        "weapons": "",
        "bullets0": "",
        "bullets1": "",
        "bullets2": "",
        "bullets3": "",
        "bulletsCount0": 0,
        "bulletsCount1": 0,
        "bulletsCount2": 0,
        "bulletsCount3": 0,
        "crewSkillK": 0.0,
        "applyAllMods": false,
        "props": {
          "army": 1,
          "count": 1,
          "formation_type": "rows",
          "formation_div": 3,
          "formation_step": [
            2.5,
            2.0
          ],
          "formation_noise": [
            0.1,
            0.1
          ]
        },
        "way": {}
      },
      {
        "name": "t1_art_14",
        "tm": [
          [
            -0.96543,
            -0.0490134,
            -0.256012
          ],
          [
            -0.0519519,
            0.998639,
            0.00472429
          ],
          [
            0.255431,
            0.0178617,
            -0.966663
          ],
          [
            2397.3,
            193.022,
            -5961.67
          ]
        ],
        "unit_class": "ussr_quest_large_art_noground",
        "objLayer": 1,
        "closed_waypoints": false,
        "isShipSpline": false,
        "shipTurnRadius": 100.0,
        "weapons": "",
        "bullets0": "",
        "bullets1": "",
        "bullets2": "",
        "bullets3": "",
        "bulletsCount0": 0,
        "bulletsCount1": 0,
        "bulletsCount2": 0,
        "bulletsCount3": 0,
        "crewSkillK": 0.0,
        "applyAllMods": false,
        "props": {
          "army": 1,
          "count": 1,
          "formation_type": "rows",
          "formation_div": 3,
          "formation_step": [
            2.5,
            2.0
          ],
          "formation_noise": [
            0.1,
            0.1
          ]
        },
        "way": {}
      },
      {
        "name": "t1_bunker_08",
        "tm": [
          [
            -0.997362,
            -0.0250061,
            -0.0681334
          ],
          [
            -0.0266752,
            0.999363,
            0.0236998
          ],
          [
            0.0674964,
            0.0254545,
            -0.997395
          ],
          [
            2466.54,
            165.805,
            -14683.8
          ]
        ],
        "unit_class": "ussr_quest_large_art_noground",
        "objLayer": 1,
        "closed_waypoints": false,
        "isShipSpline": false,
        "shipTurnRadius": 100.0,
        "weapons": "",
        "bullets0": "",
        "bullets1": "",
        "bullets2": "",
        "bullets3": "",
        "bulletsCount0": 0,
        "bulletsCount1": 0,
        "bulletsCount2": 0,
        "bulletsCount3": 0,
        "crewSkillK": 0.0,
        "applyAllMods": false,
        "props": {
          "army": 1,
          "count": 1,
          "formation_type": "rows",
          "formation_div": 3,
          "formation_step": [
            2.5,
            2.0
          ],
          "formation_noise": [
            0.1,
            0.1
          ]
        },
        "way": {}
      },
      {
        "name": "t1_art_15",
        "tm": [
          [
            -0.997362,
            -0.0250061,
            -0.0681334
          ],
          [
            -0.0266752,
            0.999363,
            0.0236998
          ],
          [
            0.0674964,
            0.0254545,
            -0.997395
          ],
          [
            2471.46,
            164.547,
            -14778.5
          ]
        ],
        "unit_class": "ussr_quest_large_art_noground",
        "objLayer": 1,
        "closed_waypoints": false,
        "isShipSpline": false,
        "shipTurnRadius": 100.0,
        "weapons": "",
        "bullets0": "",
        "bullets1": "",
        "bullets2": "",
        "bullets3": "",
        "bulletsCount0": 0,
        "bulletsCount1": 0,
        "bulletsCount2": 0,
        "bulletsCount3": 0,
        "crewSkillK": 0.0,
        "applyAllMods": false,
        "props": {
          "army": 1,
          "count": 1,
          "formation_type": "rows",
          "formation_div": 3,
          "formation_step": [
            2.5,
            2.0
          ],
          "formation_noise": [
            0.1,
            0.1
          ]
        },
        "way": {}
      },
      {
        "name": "t1_art_16",
        "tm": [
          [
            -0.997362,
            -0.0250061,
            -0.0681334
          ],
          [
            -0.0266752,
            0.999363,
            0.0236998
          ],
          [
            0.0674964,
            0.0254545,
            -0.997395
          ],
          [
            2453.66,
            156.651,
            -14610.8
          ]
        ],
        "unit_class": "ussr_quest_large_art_noground",
        "objLayer": 1,
        "closed_waypoints": false,
        "isShipSpline": false,
