{
  "selected_tag": "",
  "bin_dump_file": "",
  "mission_settings": {
    "player": {
      "army": 1
    },
    "player_teamB": {
      "army": 2
    },
    "mission": {
      "level": "levels/avg_european_fortress.bin",
      "type": "singleMission",
      "restoreType": "attempts",
      "optionalTakeOff": false,
      "environment": "Day",
      "weather": "hazy"
    },
    "spectator_points": []
  },
  "imports": [],
  "triggers": {
    "isCategory": true,
    "is_enabled": true
  },
  "mission_objectives": {
    "isCategory": true,
    "is_enabled": true
  },
  "variables": [],
  "dialogs": [],
  "airfields": [],
  "effects": [],
  "units": [
    {
      "objectGroups": {
        "name": "t1_airfield",
        "tm": [
          [0.707108,0.0,0.707106],
          [0.0,1.0,0.0],
          [-0.707106,0.0,0.707108],
          [5547.87,252.372,3595.52]
        ],
        "unit_class": "dynAF_kh_gol_airfield_gumrak_small",
        "objLayer": 0,
        "props": {
          "army": 1,
          "active": true
        }
      }
    },
    {
      "objectGroups": {
        "name": "t2_airfield",
        "tm": [
          [-0.67559,0.0,-0.737277],
          [0.0,1.0,0.0],
          [0.737277,0.0,-0.67559],
          [-5074.02,153.231,-7911.13]
        ],
        "unit_class": "dynAF_kh_gol_airfield_gumrak_small",
        "objLayer": 0,
        "props": {
          "army": 2,
          "active": true
        }
      }
    },
    {
      "squad": {
        "name": "t1_airfield_aaa_squad",
        "tm": [
          [1.0,0.0,0.0],
          [0.0,1.0,0.0],
          [0.0,0.0,1.0],
          [3966.5,306.0,5101.75]
        ],
        "props": [
          {
            "object_marking": 0
          },
          {
            "squad_members": "t1_air_def_01"
          },
          {
            "squad_members": "t1_air_def_02"
          },
          {
            "squad_members": "t1_air_def_03"
          },
          {
            "squad_members": "t1_air_def_04"
          },
          {
            "squad_members": "t1_air_def_05"
          },
          {
            "squad_members": "t1_air_def_06"
          }
        ]
      }
    },
    {
      "squad": {
        "name": "t2_airfield_aaa_squad",
        "tm": [
          [1.0,0.0,0.0],
          [0.0,1.0,0.0],
          [0.0,0.0,1.0],
          [-5992.76,29.9502,-10376.9]
        ],
        "props": [
          {
            "object_marking": 0
          },
          {
            "squad_members": "t2_air_def_01"
          },
          {
            "squad_members": "t2_air_def_02"
          },
          {
            "squad_members": "t2_air_def_03"
          },
          {
            "squad_members": "t2_air_def_04"
          },
          {
            "squad_members": "t2_air_def_05"
          },
          {
            "squad_members": "t2_air_def_06"
          }
        ]
      }
    },
    {
      "air_defence": {
        "name": "t1_air_def_01",
        "tm": [
          [0.258819,0.0,-0.965926],
          [0.0,1.0,0.0],
          [0.965926,0.0,0.258819],
          [5760.31,254.424,4201.58]
        ],
        "unit_class": "us_40mm_bofors_airfield",
        "objLayer": 1,
        "closed_waypoints": false,
        "isShipSpline": false,
        "shipTurnRadius": 100.0,
        "weapons": "",
        "bullets0": "",
        "bullets1": "",
        "bullets2": "",
        "bullets3": "",
        "bulletsCount0": 0,
        "bulletsCount1": 0,
        "bulletsCount2": 0,
        "bulletsCount3": 0,
        "props": {
          "army": 1,
          "count": 3,
          "formation_type": "rows",
          "formation_div": 1,
          "formation_step": [5.0,2.0],
          "formation_noise": [0.1,0.1],
          "uniqueName": "",
          "attack_type": "fire_at_will"
        },
        "way": []
      }
    },
    {
      "air_defence": {
        "name": "t1_air_def_02",
        "tm": [
          [0.708992,0.0,-0.705217],
          [0.0,1.0,0.0],
          [0.705217,0.0,0.708992],
          [4634.7,259.973,3805.44]
        ],
        "unit_class": "us_90mm_m1",
        "objLayer": 1,
        "closed_waypoints": false,
        "isShipSpline": false,
        "shipTurnRadius": 100.0,
        "weapons": "",
        "bullets0": "",
        "bullets1": "",
        "bullets2": "",
        "bullets3": "",
        "bulletsCount0": 0,
        "bulletsCount1": 0,
        "bulletsCount2": 0,
        "bulletsCount3": 0,
        "props": {
          "army": 1,
          "count": 3,
          "formation_type": "rows",
          "formation_div": 1,
          "formation_step": [5.0,2.0],
          "formation_noise": [0.1,0.1],
          "uniqueName": "",
          "attack_type": "fire_at_will"
        },
        "way": []
      }
    },
    {
      "air_defence": {
        "name": "t1_air_def_03",
        "tm": [
          [-0.171386,0.0,0.985204],
          [0.0,1.0,0.0],
          [-0.985204,0.0,-0.171386],
          [7297.59,533.198,2987.37]
        ],
        "unit_class": "us_40mm_bofors_airfield",
        "objLayer": 1,
        "closed_waypoints": false,
        "isShipSpline": false,
        "shipTurnRadius": 100.0,
        "weapons": "",
        "bullets0": "",
        "bullets1": "",
        "bullets2": "",
        "bullets3": "",
        "bulletsCount0": 0,
        "bulletsCount1": 0,
        "bulletsCount2": 0,
        "bulletsCount3": 0,
        "props": {
          "army": 1,
          "count": 3,
          "formation_type": "rows",
          "formation_div": 1,
          "formation_step": [5.0,2.0],
          "formation_noise": [0.1,0.1],
          "uniqueName": "",
          "attack_type": "fire_at_will"
        },
        "way": []
      }
    },
    {
      "air_defence": {
        "name": "t1_air_def_04",
        "tm": [
          [-0.608761,0.0,-0.793354],
          [0.0,1.0,0.0],
          [0.793354,0.0,-0.608761],
          [5817.1,307.376,2645.76]
        ],
        "unit_class": "us_12mm_m2",
        "objLayer": 1,
        "closed_waypoints": false,
        "isShipSpline": false,
        "shipTurnRadius": 100.0,
        "weapons": "",
        "bullets0": "",
        "bullets1": "",
        "bullets2": "",
        "bullets3": "",
        "bulletsCount0": 0,
        "bulletsCount1": 0,
        "bulletsCount2": 0,
        "bulletsCount3": 0,
        "props": {
          "army": 1,
          "count": 3,
          "formation_type": "rows",
          "formation_div": 1,
          "formation_step": [5.0,2.0],
          "formation_noise": [0.1,0.1],
          "uniqueName": "",
          "attack_type": "fire_at_will"
        },
        "way": []
      }
    },
    {
      "air_defence": {
        "name": "t1_air_def_05",
        "tm": [
          [-0.393049,0.0,-0.919517],
          [0.0,1.0,0.0],
          [0.919517,0.0,-0.393049],
          [7856.37,232.758,4526.17]
        ],
        "unit_class": "us_90mm_m1",
        "objLayer": 1,
        "closed_waypoints": false,
        "isShipSpline": false,
        "shipTurnRadius": 100.0,
        "weapons": "",
        "bullets0": "",
        "bullets1": "",
        "bullets2": "",
        "bullets3": "",
        "bulletsCount0": 0,
        "bulletsCount1": 0,
        "bulletsCount2": 0,
        "bulletsCount3": 0,
        "props": {
          "army": 1,
          "count": 3,
          "formation_type": "rows",
          "formation_div": 1,
          "formation_step": [5.0,2.0],
          "formation_noise": [0.1,0.1],
          "uniqueName": "",
          "attack_type": "fire_at_will"
        },
        "way": []
      }
    },
    {
      "air_defence": {
        "name": "t1_air_def_06",
        "tm": [
          [-0.608761,0.0,-0.793354],
          [0.0,1.0,0.0],
          [0.793354,0.0,-0.608761],
          [6685.8,267.182,4506.48]
        ],
        "unit_class": "us_90mm_m1",
        "objLayer": 1,
        "closed_waypoints": false,
        "isShipSpline": false,
        "shipTurnRadius": 100.0,
        "weapons": "",
        "bullets0": "",
        "bullets1": "",
        "bullets2": "",
        "bullets3": "",
        "bulletsCount0": 0,
        "bulletsCount1": 0,
        "bulletsCount2": 0,
        "bulletsCount3": 0,
        "props": {
          "army": 1,
          "count": 3,
          "formation_type": "rows",
          "formation_div": 1,
          "formation_step": [5.0,2.0],
          "formation_noise": [0.1,0.1],
          "uniqueName": "",
          "attack_type": "fire_at_will"
        },
        "way": []
      }
    },
    {
      "air_defence": {
        "name": "t2_air_def_01",
        "tm": [
          [-0.755491,0.0,0.65516],
          [0.0,1.0,0.0],
          [-0.65516,0.0,-0.755491],
          [-4627.63,129.639,-9055.49]
        ],
        "unit_class": "us_40mm_bofors_airfield",
        "objLayer": 1,
        "closed_waypoints": false,
        "isShipSpline": false,
        "shipTurnRadius": 100.0,
        "weapons": "",
        "bullets0": "",
        "bullets1": "",
        "bullets2": "",
        "bullets3": "",
        "bulletsCount0": 0,
        "bulletsCount1": 0,
        "bulletsCount2": 0,
        "bulletsCount3": 0,
        "props": {
          "army": 2,
          "count": 3,
          "formation_type": "rows",
          "formation_div": 1,
          "formation_step": [5.0,2.0],
          "formation_noise": [0.1,0.1],
          "uniqueName": "",
          "attack_type": "fire_at_will"
        },
        "way": []
      }
    },
    {
      "air_defence": {
        "name": "t2_air_def_02",
        "tm": [
          [-0.70849,0.0,0.705721],
          [0.0,1.0,0.0],
          [-0.705721,0.0,-0.70849],
          [-5710.07,120.354,-7233.74]
        ],
        "unit_class": "us_90mm_m1",
        "objLayer": 1,
        "closed_waypoints": false,
        "isShipSpline": false,
        "shipTurnRadius": 100.0,
        "weapons": "",
        "bullets0": "",
        "bullets1": "",
        "bullets2": "",
        "bullets3": "",
        "bulletsCount0": 0,
        "bulletsCount1": 0,
        "bulletsCount2": 0,
        "bulletsCount3": 0,
        "props": {
          "army": 2,
          "count": 3,
          "formation_type": "rows",
          "formation_div": 1,
          "formation_step": [5.0,2.0],
          "formation_noise": [0.1,0.1],
          "uniqueName": "",
          "attack_type": "fire_at_will"
        },
        "way": []
      }
    },
    {
      "air_defence": {
        "name": "t2_air_def_03",
        "tm": [
          [0.956828,0.0,-0.290655],
          [0.0,1.0,0.0],
          [0.290655,0.0,0.956828],
          [-6626.52,94.9185,-8356.22]
        ],
        "unit_class": "us_40mm_bofors_airfield",
        "objLayer": 1,
        "closed_waypoints": false,
        "isShipSpline": false,
        "shipTurnRadius": 100.0,
        "weapons": "",
        "bullets0": "",
        "bullets1": "",
        "bullets2": "",
        "bullets3": "",
        "bulletsCount0": 0,
        "bulletsCount1": 0,
        "bulletsCount2": 0,
        "bulletsCount3": 0,
        "props": {
          "army": 2,
          "count": 3,
          "formation_type": "rows",
          "formation_div": 1,
          "formation_step": [5.0,2.0],
          "formation_noise": [0.1,0.1],
          "uniqueName": "",
          "attack_type": "fire_at_will"
        },
        "way": []
      }
    },
    {
      "air_defence": {
        "name": "t2_air_def_04",
        "tm": [
          [-0.797773,0.0,0.602958],
          [0.0,1.0,0.0],
          [-0.602958,0.0,-0.797773],
          [-5397.14,94.6652,-9002.65]
        ],
        "unit_class": "us_12mm_m2",
        "objLayer": 1,
        "closed_waypoints": false,
        "isShipSpline": false,
        "shipTurnRadius": 100.0,
        "weapons": "",
        "bullets0": "",
        "bullets1": "",
        "bullets2": "",
        "bullets3": "",
        "bulletsCount0": 0,
        "bulletsCount1": 0,
        "bulletsCount2": 0,
        "bulletsCount3": 0,
        "props": {
          "army": 2,
          "count": 3,
          "formation_type": "rows",
          "formation_div": 1,
          "formation_step": [5.0,2.0],
          "formation_noise": [0.1,0.1],
          "uniqueName": "",
          "attack_type": "fire_at_will"
        },
        "way": []
      }
    },
    {
      "air_defence": {
        "name": "t2_air_def_05",
        "tm": [
          [0.914386,0.0,-0.404843],
          [0.0,1.0,0.0],
          [0.404843,0.0,0.914386],
          [-6293.83,88.5698,-9734.2]
        ],
        "unit_class": "us_90mm_m1",
        "objLayer": 1,
        "closed_waypoints": false,
        "isShipSpline": false,
        "shipTurnRadius": 100.0,
        "weapons": "",
        "bullets0": "",
        "bullets1": "",
        "bullets2": "",
        "bullets3": "",
        "bulletsCount0": 0,
        "bulletsCount1": 0,
        "bulletsCount2": 0,
        "bulletsCount3": 0,
        "props": {
          "army": 2,
          "count": 3,
          "formation_type": "rows",
          "formation_div": 1,
          "formation_step": [5.0,2.0],
          "formation_noise": [0.1,0.1],
          "uniqueName": "",
          "attack_type": "fire_at_will"
        },
        "way": []
      }
    },
    {
      "air_defence": {
        "name": "t2_air_def_06",
        "tm": [
          [0.368324,0.0,0.929698],
          [0.0,1.0,0.0],
          [-0.929698,0.0,0.368324],
          [-4454.92,105.156,-8262.5]
        ],
        "unit_class": "us_90mm_m1",
        "objLayer": 1,
        "closed_waypoints": false,
        "isShipSpline": false,
        "shipTurnRadius": 100.0,
        "weapons": "",
        "bullets0": "",
        "bullets1": "",
        "bullets2": "",
        "bullets3": "",
        "bulletsCount0": 0,
        "bulletsCount1": 0,
        "bulletsCount2": 0,
        "bulletsCount3": 0,
        "props": {
          "army": 2,
          "count": 3,
          "formation_type": "rows",
          "formation_div": 1,
          "formation_step": [5.0,2.0],
          "formation_noise": [0.1,0.1],
          "uniqueName": "",
          "attack_type": "fire_at_will"
        },
        "way": []
      }
    }
  ],
  "areas": [],
  "objLayers": [
    {
      "layer": {
        "enabled": true
      }
    },
    {
      "layer": {
        "enabled": true
      }
    },
    {
      "layer": {
        "enabled": true
      }
    },
    {
      "layer": {
        "enabled": true
      }
    },
    {
      "layer": {
        "enabled": true
      }
    },
    {
      "layer": {
        "enabled": false
      }
    },
    {
      "layer": {
        "enabled": false
      }
    }
  ],
  "wayPoints": []
}