{
  "selected_tag": "",
  "bin_dump_file": "",
  "mission_settings": {
    "player": {
      "army": 1
    },
    "player_teamB": {
      "army": 2
    },
    "mission": {
      "level": "levels/avg_european_fortress.bin",
      "type": "singleMission",
      "restoreType": "attempts",
      "optionalTakeOff": false,
      "environment": "Day",
      "weather": "hazy"
    },
    "spectator_points": []
  },
  "imports": [],
  "triggers": {
    "isCategory": true,
    "is_enabled": true
  },
  "mission_objectives": {
    "isCategory": true,
    "is_enabled": true
  },
  "variables": [],
  "dialogs": [],
  "airfields": [],
  "effects": [],
  "units": [
    {
      "objectGroups": {
        "name": "t1_airfield",
        "tm": [
          [0.707108,0.0,0.707106],
          [0.0,1.0,0.0],
          [-0.707106,0.0,0.707108],
          [8908.7,134.261,8461.03]
        ],
        "unit_class": "dynaf_universal_1line_3000_a",
        "objLayer": 0,
        "props": {
          "army": 1,
          "active": true
        }
      }
    },
    {
      "objectGroups": {
        "name": "t2_airfield",
        "tm": [
          [-0.67559,0.0,-0.737277],
          [0.0,1.0,0.0],
          [0.737277,0.0,-0.67559],
          [-6587.14,125.239,-14114.7]
        ],
        "unit_class": "dynaf_universal_1line_3000_a",
        "objLayer": 0,
        "props": {
          "army": 2,
          "active": true
        }
      }
    },
    {
      "squad": {
        "name": "t1_airfield_aaa_squad",
        "tm": [
          [1.0,0.0,0.0],
          [0.0,1.0,0.0],
          [0.0,0.0,1.0],
          [3966.5,306.0,5101.75]
        ],
        "props": [
          {
            "object_marking": 0
          },
          {
            "squad_members": "t1_air_def_01"
          },
          {
            "squad_members": "t1_air_def_02"
          },
          {
            "squad_members": "t1_air_def_03"
          },
          {
            "squad_members": "t1_air_def_04"
          },
          {
            "squad_members": "t1_air_def_05"
          },
          {
            "squad_members": "t1_air_def_06"
          }
        ]
      }
    },
    {
      "squad": {
        "name": "t2_airfield_aaa_squad",
        "tm": [
          [1.0,0.0,0.0],
          [0.0,1.0,0.0],
          [0.0,0.0,1.0],
          [-7505.88,29.9509,-16580.4]
        ],
        "props": [
          {
            "object_marking": 0
          },
          {
            "squad_members": "t2_air_def_01"
          },
          {
            "squad_members": "t2_air_def_02"
          },
          {
            "squad_members": "t2_air_def_03"
          },
          {
            "squad_members": "t2_air_def_04"
          },
          {
            "squad_members": "t2_air_def_05"
          },
          {
            "squad_members": "t2_air_def_06"
          }
        ]
      }
    },
    {
      "air_defence": {
        "name": "t1_air_def_01",
        "tm": [
          [0.258819,0.0,-0.965926],
          [0.0,1.0,0.0],
          [0.965926,0.0,0.258819],
          [9121.14,254.424,9067.1]
        ],
        "unit_class": "us_40mm_bofors_airfield",
        "objLayer": 1,
        "closed_waypoints": false,
        "isShipSpline": false,
        "shipTurnRadius": 100.0,
        "weapons": "",
        "bullets0": "",
        "bullets1": "",
        "bullets2": "",
        "bullets3": "",
        "bulletsCount0": 0,
        "bulletsCount1": 0,
        "bulletsCount2": 0,
        "bulletsCount3": 0,
        "props": {
          "army": 1,
          "count": 3,
          "formation_type": "rows",
          "formation_div": 1,
          "formation_step": [5.0,2.0],
          "formation_noise": [0.1,0.1],
          "uniqueName": "",
          "attack_type": "fire_at_will"
        },
        "way": []
      }
    },
    {
      "air_defence": {
        "name": "t1_air_def_02",
        "tm": [
          [0.708992,0.0,-0.705217],
          [0.0,1.0,0.0],
          [0.705217,0.0,0.708992],
          [7995.54,259.973,8670.96]
        ],
        "unit_class": "us_90mm_m1",
        "objLayer": 1,
        "closed_waypoints": false,
        "isShipSpline": false,
        "shipTurnRadius": 100.0,
        "weapons": "",
        "bullets0": "",
        "bullets1": "",
        "bullets2": "",
        "bullets3": "",
        "bulletsCount0": 0,
        "bulletsCount1": 0,
        "bulletsCount2": 0,
        "bulletsCount3": 0,
        "props": {
          "army": 1,
          "count": 3,
          "formation_type": "rows",
          "formation_div": 1,
          "formation_step": [5.0,2.0],
          "formation_noise": [0.1,0.1],
          "uniqueName": "",
          "attack_type": "fire_at_will"
        },
        "way": []
      }
    },
    {
      "air_defence": {
        "name": "t1_air_def_03",
        "tm": [
          [-0.171386,0.0,0.985204],
          [0.0,1.0,0.0],
          [-0.985204,0.0,-0.171386],
          [10658.4,533.199,7852.88]
        ],
        "unit_class": "us_40mm_bofors_airfield",
        "objLayer": 1,
        "closed_waypoints": false,
        "isShipSpline": false,
        "shipTurnRadius": 100.0,
        "weapons": "",
        "bullets0": "",
        "bullets1": "",
        "bullets2": "",
        "bullets3": "",
        "bulletsCount0": 0,
        "bulletsCount1": 0,
        "bulletsCount2": 0,
        "bulletsCount3": 0,
        "props": {
          "army": 1,
          "count": 3,
          "formation_type": "rows",
          "formation_div": 1,
          "formation_step": [5.0,2.0],
          "formation_noise": [0.1,0.1],
          "uniqueName": "",
          "attack_type": "fire_at_will"
        },
        "way": []
      }
    },
    {
      "air_defence": {
        "name": "t1_air_def_04",
        "tm": [
          [-0.608761,0.0,-0.793354],
          [0.0,1.0,0.0],
          [0.793354,0.0,-0.608761],
          [9177.93,307.376,7511.27]
        ],
        "unit_class": "us_12mm_m2",
        "objLayer": 1,
        "closed_waypoints": false,
        "isShipSpline": false,
        "shipTurnRadius": 100.0,
        "weapons": "",
        "bullets0": "",
        "bullets1": "",
        "bullets2": "",
        "bullets3": "",
        "bulletsCount0": 0,
        "bulletsCount1": 0,
        "bulletsCount2": 0,
        "bulletsCount3": 0,
        "props": {
          "army": 1,
          "count": 3,
          "formation_type": "rows",
          "formation_div": 1,
          "formation_step": [5.0,2.0],
          "formation_noise": [0.1,0.1],
          "uniqueName": "",
          "attack_type": "fire_at_will"
        },
        "way": []
      }
    },
    {
      "air_defence": {
        "name": "t1_air_def_05",
        "tm": [
          [-0.393049,0.0,-0.919517],
          [0.0,1.0,0.0],
          [0.919517,0.0,-0.393049],
          [11217.2,232.758,9391.69]
        ],
        "unit_class": "us_90mm_m1",
        "objLayer": 1,
        "closed_waypoints": false,
        "isShipSpline": false,
        "shipTurnRadius": 100.0,
        "weapons": "",
        "bullets0": "",
        "bullets1": "",
        "bullets2": "",
        "bullets3": "",
        "bulletsCount0": 0,
        "bulletsCount1": 0,
        "bulletsCount2": 0,
        "bulletsCount3": 0,
        "props": {
          "army": 1,
          "count": 3,
          "formation_type": "rows",
          "formation_div": 1,
          "formation_step": [5.0,2.0],
          "formation_noise": [0.1,0.1],
          "uniqueName": "",
          "attack_type": "fire_at_will"
        },
        "way": []
      }
    },
    {
      "air_defence": {
        "name": "t1_air_def_06",
        "tm": [
          [-0.608761,0.0,-0.793354],
          [0.0,1.0,0.0],
          [0.793354,0.0,-0.608761],
          [9820.99,267.182,9840.97]
        ],
        "unit_class": "us_90mm_m1",
        "objLayer": 1,
        "closed_waypoints": false,
        "isShipSpline": false,
        "shipTurnRadius": 100.0,
        "weapons": "",
        "bullets0": "",
        "bullets1": "",
        "bullets2": "",
        "bullets3": "",
        "bulletsCount0": 0,
        "bulletsCount1": 0,
        "bulletsCount2": 0,
        "bulletsCount3": 0,
        "props": {
          "army": 1,
          "count": 3,
          "formation_type": "rows",
          "formation_div": 1,
          "formation_step": [5.0,2.0],
          "formation_noise": [0.1,0.1],
          "uniqueName": "",
          "attack_type": "fire_at_will"
        },
        "way": []
      }
    },
    {
      "air_defence": {
        "name": "t2_air_def_01",
        "tm": [
          [-0.755491,0.0,0.65516],
          [0.0,1.0,0.0],
          [-0.65516,0.0,-0.755491],
          [-6140.75,129.64,-15259.1]
        ],
        "unit_class": "us_40mm_bofors_airfield",
        "objLayer": 1,
        "closed_waypoints": false,
        "isShipSpline": false,
        "shipTurnRadius": 100.0,
        "weapons": "",
        "bullets0": "",
        "bullets1": "",
        "bullets2": "",
        "bullets3": "",
        "bulletsCount0": 0,
        "bulletsCount1": 0,
        "bulletsCount2": 0,
        "bulletsCount3": 0,
        "props": {
          "army": 2,
          "count": 3,
          "formation_type": "rows",
          "formation_div": 1,
          "formation_step": [5.0,2.0],
          "formation_noise": [0.1,0.1],
          "uniqueName": "",
          "attack_type": "fire_at_will"
        },
        "way": []
      }
    },
    {
      "air_defence": {
        "name": "t2_air_def_02",
        "tm": [
          [-0.70849,0.0,0.705721],
          [0.0,1.0,0.0],
          [-0.705721,0.0,-0.70849],
          [-7223.19,120.355,-13437.3]
        ],
        "unit_class": "us_90mm_m1",
        "objLayer": 1,
        "closed_waypoints": false,
        "isShipSpline": false,
        "shipTurnRadius": 100.0,
        "weapons": "",
        "bullets0": "",
        "bullets1": "",
        "bullets2": "",
        "bullets3": "",
        "bulletsCount0": 0,
        "bulletsCount1": 0,
        "bulletsCount2": 0,
        "bulletsCount3": 0,
        "props": {
          "army": 2,
          "count": 3,
          "formation_type": "rows",
          "formation_div": 1,
          "formation_step": [5.0,2.0],
          "formation_noise": [0.1,0.1],
          "uniqueName": "",
          "attack_type": "fire_at_will"
        },
        "way": []
      }
    },
    {
      "air_defence": {
        "name": "t2_air_def_03",
        "tm": [
          [0.956828,0.0,-0.290655],
          [0.0,1.0,0.0],
          [0.290655,0.0,0.956828],
          [-8139.64,94.9192,-14559.8]
        ],
        "unit_class": "us_40mm_bofors_airfield",
        "objLayer": 1,
        "closed_waypoints": false,
        "isShipSpline": false,
        "shipTurnRadius": 100.0,
        "weapons": "",
        "bullets0": "",
        "bullets1": "",
        "bullets2": "",
        "bullets3": "",
        "bulletsCount0": 0,
        "bulletsCount1": 0,
        "bulletsCount2": 0,
        "bulletsCount3": 0,
        "props": {
          "army": 2,
          "count": 3,
          "formation_type": "rows",
          "formation_div": 1,
          "formation_step": [5.0,2.0],
          "formation_noise": [0.1,0.1],
          "uniqueName": "",
          "attack_type": "fire_at_will"
        },
        "way": []
      }
    },
    {
      "air_defence": {
        "name": "t2_air_def_04",
        "tm": [
          [-0.797773,0.0,0.602958],
          [0.0,1.0,0.0],
          [-0.602958,0.0,-0.797773],
          [-6910.26,94.6659,-15206.2]
        ],
        "unit_class": "us_12mm_m2",
        "objLayer": 1,
        "closed_waypoints": false,
        "isShipSpline": false,
        "shipTurnRadius": 100.0,
        "weapons": "",
        "bullets0": "",
        "bullets1": "",
        "bullets2": "",
        "bullets3": "",
        "bulletsCount0": 0,
        "bulletsCount1": 0,
        "bulletsCount2": 0,
        "bulletsCount3": 0,
        "props": {
          "army": 2,
          "count": 3,
          "formation_type": "rows",
          "formation_div": 1,
          "formation_step": [5.0,2.0],
          "formation_noise": [0.1,0.1],
          "uniqueName": "",
          "attack_type": "fire_at_will"
        },
        "way": []
      }
    },
    {
      "air_defence": {
        "name": "t2_air_def_05",
        "tm": [
          [0.914386,0.0,-0.404843],
          [0.0,1.0,0.0],
          [0.404843,0.0,0.914386],
          [-7806.95,88.5706,-15937.8]
        ],
        "unit_class": "us_90mm_m1",
        "objLayer": 1,
        "closed_waypoints": false,
        "isShipSpline": false,
        "shipTurnRadius": 100.0,
        "weapons": "",
        "bullets0": "",
        "bullets1": "",
        "bullets2": "",
        "bullets3": "",
        "bulletsCount0": 0,
        "bulletsCount1": 0,
        "bulletsCount2": 0,
        "bulletsCount3": 0,
        "props": {
          "army": 2,
          "count": 3,
          "formation_type": "rows",
          "formation_div": 1,
          "formation_step": [5.0,2.0],
          "formation_noise": [0.1,0.1],
          "uniqueName": "",
          "attack_type": "fire_at_will"
        },
        "way": []
      }
    },
    {
      "air_defence": {
        "name": "t2_air_def_06",
        "tm": [
          [0.368324,0.0,0.929698],
          [0.0,1.0,0.0],
          [-0.929698,0.0,0.368324],
          [-5968.04,105.157,-14466.1]
        ],
        "unit_class": "us_90mm_m1",
        "objLayer": 1,
        "closed_waypoints": false,
        "isShipSpline": false,
        "shipTurnRadius": 100.0,
        "weapons": "",
        "bullets0": "",
        "bullets1": "",
        "bullets2": "",
        "bullets3": "",
        "bulletsCount0": 0,
        "bulletsCount1": 0,
        "bulletsCount2": 0,
        "bulletsCount3": 0,
        "props": {
          "army": 2,
          "count": 3,
          "formation_type": "rows",
          "formation_div": 1,
          "formation_step": [5.0,2.0],
          "formation_noise": [0.1,0.1],
          "uniqueName": "",
          "attack_type": "fire_at_will"
        },
        "way": []
      }
    }
  ],
  "areas": [],
  "objLayers": [
    {
      "layer": {
        "enabled": true
      }
    },
    {
      "layer": {
        "enabled": true
      }
    },
    {
      "layer": {
        "enabled": true
      }
    },
    {
      "layer": {
        "enabled": true
      }
    },
    {
      "layer": {
        "enabled": true
      }
    },
    {
      "layer": {
        "enabled": false
      }
    },
    {
      "layer": {
        "enabled": false
      }
    }
  ],
  "wayPoints": []
}