{
  "selected_tag": "",
  "bin_dump_file": "",
  "mission_settings": {
    "player": {
      "army": 1,
      "wing": "ft_armada"
    },
    "player_teamB": {
      "army": 2
    },
    "mission": {
      "level": "levels/water.bin",
      "type": "singleMission",
      "environment": "Day",
      "weather": "hazy",
      "restoreType": "attempts",
      "optionalTakeOff": false
    },
    "spectator_points": {}
  },
  "imports": {},
  "triggers": {
    "isCategory": true,
    "is_enabled": true,
    "fields_mid_start": {
      "is_enabled": true,
      "comments": "",
      "props": {
        "actionsType": "PERFORM_ONE_BY_ONE",
        "conditionsType": "ALL",
        "enableAfterComplete": false
      },
      "events": {
        "initMission": {}
      },
      "conditions": {},
      "actions": {
        "varSetInt": [
          {
            "value": 0,
            "var": [
              "ft_t1_max_near_airfields_count",
              "ft_t2_max_near_airfields_count"
            ]
          },
          {
            "value": 3,
            "var": [
              "ft_t1_max_mid_airfields_count",
              "ft_t2_max_mid_airfields_count"
            ]
          },
          {
            "value": 2,
            "var": [
              "ft_t1_max_far_airfields_count",
              "ft_t2_max_far_airfields_count"
            ]
          }
        ],
        "comment": {
          "value": ""
        },
        "varSetReal": {
          "value": 10000.0,
          "var": "ft_generate_distance_between"
        }
      },
      "else_actions": {}
    }
  },
  "mission_objectives": {
    "isCategory": true,
    "is_enabled": true
  },
  "variables": {},
  "dialogs": {},
  "airfields": {},
  "effects": {},
  "units": {
    "objectGroups": [
      {
        "name": "ft_t1_airfield_01_01",
        "tm": [
          [
            0.998264,
            0.0,
            -0.0589078
          ],
          [
            0.0,
            1.0,
            0.0
          ],
          [
            0.0589078,
            0.0,
            0.998264
          ],
          [
            26963.5,
            67.717,
            -24108.2
          ]
        ],
        "unit_class": "dynaf_universal_1line_c_snow",
        "objLayer": 2,
        "props": {
          "army": 1,
          "active": false
        }
      },
      {
        "name": "ft_t1_airfield_01_02",
        "tm": [
          [
            0.948314,
            0.0,
            0.317334
          ],
          [
            0.0,
            1.0,
            0.0
          ],
          [
            -0.317334,
            0.0,
            0.948314
          ],
          [
            26326.0,
            20.5825,
            -7354.2
          ]
        ],
        "unit_class": "dynaf_universal_1line_c_snow",
        "objLayer": 2,
        "props": {
          "army": 1,
          "active": false
        }
      },
      {
        "name": "ft_t1_airfield_01_03",
        "tm": [
          [
            0.694102,
            0.0,
            -0.719875
          ],
          [
            0.0,
            1.0,
            0.0
          ],
          [
            0.719875,
            0.0,
            0.694102
          ],
          [
            26734.9,
            34.4003,
            7737.37
          ]
        ],
        "unit_class": "dynaf_universal_1line_c_snow",
        "objLayer": 2,
        "props": {
          "army": 1,
          "active": false
        }
      },
      {
        "name": "ft_t1_airfield_02_01",
        "tm": [
          [
            0.965926,
            0.0,
            -0.258819
          ],
          [
            0.0,
            1.0,
            0.0
          ],
          [
            0.258819,
            0.0,
            0.965926
          ],
          [
            19432.0,
            17.7796,
            -14882.0
          ]
        ],
        "unit_class": "dynaf_universal_1line_c_snow",
        "objLayer": 2,
        "props": {
          "army": 1,
          "active": false
        }
      },
      {
        "name": "ft_t1_airfield_02_02",
        "tm": [
          [
            0.984807,
            0.0,
            0.173648
          ],
          [
            0.0,
            1.0,
            0.0
          ],
          [
            -0.173648,
            0.0,
            0.984807
          ],
          [
            19637.8,
            48.9004,
            -26820.3
          ]
        ],
        "unit_class": "dynaf_universal_1line_c_snow",
        "objLayer": 2,
        "props": {
          "army": 1,
          "active": false
        }
      },
      {
        "name": "ft_t1_airfield_03_01",
        "tm": [
          [
            0.984808,
            0.0,
            0.173649
          ],
          [
            0.0,
            1.0,
            0.0
          ],
          [
            -0.173649,
            0.0,
            0.984808
          ],
          [
            13667.9,
            41.5003,
            -22139.4
          ]
        ],
        "unit_class": "dynaf_universal_1line_c_snow",
        "objLayer": 2,
        "props": {
          "army": 1,
          "active": false
        }
      },
      {
        "name": "ft_t1_airfield_03_02",
        "tm": [
          [
            0.98956,
            0.0,
            0.144122
          ],
          [
            0.0,
            1.0,
            0.0
          ],
          [
            -0.144122,
            0.0,
            0.98956
          ],
          [
            14509.0,
            33.6997,
            -10523.1
          ]
        ],
        "unit_class": "dynaf_universal_1line_c_snow",
        "objLayer": 2,
        "props": {
          "army": 1,
          "active": false
        }
      },
      {
        "name": "ft_t2_airfield_01_01",
        "tm": [
          [
            -0.922817,
            0.0,
            -0.385239
          ],
          [
            0.0,
            1.0,
            0.0
          ],
          [
            0.385239,
            0.0,
            -0.922817
          ],
          [
            -26222.5,
            63.6997,
            26466.9
          ]
        ],
        "unit_class": "dynaf_universal_1line_c_snow",
        "objLayer": 2,
        "props": {
          "army": 2,
          "active": false
        }
      },
      {
        "name": "ft_t2_airfield_01_02",
        "tm": [
          [
            -0.999966,
            0.0,
            -0.00828629
          ],
          [
            0.0,
            1.0,
            0.0
          ],
          [
            0.00828629,
            0.0,
            -0.999966
          ],
          [
            -25977.5,
            88.7107,
            -15644.0
          ]
        ],
        "unit_class": "dynaf_universal_1line_c_snow",
        "objLayer": 2,
        "props": {
          "army": 2,
          "active": false
        }
      },
      {
        "name": "ft_t2_airfield_01_03",
        "tm": [
          [
            -0.860671,
            0.0,
            0.509164
          ],
          [
            0.0,
            1.0,
            0.0
          ],
          [
            -0.509164,
            0.0,
            -0.860671
          ],
          [
            -25939.4,
            106.464,
            10814.5
          ]
        ],
        "unit_class": "dynaf_universal_1line_c_snow",
        "objLayer": 2,
        "props": {
          "army": 2,
          "active": false
        }
      },
      {
        "name": "ft_t2_airfield_02_01",
        "tm": [
          [
            -0.976296,
            0.0,
            -0.216439
          ],
          [
            0.0,
            1.0,
            0.0
          ],
          [
            0.216439,
            0.0,
            -0.976296
          ],
          [
            -19750.1,
            51.1001,
            2875.9
          ]
        ],
        "unit_class": "dynaf_universal_1line_c_snow",
        "objLayer": 2,
        "props": {
          "army": 2,
          "active": false
        }
      },
      {
        "name": "ft_t2_airfield_02_02",
        "tm": [
          [
            -0.989568,
            0.0,
            0.144064
          ],
          [
            0.0,
            1.0,
            0.0
          ],
          [
            -0.144064,
            0.0,
            -0.989568
          ],
          [
            -20704.6,
            59.6992,
            11954.0
          ]
        ],
        "unit_class": "dynaf_universal_1line_c_snow",
        "objLayer": 2,
        "props": {
          "army": 2,
          "active": false
        }
      },
      {
        "name": "ft_t2_airfield_03_01",
        "tm": [
          [
            -0.894037,
            0.0,
            0.447994
          ],
          [
            0.0,
            1.0,
            0.0
          ],
          [
            -0.447994,
            0.0,
            -0.894037
          ],
          [
            -12777.9,
            67.1006,
            27533.8
          ]
        ],
        "unit_class": "dynaf_universal_1line_c_snow",
        "objLayer": 2,
        "props": {
          "army": 2,
          "active": false
        }
      },
      {
        "name": "ft_t2_airfield_03_02",
        "tm": [
          [
            -0.984807,
            0.0,
            -0.173648
          ],
          [
            0.0,
            1.0,
            0.0
          ],
          [
            0.173648,
            0.0,
            -0.984807
          ],
          [
            -13008.8,
            84.3,
            -4165.25
          ]
        ],
        "unit_class": "dynaf_universal_1line_c_snow",
        "objLayer": 2,
        "props": {
          "army": 2,
          "active": false
        }
      },
      {
        "name": "ft_t1_airfield_03_03",
        "tm": [
          [
            0.777146,
            0.0,
            0.629321
          ],
          [
            0.0,
            1.0,
            0.0
          ],
          [
            -0.629321,
            0.0,
            0.777146
          ],
          [
            12620.8,
            12.6099,
            21349.3
          ]
        ],
        "unit_class": "dynaf_universal_1line_c_snow",
        "objLayer": 2,
        "props": {
          "army": 1,
          "active": false
        }
      },
      {
        "name": "ft_t1_airfield_02_03",
        "tm": [
          [
            0.991445,
            0.0,
            -0.130526
          ],
          [
            0.0,
            1.0,
            0.0
          ],
          [
            0.130526,
            0.0,
            0.991445
          ],
          [
            20280.6,
            72.4941,
            7985.3
          ]
        ],
        "unit_class": "dynaf_universal_1line_c_snow",
        "objLayer": 2,
        "props": {
          "army": 1,
          "active": false
        }
      },
      {
        "name": "ft_t2_airfield_03_03",
        "tm": [
          [
            -0.793353,
            0.0,
            -0.608761
          ],
          [
            0.0,
            1.0,
            0.0
          ],
          [
            0.608761,
            0.0,
            -0.793353
          ],
          [
            -12724.5,
            77.6001,
            -17675.6
          ]
        ],
        "unit_class": "dynaf_universal_1line_c_snow",
        "objLayer": 2,
        "props": {
          "army": 2,
          "active": false
        }
      },
      {
        "name": "ft_t2_airfield_02_03",
        "tm": [
          [
            -0.999219,
            0.0,
            -0.0395049
          ],
          [
            0.0,
            1.0,
            0.0
          ],
          [
            0.0395049,
            0.0,
            -0.999219
          ],
          [
            -17398.8,
            71.5993,
            -22533.6
          ]
        ],
        "unit_class": "dynaf_universal_1line_c_snow",
        "objLayer": 2,
        "props": {
          "army": 2,
          "active": false
        }
      },
      {
        "name": "ft_t1_airfield_01_04",
        "tm": [
          [
            0.984329,
            0.0,
            -0.176341
          ],
          [
            0.0,
            1.0,
            0.0
          ],
          [
            0.176341,
            0.0,
            0.984329
          ],
          [
            26231.3,
            10.6345,
            17572.2
          ]
        ],
        "unit_class": "dynaf_universal_1line_c_snow",
        "objLayer": 2,
        "props": {
          "army": 1,
          "active": false
        }
      },
      {
        "name": "ft_t1_airfield_02_04",
        "tm": [
          [
            0.971746,
            0.0,
            0.236028
          ],
          [
            0.0,
            1.0,
            0.0
          ],
          [
            -0.236028,
            0.0,
            0.971746
          ],
          [
            19715.1,
            17.8085,
            26525.2
          ]
        ],
        "unit_class": "dynaf_universal_1line_c_snow",
        "objLayer": 2,
        "props": {
          "army": 1,
          "active": false
        }
      },
      {
        "name": "ft_t1_airfield_03_04",
        "tm": [
          [
            0.971341,
            0.0,
            0.237693
          ],
          [
            0.0,
            1.0,
            0.0
          ],
          [
            -0.237693,
            0.0,
            0.971341
          ],
          [
            13743.3,
            17.3887,
            13093.0
          ]
        ],
        "unit_class": "dynaf_universal_1line_c_snow",
        "objLayer": 2,
        "props": {
          "army": 1,
          "active": false
        }
      },
      {
        "name": "ft_t2_airfield_01_04",
        "tm": [
          [
            -0.999387,
            0.0,
            -0.0350315
          ],
          [
            0.0,
            1.0,
            0.0
          ],
          [
            0.0350315,
            0.0,
            -0.999387
          ],
          [
            -25897.2,
            54.5659,
            1390.79
          ]
        ],
        "unit_class": "dynaf_universal_1line_c_snow",
        "objLayer": 2,
        "props": {
          "army": 2,
          "active": false
        }
      },
      {
        "name": "ft_t2_airfield_02_04",
        "tm": [
          [
            -0.976296,
            0.0,
            -0.216439
          ],
          [
            0.0,
            1.0,
            0.0
          ],
          [
            0.216439,
            0.0,
            -0.976296
          ],
          [
            -19046.8,
            93.0698,
            -13286.0
          ]
        ],
        "unit_class": "dynaf_universal_1line_c_snow",
        "objLayer": 2,
        "props": {
          "army": 2,
          "active": false
        }
      },
      {
        "name": "ft_t2_airfield_03_04",
        "tm": [
          [
            -0.811169,
            0.0,
            -0.584811
          ],
          [
            0.0,
            1.0,
            0.0
          ],
          [
            0.584811,
            0.0,
            -0.811169
          ],
          [
            -13138.0,
            73.5984,
            6490.65
          ]
        ],
        "unit_class": "dynaf_universal_1line_c_snow",
        "objLayer": 2,
        "props": {
          "army": 2,
          "active": false
        }
      },
      {
        "name": "ft_t2_airfield_01_05",
        "tm": [
          [
            -0.991069,
            0.0,
            -0.133349
          ],
          [
            0.0,
            1.0,
            0.0
          ],
          [
            0.133349,
            0.0,
            -0.991069
          ],
          [
            -26240.9,
            88.7109,
            -25338.5
          ]
        ],
        "unit_class": "dynaf_universal_1line_c_snow",
        "objLayer": 2,
        "props": {
          "army": 2,
          "active": false
        }
      },
      {
        "name": "ft_t1_airfield_01_05",
        "tm": [
          [
            0.731805,
            0.0,
            0.681514
          ],
          [
            0.0,
            1.0,
            0.0
          ],
          [
            -0.681514,
            0.0,
            0.731805
          ],
          [
            27277.0,
            81.0181,
            -17406.2
          ]
        ],
        "unit_class": "dynaf_universal_1line_c_snow",
        "objLayer": 2,
        "props": {
          "army": 1,
          "active": false
        }
      },
      {
        "name": "ft_t1_airfield_02_05",
        "tm": [
          [
            0.753099,
            0.0,
            0.657908
          ],
          [
            0.0,
            1.0,
            0.0
          ],
          [
            -0.657908,
            0.0,
            0.753099
          ],
          [
            20394.3,
            46.3855,
            -2359.45
          ]
        ],
        "unit_class": "dynaf_universal_1line_c_snow",
        "objLayer": 2,
        "props": {
          "army": 1,
          "active": false
        }
      },
      {
        "name": "ft_t1_airfield_03_05",
        "tm": [
          [
            0.713522,
            0.0,
            0.700633
          ],
          [
            0.0,
            1.0,
            0.0
          ],
          [
            -0.700633,
            0.0,
            0.713522
          ],
          [
            13729.6,
            33.6992,
            921.471
          ]
        ],
        "unit_class": "dynaf_universal_1line_c_snow",
        "objLayer": 2,
        "props": {
          "army": 1,
          "active": false
        }
      },
      {
        "name": "ft_t2_airfield_02_05",
        "tm": [
          [
            -0.963861,
            0.0,
            -0.266406
          ],
          [
            0.0,
            1.0,
            0.0
          ],
          [
            0.266406,
            0.0,
            -0.963861
          ],
          [
            -21784.4,
            71.6016,
            21253.5
          ]
        ],
        "unit_class": "dynaf_universal_1line_c_snow",
        "objLayer": 2,
        "props": {
          "army": 2,
          "active": false
        }
      },
      {
        "name": "ft_t2_airfield_03_05",
        "tm": [
          [
            -0.647816,
            0.0,
            0.761798
          ],
          [
            0.0,
            1.0,
            0.0
          ],
          [
            -0.761798,
            0.0,
            -0.647816
          ],
          [
            -14155.5,
            80.2622,
            17002.6
          ]
        ],
        "unit_class": "dynaf_universal_1line_c_snow",
        "objLayer": 2,
        "props": {
          "army": 2,
          "active": false
        }
      }
    ],
    "squad": [
      {
        "name": "ft_t1_airfields_squad",
        "tm": [
          [
            1.0,
            0.0,
            0.0
          ],
          [
            0.0,
            1.0,
            0.0
          ],
          [
            0.0,
            0.0,
            1.0
          ],
          [
            18059.2,
            3.85156,
            -37256.6
          ]
        ],
        "props": {
          "object_marking": 0,
          "squad_members": [
            "ft_t1_airfield_01_01",
            "ft_t1_airfield_01_02",
            "ft_t1_airfield_01_03",
            "ft_t1_airfield_01_04",
            "ft_t1_airfield_01_05",
            "ft_t1_airfield_02_01",
            "ft_t1_airfield_02_02",
            "ft_t1_airfield_02_03",
            "ft_t1_airfield_02_04",
            "ft_t1_airfield_02_05",
            "ft_t1_airfield_03_01",
            "ft_t1_airfield_03_02",
            "ft_t1_airfield_03_03",
            "ft_t1_airfield_03_04",
            "ft_t1_airfield_03_05"
          ]
        }
      },
      {
        "name": "ft_t2_airfields_squad",
        "tm": [
          [
            1.0,
            0.0,
            0.0
          ],
          [
            0.0,
            1.0,
            0.0
          ],
          [
            0.0,
            0.0,
            1.0
          ],
          [
            -20413.4,
            140.348,
            -37610.6
          ]
        ],
        "props": {
          "object_marking": 0,
          "squad_members": [
            "ft_t2_airfield_01_01",
            "ft_t2_airfield_01_02",
            "ft_t2_airfield_01_03",
            "ft_t2_airfield_02_01",
            "ft_t2_airfield_02_02",
            "ft_t2_airfield_02_03",
            "ft_t2_airfield_03_01",
            "ft_t2_airfield_03_02",
            "ft_t2_airfield_03_03",
            "ft_t2_airfield_01_04",
            "ft_t2_airfield_02_04",
            "ft_t2_airfield_03_04",
            "ft_t1_airfield_03_05",
            "ft_t2_airfield_02_05",
            "ft_t2_airfield_03_05"
          ]
        }
      },
      {
        "name": "all_bomb_targets_squad",
        "tm": [
          [
            1.0,
            0.0,
            0.0
          ],
          [
            0.0,
            1.0,
            0.0
          ],
          [
            0.0,
            0.0,
            1.0
          ],
          [
            -729.771,
            90.4824,
            -34763.9
          ]
        ],
        "props": {
          "object_marking": 0,
          "squad_members": [
            "ft_t1_airfield_01_01_bomb_target",
            "ft_t1_airfield_02_01_bomb_target",
            "ft_t1_airfield_03_01_bomb_target",
            "ft_t1_airfield_01_02_bomb_target",
            "ft_t1_airfield_02_02_bomb_target",
            "ft_t1_airfield_03_02_bomb_target",
            "ft_t1_airfield_01_03_bomb_target",
            "ft_t1_airfield_02_03_bomb_target",
            "ft_t1_airfield_03_03_bomb_target",
            "ft_t1_airfield_01_04_bomb_target",
            "ft_t1_airfield_02_04_bomb_target",
            "ft_t1_airfield_03_04_bomb_target",
            "ft_t2_airfield_01_01_bomb_target",
            "ft_t2_airfield_02_01_bomb_target",
            "ft_t2_airfield_03_01_bomb_target",
            "ft_t2_airfield_01_02_bomb_target",
            "ft_t2_airfield_02_02_bomb_target",
            "ft_t2_airfield_03_02_bomb_target",
            "ft_t2_airfield_01_03_bomb_target",
            "ft_t2_airfield_02_03_bomb_target",
            "ft_t2_airfield_03_03_bomb_target",
            "ft_t2_airfield_01_04_bomb_target",
            "ft_t2_airfield_02_04_bomb_target",
            "ft_t2_airfield_03_04_bomb_target",
            "ft_t1_airfield_01_05_bomb_target",
            "ft_t1_airfield_02_05_bomb_target",
            "ft_t1_airfield_03_05_bomb_target",
            "ft_t2_airfield_01_05_bomb_target",
            "ft_t2_airfield_02_05_bomb_target",
            "ft_t2_airfield_03_05_bomb_target"
          ]
        }
      }
    ],
    "structures": [
      {
        "name": "ft_t1_airfield_03_01_bomb_target",
        "tm": [
          [
            0.984808,
            0.0,
            0.173649
          ],
          [
            0.0,
            1.0,
            0.0
          ],
          [
            -0.173649,
            0.0,
            0.984808
          ],
          [
            13667.9,
            41.5003,
            -22139.4
          ]
        ],
        "unit_class": "dummy_immortal",
        "objLayer": 2,
        "closed_waypoints": false,
        "isShipSpline": false,
        "shipTurnRadius": 100.0,
        "weapons": "",
        "bullets0": "",
        "bullets1": "",
        "bullets2": "",
        "bullets3": "",
        "bulletsCount0": 0,
        "bulletsCount1": 0,
        "bulletsCount2": 0,
        "bulletsCount3": 0,
        "crewSkillK": 0.0,
        "applyAllMods": false,
        "props": {
          "army": 1,
          "count": 1,
          "formation_type": "rows",
          "formation_div": 3,
          "formation_step": [
            2.5,
            2.0
          ],
          "formation_noise": [
            0.1,
            0.1
          ],
          "uniqueName": "",
          "attack_type": "fire_at_will",
          "stealthRadius": 0.0,
          "setStealth": true,
          "targetableByAi": false
        },
        "way": {}
      },
      {
        "name": "ft_t1_airfield_01_01_bomb_target",
        "tm": [
          [
            0.998264,
            0.0,
            -0.0589078
          ],
          [
            0.0,
            1.0,
            0.0
          ],
          [
            0.0589078,
            0.0,
            0.998264
          ],
          [
            26963.5,
            43.3999,
            -24108.2
          ]
        ],
        "unit_class": "dummy_immortal",
        "objLayer": 2,
        "closed_waypoints": false,
        "isShipSpline": false,
        "shipTurnRadius": 100.0,
        "weapons": "",
        "bullets0": "",
        "bullets1": "",
        "bullets2": "",
        "bullets3": "",
        "bulletsCount0": 0,
        "bulletsCount1": 0,
        "bulletsCount2": 0,
        "bulletsCount3": 0,
        "crewSkillK": 0.0,
        "applyAllMods": false,
        "props": {
          "army": 1,
          "count": 1,
          "formation_type": "rows",
          "formation_div": 3,
          "formation_step": [
            2.5,
            2.0
          ],
          "formation_noise": [
            0.1,
            0.1
          ],
          "uniqueName": "",
          "attack_type": "fire_at_will",
          "stealthRadius": 0.0,
          "setStealth": true,
          "targetableByAi": false
        },
        "way": {}
      },
      {
        "name": "ft_t1_airfield_02_01_bomb_target",
        "tm": [
          [
            0.965926,
            0.0,
            -0.258819
          ],
          [
            0.0,
            1.0,
            0.0
          ],
          [
            0.258819,
            0.0,
            0.965926
          ],
          [
            19432.0,
            17.7796,
            -14882.0
          ]
        ],
        "unit_class": "dummy_immortal",
        "objLayer": 2,
        "closed_waypoints": false,
        "isShipSpline": false,
        "shipTurnRadius": 100.0,
        "weapons": "",
        "bullets0": "",
        "bullets1": "",
        "bullets2": "",
        "bullets3": "",
        "bulletsCount0": 0,
        "bulletsCount1": 0,
        "bulletsCount2": 0,
        "bulletsCount3": 0,
        "crewSkillK": 0.0,
        "applyAllMods": false,
        "props": {
          "army": 1,
          "count": 1,
          "formation_type": "rows",
          "formation_div": 3,
          "formation_step": [
            2.5,
            2.0
          ],
          "formation_noise": [
            0.1,
            0.1
          ],
          "uniqueName": "",
          "attack_type": "fire_at_will",
          "stealthRadius": 0.0,
          "setStealth": true,
          "targetableByAi": false
        },
        "way": {}
      },
      {
        "name": "ft_t1_airfield_03_02_bomb_target",
        "tm": [
          [
            0.98956,
            0.0,
            0.144122
          ],
          [
            0.0,
            1.0,
            0.0
          ],
          [
            -0.144122,
            0.0,
            0.98956
          ],
          [
            14509.0,
            33.6997,
            -10523.1
          ]
        ],
        "unit_class": "dummy_immortal",
        "objLayer": 2,
        "closed_waypoints": false,
        "isShipSpline": false,
        "shipTurnRadius": 100.0,
        "weapons": "",
        "bullets0": "",
        "bullets1": "",
        "bullets2": "",
        "bullets3": "",
        "bulletsCount0": 0,
        "bulletsCount1": 0,
        "bulletsCount2": 0,
        "bulletsCount3": 0,
        "crewSkillK": 0.0,
        "applyAllMods": false,
        "props": {
          "army": 1,
          "count": 1,
          "formation_type": "rows",
          "formation_div": 3,
          "formation_step": [
            2.5,
            2.0
          ],
          "formation_noise": [
            0.1,
            0.1
          ],
          "uniqueName": "",
          "attack_type": "fire_at_will",
          "stealthRadius": 0.0,
          "setStealth": true,
          "targetableByAi": false
        },
        "way": {}
      },
      {
        "name": "ft_t1_airfield_01_03_bomb_target",
        "tm": [
          [
            0.694102,
            0.0,
            -0.719875
          ],
          [
            0.0,
            1.0,
            0.0
          ],
          [
            0.719875,
            0.0,
            0.694102
          ],
          [
            26734.9,
            34.4003,
            7737.37
          ]
        ],
        "unit_class": "dummy_immortal",
        "objLayer": 2,
        "closed_waypoints": false,
        "isShipSpline": false,
        "shipTurnRadius": 100.0,
        "weapons": "",
        "bullets0": "",
        "bullets1": "",
        "bullets2": "",
        "bullets3": "",
        "bulletsCount0": 0,
        "bulletsCount1": 0,
        "bulletsCount2": 0,
        "bulletsCount3": 0,
        "crewSkillK": 0.0,
        "applyAllMods": false,
        "props": {
          "army": 1,
          "count": 1,
          "formation_type": "rows",
          "formation_div": 3,
          "formation_step": [
            2.5,
            2.0
          ],
          "formation_noise": [
            0.1,
            0.1
          ],
          "uniqueName": "",
          "attack_type": "fire_at_will",
          "stealthRadius": 0.0,
          "setStealth": true,
          "targetableByAi": false
        },
        "way": {}
      },
      {
        "name": "ft_t1_airfield_02_02_bomb_target",
        "tm": [
          [
            0.984807,
            0.0,
            0.173648
          ],
          [
            0.0,
            1.0,
            0.0
          ],
          [
            -0.173648,
            0.0,
            0.984807
          ],
          [
            19637.8,
            48.9004,
            -26820.3
          ]
        ],
        "unit_class": "dummy_immortal",
        "objLayer": 2,
        "closed_waypoints": false,
        "isShipSpline": false,
        "shipTurnRadius": 100.0,
        "weapons": "",
        "bullets0": "",
        "bullets1": "",
        "bullets2": "",
        "bullets3": "",
        "bulletsCount0": 0,
        "bulletsCount1": 0,
        "bulletsCount2": 0,
        "bulletsCount3": 0,
        "crewSkillK": 0.0,
        "applyAllMods": false,
        "props": {
          "army": 1,
          "count": 1,
          "formation_type": "rows",
          "formation_div": 3,
          "formation_step": [
            2.5,
            2.0
          ],
          "formation_noise": [
            0.1,
            0.1
          ],
          "uniqueName": "",
          "attack_type": "fire_at_will",
          "stealthRadius": 0.0,
          "setStealth": true,
          "targetableByAi": false
        },
        "way": {}
      },
      {
        "name": "ft_t1_airfield_01_02_bomb_target",
        "tm": [
          [
            0.948314,
            0.0,
            0.317334
          ],
          [
            0.0,
            1.0,
            0.0
          ],
          [
            -0.317334,
            0.0,
            0.948314
          ],
          [
            26326.0,
            20.5827,
            -7354.12
          ]
        ],
        "unit_class": "dummy_immortal",
        "objLayer": 2,
        "closed_waypoints": false,
        "isShipSpline": false,
        "shipTurnRadius": 100.0,
        "weapons": "",
        "bullets0": "",
        "bullets1": "",
        "bullets2": "",
        "bullets3": "",
        "bulletsCount0": 0,
        "bulletsCount1": 0,
        "bulletsCount2": 0,
        "bulletsCount3": 0,
        "crewSkillK": 0.0,
        "applyAllMods": false,
        "props": {
          "army": 1,
          "count": 1,
          "formation_type": "rows",
          "formation_div": 3,
          "formation_step": [
            2.5,
            2.0
          ],
          "formation_noise": [
            0.1,
            0.1
          ],
          "uniqueName": "",
          "attack_type": "fire_at_will",
          "stealthRadius": 0.0,
          "setStealth": true,
          "targetableByAi": false
        },
        "way": {}
      },
      {
        "name": "ft_t2_airfield_01_01_bomb_target",
        "tm": [
          [
            -0.922817,
            0.0,
            -0.385239
          ],
          [
            0.0,
            1.0,
            0.0
          ],
          [
            0.385239,
            0.0,
            -0.922817
          ],
          [
            -26222.5,
            63.725,
            26466.9
          ]
        ],
        "unit_class": "dummy_immortal",
        "objLayer": 2,
        "closed_waypoints": false,
        "isShipSpline": false,
        "shipTurnRadius": 100.0,
        "weapons": "",
        "bullets0": "",
        "bullets1": "",
        "bullets2": "",
        "bullets3": "",
        "bulletsCount0": 0,
        "bulletsCount1": 0,
        "bulletsCount2": 0,
        "bulletsCount3": 0,
        "crewSkillK": 0.0,
        "applyAllMods": false,
        "props": {
          "army": 2,
          "count": 1,
          "formation_type": "rows",
          "formation_div": 3,
          "formation_step": [
            2.5,
            2.0
          ],
          "formation_noise": [
            0.1,
            0.1
          ],
          "uniqueName": "",
          "attack_type": "fire_at_will",
          "stealthRadius": 0.0,
          "setStealth": true,
          "targetableByAi": false
        },
        "way": {}
      },
      {
        "name": "ft_t2_airfield_02_01_bomb_target",
        "tm": [
          [
            -0.999048,
            0.0,
            -0.0436188
          ],
          [
            0.0,
            1.0,
            0.0
          ],
          [
            0.0436188,
            0.0,
            -0.999048
          ],
          [
            -19750.1,
            51.1001,
            2875.9
          ]
        ],
        "unit_class": "dummy_immortal",
        "objLayer": 2,
        "closed_waypoints": false,
        "isShipSpline": false,
        "shipTurnRadius": 100.0,
        "weapons": "",
        "bullets0": "",
        "bullets1": "",
        "bullets2": "",
        "bullets3": "",
        "bulletsCount0": 0,
        "bulletsCount1": 0,
        "bulletsCount2": 0,
        "bulletsCount3": 0,
        "crewSkillK": 0.0,
        "applyAllMods": false,
        "props": {
          "army": 2,
          "count": 1,
          "formation_type": "rows",
          "formation_div": 3,
          "formation_step": [
            2.5,
            2.0
          ],
          "formation_noise": [
            0.1,
            0.1
          ],
          "uniqueName": "",
          "attack_type": "fire_at_will",
          "stealthRadius": 0.0,
          "setStealth": true,
          "targetableByAi": false
        },
        "way": {}
      },
      {
        "name": "ft_t2_airfield_03_01_bomb_target",
        "tm": [
          [
            -0.894037,
            0.0,
            0.447994
          ],
          [
            0.0,
            1.0,
            0.0
          ],
          [
            -0.447994,
            0.0,
            -0.894037
          ],
          [
            -12777.9,
            67.1006,
            27533.8
          ]
        ],
        "unit_class": "dummy_immortal",
        "objLayer": 2,
        "closed_waypoints": false,
        "isShipSpline": false,
        "shipTurnRadius": 100.0,
        "weapons": "",
        "bullets0": "",
        "bullets1": "",
        "bullets2": "",
        "bullets3": "",
        "bulletsCount0": 0,
        "bulletsCount1": 0,
        "bulletsCount2": 0,
        "bulletsCount3": 0,
        "crewSkillK": 0.0,
        "applyAllMods": false,
        "props": {
          "army": 2,
          "count": 1,
          "formation_type": "rows",
          "formation_div": 3,
          "formation_step": [
            2.5,
            2.0
          ],
          "formation_noise": [
            0.1,
            0.1
          ],
          "uniqueName": "",
          "attack_type": "fire_at_will",
          "stealthRadius": 0.0,
          "setStealth": true,
          "targetableByAi": false
        },
        "way": {}
      },
      {
        "name": "ft_t2_airfield_02_02_bomb_target",
        "tm": [
          [
            -0.989568,
            0.0,
            0.144064
          ],
          [
            0.0,
            1.0,
            0.0
          ],
          [
            -0.144064,
            0.0,
            -0.989568
          ],
          [
            -20693.0,
            59.6992,
            11950.2
          ]
        ],
        "unit_class": "dummy_immortal",
        "objLayer": 2,
        "closed_waypoints": false,
        "isShipSpline": false,
        "shipTurnRadius": 100.0,
        "weapons": "",
        "bullets0": "",
        "bullets1": "",
        "bullets2": "",
        "bullets3": "",
        "bulletsCount0": 0,
        "bulletsCount1": 0,
        "bulletsCount2": 0,
        "bulletsCount3": 0,
        "crewSkillK": 0.0,
        "applyAllMods": false,
        "props": {
          "army": 2,
          "count": 1,
          "formation_type": "rows",
          "formation_div": 3,
          "formation_step": [
            2.5,
            2.0
          ],
          "formation_noise": [
            0.1,
            0.1
          ],
          "uniqueName": "",
          "attack_type": "fire_at_will",
          "stealthRadius": 0.0,
          "setStealth": true,
          "targetableByAi": false
        },
        "way": {}
      },
      {
        "name": "ft_t2_airfield_01_02_bomb_target",
        "tm": [
          [
            -0.984415,
            0.0,
            0.175861
          ],
          [
            0.0,
            1.0,
            0.0
          ],
          [
            -0.175861,
            0.0,
            -0.984415
          ],
          [
            -25977.5,
            88.7292,
            -15644.0
          ]
        ],
        "unit_class": "dummy_immortal",
        "objLayer": 2,
        "closed_waypoints": false,
        "isShipSpline": false,
        "shipTurnRadius": 100.0,
        "weapons": "",
        "bullets0": "",
        "bullets1": "",
        "bullets2": "",
        "bullets3": "",
        "bulletsCount0": 0,
        "bulletsCount1": 0,
        "bulletsCount2": 0,
        "bulletsCount3": 0,
        "crewSkillK": 0.0,
        "applyAllMods": false,
        "props": {
          "army": 2,
          "count": 1,
          "formation_type": "rows",
          "formation_div": 3,
          "formation_step": [
            2.5,
            2.0
          ],
          "formation_noise": [
            0.1,
            0.1
          ],
          "uniqueName": "",
          "attack_type": "fire_at_will",
          "stealthRadius": 0.0,
          "setStealth": true,
          "targetableByAi": false
        },
        "way": {}
      },
      {
        "name": "ft_t2_airfield_03_02_bomb_target",
        "tm": [
          [
            -0.984807,
            0.0,
            -0.173648
          ],
          [
            0.0,
            1.0,
            0.0
          ],
          [
            0.173648,
            0.0,
            -0.984807
          ],
          [
            -13008.8,
            84.3,
            -4165.25
          ]
        ],
        "unit_class": "dummy_immortal",
        "objLayer": 2,
        "closed_waypoints": false,
        "isShipSpline": false,
        "shipTurnRadius": 100.0,
        "weapons": "",
        "bullets0": "",
        "bullets1": "",
        "bullets2": "",
        "bullets3": "",
        "bulletsCount0": 0,
        "bulletsCount1": 0,
