{
  "selected_tag": "",
  "bin_dump_file": "",
  "mission_settings": {
    "player": [
      {
        "army": 1
      },
      {
        "wing": "t1_player01"
      },
      {
        "wing": "t1_player02"
      },
      {
        "wing": "t1_player03"
      },
      {
        "wing": "t1_player04"
      },
      {
        "wing": "t1_player05"
      },
      {
        "wing": "t1_player06"
      },
      {
        "wing": "t1_player07"
      },
      {
        "wing": "t1_player08"
      },
      {
        "wing": "t1_player09"
      },
      {
        "wing": "t1_player10"
      },
      {
        "wing": "t1_player11"
      },
      {
        "wing": "t1_player12"
      },
      {
        "wing": "t1_player13"
      },
      {
        "wing": "t1_player14"
      },
      {
        "wing": "t1_player15"
      },
      {
        "wing": "t1_player16"
      },
      {
        "wing": "t1_player17"
      },
      {
        "wing": "t1_player18"
      },
      {
        "wing": "t1_player19"
      },
      {
        "wing": "t1_player20"
      },
      {
        "wing": "t1_player21"
      },
      {
        "wing": "t1_player22"
      },
      {
        "wing": "t1_player23"
      },
      {
        "wing": "t1_player24"
      },
      {
        "wing": "t1_player25"
      },
      {
        "wing": "t1_player26"
      },
      {
        "wing": "t1_player27"
      },
      {
        "wing": "t1_player28"
      },
      {
        "wing": "t1_player29"
      },
      {
        "wing": "t1_player30"
      },
      {
        "wing": "t1_player31"
      },
      {
        "wing": "t1_player32"
      }
    ],
    "player_teamB": [
      {
        "army": 2
      },
      {
        "wing": "t2_player01"
      },
      {
        "wing": "t2_player02"
      },
      {
        "wing": "t2_player03"
      },
      {
        "wing": "t2_player04"
      },
      {
        "wing": "t2_player05"
      },
      {
        "wing": "t2_player06"
      },
      {
        "wing": "t2_player07"
      },
      {
        "wing": "t2_player08"
      },
      {
        "wing": "t2_player09"
      },
      {
        "wing": "t2_player10"
      },
      {
        "wing": "t2_player11"
      },
      {
        "wing": "t2_player12"
      },
      {
        "wing": "t2_player13"
      },
      {
        "wing": "t2_player14"
      },
      {
        "wing": "t2_player15"
      },
      {
        "wing": "t2_player16"
      },
      {
        "wing": "t2_player17"
      },
      {
        "wing": "t2_player18"
      },
      {
        "wing": "t2_player19"
      },
      {
        "wing": "t2_player20"
      },
      {
        "wing": "t2_player21"
      },
      {
        "wing": "t2_player22"
      },
      {
        "wing": "t2_player23"
      },
      {
        "wing": "t2_player24"
      },
      {
        "wing": "t2_player25"
      },
      {
        "wing": "t2_player26"
      },
      {
        "wing": "t2_player27"
      },
      {
        "wing": "t2_player28"
      },
      {
        "wing": "t2_player29"
      },
      {
        "wing": "t2_player30"
      },
      {
        "wing": "t2_player31"
      },
      {
        "wing": "t2_player32"
      },
      {
        "wing": "t2_player33"
      }
    ],
    "mission": {
      "level": "levels/avg_japan.bin",
      "type": "domination",
      "restoreType": "attempts",
      "optionalTakeOff": false,
      "environment": "Day",
      "weather": "hazy",
      "locName": "missions/_CnvB;japan/name",
      "locDesc": "japan/desc;missions/_Cnv/desc",
      "scoreLimit": 10000,
      "timeLimit": 25,
      "deathPenaltyMul": 0.0,
      "postfix": "_CnvB",
      "allowedKillStreaks": true,
      "randomSpawnTeams": false,
      "remapAiTankModels": true,
      "country_axis": "germany",
      "country_allies": "ussr",
      "showTacticalMapCellSize": true,
      "allowedUnitTypes": {
        "isAirplanesAllowed": true,
        "isTanksAllowed": true,
        "isShipsAllowed": false,
        "isHelicoptersAllowed": true
      }
    },
    "spectator_points": [],
    "briefing": {
      "place_loc": "",
      "date_loc": "",
      "objective_loc": "",
      "music": "action_01",
      "part": {
        "event": "",
        "minTime": 0,
        "slide": [
          {
            "map": true
          },
          {
            "minTime": 4
          },
          {
            "picture": ""
          },
          {
            "showAirMap": false
          },
          {
            "arrow": [
              {
                "width": 1
              },
              {
                "side": "enemy"
              },
              {
                "point": "briefing_tanks"
              },
              {
                "point": "convoy_waypoint01"
              },
              {
                "point": "convoy_waypoint02"
              },
              {
                "point": "convoy_waypoint03"
              },
              {
                "point": "convoy_waypoint04"
              },
              {
                "point": "convoy_waypoint04"
              }
            ]
          },
          {
            "icon": {
              "icontype": "bomber",
              "side": "ally",
              "target": "briefing_bombers",
              "lookAt": "briefing_tanks"
            }
          },
          {
            "icon": {
              "icontype": "tank",
              "side": "enemy",
              "target": "briefing_tanks"
            }
          },
          {
            "icon": {
              "icontype": "tank",
              "side": "ally",
              "target": "t1_tanks_spawn"
            }
          },
          {
            "battleArea": {
              "target": "briefing_battle_area"
            }
          }
        ]
      }
    }
  },
  "imports": [
    {
      "import_record": {
        "file": "gameData/missions/templates/tank_templates/tank_base_logic_template.blk",
        "importAreas": true,
        "importUnits": true,
        "importTriggers": true,
        "importMissionObjectives": true,
        "importWayPoints": true,
        "showAreas": true,
        "showUnits": true,
        "showTriggers": true,
        "showMissionObjectives": true,
        "showWayPoints": true,
        "excludes": []
      }
    },
    {
      "import_record": {
        "file": "gameData/missions/templates/tank_convoy_template.blk",
        "importAreas": true,
        "importUnits": true,
        "importTriggers": true,
        "importMissionObjectives": true,
        "importWayPoints": true,
        "showAreas": true,
        "showUnits": true,
        "showTriggers": true,
        "showMissionObjectives": true,
        "showWayPoints": true,
        "excludes": []
      }
    },
    {
      "import_record": {
        "file": "gameData/missions/cta/tanks/japan/template_japan_air_spawn.blk",
        "importAreas": true,
        "importUnits": true,
        "importTriggers": true,
        "importMissionObjectives": true,
        "importWayPoints": true,
        "showAreas": true,
        "showUnits": true,
        "showTriggers": true,
        "showMissionObjectives": true,
        "showWayPoints": true,
        "excludes": []
      }
    },
    {
      "import_record": {
        "file": "gameData/missions/templates/ww_no_attackers_template.blk",
        "importAreas": true,
        "importUnits": true,
        "importTriggers": true,
        "importMissionObjectives": true,
        "importWayPoints": true,
        "showAreas": true,
        "showUnits": true,
        "showTriggers": true,
        "showMissionObjectives": true,
        "showWayPoints": true,
        "excludes": []
      }
    }
  ],
  "triggers": {
    "isCategory": true,
    "is_enabled": true,
    "japan_CnvB_init": {
      "is_enabled": true,
      "comments": "",
      "props": {
        "actionsType": "PERFORM_ONE_BY_ONE",
        "conditionsType": "ALL",
        "enableAfterComplete": false
      },
      "events": {
        "initMission": []
      },
      "conditions": [],
      "actions": [
        {
          "missionMarkAsRespawnPoint": {
            "loc_name": "missions/spawn",
            "spawnEffect": false,
            "isStrictSpawn": false,
            "isAirfield": false,
            "isUnit": false,
            "useExisting": false,
            "isIndividual": true,
            "removeAreas": false,
            "canSpawnOnNeutral": false,
            "showOnMap": true,
            "radius": 50.0,
            "onlyOnePlayerPerSpawnPoint": false,
            "resetStrictSpawnIndex": false,
            "forceCreate": false,
            "replaceAreas": false,
            "target": "t2_tanks_spawn00",
            "team": "B",
            "offset": [0.0,0.0,100.0],
            "tags": {
              "tank": true,
              "type_heavy_tank": true,
              "type_medium_tank": true,
              "type_light_tank": true,
              "type_tank_destroyer": true,
              "type_spaa": true
            }
          }
        },
        {
          "missionMarkAsRespawnPoint": {
            "loc_name": "missions/spawn",
            "spawnEffect": false,
            "isStrictSpawn": false,
            "isAirfield": false,
            "isUnit": false,
            "useExisting": false,
            "isIndividual": true,
            "removeAreas": false,
            "canSpawnOnNeutral": false,
            "showOnMap": true,
            "radius": -1.0,
            "onlyOnePlayerPerSpawnPoint": false,
            "resetStrictSpawnIndex": false,
            "forceCreate": false,
            "replaceAreas": false,
            "target": "t1_tanks_spawn",
            "team": "A",
            "offset": [0.0,0.0,0.0],
            "tags": {
              "tank": true,
              "type_heavy_tank": true,
              "type_medium_tank": true,
              "type_light_tank": true,
              "type_tank_destroyer": true,
              "type_spaa": true
            }
          }
        },
        {
          "missionBattleArea": {
            "air": false,
            "ground": true,
            "mapArea": true,
            "airMapArea": false,
            "killArea": false,
            "detectionArea": false,
            "killOutOfBattleArea": true,
            "newGridHorizontalCellCount": 0,
            "area": "cnv_battle_area"
          }
        }
      ],
      "else_actions": []
    }
  },
  "mission_objectives": {
    "isCategory": true,
    "is_enabled": true
  },
  "variables": {
    "defenseMissionTeam": "teamB",
    "waypoints_num": 4
  },
  "dialogs": [],
  "airfields": [],
  "effects": [],
  "units": [
    {
      "tankModels": {
        "name": "t1_player01",
        "tm": [
          [1.0,0.0,0.0],
          [0.0,1.0,0.0],
          [0.0,0.0,1.0],
          [3608.25,406.4,1109.6]
        ],
        "unit_class": "fr_cckw_353_bofors",
        "objLayer": 1,
        "closed_waypoints": false,
        "isShipSpline": false,
        "shipTurnRadius": 100.0,
        "weapons": "",
        "bullets0": "",
        "bullets1": "",
        "bullets2": "",
        "bullets3": "",
        "bulletsCount0": 0,
        "bulletsCount1": 0,
        "bulletsCount2": 0,
        "bulletsCount3": 0,
        "props": {
          "army": 2,
          "count": 1,
          "formation_type": "rows",
          "formation_div": 3,
          "formation_step": [2.5,2.0],
          "formation_noise": [0.1,0.1],
          "uniqueName": "",
          "attack_type": "fire_at_will"
        },
        "way": []
      }
    },
    {
      "objectGroups": {
        "name": "notree02",
        "tm": [
          [0.470867,0.0,0.882204],
          [0.0,1.0,0.0],
          [-0.882204,0.0,0.470867],
          [3546.95,394.6,1275.05]
        ],
        "unit_class": "noTreeObjectGroup100",
        "objLayer": 2,
        "props": {
          "army": 2,
          "active": true
        }
      }
    },
    {
      "area_squad": {
        "name": "t2_tanks_spawn00",
        "tm": [
          [-0.624427,0.0,-0.781083],
          [0.0,1.0,0.0],
          [0.781083,0.0,-0.624427],
          [1033.28,349.62,1518.03]
        ],
        "props": [
          {
            "squad_members": "t2_tanks_spawn00_01"
          },
          {
            "squad_members": "t2_tanks_spawn00_02"
          },
          {
            "squad_members": "t2_tanks_spawn00_03"
          },
          {
            "squad_members": "t2_tanks_spawn00_04"
          },
          {
            "squad_members": "t2_tanks_spawn00_05"
          },
          {
            "squad_members": "t2_tanks_spawn00_06"
          },
          {
            "squad_members": "t2_tanks_spawn00_07"
          },
          {
            "squad_members": "t2_tanks_spawn00_08"
          },
          {
            "squad_members": "t2_tanks_spawn00_09"
          },
          {
            "squad_members": "t2_tanks_spawn00_10"
          },
          {
            "squad_members": "t2_tanks_spawn00_11"
          },
          {
            "squad_members": "t2_tanks_spawn00_12"
          },
          {
            "squad_members": "t2_tanks_spawn00_13"
          },
          {
            "squad_members": "t2_tanks_spawn00_14"
          },
          {
            "squad_members": "t2_tanks_spawn00_15"
          },
          {
            "squad_members": "t2_tanks_spawn00_16"
          },
          {
            "squad_members": "t2_tanks_spawn00_17"
          },
          {
            "squad_members": "t2_tanks_spawn00_18"
          },
          {
            "squad_members": "t2_tanks_spawn00_19"
          },
          {
            "squad_members": "t2_tanks_spawn00_20"
          }
        ]
      }
    },
    {
      "area_squad": {
        "name": "t2_tanks_spawn01",
        "tm": [
          [-0.797393,0.0,-0.60346],
          [0.0,1.0,0.0],
          [0.60346,0.0,-0.797393],
          [1613.55,383.874,1001.01]
        ],
        "props": [
          {
            "squad_members": "t2_tanks_spawn01_01"
          },
          {
            "squad_members": "t2_tanks_spawn01_02"
          },
          {
            "squad_members": "t2_tanks_spawn01_03"
          },
          {
            "squad_members": "t2_tanks_spawn01_04"
          },
          {
            "squad_members": "t2_tanks_spawn01_05"
          },
          {
            "squad_members": "t2_tanks_spawn01_06"
          },
          {
            "squad_members": "t2_tanks_spawn01_07"
          },
          {
            "squad_members": "t2_tanks_spawn01_08"
          },
          {
            "squad_members": "t2_tanks_spawn01_09"
          },
          {
            "squad_members": "t2_tanks_spawn01_10"
          },
          {
            "squad_members": "t2_tanks_spawn01_11"
          },
          {
            "squad_members": "t2_tanks_spawn01_12"
          },
          {
            "squad_members": "t2_tanks_spawn01_13"
          },
          {
            "squad_members": "t2_tanks_spawn01_14"
          },
          {
            "squad_members": "t2_tanks_spawn01_15"
          },
          {
            "squad_members": "t2_tanks_spawn01_16"
          },
          {
            "squad_members": "t2_tanks_spawn01_17"
          },
          {
            "squad_members": "t2_tanks_spawn01_18"
          },
          {
            "squad_members": "t2_tanks_spawn01_19"
          },
          {
            "squad_members": "t2_tanks_spawn01_20"
          }
        ]
      }
    },
    {
      "area_squad": {
        "name": "t2_tanks_spawn02",
        "tm": [
          [-0.676385,0.0,-0.736548],
          [0.0,1.0,0.0],
          [0.736548,0.0,-0.676385],
          [2580.85,384.473,974.471]
        ],
        "props": [
          {
            "squad_members": "t2_tanks_spawn02_01"
          },
          {
            "squad_members": "t2_tanks_spawn02_02"
          },
          {
            "squad_members": "t2_tanks_spawn02_03"
          },
          {
            "squad_members": "t2_tanks_spawn02_04"
          },
          {
            "squad_members": "t2_tanks_spawn02_05"
          },
          {
            "squad_members": "t2_tanks_spawn02_06"
          },
          {
            "squad_members": "t2_tanks_spawn02_07"
          },
          {
            "squad_members": "t2_tanks_spawn02_08"
          },
          {
            "squad_members": "t2_tanks_spawn02_09"
          },
          {
            "squad_members": "t2_tanks_spawn02_10"
          },
          {
            "squad_members": "t2_tanks_spawn02_11"
          },
          {
            "squad_members": "t2_tanks_spawn02_12"
          },
          {
            "squad_members": "t2_tanks_spawn02_13"
          },
          {
            "squad_members": "t2_tanks_spawn02_14"
          },
          {
            "squad_members": "t2_tanks_spawn02_15"
          },
          {
            "squad_members": "t2_tanks_spawn02_16"
          },
          {
            "squad_members": "t2_tanks_spawn02_17"
          },
          {
            "squad_members": "t2_tanks_spawn02_18"
          },
          {
            "squad_members": "t2_tanks_spawn02_19"
          },
          {
            "squad_members": "t2_tanks_spawn02_20"
          }
        ]
      }
    },
    {
      "area_squad": {
        "name": "t2_tanks_spawn03",
        "tm": [
          [0.896961,0.0,-0.44211],
          [0.0,1.0,0.0],
          [0.44211,0.0,0.896961],
          [2953.05,396.45,1091.81]
        ],
        "props": [
          {
            "squad_members": "t2_tanks_spawn03_01"
          },
          {
            "squad_members": "t2_tanks_spawn03_02"
          },
          {
            "squad_members": "t2_tanks_spawn03_03"
          },
          {
            "squad_members": "t2_tanks_spawn03_04"
          },
          {
            "squad_members": "t2_tanks_spawn03_05"
          },
          {
            "squad_members": "t2_tanks_spawn03_06"
          },
          {
            "squad_members": "t2_tanks_spawn03_07"
          },
          {
            "squad_members": "t2_tanks_spawn03_08"
          },
          {
            "squad_members": "t2_tanks_spawn03_09"
          },
          {
            "squad_members": "t2_tanks_spawn03_10"
          },
          {
            "squad_members": "t2_tanks_spawn03_11"
          },
          {
            "squad_members": "t2_tanks_spawn03_12"
          },
          {
            "squad_members": "t2_tanks_spawn03_13"
          },
          {
            "squad_members": "t2_tanks_spawn03_14"
          },
          {
            "squad_members": "t2_tanks_spawn03_15"
          },
          {
            "squad_members": "t2_tanks_spawn03_16"
          },
          {
            "squad_members": "t2_tanks_spawn03_17"
          },
          {
            "squad_members": "t2_tanks_spawn03_18"
          },
          {
            "squad_members": "t2_tanks_spawn03_19"
          },
          {
            "squad_members": "t2_tanks_spawn03_20"
          }
        ]
      }
    },
    {
      "area_squad": {
        "name": "t2_tanks_spawn04",
        "tm": [
          [-0.610465,0.0,-0.792043],
          [0.0,1.0,0.0],
          [0.792043,0.0,-0.610465],
          [3299.71,386.648,1519.46]
        ],
        "props": [
          {
            "squad_members": "t2_tanks_spawn04_01"
          },
          {
            "squad_members": "t2_tanks_spawn04_02"
          },
          {
            "squad_members": "t2_tanks_spawn04_03"
          },
          {
            "squad_members": "t2_tanks_spawn04_04"
          },
          {
            "squad_members": "t2_tanks_spawn04_05"
          },
          {
            "squad_members": "t2_tanks_spawn04_06"
          },
          {
            "squad_members": "t2_tanks_spawn04_07"
          },
          {
            "squad_members": "t2_tanks_spawn04_08"
          },
          {
            "squad_members": "t2_tanks_spawn04_09"
          },
          {
            "squad_members": "t2_tanks_spawn04_10"
          },
          {
            "squad_members": "t2_tanks_spawn04_11"
          },
          {
            "squad_members": "t2_tanks_spawn04_12"
          },
          {
            "squad_members": "t2_tanks_spawn04_13"
          },
          {
            "squad_members": "t2_tanks_spawn04_14"
          },
          {
            "squad_members": "t2_tanks_spawn04_15"
          },
          {
            "squad_members": "t2_tanks_spawn04_16"
          },
          {
            "squad_members": "t2_tanks_spawn04_17"
          },
          {
            "squad_members": "t2_tanks_spawn04_18"
          },
          {
            "squad_members": "t2_tanks_spawn04_19"
          },
          {
            "squad_members": "t2_tanks_spawn04_20"
          }
        ]
      }
    },
    {
      "area_squad": {
        "name": "t1_tanks_spawn",
        "tm": [
          [-0.982195,0.0,-0.187867],
          [0.0,1.0,0.0],
          [0.187867,0.0,-0.982195],
          [2182.9,362.3,2033.15]
        ],
        "props": [
          {
            "squad_members": "t1_tanks_spawn01"
          },
          {
            "squad_members": "t1_tanks_spawn02"
          },
          {
            "squad_members": "t1_tanks_spawn03"
          },
          {
            "squad_members": "t1_tanks_spawn04"
          },
          {
            "squad_members": "t1_tanks_spawn05"
          },
          {
            "squad_members": "t1_tanks_spawn06"
          },
          {
            "squad_members": "t1_tanks_spawn07"
          },
          {
            "squad_members": "t1_tanks_spawn08"
          },
          {
            "squad_members": "t1_tanks_spawn09"
          },
          {
            "squad_members": "t1_tanks_spawn10"
          },
          {
            "squad_members": "t1_tanks_spawn11"
          },
          {
            "squad_members": "t1_tanks_spawn12"
          },
          {
            "squad_members": "t1_tanks_spawn13"
          },
          {
            "squad_members": "t1_tanks_spawn14"
          },
          {
            "squad_members": "t1_tanks_spawn15"
          },
          {
            "squad_members": "t1_tanks_spawn16"
          },
          {
            "squad_members": "t1_tanks_spawn17"
          },
          {
            "squad_members": "t1_tanks_spawn18"
          },
          {
            "squad_members": "t1_tanks_spawn19"
          },
          {
            "squad_members": "t1_tanks_spawn20"
          }
        ]
      }
    },
    {
      "objectGroups": {
        "name": "notree05",
        "tm": [
          [0.470867,0.0,0.882204],
          [0.0,1.0,0.0],
          [-0.882204,0.0,0.470867],
          [3500.3,394.6,1189.45]
        ],
        "unit_class": "noTreeObjectGroup100",
        "objLayer": 2,
        "props": {
          "army": 2,
          "active": true
        }
      }
    },
    {
      "objectGroups": {
        "name": "notree08",
        "tm": [
          [0.470867,0.0,0.882204],
          [0.0,1.0,0.0],
          [-0.882204,0.0,0.470867],
          [3417.2,394.6,1217.05]
        ],
        "unit_class": "noTreeObjectGroup100",
        "objLayer": 2,
        "props": {
          "army": 2,
          "active": true
        }
      }
    },
    {
      "objectGroups": {
        "name": "notree11",
        "tm": [
          [0.470867,0.0,0.882204],
          [0.0,1.0,0.0],
          [-0.882204,0.0,0.470867],
          [3458.1,394.6,1301.25]
        ],
        "unit_class": "noTreeObjectGroup100",
        "objLayer": 2,
        "props": {
          "army": 2,
          "active": true
        }
      }
    },
    {
      "objectGroups": {
        "name": "notree14",
        "tm": [
          [0.470867,0.0,0.882204],
          [0.0,1.0,0.0],
          [-0.882204,0.0,0.470867],
          [3333.1,394.6,1243.25]
        ],
        "unit_class": "noTreeObjectGroup100",
        "objLayer": 2,
        "props": {
          "army": 2,
          "active": true
        }
      }
    },
    {
      "objectGroups": {
        "name": "notree17",
        "tm": [
          [0.470867,0.0,0.882204],
          [0.0,1.0,0.0],
          [-0.882204,0.0,0.470867],
          [3377.35,394.6,1328.75]
        ],
        "unit_class": "noTreeObjectGroup100",
        "objLayer": 2,
        "props": {
          "army": 2,
          "active": true
        }
      }
    },
    {
      "objectGroups": {
        "name": "notree20",
        "tm": [
          [0.470867,0.0,0.882204],
          [0.0,1.0,0.0],
          [-0.882204,0.0,0.470867],
          [3250.9,394.6,1292.2]
        ],
        "unit_class": "noTreeObjectGroup100",
        "objLayer": 2,
        "props": {
          "army": 2,
          "active": true
        }
      }
    },
    {
      "objectGroups": {
        "name": "notree23",
        "tm": [
          [0.470867,0.0,0.882204],
          [0.0,1.0,0.0],
          [-0.882204,0.0,0.470867],
          [3163.6,394.6,1339.5]
        ],
        "unit_class": "noTreeObjectGroup100",
        "objLayer": 2,
        "props": {
          "army": 2,
          "active": true
        }
      }
    },
    {
      "objectGroups": {
        "name": "notree26",
        "tm": [
          [0.470867,0.0,0.882204],
          [0.0,1.0,0.0],
          [-0.882204,0.0,0.470867],
          [3065.2,394.6,1364.2]
        ],
        "unit_class": "noTreeObjectGroup100",
        "objLayer": 2,
        "props": {
          "army": 2,
          "active": true
        }
      }
    },
    {
      "objectGroups": {
        "name": "notree29",
        "tm": [
          [0.470867,0.0,0.882204],
          [0.0,1.0,0.0],
          [-0.882204,0.0,0.470867],
          [2961.05,394.6,1348.55]
        ],
        "unit_class": "noTreeObjectGroup100",
        "objLayer": 2,
        "props": {
          "army": 2,
          "active": true
        }
      }
    },
    {
      "objectGroups": {
        "name": "notree32",
        "tm": [
          [0.470867,0.0,0.882204],
          [0.0,1.0,0.0],
          [-0.882204,0.0,0.470867],
          [2873.0,394.6,1316.15]
        ],
        "unit_class": "noTreeObjectGroup100",
        "objLayer": 2,
        "props": {
          "army": 2,
          "active": true
        }
      }
    },
    {
      "objectGroups": {
        "name": "notree35",
        "tm": [
          [0.470867,0.0,0.882204],
          [0.0,1.0,0.0],
          [-0.882204,0.0,0.470867],
          [2810.6,394.6,1241.75]
        ],
        "unit_class": "noTreeObjectGroup100",
        "objLayer": 2,
        "props": {
          "army": 2,
          "active": true
        }
      }
    },
    {
      "objectGroups": {
        "name": "notree38",
        "tm": [
          [0.470867,0.0,0.882204],
          [0.0,1.0,0.0],
          [-0.882204,0.0,0.470867],
          [2760.85,394.6,1160.8]
        ],
        "unit_class": "noTreeObjectGroup100",
        "objLayer": 2,
        "props": {
          "army": 2,
          "active": true
        }
      }
    },
    {
      "objectGroups": {
        "name": "notree41",
        "tm": [
          [0.470867,0.0,0.882204],
          [0.0,1.0,0.0],
          [-0.882204,0.0,0.470867],
          [2688.75,394.6,1104.0]
        ],
        "unit_class": "noTreeObjectGroup100",
        "objLayer": 2,
        "props": {
          "army": 2,
          "active": true
        }
      }
    },
    {
      "objectGroups": {
        "name": "notree44",
        "tm": [
          [0.470867,0.0,0.882204],
          [0.0,1.0,0.0],
          [-0.882204,0.0,0.470867],
          [2590.2,394.6,1124.3]
        ],
        "unit_class": "noTreeObjectGroup100",
        "objLayer": 2,
        "props": {
          "army": 2,
          "active": true
        }
      }
    },
    {
      "objectGroups": {
        "name": "notree47",
        "tm": [
          [0.470867,0.0,0.882204],
          [0.0,1.0,0.0],
          [-0.882204,0.0,0.470867],
          [2487.35,394.6,1122.95]
        ],
        "unit_class": "noTreeObjectGroup100",
        "objLayer": 2,
        "props": {
          "army": 2,
          "active": true
        }
      }
    },
    {
      "objectGroups": {
        "name": "notree50",
        "tm": [
          [0.470867,0.0,0.882204],
          [0.0,1.0,0.0],
          [-0.882204,0.0,0.470867],
          [2376.85,394.6,1098.4]
        ],
        "unit_class": "noTreeObjectGroup100",
        "objLayer": 2,
        "props": {
          "army": 2,
          "active": true
        }
      }
    },
    {
      "objectGroups": {
        "name": "notree53",
        "tm": [
          [0.470867,0.0,0.882204],
          [0.0,1.0,0.0],
          [-0.882204,0.0,0.470867],
          [2268.4,394.6,1083.6]
        ],
        "unit_class": "noTreeObjectGroup100",
        "objLayer": 2,
        "props": {
          "army": 2,
          "active": true
        }
      }
    },
    {
      "objectGroups": {
        "name": "notree56",
        "tm": [
          [0.470867,0.0,0.882204],
          [0.0,1.0,0.0],
          [-0.882204,0.0,0.470867],
          [2170.15,394.6,1084.35]
        ],
        "unit_class": "noTreeObjectGroup100",
        "objLayer": 2,
        "props": {
          "army": 2,
          "active": true
        }
      }
    },
    {
      "objectGroups": {
        "name": "notree59",
        "tm": [
          [0.470867,0.0,0.882204],
          [0.0,1.0,0.0],
          [-0.882204,0.0,0.470867],
          [2082.2,394.6,1113.75]
        ],
        "unit_class": "noTreeObjectGroup100",
        "objLayer": 2,
        "props": {
          "army": 2,
          "active": true
        }
      }
    },
    {
      "objectGroups": {
        "name": "notree62",
        "tm": [
          [0.470867,0.0,0.882204],
          [0.0,1.0,0.0],
          [-0.882204,0.0,0.470867],
          [2009.7,394.6,1167.0]
        ],
        "unit_class": "noTreeObjectGroup100",
        "objLayer": 2,
        "props": {
          "army": 2,
          "active": true
        }
      }
    },
    {
      "objectGroups": {
        "name": "notree65",
        "tm": [
          [0.470867,0.0,0.882204],
          [0.0,1.0,0.0],
          [-0.882204,0.0,0.470867],
          [1930.55,365.2,1199.35]
        ],
        "unit_class": "noTreeObjectGroup100",
        "objLayer": 2,
        "props": {
          "army": 2,
          "active": true
        }
      }
    },
    {
      "objectGroups": {
        "name": "notree68",
        "tm": [
          [0.470867,0.0,0.882204],
          [0.0,1.0,0.0],
          [-0.882204,0.0,0.470867],
          [1829.8,365.2,1204.2]
        ],
        "unit_class": "noTreeObjectGroup100",
        "objLayer": 2,
        "props": {
          "army": 2,
          "active": true
        }
      }
    },
    {
      "objectGroups": {
        "name": "notree71",
        "tm": [
          [0.470867,0.0,0.882204],
          [0.0,1.0,0.0],
          [-0.882204,0.0,0.470867],
          [1730.9,365.2,1212.8]
        ],
        "unit_class": "noTreeObjectGroup100",
        "objLayer": 2,
        "props": {
          "army": 2,
          "active": true
        }
      }
    },
    {
      "objectGroups": {
        "name": "notree73",
        "tm": [
          [0.470867,0.0,0.882204],
          [0.0,1.0,0.0],
          [-0.882204,0.0,0.470867],
          [1635.85,365.2,1239.0]
        ],
        "unit_class": "noTreeObjectGroup100",
        "objLayer": 2,
        "props": {
          "army": 2,
          "active": true
        }
      }
    },
    {
      "objectGroups": {
        "name": "notree76",
        "tm": [
          [0.470867,0.0,0.882204],
          [0.0,1.0,0.0],
          [-0.882204,0.0,0.470867],
          [1550.35,365.2,1269.95]
        ],
        "unit_class": "noTreeObjectGroup100",
        "objLayer": 2,
        "props": {
          "army": 2,
          "active": true
        }
      }
    },
    {
      "objectGroups": {
        "name": "notree79",
        "tm": [
          [0.470867,0.0,0.882204],
          [0.0,1.0,0.0],
          [-0.882204,0.0,0.470867],
          [1450.65,365.2,1257.3]
        ],
        "unit_class": "noTreeObjectGroup100",
        "objLayer": 2,
        "props": {
          "army": 2,
          "active": true
        }
      }
    },
    {
      "objectGroups": {
        "name": "notree82",
        "tm": [
          [0.470867,0.0,0.882204],
          [0.0,1.0,0.0],
          [-0.882204,0.0,0.470867],
          [1351.95,365.2,1263.35]
        ],
        "unit_class": "noTreeObjectGroup100",
        "objLayer": 2,
        "props": {
          "army": 2,
          "active": true
        }
      }
    },
    {
      "objectGroups": {
        "name": "notree85",
        "tm": [
          [0.470867,0.0,0.882204],
          [0.0,1.0,0.0],
          [-0.882204,0.0,0.470867],
          [1255.6,365.2,1269.85]
        ],
        "unit_class": "noTreeObjectGroup100",
        "objLayer": 2,
        "props": {
          "army": 2,
          "active": true
        }
      }
    },
    {
      "objectGroups": {
        "name": "notree88",
        "tm": [
          [0.470867,0.0,0.882204],
          [0.0,1.0,0.0],
          [-0.882204,0.0,0.470867],
          [1169.8,365.2,1310.0]
        ],
        "unit_class": "noTreeObjectGroup100",
        "objLayer": 2,
        "props": {
          "army": 2,
          "active": true
        }
      }
    },
    {
      "objectGroups": {
        "name": "notree91",
        "tm": [
          [0.470867,0.0,0.882204],
          [0.0,1.0,0.0],
          [-0.882204,0.0,0.470867],
          [1086.4,365.2,1356.05]
        ],
        "unit_class": "noTreeObjectGroup100",
        "objLayer": 2,
        "props": {
          "army": 2,
          "active": true
        }
      }
    },
    {
      "objectGroups": {
        "name": "notree94",
        "tm": [
          [0.470867,0.0,0.882204],
          [0.0,1.0,0.0],
          [-0.882204,0.0,0.470867],
          [987.3,365.2,1361.95]
        ],
        "unit_class": "noTreeObjectGroup100",
        "objLayer": 2,
        "props": {
          "army": 2,
          "active": true
        }
      }
    },
    {
      "objectGroups": {
        "name": "notree97",
        "tm": [
          [0.470867,0.0,0.882204],
          [0.0,1.0,0.0],
          [-0.882204,0.0,0.470867],
          [883.1,365.2,1337.15]
        ],
        "unit_class": "noTreeObjectGroup100",
        "objLayer": 2,
        "props": {
          "army": 2,
          "active": true
        }
      }
    },
    {
      "objectGroups": {
        "name": "notree100",
        "tm": [
          [0.470867,0.0,0.882204],
          [0.0,1.0,0.0],
          [-0.882204,0.0,0.470867],
          [792.95,365.2,1283.75]
        ],
        "unit_class": "noTreeObjectGroup100",
        "objLayer": 2,
        "props": {
          "army": 2,
          "active": true
        }
      }
    },
    {
      "objectGroups": {
        "name": "notree103",
        "tm": [
          [0.470867,0.0,0.882204],
          [0.0,1.0,0.0],
          [-0.882204,0.0,0.470867],
          [740.85,365.2,1202.85]
        ],
        "unit_class": "noTreeObjectGroup100",
        "objLayer": 2,
        "props": {
          "army": 2,
          "active": true
        }
      }
    },
    {
      "objectGroups": {
        "name": "notree106",
        "tm": [
          [0.470867,0.0,0.882204],
          [0.0,1.0,0.0],
          [-0.882204,0.0,0.470867],
          [685.65,365.2,1122.35]
        ],
        "unit_class": "noTreeObjectGroup100",
        "objLayer": 2,
        "props": {
          "army": 2,
          "active": true
        }
      }
    },
    {
      "objectGroups": {
        "name": "notree109",
        "tm": [
          [0.470867,0.0,0.882204],
          [0.0,1.0,0.0],
          [-0.882204,0.0,0.470867],
          [591.45,365.2,1105.05]
        ],
        "unit_class": "noTreeObjectGroup100",
        "objLayer": 2,
        "props": {
          "army": 2,
          "active": true
        }
      }
    },
    {
      "objectGroups": {
        "name": "notree112",
        "tm": [
          [0.470867,0.0,0.882204],
          [0.0,1.0,0.0],
          [-0.882204,0.0,0.470867],
          [495.55,365.2,1128.95]
        ],
        "unit_class": "noTreeObjectGroup100",
        "objLayer": 2,
        "props": {
          "army": 2,
          "active": true
        }
      }
    },
    {
      "objectGroups": {
        "name": "notree115",
        "tm": [
          [0.470867,0.0,0.882204],
          [0.0,1.0,0.0],
          [-0.882204,0.0,0.470867],
          [383.2,365.2,1111.15]
        ],
        "unit_class": "noTreeObjectGroup100",
        "objLayer": 2,
        "props": {
          "army": 2,
          "active": true
        }
      }
    },
    {
      "objectGroups": {
        "name": "notree118",
        "tm": [
          [0.470867,0.0,0.882204],
          [0.0,1.0,0.0],
          [-0.882204,0.0,0.470867],
          [279.3,365.2,1091.0]
        ],
        "unit_class": "noTreeObjectGroup100",
        "objLayer": 2,
        "props": {
          "army": 2,
          "active": true
        }
      }
    },
    {
      "objectGroups": {
        "name": "notree12",
        "tm": [
          [0.470867,0.0,0.882204],
          [0.0,1.0,0.0],
          [-0.882204,0.0,0.470867],
          [3617.97,394.6,1196.82]
        ],
        "unit_class": "noTreeObjectGroup100",
        "objLayer": 2,
        "props": {
          "army": 2,
          "active": true
        }
      }
    },
    {
      "objectGroups": {
        "name": "notree21",
        "tm": [
          [0.470867,0.0,0.882204],
          [0.0,1.0,0.0],
          [-0.882204,0.0,0.470867],
          [3704.56,394.6,1151.52]
        ],
        "unit_class": "noTreeObjectGroup100",
        "objLayer": 2,
        "props": {
          "army": 2,
          "active": true
        }
      }
    },
    {
      "objectGroups": {
        "name": "notree30",
        "tm": [
          [0.470867,0.0,0.882204],
          [0.0,1.0,0.0],
          [-0.882204,0.0,0.470867],
          [3570.57,394.6,1110.26]
        ],
        "unit_class": "noTreeObjectGroup100",
        "objLayer": 2,
        "props": {
          "army": 2,
          "active": true
        }
      }
    },
    {
      "objectGroups": {
        "name": "notree39",
        "tm": [
          [0.470867,0.0,0.882204],
          [0.0,1.0,0.0],
          [-0.882204,0.0,0.470867],
          [3659.54,394.6,1064.47]
        ],
        "unit_class": "noTreeObjectGroup100",
        "objLayer": 2,
        "props": {
          "army": 2,
          "active": true
        }
      }
    },
    {
      "objectGroups": {
        "name": "notree48",
        "tm": [
          [0.470867,0.0,0.882204],
          [0.0,1.0,0.0],
          [-0.882204,0.0,0.470867],
          [3615.58,394.6,979.756]
        ],
        "unit_class": "noTreeObjectGroup100",
        "objLayer": 2,
        "props": {
          "army": 2,
          "active": true
        }
      }
    },
    {
      "area_squad": {
        "name": "t1_rearm_zone",
        "tm": [
          [1.0,0.0,0.0],
          [0.0,1.0,0.0],
          [0.0,0.0,1.0],
          [-822.154,23.2117,-95.1837]
        ],
        "props": [
          {
            "squad_members": "t1_rearm_zone_01"
          },
          {
            "squad_members": "t1_rearm_zone_02"
          }
        ]
      }
    },
    {
      "area_squad": {
        "name": "t2_rearm_zone",
        "tm": [
          [1.0,0.0,0.0],
          [0.0,1.0,0.0],
          [0.0,0.0,1.0],
          [562.478,23.2117,-501.735]
        ],
        "props": [
          {
            "squad_members": "t2_rearm_zone_01"
          },
          {
            "squad_members": "t2_rearm_zone_02"
          }
        ]
      }
    }
  ],
  "areas": {
    "briefing_bombers": {
      "type": "Point",
      "tm": [
        [1.0,0.0,0.0],
        [0.0,1.0,0.0],
        [0.0,0.0,1.0],
        [3334.3,714.05,2466.25]
      ],
      "objLayer": 0,
