{
  "selected_tag": "",
  "bin_dump_file": "",
  "mission_settings": {
    "atmosphere": {
      "pressure": 760.0,
      "temperature": 30.0
    },
    "player": {
      "army": 1,
      "wing": ""
    },
    "player_teamB": {
      "army": 2
    },
    "mission": {
      "level": "levels/water.bin",
      "type": "singleMission",
      "restoreType": "attempts",
      "optionalTakeOff": false,
      "environment": "Day",
      "weather": "hazy"
    },
    "spectator_points": [],
    "briefing": {
      "place_loc": "",
      "date_loc": "",
      "objective_loc": "",
      "music": "action_01"
    }
  },
  "imports": {
    "import_record": {
      "file": "gameData/missions/templates/tank_templates/ai_base_defense_template.blk",
      "importAreas": true,
      "importUnits": true,
      "importTriggers": true,
      "importMissionObjectives": true,
      "importWayPoints": true,
      "showAreas": true,
      "showUnits": true,
      "showTriggers": true,
      "showMissionObjectives": true,
      "showWayPoints": true,
      "excludes": []
    }
  },
  "triggers": {
    "isCategory": true,
    "is_enabled": true
  },
  "mission_objectives": {
    "isCategory": true,
    "is_enabled": true
  },
  "variables": [],
  "dialogs": [],
  "airfields": [],
  "effects": [],
  "units": [
    {
      "objectGroups": {
        "name": "t1_trench01",
        "tm": [
          [0.137428,0.0,-0.990512],
          [0.0,1.0,0.0],
          [0.990512,0.0,0.137428],
          [1538.1,360.913,1376.25]
        ],
        "unit_class": "rendinst_fortification_sandbags_onground_a",
        "objLayer": 2,
        "props": {
          "army": 1,
          "active": true
        }
      }
    },
    {
      "objectGroups": {
        "name": "t1_trench02",
        "tm": [
          [0.349096,0.0,-0.937087],
          [0.0,1.0,0.0],
          [0.937087,0.0,0.349096],
          [1294.24,356.422,1489.21]
        ],
        "unit_class": "rendinst_fortification_sandbags_onground_a",
        "objLayer": 2,
        "props": {
          "army": 1,
          "active": true
        }
      }
    },
    {
      "objectGroups": {
        "name": "t1_trench03",
        "tm": [
          [-0.0168391,0.0,-0.999859],
          [0.0,1.0,0.0],
          [0.999859,0.0,-0.0168391],
          [962.35,355.692,1434.75]
        ],
        "unit_class": "rendinst_fortification_sandbags_onground_a",
        "objLayer": 2,
        "props": {
          "army": 1,
          "active": true
        }
      }
    },
    {
      "objectGroups": {
        "name": "t1_trench04",
        "tm": [
          [0.415914,0.0,-0.909404],
          [0.0,1.0,0.0],
          [0.909404,0.0,0.415914],
          [1104.4,356.856,1714.02]
        ],
        "unit_class": "rendinst_fortification_sandbags_onground_a",
        "objLayer": 2,
        "props": {
          "army": 1,
          "active": true
        }
      }
    },
    {
      "objectGroups": {
        "name": "t1_trench06",
        "tm": [
          [0.263691,0.0,-0.964607],
          [0.0,1.0,0.0],
          [0.964607,0.0,0.263691],
          [994.804,356.513,1710.22]
        ],
        "unit_class": "rendinst_fortification_sandbags_onground_a",
        "objLayer": 2,
        "props": {
          "army": 1,
          "active": true
        }
      }
    },
    {
      "objectGroups": {
        "name": "t1_trench08",
        "tm": [
          [-0.144518,0.0,-0.989503],
          [0.0,1.0,0.0],
          [0.989503,0.0,-0.144518],
          [1484.07,359.874,1374.46]
        ],
        "unit_class": "rendinst_fortification_sandbags_onground_a",
        "objLayer": 2,
        "props": {
          "army": 1,
          "active": true
        }
      }
    },
    {
      "objectGroups": {
        "name": "t1_trench09",
        "tm": [
          [-0.0760328,0.0,-0.997104],
          [0.0,1.0,0.0],
          [0.997104,0.0,-0.0760328],
          [904.366,347.658,1410.71]
        ],
        "unit_class": "rendinst_fortification_sandbags_onground_a",
        "objLayer": 2,
        "props": {
          "army": 1,
          "active": true
        }
      }
    },
    {
      "objectGroups": {
        "name": "t1_trench10",
        "tm": [
          [0.469358,0.0,-0.883008],
          [0.0,1.0,0.0],
          [0.883008,0.0,0.469358],
          [932.1,346.128,1388.95]
        ],
        "unit_class": "rendinst_fortification_sandbags_onground_a",
        "objLayer": 2,
        "props": {
          "army": 1,
          "active": true
        }
      }
    },
    {
      "objectGroups": {
        "name": "t1_trench11",
        "tm": [
          [-0.0279874,0.0,-0.999607],
          [0.0,1.0,0.0],
          [0.999607,0.0,-0.0279874],
          [994.949,357.214,1562.98]
        ],
        "unit_class": "rendinst_fortification_sandbags_onground_a",
        "objLayer": 2,
        "props": {
          "army": 1,
          "active": true
        }
      }
    },
    {
      "objectGroups": {
        "name": "t1_trench12",
        "tm": [
          [0.220957,0.0,-0.975283],
          [0.0,1.0,0.0],
          [0.975283,0.0,0.220957],
          [954.195,356.795,1659.8]
        ],
        "unit_class": "rendinst_fortification_sandbags_onground_a",
        "objLayer": 2,
        "props": {
          "army": 1,
          "active": true
        }
      }
    },
    {
      "objectGroups": {
        "name": "t1_trench13",
        "tm": [
          [0.159953,0.0,-0.987124],
          [0.0,1.0,0.0],
          [0.987124,0.0,0.159953],
          [1192.85,357.1,1644.35]
        ],
        "unit_class": "rendinst_fortification_sandbags_onground_a",
        "objLayer": 2,
        "props": {
          "army": 1,
          "active": true
        }
      }
    },
    {
      "tankModels": {
        "name": "t1_antiTankGun01",
        "tm": [
          [0.647384,0.0,-0.762163],
          [0.0,1.0,0.0],
          [0.762163,0.0,0.647384],
          [1598.25,363.638,1403.3]
        ],
        "unit_class": "uk_at_gun_qf17pounder",
        "objLayer": 1,
        "closed_waypoints": false,
        "isShipSpline": false,
        "shipTurnRadius": 100.0,
        "weapons": "",
        "bullets0": "",
        "bullets1": "",
        "bullets2": "",
        "bullets3": "",
        "bulletsCount0": 0,
        "bulletsCount1": 0,
        "bulletsCount2": 0,
        "bulletsCount3": 0,
        "props": {
          "army": 1,
          "count": 1,
          "formation_type": "rows",
          "formation_div": 3,
          "formation_step": [2.5,2.0],
          "formation_noise": [0.1,0.1],
          "uniqueName": "",
          "attack_type": "fire_at_will",
          "unitReplacementType": "antiTankGun"
        },
        "way": []
      }
    },
    {
      "tankModels": {
        "name": "t1_antiTankGun02",
        "tm": [
          [0.177295,0.0,-0.984155],
          [0.0,1.0,0.0],
          [0.984155,0.0,0.177295],
          [1537.62,360.741,1378.71]
        ],
        "unit_class": "uk_at_gun_qf17pounder",
        "objLayer": 1,
        "closed_waypoints": false,
        "isShipSpline": false,
        "shipTurnRadius": 100.0,
        "weapons": "",
        "bullets0": "",
        "bullets1": "",
        "bullets2": "",
        "bullets3": "",
        "bulletsCount0": 0,
        "bulletsCount1": 0,
        "bulletsCount2": 0,
        "bulletsCount3": 0,
        "props": {
          "army": 1,
          "count": 1,
          "formation_type": "rows",
          "formation_div": 3,
          "formation_step": [2.5,2.0],
          "formation_noise": [0.1,0.1],
          "uniqueName": "",
          "attack_type": "fire_at_will",
          "unitReplacementType": "antiTankGun"
        },
        "way": []
      }
    },
    {
      "tankModels": {
        "name": "t1_antiTankGun03",
        "tm": [
          [0.277983,0.0,-0.960585],
          [0.0,1.0,0.0],
          [0.960585,0.0,0.277983],
          [1278.05,358.688,1563.55]
        ],
        "unit_class": "uk_at_gun_qf17pounder",
        "objLayer": 1,
        "closed_waypoints": false,
        "isShipSpline": false,
        "shipTurnRadius": 100.0,
        "weapons": "",
        "bullets0": "",
        "bullets1": "",
        "bullets2": "",
        "bullets3": "",
        "bulletsCount0": 0,
        "bulletsCount1": 0,
        "bulletsCount2": 0,
        "bulletsCount3": 0,
        "props": {
          "army": 1,
          "count": 1,
          "formation_type": "rows",
          "formation_div": 3,
          "formation_step": [2.5,2.0],
          "formation_noise": [0.1,0.1],
          "uniqueName": "",
          "attack_type": "fire_at_will",
          "unitReplacementType": "antiTankGun"
        },
        "way": []
      }
    },
    {
      "tankModels": {
        "name": "t1_antiTankGun04",
        "tm": [
          [0.413527,0.0,-0.910491],
          [0.0,1.0,0.0],
          [0.910491,0.0,0.413527],
          [1103.19,356.615,1716.27]
        ],
        "unit_class": "uk_at_gun_qf17pounder",
        "objLayer": 1,
        "closed_waypoints": false,
        "isShipSpline": false,
        "shipTurnRadius": 100.0,
        "weapons": "",
        "bullets0": "",
        "bullets1": "",
        "bullets2": "",
        "bullets3": "",
        "bulletsCount0": 0,
        "bulletsCount1": 0,
        "bulletsCount2": 0,
        "bulletsCount3": 0,
        "props": {
          "army": 1,
          "count": 1,
          "formation_type": "rows",
          "formation_div": 3,
          "formation_step": [2.5,2.0],
          "formation_noise": [0.1,0.1],
          "uniqueName": "",
          "attack_type": "fire_at_will",
          "unitReplacementType": "antiTankGun"
        },
        "way": []
      }
    },
    {
      "tankModels": {
        "name": "t1_antiTankGun05",
        "tm": [
          [0.24843,0.0,-0.968651],
          [0.0,1.0,0.0],
          [0.968651,0.0,0.24843],
          [994.035,356.513,1712.73]
        ],
        "unit_class": "uk_at_gun_qf17pounder",
        "objLayer": 1,
        "closed_waypoints": false,
        "isShipSpline": false,
        "shipTurnRadius": 100.0,
        "weapons": "",
        "bullets0": "",
        "bullets1": "",
        "bullets2": "",
        "bullets3": "",
        "bulletsCount0": 0,
        "bulletsCount1": 0,
        "bulletsCount2": 0,
        "bulletsCount3": 0,
        "props": {
          "army": 1,
          "count": 1,
          "formation_type": "rows",
          "formation_div": 3,
          "formation_step": [2.5,2.0],
          "formation_noise": [0.1,0.1],
          "uniqueName": "",
          "attack_type": "fire_at_will",
          "unitReplacementType": "antiTankGun"
        },
        "way": []
      }
    },
    {
      "tankModels": {
        "name": "t1_antiTankGun06",
        "tm": [
          [0.465714,0.0,-0.884935],
          [0.0,1.0,0.0],
          [0.884935,0.0,0.465714],
          [1500.55,360.724,1380.2]
        ],
        "unit_class": "uk_at_gun_qf17pounder",
        "objLayer": 1,
        "closed_waypoints": false,
        "isShipSpline": false,
        "shipTurnRadius": 100.0,
        "weapons": "",
        "bullets0": "",
        "bullets1": "",
        "bullets2": "",
        "bullets3": "",
        "bulletsCount0": 0,
        "bulletsCount1": 0,
        "bulletsCount2": 0,
        "bulletsCount3": 0,
        "props": {
          "army": 1,
          "count": 1,
          "formation_type": "rows",
          "formation_div": 3,
          "formation_step": [2.5,2.0],
          "formation_noise": [0.1,0.1],
          "uniqueName": "",
          "attack_type": "fire_at_will",
          "unitReplacementType": "antiTankGun"
        },
        "way": []
      }
    },
    {
      "tankModels": {
        "name": "t1_antiTankGun07",
        "tm": [
          [0.0334208,0.0,-0.99944],
          [0.0,1.0,0.0],
          [0.99944,0.0,0.0334208],
          [962.213,355.815,1437.29]
        ],
        "unit_class": "uk_at_gun_qf17pounder",
        "objLayer": 1,
        "closed_waypoints": false,
        "isShipSpline": false,
        "shipTurnRadius": 100.0,
        "weapons": "",
        "bullets0": "",
        "bullets1": "",
        "bullets2": "",
        "bullets3": "",
        "bulletsCount0": 0,
        "bulletsCount1": 0,
        "bulletsCount2": 0,
        "bulletsCount3": 0,
        "props": {
          "army": 1,
          "count": 1,
          "formation_type": "rows",
          "formation_div": 3,
          "formation_step": [2.5,2.0],
          "formation_noise": [0.1,0.1],
          "uniqueName": "",
          "attack_type": "fire_at_will",
          "unitReplacementType": "antiTankGun"
        },
        "way": []
      }
    },
    {
      "tankModels": {
        "name": "t1_antiTankGun08",
        "tm": [
          [0.504288,0.0,-0.863534],
          [0.0,1.0,0.0],
          [0.863534,0.0,0.504288],
          [930.721,346.402,1391.15]
        ],
        "unit_class": "uk_at_gun_qf17pounder",
        "objLayer": 1,
        "closed_waypoints": false,
        "isShipSpline": false,
        "shipTurnRadius": 100.0,
        "weapons": "",
        "bullets0": "",
        "bullets1": "",
        "bullets2": "",
        "bullets3": "",
        "bulletsCount0": 0,
        "bulletsCount1": 0,
        "bulletsCount2": 0,
        "bulletsCount3": 0,
        "props": {
          "army": 1,
          "count": 1,
          "formation_type": "rows",
          "formation_div": 3,
          "formation_step": [2.5,2.0],
          "formation_noise": [0.1,0.1],
          "uniqueName": "",
          "attack_type": "fire_at_will",
          "unitReplacementType": "antiTankGun"
        },
        "way": []
      }
    },
    {
      "tankModels": {
        "name": "t1_antiTankGun09",
        "tm": [
          [-0.198194,0.0,-0.980163],
          [0.0,1.0,0.0],
          [0.980163,0.0,-0.198194],
          [1246.35,356.673,1609.8]
        ],
        "unit_class": "uk_at_gun_qf17pounder",
        "objLayer": 1,
        "closed_waypoints": false,
        "isShipSpline": false,
        "shipTurnRadius": 100.0,
        "weapons": "",
        "bullets0": "",
        "bullets1": "",
        "bullets2": "",
        "bullets3": "",
        "bulletsCount0": 0,
        "bulletsCount1": 0,
        "bulletsCount2": 0,
        "bulletsCount3": 0,
        "props": {
          "army": 1,
          "count": 1,
          "formation_type": "rows",
          "formation_div": 3,
          "formation_step": [2.5,2.0],
          "formation_noise": [0.1,0.1],
          "uniqueName": "",
          "attack_type": "fire_at_will",
          "unitReplacementType": "antiTankGun"
        },
        "way": []
      }
    },
    {
      "tankModels": {
        "name": "t1_antiTankGun10",
        "tm": [
          [0.210147,0.0,-0.97767],
          [0.0,1.0,0.0],
          [0.97767,0.0,0.210147],
          [1192.36,357.273,1646.77]
        ],
        "unit_class": "uk_at_gun_qf17pounder",
        "objLayer": 1,
        "closed_waypoints": false,
        "isShipSpline": false,
        "shipTurnRadius": 100.0,
        "weapons": "",
        "bullets0": "",
        "bullets1": "",
        "bullets2": "",
        "bullets3": "",
        "bulletsCount0": 0,
        "bulletsCount1": 0,
        "bulletsCount2": 0,
        "bulletsCount3": 0,
        "props": {
          "army": 1,
          "count": 1,
          "formation_type": "rows",
          "formation_div": 3,
          "formation_step": [2.5,2.0],
          "formation_noise": [0.1,0.1],
          "uniqueName": "",
          "attack_type": "fire_at_will",
          "unitReplacementType": "antiTankGun"
        },
        "way": []
      }
    },
    {
      "tankModels": {
        "name": "t1_antiTankGun11",
        "tm": [
          [-0.0360877,0.0,-0.999348],
          [0.0,1.0,0.0],
          [0.999348,0.0,-0.0360877],
          [904.311,347.965,1413.16]
        ],
        "unit_class": "uk_at_gun_qf17pounder",
        "objLayer": 1,
        "closed_waypoints": false,
        "isShipSpline": false,
        "shipTurnRadius": 100.0,
        "weapons": "",
        "bullets0": "",
        "bullets1": "",
        "bullets2": "",
        "bullets3": "",
        "bulletsCount0": 0,
        "bulletsCount1": 0,
        "bulletsCount2": 0,
        "bulletsCount3": 0,
        "props": {
          "army": 1,
          "count": 1,
          "formation_type": "rows",
          "formation_div": 3,
          "formation_step": [2.5,2.0],
          "formation_noise": [0.1,0.1],
          "uniqueName": "",
          "attack_type": "fire_at_will",
          "unitReplacementType": "antiTankGun"
        },
        "way": []
      }
    },
    {
      "tankModels": {
        "name": "t1_antiTankGun12",
        "tm": [
          [-0.110528,0.0,-0.993873],
          [0.0,1.0,0.0],
          [0.993873,0.0,-0.110528],
          [1484.35,360.432,1377.4]
        ],
        "unit_class": "uk_at_gun_qf17pounder",
        "objLayer": 1,
        "closed_waypoints": false,
        "isShipSpline": false,
        "shipTurnRadius": 100.0,
        "weapons": "",
        "bullets0": "",
        "bullets1": "",
        "bullets2": "",
        "bullets3": "",
        "bulletsCount0": 0,
        "bulletsCount1": 0,
        "bulletsCount2": 0,
        "bulletsCount3": 0,
        "props": {
          "army": 1,
          "count": 1,
          "formation_type": "rows",
          "formation_div": 3,
          "formation_step": [2.5,2.0],
          "formation_noise": [0.1,0.1],
          "uniqueName": "",
          "attack_type": "fire_at_will",
          "unitReplacementType": "antiTankGun"
        },
        "way": []
      }
    },
    {
      "tankModels": {
        "name": "t1_antiTankGun13",
        "tm": [
          [0.208538,0.0,-0.978013],
          [0.0,1.0,0.0],
          [0.978013,0.0,0.208538],
          [953.199,356.876,1662.49]
        ],
        "unit_class": "uk_at_gun_qf17pounder",
        "objLayer": 1,
        "closed_waypoints": false,
        "isShipSpline": false,
        "shipTurnRadius": 100.0,
        "weapons": "",
        "bullets0": "",
        "bullets1": "",
        "bullets2": "",
        "bullets3": "",
        "bulletsCount0": 0,
        "bulletsCount1": 0,
        "bulletsCount2": 0,
        "bulletsCount3": 0,
        "props": {
          "army": 1,
          "count": 1,
          "formation_type": "rows",
          "formation_div": 3,
          "formation_step": [2.5,2.0],
          "formation_noise": [0.1,0.1],
          "uniqueName": "",
          "attack_type": "fire_at_will",
          "unitReplacementType": "antiTankGun"
        },
        "way": []
      }
    },
    {
      "tankModels": {
        "name": "t1_antiTankGun14",
        "tm": [
          [-0.000632644,0.0,-0.999998],
          [0.0,1.0,0.0],
          [0.999998,0.0,-0.000632644],
          [1245.76,369.283,1693.84]
        ],
        "unit_class": "uk_at_gun_qf17pounder",
        "objLayer": 1,
        "closed_waypoints": false,
        "isShipSpline": false,
        "shipTurnRadius": 100.0,
        "weapons": "",
        "bullets0": "",
        "bullets1": "",
        "bullets2": "",
        "bullets3": "",
        "bulletsCount0": 0,
        "bulletsCount1": 0,
        "bulletsCount2": 0,
        "bulletsCount3": 0,
        "props": {
          "army": 1,
          "count": 1,
          "formation_type": "rows",
          "formation_div": 3,
          "formation_step": [2.5,2.0],
          "formation_noise": [0.1,0.1],
          "uniqueName": "",
          "attack_type": "fire_at_will",
          "unitReplacementType": "antiTankGun"
        },
        "way": []
      }
    },
    {
      "tankModels": {
        "name": "t1_antiTankGun15",
        "tm": [
          [0.00833249,0.00308609,-0.999961],
          [0.0224436,0.999743,0.00327244],
          [0.999713,-0.0224699,0.00826055],
          [912.724,355.094,1549.09]
        ],
        "unit_class": "uk_at_gun_qf17pounder",
        "objLayer": 1,
        "closed_waypoints": false,
        "isShipSpline": false,
        "shipTurnRadius": 100.0,
        "weapons": "",
        "bullets0": "",
        "bullets1": "",
        "bullets2": "",
        "bullets3": "",
        "bulletsCount0": 0,
        "bulletsCount1": 0,
        "bulletsCount2": 0,
        "bulletsCount3": 0,
        "props": {
          "army": 1,
          "count": 1,
          "formation_type": "rows",
          "formation_div": 3,
          "formation_step": [2.5,2.0],
          "formation_noise": [0.1,0.1],
          "uniqueName": "",
          "attack_type": "fire_at_will",
          "unitReplacementType": "antiTankGun"
        },
        "way": []
      }
    },
    {
      "tankModels": {
        "name": "t1_antiTankGun16",
        "tm": [
          [-0.119087,0.0,-0.992883],
          [0.0,1.0,0.0],
          [0.992883,0.0,-0.119087],
          [940.522,355.958,1588.32]
        ],
        "unit_class": "uk_at_gun_qf17pounder",
        "objLayer": 1,
        "closed_waypoints": false,
        "isShipSpline": false,
        "shipTurnRadius": 100.0,
        "weapons": "",
        "bullets0": "",
        "bullets1": "",
        "bullets2": "",
        "bullets3": "",
        "bulletsCount0": 0,
        "bulletsCount1": 0,
        "bulletsCount2": 0,
        "bulletsCount3": 0,
        "props": {
          "army": 1,
          "count": 1,
          "formation_type": "rows",
          "formation_div": 3,
          "formation_step": [2.5,2.0],
          "formation_noise": [0.1,0.1],
          "uniqueName": "",
          "attack_type": "fire_at_will",
          "unitReplacementType": "antiTankGun"
        },
        "way": []
      }
    },
    {
      "squad": {
        "name": "t1_zoneDef_sq",
        "tm": [
          [1.0,0.0,0.0],
          [0.0,1.0,0.0],
          [0.0,0.0,1.0],
          [937.524,519.245,865.876]
        ],
        "props": [
          {
            "object_marking": 0
          },
          {
            "squad_members": "t1_antiTankGun01"
          },
          {
            "squad_members": "t1_antiTankGun02"
          },
          {
            "squad_members": "t1_antiTankGun03"
          },
          {
            "squad_members": "t1_antiTankGun04"
          },
          {
            "squad_members": "t1_antiTankGun05"
          },
          {
            "squad_members": "t1_antiTankGun06"
          },
          {
            "squad_members": "t1_antiTankGun07"
          },
          {
            "squad_members": "t1_antiTankGun08"
          },
          {
            "squad_members": "t1_antiTankGun09"
          },
          {
            "squad_members": "t1_antiTankGun10"
          },
          {
            "squad_members": "t1_antiTankGun11"
          },
          {
            "squad_members": "t1_antiTankGun12"
          },
          {
            "squad_members": "t1_antiTankGun13"
          },
          {
            "squad_members": "t1_antiTankGun14"
          },
          {
            "squad_members": "t1_antiTankGun15"
          },
          {
            "squad_members": "t1_antiTankGun16"
          },
          {
            "squad_members": "t1_antiTankGun17"
          },
          {
            "squad_members": "t1_antiTankGun18"
          },
          {
            "squad_members": "t1_antiTankGun19"
          },
          {
            "squad_members": "t1_antiTankGun20"
          }
        ]
      }
    },
    {
      "squad": {
        "name": "t1_trench_sq",
        "tm": [
          [1.0,0.0,0.0],
          [0.0,1.0,0.0],
          [0.0,0.0,1.0],
          [902.224,519.14,877.776]
        ],
        "props": [
          {
            "object_marking": 0
          },
          {
            "squad_members": "t1_trench01"
          },
          {
            "squad_members": "t1_trench02"
          },
          {
            "squad_members": "t1_trench03"
          },
          {
            "squad_members": "t1_trench04"
          },
          {
            "squad_members": "t1_trench06"
          },
          {
            "squad_members": "t1_trench08"
          },
          {
            "squad_members": "t1_trench09"
          },
          {
            "squad_members": "t1_trench10"
          },
          {
            "squad_members": "t1_trench11"
          },
          {
            "squad_members": "t1_trench12"
          },
          {
            "squad_members": "t1_trench13"
          },
          {
            "squad_members": "t1_trench14"
          },
          {
            "squad_members": "t1_trench15"
          },
          {
            "squad_members": "t1_trench16"
          }
        ]
      }
    },
    {
      "objectGroups": {
        "name": "t1_trench14",
        "tm": [
          [-0.0300137,0.00394555,-0.999543],
          [0.0224436,0.999743,0.00327244],
          [0.999299,-0.022335,-0.0300947],
          [912.831,355.263,1546.49]
        ],
        "unit_class": "rendinst_fortification_sandbags_onground_a",
        "objLayer": 2,
        "props": {
          "army": 1,
          "active": true
        }
      }
    },
    {
      "objectGroups": {
        "name": "t1_trench15",
        "tm": [
          [0.00483254,0.0,-0.999988],
          [0.0,1.0,0.0],
          [0.999988,0.0,0.00483254],
          [1245.68,369.221,1691.2]
        ],
        "unit_class": "rendinst_fortification_sandbags_onground_a",
        "objLayer": 2,
        "props": {
          "army": 1,
          "active": true
        }
      }
    },
    {
      "objectGroups": {
        "name": "t1_trench16",
        "tm": [
          [-0.0957897,0.0,-0.9954],
          [0.0,1.0,0.0],
          [0.9954,0.0,-0.0957897],
          [940.381,355.841,1585.82]
        ],
        "unit_class": "rendinst_fortification_sandbags_onground_a",
        "objLayer": 2,
        "props": {
          "army": 1,
          "active": true
        }
      }
    },
    {
      "objectGroups": {
        "name": "t2_trench01",
        "tm": [
          [-0.654174,0.0,0.756344],
          [0.0,1.0,0.0],
          [-0.756346,0.0,-0.654174],
          [1337.56,359.627,425.82]
        ],
        "unit_class": "rendinst_fortification_sandbags_onground_a",
        "objLayer": 2,
        "props": {
          "army": 2,
          "active": true
        }
      }
    },
    {
      "objectGroups": {
        "name": "t2_trench02",
        "tm": [
          [-0.136559,0.0,0.99063],
          [0.0,1.0,0.0],
          [-0.99063,0.0,-0.136559],
          [989.648,357.474,547.701]
        ],
        "unit_class": "rendinst_fortification_sandbags_onground_a",
        "objLayer": 2,
        "props": {
          "army": 2,
          "active": true
        }
      }
    },
    {
      "objectGroups": {
        "name": "t2_trench03",
        "tm": [
          [0.368289,0.0,0.929711],
          [0.0,1.0,0.0],
          [-0.929711,0.0,0.368289],
          [1236.44,356.49,424.545]
        ],
        "unit_class": "rendinst_fortification_sandbags_onground_a",
        "objLayer": 2,
        "props": {
          "army": 2,
          "active": true
        }
      }
    },
    {
      "objectGroups": {
        "name": "t2_trench04",
        "tm": [
          [-0.484407,0.0,0.874844],
          [0.0,1.0,0.0],
          [-0.874844,0.0,-0.484407],
          [1308.93,359.451,417.861]
        ],
        "unit_class": "rendinst_fortification_sandbags_onground_a",
        "objLayer": 2,
        "props": {
          "army": 2,
          "active": true
        }
      }
    },
    {
      "objectGroups": {
        "name": "t2_trench05",
        "tm": [
          [-0.0923442,0.0,0.995727],
          [0.0,1.0,0.0],
          [-0.995727,0.0,-0.0923442],
          [984.759,356.56,364.196]
        ],
        "unit_class": "rendinst_fortification_sandbags_onground_a",
        "objLayer": 2,
        "props": {
          "army": 2,
          "active": true
        }
      }
    },
    {
      "objectGroups": {
        "name": "t2_trench06",
        "tm": [
          [-0.0507402,0.0,0.998711],
          [0.0,1.0,0.0],
          [-0.998711,0.0,-0.0507402],
          [1739.35,355.484,674.0]
        ],
        "unit_class": "rendinst_fortification_sandbags_onground_a",
        "objLayer": 2,
        "props": {
          "army": 2,
          "active": true
        }
      }
    },
    {
      "objectGroups": {
        "name": "t2_trench07",
        "tm": [
          [0.621801,0.0,0.783176],
          [0.0,1.0,0.0],
          [-0.783176,0.0,0.621801],
          [1647.33,358.093,632.231]
        ],
        "unit_class": "rendinst_fortification_sandbags_onground_a",
        "objLayer": 2,
        "props": {
          "army": 2,
          "active": true
        }
      }
    },
    {
      "objectGroups": {
        "name": "t2_trench08",
        "tm": [
          [0.4945,0.0,0.869179],
          [0.0,1.0,0.0],
          [-0.869179,0.0,0.4945],
          [1212.26,357.511,492.75]
        ],
        "unit_class": "rendinst_fortification_sandbags_onground_a",
        "objLayer": 2,
        "props": {
          "army": 2,
          "active": true
        }
      }
    },
    {
      "objectGroups": {
        "name": "t2_trench09",
        "tm": [
          [0.0266531,0.0,0.999645],
          [0.0,1.0,0.0],
          [-0.999645,0.0,0.0266531],
          [1259.15,356.697,432.475]
        ],
        "unit_class": "rendinst_fortification_sandbags_onground_a",
        "objLayer": 2,
        "props": {
          "army": 2,
          "active": true
        }
      }
    },
    {
      "objectGroups": {
        "name": "t2_trench10",
        "tm": [
          [-0.344034,0.0,0.938956],
          [0.0,1.0,0.0],
          [-0.938956,0.0,-0.344034],
          [1286.33,357.462,441.963]
        ],
        "unit_class": "rendinst_fortification_sandbags_onground_a",
        "objLayer": 2,
        "props": {
          "army": 2,
          "active": true
        }
      }
    },
    {
      "objectGroups": {
        "name": "t2_trench11",
        "tm": [
          [-0.0343509,0.0,0.999409],
          [0.0,1.0,0.0],
          [-0.999409,0.0,-0.0343509],
          [1249.77,356.584,437.492]
        ],
        "unit_class": "rendinst_fortification_sandbags_onground_a",
        "objLayer": 2,
        "props": {
          "army": 2,
          "active": true
        }
      }
    },
    {
      "objectGroups": {
        "name": "t2_trench12",
        "tm": [
          [-0.141013,0.0,0.990007],
          [0.0,1.0,0.0],
          [-0.990007,0.0,-0.141013],
          [1007.15,360.337,435.062]
        ],
        "unit_class": "rendinst_fortification_sandbags_onground_a",
        "objLayer": 2,
        "props": {
          "army": 2,
          "active": true
        }
      }
    },
    {
      "objectGroups": {
        "name": "t2_trench13",
        "tm": [
          [0.0668064,0.0,0.997766],
          [0.0,1.0,0.0],
          [-0.997766,0.0,0.0668092],
          [962.817,356.565,387.588]
        ],
        "unit_class": "rendinst_fortification_sandbags_onground_a",
        "objLayer": 2,
        "props": {
          "army": 2,
          "active": true
        }
      }
    },
    {
      "squad": {
        "name": "t2_trench_sq",
        "tm": [
          [-0.900639,0.0,-0.434569],
          [0.0,1.0,0.0],
          [0.434569,0.0,-0.900639],
          [2043.34,1147.07,1983.3]
        ],
        "props": [
          {
            "object_marking": 0
          },
          {
            "squad_members": "t2_trench01"
          },
          {
            "squad_members": "t2_trench02"
          },
          {
            "squad_members": "t2_trench03"
          },
          {
            "squad_members": "t2_trench04"
          },
          {
            "squad_members": "t2_trench05"
          },
          {
            "squad_members": "t2_trench06"
          },
          {
            "squad_members": "t2_trench07"
          },
          {
            "squad_members": "t2_trench08"
          },
          {
            "squad_members": "t2_trench09"
          },
          {
            "squad_members": "t2_trench10"
          },
          {
            "squad_members": "t2_trench11"
          },
          {
            "squad_members": "t2_trench12"
          },
          {
            "squad_members": "t2_trench13"
          }
        ]
      }
    },
    {
      "tankModels": {
        "name": "t2_antiTankGun01",
        "tm": [
          [-0.00211197,0.0,0.999997],
          [0.0,1.0,0.0],
          [-0.999997,0.0,-0.00211197],
          [963.01,356.575,386.681]
        ],
        "unit_class": "germ_at_gun_pak38",
        "objLayer": 1,
        "closed_waypoints": false,
        "isShipSpline": false,
        "shipTurnRadius": 100.0,
        "weapons": "",
        "bullets0": "",
        "bullets1": "",
        "bullets2": "",
        "bullets3": "",
        "bulletsCount0": 0,
        "bulletsCount1": 0,
        "bulletsCount2": 0,
        "bulletsCount3": 0,
        "props": {
          "army": 2,
          "count": 1,
          "formation_type": "rows",
          "formation_div": 3,
          "formation_step": [2.5,2.0],
          "formation_noise": [0.1,0.1],
          "uniqueName": "",
          "attack_type": "fire_at_will",
          "unitReplacementType": "antiTankGun"
        },
        "way": []
      }
    },
    {
      "tankModels": {
        "name": "t2_antiTankGun02",
        "tm": [
          [0.60965,0.0,0.792669],
          [0.0,1.0,0.0],
          [-0.792669,0.0,0.60965],
          [1646.5,358.199,631.219]
        ],
        "unit_class": "germ_at_gun_pak38",
        "objLayer": 1,
        "closed_waypoints": false,
        "isShipSpline": false,
        "shipTurnRadius": 100.0,
        "weapons": "",
        "bullets0": "",
        "bullets1": "",
        "bullets2": "",
        "bullets3": "",
        "bulletsCount0": 0,
        "bulletsCount1": 0,
        "bulletsCount2": 0,
        "bulletsCount3": 0,
        "props": {
          "army": 2,
          "count": 1,
          "formation_type": "rows",
          "formation_div": 3,
          "formation_step": [2.5,2.0],
          "formation_noise": [0.1,0.1],
          "uniqueName": "",
          "attack_type": "fire_at_will",
          "unitReplacementType": "antiTankGun"
        },
        "way": []
      }
    },
    {
      "tankModels": {
        "name": "t2_antiTankGun03",
        "tm": [
          [-0.360828,0.0,0.932633],
          [0.0,1.0,0.0],
          [-0.932633,0.0,-0.360828],
          [1286.82,357.513,440.99]
        ],
        "unit_class": "germ_at_gun_pak38",
        "objLayer": 1,
        "closed_waypoints": false,
        "isShipSpline": false,
        "shipTurnRadius": 100.0,
        "weapons": "",
        "bullets0": "",
        "bullets1": "",
        "bullets2": "",
        "bullets3": "",
        "bulletsCount0": 0,
        "bulletsCount1": 0,
        "bulletsCount2": 0,
        "bulletsCount3": 0,
        "props": {
          "army": 2,
          "count": 1,
          "formation_type": "rows",
          "formation_div": 3,
          "formation_step": [2.5,2.0],
          "formation_noise": [0.1,0.1],
          "uniqueName": "",
          "attack_type": "fire_at_will",
          "unitReplacementType": "antiTankGun"
        },
        "way": []
      }
    },
    {
      "tankModels": {
        "name": "t2_antiTankGun04",
        "tm": [
          [-0.43296,0.0,0.901413],
          [0.0,1.0,0.0],
          [-0.901413,0.0,-0.43296],
          [1285.98,356.108,493.899]
        ],
        "unit_class": "germ_at_gun_pak38",
        "objLayer": 1,
        "closed_waypoints": false,
        "isShipSpline": false,
        "shipTurnRadius": 100.0,
        "weapons": "",
        "bullets0": "",
        "bullets1": "",
        "bullets2": "",
        "bullets3": "",
        "bulletsCount0": 0,
        "bulletsCount1": 0,
        "bulletsCount2": 0,
        "bulletsCount3": 0,
        "props": {
          "army": 2,
          "count": 1,
          "formation_type": "rows",
          "formation_div": 3,
          "formation_step": [2.5,2.0],
          "formation_noise": [0.1,0.1],
          "uniqueName": "",
          "attack_type": "fire_at_will",
          "unitReplacementType": "antiTankGun"
        },
        "way": []
      }
    },
    {
      "tankModels": {
        "name": "t2_antiTankGun05",
        "tm": [
          [0.10379,0.0,0.9946],
          [0.0,1.0,0.0],
          [-0.9946,0.0,0.10379],
          [997.9,356.513,320.2]
        ],
        "unit_class": "germ_at_gun_pak38",
        "objLayer": 1,
        "closed_waypoints": false,
        "isShipSpline": false,
        "shipTurnRadius": 100.0,
        "weapons": "",
        "bullets0": "",
        "bullets1": "",
        "bullets2": "",
        "bullets3": "",
        "bulletsCount0": 0,
        "bulletsCount1": 0,
        "bulletsCount2": 0,
        "bulletsCount3": 0,
        "props": {
          "army": 2,
          "count": 1,
          "formation_type": "rows",
          "formation_div": 3,
          "formation_step": [2.5,2.0],
          "formation_noise": [0.1,0.1],
          "uniqueName": "",
          "attack_type": "fire_at_will",
          "unitReplacementType": "antiTankGun"
        },
        "way": []
      }
    },
    {
      "tankModels": {
        "name": "t2_antiTankGun06",
        "tm": [
          [-0.167557,0.0,0.985862],
          [0.0,1.0,0.0],
          [-0.985862,0.0,-0.167557],
          [1007.37,360.396,434.088]
        ],
        "unit_class": "germ_at_gun_pak38",
        "objLayer": 1,
        "closed_waypoints": false,
        "isShipSpline": false,
        "shipTurnRadius": 100.0,
        "weapons": "",
        "bullets0": "",
        "bullets1": "",
        "bullets2": "",
        "bullets3": "",
        "bulletsCount0": 0,
        "bulletsCount1": 0,
        "bulletsCount2": 0,
        "bulletsCount3": 0,
        "props": {
          "army": 2,
          "count": 1,
          "formation_type": "rows",
          "formation_div": 3,
          "formation_step": [2.5,2.0],
          "formation_noise": [0.1,0.1],
          "uniqueName": "",
          "attack_type": "fire_at_will",
          "unitReplacementType": "antiTankGun"
        },
        "way": []
      }
    },
    {
      "tankModels": {
        "name": "t2_antiTankGun07",
        "tm": [
          [0.0208064,0.0,0.999783],
          [0.0,1.0,0.0],
          [-0.999783,0.0,0.0208064],
          [1249.54,356.607,436.404]
        ],
        "unit_class": "germ_at_gun_pak38",
        "objLayer": 1,
        "closed_waypoints": false,
        "isShipSpline": false,
        "shipTurnRadius": 100.0,
        "weapons": "",
        "bullets0": "",
        "bullets1": "",
        "bullets2": "",
        "bullets3": "",
        "bulletsCount0": 0,
        "bulletsCount1": 0,
        "bulletsCount2": 0,
        "bulletsCount3": 0,
        "props": {
          "army": 2,
          "count": 1,
          "formation_type": "rows",
          "formation_div": 3,
          "formation_step": [2.5,2.0],
          "formation_noise": [0.1,0.1],
          "uniqueName": "",
          "attack_type": "fire_at_will",
          "unitReplacementType": "antiTankGun"
        },
        "way": []
      }
    },
    {
      "tankModels": {
        "name": "t2_antiTankGun08",
        "tm": [
          [-0.0251147,0.0,0.999684],
          [0.0,1.0,0.0],
          [-0.999684,0.0,-0.0251147],
          [1259.11,356.697,431.513]
        ],
        "unit_class": "germ_at_gun_pak38",
        "objLayer": 1,
        "closed_waypoints": false,
        "isShipSpline": false,
        "shipTurnRadius": 100.0,
        "weapons": "",
        "bullets0": "",
        "bullets1": "",
        "bullets2": "",
        "bullets3": "",
        "bulletsCount0": 0,
        "bulletsCount1": 0,
        "bulletsCount2": 0,
        "bulletsCount3": 0,
        "props": {
          "army": 2,
          "count": 1,
          "formation_type": "rows",
          "formation_div": 3,
          "formation_step": [2.5,2.0],
          "formation_noise": [0.1,0.1],
