{
  "entity": [
    {
      "_template": "unit_loader",
      "setting__unitType": "template:rail_wagon",
      "setting__attack_type": "dont_aim",
      "setting__loadSound": false,
      "setting__unit_class": "ussr_railway_freight_car_red",
      "setting__className": "tankModels/ussr_railway_freight_car_red",
      "setting__tm": [
        [
          0.819152,
          0.0,
          0.573576
        ],
        [
          0.0,
          1.0,
          0.0
        ],
        [
          -0.573576,
          0.0,
          0.819152
        ],
        [
          2020.2,
          5.75683,
          2620.6
        ]
      ]
    },
    {
      "_template": "unit_loader",
      "setting__unitType": "template:rail_wagon",
      "setting__attack_type": "dont_aim",
      "setting__loadSound": false,
      "setting__unit_class": "ussr_railway_freight_car_red",
      "setting__className": "tankModels/ussr_railway_freight_car_red",
      "setting__tm": [
        [
          0.819152,
          0.0,
          0.573576
        ],
        [
          0.0,
          1.0,
          0.0
        ],
        [
          -0.573576,
          0.0,
          0.819152
        ],
        [
          1990.95,
          0.0,
          2595.2
        ]
      ]
    },
    {
      "_template": "unit_loader",
      "setting__unitType": "template:rail_wagon",
      "setting__attack_type": "dont_aim",
      "setting__loadSound": false,
      "setting__unit_class": "ussr_railway_freight_car_red",
      "setting__className": "tankModels/ussr_railway_freight_car_red",
      "setting__tm": [
        [
          0.819152,
          0.0,
          0.573576
        ],
        [
          0.0,
          1.0,
          0.0
        ],
        [
          -0.573576,
          0.0,
          0.819152
        ],
        [
          2078.3,
          6.08875,
          2662.05
        ]
      ]
    },
    {
      "_template": "unit_loader",
      "setting__unitType": "template:rail_wagon",
      "setting__attack_type": "dont_aim",
      "setting__loadSound": false,
      "setting__unit_class": "ussr_railway_freight_car_red",
      "setting__className": "tankModels/ussr_railway_freight_car_red",
      "setting__tm": [
        [
          0.819152,
          0.0,
          0.573576
        ],
        [
          0.0,
          1.0,
          0.0
        ],
        [
          -0.573576,
          0.0,
          0.819152
        ],
        [
          2041.0,
          5.80103,
          2628.3
        ]
      ]
    },
    {
      "_template": "unit_loader",
      "setting__unitType": "template:rail_wagon",
      "setting__attack_type": "dont_aim",
      "setting__loadSound": false,
      "setting__unit_class": "ussr_railway_freight_car_red",
      "setting__className": "tankModels/ussr_railway_freight_car_red",
      "setting__tm": [
        [
          0.819152,
          0.0,
          0.573576
        ],
        [
          0.0,
          1.0,
          0.0
        ],
        [
          -0.573576,
          0.0,
          0.819152
        ],
        [
          2053.95,
          0.0,
          2637.1
        ]
      ]
    },
    {
      "_template": "unit_loader",
      "setting__unitType": "template:rail_wagon",
      "setting__attack_type": "dont_aim",
      "setting__loadSound": false,
      "setting__unit_class": "ussr_railway_freight_car_red",
      "setting__className": "tankModels/ussr_railway_freight_car_red",
      "setting__tm": [
        [
          0.88701,
          0.0,
          -0.461748
        ],
        [
          0.0,
          1.0,
          0.0
        ],
        [
          0.461748,
          0.0,
          0.88701
        ],
        [
          1019.55,
          5.43458,
          1442.55
        ]
      ]
    },
    {
      "_template": "unit_loader",
      "setting__unitType": "template:rail_wagon",
      "setting__attack_type": "dont_aim",
      "setting__loadSound": false,
      "setting__unit_class": "ussr_railway_freight_car_red",
      "setting__className": "tankModels/ussr_railway_freight_car_red",
      "setting__tm": [
        [
          -0.736007,
          0.0184784,
          0.676722
        ],
        [
          0.00155522,
          0.999671,
          -0.025606
        ],
        [
          -0.676972,
          -0.0177937,
          -0.735794
        ],
        [
          1031.5,
          5.41704,
          1418.7
        ]
      ]
    },
    {
      "_template": "unit_loader",
      "setting__unitType": "template:rail_wagon",
      "setting__attack_type": "dont_aim",
      "setting__loadSound": false,
      "setting__unit_class": "ussr_railway_freight_car_red",
      "setting__className": "tankModels/ussr_railway_freight_car_red",
      "setting__tm": [
        [
          0.887011,
          0.0,
          -0.461749
        ],
        [
          0.0,
          1.0,
          0.0
        ],
        [
          0.461749,
          0.0,
          0.887011
        ],
        [
          938.05,
          5.51843,
          1485.65
        ]
      ]
    },
    {
      "_template": "unit_loader",
      "setting__unitType": "template:rail_wagon",
      "setting__attack_type": "dont_aim",
      "setting__loadSound": false,
      "setting__unit_class": "ussr_railway_freight_car_red",
      "setting__className": "tankModels/ussr_railway_freight_car_red",
      "setting__tm": [
        [
          0.887011,
          0.0,
          -0.461749
        ],
        [
          0.0,
          1.0,
          0.0
        ],
        [
          0.461749,
          0.0,
          0.887011
        ],
        [
          1041.9,
          5.41428,
          1429.7
        ]
      ]
    },
    {
      "_template": "unit_loader",
      "setting__unitType": "template:rail_wagon",
      "setting__attack_type": "dont_aim",
      "setting__loadSound": false,
      "setting__unit_class": "ussr_railway_freight_car_red",
      "setting__className": "tankModels/ussr_railway_freight_car_red",
      "setting__tm": [
        [
          0.5,
          0.0,
          -0.866025
        ],
        [
          0.0,
          1.0,
          0.0
        ],
        [
          0.866025,
          0.0,
          0.5
        ],
        [
          1056.45,
          5.41428,
          1387.25
        ]
      ]
    },
    {
      "_template": "unit_loader",
      "setting__unitType": "template:rail_wagon",
      "setting__attack_type": "dont_aim",
      "setting__loadSound": false,
      "setting__unit_class": "ussr_railway_freight_car_red",
      "setting__className": "tankModels/ussr_railway_freight_car_red",
      "setting__tm": [
        [
          0.793353,
          0.0,
          -0.608761
        ],
        [
          0.0,
          1.0,
          0.0
        ],
        [
          0.608761,
          0.0,
          0.793353
        ],
        [
          977.55,
          5.41428,
          1460.7
        ]
      ]
    },
    {
      "_template": "unit_loader",
      "setting__unitType": "template:rail_wagon",
      "setting__attack_type": "dont_aim",
      "setting__loadSound": false,
      "setting__unit_class": "ussr_railway_freight_car_red",
      "setting__className": "tankModels/ussr_railway_freight_car_red",
      "setting__tm": [
        [
          0.34202,
          0.0,
          -0.939692
        ],
        [
          0.0,
          1.0,
          0.0
        ],
        [
          0.939692,
          0.0,
          0.34202
        ],
        [
          1100.85,
          5.42395,
          1300.5
        ]
      ]
    },
    {
      "_template": "unit_loader",
      "setting__unitType": "template:rail_wagon",
      "setting__attack_type": "dont_aim",
      "setting__loadSound": false,
      "setting__unit_class": "ussr_railway_freight_car_red",
      "setting__className": "tankModels/ussr_railway_freight_car_red",
      "setting__tm": [
        [
          0.5,
          0.0,
          -0.866025
        ],
        [
          0.0,
          1.0,
          0.0
        ],
        [
          0.866025,
          0.0,
          0.5
        ],
        [
          1069.95,
          5.41428,
          1361.75
        ]
      ]
    },
    {
      "_template": "unit_loader",
      "setting__unitType": "template:rail_wagon",
      "setting__attack_type": "dont_aim",
      "setting__loadSound": false,
      "setting__unit_class": "ussr_railway_freight_car_red",
      "setting__className": "tankModels/ussr_railway_freight_car_red",
      "setting__tm": [
        [
          0.88701,
          0.0,
          -0.461748
        ],
        [
          0.0,
          1.0,
          0.0
        ],
        [
          0.461748,
          0.0,
          0.88701
        ],
        [
          839.6,
          7.4346,
          1537.0
        ]
      ]
    },
    {
      "_template": "unit_loader",
      "setting__unitType": "template:rail_wagon",
      "setting__attack_type": "dont_aim",
      "setting__loadSound": false,
      "setting__unit_class": "ussr_railway_freight_car_red",
      "setting__className": "tankModels/ussr_railway_freight_car_red",
      "setting__tm": [
        [
          0.88701,
          0.0,
          -0.461748
        ],
        [
          0.0,
          1.0,
          0.0
        ],
        [
          0.461748,
          0.0,
          0.88701
        ],
        [
          645.8,
          8.22969,
          1640.35
        ]
      ]
    },
    {
      "_template": "unit_loader",
      "setting__unitType": "template:rail_wagon",
      "setting__attack_type": "dont_aim",
      "setting__loadSound": false,
      "setting__unit_class": "ussr_railway_freight_car_red",
      "setting__className": "tankModels/ussr_railway_freight_car_red",
      "setting__tm": [
        [
          0.866025,
          0.0,
          -0.5
        ],
        [
          0.0,
          1.0,
          0.0
        ],
        [
          0.5,
          0.0,
          0.866025
        ],
        [
          723.4,
          7.99715,
          1599.8
        ]
      ]
    },
    {
      "_template": "unit_loader",
      "setting__unitType": "template:rail_wagon",
      "setting__attack_type": "dont_aim",
      "setting__loadSound": false,
      "setting__unit_class": "ussr_railway_freight_car_red",
      "setting__className": "tankModels/ussr_railway_freight_car_red",
      "setting__tm": [
        [
          0.906308,
          0.0,
          -0.422618
        ],
        [
          0.0,
          1.0,
          0.0
        ],
        [
          0.422618,
          0.0,
          0.906308
        ],
        [
          1348.4,
          5.42533,
          884.0
        ]
      ]
    },
    {
      "_template": "unit_loader",
      "setting__unitType": "template:rail_wagon",
      "setting__attack_type": "dont_aim",
      "setting__loadSound": false,
      "setting__unit_class": "ussr_railway_freight_car_red",
      "setting__className": "tankModels/ussr_railway_freight_car_red",
      "setting__tm": [
        [
          -0.298915,
          0.0248996,
          0.953955
        ],
        [
          0.00155522,
          0.999671,
          -0.025606
        ],
        [
          -0.954279,
          -0.00617056,
          -0.298855
        ],
        [
          1139.7,
          5.60213,
          1174.0
        ]
      ]
    },
    {
      "_template": "unit_loader",
      "setting__unitType": "template:rail_wagon",
      "setting__attack_type": "dont_aim",
      "setting__loadSound": false,
      "setting__unit_class": "ussr_railway_freight_car_red",
      "setting__className": "tankModels/ussr_railway_freight_car_red",
      "setting__tm": [
        [
          -0.340255,
          0.0246068,
          0.940011
        ],
        [
          0.00155522,
          0.999671,
          -0.025606
        ],
        [
          -0.940332,
          -0.00725079,
          -0.340182
        ],
        [
          1116.55,
          5.56137,
          1251.45
        ]
      ]
    },
    {
      "_template": "unit_loader",
      "setting__unitType": "template:rail_wagon",
      "setting__attack_type": "dont_aim",
      "setting__loadSound": false,
      "setting__unit_class": "ussr_railway_freight_car_red",
      "setting__className": "tankModels/ussr_railway_freight_car_red",
      "setting__tm": [
        [
          -0.460069,
          0.0238812,
          0.887562
        ],
        [
          0.00267066,
          0.999671,
          -0.0255138
        ],
        [
          -0.88788,
          -0.00936783,
          -0.459981
        ],
        [
          1199.3,
          5.44743,
          1029.71
        ]
      ]
    },
    {
      "_template": "unit_loader",
      "setting__unitType": "template:rail_wagon",
      "setting__attack_type": "dont_aim",
      "setting__loadSound": false,
      "setting__unit_class": "ussr_railway_freight_car_red",
      "setting__className": "tankModels/ussr_railway_freight_car_red",
      "setting__tm": [
        [
          -0.572037,
          0.0218917,
          0.819936
        ],
        [
          0.00155522,
          0.999671,
          -0.025606
        ],
        [
          -0.820226,
          -0.0133724,
          -0.571883
        ],
        [
          1225.0,
          5.47934,
          983.55
        ]
      ]
    },
    {
      "_template": "unit_loader",
      "setting__unitType": "template:rail_wagon",
      "setting__attack_type": "dont_aim",
      "setting__loadSound": false,
      "setting__unit_class": "ussr_railway_freight_car_red",
      "setting__className": "tankModels/ussr_railway_freight_car_red",
      "setting__tm": [
        [
          0.572037,
          -0.0218917,
          -0.819936
        ],
        [
          0.00155522,
          0.999671,
          -0.025606
        ],
        [
          0.820226,
          0.0133724,
          0.571883
        ],
        [
          1284.6,
          5.4792,
          908.5
        ]
      ]
    },
    {
      "_template": "unit_loader",
      "setting__unitType": "template:rail_wagon",
      "setting__attack_type": "dont_aim",
      "setting__loadSound": false,
      "setting__unit_class": "ussr_railway_freight_car_red",
      "setting__className": "tankModels/ussr_railway_freight_car_red",
      "setting__tm": [
        [
          -0.380948,
          0.0242671,
          0.924278
        ],
        [
          0.00155522,
          0.999671,
          -0.025606
        ],
        [
          -0.924595,
          -0.00831723,
          -0.380861
        ],
        [
          1164.15,
          5.53419,
          1105.65
        ]
      ]
    },
    {
      "_template": "unit_loader",
      "setting__unitType": "template:rail_wagon",
      "setting__attack_type": "dont_aim",
      "setting__loadSound": false,
      "setting__unit_class": "ussr_railway_freight_car_red",
      "setting__className": "tankModels/ussr_railway_freight_car_red",
      "setting__tm": [
        [
          -0.818073,
          0.0159978,
          0.574892
        ],
        [
          0.00155522,
          0.999671,
          -0.025606
        ],
        [
          -0.575112,
          -0.0200534,
          -0.817829
        ],
        [
          1387.0,
          5.44743,
          800.95
        ]
      ]
    },
    {
      "_template": "unit_loader",
      "setting__unitType": "template:rail_wagon",
      "setting__attack_type": "dont_aim",
      "setting__loadSound": false,
      "setting__unit_class": "ussr_railway_freight_car_red",
      "setting__className": "tankModels/ussr_railway_freight_car_red",
      "setting__tm": [
        [
          -0.764836,
          0.0176847,
          0.643983
        ],
        [
          0.00155522,
          0.999671,
          -0.025606
        ],
        [
          -0.644224,
          -0.0185828,
          -0.764612
        ],
        [
          1599.9,
          5.41428,
          748.8
        ]
      ]
    },
    {
      "_template": "unit_loader",
      "setting__unitType": "template:rail_wagon",
      "setting__attack_type": "dont_aim",
      "setting__loadSound": false,
      "setting__unit_class": "ussr_railway_freight_car_red",
      "setting__className": "tankModels/ussr_railway_freight_car_red",
      "setting__tm": [
        [
          -0.705777,
          0.019237,
          0.708173
        ],
        [
          0.00155522,
          0.999671,
          -0.025606
        ],
        [
          -0.708432,
          -0.0169707,
          -0.705575
        ],
        [
          1619.15,
          5.41428,
          720.75
        ]
      ]
    },
    {
      "_template": "unit_loader",
      "setting__unitType": "template:rail_wagon",
      "setting__attack_type": "dont_aim",
      "setting__loadSound": false,
      "setting__unit_class": "ussr_railway_freight_car_red",
      "setting__className": "tankModels/ussr_railway_freight_car_red",
      "setting__tm": [
        [
          0.793353,
          0.0,
          0.608761
        ],
        [
          0.0,
          1.0,
          0.0
        ],
        [
          -0.608761,
          0.0,
          0.793353
        ],
        [
          1579.3,
          5.41428,
          871.55
        ]
      ]
    },
    {
      "_template": "unit_loader",
      "setting__unitType": "template:rail_wagon",
      "setting__attack_type": "dont_aim",
      "setting__loadSound": false,
      "setting__unit_class": "ussr_railway_freight_car_red",
      "setting__className": "tankModels/ussr_railway_freight_car_red",
      "setting__tm": [
        [
          0.793353,
          0.0,
          0.608761
        ],
        [
          0.0,
          1.0,
          0.0
        ],
        [
          -0.608761,
          0.0,
          0.793353
        ],
        [
          1636.35,
          5.41428,
          917.5
        ]
      ]
    },
    {
      "_template": "unit_loader",
      "setting__unitType": "template:rail_wagon",
      "setting__attack_type": "dont_aim",
      "setting__loadSound": false,
      "setting__unit_class": "ussr_railway_freight_car_red",
      "setting__className": "tankModels/ussr_railway_freight_car_red",
      "setting__tm": [
        [
          0.866025,
          0.0,
          0.5
        ],
        [
          0.0,
          1.0,
          0.0
        ],
        [
          -0.5,
          0.0,
          0.866025
        ],
        [
          1715.6,
          5.41428,
          963.35
        ]
      ]
    },
    {
      "_template": "unit_loader",
      "setting__unitType": "template:rail_wagon",
      "setting__attack_type": "dont_aim",
      "setting__loadSound": false,
      "setting__unit_class": "ussr_railway_freight_car_red",
      "setting__className": "tankModels/ussr_railway_freight_car_red",
      "setting__tm": [
        [
          0.866025,
          0.0,
          0.5
        ],
        [
          0.0,
          1.0,
          0.0
        ],
        [
          -0.5,
          0.0,
          0.866025
        ],
        [
          1753.25,
          5.41428,
          983.8
        ]
      ]
    },
    {
      "_template": "unit_loader",
      "setting__unitType": "template:rail_wagon",
      "setting__attack_type": "dont_aim",
      "setting__loadSound": false,
      "setting__unit_class": "ussr_railway_freight_car_red",
      "setting__className": "tankModels/ussr_railway_freight_car_red",
      "setting__tm": [
        [
          0.866025,
          0.0,
          0.5
        ],
        [
          0.0,
          1.0,
          0.0
        ],
        [
          -0.5,
          0.0,
          0.866025
        ],
        [
          1736.65,
          5.41428,
          974.3
        ]
      ]
    },
    {
      "_template": "unit_loader",
      "setting__unitType": "template:rail_wagon",
      "setting__attack_type": "dont_aim",
      "setting__loadSound": false,
      "setting__unit_class": "ussr_railway_freight_car_red",
      "setting__className": "tankModels/ussr_railway_freight_car_red",
      "setting__tm": [
        [
          -0.843391,
          0.0,
          -0.537299
        ],
        [
          0.0,
          1.0,
          0.0
        ],
        [
          0.537299,
          0.0,
          -0.843391
        ],
        [
          1650.15,
          5.41428,
          927.75
        ]
      ]
    },
    {
      "_template": "unit_loader",
      "setting__unitType": "template:rail_wagon",
      "setting__attack_type": "dont_aim",
      "setting__loadSound": false,
      "setting__unit_class": "ussr_railway_freight_car_red",
      "setting__className": "tankModels/ussr_railway_freight_car_red",
      "setting__tm": [
        [
          -0.793353,
          0.0,
          -0.608761
        ],
        [
          0.0,
          1.0,
          0.0
        ],
        [
          0.608761,
          0.0,
          -0.793353
        ],
        [
          1566.4,
          5.41428,
          861.95
        ]
      ]
    },
    {
      "_template": "unit_loader",
      "setting__unitType": "template:rail_wagon",
      "setting__attack_type": "dont_aim",
      "setting__loadSound": false,
      "setting__unit_class": "ussr_railway_freight_car_red",
      "setting__className": "tankModels/ussr_railway_freight_car_red",
      "setting__tm": [
        [
          -0.939692,
          0.0,
          0.34202
        ],
        [
          0.0,
          1.0,
          0.0
        ],
        [
          -0.34202,
          0.0,
          -0.939692
        ],
        [
          1363.4,
          5.42533,
          878.05
        ]
      ]
    },
    {
      "_template": "unit_loader",
      "setting__unitType": "template:rail_wagon",
      "setting__attack_type": "dont_aim",
      "setting__loadSound": false,
      "setting__unit_class": "ussr_railway_freight_car_red",
      "setting__className": "tankModels/ussr_railway_freight_car_red",
      "setting__tm": [
        [
          -0.642787,
          0.0,
          0.766044
        ],
        [
          0.0,
          1.0,
          0.0
        ],
        [
          -0.766044,
          0.0,
          -0.642787
        ],
        [
          1255.8,
          5.42588,
          971.3
        ]
      ]
    },
    {
      "_template": "unit_loader",
      "setting__unitType": "template:rail_wagon",
      "setting__attack_type": "dont_aim",
      "setting__loadSound": false,
      "setting__unit_class": "ussr_railway_freight_car_red",
      "setting__className": "tankModels/ussr_railway_freight_car_red",
      "setting__tm": [
        [
          0.608761,
          0.0,
          -0.793353
        ],
        [
          0.0,
          1.0,
          0.0
        ],
        [
          0.793353,
          0.0,
          0.608761
        ],
        [
          1274.85,
          5.50902,
          920.2
        ]
      ]
    },
    {
      "_template": "unit_loader",
      "setting__unitType": "template:rail_wagon",
      "setting__attack_type": "dont_aim",
      "setting__loadSound": false,
      "setting__unit_class": "ussr_railway_freight_car_red",
      "setting__className": "tankModels/ussr_railway_freight_car_red",
      "setting__tm": [
        [
          0.793353,
          0.0,
          -0.608761
        ],
        [
          0.0,
          1.0,
          0.0
        ],
        [
          0.608761,
          0.0,
          0.793353
        ],
        [
          1309.1,
          5.43638,
          909.85
        ]
      ]
    },
    {
      "_template": "unit_loader",
      "setting__unitType": "template:rail_wagon",
      "setting__attack_type": "dont_aim",
      "setting__loadSound": false,
      "setting__unit_class": "ussr_railway_freight_car_red",
      "setting__className": "tankModels/ussr_railway_freight_car_red",
      "setting__tm": [
        [
          0.736007,
          -0.0184784,
          -0.676722
        ],
        [
          0.00155522,
          0.999671,
          -0.025606
        ],
        [
          0.676972,
          0.0177937,
          0.735794
        ],
        [
          1374.6,
          5.44743,
          810.65
        ]
      ]
    },
    {
      "_template": "unit_loader",
      "setting__unitType": "template:rail_wagon",
      "setting__attack_type": "dont_aim",
      "setting__loadSound": false,
      "setting__unit_class": "ussr_railway_freight_car_red",
      "setting__className": "tankModels/ussr_railway_freight_car_red",
      "setting__tm": [
        [
          0.842381,
          -0.0151079,
          -0.538671
        ],
        [
          0.00155522,
          0.999671,
          -0.025606
        ],
        [
          0.538881,
          0.0207321,
          0.842127
        ],
        [
          1586.25,
          5.41428,
          758.2
        ]
      ]
    },
    {
      "_template": "unit_loader",
      "setting__unitType": "template:rail_wagon",
      "setting__attack_type": "dont_aim",
      "setting__loadSound": false,
      "setting__unit_class": "ussr_railway_freight_car_red",
      "setting__className": "tankModels/ussr_railway_freight_car_red",
      "setting__tm": [
        [
          -0.705777,
          0.019237,
          0.708173
        ],
        [
          0.00155522,
          0.999671,
          -0.025606
        ],
        [
          -0.708432,
          -0.0169707,
          -0.705575
        ],
        [
          1674.45,
          5.41428,
          663.3
        ]
      ]
    },
    {
      "_template": "unit_loader",
      "setting__unitType": "template:rail_wagon",
      "setting__attack_type": "dont_aim",
      "setting__loadSound": false,
      "setting__unit_class": "ussr_railway_freight_car_red",
      "setting__className": "tankModels/ussr_railway_freight_car_red",
      "setting__tm": [
        [
          -0.705777,
          0.019237,
          0.708173
        ],
        [
          0.00155522,
          0.999671,
          -0.025606
        ],
        [
          -0.708432,
          -0.0169707,
          -0.705575
        ],
        [
          1707.6,
          5.41428,
          640.9
        ]
      ]
    },
    {
      "_template": "unit_loader",
      "setting__unitType": "template:rail_wagon",
      "setting__attack_type": "dont_aim",
      "setting__loadSound": false,
      "setting__unit_class": "ussr_railway_freight_car_red",
      "setting__className": "tankModels/ussr_railway_freight_car_red",
      "setting__tm": [
        [
          -0.705777,
          0.019237,
          0.708173
        ],
        [
          0.00155522,
          0.999671,
          -0.025606
        ],
        [
          -0.708432,
          -0.0169707,
          -0.705575
        ],
        [
          1743.8,
          5.41428,
          591.8
        ]
      ]
    },
    {
      "_template": "unit_loader",
      "setting__unitType": "template:rail_wagon",
      "setting__attack_type": "dont_aim",
      "setting__loadSound": false,
      "setting__unit_class": "ussr_railway_freight_car_red",
      "setting__className": "tankModels/ussr_railway_freight_car_red",
      "setting__tm": [
        [
          -0.460082,
          0.0234499,
          0.887567
        ],
        [
          0.00155522,
          0.999671,
          -0.025606
        ],
        [
          -0.887875,
          -0.0104006,
          -0.459967
        ],
        [
          1809.95,
          5.41428,
          515.9
        ]
      ]
    },
    {
      "_template": "unit_loader",
      "setting__unitType": "template:rail_wagon",
      "setting__attack_type": "dont_aim",
      "setting__loadSound": false,
      "setting__unit_class": "ussr_railway_freight_car_red",
      "setting__className": "tankModels/ussr_railway_freight_car_red",
      "setting__tm": [
        [
          -0.214606,
          0.00427022,
          0.976691
        ],
        [
          0.00155522,
          0.999991,
          -0.00403076
        ],
        [
          -0.9767,
          0.000653747,
          -0.214611
        ],
        [
          1842.7,
          5.41428,
          429.75
        ]
      ]
    },
    {
      "_template": "unit_loader",
      "setting__unitType": "template:rail_wagon",
      "setting__attack_type": "dont_aim",
      "setting__loadSound": false,
      "setting__unit_class": "ussr_railway_freight_car_red",
      "setting__className": "tankModels/ussr_railway_freight_car_red",
      "setting__tm": [
        [
          0.674205,
          -0.0199589,
          -0.738275
        ],
        [
          0.00155522,
          0.999671,
          -0.025606
        ],
        [
          0.738543,
          0.0161155,
          0.674013
        ],
        [
          1718.2,
          5.41428,
          629.7
        ]
      ]
    },
    {
      "_template": "unit_loader",
      "setting__unitType": "template:rail_wagon",
      "setting__attack_type": "dont_aim",
      "setting__loadSound": false,
      "setting__unit_class": "ussr_railway_freight_car_red",
      "setting__className": "tankModels/ussr_railway_freight_car_red",
      "setting__tm": [
        [
          0.674205,
          -0.0199589,
          -0.738275
        ],
        [
          0.00155522,
          0.999671,
          -0.025606
        ],
        [
          0.738543,
          0.0161155,
          0.674013
        ],
        [
          1687.05,
          5.41428,
          650.6
        ]
      ]
    },
    {
      "_template": "unit_loader",
      "setting__unitType": "template:rail_wagon",
      "setting__attack_type": "dont_aim",
      "setting__loadSound": false,
      "setting__unit_class": "ussr_railway_freight_car_red",
      "setting__className": "tankModels/ussr_railway_freight_car_red",
      "setting__tm": [
        [
          0.674205,
          -0.0199589,
          -0.738275
        ],
        [
          0.00155522,
          0.999671,
          -0.025606
        ],
        [
          0.738543,
          0.0161155,
          0.674013
        ],
        [
          1608.55,
          5.41428,
          731.4
        ]
      ]
    },
    {
      "_template": "unit_loader",
      "setting__unitType": "template:rail_wagon",
      "setting__attack_type": "dont_aim",
      "setting__loadSound": false,
      "setting__unit_class": "ussr_railway_freight_car_red",
      "setting__className": "tankModels/ussr_railway_freight_car_red",
      "setting__tm": [
        [
          0.736007,
          -0.0184784,
          -0.676722
        ],
        [
          0.00155522,
          0.999671,
          -0.025606
        ],
        [
          0.676972,
          0.0177937,
          0.735794
        ],
        [
          1656.6,
          5.41428,
          695.5
        ]
      ]
    },
    {
      "_template": "unit_loader",
      "setting__unitType": "template:rail_wagon",
      "setting__attack_type": "dont_aim",
      "setting__loadSound": false,
      "setting__unit_class": "ussr_railway_freight_car_red",
      "setting__className": "tankModels/ussr_railway_freight_car_red",
      "setting__tm": [
        [
          -0.705777,
          0.019237,
          0.708173
        ],
        [
          0.00155522,
          0.999671,
          -0.025606
        ],
        [
          -0.708432,
          -0.0169707,
          -0.705575
        ],
        [
          1645.25,
          5.41428,
          706.55
        ]
      ]
    },
    {
      "_template": "unit_loader",
      "setting__unitType": "template:rail_wagon",
      "setting__attack_type": "dont_aim",
      "setting__loadSound": false,
      "setting__unit_class": "ussr_railway_freight_car_red",
      "setting__className": "tankModels/ussr_railway_freight_car_red",
      "setting__tm": [
        [
          0.674205,
          -0.0199589,
          -0.738275
        ],
        [
          0.00155522,
          0.999671,
          -0.025606
        ],
        [
          0.738543,
          0.0161155,
          0.674013
        ],
        [
          1732.2,
          5.41428,
          603.55
        ]
      ]
    },
    {
      "_template": "unit_loader",
      "setting__unitType": "template:rail_wagon",
      "setting__attack_type": "dont_aim",
      "setting__loadSound": false,
      "setting__unit_class": "ussr_railway_freight_car_red",
      "setting__className": "tankModels/ussr_railway_freight_car_red",
      "setting__tm": [
        [
          0.460083,
          -0.0234499,
          -0.887567
        ],
        [
          0.00155522,
          0.999671,
          -0.025606
        ],
        [
          0.887875,
          0.0104006,
          0.459967
        ],
        [
          1802.55,
          5.41428,
          530.25
        ]
      ]
    },
    {
      "_template": "unit_loader",
      "setting__unitType": "template:rail_wagon",
      "setting__attack_type": "dont_aim",
      "setting__loadSound": false,
      "setting__unit_class": "ussr_railway_freight_car_red",
      "setting__className": "tankModels/ussr_railway_freight_car_red",
      "setting__tm": [
        [
          -0.213895,
          0.00909488,
          0.976815
        ],
        [
          0.0268891,
          0.999633,
          -0.00341978
        ],
        [
          -0.976487,
          0.025534,
          -0.214061
        ],
        [
          1839.45,
          5.41428,
          444.7
        ]
      ]
    },
    {
      "_template": "unit_loader",
      "setting__unitType": "template:rail_wagon",
      "setting__attack_type": "dont_aim",
      "setting__loadSound": false,
      "setting__unit_class": "ussr_railway_freight_car_red",
      "setting__className": "tankModels/ussr_railway_freight_car_red",
      "setting__tm": [
        [
          -0.387926,
          0.0255929,
          0.921335
        ],
        [
          0.00831552,
          0.999671,
          -0.024268
        ],
        [
          -0.921653,
          -0.00175304,
          -0.388011
        ],
        [
          1823.39,
          5.41428,
          480.553
        ]
      ]
    },
    {
      "_template": "unit_loader",
      "setting__unitType": "template:rail_wagon",
      "setting__attack_type": "dont_aim",
      "setting__loadSound": false,
      "setting__unit_class": "ussr_railway_freight_car_red",
      "setting__className": "tankModels/ussr_railway_freight_car_red",
      "setting__tm": [
        [
          0.996356,
          0.000635032,
          0.0852975
        ],
        [
          0.00155522,
          0.999671,
          -0.025606
        ],
        [
          -0.0852857,
          0.025645,
          0.996026
        ],
        [
          1503.6,
          5.41428,
          776.1
        ]
      ]
    },
    {
      "_template": "unit_loader",
      "setting__unitType": "template:rail_wagon",
      "setting__attack_type": "dont_aim",
      "setting__loadSound": false,
      "setting__unit_class": "ussr_railway_freight_car_red",
      "setting__className": "tankModels/ussr_railway_freight_car_red",
      "setting__tm": [
        [
          -0.842381,
          0.0151079,
          0.538672
        ],
        [
          0.00155522,
          0.999671,
          -0.025606
        ],
        [
          -0.538881,
          -0.0207321,
          -0.842127
        ],
        [
          1399.8,
          5.44743,
          791.7
        ]
      ]
    },
    {
      "_template": "unit_loader",
      "setting__unitType": "template:rail_wagon",
      "setting__attack_type": "dont_aim",
      "setting__loadSound": false,
      "setting__unit_class": "ussr_railway_freight_car_red",
      "setting__className": "tankModels/ussr_railway_freight_car_red",
      "setting__tm": [
        [
          0.923879,
          0.0,
          -0.382683
        ],
        [
          0.0,
          1.0,
          0.0
        ],
        [
          0.382683,
          0.0,
          0.923879
        ],
        [
          1409.9,
          5.41428,
          859.5
        ]
      ]
    },
    {
      "_template": "unit_loader",
      "setting__unitType": "template:rail_wagon",
      "setting__attack_type": "dont_aim",
      "setting__loadSound": false,
      "setting__unit_class": "ussr_railway_freight_car_red",
      "setting__className": "tankModels/ussr_railway_freight_car_red",
      "setting__tm": [
        [
          0.923879,
          0.0,
          -0.382684
        ],
        [
          0.0,
          1.0,
          0.0
        ],
        [
          0.382684,
          0.0,
          0.923879
        ],
        [
          1424.9,
          5.41428,
          853.55
        ]
      ]
    },
    {
      "_template": "unit_loader",
      "setting__unitType": "template:rail_wagon",
      "setting__attack_type": "dont_aim",
      "setting__loadSound": false,
      "setting__unit_class": "ussr_railway_freight_car_red",
      "setting__className": "tankModels/ussr_railway_freight_car_red",
      "setting__tm": [
        [
          -0.939692,
          0.0,
          0.34202
        ],
        [
          0.0,
          1.0,
          0.0
        ],
        [
          -0.34202,
          0.0,
          -0.939692
        ],
        [
          1395.95,
          5.41428,
          864.35
        ]
      ]
    },
    {
      "_template": "unit_loader",
      "setting__unitType": "template:rail_wagon",
      "setting__attack_type": "dont_aim",
      "setting__loadSound": false,
      "setting__unit_class": "ussr_railway_freight_car_red",
      "setting__className": "tankModels/ussr_railway_freight_car_red",
      "setting__tm": [
        [
          0.976296,
          0.0,
          0.21644
        ],
        [
          0.0,
          1.0,
          0.0
        ],
        [
          -0.21644,
          0.0,
          0.976296
        ],
        [
          1525.7,
          5.41428,
          840.6
        ]
      ]
    },
    {
      "_template": "unit_loader",
      "setting__unitType": "template:rail_wagon",
      "setting__attack_type": "dont_aim",
      "setting__loadSound": false,
      "setting__unit_class": "ussr_railway_freight_car_red",
      "setting__className": "tankModels/ussr_railway_freight_car_red",
      "setting__tm": [
        [
          -0.793353,
          0.0,
          -0.608761
        ],
        [
          0.0,
          1.0,
          0.0
        ],
        [
          0.608761,
          0.0,
          -0.793353
        ],
        [
          1624.9,
          5.41428,
          907.95
        ]
      ]
    },
    {
      "_template": "unit_loader",
      "setting__unitType": "template:rail_wagon",
      "setting__attack_type": "dont_aim",
      "setting__loadSound": false,
      "setting__unit_class": "ussr_railway_freight_car_red",
      "setting__className": "tankModels/ussr_railway_freight_car_red",
      "setting__tm": [
        [
          -0.818073,
          0.0159978,
          0.574892
        ],
        [
          0.00155522,
          0.999671,
          -0.025606
        ],
        [
          -0.575112,
          -0.0200534,
          -0.817829
        ],
        [
          1321.45,
          5.43638,
          900.75
        ]
      ]
    },
    {
      "_template": "unit_loader",
      "setting__unitType": "template:rail_wagon",
      "setting__attack_type": "dont_aim",
      "setting__loadSound": false,
      "setting__unit_class": "ussr_railway_freight_car_red",
      "setting__className": "tankModels/ussr_railway_freight_car_red",
      "setting__tm": [
        [
          0.674205,
          -0.019959,
          -0.738275
        ],
        [
          0.00155522,
          0.999671,
          -0.025606
        ],
        [
          0.738543,
          0.0161155,
          0.674014
        ],
        [
          1293.3,
          5.43638,
          925.5
        ]
      ]
    },
    {
      "_template": "unit_loader",
      "setting__unitType": "template:rail_wagon",
      "setting__attack_type": "dont_aim",
      "setting__loadSound": false,
