{
  "entity": [
    {
      "_template": "ri_gpu_object",
      "ri_gpu_object__grid_size": 32,
      "ri_gpu_object__grid_tiling": 1,
      "ri_gpu_object__cell_size": 32.0,
      "ri_gpu_object__incline_delta": 30.0,
      "ri_gpu_object__name": "small_bricks_common",
      "ri_gpu_object__rotate_range": [
        0.0,
        360.0
      ],
      "ri_gpu_object__scale_range": [
        0.5,
        1.1
      ],
      "ri_gpu_object__seed": 1337,
      "ri_gpu_object__is_using_normal": true,
      "ri_gpu_object__up_vector": [
        0.1,
        1.0,
        0.1
      ],
      "ri_gpu_object__slope_factor": [
        -1.0,
        5.0
      ],
      "ri_gpu_object__biome_params:array": {
        "ri_gpu_object__biome_params": [
          [
            30.0,
            0.5,
            0.0,
            0.0
          ],
          [
            42.0,
            0.4,
            0.0,
            0.0
          ],
          [
            50.0,
            0.5,
            0.0,
            0.0
          ],
          [
            60.0,
            3.0,
            0.0,
            0.0
          ],
          [
            61.0,
            4.0,
            0.0,
            0.0
          ]
        ]
      },
      "ri_gpu_object__multiple_objects:array": {
        "ri_gpu_object__multiple_objects:object": [
          {
            "name": "gpu_brick_grey_small_a",
            "weight": 2.0
          },
          {
            "name": "gpu_brick_grey_small_b",
            "weight": 2.0
          },
          {
            "name": "gpu_brick_grey_small_c",
            "weight": 1.0
          },
          {
            "name": "gpu_brick_grey_small_d",
            "weight": 1.0
          }
        ]
      }
    },
    {
      "_template": "ri_gpu_object",
      "ri_gpu_object__grid_size": 32,
      "ri_gpu_object__grid_tiling": 1,
      "ri_gpu_object__cell_size": 32.0,
      "ri_gpu_object__incline_delta": 30.0,
      "ri_gpu_object__name": "small_bricks_larger",
      "ri_gpu_object__rotate_range": [
        0.0,
        360.0
      ],
      "ri_gpu_object__scale_range": [
        1.2,
        1.6
      ],
      "ri_gpu_object__seed": 1337,
      "ri_gpu_object__is_using_normal": true,
      "ri_gpu_object__up_vector": [
        0.1,
        1.0,
        0.1
      ],
      "ri_gpu_object__slope_factor": [
        -1.0,
        5.0
      ],
      "ri_gpu_object__biome_params:array": {
        "ri_gpu_object__biome_params": [
          [
            31.0,
            1.0,
            0.0,
            0.0
          ],
          [
            41.0,
            1.0,
            0.0,
            0.0
          ],
          [
            60.0,
            3.0,
            0.0,
            0.0
          ],
          [
            62.0,
            3.5,
            0.0,
            0.0
          ]
        ]
      },
      "ri_gpu_object__multiple_objects:array": {
        "ri_gpu_object__multiple_objects:object": [
          {
            "name": "gpu_brick_grey_small_a",
            "weight": 2.0
          },
          {
            "name": "gpu_brick_grey_small_b",
            "weight": 2.0
          },
          {
            "name": "gpu_brick_grey_small_c",
            "weight": 1.0
          },
          {
            "name": "gpu_brick_grey_small_d",
            "weight": 1.0
          }
        ]
      }
    },
    {
      "_template": "ri_gpu_object",
      "ri_gpu_object__grid_size": 32,
      "ri_gpu_object__grid_tiling": 1,
      "ri_gpu_object__cell_size": 32.0,
      "ri_gpu_object__incline_delta": 30.0,
      "ri_gpu_object__name": "debris_paper_rotated",
      "ri_gpu_object__rotate_range": [
        0.0,
        360.0
      ],
      "ri_gpu_object__scale_range": [
        0.9,
        1.3
      ],
      "ri_gpu_object__seed": 31337,
      "ri_gpu_object__is_using_normal": true,
      "ri_gpu_object__up_vector": [
        0.3,
        1.0,
        0.3
      ],
      "ri_gpu_object__slope_factor": [
        -1.0,
        5.0
      ],
      "ri_gpu_object__biome_params:array": {
        "ri_gpu_object__biome_params": [
          31.0,
          0.3,
          0.0,
          0.0
        ]
      },
      "ri_gpu_object__multiple_objects:array": {
        "ri_gpu_object__multiple_objects:object": [
          {
            "name": "debris_paper_lists_a",
            "weight": 1.0
          },
          {
            "name": "debris_paper_lists_b",
            "weight": 1.0
          },
          {
            "name": "debris_paper_lists_c",
            "weight": 1.0
          }
        ]
      }
    },
    {
      "_template": "ri_gpu_object",
      "ri_gpu_object__grid_size": 32,
      "ri_gpu_object__grid_tiling": 1,
      "ri_gpu_object__cell_size": 32.0,
      "ri_gpu_object__incline_delta": 0.0,
      "ri_gpu_object__name": "debris_paper_flat",
      "ri_gpu_object__rotate_range": [
        0.0,
        360.0
      ],
      "ri_gpu_object__scale_range": [
        0.8,
        1.2
      ],
      "ri_gpu_object__seed": 31338,
      "ri_gpu_object__is_using_normal": true,
      "ri_gpu_object__biome_params:array": {
        "ri_gpu_object__biome_params": [
          [
            42.0,
            0.3,
            0.0,
            0.0
          ],
          [
            60.0,
            0.3,
            0.0,
            0.0
          ],
          [
            61.0,
            0.3,
            0.0,
            0.0
          ],
          [
            62.0,
            0.3,
            0.0,
            0.0
          ]
        ]
      },
      "ri_gpu_object__multiple_objects:array": {
        "ri_gpu_object__multiple_objects:object": [
          {
            "name": "debris_paper_lists_a",
            "weight": 1.0
          },
          {
            "name": "debris_paper_lists_b",
            "weight": 1.0
          },
          {
            "name": "debris_paper_lists_c",
            "weight": 1.0
          }
        ]
      }
    },
    {
      "_template": "unit_loader",
      "setting__unitType": "template:rail_wagon",
      "setting__className": "tankModels/germ_railway_tram_a",
      "setting__unit_class": "germ_railway_tram_a",
      "setting__isDead": true,
      "setting__tm": [
        [
          0.119189,
          0.0,
          0.992871
        ],
        [
          0.0,
          1.0,
          0.0
        ],
        [
          -0.992871,
          0.0,
          0.119189
        ],
        [
          -350.995,
          6.49142,
          663.001
        ]
      ],
      "setting__attack_type": ""
    },
    {
      "_template": "unit_loader",
      "setting__unitType": "template:rail_wagon",
      "setting__className": "tankModels/germ_railway_tram_a",
      "setting__unit_class": "germ_railway_tram_a",
      "setting__isDead": true,
      "setting__tm": [
        [
          0.0710966,
          0.0,
          0.997469
        ],
        [
          0.0,
          1.0,
          0.0
        ],
        [
          -0.997469,
          0.0,
          0.0710966
        ],
        [
          -351.8,
          6.49142,
          654.833
        ]
      ],
      "setting__attack_type": ""
    },
    {
      "_template": "unit_loader",
      "setting__unitType": "template:rail_wagon",
      "setting__className": "tankModels/germ_railway_tram_a",
      "setting__unit_class": "germ_railway_tram_a",
      "setting__isDead": true,
      "setting__tm": [
        [
          -0.0703082,
          0.0,
          -0.997525
        ],
        [
          0.0,
          1.0,
          0.0
        ],
        [
          0.997525,
          0.0,
          -0.0703082
        ],
        [
          -357.254,
          6.65856,
          619.541
        ]
      ],
      "setting__attack_type": ""
    },
    {
      "_template": "unit_loader",
      "setting__unitType": "template:rail_wagon",
      "setting__className": "tankModels/germ_railway_tram_a",
      "setting__unit_class": "germ_railway_tram_a",
      "setting__isDead": true,
      "setting__tm": [
        [
          -0.785528,
          0.0,
          0.618826
        ],
        [
          0.0,
          1.0,
          0.0
        ],
        [
          -0.618826,
          0.0,
          -0.785528
        ],
        [
          -383.223,
          6.67776,
          457.536
        ]
      ],
      "setting__attack_type": ""
    },
    {
      "_template": "unit_loader",
      "setting__unitType": "template:rail_wagon",
      "setting__className": "tankModels/germ_railway_tram_a",
      "setting__unit_class": "germ_railway_tram_a",
      "setting__isDead": true,
      "setting__tm": [
        [
          -0.785528,
          0.0,
          0.618826
        ],
        [
          0.0,
          1.0,
          0.0
        ],
        [
          -0.618826,
          0.0,
          -0.785528
        ],
        [
          -389.625,
          6.58,
          462.598
        ]
      ],
      "setting__attack_type": ""
    },
    {
      "_template": "unit_loader",
      "setting__unitType": "template:rail_wagon",
      "setting__className": "tankModels/germ_railway_tram_a",
      "setting__unit_class": "germ_railway_tram_a",
      "setting__isDead": true,
      "setting__tm": [
        [
          -0.619267,
          0.0419464,
          0.784059
        ],
        [
          0.208948,
          0.971369,
          0.113065
        ],
        [
          -0.756868,
          0.233846,
          -0.610301
        ],
        [
          198.345,
          6.51616,
          -213.031
        ]
      ],
      "setting__attack_type": ""
    },
    {
      "_template": "unit_loader",
      "setting__unitType": "template:rail_wagon",
      "setting__className": "tankModels/germ_railway_tram_a",
      "setting__unit_class": "germ_railway_tram_a",
      "setting__isDead": true,
      "setting__tm": [
        [
          -0.625387,
          0.0,
          0.780315
        ],
        [
          0.0,
          1.0,
          0.0
        ],
        [
          -0.780315,
          0.0,
          -0.625387
        ],
        [
          211.981,
          6.63455,
          -229.005
        ]
      ],
      "setting__attack_type": ""
    },
    {
      "_template": "unit_loader",
      "setting__unitType": "template:rail_wagon",
      "setting__className": "tankModels/germ_railway_tram_a",
      "setting__unit_class": "germ_railway_tram_a",
      "setting__isDead": true,
      "setting__tm": [
        [
          0.406401,
          -7.5426e-8,
          0.913695
        ],
        [
          0.912826,
          0.0436195,
          -0.406015
        ],
        [
          -0.039855,
          0.999048,
          0.0177271
        ],
        [
          203.12,
          7.64762,
          -222.531
        ]
      ],
      "setting__attack_type": ""
    },
    {
      "_template": "unit_loader",
      "setting__unitType": "template:rail_wagon",
      "setting__className": "tankModels/germ_railway_tram_a",
      "setting__unit_class": "germ_railway_tram_a",
      "setting__isDead": true,
      "setting__tm": [
        [
          0.773423,
          0.0,
          -0.633889
        ],
        [
          0.0,
          1.0,
          0.0
        ],
        [
          0.633889,
          0.0,
          0.773423
        ],
        [
          78.0163,
          6.49078,
          -101.324
        ]
      ],
      "setting__attack_type": ""
    },
    {
      "_template": "unit_loader",
      "setting__unitType": "template:rail_wagon",
      "setting__className": "tankModels/germ_railway_tram_a",
      "setting__unit_class": "germ_railway_tram_a",
      "setting__isDead": true,
      "setting__tm": [
        [
          0.773423,
          0.0,
          -0.633889
        ],
        [
          0.0,
          1.0,
          0.0
        ],
        [
          0.633889,
          0.0,
          0.773423
        ],
        [
          71.7752,
          6.49078,
          -96.2088
        ]
      ],
      "setting__attack_type": ""
    },
    {
      "_template": "unit_loader",
      "setting__unitType": "template:rail_wagon",
      "setting__className": "tankModels/germ_railway_tram_a",
      "setting__unit_class": "germ_railway_tram_a",
      "setting__isDead": true,
      "setting__tm": [
        [
          0.84907,
          0.0,
          -0.528279
        ],
        [
          0.0,
          1.0,
          0.0
        ],
        [
          0.528279,
          0.0,
          0.84907
        ],
        [
          364.311,
          6.49077,
          -156.813
        ]
      ],
      "setting__attack_type": ""
    },
    {
      "_template": "unit_loader",
      "setting__unitType": "template:rail_wagon",
      "setting__className": "tankModels/germ_railway_tram_a",
      "setting__unit_class": "germ_railway_tram_a",
      "setting__isDead": true,
      "setting__tm": [
        [
          0.554823,
          0.0,
          -0.831967
        ],
        [
          0.0,
          1.0,
          0.0
        ],
        [
          0.831967,
          0.0,
          0.554823
        ],
        [
          -2.24919,
          6.49077,
          -111.747
        ]
      ],
      "setting__attack_type": ""
    },
    {
      "_template": "unit_loader",
      "setting__unitType": "template:rail_wagon",
      "setting__className": "tankModels/germ_railway_tram_a",
      "setting__unit_class": "germ_railway_tram_a",
      "setting__isDead": true,
      "setting__tm": [
        [
          0.770479,
          0.51486,
          -0.375874
        ],
        [
          -0.353727,
          0.835839,
          0.419822
        ],
        [
          0.53032,
          -0.190507,
          0.826116
        ],
        [
          506.57,
          6.64894,
          -450.02
        ]
      ],
      "setting__attack_type": ""
    },
    {
      "_template": "unit_loader",
      "setting__unitType": "template:rail_wagon",
      "setting__className": "tankModels/germ_railway_tram_a",
      "setting__unit_class": "germ_railway_tram_a",
      "setting__isDead": true,
      "setting__tm": [
        [
          -0.841593,
          0.0,
          0.540112
        ],
        [
          0.0,
          1.0,
          0.0
        ],
        [
          -0.540112,
          0.0,
          -0.841593
        ],
        [
          532.535,
          6.49078,
          -461.072
        ]
      ],
      "setting__attack_type": ""
    },
    {
      "_template": "unit_loader",
      "setting__unitType": "template:rail_wagon",
      "setting__className": "tankModels/germ_railway_tram_a",
      "setting__unit_class": "germ_railway_tram_a",
      "setting__isDead": true,
      "setting__tm": [
        [
          0.958967,
          0.155456,
          0.237096
        ],
        [
          -0.177545,
          0.981272,
          0.0747221
        ],
        [
          -0.22104,
          -0.113751,
          0.968608
        ],
        [
          379.978,
          6.46825,
          -155.383
        ]
      ],
      "setting__attack_type": ""
    },
    {
      "_template": "unit_loader",
      "setting__unitType": "template:rail_wagon",
      "setting__className": "tankModels/germ_railway_tram_a",
      "setting__unit_class": "germ_railway_tram_a",
      "setting__isDead": true,
      "setting__tm": [
        [
          -0.986659,
          0.0,
          -0.162801
        ],
        [
          0.0,
          1.0,
          0.0
        ],
        [
          0.162801,
          0.0,
          -0.986659
        ],
        [
          402.921,
          6.69001,
          -156.624
        ]
      ],
      "setting__attack_type": ""
    },
    {
      "_template": "unit_loader",
      "setting__unitType": "template:rail_wagon",
      "setting__className": "tankModels/germ_railway_tram_a",
      "setting__unit_class": "germ_railway_tram_a",
      "setting__isDead": true,
      "setting__tm": [
        [
          -0.948504,
          -7.5426e-8,
          0.316764
        ],
        [
          0.316463,
          0.0436195,
          0.947601
        ],
        [
          -0.0138171,
          0.999048,
          -0.0413733
        ],
        [
          384.763,
          7.60356,
          -173.413
        ]
      ],
      "setting__attack_type": ""
    },
    {
      "_template": "unit_loader",
      "setting__unitType": "template:rail_wagon",
      "setting__className": "tankModels/germ_railway_tram_a",
      "setting__unit_class": "germ_railway_tram_a",
      "setting__isDead": true,
      "setting__tm": [
        [
          1.0,
          0.0,
          5.96046e-8
        ],
        [
          0.0,
          1.0,
          0.0
        ],
        [
          -5.96046e-8,
          0.0,
          1.0
        ],
        [
          1389.28,
          6.4,
          -676.418
        ]
      ],
      "setting__attack_type": ""
    },
    {
      "_template": "unit_loader",
      "setting__unitType": "template:rail_wagon",
      "setting__className": "tankModels/germ_railway_tram_a",
      "setting__unit_class": "germ_railway_tram_a",
      "setting__isDead": true,
      "setting__tm": [
        [
          1.0,
          0.0,
          5.96046e-8
        ],
        [
          0.0,
          1.0,
          0.0
        ],
        [
          -5.96046e-8,
          0.0,
          1.0
        ],
        [
          1373.07,
          6.5,
          -673.71
        ]
      ],
      "setting__attack_type": ""
    },
    {
      "_template": "unit_loader",
      "setting__unitType": "template:rail_wagon",
      "setting__className": "tankModels/germ_railway_tram_a",
      "setting__unit_class": "germ_railway_tram_a",
      "setting__isDead": true,
      "setting__tm": [
        [
          0.798263,
          0.0,
          -0.602308
        ],
        [
          0.0,
          1.0,
          0.0
        ],
        [
          0.602308,
          0.0,
          0.798263
        ],
        [
          -106.82,
          6.49076,
          218.844
        ]
      ],
      "setting__attack_type": ""
    },
    {
      "_template": "unit_loader",
      "setting__unitType": "template:rail_wagon",
      "setting__className": "tankModels/germ_railway_tram_a",
      "setting__unit_class": "germ_railway_tram_a",
      "setting__isDead": true,
      "setting__tm": [
        [
          0.603928,
          0.0,
          -0.797038
        ],
        [
          0.0,
          1.0,
          0.0
        ],
        [
          0.797038,
          0.0,
          0.603928
        ],
        [
          -100.794,
          6.49076,
          213.214
        ]
      ],
      "setting__attack_type": ""
    }
  ]
}