{
  "entity": [
    {
      "_template": "ri_gpu_object",
      "ri_gpu_object__biom_indexes": [
        32.0,
        33.0,
        34.0,
        35.0
      ],
      "ri_gpu_object__grid_size": 16,
      "ri_gpu_object__grid_tiling": 15,
      "ri_gpu_object__cell_size": 32.0,
      "ri_gpu_object__incline_delta": 0.0,
      "ri_gpu_object__name": "norway_stone_small_c",
      "ri_gpu_object__scale_range": [
        0.05,
        0.25
      ],
      "ri_gpu_object__rotate_range": [
        90.0,
        180.0
      ],
      "ri_gpu_object__seed": 1,
      "ri_gpu_object__is_using_normal": true,
      "ri_gpu_object__up_vector": [
        0.0,
        1.0,
        0.0
      ],
      "ri_gpu_object__hardness": 0.9
    },
    {
      "_template": "ri_gpu_object",
      "ri_gpu_object__biom_indexes": [
        32.0,
        33.0,
        34.0,
        35.0
      ],
      "ri_gpu_object__grid_size": 16,
      "ri_gpu_object__grid_tiling": 15,
      "ri_gpu_object__cell_size": 32.0,
      "ri_gpu_object__incline_delta": 0.0,
      "ri_gpu_object__name": "norway_stone_small_e",
      "ri_gpu_object__scale_range": [
        0.05,
        0.25
      ],
      "ri_gpu_object__rotate_range": [
        90.0,
        180.0
      ],
      "ri_gpu_object__seed": 1,
      "ri_gpu_object__is_using_normal": true,
      "ri_gpu_object__up_vector": [
        0.0,
        1.0,
        0.0
      ],
      "ri_gpu_object__hardness": 0.9
    },
    {
      "_template": "ri_gpu_object",
      "ri_gpu_object__biom_indexes": [
        36.0,
        37.0,
        -1.0,
        -1.0
      ],
      "ri_gpu_object__grid_size": 16,
      "ri_gpu_object__grid_tiling": 15,
      "ri_gpu_object__cell_size": 32.0,
      "ri_gpu_object__incline_delta": 0.0,
      "ri_gpu_object__name": "debris_trash_concrete_column_b",
      "ri_gpu_object__scale_range": [
        0.3,
        0.5
      ],
      "ri_gpu_object__rotate_range": [
        90.0,
        180.0
      ],
      "ri_gpu_object__seed": 13,
      "ri_gpu_object__is_using_normal": true,
      "ri_gpu_object__up_vector": [
        0.0,
        1.0,
        0.0
      ],
      "ri_gpu_object__hardness": 1.0
    },
    {
      "_template": "ri_gpu_object",
      "ri_gpu_object__biom_indexes": [
        36.0,
        37.0,
        -1.0,
        -1.0
      ],
      "ri_gpu_object__grid_size": 16,
      "ri_gpu_object__grid_tiling": 15,
      "ri_gpu_object__cell_size": 32.0,
      "ri_gpu_object__incline_delta": 0.0,
      "ri_gpu_object__name": "debris_trash_concrete_small_part_a1",
      "ri_gpu_object__scale_range": [
        0.3,
        0.5
      ],
      "ri_gpu_object__rotate_range": [
        90.0,
        180.0
      ],
      "ri_gpu_object__seed": 14,
      "ri_gpu_object__is_using_normal": true,
      "ri_gpu_object__up_vector": [
        0.0,
        1.0,
        0.0
      ],
      "ri_gpu_object__hardness": 1.0
    },
    {
      "_template": "ri_gpu_object",
      "ri_gpu_object__biom_indexes": [
        36.0,
        37.0,
        -1.0,
        -1.0
      ],
      "ri_gpu_object__grid_size": 16,
      "ri_gpu_object__grid_tiling": 15,
      "ri_gpu_object__cell_size": 32.0,
      "ri_gpu_object__incline_delta": 0.0,
      "ri_gpu_object__name": "debris_trash_concrete_small_part_b1",
      "ri_gpu_object__scale_range": [
        0.3,
        0.5
      ],
      "ri_gpu_object__rotate_range": [
        90.0,
        180.0
      ],
      "ri_gpu_object__seed": 15,
      "ri_gpu_object__is_using_normal": true,
      "ri_gpu_object__up_vector": [
        0.0,
        1.0,
        0.0
      ],
      "ri_gpu_object__hardness": 1.0
    },
    {
      "_template": "ri_gpu_object",
      "ri_gpu_object__biom_indexes": [
        36.0,
        37.0,
        -1.0,
        -1.0
      ],
      "ri_gpu_object__grid_size": 16,
      "ri_gpu_object__grid_tiling": 15,
      "ri_gpu_object__cell_size": 32.0,
      "ri_gpu_object__incline_delta": 0.0,
      "ri_gpu_object__name": "debris_crockery_trash_e",
      "ri_gpu_object__scale_range": [
        0.8,
        1.0
      ],
      "ri_gpu_object__rotate_range": [
        90.0,
        180.0
      ],
      "ri_gpu_object__seed": 24,
      "ri_gpu_object__is_using_normal": true,
      "ri_gpu_object__up_vector": [
        0.0,
        1.0,
        0.0
      ]
    },
    {
      "_template": "unit_loader",
      "setting__unitType": "template:rail_wagon",
      "setting__className": "tankModels/ussr_railway_hopper_wagon_green",
      "setting__unit_class": "ussr_railway_hopper_wagon_green",
      "setting__tm": [
        [
          -0.981959,
          0.0,
          0.189094
        ],
        [
          0.0,
          1.0,
          0.0
        ],
        [
          -0.189094,
          0.0,
          -0.981959
        ],
        [
          1.1,
          4.05928,
          -36.75
        ]
      ],
      "setting__isDead": false,
      "setting__attack_type": ""
    },
    {
      "_template": "unit_loader",
      "setting__unitType": "template:rail_wagon",
      "setting__className": "tankModels/ussr_railway_hopper_wagon_green",
      "setting__unit_class": "ussr_railway_hopper_wagon_green",
      "setting__tm": [
        [
          -0.978866,
          0.0,
          0.204495
        ],
        [
          0.0,
          1.0,
          0.0
        ],
        [
          -0.204495,
          0.0,
          -0.978866
        ],
        [
          20.45,
          4.05928,
          -40.85
        ]
      ],
      "setting__isDead": false,
      "setting__attack_type": ""
    },
    {
      "_template": "unit_loader",
      "setting__unitType": "template:rail_wagon",
      "setting__className": "tankModels/ussr_railway_hopper_wagon_green",
      "setting__unit_class": "ussr_railway_hopper_wagon_green",
      "setting__tm": [
        [
          -0.977045,
          0.0,
          0.213031
        ],
        [
          0.0,
          1.0,
          0.0
        ],
        [
          -0.213031,
          0.0,
          -0.977045
        ],
        [
          10.8,
          4.05928,
          -38.75
        ]
      ],
      "setting__isDead": false,
      "setting__attack_type": ""
    },
    {
      "_template": "unit_loader",
      "setting__unitType": "template:rail_wagon",
      "setting__className": "tankModels/ussr_railway_hopper_wagon_green",
      "setting__unit_class": "ussr_railway_hopper_wagon_green",
      "setting__tm": [
        [
          0.976296,
          0.0,
          -0.21644
        ],
        [
          0.0,
          1.0,
          0.0
        ],
        [
          0.21644,
          0.0,
          0.976296
        ],
        [
          27.2054,
          4.04256,
          -25.5243
        ]
      ],
      "setting__isDead": false,
      "setting__attack_type": ""
    },
    {
      "_template": "unit_loader",
      "setting__unitType": "template:rail_wagon",
      "setting__className": "tankModels/ussr_railway_hopper_wagon_green",
      "setting__unit_class": "ussr_railway_hopper_wagon_green",
      "setting__tm": [
        [
          0.976295,
          0.0,
          -0.216439
        ],
        [
          0.0,
          1.0,
          0.0
        ],
        [
          0.216439,
          0.0,
          0.976295
        ],
        [
          7.76711,
          3.98909,
          -20.9888
        ]
      ],
      "setting__isDead": false,
      "setting__attack_type": ""
    },
    {
      "_template": "unit_loader",
      "setting__unitType": "template:rail_wagon",
      "setting__className": "tankModels/ussr_railway_hopper_wagon_green",
      "setting__unit_class": "ussr_railway_hopper_wagon_green",
      "setting__tm": [
        [
          0.976296,
          0.0,
          -0.21644
        ],
        [
          0.0,
          1.0,
          0.0
        ],
        [
          0.21644,
          0.0,
          0.976296
        ],
        [
          17.3814,
          4.03673,
          -23.3579
        ]
      ],
      "setting__isDead": false,
      "setting__attack_type": ""
    },
    {
      "_template": "unit_loader",
      "setting__unitType": "template:rail_wagon",
      "setting__className": "tankModels/ussr_railway_hopper_wagon_green",
      "setting__unit_class": "ussr_railway_hopper_wagon_green",
      "setting__tm": [
        [
          0.974369,
          0.0,
          -0.224951
        ],
        [
          0.0,
          1.0,
          0.0
        ],
        [
          0.224951,
          0.0,
          0.974369
        ],
        [
          36.5596,
          4.05206,
          -27.5131
        ]
      ],
      "setting__isDead": false,
      "setting__attack_type": ""
    },
    {
      "_template": "unit_loader",
      "setting__unitType": "template:rail_wagon",
      "setting__className": "tankModels/ussr_railway_hopper_wagon_green",
      "setting__unit_class": "ussr_railway_hopper_wagon_green",
      "setting__tm": [
        [
          0.976296,
          0.0,
          -0.21644
        ],
        [
          0.0,
          1.0,
          0.0
        ],
        [
          0.21644,
          0.0,
          0.976296
        ],
        [
          -128.101,
          4.05928,
          1.96739
        ]
      ],
      "setting__isDead": false,
      "setting__attack_type": ""
    },
    {
      "_template": "unit_loader",
      "setting__unitType": "template:rail_wagon",
      "setting__className": "tankModels/ussr_railway_hopper_wagon_green",
      "setting__unit_class": "ussr_railway_hopper_wagon_green",
      "setting__tm": [
        [
          0.976296,
          0.0,
          -0.21644
        ],
        [
          0.0,
          1.0,
          0.0
        ],
        [
          0.21644,
          0.0,
          0.976296
        ],
        [
          -71.8218,
          4.05928,
          -10.2117
        ]
      ],
      "setting__isDead": false,
      "setting__attack_type": ""
    },
    {
      "_template": "unit_loader",
      "setting__unitType": "template:rail_wagon",
      "setting__className": "tankModels/ussr_railway_hopper_wagon_green",
      "setting__unit_class": "ussr_railway_hopper_wagon_green",
      "setting__tm": [
        [
          0.976295,
          0.0,
          -0.216439
        ],
        [
          0.0,
          1.0,
          0.0
        ],
        [
          0.216439,
          0.0,
          0.976295
        ],
        [
          -91.1694,
          4.05928,
          -6.10371
        ]
      ],
      "setting__isDead": false,
      "setting__attack_type": ""
    },
    {
      "_template": "unit_loader",
      "setting__unitType": "template:rail_wagon",
      "setting__className": "tankModels/ussr_railway_low_freight_car_green",
      "setting__unit_class": "ussr_railway_low_freight_car_green",
      "setting__tm": [
        [
          0.978147,
          0.0,
          -0.207911
        ],
        [
          0.0,
          1.0,
          0.0
        ],
        [
          0.207911,
          0.0,
          0.978147
        ],
        [
          -102.276,
          4.05928,
          -3.67081
        ]
      ],
      "setting__isDead": false,
      "setting__attack_type": ""
    },
    {
      "_template": "unit_loader",
      "setting__unitType": "template:rail_wagon",
      "setting__className": "tankModels/ussr_railway_hopper_wagon_green",
      "setting__unit_class": "ussr_railway_hopper_wagon_green",
      "setting__tm": [
        [
          0.976296,
          0.0,
          -0.21644
        ],
        [
          0.0,
          1.0,
          0.0
        ],
        [
          0.21644,
          0.0,
          0.976296
        ],
        [
          -81.5137,
          4.05928,
          -8.1152
        ]
      ],
      "setting__isDead": false,
      "setting__attack_type": ""
    },
    {
      "_template": "unit_loader",
      "setting__unitType": "template:rail_wagon",
      "setting__className": "tankModels/ussr_railway_low_freight_car_green",
      "setting__unit_class": "ussr_railway_low_freight_car_green",
      "setting__tm": [
        [
          0.978147,
          0.0,
          -0.207911
        ],
        [
          0.0,
          1.0,
          0.0
        ],
        [
          0.207911,
          0.0,
          0.978147
        ],
        [
          -115.802,
          4.05928,
          -0.78108
        ]
      ],
      "setting__isDead": false,
      "setting__attack_type": ""
    },
    {
      "_template": "unit_loader",
      "setting__unitType": "template:rail_wagon",
      "setting__className": "tankModels/ussr_railway_hopper_wagon_green",
      "setting__unit_class": "ussr_railway_hopper_wagon_green",
      "setting__tm": [
        [
          0.977762,
          0.0,
          -0.209712
        ],
        [
          0.0,
          1.0,
          0.0
        ],
        [
          0.209712,
          0.0,
          0.977762
        ],
        [
          -62.0723,
          4.05928,
          -12.283
        ]
      ],
      "setting__isDead": false,
      "setting__attack_type": ""
    },
    {
      "_template": "unit_loader",
      "setting__unitType": "template:rail_wagon",
      "setting__className": "tankModels/ussr_railway_hopper_wagon_green",
      "setting__unit_class": "ussr_railway_hopper_wagon_green",
      "setting__tm": [
        [
          0.976296,
          0.0,
          -0.21644
        ],
        [
          0.0,
          1.0,
          0.0
        ],
        [
          0.21644,
          0.0,
          0.976296
        ],
        [
          -20.1,
          4.05928,
          -47.5
        ]
      ],
      "setting__isDead": false,
      "setting__attack_type": ""
    },
    {
      "_template": "unit_loader",
      "setting__unitType": "template:rail_wagon",
      "setting__className": "tankModels/ussr_railway_hopper_wagon_green",
      "setting__unit_class": "ussr_railway_hopper_wagon_green",
      "setting__tm": [
        [
          0.976296,
          0.0,
          -0.21644
        ],
        [
          0.0,
          1.0,
          0.0
        ],
        [
          0.21644,
          0.0,
          0.976296
        ],
        [
          36.2844,
          4.05928,
          -59.8129
        ]
      ],
      "setting__isDead": false,
      "setting__attack_type": ""
    },
    {
      "_template": "unit_loader",
      "setting__unitType": "template:rail_wagon",
      "setting__className": "tankModels/ussr_railway_hopper_wagon_green",
      "setting__unit_class": "ussr_railway_hopper_wagon_green",
      "setting__tm": [
        [
          0.976295,
          0.0,
          -0.216439
        ],
        [
          0.0,
          1.0,
          0.0
        ],
        [
          0.216439,
          0.0,
          0.976295
        ],
        [
          16.846,
          4.05928,
          -55.2773
        ]
      ],
      "setting__isDead": false,
      "setting__attack_type": ""
    },
    {
      "_template": "unit_loader",
      "setting__unitType": "template:rail_wagon",
      "setting__className": "tankModels/ussr_railway_low_freight_car_green",
      "setting__unit_class": "ussr_railway_low_freight_car_green",
      "setting__tm": [
        [
          0.978147,
          0.0,
          -0.207911
        ],
        [
          0.0,
          1.0,
          0.0
        ],
        [
          0.207911,
          0.0,
          0.978147
        ],
        [
          5.83703,
          4.05928,
          -52.8969
        ]
      ],
      "setting__isDead": false,
      "setting__attack_type": ""
    },
    {
      "_template": "unit_loader",
      "setting__unitType": "template:rail_wagon",
      "setting__className": "tankModels/ussr_railway_hopper_wagon_green",
      "setting__unit_class": "ussr_railway_hopper_wagon_green",
      "setting__tm": [
        [
          0.976296,
          0.0,
          -0.21644
        ],
        [
          0.0,
          1.0,
          0.0
        ],
        [
          0.21644,
          0.0,
          0.976296
        ],
        [
          26.4603,
          4.05928,
          -57.6464
        ]
      ],
      "setting__isDead": false,
      "setting__attack_type": ""
    },
    {
      "_template": "unit_loader",
      "setting__unitType": "template:rail_wagon",
      "setting__className": "tankModels/ussr_railway_low_freight_car_green",
      "setting__unit_class": "ussr_railway_low_freight_car_green",
      "setting__tm": [
        [
          0.978147,
          0.0,
          -0.207911
        ],
        [
          0.0,
          1.0,
          0.0
        ],
        [
          0.207911,
          0.0,
          0.978147
        ],
        [
          -7.6869,
          4.05928,
          -50.0496
        ]
      ],
      "setting__isDead": false,
      "setting__attack_type": ""
    },
    {
      "_template": "unit_loader",
      "setting__unitType": "template:rail_wagon",
      "setting__className": "tankModels/ussr_railway_hopper_wagon_green",
      "setting__unit_class": "ussr_railway_hopper_wagon_green",
      "setting__tm": [
        [
          0.974369,
          0.0,
          -0.224951
        ],
        [
          0.0,
          1.0,
          0.0
        ],
        [
          0.224951,
          0.0,
          0.974369
        ],
        [
          45.6384,
          4.05928,
          -61.8017
        ]
      ],
      "setting__isDead": false,
      "setting__attack_type": ""
    },
    {
      "_template": "unit_loader",
      "setting__unitType": "template:rail_wagon",
      "setting__className": "tankModels/ussr_railway_tank_wagon_1931",
      "setting__unit_class": "ussr_railway_tank_wagon_1931",
      "setting__tm": [
        [
          0.978765,
          0.0,
          -0.204985
        ],
        [
          0.0,
          1.0,
          0.0
        ],
        [
          0.204985,
          0.0,
          0.978765
        ],
        [
          112.039,
          4.03732,
          -49.9426
        ]
      ],
      "setting__isDead": false,
      "setting__attack_type": ""
    },
    {
      "_template": "unit_loader",
      "setting__unitType": "template:rail_wagon",
      "setting__className": "tankModels/ussr_railway_tank_wagon_1931",
      "setting__unit_class": "ussr_railway_tank_wagon_1931",
      "setting__tm": [
        [
          0.978765,
          0.0,
          -0.204985
        ],
        [
          0.0,
          1.0,
          0.0
        ],
        [
          0.204985,
          0.0,
          0.978765
        ],
        [
          158.876,
          4.05928,
          -59.7518
        ]
      ],
      "setting__isDead": false,
      "setting__attack_type": ""
    },
    {
      "_template": "unit_loader",
      "setting__unitType": "template:rail_wagon",
      "setting__className": "tankModels/ussr_railway_tank_wagon_1931",
      "setting__unit_class": "ussr_railway_tank_wagon_1931",
      "setting__tm": [
        [
          0.978765,
          0.0,
          -0.204985
        ],
        [
          0.0,
          1.0,
          0.0
        ],
        [
          0.204985,
          0.0,
          0.978765
        ],
        [
          147.146,
          4.05912,
          -57.2952
        ]
      ],
      "setting__isDead": false,
      "setting__attack_type": ""
    },
    {
      "_template": "unit_loader",
      "setting__unitType": "template:rail_wagon",
      "setting__className": "tankModels/ussr_railway_tank_wagon_1931",
      "setting__unit_class": "ussr_railway_tank_wagon_1931",
      "setting__tm": [
        [
          0.978765,
          0.0,
          -0.204985
        ],
        [
          0.0,
          1.0,
          0.0
        ],
        [
          0.204985,
          0.0,
          0.978765
        ],
        [
          135.45,
          4.05869,
          -54.8457
        ]
      ],
      "setting__isDead": false,
      "setting__attack_type": ""
    },
    {
      "_template": "unit_loader",
      "setting__unitType": "template:rail_wagon",
      "setting__className": "tankModels/ussr_railway_tank_wagon_1931",
      "setting__unit_class": "ussr_railway_tank_wagon_1931",
      "setting__tm": [
        [
          0.978765,
          0.0,
          -0.204985
        ],
        [
          0.0,
          1.0,
          0.0
        ],
        [
          0.204985,
          0.0,
          0.978765
        ],
        [
          123.757,
          4.04191,
          -52.3968
        ]
      ],
      "setting__isDead": false,
      "setting__attack_type": ""
    },
    {
      "_template": "unit_loader",
      "setting__unitType": "template:rail_wagon",
      "setting__className": "tankModels/ussr_railway_tank_wagon_1931",
      "setting__unit_class": "ussr_railway_tank_wagon_1931",
      "setting__tm": [
        [
          0.978765,
          0.0,
          -0.204985
        ],
        [
          0.0,
          1.0,
          0.0
        ],
        [
          0.204985,
          0.0,
          0.978765
        ],
        [
          182.783,
          4.05928,
          -76.6154
        ]
      ],
      "setting__isDead": false,
      "setting__attack_type": ""
    },
    {
      "_template": "unit_loader",
      "setting__unitType": "template:rail_wagon",
      "setting__className": "tankModels/ussr_railway_tank_wagon_1931",
      "setting__unit_class": "ussr_railway_tank_wagon_1931",
      "setting__tm": [
        [
          0.978765,
          0.0,
          -0.204985
        ],
        [
          0.0,
          1.0,
          0.0
        ],
        [
          0.204985,
          0.0,
          0.978765
        ],
        [
          194.475,
          4.05928,
          -79.0644
        ]
      ],
      "setting__isDead": false,
      "setting__attack_type": ""
    },
    {
      "_template": "unit_loader",
      "setting__unitType": "template:rail_wagon",
      "setting__className": "tankModels/ussr_railway_tank_wagon_1931",
      "setting__unit_class": "ussr_railway_tank_wagon_1931",
      "setting__tm": [
        [
          0.978765,
          0.0,
          -0.204985
        ],
        [
          0.0,
          1.0,
          0.0
        ],
        [
          0.204985,
          0.0,
          0.978765
        ],
        [
          206.172,
          4.11527,
          -81.5139
        ]
      ],
      "setting__isDead": false,
      "setting__attack_type": ""
    },
    {
      "_template": "unit_loader",
      "setting__unitType": "template:rail_wagon",
      "setting__className": "tankModels/ussr_railway_tank_wagon_1931",
      "setting__unit_class": "ussr_railway_tank_wagon_1931",
      "setting__tm": [
        [
          0.978765,
          0.0,
          -0.204985
        ],
        [
          0.0,
          1.0,
          0.0
        ],
        [
          0.204985,
          0.0,
          0.978765
        ],
        [
          217.902,
          4.18573,
          -83.9705
        ]
      ],
      "setting__isDead": false,
      "setting__attack_type": ""
    },
    {
      "_template": "unit_loader",
      "setting__unitType": "template:rail_wagon",
      "setting__className": "tankModels/ussr_railway_hopper_wagon_green",
      "setting__unit_class": "ussr_railway_hopper_wagon_green",
      "setting__tm": [
        [
          0.977046,
          0.0,
          -0.213031
        ],
        [
          0.0,
          1.0,
          0.0
        ],
        [
          0.213031,
          0.0,
          0.977046
        ],
        [
          201.848,
          4.18897,
          -94.9167
        ]
      ],
      "setting__isDead": false,
      "setting__attack_type": ""
    },
    {
      "_template": "unit_loader",
      "setting__unitType": "template:rail_wagon",
      "setting__className": "tankModels/ussr_railway_hopper_wagon_green",
      "setting__unit_class": "ussr_railway_hopper_wagon_green",
      "setting__tm": [
        [
          0.977046,
          0.0,
          -0.213031
        ],
        [
          0.0,
          1.0,
          0.0
        ],
        [
          0.213031,
          0.0,
          0.977046
        ],
        [
          258.275,
          4.18686,
          -107.033
        ]
      ],
      "setting__isDead": false,
      "setting__attack_type": ""
    },
    {
      "_template": "unit_loader",
      "setting__unitType": "template:rail_wagon",
      "setting__className": "tankModels/ussr_railway_hopper_wagon_green",
      "setting__unit_class": "ussr_railway_hopper_wagon_green",
      "setting__tm": [
        [
          0.977045,
          0.0,
          -0.21303
        ],
        [
          0.0,
          1.0,
          0.0
        ],
        [
          0.21303,
          0.0,
          0.977045
        ],
        [
          238.821,
          4.19513,
          -102.565
        ]
      ],
      "setting__isDead": false,
      "setting__attack_type": ""
    },
    {
      "_template": "unit_loader",
      "setting__unitType": "template:rail_wagon",
      "setting__className": "tankModels/ussr_railway_low_freight_car_green",
      "setting__unit_class": "ussr_railway_low_freight_car_green",
      "setting__tm": [
        [
          0.978867,
          0.0,
          -0.204495
        ],
        [
          0.0,
          1.0,
          0.0
        ],
        [
          0.204495,
          0.0,
          0.978867
        ],
        [
          227.804,
          4.19967,
          -100.223
        ]
      ],
      "setting__isDead": false,
      "setting__attack_type": ""
    },
    {
      "_template": "unit_loader",
      "setting__unitType": "template:rail_wagon",
      "setting__className": "tankModels/ussr_railway_hopper_wagon_green",
      "setting__unit_class": "ussr_railway_hopper_wagon_green",
      "setting__tm": [
        [
          0.977046,
          0.0,
          -0.213031
        ],
        [
          0.0,
          1.0,
          0.0
        ],
        [
          0.213031,
          0.0,
          0.977046
        ],
        [
          248.444,
          4.194,
          -104.901
        ]
      ],
      "setting__isDead": false,
      "setting__attack_type": ""
    },
    {
      "_template": "unit_loader",
      "setting__unitType": "template:rail_wagon",
      "setting__className": "tankModels/ussr_railway_low_freight_car_green",
      "setting__unit_class": "ussr_railway_low_freight_car_green",
      "setting__tm": [
        [
          0.978867,
          0.0,
          -0.204495
        ],
        [
          0.0,
          1.0,
          0.0
        ],
        [
          0.204495,
          0.0,
          0.978867
        ],
        [
          214.27,
          4.19967,
          -97.4231
        ]
      ],
      "setting__isDead": false,
      "setting__attack_type": ""
    },
    {
      "_template": "unit_loader",
      "setting__unitType": "template:rail_wagon",
      "setting__className": "tankModels/ussr_railway_hopper_wagon_green",
      "setting__unit_class": "ussr_railway_hopper_wagon_green",
      "setting__tm": [
        [
          0.975148,
          0.0,
          -0.221548
        ],
        [
          0.0,
          1.0,
          0.0
        ],
        [
          0.221548,
          0.0,
          0.975148
        ],
        [
          267.636,
          4.18523,
          -108.989
        ]
      ],
      "setting__isDead": false,
      "setting__attack_type": ""
    },
    {
      "_template": "unit_loader",
      "setting__unitType": "template:rail_wagon",
      "setting__className": "tankModels/ussr_railway_hopper_wagon_green",
      "setting__unit_class": "ussr_railway_hopper_wagon_green",
      "setting__tm": [
        [
          0.0243256,
          0.0,
          -0.999703
        ],
        [
          0.0,
          1.0,
          0.0
        ],
        [
          0.999703,
          0.0,
          0.0243256
        ],
        [
          277.702,
          4.05928,
          263.139
        ]
      ],
      "setting__isDead": false,
      "setting__attack_type": ""
    },
    {
      "_template": "unit_loader",
      "setting__unitType": "template:rail_wagon",
      "setting__className": "tankModels/ussr_railway_low_freight_car_green",
      "setting__unit_class": "ussr_railway_low_freight_car_green",
      "setting__tm": [
        [
          0.0330487,
          0.0,
          -0.999453
        ],
        [
          0.0,
          1.0,
          0.0
        ],
        [
          0.999453,
          0.0,
          0.0330487
        ],
        [
          277.077,
          4.05928,
          274.493
        ]
      ],
      "setting__isDead": false,
      "setting__attack_type": ""
    },
    {
      "_template": "unit_loader",
      "setting__unitType": "template:rail_wagon",
      "setting__className": "tankModels/ussr_railway_hopper_wagon_green",
      "setting__unit_class": "ussr_railway_hopper_wagon_green",
      "setting__tm": [
        [
          0.0243248,
          0.0,
          -0.999704
        ],
        [
          0.0,
          1.0,
          0.0
        ],
        [
          0.999704,
          0.0,
          0.0243248
        ],
        [
          277.711,
          4.05928,
          253.237
        ]
      ],
      "setting__isDead": false,
      "setting__attack_type": ""
    },
    {
      "_template": "unit_loader",
      "setting__unitType": "template:rail_wagon",
      "setting__className": "tankModels/ussr_railway_hopper_wagon_green",
      "setting__unit_class": "ussr_railway_hopper_wagon_green",
      "setting__tm": [
        [
          0.0243248,
          0.0,
          -0.999704
        ],
        [
          0.0,
          1.0,
          0.0
        ],
        [
          0.999704,
          0.0,
          0.0243248
        ],
        [
          303.148,
          4.05928,
          234.052
        ]
      ],
      "setting__isDead": false,
      "setting__attack_type": ""
    },
    {
      "_template": "unit_loader",
      "setting__unitType": "template:rail_wagon",
      "setting__className": "tankModels/ussr_railway_hopper_wagon_green",
      "setting__unit_class": "ussr_railway_hopper_wagon_green",
      "setting__tm": [
        [
          0.0243248,
          0.0,
          -0.999704
        ],
        [
          0.0,
          1.0,
          0.0
        ],
        [
          0.999704,
          0.0,
          0.0243248
        ],
        [
          304.734,
          4.05928,
          176.361
        ]
      ],
      "setting__isDead": false,
      "setting__attack_type": ""
    },
    {
      "_template": "unit_loader",
      "setting__unitType": "template:rail_wagon",
      "setting__className": "tankModels/ussr_railway_hopper_wagon_green",
      "setting__unit_class": "ussr_railway_hopper_wagon_green",
      "setting__tm": [
        [
          0.0243256,
          0.0,
          -0.999703
        ],
        [
          0.0,
          1.0,
          0.0
        ],
        [
          0.999703,
          0.0,
          0.0243256
        ],
        [
          304.469,
          4.05928,
          196.319
        ]
      ],
      "setting__isDead": false,
      "setting__attack_type": ""
    },
    {
      "_template": "unit_loader",
      "setting__unitType": "template:rail_wagon",
      "setting__className": "tankModels/ussr_railway_low_freight_car_green",
      "setting__unit_class": "ussr_railway_low_freight_car_green",
      "setting__tm": [
        [
          0.0330487,
          0.0,
          -0.999453
        ],
        [
          0.0,
          1.0,
          0.0
        ],
        [
          0.999453,
          0.0,
          0.0330487
        ],
        [
          304.137,
          4.05928,
          207.578
        ]
      ],
      "setting__isDead": false,
      "setting__attack_type": ""
    },
    {
      "_template": "unit_loader",
      "setting__unitType": "template:rail_wagon",
      "setting__className": "tankModels/ussr_railway_hopper_wagon_green",
      "setting__unit_class": "ussr_railway_hopper_wagon_green",
      "setting__tm": [
        [
          0.0243248,
          0.0,
          -0.999704
        ],
        [
          0.0,
          1.0,
          0.0
        ],
        [
          0.999704,
          0.0,
          0.0243248
        ],
        [
          304.478,
          4.05928,
          186.417
        ]
      ],
      "setting__isDead": false,
      "setting__attack_type": ""
    },
    {
      "_template": "unit_loader",
      "setting__unitType": "template:rail_wagon",
      "setting__className": "tankModels/ussr_railway_low_freight_car_green",
      "setting__unit_class": "ussr_railway_low_freight_car_green",
      "setting__tm": [
        [
          0.0330487,
          0.0,
          -0.999453
        ],
        [
          0.0,
          1.0,
          0.0
        ],
        [
          0.999453,
          0.0,
          0.0330487
        ],
        [
          303.653,
          4.05928,
          221.39
        ]
      ],
      "setting__isDead": false,
      "setting__attack_type": ""
    },
    {
      "_template": "unit_loader",
      "setting__unitType": "template:rail_wagon",
      "setting__className": "tankModels/ussr_railway_hopper_wagon_green",
      "setting__unit_class": "ussr_railway_hopper_wagon_green",
      "setting__tm": [
        [
          0.0156001,
          0.0,
          -0.999877
        ],
        [
          0.0,
          1.0,
          0.0
        ],
        [
          0.999877,
          0.0,
          0.0156001
        ],
        [
          305.05,
          4.05928,
          166.803
        ]
      ],
      "setting__isDead": false,
      "setting__attack_type": ""
    },
    {
      "_template": "unit_loader",
      "setting__unitType": "template:rail_wagon",
      "setting__className": "tankModels/ussr_railway_low_freight_car_green",
      "setting__unit_class": "ussr_railway_low_freight_car_green",
      "setting__tm": [
        [
          -0.978147,
          0.0,
          0.207912
        ],
        [
          0.0,
          1.0,
          0.0
        ],
        [
          -0.207912,
          0.0,
          -0.978147
        ],
        [
          -3.48068,
          3.98909,
          -18.6113
        ]
      ],
      "setting__isDead": false,
      "setting__attack_type": ""
    },
    {
      "_template": "unit_loader",
      "setting__unitType": "template:rail_wagon",
      "setting__className": "tankModels/ussr_railway_hopper_wagon_green",
      "setting__unit_class": "ussr_railway_hopper_wagon_green",
      "setting__tm": [
        [
          0.978696,
          0.0,
          0.205313
        ],
        [
          0.0,
          1.0,
          0.0
        ],
        [
          -0.205313,
          0.0,
          0.978696
        ],
        [
          -497.595,
          4.19967,
          51.7698
        ]
      ],
      "setting__isDead": false,
      "setting__attack_type": ""
    },
    {
      "_template": "unit_loader",
      "setting__unitType": "template:rail_wagon",
      "setting__className": "tankModels/ussr_railway_hopper_wagon_green",
      "setting__unit_class": "ussr_railway_hopper_wagon_green",
      "setting__tm": [
        [
          0.999401,
          0.0,
          -0.0345953
        ],
        [
          0.0,
          1.0,
          0.0
        ],
        [
          0.0345953,
          0.0,
          0.999401
        ],
        [
          -448.428,
          4.10932,
          56.5755
        ]
      ],
      "setting__isDead": false,
      "setting__attack_type": ""
    },
    {
      "_template": "unit_loader",
      "setting__unitType": "template:rail_wagon",
      "setting__className": "tankModels/ussr_railway_hopper_wagon_green",
      "setting__unit_class": "ussr_railway_hopper_wagon_green",
      "setting__tm": [
        [
          0.996924,
          0.0,
          0.0783592
        ],
        [
          0.0,
          1.0,
          0.0
        ],
        [
          -0.0783592,
          0.0,
          0.996924
        ],
        [
          -468.245,
          4.12893,
          56.0142
        ]
      ],
      "setting__isDead": false,
      "setting__attack_type": ""
    },
    {
      "_template": "unit_loader",
      "setting__unitType": "template:rail_wagon",
      "setting__className": "tankModels/ussr_railway_hopper_wagon_green",
      "setting__unit_class": "ussr_railway_hopper_wagon_green",
      "setting__tm": [
        [
          0.999892,
          0.0,
          0.0147039
        ],
        [
          0.0,
          1.0,
          0.0
        ],
        [
          -0.0147039,
          0.0,
          0.999892
        ],
        [
          -458.363,
          4.10795,
          56.6139
        ]
      ],
      "setting__isDead": false,
      "setting__attack_type": ""
    },
    {
      "_template": "unit_loader",
      "setting__unitType": "template:rail_wagon",
      "setting__className": "tankModels/ussr_railway_hopper_wagon_green",
      "setting__unit_class": "ussr_railway_hopper_wagon_green",
      "setting__tm": [
        [
          0.99597,
          0.0,
          -0.0896705
        ],
        [
          0.0,
          1.0,
          0.0
        ],
        [
          0.0896705,
          0.0,
          0.99597
        ],
        [
          -438.491,
          4.05928,
          56.093
        ]
      ],
      "setting__isDead": false,
      "setting__attack_type": ""
    },
    {
      "_template": "unit_loader",
      "setting__unitType": "template:rail_wagon",
      "setting__className": "tankModels/ussr_railway_hopper_wagon_green",
      "setting__unit_class": "ussr_railway_hopper_wagon_green",
      "setting__tm": [
        [
          0.988653,
          0.0,
          0.150211
        ],
        [
          0.0,
          1.0,
          0.0
        ],
        [
          -0.150211,
          0.0,
          0.988653
        ],
        [
          -487.916,
          4.14685,
          53.5479
        ]
      ],
      "setting__isDead": false,
      "setting__attack_type": ""
    },
    {
      "_template": "unit_loader",
      "setting__unitType": "template:rail_wagon",
      "setting__className": "tankModels/ussr_railway_hopper_wagon_green",
      "setting__unit_class": "ussr_railway_hopper_wagon_green",
      "setting__tm": [
        [
          0.993389,
          0.0,
          0.114792
        ],
        [
          0.0,
          1.0,
          0.0
        ],
        [
          -0.114792,
          0.0,
          0.993389
        ],
        [
          -478.133,
          4.16621,
          54.9527
        ]
      ],
      "setting__isDead": false,
      "setting__attack_type": ""
    },
    {
      "_template": "unit_loader",
      "setting__unitType": "template:rail_wagon",
      "setting__className": "tankModels/ussr_railway_hopper_wagon_green",
      "setting__unit_class": "ussr_railway_hopper_wagon_green",
      "setting__tm": [
        [
          -0.949963,
          0.0,
          -0.312362
        ],
        [
          0.0,
          1.0,
          0.0
        ],
        [
          0.312362,
          0.0,
          -0.949963
        ],
        [
          -533.936,
          4.19967,
          26.0827
        ]
      ],
      "setting__isDead": false,
      "setting__attack_type": ""
    },
    {
      "_template": "unit_loader",
      "setting__unitType": "template:rail_wagon",
      "setting__className": "tankModels/ussr_railway_hopper_wagon_green",
      "setting__unit_class": "ussr_railway_hopper_wagon_green",
      "setting__tm": [
        [
          -0.963284,
          0.0,
          -0.268479
        ],
        [
          0.0,
          1.0,
          0.0
        ],
        [
          0.268479,
          0.0,
          -0.963284
        ],
        [
          -514.93,
          4.19967,
          31.905
        ]
      ],
      "setting__isDead": false,
      "setting__attack_type": ""
    },
    {
      "_template": "unit_loader",
