{
  "entity": [
    {
      "_template": "ri_gpu_object",
      "ri_gpu_object__map_size": [
        4096.0,
        4096.0
      ],
      "ri_gpu_object__map_offset": [
        0.0,
        0.0
      ],
      "ri_gpu_object__grid_size": 32,
      "ri_gpu_object__grid_tiling": 5,
      "ri_gpu_object__cell_size": 32.0,
      "ri_gpu_object__incline_delta": 0.0,
      "ri_gpu_object__name": "debris_wooden_beam_b",
      "ri_gpu_object__scale_range": [
        0.7,
        1.0
      ],
      "ri_gpu_object__rotate_range": [
        90.0,
        180.0
      ],
      "ri_gpu_object__seed": 3,
      "ri_gpu_object__is_using_normal": true,
      "ri_gpu_object__up_vector": [
        0.1,
        1.0,
        0.1
      ],
      "ri_gpu_object__slope_factor": [
        10.0,
        50.0
      ],
      "ri_gpu_object__hardness": 0.8,
      "ri_gpu_object__biome_params:array": {
        "biome_params": [
          1.0,
          1.0,
          0.0,
          0.0
        ]
      }
    },
    {
      "_template": "ri_gpu_object",
      "ri_gpu_object__map_size": [
        4096.0,
        4096.0
      ],
      "ri_gpu_object__map_offset": [
        0.0,
        0.0
      ],
      "ri_gpu_object__grid_size": 32,
      "ri_gpu_object__grid_tiling": 3,
      "ri_gpu_object__cell_size": 32.0,
      "ri_gpu_object__incline_delta": 0.0,
      "ri_gpu_object__name": "mushroom_cortinarius_white_b",
      "ri_gpu_object__scale_range": [
        1.0,
        1.5
      ],
      "ri_gpu_object__rotate_range": [
        90.0,
        180.0
      ],
      "ri_gpu_object__seed": 17,
      "ri_gpu_object__is_using_normal": true,
      "ri_gpu_object__up_vector": [
        0.1,
        1.0,
        0.1
      ],
      "ri_gpu_object__slope_factor": [
        10.0,
        50.0
      ],
      "ri_gpu_object__hardness": 0.1,
      "ri_gpu_object__biome_params:array": {
        "biome_params": [
          2.0,
          2.0,
          0.0,
          0.0
        ]
      }
    },
    {
      "_template": "ri_gpu_object",
      "ri_gpu_object__biom_indexes": [
        -1.0,
        -1.0,
        -1.0,
        -1.0
      ],
      "ri_gpu_object__map_size": [
        4096.0,
        4096.0
      ],
      "ri_gpu_object__map_offset": [
        0.0,
        0.0
      ],
      "ri_gpu_object__grid_size": 64,
      "ri_gpu_object__grid_tiling": 3,
      "ri_gpu_object__cell_size": 64.0,
      "ri_gpu_object__incline_delta": 0.0,
      "ri_gpu_object__name": "debris_auto_cannon_cartridge_case_90mm_a",
      "ri_gpu_object__scale_range": [
        1.0,
        1.5
      ],
      "ri_gpu_object__rotate_range": [
        90.0,
        180.0
      ],
      "ri_gpu_object__seed": 32,
      "ri_gpu_object__is_using_normal": true,
      "ri_gpu_object__up_vector": [
        0.1,
        1.0,
        0.1
      ],
      "ri_gpu_object__slope_factor": [
        10.0,
        50.0
      ],
      "ri_gpu_object__hardness": 0.9
    },
    {
      "_template": "unit_loader",
      "setting__unitType": "template:rail_wagon",
      "setting__className": "tankModels/ussr_railway_freight_car_red",
      "setting__unit_class": "ussr_railway_freight_car_red",
      "setting__attack_type": "dont_aim",
      "setting__loadSound": false,
      "setting__tm": [
        [
          1.0,
          0.0,
          0.0
        ],
        [
          0.0,
          1.0,
          0.0
        ],
        [
          0.0,
          0.0,
          1.0
        ],
        [
          1016.15,
          30.9,
          1449.8
        ]
      ]
    },
    {
      "_template": "unit_loader",
      "setting__unitType": "template:rail_wagon",
      "setting__className": "tankModels/ussr_railway_freight_car_red",
      "setting__unit_class": "ussr_railway_freight_car_red",
      "setting__attack_type": "dont_aim",
      "setting__loadSound": false,
      "setting__tm": [
        [
          0.113538,
          -0.0645788,
          -0.991433
        ],
        [
          0.989794,
          0.0938541,
          0.107237
        ],
        [
          0.0861247,
          -0.993489,
          0.0745757
        ],
        [
          993.5,
          31.85,
          1463.65
        ]
      ]
    },
    {
      "_template": "unit_loader",
      "setting__unitType": "template:rail_wagon",
      "setting__className": "tankModels/ussr_railway_freight_car_red",
      "setting__unit_class": "ussr_railway_freight_car_red",
      "setting__attack_type": "dont_aim",
      "setting__loadSound": false,
      "setting__tm": [
        [
          -0.620913,
          -0.0181029,
          0.78367
        ],
        [
          0.783817,
          -0.0269175,
          0.620408
        ],
        [
          0.00986326,
          0.999474,
          0.0309028
        ],
        [
          1023.35,
          32.55,
          1442.5
        ]
      ]
    },
    {
      "_template": "unit_loader",
      "setting__unitType": "template:rail_wagon",
      "setting__className": "tankModels/ussr_railway_freight_car_red",
      "setting__unit_class": "ussr_railway_freight_car_red",
      "setting__attack_type": "dont_aim",
      "setting__loadSound": false,
      "setting__tm": [
        [
          -0.620913,
          -0.0181029,
          0.78367
        ],
        [
          0.783817,
          -0.0269175,
          0.620408
        ],
        [
          0.00986326,
          0.999474,
          0.0309028
        ],
        [
          1053.5,
          38.15,
          1382.85
        ]
      ]
    },
    {
      "_template": "unit_loader",
      "setting__unitType": "template:rail_wagon",
      "setting__className": "tankModels/ussr_railway_freight_car_red",
      "setting__unit_class": "ussr_railway_freight_car_red",
      "setting__attack_type": "dont_aim",
      "setting__loadSound": false,
      "setting__tm": [
        [
          -0.0716549,
          0.112221,
          -0.991096
        ],
        [
          -0.997032,
          -0.0361016,
          0.0679962
        ],
        [
          -0.0281496,
          0.993027,
          0.114475
        ],
        [
          1018.8,
          38.0,
          1392.65
        ]
      ]
    },
    {
      "_template": "unit_loader",
      "setting__unitType": "template:rail_wagon",
      "setting__className": "tankModels/ussr_railway_freight_car_red",
      "setting__unit_class": "ussr_railway_freight_car_red",
      "setting__attack_type": "dont_aim",
      "setting__loadSound": false,
      "setting__tm": [
        [
          0.355929,
          -0.14508,
          0.923183
        ],
        [
          -0.0100481,
          -0.988413,
          -0.151457
        ],
        [
          0.934459,
          0.0446319,
          -0.353263
        ],
        [
          1053.8,
          38.9,
          1401.25
        ]
      ]
    },
    {
      "_template": "unit_loader",
      "setting__unitType": "template:rail_wagon",
      "setting__className": "tankModels/ussr_railway_freight_car_red",
      "setting__unit_class": "ussr_railway_freight_car_red",
      "setting__attack_type": "dont_aim",
      "setting__loadSound": false,
      "setting__tm": [
        [
          -0.0280865,
          0.112505,
          -0.993254
        ],
        [
          -0.999229,
          -0.0304161,
          0.0248103
        ],
        [
          -0.0274196,
          0.993185,
          0.113273
        ],
        [
          1047.6,
          32.95,
          1429.65
        ]
      ]
    },
    {
      "_template": "unit_loader",
      "setting__unitType": "template:rail_wagon",
      "setting__className": "tankModels/ussr_railway_freight_car_red",
      "setting__unit_class": "ussr_railway_freight_car_red",
      "setting__attack_type": "dont_aim",
      "setting__loadSound": false,
      "setting__tm": [
        [
          -0.741883,
          0.0982362,
          -0.663294
        ],
        [
          -0.670266,
          -0.0809401,
          0.737694
        ],
        [
          0.0187812,
          0.991866,
          0.125893
        ],
        [
          1036.6,
          34.65,
          1417.05
        ]
      ]
    },
    {
      "_template": "unit_loader",
      "setting__unitType": "template:rail_wagon",
      "setting__className": "tankModels/ussr_railway_freight_car_red",
      "setting__unit_class": "ussr_railway_freight_car_red",
      "setting__attack_type": "dont_aim",
      "setting__loadSound": false,
      "setting__tm": [
        [
          -0.899484,
          -0.0181029,
          -0.436578
        ],
        [
          -0.436052,
          -0.0269175,
          0.899519
        ],
        [
          -0.0280354,
          0.999474,
          0.016318
        ],
        [
          1012.3,
          32.5,
          1451.95
        ]
      ]
    },
    {
      "_template": "unit_loader",
      "setting__unitType": "template:rail_wagon",
      "setting__className": "tankModels/ussr_railway_freight_car_red",
      "setting__unit_class": "ussr_railway_freight_car_red",
      "setting__attack_type": "dont_aim",
      "setting__loadSound": false,
      "setting__tm": [
        [
          0.984808,
          -0.173648,
          0.0
        ],
        [
          0.173648,
          0.984808,
          0.0
        ],
        [
          0.0,
          0.0,
          1.0
        ],
        [
          985.85,
          38.5,
          1480.0
        ]
      ]
    },
    {
      "_template": "unit_loader",
      "setting__unitType": "template:rail_wagon",
      "setting__className": "tankModels/ussr_railway_freight_car_red",
      "setting__unit_class": "ussr_railway_freight_car_red",
      "setting__attack_type": "dont_aim",
      "setting__loadSound": false,
      "setting__tm": [
        [
          0.651107,
          -0.644622,
          -0.400653
        ],
        [
          0.696083,
          0.717582,
          -0.0233246
        ],
        [
          0.302537,
          -0.263701,
          0.915933
        ],
        [
          994.75,
          33.95,
          1480.4
        ]
      ]
    }
  ]
}