{
  "entity": [
    {
      "_template": "unit_loader",
      "setting__unitType": "template:rail_wagon",
      "setting__className": "tankModels/germ_railway_tram_a",
      "setting__unit_class": "germ_railway_tram_a",
      "setting__isDead": true,
      "setting__tm": [
        [
          1.0,
          0.0,
          0.0
        ],
        [
          0.0,
          1.0,
          0.0
        ],
        [
          0.0,
          0.0,
          1.0
        ],
        [
          3838.63,
          10.8197,
          1822.25
        ]
      ]
    },
    {
      "_template": "unit_loader",
      "setting__unitType": "template:rail_wagon",
      "setting__className": "tankModels/germ_railway_tram_a",
      "setting__unit_class": "germ_railway_tram_a",
      "setting__isDead": true,
      "setting__tm": [
        [
          0.67559,
          0.0,
          -0.737277
        ],
        [
          0.73097,
          0.130526,
          0.66981
        ],
        [
          0.096234,
          -0.991445,
          0.0881823
        ],
        [
          3844.07,
          10.8499,
          1820.73
        ]
      ]
    },
    {
      "_template": "unit_loader",
      "setting__unitType": "template:rail_wagon",
      "setting__className": "tankModels/germ_railway_tram_a",
      "setting__unit_class": "germ_railway_tram_a",
      "setting__isDead": true,
      "setting__tm": [
        [
          0.547959,
          0.0,
          0.836505
        ],
        [
          0.0,
          1.0,
          0.0
        ],
        [
          -0.836505,
          0.0,
          0.547959
        ],
        [
          3344.39,
          9.82467,
          2043.61
        ]
      ]
    },
    {
      "_template": "unit_loader",
      "setting__unitType": "template:rail_wagon",
      "setting__className": "tankModels/germ_railway_tram_a",
      "setting__unit_class": "germ_railway_tram_a",
      "setting__isDead": true,
      "setting__tm": [
        [
          0.583431,
          0.0,
          0.812162
        ],
        [
          0.0,
          1.0,
          0.0
        ],
        [
          -0.812162,
          0.0,
          0.583431
        ],
        [
          3339.76,
          9.82467,
          2036.88
        ]
      ]
    },
    {
      "_template": "unit_loader",
      "setting__unitType": "template:rail_wagon",
      "setting__className": "tankModels/germ_railway_tram_a",
      "setting__unit_class": "germ_railway_tram_a",
      "setting__isDead": true,
      "setting__tm": [
        [
          0.983425,
          0.0,
          0.181317
        ],
        [
          0.0,
          1.0,
          0.0
        ],
        [
          -0.181317,
          0.0,
          0.983425
        ],
        [
          3897.63,
          10.7369,
          2220.86
        ]
      ]
    },
    {
      "_template": "unit_loader",
      "setting__unitType": "template:rail_wagon",
      "setting__className": "tankModels/germ_railway_tram_a",
      "setting__unit_class": "germ_railway_tram_a",
      "setting__isDead": true,
      "setting__tm": [
        [
          -0.975691,
          0.0,
          -0.219149
        ],
        [
          0.217274,
          0.130526,
          -0.967344
        ],
        [
          0.0286048,
          -0.991445,
          -0.127353
        ],
        [
          3930.64,
          10.8644,
          2221.42
        ]
      ]
    },
    {
      "_template": "unit_loader",
      "setting__unitType": "template:rail_wagon",
      "setting__className": "tankModels/germ_railway_tram_a",
      "setting__unit_class": "germ_railway_tram_a",
      "setting__isDead": true,
      "setting__tm": [
        [
          0.974701,
          0.0,
          -0.223509
        ],
        [
          0.221597,
          0.130526,
          0.966363
        ],
        [
          0.0291737,
          -0.991445,
          0.127224
        ],
        [
          3915.95,
          10.7989,
          2215.68
        ]
      ]
    },
    {
      "_template": "unit_loader",
      "setting__unitType": "template:rail_wagon",
      "setting__className": "tankModels/germ_railway_tram_a",
      "setting__unit_class": "germ_railway_tram_a",
      "setting__isDead": true,
      "setting__tm": [
        [
          -0.353669,
          0.0,
          0.93537
        ],
        [
          -0.927368,
          0.130526,
          -0.350643
        ],
        [
          -0.12209,
          -0.991445,
          -0.0461632
        ],
        [
          3820.72,
          10.8797,
          1804.08
        ]
      ]
    },
    {
      "_template": "unit_loader",
      "setting__unitType": "template:rail_wagon",
      "setting__className": "tankModels/germ_railway_tram_a",
      "setting__unit_class": "germ_railway_tram_a",
      "setting__isDead": true,
      "setting__tm": [
        [
          0.413268,
          0.0,
          0.910609
        ],
        [
          0.0,
          1.0,
          0.0
        ],
        [
          -0.910609,
          0.0,
          0.413268
        ],
        [
          3874.13,
          9.82471,
          1873.64
        ]
      ]
    },
    {
      "_template": "unit_loader",
      "setting__unitType": "template:rail_wagon",
      "setting__className": "tankModels/germ_railway_tram_a",
      "setting__unit_class": "germ_railway_tram_a",
      "setting__isDead": true,
      "setting__tm": [
        [
          0.389132,
          0.0,
          0.921182
        ],
        [
          0.0,
          1.0,
          0.0
        ],
        [
          -0.921182,
          0.0,
          0.389132
        ],
        [
          3877.55,
          9.82471,
          1881.09
        ]
      ]
    },
    {
      "_template": "unit_loader",
      "setting__unitType": "template:rail_wagon",
      "setting__className": "tankModels/germ_railway_tram_a",
      "setting__unit_class": "germ_railway_tram_a",
      "setting__isDead": true,
      "setting__tm": [
        [
          0.348282,
          0.0,
          0.937389
        ],
        [
          0.0,
          1.0,
          0.0
        ],
        [
          -0.937389,
          0.0,
          0.348282
        ],
        [
          3888.21,
          9.82471,
          1907.63
        ]
      ]
    },
    {
      "_template": "unit_loader",
      "setting__unitType": "template:rail_wagon",
      "setting__className": "tankModels/germ_railway_tram_a",
      "setting__unit_class": "germ_railway_tram_a",
      "setting__isDead": true,
      "setting__tm": [
        [
          0.37286,
          0.0,
          0.927887
        ],
        [
          0.0,
          1.0,
          0.0
        ],
        [
          -0.927887,
          0.0,
          0.37286
        ],
        [
          3885.12,
          9.82471,
          1900.04
        ]
      ]
    },
    {
      "_template": "unit_loader",
      "setting__unitType": "template:rail_wagon",
      "setting__className": "tankModels/germ_railway_tram_a",
      "setting__unit_class": "germ_railway_tram_a",
      "setting__isDead": true,
      "setting__tm": [
        [
          0.911873,
          0.0,
          0.410471
        ],
        [
          0.0,
          1.0,
          0.0
        ],
        [
          -0.410471,
          0.0,
          0.911873
        ],
        [
          3740.46,
          9.82471,
          1740.29
        ]
      ]
    },
    {
      "_template": "unit_loader",
      "setting__unitType": "template:rail_wagon",
      "setting__className": "tankModels/germ_railway_tram_a",
      "setting__unit_class": "germ_railway_tram_a",
      "setting__isDead": true,
      "setting__tm": [
        [
          0.900742,
          0.0,
          0.434355
        ],
        [
          0.0,
          1.0,
          0.0
        ],
        [
          -0.434355,
          0.0,
          0.900742
        ],
        [
          3747.95,
          9.82471,
          1743.62
        ]
      ]
    },
    {
      "_template": "unit_loader",
      "setting__unitType": "template:rail_wagon",
      "setting__className": "tankModels/germ_railway_tram_a",
      "setting__unit_class": "germ_railway_tram_a",
      "setting__isDead": true,
      "setting__tm": [
        [
          -0.697405,
          0.0,
          -0.716677
        ],
        [
          0.0,
          1.0,
          0.0
        ],
        [
          0.716677,
          0.0,
          -0.697405
        ],
        [
          3941.02,
          9.82469,
          2249.74
        ]
      ]
    },
    {
      "_template": "unit_loader",
      "setting__unitType": "template:rail_wagon",
      "setting__className": "tankModels/germ_railway_tram_a",
      "setting__unit_class": "germ_railway_tram_a",
      "setting__isDead": true,
      "setting__tm": [
        [
          -0.803363,
          0.0,
          -0.595489
        ],
        [
          0.0,
          1.0,
          0.0
        ],
        [
          0.595489,
          0.0,
          -0.803363
        ],
        [
          3954.67,
          9.82467,
          2261.1
        ]
      ]
    },
    {
      "_template": "unit_loader",
      "setting__unitType": "template:rail_wagon",
      "setting__className": "tankModels/germ_railway_tram_a",
      "setting__unit_class": "germ_railway_tram_a",
      "setting__isDead": true,
      "setting__tm": [
        [
          0.0299219,
          0.0,
          -0.999552
        ],
        [
          0.0,
          1.0,
          0.0
        ],
        [
          0.999552,
          0.0,
          0.0299219
        ],
        [
          3360.53,
          9.82468,
          2124.82
        ]
      ]
    },
    {
      "_template": "unit_loader",
      "setting__unitType": "template:rail_wagon",
      "setting__className": "tankModels/germ_railway_tram_a",
      "setting__unit_class": "germ_railway_tram_a",
      "setting__isDead": true,
      "setting__tm": [
        [
          0.0299219,
          0.0,
          -0.999552
        ],
        [
          0.0,
          1.0,
          0.0
        ],
        [
          0.999552,
          0.0,
          0.0299219
        ],
        [
          3360.17,
          9.82468,
          2139.98
        ]
      ]
    },
    {
      "_template": "unit_loader",
      "setting__unitType": "template:rail_wagon",
      "setting__className": "tankModels/germ_railway_tram_a",
      "setting__unit_class": "germ_railway_tram_a",
      "setting__isDead": true,
      "setting__tm": [
        [
          0.0598904,
          0.0,
          -0.998205
        ],
        [
          0.0,
          1.0,
          0.0
        ],
        [
          0.998205,
          0.0,
          0.0598904
        ],
        [
          3359.99,
          9.82468,
          2148.29
        ]
      ]
    },
    {
      "_template": "unit_loader",
      "setting__unitType": "template:rail_wagon",
      "setting__className": "tankModels/germ_railway_tram_a",
      "setting__unit_class": "germ_railway_tram_a",
      "setting__isDead": true,
      "setting__tm": [
        [
          -0.592516,
          0.0,
          -0.805558
        ],
        [
          0.0,
          1.0,
          0.0
        ],
        [
          0.805558,
          0.0,
          -0.592516
        ],
        [
          3331.14,
          9.82467,
          2020.37
        ]
      ]
    },
    {
      "_template": "unit_loader",
      "setting__unitType": "template:rail_wagon",
      "setting__className": "tankModels/germ_railway_tram_a",
      "setting__unit_class": "germ_railway_tram_a",
      "setting__isDead": true,
      "setting__tm": [
        [
          -0.607111,
          0.0,
          -0.794617
        ],
        [
          0.0,
          1.0,
          0.0
        ],
        [
          0.794617,
          0.0,
          -0.607111
        ],
        [
          3326.01,
          9.82467,
          2013.59
        ]
      ]
    },
    {
      "_template": "unit_loader",
      "setting__unitType": "template:rail_wagon",
      "setting__className": "tankModels/germ_railway_tram_a",
      "setting__unit_class": "germ_railway_tram_a",
      "setting__isDead": true,
      "setting__tm": [
        [
          -0.413097,
          0.0,
          -0.910686
        ],
        [
          0.0,
          1.0,
          0.0
        ],
        [
          0.910686,
          0.0,
          -0.413097
        ],
        [
          3870.22,
          9.8247,
          1858.28
        ]
      ]
    },
    {
      "_template": "unit_loader",
      "setting__unitType": "template:rail_wagon",
      "setting__className": "tankModels/germ_railway_tram_a",
      "setting__unit_class": "germ_railway_tram_a",
      "setting__isDead": true,
      "setting__tm": [
        [
          0.0299219,
          0.0,
          -0.999552
        ],
        [
          0.0,
          1.0,
          0.0
        ],
        [
          0.999552,
          0.0,
          0.0299219
        ],
        [
          3235.67,
          9.82468,
          2426.84
        ]
      ]
    },
    {
      "_template": "unit_loader",
      "setting__unitType": "template:rail_wagon",
      "setting__className": "tankModels/germ_railway_tram_a",
      "setting__unit_class": "germ_railway_tram_a",
      "setting__isDead": true,
      "setting__tm": [
        [
          0.8567,
          -0.0299197,
          -0.514946
        ],
        [
          0.515449,
          0.0121018,
          0.856835
        ],
        [
          -0.0194045,
          -0.999479,
          0.0257897
        ],
        [
          3237.76,
          11.1363,
          2431.18
        ]
      ]
    },
    {
      "_template": "unit_loader",
      "setting__unitType": "template:rail_wagon",
      "setting__className": "tankModels/germ_railway_tram_a",
      "setting__unit_class": "germ_railway_tram_a",
      "setting__isDead": true,
      "setting__tm": [
        [
          0.939693,
          0.0,
          0.34202
        ],
        [
          0.280166,
          0.573576,
          -0.769751
        ],
        [
          -0.196175,
          0.819152,
          0.538986
        ],
        [
          3779.27,
          10.37,
          2510.14
        ]
      ]
    },
    {
      "_template": "unit_loader",
      "setting__unitType": "template:rail_wagon",
      "setting__className": "tankModels/germ_railway_tram_a",
      "setting__unit_class": "germ_railway_tram_a",
      "setting__isDead": true,
      "setting__tm": [
        [
          -0.857128,
          0.51486,
          -0.0158153
        ],
        [
          0.506,
          0.835839,
          -0.212926
        ],
        [
          -0.0964079,
          -0.190507,
          -0.97694
        ],
        [
          3701.45,
          11.0254,
          2477.11
        ]
      ]
    },
    {
      "_template": "unit_loader",
      "setting__unitType": "template:rail_wagon",
      "setting__className": "tankModels/germ_railway_tram_a",
      "setting__unit_class": "germ_railway_tram_a",
      "setting__isDead": true,
      "setting__tm": [
        [
          0.834215,
          -7.5426e-8,
          -0.55144
        ],
        [
          -0.550915,
          0.0436195,
          -0.83342
        ],
        [
          0.0240536,
          0.999048,
          0.036388
        ],
        [
          3699.21,
          10.9379,
          2479.09
        ]
      ]
    },
    {
      "_template": "unit_loader",
      "setting__unitType": "template:rail_wagon",
      "setting__className": "tankModels/germ_railway_tram_a",
      "setting__unit_class": "germ_railway_tram_a",
      "setting__isDead": true,
      "setting__tm": [
        [
          0.945324,
          -7.5426e-8,
          0.326132
        ],
        [
          0.325821,
          0.0436195,
          -0.944424
        ],
        [
          -0.0142257,
          0.999048,
          0.0412346
        ],
        [
          3461.47,
          10.6668,
          2143.43
        ]
      ]
    },
    {
      "_template": "unit_loader",
      "setting__unitType": "template:rail_wagon",
      "setting__className": "tankModels/germ_railway_tram_a",
      "setting__unit_class": "germ_railway_tram_a",
      "setting__isDead": true,
      "setting__tm": [
        [
          0.989694,
          -7.5426e-8,
          -0.143195
        ],
        [
          -0.143059,
          0.0436195,
          -0.988752
        ],
        [
          0.00624613,
          0.999048,
          0.04317
        ],
        [
          4034.74,
          10.8599,
          2302.02
        ]
      ]
    },
    {
      "_template": "unit_loader",
      "setting__unitType": "template:rail_wagon",
      "setting__className": "tankModels/germ_railway_tram_a",
      "setting__unit_class": "germ_railway_tram_a",
      "setting__isDead": true,
      "setting__tm": [
        [
          -0.248111,
          -7.5426e-8,
          0.968731
        ],
        [
          0.967809,
          0.0436195,
          0.247874
        ],
        [
          -0.0422556,
          0.999048,
          -0.0108224
        ],
        [
          3903.94,
          10.8599,
          2234.26
        ]
      ]
    },
    {
      "_template": "unit_loader",
      "setting__unitType": "template:rail_wagon",
      "setting__className": "tankModels/germ_railway_tram_a",
      "setting__unit_class": "germ_railway_tram_a",
      "setting__isDead": true,
      "setting__tm": [
        [
          0.913303,
          -7.5426e-8,
          0.407281
        ],
        [
          0.406893,
          0.0436195,
          -0.912433
        ],
        [
          -0.0177653,
          0.999048,
          0.0398379
        ],
        [
          3376.38,
          10.9379,
          2097.94
        ]
      ]
    }
  ]
}