[
  {
    "className": "composit"
  },
  {
    "size": [800.0,400.0]
  },
  {
    "node": {
      "name": "#pillbox_wood_roof_s",
      "tm": [
        [1.94707e-07,0.0,1.0],
        [0.0,1.0,0.0],
        [-1.0,0.0,1.94707e-07],
        [-150.816,0.0,102.311]
      ]
    }
  },
  {
    "node": {
      "name": "#army_tent4big_s",
      "tm": [
        [-1.0,0.0,1.50996e-07],
        [0.0,1.0,0.0],
        [-1.50996e-07,0.0,-1.0],
        [-191.962,0.0,-57.1573]
      ]
    }
  },
  {
    "node": {
      "name": "watch_tower_sandbag_s",
      "tm": [
        [-4.37114e-08,0.0,1.0],
        [0.0,1.0,0.0],
        [-1.0,0.0,-4.37114e-08],
        [17.5692,0.0,-120.355]
      ]
    }
  },
  {
    "node": {
      "name": "watch_tower_sandbag_s",
      "tm": [
        [-4.01339e-07,0.0,1.0],
        [0.0,1.0,0.0],
        [-1.0,0.0,-4.01339e-07],
        [-248.864,0.0,-123.346]
      ]
    }
  },
  {
    "node": {
      "name": "#pillbox_wood_roof_s",
      "tm": [
        [1.19249e-08,0.0,-1.0],
        [0.0,1.0,0.0],
        [1.0,0.0,1.19249e-08],
        [-135.08,0.0,-124.605]
      ]
    }
  },
  {
    "node": {
      "name": "#kpp_house_s",
      "tm": [
        [1.94707e-07,0.0,1.0],
        [0.0,1.0,0.0],
        [-1.0,0.0,1.94707e-07],
        [83.7104,0.0,-123.032]
      ]
    }
  },
  {
    "node": {
      "name": "#sandbagpit_wood_flow_s",
      "tm": [
        [-0.173648,0.0,-0.984808],
        [0.0,1.0,0.0],
        [0.984808,0.0,-0.173648],
        [-30.9018,0.0,-127.701]
      ]
    }
  },
  {
    "node": {
      "name": "#barracks3_s",
      "tm": [
        [1.0,0.0,1.19209e-07],
        [0.0,1.0,0.0],
        [-1.19209e-07,0.0,1.0],
        [-115.429,0.0,-27.703]
      ]
    }
  },
  {
    "node": {
      "name": "#barracks2_s",
      "tm": [
        [1.19249e-08,0.0,1.0],
        [0.0,1.0,0.0],
        [-1.0,0.0,1.19249e-08],
        [-109.573,0.0,-36.8559]
      ]
    }
  },
  {
    "node": {
      "name": "#barracks1_s",
      "tm": [
        [-1.0,0.0,-8.74228e-08],
        [0.0,1.0,0.0],
        [8.74228e-08,0.0,-1.0],
        [-106.46,0.0,55.2301]
      ]
    }
  },
  {
    "node": {
      "name": "#army_tent1_s",
      "tm": [
        [0.996195,0.0,0.0871558],
        [0.0,1.0,0.0],
        [-0.0871558,0.0,0.996195],
        [-196.04,0.0,-75.2062]
      ]
    }
  },
  {
    "node": {
      "name": "#barracks4_s",
      "tm": [
        [1.0,0.0,0.0],
        [0.0,1.0,0.0],
        [0.0,0.0,1.0],
        [-71.5263,0.0,44.4613]
      ]
    }
  },
  {
    "node": {
      "name": "#barrels_tent_s",
      "tm": [
        [-0.0871559,0.0,0.996195],
        [0.0,1.0,0.0],
        [-0.996195,0.0,-0.0871559],
        [9.86009,0.0,-66.3665]
      ]
    }
  },
  {
    "node": {
      "name": "#camouflage_roof_point_s",
      "tm": [
        [1.0,0.0,0.0],
        [0.0,1.0,0.0],
        [0.0,0.0,1.0],
        [-41.9971,0.0,-30.4036]
      ]
    }
  },
  {
    "node": {
      "name": "#barrels_red_s",
      "tm": [
        [1.0,0.0,0.0],
        [0.0,1.0,0.0],
        [0.0,0.0,1.0],
        [-192.69,0.0,88.6298]
      ]
    }
  },
  {
    "node": {
      "name": "#camouflage_roof_point_s",
      "tm": [
        [-1.0,0.0,1.50996e-07],
        [0.0,1.0,0.0],
        [-1.50996e-07,0.0,-1.0],
        [112.702,0.0,-126.19]
      ]
    }
  },
  {
    "node": {
      "name": "#caissons2_s",
      "tm": [
        [1.0,0.0,0.0],
        [0.0,1.0,0.0],
        [0.0,0.0,1.0],
        [146.514,0.0,-65.2514]
      ]
    }
  },
  {
    "node": {
      "name": "#army_tent1_s",
      "tm": [
        [-0.34202,0.0,0.939693],
        [0.0,1.0,0.0],
        [-0.939693,0.0,-0.34202],
        [-177.526,0.0,-73.3508]
      ]
    }
  },
  {
    "node": {
      "name": "#army_tent1_s",
      "tm": [
        [-0.984808,0.0,-0.173648],
        [0.0,1.0,0.0],
        [0.173648,0.0,-0.984808],
        [-207.357,0.0,-39.7433]
      ]
    }
  },
  {
    "node": {
      "name": "#army_tent1_s",
      "tm": [
        [0.0871558,0.0,0.996195],
        [0.0,1.0,0.0],
        [-0.996195,0.0,0.0871558],
        [-190.905,0.0,-36.6674]
      ]
    }
  },
  {
    "node": {
      "name": "#barrels_red_s",
      "tm": [
        [-4.37114e-08,0.0,-1.0],
        [0.0,1.0,0.0],
        [1.0,0.0,-4.37114e-08],
        [-117.618,0.0,-80.391]
      ]
    }
  },
  {
    "node": {
      "name": "#caissons1_s",
      "tm": [
        [-0.939693,0.0,0.34202],
        [0.0,1.0,0.0],
        [-0.34202,0.0,-0.939693],
        [35.1401,0.0,-22.6098]
      ]
    }
  },
  {
    "node": {
      "name": "#camouflage_roof_point_s",
      "tm": [
        [-4.37114e-08,0.0,-1.0],
        [0.0,1.0,0.0],
        [1.0,0.0,-4.37114e-08],
        [238.411,0.0,-24.1172]
      ]
    }
  },
  {
    "node": {
      "name": "watch_tower_sandbag_s",
      "tm": [
        [1.94707e-07,0.0,1.0],
        [0.0,1.0,0.0],
        [-1.0,0.0,1.94707e-07],
        [-7.68354,0.0,26.5138]
      ]
    }
  },
  {
    "node": {
      "name": "#barrels_tent_s",
      "tm": [
        [0.996195,0.0,0.0871557],
        [0.0,1.0,0.0],
        [-0.0871557,0.0,0.996195],
        [-64.2198,0.0,-50.0888]
      ]
    }
  },
  {
    "node": {
      "name": "#caissons2_s",
      "tm": [
        [-4.37114e-08,0.0,-1.0],
        [0.0,1.0,0.0],
        [1.0,0.0,-4.37114e-08],
        [-10.0778,0.0,-57.2813]
      ]
    }
  },
  {
    "node": {
      "name": "#army_tent1_s",
      "tm": [
        [0.173648,0.0,0.984808],
        [0.0,1.0,0.0],
        [-0.984808,0.0,0.173648],
        [-172.08,0.0,-53.6936]
      ]
    }
  },
  {
    "node": {
      "name": "#army_tent1_s",
      "tm": [
        [0.707107,0.0,-0.707107],
        [0.0,1.0,0.0],
        [0.707107,0.0,0.707107],
        [-177.378,0.0,-40.8682]
      ]
    }
  },
  {
    "node": {
      "name": "#mortar_pit_s",
      "tm": [
        [0.0871557,0.0,0.996195],
        [0.0,1.0,0.0],
        [-0.996195,0.0,0.0871557],
        [-124.719,0.0,120.803]
      ]
    }
  },
  {
    "node": {
      "name": "#army_tent3_s",
      "tm": [
        [1.0,0.0,0.0],
        [0.0,1.0,0.0],
        [0.0,0.0,1.0],
        [-224.612,0.0,-9.41561]
      ]
    }
  },
  {
    "node": {
      "name": "#mortar_pit_sandbag_s",
      "tm": [
        [0.0871557,0.0,0.996195],
        [0.0,1.0,0.0],
        [-0.996195,0.0,0.0871557],
        [-8.03816,0.0,97.6385]
      ]
    }
  },
  {
    "node": {
      "name": "#army_tent3_s",
      "tm": [
        [1.0,0.0,0.0],
        [0.0,1.0,0.0],
        [0.0,0.0,1.0],
        [-202.732,0.0,-17.4683]
      ]
    }
  },
  {
    "node": {
      "name": "#army_tent3_s",
      "tm": [
        [1.0,0.0,0.0],
        [0.0,1.0,0.0],
        [0.0,0.0,1.0],
        [-223.017,0.0,-35.2145]
      ]
    }
  },
  {
    "node": {
      "name": "#barrels_blue_s",
      "tm": [
        [1.0,0.0,0.0],
        [0.0,1.0,0.0],
        [0.0,0.0,1.0],
        [-15.6523,0.0,-110.811]
      ]
    }
  },
  {
    "node": {
      "name": "#caissons2_s",
      "tm": [
        [1.0,0.0,0.0],
        [0.0,1.0,0.0],
        [0.0,0.0,1.0],
        [-89.7234,0.0,-61.4749]
      ]
    }
  },
  {
    "node": {
      "name": "#caissons1_s",
      "tm": [
        [1.0,0.0,0.0],
        [0.0,1.0,0.0],
        [0.0,0.0,1.0],
        [-215.629,0.0,-21.7152]
      ]
    }
  },
  {
    "node": {
      "name": "#caissons2_s",
      "tm": [
        [0.819152,0.0,0.573576],
        [0.0,1.0,0.0],
        [-0.573576,0.0,0.819152],
        [-118.287,0.0,10.324]
      ]
    }
  },
  {
    "node": {
      "name": "#entrenchment1_traverse_d",
      "tm": [
        [7.54979e-08,0.0,-1.0],
        [0.0,1.0,0.0],
        [1.0,0.0,7.54979e-08],
        [83.6366,0.0,114.052]
      ]
    }
  },
  {
    "node": {
      "name": "#entrenchment1_d",
      "tm": [
        [7.54979e-08,-0,-1.0],
        [0,1.0,-0],
        [1.0,0.0,7.54979e-08],
        [106.674,0.0,114.076]
      ]
    }
  },
  {
    "node": {
      "name": "#entrenchment1_d",
      "tm": [
        [7.54979e-08,-0,-1.0],
        [0,1.0,-0],
        [1.0,0.0,7.54979e-08],
        [152.668,0.0,114.076]
      ]
    }
  },
  {
    "node": {
      "name": "#entrenchment1_traverse_d",
      "tm": [
        [7.54979e-08,0.0,-1.0],
        [0.0,1.0,0.0],
        [1.0,0.0,7.54979e-08],
        [129.63,0.0,114.052]
      ]
    }
  },
  {
    "node": {
      "name": "#entrenchment1_d",
      "tm": [
        [7.54979e-08,-0,-1.0],
        [0,1.0,-0],
        [1.0,0.0,7.54979e-08],
        [222.042,0.0,114.076]
      ]
    }
  },
  {
    "node": {
      "name": "#entrenchment1_traverse_d",
      "tm": [
        [7.54979e-08,0.0,-1.0],
        [0.0,1.0,0.0],
        [1.0,0.0,7.54979e-08],
        [199.005,0.0,114.052]
      ]
    }
  },
  {
    "node": {
      "name": "#army_tent1_s",
      "tm": [
        [0.965926,0.0,-0.258819],
        [0.0,1.0,0.0],
        [0.258819,0.0,0.965926],
        [-216.881,0.0,-51.9417]
      ]
    }
  },
  {
    "node": {
      "name": "#army_tent3_s",
      "tm": [
        [0.766044,0.0,0.642788],
        [0.0,1.0,0.0],
        [-0.642788,0.0,0.766044],
        [-221.637,0.0,-74.5126]
      ]
    }
  },
  {
    "node": {
      "name": "#tank_barbwire2",
      "tm": [
        [1.94707e-07,0.0,1.0],
        [0.0,1.0,0.0],
        [-1.0,0.0,1.94707e-07],
        [212.224,-0.0507039,127.701]
      ]
    }
  },
  {
    "node": {
      "name": "#tank_barbwire2",
      "tm": [
        [1.94707e-07,0.0,1.0],
        [0.0,1.0,0.0],
        [-1.0,0.0,1.94707e-07],
        [177.15,-0.0507039,127.701]
      ]
    }
  },
  {
    "node": {
      "name": "#tank_barbwire2",
      "tm": [
        [1.94707e-07,0.0,1.0],
        [0.0,1.0,0.0],
        [-1.0,0.0,1.94707e-07],
        [142.556,-0.0507039,127.701]
      ]
    }
  },
  {
    "node": {
      "name": "#tank_barbwire2",
      "tm": [
        [1.94707e-07,0.0,1.0],
        [0.0,1.0,0.0],
        [-1.0,0.0,1.94707e-07],
        [107.482,-0.0507039,127.701]
      ]
    }
  },
  {
    "node": {
      "name": "#tank_barbwire2",
      "tm": [
        [1.94707e-07,0.0,1.0],
        [0.0,1.0,0.0],
        [-1.0,0.0,1.94707e-07],
        [72.3209,-0.0507039,127.701]
      ]
    }
  },
  {
    "node": {
      "name": "#tank_barbwire2_corner",
      "tm": [
        [1.19249e-08,0.0,-1.0],
        [0.0,1.0,0.0],
        [1.0,0.0,1.19249e-08],
        [243.817,0.0,119.658]
      ]
    }
  },
  {
    "node": {
      "name": "#tank_barbwire2",
      "tm": [
        [-1.0,0.0,1.50996e-07],
        [0.0,1.0,0.0],
        [-1.50996e-07,0.0,-1.0],
        [251.49,-0.0507039,86.3902]
      ]
    }
  },
  {
    "node": {
      "name": "#tank_barbwire2",
      "tm": [
        [-1.0,0.0,1.50996e-07],
        [0.0,1.0,0.0],
        [-1.50996e-07,0.0,-1.0],
        [251.49,-0.0507039,51.3165]
      ]
    }
  },
  {
    "node": {
      "name": "^big_camp_pit_entrenchment_s_mesh",
      "tm": [
        [1.0,0.0,0.0],
        [0.0,1.0,0.0],
        [0.0,0.0,1.0],
        [-4.35394,0.0,-1.24194]
      ]
    }
  },
  {
    "node": {
      "name": "#tank_barbwire2",
      "tm": [
        [1.94707e-07,0.0,1.0],
        [0.0,1.0,0.0],
        [-1.0,0.0,1.94707e-07],
        [2.27854,-0.0507039,127.701]
      ]
    }
  },
  {
    "node": {
      "name": "#tank_barbwire2",
      "tm": [
        [1.94707e-07,0.0,1.0],
        [0.0,1.0,0.0],
        [-1.0,0.0,1.94707e-07],
        [-32.124,-0.0507039,127.701]
      ]
    }
  },
  {
    "node": {
      "name": "#tank_barbwire2",
      "tm": [
        [1.94707e-07,0.0,1.0],
        [0.0,1.0,0.0],
        [-1.0,0.0,1.94707e-07],
        [37.3523,-0.0507039,127.701]
      ]
    }
  },
  {
    "node": {
      "name": "#entrenchment1_d",
      "tm": [
        [7.54979e-08,-0,-1.0],
        [0,1.0,-0],
        [1.0,0.0,7.54979e-08],
        [175.857,0.0,114.076]
      ]
    }
  },
  {
    "node": {
      "name": "#entrenchment1_d",
      "tm": [
        [7.54979e-08,-0,-1.0],
        [0,1.0,-0],
        [1.0,0.0,7.54979e-08],
        [60.5895,0.0,114.076]
      ]
    }
  },
  {
    "node": {
      "name": "#entrenchment1_d",
      "tm": [
        [7.54979e-08,-0,-1.0],
        [0,1.0,-0],
        [1.0,0.0,7.54979e-08],
        [37.3776,0.0,114.076]
      ]
    }
  },
  {
    "node": {
      "name": "#entrenchment1_traverse_d",
      "tm": [
        [7.54979e-08,0.0,-1.0],
        [0.0,1.0,0.0],
        [1.0,0.0,7.54979e-08],
        [14.053,0.0,114.052]
      ]
    }
  },
  {
    "node": {
      "name": "#entrenchment1_traverse_d",
      "tm": [
        [-1.0,0.0,-1.50996e-07],
        [0.0,1.0,0.0],
        [1.50996e-07,0.0,-1.0],
        [236.409,0.0,106.167]
      ]
    }
  },
  {
    "node": {
      "name": "#entrenchment1_d",
      "tm": [
        [-1.0,-0,-1.50996e-07],
        [-0,1.0,-0],
        [1.50996e-07,0.0,-1.0],
        [236.41,0.0,83.0186]
      ]
    }
  },
  {
    "node": {
      "name": "#entrenchment1_traverse_d",
      "tm": [
        [-1.0,0.0,-1.50996e-07],
        [0.0,1.0,0.0],
        [1.50996e-07,0.0,-1.0],
        [236.255,0.0,60.231]
      ]
    }
  },
  {
    "node": {
      "name": "#pillbox_wood_roof_s",
      "tm": [
        [1.39071e-07,0.0,1.0],
        [0.0,1.0,0.0],
        [-1.0,0.0,1.39071e-07],
        [-31.8901,0.0,116.137]
      ]
    }
  },
  {
    "node": {
      "name": "#entrenchment1_traverse_d",
      "tm": [
        [1.19249e-08,0.0,-1.0],
        [0.0,1.0,0.0],
        [1.0,0.0,1.19249e-08],
        [-32.002,0.0,114.116]
      ]
    }
  },
  {
    "node": {
      "name": "#entrenchment1_d",
      "tm": [
        [1.19249e-08,-0,-1.0],
        [0,1.0,-0],
        [1.0,0.0,1.19249e-08],
        [-8.96437,0.0,114.141]
      ]
    }
  },
  {
    "node": {
      "name": "#camouflage_roof_point_s",
      "tm": [
        [1.0,0.0,-3.01992e-07],
        [0.0,1.0,0.0],
        [3.01992e-07,0.0,1.0],
        [-71.2748,0.0,113.151]
      ]
    }
  },
  {
    "node": {
      "name": "#camouflage_roof_point_s",
      "tm": [
        [1.19249e-08,0.0,-1.0],
        [0.0,1.0,0.0],
        [1.0,0.0,1.19249e-08],
        [236.558,0.0,24.447]
      ]
    }
  },
  {
    "node": {
      "name": "#camouflage_roof_point_s",
      "tm": [
        [0.819152,0.0,0.573577],
        [0.0,1.0,0.0],
        [-0.573577,0.0,0.819152],
        [-244.511,0.0,116.104]
      ]
    }
  },
  {
    "node": {
      "name": "#kpp_house_s",
      "tm": [
        [1.0,0.0,0.0],
        [0.0,1.0,0.0],
        [0.0,0.0,1.0],
        [-247.525,0.0,15.4143]
      ]
    }
  },
  {
    "node": {
      "name": "#entrenchment1_d",
      "tm": [
        [-1.0,-0,-1.50996e-07],
        [-0,1.0,-0],
        [1.50996e-07,0.0,-1.0],
        [236.41,0.0,37.2938]
      ]
    }
  },
  {
    "node": {
      "name": "#camouflage_roof_point_s",
      "tm": [
        [-0.984808,0.0,-0.173648],
        [0.0,1.0,0.0],
        [0.173648,0.0,-0.984808],
        [161.243,0.0,85.6074]
      ]
    }
  },
  {
    "node": {
      "name": "#entrenchment1_d",
      "tm": [
        [1.19249e-08,-0,-1.0],
        [0,1.0,-0],
        [1.0,0.0,1.19249e-08],
        [-54.9731,0.0,114.141]
      ]
    }
  },
  {
    "node": {
      "name": "#tank_barbwire2",
      "tm": [
        [1.94707e-07,0.0,1.0],
        [0.0,1.0,0.0],
        [-1.0,0.0,1.94707e-07],
        [-66.8763,-0.0507039,127.701]
      ]
    }
  },
  {
    "node": {
      "name": "#kpp_budka_s",
      "tm": [
        [1.0,0.0,0.0],
        [0.0,1.0,0.0],
        [0.0,0.0,1.0],
        [242.882,0.0,-40.8356]
      ]
    }
  },
  {
    "node": {
      "name": "#barracks4_s",
      "tm": [
        [-4.37114e-08,0.0,-1.0],
        [0.0,1.0,0.0],
        [1.0,0.0,-4.37114e-08],
        [134.978,0.0,-31.4181]
      ]
    }
  },
  {
    "node": {
      "name": "#barracks1_s",
      "tm": [
        [1.94707e-07,0.0,1.0],
        [0.0,1.0,0.0],
        [-1.0,0.0,1.94707e-07],
        [-47.4468,0.0,31.2774]
      ]
    }
  },
  {
    "node": {
      "name": "#army_tent3_s",
      "tm": [
        [1.0,0.0,0.0],
        [0.0,1.0,0.0],
        [0.0,0.0,1.0],
        [-212.13,0.0,67.9428]
      ]
    }
  },
  {
    "node": {
      "name": "#army_tent3_s",
      "tm": [
        [-0.642788,0.0,-0.766044],
        [0.0,1.0,0.0],
        [0.766044,0.0,-0.642788],
        [-200.285,0.0,71.5683]
      ]
    }
  },
  {
    "node": {
      "name": "#army_tent3_s",
      "tm": [
        [-0.422618,0.0,0.906308],
        [0.0,1.0,0.0],
        [-0.906308,0.0,-0.422618],
        [-186.751,0.0,68.9787]
      ]
    }
  },
  {
    "node": {
      "name": "#army_tent3_s",
      "tm": [
        [0.173648,0.0,0.984808],
        [0.0,1.0,0.0],
        [-0.984808,0.0,0.173648],
        [-169.004,0.0,72.8073]
      ]
    }
  },
  {
    "node": {
      "name": "#army_tent3_s",
      "tm": [
        [0.642788,0.0,0.766044],
        [0.0,1.0,0.0],
        [-0.766044,0.0,0.642788],
        [-184.559,0.0,54.9313]
      ]
    }
  },
  {
    "node": {
      "name": "#army_tent3_s",
      "tm": [
        [-0.173648,0.0,-0.984808],
        [0.0,1.0,0.0],
        [0.984808,0.0,-0.173648],
        [-214.962,0.0,53.8577]
      ]
    }
  },
  {
    "node": {
      "name": "#army_tent3_s",
      "tm": [
        [-1.0,0.0,1.50996e-07],
        [0.0,1.0,0.0],
        [-1.50996e-07,0.0,-1.0],
        [-173.063,0.0,56.3915]
      ]
    }
  },
  {
    "node": {
      "name": "#army_tent3_s",
      "tm": [
        [0.422618,0.0,-0.906308],
        [0.0,1.0,0.0],
        [0.906308,0.0,0.422618],
        [-198.094,0.0,57.521]
      ]
    }
  },
  {
    "node": {
      "name": "#army_tent3_s",
      "tm": [
        [-0.642788,0.0,-0.766044],
        [0.0,1.0,0.0],
        [0.766044,0.0,-0.642788],
        [-198.838,0.0,35.9363]
      ]
    }
  },
  {
    "node": {
      "name": "#army_tent3_s",
      "tm": [
        [0.173648,0.0,0.984808],
        [0.0,1.0,0.0],
        [-0.984808,0.0,0.173648],
        [-168.853,0.0,39.5608]
      ]
    }
  },
  {
    "node": {
      "name": "#army_tent3_s",
      "tm": [
        [1.0,0.0,0.0],
        [0.0,1.0,0.0],
        [0.0,0.0,1.0],
        [-215.154,0.0,38.3447]
      ]
    }
  },
  {
    "node": {
      "name": "#army_tent3_s",
      "tm": [
        [-0.422618,0.0,0.906308],
        [0.0,1.0,0.0],
        [-0.906308,0.0,-0.422618],
        [-185.304,0.0,40.6002]
      ]
    }
  },
  {
    "node": {
      "name": "#caissons1_s",
      "tm": [
        [1.0,0.0,0.0],
        [0.0,1.0,0.0],
        [0.0,0.0,1.0],
        [-178.789,0.0,-99.9586]
      ]
    }
  },
  {
    "node": {
      "name": "#mortar_pit_s",
      "tm": [
        [0.0871557,0.0,0.996195],
        [0.0,1.0,0.0],
        [-0.996195,0.0,0.0871557],
        [78.8934,0.0,93.4074]
      ]
    }
  },
  {
    "node": {
      "name": "#mortar_pit_sandbag_s",
      "tm": [
        [0.939693,0.0,-0.34202],
        [0.0,1.0,0.0],
        [0.34202,0.0,0.939693],
        [237.416,0.0,-118.025]
      ]
    }
  },
  {
    "node": {
      "name": "#army_tent1_s",
      "tm": [
        [0.996195,0.0,0.0871558],
        [0.0,1.0,0.0],
        [-0.0871558,0.0,0.996195],
        [5.00098,0.0,-8.78101]
      ]
    }
  },
  {
    "node": {
      "name": "#army_tent1_s",
      "tm": [
        [0.0871557,0.0,0.996195],
        [0.0,1.0,0.0],
        [-0.996195,0.0,0.0871557],
        [23.2455,0.0,-7.489]
      ]
    }
  },
  {
    "node": {
      "name": "#army_tent1_s",
      "tm": [
        [0.996195,0.0,0.0871558],
        [0.0,1.0,0.0],
        [-0.0871558,0.0,0.996195],
        [38.9625,0.0,-5.84885]
      ]
    }
  },
  {
    "node": {
      "name": "#army_tent1_s",
      "tm": [
        [0.965926,0.0,-0.258819],
        [0.0,1.0,0.0],
        [0.258819,0.0,0.965926],
        [52.9059,0.0,-12.0431]
      ]
    }
  },
  {
    "node": {
      "name": "#army_tent1_s",
      "tm": [
        [-0.866025,0.0,0.5],
        [0.0,1.0,0.0],
        [-0.5,0.0,-0.866025],
        [22.9591,0.0,-37.0767]
      ]
    }
  },
  {
    "node": {
      "name": "#army_tent1_s",
      "tm": [
        [0.996195,0.0,0.0871558],
        [0.0,1.0,0.0],
        [-0.0871558,0.0,0.996195],
        [37.9577,0.0,-35.8057]
      ]
    }
  },
  {
    "node": {
      "name": "#army_tent1_s",
      "tm": [
        [-0.707107,0.0,-0.707107],
        [0.0,1.0,0.0],
        [0.707107,0.0,-0.707107],
        [7.28155,0.0,-27.6449]
      ]
    }
  },
  {
    "node": {
      "name": "#army_tent1_s",
      "tm": [
        [0.906308,0.0,0.422618],
        [0.0,1.0,0.0],
        [-0.422618,0.0,0.906308],
        [53.9885,0.0,-33.1835]
      ]
    }
  },
  {
    "node": {
      "name": "#army_tent1_s",
      "tm": [
        [-0.0871555,0.0,-0.996195],
        [0.0,1.0,0.0],
        [0.996195,0.0,-0.0871555],
        [37.9851,0.0,15.0253]
      ]
    }
  },
  {
    "node": {
      "name": "#army_tent1_s",
      "tm": [
        [-0.996195,0.0,-0.0871559],
        [0.0,1.0,0.0],
        [0.0871559,0.0,-0.996195],
        [24.9139,0.0,15.3511]
      ]
    }
  },
  {
    "node": {
      "name": "#army_tent1_s",
      "tm": [
        [-0.996195,0.0,-0.0871559],
        [0.0,1.0,0.0],
        [0.0871559,0.0,-0.996195],
        [54.9658,0.0,9.81256]
      ]
    }
  },
  {
    "node": {
      "name": "#army_tent1_s",
      "tm": [
        [-0.965926,0.0,0.258819],
        [0.0,1.0,0.0],
        [-0.258819,0.0,-0.965926],
        [8.91053,0.0,11.4415]
      ]
    }
  },
  {
    "node": {
      "name": "#barrels_red_s",
      "tm": [
        [1.0,0.0,0.0],
        [0.0,1.0,0.0],
        [0.0,0.0,1.0],
        [134.874,0.0,61.3123]
      ]
    }
  },
  {
    "node": {
      "name": "#mortar_pit_s",
      "tm": [
        [-0.984808,0.0,0.173648],
        [0.0,1.0,0.0],
        [-0.173648,0.0,-0.984808],
        [-247.934,0.0,61.1684]
      ]
    }
  },
  {
    "node": {
      "name": "#pillbox_wood_roof_s",
      "tm": [
        [-1.0,0.0,-2.38498e-08],
        [0.0,1.0,0.0],
        [2.38498e-08,0.0,-1.0],
        [-251.49,0.0,-62.5909]
      ]
    }
  },
  {
    "node": {
      "name": "#army_tent4big_s",
      "tm": [
        [1.94707e-07,0.0,1.0],
        [0.0,1.0,0.0],
        [-1.0,0.0,1.94707e-07],
        [-19.2024,0.0,-8.9626]
      ]
    }
  },
  {
    "node": {
      "name": "#army_tent3_s",
      "tm": [
        [0.173648,0.0,0.984808],
        [0.0,1.0,0.0],
        [-0.984808,0.0,0.173648],
        [-40.7517,0.0,7.26698]
      ]
    }
  },
  {
    "node": {
      "name": "#army_tent3_s",
      "tm": [
        [0.422618,0.0,-0.906308],
        [0.0,1.0,0.0],
        [0.906308,0.0,0.422618],
        [-142.865,0.0,67.5008]
      ]
    }
  },
  {
    "node": {
      "name": "#army_tent3_s",
      "tm": [
        [1.0,0.0,0.0],
        [0.0,1.0,0.0],
        [0.0,0.0,1.0],
        [-16.0532,0.0,12.6287]
      ]
    }
  },
  {
    "node": {
      "name": "#barrel_food_s",
      "tm": [
        [1.0,0.0,0.0],
        [0.0,1.0,0.0],
        [0.0,0.0,1.0],
        [-158.358,0.0,54.9783]
      ]
    }
  },
  {
    "node": {
      "name": "#barracks5_s",
      "tm": [
        [-4.37114e-08,0.0,-1.0],
        [0.0,1.0,0.0],
        [1.0,0.0,-4.37114e-08],
        [-122.075,0.0,36.632]
      ]
    }
  },
  {
    "node": {
      "name": "#caissons1_s",
      "tm": [
        [-0.939693,0.0,0.34202],
        [0.0,1.0,0.0],
        [-0.34202,0.0,-0.939693],
        [-55.2596,0.0,60.2142]
      ]
    }
  },
  {
    "node": {
      "name": "#barrels_red_s",
      "tm": [
        [-4.37114e-08,0.0,-1.0],
        [0.0,1.0,0.0],
        [1.0,0.0,-4.37114e-08],
        [-75.8909,0.0,-114.745]
      ]
    }
  },
  {
    "node": {
      "name": "#tank_barbwire2",
      "tm": [
        [-1.0,0.0,1.50996e-07],
        [0.0,1.0,0.0],
        [-1.50996e-07,0.0,-1.0],
        [251.49,-0.0507039,14.975]
      ]
    }
  },
  {
    "node": {
      "name": "#tank_barbwire2",
      "tm": [
        [-1.0,0.0,1.50996e-07],
        [0.0,1.0,0.0],
        [-1.50996e-07,0.0,-1.0],
        [251.49,-0.0507039,-21.3664]
      ]
    }
  },
  {
    "node": {
      "name": "#tank_barbwire2",
      "tm": [
        [1.94707e-07,0.0,1.0],
        [0.0,1.0,0.0],
        [-1.0,0.0,1.94707e-07],
        [-102.721,-0.0507039,127.701]
      ]
    }
  },
  {
    "node": {
      "name": "#tank_barbwire2",
      "tm": [
        [1.94707e-07,0.0,1.0],
        [0.0,1.0,0.0],
        [-1.0,0.0,1.94707e-07],
        [-138.566,-0.0507039,127.701]
      ]
    }
  },
  {
    "node": {
      "name": "#barrels_red_s",
      "tm": [
        [-4.37114e-08,0.0,-1.0],
        [0.0,1.0,0.0],
        [1.0,0.0,-4.37114e-08],
        [220.001,0.0,-0.911171]
      ]
    }
  },
  {
    "node": {
      "name": "#caissons2_s",
      "tm": [
        [1.0,0.0,0.0],
        [0.0,1.0,0.0],
        [0.0,0.0,1.0],
        [25.3838,0.0,63.8831]
      ]
    }
  },
  {
    "node": {
      "name": "#caissons2_s",
      "tm": [
        [1.0,0.0,0.0],
        [0.0,1.0,0.0],
        [0.0,0.0,1.0],
        [-240.633,0.0,94.7399]
      ]
    }
  },
  {
    "node": {
      "name": "#barrels_tent_s",
      "tm": [
        [0.996195,0.0,-0.0871555],
        [0.0,1.0,0.0],
        [0.0871555,0.0,0.996195],
        [79.0877,0.0,9.34134]
      ]
    }
  }
]