{
  "className": "composit",
  "node": [
    {
      "type": "rendInst",
      "name": "%ammunition_box_c",
      "tm": [
        [
          0.96547,
          0.0,
          0.260514
        ],
        [
          0.0,
          1.0,
          0.0
        ],
        [
          -0.260514,
          0.0,
          0.96547
        ],
        [
          0.0,
          0.0,
          0.0
        ]
      ],
      "toGround": false
    },
    {
      "type": "rendInst",
      "name": "%ammunition_box_b",
      "tm": [
        [
          0.676883,
          0.0,
          -0.73609
        ],
        [
          0.0,
          1.0,
          0.0
        ],
        [
          0.73609,
          0.0,
          0.676883
        ],
        [
          -0.465072,
          -0.250263,
          1.25873
        ]
      ],
      "toGround": false
    },
    {
      "type": "rendInst",
      "name": "%ammunition_box_a",
      "tm": [
        [
          0.991214,
          0.0,
          0.132266
        ],
        [
          0.0,
          1.0,
          0.0
        ],
        [
          -0.132266,
          0.0,
          0.991214
        ],
        [
          -0.0712609,
          -0.250263,
          0.203735
        ]
      ],
      "toGround": false
    },
    {
      "type": "rendInst",
      "name": "%ammunition_box_d",
      "tm": [
        [
          0.991214,
          0.0,
          0.132266
        ],
        [
          0.0,
          1.0,
          0.0
        ],
        [
          -0.132266,
          0.0,
          0.991214
        ],
        [
          -0.598981,
          -0.250263,
          0.586426
        ]
      ],
      "toGround": false
    },
    {
      "type": "rendInst",
      "name": "%ammunition_box_e",
      "tm": [
        [
          0.463305,
          0.0,
          -0.886199
        ],
        [
          0.0,
          1.0,
          0.0
        ],
        [
          0.886199,
          0.0,
          0.463305
        ],
        [
          -0.0590582,
          -0.250263,
          1.06665
        ]
      ],
      "toGround": false
    },
    {
      "type": "rendInst",
      "name": "%ammunition_box_f",
      "tm": [
        [
          0.954243,
          0.0,
          -0.299031
        ],
        [
          0.0,
          1.0,
          0.0
        ],
        [
          0.299031,
          0.0,
          0.954243
        ],
        [
          -0.106405,
          7.24792E-05,
          0.607361
        ]
      ],
      "toGround": false
    }
  ]
}