{
  "className": "composit",
  "ambientSfx": "siren",
  "size": [
    1000.0,
    1000.0
  ],
  "node": [
    {
      "name": "barrage_balloon_a",
      "tm": [
        [
          -0.906308,
          0.0,
          -0.422618
        ],
        [
          0.0,
          1.0,
          0.0
        ],
        [
          0.422618,
          0.0,
          -0.906308
        ],
        [
          -152.169,
          1484.52,
          132.111
        ]
      ]
    },
    {
      "name": "barrage_balloon_a",
      "tm": [
        [
          -0.996195,
          0.0,
          -0.0871559
        ],
        [
          0.0,
          1.0,
          0.0
        ],
        [
          0.0871559,
          0.0,
          -0.996195
        ],
        [
          1698.41,
          1556.69,
          660.492
        ]
      ]
    },
    {
      "name": "barrage_balloon_a",
      "tm": [
        [
          1.0,
          0.0,
          0.0
        ],
        [
          0.0,
          1.0,
          0.0
        ],
        [
          0.0,
          0.0,
          1.0
        ],
        [
          1348.15,
          1237.39,
          1363.07
        ]
      ]
    },
    {
      "name": "barrage_balloon_a",
      "tm": [
        [
          1.0,
          0.0,
          0.0
        ],
        [
          0.0,
          1.0,
          0.0
        ],
        [
          0.0,
          0.0,
          1.0
        ],
        [
          823.822,
          1555.0,
          1055.16
        ]
      ]
    },
    {
      "name": "barrage_balloon_a",
      "tm": [
        [
          -4.37114e-8,
          0.0,
          1.0
        ],
        [
          0.0,
          1.0,
          0.0
        ],
        [
          -1.0,
          0.0,
          -4.37114e-8
        ],
        [
          730.997,
          1484.52,
          818.245
        ]
      ]
    },
    {
      "name": "barrage_balloon_a",
      "tm": [
        [
          0.0871553,
          0.0,
          0.996195
        ],
        [
          0.0,
          1.0,
          0.0
        ],
        [
          -0.996195,
          0.0,
          0.0871553
        ],
        [
          432.054,
          1621.87,
          1055.16
        ]
      ]
    },
    {
      "name": "barrage_balloon_a",
      "tm": [
        [
          0.34202,
          0.0,
          0.939693
        ],
        [
          0.0,
          1.0,
          0.0
        ],
        [
          -0.939693,
          0.0,
          0.34202
        ],
        [
          551.778,
          1004.8,
          1174.68
        ]
      ]
    },
    {
      "name": "barrage_balloon_a",
      "tm": [
        [
          -0.866025,
          0.0,
          -0.5
        ],
        [
          0.0,
          1.0,
          0.0
        ],
        [
          0.5,
          0.0,
          -0.866025
        ],
        [
          215.392,
          1470.0,
          1546.02
        ]
      ]
    },
    {
      "name": "barrage_balloon_a",
      "tm": [
        [
          1.0,
          0.0,
          0.0
        ],
        [
          0.0,
          1.0,
          0.0
        ],
        [
          0.0,
          0.0,
          1.0
        ],
        [
          379.936,
          1171.61,
          1907.92
        ]
      ]
    },
    {
      "name": "barrage_balloon_a",
      "tm": [
        [
          1.0,
          0.0,
          0.0
        ],
        [
          0.0,
          1.0,
          0.0
        ],
        [
          0.0,
          0.0,
          1.0
        ],
        [
          716.174,
          1266.27,
          -316.414
        ]
      ]
    },
    {
      "name": "barrage_balloon_a",
      "tm": [
        [
          1.0,
          0.0,
          0.0
        ],
        [
          0.0,
          1.0,
          0.0
        ],
        [
          0.0,
          0.0,
          1.0
        ],
        [
          1561.89,
          1222.32,
          462.434
        ]
      ]
    },
    {
      "name": "barrage_balloon_a",
      "tm": [
        [
          0.422618,
          0.0,
          0.906308
        ],
        [
          0.0,
          1.0,
          0.0
        ],
        [
          -0.906308,
          0.0,
          0.422618
        ],
        [
          -505.783,
          1236.25,
          -934.0
        ]
      ]
    },
    {
      "name": "barrage_balloon_a",
      "tm": [
        [
          1.0,
          0.0,
          0.0
        ],
        [
          0.0,
          1.0,
          0.0
        ],
        [
          0.0,
          0.0,
          1.0
        ],
        [
          -915.395,
          1398.42,
          754.577
        ]
      ]
    },
    {
      "name": "barrage_balloon_a",
      "tm": [
        [
          -0.819152,
          0.0,
          -0.573576
        ],
        [
          0.0,
          1.0,
          0.0
        ],
        [
          0.573576,
          0.0,
          -0.819152
        ],
        [
          -461.365,
          1501.54,
          -1355.75
        ]
      ]
    },
    {
      "name": "barrage_balloon_a",
      "tm": [
        [
          0.573576,
          0.0,
          0.819152
        ],
        [
          0.0,
          1.0,
          0.0
        ],
        [
          -0.819152,
          0.0,
          0.573576
        ],
        [
          -1247.29,
          1655.09,
          -1488.09
        ]
      ]
    },
    {
      "name": "barrage_balloon_a",
      "tm": [
        [
          0.996195,
          0.0,
          0.0871557
        ],
        [
          0.0,
          1.0,
          0.0
        ],
        [
          -0.0871557,
          0.0,
          0.996195
        ],
        [
          -1336.48,
          1344.3,
          -983.751
        ]
      ]
    },
    {
      "name": "barrage_balloon_a",
      "tm": [
        [
          -0.819152,
          0.0,
          -0.573576
        ],
        [
          0.0,
          1.0,
          0.0
        ],
        [
          0.573576,
          0.0,
          -0.819152
        ],
        [
          -1648.24,
          1524.87,
          -779.157
        ]
      ]
    },
    {
      "name": "barrage_balloon_a",
      "tm": [
        [
          0.173648,
          0.0,
          0.984808
        ],
        [
          0.0,
          1.0,
          0.0
        ],
        [
          -0.984808,
          0.0,
          0.173648
        ],
        [
          -157.523,
          1301.32,
          -1445.24
        ]
      ]
    },
    {
      "name": "barrage_balloon_a",
      "tm": [
        [
          1.0,
          0.0,
          0.0
        ],
        [
          0.0,
          1.0,
          0.0
        ],
        [
          0.0,
          0.0,
          1.0
        ],
        [
          310.286,
          1268.52,
          -1872.62
        ]
      ]
    },
    {
      "name": "barrage_balloon_a",
      "tm": [
        [
          -0.642788,
          0.0,
          -0.766044
        ],
        [
          0.0,
          1.0,
          0.0
        ],
        [
          0.766044,
          0.0,
          -0.642788
        ],
        [
          279.96,
          1508.19,
          395.796
        ]
      ]
    },
    {
      "name": "barrage_balloon_a",
      "tm": [
        [
          1.0,
          0.0,
          0.0
        ],
        [
          0.0,
          1.0,
          0.0
        ],
        [
          0.0,
          0.0,
          1.0
        ],
        [
          975.432,
          1517.37,
          -1022.97
        ]
      ]
    },
    {
      "name": "barrage_balloon_a",
      "tm": [
        [
          1.0,
          0.0,
          0.0
        ],
        [
          0.0,
          1.0,
          0.0
        ],
        [
          0.0,
          0.0,
          1.0
        ],
        [
          -243.458,
          1070.62,
          -1980.73
        ]
      ]
    },
    {
      "name": "barrage_balloon_a",
      "tm": [
        [
          1.0,
          0.0,
          0.0
        ],
        [
          0.0,
          1.0,
          0.0
        ],
        [
          0.0,
          0.0,
          1.0
        ],
        [
          1716.73,
          1314.78,
          -29.7987
        ]
      ]
    },
    {
      "name": "barrage_balloon_a",
      "tm": [
        [
          1.0,
          0.0,
          0.0
        ],
        [
          0.0,
          1.0,
          0.0
        ],
        [
          0.0,
          0.0,
          1.0
        ],
        [
          1098.0,
          1612.04,
          -115.399
        ]
      ]
    },
    {
      "name": "barrage_balloon_a",
      "tm": [
        [
          1.0,
          0.0,
          0.0
        ],
        [
          0.0,
          1.0,
          0.0
        ],
        [
          0.0,
          0.0,
          1.0
        ],
        [
          622.654,
          1486.49,
          -793.308
        ]
      ]
    },
    {
      "name": "barrage_balloon_a",
      "tm": [
        [
          -0.819152,
          0.0,
          -0.573576
        ],
        [
          0.0,
          1.0,
          0.0
        ],
        [
          0.573576,
          0.0,
          -0.819152
        ],
        [
          1418.72,
          1375.36,
          935.22
        ]
      ]
    },
    {
      "name": "barrage_balloon_a",
      "tm": [
        [
          -0.866025,
          0.0,
          -0.5
        ],
        [
          0.0,
          1.0,
          0.0
        ],
        [
          0.5,
          0.0,
          -0.866025
        ],
        [
          1484.39,
          1343.88,
          -509.608
        ]
      ]
    },
    {
      "name": "barrage_balloon_a",
      "tm": [
        [
          -0.819152,
          0.0,
          -0.573576
        ],
        [
          0.0,
          1.0,
          0.0
        ],
        [
          0.573576,
          0.0,
          -0.819152
        ],
        [
          -1604.4,
          1273.09,
          351.251
        ]
      ]
    },
    {
      "name": "barrage_balloon_a",
      "tm": [
        [
          -0.819152,
          0.0,
          0.573576
        ],
        [
          0.0,
          1.0,
          0.0
        ],
        [
          -0.573576,
          0.0,
          -0.819152
        ],
        [
          1399.66,
          1437.48,
          357.836
        ]
      ]
    },
    {
      "name": "barrage_balloon_a",
      "tm": [
        [
          0.573576,
          0.0,
          -0.819152
        ],
        [
          0.0,
          1.0,
          0.0
        ],
        [
          0.819152,
          0.0,
          0.573576
        ],
        [
          943.932,
          1484.52,
          1215.22
        ]
      ]
    },
    {
      "name": "barrage_balloon_a",
      "tm": [
        [
          0.766044,
          0.0,
          0.642788
        ],
        [
          0.0,
          1.0,
          0.0
        ],
        [
          -0.642788,
          0.0,
          0.766044
        ],
        [
          0.834771,
          1650.76,
          954.744
        ]
      ]
    },
    {
      "name": "barrage_balloon_a",
      "tm": [
        [
          -0.906308,
          0.0,
          -0.422618
        ],
        [
          0.0,
          1.0,
          0.0
        ],
        [
          0.422618,
          0.0,
          -0.906308
        ],
        [
          -357.22,
          1315.52,
          889.489
        ]
      ]
    },
    {
      "name": "barrage_balloon_a",
      "tm": [
        [
          0.5,
          0.0,
          -0.866025
        ],
        [
          0.0,
          1.0,
          0.0
        ],
        [
          0.866025,
          0.0,
          0.5
        ],
        [
          -169.559,
          1584.96,
          549.821
        ]
      ]
    },
    {
      "name": "barrage_balloon_a",
      "tm": [
        [
          -0.906308,
          0.0,
          -0.422618
        ],
        [
          0.0,
          1.0,
          0.0
        ],
        [
          0.422618,
          0.0,
          -0.906308
        ],
        [
          1095.4,
          1151.66,
          620.235
        ]
      ]
    },
    {
      "name": "barrage_balloon_a",
      "tm": [
        [
          0.573576,
          0.0,
          0.819152
        ],
        [
          0.0,
          1.0,
          0.0
        ],
        [
          -0.819152,
          0.0,
          0.573576
        ],
        [
          -1336.67,
          1484.52,
          1674.19
        ]
      ]
    },
    {
      "name": "barrage_balloon_a",
      "tm": [
        [
          -0.906308,
          0.0,
          -0.422618
        ],
        [
          0.0,
          1.0,
          0.0
        ],
        [
          0.422618,
          0.0,
          -0.906308
        ],
        [
          -121.328,
          1582.6,
          -547.413
        ]
      ]
    },
    {
      "name": "barrage_balloon_a",
      "tm": [
        [
          1.0,
          0.0,
          0.0
        ],
        [
          0.0,
          1.0,
          0.0
        ],
        [
          0.0,
          0.0,
          1.0
        ],
        [
          15.5215,
          1357.85,
          -1266.98
        ]
      ]
    },
    {
      "name": "barrage_balloon_a",
      "tm": [
        [
          1.0,
          0.0,
          0.0
        ],
        [
          0.0,
          1.0,
          0.0
        ],
        [
          0.0,
          0.0,
          1.0
        ],
        [
          1272.41,
          1484.52,
          -820.766
        ]
      ]
    },
    {
      "name": "barrage_balloon_a",
      "tm": [
        [
          1.0,
          0.0,
          0.0
        ],
        [
          0.0,
          1.0,
          0.0
        ],
        [
          0.0,
          0.0,
          1.0
        ],
        [
          -1030.38,
          1724.15,
          -715.995
        ]
      ]
    },
    {
      "name": "barrage_balloon_a",
      "tm": [
        [
          1.0,
          0.0,
          0.0
        ],
        [
          0.0,
          1.0,
          0.0
        ],
        [
          0.0,
          0.0,
          1.0
        ],
        [
          369.778,
          1333.26,
          -577.438
        ]
      ]
    },
    {
      "name": "barrage_balloon_a",
      "tm": [
        [
          1.0,
          0.0,
          0.0
        ],
        [
          0.0,
          1.0,
          0.0
        ],
        [
          0.0,
          0.0,
          1.0
        ],
        [
          -1004.0,
          1456.12,
          1439.47
        ]
      ]
    },
    {
      "name": "barrage_balloon_a",
      "tm": [
        [
          0.173648,
          0.0,
          0.984808
        ],
        [
          0.0,
          1.0,
          0.0
        ],
        [
          -0.984808,
          0.0,
          0.173648
        ],
        [
          1601.92,
          1577.69,
          -743.94
        ]
      ]
    },
    {
      "name": "barrage_balloon_a",
      "tm": [
        [
          -0.906308,
          0.0,
          0.422618
        ],
        [
          0.0,
          1.0,
          0.0
        ],
        [
          -0.422618,
          0.0,
          -0.906308
        ],
        [
          1836.52,
          1476.97,
          -618.487
        ]
      ]
    },
    {
      "name": "barrage_balloon_a",
      "tm": [
        [
          -0.173648,
          0.0,
          0.984808
        ],
        [
          0.0,
          1.0,
          0.0
        ],
        [
          -0.984808,
          0.0,
          -0.173648
        ],
        [
          956.072,
          1734.32,
          -570.114
        ]
      ]
    },
    {
      "name": "barrage_balloon_a",
      "tm": [
        [
          0.707107,
          0.0,
          0.707107
        ],
        [
          0.0,
          1.0,
          0.0
        ],
        [
          -0.707107,
          0.0,
          0.707107
        ],
        [
          979.477,
          1604.31,
          182.473
        ]
      ]
    },
    {
      "name": "barrage_balloon_a",
      "tm": [
        [
          -0.866025,
          0.0,
          -0.5
        ],
        [
          0.0,
          1.0,
          0.0
        ],
        [
          0.5,
          0.0,
          -0.866025
        ],
        [
          502.031,
          1670.69,
          -3.99889
        ]
      ]
    },
    {
      "name": "barrage_balloon_a",
      "tm": [
        [
          -0.906308,
          0.0,
          0.422618
        ],
        [
          0.0,
          1.0,
          0.0
        ],
        [
          -0.422618,
          0.0,
          -0.906308
        ],
        [
          437.066,
          1458.43,
          572.759
        ]
      ]
    },
    {
      "name": "barrage_balloon_a",
      "tm": [
        [
          1.0,
          0.0,
          0.0
        ],
        [
          0.0,
          1.0,
          0.0
        ],
        [
          0.0,
          0.0,
          1.0
        ],
        [
          -336.437,
          1225.05,
          -55.2305
        ]
      ]
    },
    {
      "name": "barrage_balloon_a",
      "tm": [
        [
          -0.0871556,
          0.0,
          -0.996195
        ],
        [
          0.0,
          1.0,
          0.0
        ],
        [
          0.996195,
          0.0,
          -0.0871556
        ],
        [
          -244.462,
          1399.36,
          1708.74
        ]
      ]
    },
    {
      "name": "barrage_balloon_a",
      "tm": [
        [
          -0.573576,
          0.0,
          -0.819152
        ],
        [
          0.0,
          1.0,
          0.0
        ],
        [
          0.819152,
          0.0,
          -0.573576
        ],
        [
          756.81,
          1068.33,
          459.782
        ]
      ]
    },
    {
      "name": "barrage_balloon_a",
      "tm": [
        [
          1.0,
          0.0,
          0.0
        ],
        [
          0.0,
          1.0,
          0.0
        ],
        [
          0.0,
          0.0,
          1.0
        ],
        [
          -38.8844,
          1329.36,
          1147.26
        ]
      ]
    },
    {
      "name": "barrage_balloon_a",
      "tm": [
        [
          -0.173648,
          0.0,
          -0.984808
        ],
        [
          0.0,
          1.0,
          0.0
        ],
        [
          0.984808,
          0.0,
          -0.173648
        ],
        [
          799.108,
          1290.51,
          1497.23
        ]
      ]
    },
    {
      "name": "barrage_balloon_a",
      "tm": [
        [
          -0.258819,
          0.0,
          -0.965926
        ],
        [
          0.0,
          1.0,
          0.0
        ],
        [
          0.965926,
          0.0,
          -0.258819
        ],
        [
          -62.2558,
          1464.83,
          1811.08
        ]
      ]
    },
    {
      "name": "barrage_balloon_a",
      "tm": [
        [
          1.0,
          0.0,
          0.0
        ],
        [
          0.0,
          1.0,
          0.0
        ],
        [
          0.0,
          0.0,
          1.0
        ],
        [
          778.943,
          1262.4,
          1919.01
        ]
      ]
    },
    {
      "name": "barrage_balloon_a",
      "tm": [
        [
          -0.422618,
          0.0,
          -0.906308
        ],
        [
          0.0,
          1.0,
          0.0
        ],
        [
          0.906308,
          0.0,
          -0.422618
        ],
        [
          -570.491,
          1514.16,
          1980.73
        ]
      ]
    },
    {
      "name": "barrage_balloon_a",
      "tm": [
        [
          -0.819152,
          0.0,
          -0.573576
        ],
        [
          0.0,
          1.0,
          0.0
        ],
        [
          0.573576,
          0.0,
          -0.819152
        ],
        [
          -1036.42,
          1484.52,
          -35.6281
        ]
      ]
    },
    {
      "name": "barrage_balloon_a",
      "tm": [
        [
          -0.996195,
          0.0,
          -0.0871559
        ],
        [
          0.0,
          1.0,
          0.0
        ],
        [
          0.0871559,
          0.0,
          -0.996195
        ],
        [
          -1836.52,
          1389.15,
          -451.02
        ]
      ]
    },
    {
      "name": "barrage_balloon_a",
      "tm": [
        [
          1.0,
          0.0,
          0.0
        ],
        [
          0.0,
          1.0,
          0.0
        ],
        [
          0.0,
          0.0,
          1.0
        ],
        [
          -1131.22,
          1310.47,
          475.884
        ]
      ]
    },
    {
      "name": "barrage_balloon_a",
      "tm": [
        [
          -4.37114e-8,
          0.0,
          1.0
        ],
        [
          0.0,
          1.0,
          0.0
        ],
        [
          -1.0,
          0.0,
          -4.37114e-8
        ],
        [
          -1510.92,
          1306.25,
          -102.676
        ]
      ]
    },
    {
      "name": "barrage_balloon_a",
      "tm": [
        [
          -0.906308,
          0.0,
          0.422618
        ],
        [
          0.0,
          1.0,
          0.0
        ],
        [
          -0.422618,
          0.0,
          -0.906308
        ],
        [
          -1080.83,
          1661.17,
          -1086.09
        ]
      ]
    },
    {
      "name": "barrage_balloon_a",
      "tm": [
        [
          1.0,
          0.0,
          0.0
        ],
        [
          0.0,
          1.0,
          0.0
        ],
        [
          0.0,
          0.0,
          1.0
        ],
        [
          -1309.28,
          1329.63,
          1001.11
        ]
      ]
    },
    {
      "name": "barrage_balloon_a",
      "tm": [
        [
          0.258819,
          0.0,
          -0.965926
        ],
        [
          0.0,
          1.0,
          0.0
        ],
        [
          0.965926,
          0.0,
          0.258819
        ],
        [
          -1439.72,
          1555.52,
          167.007
        ]
      ]
    },
    {
      "name": "barrage_balloon_a",
      "tm": [
        [
          0.766044,
          0.0,
          0.642788
        ],
        [
          0.0,
          1.0,
          0.0
        ],
        [
          -0.642788,
          0.0,
          0.766044
        ],
        [
          -664.389,
          1635.48,
          304.086
        ]
      ]
    },
    {
      "name": "barrage_balloon_a",
      "tm": [
        [
          1.0,
          0.0,
          0.0
        ],
        [
          0.0,
          1.0,
          0.0
        ],
        [
          0.0,
          0.0,
          1.0
        ],
        [
          -329.953,
          1700.52,
          -362.444
        ]
      ]
    },
    {
      "name": "barrage_balloon_a",
      "tm": [
        [
          -0.996195,
          0.0,
          -0.0871559
        ],
        [
          0.0,
          1.0,
          0.0
        ],
        [
          0.0871559,
          0.0,
          -0.996195
        ],
        [
          -872.497,
          1217.57,
          1073.3
        ]
      ]
    },
    {
      "name": "barrage_balloon_a",
      "tm": [
        [
          -0.819152,
          0.0,
          -0.573576
        ],
        [
          0.0,
          1.0,
          0.0
        ],
        [
          0.573576,
          0.0,
          -0.819152
        ],
        [
          1100.7,
          1582.63,
          -1166.02
        ]
      ]
    },
    {
      "name": "barrage_balloon_a",
      "tm": [
        [
          0.819152,
          0.0,
          -0.573577
        ],
        [
          0.0,
          1.0,
          0.0
        ],
        [
          0.573577,
          0.0,
          0.819152
        ],
        [
          246.296,
          1318.54,
          -1131.5
        ]
      ]
    },
    {
      "name": "barrage_balloon_a",
      "tm": [
        [
          -0.996195,
          0.0,
          -0.0871559
        ],
        [
          0.0,
          1.0,
          0.0
        ],
        [
          0.0871559,
          0.0,
          -0.996195
        ],
        [
          45.2608,
          1484.52,
          -1397.04
        ]
      ]
    },
    {
      "name": "barrage_balloon_a",
      "tm": [
        [
          -0.573577,
          0.0,
          0.819152
        ],
        [
          0.0,
          1.0,
          0.0
        ],
        [
          -0.819152,
          0.0,
          -0.573577
        ],
        [
          632.342,
          1644.24,
          -1300.53
        ]
      ]
    },
    {
      "name": "barrage_balloon_a",
      "tm": [
        [
          -0.906308,
          0.0,
          -0.422618
        ],
        [
          0.0,
          1.0,
          0.0
        ],
        [
          0.422618,
          0.0,
          -0.906308
        ],
        [
          -773.154,
          1664.57,
          -1736.91
        ]
      ]
    },
    {
      "name": "barrage_balloon_a",
      "tm": [
        [
          -0.906308,
          0.0,
          -0.422618
        ],
        [
          0.0,
          1.0,
          0.0
        ],
        [
          0.422618,
          0.0,
          -0.906308
        ],
        [
          -1384.35,
          1674.75,
          1352.44
        ]
      ]
    },
    {
      "name": "barrage_balloon_a",
      "tm": [
        [
          -0.573576,
          0.0,
          0.819152
        ],
        [
          0.0,
          1.0,
          0.0
        ],
        [
          -0.819152,
          0.0,
          -0.573576
        ],
        [
          -941.734,
          1267.86,
          -324.599
        ]
      ]
    },
    {
      "name": "barrage_balloon_a",
      "tm": [
        [
          -0.819152,
          0.0,
          -0.573576
        ],
        [
          0.0,
          1.0,
          0.0
        ],
        [
          0.573576,
          0.0,
          -0.819152
        ],
        [
          142.327,
          1471.08,
          -1676.57
        ]
      ]
    },
    {
      "name": "barrage_balloon_a",
      "tm": [
        [
          1.0,
          0.0,
          0.0
        ],
        [
          0.0,
          1.0,
          0.0
        ],
        [
          0.0,
          0.0,
          1.0
        ],
        [
          42.1595,
          1658.79,
          -235.776
        ]
      ]
    },
    {
      "name": "barrage_balloon_a",
      "tm": [
        [
          1.0,
          0.0,
          0.0
        ],
        [
          0.0,
          1.0,
          0.0
        ],
        [
          0.0,
          0.0,
          1.0
        ],
        [
          -340.66,
          1513.85,
          1261.14
        ]
      ]
    },
    {
      "name": "barrage_balloon_a",
      "tm": [
        [
          1.0,
          0.0,
          0.0
        ],
        [
          0.0,
          1.0,
          0.0
        ],
        [
          0.0,
          0.0,
          1.0
        ],
        [
          -759.686,
          1339.28,
          1611.8
        ]
      ]
    },
    {
      "name": "barrage_balloon_a",
      "tm": [
        [
          1.0,
          0.0,
          0.0
        ],
        [
          0.0,
          1.0,
          0.0
        ],
        [
          0.0,
          0.0,
          1.0
        ],
        [
          707.019,
          1405.75,
          -1594.86
        ]
      ]
    }
  ]
}