{
  "className": "composit",
  "node": [
    {
      "name": "%table_stuff_confetti",
      "tm": [
        [
          0.922405,
          0.0,
          0.386223
        ],
        [
          0.0,
          1.0,
          0.0
        ],
        [
          -0.386223,
          0.0,
          0.922405
        ],
        [
          0.0,
          0.0,
          0.0
        ]
      ]
    },
    {
      "name": "%table_stuff_cardboardcup_cola",
      "tm": [
        [
          -0.14673,
          0.0,
          0.989177
        ],
        [
          0.0,
          1.0,
          0.0
        ],
        [
          -0.989177,
          0.0,
          -0.14673
        ],
        [
          -0.294525,
          0.0,
          0.0411987
        ]
      ]
    },
    {
      "name": "%table_stuff_card",
      "tm": [
        [
          -0.136421,
          0.0,
          -0.99065
        ],
        [
          0.0,
          1.0,
          0.0
        ],
        [
          0.99065,
          0.0,
          -0.136421
        ],
        [
          -0.103333,
          0.0,
          -0.130432
        ]
      ]
    },
    {
      "name": "%table_stuff_bottle_lemonade",
      "tm": [
        [
          0.189966,
          0.0,
          -0.981791
        ],
        [
          0.0,
          1.0,
          0.0
        ],
        [
          0.981791,
          0.0,
          0.189966
        ],
        [
          -0.0299377,
          0.0,
          -0.225159
        ]
      ]
    },
    {
      "name": "%table_stuff_cookie_b",
      "tm": [
        [
          0.878749,
          0.052954,
          0.474338
        ],
        [
          -0.0521765,
          0.998526,
          -0.0148119
        ],
        [
          -0.474423,
          -0.0117333,
          0.880218
        ],
        [
          0.170715,
          0.00161743,
          0.185791
        ]
      ]
    },
    {
      "name": "%table_stuff_plate",
      "tm": [
        [
          0.779883,
          0.0,
          0.625926
        ],
        [
          0.0,
          1.0,
          0.0
        ],
        [
          -0.625926,
          0.0,
          0.779883
        ],
        [
          0.169952,
          0.0,
          0.150635
        ]
      ]
    },
    {
      "name": "%table_stuff_orange",
      "tm": [
        [
          -0.464643,
          0.0379228,
          0.884686
        ],
        [
          0.0176332,
          0.999281,
          -0.033574
        ],
        [
          -0.885323,
          0.0,
          -0.464977
        ],
        [
          -0.0358582,
          0.0,
          0.279724
        ]
      ]
    }
  ]
}