{
  "className": "composit",
  "node": [
    {
      "name": "%table_stuff_confetti",
      "tm": [
        [
          -0.588591,
          0.0,
          -0.808431
        ],
        [
          0.0,
          1.0,
          0.0
        ],
        [
          0.808431,
          0.0,
          -0.588591
        ],
        [
          0.0,
          0.0,
          0.0
        ]
      ]
    },
    {
      "name": "%table_stuff_cardboardcup_cola",
      "tm": [
        [
          -0.588591,
          0.0,
          -0.808431
        ],
        [
          0.0,
          1.0,
          0.0
        ],
        [
          0.808431,
          0.0,
          -0.588591
        ],
        [
          -0.0223389,
          0.0,
          -0.27771
        ]
      ]
    },
    {
      "name": "%table_stuff_bottle_lemonade",
      "tm": [
        [
          0.168041,
          0.0,
          -0.98578
        ],
        [
          0.0,
          1.0,
          0.0
        ],
        [
          0.98578,
          0.0,
          0.168041
        ],
        [
          -0.115448,
          0.0,
          -0.138123
        ]
      ]
    },
    {
      "name": "%table_stuff_bottle_lemonade",
      "tm": [
        [
          -0.964437,
          0.0,
          0.264311
        ],
        [
          0.0,
          1.0,
          0.0
        ],
        [
          -0.264311,
          0.0,
          -0.964437
        ],
        [
          -0.115082,
          0.0,
          0.0500488
        ]
      ]
    },
    {
      "name": "%table_stuff_card",
      "tm": [
        [
          -0.596472,
          0.0,
          -0.802633
        ],
        [
          0.0,
          1.0,
          0.0
        ],
        [
          0.802633,
          0.0,
          -0.596472
        ],
        [
          -0.207825,
          0.0,
          -0.0366211
        ]
      ]
    },
    {
      "name": "%table_stuff_cardboardcup_cola",
      "tm": [
        [
          0.0634893,
          0.0,
          0.997982
        ],
        [
          0.0,
          1.0,
          0.0
        ],
        [
          -0.997982,
          0.0,
          0.0634893
        ],
        [
          -0.000518799,
          0.0,
          0.35321
        ]
      ]
    },
    {
      "name": "%table_stuff_cookie_a",
      "tm": [
        [
          0.251626,
          -0.0291315,
          0.967386
        ],
        [
          0.0201054,
          0.999488,
          0.0248685
        ],
        [
          -0.967616,
          0.0131921,
          0.252083
        ],
        [
          0.183136,
          0.0209904,
          -0.174744
        ]
      ]
    },
    {
      "name": "%table_stuff_cookie_b",
      "tm": [
        [
          0.644215,
          0.181931,
          0.742892
        ],
        [
          -0.116216,
          0.983302,
          -0.140026
        ],
        [
          -0.755963,
          0.00387178,
          0.654602
        ],
        [
          0.244141,
          0.00399971,
          -0.081604
        ]
      ]
    },
    {
      "name": "%table_stuff_cookie_b",
      "tm": [
        [
          0.982723,
          -0.0720843,
          -0.170469
        ],
        [
          0.0817416,
          0.995382,
          0.0503194
        ],
        [
          0.166055,
          -0.0633845,
          0.984078
        ],
        [
          0.198059,
          0.00456238,
          -0.182617
        ]
      ]
    },
    {
      "name": "%table_stuff_plate",
      "tm": [
        [
          0.506551,
          0.0,
          0.86221
        ],
        [
          0.0,
          1.0,
          0.0
        ],
        [
          -0.86221,
          0.0,
          0.506551
        ],
        [
          0.207825,
          0.0,
          -0.127991
        ]
      ]
    },
    {
      "name": "%table_stuff_orange",
      "tm": [
        [
          -0.961458,
          0.0268287,
          -0.27364
        ],
        [
          0.0258039,
          0.99964,
          0.00734404
        ],
        [
          0.273738,
          0.0,
          -0.961804
        ],
        [
          0.13855,
          0.0,
          0.0662231
        ]
      ]
    },
    {
      "name": "%table_stuff_orange",
      "tm": [
        [
          -0.961458,
          0.0268287,
          -0.27364
        ],
        [
          0.0258039,
          0.99964,
          0.00734404
        ],
        [
          0.273738,
          0.0,
          -0.961804
        ],
        [
          0.273651,
          0.0,
          0.109619
        ]
      ]
    }
  ]
}