{
  "className": "composit",
  "node": [
    {
      "name": "%table_stuff_confetti",
      "tm": [
        [
          0.125455,
          0.0,
          0.992099
        ],
        [
          0.0,
          1.0,
          0.0
        ],
        [
          -0.992099,
          0.0,
          0.125455
        ],
        [
          0.0,
          0.0,
          0.0
        ]
      ]
    },
    {
      "name": "%table_stuff_orange",
      "tm": [
        [
          0.280729,
          0.0,
          0.959787
        ],
        [
          0.0,
          1.0,
          0.0
        ],
        [
          -0.959787,
          0.0,
          0.280729
        ],
        [
          -0.160675,
          0.0,
          0.223877
        ]
      ]
    },
    {
      "name": "%table_stuff_cardboardcup_cola",
      "tm": [
        [
          -0.420725,
          0.0,
          0.907188
        ],
        [
          0.0,
          1.0,
          0.0
        ],
        [
          -0.907188,
          0.0,
          -0.420725
        ],
        [
          -0.319183,
          0.0,
          0.00158691
        ]
      ]
    },
    {
      "name": "%table_stuff_cardboardcup_cola",
      "tm": [
        [
          -0.810906,
          0.0,
          0.585176
        ],
        [
          0.0,
          1.0,
          0.0
        ],
        [
          -0.585176,
          0.0,
          -0.810906
        ],
        [
          -0.242432,
          0.0,
          -0.108948
        ]
      ]
    },
    {
      "name": "%table_stuff_cookie_a",
      "tm": [
        [
          0.975459,
          0.101348,
          -0.195472
        ],
        [
          -0.116503,
          0.990885,
          -0.0676261
        ],
        [
          0.186836,
          0.0887395,
          0.978375
        ],
        [
          0.1698,
          0.0121193,
          0.242493
        ]
      ]
    },
    {
      "name": "%table_stuff_cookie_a",
      "tm": [
        [
          -0.73399,
          0.0,
          0.679159
        ],
        [
          0.0647401,
          0.995446,
          0.0699668
        ],
        [
          -0.676067,
          0.0953238,
          -0.730648
        ],
        [
          0.0581055,
          0.00667191,
          0.194824
        ]
      ]
    },
    {
      "name": "%table_stuff_cookie_b",
      "tm": [
        [
          -0.612148,
          0.187664,
          0.768153
        ],
        [
          0.103716,
          0.982091,
          -0.157277
        ],
        [
          -0.783912,
          -0.0166073,
          -0.620649
        ],
        [
          0.0478821,
          0.00918198,
          0.293701
        ]
      ]
    },
    {
      "name": "%table_stuff_plate",
      "tm": [
        [
          0.194251,
          0.0,
          0.980952
        ],
        [
          0.0,
          1.0,
          0.0
        ],
        [
          -0.980952,
          0.0,
          0.194251
        ],
        [
          0.0950928,
          0.0,
          0.23468
        ]
      ]
    },
    {
      "name": "%table_stuff_card",
      "tm": [
        [
          0.790501,
          0.0,
          -0.612459
        ],
        [
          0.0,
          1.0,
          0.0
        ],
        [
          0.612459,
          0.0,
          0.790501
        ],
        [
          -0.00860596,
          0.0,
          -0.20697
        ]
      ]
    },
    {
      "name": "%table_stuff_bottle_lemonade",
      "tm": [
        [
          0.945655,
          0.0,
          -0.325172
        ],
        [
          0.0,
          1.0,
          0.0
        ],
        [
          0.325172,
          0.0,
          0.945655
        ],
        [
          0.110107,
          0.0,
          -0.190613
        ]
      ]
    }
  ]
}