{
  "className": "composit",
  "node": [
    {
      "name": "%table_stuff_bottle_cola",
      "tm": [
        [
          1.0,
          0.0,
          -1.74846E-07
        ],
        [
          0.0,
          1.0,
          0.0
        ],
        [
          1.74846E-07,
          0.0,
          1.0
        ],
        [
          0.0,
          0.0,
          0.0
        ]
      ]
    },
    {
      "name": "%table_stuff_confetti",
      "tm": [
        [
          1.0,
          0.0,
          -1.74846E-07
        ],
        [
          0.0,
          1.0,
          0.0
        ],
        [
          1.74846E-07,
          0.0,
          1.0
        ],
        [
          0.0592957,
          7.05719E-05,
          0.205078
        ]
      ]
    },
    {
      "name": "%table_stuff_orange",
      "tm": [
        [
          0.866025,
          0.0,
          0.5
        ],
        [
          0.0,
          1.0,
          0.0
        ],
        [
          -0.5,
          0.0,
          0.866025
        ],
        [
          0.0709839,
          7.82013E-05,
          0.48999
        ]
      ]
    },
    {
      "name": "%table_stuff_cookie_a",
      "tm": [
        [
          0.771763,
          -0.0291315,
          0.635242
        ],
        [
          0.0308775,
          0.999488,
          0.00832192
        ],
        [
          -0.63516,
          0.0131921,
          0.772268
        ],
        [
          0.222565,
          0.0213261,
          0.305603
        ]
      ]
    },
    {
      "name": "%table_stuff_cookie_b",
      "tm": [
        [
          0.957694,
          0.181931,
          0.222989
        ],
        [
          -0.176296,
          0.983302,
          -0.0450912
        ],
        [
          -0.227468,
          0.00387178,
          0.973777
        ],
        [
          0.32663,
          0.0043354,
          0.345215
        ]
      ]
    },
    {
      "name": "%table_stuff_cookie_b",
      "tm": [
        [
          0.695316,
          -0.0720843,
          -0.715081
        ],
        [
          0.0957122,
          0.995382,
          -0.00727367
        ],
        [
          0.712304,
          -0.0633845,
          0.699004
        ],
        [
          0.22998,
          0.00489807,
          0.290527
        ]
      ]
    },
    {
      "name": "%table_stuff_plate",
      "tm": [
        [
          0.916337,
          0.0,
          0.400409
        ],
        [
          0.0,
          1.0,
          0.0
        ],
        [
          -0.400409,
          0.0,
          0.916337
        ],
        [
          0.269989,
          0.000335693,
          0.328979
        ]
      ]
    },
    {
      "name": "%table_stuff_cardboardcup_cola",
      "tm": [
        [
          -0.537048,
          0.0,
          0.843552
        ],
        [
          0.0,
          1.0,
          0.0
        ],
        [
          -0.843552,
          0.0,
          -0.537048
        ],
        [
          -0.232849,
          -0.000282288,
          0.319397
        ]
      ]
    }
  ]
}