{
  "className": "composit",
  "node": [
    {
      "name": "%table_stuff_confetti",
      "tm": [
        [
          -0.810682,
          0.0,
          0.585487
        ],
        [
          0.0,
          1.0,
          0.0
        ],
        [
          -0.585487,
          0.0,
          -0.810682
        ],
        [
          0.0,
          0.0,
          0.0
        ]
      ]
    },
    {
      "name": "%table_stuff_orange",
      "tm": [
        [
          -0.0686746,
          0.0191991,
          -0.997454
        ],
        [
          0.00131874,
          0.999816,
          0.0191538
        ],
        [
          0.997638,
          0.0,
          -0.0686872
        ],
        [
          -0.255371,
          0.0,
          0.123779
        ]
      ]
    },
    {
      "name": "%table_stuff_cardboardcup_cola",
      "tm": [
        [
          0.561191,
          0.0,
          -0.827686
        ],
        [
          0.0,
          1.0,
          0.0
        ],
        [
          0.827686,
          0.0,
          0.561191
        ],
        [
          -0.172882,
          0.0,
          -0.165466
        ]
      ]
    },
    {
      "name": "%table_stuff_cookie_b",
      "tm": [
        [
          -0.965945,
          0.181931,
          0.183992
        ],
        [
          0.179453,
          0.983302,
          -0.0301741
        ],
        [
          -0.18641,
          0.00387178,
          -0.982464
        ],
        [
          -0.120575,
          0.0111103,
          0.252075
        ]
      ]
    },
    {
      "name": "%table_stuff_cookie_a",
      "tm": [
        [
          -0.99947,
          0.0,
          0.032543
        ],
        [
          0.00310212,
          0.995446,
          0.0952733
        ],
        [
          -0.0323949,
          0.0953238,
          -0.994919
        ],
        [
          -0.026001,
          0.00667191,
          0.206177
        ]
      ]
    },
    {
      "name": "%table_stuff_cookie_b",
      "tm": [
        [
          0.141005,
          -0.181613,
          0.973208
        ],
        [
          0.0143193,
          0.983301,
          0.181421
        ],
        [
          -0.989905,
          -0.0116458,
          0.141251
        ],
        [
          0.00527954,
          0.0166321,
          0.250244
        ]
      ]
    },
    {
      "name": "%table_stuff_cookie_b",
      "tm": [
        [
          0.279181,
          0.420942,
          -0.863056
        ],
        [
          -0.0724205,
          0.905462,
          0.418199
        ],
        [
          0.957503,
          -0.0542501,
          0.283271
        ],
        [
          -0.0137329,
          0.0267601,
          0.28772
        ]
      ]
    },
    {
      "name": "%table_stuff_plate",
      "tm": [
        [
          -0.495643,
          0.0,
          0.868527
        ],
        [
          0.0,
          1.0,
          0.0
        ],
        [
          -0.868527,
          0.0,
          -0.495643
        ],
        [
          -0.0441284,
          0.0,
          0.245056
        ]
      ]
    }
  ]
}