{
  "className": "composit",
  "node": [
    {
      "name": "%table_stuff_confetti",
      "tm": [
        [
          -0.986434,
          0.0,
          0.164156
        ],
        [
          0.0,
          1.0,
          0.0
        ],
        [
          -0.164156,
          0.0,
          -0.986434
        ],
        [
          0.0,
          0.0,
          0.0
        ]
      ]
    },
    {
      "name": "%table_stuff_orange",
      "tm": [
        [
          0.642967,
          0.0,
          -0.765894
        ],
        [
          0.0,
          1.0,
          0.0
        ],
        [
          0.765894,
          0.0,
          0.642967
        ],
        [
          0.286041,
          0.0,
          -0.0703125
        ]
      ]
    },
    {
      "name": "%table_stuff_cardboardcup_cola",
      "tm": [
        [
          0.100561,
          0.0,
          -0.994931
        ],
        [
          0.0,
          1.0,
          0.0
        ],
        [
          0.994931,
          0.0,
          0.100561
        ],
        [
          0.202057,
          0.0,
          0.245605
        ]
      ]
    },
    {
      "name": "%table_stuff_cookie_b",
      "tm": [
        [
          -0.981089,
          7.10244E-19,
          0.193559
        ],
        [
          -1.92295E-08,
          0.999998,
          -4.93656E-08
        ],
        [
          -0.193559,
          7.45058E-09,
          -0.981088
        ],
        [
          -0.0610657,
          -0.00335693,
          -0.316711
        ]
      ]
    },
    {
      "name": "%table_stuff_cookie_a",
      "tm": [
        [
          -0.904753,
          -0.41962,
          -0.0730929
        ],
        [
          -0.410503,
          0.813255,
          0.412436
        ],
        [
          -0.113622,
          0.403158,
          -0.90805
        ],
        [
          0.136475,
          0.0312786,
          -0.217896
        ]
      ]
    },
    {
      "name": "%table_stuff_cookie_b",
      "tm": [
        [
          0.827741,
          -0.110352,
          0.550152
        ],
        [
          0.0264402,
          0.987052,
          0.158206
        ],
        [
          -0.560488,
          -0.116408,
          0.819941
        ],
        [
          0.151154,
          0.000310898,
          -0.304565
        ]
      ]
    },
    {
      "name": "%table_stuff_cookie_b",
      "tm": [
        [
          0.46528,
          0.0,
          0.885163
        ],
        [
          0.0,
          1.0,
          0.0
        ],
        [
          -0.885163,
          0.0,
          0.46528
        ],
        [
          0.158112,
          0.0148335,
          -0.264038
        ]
      ]
    },
    {
      "name": "%table_stuff_cookie_a",
      "tm": [
        [
          -0.236858,
          0.0,
          0.971544
        ],
        [
          0.0926113,
          0.995446,
          0.0225782
        ],
        [
          -0.96712,
          0.0953238,
          -0.235779
        ],
        [
          0.0689697,
          0.0,
          -0.25415
        ]
      ]
    },
    {
      "name": "%table_stuff_plate",
      "tm": [
        [
          -0.236858,
          0.0,
          0.971544
        ],
        [
          0.0,
          1.0,
          0.0
        ],
        [
          -0.971544,
          0.0,
          -0.236858
        ],
        [
          0.109192,
          0.0,
          -0.255432
        ]
      ]
    }
  ]
}