{
  "className": "composit",
  "node": [
    {
      "name": "%table_stuff_confetti",
      "tm": [
        [
          -0.99965,
          0.0,
          -0.026458
        ],
        [
          0.0,
          1.0,
          0.0
        ],
        [
          0.026458,
          0.0,
          -0.99965
        ],
        [
          0.0,
          0.0,
          0.0
        ]
      ]
    },
    {
      "name": "%table_stuff_cookie_a",
      "tm": [
        [
          -0.920249,
          0.0,
          -0.391332
        ],
        [
          -0.0373033,
          0.995446,
          0.0877217
        ],
        [
          0.38955,
          0.0953238,
          -0.916058
        ],
        [
          -0.0864868,
          0.00667191,
          0.211304
        ]
      ]
    },
    {
      "name": "%table_stuff_cookie_b",
      "tm": [
        [
          -0.281896,
          -0.181613,
          0.9421
        ],
        [
          -0.0634035,
          0.983301,
          0.170583
        ],
        [
          -0.957348,
          -0.0116458,
          -0.288704
        ],
        [
          -0.0766907,
          0.0166321,
          0.264465
        ]
      ]
    },
    {
      "name": "%table_stuff_cookie_b",
      "tm": [
        [
          -0.946398,
          0.198342,
          -0.254933
        ],
        [
          0.21507,
          0.975808,
          -0.0392221
        ],
        [
          0.240986,
          -0.091948,
          -0.966163
        ],
        [
          -0.197449,
          0.00918198,
          0.239075
        ]
      ]
    },
    {
      "name": "%table_stuff_plate",
      "tm": [
        [
          -0.815274,
          0.0,
          0.579076
        ],
        [
          0.0,
          1.0,
          0.0
        ],
        [
          -0.579076,
          0.0,
          -0.815274
        ],
        [
          -0.119293,
          0.0,
          0.238953
        ]
      ]
    },
    {
      "name": "%table_stuff_plasticchalice_lemonade",
      "tm": [
        [
          0.538234,
          0.0,
          -0.842796
        ],
        [
          0.0,
          1.0,
          0.0
        ],
        [
          0.842796,
          0.0,
          0.538234
        ],
        [
          -0.187958,
          0.00000190735,
          -0.201416
        ]
      ]
    },
    {
      "name": "%table_stuff_bottle_cola",
      "tm": [
        [
          -0.531182,
          0.0,
          -0.847258
        ],
        [
          0.0,
          1.0,
          0.0
        ],
        [
          0.847258,
          0.0,
          -0.531182
        ],
        [
          0.341125,
          0.0,
          -0.00213623
        ]
      ]
    },
    {
      "name": "%table_stuff_card",
      "tm": [
        [
          -0.55129,
          0.0,
          0.834313
        ],
        [
          0.0,
          1.0,
          0.0
        ],
        [
          -0.834313,
          0.0,
          -0.55129
        ],
        [
          0.213257,
          0.0,
          -0.0266724
        ]
      ]
    }
  ]
}