{
  "classname": "$%composit",
  "node": [
    {
      "name": "$%stone_bridge_europe_c_damaged_fragments_b",
      "tm": [
        [
          0.289896,
          -0.331256,
          0.897902
        ],
        [
          -0.436126,
          0.789393,
          0.432032
        ],
        [
          -0.851912,
          -0.516843,
          0.0843728
        ],
        [
          0.533569,
          -3.12693,
          -6.00705
        ]
      ]
    },
    {
      "name": "$%stone_bridge_europe_c_damaged_fragments_c",
      "tm": [
        [
          -0.371401,
          0.578849,
          0.725945
        ],
        [
          0.518882,
          0.777779,
          -0.354715
        ],
        [
          -0.76995,
          0.244938,
          -0.589222
        ],
        [
          1.89014,
          -2.51767,
          9.19594
        ]
      ]
    },
    {
      "name": "$%stone_bridge_europe_c_damaged_remains_a",
      "tm": [
        [
          -5.96046e-8,
          0.0,
          1.0
        ],
        [
          0.0,
          1.0,
          0.0
        ],
        [
          -1.0,
          0.0,
          -5.96046e-8
        ],
        [
          0.151718,
          -1.56475,
          -27.7445
        ]
      ]
    },
    {
      "name": "$%stone_bridge_europe_c_damaged_remains_b",
      "tm": [
        [
          -5.96046e-8,
          0.0,
          -1.0
        ],
        [
          0.0,
          1.0,
          0.0
        ],
        [
          1.0,
          0.0,
          -5.96046e-8
        ],
        [
          -0.230421,
          -1.43139,
          27.603
        ]
      ]
    },
    {
      "name": "%embankment_lattice_fence_c_2m_damaged",
      "tm": [
        [
          0.520954,
          -0.106831,
          -0.846873
        ],
        [
          -0.852776,
          -0.0219625,
          -0.521815
        ],
        [
          0.037146,
          0.994035,
          -0.102543
        ],
        [
          2.99677,
          4.87068,
          23.7526
        ]
      ]
    },
    {
      "name": "%embankment_lattice_fence_c_2m_damaged",
      "tm": [
        [
          0.90265,
          -0.0519818,
          0.427223
        ],
        [
          -0.418395,
          0.12658,
          0.899401
        ],
        [
          -0.100831,
          -0.990594,
          0.0925086
        ],
        [
          -1.67792,
          5.00081,
          23.2941
        ]
      ]
    },
    {
      "name": "%embankment_lattice_fence_c_2m_damaged",
      "tm": [
        [
          -0.709578,
          0.129959,
          0.692538
        ],
        [
          -0.676722,
          0.148164,
          -0.721176
        ],
        [
          -0.196332,
          -0.980387,
          -0.0171884
        ],
        [
          -4.34797,
          4.92827,
          -24.7375
        ]
      ]
    },
    {
      "name": "%embankment_metal_column_a",
      "tm": [
        [
          -5.85195e-8,
          1.13215e-8,
          1.0
        ],
        [
          0.189943,
          0.981795,
          0.0
        ],
        [
          -0.981795,
          0.189943,
          -5.96046e-8
        ],
        [
          5.65,
          5.02025,
          -24.5329
        ]
      ]
    },
    {
      "name": "%embankment_metal_column_a",
      "tm": [
        [
          -5.91879e-8,
          7.03527e-9,
          1.0
        ],
        [
          0.118032,
          0.99301,
          0.0
        ],
        [
          -0.99301,
          0.118032,
          -5.96046e-8
        ],
        [
          5.64648,
          5.03,
          24.4
        ]
      ]
    },
    {
      "name": "%embankment_metal_column_a",
      "tm": [
        [
          0.0,
          0.0,
          1.0
        ],
        [
          -0.16806,
          0.985777,
          0.0
        ],
        [
          -0.985777,
          -0.16806,
          0.0
        ],
        [
          -5.65,
          5.03274,
          24.3859
        ]
      ]
    }
  ]
}