{
  "classname": "$%composit",
  "node": [
    {
      "name": "$%stone_bridge_europe_c_damaged_fragments_b",
      "tm": [
        [
          0.289896,
          -0.331256,
          0.897902
        ],
        [
          -0.436126,
          0.789393,
          0.432032
        ],
        [
          -0.851912,
          -0.516843,
          0.0843728
        ],
        [
          0.533569,
          -3.12693,
          -6.00705
        ]
      ]
    },
    {
      "name": "$%stone_bridge_europe_c_damaged_fragments_c",
      "tm": [
        [
          -0.371401,
          0.578849,
          0.725945
        ],
        [
          0.518882,
          0.777779,
          -0.354715
        ],
        [
          -0.76995,
          0.244938,
          -0.589222
        ],
        [
          1.89014,
          -2.51767,
          9.19594
        ]
      ]
    },
    {
      "name": "$%stone_bridge_europe_c_damaged_remains_a",
      "tm": [
        [
          -5.96046e-8,
          0.0,
          1.0
        ],
        [
          0.0,
          1.0,
          0.0
        ],
        [
          -1.0,
          0.0,
          -5.96046e-8
        ],
        [
          0.151718,
          -1.56475,
          -27.7445
        ]
      ]
    },
    {
      "name": "$%stone_bridge_europe_c_damaged_remains_b",
      "tm": [
        [
          -5.96046e-8,
          0.0,
          -1.0
        ],
        [
          0.0,
          1.0,
          0.0
        ],
        [
          1.0,
          0.0,
          -5.96046e-8
        ],
        [
          -0.230421,
          -1.43139,
          27.603
        ]
      ]
    },
    {
      "name": "%embankment_stone_column_c",
      "tm": [
        [
          -0.000594707,
          0.0,
          1.0
        ],
        [
          0.0,
          1.0,
          0.0
        ],
        [
          -1.0,
          0.0,
          -0.000594707
        ],
        [
          5.66,
          4.52969,
          -31.0439
        ]
      ]
    },
    {
      "name": "%embankment_stone_column_d",
      "tm": [
        [
          -5.96046e-8,
          0.0,
          1.0
        ],
        [
          0.0,
          1.0,
          0.0
        ],
        [
          -1.0,
          0.0,
          -5.96046e-8
        ],
        [
          5.65,
          4.8927,
          -26.6836
        ]
      ]
    },
    {
      "name": "%embankment_stone_column_d",
      "tm": [
        [
          0.000602365,
          0.0,
          1.0
        ],
        [
          0.0,
          1.0,
          0.0
        ],
        [
          -1.0,
          0.0,
          0.000602365
        ],
        [
          5.64648,
          4.95487,
          26.6
        ]
      ]
    },
    {
      "name": "%embankment_stone_column_c",
      "tm": [
        [
          -0.000604808,
          0.0,
          1.0
        ],
        [
          0.0,
          1.0,
          0.0
        ],
        [
          -1.0,
          0.0,
          -0.000604808
        ],
        [
          5.64648,
          4.58922,
          30.9818
        ]
      ]
    },
    {
      "name": "%embankment_lattice_fence_c_2m_damaged",
      "tm": [
        [
          0.520954,
          -0.106831,
          -0.846873
        ],
        [
          -0.852776,
          -0.0219625,
          -0.521815
        ],
        [
          0.037146,
          0.994035,
          -0.102543
        ],
        [
          2.99677,
          4.87068,
          23.7526
        ]
      ]
    },
    {
      "name": "%embankment_lattice_fence_c_2m_damaged",
      "tm": [
        [
          0.90265,
          -0.0519818,
          0.427223
        ],
        [
          -0.418395,
          0.12658,
          0.899401
        ],
        [
          -0.100831,
          -0.990594,
          0.0925086
        ],
        [
          -1.67792,
          5.00081,
          23.2941
        ]
      ]
    },
    {
      "name": "%embankment_lattice_fence_c_2m_damaged",
      "tm": [
        [
          -0.709578,
          0.129959,
          0.692538
        ],
        [
          -0.676722,
          0.148164,
          -0.721176
        ],
        [
          -0.196332,
          -0.980387,
          -0.0171884
        ],
        [
          -4.34797,
          4.92827,
          -24.7375
        ]
      ]
    },
    {
      "name": "%embankment_lattice_fence_c_2m",
      "tm": [
        [
          -0.000604332,
          0.0,
          1.0
        ],
        [
          0.0,
          1.0,
          0.0
        ],
        [
          -1.0,
          0.0,
          -0.000604332
        ],
        [
          5.65,
          4.569,
          -29.9086
        ]
      ]
    },
    {
      "name": "%embankment_lattice_fence_c_2m",
      "tm": [
        [
          -0.000604332,
          0.0,
          1.0
        ],
        [
          0.0,
          1.0,
          0.0
        ],
        [
          -1.0,
          0.0,
          -0.000604332
        ],
        [
          5.65,
          4.67689,
          -27.838
        ]
      ]
    },
    {
      "name": "%embankment_lattice_fence_c_2m",
      "tm": [
        [
          0.0556821,
          0.0180278,
          0.998286
        ],
        [
          0.21317,
          0.976569,
          -0.0295257
        ],
        [
          -0.975427,
          0.214448,
          0.0505344
        ],
        [
          5.62274,
          4.93815,
          -25.5399
        ]
      ]
    },
    {
      "name": "%embankment_lattice_fence_c_2m",
      "tm": [
        [
          -0.0554943,
          -0.0000228839,
          0.998459
        ],
        [
          0.0936785,
          0.995589,
          0.00522947
        ],
        [
          -0.994055,
          0.0938243,
          -0.0552474
        ],
        [
          5.65649,
          4.98503,
          25.4319
        ]
      ]
    },
    {
      "name": "%embankment_lattice_fence_c_2m",
      "tm": [
        [
          -0.033176,
          -0.0614392,
          0.997559
        ],
        [
          -0.0734832,
          0.995557,
          0.058872
        ],
        [
          -0.996745,
          -0.0713507,
          -0.0375434
        ],
        [
          5.65649,
          4.73268,
          27.7275
        ]
      ]
    },
    {
      "name": "%embankment_lattice_fence_c_2m",
      "tm": [
        [
          0.0460467,
          0.0000138005,
          0.998939
        ],
        [
          -0.0565228,
          0.998398,
          0.00259166
        ],
        [
          -0.997339,
          -0.0565822,
          0.0459737
        ],
        [
          5.65649,
          4.6221,
          29.8
        ]
      ]
    },
    {
      "name": "%embankment_metal_column_a",
      "tm": [
        [
          -5.85195e-8,
          1.13215e-8,
          1.0
        ],
        [
          0.189943,
          0.981795,
          0.0
        ],
        [
          -0.981795,
          0.189943,
          -5.96046e-8
        ],
        [
          5.65,
          5.02025,
          -24.5329
        ]
      ]
    },
    {
      "name": "%embankment_metal_column_a",
      "tm": [
        [
          -5.96046e-8,
          0.0,
          1.0
        ],
        [
          0.0,
          1.0,
          0.0
        ],
        [
          -1.0,
          0.0,
          -5.96046e-8
        ],
        [
          5.65,
          4.63191,
          -28.8559
        ]
      ]
    },
    {
      "name": "%embankment_metal_column_a",
      "tm": [
        [
          -5.91879e-8,
          7.03527e-9,
          1.0
        ],
        [
          0.118032,
          0.99301,
          0.0
        ],
        [
          -0.99301,
          0.118032,
          -5.96046e-8
        ],
        [
          5.64648,
          5.03,
          24.4
        ]
      ]
    },
    {
      "name": "%embankment_metal_column_a",
      "tm": [
        [
          -5.93761e-8,
          -5.21454e-9,
          1.0
        ],
        [
          -0.0874856,
          0.996166,
          0.0
        ],
        [
          -0.996166,
          -0.0874856,
          -5.96046e-8
        ],
        [
          5.64648,
          4.65071,
          28.7614
        ]
      ]
    },
    {
      "name": "%embankment_stone_column_c",
      "tm": [
        [
          -0.000594556,
          0.0,
          1.0
        ],
        [
          0.0,
          1.0,
          0.0
        ],
        [
          -1.0,
          0.0,
          -0.000594556
        ],
        [
          -5.65,
          4.60845,
          -31.0
        ]
      ]
    },
    {
      "name": "%embankment_stone_column_d",
      "tm": [
        [
          -5.96046e-8,
          0.0,
          1.0
        ],
        [
          0.0,
          1.0,
          0.0
        ],
        [
          -1.0,
          0.0,
          -5.96046e-8
        ],
        [
          -5.65,
          4.89,
          -26.6744
        ]
      ]
    },
    {
      "name": "%embankment_stone_column_d",
      "tm": [
        [
          0.000602409,
          0.0,
          1.0
        ],
        [
          0.0,
          1.0,
          0.0
        ],
        [
          -1.0,
          0.0,
          0.000602409
        ],
        [
          -5.65,
          4.98105,
          26.5719
        ]
      ]
    },
    {
      "name": "%embankment_stone_column_c",
      "tm": [
        [
          -0.000604961,
          0.0,
          1.0
        ],
        [
          0.0,
          1.0,
          0.0
        ],
        [
          -1.0,
          0.0,
          -0.000604961
        ],
        [
          -5.65,
          4.65385,
          30.9953
        ]
      ]
    },
    {
      "name": "%embankment_lattice_fence_c_2m",
      "tm": [
        [
          -0.000604332,
          0.0,
          1.0
        ],
        [
          0.0,
          1.0,
          0.0
        ],
        [
          -1.0,
          0.0,
          -0.000604332
        ],
        [
          -5.65,
          4.63602,
          -29.8465
        ]
      ]
    },
    {
      "name": "%embankment_lattice_fence_c_2m",
      "tm": [
        [
          -0.000604332,
          0.0,
          1.0
        ],
        [
          0.0,
          1.0,
          0.0
        ],
        [
          -1.0,
          0.0,
          -0.000604332
        ],
        [
          -5.65,
          4.68284,
          -27.8322
        ]
      ]
    },
    {
      "name": "%embankment_lattice_fence_c_2m",
      "tm": [
        [
          0.0641391,
          0.000043152,
          0.997941
        ],
        [
          -0.176562,
          0.984225,
          0.0113053
        ],
        [
          -0.982198,
          -0.176923,
          0.0631349
        ],
        [
          -5.62106,
          4.9478,
          25.4068
        ]
      ]
    },
    {
      "name": "%embankment_lattice_fence_c_2m",
      "tm": [
        [
          0.000243902,
          0.0,
          1.0
        ],
        [
          0.0,
          1.0,
          0.0
        ],
        [
          -1.0,
          0.0,
          0.000243902
        ],
        [
          -5.65,
          4.69561,
          27.7295
        ]
      ]
    },
    {
      "name": "%embankment_lattice_fence_c_2m",
      "tm": [
        [
          0.000243902,
          0.0,
          1.0
        ],
        [
          0.0,
          1.0,
          0.0
        ],
        [
          -1.0,
          0.0,
          0.000243902
        ],
        [
          -5.65,
          4.58587,
          29.8156
        ]
      ]
    },
    {
      "name": "%embankment_metal_column_a",
      "tm": [
        [
          -5.96046e-8,
          0.0,
          1.0
        ],
        [
          0.0,
          1.0,
          0.0
        ],
        [
          -1.0,
          0.0,
          -5.96046e-8
        ],
        [
          -5.65,
          4.63,
          -28.8503
        ]
      ]
    },
    {
      "name": "%embankment_metal_column_a",
      "tm": [
        [
          0.0,
          0.0,
          1.0
        ],
        [
          -0.16806,
          0.985777,
          0.0
        ],
        [
          -0.985777,
          -0.16806,
          0.0
        ],
        [
          -5.65,
          5.03274,
          24.3859
        ]
      ]
    },
    {
      "name": "%embankment_metal_column_a",
      "tm": [
        [
          0.0,
          0.0,
          1.0
        ],
        [
          0.0,
          1.0,
          0.0
        ],
        [
          -1.0,
          0.0,
          0.0
        ],
        [
          -5.65,
          4.64181,
          28.763
        ]
      ]
    }
  ]
}