{
  "classname": "$%composit",
  "node": [
    {
      "name": "$%stone_bridge_europe_c_damaged_fragments_a",
      "tm": [
        [
          -0.000594707,
          0.0,
          1.0
        ],
        [
          0.0,
          1.0,
          0.0
        ],
        [
          -1.0,
          0.0,
          -0.000594707
        ],
        [
          0.309414,
          2.78853,
          -13.7684
        ]
      ]
    },
    {
      "name": "$%stone_bridge_europe_c_damaged_fragments_b",
      "tm": [
        [
          0.677668,
          -0.650906,
          0.342181
        ],
        [
          0.734907,
          0.582975,
          -0.346484
        ],
        [
          0.0260454,
          0.486273,
          0.873419
        ],
        [
          2.83509,
          -6.05595,
          2.1059
        ]
      ]
    },
    {
      "name": "$%stone_bridge_europe_c_damaged_fragments_c",
      "tm": [
        [
          -5.96046e-8,
          0.0,
          1.0
        ],
        [
          0.0,
          1.0,
          0.0
        ],
        [
          -1.0,
          0.0,
          -5.96046e-8
        ],
        [
          0.755865,
          2.65267,
          17.4538
        ]
      ]
    },
    {
      "name": "$%stone_bridge_europe_c_damaged_remains_a",
      "tm": [
        [
          -5.96046e-8,
          0.0,
          1.0
        ],
        [
          0.0,
          1.0,
          0.0
        ],
        [
          -1.0,
          0.0,
          -5.96046e-8
        ],
        [
          0.151718,
          -1.56475,
          -27.7445
        ]
      ]
    },
    {
      "name": "$%stone_bridge_europe_c_damaged_remains_b",
      "tm": [
        [
          -5.96046e-8,
          0.0,
          -1.0
        ],
        [
          0.0,
          1.0,
          0.0
        ],
        [
          1.0,
          0.0,
          -5.96046e-8
        ],
        [
          -0.230421,
          -1.43139,
          27.603
        ]
      ]
    },
    {
      "name": "%embankment_stone_column_c",
      "tm": [
        [
          -5.94004e-8,
          0.0205209,
          0.999789
        ],
        [
          0.0827054,
          0.996364,
          -0.0204506
        ],
        [
          -0.996574,
          0.082688,
          -0.00169725
        ],
        [
          5.65,
          5.48475,
          -18.0
        ]
      ]
    },
    {
      "name": "%embankment_metal_column_a",
      "tm": [
        [
          0.025595,
          0.210653,
          0.977226
        ],
        [
          0.11787,
          0.970091,
          -0.212202
        ],
        [
          -0.992699,
          0.120617,
          -5.82472e-8
        ],
        [
          5.65,
          5.80177,
          -11.3403
        ]
      ]
    },
    {
      "name": "%embankment_metal_column_a",
      "tm": [
        [
          0.415282,
          0.119582,
          0.901799
        ],
        [
          -0.0500193,
          0.992824,
          -0.108618
        ],
        [
          -0.908316,
          0.0,
          0.418284
        ],
        [
          5.64648,
          5.5886,
          15.5033
        ]
      ]
    },
    {
      "name": "%embankment_stone_column_c",
      "tm": [
        [
          -0.00522513,
          0.0951248,
          0.995452
        ],
        [
          -0.0354365,
          0.994822,
          -0.0952507
        ],
        [
          -0.999358,
          -0.035773,
          -0.00182718
        ],
        [
          -5.65,
          5.48,
          -17.9632
        ]
      ]
    },
    {
      "name": "%embankment_stone_column_d",
      "tm": [
        [
          -5.95993e-8,
          -7.92277e-10,
          1.0
        ],
        [
          -0.0132922,
          0.999912,
          0.0
        ],
        [
          -0.999912,
          -0.0132922,
          -5.96046e-8
        ],
        [
          -5.65,
          5.7033,
          -13.5833
        ]
      ]
    },
    {
      "name": "%embankment_stone_column_d",
      "tm": [
        [
          0.00119439,
          -0.034081,
          0.999418
        ],
        [
          0.0,
          0.999419,
          0.0340811
        ],
        [
          -0.999999,
          -0.0000407061,
          0.0011937
        ],
        [
          -5.66,
          5.8583,
          -9.12164
        ]
      ]
    },
    {
      "name": "%embankment_stone_column_c",
      "tm": [
        [
          0.000600013,
          0.0244747,
          0.9997
        ],
        [
          -0.0890986,
          0.995726,
          -0.0243239
        ],
        [
          -0.996023,
          -0.0890573,
          0.00277811
        ],
        [
          -5.65,
          5.51967,
          17.8254
        ]
      ]
    },
    {
      "name": "%embankment_stone_column_d",
      "tm": [
        [
          0.000601735,
          -0.000028493,
          1.0
        ],
        [
          0.0472984,
          0.998881,
          0.0
        ],
        [
          -0.998881,
          0.0472984,
          0.000602409
        ],
        [
          -5.65,
          5.70365,
          13.3737
        ]
      ]
    },
    {
      "name": "%embankment_lattice_fence_c_2m",
      "tm": [
        [
          0.0557621,
          0.0242992,
          0.998149
        ],
        [
          -0.0908723,
          0.995678,
          -0.0191624
        ],
        [
          -0.994301,
          -0.0896356,
          0.0577292
        ],
        [
          -5.66,
          5.78095,
          -10.2685
        ]
      ]
    },
    {
      "name": "%embankment_lattice_fence_c_2m",
      "tm": [
        [
          -0.0604075,
          0.000056946,
          0.998174
        ],
        [
          -0.0937916,
          0.995575,
          -0.00573288
        ],
        [
          -0.993758,
          -0.0939666,
          -0.0601349
        ],
        [
          -5.60941,
          5.60112,
          14.5535
        ]
      ]
    },
    {
      "name": "%embankment_lattice_fence_c_2m_damaged",
      "tm": [
        [
          0.0117668,
          0.0000240404,
          0.999931
        ],
        [
          -0.0985593,
          0.995131,
          0.00113589
        ],
        [
          -0.995062,
          -0.0985659,
          0.0117118
        ],
        [
          -5.63956,
          5.54989,
          16.6434
        ]
      ]
    },
    {
      "name": "%embankment_lattice_fence_c_2m_damaged",
      "tm": [
        [
          -0.813917,
          -0.0724214,
          0.57645
        ],
        [
          0.579975,
          -0.0428934,
          0.813505
        ],
        [
          -0.0341893,
          0.996452,
          0.0769141
        ],
        [
          1.34097,
          5.45801,
          13.6752
        ]
      ]
    },
    {
      "name": "%embankment_lattice_fence_c_2m_damaged",
      "tm": [
        [
          -0.580693,
          -0.0666025,
          0.811394
        ],
        [
          -0.813656,
          0.0812187,
          -0.575646
        ],
        [
          -0.0275609,
          -0.994469,
          -0.101355
        ],
        [
          3.10353,
          5.01398,
          22.3902
        ]
      ]
    },
    {
      "name": "%embankment_metal_column_a",
      "tm": [
        [
          0.0,
          0.0,
          1.0
        ],
        [
          -0.134942,
          0.990854,
          0.0
        ],
        [
          -0.990854,
          -0.134942,
          0.0
        ],
        [
          -5.66,
          5.80177,
          -11.3561
        ]
      ]
    },
    {
      "name": "%embankment_metal_column_a",
      "tm": [
        [
          0.0,
          0.0,
          1.0
        ],
        [
          -0.0833427,
          0.996521,
          0.0
        ],
        [
          -0.996521,
          -0.0833427,
          0.0
        ],
        [
          -5.65,
          5.5886,
          15.5822
        ]
      ]
    },
    {
      "name": "%embankment_lattice_fence_c_2m_damaged",
      "tm": [
        [
          -0.0209228,
          0.0000996595,
          0.999781
        ],
        [
          -0.136704,
          0.990608,
          -0.0029596
        ],
        [
          -0.990391,
          -0.136736,
          -0.0207126
        ],
        [
          -5.60936,
          5.73235,
          -12.3978
        ]
      ]
    },
    {
      "name": "%embankment_lattice_fence_c_2m_damaged",
      "tm": [
        [
          -0.940301,
          0.015129,
          0.340008
        ],
        [
          -0.340338,
          -0.0359005,
          -0.939618
        ],
        [
          -0.00200911,
          -0.999241,
          0.0389063
        ],
        [
          -2.00929,
          5.42013,
          -16.0879
        ]
      ]
    },
    {
      "name": "%embankment_lattice_fence_c_2m_damaged",
      "tm": [
        [
          0.813546,
          0.0204753,
          0.58114
        ],
        [
          0.581501,
          -0.0284258,
          -0.81305
        ],
        [
          -0.000128069,
          0.999386,
          -0.035032
        ],
        [
          2.52179,
          5.59778,
          -12.2796
        ]
      ]
    }
  ]
}