{
  "className": "composit",
  "node": [
    {
      "type": "rendInst",
      "name": "$hangar_field_barrel_pile_b",
      "tm": [
        [
          -0.509131,
          0.0,
          0.860688
        ],
        [
          0.0,
          1.0,
          0.0
        ],
        [
          -0.860688,
          0.0,
          -0.509131
        ],
        [
          -11.7717,
          -0.397366,
          0.230011
        ]
      ],
      "toGround": false
    },
    {
      "type": "rendInst",
      "name": "$hangar_field_building_workshop_a",
      "tm": [
        [
          -0.250762,
          0.0,
          0.693732
        ],
        [
          0.0,
          0.693992,
          0.0
        ],
        [
          -0.693732,
          0.0,
          -0.250762
        ],
        [
          -5.467,
          -0.372379,
          1.74402
        ]
      ],
      "toGround": false
    },
    {
      "type": "rendInst",
      "name": "$hangar_field_barrel_pile_a",
      "tm": [
        [
          0.332062,
          0.0,
          0.943257
        ],
        [
          0.0,
          1.0,
          0.0
        ],
        [
          -0.943257,
          0.0,
          0.332062
        ],
        [
          -11.5377,
          -0.372608,
          -1.73599
        ]
      ],
      "toGround": false
    },
    {
      "type": "rendInst",
      "name": "$hangar_field_concrete_block",
      "tm": [
        [
          0.901788,
          0.0,
          0.43218
        ],
        [
          0.0,
          1.0,
          0.0
        ],
        [
          -0.43218,
          0.0,
          0.901788
        ],
        [
          -8.7734,
          -0.41753,
          -2.526
        ]
      ],
      "toGround": false
    },
    {
      "type": "rendInst",
      "name": "$hangar_searchlight_tower_a",
      "tm": [
        [
          -0.933815,
          0.0,
          -0.357758
        ],
        [
          0.0,
          1.0,
          0.0
        ],
        [
          0.357758,
          0.0,
          -0.933815
        ],
        [
          -6.1086,
          -0.281452,
          -5.55099
        ]
      ],
      "toGround": false
    },
    {
      "type": "rendInst",
      "name": "$hangar_field_conex_box_a",
      "tm": [
        [
          -0.53535,
          0.0,
          0.88789
        ],
        [
          0.0,
          1.0368,
          0.0
        ],
        [
          -0.88789,
          0.0,
          -0.53535
        ],
        [
          13.7206,
          -0.385899,
          6.772
        ]
      ],
      "toGround": false
    },
    {
      "type": "rendInst",
      "name": "$hangar_field_conex_box_a",
      "tm": [
        [
          -0.53535,
          0.0,
          0.88789
        ],
        [
          0.0,
          1.0368,
          0.0
        ],
        [
          -0.88789,
          0.0,
          -0.53535
        ],
        [
          11.7478,
          -0.385899,
          3.18802
        ]
      ],
      "toGround": false
    },
    {
      "type": "rendInst",
      "name": "$hangar_field_concrete_block",
      "tm": [
        [
          0.905932,
          0.0,
          0.423422
        ],
        [
          0.0,
          1.0,
          0.0
        ],
        [
          -0.423422,
          0.0,
          0.905932
        ],
        [
          9.624,
          -0.386101,
          11.318
        ]
      ],
      "toGround": false
    },
    {
      "type": "rendInst",
      "name": "$hangar_field_concrete_block",
      "tm": [
        [
          0.94777,
          0.0,
          0.318953
        ],
        [
          0.0,
          1.0,
          0.0
        ],
        [
          -0.318953,
          0.0,
          0.94777
        ],
        [
          13.7011,
          -0.386101,
          12.872
        ]
      ],
      "toGround": false
    },
    {
      "type": "rendInst",
      "name": "$hangar_field_concrete_block",
      "tm": [
        [
          0.381969,
          0.0,
          -0.924174
        ],
        [
          0.0,
          1.0,
          0.0
        ],
        [
          0.924174,
          0.0,
          0.381969
        ],
        [
          18.1964,
          -0.386101,
          7.17001
        ]
      ],
      "toGround": false
    },
    {
      "type": "rendInst",
      "name": "$hangar_field_concrete_block",
      "tm": [
        [
          0.374276,
          0.0,
          -0.927317
        ],
        [
          0.0,
          1.0,
          0.0
        ],
        [
          0.927317,
          0.0,
          0.374276
        ],
        [
          16.6043,
          -0.386101,
          11.061
        ]
      ],
      "toGround": false
    },
    {
      "type": "rendInst",
      "name": "$hangar_field_concrete_block",
      "tm": [
        [
          0.381969,
          0.0,
          -0.924174
        ],
        [
          0.0,
          1.0,
          0.0
        ],
        [
          0.924174,
          0.0,
          0.381969
        ],
        [
          19.7697,
          -0.386101,
          3.28201
        ]
      ],
      "toGround": false
    },
    {
      "type": "rendInst",
      "name": "$hangar_field_conex_box_a",
      "tm": [
        [
          0.953492,
          0.0,
          0.407189
        ],
        [
          0.0,
          1.0368,
          0.0
        ],
        [
          -0.407189,
          0.0,
          0.953492
        ],
        [
          8.565,
          -0.385899,
          -1.22699
        ]
      ],
      "toGround": false
    },
    {
      "type": "rendInst",
      "name": "$hangar_field_conex_box_a",
      "tm": [
        [
          0.953492,
          0.0,
          0.407189
        ],
        [
          0.0,
          1.0368,
          0.0
        ],
        [
          -0.407189,
          0.0,
          0.953492
        ],
        [
          3.5778,
          -0.385899,
          -3.327
        ]
      ],
      "toGround": false
    },
    {
      "type": "rendInst",
      "name": "$hangar_field_barrel_pile_a",
      "tm": [
        [
          -0.405306,
          0.0,
          0.91418
        ],
        [
          0.0,
          1.0,
          0.0
        ],
        [
          -0.91418,
          0.0,
          -0.405306
        ],
        [
          15.1426,
          0.072998,
          11.433
        ]
      ],
      "toGround": false
    }
  ]
}