{
  "className": "composit",
  "node": [
    {
      "name": "#caponier_a",
      "tm": [
        [
          -0.141283,
          0.0,
          -0.989969
        ],
        [
          0.0,
          1.0,
          0.0
        ],
        [
          0.989969,
          0.0,
          -0.141283
        ],
        [
          0.0,
          0.0,
          0.0
        ]
      ]
    },
    {
      "name": "#sandbags_a",
      "tm": [
        [
          -0.142986,
          0.0,
          -0.989725
        ],
        [
          0.0,
          1.0,
          0.0
        ],
        [
          0.989725,
          0.0,
          -0.142986
        ],
        [
          -4.02637,
          -0.241371,
          -1.90674
        ]
      ]
    },
    {
      "name": "#sandbags_a",
      "tm": [
        [
          0.121177,
          0.0,
          0.992631
        ],
        [
          0.0,
          1.0,
          0.0
        ],
        [
          -0.992631,
          0.0,
          0.121177
        ],
        [
          -0.461792,
          -0.0984192,
          -2.35156
        ]
      ]
    },
    {
      "name": "#sandbags_a",
      "tm": [
        [
          0.119326,
          0.0,
          0.992855
        ],
        [
          0.0,
          1.0,
          0.0
        ],
        [
          -0.992855,
          0.0,
          0.119326
        ],
        [
          -2.0459,
          -0.180542,
          -2.75317
        ]
      ]
    },
    {
      "name": "#sandbags_a",
      "tm": [
        [
          -0.142986,
          0.0,
          -0.989725
        ],
        [
          0.0,
          1.0,
          0.0
        ],
        [
          0.989725,
          0.0,
          -0.142986
        ],
        [
          1.5188,
          -0.0382462,
          -3.19788
        ]
      ]
    },
    {
      "name": "#box_b",
      "tm": [
        [
          -0.983355,
          0.0,
          0.181696
        ],
        [
          0.0,
          1.0,
          0.0
        ],
        [
          -0.181696,
          0.0,
          -0.983355
        ],
        [
          -3.04993,
          -0.135742,
          -0.0546875
        ]
      ]
    },
    {
      "name": "#box_b",
      "tm": [
        [
          -0.998752,
          0.0,
          0.0499404
        ],
        [
          0.0,
          1.0,
          0.0
        ],
        [
          -0.0499404,
          0.0,
          -0.998752
        ],
        [
          2.75134,
          0.0941381,
          -0.845947
        ]
      ]
    }
  ]
}