{
  "className": "composit",
  "node": [
    {
      "name": "#caponier_a",
      "tm": [
        [
          -0.153555,
          0.0,
          -0.98814
        ],
        [
          0.0,
          1.0,
          0.0
        ],
        [
          0.98814,
          0.0,
          -0.153555
        ],
        [
          0.0,
          0.0,
          0.0
        ]
      ]
    },
    {
      "name": "#box_b",
      "tm": [
        [
          -0.199114,
          0.0,
          -0.979977
        ],
        [
          0.0,
          1.0,
          0.0
        ],
        [
          0.979977,
          0.0,
          -0.199114
        ],
        [
          -3.34439,
          -0.130356,
          0.536499
        ]
      ]
    },
    {
      "name": "#box_k",
      "tm": [
        [
          -0.999941,
          0.0,
          0.0108801
        ],
        [
          0.0,
          1.0,
          0.0
        ],
        [
          -0.0108801,
          0.0,
          -0.999941
        ],
        [
          3.03955,
          0.101929,
          -0.983154
        ]
      ]
    },
    {
      "name": "#box_b",
      "tm": [
        [
          -0.981025,
          0.0,
          0.193883
        ],
        [
          0.0,
          1.0,
          0.0
        ],
        [
          -0.193883,
          0.0,
          -0.981025
        ],
        [
          -2.00256,
          -0.0963669,
          -0.228271
        ]
      ]
    },
    {
      "name": "#barbedwire_a",
      "tm": [
        [
          -0.999941,
          0.0,
          0.0108801
        ],
        [
          0.0,
          1.0,
          0.0
        ],
        [
          -0.0108801,
          0.0,
          -0.999941
        ],
        [
          2.16724,
          -0.00521851,
          -3.0238
        ]
      ]
    },
    {
      "name": "#barbedwire_a",
      "tm": [
        [
          -0.966968,
          0.0,
          0.2549
        ],
        [
          0.0,
          1.0,
          0.0
        ],
        [
          -0.2549,
          0.0,
          -0.966968
        ],
        [
          -3.3215,
          -0.21283,
          -1.96399
        ]
      ]
    }
  ]
}