{
  "className": "composit",
  "node": [
    {
      "type": "rendInst",
      "name": "$hangar_rope_fence_section_a",
      "tm": [
        [
          -0.980625,
          0.0,
          -0.195891
        ],
        [
          0.0,
          1.0,
          0.0
        ],
        [
          0.195891,
          0.0,
          -0.980625
        ],
        [
          0.0,
          0.0,
          0.0
        ]
      ],
      "toGround": false
    },
    {
      "type": "rendInst",
      "name": "$hangar_rope_fence_column",
      "tm": [
        [
          -0.281426,
          0.0,
          0.959583
        ],
        [
          0.0,
          1.0,
          0.0
        ],
        [
          -0.959583,
          0.0,
          -0.281426
        ],
        [
          -0.986446,
          -0.0075531,
          -0.215088
        ]
      ],
      "toGround": false
    },
    {
      "type": "rendInst",
      "name": "$hangar_rope_fence_column",
      "tm": [
        [
          -0.281426,
          0.0,
          0.959583
        ],
        [
          0.0,
          1.0,
          0.0
        ],
        [
          -0.959583,
          0.0,
          -0.281426
        ],
        [
          0.931225,
          -0.0075531,
          0.175476
        ]
      ],
      "toGround": false
    },
    {
      "type": "rendInst",
      "name": "$hangar_rope_fence_column",
      "tm": [
        [
          -0.281426,
          0.0,
          0.959583
        ],
        [
          0.0,
          1.0,
          0.0
        ],
        [
          -0.959583,
          0.0,
          -0.281426
        ],
        [
          2.55026,
          -0.0075531,
          0.310242
        ]
      ],
      "toGround": false
    },
    {
      "type": "rendInst",
      "name": "$hangar_rope_fence_column",
      "tm": [
        [
          -0.281426,
          0.0,
          0.959583
        ],
        [
          0.0,
          1.0,
          0.0
        ],
        [
          -0.959583,
          0.0,
          -0.281426
        ],
        [
          2.59161,
          -0.0075531,
          4.92932
        ]
      ],
      "toGround": false
    },
    {
      "type": "rendInst",
      "name": "$hangar_rope_fence_column",
      "tm": [
        [
          -0.281426,
          0.0,
          0.959583
        ],
        [
          0.0,
          1.0,
          0.0
        ],
        [
          -0.959583,
          0.0,
          -0.281426
        ],
        [
          -0.996035,
          -0.0075531,
          5.47229
        ]
      ],
      "toGround": false
    },
    {
      "type": "rendInst",
      "name": "$hangar_rope_fence_section_a",
      "tm": [
        [
          -0.980459,
          0.0,
          0.196722
        ],
        [
          0.0,
          1.0,
          0.0
        ],
        [
          -0.196722,
          0.0,
          -0.980459
        ],
        [
          -0.0522594,
          -0.0121651,
          5.26868
        ]
      ],
      "toGround": false
    },
    {
      "type": "rendInst",
      "name": "$hangar_rope_fence_column",
      "tm": [
        [
          -0.281426,
          0.0,
          0.959583
        ],
        [
          0.0,
          1.0,
          0.0
        ],
        [
          -0.959583,
          0.0,
          -0.281426
        ],
        [
          0.920458,
          -0.0075531,
          5.09406
        ]
      ],
      "toGround": false
    },
    {
      "type": "rendInst",
      "name": "$floor_carpet_a",
      "tm": [
        [
          -0.000534531,
          0.0,
          0.186364
        ],
        [
          0.0,
          0.375629,
          0.0
        ],
        [
          -0.129779,
          0.0,
          -0.000372234
        ],
        [
          7.82064,
          0.0200996,
          4.46295
        ]
      ],
      "toGround": false
    },
    {
      "type": "rendInst",
      "name": "$anniversary_gift_confetti_a",
      "tm": [
        [
          -0.300835,
          0.0,
          -0.390932
        ],
        [
          0.0,
          0.493284,
          0.0
        ],
        [
          0.390932,
          0.0,
          -0.300835
        ],
        [
          -0.387362,
          0.0293007,
          -0.778015
        ]
      ],
      "toGround": false
    },
    {
      "type": "rendInst",
      "name": "$anniversary_gift_confetti_a",
      "tm": [
        [
          -0.43973,
          0.0,
          -0.139169
        ],
        [
          0.0,
          0.461228,
          0.0
        ],
        [
          0.139169,
          0.0,
          -0.43973
        ],
        [
          4.93224,
          0.032299,
          4.14496
        ]
      ],
      "toGround": false
    },
    {
      "type": "rendInst",
      "name": "$anniversary_gift_confetti_a",
      "tm": [
        [
          -0.43973,
          0.0,
          -0.139169
        ],
        [
          0.0,
          0.461228,
          0.0
        ],
        [
          0.139169,
          0.0,
          -0.43973
        ],
        [
          9.49284,
          0.032299,
          2.18896
        ]
      ],
      "toGround": false
    },
    {
      "type": "rendInst",
      "name": "$floor_carpet_a",
      "tm": [
        [
          -0.000534531,
          0.0,
          0.186364
        ],
        [
          0.0,
          0.375629,
          0.0
        ],
        [
          -0.129779,
          0.0,
          -0.000372234
        ],
        [
          7.82064,
          0.0200996,
          0.832947
        ]
      ],
      "toGround": false
    },
    {
      "type": "rendInst",
      "name": "$floor_carpet_a",
      "tm": [
        [
          -0.000534531,
          0.0,
          0.186364
        ],
        [
          0.0,
          0.375629,
          0.0
        ],
        [
          -0.129779,
          0.0,
          -0.000372234
        ],
        [
          7.82064,
          0.0256004,
          2.55298
        ]
      ],
      "toGround": false
    },
    {
      "type": "rendInst",
      "name": "$floor_carpet_a",
      "tm": [
        [
          -0.000534531,
          0.0,
          0.186364
        ],
        [
          0.0,
          0.375629,
          0.0
        ],
        [
          -0.129779,
          0.0,
          -0.000372234
        ],
        [
          -0.781261,
          0.0256004,
          2.55298
        ]
      ],
      "toGround": false
    },
    {
      "type": "rendInst",
      "name": "$papers_debris_c",
      "tm": [
        [
          0.651068,
          0.0,
          -0.338924
        ],
        [
          0.0,
          1.0,
          0.0
        ],
        [
          0.338924,
          0.0,
          0.651068
        ],
        [
          -0.761362,
          0.00759888,
          0.783997
        ]
      ],
      "toGround": false
    }
  ]
}