[
  {
    "className": "composit"
  },
  {
    "size": [250.0,250.0]
  },
  {
    "node": {
      "type": "rendInst",
      "name": "$czech_hedgehog_dynamic",
      "tm": [
        [1.0,0.0,0.0],
        [0.0,1.0,0.0],
        [0.0,0.0,1.0],
        [-0.234525,0.0,0.0]
      ]
    }
  },
  {
    "node": {
      "type": "rendInst",
      "name": "$czech_hedgehog_dynamic",
      "tm": [
        [0.448432,0.0,0.893817],
        [0.0,1.0,0.0],
        [-0.893817,0.0,0.448432],
        [3.48338,0.0,0.0]
      ]
    }
  },
  {
    "node": {
      "type": "rendInst",
      "name": "$czech_hedgehog_dynamic",
      "tm": [
        [-0.82639,0.0,-0.563098],
        [0.0,1.0,0.0],
        [0.563098,0.0,-0.82639],
        [7.25975,0.0,0.0]
      ]
    }
  },
  {
    "node": {
      "type": "rendInst",
      "name": "$czech_hedgehog_dynamic",
      "tm": [
        [0.569049,0.0,-0.822304],
        [0.0,1.0,0.0],
        [0.822304,0.0,0.569049],
        [-3.48732,0.0,0.0]
      ]
    }
  },
  {
    "node": {
      "type": "rendInst",
      "name": "$czech_hedgehog_dynamic",
      "tm": [
        [-0.0425962,0.0,0.999092],
        [0.0,1.0,0.0],
        [-0.999092,0.0,-0.0425962],
        [-7.25975,0.0,0.0]
      ]
    }
  }
]