[
  {
    "className": "composit"
  },
  {
    "node": {
      "name": "$#det_trench_system_b_snow",
      "tm": [
        [1.0,0.0,0.0],
        [0.0,1.0,0.0],
        [0.0,0.0,1.0],
        [0.0,0.0,0.0]
      ]
    }
  },
  {
    "node": {
      "name": "^ground_decal_dynamic_battlefield_dirt_d",
      "tm": [
        [0.778815,0.0,-0.627254],
        [0.0,1.0,0.0],
        [0.627254,0.0,0.778815],
        [17.15,-0.00808144,0.600006]
      ]
    }
  },
  {
    "node": {
      "name": "^ground_decal_dynamic_battlefield_dirt_b",
      "tm": [
        [0.179985,0.0,-0.983669],
        [0.0,1.0,0.0],
        [0.983669,0.0,0.179985],
        [-14.3,0.000898361,7.29999]
      ]
    }
  },
  {
    "node": {
      "name": "^ground_decal_dynamic_battlefield_dirt_b",
      "tm": [
        [0.96579,0.0,-0.259324],
        [0.0,1.0,0.0],
        [0.259324,0.0,0.96579],
        [-1.75,-0.000844002,-6.84998]
      ]
    }
  },
  {
    "node": {
      "name": "^ground_decal_dynamic_battlefield_dirt_b",
      "tm": [
        [0.96579,0.0,-0.259324],
        [0.0,1.0,0.0],
        [0.259324,0.0,0.96579],
        [5.04999,0.000486374,3.95001]
      ]
    }
  },
  {
    "node": {
      "name": "^ground_decal_dynamic_battlefield_dirt_d",
      "tm": [
        [0.96579,0.0,-0.259324],
        [0.0,1.0,0.0],
        [0.259324,0.0,0.96579],
        [-5.00006,0.00100899,8.20001]
      ]
    }
  },
  {
    "node": {
      "name": "^ground_decal_dynamic_battlefield_dirt_d",
      "tm": [
        [0.96579,0.0,-0.259324],
        [0.0,1.0,0.0],
        [0.259324,0.0,0.96579],
        [11.2499,-0.00234699,-6.49997]
      ]
    }
  },
  {
    "node": {
      "name": "^ground_decal_dynamic_battlefield_dirt_c",
      "tm": [
        [0.62251,0.0,-0.782612],
        [0.0,1.0,0.0],
        [0.782612,0.0,0.62251],
        [-12.15,-0.000524521,-4.25]
      ]
    }
  }
]