[
  {
    "className": "composit"
  },
  {
    "node": {
      "name": "$#det_trench_system_a_snow",
      "tm": [
        [1.0,0.0,0.0],
        [0.0,1.0,0.0],
        [0.0,0.0,1.0],
        [0.0,0.0,0.0]
      ]
    }
  },
  {
    "node": {
      "name": "^ground_decal_dynamic_battlefield_dirt_b",
      "tm": [
        [0.987566,0.0,-0.157205],
        [0.0,1.0,0.0],
        [0.157205,0.0,0.987566],
        [-11.9,-0.000616074,-5.0]
      ]
    }
  },
  {
    "node": {
      "name": "^ground_decal_dynamic_battlefield_dirt_b",
      "tm": [
        [0.987566,0.0,-0.157205],
        [0.0,1.0,0.0],
        [0.157205,0.0,0.987566],
        [3.45001,0.000393867,3.20001]
      ]
    }
  },
  {
    "node": {
      "name": "^ground_decal_dynamic_battlefield_dirt_c",
      "tm": [
        [0.987566,0.0,-0.157205],
        [0.0,1.0,0.0],
        [0.157205,0.0,0.987566],
        [-6.09998,0.000326157,2.64999]
      ]
    }
  },
  {
    "node": {
      "name": "^ground_decal_dynamic_battlefield_dirt_d",
      "tm": [
        [0.193489,0.0,-0.981102],
        [0.0,1.0,0.0],
        [0.981102,0.0,0.193489],
        [-17.4999,0.000259399,2.10001]
      ]
    }
  },
  {
    "node": {
      "name": "^ground_decal_dynamic_battlefield_dirt_b",
      "tm": [
        [0.193489,0.0,-0.981102],
        [0.0,1.0,0.0],
        [0.981102,0.0,0.193489],
        [13.7501,-0.00514221,0.899994]
      ]
    }
  },
  {
    "node": {
      "name": "^ground_decal_dynamic_battlefield_dirt_a",
      "tm": [
        [0.300263,0.0,-0.953856],
        [0.0,1.0,0.0],
        [0.953856,0.0,0.300263],
        [2.60004,-0.000880241,-7.14999]
      ]
    }
  }
]