[
  {
    "className": "composit"
  },
  {
    "node": {
      "name": "$#det_trench_half_c_snow",
      "tm": [
        [1.0,0.0,0.0],
        [0.0,1.0,0.0],
        [0.0,0.0,1.0],
        [0.0,0.0,0.0]
      ]
    }
  },
  {
    "node": {
      "name": "^ground_decal_dynamic_battlefield_dirt_c",
      "tm": [
        [0.762548,0.0,-0.646932],
        [0.0,1.0,0.0],
        [0.646932,0.0,0.762548],
        [-1.54999,-0.000498772,-4.05002]
      ]
    }
  },
  {
    "node": {
      "name": "^ground_decal_dynamic_battlefield_dirt_b",
      "tm": [
        [0.713994,0.0,-0.700152],
        [0.0,1.0,0.0],
        [0.700152,0.0,0.713994],
        [-11.2,0.000252724,2.04999]
      ]
    }
  },
  {
    "node": {
      "name": "^ground_decal_dynamic_battlefield_dirt_d",
      "tm": [
        [0.836782,0.0,-0.547537],
        [0.0,1.0,0.0],
        [0.547537,0.0,0.836782],
        [8.15002,-0.000227928,-1.85001]
      ]
    }
  },
  {
    "node": {
      "name": "^ground_decal_dynamic_battlefield_dirt_a",
      "tm": [
        [0.762548,0.0,-0.646932],
        [0.0,1.0,0.0],
        [0.646932,0.0,0.762548],
        [11.65,0.000504494,4.09998]
      ]
    }
  }
]