[
  {
    "className": "composit"
  },
  {
    "node": {
      "name": "$#det_trench_system_d_snow",
      "tm": [
        [1.0,0.0,0.0],
        [0.0,1.0,0.0],
        [0.0,0.0,1.0],
        [0.0,0.0,0.0]
      ]
    }
  },
  {
    "node": {
      "name": "^ground_decal_dynamic_battlefield_dirt_c",
      "tm": [
        [-0.3899,0.0,0.920857],
        [0.0,1.0,0.0],
        [-0.920857,0.0,-0.3899],
        [-8.95001,0.000308037,2.50003]
      ]
    }
  },
  {
    "node": {
      "name": "^ground_decal_dynamic_battlefield_dirt_d",
      "tm": [
        [-0.3899,0.0,0.920857],
        [0.0,1.0,0.0],
        [-0.920857,0.0,-0.3899],
        [5.54999,-0.000892639,-7.25]
      ]
    }
  },
  {
    "node": {
      "name": "^ground_decal_dynamic_battlefield_dirt_d",
      "tm": [
        [-0.636652,0.0,0.771152],
        [0.0,1.0,0.0],
        [-0.771152,0.0,-0.636652],
        [7.5,0.000567436,4.60004]
      ]
    }
  },
  {
    "node": {
      "name": "^ground_decal_dynamic_battlefield_dirt_b",
      "tm": [
        [-0.799596,0.0,-0.600539],
        [0.0,1.0,0.0],
        [0.600539,0.0,-0.799596],
        [16.9,-0.00145435,-0.349976]
      ]
    }
  },
  {
    "node": {
      "name": "^ground_decal_dynamic_battlefield_dirt_b",
      "tm": [
        [1.0,0.0,0.0],
        [0.0,1.0,0.0],
        [0.0,0.0,1.0],
        [-11.15,-0.000750542,-6.09998]
      ]
    }
  },
  {
    "node": {
      "name": "^ground_decal_dynamic_battlefield_dirt_c",
      "tm": [
        [-0.3899,0.0,0.920857],
        [0.0,1.0,0.0],
        [-0.920857,0.0,-0.3899],
        [-2.25,-0.00110817,-8.99997]
      ]
    }
  }
]