{
  "className": "composit",
  "node": [
    {
      "type": "rendInst",
      "name": "$#big_pipe_snow",
      "tm": [
        [
          0.0274485,
          -0.0332304,
          -0.999071
        ],
        [
          -0.0109015,
          0.999378,
          -0.0335401
        ],
        [
          0.999563,
          0.011812,
          0.0270692
        ],
        [
          -0.350098,
          3.61135,
          0.310059
        ]
      ]
    },
    {
      "type": "rendInst",
      "name": "$#big_pipe_snow",
      "tm": [
        [
          -0.0285559,
          -0.0379028,
          -0.998874
        ],
        [
          0.75493,
          0.654161,
          -0.0464045
        ],
        [
          0.655183,
          -0.755405,
          0.00993383
        ],
        [
          -2.47632,
          2.39604,
          0.310059
        ]
      ]
    },
    {
      "type": "rendInst",
      "name": "$#big_pipe_snow",
      "tm": [
        [
          -0.0734372,
          0.0142246,
          0.997198
        ],
        [
          0.65574,
          0.754053,
          0.0375348
        ],
        [
          -0.751407,
          0.656659,
          -0.0647032
        ],
        [
          0.115234,
          2.20846,
          0.528076
        ]
      ]
    },
    {
      "type": "rendInst",
      "name": "$#big_pipe_snow",
      "tm": [
        [
          -0.0435781,
          0.0459375,
          -0.997994
        ],
        [
          0.00190272,
          0.998945,
          0.0458982
        ],
        [
          0.999048,
          0.000101255,
          -0.0436195
        ],
        [
          3.42725,
          1.93188,
          0.041748
        ]
      ]
    },
    {
      "type": "rendInst",
      "name": "$#big_pipe_snow",
      "tm": [
        [
          7.54979e-8,
          0.0436193,
          0.999048
        ],
        [
          -7.54979e-8,
          0.999048,
          -0.0436193
        ],
        [
          -1.0,
          -7.21329e-8,
          7.87192e-8
        ],
        [
          1.92993,
          0.0836945,
          0.310059
        ]
      ]
    },
    {
      "type": "rendInst",
      "name": "$#big_pipe_snow",
      "tm": [
        [
          -0.0294137,
          0.0202332,
          -0.999362
        ],
        [
          0.624632,
          0.780915,
          -0.00257397
        ],
        [
          0.780365,
          -0.62431,
          -0.0356079
        ],
        [
          3.69385,
          0.295929,
          0.310059
        ]
      ]
    },
    {
      "type": "rendInst",
      "name": "$#big_pipe_snow",
      "tm": [
        [
          -2.26494e-7,
          0.0436193,
          -0.999048
        ],
        [
          7.54979e-8,
          0.999048,
          0.0436193
        ],
        [
          1.0,
          -6.55465e-8,
          -2.29571e-7
        ],
        [
          -0.149902,
          0.0836945,
          0.310059
        ]
      ]
    },
    {
      "type": "rendInst",
      "name": "$#big_pipe_snow",
      "tm": [
        [
          7.54979e-8,
          0.0436193,
          0.999048
        ],
        [
          -7.54979e-8,
          0.999048,
          -0.0436193
        ],
        [
          -1.0,
          -7.21329e-8,
          7.87192e-8
        ],
        [
          -2.33008,
          0.0836945,
          0.0495605
        ]
      ]
    }
  ]
}