[
  {
    "className": "composit"
  },
  {
    "node": {
      "name": "$%det_trench_half_a_snow",
      "tm": [
        [1.0,0.0,0.0],
        [0.0,1.0,0.0],
        [0.0,0.0,1.0],
        [0.0,0.0,0.0]
      ]
    }
  },
  {
    "node": {
      "name": "^ground_decal_dynamic_battlefield_dirt_a",
      "tm": [
        [0.49999,0.0,0.866031],
        [0.0,1.0,0.0],
        [-0.866031,0.0,0.49999],
        [-7.28339,0.00116634,-6.88705]
      ]
    }
  },
  {
    "node": {
      "name": "^ground_decal_dynamic_battlefield_dirt_b",
      "tm": [
        [0.939807,0.0,0.341706],
        [0.0,1.0,0.0],
        [-0.341706,0.0,0.939807],
        [-12.8285,-0.00191021,0.985809]
      ]
    }
  },
  {
    "node": {
      "name": "^ground_decal_dynamic_battlefield_dirt_b",
      "tm": [
        [0.939807,0.0,0.341706],
        [0.0,1.0,0.0],
        [-0.341706,0.0,0.939807],
        [5.15723,-0.000329018,-3.05212]
      ]
    }
  },
  {
    "node": {
      "name": "^ground_decal_dynamic_battlefield_dirt_d",
      "tm": [
        [0.69704,0.0,0.717032],
        [0.0,1.0,0.0],
        [-0.717032,0.0,0.69704],
        [11.016,-0.00144672,5.36569]
      ]
    }
  },
  {
    "node": {
      "name": "^ground_decal_dynamic_battlefield_dirt_c",
      "tm": [
        [0.69704,0.0,0.717032],
        [0.0,1.0,0.0],
        [-0.717032,0.0,0.69704],
        [-1.04004,-0.000297546,6.45258]
      ]
    }
  }
]