[
  {
    "className": "composit"
  },
  {
    "node": {
      "name": "$#det_trench_system_e_snow",
      "tm": [
        [1.0,0.0,0.0],
        [0.0,1.0,0.0],
        [0.0,0.0,1.0],
        [0.0,0.0,0.0]
      ]
    }
  },
  {
    "node": {
      "name": "^ground_decal_dynamic_battlefield_dirt_a",
      "tm": [
        [-0.723594,0.0,0.690226],
        [0.0,1.0,0.0],
        [-0.690226,0.0,-0.723594],
        [0.700012,-0.000768661,-6.25]
      ]
    }
  },
  {
    "node": {
      "name": "^ground_decal_dynamic_battlefield_dirt_b",
      "tm": [
        [-0.723594,0.0,0.690226],
        [0.0,1.0,0.0],
        [-0.690226,0.0,-0.723594],
        [-10.2,-9.15527e-05,-0.75]
      ]
    }
  },
  {
    "node": {
      "name": "^ground_decal_dynamic_battlefield_dirt_b",
      "tm": [
        [0.817775,0.0,0.575538],
        [0.0,1.0,0.0],
        [-0.575538,0.0,0.817775],
        [10.7,-1.71661e-05,-0.149994]
      ]
    }
  },
  {
    "node": {
      "name": "^ground_decal_dynamic_battlefield_dirt_d",
      "tm": [
        [-0.0795866,0.0,0.996828],
        [0.0,1.0,0.0],
        [-0.996828,0.0,-0.0795866],
        [-2.64996,0.000684738,5.54999]
      ]
    }
  }
]