[
  {
    "className": "composit"
  },
  {
    "node": {
      "name": "$%det_trench_half_b_snow",
      "tm": [
        [1.0,0.0,0.0],
        [0.0,1.0,0.0],
        [0.0,0.0,1.0],
        [0.0,0.0,0.0]
      ]
    }
  },
  {
    "node": {
      "name": "^ground_decal_dynamic_battlefield_dirt_d",
      "tm": [
        [-0.356604,0.0,0.934256],
        [0.0,1.0,0.0],
        [-0.934256,0.0,-0.356604],
        [-3.5,-0.000801086,-6.5]
      ]
    }
  },
  {
    "node": {
      "name": "^ground_decal_dynamic_battlefield_dirt_a",
      "tm": [
        [1.0,0.0,0.0],
        [0.0,1.0,0.0],
        [0.0,0.0,1.0],
        [-8.65002,0.000775337,6.29999]
      ]
    }
  },
  {
    "node": {
      "name": "^ground_decal_dynamic_battlefield_dirt_a",
      "tm": [
        [0.654262,0.0,-0.756268],
        [0.0,1.0,0.0],
        [0.756268,0.0,0.654262],
        [6.29999,-0.000542641,-4.39999]
      ]
    }
  },
  {
    "node": {
      "name": "^ground_decal_dynamic_battlefield_dirt_c",
      "tm": [
        [0.654262,0.0,-0.756268],
        [0.0,1.0,0.0],
        [0.756268,0.0,0.654262],
        [0.5,0.000208855,1.70001]
      ]
    }
  },
  {
    "node": {
      "name": "^ground_decal_dynamic_battlefield_dirt_b",
      "tm": [
        [0.654262,0.0,-0.756268],
        [0.0,1.0,0.0],
        [0.756268,0.0,0.654262],
        [10.65,0.00065136,5.29999]
      ]
    }
  },
  {
    "node": {
      "name": "^ground_decal_dynamic_battlefield_dirt_d",
      "tm": [
        [0.903559,0.0,0.428463],
        [0.0,1.0,0.0],
        [-0.428463,0.0,0.903559],
        [-10.65,7.9155e-05,0.649994]
      ]
    }
  }
]