{
  "className": "composit",
  "node": [
    {
      "name": "$#factory_small_building_d_snow_dp_04",
      "tm": [
        [
          -0.742537,
          0.0,
          -0.669804
        ],
        [
          0.0,
          1.0,
          0.0
        ],
        [
          0.669804,
          0.0,
          -0.742537
        ],
        [
          0.0,
          0.0,
          0.0
        ]
      ]
    },
    {
      "name": "$#factory_small_building_d_snow_dp_03",
      "tm": [
        [
          -0.742537,
          0.0,
          -0.669804
        ],
        [
          0.0,
          1.0,
          0.0
        ],
        [
          0.669804,
          0.0,
          -0.742537
        ],
        [
          0.0,
          0.0,
          0.0
        ]
      ]
    },
    {
      "name": "$#factory_small_building_d_snow_dp_02",
      "tm": [
        [
          -0.742537,
          0.0,
          -0.669804
        ],
        [
          0.0,
          1.0,
          0.0
        ],
        [
          0.669804,
          0.0,
          -0.742537
        ],
        [
          0.0,
          0.0,
          0.0
        ]
      ]
    },
    {
      "name": "$#factory_small_building_d_snow_dp_01",
      "tm": [
        [
          -0.742537,
          0.0,
          -0.669804
        ],
        [
          0.0,
          1.0,
          0.0
        ],
        [
          0.669804,
          0.0,
          -0.742537
        ],
        [
          0.0,
          0.0,
          0.0
        ]
      ]
    },
    {
      "name": "$#factory_small_building_d_snow",
      "tm": [
        [
          -0.742537,
          0.0,
          -0.669804
        ],
        [
          0.0,
          1.0,
          0.0
        ],
        [
          0.669804,
          0.0,
          -0.742537
        ],
        [
          0.0,
          0.0,
          0.0
        ]
      ]
    }
  ]
}