{
  "className": "composit",
  "size": [
    170.0,
    170.0
  ],
  "node": [
    {
      "name": "#position",
      "type": "launcher",
      "tm": [
        [
          0.399946,
          0.0,
          -0.916539
        ],
        [
          0.0,
          1.0,
          0.0
        ],
        [
          0.916539,
          0.0,
          0.399946
        ],
        [
          26.3359,
          0.0,
          -137.409
        ]
      ]
    },
    {
      "name": "#position",
      "type": "launcher",
      "tm": [
        [
          0.973559,
          0.0,
          0.228437
        ],
        [
          0.0,
          1.0,
          0.0
        ],
        [
          -0.228437,
          0.0,
          0.973559
        ],
        [
          143.156,
          0.0,
          7.56038
        ]
      ]
    },
    {
      "name": "#position",
      "type": "launcher",
      "tm": [
        [
          0.780961,
          0.0,
          0.62458
        ],
        [
          0.0,
          1.0,
          0.0
        ],
        [
          -0.62458,
          0.0,
          0.780961
        ],
        [
          65.5797,
          0.0,
          120.057
        ]
      ]
    },
    {
      "name": "#position",
      "type": "launcher",
      "tm": [
        [
          -0.358082,
          0.0,
          0.93369
        ],
        [
          0.0,
          1.0,
          0.0
        ],
        [
          -0.93369,
          0.0,
          -0.358082
        ],
        [
          -123.73,
          0.0,
          61.2438
        ]
      ]
    },
    {
      "name": "#position",
      "type": "launcher",
      "tm": [
        [
          -0.747953,
          0.0,
          -0.663752
        ],
        [
          0.0,
          1.0,
          0.0
        ],
        [
          0.663752,
          0.0,
          -0.747953
        ],
        [
          -89.1056,
          0.0,
          -105.331
        ]
      ]
    },
    {
      "name": "#position",
      "type": "launcher",
      "tm": [
        [
          0.666208,
          0.0,
          0.745766
        ],
        [
          0.0,
          1.0,
          0.0
        ],
        [
          -0.745766,
          0.0,
          0.666208
        ],
        [
          113.061,
          0.0,
          78.7791
        ]
      ]
    },
    {
      "name": "#position",
      "type": "tracker_radar",
      "tm": [
        [
          0.631416,
          0.0,
          -0.775445
        ],
        [
          0.0,
          1.0,
          0.0
        ],
        [
          0.775445,
          0.0,
          0.631416
        ],
        [
          59.4071,
          0.0,
          -68.3534
        ]
      ]
    },
    {
      "name": "#position",
      "type": "tracker_radar",
      "tm": [
        [
          0.390971,
          0.0,
          -0.920403
        ],
        [
          0.0,
          1.0,
          0.0
        ],
        [
          0.920403,
          0.0,
          0.390971
        ],
        [
          0.0,
          0.0,
          0.0
        ]
      ]
    },
    {
      "name": "#position",
      "type": "detector_radar",
      "tm": [
        [
          0.831569,
          0.0,
          -0.555421
        ],
        [
          0.0,
          1.0,
          0.0
        ],
        [
          0.555421,
          0.0,
          0.831569
        ],
        [
          -53.8932,
          0.0,
          -47.5884
        ]
      ]
    },
    {
      "name": "#position",
      "type": "detector_radar",
      "tm": [
        [
          0.89589,
          0.0,
          0.444275
        ],
        [
          0.0,
          1.0,
          0.0
        ],
        [
          -0.444275,
          0.0,
          0.89589
        ],
        [
          -34.6226,
          0.0,
          63.6594
        ]
      ]
    }
  ]
}