{
  "className": "composit",
  "size": [
    270.0,
    270.0
  ],
  "node": [
    {
      "name": "ground_level",
      "tm": [
        [
          160.0,
          0.0,
          0.0
        ],
        [
          0.0,
          10.0,
          0.0
        ],
        [
          0.0,
          0.0,
          160.0
        ],
        [
          0.0,
          0.0,
          0.0
        ]
      ]
    },
    {
      "name": "%^^dynBase_s75_mesh",
      "tm": [
        [
          1.0,
          0.0,
          0.0
        ],
        [
          0.0,
          1.0,
          0.0
        ],
        [
          0.0,
          0.0,
          1.0
        ],
        [
          0.0,
          0.0,
          0.0
        ]
      ]
    },
    {
      "name": "%trench_mount_a",
      "tm": [
        [
          1.0,
          0.0,
          0.0
        ],
        [
          0.0,
          1.0,
          0.0
        ],
        [
          0.0,
          0.0,
          1.0
        ],
        [
          0.0,
          0.0,
          0.0
        ]
      ]
    },
    {
      "name": "+NoTreesBox000",
      "tm": [
        [
          250.0,
          0.0,
          0.0
        ],
        [
          0.0,
          20.0,
          0.0
        ],
        [
          0.0,
          0.0,
          250.0
        ],
        [
          0.0,
          0.0,
          0.0
        ]
      ]
    },
    {
      "name": "#position",
      "type": "launcher",
      "tm": [
        [
          0.168481,
          0.0,
          0.985705
        ],
        [
          0.0,
          1.0,
          0.0
        ],
        [
          -0.985705,
          0.0,
          0.168481
        ],
        [
          -9.03486,
          0.0,
          44.8274
        ]
      ]
    },
    {
      "name": "#position",
      "type": "launcher",
      "tm": [
        [
          0.815777,
          0.0,
          0.578366
        ],
        [
          0.0,
          1.0,
          0.0
        ],
        [
          -0.578366,
          0.0,
          0.815777
        ],
        [
          36.1631,
          0.0,
          31.6728
        ]
      ]
    },
    {
      "name": "#position",
      "type": "launcher",
      "tm": [
        [
          0.999573,
          0.0,
          0.0292299
        ],
        [
          0.0,
          1.0,
          0.0
        ],
        [
          -0.0292299,
          0.0,
          0.999573
        ],
        [
          48.3506,
          3.0,
          -16.964
        ]
      ]
    },
    {
      "name": "#position",
      "type": "launcher",
      "tm": [
        [
          0.334244,
          0.0,
          -0.942487
        ],
        [
          0.0,
          1.0,
          0.0
        ],
        [
          0.942487,
          0.0,
          0.334244
        ],
        [
          15.0715,
          3.0,
          -50.9389
        ]
      ]
    },
    {
      "name": "#position",
      "type": "launcher",
      "tm": [
        [
          -0.711289,
          0.0,
          -0.7029
        ],
        [
          0.0,
          1.0,
          0.0
        ],
        [
          0.7029,
          0.0,
          -0.711289
        ],
        [
          -26.249,
          3.0,
          -36.5748
        ]
      ]
    },
    {
      "name": "#position",
      "type": "launcher",
      "tm": [
        [
          -0.877828,
          0.0,
          0.478976
        ],
        [
          0.0,
          1.0,
          0.0
        ],
        [
          -0.478976,
          0.0,
          -0.877828
        ],
        [
          -36.7705,
          3.0,
          12.1861
        ]
      ]
    },
    {
      "name": "#position",
      "type": "tracker_radar",
      "tm": [
        [
          -0.965926,
          0.0,
          0.258819
        ],
        [
          0.0,
          1.0,
          0.0
        ],
        [
          -0.258819,
          0.0,
          -0.965926
        ],
        [
          -4.52026,
          0.0,
          -19.6456
        ]
      ]
    },
    {
      "name": "#position",
      "type": "detector_radar",
      "tm": [
        [
          -0.469472,
          0.0,
          -0.882948
        ],
        [
          0.0,
          1.0,
          0.0
        ],
        [
          0.882948,
          0.0,
          -0.469472
        ],
        [
          -15.6544,
          0.0,
          2.99901
        ]
      ]
    }
  ]
}