{
  "className": "composit",
  "size": [
    1024.0,
    256.0
  ],
  "airfield": {
    "start": [
      456.0,
      0.0,
      45.0
    ],
    "end": [
      -456.0,
      0.0,
      45.0
    ],
    "width": 80.0,
    "spawn": [
      [
        317.0,
        0.0,
        36.0
      ],
      [
        330.0,
        0.0,
        61.0
      ],
      [
        341.0,
        0.0,
        36.0
      ],
      [
        353.0,
        0.0,
        61.0
      ],
      [
        364.0,
        0.0,
        36.0
      ],
      [
        377.0,
        0.0,
        61.0
      ],
      [
        388.0,
        0.0,
        36.0
      ],
      [
        400.0,
        0.0,
        61.0
      ],
      [
        413.0,
        0.0,
        36.0
      ],
      [
        426.0,
        0.0,
        61.0
      ],
      [
        439.0,
        0.0,
        36.0
      ],
      [
        452.0,
        0.0,
        61.0
      ],
      [
        465.0,
        0.0,
        36.0
      ],
      [
        478.0,
        0.0,
        61.0
      ],
      [
        491.0,
        0.0,
        36.0
      ],
      [
        504.0,
        0.0,
        61.0
      ]
    ],
    "repairTags": {
      "type_attack_helicopter": false,
      "type_utility_helicopter": false
    }
  },
  "node": [
    {
      "name": "^^dynaf_sicily_ally_mesh",
      "tm": [
        [
          1.0,
          0.0,
          0.0
        ],
        [
          0.0,
          1.0,
          0.0
        ],
        [
          0.0,
          0.0,
          1.0
        ],
        [
          0.0,
          0.0,
          0.0
        ]
      ]
    },
    {
      "name": "++NoTreesBox000",
      "tm": [
        [
          1100.0,
          0.0,
          0.0
        ],
        [
          0.0,
          100.0,
          0.0
        ],
        [
          0.0,
          0.0,
          300.0
        ],
        [
          0.0,
          -30.0,
          0.0
        ]
      ]
    },
    {
      "name": "++NoTreesBox001",
      "tm": [
        [
          790.0,
          0.0,
          0.0
        ],
        [
          0.0,
          100.0,
          0.0
        ],
        [
          0.0,
          0.0,
          190.0
        ],
        [
          -5.0,
          -30.0,
          8.0
        ]
      ]
    },
    {
      "name": "britain_hangar_2_rendinst",
      "tm": [
        [
          1.0,
          0.0,
          0.0
        ],
        [
          0.0,
          1.0,
          0.0
        ],
        [
          0.0,
          0.0,
          1.0
        ],
        [
          -177.116,
          0.0,
          -50.4714
        ]
      ]
    },
    {
      "name": "britain_control_tower_1_rendinst",
      "tm": [
        [
          0.997542,
          0.0,
          0.070075
        ],
        [
          -1.00243e-7,
          1.0,
          0.00000142699
        ],
        [
          -0.070075,
          -0.00000143051,
          0.997542
        ],
        [
          247.679,
          0.0,
          -70.2676
        ]
      ]
    },
    {
      "name": "britain_airfield_maintenence_rendinst",
      "tm": [
        [
          0.984808,
          0.0,
          -0.173648
        ],
        [
          0.0,
          1.0,
          0.0
        ],
        [
          0.173648,
          0.0,
          0.984808
        ],
        [
          121.428,
          0.0,
          -97.7676
        ]
      ]
    },
    {
      "name": "britain_army_tent_rendinst",
      "tm": [
        [
          1.0,
          0.0,
          0.0
        ],
        [
          0.0,
          1.0,
          0.0
        ],
        [
          0.0,
          0.0,
          1.0
        ],
        [
          -13.4063,
          0.0,
          -58.7236
        ]
      ]
    },
    {
      "name": "britain_tent_2_rendinst",
      "tm": [
        [
          0.707107,
          0.0,
          0.707107
        ],
        [
          0.0,
          1.0,
          0.0
        ],
        [
          -0.707107,
          0.0,
          0.707107
        ],
        [
          8.97849,
          0.0,
          -28.6682
        ]
      ]
    },
    {
      "name": "britain_tent_1_rendinst",
      "tm": [
        [
          0.939692,
          0.0,
          -0.34202
        ],
        [
          0.0,
          1.0,
          0.0
        ],
        [
          0.34202,
          0.0,
          0.939692
        ],
        [
          -0.843445,
          0.0,
          -27.5751
        ]
      ]
    },
    {
      "name": "barrels_rendinst",
      "tm": [
        [
          1.0,
          0.0,
          0.0
        ],
        [
          0.0,
          1.0,
          0.0
        ],
        [
          0.0,
          0.0,
          1.0
        ],
        [
          134.649,
          0.0,
          -87.2369
        ]
      ]
    },
    {
      "name": "boxes_rendinst",
      "tm": [
        [
          1.0,
          -6.19424e-8,
          0.0
        ],
        [
          6.19424e-8,
          1.0,
          0.0
        ],
        [
          0.0,
          0.0,
          1.0
        ],
        [
          66.1368,
          0.0,
          -71.1433
        ]
      ]
    },
    {
      "name": "britain_windvane_rendinst",
      "tm": [
        [
          -0.984269,
          0.0,
          0.176673
        ],
        [
          0.0,
          1.0,
          0.0
        ],
        [
          -0.176673,
          0.0,
          -0.984269
        ],
        [
          317.284,
          0.0,
          4.97265
        ]
      ]
    },
    {
      "name": "boxes_rendinst",
      "tm": [
        [
          -0.642788,
          -6.19424e-8,
          -0.766044
        ],
        [
          -3.98158e-8,
          1.0,
          -4.74506e-8
        ],
        [
          0.766044,
          1.77636e-15,
          -0.642788
        ],
        [
          64.4803,
          0.0,
          -72.5791
        ]
      ]
    },
    {
      "name": "britain_big_army_tent_rendinst",
      "tm": [
        [
          1.0,
          0.0,
          0.0
        ],
        [
          0.0,
          1.0,
          0.0
        ],
        [
          0.0,
          0.0,
          1.0
        ],
        [
          -2.08485,
          0.0,
          -42.7074
        ]
      ]
    },
    {
      "name": "britain_trailer_rendinst",
      "tm": [
        [
          1.0,
          0.0,
          0.0
        ],
        [
          0.0,
          1.0,
          0.0
        ],
        [
          0.0,
          0.0,
          1.0
        ],
        [
          130.338,
          0.0,
          -40.6759
        ]
      ]
    },
    {
      "name": "britain_trailer_rendinst",
      "tm": [
        [
          0.984808,
          0.0,
          0.173648
        ],
        [
          0.0,
          1.0,
          0.0
        ],
        [
          -0.173648,
          0.0,
          0.984808
        ],
        [
          125.147,
          0.0,
          -38.1723
        ]
      ]
    },
    {
      "name": "britain_trailer_rendinst",
      "tm": [
        [
          0.984808,
          0.0,
          -0.173648
        ],
        [
          0.0,
          1.0,
          0.0
        ],
        [
          0.173648,
          0.0,
          0.984808
        ],
        [
          118.659,
          0.0,
          -38.1236
        ]
      ]
    },
    {
      "name": "britain_tent_1_rendinst",
      "tm": [
        [
          0.422618,
          0.0,
          -0.906308
        ],
        [
          0.0,
          1.0,
          0.0
        ],
        [
          0.906308,
          0.0,
          0.422618
        ],
        [
          18.7588,
          0.0,
          -30.4656
        ]
      ]
    },
    {
      "name": "britain_tent_1_rendinst",
      "tm": [
        [
          0.866025,
          0.0,
          0.5
        ],
        [
          0.0,
          1.0,
          0.0
        ],
        [
          -0.5,
          0.0,
          0.866025
        ],
        [
          -15.2094,
          0.0,
          -32.2564
        ]
      ]
    },
    {
      "name": "britain_tent_1_rendinst",
      "tm": [
        [
          -0.258819,
          0.0,
          0.965926
        ],
        [
          0.0,
          1.0,
          0.0
        ],
        [
          -0.965926,
          0.0,
          -0.258819
        ],
        [
          -18.6188,
          0.0,
          -47.7115
        ]
      ]
    },
    {
      "name": "britain_tent_2_rendinst",
      "tm": [
        [
          -0.258819,
          0.0,
          0.965926
        ],
        [
          0.0,
          1.0,
          0.0
        ],
        [
          -0.965926,
          0.0,
          -0.258819
        ],
        [
          -9.77963,
          0.0,
          -23.3446
        ]
      ]
    },
    {
      "name": "britain_army_tent_rendinst",
      "tm": [
        [
          1.0,
          0.0,
          0.0
        ],
        [
          0.0,
          1.0,
          0.0
        ],
        [
          0.0,
          0.0,
          1.0
        ],
        [
          -22.6668,
          0.0,
          -38.9773
        ]
      ]
    },
    {
      "name": "britain_tent_2_rendinst",
      "tm": [
        [
          0.422618,
          0.0,
          -0.906308
        ],
        [
          0.0,
          1.0,
          0.0
        ],
        [
          0.906308,
          0.0,
          0.422618
        ],
        [
          2.69931,
          0.0,
          -58.9174
        ]
      ]
    },
    {
      "name": "britain_army_tent_rendinst",
      "tm": [
        [
          0.573576,
          0.0,
          0.819152
        ],
        [
          0.0,
          1.0,
          0.0
        ],
        [
          -0.819152,
          0.0,
          0.573576
        ],
        [
          -3.08933,
          0.0,
          -61.7163
        ]
      ]
    },
    {
      "name": "britain_tent_1_rendinst",
      "tm": [
        [
          0.34202,
          0.0,
          0.939693
        ],
        [
          0.0,
          1.0,
          0.0
        ],
        [
          -0.939693,
          0.0,
          0.34202
        ],
        [
          16.0488,
          0.0,
          -51.3377
        ]
      ]
    },
    {
      "name": "barrels_rendinst",
      "tm": [
        [
          0.906308,
          0.0,
          -0.422618
        ],
        [
          0.0,
          1.0,
          0.0
        ],
        [
          0.422618,
          0.0,
          0.906308
        ],
        [
          85.9218,
          0.0,
          -56.0465
        ]
      ]
    },
    {
      "name": "britain_control_tower_1_rendinst",
      "tm": [
        [
          -0.104211,
          0.0,
          -0.994555
        ],
        [
          0.00000142272,
          1.0,
          -1.49074e-7
        ],
        [
          0.994555,
          -0.00000143051,
          -0.104211
        ],
        [
          -459.494,
          0.0,
          1.4839
        ]
      ]
    },
    {
      "name": "britain_tent_1_rendinst",
      "tm": [
        [
          -0.996195,
          0.0,
          0.0871559
        ],
        [
          0.0,
          1.0,
          0.0
        ],
        [
          -0.0871559,
          0.0,
          -0.996195
        ],
        [
          -45.6968,
          0.0,
          -65.5337
        ]
      ]
    },
    {
      "name": "britain_tent_2_rendinst",
      "tm": [
        [
          -0.984808,
          0.0,
          0.173648
        ],
        [
          0.0,
          1.0,
          0.0
        ],
        [
          -0.173648,
          0.0,
          -0.984808
        ],
        [
          -42.9302,
          0.0,
          -55.0298
        ]
      ]
    },
    {
      "name": "britain_army_tent_rendinst",
      "tm": [
        [
          1.0,
          0.0,
          0.0
        ],
        [
          0.0,
          1.0,
          0.0
        ],
        [
          0.0,
          0.0,
          1.0
        ],
        [
          -35.0038,
          0.0,
          -46.2116
        ]
      ]
    },
    {
      "name": "britain_tent_1_rendinst",
      "tm": [
        [
          0.984808,
          0.0,
          -0.173648
        ],
        [
          0.0,
          1.0,
          0.0
        ],
        [
          0.173648,
          0.0,
          0.984808
        ],
        [
          -38.2951,
          0.0,
          -16.9086
        ]
      ]
    },
    {
      "name": "britain_tent_2_rendinst",
      "tm": [
        [
          0.0871558,
          0.0,
          0.996195
        ],
        [
          0.0,
          1.0,
          0.0
        ],
        [
          -0.996195,
          0.0,
          0.0871558
        ],
        [
          -30.8366,
          0.0,
          -17.8809
        ]
      ]
    },
    {
      "name": "britain_tent_1_rendinst",
      "tm": [
        [
          0.984808,
          0.0,
          -0.173648
        ],
        [
          0.0,
          1.0,
          0.0
        ],
        [
          0.173648,
          0.0,
          0.984808
        ],
        [
          -21.9225,
          0.0,
          -18.475
        ]
      ]
    },
    {
      "name": "boxes_rendinst",
      "tm": [
        [
          0.965926,
          -6.19424e-8,
          -0.258819
        ],
        [
          5.98317e-8,
          1.0,
          -1.60319e-8
        ],
        [
          0.258819,
          3.55271e-15,
          0.965926
        ],
        [
          -27.1203,
          0.0,
          -30.7732
        ]
      ]
    },
    {
      "name": "boxes_rendinst",
      "tm": [
        [
          -0.573576,
          -6.19424e-8,
          0.819152
        ],
        [
          -3.55287e-8,
          1.0,
          5.07403e-8
        ],
        [
          -0.819152,
          0.0,
          -0.573576
        ],
        [
          -32.0333,
          0.0,
          -34.6912
        ]
      ]
    },
    {
      "name": "boxes_rendinst",
      "tm": [
        [
          -0.819152,
          -6.19424e-8,
          -0.573576
        ],
        [
          -5.07402e-8,
          1.0,
          -3.55287e-8
        ],
        [
          0.573576,
          7.10543e-15,
          -0.819152
        ],
        [
          -28.7767,
          0.0,
          -32.209
        ]
      ]
    },
    {
      "name": "boxes_rendinst",
      "tm": [
        [
          -0.965926,
          -6.19424e-8,
          0.258819
        ],
        [
          -5.98317e-8,
          1.0,
          1.60319e-8
        ],
        [
          -0.258819,
          3.55271e-15,
          -0.965926
        ],
        [
          -35.2053,
          0.0,
          -24.9096
        ]
      ]
    },
    {
      "name": "boxes_rendinst",
      "tm": [
        [
          -0.5,
          -6.19424e-8,
          -0.866025
        ],
        [
          -3.09712e-8,
          1.0,
          -5.36437e-8
        ],
        [
          0.866025,
          0.0,
          -0.5
        ],
        [
          -37.8372,
          0.0,
          -30.877
        ]
      ]
    },
    {
      "name": "boxes_rendinst",
      "tm": [
        [
          0.819152,
          -6.19424e-8,
          0.573576
        ],
        [
          5.07402e-8,
          1.0,
          3.55287e-8
        ],
        [
          -0.573576,
          0.0,
          0.819152
        ],
        [
          -36.8618,
          0.0,
          -26.3454
        ]
      ]
    },
    {
      "name": "britain_trailer_rendinst",
      "tm": [
        [
          1.0,
          0.0,
          5.96046e-8
        ],
        [
          0.0,
          1.0,
          0.0
        ],
        [
          -5.96046e-8,
          0.0,
          1.0
        ],
        [
          -48.9074,
          0.0,
          -49.0736
        ]
      ]
    },
    {
      "name": "britain_observ_post_2_rendinst",
      "tm": [
        [
          1.0,
          0.0,
          0.0
        ],
        [
          0.0,
          1.0,
          0.0
        ],
        [
          0.0,
          0.0,
          1.0
        ],
        [
          -151.973,
          0.0,
          -2.04579
        ]
      ]
    },
    {
      "name": "britain_weapon_empl_rendinst",
      "tm": [
        [
          1.0,
          0.0,
          0.0
        ],
        [
          0.0,
          1.0,
          0.0
        ],
        [
          0.0,
          0.0,
          1.0
        ],
        [
          262.157,
          0.0,
          -59.5139
        ]
      ]
    },
    {
      "name": "britain_hangar_3_rendinst",
      "tm": [
        [
          0.34202,
          0.0,
          0.939693
        ],
        [
          0.0,
          1.0,
          0.0
        ],
        [
          -0.939693,
          0.0,
          0.34202
        ],
        [
          276.361,
          0.0,
          -84.4279
        ]
      ]
    },
    {
      "name": "britain_army_tent_rendinst",
      "tm": [
        [
          1.0,
          0.0,
          0.0
        ],
        [
          0.0,
          1.0,
          0.0
        ],
        [
          0.0,
          0.0,
          1.0
        ],
        [
          -292.301,
          0.0,
          -74.4348
        ]
      ]
    },
    {
      "name": "britain_tent_2_rendinst",
      "tm": [
        [
          0.707107,
          0.0,
          0.707107
        ],
        [
          0.0,
          1.0,
          0.0
        ],
        [
          -0.707107,
          0.0,
          0.707107
        ],
        [
          -267.692,
          0.0,
          -44.7838
        ]
      ]
    },
    {
      "name": "britain_tent_1_rendinst",
      "tm": [
        [
          0.939692,
          0.0,
          -0.34202
        ],
        [
          0.0,
          1.0,
          0.0
        ],
        [
          0.34202,
          0.0,
          0.939692
        ],
        [
          -277.311,
          0.0,
          -41.4662
        ]
      ]
    },
    {
      "name": "britain_big_army_tent_rendinst",
      "tm": [
        [
          1.0,
          0.0,
          0.0
        ],
        [
          0.0,
          1.0,
          0.0
        ],
        [
          0.0,
          0.0,
          1.0
        ],
        [
          -279.35,
          0.0,
          -56.5704
        ]
      ]
    },
    {
      "name": "britain_tent_1_rendinst",
      "tm": [
        [
          0.866025,
          0.0,
          0.5
        ],
        [
          0.0,
          1.0,
          0.0
        ],
        [
          -0.5,
          0.0,
          0.866025
        ],
        [
          -293.041,
          0.0,
          -44.687
        ]
      ]
    },
    {
      "name": "britain_tent_1_rendinst",
      "tm": [
        [
          0.819152,
          0.0,
          0.573576
        ],
        [
          0.0,
          1.0,
          0.0
        ],
        [
          -0.573576,
          0.0,
          0.819152
        ],
        [
          -273.076,
          0.0,
          -72.1041
        ]
      ]
    },
    {
      "name": "britain_tent_2_rendinst",
      "tm": [
        [
          -0.258819,
          0.0,
          0.965926
        ],
        [
          0.0,
          1.0,
          0.0
        ],
        [
          -0.965926,
          0.0,
          -0.258819
        ],
        [
          -285.843,
          0.0,
          -38.0447
        ]
      ]
    },
    {
      "name": "britain_army_tent_rendinst",
      "tm": [
        [
          1.0,
          0.0,
          0.0
        ],
        [
          0.0,
          1.0,
          0.0
        ],
        [
          0.0,
          0.0,
          1.0
        ],
        [
          -299.539,
          0.0,
          -53.6773
        ]
      ]
    },
    {
      "name": "britain_tent_2_rendinst",
      "tm": [
        [
          0.766045,
          0.0,
          -0.642788
        ],
        [
          0.0,
          1.0,
          0.0
        ],
        [
          0.642788,
          0.0,
          0.766045
        ],
        [
          -267.176,
          0.0,
          -67.4017
        ]
      ]
    },
    {
      "name": "britain_army_tent_rendinst",
      "tm": [
        [
          0.573576,
          0.0,
          0.819152
        ],
        [
          0.0,
          1.0,
          0.0
        ],
        [
          -0.819152,
          0.0,
          0.573576
        ],
        [
          -281.782,
          0.0,
          -76.4164
        ]
      ]
    },
    {
      "name": "britain_tent_1_rendinst",
      "tm": [
        [
          0.34202,
          0.0,
          0.939693
        ],
        [
          0.0,
          1.0,
          0.0
        ],
        [
          -0.939693,
          0.0,
          0.34202
        ],
        [
          -262.982,
          0.0,
          -61.1472
        ]
      ]
    },
    {
      "name": "boxes_rendinst",
      "tm": [
        [
          -0.5,
          -6.19424e-8,
          -0.866025
        ],
        [
          -3.09712e-8,
          1.0,
          -5.36437e-8
        ],
        [
          0.866025,
          0.0,
          -0.5
        ],
        [
          -317.285,
          0.0,
          -60.9035
        ]
      ]
    },
    {
      "name": "britain_tent_1_rendinst",
      "tm": [
        [
          0.984808,
          0.0,
          -0.173648
        ],
        [
          0.0,
          1.0,
          0.0
        ],
        [
          0.173648,
          0.0,
          0.984808
        ],
        [
          -329.056,
          0.0,
          -47.9005
        ]
      ]
    },
    {
      "name": "britain_tent_2_rendinst",
      "tm": [
        [
          0.0871558,
          0.0,
          0.996195
        ],
        [
          0.0,
          1.0,
          0.0
        ],
        [
          -0.996195,
          0.0,
          0.0871558
        ],
        [
          -311.792,
          0.0,
          -81.2634
        ]
      ]
    },
    {
      "name": "britain_tent_1_rendinst",
      "tm": [
        [
          0.984808,
          0.0,
          -0.173648
        ],
        [
          0.0,
          1.0,
          0.0
        ],
        [
          0.173648,
          0.0,
          0.984808
        ],
        [
          -319.326,
          0.0,
          -79.9989
        ]
      ]
    },
    {
      "name": "boxes_rendinst",
      "tm": [
        [
          0.965926,
          -6.19424e-8,
          -0.258819
        ],
        [
          5.98317e-8,
          1.0,
          -1.60319e-8
        ],
        [
          0.258819,
          3.55271e-15,
          0.965926
        ],
        [
          -305.99,
          0.0,
          -44.4426
        ]
      ]
    },
    {
      "name": "boxes_rendinst",
      "tm": [
        [
          -0.573576,
          -6.19424e-8,
          0.819152
        ],
        [
          -3.55287e-8,
          1.0,
          5.07403e-8
        ],
        [
          -0.819152,
          0.0,
          -0.573576
        ],
        [
          -310.903,
          0.0,
          -48.3605
        ]
      ]
    },
    {
      "name": "boxes_rendinst",
      "tm": [
        [
          -0.819152,
          -6.19424e-8,
          -0.573576
        ],
        [
          -5.07402e-8,
          1.0,
          -3.55287e-8
        ],
        [
          0.573576,
          7.10543e-15,
          -0.819152
        ],
        [
          -322.018,
          0.0,
          -55.5913
        ]
      ]
    },
    {
      "name": "boxes_rendinst",
      "tm": [
        [
          0.819152,
          -6.19424e-8,
          0.573576
        ],
        [
          5.07402e-8,
          1.0,
          3.55287e-8
        ],
        [
          -0.573576,
          0.0,
          0.819152
        ],
        [
          -315.731,
          0.0,
          -40.0147
        ]
      ]
    },
    {
      "name": "britain_army_tent_rendinst",
      "tm": [
        [
          1.0,
          0.0,
          0.0
        ],
        [
          0.0,
          1.0,
          0.0
        ],
        [
          0.0,
          0.0,
          1.0
        ],
        [
          -352.196,
          0.0,
          -74.3184
        ]
      ]
    },
    {
      "name": "britain_army_tent_rendinst",
      "tm": [
        [
          -0.422618,
          0.0,
          -0.906308
        ],
        [
          0.0,
          1.0,
          0.0
        ],
        [
          0.906308,
          0.0,
          -0.422618
        ],
        [
          -393.646,
          0.0,
          -34.4331
        ]
      ]
    },
    {
      "name": "britain_tent_2_rendinst",
      "tm": [
        [
          0.34202,
          0.0,
          -0.939693
        ],
        [
          0.0,
          1.0,
          0.0
        ],
        [
          0.939693,
          0.0,
          0.34202
        ],
        [
          -376.566,
          0.0,
          -68.143
        ]
      ]
    },
    {
      "name": "britain_tent_1_rendinst",
      "tm": [
        [
          -0.707107,
          0.0,
          -0.707107
        ],
        [
          0.0,
          1.0,
          0.0
        ],
        [
          0.707107,
          0.0,
          -0.707107
        ],
        [
          -370.878,
          0.0,
          -60.8845
        ]
      ]
    },
    {
      "name": "britain_big_army_tent_rendinst",
      "tm": [
        [
          -0.422618,
          0.0,
          -0.906308
        ],
        [
          0.0,
          1.0,
          0.0
        ],
        [
          0.906308,
          0.0,
          -0.422618
        ],
        [
          -383.034,
          0.0,
          -51.9564
        ]
      ]
    },
    {
      "name": "britain_tent_1_rendinst",
      "tm": [
        [
          0.087156,
          0.0,
          -0.996195
        ],
        [
          0.0,
          1.0,
          0.0
        ],
        [
          0.996195,
          0.0,
          0.087156
        ],
        [
          -365.746,
          0.0,
          -45.6098
        ]
      ]
    },
    {
      "name": "britain_tent_1_rendinst",
      "tm": [
        [
          0.707107,
          0.0,
          -0.707107
        ],
        [
          0.0,
          1.0,
          0.0
        ],
        [
          0.707107,
          0.0,
          0.707107
        ],
        [
          -399.26,
          0.0,
          -64.1727
        ]
      ]
    },
    {
      "name": "britain_tent_2_rendinst",
      "tm": [
        [
          0.984808,
          0.0,
          -0.173648
        ],
        [
          0.0,
          1.0,
          0.0
        ],
        [
          0.173648,
          0.0,
          0.984808
        ],
        [
          -362.272,
          0.0,
          -53.9435
        ]
      ]
    },
    {
      "name": "britain_army_tent_rendinst",
      "tm": [
        [
          0.5,
          0.0,
          -0.866025
        ],
        [
          0.0,
          1.0,
          0.0
        ],
        [
          0.866025,
          0.0,
          0.5
        ],
        [
          -400.909,
          0.0,
          -42.1585
        ]
      ]
    },
    {
      "name": "britain_tent_2_rendinst",
      "tm": [
        [
          -1.0,
          0.0,
          -1.50996e-7
        ],
        [
          0.0,
          1.0,
          0.0
        ],
        [
          1.50996e-7,
          0.0,
          -1.0
        ],
        [
          -401.074,
          0.0,
          -49.4478
        ]
      ]
    },
    {
      "name": "britain_tent_1_rendinst",
      "tm": [
        [
          0.984808,
          0.0,
          -0.173648
        ],
        [
          0.0,
          1.0,
          0.0
        ],
        [
          0.173648,
          0.0,
          0.984808
        ],
        [
          -381.108,
          0.0,
          -33.4962
        ]
      ]
    },
    {
      "name": "britain_army_tent_rendinst",
      "tm": [
        [
          -0.422618,
          0.0,
          -0.906308
        ],
        [
          0.0,
          1.0,
          0.0
        ],
        [
          0.906308,
          0.0,
          -0.422618
        ],
        [
          -371.852,
          0.0,
          -36.9384
        ]
      ]
    },
    {
      "name": "britain_army_tent_rendinst",
      "tm": [
        [
          1.0,
          0.0,
          0.0
        ],
        [
          0.0,
          1.0,
          0.0
        ],
        [
          0.0,
          0.0,
          1.0
        ],
        [
          -348.523,
          0.0,
          -62.7194
        ]
      ]
    },
    {
      "name": "britain_army_tent_rendinst",
      "tm": [
        [
          1.0,
          0.0,
          0.0
        ],
        [
          0.0,
          1.0,
          0.0
        ],
        [
          0.0,
          0.0,
          1.0
        ],
        [
          -350.211,
          0.0,
          -37.3613
        ]
      ]
    },
    {
      "name": "britain_control_tower_1_rendinst",
      "tm": [
        [
          -0.0700752,
          0.0,
          0.997542
        ],
        [
          -0.00000142699,
          1.0,
          -1.00243e-7
        ],
        [
          -0.997542,
          -0.00000143051,
          -0.0700752
        ],
        [
          -14.673,
          0.0,
          94.0619
        ]
      ]
    },
    {
      "name": "barrels_rendinst",
      "tm": [
        [
          0.941706,
          0.0,
          -0.336437
        ],
        [
          0.0,
          1.0,
          0.0
        ],
        [
          0.336437,
          0.0,
          0.941706
        ],
        [
          227.38,
          0.0,
          -51.1793
        ]
      ]
    },
    {
      "name": "barrels_rendinst",
      "tm": [
        [
          0.996195,
          0.0,
          0.0871558
        ],
        [
          0.0,
          1.0,
          0.0
        ],
        [
          -0.0871558,
          0.0,
          0.996195
        ],
        [
          226.482,
          0.0,
          -63.065
        ]
      ]
    },
    {
      "name": "britain_army_tent_rendinst",
      "tm": [
        [
          0.310186,
          0.0,
          0.950676
        ],
        [
          0.0,
          1.0,
          0.0
        ],
        [
          -0.950676,
          0.0,
          0.310186
        ],
        [
          377.975,
          0.0,
          -48.25
        ]
      ]
    },
    {
      "name": "britain_tent_2_rendinst",
      "tm": [
        [
          -0.452894,
          0.0,
          0.891564
        ],
        [
          0.0,
          1.0,
          0.0
        ],
        [
          -0.891564,
          0.0,
          -0.452894
        ],
        [
          357.086,
          0.0,
          -9.88669
        ]
      ]
    },
    {
      "name": "britain_tent_1_rendinst",
      "tm": [
        [
          0.61663,
          0.0,
          0.787253
        ],
        [
          0.0,
          1.0,
          0.0
        ],
        [
          -0.787253,
          0.0,
          0.61663
        ],
        [
          342.428,
          0.0,
          -14.6162
        ]
      ]
    },
    {
      "name": "britain_big_army_tent_rendinst",
      "tm": [
        [
          -0.78471,
          0.0,
          0.619863
        ],
        [
          0.0,
          1.0,
          0.0
        ],
        [
          -0.619863,
          0.0,
          -0.78471
        ],
        [
          364.121,
          0.0,
          -30.1643
        ]
      ]
    },
    {
      "name": "britain_tent_1_rendinst",
      "tm": [
        [
          0.278589,
          0.0,
          0.96041
        ],
        [
          0.0,
          1.0,
          0.0
        ],
        [
          -0.96041,
          0.0,
          0.278589
        ],
        [
          383.763,
          0.0,
          -37.0427
        ]
      ]
    },
    {
      "name": "britain_tent_1_rendinst",
      "tm": [
        [
          -0.206708,
          0.0,
          0.978402
        ],
        [
          0.0,
          1.0,
          0.0
        ],
        [
          -0.978402,
          0.0,
          -0.206708
        ],
        [
          345.17,
          0.0,
          -44.9171
        ]
      ]
    },
    {
      "name": "britain_tent_1_rendinst",
      "tm": [
        [
          -0.787253,
          0.0,
          0.61663
        ],
        [
          0.0,
          1.0,
          0.0
        ],
        [
          -0.61663,
          0.0,
          -0.787253
        ],
        [
          378.599,
          0.0,
          -17.5449
        ]
      ]
    },
    {
      "name": "britain_tent_2_rendinst",
      "tm": [
        [
          -0.998564,
          0.0,
          0.0535641
        ],
        [
          0.0,
          1.0,
          0.0
        ],
        [
          -0.0535641,
          0.0,
          -0.998564
        ],
        [
          330.375,
          0.0,
          -30.5907
        ]
      ]
    },
    {
      "name": "britain_army_tent_rendinst",
      "tm": [
        [
          -0.600832,
          0.0,
          0.799375
        ],
        [
          0.0,
          1.0,
          0.0
        ],
        [
          -0.799375,
          0.0,
          -0.600832
        ],
        [
          389.079,
          0.0,
          -18.9163
        ]
      ]
    },
    {
      "name": "britain_tent_2_rendinst",
      "tm": [
        [
          0.992695,
          0.0,
          0.120649
        ],
        [
          0.0,
          1.0,
          0.0
        ],
        [
          -0.120649,
          0.0,
          0.992695
        ],
        [
          383.786,
          0.0,
          -27.1718
        ]
      ]
    },
    {
      "name": "britain_tent_1_rendinst",
      "tm": [
        [
          -0.998564,
          0.0,
          0.0535643
        ],
        [
          0.0,
          1.0,
          0.0
        ],
        [
          -0.0535643,
          0.0,
          -0.998564
        ],
        [
          365.213,
          0.0,
          -49.8963
        ]
      ]
    },
    {
      "name": "britain_army_tent_rendinst",
      "tm": [
        [
          0.310186,
          0.0,
          0.950676
        ],
        [
          0.0,
          1.0,
          0.0
        ],
        [
          -0.950676,
          0.0,
          0.310186
        ],
        [
          355.602,
          0.0,
          -49.1886
        ]
      ]
    },
    {
      "name": "britain_tent_1_rendinst",
      "tm": [
        [
          0.470557,
          0.0,
          0.88237
        ],
        [
          0.0,
          1.0,
          0.0
        ],
        [
          -0.88237,
          0.0,
          0.470557
        ],
        [
          337.139,
          0.0,
          -42.8898
        ]
      ]
    },
    {
      "name": "britain_trailer_rendinst",
      "tm": [
        [
          0.999901,
          0.0,
          0.0140571
        ],
        [
          0.0,
          1.0,
          0.0
        ],
        [
          -0.0140571,
          0.0,
          0.999901
        ],
        [
          -147.467,
          0.0,
          -59.6431
        ]
      ]
    },
    {
      "name": "britain_army_tent_rendinst",
      "tm": [
        [
          0.310186,
          0.0,
          0.950676
        ],
        [
          0.0,
          1.0,
          0.0
        ],
        [
          -0.950676,
          0.0,
          0.310186
        ],
        [
          -6.88999,
          0.0,
          100.886
        ]
      ]
    },
    {
      "name": "britain_tent_2_rendinst",
      "tm": [
        [
          0.0191715,
          0.0,
          0.999816
        ],
        [
          0.0,
          1.0,
          0.0
        ],
        [
          -0.999816,
          0.0,
          0.0191715
        ],
        [
          -26.9409,
          0.0,
          104.896
        ]
      ]
    },
    {
      "name": "britain_tent_2_rendinst",
      "tm": [
        [
          0.0191715,
          0.0,
          0.999816
        ],
        [
          0.0,
          1.0,
          0.0
        ],
        [
          -0.999816,
          0.0,
          0.0191715
        ],
        [
          -19.4242,
          0.0,
          105.098
        ]
      ]
    },
    {
      "name": "britain_control_tower_1_rendinst",
      "tm": [
        [
          0.948296,
          -1.42109e-14,
          -0.317386
        ],
        [
          4.54024e-7,
          1.0,
          0.00000135655
        ],
        [
          0.317386,
          -0.00000143051,
          0.948296
        ],
        [
          459.494,
          0.0,
          -41.0215
        ]
      ]
    }
  ],
  "node1": {
    "name": "boxes_rendinst",
    "tm": [
      [
        -0.965926,
        -6.19424e-8,
        0.258819
      ],
      [
        -5.98317e-8,
        1.0,
        1.60319e-8
      ],
      [
        -0.258819,
        3.55271e-15,
        -0.965926
      ],
      [
        -316.15,
        0.0,
        -60.0043
      ]
    ]
  }
}