{
  "className": "composit",
  "size": [
    1536.0,
    400.0
  ],
  "airfield": {
    "start": [
      710.0,
      0.0,
      -97.0
    ],
    "end": [
      -445.0,
      0.0,
      -97.0
    ],
    "width": 120.0,
    "spawn": [
      [
        515.0,
        0.0,
        -102.0
      ],
      [
        528.0,
        0.0,
        -91.0
      ],
      [
        539.0,
        0.0,
        -102.0
      ],
      [
        552.0,
        0.0,
        -91.0
      ],
      [
        564.0,
        0.0,
        -102.0
      ],
      [
        576.0,
        0.0,
        -91.0
      ],
      [
        588.0,
        0.0,
        -102.0
      ],
      [
        601.0,
        0.0,
        -91.0
      ],
      [
        612.0,
        0.0,
        -102.0
      ],
      [
        626.0,
        0.0,
        -91.0
      ],
      [
        637.0,
        0.0,
        -102.0
      ],
      [
        650.0,
        0.0,
        -91.0
      ],
      [
        661.0,
        0.0,
        -102.0
      ],
      [
        674.0,
        0.0,
        -91.0
      ],
      [
        686.0,
        0.0,
        -102.0
      ],
      [
        699.0,
        0.0,
        -91.0
      ]
    ],
    "repairTags": {
      "type_attack_helicopter": false,
      "type_utility_helicopter": false
    }
  },
  "node": [
    {
      "name": "^^dynaf_stalingrad_airfield_gumrak_mesh",
      "tm": [
        [
          1.0,
          0.0,
          0.0
        ],
        [
          0.0,
          1.0,
          0.0
        ],
        [
          0.0,
          0.0,
          1.0
        ],
        [
          0.0,
          1.9495,
          -1.02986e-7
        ]
      ]
    },
    {
      "name": "++NoTreesBox000",
      "tm": [
        [
          1400.0,
          0.0,
          0.0
        ],
        [
          0.0,
          150.0,
          0.0
        ],
        [
          0.0,
          0.0,
          280.0
        ],
        [
          126.0,
          -10.0,
          -94.0
        ]
      ]
    },
    {
      "name": "britain_control_tower_1_rendinst",
      "tm": [
        [
          -4.37114e-8,
          0.0,
          -1.0
        ],
        [
          0.0,
          1.0,
          0.0
        ],
        [
          1.0,
          0.0,
          -4.37114e-8
        ],
        [
          -23.2198,
          -0.108985,
          -217.127
        ]
      ]
    },
    {
      "name": "britain_control_tower_1_rendinst",
      "tm": [
        [
          -4.37114e-8,
          0.0,
          -1.0
        ],
        [
          0.0,
          1.0,
          0.0
        ],
        [
          1.0,
          0.0,
          -4.37114e-8
        ],
        [
          192.952,
          -0.108985,
          61.5726
        ]
      ]
    },
    {
      "name": "britain_control_tower_1_rendinst",
      "tm": [
        [
          1.0,
          0.0,
          -1.04308e-7
        ],
        [
          0.0,
          1.0,
          0.0
        ],
        [
          1.04308e-7,
          0.0,
          1.0
        ],
        [
          798.596,
          -0.108985,
          -194.026
        ]
      ]
    },
    {
      "name": "britain_windvane_rendinst",
      "tm": [
        [
          -0.709277,
          0.0,
          -0.70493
        ],
        [
          -7.29991e-8,
          1.0,
          7.34492e-8
        ],
        [
          0.70493,
          1.03555e-7,
          -0.709277
        ],
        [
          81.8208,
          -0.108985,
          -193.417
        ]
      ]
    },
    {
      "name": "britain_army_tent_rendinst",
      "tm": [
        [
          -0.983892,
          -2.03031e-7,
          0.178766
        ],
        [
          -1.59001e-7,
          1.0,
          2.60626e-7
        ],
        [
          -0.178766,
          2.28003e-7,
          -0.983892
        ],
        [
          27.011,
          -0.108985,
          -246.739
        ]
      ]
    },
    {
      "name": "stalingrad_tent_camouflage_rendinst",
      "tm": [
        [
          -0.889197,
          0.0,
          0.457524
        ],
        [
          0.0,
          1.0,
          0.0
        ],
        [
          -0.457524,
          0.0,
          -0.889197
        ],
        [
          48.0688,
          -0.0995525,
          -233.324
        ]
      ]
    },
    {
      "name": "britain_tent_1_rendinst",
      "tm": [
        [
          -0.790448,
          0.0,
          -0.612529
        ],
        [
          0.0,
          1.0,
          0.0
        ],
        [
          0.612529,
          0.0,
          -0.790448
        ],
        [
          19.3544,
          -0.108985,
          -235.925
        ]
      ]
    },
    {
      "name": "britain_tent_2_rendinst",
      "tm": [
        [
          0.387075,
          4.76837e-7,
          -0.922048
        ],
        [
          -2.54839e-7,
          1.0,
          4.10169e-7
        ],
        [
          0.922048,
          7.62083e-8,
          0.387075
        ],
        [
          15.5053,
          -0.108985,
          -245.604
        ]
      ]
    },
    {
      "name": "britain_army_tent_rendinst",
      "tm": [
        [
          -0.990813,
          0.0,
          -0.135241
        ],
        [
          0.0,
          1.0,
          0.0
        ],
        [
          0.135241,
          0.0,
          -0.990813
        ],
        [
          24.265,
          -0.108985,
          -229.102
        ]
      ]
    },
    {
      "name": "stalingrad_radio_camouflage_rendinst",
      "tm": [
        [
          -0.221082,
          0.0,
          0.975255
        ],
        [
          0.0,
          1.0,
          0.0
        ],
        [
          -0.975255,
          0.0,
          -0.221082
        ],
        [
          51.2847,
          -0.108985,
          -217.327
        ]
      ]
    },
    {
      "name": "britain_army_tent_rendinst",
      "tm": [
        [
          0.0819754,
          0.0,
          -0.996634
        ],
        [
          -3.72856e-8,
          1.0,
          -3.06683e-9
        ],
        [
          0.996634,
          3.74115e-8,
          0.0819754
        ],
        [
          37.0083,
          -0.108985,
          -249.004
        ]
      ]
    },
    {
      "name": "boxes_rendinst",
      "tm": [
        [
          0.374855,
          0.0,
          -0.927084
        ],
        [
          0.0,
          1.0,
          0.0
        ],
        [
          0.927084,
          0.0,
          0.374855
        ],
        [
          38.6766,
          -0.108985,
          -236.792
        ]
      ]
    },
    {
      "name": "britain_tent_2_rendinst",
      "tm": [
        [
          -0.60498,
          0.0,
          -0.79624
        ],
        [
          0.0,
          1.0,
          0.0
        ],
        [
          0.79624,
          0.0,
          -0.60498
        ],
        [
          9.92867,
          -0.108985,
          -217.673
        ]
      ]
    },
    {
      "name": "britain_tent_1_rendinst",
      "tm": [
        [
          -0.740483,
          0.0,
          0.672075
        ],
        [
          0.0,
          1.0,
          0.0
        ],
        [
          -0.672075,
          0.0,
          -0.740483
        ],
        [
          8.4995,
          -0.108985,
          -232.795
        ]
      ]
    },
    {
      "name": "britain_tent_2_rendinst",
      "tm": [
        [
          -0.790448,
          0.0,
          -0.612529
        ],
        [
          0.0,
          1.0,
          0.0
        ],
        [
          0.612529,
          0.0,
          -0.790448
        ],
        [
          58.2558,
          -0.108985,
          -195.078
        ]
      ]
    },
    {
      "name": "britain_big_army_tent_rendinst",
      "tm": [
        [
          0.60498,
          0.0,
          0.79624
        ],
        [
          0.0,
          1.0,
          0.0
        ],
        [
          -0.79624,
          0.0,
          0.60498
        ],
        [
          39.0245,
          -0.108985,
          -208.147
        ]
      ]
    },
    {
      "name": "britain_tent_1_rendinst",
      "tm": [
        [
          0.672075,
          0.0,
          0.740483
        ],
        [
          0.0,
          1.0,
          0.0
        ],
        [
          -0.740483,
          0.0,
          0.672075
        ],
        [
          24.5243,
          -0.108985,
          -193.937
        ]
      ]
    },
    {
      "name": "britain_tent_2_rendinst",
      "tm": [
        [
          0.868613,
          0.0,
          0.495491
        ],
        [
          0.0,
          1.0,
          0.0
        ],
        [
          -0.495491,
          0.0,
          0.868613
        ],
        [
          10.3176,
          -0.108985,
          -205.117
        ]
      ]
    },
    {
      "name": "britain_tent_1_rendinst",
      "tm": [
        [
          -0.0336701,
          0.0,
          0.999433
        ],
        [
          0.0,
          1.0,
          0.0
        ],
        [
          -0.999433,
          0.0,
          -0.0336701
        ],
        [
          775.182,
          -0.108985,
          -198.057
        ]
      ]
    },
    {
      "name": "britain_tent_2_rendinst",
      "tm": [
        [
          0.470557,
          0.0,
          0.882369
        ],
        [
          0.0,
          1.0,
          0.0
        ],
        [
          -0.882369,
          0.0,
          0.470557
        ],
        [
          757.249,
          -0.108985,
          -176.146
        ]
      ]
    },
    {
      "name": "britain_tent_1_rendinst",
      "tm": [
        [
          0.882369,
          0.0,
          -0.470558
        ],
        [
          0.0,
          1.0,
          0.0
        ],
        [
          0.470558,
          0.0,
          0.882369
        ],
        [
          750.481,
          -0.108985,
          -172.859
        ]
      ]
    },
    {
      "name": "britain_big_army_tent_rendinst",
      "tm": [
        [
          -0.880426,
          0.0,
          0.474183
        ],
        [
          0.0,
          1.0,
          0.0
        ],
        [
          -0.474183,
          0.0,
          -0.880426
        ],
        [
          769.855,
          -0.108985,
          -214.02
        ]
      ]
    },
    {
      "name": "britain_tent_1_rendinst",
      "tm": [
        [
          0.391863,
          0.0,
          0.920023
        ],
        [
          0.0,
          1.0,
          0.0
        ],
        [
          -0.920023,
          0.0,
          0.391863
        ],
        [
          737.961,
          -0.108985,
          -210.012
        ]
      ]
    },
    {
      "name": "britain_tent_1_rendinst",
      "tm": [
        [
          0.470557,
          -1.50045e-7,
          0.882369
        ],
        [
          7.06046e-8,
          1.0,
          1.32395e-7
        ],
        [
          -0.882369,
          0.0,
          0.470557
        ],
        [
          734.041,
          -0.108985,
          -218.77
        ]
      ]
    },
    {
      "name": "britain_tent_1_rendinst",
      "tm": [
        [
          0.920024,
          0.0,
          -0.391863
        ],
        [
          0.0,
          1.0,
          0.0
        ],
        [
          0.391863,
          0.0,
          0.920024
        ],
        [
          771.481,
          -0.108985,
          -185.685
        ]
      ]
    },
    {
      "name": "boxes_rendinst",
      "tm": [
        [
          0.970776,
          0.0,
          -0.239987
        ],
        [
          0.0,
          1.0,
          0.0
        ],
        [
          0.239987,
          0.0,
          0.970776
        ],
        [
          764.54,
          -0.108985,
          -220.123
        ]
      ]
    },
    {
      "name": "britain_tent_1_rendinst",
      "tm": [
        [
          -0.897443,
          -2.32017e-7,
          0.44113
        ],
        [
          -1.92334e-7,
          1.0,
          1.34674e-7
        ],
        [
          -0.44113,
          3.60177e-8,
          -0.897443
        ],
        [
          764.608,
          -0.108985,
          -180.125
        ]
      ]
    },
    {
      "name": "britain_big_army_tent_rendinst",
      "tm": [
        [
          -0.918404,
          0.0,
          0.395645
        ],
        [
          0.0,
          1.0,
          0.0
        ],
        [
          -0.395645,
          0.0,
          -0.918404
        ],
        [
          763.117,
          -0.108985,
          -228.469
        ]
      ]
    },
    {
      "name": "britain_tent_1_rendinst",
      "tm": [
        [
          -0.422618,
          0.0,
          -0.906308
        ],
        [
          0.0,
          1.0,
          0.0
        ],
        [
          0.906308,
          0.0,
          -0.422618
        ],
        [
          742.11,
          -0.108985,
          -201.54
        ]
      ]
    },
    {
      "name": "britain_army_tent_rendinst",
      "tm": [
        [
          -0.891564,
          -2.81327e-7,
          -0.452894
        ],
        [
          -3.38158e-7,
          1.0,
          4.45193e-8
        ],
        [
          0.452894,
          1.92842e-7,
          -0.891564
        ],
        [
          742.514,
          -0.108985,
          -169.21
        ]
      ]
    },
    {
      "name": "britain_tent_1_rendinst",
      "tm": [
        [
          -0.927644,
          0.0,
          -0.373466
        ],
        [
          0.0,
          1.0,
          0.0
        ],
        [
          0.373466,
          0.0,
          -0.927644
        ],
        [
          762.954,
          -0.108985,
          -254.984
        ]
      ]
    },
    {
      "name": "britain_tent_2_rendinst",
      "tm": [
        [
          0.950676,
          0.0,
          -0.310186
        ],
        [
          0.0,
          1.0,
          0.0
        ],
        [
          0.310186,
          0.0,
          0.950676
        ],
        [
          769.878,
          -0.108985,
          -243.998
        ]
      ]
    },
    {
      "name": "britain_tent_2_rendinst",
      "tm": [
        [
          -0.226149,
          0.0,
          -0.974093
        ],
        [
          0.0,
          1.0,
          0.0
        ],
        [
          0.974093,
          0.0,
          -0.226149
        ],
        [
          752.805,
          -0.108985,
          -256.766
        ]
      ]
    },
    {
      "name": "boxes_rendinst",
      "tm": [
        [
          0.826247,
          0.0,
          -0.563307
        ],
        [
          0.0,
          1.0,
          0.0
        ],
        [
          0.563307,
          0.0,
          0.826247
        ],
        [
          -797.294,
          -0.108985,
          58.8871
        ]
      ]
    },
    {
      "name": "britain_tent_1_rendinst",
      "tm": [
        [
          0.984808,
          0.0,
          -0.173648
        ],
        [
          0.0,
          1.0,
          0.0
        ],
        [
          0.173648,
          0.0,
          0.984808
        ],
        [
          -736.52,
          -0.108985,
          105.074
        ]
      ]
    },
    {
      "name": "britain_army_tent_rendinst",
      "tm": [
        [
          0.998564,
          -2.65635e-7,
          -0.0535645
        ],
        [
          2.65254e-7,
          1.0,
          -1.42286e-8
        ],
        [
          0.0535645,
          0.0,
          0.998564
        ],
        [
          -806.381,
          -0.108985,
          70.9367
        ]
      ]
    },
    {
      "name": "britain_tent_1_rendinst",
      "tm": [
        [
          0.996195,
          0.0,
          0.0871558
        ],
        [
          0.0,
          1.0,
          0.0
        ],
        [
          -0.0871558,
          0.0,
          0.996195
        ],
        [
          -809.733,
          -0.108985,
          59.1918
        ]
      ]
    },
    {
      "name": "britain_tent_1_rendinst",
      "tm": [
        [
          0.920024,
          0.0,
          -0.391863
        ],
        [
          0.0,
          1.0,
          0.0
        ],
        [
          0.391863,
          0.0,
          0.920024
        ],
        [
          -791.377,
          -0.108985,
          95.5379
        ]
      ]
    },
    {
      "name": "britain_big_army_tent_rendinst",
      "tm": [
        [
          0.0576721,
          0.0,
          0.998336
        ],
        [
          0.0,
          1.0,
          0.0
        ],
        [
          -0.998336,
          0.0,
          0.0576721
        ],
        [
          -787.547,
          -0.108985,
          69.7161
        ]
      ]
    },
    {
      "name": "britain_tent_1_rendinst",
      "tm": [
        [
          0.891564,
          -3.73189e-7,
          0.452894
        ],
        [
          3.60791e-7,
          1.0,
          1.13757e-7
        ],
        [
          -0.452894,
          6.19785e-8,
          0.891564
        ],
        [
          -802.529,
          -0.108985,
          95.767
        ]
      ]
    },
    {
      "name": "britain_tent_1_rendinst",
      "tm": [
        [
          -0.206707,
          0.0,
          0.978403
        ],
        [
          0.0,
          1.0,
          0.0
        ],
        [
          -0.978403,
          0.0,
          -0.206707
        ],
        [
          -751.116,
          -0.108985,
          106.812
        ]
      ]
    },
    {
      "name": "britain_tent_2_rendinst",
      "tm": [
        [
          -0.206707,
          0.0,
          0.978403
        ],
        [
          0.0,
          1.0,
          0.0
        ],
        [
          -0.978403,
          0.0,
          -0.206707
        ],
        [
          -780.737,
          -0.108985,
          92.4599
        ]
      ]
    },
    {
      "name": "britain_army_tent_rendinst",
      "tm": [
        [
          0.0535638,
          -7.80076e-8,
          0.998564
        ],
        [
          5.75736e-8,
          1.0,
          7.50315e-8
        ],
        [
          -0.998564,
          5.3472e-8,
          0.0535638
        ],
        [
          -755.135,
          -0.108985,
          116.911
        ]
      ]
    },
    {
      "name": "britain_tent_1_rendinst",
      "tm": [
        [
          -0.206707,
          0.0,
          0.978403
        ],
        [
          0.0,
          1.0,
          0.0
        ],
        [
          -0.978403,
          0.0,
          -0.206707
        ],
        [
          -806.496,
          -0.108985,
          83.7938
        ]
      ]
    },
    {
      "name": "stalingrad_tent_camouflage_rendinst",
      "tm": [
        [
          0.866025,
          0.0,
          0.5
        ],
        [
          0.0,
          1.0,
          0.0
        ],
        [
          -0.5,
          0.0,
          0.866025
        ],
        [
          -785.174,
          -0.0995525,
          42.9937
        ]
      ]
    },
    {
      "name": "britain_tent_2_rendinst",
      "tm": [
        [
          -0.173648,
          0.0,
          0.984808
        ],
        [
          0.0,
          1.0,
          0.0
        ],
        [
          -0.984808,
          0.0,
          -0.173648
        ],
        [
          -799.604,
          -0.108985,
          47.8741
        ]
      ]
    },
    {
      "name": "britain_big_army_tent_rendinst",
      "tm": [
        [
          0.939693,
          0.0,
          -0.34202
        ],
        [
          0.0,
          1.0,
          0.0
        ],
        [
          0.34202,
          0.0,
          0.939693
        ],
        [
          -730.473,
          -0.108985,
          80.0585
        ]
      ]
    },
    {
      "name": "britain_army_tent_rendinst",
      "tm": [
        [
          0.642788,
          0.0,
          0.766044
        ],
        [
          0.0,
          1.0,
          0.0
        ],
        [
          -0.766044,
          0.0,
          0.642788
        ],
        [
          -777.166,
          -0.108985,
          18.7498
        ]
      ]
    },
    {
      "name": "britain_tent_1_rendinst",
      "tm": [
        [
          -0.906308,
          -1.2595e-7,
          0.422618
        ],
        [
          8.09591e-8,
          1.0,
          4.71641e-7
        ],
        [
          -0.422618,
          4.61666e-7,
          -0.906308
        ],
        [
          -765.035,
          -0.108985,
          24.9708
        ]
      ]
    },
    {
      "name": "britain_army_tent_rendinst",
      "tm": [
        [
          -0.258819,
          0.0,
          0.965926
        ],
        [
          0.0,
          1.0,
          0.0
        ],
        [
          -0.965926,
          0.0,
          -0.258819
        ],
        [
          -742.801,
          -0.108985,
          29.9234
        ]
      ]
    },
    {
      "name": "britain_army_tent_rendinst",
      "tm": [
        [
          0.642788,
          0.0,
          0.766044
        ],
        [
          0.0,
          1.0,
          0.0
        ],
        [
          -0.766044,
          0.0,
          0.642788
        ],
        [
          -753.698,
          -0.108985,
          27.252
        ]
      ]
    },
    {
      "name": "britain_tent_2_rendinst",
      "tm": [
        [
          0.226149,
          0.0,
          0.974093
        ],
        [
          0.0,
          1.0,
          0.0
        ],
        [
          -0.974093,
          0.0,
          0.226149
        ],
        [
          -770.722,
          -0.108985,
          117.189
        ]
      ]
    },
    {
      "name": "britain_tent_1_rendinst",
      "tm": [
        [
          0.965926,
          0.0,
          -0.258819
        ],
        [
          0.0,
          1.0,
          0.0
        ],
        [
          0.258819,
          0.0,
          0.965926
        ],
        [
          -721.14,
          -0.108985,
          94.8383
        ]
      ]
    },
    {
      "name": "stalingrad_radio_camouflage_rendinst",
      "tm": [
        [
          0.642788,
          0.0,
          -0.766044
        ],
        [
          0.0,
          1.0,
          0.0
        ],
        [
          0.766044,
          0.0,
          0.642788
        ],
        [
          -729.456,
          -0.108985,
          114.185
        ]
      ]
    },
    {
      "name": "britain_tent_1_rendinst",
      "tm": [
        [
          0.927644,
          0.0,
          0.373466
        ],
        [
          0.0,
          1.0,
          0.0
        ],
        [
          -0.373466,
          0.0,
          0.927644
        ],
        [
          -741.68,
          -0.108985,
          120.799
        ]
      ]
    },
    {
      "name": "britain_army_tent_rendinst",
      "tm": [
        [
          1.0,
          0.0,
          1.78814e-7
        ],
        [
          0.0,
          1.0,
          0.0
        ],
        [
          -1.78814e-7,
          0.0,
          1.0
        ],
        [
          -720.633,
          -0.108985,
          105.956
        ]
      ]
    },
    {
      "name": "britain_army_tent_rendinst",
      "tm": [
        [
          -0.310186,
          -1.07071e-9,
          -0.950676
        ],
        [
          -1.02563e-7,
          1.0,
          3.23381e-8
        ],
        [
          0.950676,
          1.07535e-7,
          -0.310186
        ],
        [
          133.239,
          -0.108985,
          114.02
        ]
      ]
    },
    {
      "name": "britain_tent_2_rendinst",
      "tm": [
        [
          0.452894,
          0.0,
          -0.891564
        ],
        [
          0.0,
          1.0,
          0.0
        ],
        [
          0.891564,
          0.0,
          0.452894
        ],
        [
          160.076,
          -0.108985,
          77.5748
        ]
      ]
    },
    {
      "name": "britain_tent_1_rendinst",
      "tm": [
        [
          -0.61663,
          0.0,
          -0.787253
        ],
        [
          0.0,
          1.0,
          0.0
        ],
        [
          0.787253,
          0.0,
          -0.61663
        ],
        [
          170.04,
          -0.108985,
          84.1867
        ]
      ]
    },
    {
      "name": "britain_big_army_tent_rendinst",
      "tm": [
        [
          0.949392,
          0.0,
          -0.314094
        ],
        [
          0.0,
          1.0,
          0.0
        ],
        [
          0.314094,
          0.0,
          0.949392
        ],
        [
          146.212,
          -0.108985,
          96.1286
        ]
      ]
    },
    {
      "name": "britain_tent_1_rendinst",
      "tm": [
        [
          -0.590268,
          -1.66067e-8,
          -0.807207
        ],
        [
          -9.76505e-8,
          1.0,
          5.08336e-8
        ],
        [
          0.807207,
          1.0883e-7,
          -0.590268
        ],
        [
          121.164,
          -0.108985,
          109.442
        ]
      ]
    },
    {
      "name": "britain_tent_1_rendinst",
      "tm": [
        [
          0.974093,
          -1.08897e-7,
          -0.226149
        ],
        [
          1.06076e-7,
          1.0,
          -2.4627e-8
        ],
        [
          0.226149,
          0.0,
          0.974093
        ],
        [
          161.458,
          -0.108985,
          115.434
        ]
      ]
    },
    {
      "name": "britain_tent_1_rendinst",
      "tm": [
        [
          0.787253,
          0.0,
          -0.61663
        ],
        [
          0.0,
          1.0,
          0.0
        ],
        [
          0.61663,
          0.0,
          0.787253
        ],
        [
          135.058,
          -0.108985,
          79.1559
        ]
      ]
    },
    {
      "name": "britain_tent_2_rendinst",
      "tm": [
        [
          0.998564,
          0.0,
          -0.053564
        ],
        [
          0.0,
          1.0,
          0.0
        ],
        [
          0.053564,
          0.0,
          0.998564
        ],
        [
          173.942,
          -0.108985,
          96.7457
        ]
      ]
    },
    {
      "name": "britain_army_tent_rendinst",
      "tm": [
        [
          0.61663,
          -6.54125e-8,
          0.787253
        ],
        [
          5.60101e-8,
          1.0,
          3.92187e-8
        ],
        [
          -0.787253,
          1.99107e-8,
          0.61663
        ],
        [
          147.067,
          -0.108985,
          75.6659
        ]
      ]
    },
    {
      "name": "britain_tent_2_rendinst",
      "tm": [
        [
          -0.799375,
          0.0,
          -0.600833
        ],
        [
          0.0,
          1.0,
          0.0
        ],
        [
          0.600833,
          0.0,
          -0.799375
        ],
        [
          126.845,
          -0.108985,
          84.6705
        ]
      ]
    },
    {
      "name": "britain_tent_1_rendinst",
      "tm": [
        [
          0.998564,
          0.0,
          -0.0535645
        ],
        [
          0.0,
          1.0,
          0.0
        ],
        [
          0.0535645,
          0.0,
          0.998564
        ],
        [
          146.54,
          -0.108985,
          117.978
        ]
      ]
    },
    {
      "name": "britain_tent_1_rendinst",
      "tm": [
        [
          0.528876,
          0.0,
          -0.848699
        ],
        [
          0.0,
          1.0,
          0.0
        ],
        [
          0.848699,
          0.0,
          0.528876
        ],
        [
          172.825,
          -0.108985,
          108.433
        ]
      ]
    },
    {
      "name": "britain_tent_1_rendinst",
      "tm": [
        [
          0.5,
          0.0,
          -0.866025
        ],
        [
          0.0,
          1.0,
          0.0
        ],
        [
          0.866025,
          0.0,
          0.5
        ],
        [
          119.254,
          -0.108985,
          89.6076
        ]
      ]
    },
    {
      "name": "britain_tent_2_rendinst",
      "tm": [
        [
          0.707107,
          0.0,
          -0.707107
        ],
        [
          -1.17042e-8,
          1.0,
          -1.17042e-8
        ],
        [
          0.707107,
          1.65523e-8,
          0.707107
        ],
        [
          112.439,
          -0.108985,
          102.835
        ]
      ]
    },
    {
      "name": "britain_tent_1_rendinst",
      "tm": [
        [
          0.998564,
          0.0,
          -0.0535645
        ],
        [
          0.0,
          1.0,
          0.0
        ],
        [
          0.0535645,
          0.0,
          0.998564
        ],
        [
          -262.993,
          -0.108985,
          -36.0134
        ]
      ]
    },
    {
      "name": "britain_tent_2_rendinst",
      "tm": [
        [
          0.0535648,
          0.0,
          0.998564
        ],
        [
          0.0,
          1.0,
          0.0
        ],
        [
          -0.998564,
          0.0,
          0.0535648
        ],
        [
          -253.8,
          -0.108985,
          -35.4606
        ]
      ]
    },
    {
      "name": "britain_tent_1_rendinst",
      "tm": [
        [
          0.999433,
          0.0,
          0.03367
        ],
        [
          0.0,
          1.0,
          0.0
        ],
        [
          -0.03367,
          0.0,
          0.999433
        ],
        [
          -228.563,
          -0.108985,
          -35.3391
        ]
      ]
    },
    {
      "name": "britain_tent_1_rendinst",
      "tm": [
        [
          -0.999789,
          -1.1528e-7,
          0.0205237
        ],
        [
          -1.1202e-7,
          1.0,
          1.59981e-7
        ],
        [
          -0.0205237,
          1.57648e-7,
          -0.999789
        ],
        [
          -245.262,
          -0.108985,
          -35.2839
        ]
      ]
    },
    {
      "name": "stalingrad_radio_camouflage_rendinst",
      "tm": [
        [
          1.0,
          0.0,
          0.0
        ],
        [
          0.0,
          1.0,
          0.0
        ],
        [
          0.0,
          0.0,
          1.0
        ],
        [
          -219.271,
          -0.108985,
          -35.9365
        ]
      ]
    },
    {
      "name": "britain_tent_2_rendinst",
      "tm": [
        [
          0.0535648,
          0.0,
          0.998564
        ],
        [
          0.0,
          1.0,
          0.0
        ],
        [
          -0.998564,
          0.0,
          0.0535648
        ],
        [
          -236.719,
          -0.108985,
          -35.4606
        ]
      ]
    },
    {
      "name": "britain_tent_2_rendinst",
      "tm": [
        [
          0.0535648,
          0.0,
          0.998564
        ],
        [
          0.0,
          1.0,
          0.0
        ],
        [
          -0.998564,
          0.0,
          0.0535648
        ],
        [
          -199.866,
          -0.108985,
          -35.4531
        ]
      ]
    },
    {
      "name": "britain_tent_1_rendinst",
      "tm": [
        [
          0.999433,
          0.0,
          0.03367
        ],
        [
          0.0,
          1.0,
          0.0
        ],
        [
          -0.03367,
          0.0,
          0.999433
        ],
        [
          -174.629,
          -0.108985,
          -35.3315
        ]
      ]
    },
    {
      "name": "britain_tent_1_rendinst",
      "tm": [
        [
          -0.999789,
          -1.1528e-7,
          0.0205237
        ],
        [
          -1.1202e-7,
          1.0,
          1.59981e-7
        ],
        [
          -0.0205237,
          1.57648e-7,
          -0.999789
        ],
        [
          -191.328,
          -0.108985,
          -35.2763
        ]
      ]
    },
    {
      "name": "britain_tent_2_rendinst",
      "tm": [
        [
          0.0535648,
          0.0,
          0.998564
        ],
        [
          0.0,
          1.0,
          0.0
        ],
        [
          -0.998564,
          0.0,
          0.0535648
        ],
        [
          -208.2,
          -0.108985,
          -35.4531
        ]
      ]
    },
    {
      "name": "boxes_rendinst",
      "tm": [
        [
          -0.984091,
          0.0,
          -0.177665
        ],
        [
          0.0,
          1.0,
          0.0
        ],
        [
          0.177665,
          0.0,
          -0.984091
        ],
        [
          97.5091,
          -0.108985,
          106.366
        ]
      ]
    },
    {
      "name": "britain_army_tent_rendinst",
      "tm": [
        [
          -0.61663,
          -3.0293e-8,
          -0.787253
        ],
        [
          -1.46476e-7,
          1.0,
          7.62504e-8
        ],
        [
          0.787253,
          1.62332e-7,
          -0.61663
        ],
        [
          -272.479,
          -0.108985,
          -36.102
        ]
      ]
    },
    {
      "name": "barrels_rendinst",
      "tm": [
        [
          0.815734,
          0.0,
          0.578428
        ],
        [
          0.0,
          1.0,
          0.0
        ],
        [
          -0.578428,
          0.0,
          0.815734
        ],
        [
          96.6723,
          -0.108985,
          117.246
        ]
      ]
    },
    {
      "name": "boxes_rendinst",
      "tm": [
        [
          0.900962,
          0.0,
          0.433898
        ],
        [
          0.0,
          1.0,
          0.0
        ],
        [
          -0.433898,
          0.0,
          0.900962
        ],
        [
          641.88,
          -0.108985,
          28.0066
        ]
      ]
    },
    {
      "name": "britain_tent_1_rendinst",
      "tm": [
        [
          0.422618,
          0.0,
          0.906308
        ],
        [
          0.0,
          1.0,
          0.0
        ],
        [
          -0.906308,
          0.0,
          0.422618
        ],
        [
          635.396,
          -0.108985,
          17.3863
        ]
      ]
    },
    {
      "name": "britain_tent_2_rendinst",
      "tm": [
        [
          -0.939693,
          0.0,
          0.34202
        ],
        [
          0.0,
          1.0,
          0.0
        ],
        [
          -0.34202,
          0.0,
          -0.939693
        ],
        [
          650.263,
          -0.108985,
          20.4997
        ]
      ]
    },
    {
      "name": "britain_army_tent_rendinst",
      "tm": [
        [
          0.173648,
          0.0,
          0.984808
        ],
        [
          0.0,
          1.0,
          0.0
        ],
        [
          -0.984808,
          0.0,
          0.173648
        ],
        [
          502.878,
          -0.108985,
          -1.52324
        ]
      ]
    },
    {
      "name": "britain_army_tent_rendinst",
      "tm": [
        [
          0.54567,
          -2.65635e-7,
          0.838
        ],
        [
          1.44949e-7,
          1.0,
          2.22602e-7
        ],
        [
          -0.838,
          0.0,
          0.54567
        ],
        [
          626.901,
          -0.108985,
          26.1619
        ]
      ]
    },
    {
      "name": "britain_big_army_tent_rendinst",
      "tm": [
        [
          -0.835748,
          0.0,
          0.549113
        ],
        [
          0.0,
          1.0,
          0.0
        ],
        [
          -0.549113,
          0.0,
          -0.835748
        ],
        [
          637.375,
          -0.108985,
          41.8622
        ]
      ]
    },
    {
      "name": "britain_tent_1_rendinst",
      "tm": [
        [
          -0.819152,
          -5.16191e-8,
          0.573576
        ],
        [
          7.83287e-9,
          1.0,
          1.01182e-7
        ],
        [
          -0.573576,
          8.7376e-8,
          -0.819152
        ],
        [
          512.725,
          -0.108985,
          0.762239
        ]
      ]
    },
    {
      "name": "britain_tent_1_rendinst",
      "tm": [
        [
          -0.600832,
          0.0,
          0.799376
        ],
        [
          0.0,
          1.0,
          0.0
        ],
        [
          -0.799376,
          0.0,
          -0.600832
        ],
        [
          637.354,
          -0.108985,
          63.3091
        ]
      ]
    },
    {
      "name": "britain_tent_2_rendinst",
      "tm": [
        [
          0.984808,
          0.0,
          0.173648
        ],
        [
          0.0,
          1.0,
          0.0
        ],
        [
          -0.173648,
          0.0,
          0.984808
        ],
        [
          522.85,
          -0.108985,
          -1.44809
        ]
      ]
    },
    {
      "name": "britain_army_tent_rendinst",
      "tm": [
        [
          0.258819,
          0.0,
          0.965926
        ],
        [
          0.0,
          1.0,
          0.0
        ],
        [
          -0.965926,
          0.0,
          0.258819
        ],
        [
          664.402,
          -0.108985,
          16.6477
        ]
      ]
    },
    {
      "name": "britain_tent_1_rendinst",
      "tm": [
        [
          0.682897,
          0.0,
          0.730515
        ],
        [
          0.0,
          1.0,
          0.0
        ],
        [
          -0.730515,
          0.0,
          0.682897
        ],
        [
          641.339,
          -0.108985,
          77.7603
        ]
      ]
    },
    {
      "name": "britain_tent_1_rendinst",
      "tm": [
        [
          -0.950676,
          0.0,
          0.310187
        ],
        [
          0.0,
          1.0,
          0.0
        ],
        [
          -0.310187,
          0.0,
          -0.950676
        ],
        [
          615.709,
          -0.108985,
          32.4903
        ]
      ]
    },
    {
      "name": "britain_tent_2_rendinst",
      "tm": [
        [
          -0.950676,
          0.0,
          0.310187
        ],
        [
          0.0,
          1.0,
          0.0
        ],
        [
          -0.310187,
          0.0,
          -0.950676
        ],
        [
          621.083,
          -0.108985,
          59.1319
        ]
      ]
    },
    {
      "name": "britain_tent_1_rendinst",
      "tm": [
        [
          0.0535645,
          -3.73189e-7,
          0.998564
        ],
        [
          8.18791e-8,
          1.0,
          3.69333e-7
        ],
        [
          -0.998564,
          6.19785e-8,
          0.0535645
        ],
        [
          607.323,
          -0.108985,
          41.9128
        ]
      ]
    },
    {
      "name": "britain_tent_1_rendinst",
      "tm": [
        [
          0.799375,
          0.0,
          0.600832
        ],
        [
          0.0,
          1.0,
          0.0
        ],
        [
          -0.600832,
          0.0,
          0.799375
        ],
        [
          613.098,
          -0.108985,
          51.456
        ]
      ]
    },
    {
      "name": "britain_tent_1_rendinst",
      "tm": [
        [
          0.422618,
          0.0,
          0.906308
        ],
        [
          0.0,
          1.0,
          0.0
        ],
        [
          -0.906308,
          0.0,
          0.422618
        ],
        [
          528.329,
          -0.108985,
          8.09232
        ]
      ]
    },
    {
      "name": "britain_army_tent_rendinst",
      "tm": [
        [
          0.787253,
          0.0,
          -0.61663
        ],
        [
          -1.82955e-8,
          1.0,
          -2.33579e-8
        ],
        [
          0.61663,
          2.96701e-8,
          0.787253
        ],
        [
          561.4,
          -0.108985,
          -17.7441
        ]
      ]
    },
    {
      "name": "britain_army_tent_rendinst",
      "tm": [
        [
          -0.373466,
          -7.80076e-8,
          0.927644
        ],
        [
