{
  "className": "composit",
  "size": [
    1024.0,
    256.0
  ],
  "airfield": {
    "start": [
      1228.0,
      0.0,
      0.0
    ],
    "end": [
      -1225.0,
      0.0,
      0.0
    ],
    "width": 250.0,
    "spawn": [
      [
        1021.0,
        0.0,
        -6.0
      ],
      [
        1034.0,
        0.0,
        6.0
      ],
      [
        1045.0,
        0.0,
        -6.0
      ],
      [
        1058.0,
        0.0,
        6.0
      ],
      [
        1069.0,
        0.0,
        -6.0
      ],
      [
        1081.0,
        0.0,
        6.0
      ],
      [
        1092.0,
        0.0,
        -6.0
      ],
      [
        1104.0,
        0.0,
        6.0
      ],
      [
        1116.0,
        0.0,
        -6.0
      ],
      [
        1129.0,
        0.0,
        6.0
      ],
      [
        1140.0,
        0.0,
        -6.0
      ],
      [
        1152.0,
        0.0,
        6.0
      ],
      [
        1164.0,
        0.0,
        -6.0
      ],
      [
        1176.0,
        0.0,
        6.0
      ],
      [
        1189.0,
        0.0,
        -6.0
      ],
      [
        1202.0,
        0.0,
        6.0
      ]
    ],
    "repairTags": {
      "type_attack_helicopter": false,
      "type_utility_helicopter": false
    }
  },
  "node": [
    {
      "name": "^^dynaf_ruhr_1line_2k_mesh",
      "tm": [
        [
          1.0,
          0.0,
          0.0
        ],
        [
          0.0,
          1.0,
          0.0
        ],
        [
          0.0,
          0.0,
          1.0
        ],
        [
          0.0,
          3.0,
          0.162369
        ]
      ]
    },
    {
      "name": "+NoTreesBox001",
      "tm": [
        [
          1700.0,
          0.0,
          0.0
        ],
        [
          0.0,
          15.0,
          0.0
        ],
        [
          0.0,
          0.0,
          555.0
        ],
        [
          0.0,
          0.0,
          -0.0
        ]
      ]
    },
    {
      "name": "berlin_big_caponeer_rendinst",
      "tm": [
        [
          0.939693,
          0.0,
          0.34202
        ],
        [
          0.0,
          1.0,
          0.0
        ],
        [
          -0.34202,
          0.0,
          0.939693
        ],
        [
          -312.505,
          0.0,
          395.949
        ]
      ]
    },
    {
      "name": "berlin_big_caponeer_rendinst",
      "tm": [
        [
          0.965926,
          0.0,
          -0.258819
        ],
        [
          0.0,
          1.0,
          0.0
        ],
        [
          0.258819,
          0.0,
          0.965926
        ],
        [
          -181.881,
          0.0,
          410.816
        ]
      ]
    },
    {
      "name": "berlin_big_caponeer_rendinst",
      "tm": [
        [
          -0.996195,
          0.0,
          -0.0871559
        ],
        [
          0.0,
          1.0,
          0.0
        ],
        [
          0.0871559,
          0.0,
          -0.996195
        ],
        [
          -244.916,
          0.0,
          351.019
        ]
      ]
    },
    {
      "name": "berlin_big_caponeer_rendinst",
      "tm": [
        [
          0.5,
          0.0,
          -0.866025
        ],
        [
          0.0,
          1.0,
          0.0
        ],
        [
          0.866025,
          0.0,
          0.5
        ],
        [
          -83.7255,
          0.0,
          319.827
        ]
      ]
    },
    {
      "name": "berlin_big_caponeer_rendinst",
      "tm": [
        [
          0.707107,
          0.0,
          0.707107
        ],
        [
          0.0,
          1.0,
          0.0
        ],
        [
          -0.707107,
          0.0,
          0.707107
        ],
        [
          -410.62,
          0.0,
          321.4
        ]
      ]
    },
    {
      "name": "berlin_big_caponeer_rendinst",
      "tm": [
        [
          0.906308,
          0.0,
          -0.422618
        ],
        [
          0.0,
          1.0,
          0.0
        ],
        [
          0.422618,
          0.0,
          0.906308
        ],
        [
          -581.297,
          0.0,
          288.853
        ]
      ]
    },
    {
      "name": "berlin_big_caponeer_rendinst",
      "tm": [
        [
          0.766044,
          0.0,
          0.642788
        ],
        [
          0.0,
          1.0,
          0.0
        ],
        [
          -0.642788,
          0.0,
          0.766044
        ],
        [
          -711.294,
          0.0,
          245.619
        ]
      ]
    },
    {
      "name": "berlin_big_hangar_rendinst",
      "tm": [
        [
          1.0,
          0.0,
          0.0
        ],
        [
          0.0,
          1.0,
          0.0
        ],
        [
          0.0,
          0.0,
          1.0
        ],
        [
          -1046.55,
          0.0,
          416.707
        ]
      ]
    },
    {
      "name": "berlin_big_hangar_rendinst",
      "tm": [
        [
          1.0,
          0.0,
          0.0
        ],
        [
          0.0,
          1.0,
          0.0
        ],
        [
          0.0,
          0.0,
          1.0
        ],
        [
          -967.673,
          0.0,
          401.263
        ]
      ]
    },
    {
      "name": "berlin_big_hangar_rendinst",
      "tm": [
        [
          -0.00432823,
          0.0,
          0.999991
        ],
        [
          0.0,
          1.0,
          0.0
        ],
        [
          -0.999991,
          0.0,
          -0.00432823
        ],
        [
          -882.438,
          0.0,
          329.674
        ]
      ]
    },
    {
      "name": "berlin_big_hangar_rendinst",
      "tm": [
        [
          -1.0,
          0.0,
          8.74228E-08
        ],
        [
          0.0,
          1.0,
          0.0
        ],
        [
          -8.74228E-08,
          0.0,
          -1.0
        ],
        [
          -530.718,
          0.0,
          415.336
        ]
      ]
    },
    {
      "name": "berlin_big_hangar_rendinst",
      "tm": [
        [
          -0.288196,
          0.0,
          0.957571
        ],
        [
          0.0,
          1.0,
          0.0
        ],
        [
          -0.957571,
          0.0,
          -0.288196
        ],
        [
          1177.96,
          0.0,
          331.011
        ]
      ]
    },
    {
      "name": "berlin_big_caponeer_rendinst",
      "tm": [
        [
          -0.548816,
          0.0,
          -0.835943
        ],
        [
          0.0,
          1.0,
          0.0
        ],
        [
          0.835943,
          0.0,
          -0.548816
        ],
        [
          382.931,
          0.0,
          307.014
        ]
      ]
    },
    {
      "name": "berlin_big_caponeer_rendinst",
      "tm": [
        [
          0.740969,
          0.0,
          0.671539
        ],
        [
          0.0,
          1.0,
          0.0
        ],
        [
          -0.671539,
          0.0,
          0.740969
        ],
        [
          366.366,
          0.0,
          392.52
        ]
      ]
    },
    {
      "name": "berlin_big_caponeer_rendinst",
      "tm": [
        [
          0.958111,
          0.0,
          0.286396
        ],
        [
          0.0,
          1.0,
          0.0
        ],
        [
          -0.286396,
          0.0,
          0.958111
        ],
        [
          469.307,
          0.0,
          455.835
        ]
      ]
    },
    {
      "name": "berlin_big_caponeer_rendinst",
      "tm": [
        [
          0.991798,
          0.0,
          -0.127814
        ],
        [
          0.0,
          1.0,
          0.0
        ],
        [
          0.127814,
          0.0,
          0.991798
        ],
        [
          582.978,
          0.0,
          465.316
        ]
      ]
    },
    {
      "name": "berlin_big_caponeer_rendinst",
      "tm": [
        [
          -0.876235,
          0.0,
          -0.481884
        ],
        [
          0.0,
          1.0,
          0.0
        ],
        [
          0.481884,
          0.0,
          -0.876235
        ],
        [
          443.65,
          0.0,
          371.654
        ]
      ]
    },
    {
      "name": "berlin_big_caponeer_rendinst",
      "tm": [
        [
          -0.990094,
          0.0,
          -0.140408
        ],
        [
          0.0,
          1.0,
          0.0
        ],
        [
          0.140408,
          0.0,
          -0.990094
        ],
        [
          529.135,
          0.0,
          400.15
        ]
      ]
    },
    {
      "name": "berlin_big_caponeer_rendinst",
      "tm": [
        [
          -0.944685,
          0.0,
          0.327979
        ],
        [
          0.0,
          1.0,
          0.0
        ],
        [
          -0.327979,
          0.0,
          -0.944685
        ],
        [
          619.865,
          0.0,
          384.7
        ]
      ]
    },
    {
      "name": "berlin_big_caponeer_rendinst",
      "tm": [
        [
          -0.550379,
          0.0,
          0.834915
        ],
        [
          0.0,
          1.0,
          0.0
        ],
        [
          -0.834915,
          0.0,
          -0.550379
        ],
        [
          684.733,
          0.0,
          328.838
        ]
      ]
    },
    {
      "name": "berlin_big_caponeer_rendinst",
      "tm": [
        [
          0.324533,
          0.0,
          -0.945874
        ],
        [
          0.0,
          1.0,
          0.0
        ],
        [
          0.945874,
          0.0,
          0.324533
        ],
        [
          762.704,
          0.0,
          308.183
        ]
      ]
    },
    {
      "name": "berlin_big_hangar_rendinst",
      "tm": [
        [
          -0.00432823,
          0.0,
          0.999991
        ],
        [
          0.0,
          1.0,
          0.0
        ],
        [
          -0.999991,
          0.0,
          -0.00432823
        ],
        [
          -882.895,
          0.0,
          372.466
        ]
      ]
    },
    {
      "name": "berlin_small_caponeer_rendinst",
      "tm": [
        [
          -0.371904,
          0.0,
          -0.928271
        ],
        [
          0.0,
          1.0,
          0.0
        ],
        [
          0.928271,
          0.0,
          -0.371904
        ],
        [
          -674.965,
          0.0,
          270.006
        ]
      ]
    },
    {
      "name": "berlin_small_caponeer_rendinst",
      "tm": [
        [
          -0.999998,
          0.0,
          0.00207266
        ],
        [
          0.0,
          1.0,
          0.0
        ],
        [
          -0.00207266,
          0.0,
          -0.999998
        ],
        [
          -1071.72,
          0.0,
          460.934
        ]
      ]
    },
    {
      "name": "berlin_small_caponeer_rendinst",
      "tm": [
        [
          -0.999995,
          0.0,
          -0.00301042
        ],
        [
          0.0,
          1.0,
          0.0
        ],
        [
          0.00301042,
          0.0,
          -0.999995
        ],
        [
          -1045.47,
          0.0,
          463.459
        ]
      ]
    },
    {
      "name": "berlin_small_caponeer_rendinst",
      "tm": [
        [
          -0.999995,
          0.0,
          -0.00301042
        ],
        [
          0.0,
          1.0,
          0.0
        ],
        [
          0.00301042,
          0.0,
          -0.999995
        ],
        [
          -1014.82,
          0.0,
          463.459
        ]
      ]
    },
    {
      "name": "berlin_command_center_rendinst",
      "tm": [
        [
          1.0,
          0.0,
          0.0
        ],
        [
          0.0,
          1.0,
          0.0
        ],
        [
          0.0,
          0.0,
          1.0
        ],
        [
          -938.205,
          0.0,
          409.0
        ]
      ]
    },
    {
      "name": "berlin_command_center_rendinst",
      "tm": [
        [
          -0.91762,
          0.0,
          -0.39746
        ],
        [
          0.0,
          1.0,
          0.0
        ],
        [
          0.39746,
          0.0,
          -0.91762
        ],
        [
          -1159.65,
          0.0,
          452.298
        ]
      ]
    },
    {
      "name": "berlin_command_center_rendinst",
      "tm": [
        [
          -0.954869,
          0.0,
          -0.297028
        ],
        [
          0.0,
          1.0,
          0.0
        ],
        [
          0.297028,
          0.0,
          -0.954869
        ],
        [
          1223.89,
          0.0,
          298.929
        ]
      ]
    },
    {
      "name": "berlin_small_hangar_rendinst",
      "tm": [
        [
          1.0,
          0.0,
          0.0
        ],
        [
          0.0,
          1.0,
          0.0
        ],
        [
          0.0,
          0.0,
          1.0
        ],
        [
          -1001.06,
          0.0,
          408.732
        ]
      ]
    },
    {
      "name": "berlin_small_hangar_rendinst",
      "tm": [
        [
          0.000796513,
          0.0,
          -1.0
        ],
        [
          0.0,
          1.0,
          0.0
        ],
        [
          1.0,
          0.0,
          0.000796513
        ],
        [
          -905.242,
          0.0,
          411.207
        ]
      ]
    },
    {
      "name": "berlin_small_hangar_rendinst",
      "tm": [
        [
          -0.00360248,
          0.0,
          0.999994
        ],
        [
          0.0,
          1.0,
          0.0
        ],
        [
          -0.999994,
          0.0,
          -0.00360248
        ],
        [
          -905.242,
          0.0,
          447.413
        ]
      ]
    },
    {
      "name": "berlin_control_tower2_rendinst",
      "tm": [
        [
          0.90466,
          0.0,
          0.426134
        ],
        [
          0.0,
          1.0,
          0.0
        ],
        [
          -0.426134,
          0.0,
          0.90466
        ],
        [
          -1187.97,
          0.0,
          389.453
        ]
      ]
    },
    {
      "name": "berlin_control_tower2_rendinst",
      "tm": [
        [
          0.689235,
          0.0,
          0.724538
        ],
        [
          0.0,
          1.0,
          0.0
        ],
        [
          -0.724538,
          0.0,
          0.689235
        ],
        [
          1076.99,
          0.0,
          356.305
        ]
      ]
    },
    {
      "name": "berlin_control_tower2_rendinst",
      "tm": [
        [
          0.00668576,
          0.0,
          0.999978
        ],
        [
          0.0,
          1.0,
          0.0
        ],
        [
          -0.999978,
          0.0,
          0.00668576
        ],
        [
          82.7731,
          0.0,
          512.345
        ]
      ]
    },
    {
      "name": "berlin_small_barracks_rendinst",
      "tm": [
        [
          0.920538,
          0.0,
          0.390654
        ],
        [
          0.0,
          1.0,
          0.0
        ],
        [
          -0.390654,
          0.0,
          0.920538
        ],
        [
          -1115.22,
          0.0,
          420.523
        ]
      ]
    },
    {
      "name": "berlin_small_barracks_rendinst",
      "tm": [
        [
          0.955218,
          0.0,
          0.295901
        ],
        [
          0.0,
          1.0,
          0.0
        ],
        [
          -0.295901,
          0.0,
          0.955218
        ],
        [
          1205.27,
          0.0,
          366.958
        ]
      ]
    },
    {
      "name": "boxes_rendinst",
      "tm": [
        [
          0.81629,
          0.0,
          -0.577642
        ],
        [
          0.0,
          1.0,
          0.0
        ],
        [
          0.577642,
          0.0,
          0.81629
        ],
        [
          -918.251,
          0.0,
          289.784
        ]
      ]
    },
    {
      "name": "boxes_rendinst",
      "tm": [
        [
          0.434423,
          0.0,
          0.900709
        ],
        [
          0.0,
          1.0,
          0.0
        ],
        [
          -0.900709,
          0.0,
          0.434423
        ],
        [
          -905.0,
          0.0,
          294.541
        ]
      ]
    },
    {
      "name": "boxes_rendinst",
      "tm": [
        [
          0.81629,
          0.0,
          -0.577642
        ],
        [
          0.0,
          1.0,
          0.0
        ],
        [
          0.577642,
          0.0,
          0.81629
        ],
        [
          -910.774,
          0.0,
          303.235
        ]
      ]
    },
    {
      "name": "boxes_rendinst",
      "tm": [
        [
          0.897138,
          0.0,
          0.441751
        ],
        [
          0.0,
          1.0,
          0.0
        ],
        [
          -0.441751,
          0.0,
          0.897138
        ],
        [
          -916.22,
          0.0,
          299.591
        ]
      ]
    },
    {
      "name": "boxes_rendinst",
      "tm": [
        [
          0.81629,
          0.0,
          -0.577642
        ],
        [
          0.0,
          1.0,
          0.0
        ],
        [
          0.577642,
          0.0,
          0.81629
        ],
        [
          -1186.1,
          0.0,
          360.268
        ]
      ]
    },
    {
      "name": "boxes_rendinst",
      "tm": [
        [
          0.434423,
          0.0,
          0.900709
        ],
        [
          0.0,
          1.0,
          0.0
        ],
        [
          -0.900709,
          0.0,
          0.434423
        ],
        [
          -1172.85,
          0.0,
          365.025
        ]
      ]
    },
    {
      "name": "boxes_rendinst",
      "tm": [
        [
          0.81629,
          0.0,
          -0.577642
        ],
        [
          0.0,
          1.0,
          0.0
        ],
        [
          0.577642,
          0.0,
          0.81629
        ],
        [
          -1178.62,
          0.0,
          373.719
        ]
      ]
    },
    {
      "name": "boxes_rendinst",
      "tm": [
        [
          0.897138,
          0.0,
          0.441751
        ],
        [
          0.0,
          1.0,
          0.0
        ],
        [
          -0.441751,
          0.0,
          0.897138
        ],
        [
          -1184.07,
          0.0,
          370.075
        ]
      ]
    },
    {
      "name": "sicily_hangar_3_rendinst",
      "tm": [
        [
          -0.00379989,
          0.0,
          0.999993
        ],
        [
          0.0,
          1.0,
          0.0
        ],
        [
          -0.999993,
          0.0,
          -0.00379989
        ],
        [
          -991.344,
          0.0,
          459.478
        ]
      ]
    },
    {
      "name": "sicily_hangar_3_rendinst",
      "tm": [
        [
          -0.999669,
          0.0,
          -0.0257122
        ],
        [
          0.0,
          1.0,
          0.0
        ],
        [
          0.0257122,
          0.0,
          -0.999669
        ],
        [
          -878.671,
          0.0,
          454.854
        ]
      ]
    },
    {
      "name": "sicily_tech_building_2_rendinst",
      "tm": [
        [
          -0.994697,
          0.0,
          -0.102851
        ],
        [
          0.0,
          1.0,
          0.0
        ],
        [
          0.102851,
          0.0,
          -0.994697
        ],
        [
          1173.53,
          0.0,
          370.483
        ]
      ]
    },
    {
      "name": "sicily_tech_building_1_rendinst",
      "tm": [
        [
          0.00441373,
          0.0,
          -0.99999
        ],
        [
          0.0,
          1.0,
          0.0
        ],
        [
          0.99999,
          0.0,
          0.00441373
        ],
        [
          82.1046,
          0.0,
          488.716
        ]
      ]
    },
    {
      "name": "sicily_tech_building_1_rendinst",
      "tm": [
        [
          0.0312222,
          0.0,
          -0.999512
        ],
        [
          0.0,
          1.0,
          0.0
        ],
        [
          0.999512,
          0.0,
          0.0312222
        ],
        [
          305.007,
          0.0,
          512.176
        ]
      ]
    },
    {
      "name": "sicily_tech_building_1_rendinst",
      "tm": [
        [
          0.0312222,
          0.0,
          -0.999512
        ],
        [
          0.0,
          1.0,
          0.0
        ],
        [
          0.999512,
          0.0,
          0.0312222
        ],
        [
          326.113,
          0.0,
          512.176
        ]
      ]
    },
    {
      "name": "sicily_tech_building_1_rendinst",
      "tm": [
        [
          0.0312222,
          0.0,
          -0.999512
        ],
        [
          0.0,
          1.0,
          0.0
        ],
        [
          0.999512,
          0.0,
          0.0312222
        ],
        [
          347.219,
          0.0,
          512.176
        ]
      ]
    },
    {
      "name": "sicily_weapon_empl_rendinst",
      "tm": [
        [
          -0.0159249,
          0.0,
          0.999873
        ],
        [
          0.0,
          1.0,
          0.0
        ],
        [
          -0.999873,
          0.0,
          -0.0159249
        ],
        [
          67.3733,
          0.0,
          506.164
        ]
      ]
    },
    {
      "name": "sicily_tech_building_2_rendinst",
      "tm": [
        [
          0.0155958,
          0.0,
          -0.999878
        ],
        [
          0.0,
          1.0,
          0.0
        ],
        [
          0.999878,
          0.0,
          0.0155958
        ],
        [
          107.49,
          0.0,
          492.451
        ]
      ]
    }
  ]
}