{
  "className": "composit",
  "size": [
    2048.0,
    256.0
  ],
  "airfield": {
    "start": [
      800.0,
      0.0,
      5.0
    ],
    "end": [
      -835.0,
      0.0,
      5.0
    ],
    "width": 140.0,
    "spawn": [
      [
        670.0,
        0.0,
        0.0
      ],
      [
        670.0,
        0.0,
        20.0
      ],
      [
        670.0,
        0.0,
        -20.0
      ],
      [
        650.0,
        0.0,
        0.0
      ],
      [
        650.0,
        0.0,
        20.0
      ],
      [
        650.0,
        0.0,
        -20.0
      ],
      [
        630.0,
        0.0,
        0.0
      ],
      [
        630.0,
        0.0,
        20.0
      ],
      [
        630.0,
        0.0,
        -20.0
      ],
      [
        610.0,
        0.0,
        0.0
      ],
      [
        610.0,
        0.0,
        20.0
      ],
      [
        610.0,
        0.0,
        -20.0
      ],
      [
        670.0,
        0.0,
        40.0
      ],
      [
        650.0,
        0.0,
        40.0
      ],
      [
        630.0,
        0.0,
        40.0
      ],
      [
        670.0,
        0.0,
        -40.0
      ],
      [
        650.0,
        0.0,
        -40.0
      ],
      [
        630.0,
        0.0,
        -40.0
      ]
    ],
    "repairTags": {
      "type_attack_helicopter": false,
      "type_utility_helicopter": false
    }
  },
  "storage": {
    "start": [
      340.0,
      0.0,
      210.0
    ],
    "end": [
      195.0,
      0.0,
      210.0
    ],
    "width": 115.0
  },
  "parking": {
    "start": [
      30.0,
      0.0,
      230.0
    ],
    "end": [
      -560.0,
      0.0,
      230.0
    ],
    "width": 180.0
  },
  "dwelling": {
    "start": [
      -230.0,
      0.0,
      -260.0
    ],
    "end": [
      -675.0,
      0.0,
      -260.0
    ],
    "width": 150.0
  },
  "node": [
    {
      "name": "^^dynaf_universal_1line_b_big_mesh",
      "tm": [
        [
          1.0,
          0.0,
          0.0
        ],
        [
          0.0,
          1.0,
          0.0
        ],
        [
          0.0,
          0.0,
          1.0
        ],
        [
          0.0,
          0.0,
          0.0
        ]
      ]
    },
    {
      "name": "+NoTreesBox000",
      "tm": [
        [
          2000.0,
          0.0,
          0.0
        ],
        [
          0.0,
          15.0,
          0.0
        ],
        [
          0.0,
          0.0,
          313.0
        ],
        [
          26.0,
          0.0,
          -2.0
        ]
      ]
    },
    {
      "name": "+NoTreesBox001",
      "tm": [
        [
          547.0,
          0.0,
          0.0
        ],
        [
          0.0,
          15.0,
          0.0
        ],
        [
          0.0,
          0.0,
          182.0
        ],
        [
          265.0,
          0.0,
          -242.0
        ]
      ]
    },
    {
      "name": "+NoTreesBox002",
      "tm": [
        [
          458.0,
          0.0,
          0.0
        ],
        [
          0.0,
          15.0,
          0.0
        ],
        [
          0.0,
          0.0,
          198.0
        ],
        [
          520.0,
          0.0,
          239.0
        ]
      ]
    },
    {
      "name": "zis6_fuel_a",
      "tm": [
        [
          0.422618,
          0.0,
          0.906308
        ],
        [
          0.0,
          1.0,
          0.0
        ],
        [
          -0.906308,
          0.0,
          0.422618
        ],
        [
          255.802,
          0.0,
          210.705
        ]
      ]
    },
    {
      "name": "zis5_tent_a",
      "tm": [
        [
          0.0871558,
          0.0,
          -0.996195
        ],
        [
          0.0,
          1.0,
          0.0
        ],
        [
          0.996195,
          0.0,
          0.0871558
        ],
        [
          296.773,
          0.0,
          176.435
        ]
      ]
    },
    {
      "name": "gaz_m1_a",
      "tm": [
        [
          -4.37114e-8,
          0.0,
          -1.0
        ],
        [
          0.0,
          1.0,
          0.0
        ],
        [
          1.0,
          0.0,
          -4.37114e-8
        ],
        [
          -60.2845,
          0.0,
          310.734
        ]
      ]
    },
    {
      "name": "gaz67_a",
      "tm": [
        [
          -4.37114e-8,
          0.0,
          -1.0
        ],
        [
          0.0,
          1.0,
          0.0
        ],
        [
          1.0,
          0.0,
          -4.37114e-8
        ],
        [
          -24.9064,
          0.0,
          312.704
        ]
      ]
    },
    {
      "name": "zis5_a",
      "tm": [
        [
          -4.37114e-8,
          0.0,
          1.0
        ],
        [
          0.0,
          1.0,
          0.0
        ],
        [
          -1.0,
          0.0,
          -4.37114e-8
        ],
        [
          -53.8718,
          0.0,
          310.536
        ]
      ]
    },
    {
      "name": "studebaker_us6_a",
      "tm": [
        [
          1.0,
          0.0,
          0.0
        ],
        [
          0.0,
          1.0,
          0.0
        ],
        [
          0.0,
          0.0,
          1.0
        ],
        [
          -713.886,
          0.0,
          -149.441
        ]
      ]
    },
    {
      "name": "zis5_a",
      "tm": [
        [
          -4.37114e-8,
          0.0,
          1.0
        ],
        [
          0.0,
          1.0,
          0.0
        ],
        [
          -1.0,
          0.0,
          -4.37114e-8
        ],
        [
          650.122,
          0.0,
          -198.258
        ]
      ]
    },
    {
      "name": "zis5_tent_a",
      "tm": [
        [
          -4.37114e-8,
          0.0,
          -1.0
        ],
        [
          0.0,
          1.0,
          0.0
        ],
        [
          1.0,
          0.0,
          -4.37114e-8
        ],
        [
          637.77,
          0.0,
          -198.314
        ]
      ]
    },
    {
      "name": "gaz67_a",
      "tm": [
        [
          1.0,
          0.0,
          0.0
        ],
        [
          0.0,
          1.0,
          0.0
        ],
        [
          0.0,
          0.0,
          1.0
        ],
        [
          -431.022,
          0.0,
          -246.267
        ]
      ]
    },
    {
      "name": "gaz_m1_a",
      "tm": [
        [
          1.0,
          0.0,
          0.0
        ],
        [
          0.0,
          1.0,
          0.0
        ],
        [
          0.0,
          0.0,
          1.0
        ],
        [
          -431.838,
          0.0,
          -240.738
        ]
      ]
    },
    {
      "name": "zis5_a",
      "tm": [
        [
          1.0,
          0.0,
          0.0
        ],
        [
          0.0,
          1.0,
          0.0
        ],
        [
          0.0,
          0.0,
          1.0
        ],
        [
          92.6164,
          0.0,
          -195.083
        ]
      ]
    },
    {
      "name": "gaz_m1_a",
      "tm": [
        [
          1.0,
          0.0,
          0.0
        ],
        [
          0.0,
          1.0,
          0.0
        ],
        [
          0.0,
          0.0,
          1.0
        ],
        [
          -517.79,
          0.0,
          214.105
        ]
      ]
    },
    {
      "name": "universal_airfield_tent_b",
      "tm": [
        [
          0.0871557,
          0.0,
          -0.996195
        ],
        [
          0.0,
          1.0,
          0.0
        ],
        [
          0.996195,
          0.0,
          0.0871557
        ],
        [
          -75.8174,
          0.0,
          326.033
        ]
      ]
    },
    {
      "name": "universal_airfield_table_a",
      "tm": [
        [
          0.0871557,
          0.0,
          -0.996195
        ],
        [
          0.0,
          1.0,
          0.0
        ],
        [
          0.996195,
          0.0,
          0.0871557
        ],
        [
          -75.8174,
          0.0,
          326.033
        ]
      ]
    },
    {
      "name": "universal_airfield_table_a",
      "tm": [
        [
          -0.173648,
          0.0,
          -0.984808
        ],
        [
          0.0,
          1.0,
          0.0
        ],
        [
          0.984808,
          0.0,
          -0.173648
        ],
        [
          -617.276,
          0.0,
          -291.036
        ]
      ]
    },
    {
      "name": "universal_airfield_tent_b",
      "tm": [
        [
          -0.173648,
          0.0,
          -0.984808
        ],
        [
          0.0,
          1.0,
          0.0
        ],
        [
          0.984808,
          0.0,
          -0.173648
        ],
        [
          -617.276,
          0.0,
          -291.036
        ]
      ]
    },
    {
      "name": "universal_airfield_table_a",
      "tm": [
        [
          0.0871556,
          0.0,
          -0.996195
        ],
        [
          0.0,
          1.0,
          0.0
        ],
        [
          0.996195,
          0.0,
          0.0871556
        ],
        [
          -520.86,
          0.0,
          -319.359
        ]
      ]
    },
    {
      "name": "universal_airfield_tent_b",
      "tm": [
        [
          0.0871556,
          0.0,
          -0.996195
        ],
        [
          0.0,
          1.0,
          0.0
        ],
        [
          0.996195,
          0.0,
          0.0871556
        ],
        [
          -520.86,
          0.0,
          -319.359
        ]
      ]
    },
    {
      "name": "universal_airfield_barrack_c",
      "tm": [
        [
          -1.0,
          0.0,
          1.50996e-7
        ],
        [
          0.0,
          1.0,
          0.0
        ],
        [
          -1.50996e-7,
          0.0,
          -1.0
        ],
        [
          675.862,
          0.0,
          -222.017
        ]
      ]
    },
    {
      "name": "universal_airfield_barrack_d",
      "tm": [
        [
          7.54979e-8,
          0.0,
          1.0
        ],
        [
          0.0,
          1.0,
          0.0
        ],
        [
          -1.0,
          0.0,
          7.54979e-8
        ],
        [
          604.858,
          0.0,
          -214.266
        ]
      ]
    },
    {
      "name": "universal_airfield_barrack_g",
      "tm": [
        [
          -4.37114e-8,
          0.0,
          1.0
        ],
        [
          0.0,
          1.0,
          0.0
        ],
        [
          -1.0,
          0.0,
          -4.37114e-8
        ],
        [
          627.448,
          0.0,
          -218.711
        ]
      ]
    },
    {
      "name": "universal_airfield_barrack_b",
      "tm": [
        [
          1.0,
          0.0,
          0.0
        ],
        [
          0.0,
          1.0,
          0.0
        ],
        [
          0.0,
          0.0,
          1.0
        ],
        [
          91.8376,
          0.0,
          -215.501
        ]
      ]
    },
    {
      "name": "universal_airfield_barrack_e",
      "tm": [
        [
          -1.0,
          0.0,
          -8.74228e-8
        ],
        [
          0.0,
          1.0,
          0.0
        ],
        [
          8.74228e-8,
          0.0,
          -1.0
        ],
        [
          76.5187,
          0.0,
          -249.948
        ]
      ]
    },
    {
      "name": "universal_airfield_barrack_e",
      "tm": [
        [
          -1.0,
          0.0,
          -8.74228e-8
        ],
        [
          0.0,
          1.0,
          0.0
        ],
        [
          8.74228e-8,
          0.0,
          -1.0
        ],
        [
          -180.856,
          0.0,
          -322.219
        ]
      ]
    },
    {
      "name": "universal_airfield_barrack_e",
      "tm": [
        [
          -1.0,
          0.0,
          -8.74228e-8
        ],
        [
          0.0,
          1.0,
          0.0
        ],
        [
          8.74228e-8,
          0.0,
          -1.0
        ],
        [
          -206.058,
          0.0,
          -322.219
        ]
      ]
    },
    {
      "name": "universal_airfield_barrack_e",
      "tm": [
        [
          -1.0,
          0.0,
          -8.74228e-8
        ],
        [
          0.0,
          1.0,
          0.0
        ],
        [
          8.74228e-8,
          0.0,
          -1.0
        ],
        [
          -232.424,
          0.0,
          -322.219
        ]
      ]
    },
    {
      "name": "universal_airfield_barrack_a",
      "tm": [
        [
          1.0,
          0.0,
          0.0
        ],
        [
          0.0,
          1.0,
          0.0
        ],
        [
          0.0,
          0.0,
          1.0
        ],
        [
          -361.047,
          0.0,
          -197.474
        ]
      ]
    },
    {
      "name": "universal_airfield_barrack_d",
      "tm": [
        [
          1.0,
          0.0,
          0.0
        ],
        [
          0.0,
          1.0,
          0.0
        ],
        [
          0.0,
          0.0,
          1.0
        ],
        [
          -732.381,
          0.0,
          -160.003
        ]
      ]
    },
    {
      "name": "universal_airfield_barrack_b",
      "tm": [
        [
          -0.707107,
          0.0,
          0.707107
        ],
        [
          0.0,
          1.0,
          0.0
        ],
        [
          -0.707107,
          0.0,
          -0.707107
        ],
        [
          -699.168,
          0.0,
          209.698
        ]
      ]
    },
    {
      "name": "universal_airfield_barrack_f",
      "tm": [
        [
          0.642788,
          0.0,
          -0.766044
        ],
        [
          0.0,
          1.0,
          0.0
        ],
        [
          0.766044,
          0.0,
          0.642788
        ],
        [
          -720.955,
          0.0,
          229.24
        ]
      ]
    },
    {
      "name": "universal_airfield_barrack_a",
      "tm": [
        [
          -0.5,
          0.0,
          0.866025
        ],
        [
          0.0,
          1.0,
          0.0
        ],
        [
          -0.866025,
          0.0,
          -0.5
        ],
        [
          -722.353,
          0.0,
          261.548
        ]
      ]
    },
    {
      "name": "universal_airfield_barrack_c",
      "tm": [
        [
          -0.866025,
          0.0,
          -0.5
        ],
        [
          0.0,
          1.0,
          0.0
        ],
        [
          0.5,
          0.0,
          -0.866025
        ],
        [
          -770.401,
          0.0,
          261.026
        ]
      ]
    },
    {
      "name": "universal_airfield_barrack_e",
      "tm": [
        [
          -4.37114e-8,
          0.0,
          1.0
        ],
        [
          0.0,
          1.0,
          0.0
        ],
        [
          -1.0,
          0.0,
          -4.37114e-8
        ],
        [
          -525.697,
          0.0,
          275.713
        ]
      ]
    },
    {
      "name": "universal_airfield_tent_g",
      "tm": [
        [
          -4.37114e-8,
          0.0,
          -1.0
        ],
        [
          0.0,
          1.0,
          0.0
        ],
        [
          1.0,
          0.0,
          -4.37114e-8
        ],
        [
          -421.004,
          0.0,
          -262.869
        ]
      ]
    },
    {
      "name": "universal_airfield_tent_g",
      "tm": [
        [
          0.984808,
          0.0,
          -0.173648
        ],
        [
          0.0,
          1.0,
          0.0
        ],
        [
          0.173648,
          0.0,
          0.984808
        ],
        [
          -461.65,
          0.0,
          -265.641
        ]
      ]
    },
    {
      "name": "universal_airfield_tent_a",
      "tm": [
        [
          0.0871558,
          0.0,
          0.996195
        ],
        [
          0.0,
          1.0,
          0.0
        ],
        [
          -0.996195,
          0.0,
          0.0871558
        ],
        [
          -458.479,
          0.0,
          -234.279
        ]
      ]
    },
    {
      "name": "universal_airfield_tent_a",
      "tm": [
        [
          -0.996195,
          0.0,
          0.0871559
        ],
        [
          0.0,
          1.0,
          0.0
        ],
        [
          -0.0871559,
          0.0,
          -0.996195
        ],
        [
          -483.885,
          0.0,
          -320.484
        ]
      ]
    },
    {
      "name": "universal_airfield_tent_e",
      "tm": [
        [
          0.906308,
          0.0,
          -0.422618
        ],
        [
          0.0,
          1.0,
          0.0
        ],
        [
          0.422618,
          0.0,
          0.906308
        ],
        [
          -316.095,
          0.0,
          -288.557
        ]
      ]
    },
    {
      "name": "universal_airfield_tent_e",
      "tm": [
        [
          7.54979e-8,
          0.0,
          -1.0
        ],
        [
          0.0,
          1.0,
          0.0
        ],
        [
          1.0,
          0.0,
          7.54979e-8
        ],
        [
          -336.246,
          0.0,
          -288.239
        ]
      ]
    },
    {
      "name": "universal_airfield_tent_e",
      "tm": [
        [
          7.54979e-8,
          0.0,
          -1.0
        ],
        [
          0.0,
          1.0,
          0.0
        ],
        [
          1.0,
          0.0,
          7.54979e-8
        ],
        [
          -535.826,
          0.0,
          -281.158
        ]
      ]
    },
    {
      "name": "universal_airfield_tent_e",
      "tm": [
        [
          0.965926,
          0.0,
          -0.258819
        ],
        [
          0.0,
          1.0,
          0.0
        ],
        [
          0.258819,
          0.0,
          0.965926
        ],
        [
          -524.438,
          0.0,
          -229.67
        ]
      ]
    },
    {
      "name": "universal_airfield_tent_e",
      "tm": [
        [
          0.173648,
          0.0,
          -0.984808
        ],
        [
          0.0,
          1.0,
          0.0
        ],
        [
          0.984808,
          0.0,
          0.173648
        ],
        [
          -560.069,
          0.0,
          -248.722
        ]
      ]
    },
    {
      "name": "universal_airfield_tent_e",
      "tm": [
        [
          1.0,
          0.0,
          0.0
        ],
        [
          0.0,
          1.0,
          0.0
        ],
        [
          0.0,
          0.0,
          1.0
        ],
        [
          -561.697,
          0.0,
          -228.998
        ]
      ]
    },
    {
      "name": "universal_airfield_tent_e",
      "tm": [
        [
          -1.0,
          0.0,
          1.50996e-7
        ],
        [
          0.0,
          1.0,
          0.0
        ],
        [
          -1.50996e-7,
          0.0,
          -1.0
        ],
        [
          -579.177,
          0.0,
          -229.207
        ]
      ]
    },
    {
      "name": "universal_airfield_tent_e",
      "tm": [
        [
          -0.996195,
          0.0,
          -0.0871556
        ],
        [
          0.0,
          1.0,
          0.0
        ],
        [
          0.0871556,
          0.0,
          -0.996195
        ],
        [
          -596.671,
          0.0,
          -229.283
        ]
      ]
    },
    {
      "name": "universal_airfield_tent_e",
      "tm": [
        [
          -0.984808,
          0.0,
          0.173648
        ],
        [
          0.0,
          1.0,
          0.0
        ],
        [
          -0.173648,
          0.0,
          -0.984808
        ],
        [
          -616.161,
          0.0,
          -229.265
        ]
      ]
    },
    {
      "name": "universal_airfield_tent_e",
      "tm": [
        [
          1.0,
          0.0,
          0.0
        ],
        [
          0.0,
          1.0,
          0.0
        ],
        [
          0.0,
          0.0,
          1.0
        ],
        [
          -616.823,
          0.0,
          -244.469
        ]
      ]
    },
    {
      "name": "universal_airfield_tent_e",
      "tm": [
        [
          0.996195,
          0.0,
          0.0871557
        ],
        [
          0.0,
          1.0,
          0.0
        ],
        [
          -0.0871557,
          0.0,
          0.996195
        ],
        [
          -634.619,
          0.0,
          -251.957
        ]
      ]
    },
    {
      "name": "universal_airfield_tent_e",
      "tm": [
        [
          -1.0,
          0.0,
          -1.50996e-7
        ],
        [
          0.0,
          1.0,
          0.0
        ],
        [
          1.50996e-7,
          0.0,
          -1.0
        ],
        [
          -635.118,
          0.0,
          -265.967
        ]
      ]
    },
    {
      "name": "universal_airfield_tent_e",
      "tm": [
        [
          -1.0,
          0.0,
          -1.50996e-7
        ],
        [
          0.0,
          1.0,
          0.0
        ],
        [
          1.50996e-7,
          0.0,
          -1.0
        ],
        [
          -593.893,
          0.0,
          -264.5
        ]
      ]
    },
    {
      "name": "universal_airfield_tent_e",
      "tm": [
        [
          -0.0871556,
          0.0,
          -0.996195
        ],
        [
          0.0,
          1.0,
          0.0
        ],
        [
          0.996195,
          0.0,
          -0.0871556
        ],
        [
          -653.074,
          0.0,
          -286.678
        ]
      ]
    },
    {
      "name": "universal_airfield_tent_e",
      "tm": [
        [
          1.19249e-8,
          0.0,
          1.0
        ],
        [
          0.0,
          1.0,
          0.0
        ],
        [
          -1.0,
          0.0,
          1.19249e-8
        ],
        [
          -676.874,
          0.0,
          -273.02
        ]
      ]
    },
    {
      "name": "universal_airfield_tent_e",
      "tm": [
        [
          0.0871558,
          0.0,
          -0.996195
        ],
        [
          0.0,
          1.0,
          0.0
        ],
        [
          0.996195,
          0.0,
          0.0871558
        ],
        [
          -680.001,
          0.0,
          -247.993
        ]
      ]
    },
    {
      "name": "universal_airfield_tent_e",
      "tm": [
        [
          -0.642787,
          0.0,
          -0.766045
        ],
        [
          0.0,
          1.0,
          0.0
        ],
        [
          0.766045,
          0.0,
          -0.642787
        ],
        [
          -865.425,
          0.0,
          -310.49
        ]
      ]
    },
    {
      "name": "universal_airfield_tent_e",
      "tm": [
        [
          0.866025,
          0.0,
          0.5
        ],
        [
          0.0,
          1.0,
          0.0
        ],
        [
          -0.5,
          0.0,
          0.866025
        ],
        [
          -829.51,
          0.0,
          -288.037
        ]
      ]
    },
    {
      "name": "universal_airfield_tent_d",
      "tm": [
        [
          1.0,
          0.0,
          0.0
        ],
        [
          0.0,
          1.0,
          0.0
        ],
        [
          0.0,
          0.0,
          1.0
        ],
        [
          -310.219,
          0.0,
          -278.238
        ]
      ]
    },
    {
      "name": "universal_airfield_tent_d",
      "tm": [
        [
          -4.37114e-8,
          0.0,
          1.0
        ],
        [
          0.0,
          1.0,
          0.0
        ],
        [
          -1.0,
          0.0,
          -4.37114e-8
        ],
        [
          -535.868,
          0.0,
          -294.081
        ]
      ]
    },
    {
      "name": "universal_airfield_tent_d",
      "tm": [
        [
          1.0,
          0.0,
          0.0
        ],
        [
          0.0,
          1.0,
          0.0
        ],
        [
          0.0,
          0.0,
          1.0
        ],
        [
          -559.367,
          0.0,
          -273.982
        ]
      ]
    },
    {
      "name": "universal_airfield_tent_d",
      "tm": [
        [
          -4.37114e-8,
          0.0,
          1.0
        ],
        [
          0.0,
          1.0,
          0.0
        ],
        [
          -1.0,
          0.0,
          -4.37114e-8
        ],
        [
          -576.787,
          0.0,
          -288.077
        ]
      ]
    },
    {
      "name": "universal_airfield_tent_d",
      "tm": [
        [
          -1.0,
          0.0,
          -8.74228e-8
        ],
        [
          0.0,
          1.0,
          0.0
        ],
        [
          8.74228e-8,
          0.0,
          -1.0
        ],
        [
          -596.482,
          0.0,
          -278.874
        ]
      ]
    },
    {
      "name": "universal_airfield_tent_d",
      "tm": [
        [
          1.0,
          0.0,
          2.23517e-7
        ],
        [
          0.0,
          1.0,
          0.0
        ],
        [
          -2.23517e-7,
          0.0,
          1.0
        ],
        [
          -597.162,
          0.0,
          -244.384
        ]
      ]
    },
    {
      "name": "universal_airfield_tent_d",
      "tm": [
        [
          -2.8213e-7,
          0.0,
          1.0
        ],
        [
          0.0,
          1.0,
          0.0
        ],
        [
          -1.0,
          0.0,
          -2.8213e-7
        ],
        [
          -635.223,
          0.0,
          -283.881
        ]
      ]
    },
    {
      "name": "universal_airfield_tent_d",
      "tm": [
        [
          0.984808,
          0.0,
          0.173648
        ],
        [
          0.0,
          1.0,
          0.0
        ],
        [
          -0.173648,
          0.0,
          0.984808
        ],
        [
          -650.684,
          0.0,
          -258.518
        ]
      ]
    },
    {
      "name": "universal_airfield_tent_d",
      "tm": [
        [
          -0.996195,
          0.0,
          0.0871554
        ],
        [
          0.0,
          1.0,
          0.0
        ],
        [
          -0.0871554,
          0.0,
          -0.996195
        ],
        [
          -650.683,
          0.0,
          -244.843
        ]
      ]
    },
    {
      "name": "universal_airfield_tent_d",
      "tm": [
        [
          -0.996195,
          0.0,
          -0.087156
        ],
        [
          0.0,
          1.0,
          0.0
        ],
        [
          0.087156,
          0.0,
          -0.996195
        ],
        [
          -634.296,
          0.0,
          -229.384
        ]
      ]
    },
    {
      "name": "universal_airfield_tent_d",
      "tm": [
        [
          0.0871562,
          0.0,
          -0.996195
        ],
        [
          0.0,
          1.0,
          0.0
        ],
        [
          0.996195,
          0.0,
          0.0871562
        ],
        [
          -642.189,
          0.0,
          -317.391
        ]
      ]
    },
    {
      "name": "universal_airfield_tent_d",
      "tm": [
        [
          -0.34202,
          0.0,
          -0.939693
        ],
        [
          0.0,
          1.0,
          0.0
        ],
        [
          0.939693,
          0.0,
          -0.34202
        ],
        [
          -670.625,
          0.0,
          -311.637
        ]
      ]
    },
    {
      "name": "universal_airfield_tent_d",
      "tm": [
        [
          0.5,
          0.0,
          -0.866025
        ],
        [
          0.0,
          1.0,
          0.0
        ],
        [
          0.866025,
          0.0,
          0.5
        ],
        [
          -826.307,
          0.0,
          -318.767
        ]
      ]
    },
    {
      "name": "universal_airfield_tent_f",
      "tm": [
        [
          1.0,
          0.0,
          0.0
        ],
        [
          0.0,
          1.0,
          0.0
        ],
        [
          0.0,
          0.0,
          1.0
        ],
        [
          -324.319,
          0.0,
          -274.022
        ]
      ]
    },
    {
      "name": "universal_airfield_tent_f",
      "tm": [
        [
          1.0,
          0.0,
          0.0
        ],
        [
          0.0,
          1.0,
          0.0
        ],
        [
          0.0,
          0.0,
          1.0
        ],
        [
          -521.676,
          0.0,
          -241.102
        ]
      ]
    },
    {
      "name": "universal_airfield_tent_f",
      "tm": [
        [
          0.819152,
          0.0,
          -0.573576
        ],
        [
          0.0,
          1.0,
          0.0
        ],
        [
          0.573576,
          0.0,
          0.819152
        ],
        [
          -533.81,
          0.0,
          -240.938
        ]
      ]
    },
    {
      "name": "universal_airfield_tent_f",
      "tm": [
        [
          0.422618,
          0.0,
          -0.906308
        ],
        [
          0.0,
          1.0,
          0.0
        ],
        [
          0.906308,
          0.0,
          0.422618
        ],
        [
          -609.779,
          0.0,
          -269.476
        ]
      ]
    },
    {
      "name": "universal_airfield_tent_f",
      "tm": [
        [
          0.996195,
          0.0,
          0.0871557
        ],
        [
          0.0,
          1.0,
          0.0
        ],
        [
          -0.0871557,
          0.0,
          0.996195
        ],
        [
          -616.875,
          0.0,
          -259.448
        ]
      ]
    },
    {
      "name": "universal_airfield_tent_f",
      "tm": [
        [
          0.819152,
          0.0,
          -0.573576
        ],
        [
          0.0,
          1.0,
          0.0
        ],
        [
          0.573576,
          0.0,
          0.819152
        ],
        [
          -654.231,
          0.0,
          -309.596
        ]
      ]
    },
    {
      "name": "universal_airfield_tent_f",
      "tm": [
        [
          0.5,
          0.0,
          -0.866025
        ],
        [
          0.0,
          1.0,
          0.0
        ],
        [
          0.866025,
          0.0,
          0.5
        ],
        [
          -834.058,
          0.0,
          -329.961
        ]
      ]
    },
    {
      "name": "universal_airfield_tent_i",
      "tm": [
        [
          0.965926,
          0.0,
          -0.258819
        ],
        [
          0.0,
          1.0,
          0.0
        ],
        [
          0.258819,
          0.0,
          0.965926
        ],
        [
          -326.183,
          0.0,
          -294.671
        ]
      ]
    },
    {
      "name": "universal_airfield_tent_i",
      "tm": [
        [
          1.0,
          0.0,
          -1.49012e-8
        ],
        [
          0.0,
          1.0,
          0.0
        ],
        [
          1.49012e-8,
          0.0,
          1.0
        ],
        [
          -584.671,
          0.0,
          -273.722
        ]
      ]
    },
    {
      "name": "universal_airfield_tent_i",
      "tm": [
        [
          -0.996195,
          0.0,
          0.0871559
        ],
        [
          0.0,
          1.0,
          0.0
        ],
        [
          -0.0871559,
          0.0,
          -0.996195
        ],
        [
          -596.886,
          0.0,
          -289.778
        ]
      ]
    },
    {
      "name": "universal_airfield_tent_i",
      "tm": [
        [
          -0.996195,
          0.0,
          0.0871559
        ],
        [
          0.0,
          1.0,
          0.0
        ],
        [
          -0.0871559,
          0.0,
          -0.996195
        ],
        [
          -649.556,
          0.0,
          -269.415
        ]
      ]
    },
    {
      "name": "universal_airfield_tent_i",
      "tm": [
        [
          -0.906308,
          0.0,
          -0.422618
        ],
        [
          0.0,
          1.0,
          0.0
        ],
        [
          0.422618,
          0.0,
          -0.906308
        ],
        [
          -843.943,
          0.0,
          -322.459
        ]
      ]
    },
    {
      "name": "universal_airfield_sandbags_b",
      "tm": [
        [
          -0.766044,
          0.0,
          0.642788
        ],
        [
          0.0,
          1.0,
          0.0
        ],
        [
          -0.642788,
          0.0,
          -0.766044
        ],
        [
          -701.469,
          0.0,
          -184.723
        ]
      ]
    },
    {
      "name": "universal_airfield_sandbags_a",
      "tm": [
        [
          0.258819,
          0.0,
          -0.965926
        ],
        [
          0.0,
          1.0,
          0.0
        ],
        [
          0.965926,
          0.0,
          0.258819
        ],
        [
          -506.095,
          0.0,
          -311.454
        ]
      ]
    },
    {
      "name": "universal_airfield_sandbags_a",
      "tm": [
        [
          0.5,
          0.0,
          0.866025
        ],
        [
          0.0,
          1.0,
          0.0
        ],
        [
          -0.866025,
          0.0,
          0.5
        ],
        [
          -499.226,
          0.0,
          -312.396
        ]
      ]
    },
    {
      "name": "universal_airfield_tent_a",
      "tm": [
        [
          1.0,
          0.0,
          0.0
        ],
        [
          0.0,
          1.0,
          0.0
        ],
        [
          0.0,
          0.0,
          1.0
        ],
        [
          -48.3213,
          0.0,
          324.2
        ]
      ]
    },
    {
      "name": "universal_airfield_tent_g",
      "tm": [
        [
          -0.996195,
          0.0,
          0.0871559
        ],
        [
          0.0,
          1.0,
          0.0
        ],
        [
          -0.0871559,
          0.0,
          -0.996195
        ],
        [
          -21.304,
          0.0,
          324.728
        ]
      ]
    },
    {
      "name": "universal_airfield_tower_c",
      "tm": [
        [
          1.0,
          0.0,
          0.0
        ],
        [
          0.0,
          1.0,
          0.0
        ],
        [
          0.0,
          0.0,
          1.0
        ],
        [
          -846.843,
          0.0,
          -296.742
        ]
      ]
    },
    {
      "name": "universal_airfield_tower_b",
      "tm": [
        [
          0.996195,
          0.0,
          0.0871557
        ],
        [
          0.0,
          1.0,
          0.0
        ],
        [
          -0.0871557,
          0.0,
          0.996195
        ],
        [
          233.63,
          0.0,
          175.893
        ]
      ]
    },
    {
      "name": "universal_airfield_hangar_d",
      "tm": [
        [
          1.0,
          0.0,
          0.0
        ],
        [
          0.0,
          1.0,
          0.0
        ],
        [
          0.0,
          0.0,
          1.0
        ],
        [
          -525.423,
          0.0,
          226.908
        ]
      ]
    },
    {
      "name": "universal_airfield_tower_a",
      "tm": [
        [
          0.984808,
          0.0,
          -0.173648
        ],
        [
          0.0,
          1.0,
          0.0
        ],
        [
          0.173648,
          0.0,
          0.984808
        ],
        [
          -687.577,
          0.0,
          -149.598
        ]
      ]
    },
    {
      "name": "universal_airfield_hangar_c",
      "tm": [
        [
          1.0,
          0.0,
          0.0
        ],
        [
          0.0,
          1.0,
          0.0
        ],
        [
          0.0,
          0.0,
          1.0
        ],
        [
          -109.942,
          0.0,
          282.896
        ]
      ]
    },
    {
      "name": "universal_airfield_hangar_c",
      "tm": [
        [
          -1.0,
          0.0,
          -8.74228e-8
        ],
        [
          0.0,
          1.0,
          0.0
        ],
        [
          8.74228e-8,
          0.0,
          -1.0
        ],
        [
          -173.293,
          0.0,
          284.91
        ]
      ]
    },
    {
      "name": "universal_airfield_hangar_c",
      "tm": [
        [
          -1.0,
          0.0,
          -8.74228e-8
        ],
        [
          0.0,
          1.0,
          0.0
        ],
        [
          8.74228e-8,
          0.0,
          -1.0
        ],
        [
          -238.431,
          0.0,
          284.91
        ]
      ]
    },
    {
      "name": "universal_airfield_hangar_c",
      "tm": [
        [
          1.0,
          0.0,
          1.74846e-7
        ],
        [
          0.0,
          1.0,
          0.0
        ],
        [
          -1.74846e-7,
          0.0,
          1.0
        ],
        [
          -325.649,
          0.0,
          283.773
        ]
      ]
    },
    {
      "name": "universal_airfield_hangar_c",
      "tm": [
        [
          1.0,
          0.0,
          1.74846e-7
        ],
        [
          0.0,
          1.0,
          0.0
        ],
        [
          -1.74846e-7,
          0.0,
          1.0
        ],
        [
          -391.739,
          0.0,
          288.035
        ]
      ]
    },
    {
      "name": "universal_airfield_hangar_c",
      "tm": [
        [
          -1.0,
          0.0,
          -2.38498e-8
        ],
        [
          0.0,
          1.0,
          0.0
        ],
        [
          2.38498e-8,
          0.0,
          -1.0
        ],
        [
          -451.163,
          0.0,
          288.75
        ]
      ]
    },
    {
      "name": "universal_airfield_sandbags_b",
      "tm": [
        [
          0.939693,
          0.0,
          0.34202
        ],
        [
          0.0,
          1.0,
          0.0
        ],
        [
          -0.34202,
          0.0,
          0.939693
        ],
        [
          218.976,
          0.0,
          193.682
        ]
      ]
    },
    {
      "name": "universal_airfield_sandbags_a",
      "tm": [
        [
          -1.0,
          0.0,
          1.50996e-7
        ],
        [
          0.0,
          1.0,
          0.0
        ],
        [
          -1.50996e-7,
          0.0,
          -1.0
        ],
        [
          320.531,
          0.0,
          180.582
        ]
      ]
    },
    {
      "name": "universal_airfield_sandbags_a",
      "tm": [
        [
          -0.996195,
          0.0,
          0.0871559
        ],
        [
          0.0,
          1.0,
          0.0
        ],
        [
          -0.0871559,
          0.0,
          -0.996195
        ],
        [
          320.195,
          0.0,
          193.081
        ]
      ]
    },
    {
      "name": "universal_airfield_shed_a",
      "tm": [
        [
          -0.939693,
          0.0,
          0.34202
        ],
        [
          0.0,
          1.0,
          0.0
        ],
        [
          -0.34202,
          0.0,
          -0.939693
        ],
        [
          -507.032,
          0.0,
          -323.885
        ]
      ]
    },
    {
      "name": "universal_airfield_tent_c",
      "tm": [
        [
          1.0,
          0.0,
          0.0
        ],
        [
          0.0,
          1.0,
          0.0
        ],
        [
          0.0,
          0.0,
          1.0
        ],
        [
          -457.262,
          0.0,
          -291.24
        ]
      ]
    },
    {
      "name": "universal_airfield_tower_b",
      "tm": [
        [
          1.94707e-7,
          0.0,
          -1.0
        ],
        [
          0.0,
          1.0,
          0.0
        ],
        [
          1.0,
          0.0,
          1.94707e-7
        ],
        [
          -416.8,
          0.0,
          -289.262
        ]
      ]
    },
    {
      "name": "universal_airfield_sandbags_a",
      "tm": [
        [
          -1.62921e-7,
          0.0,
          -1.0
        ],
        [
          0.0,
          1.0,
          0.0
        ],
        [
          1.0,
          0.0,
          -1.62921e-7
        ],
        [
          -711.871,
