{
  "className": "composit",
  "size": [
    2048.0,
    256.0
  ],
  "airfield": {
    "start": [
      835.0,
      0.0,
      30.0
    ],
    "end": [
      -835.0,
      0.0,
      30.0
    ],
    "width": 140.0,
    "spawn": [
      [
        720.0,
        0.0,
        30.5
      ],
      [
        720.0,
        0.0,
        50.5
      ],
      [
        720.0,
        0.0,
        10.5
      ],
      [
        700.0,
        0.0,
        30.5
      ],
      [
        700.0,
        0.0,
        50.5
      ],
      [
        700.0,
        0.0,
        10.5
      ],
      [
        680.0,
        0.0,
        30.5
      ],
      [
        680.0,
        0.0,
        50.5
      ],
      [
        680.0,
        0.0,
        10.5
      ],
      [
        660.0,
        0.0,
        30.5
      ],
      [
        660.0,
        0.0,
        50.5
      ],
      [
        660.0,
        0.0,
        10.5
      ],
      [
        720.0,
        0.0,
        70.5
      ],
      [
        700.0,
        0.0,
        70.5
      ],
      [
        680.0,
        0.0,
        70.5
      ],
      [
        720.0,
        0.0,
        -9.5
      ],
      [
        700.0,
        0.0,
        -9.5
      ],
      [
        680.0,
        0.0,
        -9.5
      ]
    ],
    "repairTags": {
      "type_attack_helicopter": false,
      "type_utility_helicopter": false
    }
  },
  "storage": {
    "start": [
      -205.0,
      0.0,
      -240.0
    ],
    "end": [
      -350.0,
      0.0,
      -240.0
    ],
    "width": 120.0
  },
  "parking": {
    "start": [
      780.0,
      0.0,
      -190.0
    ],
    "end": [
      65.0,
      0.0,
      -190.0
    ],
    "width": 180.0
  },
  "dwelling": {
    "start": [
      470.0,
      0.0,
      230.0
    ],
    "end": [
      190.0,
      0.0,
      230.0
    ],
    "width": 140.0
  },
  "node": [
    {
      "name": "^^dynaf_universal_1line_a_mesh",
      "tm": [
        [
          1.0,
          0.0,
          0.0
        ],
        [
          0.0,
          1.0,
          0.0
        ],
        [
          0.0,
          0.0,
          1.0
        ],
        [
          0.0,
          0.0,
          0.0
        ]
      ]
    },
    {
      "name": "+NoTreesBox000",
      "tm": [
        [
          1500.0,
          0.0,
          0.0
        ],
        [
          0.0,
          15.0,
          0.0
        ],
        [
          0.0,
          0.0,
          343.0
        ],
        [
          36.0,
          0.0,
          31.0
        ]
      ]
    },
    {
      "name": "+NoTreesBox001",
      "tm": [
        [
          780.0,
          0.0,
          0.0
        ],
        [
          0.0,
          15.0,
          0.0
        ],
        [
          0.0,
          0.0,
          150.0
        ],
        [
          387.0,
          0.0,
          -194.0
        ]
      ]
    },
    {
      "name": "+NoTreesBox002",
      "tm": [
        [
          607.0,
          0.0,
          0.0
        ],
        [
          0.0,
          15.0,
          0.0
        ],
        [
          0.0,
          0.0,
          147.0
        ],
        [
          466.0,
          0.0,
          259.0
        ]
      ]
    },
    {
      "name": "zis5_tent_a",
      "tm": [
        [
          1.0,
          0.0,
          1.74846E-07
        ],
        [
          0.0,
          1.0,
          0.0
        ],
        [
          -1.74846E-07,
          0.0,
          1.0
        ],
        [
          -254.159,
          0.0,
          -258.957
        ]
      ]
    },
    {
      "name": "gaz_m1_a",
      "tm": [
        [
          -5.20549E-07,
          0.0,
          1.0
        ],
        [
          0.0,
          1.0,
          0.0
        ],
        [
          -1.0,
          0.0,
          -5.20549E-07
        ],
        [
          474.273,
          0.0,
          -159.113
        ]
      ]
    },
    {
      "name": "gaz67_a",
      "tm": [
        [
          -5.20549E-07,
          0.0,
          1.0
        ],
        [
          0.0,
          1.0,
          0.0
        ],
        [
          -1.0,
          0.0,
          -5.20549E-07
        ],
        [
          479.068,
          0.0,
          -158.417
        ]
      ]
    },
    {
      "name": "zis5_a",
      "tm": [
        [
          0.0871556,
          0.0,
          -0.996195
        ],
        [
          0.0,
          1.0,
          0.0
        ],
        [
          0.996195,
          0.0,
          0.0871556
        ],
        [
          485.036,
          0.0,
          -159.691
        ]
      ]
    },
    {
      "name": "studebaker_us6_a",
      "tm": [
        [
          -0.173648,
          0.0,
          0.984808
        ],
        [
          0.0,
          1.0,
          0.0
        ],
        [
          -0.984808,
          0.0,
          -0.173648
        ],
        [
          -543.979,
          0.0,
          310.698
        ]
      ]
    },
    {
      "name": "zis5_a",
      "tm": [
        [
          3.13916E-07,
          0.0,
          1.0
        ],
        [
          0.0,
          1.0,
          0.0
        ],
        [
          -1.0,
          0.0,
          3.13916E-07
        ],
        [
          -537.514,
          0.0,
          311.358
        ]
      ]
    },
    {
      "name": "zis5_tent_a",
      "tm": [
        [
          0.866025,
          0.0,
          -0.5
        ],
        [
          0.0,
          1.0,
          0.0
        ],
        [
          0.5,
          0.0,
          0.866025
        ],
        [
          594.914,
          0.0,
          286.723
        ]
      ]
    },
    {
      "name": "gaz67_a",
      "tm": [
        [
          -0.866025,
          0.0,
          0.5
        ],
        [
          0.0,
          1.0,
          0.0
        ],
        [
          -0.5,
          0.0,
          -0.866025
        ],
        [
          735.628,
          0.0,
          268.556
        ]
      ]
    },
    {
      "name": "gaz_m1_a",
      "tm": [
        [
          0.996195,
          0.0,
          -0.0871557
        ],
        [
          0.0,
          1.0,
          0.0
        ],
        [
          0.0871557,
          0.0,
          0.996195
        ],
        [
          424.504,
          0.0,
          218.277
        ]
      ]
    },
    {
      "name": "zis5_a",
      "tm": [
        [
          0.996195,
          0.0,
          -0.0871557
        ],
        [
          0.0,
          1.0,
          0.0
        ],
        [
          0.0871557,
          0.0,
          0.996195
        ],
        [
          424.796,
          0.0,
          210.873
        ]
      ]
    },
    {
      "name": "universal_airfield_tower_b",
      "tm": [
        [
          0.0871567,
          0.0,
          0.996195
        ],
        [
          0.0,
          1.0,
          0.0
        ],
        [
          -0.996195,
          0.0,
          0.0871567
        ],
        [
          -516.818,
          0.0,
          274.852
        ]
      ]
    },
    {
      "name": "universal_airfield_tent_b",
      "tm": [
        [
          0.965926,
          0.0,
          -0.258819
        ],
        [
          0.0,
          1.0,
          0.0
        ],
        [
          0.258819,
          0.0,
          0.965926
        ],
        [
          458.421,
          0.0,
          237.943
        ]
      ]
    },
    {
      "name": "universal_airfield_table_a",
      "tm": [
        [
          0.965926,
          0.0,
          -0.258819
        ],
        [
          0.0,
          1.0,
          0.0
        ],
        [
          0.258819,
          0.0,
          0.965926
        ],
        [
          458.325,
          0.0,
          237.966
        ]
      ]
    },
    {
      "name": "universal_airfield_table_a",
      "tm": [
        [
          0.0871558,
          0.0,
          -0.996195
        ],
        [
          0.0,
          1.0,
          0.0
        ],
        [
          0.996195,
          0.0,
          0.0871558
        ],
        [
          329.635,
          0.0,
          233.125
        ]
      ]
    },
    {
      "name": "universal_airfield_tent_b",
      "tm": [
        [
          0.0871558,
          0.0,
          -0.996195
        ],
        [
          0.0,
          1.0,
          0.0
        ],
        [
          0.996195,
          0.0,
          0.0871558
        ],
        [
          329.645,
          0.0,
          233.027
        ]
      ]
    },
    {
      "name": "universal_airfield_barrack_c",
      "tm": [
        [
          -4.37114E-08,
          0.0,
          1.0
        ],
        [
          0.0,
          1.0,
          0.0
        ],
        [
          -1.0,
          0.0,
          -4.37114E-08
        ],
        [
          -548.705,
          0.166084,
          322.999
        ]
      ]
    },
    {
      "name": "universal_airfield_barrack_d",
      "tm": [
        [
          1.0,
          0.0,
          0.0
        ],
        [
          0.0,
          1.0,
          0.0
        ],
        [
          0.0,
          0.0,
          1.0
        ],
        [
          -570.247,
          0.0,
          299.169
        ]
      ]
    },
    {
      "name": "universal_airfield_barrack_a",
      "tm": [
        [
          1.0,
          0.0,
          0.0
        ],
        [
          0.0,
          1.0,
          0.0
        ],
        [
          0.0,
          0.0,
          1.0
        ],
        [
          -518.893,
          0.0,
          306.43
        ]
      ]
    },
    {
      "name": "universal_airfield_shed_a",
      "tm": [
        [
          0.996195,
          0.0,
          0.0871556
        ],
        [
          0.0,
          1.0,
          0.0
        ],
        [
          -0.0871556,
          0.0,
          0.996195
        ],
        [
          -525.365,
          0.0,
          264.351
        ]
      ]
    },
    {
      "name": "universal_airfield_barrack_e",
      "tm": [
        [
          0.5,
          0.0,
          0.866025
        ],
        [
          0.0,
          1.0,
          0.0
        ],
        [
          -0.866025,
          0.0,
          0.5
        ],
        [
          577.525,
          0.0,
          266.558
        ]
      ]
    },
    {
      "name": "universal_airfield_barrack_e",
      "tm": [
        [
          0.5,
          0.0,
          0.866025
        ],
        [
          0.0,
          1.0,
          0.0
        ],
        [
          -0.866025,
          0.0,
          0.5
        ],
        [
          586.935,
          0.0,
          281.081
        ]
      ]
    },
    {
      "name": "universal_airfield_shed_a",
      "tm": [
        [
          0.965926,
          0.0,
          0.258819
        ],
        [
          0.0,
          1.0,
          0.0
        ],
        [
          -0.258819,
          0.0,
          0.965926
        ],
        [
          716.543,
          0.0,
          324.653
        ]
      ]
    },
    {
      "name": "universal_airfield_tent_e",
      "tm": [
        [
          1.0,
          0.0,
          0.0
        ],
        [
          0.0,
          1.0,
          0.0
        ],
        [
          0.0,
          0.0,
          1.0
        ],
        [
          229.501,
          0.0,
          214.334
        ]
      ]
    },
    {
      "name": "universal_airfield_tent_e",
      "tm": [
        [
          -1.0,
          0.0,
          -8.74228E-08
        ],
        [
          0.0,
          1.0,
          0.0
        ],
        [
          8.74228E-08,
          0.0,
          -1.0
        ],
        [
          231.515,
          0.0,
          223.399
        ]
      ]
    },
    {
      "name": "universal_airfield_tent_e",
      "tm": [
        [
          1.0,
          0.0,
          0.0
        ],
        [
          0.0,
          1.0,
          0.0
        ],
        [
          0.0,
          0.0,
          1.0
        ],
        [
          231.054,
          0.0,
          233.406
        ]
      ]
    },
    {
      "name": "universal_airfield_tent_e",
      "tm": [
        [
          1.0,
          0.0,
          0.0
        ],
        [
          0.0,
          1.0,
          0.0
        ],
        [
          0.0,
          0.0,
          1.0
        ],
        [
          230.593,
          0.0,
          242.165
        ]
      ]
    },
    {
      "name": "universal_airfield_tent_e",
      "tm": [
        [
          -0.996195,
          0.0,
          -0.0871558
        ],
        [
          0.0,
          1.0,
          0.0
        ],
        [
          0.0871558,
          0.0,
          -0.996195
        ],
        [
          243.93,
          0.0,
          243.017
        ]
      ]
    },
    {
      "name": "universal_airfield_tent_e",
      "tm": [
        [
          1.0,
          0.0,
          0.0
        ],
        [
          0.0,
          1.0,
          0.0
        ],
        [
          0.0,
          0.0,
          1.0
        ],
        [
          243.82,
          0.0,
          233.982
        ]
      ]
    },
    {
      "name": "universal_airfield_tent_e",
      "tm": [
        [
          1.0,
          0.0,
          0.0
        ],
        [
          0.0,
          1.0,
          0.0
        ],
        [
          0.0,
          0.0,
          1.0
        ],
        [
          258.001,
          0.0,
          222.478
        ]
      ]
    },
    {
      "name": "universal_airfield_tent_e",
      "tm": [
        [
          1.0,
          0.0,
          0.0
        ],
        [
          0.0,
          1.0,
          0.0
        ],
        [
          0.0,
          0.0,
          1.0
        ],
        [
          244.391,
          0.0,
          218.212
        ]
      ]
    },
    {
      "name": "universal_airfield_tent_e",
      "tm": [
        [
          -4.37114E-08,
          0.0,
          1.0
        ],
        [
          0.0,
          1.0,
          0.0
        ],
        [
          -1.0,
          0.0,
          -4.37114E-08
        ],
        [
          241.379,
          0.0,
          274.798
        ]
      ]
    },
    {
      "name": "universal_airfield_tent_e",
      "tm": [
        [
          -4.37114E-08,
          0.0,
          1.0
        ],
        [
          0.0,
          1.0,
          0.0
        ],
        [
          -1.0,
          0.0,
          -4.37114E-08
        ],
        [
          249.67,
          0.0,
          274.317
        ]
      ]
    },
    {
      "name": "universal_airfield_tent_e",
      "tm": [
        [
          -0.0871558,
          0.0,
          0.996195
        ],
        [
          0.0,
          1.0,
          0.0
        ],
        [
          -0.996195,
          0.0,
          -0.0871558
        ],
        [
          259.195,
          0.0,
          274.689
        ]
      ]
    },
    {
      "name": "universal_airfield_tent_e",
      "tm": [
        [
          0.173648,
          0.0,
          -0.984808
        ],
        [
          0.0,
          1.0,
          0.0
        ],
        [
          0.984808,
          0.0,
          0.173648
        ],
        [
          303.975,
          0.0,
          231.497
        ]
      ]
    },
    {
      "name": "universal_airfield_tent_e",
      "tm": [
        [
          -0.258819,
          0.0,
          0.965926
        ],
        [
          0.0,
          1.0,
          0.0
        ],
        [
          -0.965926,
          0.0,
          -0.258819
        ],
        [
          312.998,
          0.0,
          233.052
        ]
      ]
    },
    {
      "name": "universal_airfield_tent_e",
      "tm": [
        [
          -1.0,
          0.0,
          -8.74228E-08
        ],
        [
          0.0,
          1.0,
          0.0
        ],
        [
          8.74228E-08,
          0.0,
          -1.0
        ],
        [
          305.536,
          0.0,
          220.759
        ]
      ]
    },
    {
      "name": "universal_airfield_tent_e",
      "tm": [
        [
          1.0,
          0.0,
          0.0
        ],
        [
          0.0,
          1.0,
          0.0
        ],
        [
          0.0,
          0.0,
          1.0
        ],
        [
          317.653,
          0.0,
          220.642
        ]
      ]
    },
    {
      "name": "universal_airfield_tent_e",
      "tm": [
        [
          1.0,
          0.0,
          0.0
        ],
        [
          0.0,
          1.0,
          0.0
        ],
        [
          0.0,
          0.0,
          1.0
        ],
        [
          320.072,
          0.0,
          281.645
        ]
      ]
    },
    {
      "name": "universal_airfield_tent_e",
      "tm": [
        [
          -1.0,
          0.0,
          -8.74228E-08
        ],
        [
          0.0,
          1.0,
          0.0
        ],
        [
          8.74228E-08,
          0.0,
          -1.0
        ],
        [
          322.434,
          0.0,
          291.169
        ]
      ]
    },
    {
      "name": "universal_airfield_tent_e",
      "tm": [
        [
          1.0,
          0.0,
          0.0
        ],
        [
          0.0,
          1.0,
          0.0
        ],
        [
          0.0,
          0.0,
          1.0
        ],
        [
          336.671,
          0.0,
          289.917
        ]
      ]
    },
    {
      "name": "universal_airfield_tent_e",
      "tm": [
        [
          -1.0,
          0.0,
          -8.74228E-08
        ],
        [
          0.0,
          1.0,
          0.0
        ],
        [
          8.74228E-08,
          0.0,
          -1.0
        ],
        [
          336.331,
          0.0,
          282.005
        ]
      ]
    },
    {
      "name": "universal_airfield_tent_e",
      "tm": [
        [
          1.0,
          0.0,
          0.0
        ],
        [
          0.0,
          1.0,
          0.0
        ],
        [
          0.0,
          0.0,
          1.0
        ],
        [
          366.291,
          0.0,
          296.305
        ]
      ]
    },
    {
      "name": "universal_airfield_tent_e",
      "tm": [
        [
          -1.0,
          0.0,
          -8.74228E-08
        ],
        [
          0.0,
          1.0,
          0.0
        ],
        [
          8.74228E-08,
          0.0,
          -1.0
        ],
        [
          378.945,
          0.0,
          297.308
        ]
      ]
    },
    {
      "name": "universal_airfield_tent_e",
      "tm": [
        [
          1.0,
          0.0,
          0.0
        ],
        [
          0.0,
          1.0,
          0.0
        ],
        [
          0.0,
          0.0,
          1.0
        ],
        [
          371.607,
          0.0,
          277.384
        ]
      ]
    },
    {
      "name": "universal_airfield_tent_e",
      "tm": [
        [
          -1.0,
          0.0,
          -8.74228E-08
        ],
        [
          0.0,
          1.0,
          0.0
        ],
        [
          8.74228E-08,
          0.0,
          -1.0
        ],
        [
          385.2,
          0.0,
          277.466
        ]
      ]
    },
    {
      "name": "universal_airfield_tent_e",
      "tm": [
        [
          1.0,
          0.0,
          0.0
        ],
        [
          0.0,
          1.0,
          0.0
        ],
        [
          0.0,
          0.0,
          1.0
        ],
        [
          385.057,
          0.0,
          268.419
        ]
      ]
    },
    {
      "name": "universal_airfield_tent_e",
      "tm": [
        [
          0.766044,
          0.0,
          0.642788
        ],
        [
          0.0,
          1.0,
          0.0
        ],
        [
          -0.642788,
          0.0,
          0.766044
        ],
        [
          458.323,
          0.0,
          279.847
        ]
      ]
    },
    {
      "name": "universal_airfield_tent_d",
      "tm": [
        [
          1.0,
          0.0,
          0.0
        ],
        [
          0.0,
          1.0,
          0.0
        ],
        [
          0.0,
          0.0,
          1.0
        ],
        [
          243.641,
          0.0,
          206.412
        ]
      ]
    },
    {
      "name": "universal_airfield_tent_d",
      "tm": [
        [
          1.0,
          0.0,
          0.0
        ],
        [
          0.0,
          1.0,
          0.0
        ],
        [
          0.0,
          0.0,
          1.0
        ],
        [
          244.052,
          0.0,
          262.738
        ]
      ]
    },
    {
      "name": "universal_airfield_tent_d",
      "tm": [
        [
          -0.996195,
          0.0,
          0.0871556
        ],
        [
          0.0,
          1.0,
          0.0
        ],
        [
          -0.0871556,
          0.0,
          -0.996195
        ],
        [
          254.614,
          0.0,
          262.593
        ]
      ]
    },
    {
      "name": "universal_airfield_tent_d",
      "tm": [
        [
          1.0,
          0.0,
          0.0
        ],
        [
          0.0,
          1.0,
          0.0
        ],
        [
          0.0,
          0.0,
          1.0
        ],
        [
          270.335,
          0.0,
          274.693
        ]
      ]
    },
    {
      "name": "universal_airfield_tent_d",
      "tm": [
        [
          -4.37114E-08,
          0.0,
          1.0
        ],
        [
          0.0,
          1.0,
          0.0
        ],
        [
          -1.0,
          0.0,
          -4.37114E-08
        ],
        [
          258.658,
          0.0,
          285.505
        ]
      ]
    },
    {
      "name": "universal_airfield_tent_d",
      "tm": [
        [
          1.19249E-08,
          0.0,
          -1.0
        ],
        [
          0.0,
          1.0,
          0.0
        ],
        [
          1.0,
          0.0,
          1.19249E-08
        ],
        [
          272.948,
          0.0,
          285.566
        ]
      ]
    },
    {
      "name": "universal_airfield_tent_d",
      "tm": [
        [
          1.0,
          0.0,
          0.0
        ],
        [
          0.0,
          1.0,
          0.0
        ],
        [
          0.0,
          0.0,
          1.0
        ],
        [
          310.154,
          0.0,
          266.337
        ]
      ]
    },
    {
      "name": "universal_airfield_tent_d",
      "tm": [
        [
          1.0,
          0.0,
          0.0
        ],
        [
          0.0,
          1.0,
          0.0
        ],
        [
          0.0,
          0.0,
          1.0
        ],
        [
          333.893,
          0.0,
          266.691
        ]
      ]
    },
    {
      "name": "universal_airfield_tent_d",
      "tm": [
        [
          -0.0871557,
          0.0,
          -0.996195
        ],
        [
          0.0,
          1.0,
          0.0
        ],
        [
          0.996195,
          0.0,
          -0.0871557
        ],
        [
          314.548,
          0.0,
          255.702
        ]
      ]
    },
    {
      "name": "universal_airfield_tent_d",
      "tm": [
        [
          7.54979E-08,
          0.0,
          1.0
        ],
        [
          0.0,
          1.0,
          0.0
        ],
        [
          -1.0,
          0.0,
          7.54979E-08
        ],
        [
          328.222,
          0.0,
          254.944
        ]
      ]
    },
    {
      "name": "universal_airfield_tent_d",
      "tm": [
        [
          1.0,
          0.0,
          0.0
        ],
        [
          0.0,
          1.0,
          0.0
        ],
        [
          0.0,
          0.0,
          1.0
        ],
        [
          445.076,
          0.0,
          286.464
        ]
      ]
    },
    {
      "name": "universal_airfield_tent_f",
      "tm": [
        [
          0.965926,
          0.0,
          -0.258819
        ],
        [
          0.0,
          1.0,
          0.0
        ],
        [
          0.258819,
          0.0,
          0.965926
        ],
        [
          262.751,
          0.0,
          212.771
        ]
      ]
    },
    {
      "name": "universal_airfield_tent_f",
      "tm": [
        [
          0.573576,
          0.0,
          0.819152
        ],
        [
          0.0,
          1.0,
          0.0
        ],
        [
          -0.819152,
          0.0,
          0.573576
        ],
        [
          272.031,
          0.0,
          217.76
        ]
      ]
    },
    {
      "name": "universal_airfield_tent_f",
      "tm": [
        [
          0.819152,
          0.0,
          0.573576
        ],
        [
          0.0,
          1.0,
          0.0
        ],
        [
          -0.573576,
          0.0,
          0.819152
        ],
        [
          377.089,
          0.0,
          235.467
        ]
      ]
    },
    {
      "name": "universal_airfield_tent_f",
      "tm": [
        [
          -0.0871558,
          0.0,
          0.996195
        ],
        [
          0.0,
          1.0,
          0.0
        ],
        [
          -0.996195,
          0.0,
          -0.0871558
        ],
        [
          387.052,
          0.0,
          241.833
        ]
      ]
    },
    {
      "name": "universal_airfield_tent_f",
      "tm": [
        [
          -0.965926,
          0.0,
          0.258819
        ],
        [
          0.0,
          1.0,
          0.0
        ],
        [
          -0.258819,
          0.0,
          -0.965926
        ],
        [
          388.4,
          0.0,
          228.449
        ]
      ]
    },
    {
      "name": "universal_airfield_tent_f",
      "tm": [
        [
          -0.422618,
          0.0,
          0.906308
        ],
        [
          0.0,
          1.0,
          0.0
        ],
        [
          -0.906308,
          0.0,
          -0.422618
        ],
        [
          379.931,
          0.0,
          287.025
        ]
      ]
    },
    {
      "name": "universal_airfield_tent_f",
      "tm": [
        [
          -0.0871559,
          0.0,
          0.996195
        ],
        [
          0.0,
          1.0,
          0.0
        ],
        [
          -0.996195,
          0.0,
          -0.0871559
        ],
        [
          446.06,
          0.0,
          227.094
        ]
      ]
    },
    {
      "name": "universal_airfield_tent_f",
      "tm": [
        [
          -0.0871559,
          0.0,
          0.996195
        ],
        [
          0.0,
          1.0,
          0.0
        ],
        [
          -0.996195,
          0.0,
          -0.0871559
        ],
        [
          758.518,
          0.0,
          290.104
        ]
      ]
    },
    {
      "name": "universal_airfield_tent_g",
      "tm": [
        [
          0.258819,
          0.0,
          -0.965926
        ],
        [
          0.0,
          1.0,
          0.0
        ],
        [
          0.965926,
          0.0,
          0.258819
        ],
        [
          431.615,
          0.0,
          237.74
        ]
      ]
    },
    {
      "name": "universal_airfield_tent_g",
      "tm": [
        [
          7.54979E-08,
          0.0,
          1.0
        ],
        [
          0.0,
          1.0,
          0.0
        ],
        [
          -1.0,
          0.0,
          7.54979E-08
        ],
        [
          445.668,
          0.0,
          262.526
        ]
      ]
    },
    {
      "name": "universal_airfield_tent_g",
      "tm": [
        [
          -0.422619,
          0.0,
          -0.906308
        ],
        [
          0.0,
          1.0,
          0.0
        ],
        [
          0.906308,
          0.0,
          -0.422619
        ],
        [
          743.505,
          0.0,
          283.674
        ]
      ]
    },
    {
      "name": "universal_airfield_tent_g",
      "tm": [
        [
          -1.0,
          0.0,
          3.89414E-07
        ],
        [
          0.0,
          1.0,
          0.0
        ],
        [
          -3.89414E-07,
          0.0,
          -1.0
        ],
        [
          491.395,
          0.0,
          -193.105
        ]
      ]
    },
    {
      "name": "universal_airfield_tent_g",
      "tm": [
        [
          1.0,
          0.0,
          -3.01992E-07
        ],
        [
          0.0,
          1.0,
          0.0
        ],
        [
          3.01992E-07,
          0.0,
          1.0
        ],
        [
          541.549,
          0.0,
          -194.161
        ]
      ]
    },
    {
      "name": "universal_airfield_tent_c",
      "tm": [
        [
          -0.819152,
          0.0,
          0.573576
        ],
        [
          0.0,
          1.0,
          0.0
        ],
        [
          -0.573576,
          0.0,
          -0.819152
        ],
        [
          517.785,
          0.0,
          -206.141
        ]
      ]
    },
    {
      "name": "universal_airfield_table_a",
      "tm": [
        [
          0.34202,
          0.0,
          0.939693
        ],
        [
          0.0,
          1.0,
          0.0
        ],
        [
          -0.939693,
          0.0,
          0.34202
        ],
        [
          478.158,
          0.0,
          -207.813
        ]
      ]
    },
    {
      "name": "universal_airfield_tent_b",
      "tm": [
        [
          0.34202,
          0.0,
          0.939693
        ],
        [
          0.0,
          1.0,
          0.0
        ],
        [
          -0.939693,
          0.0,
          0.34202
        ],
        [
          478.189,
          0.0,
          -207.72
        ]
      ]
    },
    {
      "name": "universal_airfield_shed_a",
      "tm": [
        [
          0.173648,
          0.0,
          -0.984808
        ],
        [
          0.0,
          1.0,
          0.0
        ],
        [
          0.984808,
          0.0,
          0.173648
        ],
        [
          735.711,
          0.0,
          -232.767
        ]
      ]
    },
    {
      "name": "universal_airfield_tent_i",
      "tm": [
        [
          0.984808,
          0.0,
          0.173648
        ],
        [
          0.0,
          1.0,
          0.0
        ],
        [
          -0.173648,
          0.0,
          0.984808
        ],
        [
          256.778,
          0.0,
          231.507
        ]
      ]
    },
    {
      "name": "universal_airfield_tent_i",
      "tm": [
        [
          0.819152,
          0.0,
          0.573576
        ],
        [
          0.0,
          1.0,
          0.0
        ],
        [
          -0.573576,
          0.0,
          0.819152
        ],
        [
          266.84,
          0.0,
          262.345
        ]
      ]
    },
    {
      "name": "universal_airfield_tent_i",
      "tm": [
        [
          7.54979E-08,
          0.0,
          1.0
        ],
        [
          0.0,
          1.0,
          0.0
        ],
        [
          -1.0,
          0.0,
          7.54979E-08
        ],
        [
          321.639,
          0.0,
          267.585
        ]
      ]
    },
    {
      "name": "universal_airfield_tent_i",
      "tm": [
        [
          -1.0,
          0.0,
          1.50996E-07
        ],
        [
          0.0,
          1.0,
          0.0
        ],
        [
          -1.50996E-07,
          0.0,
          -1.0
        ],
        [
          373.287,
          0.0,
          268.905
        ]
      ]
    },
    {
      "name": "universal_airfield_tent_i",
      "tm": [
        [
          -0.965926,
          0.0,
          -0.258819
        ],
        [
          0.0,
          1.0,
          0.0
        ],
        [
          0.258819,
          0.0,
          -0.965926
        ],
        [
          309.776,
          0.0,
          213.632
        ]
      ]
    },
    {
      "name": "universal_airfield_tent_i",
      "tm": [
        [
          -0.965926,
          0.0,
          -0.258819
        ],
        [
          0.0,
          1.0,
          0.0
        ],
        [
          0.258819,
          0.0,
          -0.965926
        ],
        [
          760.651,
          0.0,
          299.451
        ]
      ]
    },
    {
      "name": "universal_airfield_hangar_b",
      "tm": [
        [
          1.0,
          0.0,
          0.0
        ],
        [
          0.0,
          1.0,
          0.0
        ],
        [
          0.0,
          0.0,
          1.0
        ],
        [
          158.743,
          0.0,
          -145.333
        ]
      ]
    },
    {
      "name": "universal_airfield_hangar_b",
      "tm": [
        [
          1.0,
          0.0,
          0.0
        ],
        [
          0.0,
          1.0,
          0.0
        ],
        [
          0.0,
          0.0,
          1.0
        ],
        [
          258.13,
          0.0,
          -145.357
        ]
      ]
    },
    {
      "name": "universal_airfield_hangar_b",
      "tm": [
        [
          1.0,
          0.0,
          0.0
        ],
        [
          0.0,
          1.0,
          0.0
        ],
        [
          0.0,
          0.0,
          1.0
        ],
        [
          355.531,
          0.0,
          -145.337
        ]
      ]
    },
    {
      "name": "universal_airfield_hangar_b",
      "tm": [
        [
          1.0,
          0.0,
          0.0
        ],
        [
          0.0,
          1.0,
          0.0
        ],
        [
          0.0,
          0.0,
          1.0
        ],
        [
          587.095,
          0.0,
          -145.337
        ]
      ]
    },
    {
      "name": "universal_airfield_hangar_b",
      "tm": [
        [
          1.0,
          0.0,
          0.0
        ],
        [
          0.0,
          1.0,
          0.0
        ],
        [
          0.0,
          0.0,
          1.0
        ],
        [
          669.893,
          0.0,
          -146.565
        ]
      ]
    },
    {
      "name": "universal_airfield_tower_b",
      "tm": [
        [
          0.422618,
          0.0,
          0.906308
        ],
        [
          0.0,
          1.0,
          0.0
        ],
        [
          -0.906308,
          0.0,
          0.422618
        ],
        [
          743.945,
          0.0,
          310.876
        ]
      ]
    },
    {
      "name": "universal_airfield_tower_a",
      "tm": [
        [
          0.5,
          0.0,
          0.866025
        ],
        [
          0.0,
          1.0,
          0.0
        ],
        [
          -0.866025,
          0.0,
          0.5
        ],
        [
          734.706,
          0.0,
          -249.219
        ]
      ]
    },
    {
      "name": "universal_airfield_sandbags_a",
      "tm": [
        [
          1.0,
          0.0,
          0.0
        ],
        [
          0.0,
          1.0,
          0.0
        ],
        [
          0.0,
          0.0,
          1.0
        ],
        [
          -223.088,
          0.0,
          -253.111
        ]
      ]
    },
    {
      "name": "universal_airfield_sandbags_a",
      "tm": [
        [
          1.0,
          0.0,
          0.0
        ],
        [
          0.0,
          1.0,
          0.0
        ],
        [
          0.0,
          0.0,
          1.0
        ],
        [
          -223.048,
          0.0,
          -242.283
        ]
      ]
    },
    {
      "name": "universal_airfield_sandbags_b",
      "tm": [
        [
          1.0,
          0.0,
          0.0
        ],
        [
          0.0,
          1.0,
          0.0
        ],
        [
          0.0,
          0.0,
          1.0
        ],
        [
          -344.19,
          0.0,
          -256.05
        ]
      ]
    },
    {
      "name": "universal_airfield_sandbags_b",
      "tm": [
        [
          1.0,
          0.0,
          0.0
        ],
        [
          0.0,
          1.0,
          0.0
        ],
        [
          0.0,
          0.0,
          1.0
        ],
        [
          -344.121,
          0.0,
          -242.165
        ]
      ]
    },
    {
      "name": "universal_airfield_fuel_box_a",
      "tm": [
        [
          0.996195,
          0.0,
          -0.0871557
        ],
        [
          0.0,
          1.0,
          0.0
        ],
        [
          0.0871557,
          0.0,
          0.996195
        ],
        [
          -287.722,
          0.0,
          -212.048
        ]
      ]
    },
    {
      "name": "universal_airfield_fuel_box_b",
      "tm": [
        [
          -0.0697565,
          0.0,
          0.997564
        ],
        [
          0.0,
          1.0,
          0.0
        ],
        [
          -0.997564,
          0.0,
          -0.0697565
        ],
        [
          -329.269,
          0.0,
          -233.771
        ]
      ]
    },
    {
      "name": "universal_airfield_fuel_box_c",
      "tm": [
        [
          1.0,
          0.0,
          0.0
        ],
        [
          0.0,
          1.0,
          0.0
        ],
        [
          0.0,
          0.0,
          1.0
        ],
        [
          -315.392,
          0.0055019,
          -211.631
        ]
      ]
    },
    {
      "name": "universal_airfield_fuel_box_d",
      "tm": [
        [
          1.0,
          0.0,
          0.0
        ],
        [
          0.0,
          1.0,
          0.0
        ],
        [
          0.0,
          0.0,
          1.0
        ],
        [
          -302.734,
          0.0,
          -211.893
        ]
      ]
    },
    {
      "name": "universal_airfield_fuel_box_e",
      "tm": [
        [
          0.0348995,
          0.0,
          0.999391
        ],
        [
          0.0,
          1.0,
          0.0
        ],
        [
          -0.999391,
          0.0,
          0.0348995
        ],
        [
          -329.249,
          0.0,
          -222.142
        ]
      ]
    },
    {
      "name": "universal_airfield_fuel_tank_a",
      "tm": [
        [
          0.615662,
          0.0,
          0.788011
        ],
        [
          0.0,
          1.0,
          0.0
        ],
        [
          -0.788011,
          0.0,
          0.615662
        ],
        [
          -310.85,
          0.0,
          -239.078
        ]
      ]
    },
    {
      "name": "universal_airfield_fuel_tank_b",
      "tm": [
        [
          -0.292372,
          0.0,
          0.956305
        ],
        [
          0.0,
          1.0,
          0.0
        ],
        [
          -0.956305,
          0.0,
          -0.292372
        ],
        [
          -302.872,
          0.0,
          -235.691
        ]
      ]
    },
    {
      "name": "universal_airfield_fuel_tank_c",
      "tm": [
        [
          -1.0,
          0.0,
          1.50996E-07
        ],
        [
          0.0,
          1.0,
          0.0
        ],
        [
          -1.50996E-07,
          0.0,
          -1.0
        ],
        [
          -292.566,
          0.0,
          -232.202
        ]
      ]
    },
    {
      "name": "universal_airfield_fuel_tank_a",
      "tm": [
        [
          -0.978148,
          0.0,
          0.207912
        ],
        [
          0.0,
          1.0,
          0.0
        ],
        [
          -0.207912,
          0.0,
          -0.978148
        ],
        [
          -294.698,
          0.0,
          -242.444
        ]
      ]
    },
    {
      "name": "zis6_fuel_a",
      "tm": [
        [
          -0.0523359,
          0.0,
          0.99863
        ],
        [
          0.0,
          1.0,
          0.0
        ],
        [
          -0.99863,
          0.0,
          -0.0523359
        ],
        [
          -283.804,
          0.0,
          -241.74
        ]
      ]
    },
    {
      "name": "universal_airfield_tower_b",
      "tm": [
        [
          -0.999391,
          0.0,
          -0.0348996
        ],
        [
          0.0,
          1.0,
