{
  "className": "composit",
  "size": [
    1450.0,
    300.0
  ],
  "airfield": {
    "start": [
      710.0,
      0.0,
      0.0
    ],
    "end": [
      -710.0,
      0.0,
      0.0
    ],
    "width": 120.0,
    "spawn": [
      [
        501.0,
        0.0,
        -13.0
      ],
      [
        514.0,
        0.0,
        12.0
      ],
      [
        525.0,
        0.0,
        -13.0
      ],
      [
        538.0,
        0.0,
        12.0
      ],
      [
        549.0,
        0.0,
        -13.0
      ],
      [
        561.0,
        0.0,
        12.0
      ],
      [
        573.0,
        0.0,
        -13.0
      ],
      [
        585.0,
        0.0,
        12.0
      ],
      [
        596.0,
        0.0,
        -13.0
      ],
      [
        610.0,
        0.0,
        12.0
      ],
      [
        620.0,
        0.0,
        -13.0
      ],
      [
        632.0,
        0.0,
        12.0
      ],
      [
        644.0,
        0.0,
        -13.0
      ],
      [
        657.0,
        0.0,
        12.0
      ],
      [
        670.0,
        0.0,
        -13.0
      ],
      [
        682.0,
        0.0,
        12.0
      ]
    ],
    "repairTags": {
      "type_attack_helicopter": false,
      "type_utility_helicopter": false
    }
  },
  "node": [
    {
      "name": "^^dynaf_africa_kahili_mesh",
      "tm": [
        [
          1.0,
          0.0,
          0.0
        ],
        [
          0.0,
          1.0,
          0.0
        ],
        [
          0.0,
          0.0,
          1.0
        ],
        [
          -37.9481,
          -0.22771,
          -23.8085
        ]
      ]
    },
    {
      "name": "++NoTreesBox001",
      "tm": [
        [
          1000.0,
          0.0,
          0.0
        ],
        [
          0.0,
          15.0,
          0.0
        ],
        [
          0.0,
          0.0,
          50.0
        ],
        [
          33.0,
          0.0,
          7.0
        ]
      ]
    },
    {
      "name": "++NoTreesBox002",
      "tm": [
        [
          585.0,
          0.0,
          0.0
        ],
        [
          0.0,
          15.0,
          0.0
        ],
        [
          0.0,
          0.0,
          230.0
        ],
        [
          -56.0,
          0.0,
          -45.0
        ]
      ]
    },
    {
      "name": "++NoTreesBox004",
      "tm": [
        [
          165.0,
          0.0,
          0.0
        ],
        [
          0.0,
          15.0,
          0.0
        ],
        [
          0.0,
          0.0,
          135.0
        ],
        [
          114.0,
          0.0,
          175.0
        ]
      ]
    },
    {
      "type": "rendInst",
      "name": "britain_control_tower_1_rendinst",
      "tm": [
        [
          0.906308,
          0.0,
          0.422618
        ],
        [
          0.0,
          1.0,
          0.0
        ],
        [
          -0.422618,
          0.0,
          0.906308
        ],
        [
          326.807,
          -0.462959,
          -65.0856
        ]
      ]
    },
    {
      "type": "rendInst",
      "name": "britain_army_tent_rendinst",
      "tm": [
        [
          -0.983892,
          -2.03031e-7,
          0.178766
        ],
        [
          -1.59001e-7,
          1.0,
          2.60626e-7
        ],
        [
          -0.178766,
          2.28003e-7,
          -0.983892
        ],
        [
          -538.41,
          -0.462959,
          -217.714
        ]
      ]
    },
    {
      "type": "rendInst",
      "name": "stalingrad_tent_camouflage_rendinst",
      "tm": [
        [
          -0.889197,
          0.0,
          0.457524
        ],
        [
          0.0,
          1.0,
          0.0
        ],
        [
          -0.457524,
          0.0,
          -0.889197
        ],
        [
          -517.352,
          -0.453527,
          -204.299
        ]
      ]
    },
    {
      "type": "rendInst",
      "name": "britain_tent_1_rendinst",
      "tm": [
        [
          -0.790448,
          0.0,
          -0.612529
        ],
        [
          0.0,
          1.0,
          0.0
        ],
        [
          0.612529,
          0.0,
          -0.790448
        ],
        [
          -546.067,
          -0.462959,
          -206.9
        ]
      ]
    },
    {
      "type": "rendInst",
      "name": "britain_tent_2_rendinst",
      "tm": [
        [
          0.387075,
          4.76837e-7,
          -0.922048
        ],
        [
          -2.54839e-7,
          1.0,
          4.10169e-7
        ],
        [
          0.922048,
          7.62083e-8,
          0.387075
        ],
        [
          -549.916,
          -0.462959,
          -216.579
        ]
      ]
    },
    {
      "type": "rendInst",
      "name": "britain_army_tent_rendinst",
      "tm": [
        [
          -0.990813,
          0.0,
          -0.135241
        ],
        [
          0.0,
          1.0,
          0.0
        ],
        [
          0.135241,
          0.0,
          -0.990813
        ],
        [
          -541.156,
          -0.462959,
          -200.077
        ]
      ]
    },
    {
      "type": "rendInst",
      "name": "stalingrad_radio_camouflage_rendinst",
      "tm": [
        [
          -0.221082,
          0.0,
          0.975255
        ],
        [
          0.0,
          1.0,
          0.0
        ],
        [
          -0.975255,
          0.0,
          -0.221082
        ],
        [
          -514.136,
          -0.462959,
          -188.302
        ]
      ]
    },
    {
      "type": "rendInst",
      "name": "britain_army_tent_rendinst",
      "tm": [
        [
          0.0819754,
          0.0,
          -0.996634
        ],
        [
          -3.72856e-8,
          1.0,
          -3.06683e-9
        ],
        [
          0.996634,
          3.74115e-8,
          0.0819754
        ],
        [
          -528.413,
          -0.462959,
          -219.979
        ]
      ]
    },
    {
      "type": "rendInst",
      "name": "boxes_rendinst",
      "tm": [
        [
          0.374855,
          0.0,
          -0.927084
        ],
        [
          0.0,
          1.0,
          0.0
        ],
        [
          0.927084,
          0.0,
          0.374855
        ],
        [
          -526.745,
          -0.462959,
          -207.767
        ]
      ]
    },
    {
      "type": "rendInst",
      "name": "britain_tent_2_rendinst",
      "tm": [
        [
          -0.60498,
          0.0,
          -0.79624
        ],
        [
          0.0,
          1.0,
          0.0
        ],
        [
          0.79624,
          0.0,
          -0.60498
        ],
        [
          -555.492,
          -0.462959,
          -188.648
        ]
      ]
    },
    {
      "type": "rendInst",
      "name": "britain_tent_1_rendinst",
      "tm": [
        [
          -0.740483,
          0.0,
          0.672075
        ],
        [
          0.0,
          1.0,
          0.0
        ],
        [
          -0.672075,
          0.0,
          -0.740483
        ],
        [
          -556.922,
          -0.462959,
          -203.77
        ]
      ]
    },
    {
      "type": "rendInst",
      "name": "britain_tent_2_rendinst",
      "tm": [
        [
          -0.790448,
          0.0,
          -0.612529
        ],
        [
          0.0,
          1.0,
          0.0
        ],
        [
          0.612529,
          0.0,
          -0.790448
        ],
        [
          -507.165,
          -0.462959,
          -166.053
        ]
      ]
    },
    {
      "type": "rendInst",
      "name": "britain_big_army_tent_rendinst",
      "tm": [
        [
          0.60498,
          0.0,
          0.79624
        ],
        [
          0.0,
          1.0,
          0.0
        ],
        [
          -0.79624,
          0.0,
          0.60498
        ],
        [
          -526.397,
          -0.462959,
          -179.122
        ]
      ]
    },
    {
      "type": "rendInst",
      "name": "britain_tent_1_rendinst",
      "tm": [
        [
          0.672075,
          0.0,
          0.740483
        ],
        [
          0.0,
          1.0,
          0.0
        ],
        [
          -0.740483,
          0.0,
          0.672075
        ],
        [
          -540.897,
          -0.462959,
          -164.912
        ]
      ]
    },
    {
      "type": "rendInst",
      "name": "britain_tent_2_rendinst",
      "tm": [
        [
          0.868613,
          0.0,
          0.495491
        ],
        [
          0.0,
          1.0,
          0.0
        ],
        [
          -0.495491,
          0.0,
          0.868613
        ],
        [
          -555.104,
          -0.462959,
          -176.092
        ]
      ]
    },
    {
      "type": "rendInst",
      "name": "britain_tent_1_rendinst",
      "tm": [
        [
          -0.452894,
          0.0,
          0.891564
        ],
        [
          0.0,
          1.0,
          0.0
        ],
        [
          -0.891564,
          0.0,
          -0.452894
        ],
        [
          307.291,
          -0.462959,
          -78.634
        ]
      ]
    },
    {
      "type": "rendInst",
      "name": "britain_tent_2_rendinst",
      "tm": [
        [
          0.0535643,
          0.0,
          0.998564
        ],
        [
          0.0,
          1.0,
          0.0
        ],
        [
          -0.998564,
          0.0,
          0.0535643
        ],
        [
          281.779,
          -0.462959,
          -66.3539
        ]
      ]
    },
    {
      "type": "rendInst",
      "name": "britain_tent_1_rendinst",
      "tm": [
        [
          0.998564,
          0.0,
          -0.053565
        ],
        [
          0.0,
          1.0,
          0.0
        ],
        [
          0.053565,
          0.0,
          0.998564
        ],
        [
          274.255,
          -0.462959,
          -66.2358
        ]
      ]
    },
    {
      "type": "rendInst",
      "name": "britain_big_army_tent_rendinst",
      "tm": [
        [
          -0.998336,
          0.0,
          0.057671
        ],
        [
          0.0,
          1.0,
          0.0
        ],
        [
          -0.057671,
          0.0,
          -0.998336
        ],
        [
          309.209,
          -0.462959,
          -95.3518
        ]
      ]
    },
    {
      "type": "rendInst",
      "name": "britain_tent_1_rendinst",
      "tm": [
        [
          -0.0336696,
          0.0,
          0.999433
        ],
        [
          0.0,
          1.0,
          0.0
        ],
        [
          -0.999433,
          0.0,
          -0.0336696
        ],
        [
          278.61,
          -0.462959,
          -105.198
        ]
      ]
    },
    {
      "type": "rendInst",
      "name": "britain_tent_1_rendinst",
      "tm": [
        [
          0.0535643,
          -1.50045e-7,
          0.998564
        ],
        [
          8.03704e-9,
          1.0,
          1.49829e-7
        ],
        [
          -0.998564,
          0.0,
          0.0535643
        ],
        [
          278.758,
          -0.462959,
          -114.793
        ]
      ]
    },
    {
      "type": "rendInst",
      "name": "britain_tent_1_rendinst",
      "tm": [
        [
          0.999433,
          0.0,
          0.03367
        ],
        [
          0.0,
          1.0,
          0.0
        ],
        [
          -0.03367,
          0.0,
          0.999433
        ],
        [
          298.708,
          -0.462959,
          -68.985
        ]
      ]
    },
    {
      "type": "rendInst",
      "name": "boxes_rendinst",
      "tm": [
        [
          0.981245,
          0.0,
          0.192766
        ],
        [
          0.0,
          1.0,
          0.0
        ],
        [
          -0.192766,
          0.0,
          0.981245
        ],
        [
          306.971,
          -0.462959,
          -103.13
        ]
      ]
    },
    {
      "type": "rendInst",
      "name": "britain_tent_1_rendinst",
      "tm": [
        [
          -0.999789,
          -2.32017e-7,
          0.0205242
        ],
        [
          -2.31229e-7,
          1.0,
          4.0772e-8
        ],
        [
          -0.0205242,
          3.60177e-8,
          -0.999789
        ],
        [
          290.13,
          -0.462959,
          -66.85
        ]
      ]
    },
    {
      "type": "rendInst",
      "name": "britain_big_army_tent_rendinst",
      "tm": [
        [
          -0.999563,
          0.0,
          -0.0295587
        ],
        [
          0.0,
          1.0,
          0.0
        ],
        [
          0.0295587,
          0.0,
          -0.999563
        ],
        [
          309.209,
          -0.462959,
          -111.295
        ]
      ]
    },
    {
      "type": "rendInst",
      "name": "britain_tent_1_rendinst",
      "tm": [
        [
          3.13916e-7,
          0.0,
          -1.0
        ],
        [
          0.0,
          1.0,
          0.0
        ],
        [
          1.0,
          0.0,
          3.13916e-7
        ],
        [
          278.79,
          -0.462959,
          -95.7666
        ]
      ]
    },
    {
      "type": "rendInst",
      "name": "britain_army_tent_rendinst",
      "tm": [
        [
          -0.61663,
          -2.81327e-7,
          -0.787253
        ],
        [
          -3.2529e-7,
          1.0,
          -1.02563e-7
        ],
        [
          0.787253,
          1.92842e-7,
          -0.61663
        ],
        [
          265.492,
          -0.462959,
          -66.295
        ]
      ]
    },
    {
      "type": "rendInst",
      "name": "britain_tent_1_rendinst",
      "tm": [
        [
          -0.682897,
          0.0,
          -0.730514
        ],
        [
          0.0,
          1.0,
          0.0
        ],
        [
          0.730514,
          0.0,
          -0.682897
        ],
        [
          320.267,
          -0.462959,
          -135.395
        ]
      ]
    },
    {
      "type": "rendInst",
      "name": "britain_tent_2_rendinst",
      "tm": [
        [
          0.992695,
          0.0,
          0.120649
        ],
        [
          0.0,
          1.0,
          0.0
        ],
        [
          -0.120649,
          0.0,
          0.992695
        ],
        [
          321.9,
          -0.462959,
          -122.512
        ]
      ]
    },
    {
      "type": "rendInst",
      "name": "britain_tent_2_rendinst",
      "tm": [
        [
          0.206708,
          0.0,
          -0.978403
        ],
        [
          0.0,
          1.0,
          0.0
        ],
        [
          0.978403,
          0.0,
          0.206708
        ],
        [
          311.822,
          -0.462959,
          -141.299
        ]
      ]
    },
    {
      "type": "rendInst",
      "name": "boxes_rendinst",
      "tm": [
        [
          0.826247,
          0.0,
          -0.563307
        ],
        [
          0.0,
          1.0,
          0.0
        ],
        [
          0.563307,
          0.0,
          0.826247
        ],
        [
          -676.116,
          -0.462959,
          -202.904
        ]
      ]
    },
    {
      "type": "rendInst",
      "name": "britain_tent_1_rendinst",
      "tm": [
        [
          0.984808,
          0.0,
          -0.173648
        ],
        [
          0.0,
          1.0,
          0.0
        ],
        [
          0.173648,
          0.0,
          0.984808
        ],
        [
          -615.343,
          -0.462959,
          -156.717
        ]
      ]
    },
    {
      "type": "rendInst",
      "name": "britain_army_tent_rendinst",
      "tm": [
        [
          0.998564,
          -2.65635e-7,
          -0.0535645
        ],
        [
          2.65254e-7,
          1.0,
          -1.42286e-8
        ],
        [
          0.0535645,
          0.0,
          0.998564
        ],
        [
          -685.203,
          -0.462959,
          -190.855
        ]
      ]
    },
    {
      "type": "rendInst",
      "name": "britain_tent_1_rendinst",
      "tm": [
        [
          0.996195,
          0.0,
          0.0871558
        ],
        [
          0.0,
          1.0,
          0.0
        ],
        [
          -0.0871558,
          0.0,
          0.996195
        ],
        [
          -688.556,
          -0.462959,
          -202.599
        ]
      ]
    },
    {
      "type": "rendInst",
      "name": "britain_tent_1_rendinst",
      "tm": [
        [
          0.920024,
          0.0,
          -0.391863
        ],
        [
          0.0,
          1.0,
          0.0
        ],
        [
          0.391863,
          0.0,
          0.920024
        ],
        [
          -670.2,
          -0.462959,
          -166.253
        ]
      ]
    },
    {
      "type": "rendInst",
      "name": "britain_big_army_tent_rendinst",
      "tm": [
        [
          0.0576721,
          0.0,
          0.998336
        ],
        [
          0.0,
          1.0,
          0.0
        ],
        [
          -0.998336,
          0.0,
          0.0576721
        ],
        [
          -666.369,
          -0.462959,
          -192.075
        ]
      ]
    },
    {
      "type": "rendInst",
      "name": "britain_tent_1_rendinst",
      "tm": [
        [
          0.891564,
          -3.73189e-7,
          0.452894
        ],
        [
          3.60791e-7,
          1.0,
          1.13757e-7
        ],
        [
          -0.452894,
          6.19785e-8,
          0.891564
        ],
        [
          -681.351,
          -0.462959,
          -166.024
        ]
      ]
    },
    {
      "type": "rendInst",
      "name": "britain_tent_1_rendinst",
      "tm": [
        [
          -0.206707,
          0.0,
          0.978403
        ],
        [
          0.0,
          1.0,
          0.0
        ],
        [
          -0.978403,
          0.0,
          -0.206707
        ],
        [
          -629.939,
          -0.462959,
          -154.979
        ]
      ]
    },
    {
      "type": "rendInst",
      "name": "britain_tent_2_rendinst",
      "tm": [
        [
          -0.206707,
          0.0,
          0.978403
        ],
        [
          0.0,
          1.0,
          0.0
        ],
        [
          -0.978403,
          0.0,
          -0.206707
        ],
        [
          -659.559,
          -0.462959,
          -169.331
        ]
      ]
    },
    {
      "type": "rendInst",
      "name": "britain_army_tent_rendinst",
      "tm": [
        [
          0.0535638,
          -7.80076e-8,
          0.998564
        ],
        [
          5.75736e-8,
          1.0,
          7.50315e-8
        ],
        [
          -0.998564,
          5.3472e-8,
          0.0535638
        ],
        [
          -633.958,
          -0.462959,
          -144.88
        ]
      ]
    },
    {
      "type": "rendInst",
      "name": "britain_tent_1_rendinst",
      "tm": [
        [
          -0.206707,
          0.0,
          0.978403
        ],
        [
          0.0,
          1.0,
          0.0
        ],
        [
          -0.978403,
          0.0,
          -0.206707
        ],
        [
          -685.319,
          -0.462959,
          -177.997
        ]
      ]
    },
    {
      "type": "rendInst",
      "name": "stalingrad_tent_camouflage_rendinst",
      "tm": [
        [
          0.866025,
          0.0,
          0.5
        ],
        [
          0.0,
          1.0,
          0.0
        ],
        [
          -0.5,
          0.0,
          0.866025
        ],
        [
          -663.996,
          -0.453527,
          -218.798
        ]
      ]
    },
    {
      "type": "rendInst",
      "name": "britain_tent_2_rendinst",
      "tm": [
        [
          -0.173648,
          0.0,
          0.984808
        ],
        [
          0.0,
          1.0,
          0.0
        ],
        [
          -0.984808,
          0.0,
          -0.173648
        ],
        [
          -678.426,
          -0.462959,
          -213.917
        ]
      ]
    },
    {
      "type": "rendInst",
      "name": "britain_big_army_tent_rendinst",
      "tm": [
        [
          0.939693,
          0.0,
          -0.34202
        ],
        [
          0.0,
          1.0,
          0.0
        ],
        [
          0.34202,
          0.0,
          0.939693
        ],
        [
          -609.295,
          -0.462959,
          -181.733
        ]
      ]
    },
    {
      "type": "rendInst",
      "name": "britain_army_tent_rendinst",
      "tm": [
        [
          0.642788,
          0.0,
          0.766044
        ],
        [
          0.0,
          1.0,
          0.0
        ],
        [
          -0.766044,
          0.0,
          0.642788
        ],
        [
          -655.988,
          -0.462959,
          -243.041
        ]
      ]
    },
    {
      "type": "rendInst",
      "name": "britain_tent_1_rendinst",
      "tm": [
        [
          -0.906308,
          -1.2595e-7,
          0.422618
        ],
        [
          8.09591e-8,
          1.0,
          4.71641e-7
        ],
        [
          -0.422618,
          4.61666e-7,
          -0.906308
        ],
        [
          -643.857,
          -0.462959,
          -236.82
        ]
      ]
    },
    {
      "type": "rendInst",
      "name": "britain_army_tent_rendinst",
      "tm": [
        [
          -0.258819,
          0.0,
          0.965926
        ],
        [
          0.0,
          1.0,
          0.0
        ],
        [
          -0.965926,
          0.0,
          -0.258819
        ],
        [
          -621.623,
          -0.462959,
          -231.868
        ]
      ]
    },
    {
      "type": "rendInst",
      "name": "britain_army_tent_rendinst",
      "tm": [
        [
          0.642788,
          0.0,
          0.766044
        ],
        [
          0.0,
          1.0,
          0.0
        ],
        [
          -0.766044,
          0.0,
          0.642788
        ],
        [
          -632.521,
          -0.462959,
          -234.539
        ]
      ]
    },
    {
      "type": "rendInst",
      "name": "britain_tent_2_rendinst",
      "tm": [
        [
          0.226149,
          0.0,
          0.974093
        ],
        [
          0.0,
          1.0,
          0.0
        ],
        [
          -0.974093,
          0.0,
          0.226149
        ],
        [
          -649.545,
          -0.462959,
          -144.602
        ]
      ]
    },
    {
      "type": "rendInst",
      "name": "britain_tent_1_rendinst",
      "tm": [
        [
          0.965926,
          0.0,
          -0.258819
        ],
        [
          0.0,
          1.0,
          0.0
        ],
        [
          0.258819,
          0.0,
          0.965926
        ],
        [
          -599.963,
          -0.462959,
          -166.953
        ]
      ]
    },
    {
      "type": "rendInst",
      "name": "stalingrad_radio_camouflage_rendinst",
      "tm": [
        [
          0.642788,
          0.0,
          -0.766044
        ],
        [
          0.0,
          1.0,
          0.0
        ],
        [
          0.766044,
          0.0,
          0.642788
        ],
        [
          -608.278,
          -0.462959,
          -147.606
        ]
      ]
    },
    {
      "type": "rendInst",
      "name": "britain_tent_1_rendinst",
      "tm": [
        [
          0.927644,
          0.0,
          0.373466
        ],
        [
          0.0,
          1.0,
          0.0
        ],
        [
          -0.373466,
          0.0,
          0.927644
        ],
        [
          -620.502,
          -0.462959,
          -140.992
        ]
      ]
    },
    {
      "type": "rendInst",
      "name": "britain_army_tent_rendinst",
      "tm": [
        [
          1.0,
          0.0,
          1.78814e-7
        ],
        [
          0.0,
          1.0,
          0.0
        ],
        [
          -1.78814e-7,
          0.0,
          1.0
        ],
        [
          -599.455,
          -0.462959,
          -155.835
        ]
      ]
    },
    {
      "type": "rendInst",
      "name": "britain_tent_1_rendinst",
      "tm": [
        [
          0.998564,
          0.0,
          -0.0535645
        ],
        [
          0.0,
          1.0,
          0.0
        ],
        [
          0.0535645,
          0.0,
          0.998564
        ],
        [
          -406.524,
          -0.462959,
          39.9035
        ]
      ]
    },
    {
      "type": "rendInst",
      "name": "britain_tent_2_rendinst",
      "tm": [
        [
          0.0535648,
          0.0,
          0.998564
        ],
        [
          0.0,
          1.0,
          0.0
        ],
        [
          -0.998564,
          0.0,
          0.0535648
        ],
        [
          -397.331,
          -0.462959,
          40.4562
        ]
      ]
    },
    {
      "type": "rendInst",
      "name": "britain_tent_1_rendinst",
      "tm": [
        [
          0.999433,
          0.0,
          0.03367
        ],
        [
          0.0,
          1.0,
          0.0
        ],
        [
          -0.03367,
          0.0,
          0.999433
        ],
        [
          -372.095,
          -0.462959,
          40.5778
        ]
      ]
    },
    {
      "type": "rendInst",
      "name": "britain_tent_1_rendinst",
      "tm": [
        [
          -0.999789,
          -1.1528e-7,
          0.0205237
        ],
        [
          -1.1202e-7,
          1.0,
          1.59981e-7
        ],
        [
          -0.0205237,
          1.57648e-7,
          -0.999789
        ],
        [
          -388.793,
          -0.462959,
          40.6329
        ]
      ]
    },
    {
      "type": "rendInst",
      "name": "stalingrad_radio_camouflage_rendinst",
      "tm": [
        [
          1.0,
          0.0,
          0.0
        ],
        [
          0.0,
          1.0,
          0.0
        ],
        [
          0.0,
          0.0,
          1.0
        ],
        [
          -362.803,
          -0.462959,
          39.9804
        ]
      ]
    },
    {
      "type": "rendInst",
      "name": "britain_tent_2_rendinst",
      "tm": [
        [
          0.0535648,
          0.0,
          0.998564
        ],
        [
          0.0,
          1.0,
          0.0
        ],
        [
          -0.998564,
          0.0,
          0.0535648
        ],
        [
          -380.25,
          -0.462959,
          40.4562
        ]
      ]
    },
    {
      "type": "rendInst",
      "name": "britain_tent_2_rendinst",
      "tm": [
        [
          0.0535648,
          0.0,
          0.998564
        ],
        [
          0.0,
          1.0,
          0.0
        ],
        [
          -0.998564,
          0.0,
          0.0535648
        ],
        [
          -343.397,
          -0.462959,
          40.4638
        ]
      ]
    },
    {
      "type": "rendInst",
      "name": "britain_tent_1_rendinst",
      "tm": [
        [
          0.999433,
          0.0,
          0.03367
        ],
        [
          0.0,
          1.0,
          0.0
        ],
        [
          -0.03367,
          0.0,
          0.999433
        ],
        [
          -318.161,
          -0.462959,
          40.5853
        ]
      ]
    },
    {
      "type": "rendInst",
      "name": "britain_tent_1_rendinst",
      "tm": [
        [
          -0.999789,
          -1.1528e-7,
          0.0205237
        ],
        [
          -1.1202e-7,
          1.0,
          1.59981e-7
        ],
        [
          -0.0205237,
          1.57648e-7,
          -0.999789
        ],
        [
          -334.86,
          -0.462959,
          40.6405
        ]
      ]
    },
    {
      "type": "rendInst",
      "name": "britain_tent_2_rendinst",
      "tm": [
        [
          0.0535648,
          0.0,
          0.998564
        ],
        [
          0.0,
          1.0,
          0.0
        ],
        [
          -0.998564,
          0.0,
          0.0535648
        ],
        [
          -351.732,
          -0.462959,
          40.4638
        ]
      ]
    },
    {
      "type": "rendInst",
      "name": "britain_army_tent_rendinst",
      "tm": [
        [
          -0.61663,
          -3.0293e-8,
          -0.787253
        ],
        [
          -1.46476e-7,
          1.0,
          7.62504e-8
        ],
        [
          0.787253,
          1.62332e-7,
          -0.61663
        ],
        [
          -416.01,
          -0.462959,
          39.8148
        ]
      ]
    },
    {
      "type": "rendInst",
      "name": "boxes_rendinst",
      "tm": [
        [
          0.633176,
          0.0,
          0.774008
        ],
        [
          0.0,
          1.0,
          0.0
        ],
        [
          -0.774008,
          0.0,
          0.633176
        ],
        [
          461.894,
          -0.462959,
          -126.627
        ]
      ]
    },
    {
      "type": "rendInst",
      "name": "britain_tent_1_rendinst",
      "tm": [
        [
          1.19249e-8,
          0.0,
          1.0
        ],
        [
          0.0,
          1.0,
          0.0
        ],
        [
          -1.0,
          0.0,
          1.19249e-8
        ],
        [
          460.506,
          -0.462959,
          -138.993
        ]
      ]
    },
    {
      "type": "rendInst",
      "name": "britain_tent_2_rendinst",
      "tm": [
        [
          -0.996195,
          0.0,
          -0.0871556
        ],
        [
          0.0,
          1.0,
          0.0
        ],
        [
          0.0871556,
          0.0,
          -0.996195
        ],
        [
          472.664,
          -0.462959,
          -129.888
        ]
      ]
    },
    {
      "type": "rendInst",
      "name": "britain_army_tent_rendinst",
      "tm": [
        [
          0.173648,
          0.0,
          0.984808
        ],
        [
          0.0,
          1.0,
          0.0
        ],
        [
          -0.984808,
          0.0,
          0.173648
        ],
        [
          637.468,
          -0.462959,
          53.2193
        ]
      ]
    },
    {
      "type": "rendInst",
      "name": "britain_army_tent_rendinst",
      "tm": [
        [
          0.140391,
          -2.65635e-7,
          0.990096
        ],
        [
          3.72928e-8,
          1.0,
          2.63004e-7
        ],
        [
          -0.990096,
          0.0,
          0.140391
        ],
        [
          449.098,
          -0.462959,
          -134.63
        ]
      ]
    },
    {
      "type": "rendInst",
      "name": "britain_big_army_tent_rendinst",
      "tm": [
        [
          -0.98951,
          0.0,
          0.144463
        ],
        [
          0.0,
          1.0,
          0.0
        ],
        [
          -0.144463,
          0.0,
          -0.98951
        ],
        [
          451.955,
          -0.462959,
          -115.974
        ]
      ]
    },
    {
      "type": "rendInst",
      "name": "britain_tent_1_rendinst",
      "tm": [
        [
          -0.819152,
          -5.16191e-8,
          0.573576
        ],
        [
          7.83287e-9,
          1.0,
          1.01182e-7
        ],
        [
          -0.573576,
          8.7376e-8,
          -0.819152
        ],
        [
          647.315,
          -0.462959,
          55.5047
        ]
      ]
    },
    {
      "type": "rendInst",
      "name": "britain_tent_1_rendinst",
      "tm": [
        [
          -0.882369,
          0.0,
          0.470558
        ],
        [
          0.0,
          1.0,
          0.0
        ],
        [
          -0.470558,
          0.0,
          -0.882369
        ],
        [
          442.873,
          -0.462959,
          -96.5452
        ]
      ]
    },
    {
      "type": "rendInst",
      "name": "britain_tent_2_rendinst",
      "tm": [
        [
          0.984808,
          0.0,
          0.173648
        ],
        [
          0.0,
          1.0,
          0.0
        ],
        [
          -0.173648,
          0.0,
          0.984808
        ],
        [
          657.44,
          -0.462959,
          53.2944
        ]
      ]
    },
    {
      "type": "rendInst",
      "name": "britain_army_tent_rendinst",
      "tm": [
        [
          -0.173649,
          0.0,
          0.984808
        ],
        [
          0.0,
          1.0,
          0.0
        ],
        [
          -0.984808,
          0.0,
          -0.173649
        ],
        [
          487.106,
          -0.462959,
          -127.404
        ]
      ]
    },
    {
      "type": "rendInst",
      "name": "britain_tent_1_rendinst",
      "tm": [
        [
          0.310186,
          0.0,
          0.950676
        ],
        [
          0.0,
          1.0,
          0.0
        ],
        [
          -0.950676,
          0.0,
          0.310186
        ],
        [
          440.377,
          -0.462959,
          -81.7638
        ]
      ]
    },
    {
      "type": "rendInst",
      "name": "britain_tent_1_rendinst",
      "tm": [
        [
          -0.992695,
          0.0,
          -0.120648
        ],
        [
          0.0,
          1.0,
          0.0
        ],
        [
          0.120648,
          0.0,
          -0.992695
        ],
        [
          436.28,
          -0.462959,
          -133.624
        ]
      ]
    },
    {
      "type": "rendInst",
      "name": "britain_tent_2_rendinst",
      "tm": [
        [
          -0.992695,
          0.0,
          -0.120648
        ],
        [
          0.0,
          1.0,
          0.0
        ],
        [
          0.120648,
          0.0,
          -0.992695
        ],
        [
          429.892,
          -0.462959,
          -107.207
        ]
      ]
    },
    {
      "type": "rendInst",
      "name": "britain_tent_1_rendinst",
      "tm": [
        [
          -0.373466,
          -3.73189e-7,
          0.927644
        ],
        [
          -8.18792e-8,
          1.0,
          3.69333e-7
        ],
        [
          -0.927644,
          6.19785e-8,
          -0.373466
        ],
        [
          424.698,
          -0.462959,
          -128.628
        ]
      ]
    },
    {
      "type": "rendInst",
      "name": "britain_tent_1_rendinst",
      "tm": [
        [
          0.470557,
          0.0,
          0.882369
        ],
        [
          0.0,
          1.0,
          0.0
        ],
        [
          -0.882369,
          0.0,
          0.470557
        ],
        [
          425.898,
          -0.462959,
          -117.539
        ]
      ]
    },
    {
      "type": "rendInst",
      "name": "britain_tent_1_rendinst",
      "tm": [
        [
          0.422618,
          0.0,
          0.906308
        ],
        [
          0.0,
          1.0,
          0.0
        ],
        [
          -0.906308,
          0.0,
          0.422618
        ],
        [
          662.92,
          -0.462959,
          62.8348
        ]
      ]
    },
    {
      "type": "rendInst",
      "name": "britain_army_tent_rendinst",
      "tm": [
        [
          0.787253,
          0.0,
          -0.61663
        ],
        [
          -1.82955e-8,
          1.0,
          -2.33579e-8
        ],
        [
          0.61663,
          2.96701e-8,
          0.787253
        ],
        [
          695.99,
          -0.462959,
          36.9985
        ]
      ]
    },
    {
      "type": "rendInst",
      "name": "britain_army_tent_rendinst",
      "tm": [
        [
          -0.730515,
          -7.80076e-8,
          0.682897
        ],
        [
          -2.04698e-8,
          1.0,
          9.23333e-8
        ],
        [
          -0.682897,
          5.3472e-8,
          -0.730515
        ],
        [
          432.554,
          -0.462959,
          -93.1324
        ]
      ]
    },
    {
      "type": "rendInst",
      "name": "britain_big_army_tent_rendinst",
      "tm": [
        [
          -0.685896,
          0.0,
          -0.727699
        ],
        [
          0.0,
          1.0,
          0.0
        ],
        [
          0.727699,
          0.0,
          -0.685896
        ],
        [
          693.88,
          -0.462959,
          59.5087
        ]
      ]
    },
    {
      "type": "rendInst",
      "name": "britain_army_tent_rendinst",
      "tm": [
        [
          0.226149,
          -1.07071e-9,
          0.974093
        ],
        [
          1.04992e-7,
          1.0,
          -2.32761e-8
        ],
        [
          -0.974093,
          1.07535e-7,
          0.226149
        ],
        [
          -36.7733,
          -0.462959,
          244.217
        ]
      ]
    },
    {
      "type": "rendInst",
      "name": "britain_tent_2_rendinst",
      "tm": [
        [
          -0.528876,
          0.0,
          0.848699
        ],
        [
          0.0,
          1.0,
          0.0
        ],
        [
          -0.848699,
          0.0,
          -0.528876
        ],
        [
          -66.6838,
          -0.462959,
          278.185
        ]
      ]
    },
    {
      "type": "rendInst",
      "name": "britain_tent_1_rendinst",
      "tm": [
        [
          0.54567,
          0.0,
          0.838
        ],
        [
          0.0,
          1.0,
          0.0
        ],
        [
          -0.838,
          0.0,
          0.54567
        ],
        [
          -76.0336,
          -0.462959,
          270.73
        ]
      ]
    },
    {
      "type": "rendInst",
      "name": "britain_big_army_tent_rendinst",
      "tm": [
        [
          -0.973154,
          0.0,
          0.230154
        ],
        [
          0.0,
          1.0,
          0.0
        ],
        [
          -0.230154,
          0.0,
          -0.973154
        ],
        [
          -51.2557,
          -0.462959,
          260.91
        ]
      ]
    },
    {
      "type": "rendInst",
      "name": "britain_tent_1_rendinst",
      "tm": [
        [
          -0.600832,
          0.0,
          0.799376
        ],
        [
          0.0,
          1.0,
          0.0
        ],
        [
          -0.799376,
          0.0,
          -0.600832
        ],
        [
          -76.6951,
          -0.462959,
          246.334
        ]
      ]
    },
    {
      "type": "rendInst",
      "name": "britain_tent_1_rendinst",
      "tm": [
        [
          -0.990096,
          -1.08897e-7,
          0.140391
        ],
        [
          -1.07819e-7,
          1.0,
          1.52882e-8
        ],
        [
          -0.140391,
          0.0,
          -0.990096
        ],
        [
          -64.7614,
          -0.462959,
          240.35
        ]
      ]
    },
    {
      "type": "rendInst",
      "name": "britain_tent_1_rendinst",
      "tm": [
        [
          -0.838,
          0.0,
          0.545671
        ],
        [
          0.0,
          1.0,
          0.0
        ],
        [
          -0.545671,
          0.0,
          -0.838
        ],
        [
          -41.6238,
          -0.462959,
          278.791
        ]
      ]
    },
    {
      "type": "rendInst",
      "name": "britain_tent_2_rendinst",
      "tm": [
        [
          -0.999433,
          0.0,
          -0.0336708
        ],
        [
          0.0,
          1.0,
          0.0
        ],
        [
          0.0336708,
          0.0,
          -0.999433
        ],
        [
          -78.8264,
          -0.462959,
          257.879
        ]
      ]
    },
    {
      "type": "rendInst",
      "name": "britain_army_tent_rendinst",
      "tm": [
        [
          -0.54567,
          -6.54125e-8,
          -0.838
        ],
        [
          -5.23788e-8,
          1.0,
          -4.3951e-8
        ],
        [
          0.838,
          1.99107e-8,
          -0.54567
        ],
        [
          -53.8907,
          -0.462959,
          281.221
        ]
      ]
    },
    {
      "type": "rendInst",
      "name": "britain_tent_2_rendinst",
