[
  {
    "className": "composit"
  },
  {
    "size": [1024.0,256.0]
  },
  {
    "airfield": [
      {
        "start": [710.0,0.0,0.0]
      },
      {
        "end": [-710.0,0.0,0.0]
      },
      {
        "width": 120.0
      },
      {
        "spawn": [501.0,0.0,-13.0]
      },
      {
        "spawn": [514.0,0.0,12.0]
      },
      {
        "spawn": [525.0,0.0,-13.0]
      },
      {
        "spawn": [538.0,0.0,12.0]
      },
      {
        "spawn": [549.0,0.0,-13.0]
      },
      {
        "spawn": [561.0,0.0,12.0]
      },
      {
        "spawn": [573.0,0.0,-13.0]
      },
      {
        "spawn": [585.0,0.0,12.0]
      },
      {
        "spawn": [596.0,0.0,-13.0]
      },
      {
        "spawn": [610.0,0.0,12.0]
      },
      {
        "spawn": [620.0,0.0,-13.0]
      },
      {
        "spawn": [632.0,0.0,12.0]
      },
      {
        "spawn": [644.0,0.0,-13.0]
      },
      {
        "spawn": [657.0,0.0,12.0]
      },
      {
        "spawn": [670.0,0.0,-13.0]
      },
      {
        "spawn": [682.0,0.0,12.0]
      },
      {
        "repairTags": {
          "type_attack_helicopter": false,
          "type_utility_helicopter": false
        }
      }
    ]
  },
  {
    "node": {
      "name": "^^dynaf_africa_kahili_mesh",
      "tm": [
        [1.0,0.0,0.0],
        [0.0,1.0,0.0],
        [0.0,0.0,1.0],
        [-37.9481,-0.22771,-23.8085]
      ]
    }
  },
  {
    "node": {
      "name": "+NoTreesBox001",
      "tm": [
        [1000.0,0.0,0.0],
        [0.0,15.0,0.0],
        [0.0,0.0,50.0],
        [33.0,0.0,7.0]
      ]
    }
  },
  {
    "node": {
      "name": "+NoTreesBox002",
      "tm": [
        [585.0,0.0,0.0],
        [0.0,15.0,0.0],
        [0.0,0.0,230.0],
        [-56.0,0.0,-45.0]
      ]
    }
  },
  {
    "node": {
      "name": "+NoTreesBox004",
      "tm": [
        [165.0,0.0,0.0],
        [0.0,15.0,0.0],
        [0.0,0.0,135.0],
        [114.0,0.0,175.0]
      ]
    }
  },
  {
    "node": {
      "type": "rendInst",
      "name": "britain_control_tower_1_rendinst",
      "tm": [
        [0.906308,0.0,0.422618],
        [0.0,1.0,0.0],
        [-0.422618,0.0,0.906308],
        [326.807,-0.462959,-65.0856]
      ]
    }
  },
  {
    "node": {
      "type": "rendInst",
      "name": "britain_army_tent_rendinst",
      "tm": [
        [-0.983892,-2.03031e-07,0.178766],
        [-1.59001e-07,1.0,2.60626e-07],
        [-0.178766,2.28003e-07,-0.983892],
        [-538.41,-0.462959,-217.714]
      ]
    }
  },
  {
    "node": {
      "type": "rendInst",
      "name": "stalingrad_tent_camouflage_rendinst",
      "tm": [
        [-0.889197,0.0,0.457524],
        [0.0,1.0,0.0],
        [-0.457524,0.0,-0.889197],
        [-517.352,-0.453527,-204.299]
      ]
    }
  },
  {
    "node": {
      "type": "rendInst",
      "name": "britain_tent_1_rendinst",
      "tm": [
        [-0.790448,0.0,-0.612529],
        [0.0,1.0,0.0],
        [0.612529,0.0,-0.790448],
        [-546.067,-0.462959,-206.9]
      ]
    }
  },
  {
    "node": {
      "type": "rendInst",
      "name": "britain_tent_2_rendinst",
      "tm": [
        [0.387075,4.76837e-07,-0.922048],
        [-2.54839e-07,1.0,4.10169e-07],
        [0.922048,7.62083e-08,0.387075],
        [-549.916,-0.462959,-216.579]
      ]
    }
  },
  {
    "node": {
      "type": "rendInst",
      "name": "britain_army_tent_rendinst",
      "tm": [
        [-0.990813,0.0,-0.135241],
        [0.0,1.0,0.0],
        [0.135241,0.0,-0.990813],
        [-541.156,-0.462959,-200.077]
      ]
    }
  },
  {
    "node": {
      "type": "rendInst",
      "name": "stalingrad_radio_camouflage_rendinst",
      "tm": [
        [-0.221082,0.0,0.975255],
        [0.0,1.0,0.0],
        [-0.975255,0.0,-0.221082],
        [-514.136,-0.462959,-188.302]
      ]
    }
  },
  {
    "node": {
      "type": "rendInst",
      "name": "britain_army_tent_rendinst",
      "tm": [
        [0.0819754,0.0,-0.996634],
        [-3.72856e-08,1.0,-3.06683e-09],
        [0.996634,3.74115e-08,0.0819754],
        [-528.413,-0.462959,-219.979]
      ]
    }
  },
  {
    "node": {
      "type": "rendInst",
      "name": "boxes_rendinst",
      "tm": [
        [0.374855,0.0,-0.927084],
        [0.0,1.0,0.0],
        [0.927084,0.0,0.374855],
        [-526.745,-0.462959,-207.767]
      ]
    }
  },
  {
    "node": {
      "type": "rendInst",
      "name": "britain_tent_2_rendinst",
      "tm": [
        [-0.60498,0.0,-0.79624],
        [0.0,1.0,0.0],
        [0.79624,0.0,-0.60498],
        [-555.492,-0.462959,-188.648]
      ]
    }
  },
  {
    "node": {
      "type": "rendInst",
      "name": "britain_tent_1_rendinst",
      "tm": [
        [-0.740483,0.0,0.672075],
        [0.0,1.0,0.0],
        [-0.672075,0.0,-0.740483],
        [-556.922,-0.462959,-203.77]
      ]
    }
  },
  {
    "node": {
      "type": "rendInst",
      "name": "britain_tent_2_rendinst",
      "tm": [
        [-0.790448,0.0,-0.612529],
        [0.0,1.0,0.0],
        [0.612529,0.0,-0.790448],
        [-507.165,-0.462959,-166.053]
      ]
    }
  },
  {
    "node": {
      "type": "rendInst",
      "name": "britain_big_army_tent_rendinst",
      "tm": [
        [0.60498,0.0,0.79624],
        [0.0,1.0,0.0],
        [-0.79624,0.0,0.60498],
        [-526.397,-0.462959,-179.122]
      ]
    }
  },
  {
    "node": {
      "type": "rendInst",
      "name": "britain_tent_1_rendinst",
      "tm": [
        [0.672075,0.0,0.740483],
        [0.0,1.0,0.0],
        [-0.740483,0.0,0.672075],
        [-540.897,-0.462959,-164.912]
      ]
    }
  },
  {
    "node": {
      "type": "rendInst",
      "name": "britain_tent_2_rendinst",
      "tm": [
        [0.868613,0.0,0.495491],
        [0.0,1.0,0.0],
        [-0.495491,0.0,0.868613],
        [-555.104,-0.462959,-176.092]
      ]
    }
  },
  {
    "node": {
      "type": "rendInst",
      "name": "britain_tent_1_rendinst",
      "tm": [
        [-0.452894,0.0,0.891564],
        [0.0,1.0,0.0],
        [-0.891564,0.0,-0.452894],
        [307.291,-0.462959,-78.634]
      ]
    }
  },
  {
    "node": {
      "type": "rendInst",
      "name": "britain_tent_2_rendinst",
      "tm": [
        [0.0535643,0.0,0.998564],
        [0.0,1.0,0.0],
        [-0.998564,0.0,0.0535643],
        [281.779,-0.462959,-66.3539]
      ]
    }
  },
  {
    "node": {
      "type": "rendInst",
      "name": "britain_tent_1_rendinst",
      "tm": [
        [0.998564,0.0,-0.053565],
        [0.0,1.0,0.0],
        [0.053565,0.0,0.998564],
        [274.255,-0.462959,-66.2358]
      ]
    }
  },
  {
    "node": {
      "type": "rendInst",
      "name": "britain_big_army_tent_rendinst",
      "tm": [
        [-0.998336,0.0,0.057671],
        [0.0,1.0,0.0],
        [-0.057671,0.0,-0.998336],
        [309.209,-0.462959,-95.3518]
      ]
    }
  },
  {
    "node": {
      "type": "rendInst",
      "name": "britain_tent_1_rendinst",
      "tm": [
        [-0.0336696,0.0,0.999433],
        [0.0,1.0,0.0],
        [-0.999433,0.0,-0.0336696],
        [278.61,-0.462959,-105.198]
      ]
    }
  },
  {
    "node": {
      "type": "rendInst",
      "name": "britain_tent_1_rendinst",
      "tm": [
        [0.0535643,-1.50045e-07,0.998564],
        [8.03704e-09,1.0,1.49829e-07],
        [-0.998564,0.0,0.0535643],
        [278.758,-0.462959,-114.793]
      ]
    }
  },
  {
    "node": {
      "type": "rendInst",
      "name": "britain_tent_1_rendinst",
      "tm": [
        [0.999433,0.0,0.03367],
        [0.0,1.0,0.0],
        [-0.03367,0.0,0.999433],
        [298.708,-0.462959,-68.985]
      ]
    }
  },
  {
    "node": {
      "type": "rendInst",
      "name": "boxes_rendinst",
      "tm": [
        [0.981245,0.0,0.192766],
        [0.0,1.0,0.0],
        [-0.192766,0.0,0.981245],
        [306.971,-0.462959,-103.13]
      ]
    }
  },
  {
    "node": {
      "type": "rendInst",
      "name": "britain_tent_1_rendinst",
      "tm": [
        [-0.999789,-2.32017e-07,0.0205242],
        [-2.31229e-07,1.0,4.0772e-08],
        [-0.0205242,3.60177e-08,-0.999789],
        [290.13,-0.462959,-66.85]
      ]
    }
  },
  {
    "node": {
      "type": "rendInst",
      "name": "britain_big_army_tent_rendinst",
      "tm": [
        [-0.999563,0.0,-0.0295587],
        [0.0,1.0,0.0],
        [0.0295587,0.0,-0.999563],
        [309.209,-0.462959,-111.295]
      ]
    }
  },
  {
    "node": {
      "type": "rendInst",
      "name": "britain_tent_1_rendinst",
      "tm": [
        [3.13916e-07,0.0,-1.0],
        [0.0,1.0,0.0],
        [1.0,0.0,3.13916e-07],
        [278.79,-0.462959,-95.7666]
      ]
    }
  },
  {
    "node": {
      "type": "rendInst",
      "name": "britain_army_tent_rendinst",
      "tm": [
        [-0.61663,-2.81327e-07,-0.787253],
        [-3.2529e-07,1.0,-1.02563e-07],
        [0.787253,1.92842e-07,-0.61663],
        [265.492,-0.462959,-66.295]
      ]
    }
  },
  {
    "node": {
      "type": "rendInst",
      "name": "britain_tent_1_rendinst",
      "tm": [
        [-0.682897,0.0,-0.730514],
        [0.0,1.0,0.0],
        [0.730514,0.0,-0.682897],
        [320.267,-0.462959,-135.395]
      ]
    }
  },
  {
    "node": {
      "type": "rendInst",
      "name": "britain_tent_2_rendinst",
      "tm": [
        [0.992695,0.0,0.120649],
        [0.0,1.0,0.0],
        [-0.120649,0.0,0.992695],
        [321.9,-0.462959,-122.512]
      ]
    }
  },
  {
    "node": {
      "type": "rendInst",
      "name": "britain_tent_2_rendinst",
      "tm": [
        [0.206708,0.0,-0.978403],
        [0.0,1.0,0.0],
        [0.978403,0.0,0.206708],
        [311.822,-0.462959,-141.299]
      ]
    }
  },
  {
    "node": {
      "type": "rendInst",
      "name": "boxes_rendinst",
      "tm": [
        [0.826247,0.0,-0.563307],
        [0.0,1.0,0.0],
        [0.563307,0.0,0.826247],
        [-676.116,-0.462959,-202.904]
      ]
    }
  },
  {
    "node": {
      "type": "rendInst",
      "name": "britain_tent_1_rendinst",
      "tm": [
        [0.984808,0.0,-0.173648],
        [0.0,1.0,0.0],
        [0.173648,0.0,0.984808],
        [-615.343,-0.462959,-156.717]
      ]
    }
  },
  {
    "node": {
      "type": "rendInst",
      "name": "britain_army_tent_rendinst",
      "tm": [
        [0.998564,-2.65635e-07,-0.0535645],
        [2.65254e-07,1.0,-1.42286e-08],
        [0.0535645,0.0,0.998564],
        [-685.203,-0.462959,-190.855]
      ]
    }
  },
  {
    "node": {
      "type": "rendInst",
      "name": "britain_tent_1_rendinst",
      "tm": [
        [0.996195,0.0,0.0871558],
        [0.0,1.0,0.0],
        [-0.0871558,0.0,0.996195],
        [-688.556,-0.462959,-202.599]
      ]
    }
  },
  {
    "node": {
      "type": "rendInst",
      "name": "britain_tent_1_rendinst",
      "tm": [
        [0.920024,0.0,-0.391863],
        [0.0,1.0,0.0],
        [0.391863,0.0,0.920024],
        [-670.2,-0.462959,-166.253]
      ]
    }
  },
  {
    "node": {
      "type": "rendInst",
      "name": "britain_big_army_tent_rendinst",
      "tm": [
        [0.0576721,0.0,0.998336],
        [0.0,1.0,0.0],
        [-0.998336,0.0,0.0576721],
        [-666.369,-0.462959,-192.075]
      ]
    }
  },
  {
    "node": {
      "type": "rendInst",
      "name": "britain_tent_1_rendinst",
      "tm": [
        [0.891564,-3.73189e-07,0.452894],
        [3.60791e-07,1.0,1.13757e-07],
        [-0.452894,6.19785e-08,0.891564],
        [-681.351,-0.462959,-166.024]
      ]
    }
  },
  {
    "node": {
      "type": "rendInst",
      "name": "britain_tent_1_rendinst",
      "tm": [
        [-0.206707,0.0,0.978403],
        [0.0,1.0,0.0],
        [-0.978403,0.0,-0.206707],
        [-629.939,-0.462959,-154.979]
      ]
    }
  },
  {
    "node": {
      "type": "rendInst",
      "name": "britain_tent_2_rendinst",
      "tm": [
        [-0.206707,0.0,0.978403],
        [0.0,1.0,0.0],
        [-0.978403,0.0,-0.206707],
        [-659.559,-0.462959,-169.331]
      ]
    }
  },
  {
    "node": {
      "type": "rendInst",
      "name": "britain_army_tent_rendinst",
      "tm": [
        [0.0535638,-7.80076e-08,0.998564],
        [5.75736e-08,1.0,7.50315e-08],
        [-0.998564,5.3472e-08,0.0535638],
        [-633.958,-0.462959,-144.88]
      ]
    }
  },
  {
    "node": {
      "type": "rendInst",
      "name": "britain_tent_1_rendinst",
      "tm": [
        [-0.206707,0.0,0.978403],
        [0.0,1.0,0.0],
        [-0.978403,0.0,-0.206707],
        [-685.319,-0.462959,-177.997]
      ]
    }
  },
  {
    "node": {
      "type": "rendInst",
      "name": "stalingrad_tent_camouflage_rendinst",
      "tm": [
        [0.866025,0.0,0.5],
        [0.0,1.0,0.0],
        [-0.5,0.0,0.866025],
        [-663.996,-0.453527,-218.798]
      ]
    }
  },
  {
    "node": {
      "type": "rendInst",
      "name": "britain_tent_2_rendinst",
      "tm": [
        [-0.173648,0.0,0.984808],
        [0.0,1.0,0.0],
        [-0.984808,0.0,-0.173648],
        [-678.426,-0.462959,-213.917]
      ]
    }
  },
  {
    "node": {
      "type": "rendInst",
      "name": "britain_big_army_tent_rendinst",
      "tm": [
        [0.939693,0.0,-0.34202],
        [0.0,1.0,0.0],
        [0.34202,0.0,0.939693],
        [-609.295,-0.462959,-181.733]
      ]
    }
  },
  {
    "node": {
      "type": "rendInst",
      "name": "britain_army_tent_rendinst",
      "tm": [
        [0.642788,0.0,0.766044],
        [0.0,1.0,0.0],
        [-0.766044,0.0,0.642788],
        [-655.988,-0.462959,-243.041]
      ]
    }
  },
  {
    "node": {
      "type": "rendInst",
      "name": "britain_tent_1_rendinst",
      "tm": [
        [-0.906308,-1.2595e-07,0.422618],
        [8.09591e-08,1.0,4.71641e-07],
        [-0.422618,4.61666e-07,-0.906308],
        [-643.857,-0.462959,-236.82]
      ]
    }
  },
  {
    "node": {
      "type": "rendInst",
      "name": "britain_army_tent_rendinst",
      "tm": [
        [-0.258819,0.0,0.965926],
        [0.0,1.0,0.0],
        [-0.965926,0.0,-0.258819],
        [-621.623,-0.462959,-231.868]
      ]
    }
  },
  {
    "node": {
      "type": "rendInst",
      "name": "britain_army_tent_rendinst",
      "tm": [
        [0.642788,0.0,0.766044],
        [0.0,1.0,0.0],
        [-0.766044,0.0,0.642788],
        [-632.521,-0.462959,-234.539]
      ]
    }
  },
  {
    "node": {
      "type": "rendInst",
      "name": "britain_tent_2_rendinst",
      "tm": [
        [0.226149,0.0,0.974093],
        [0.0,1.0,0.0],
        [-0.974093,0.0,0.226149],
        [-649.545,-0.462959,-144.602]
      ]
    }
  },
  {
    "node": {
      "type": "rendInst",
      "name": "britain_tent_1_rendinst",
      "tm": [
        [0.965926,0.0,-0.258819],
        [0.0,1.0,0.0],
        [0.258819,0.0,0.965926],
        [-599.963,-0.462959,-166.953]
      ]
    }
  },
  {
    "node": {
      "type": "rendInst",
      "name": "stalingrad_radio_camouflage_rendinst",
      "tm": [
        [0.642788,0.0,-0.766044],
        [0.0,1.0,0.0],
        [0.766044,0.0,0.642788],
        [-608.278,-0.462959,-147.606]
      ]
    }
  },
  {
    "node": {
      "type": "rendInst",
      "name": "britain_tent_1_rendinst",
      "tm": [
        [0.927644,0.0,0.373466],
        [0.0,1.0,0.0],
        [-0.373466,0.0,0.927644],
        [-620.502,-0.462959,-140.992]
      ]
    }
  },
  {
    "node": {
      "type": "rendInst",
      "name": "britain_army_tent_rendinst",
      "tm": [
        [1.0,0.0,1.78814e-07],
        [0.0,1.0,0.0],
        [-1.78814e-07,0.0,1.0],
        [-599.455,-0.462959,-155.835]
      ]
    }
  },
  {
    "node": {
      "type": "rendInst",
      "name": "britain_tent_1_rendinst",
      "tm": [
        [0.998564,0.0,-0.0535645],
        [0.0,1.0,0.0],
        [0.0535645,0.0,0.998564],
        [-406.524,-0.462959,39.9035]
      ]
    }
  },
  {
    "node": {
      "type": "rendInst",
      "name": "britain_tent_2_rendinst",
      "tm": [
        [0.0535648,0.0,0.998564],
        [0.0,1.0,0.0],
        [-0.998564,0.0,0.0535648],
        [-397.331,-0.462959,40.4562]
      ]
    }
  },
  {
    "node": {
      "type": "rendInst",
      "name": "britain_tent_1_rendinst",
      "tm": [
        [0.999433,0.0,0.03367],
        [0.0,1.0,0.0],
        [-0.03367,0.0,0.999433],
        [-372.095,-0.462959,40.5778]
      ]
    }
  },
  {
    "node": {
      "type": "rendInst",
      "name": "britain_tent_1_rendinst",
      "tm": [
        [-0.999789,-1.1528e-07,0.0205237],
        [-1.1202e-07,1.0,1.59981e-07],
        [-0.0205237,1.57648e-07,-0.999789],
        [-388.793,-0.462959,40.6329]
      ]
    }
  },
  {
    "node": {
      "type": "rendInst",
      "name": "stalingrad_radio_camouflage_rendinst",
      "tm": [
        [1.0,0.0,0.0],
        [0.0,1.0,0.0],
        [0.0,0.0,1.0],
        [-362.803,-0.462959,39.9804]
      ]
    }
  },
  {
    "node": {
      "type": "rendInst",
      "name": "britain_tent_2_rendinst",
      "tm": [
        [0.0535648,0.0,0.998564],
        [0.0,1.0,0.0],
        [-0.998564,0.0,0.0535648],
        [-380.25,-0.462959,40.4562]
      ]
    }
  },
  {
    "node": {
      "type": "rendInst",
      "name": "britain_tent_2_rendinst",
      "tm": [
        [0.0535648,0.0,0.998564],
        [0.0,1.0,0.0],
        [-0.998564,0.0,0.0535648],
        [-343.397,-0.462959,40.4638]
      ]
    }
  },
  {
    "node": {
      "type": "rendInst",
      "name": "britain_tent_1_rendinst",
      "tm": [
        [0.999433,0.0,0.03367],
        [0.0,1.0,0.0],
        [-0.03367,0.0,0.999433],
        [-318.161,-0.462959,40.5853]
      ]
    }
  },
  {
    "node": {
      "type": "rendInst",
      "name": "britain_tent_1_rendinst",
      "tm": [
        [-0.999789,-1.1528e-07,0.0205237],
        [-1.1202e-07,1.0,1.59981e-07],
        [-0.0205237,1.57648e-07,-0.999789],
        [-334.86,-0.462959,40.6405]
      ]
    }
  },
  {
    "node": {
      "type": "rendInst",
      "name": "britain_tent_2_rendinst",
      "tm": [
        [0.0535648,0.0,0.998564],
        [0.0,1.0,0.0],
        [-0.998564,0.0,0.0535648],
        [-351.732,-0.462959,40.4638]
      ]
    }
  },
  {
    "node": {
      "type": "rendInst",
      "name": "britain_army_tent_rendinst",
      "tm": [
        [-0.61663,-3.0293e-08,-0.787253],
        [-1.46476e-07,1.0,7.62504e-08],
        [0.787253,1.62332e-07,-0.61663],
        [-416.01,-0.462959,39.8148]
      ]
    }
  },
  {
    "node": {
      "type": "rendInst",
      "name": "boxes_rendinst",
      "tm": [
        [0.633176,0.0,0.774008],
        [0.0,1.0,0.0],
        [-0.774008,0.0,0.633176],
        [461.894,-0.462959,-126.627]
      ]
    }
  },
  {
    "node": {
      "type": "rendInst",
      "name": "britain_tent_1_rendinst",
      "tm": [
        [1.19249e-08,0.0,1.0],
        [0.0,1.0,0.0],
        [-1.0,0.0,1.19249e-08],
        [460.506,-0.462959,-138.993]
      ]
    }
  },
  {
    "node": {
      "type": "rendInst",
      "name": "britain_tent_2_rendinst",
      "tm": [
        [-0.996195,0.0,-0.0871556],
        [0.0,1.0,0.0],
        [0.0871556,0.0,-0.996195],
        [472.664,-0.462959,-129.888]
      ]
    }
  },
  {
    "node": {
      "type": "rendInst",
      "name": "britain_army_tent_rendinst",
      "tm": [
        [0.173648,0.0,0.984808],
        [0.0,1.0,0.0],
        [-0.984808,0.0,0.173648],
        [637.468,-0.462959,53.2193]
      ]
    }
  },
  {
    "node": {
      "type": "rendInst",
      "name": "britain_army_tent_rendinst",
      "tm": [
        [0.140391,-2.65635e-07,0.990096],
        [3.72928e-08,1.0,2.63004e-07],
        [-0.990096,0.0,0.140391],
        [449.098,-0.462959,-134.63]
      ]
    }
  },
  {
    "node": {
      "type": "rendInst",
      "name": "britain_big_army_tent_rendinst",
      "tm": [
        [-0.98951,0.0,0.144463],
        [0.0,1.0,0.0],
        [-0.144463,0.0,-0.98951],
        [451.955,-0.462959,-115.974]
      ]
    }
  },
  {
    "node": {
      "type": "rendInst",
      "name": "britain_tent_1_rendinst",
      "tm": [
        [-0.819152,-5.16191e-08,0.573576],
        [7.83287e-09,1.0,1.01182e-07],
        [-0.573576,8.7376e-08,-0.819152],
        [647.315,-0.462959,55.5047]
      ]
    }
  },
  {
    "node": {
      "type": "rendInst",
      "name": "britain_tent_1_rendinst",
      "tm": [
        [-0.882369,0.0,0.470558],
        [0.0,1.0,0.0],
        [-0.470558,0.0,-0.882369],
        [442.873,-0.462959,-96.5452]
      ]
    }
  },
  {
    "node": {
      "type": "rendInst",
      "name": "britain_tent_2_rendinst",
      "tm": [
        [0.984808,0.0,0.173648],
        [0.0,1.0,0.0],
        [-0.173648,0.0,0.984808],
        [657.44,-0.462959,53.2944]
      ]
    }
  },
  {
    "node": {
      "type": "rendInst",
      "name": "britain_army_tent_rendinst",
      "tm": [
        [-0.173649,0.0,0.984808],
        [0.0,1.0,0.0],
        [-0.984808,0.0,-0.173649],
        [487.106,-0.462959,-127.404]
      ]
    }
  },
  {
    "node": {
      "type": "rendInst",
      "name": "britain_tent_1_rendinst",
      "tm": [
        [0.310186,0.0,0.950676],
        [0.0,1.0,0.0],
        [-0.950676,0.0,0.310186],
        [440.377,-0.462959,-81.7638]
      ]
    }
  },
  {
    "node": {
      "type": "rendInst",
      "name": "britain_tent_1_rendinst",
      "tm": [
        [-0.992695,0.0,-0.120648],
        [0.0,1.0,0.0],
        [0.120648,0.0,-0.992695],
        [436.28,-0.462959,-133.624]
      ]
    }
  },
  {
    "node": {
      "type": "rendInst",
      "name": "britain_tent_2_rendinst",
      "tm": [
        [-0.992695,0.0,-0.120648],
        [0.0,1.0,0.0],
        [0.120648,0.0,-0.992695],
        [429.892,-0.462959,-107.207]
      ]
    }
  },
  {
    "node": {
      "type": "rendInst",
      "name": "britain_tent_1_rendinst",
      "tm": [
        [-0.373466,-3.73189e-07,0.927644],
        [-8.18792e-08,1.0,3.69333e-07],
        [-0.927644,6.19785e-08,-0.373466],
        [424.698,-0.462959,-128.628]
      ]
    }
  },
  {
    "node": {
      "type": "rendInst",
      "name": "britain_tent_1_rendinst",
      "tm": [
        [0.470557,0.0,0.882369],
        [0.0,1.0,0.0],
        [-0.882369,0.0,0.470557],
        [425.898,-0.462959,-117.539]
      ]
    }
  },
  {
    "node": {
      "type": "rendInst",
      "name": "britain_tent_1_rendinst",
      "tm": [
        [0.422618,0.0,0.906308],
        [0.0,1.0,0.0],
        [-0.906308,0.0,0.422618],
        [662.92,-0.462959,62.8348]
      ]
    }
  },
  {
    "node": {
      "type": "rendInst",
      "name": "britain_army_tent_rendinst",
      "tm": [
        [0.787253,0.0,-0.61663],
        [-1.82955e-08,1.0,-2.33579e-08],
        [0.61663,2.96701e-08,0.787253],
        [695.99,-0.462959,36.9985]
      ]
    }
  },
  {
    "node": {
      "type": "rendInst",
      "name": "britain_army_tent_rendinst",
      "tm": [
        [-0.730515,-7.80076e-08,0.682897],
        [-2.04698e-08,1.0,9.23333e-08],
        [-0.682897,5.3472e-08,-0.730515],
        [432.554,-0.462959,-93.1324]
      ]
    }
  },
  {
    "node": {
      "type": "rendInst",
      "name": "britain_big_army_tent_rendinst",
      "tm": [
        [-0.685896,0.0,-0.727699],
        [0.0,1.0,0.0],
        [0.727699,0.0,-0.685896],
        [693.88,-0.462959,59.5087]
      ]
    }
  },
  {
    "node": {
      "type": "rendInst",
      "name": "britain_army_tent_rendinst",
      "tm": [
        [0.226149,-1.07071e-09,0.974093],
        [1.04992e-07,1.0,-2.32761e-08],
        [-0.974093,1.07535e-07,0.226149],
        [-36.7733,-0.462959,244.217]
      ]
    }
  },
  {
    "node": {
      "type": "rendInst",
      "name": "britain_tent_2_rendinst",
      "tm": [
        [-0.528876,0.0,0.848699],
        [0.0,1.0,0.0],
        [-0.848699,0.0,-0.528876],
        [-66.6838,-0.462959,278.185]
      ]
    }
  },
  {
    "node": {
      "type": "rendInst",
      "name": "britain_tent_1_rendinst",
      "tm": [
        [0.54567,0.0,0.838],
        [0.0,1.0,0.0],
        [-0.838,0.0,0.54567],
        [-76.0336,-0.462959,270.73]
      ]
    }
  },
  {
    "node": {
      "type": "rendInst",
      "name": "britain_big_army_tent_rendinst",
      "tm": [
        [-0.973154,0.0,0.230154],
        [0.0,1.0,0.0],
        [-0.230154,0.0,-0.973154],
        [-51.2557,-0.462959,260.91]
      ]
    }
  },
  {
    "node": {
      "type": "rendInst",
      "name": "britain_tent_1_rendinst",
      "tm": [
        [-0.600832,0.0,0.799376],
        [0.0,1.0,0.0],
        [-0.799376,0.0,-0.600832],
        [-76.6951,-0.462959,246.334]
      ]
    }
  },
  {
    "node": {
      "type": "rendInst",
      "name": "britain_tent_1_rendinst",
      "tm": [
        [-0.990096,-1.08897e-07,0.140391],
        [-1.07819e-07,1.0,1.52882e-08],
        [-0.140391,0.0,-0.990096],
        [-64.7614,-0.462959,240.35]
      ]
    }
  },
  {
    "node": {
      "type": "rendInst",
      "name": "britain_tent_1_rendinst",
      "tm": [
        [-0.838,0.0,0.545671],
        [0.0,1.0,0.0],
        [-0.545671,0.0,-0.838],
        [-41.6238,-0.462959,278.791]
      ]
    }
  },
  {
    "node": {
      "type": "rendInst",
      "name": "britain_tent_2_rendinst",
      "tm": [
        [-0.999433,0.0,-0.0336708],
        [0.0,1.0,0.0],
        [0.0336708,0.0,-0.999433],
        [-78.8264,-0.462959,257.879]
      ]
    }
  },
  {
    "node": {
      "type": "rendInst",
      "name": "britain_army_tent_rendinst",
      "tm": [
        [-0.54567,-6.54125e-08,-0.838],
        [-5.23788e-08,1.0,-4.3951e-08],
        [0.838,1.99107e-08,-0.54567],
        [-53.8907,-0.462959,281.221]
      ]
    }
  },
  {
    "node": {
      "type": "rendInst",
      "name": "britain_tent_2_rendinst",
      "tm": [
        [0.743967,0.0,0.668216],
        [0.0,1.0,0.0],
        [-0.668216,0.0,0.743967],
        [-32.9607,-0.462959,274.013]
      ]
    }
  },
  {
    "node": {
      "type": "rendInst",
      "name": "britain_tent_1_rendinst",
      "tm": [
        [-0.999433,0.0,-0.0336698],
        [0.0,1.0,0.0],
        [0.0336698,0.0,-0.999433],
        [-49.6783,-0.462959,239.116]
      ]
    }
  },
  {
    "node": {
      "type": "rendInst",
      "name": "britain_tent_1_rendinst",
      "tm": [
        [-0.573576,0.0,0.819152],
        [0.0,1.0,0.0],
        [-0.819152,0.0,-0.573576],
        [-24.9684,-0.462959,269.756]
      ]
    }
  },
  {
    "node": {
      "type": "rendInst",
      "name": "britain_tent_2_rendinst",
      "tm": [
        [-0.766044,0.0,0.642788],
        [1.06396e-08,1.0,1.26798e-08],
        [-0.642788,1.65523e-08,-0.766044],
        [-17.0267,-0.462959,257.173]
      ]
    }
  },
  {
    "node": {
      "type": "rendInst",
      "name": "britain_tent_1_rendinst",
      "tm": [
        [0.517669,-1.66067e-08,0.855581],
        [1.01709e-07,1.0,-4.21294e-08],
        [-0.855581,1.0883e-07,0.517669],
        [-25.1429,-0.462959,249.83]
      ]
    }
  },
  {
    "node": {
      "type": "rendInst",
      "name": "britain_tent_2_rendinst",
      "tm": [
        [-0.206708,0.0,0.978403],
        [0.0,1.0,0.0],
        [-0.978403,0.0,-0.206708],
        [-63.5707,-0.462959,292.542]
      ]
    }
  },
  {
    "node": {
      "type": "rendInst",
      "name": "britain_tent_2_rendinst",
      "tm": [
        [0.906308,0.0,0.422618],
        [6.99529e-09,1.0,-1.50015e-08],
        [-0.422618,1.65523e-08,0.906308],
        [-9.56418,-0.462959,267.693]
      ]
    }
  },
  {
    "node": {
      "type": "rendInst",
      "name": "britain_army_tent_rendinst",
      "tm": [
        [0.226149,-1.07071e-09,0.974093],
        [1.04992e-07,1.0,-2.32761e-08],
        [-0.974093,1.07535e-07,0.226149],
        [-60.7965,-0.462959,227.546]
      ]
    }
  },
  {
    "node": {
      "type": "rendInst",
      "name": "britain_tent_1_rendinst",
      "tm": [
        [-0.838,0.0,0.545671],
        [0.0,1.0,0.0],
        [-0.545671,0.0,-0.838],
        [-75.2416,-0.462959,233.956]
      ]
    }
  },
  {
    "node": {
      "type": "rendInst",
      "name": "britain_windvane_rendinst",
      "tm": [
        [-0.820911,0.0,-0.571056],
        [-5.91358e-08,1.0,8.50095e-08],
        [0.571056,1.03555e-07,-0.820911],
        [-42.7406,-0.462959,227.769]
      ]
    }
  },
  {
    "node": {
      "type": "rendInst",
      "name": "boxes_rendinst",
      "tm": [
        [0.943888,0.0,-0.330265],
        [0.0,1.0,0.0],
        [0.330265,0.0,0.943888],
        [511.865,-0.462959,43.5679]
      ]
    }
  },
  {
    "node": {
      "type": "rendInst",
      "name": "britain_tent_1_rendinst",
      "tm": [
        [7.54979e-08,0.0,1.0],
        [0.0,1.0,0.0],
        [-1.0,0.0,7.54979e-08],
        [-569.122,-0.462959,155.22]
      ]
    }
  },
  {
    "node": {
      "type": "rendInst",
      "name": "britain_army_tent_rendinst",
      "tm": [
        [0.978403,-2.65635e-07,0.206708],
        [2.59898e-07,1.0,5.49089e-08],
        [-0.206708,0.0,0.978403],
        [499.969,-0.462959,52.8551]
      ]
    }
  },
  {
    "node": {
      "type": "rendInst",
      "name": "britain_tent_1_rendinst",
      "tm": [
        [0.939693,0.0,0.34202],
        [0.0,1.0,0.0],
        [-0.34202,0.0,0.939693],
        [499.771,-0.462959,40.6427]
      ]
    }
  },
  {
    "node": {
      "type": "rendInst",
      "name": "britain_tent_1_rendinst",
      "tm": [
        [0.990096,0.0,-0.140391],
        [0.0,1.0,0.0],
        [0.140391,0.0,0.990096],
        [519.123,-0.462959,68.658]
      ]
    }
  },
  {
    "node": {
      "type": "rendInst",
      "name": "britain_big_army_tent_rendinst",
      "tm": [
        [-0.202681,0.0,0.979245],
        [0.0,1.0,0.0],
        [-0.979245,0.0,-0.202681],
        [518.477,-0.462959,56.5506]
      ]
    }
  },
  {
    "node": {
      "type": "rendInst",
      "name": "britain_tent_1_rendinst",
      "tm": [
        [0.743968,-3.73189e-07,0.668216],
        [3.19055e-07,1.0,2.03261e-07],
        [-0.668216,6.19785e-08,0.743968],
        [508.291,-0.462959,65.993]
      ]
    }
  },
  {
    "node": {
      "type": "rendInst",
      "name": "britain_tent_1_rendinst",
      "tm": [
        [-0.927644,0.0,-0.373465],
        [0.0,1.0,0.0],
        [0.373465,0.0,-0.927644],
        [-568.3,-0.462959,140.544]
      ]
    }
  },
  {
    "node": {
      "type": "rendInst",
      "name": "britain_tent_2_rendinst",
      "tm": [
        [-0.452894,0.0,0.891565],
        [0.0,1.0,0.0],
        [-0.891565,0.0,-0.452894],
        [530.197,-0.462959,68.4389]
      ]
    }
  },
  {
    "node": {
      "type": "rendInst",
      "name": "britain_army_tent_rendinst",
      "tm": [
        [-0.992695,-7.80076e-08,-0.120649],
        [-8.38892e-08,1.0,4.36698e-08],
        [0.120649,5.3472e-08,-0.992695],
        [-577.547,-0.462959,134.832]
      ]
    }
  },
  {
    "node": {
      "type": "rendInst",
      "name": "britain_tent_1_rendinst",
      "tm": [
        [-0.452894,0.0,0.891565],
        [0.0,1.0,0.0],
        [-0.891565,0.0,-0.452894],
        [496.53,-0.462959,65.2441]
      ]
    }
  },
  {
    "node": {
      "type": "rendInst",
      "name": "britain_tent_2_rendinst",
      "tm": [
        [-0.422618,0.0,0.906308],
        [0.0,1.0,0.0],
        [-0.906308,0.0,-0.422618],
        [512.484,-0.462959,32.3324]
      ]
    }
  },
  {
    "node": {
      "type": "rendInst",
      "name": "britain_big_army_tent_rendinst",
      "tm": [
        [0.173648,0.0,0.984808],
        [0.0,1.0,0.0],
        [-0.984808,0.0,0.173648],
        [-545.537,-0.462959,165.52]
      ]
    }
  },
  {
    "node": {
      "type": "rendInst",
      "name": "britain_army_tent_rendinst",
      "tm": [
        [-0.866025,0.0,0.5],
        [0.0,1.0,0.0],
        [-0.5,0.0,-0.866025],
        [-510.231,-0.462959,118.919]
      ]
    }
  },
  {
    "node": {
      "type": "rendInst",
      "name": "britain_tent_1_rendinst",
      "tm": [
        [-0.258819,-1.2595e-07,-0.965926],
        [-4.78534e-07,1.0,-2.17037e-09],
        [0.965926,4.61666e-07,-0.258819],
        [-518.464,-0.462959,129.786]
      ]
    }
  },
  {
    "node": {
      "type": "rendInst",
      "name": "britain_army_tent_rendinst",
      "tm": [
        [-0.906308,0.0,-0.422618],
        [0.0,1.0,0.0],
        [0.422618,0.0,-0.906308],
        [-527.203,-0.462959,150.822]
      ]
    }
  },
  {
    "node": {
      "type": "rendInst",
      "name": "britain_army_tent_rendinst",
      "tm": [
        [-0.866025,0.0,0.5],
        [0.0,1.0,0.0],
        [-0.5,0.0,-0.866025],
        [-522.68,-0.462959,140.554]
      ]
    }
  },
  {
    "node": {
      "type": "rendInst",
      "name": "britain_tent_2_rendinst",
      "tm": [
        [-0.998564,0.0,0.0535641],
        [0.0,1.0,0.0],
        [-0.0535641,0.0,-0.998564],
        [-608.294,-0.462959,108.171]
      ]
    }
  },
  {
    "node": {
      "type": "rendInst",
      "name": "britain_tent_1_rendinst",
      "tm": [
        [0.0871563,0.0,0.996195],
        [0.0,1.0,0.0],
        [-0.996195,0.0,0.0871563],
        [-561.713,-0.462959,172.144]
      ]
    }
  },
  {
    "node": {
      "type": "rendInst",
      "name": "stalingrad_radio_camouflage_rendinst",
      "tm": [
        [0.642788,0.0,0.766044],
        [0.0,1.0,0.0],
        [-0.766044,0.0,0.642788],
        [-579.322,-0.462959,160.595]
      ]
    }
  },
  {
    "node": {
      "type": "rendInst",
      "name": "britain_tent_1_rendinst",
      "tm": [
        [-0.528876,0.0,0.848699],
        [0.0,1.0,0.0],
        [-0.848699,0.0,-0.528876],
        [-583.713,-0.462959,147.408]
      ]
    }
  },
  {
    "node": {
      "type": "rendInst",
      "name": "britain_army_tent_rendinst",
      "tm": [
        [-0.173648,0.0,0.984808],
        [0.0,1.0,0.0],
        [-0.984808,0.0,-0.173648],
        [-572.75,-0.462959,170.713]
      ]
    }
  },
  {
    "node": {
      "type": "rendInst",
      "name": "britain_tent_1_rendinst",
      "tm": [
        [0.998564,0.0,-0.0535645],
        [0.0,1.0,0.0],
        [0.0535645,0.0,0.998564],
        [-93.3901,-0.462959,-75.598]
      ]
    }
  },
  {
    "node": {
      "type": "rendInst",
      "name": "britain_tent_2_rendinst",
      "tm": [
        [0.0535648,0.0,0.998564],
        [0.0,1.0,0.0],
        [-0.998564,0.0,0.0535648],
        [-84.1971,-0.462959,-75.0452]
      ]
    }
  },
  {
    "node": {
      "type": "rendInst",
      "name": "britain_tent_1_rendinst",
      "tm": [
        [0.999433,0.0,0.03367],
        [0.0,1.0,0.0],
        [-0.03367,0.0,0.999433],
        [-58.9606,-0.462959,-74.9236]
      ]
    }
  },
  {
    "node": {
      "type": "rendInst",
      "name": "britain_tent_1_rendinst",
      "tm": [
        [-0.999789,-1.1528e-07,0.0205237],
        [-1.1202e-07,1.0,1.59981e-07],
        [-0.0205237,1.57648e-07,-0.999789],
        [-75.6592,-0.462959,-74.8685]
      ]
    }
  },
  {
    "node": {
      "type": "rendInst",
      "name": "stalingrad_radio_camouflage_rendinst",
      "tm": [
        [1.0,0.0,0.0],
        [0.0,1.0,0.0],
        [0.0,0.0,1.0],
        [-49.6686,-0.462959,-75.5211]
      ]
    }
  },
  {
    "node": {
      "type": "rendInst",
      "name": "britain_tent_2_rendinst",
      "tm": [
        [0.0535648,0.0,0.998564],
        [0.0,1.0,0.0],
        [-0.998564,0.0,0.0535648],
        [-67.1161,-0.462959,-75.0452]
      ]
    }
  },
  {
    "node": {
      "type": "rendInst",
      "name": "britain_army_tent_rendinst",
      "tm": [
        [-0.61663,-3.0293e-08,-0.787253],
        [-1.46476e-07,1.0,7.62504e-08],
        [0.787253,1.62332e-07,-0.61663],
        [-102.876,-0.462959,-75.6866]
      ]
    }
  },
  {
    "node": {
      "type": "rendInst",
      "name": "britain_tent_1_rendinst",
      "tm": [
        [-0.998564,0.0,0.0535643],
        [0.0,1.0,0.0],
        [-0.0535643,0.0,-0.998564],
        [-58.3391,-0.462959,-93.4485]
      ]
    }
  },
  {
    "node": {
      "type": "rendInst",
      "name": "britain_army_tent_rendinst",
      "tm": [
        [-0.61663,-3.0293e-08,-0.787253],
        [-1.46476e-07,1.0,7.62504e-08],
        [0.787253,1.62332e-07,-0.61663],
        [-63.2689,-0.462959,-108.082]
      ]
    }
  },
  {
    "node": {
      "type": "rendInst",
      "name": "britain_army_tent_rendinst",
      "tm": [
        [-0.61663,-3.0293e-08,-0.787253],
        [-1.46476e-07,1.0,7.62504e-08],
        [0.787253,1.62332e-07,-0.61663],
        [-50.3508,-0.462959,-102.33]
      ]
    }
  },
  {
    "node": {
      "type": "rendInst",
      "name": "us_ravetment_big2",
      "tm": [
        [1.0,0.0,0.0],
        [0.0,1.0,0.0],
        [0.0,0.0,1.0],
        [-27.431,-0.549989,48.7721]
      ]
    }
  },
  {
    "node": {
      "type": "rendInst",
      "name": "us_ravetment_big2",
      "tm": [
        [-3.80342e-08,0.0,-0.870121],
        [0.0,1.0,0.0],
        [0.772866,0.0,-3.3783e-08],
        [380.648,-0.549989,-83.5157]
      ]
    }
  },
  {
    "node": {
      "type": "rendInst",
      "name": "us_ravetment_small2",
      "tm": [
        [0.819152,0.0,0.573576],
        [-6.11325e-15,1.0,8.73064e-15],
        [-0.573576,-1.06581e-14,0.819152],
        [229.966,-0.549989,92.9095]
      ]
    }
  },
  {
    "node": {
      "type": "rendInst",
      "name": "us_ravetment_small2",
      "tm": [
        [0.996195,0.0,0.0871554],
        [-9.28915e-16,1.0,1.06176e-14],
        [-0.116734,-1.42752e-14,1.33428],
        [65.2729,-0.549989,-156.924]
      ]
    }
  },
  {
    "node": {
      "type": "rendInst",
      "name": "us_ravetment_small2",
      "tm": [
        [0.996195,0.0,0.0871554],
        [-9.28915e-16,1.0,1.06176e-14],
        [-0.116734,-1.42752e-14,1.33428],
        [-157.54,-0.549989,-178.789]
      ]
    }
  },
  {
    "node": {
      "type": "rendInst",
      "name": "us_ravetment_big2",
      "tm": [
        [0.795969,0.0,0.0696382],
        [0.0,0.799009,0.0],
        [-0.0696382,0.0,0.795969],
        [134.655,-0.549989,145.678]
      ]
    }
  },
  {
    "node": {
      "type": "rendInst",
      "name": "us_ravetment_big2",
      "tm": [
        [0.745481,0.0,-0.0652211],
        [0.0,0.748329,0.0],
        [0.0652211,0.0,0.745481],
        [330.648,-0.549989,111.638]
      ]
    }
  },
  {
    "node": {
      "type": "rendInst",
      "name": "us_ravetment_small2",
      "tm": [
        [-1.0,0.0,3.89414e-07],
        [-4.15043e-21,1.0,-1.06581e-14],
        [-4.53798e-07,-1.24203e-14,-1.16534],
        [183.355,-0.549989,-76.3083]
      ]
    }
  },
  {
    "node": {
      "type": "rendInst",
      "name": "us_ravetment_small2",
      "tm": [
        [-0.422618,0.0,0.906308],
        [-9.65956e-15,1.0,-4.50432e-15],
        [-1.05615,-1.24203e-14,-0.492492],
        [94.4503,-0.549989,-114.748]
      ]
    }
  },
  {
    "node": {
      "type": "rendInst",
      "name": "us_ravetment_small2",
      "tm": [
        [-0.984808,0.0,-0.173648],
        [1.85076e-15,1.0,-1.04962e-14],
        [0.202358,-1.24203e-14,-1.14763],
        [344.647,-0.549989,-210.082]
      ]
    }
  },
  {
    "node": {
      "type": "rendInst",
      "name": "us_ravetment_small2",
      "tm": [
        [-1.06103,0.0,-0.187088],
        [1.99401e-15,1.0774,-1.13086e-14],
        [0.21802,-1.33816e-14,-1.23646],
        [99.4992,-0.549989,-236.379]
      ]
    }
  },
  {
    "node": {
      "type": "rendInst",
      "name": "us_ravetment_small2",
      "tm": [
        [1.24187,0.0,-3.75036e-07],
        [3.99718e-21,1.24187,1.32361e-14],
        [3.75036e-07,-1.32361e-14,1.24187],
        [66.3538,-0.549989,41.8854]
      ]
    }
  },
  {
    "node": {
      "type": "rendInst",
      "name": "us_ravetment_small1",
      "tm": [
        [0.996195,0.0,0.0871557],
        [0.0,1.0,0.0],
        [-0.0871557,0.0,0.996195],
        [-51.0369,-0.549989,-172.05]
      ]
    }
  },
  {
    "node": {
      "type": "rendInst",
      "name": "us_ravetment_small1",
      "tm": [
        [0.996195,0.0,0.0871557],
        [0.0,1.0,0.0],
        [-0.0871557,0.0,0.996195],
        [9.97118,-0.549989,-167.176]
      ]
    }
  },
  {
    "node": {
      "type": "rendInst",
      "name": "us_ravetment_small1",
      "tm": [
        [0.996195,0.0,0.0871557],
        [0.0,1.0,0.0],
        [-0.0871557,0.0,0.996195],
        [-101.356,-0.549989,-178.532]
      ]
    }
  },
  {
    "node": {
      "type": "rendInst",
      "name": "britain_windvane_rendinst",
      "tm": [
