[
  {
    "className": "composit"
  },
  {
    "size": [1024.0,256.0]
  },
  {
    "airfield": [
      {
        "start": [515.0,0.0,43.0]
      },
      {
        "end": [-905.0,0.0,43.0]
      },
      {
        "width": 120.0
      },
      {
        "spawn": [317.0,0.0,36.0]
      },
      {
        "spawn": [330.0,0.0,61.0]
      },
      {
        "spawn": [341.0,0.0,36.0]
      },
      {
        "spawn": [353.0,0.0,61.0]
      },
      {
        "spawn": [364.0,0.0,36.0]
      },
      {
        "spawn": [377.0,0.0,61.0]
      },
      {
        "spawn": [388.0,0.0,36.0]
      },
      {
        "spawn": [400.0,0.0,61.0]
      },
      {
        "spawn": [413.0,0.0,36.0]
      },
      {
        "spawn": [426.0,0.0,61.0]
      },
      {
        "spawn": [439.0,0.0,36.0]
      },
      {
        "spawn": [452.0,0.0,61.0]
      },
      {
        "spawn": [465.0,0.0,36.0]
      },
      {
        "spawn": [478.0,0.0,61.0]
      },
      {
        "spawn": [491.0,0.0,36.0]
      },
      {
        "spawn": [504.0,0.0,61.0]
      },
      {
        "repairTags": {
          "type_attack_helicopter": false,
          "type_utility_helicopter": false
        }
      }
    ]
  },
  {
    "node": {
      "name": "^^dynaf_pacific_ally_grd_mesh",
      "tm": [
        [1.0,0.0,0.0],
        [0.0,1.0,0.0],
        [0.0,0.0,1.0],
        [0.0,0.0,0.0]
      ]
    }
  },
  {
    "node": {
      "name": "+NoTreesBox000",
      "tm": [
        [800.0,0.0,0.0],
        [0.0,25.0,0.0],
        [0.0,0.0,75.0],
        [-180.0,0.0,40.0]
      ]
    }
  },
  {
    "node": {
      "name": "+NoTreesBox001",
      "tm": [
        [850.0,0.0,0.0],
        [0.0,25.0,0.0],
        [0.0,0.0,75.0],
        [-100.0,0.0,50.0]
      ]
    }
  },
  {
    "node": {
      "name": "britain_windvane_rendinst",
      "tm": [
        [0.00307322,0.0,0.999995],
        [1.03555e-07,1.0,-3.18248e-10],
        [-0.999995,1.03555e-07,0.00307322],
        [474.551,0.0,175.202]
      ]
    }
  },
  {
    "node": {
      "name": "boxes_rendinst",
      "tm": [
        [0.56,0.0,0.828492],
        [0.0,1.0,0.0],
        [-0.828492,0.0,0.56],
        [-717.642,0.0,314.043]
      ]
    }
  },
  {
    "node": {
      "name": "usa_tent_2",
      "tm": [
        [-0.34202,0.0,-0.939693],
        [0.0,1.0,0.0],
        [0.939693,0.0,-0.34202],
        [112.807,0.0,-140.118]
      ]
    }
  },
  {
    "node": {
      "name": "usa_tent_3",
      "tm": [
        [-0.996195,0.0,-0.0871559],
        [0.0,1.0,0.0],
        [0.0871559,0.0,-0.996195],
        [108.81,0.0,-162.977]
      ]
    }
  },
  {
    "node": {
      "name": "usa_tent_4",
      "tm": [
        [0.939693,0.0,-0.34202],
        [0.0,1.0,0.0],
        [0.34202,0.0,0.939693],
        [116.996,0.0,-195.293]
      ]
    }
  },
  {
    "node": {
      "name": "usa_tent_5",
      "tm": [
        [-0.766044,0.0,-0.642788],
        [0.0,1.0,0.0],
        [0.642788,0.0,-0.766044],
        [66.1726,0.0,-184.917]
      ]
    }
  },
  {
    "node": {
      "name": "usa_tent_6",
      "tm": [
        [0.34202,0.0,0.939693],
        [0.0,1.0,0.0],
        [-0.939693,0.0,0.34202],
        [138.092,0.0,-169.46]
      ]
    }
  },
  {
    "node": {
      "name": "usa_tower",
      "tm": [
        [1.0,0.0,0.0],
        [0.0,1.0,0.0],
        [0.0,0.0,1.0],
        [-145.535,0.0,-204.78]
      ]
    }
  },
  {
    "node": {
      "name": "usa_tower",
      "tm": [
        [1.0,0.0,0.0],
        [0.0,1.0,0.0],
        [0.0,0.0,1.0],
        [362.818,0.0,263.903]
      ]
    }
  },
  {
    "node": {
      "name": "usa_tower",
      "tm": [
        [1.0,0.0,0.0],
        [0.0,1.0,0.0],
        [0.0,0.0,1.0],
        [-708.926,0.0,305.95]
      ]
    }
  },
  {
    "node": {
      "name": "britain_windvane_rendinst",
      "tm": [
        [0.00307322,0.0,0.999995],
        [1.03555e-07,1.0,-3.18248e-10],
        [-0.999995,1.03555e-07,0.00307322],
        [-849.089,0.0,-109.918]
      ]
    }
  },
  {
    "node": {
      "name": "usa_tent_4",
      "tm": [
        [0.422618,0.0,-0.906308],
        [0.0,1.0,0.0],
        [0.906308,0.0,0.422618],
        [139.307,0.0,-156.593]
      ]
    }
  },
  {
    "node": {
      "name": "usa_tent_3",
      "tm": [
        [-0.906308,0.0,-0.422618],
        [0.0,1.0,0.0],
        [0.422618,0.0,-0.906308],
        [-655.63,0.0,234.754]
      ]
    }
  },
  {
    "node": {
      "name": "usa_tent_3",
      "tm": [
        [0.892042,0.0,-0.451953],
        [0.0,1.0,0.0],
        [0.451953,0.0,0.892042],
        [-645.613,0.0,206.476]
      ]
    }
  },
  {
    "node": {
      "name": "boxes_rendinst",
      "tm": [
        [0.0164783,0.0,-0.999864],
        [0.0,1.0,0.0],
        [0.999864,0.0,0.0164783],
        [-656.413,0.0,212.38]
      ]
    }
  },
  {
    "node": {
      "name": "boxes_rendinst",
      "tm": [
        [0.809589,0.0,0.586997],
        [0.0,1.0,0.0],
        [-0.586997,0.0,0.809589],
        [28.133,0.0,-134.653]
      ]
    }
  },
  {
    "node": {
      "name": "boxes_rendinst",
      "tm": [
        [-0.514203,0.0,0.857669],
        [0.0,1.0,0.0],
        [-0.857669,0.0,-0.514203],
        [124.312,0.0,-161.979]
      ]
    }
  },
  {
    "node": {
      "name": "usa_tent_2",
      "tm": [
        [-4.37114e-08,0.0,-1.0],
        [0.0,1.0,0.0],
        [1.0,0.0,-4.37114e-08],
        [-615.871,0.0,228.629]
      ]
    }
  },
  {
    "node": {
      "name": "usa_tent_2",
      "tm": [
        [-0.641341,0.0,0.767256],
        [0.0,1.0,0.0],
        [-0.767256,0.0,-0.641341],
        [-638.757,0.0,261.198]
      ]
    }
  },
  {
    "node": {
      "name": "boxes_rendinst",
      "tm": [
        [0.776532,0.0,-0.630077],
        [0.0,1.0,0.0],
        [0.630077,0.0,0.776532],
        [-597.739,0.0,236.263]
      ]
    }
  },
  {
    "node": {
      "name": "usa_tent_3",
      "tm": [
        [0.573577,0.0,0.819152],
        [0.0,1.0,0.0],
        [-0.819152,0.0,0.573577],
        [253.304,0.0,224.767]
      ]
    }
  },
  {
    "node": {
      "name": "usa_tent_4",
      "tm": [
        [0.984808,0.0,-0.173648],
        [0.0,1.0,0.0],
        [0.173648,0.0,0.984808],
        [279.32,0.0,222.855]
      ]
    }
  },
  {
    "node": {
      "name": "usa_tent_5",
      "tm": [
        [0.422618,0.0,0.906308],
        [0.0,1.0,0.0],
        [-0.906308,0.0,0.422618],
        [272.645,0.0,205.945]
      ]
    }
  },
  {
    "node": {
      "name": "usa_tent_3",
      "tm": [
        [-0.906308,0.0,0.422619],
        [0.0,1.0,0.0],
        [-0.422619,0.0,-0.906308],
        [248.018,0.0,248.104]
      ]
    }
  },
  {
    "node": {
      "name": "boxes_rendinst",
      "tm": [
        [0.56,0.0,0.828492],
        [0.0,1.0,0.0],
        [-0.828492,0.0,0.56],
        [234.703,0.0,229.451]
      ]
    }
  },
  {
    "node": {
      "name": "boxes_rendinst",
      "tm": [
        [-0.655323,0.0,0.755349],
        [0.0,1.0,0.0],
        [-0.755349,0.0,-0.655323],
        [266.667,0.0,229.37]
      ]
    }
  },
  {
    "node": {
      "name": "boxes_rendinst",
      "tm": [
        [-0.857669,0.0,-0.514202],
        [0.0,1.0,0.0],
        [0.514202,0.0,-0.857669],
        [292.845,0.0,215.325]
      ]
    }
  },
  {
    "node": {
      "name": "boxes_rendinst",
      "tm": [
        [0.274701,0.0,-0.96153],
        [0.0,1.0,0.0],
        [0.96153,0.0,0.274701],
        [78.7706,0.0,-180.623]
      ]
    }
  },
  {
    "node": {
      "name": "usa_tent_5",
      "tm": [
        [-0.422618,0.0,-0.906308],
        [0.0,1.0,0.0],
        [0.906308,0.0,-0.422618],
        [-629.589,0.0,196.493]
      ]
    }
  },
  {
    "node": {
      "name": "usa_tent_3",
      "tm": [
        [-0.965926,0.0,-0.258819],
        [0.0,1.0,0.0],
        [0.258819,0.0,-0.965926],
        [89.9741,0.0,-157.857]
      ]
    }
  },
  {
    "node": {
      "name": "usa_tent_3",
      "tm": [
        [-0.742502,0.0,-0.669844],
        [0.0,1.0,0.0],
        [0.669844,0.0,-0.742502],
        [225.017,0.0,253.45]
      ]
    }
  },
  {
    "node": {
      "name": "usa_tent_5",
      "tm": [
        [0.422618,0.0,0.906308],
        [0.0,1.0,0.0],
        [-0.906308,0.0,0.422618],
        [237.655,0.0,198.562]
      ]
    }
  },
  {
    "node": {
      "name": "usa_tent_3",
      "tm": [
        [-0.495338,0.0,0.8687],
        [0.0,1.0,0.0],
        [-0.8687,0.0,-0.495338],
        [-592.885,0.0,213.826]
      ]
    }
  },
  {
    "node": {
      "name": "usa_tent_3",
      "tm": [
        [-0.72402,0.0,0.689779],
        [0.0,1.0,0.0],
        [-0.689779,0.0,-0.72402],
        [-635.529,0.0,243.804]
      ]
    }
  },
  {
    "node": {
      "name": "usa_tent_6",
      "tm": [
        [0.903452,0.0,-0.42869],
        [0.0,1.0,0.0],
        [0.42869,0.0,0.903452],
        [-617.211,0.0,212.649]
      ]
    }
  },
  {
    "node": {
      "name": "usa_tent_6",
      "tm": [
        [0.921526,0.0,0.388317],
        [0.0,1.0,0.0],
        [-0.388317,0.0,0.921526],
        [-607.694,0.0,194.708]
      ]
    }
  },
  {
    "node": {
      "name": "usa_tent_3",
      "tm": [
        [-0.631606,0.0,-0.77529],
        [0.0,1.0,0.0],
        [0.77529,0.0,-0.631606],
        [-617.207,0.0,258.018]
      ]
    }
  },
  {
    "node": {
      "name": "usa_tent_3",
      "tm": [
        [-0.795954,0.0,0.605358],
        [0.0,1.0,0.0],
        [-0.605358,0.0,-0.795954],
        [52.2318,0.0,-129.681]
      ]
    }
  },
  {
    "node": {
      "name": "usa_tent_3",
      "tm": [
        [0.261355,0.0,0.965243],
        [0.0,1.0,0.0],
        [-0.965243,0.0,0.261355],
        [89.274,0.0,-138.058]
      ]
    }
  },
  {
    "node": {
      "name": "usa_tent_5",
      "tm": [
        [-0.966293,0.0,0.257446],
        [0.0,1.0,0.0],
        [-0.257446,0.0,-0.966293],
        [66.627,0.0,-146.231]
      ]
    }
  },
  {
    "node": {
      "name": "usa_tent_3",
      "tm": [
        [0.829002,0.0,0.559245],
        [0.0,1.0,0.0],
        [-0.559245,0.0,0.829002],
        [40.8049,0.0,-161.62]
      ]
    }
  },
  {
    "node": {
      "name": "usa_tent_4",
      "tm": [
        [0.409771,0.0,-0.912188],
        [0.0,1.0,0.0],
        [0.912188,0.0,0.409771],
        [62.7123,0.0,-162.912]
      ]
    }
  },
  {
    "node": {
      "name": "usa_tent_3",
      "tm": [
        [0.640399,0.0,-0.768042],
        [0.0,1.0,0.0],
        [0.768042,0.0,0.640399],
        [96.5342,0.0,-190.657]
      ]
    }
  },
  {
    "node": {
      "name": "usa_tent_3",
      "tm": [
        [-0.577946,0.0,-0.816075],
        [0.0,1.0,0.0],
        [0.816075,0.0,-0.577946],
        [214.639,0.0,238.93]
      ]
    }
  },
  {
    "node": {
      "name": "usa_tent_3",
      "tm": [
        [0.999901,0.0,0.0140458],
        [0.0,1.0,0.0],
        [-0.0140458,0.0,0.999901],
        [254.95,0.0,194.302]
      ]
    }
  },
  {
    "node": {
      "name": "usa_tent_4",
      "tm": [
        [0.984808,0.0,-0.173648],
        [0.0,1.0,0.0],
        [0.173648,0.0,0.984808],
        [208.653,0.0,224.703]
      ]
    }
  },
  {
    "node": {
      "name": "usa_tent_6",
      "tm": [
        [0.34202,0.0,0.939693],
        [0.0,1.0,0.0],
        [-0.939693,0.0,0.34202],
        [221.274,0.0,210.475]
      ]
    }
  },
  {
    "node": {
      "name": "us_mbase_aircraft_tent",
      "tm": [
        [-4.37114e-08,0.0,-1.0],
        [0.0,1.0,0.0],
        [1.0,0.0,-4.37114e-08],
        [-449.267,1.40801,-50.4407]
      ]
    }
  },
  {
    "node": {
      "name": "us_mbase_aircraft_tent",
      "tm": [
        [-4.37114e-08,0.0,-1.0],
        [0.0,1.0,0.0],
        [1.0,0.0,-4.37114e-08],
        [-505.183,1.40801,-50.4407]
      ]
    }
  },
  {
    "node": {
      "name": "us_mbase_aircraft_tent",
      "tm": [
        [-4.37114e-08,0.0,-1.0],
        [0.0,1.0,0.0],
        [1.0,0.0,-4.37114e-08],
        [-560.034,1.40801,-50.4407]
      ]
    }
  }
]