{
  "className": "composit",
  "size": [
    1100.0,
    256.0
  ],
  "airfield": {
    "start": [
      540.0,
      0.0,
      -72.0
    ],
    "end": [
      -530.0,
      0.0,
      -72.0
    ],
    "width": 80.0,
    "spawn": [
      [
        305.0,
        0.0,
        -85.0
      ],
      [
        318.0,
        0.0,
        -60.0
      ],
      [
        330.0,
        0.0,
        -85.0
      ],
      [
        342.0,
        0.0,
        -60.0
      ],
      [
        352.0,
        0.0,
        -85.0
      ],
      [
        365.0,
        0.0,
        -60.0
      ],
      [
        376.0,
        0.0,
        -85.0
      ],
      [
        390.0,
        0.0,
        -60.0
      ],
      [
        400.0,
        0.0,
        -85.0
      ],
      [
        413.0,
        0.0,
        -60.0
      ],
      [
        423.0,
        0.0,
        -85.0
      ],
      [
        436.0,
        0.0,
        -60.0
      ],
      [
        447.0,
        0.0,
        -85.0
      ],
      [
        460.0,
        0.0,
        -60.0
      ],
      [
        471.0,
        0.0,
        -85.0
      ],
      [
        484.0,
        0.0,
        -60.0
      ]
    ],
    "repairTags": {
      "type_attack_helicopter": false,
      "type_utility_helicopter": false
    }
  },
  "node": [
    {
      "name": "^^dynaf_pacific_phi_phi_3fields_mesh",
      "tm": [
        [
          1.0,
          0.0,
          0.0
        ],
        [
          0.0,
          1.0,
          0.0
        ],
        [
          0.0,
          0.0,
          1.0
        ],
        [
          0.0,
          5.0,
          0.0
        ]
      ]
    },
    {
      "name": "++NoTreesBox000",
      "tm": [
        [
          1200.0,
          0.0,
          0.0
        ],
        [
          0.0,
          15.0,
          0.0
        ],
        [
          0.0,
          0.0,
          30.0
        ],
        [
          63.0,
          0.0,
          -70.0
        ]
      ]
    },
    {
      "name": "us_ravetment_small1",
      "tm": [
        [
          1.0,
          0.0,
          0.0
        ],
        [
          0.0,
          1.0,
          0.0
        ],
        [
          0.0,
          0.0,
          1.0
        ],
        [
          -48.1001,
          -0.223642,
          -13.1655
        ]
      ]
    },
    {
      "name": "us_ravetment_small1",
      "tm": [
        [
          1.1935,
          0.0,
          0.0
        ],
        [
          0.0,
          1.1935,
          0.0
        ],
        [
          0.0,
          0.0,
          1.1935
        ],
        [
          -125.184,
          -0.223642,
          -12.0424
        ]
      ]
    },
    {
      "name": "usa_tent_3",
      "tm": [
        [
          0.422618,
          0.0,
          0.906308
        ],
        [
          0.0,
          1.0,
          0.0
        ],
        [
          -0.906308,
          0.0,
          0.422618
        ],
        [
          242.903,
          0.0,
          -19.1516
        ]
      ]
    },
    {
      "name": "usa_tent_4",
      "tm": [
        [
          -4.37114e-8,
          0.0,
          1.0
        ],
        [
          0.0,
          1.0,
          0.0
        ],
        [
          -1.0,
          0.0,
          -4.37114e-8
        ],
        [
          -96.3071,
          0.0,
          -16.3465
        ]
      ]
    },
    {
      "name": "usa_tent_warehouse",
      "tm": [
        [
          -0.707107,
          0.0,
          -0.707107
        ],
        [
          0.0,
          1.0,
          0.0
        ],
        [
          0.707107,
          0.0,
          -0.707107
        ],
        [
          265.049,
          0.0,
          -15.7588
        ]
      ]
    },
    {
      "name": "usa_tent_1",
      "tm": [
        [
          0.707107,
          0.0,
          0.707107
        ],
        [
          0.0,
          1.0,
          0.0
        ],
        [
          -0.707107,
          0.0,
          0.707107
        ],
        [
          252.653,
          0.03108,
          -0.967657
        ]
      ]
    },
    {
      "name": "usa_tent_5",
      "tm": [
        [
          1.0,
          0.0,
          0.0
        ],
        [
          0.0,
          1.0,
          0.0
        ],
        [
          0.0,
          0.0,
          1.0
        ],
        [
          -72.272,
          0.0,
          -27.3457
        ]
      ]
    },
    {
      "name": "usa_tent_2",
      "tm": [
        [
          1.0,
          0.0,
          0.0
        ],
        [
          0.0,
          1.0,
          0.0
        ],
        [
          0.0,
          0.0,
          1.0
        ],
        [
          290.746,
          0.0,
          -19.4872
        ]
      ]
    },
    {
      "name": "usa_tent_2",
      "tm": [
        [
          -0.0871556,
          0.0,
          0.996195
        ],
        [
          0.0,
          1.0,
          0.0
        ],
        [
          -0.996195,
          0.0,
          -0.0871556
        ],
        [
          -313.077,
          0.0,
          -27.0492
        ]
      ]
    },
    {
      "name": "usa_tent_6",
      "tm": [
        [
          1.0,
          0.0,
          0.0
        ],
        [
          0.0,
          1.0,
          0.0
        ],
        [
          0.0,
          0.0,
          1.0
        ],
        [
          367.719,
          0.0,
          -18.2646
        ]
      ]
    },
    {
      "name": "usa_tent_6",
      "tm": [
        [
          0.34202,
          0.0,
          0.939693
        ],
        [
          0.0,
          1.0,
          0.0
        ],
        [
          -0.939693,
          0.0,
          0.34202
        ],
        [
          358.108,
          0.0,
          -12.7869
        ]
      ]
    },
    {
      "name": "usa_tent_4",
      "tm": [
        [
          0.642788,
          0.0,
          -0.766044
        ],
        [
          0.0,
          1.0,
          0.0
        ],
        [
          0.766044,
          0.0,
          0.642788
        ],
        [
          227.579,
          0.0,
          -4.09048
        ]
      ]
    },
    {
      "name": "usa_tent_4",
      "tm": [
        [
          0.984808,
          0.0,
          0.173648
        ],
        [
          0.0,
          1.0,
          0.0
        ],
        [
          -0.173648,
          0.0,
          0.984808
        ],
        [
          240.042,
          0.0,
          -6.44022
        ]
      ]
    },
    {
      "name": "usa_tent_1",
      "tm": [
        [
          1.0,
          0.0,
          0.0
        ],
        [
          0.0,
          1.0,
          0.0
        ],
        [
          0.0,
          0.0,
          1.0
        ],
        [
          -427.997,
          0.03108,
          -9.92669
        ]
      ]
    },
    {
      "name": "usa_tent_5",
      "tm": [
        [
          0.642788,
          0.0,
          0.766044
        ],
        [
          0.0,
          1.0,
          0.0
        ],
        [
          -0.766044,
          0.0,
          0.642788
        ],
        [
          -103.824,
          0.0,
          4.63565
        ]
      ]
    },
    {
      "name": "usa_tent_1",
      "tm": [
        [
          0.0871558,
          0.0,
          0.996195
        ],
        [
          0.0,
          1.0,
          0.0
        ],
        [
          -0.996195,
          0.0,
          0.0871558
        ],
        [
          376.163,
          0.03108,
          -7.81849
        ]
      ]
    },
    {
      "name": "usa_tent_1",
      "tm": [
        [
          0.34202,
          0.0,
          -0.939693
        ],
        [
          0.0,
          1.0,
          0.0
        ],
        [
          0.939693,
          0.0,
          0.34202
        ],
        [
          391.568,
          0.03108,
          -7.81849
        ]
      ]
    },
    {
      "name": "usa_tent_3",
      "tm": [
        [
          -0.766044,
          0.0,
          0.642788
        ],
        [
          0.0,
          1.0,
          0.0
        ],
        [
          -0.642788,
          0.0,
          -0.766044
        ],
        [
          -410.762,
          0.0,
          -15.9617
        ]
      ]
    },
    {
      "name": "usa_tent_warehouse",
      "tm": [
        [
          -0.573576,
          0.0,
          -0.819152
        ],
        [
          0.0,
          1.0,
          0.0
        ],
        [
          0.819152,
          0.0,
          -0.573576
        ],
        [
          -395.309,
          0.0,
          -28.2166
        ]
      ]
    },
    {
      "name": "usa_tent_warehouse",
      "tm": [
        [
          -0.707107,
          0.0,
          0.707107
        ],
        [
          0.0,
          1.0,
          0.0
        ],
        [
          -0.707107,
          0.0,
          -0.707107
        ],
        [
          -432.241,
          0.0,
          -23.0467
        ]
      ]
    },
    {
      "name": "usa_tent_warehouse",
      "tm": [
        [
          -0.34202,
          0.0,
          0.939693
        ],
        [
          0.0,
          1.0,
          0.0
        ],
        [
          -0.939693,
          0.0,
          -0.34202
        ],
        [
          -371.332,
          0.0,
          -26.4342
        ]
      ]
    },
    {
      "name": "usa_tent_warehouse",
      "tm": [
        [
          -0.173648,
          0.0,
          -0.984808
        ],
        [
          0.0,
          1.0,
          0.0
        ],
        [
          0.984808,
          0.0,
          -0.173648
        ],
        [
          562.537,
          0.0,
          -27.2616
        ]
      ]
    },
    {
      "name": "usa_tent_6",
      "tm": [
        [
          1.0,
          0.0,
          0.0
        ],
        [
          0.0,
          1.0,
          0.0
        ],
        [
          0.0,
          0.0,
          1.0
        ],
        [
          549.938,
          0.0,
          -17.9496
        ]
      ]
    },
    {
      "name": "usa_tower",
      "tm": [
        [
          1.0,
          0.0,
          0.0
        ],
        [
          0.0,
          1.0,
          0.0
        ],
        [
          0.0,
          0.0,
          1.0
        ],
        [
          -519.481,
          0.0,
          -26.9131
        ]
      ]
    },
    {
      "name": "boxes_rendinst",
      "tm": [
        [
          0.0871557,
          0.0,
          0.996195
        ],
        [
          0.0,
          1.0,
          0.0
        ],
        [
          -0.996195,
          0.0,
          0.0871557
        ],
        [
          -147.152,
          -0.462959,
          -23.9273
        ]
      ]
    },
    {
      "name": "boxes_rendinst",
      "tm": [
        [
          0.573576,
          0.0,
          -0.819152
        ],
        [
          0.0,
          1.0,
          0.0
        ],
        [
          0.819152,
          0.0,
          0.573576
        ],
        [
          -147.152,
          -0.462959,
          -23.9273
        ]
      ]
    },
    {
      "name": "boxes_rendinst",
      "tm": [
        [
          0.573576,
          0.0,
          -0.819152
        ],
        [
          0.0,
          1.0,
          0.0
        ],
        [
          0.819152,
          0.0,
          0.573576
        ],
        [
          -143.656,
          -0.462959,
          -27.7133
        ]
      ]
    },
    {
      "name": "boxes_rendinst",
      "tm": [
        [
          0.0871554,
          0.0,
          -0.996195
        ],
        [
          0.0,
          1.0,
          0.0
        ],
        [
          0.996195,
          0.0,
          0.0871554
        ],
        [
          -39.5545,
          -0.462959,
          -19.4594
        ]
      ]
    },
    {
      "name": "usa_tent_warehouse",
      "tm": [
        [
          0.642788,
          0.0,
          -0.766044
        ],
        [
          0.0,
          1.0,
          0.0
        ],
        [
          0.766044,
          0.0,
          0.642788
        ],
        [
          350.405,
          0.0,
          -26.808
        ]
      ]
    },
    {
      "name": "usa_tent_warehouse",
      "tm": [
        [
          -0.707107,
          0.0,
          -0.707107
        ],
        [
          0.0,
          1.0,
          0.0
        ],
        [
          0.707107,
          0.0,
          -0.707107
        ],
        [
          407.51,
          0.0,
          -12.7964
        ]
      ]
    },
    {
      "name": "usa_tent_4",
      "tm": [
        [
          1.0,
          0.0,
          -2.98023e-8
        ],
        [
          0.0,
          1.0,
          0.0
        ],
        [
          2.98023e-8,
          0.0,
          1.0
        ],
        [
          408.568,
          0.0,
          -28.6532
        ]
      ]
    },
    {
      "name": "usa_tent_3",
      "tm": [
        [
          0.0871557,
          0.0,
          -0.996195
        ],
        [
          0.0,
          1.0,
          0.0
        ],
        [
          0.996195,
          0.0,
          0.0871557
        ],
        [
          545.186,
          0.0,
          -28.9357
        ]
      ]
    },
    {
      "name": "usa_tent_warehouse",
      "tm": [
        [
          1.0,
          0.0,
          -1.19209e-7
        ],
        [
          0.0,
          1.0,
          0.0
        ],
        [
          1.19209e-7,
          0.0,
          1.0
        ],
        [
          501.55,
          0.0,
          -27.6711
        ]
      ]
    },
    {
      "name": "usa_tent_4",
      "tm": [
        [
          0.965926,
          0.0,
          -0.258819
        ],
        [
          0.0,
          1.0,
          0.0
        ],
        [
          0.258819,
          0.0,
          0.965926
        ],
        [
          -60.9072,
          0.0,
          71.9313
        ]
      ]
    },
    {
      "name": "usa_tent_4",
      "tm": [
        [
          0.707107,
          0.0,
          0.707107
        ],
        [
          0.0,
          1.0,
          0.0
        ],
        [
          -0.707107,
          0.0,
          0.707107
        ],
        [
          -50.0738,
          0.0,
          77.4293
        ]
      ]
    },
    {
      "name": "usa_tent_warehouse",
      "tm": [
        [
          -0.173648,
          0.0,
          -0.984808
        ],
        [
          0.0,
          1.0,
          0.0
        ],
        [
          0.984808,
          0.0,
          -0.173648
        ],
        [
          -24.4891,
          0.0,
          84.9033
        ]
      ]
    },
    {
      "name": "usa_tent_4",
      "tm": [
        [
          -0.913025,
          0.0,
          0.407903
        ],
        [
          0.0,
          1.0,
          0.0
        ],
        [
          -0.407903,
          0.0,
          -0.913025
        ],
        [
          -92.7104,
          0.0,
          -142.203
        ]
      ]
    },
    {
      "name": "usa_tent_5",
      "tm": [
        [
          -0.437223,
          0.0,
          0.899353
        ],
        [
          0.0,
          1.0,
          0.0
        ],
        [
          -0.899353,
          0.0,
          -0.437223
        ],
        [
          -116.698,
          0.0,
          -138.879
        ]
      ]
    },
    {
      "name": "boxes_rendinst",
      "tm": [
        [
          -0.874,
          0.0,
          0.485926
        ],
        [
          0.0,
          1.0,
          0.0
        ],
        [
          -0.485926,
          0.0,
          -0.874
        ],
        [
          -110.675,
          -0.462959,
          -188.161
        ]
      ]
    },
    {
      "name": "boxes_rendinst",
      "tm": [
        [
          0.98187,
          0.0,
          0.189555
        ],
        [
          0.0,
          1.0,
          0.0
        ],
        [
          -0.189555,
          0.0,
          0.98187
        ],
        [
          -110.675,
          -0.462959,
          -188.161
        ]
      ]
    },
    {
      "name": "boxes_rendinst",
      "tm": [
        [
          0.98187,
          0.0,
          0.189555
        ],
        [
          0.0,
          1.0,
          0.0
        ],
        [
          -0.189555,
          0.0,
          0.98187
        ],
        [
          -105.792,
          -0.462959,
          -186.513
        ]
      ]
    },
    {
      "name": "us_ravetment_small1",
      "tm": [
        [
          0.539363,
          0.0,
          1.06467
        ],
        [
          0.0,
          1.1935,
          0.0
        ],
        [
          -1.06467,
          0.0,
          0.539363
        ],
        [
          -112.554,
          -0.223642,
          -164.386
        ]
      ]
    },
    {
      "name": "boxes_rendinst",
      "tm": [
        [
          0.55026,
          0.0,
          0.834993
        ],
        [
          0.0,
          1.0,
          0.0
        ],
        [
          -0.834993,
          0.0,
          0.55026
        ],
        [
          195.779,
          -0.462959,
          -162.718
        ]
      ]
    },
    {
      "name": "boxes_rendinst",
      "tm": [
        [
          0.55026,
          0.0,
          0.834993
        ],
        [
          0.0,
          1.0,
          0.0
        ],
        [
          -0.834993,
          0.0,
          0.55026
        ],
        [
          193.547,
          -0.462959,
          -167.362
        ]
      ]
    },
    {
      "name": "boxes_rendinst",
      "tm": [
        [
          -0.958247,
          0.0,
          -0.285942
        ],
        [
          0.0,
          1.0,
          0.0
        ],
        [
          0.285942,
          0.0,
          -0.958247
        ],
        [
          193.547,
          -0.462959,
          -167.362
        ]
      ]
    },
    {
      "name": "us_ravetment_small1",
      "tm": [
        [
          -0.43965,
          0.0,
          1.10957
        ],
        [
          0.0,
          1.1935,
          0.0
        ],
        [
          -1.10957,
          0.0,
          -0.43965
        ],
        [
          174.406,
          -0.223642,
          -151.318
        ]
      ]
    },
    {
      "name": "usa_tent_5",
      "tm": [
        [
          -0.94896,
          0.0,
          0.315398
        ],
        [
          0.0,
          1.0,
          0.0
        ],
        [
          -0.315398,
          0.0,
          -0.94896
        ],
        [
          151.032,
          0.0,
          -137.603
        ]
      ]
    },
    {
      "name": "usa_tent_4",
      "tm": [
        [
          -0.929679,
          0.0,
          -0.368371
        ],
        [
          0.0,
          1.0,
          0.0
        ],
        [
          0.368371,
          0.0,
          -0.929679
        ],
        [
          167.77,
          0.0,
          -122.886
        ]
      ]
    },
    {
      "name": "usa_tent_warehouse",
      "tm": [
        [
          0.823434,
          0.0,
          0.567412
        ],
        [
          0.0,
          1.0,
          0.0
        ],
        [
          -0.567412,
          0.0,
          0.823434
        ],
        [
          78.3213,
          0.0,
          129.444
        ]
      ]
    },
    {
      "name": "usa_tent_warehouse",
      "tm": [
        [
          0.90311,
          0.0,
          -0.429409
        ],
        [
          0.0,
          1.0,
          0.0
        ],
        [
          0.429409,
          0.0,
          0.90311
        ],
        [
          68.711,
          0.0,
          176.948
        ]
      ]
    },
    {
      "name": "usa_tent_4",
      "tm": [
        [
          -0.493486,
          0.0,
          0.869754
        ],
        [
          0.0,
          1.0,
          0.0
        ],
        [
          -0.869754,
          0.0,
          -0.493486
        ],
        [
          68.3069,
          0.0,
          150.264
        ]
      ]
    },
    {
      "name": "usa_tent_4",
      "tm": [
        [
          0.506486,
          0.0,
          0.862248
        ],
        [
          0.0,
          1.0,
          0.0
        ],
        [
          -0.862248,
          0.0,
          0.506486
        ],
        [
          70.2675,
          0.0,
          137.734
        ]
      ]
    },
    {
      "name": "usa_tent_3",
      "tm": [
        [
          -0.995512,
          0.0,
          0.0946304
        ],
        [
          0.0,
          1.0,
          0.0
        ],
        [
          -0.0946304,
          0.0,
          -0.995512
        ],
        [
          79.3258,
          0.0,
          157.217
        ]
      ]
    },
    {
      "name": "usa_tent_2",
      "tm": [
        [
          -0.334957,
          0.0,
          0.942233
        ],
        [
          0.0,
          1.0,
          0.0
        ],
        [
          -0.942233,
          0.0,
          -0.334957
        ],
        [
          63.6165,
          0.0,
          202.409
        ]
      ]
    },
    {
      "name": "usa_tent_1",
      "tm": [
        [
          -0.90311,
          0.0,
          0.429409
        ],
        [
          0.0,
          1.0,
          0.0
        ],
        [
          -0.429409,
          0.0,
          -0.90311
        ],
        [
          58.9265,
          0.03108,
          160.313
        ]
      ]
    },
    {
      "name": "usa_tent_6",
      "tm": [
        [
          -0.334957,
          0.0,
          0.942233
        ],
        [
          0.0,
          1.0,
          0.0
        ],
        [
          -0.942233,
          0.0,
          -0.334957
        ],
        [
          37.3991,
          0.0,
          264.943
        ]
      ]
    },
    {
      "name": "usa_tent_6",
      "tm": [
        [
          -0.999972,
          0.0,
          0.00750574
        ],
        [
          0.0,
          1.0,
          0.0
        ],
        [
          -0.00750574,
          0.0,
          -0.999972
        ],
        [
          34.0294,
          0.0,
          254.779
        ]
      ]
    },
    {
      "name": "usa_tent_1",
      "tm": [
        [
          -0.967841,
          0.0,
          -0.251562
        ],
        [
          0.0,
          1.0,
          0.0
        ],
        [
          0.251562,
          0.0,
          -0.967841
        ],
        [
          24.7365,
          0.03108,
          269.037
        ]
      ]
    },
    {
      "name": "usa_tent_1",
      "tm": [
        [
          0.770848,
          0.0,
          0.63702
        ],
        [
          0.0,
          1.0,
          0.0
        ],
        [
          -0.63702,
          0.0,
          0.770848
        ],
        [
          19.044,
          0.03108,
          281.908
        ]
      ]
    },
    {
      "name": "usa_tent_warehouse",
      "tm": [
        [
          0.986083,
          0.0,
          0.166251
        ],
        [
          0.0,
          1.0,
          0.0
        ],
        [
          -0.166251,
          0.0,
          0.986083
        ],
        [
          -10.4804,
          0.0,
          432.636
        ]
      ]
    },
    {
      "name": "usa_tent_6",
      "tm": [
        [
          -0.334957,
          0.0,
          0.942233
        ],
        [
          0.0,
          1.0,
          0.0
        ],
        [
          -0.942233,
          0.0,
          -0.334957
        ],
        [
          -17.5322,
          0.0,
          419.449
        ]
      ]
    },
    {
      "name": "usa_tent_warehouse",
      "tm": [
        [
          0.506486,
          0.0,
          0.862248
        ],
        [
          0.0,
          1.0,
          0.0
        ],
        [
          -0.862248,
          0.0,
          0.506486
        ],
        [
          49.9892,
          0.0,
          253.292
        ]
      ]
    },
    {
      "name": "usa_tent_warehouse",
      "tm": [
        [
          0.90311,
          0.0,
          -0.429409
        ],
        [
          0.0,
          1.0,
          0.0
        ],
        [
          0.429409,
          0.0,
          0.90311
        ],
        [
          19.6451,
          0.0,
          297.133
        ]
      ]
    },
    {
      "name": "usa_tent_4",
      "tm": [
        [
          -0.334957,
          0.0,
          0.942233
        ],
        [
          0.0,
          1.0,
          0.0
        ],
        [
          -0.942233,
          0.0,
          -0.334957
        ],
        [
          35.2939,
          0.0,
          304.543
        ]
      ]
    },
    {
      "name": "usa_tent_3",
      "tm": [
        [
          0.909454,
          0.0,
          0.415804
        ],
        [
          0.0,
          1.0,
          0.0
        ],
        [
          -0.415804,
          0.0,
          0.909454
        ],
        [
          -4.5111,
          0.0,
          417.956
        ]
      ]
    },
    {
      "name": "usa_tent_warehouse",
      "tm": [
        [
          -0.334957,
          0.0,
          0.942233
        ],
        [
          0.0,
          1.0,
          0.0
        ],
        [
          -0.942233,
          0.0,
          -0.334957
        ],
        [
          6.75743,
          0.0,
          380.755
        ]
      ]
    },
    {
      "name": "usa_tent_1",
      "tm": [
        [
          -0.323211,
          0.0,
          0.946327
        ],
        [
          0.0,
          1.0,
          0.0
        ],
        [
          -0.946327,
          0.0,
          -0.323211
        ],
        [
          258.72,
          0.03108,
          -407.27
        ]
      ]
    },
    {
      "name": "usa_tent_3",
      "tm": [
        [
          -0.360694,
          0.0,
          -0.932684
        ],
        [
          0.0,
          1.0,
          0.0
        ],
        [
          0.932684,
          0.0,
          -0.360694
        ],
        [
          259.19,
          0.0,
          -389.03
        ]
      ]
    },
    {
      "name": "usa_tent_warehouse",
      "tm": [
        [
          0.960572,
          0.0,
          -0.278032
        ],
        [
          0.0,
          1.0,
          0.0
        ],
        [
          0.278032,
          0.0,
          0.960572
        ],
        [
          267.432,
          0.0,
          -373.096
        ]
      ]
    },
    {
      "name": "usa_tent_warehouse",
      "tm": [
        [
          -0.44061,
          0.0,
          -0.897699
        ],
        [
          0.0,
          1.0,
          0.0
        ],
        [
          0.897699,
          0.0,
          -0.44061
        ],
        [
          273.488,
          0.0,
          -406.086
        ]
      ]
    },
    {
      "name": "usa_tent_warehouse",
      "tm": [
        [
          -0.778712,
          0.0,
          -0.627382
        ],
        [
          0.0,
          1.0,
          0.0
        ],
        [
          0.627382,
          0.0,
          -0.778712
        ],
        [
          259.144,
          0.0,
          -350.983
        ]
      ]
    },
    {
      "name": "usa_tower",
      "tm": [
        [
          -0.323211,
          0.0,
          0.946327
        ],
        [
          0.0,
          1.0,
          0.0
        ],
        [
          -0.946327,
          0.0,
          -0.323211
        ],
        [
          302.879,
          0.0,
          -480.272
        ]
      ]
    },
    {
      "name": "usa_tent_2",
      "tm": [
        [
          -0.914556,
          0.0,
          -0.404459
        ],
        [
          0.0,
          1.0,
          0.0
        ],
        [
          0.404459,
          0.0,
          -0.914556
        ],
        [
          242.482,
          0.0,
          -304.079
        ]
      ]
    },
    {
      "name": "usa_tent_6",
      "tm": [
        [
          0.465048,
          0.0,
          0.885285
        ],
        [
          0.0,
          1.0,
          0.0
        ],
        [
          -0.885285,
          0.0,
          0.465048
        ],
        [
          193.053,
          0.0,
          351.836
        ]
      ]
    },
    {
      "name": "usa_tent_3",
      "tm": [
        [
          0.922448,
          0.0,
          -0.386121
        ],
        [
          0.0,
          1.0,
          0.0
        ],
        [
          0.386121,
          0.0,
          0.922448
        ],
        [
          200.79,
          0.0,
          343.351
        ]
      ]
    },
    {
      "name": "usa_tent_warehouse",
      "tm": [
        [
          0.465048,
          0.0,
          0.885285
        ],
        [
          0.0,
          1.0,
          0.0
        ],
        [
          -0.885285,
          0.0,
          0.465048
        ],
        [
          180.037,
          0.0,
          311.37
        ]
      ]
    },
    {
      "name": "usa_tent_warehouse",
      "tm": [
        [
          0.791081,
          0.0,
          -0.611711
        ],
        [
          0.0,
          1.0,
          0.0
        ],
        [
          0.611711,
          0.0,
          0.791081
        ],
        [
          207.155,
          0.0,
          358.659
        ]
      ]
    }
  ]
}