{
  "className": "composit",
  "size": [
    1500.0,
    256.0
  ],
  "airfield": {
    "start": [
      515.0,
      0.0,
      43.0
    ],
    "end": [
      -905.0,
      0.0,
      43.0
    ],
    "width": 120.0,
    "spawn": [
      [
        317.0,
        0.0,
        36.0
      ],
      [
        330.0,
        0.0,
        61.0
      ],
      [
        341.0,
        0.0,
        36.0
      ],
      [
        353.0,
        0.0,
        61.0
      ],
      [
        364.0,
        0.0,
        36.0
      ],
      [
        377.0,
        0.0,
        61.0
      ],
      [
        388.0,
        0.0,
        36.0
      ],
      [
        400.0,
        0.0,
        61.0
      ],
      [
        413.0,
        0.0,
        36.0
      ],
      [
        426.0,
        0.0,
        61.0
      ],
      [
        439.0,
        0.0,
        36.0
      ],
      [
        452.0,
        0.0,
        61.0
      ],
      [
        465.0,
        0.0,
        36.0
      ],
      [
        478.0,
        0.0,
        61.0
      ],
      [
        491.0,
        0.0,
        36.0
      ],
      [
        504.0,
        0.0,
        61.0
      ]
    ],
    "repairTags": {
      "type_attack_helicopter": false,
      "type_utility_helicopter": false
    }
  },
  "node": [
    {
      "name": "^^dynaf_stalingrad_grd2_ally_mesh",
      "tm": [
        [
          1.0,
          0.0,
          0.0
        ],
        [
          0.0,
          1.0,
          0.0
        ],
        [
          0.0,
          0.0,
          1.0
        ],
        [
          0.0,
          0.0,
          0.0
        ]
      ]
    },
    {
      "name": "++NoTreesBox000",
      "tm": [
        [
          1600.0,
          0.0,
          0.0
        ],
        [
          0.0,
          100.0,
          0.0
        ],
        [
          0.0,
          0.0,
          200.0
        ],
        [
          -200.0,
          -30.0,
          43.0
        ]
      ]
    },
    {
      "name": "++NoTreesBox001",
      "tm": [
        [
          700.0,
          0.0,
          0.0
        ],
        [
          0.0,
          100.0,
          0.0
        ],
        [
          0.0,
          0.0,
          200.0
        ],
        [
          -200.0,
          -30.0,
          200.0
        ]
      ]
    },
    {
      "name": "++NoTreesBox002",
      "tm": [
        [
          200.0,
          0.0,
          0.0
        ],
        [
          0.0,
          100.0,
          0.0
        ],
        [
          0.0,
          0.0,
          200.0
        ],
        [
          -150.0,
          -30.0,
          -100.0
        ]
      ]
    },
    {
      "name": "++NoTreesBox003",
      "tm": [
        [
          200.0,
          0.0,
          0.0
        ],
        [
          0.0,
          100.0,
          0.0
        ],
        [
          0.0,
          0.0,
          200.0
        ],
        [
          -700.0,
          -30.0,
          200.0
        ]
      ]
    },
    {
      "name": "britain_control_tower_1_rendinst",
      "tm": [
        [
          1.94707e-7,
          0.0,
          1.0
        ],
        [
          0.0,
          1.0,
          0.0
        ],
        [
          -1.0,
          0.0,
          1.94707e-7
        ],
        [
          -369.183,
          0.0,
          271.258
        ]
      ]
    },
    {
      "name": "britain_tent_1_rendinst",
      "tm": [
        [
          -0.573576,
          0.0,
          -0.819152
        ],
        [
          0.0,
          1.0,
          0.0
        ],
        [
          0.819152,
          0.0,
          -0.573576
        ],
        [
          -631.898,
          0.0,
          232.044
        ]
      ]
    },
    {
      "name": "britain_windvane_rendinst",
      "tm": [
        [
          -0.709277,
          0.0,
          -0.70493
        ],
        [
          -7.29991e-8,
          1.0,
          7.34492e-8
        ],
        [
          0.70493,
          1.03555e-7,
          -0.709277
        ],
        [
          -800.76,
          0.0,
          -30.0298
        ]
      ]
    },
    {
      "name": "britain_big_army_tent_rendinst",
      "tm": [
        [
          -0.116563,
          0.0,
          0.993183
        ],
        [
          0.0,
          1.0,
          0.0
        ],
        [
          -0.993183,
          0.0,
          -0.116563
        ],
        [
          -653.021,
          0.0,
          226.164
        ]
      ]
    },
    {
      "name": "britain_army_tent_rendinst",
      "tm": [
        [
          0.422618,
          0.0,
          -0.906308
        ],
        [
          0.0,
          1.0,
          0.0
        ],
        [
          0.906308,
          0.0,
          0.422618
        ],
        [
          -670.858,
          0.0,
          252.023
        ]
      ]
    },
    {
      "name": "britain_tent_1_rendinst",
      "tm": [
        [
          0.766044,
          -1.2595e-7,
          0.642788
        ],
        [
          3.93237e-7,
          1.0,
          -2.72698e-7
        ],
        [
          -0.642788,
          4.61666e-7,
          0.766044
        ],
        [
          -670.347,
          0.0,
          238.4
        ]
      ]
    },
    {
      "name": "britain_tent_2_rendinst",
      "tm": [
        [
          0.939693,
          0.0,
          0.34202
        ],
        [
          0.0,
          1.0,
          0.0
        ],
        [
          -0.34202,
          0.0,
          0.939693
        ],
        [
          -655.078,
          0.0,
          255.45
        ]
      ]
    },
    {
      "name": "stalingrad_radio_camouflage_rendinst",
      "tm": [
        [
          -0.965926,
          0.0,
          -0.258819
        ],
        [
          0.0,
          1.0,
          0.0
        ],
        [
          0.258819,
          0.0,
          -0.965926
        ],
        [
          -664.652,
          0.0,
          206.751
        ]
      ]
    },
    {
      "name": "stalingrad_tent_camouflage_rendinst",
      "tm": [
        [
          0.422618,
          0.0,
          0.906308
        ],
        [
          0.0,
          1.0,
          0.0
        ],
        [
          -0.906308,
          0.0,
          0.422618
        ],
        [
          54.1303,
          0.0094322,
          227.905
        ]
      ]
    },
    {
      "name": "barrels_rendinst",
      "tm": [
        [
          -0.863043,
          0.0,
          -0.505131
        ],
        [
          0.0,
          1.0,
          0.0
        ],
        [
          0.505131,
          0.0,
          -0.863043
        ],
        [
          -637.671,
          0.0,
          207.245
        ]
      ]
    },
    {
      "name": "boxes_rendinst",
      "tm": [
        [
          -0.899221,
          0.0,
          -0.437495
        ],
        [
          0.0,
          1.0,
          0.0
        ],
        [
          0.437495,
          0.0,
          -0.899221
        ],
        [
          -674.164,
          0.0,
          218.507
        ]
      ]
    },
    {
      "name": "boxes_rendinst",
      "tm": [
        [
          -0.411273,
          0.0,
          -0.911512
        ],
        [
          0.0,
          1.0,
          0.0
        ],
        [
          0.911512,
          0.0,
          -0.411273
        ],
        [
          -644.567,
          0.0,
          216.111
        ]
      ]
    },
    {
      "name": "britain_trailer_rendinst",
      "tm": [
        [
          0.998371,
          0.0,
          0.0570548
        ],
        [
          0.0,
          1.0,
          0.0
        ],
        [
          -0.0570548,
          0.0,
          0.998371
        ],
        [
          -260.593,
          0.0,
          -143.723
        ]
      ]
    },
    {
      "name": "britain_tech_building_2_rendinst",
      "tm": [
        [
          1.0,
          0.0,
          0.0
        ],
        [
          0.0,
          1.0,
          0.0
        ],
        [
          0.0,
          0.0,
          1.0
        ],
        [
          93.0697,
          0.0,
          272.313
        ]
      ]
    },
    {
      "name": "britain_tech_building_1_rendinst",
      "tm": [
        [
          -4.37114e-8,
          0.0,
          1.0
        ],
        [
          0.0,
          1.0,
          0.0
        ],
        [
          -1.0,
          0.0,
          -4.37114e-8
        ],
        [
          114.812,
          0.0,
          249.212
        ]
      ]
    },
    {
      "name": "britain_shed_rendinst",
      "tm": [
        [
          0.0871558,
          0.0,
          0.996195
        ],
        [
          0.0,
          1.0,
          0.0
        ],
        [
          -0.996195,
          0.0,
          0.0871558
        ],
        [
          -308.801,
          0.0,
          -155.248
        ]
      ]
    },
    {
      "name": "britain_hangar_1_rendinst",
      "tm": [
        [
          0.642788,
          0.0,
          0.766044
        ],
        [
          0.0,
          1.0,
          0.0
        ],
        [
          -0.766044,
          0.0,
          0.642788
        ],
        [
          -325.19,
          0.0,
          -154.34
        ]
      ]
    },
    {
      "name": "britain_barracks_1_rendinst",
      "tm": [
        [
          1.0,
          0.0,
          0.0
        ],
        [
          0.0,
          1.0,
          0.0
        ],
        [
          0.0,
          0.0,
          1.0
        ],
        [
          41.0761,
          0.0,
          239.281
        ]
      ]
    },
    {
      "name": "britain_barracks_1_rendinst",
      "tm": [
        [
          -4.37114e-8,
          0.0,
          -1.0
        ],
        [
          0.0,
          1.0,
          0.0
        ],
        [
          1.0,
          0.0,
          -4.37114e-8
        ],
        [
          74.3384,
          0.0,
          271.893
        ]
      ]
    },
    {
      "name": "britain_trailer_rendinst",
      "tm": [
        [
          1.0,
          0.0,
          0.0
        ],
        [
          0.0,
          1.0,
          0.0
        ],
        [
          0.0,
          0.0,
          1.0
        ],
        [
          -260.593,
          0.0,
          -131.89
        ]
      ]
    },
    {
      "name": "britain_trailer_rendinst",
      "tm": [
        [
          1.0,
          0.0,
          0.0
        ],
        [
          0.0,
          1.0,
          0.0
        ],
        [
          0.0,
          0.0,
          1.0
        ],
        [
          -252.582,
          0.0,
          -143.723
        ]
      ]
    },
    {
      "name": "britain_trailer_rendinst",
      "tm": [
        [
          0.997782,
          0.0,
          -0.0665698
        ],
        [
          0.0,
          1.0,
          0.0
        ],
        [
          0.0665698,
          0.0,
          0.997782
        ],
        [
          -252.582,
          0.0,
          -131.89
        ]
      ]
    },
    {
      "name": "britain_trailer_rendinst",
      "tm": [
        [
          0.998992,
          0.0,
          0.0448813
        ],
        [
          0.0,
          1.0,
          0.0
        ],
        [
          -0.0448813,
          0.0,
          0.998992
        ],
        [
          -244.206,
          0.0,
          -143.723
        ]
      ]
    },
    {
      "name": "britain_trailer_rendinst",
      "tm": [
        [
          1.0,
          0.0,
          0.0
        ],
        [
          0.0,
          1.0,
          0.0
        ],
        [
          0.0,
          0.0,
          1.0
        ],
        [
          -244.206,
          0.0,
          -131.89
        ]
      ]
    },
    {
      "name": "britain_trailer_rendinst",
      "tm": [
        [
          1.0,
          0.0,
          0.0
        ],
        [
          0.0,
          1.0,
          0.0
        ],
        [
          0.0,
          0.0,
          1.0
        ],
        [
          -321.159,
          0.0,
          -127.789
        ]
      ]
    },
    {
      "name": "britain_trailer_rendinst",
      "tm": [
        [
          0.997782,
          0.0,
          -0.0665698
        ],
        [
          0.0,
          1.0,
          0.0
        ],
        [
          0.0665698,
          0.0,
          0.997782
        ],
        [
          -313.148,
          0.0,
          -127.789
        ]
      ]
    },
    {
      "name": "britain_trailer_rendinst",
      "tm": [
        [
          1.0,
          0.0,
          0.0
        ],
        [
          0.0,
          1.0,
          0.0
        ],
        [
          0.0,
          0.0,
          1.0
        ],
        [
          -304.772,
          0.0,
          -127.789
        ]
      ]
    },
    {
      "name": "britain_barracks_1_rendinst",
      "tm": [
        [
          1.0,
          0.0,
          0.0
        ],
        [
          0.0,
          1.0,
          0.0
        ],
        [
          0.0,
          0.0,
          1.0
        ],
        [
          41.0761,
          0.0,
          249.955
        ]
      ]
    },
    {
      "name": "britain_barracks_1_rendinst",
      "tm": [
        [
          1.0,
          0.0,
          0.0
        ],
        [
          0.0,
          1.0,
          0.0
        ],
        [
          0.0,
          0.0,
          1.0
        ],
        [
          41.0761,
          0.0,
          259.814
        ]
      ]
    },
    {
      "name": "britain_barracks_1_rendinst",
      "tm": [
        [
          -4.37114e-8,
          0.0,
          -1.0
        ],
        [
          0.0,
          1.0,
          0.0
        ],
        [
          1.0,
          0.0,
          -4.37114e-8
        ],
        [
          54.7234,
          0.0,
          271.97
        ]
      ]
    },
    {
      "name": "britain_barracks_1_rendinst",
      "tm": [
        [
          -4.37114e-8,
          0.0,
          -1.0
        ],
        [
          0.0,
          1.0,
          0.0
        ],
        [
          1.0,
          0.0,
          -4.37114e-8
        ],
        [
          64.6814,
          0.0,
          271.97
        ]
      ]
    },
    {
      "name": "britain_trailer_rendinst",
      "tm": [
        [
          0.997782,
          0.0,
          -0.0665698
        ],
        [
          0.0,
          1.0,
          0.0
        ],
        [
          0.0665698,
          0.0,
          0.997782
        ],
        [
          81.3725,
          0.0,
          248.011
        ]
      ]
    },
    {
      "name": "britain_trailer_rendinst",
      "tm": [
        [
          1.0,
          0.0,
          0.0
        ],
        [
          0.0,
          1.0,
          0.0
        ],
        [
          0.0,
          0.0,
          1.0
        ],
        [
          89.7485,
          0.0,
          248.011
        ]
      ]
    },
    {
      "name": "britain_trailer_rendinst",
      "tm": [
        [
          1.0,
          0.0,
          0.0
        ],
        [
          0.0,
          1.0,
          0.0
        ],
        [
          0.0,
          0.0,
          1.0
        ],
        [
          73.3613,
          0.0,
          248.011
        ]
      ]
    },
    {
      "name": "britain_windvane_rendinst",
      "tm": [
        [
          -0.709277,
          0.0,
          -0.70493
        ],
        [
          -7.29991e-8,
          1.0,
          7.34492e-8
        ],
        [
          0.70493,
          1.03555e-7,
          -0.709277
        ],
        [
          428.283,
          0.0,
          249.857
        ]
      ]
    },
    {
      "name": "britain_control_tower_1_rendinst",
      "tm": [
        [
          0.984808,
          0.0,
          -0.173648
        ],
        [
          0.0,
          1.0,
          0.0
        ],
        [
          0.173648,
          0.0,
          0.984808
        ],
        [
          5.09097,
          0.0,
          -99.6678
        ]
      ]
    },
    {
      "name": "britain_tech_building_1_rendinst",
      "tm": [
        [
          1.0,
          0.0,
          0.0
        ],
        [
          0.0,
          1.0,
          0.0
        ],
        [
          0.0,
          0.0,
          1.0
        ],
        [
          -267.137,
          0.0,
          -161.11
        ]
      ]
    },
    {
      "name": "britain_tech_building_2_rendinst",
      "tm": [
        [
          1.0,
          0.0,
          0.0
        ],
        [
          0.0,
          1.0,
          0.0
        ],
        [
          0.0,
          0.0,
          1.0
        ],
        [
          -284.858,
          0.0,
          -139.732
        ]
      ]
    },
    {
      "name": "britain_shed_rendinst",
      "tm": [
        [
          0.642788,
          0.0,
          -0.766044
        ],
        [
          0.0,
          1.0,
          0.0
        ],
        [
          0.766044,
          0.0,
          0.642788
        ],
        [
          44.9009,
          0.0,
          269.603
        ]
      ]
    }
  ]
}