{
  "className": "composit",
  "size": [
    3200.0,
    400.0
  ],
  "airfield": {
    "start": [
      1500.0,
      0.0,
      0.0
    ],
    "end": [
      -1500.0,
      0.0,
      0.0
    ],
    "width": 300.0,
    "spawn": [
      [
        1470.0,
        0.0,
        39.5
      ],
      [
        1470.0,
        0.0,
        19.5
      ],
      [
        1470.0,
        0.0,
        -0.5
      ],
      [
        1470.0,
        0.0,
        -20.5
      ],
      [
        1470.0,
        0.0,
        -40.5
      ],
      [
        1450.0,
        0.0,
        39.5
      ],
      [
        1450.0,
        0.0,
        19.5
      ],
      [
        1450.0,
        0.0,
        -0.5
      ],
      [
        1450.0,
        0.0,
        -20.5
      ],
      [
        1450.0,
        0.0,
        -40.5
      ],
      [
        1430.0,
        0.0,
        39.5
      ],
      [
        1430.0,
        0.0,
        19.5
      ],
      [
        1430.0,
        0.0,
        -0.5
      ],
      [
        1430.0,
        0.0,
        -20.5
      ],
      [
        1430.0,
        0.0,
        -40.5
      ],
      [
        1410.0,
        0.0,
        19.5
      ],
      [
        1410.0,
        0.0,
        -0.5
      ],
      [
        1410.0,
        0.0,
        -20.5
      ]
    ],
    "repairTags": {
      "type_attack_helicopter": false,
      "type_utility_helicopter": false
    }
  },
  "storage": {
    "start": [
      1120.0,
      0.0,
      -120.0
    ],
    "end": [
      840.0,
      0.0,
      -120.0
    ],
    "width": 150.0
  },
  "parking": {
    "start": [
      10.0,
      0.0,
      120.0
    ],
    "end": [
      -1200.0,
      0.0,
      120.0
    ],
    "width": 150.0
  },
  "dwelling": {
    "start": [
      550.0,
      0.0,
      -120.0
    ],
    "end": [
      10.0,
      0.0,
      -120.0
    ],
    "width": 150.0
  },
  "node": [
    {
      "name": "^^dynaf_arctic_a_mesh",
      "tm": [
        [
          1.0,
          0.0,
          0.0
        ],
        [
          0.0,
          1.0,
          0.0
        ],
        [
          0.0,
          0.0,
          1.0
        ],
        [
          0.0,
          0.0,
          0.0
        ]
      ]
    },
    {
      "name": "bulge_tech_building_2_rendinst",
      "tm": [
        [
          1.0,
          0.0,
          0.0
        ],
        [
          0.0,
          1.0,
          0.0
        ],
        [
          0.0,
          0.0,
          1.0
        ],
        [
          -1370.0,
          0.01,
          -150.0
        ]
      ]
    },
    {
      "name": "bulge_tech_building_2_rendinst",
      "tm": [
        [
          1.0,
          0.0,
          0.0
        ],
        [
          0.0,
          1.0,
          0.0
        ],
        [
          0.0,
          0.0,
          1.0
        ],
        [
          -1400.0,
          0.01,
          -150.0
        ]
      ]
    },
    {
      "name": "bulge_control_tower_1_rendinst",
      "tm": [
        [
          1.0,
          0.0,
          0.0
        ],
        [
          0.0,
          1.0,
          0.0
        ],
        [
          0.0,
          0.0,
          1.0
        ],
        [
          -1482.52,
          0.01,
          -145.0
        ]
      ]
    },
    {
      "name": "barrels_winter_rendinst",
      "tm": [
        [
          1.0,
          0.0,
          0.0
        ],
        [
          0.0,
          1.0,
          0.0
        ],
        [
          0.0,
          0.0,
          1.0
        ],
        [
          -1344.02,
          0.01,
          -145.864
        ]
      ]
    },
    {
      "name": "universal_airfield_tent_m_snow",
      "tm": [
        [
          1.0,
          0.0,
          -2.98023E-08
        ],
        [
          0.0,
          1.0,
          0.0
        ],
        [
          2.98023E-08,
          0.0,
          1.0
        ],
        [
          -1332.18,
          0.01,
          -133.78
        ]
      ]
    },
    {
      "name": "universal_airfield_tent_m_snow",
      "tm": [
        [
          0.819152,
          0.0,
          0.573576
        ],
        [
          0.0,
          1.0,
          0.0
        ],
        [
          -0.573576,
          0.0,
          0.819152
        ],
        [
          -1328.92,
          0.01,
          -110.386
        ]
      ]
    },
    {
      "name": "universal_airfield_tent_m_snow",
      "tm": [
        [
          0.819152,
          0.0,
          0.573576
        ],
        [
          0.0,
          1.0,
          0.0
        ],
        [
          -0.573576,
          0.0,
          0.819152
        ],
        [
          -1313.18,
          0.01,
          -119.367
        ]
      ]
    },
    {
      "name": "universal_airfield_sandbags_a_snow",
      "tm": [
        [
          4.56956E-08,
          0.0,
          -1.0
        ],
        [
          0.0,
          1.0,
          0.0
        ],
        [
          1.0,
          0.0,
          4.56956E-08
        ],
        [
          -1384.45,
          0.01,
          -145.916
        ]
      ]
    },
    {
      "name": "universal_airfield_sandbags_a_snow",
      "tm": [
        [
          4.56956E-08,
          0.0,
          -1.0
        ],
        [
          0.0,
          1.0,
          0.0
        ],
        [
          1.0,
          0.0,
          4.56956E-08
        ],
        [
          -1355.4,
          0.01,
          -145.983
        ]
      ]
    },
    {
      "name": "universal_airfield_sandbags_a_snow",
      "tm": [
        [
          4.56956E-08,
          0.0,
          -1.0
        ],
        [
          0.0,
          1.0,
          0.0
        ],
        [
          1.0,
          0.0,
          4.56956E-08
        ],
        [
          -1351.88,
          0.01,
          -145.983
        ]
      ]
    },
    {
      "name": "universal_airfield_barrels_group_a_snow",
      "tm": [
        [
          0.906308,
          0.0,
          0.422618
        ],
        [
          0.0,
          1.0,
          0.0
        ],
        [
          -0.422618,
          0.0,
          0.906308
        ],
        [
          -1416.6,
          0.01,
          -150.638
        ]
      ]
    },
    {
      "name": "bulge_tech_building_1_rendinst",
      "tm": [
        [
          0.71934,
          0.0,
          -0.694658
        ],
        [
          0.0,
          1.0,
          0.0
        ],
        [
          0.694658,
          0.0,
          0.71934
        ],
        [
          -95.0,
          0.01,
          -86.0
        ]
      ]
    },
    {
      "name": "modern_intermodal_container_a",
      "tm": [
        [
          -0.690885,
          0.0,
          0.722964
        ],
        [
          0.0,
          1.0,
          0.0
        ],
        [
          -0.722964,
          0.0,
          -0.690885
        ],
        [
          -81.85,
          0.01,
          -100.076
        ]
      ]
    },
    {
      "name": "modern_intermodal_container_a",
      "tm": [
        [
          0.826525,
          0.0,
          -0.5629
        ],
        [
          0.0,
          1.0,
          0.0
        ],
        [
          0.5629,
          0.0,
          0.826525
        ],
        [
          -74.35,
          0.01,
          -106.326
        ]
      ]
    },
    {
      "name": "modern_intermodal_container_a",
      "tm": [
        [
          0.826525,
          0.0,
          -0.5629
        ],
        [
          0.0,
          1.0,
          0.0
        ],
        [
          0.5629,
          0.0,
          0.826525
        ],
        [
          -76.3,
          0.01,
          -104.226
        ]
      ]
    },
    {
      "name": "modern_intermodal_container_a",
      "tm": [
        [
          -0.590609,
          0.0,
          0.806958
        ],
        [
          0.0,
          1.0,
          0.0
        ],
        [
          -0.806958,
          0.0,
          -0.590609
        ],
        [
          -106.505,
          0.01,
          -72.7377
        ]
      ]
    },
    {
      "name": "modern_intermodal_container_a",
      "tm": [
        [
          -0.690885,
          0.0,
          0.722964
        ],
        [
          0.0,
          1.0,
          0.0
        ],
        [
          -0.722964,
          0.0,
          -0.690885
        ],
        [
          -110.268,
          0.01,
          -70.4664
        ]
      ]
    },
    {
      "name": "modern_intermodal_container_a",
      "tm": [
        [
          -0.690885,
          0.0,
          0.722964
        ],
        [
          0.0,
          1.0,
          0.0
        ],
        [
          -0.722964,
          0.0,
          -0.690885
        ],
        [
          -112.114,
          0.01,
          -68.5243
        ]
      ]
    },
    {
      "name": "modern_intermodal_container_a",
      "tm": [
        [
          -0.690885,
          0.0,
          0.722964
        ],
        [
          0.0,
          1.0,
          0.0
        ],
        [
          -0.722964,
          0.0,
          -0.690885
        ],
        [
          -114.828,
          0.01,
          -66.8979
        ]
      ]
    },
    {
      "name": "modern_intermodal_container_a",
      "tm": [
        [
          -0.626601,
          0.0,
          -0.77934
        ],
        [
          0.0,
          1.0,
          0.0
        ],
        [
          0.77934,
          0.0,
          -0.626601
        ],
        [
          -113.16,
          0.01,
          -75.0795
        ]
      ]
    },
    {
      "name": "bulge_tech_building_1_rendinst",
      "tm": [
        [
          -4.37722E-08,
          0.0,
          1.0
        ],
        [
          0.0,
          1.0,
          0.0
        ],
        [
          -1.0,
          0.0,
          -4.37722E-08
        ],
        [
          25.0,
          0.01,
          -79.95
        ]
      ]
    },
    {
      "name": "bulge_tech_building_1_rendinst",
      "tm": [
        [
          -4.37722E-08,
          0.0,
          1.0
        ],
        [
          0.0,
          1.0,
          0.0
        ],
        [
          -1.0,
          0.0,
          -4.37722E-08
        ],
        [
          25.0,
          0.01,
          -110.0
        ]
      ]
    },
    {
      "name": "bulge_tech_building_1_rendinst",
      "tm": [
        [
          -1.0,
          0.0,
          3.17257E-08
        ],
        [
          0.0,
          1.0,
          0.0
        ],
        [
          -3.17257E-08,
          0.0,
          -1.0
        ],
        [
          32.0,
          0.01,
          -140.0
        ]
      ]
    },
    {
      "name": "bulge_tech_building_1_rendinst",
      "tm": [
        [
          0.71934,
          0.0,
          -0.694658
        ],
        [
          0.0,
          1.0,
          0.0
        ],
        [
          0.694658,
          0.0,
          0.71934
        ],
        [
          -20.0,
          0.01,
          -125.0
        ]
      ]
    },
    {
      "name": "bulge_hangar_2_rendinst",
      "tm": [
        [
          1.0,
          0.0,
          0.0
        ],
        [
          0.0,
          1.0,
          0.0
        ],
        [
          0.0,
          0.0,
          1.0
        ],
        [
          68.0,
          0.01,
          -105.0
        ]
      ]
    },
    {
      "name": "bulge_hangar_2_rendinst",
      "tm": [
        [
          1.0,
          0.0,
          0.0
        ],
        [
          0.0,
          1.0,
          0.0
        ],
        [
          0.0,
          0.0,
          1.0
        ],
        [
          87.95,
          0.01,
          -105.0
        ]
      ]
    },
    {
      "name": "bulge_hangar_2_rendinst",
      "tm": [
        [
          1.0,
          0.0,
          0.0
        ],
        [
          0.0,
          1.0,
          0.0
        ],
        [
          0.0,
          0.0,
          1.0
        ],
        [
          107.9,
          0.01,
          -105.0
        ]
      ]
    },
    {
      "name": "bulge_control_tower_1_rendinst",
      "tm": [
        [
          1.0,
          0.0,
          0.0
        ],
        [
          0.0,
          1.0,
          0.0
        ],
        [
          0.0,
          0.0,
          1.0
        ],
        [
          54.0,
          0.01,
          -141.0
        ]
      ]
    },
    {
      "name": "barrels_winter_rendinst",
      "tm": [
        [
          1.0,
          0.0,
          0.0
        ],
        [
          0.0,
          1.0,
          0.0
        ],
        [
          0.0,
          0.0,
          1.0
        ],
        [
          0.0,
          0.01,
          -135.0
        ]
      ]
    },
    {
      "name": "modern_intermodal_container_a",
      "tm": [
        [
          0.826525,
          0.0,
          -0.5629
        ],
        [
          0.0,
          1.0,
          0.0
        ],
        [
          0.5629,
          0.0,
          0.826525
        ],
        [
          31.9,
          0.01,
          -127.6
        ]
      ]
    },
    {
      "name": "modern_intermodal_container_a",
      "tm": [
        [
          0.984793,
          0.0,
          -0.173731
        ],
        [
          0.0,
          1.0,
          0.0
        ],
        [
          0.173731,
          0.0,
          0.984793
        ],
        [
          36.5,
          0.01,
          -126.25
        ]
      ]
    },
    {
      "name": "modern_intermodal_container_a",
      "tm": [
        [
          1.0,
          0.0,
          0.000447243
        ],
        [
          0.0,
          1.0,
          0.0
        ],
        [
          -0.000447243,
          0.0,
          1.0
        ],
        [
          33.75,
          0.01,
          -119.9
        ]
      ]
    },
    {
      "name": "modern_intermodal_container_a",
      "tm": [
        [
          0.826525,
          0.0,
          -0.5629
        ],
        [
          0.0,
          1.0,
          0.0
        ],
        [
          0.5629,
          0.0,
          0.826525
        ],
        [
          -4.65,
          0.01,
          -123.95
        ]
      ]
    },
    {
      "name": "modern_intermodal_container_a",
      "tm": [
        [
          0.826525,
          0.0,
          -0.5629
        ],
        [
          0.0,
          1.0,
          0.0
        ],
        [
          0.5629,
          0.0,
          0.826525
        ],
        [
          -6.6,
          0.01,
          -121.85
        ]
      ]
    },
    {
      "name": "modern_intermodal_container_a",
      "tm": [
        [
          0.280663,
          0.0,
          0.959806
        ],
        [
          0.0,
          1.0,
          0.0
        ],
        [
          -0.959806,
          0.0,
          0.280663
        ],
        [
          -12.15,
          0.01,
          -117.7
        ]
      ]
    },
    {
      "name": "modern_intermodal_container_a",
      "tm": [
        [
          0.0454515,
          0.0,
          -0.998967
        ],
        [
          0.0,
          1.0,
          0.0
        ],
        [
          0.998967,
          0.0,
          0.0454515
        ],
        [
          66.7,
          0.01,
          -94.35
        ]
      ]
    },
    {
      "name": "modern_intermodal_container_a",
      "tm": [
        [
          -0.368882,
          0.0,
          -0.929476
        ],
        [
          0.0,
          1.0,
          0.0
        ],
        [
          0.929476,
          0.0,
          -0.368882
        ],
        [
          58.85,
          0.01,
          -95.05
        ]
      ]
    },
    {
      "name": "modern_intermodal_container_a",
      "tm": [
        [
          0.218748,
          0.0,
          -0.975781
        ],
        [
          0.0,
          1.0,
          0.0
        ],
        [
          0.975781,
          0.0,
          0.218748
        ],
        [
          61.8,
          0.01,
          -90.1
        ]
      ]
    },
    {
      "name": "modern_intermodal_container_a",
      "tm": [
        [
          0.0454515,
          0.0,
          -0.998967
        ],
        [
          0.0,
          1.0,
          0.0
        ],
        [
          0.998967,
          0.0,
          0.0454515
        ],
        [
          73.4,
          0.01,
          -92.95
        ]
      ]
    },
    {
      "name": "modern_intermodal_container_a",
      "tm": [
        [
          -0.265958,
          0.0,
          -0.963985
        ],
        [
          0.0,
          1.0,
          0.0
        ],
        [
          0.963985,
          0.0,
          -0.265958
        ],
        [
          69.2,
          0.01,
          -88.7
        ]
      ]
    },
    {
      "name": "modern_intermodal_container_a",
      "tm": [
        [
          0.218748,
          0.0,
          -0.975781
        ],
        [
          0.0,
          1.0,
          0.0
        ],
        [
          0.975781,
          0.0,
          0.218748
        ],
        [
          66.65,
          0.01,
          -130.2
        ]
      ]
    },
    {
      "name": "modern_intermodal_container_a",
      "tm": [
        [
          0.0375714,
          0.0,
          -0.999294
        ],
        [
          0.0,
          1.0,
          0.0
        ],
        [
          0.999294,
          0.0,
          0.0375714
        ],
        [
          70.05,
          0.01,
          -134.05
        ]
      ]
    },
    {
      "name": "modern_intermodal_container_a",
      "tm": [
        [
          0.0375714,
          0.0,
          -0.999294
        ],
        [
          0.0,
          1.0,
          0.0
        ],
        [
          0.999294,
          0.0,
          0.0375714
        ],
        [
          71.4,
          0.01,
          -136.65
        ]
      ]
    },
    {
      "name": "modern_intermodal_container_a",
      "tm": [
        [
          0.0375714,
          0.0,
          -0.999294
        ],
        [
          0.0,
          1.0,
          0.0
        ],
        [
          0.999294,
          0.0,
          0.0375714
        ],
        [
          70.15,
          0.01,
          -139.5
        ]
      ]
    },
    {
      "name": "modern_intermodal_container_a",
      "tm": [
        [
          -0.196504,
          0.0,
          -0.980503
        ],
        [
          0.0,
          1.0,
          0.0
        ],
        [
          0.980503,
          0.0,
          -0.196504
        ],
        [
          74.05,
          0.01,
          -130.9
        ]
      ]
    },
    {
      "name": "modern_intermodal_container_a",
      "tm": [
        [
          0.269281,
          0.0,
          -0.963062
        ],
        [
          0.0,
          1.0,
          0.0
        ],
        [
          0.963062,
          0.0,
          0.269281
        ],
        [
          34.45,
          0.01,
          -69.35
        ]
      ]
    },
    {
      "name": "bulge_hangar_2_rendinst",
      "tm": [
        [
          1.0,
          0.0,
          0.0
        ],
        [
          0.0,
          1.0,
          0.0
        ],
        [
          0.0,
          0.0,
          1.0
        ],
        [
          127.85,
          0.01,
          -105.0
        ]
      ]
    },
    {
      "name": "modern_intermodal_container_a",
      "tm": [
        [
          0.0375714,
          0.0,
          -0.999294
        ],
        [
          0.0,
          1.0,
          0.0
        ],
        [
          0.999294,
          0.0,
          0.0375714
        ],
        [
          140.0,
          0.01,
          -115.7
        ]
      ]
    },
    {
      "name": "modern_intermodal_container_a",
      "tm": [
        [
          -0.0403211,
          0.0,
          -0.999187
        ],
        [
          0.0,
          1.0,
          0.0
        ],
        [
          0.999187,
          0.0,
          -0.0403211
        ],
        [
          139.85,
          0.01,
          -119.45
        ]
      ]
    },
    {
      "name": "modern_intermodal_container_a",
      "tm": [
        [
          0.0375714,
          0.0,
          -0.999294
        ],
        [
          0.0,
          1.0,
          0.0
        ],
        [
          0.999294,
          0.0,
          0.0375714
        ],
        [
          139.7,
          0.01,
          -123.35
        ]
      ]
    },
    {
      "name": "modern_intermodal_container_a",
      "tm": [
        [
          0.0375714,
          0.0,
          -0.999294
        ],
        [
          0.0,
          1.0,
          0.0
        ],
        [
          0.999294,
          0.0,
          0.0375714
        ],
        [
          138.25,
          0.01,
          -125.95
        ]
      ]
    },
    {
      "name": "modern_intermodal_container_a",
      "tm": [
        [
          -0.192176,
          0.0,
          -0.98136
        ],
        [
          0.0,
          1.0,
          0.0
        ],
        [
          0.98136,
          0.0,
          -0.192176
        ],
        [
          139.4,
          0.01,
          -129.35
        ]
      ]
    },
    {
      "name": "bulge_hangar_2_rendinst",
      "tm": [
        [
          -4.47035E-08,
          0.0,
          1.0
        ],
        [
          0.0,
          1.0,
          0.0
        ],
        [
          -1.0,
          0.0,
          -4.47035E-08
        ],
        [
          238.9,
          0.01,
          -133.25
        ]
      ]
    },
    {
      "name": "bulge_hangar_2_rendinst",
      "tm": [
        [
          1.0,
          0.0,
          0.0
        ],
        [
          0.0,
          1.0,
          0.0
        ],
        [
          0.0,
          0.0,
          1.0
        ],
        [
          215.0,
          0.01,
          -105.0
        ]
      ]
    },
    {
      "name": "bulge_hangar_2_rendinst",
      "tm": [
        [
          -4.47035E-08,
          0.0,
          1.0
        ],
        [
          0.0,
          1.0,
          0.0
        ],
        [
          -1.0,
          0.0,
          -4.47035E-08
        ],
        [
          253.85,
          0.01,
          -133.25
        ]
      ]
    },
    {
      "name": "barrels_winter_rendinst",
      "tm": [
        [
          1.0,
          0.0,
          0.0
        ],
        [
          0.0,
          1.0,
          0.0
        ],
        [
          0.0,
          0.0,
          1.0
        ],
        [
          267.6,
          0.01,
          -126.8
        ]
      ]
    },
    {
      "name": "barrels_winter_rendinst",
      "tm": [
        [
          7.54979E-08,
          0.0,
          1.0
        ],
        [
          0.0,
          1.0,
          0.0
        ],
        [
          -1.0,
          0.0,
          7.54979E-08
        ],
        [
          263.15,
          0.01,
          -136.15
        ]
      ]
    },
    {
      "name": "bulge_hangar_2_rendinst",
      "tm": [
        [
          1.0,
          0.0,
          0.0
        ],
        [
          0.0,
          1.0,
          0.0
        ],
        [
          0.0,
          0.0,
          1.0
        ],
        [
          387.0,
          0.01,
          -140.0
        ]
      ]
    },
    {
      "name": "solar_panel_a_snow",
      "tm": [
        [
          -0.707107,
          0.0,
          -0.707107
        ],
        [
          0.0,
          1.0,
          0.0
        ],
        [
          0.707107,
          0.0,
          -0.707107
        ],
        [
          575.16,
          0.01,
          -152.448
        ]
      ]
    },
    {
      "name": "solar_panel_a_snow",
      "tm": [
        [
          -0.707107,
          0.0,
          -0.707107
        ],
        [
          0.0,
          1.0,
          0.0
        ],
        [
          0.707107,
          0.0,
          -0.707107
        ],
        [
          573.039,
          0.01,
          -154.569
        ]
      ]
    },
    {
      "name": "solar_panel_a_snow",
      "tm": [
        [
          -0.707107,
          0.0,
          -0.707107
        ],
        [
          0.0,
          1.0,
          0.0
        ],
        [
          0.707107,
          0.0,
          -0.707107
        ],
        [
          570.917,
          0.01,
          -156.69
        ]
      ]
    },
    {
      "name": "solar_panel_a_snow",
      "tm": [
        [
          -0.707107,
          0.0,
          -0.707107
        ],
        [
          0.0,
          1.0,
          0.0
        ],
        [
          0.707107,
          0.0,
          -0.707107
        ],
        [
          568.796,
          0.01,
          -158.811
        ]
      ]
    },
    {
      "name": "solar_panel_a_snow",
      "tm": [
        [
          -0.707107,
          0.0,
          -0.707107
        ],
        [
          0.0,
          1.0,
          0.0
        ],
        [
          0.707107,
          0.0,
          -0.707107
        ],
        [
          577.246,
          0.01,
          -154.534
        ]
      ]
    },
    {
      "name": "solar_panel_a_snow",
      "tm": [
        [
          -0.707107,
          0.0,
          -0.707107
        ],
        [
          0.0,
          1.0,
          0.0
        ],
        [
          0.707107,
          0.0,
          -0.707107
        ],
        [
          573.003,
          0.01,
          -158.776
        ]
      ]
    },
    {
      "name": "solar_panel_a_snow",
      "tm": [
        [
          -0.707107,
          0.0,
          -0.707107
        ],
        [
          0.0,
          1.0,
          0.0
        ],
        [
          0.707107,
          0.0,
          -0.707107
        ],
        [
          570.882,
          0.01,
          -160.897
        ]
      ]
    },
    {
      "name": "solar_panel_a_snow",
      "tm": [
        [
          -0.707107,
          0.0,
          -0.707107
        ],
        [
          0.0,
          1.0,
          0.0
        ],
        [
          0.707107,
          0.0,
          -0.707107
        ],
        [
          579.332,
          0.01,
          -156.619
        ]
      ]
    },
    {
      "name": "solar_panel_a_snow",
      "tm": [
        [
          -0.707107,
          0.0,
          -0.707107
        ],
        [
          0.0,
          1.0,
          0.0
        ],
        [
          0.707107,
          0.0,
          -0.707107
        ],
        [
          575.089,
          0.01,
          -160.862
        ]
      ]
    },
    {
      "name": "solar_panel_a_snow",
      "tm": [
        [
          -0.707107,
          0.0,
          -0.707107
        ],
        [
          0.0,
          1.0,
          0.0
        ],
        [
          0.707107,
          0.0,
          -0.707107
        ],
        [
          572.968,
          0.01,
          -162.983
        ]
      ]
    },
    {
      "name": "solar_panel_a_snow",
      "tm": [
        [
          -0.707107,
          0.0,
          -0.707107
        ],
        [
          0.0,
          1.0,
          0.0
        ],
        [
          0.707107,
          0.0,
          -0.707107
        ],
        [
          581.418,
          0.01,
          -158.705
        ]
      ]
    },
    {
      "name": "solar_panel_a_snow",
      "tm": [
        [
          -0.707107,
          0.0,
          -0.707107
        ],
        [
          0.0,
          1.0,
          0.0
        ],
        [
          0.707107,
          0.0,
          -0.707107
        ],
        [
          577.175,
          0.01,
          -162.948
        ]
      ]
    },
    {
      "name": "solar_panel_a_snow",
      "tm": [
        [
          -0.707107,
          0.0,
          -0.707107
        ],
        [
          0.0,
          1.0,
          0.0
        ],
        [
          0.707107,
          0.0,
          -0.707107
        ],
        [
          575.054,
          0.01,
          -165.069
        ]
      ]
    },
    {
      "name": "solar_panel_a_snow",
      "tm": [
        [
          -0.707107,
          0.0,
          -0.707107
        ],
        [
          0.0,
          1.0,
          0.0
        ],
        [
          0.707107,
          0.0,
          -0.707107
        ],
        [
          579.261,
          0.01,
          -165.034
        ]
      ]
    },
    {
      "name": "solar_panel_a_snow",
      "tm": [
        [
          -0.707107,
          0.0,
          -0.707107
        ],
        [
          0.0,
          1.0,
          0.0
        ],
        [
          0.707107,
          0.0,
          -0.707107
        ],
        [
          577.14,
          0.01,
          -167.155
        ]
      ]
    },
    {
      "name": "solar_panel_a_snow",
      "tm": [
        [
          -0.707107,
          0.0,
          -0.707107
        ],
        [
          0.0,
          1.0,
          0.0
        ],
        [
          0.707107,
          0.0,
          -0.707107
        ],
        [
          575.125,
          0.01,
          -156.655
        ]
      ]
    },
    {
      "name": "solar_panel_a_snow",
      "tm": [
        [
          -0.707107,
          0.0,
          -0.707107
        ],
        [
          0.0,
          1.0,
          0.0
        ],
        [
          0.707107,
          0.0,
          -0.707107
        ],
        [
          577.246,
          0.01,
          -158.705
        ]
      ]
    },
    {
      "name": "solar_panel_a_snow",
      "tm": [
        [
          -0.707107,
          0.0,
          -0.707107
        ],
        [
          0.0,
          1.0,
          0.0
        ],
        [
          0.707107,
          0.0,
          -0.707107
        ],
        [
          579.296,
          0.01,
          -160.827
        ]
      ]
    },
    {
      "name": "solar_panel_a_snow",
      "tm": [
        [
          -0.707107,
          0.0,
          -0.707107
        ],
        [
          0.0,
          1.0,
          0.0
        ],
        [
          0.707107,
          0.0,
          -0.707107
        ],
        [
          568.478,
          0.01,
          -171.433
        ]
      ]
    },
    {
      "name": "solar_panel_a_snow",
      "tm": [
        [
          -0.707107,
          0.0,
          -0.707107
        ],
        [
          0.0,
          1.0,
          0.0
        ],
        [
          0.707107,
          0.0,
          -0.707107
        ],
        [
          572.72,
          0.01,
          -167.191
        ]
      ]
    },
    {
      "name": "solar_panel_a_snow",
      "tm": [
        [
          -0.707107,
          0.0,
          -0.707107
        ],
        [
          0.0,
          1.0,
          0.0
        ],
        [
          0.707107,
          0.0,
          -0.707107
        ],
        [
          570.599,
          0.01,
          -169.312
        ]
      ]
    },
    {
      "name": "solar_panel_a_snow",
      "tm": [
        [
          -0.707107,
          0.0,
          -0.707107
        ],
        [
          0.0,
          1.0,
          0.0
        ],
        [
          0.707107,
          0.0,
          -0.707107
        ],
        [
          566.356,
          0.01,
          -173.555
        ]
      ]
    },
    {
      "name": "solar_panel_a_snow",
      "tm": [
        [
          -0.707107,
          0.0,
          -0.707107
        ],
        [
          0.0,
          1.0,
          0.0
        ],
        [
          0.707107,
          0.0,
          -0.707107
        ],
        [
          574.806,
          0.01,
          -169.277
        ]
      ]
    },
    {
      "name": "solar_panel_a_snow",
      "tm": [
        [
          -0.707107,
          0.0,
          -0.707107
        ],
        [
          0.0,
          1.0,
          0.0
        ],
        [
          0.707107,
          0.0,
          -0.707107
        ],
        [
          570.564,
          0.01,
          -173.519
        ]
      ]
    },
    {
      "name": "solar_panel_a_snow",
      "tm": [
        [
          -0.707107,
          0.0,
          -0.707107
        ],
        [
          0.0,
          1.0,
          0.0
        ],
        [
          0.707107,
          0.0,
          -0.707107
        ],
        [
          568.442,
          0.01,
          -175.641
        ]
      ]
    },
    {
      "name": "solar_panel_a_snow",
      "tm": [
        [
          -0.707107,
          0.0,
          -0.707107
        ],
        [
          0.0,
          1.0,
          0.0
        ],
        [
          0.707107,
          0.0,
          -0.707107
        ],
        [
          576.892,
          0.01,
          -171.363
        ]
      ]
    },
    {
      "name": "solar_panel_a_snow",
      "tm": [
        [
          -0.707107,
          0.0,
          -0.707107
        ],
        [
          0.0,
          1.0,
          0.0
        ],
        [
          0.707107,
          0.0,
          -0.707107
        ],
        [
          572.65,
          0.01,
          -175.605
        ]
      ]
    },
    {
      "name": "solar_panel_a_snow",
      "tm": [
        [
          -0.707107,
          0.0,
          -0.707107
        ],
        [
          0.0,
          1.0,
          0.0
        ],
        [
          0.707107,
          0.0,
          -0.707107
        ],
        [
          570.528,
          0.01,
          -177.727
        ]
      ]
    },
    {
      "name": "solar_panel_a_snow",
      "tm": [
        [
          -0.707107,
          0.0,
          -0.707107
        ],
        [
          0.0,
          1.0,
          0.0
        ],
        [
          0.707107,
          0.0,
          -0.707107
        ],
        [
          578.978,
          0.01,
          -173.449
        ]
      ]
    },
    {
      "name": "solar_panel_a_snow",
      "tm": [
        [
          -0.707107,
          0.0,
          -0.707107
        ],
        [
          0.0,
          1.0,
          0.0
        ],
        [
          0.707107,
          0.0,
          -0.707107
        ],
        [
          574.736,
          0.01,
          -177.691
        ]
      ]
    },
    {
      "name": "solar_panel_a_snow",
      "tm": [
        [
          -0.707107,
          0.0,
          -0.707107
        ],
        [
          0.0,
          1.0,
          0.0
        ],
        [
          0.707107,
          0.0,
          -0.707107
        ],
        [
          572.614,
          0.01,
          -179.813
        ]
      ]
    },
    {
      "name": "solar_panel_a_snow",
      "tm": [
        [
          -0.707107,
          0.0,
          -0.707107
        ],
        [
          0.0,
          1.0,
          0.0
        ],
        [
          0.707107,
          0.0,
          -0.707107
        ],
        [
          576.822,
          0.01,
          -179.777
        ]
      ]
    },
    {
      "name": "solar_panel_a_snow",
      "tm": [
        [
          -0.707107,
          0.0,
          -0.707107
        ],
        [
          0.0,
          1.0,
          0.0
        ],
        [
          0.707107,
          0.0,
          -0.707107
        ],
        [
          574.7,
          0.01,
          -181.899
        ]
      ]
    },
    {
      "name": "solar_panel_a_snow",
      "tm": [
        [
          -0.707107,
          0.0,
          -0.707107
        ],
        [
          0.0,
          1.0,
          0.0
        ],
        [
          0.707107,
          0.0,
          -0.707107
        ],
        [
          572.685,
          0.01,
          -171.398
        ]
      ]
    },
    {
      "name": "solar_panel_a_snow",
      "tm": [
        [
          -0.707107,
          0.0,
          -0.707107
        ],
        [
          0.0,
          1.0,
          0.0
        ],
        [
          0.707107,
          0.0,
          -0.707107
        ],
        [
          574.806,
          0.01,
          -173.449
        ]
      ]
    },
    {
      "name": "solar_panel_a_snow",
      "tm": [
        [
          -0.707107,
          0.0,
          -0.707107
        ],
        [
          0.0,
          1.0,
          0.0
        ],
        [
          0.707107,
          0.0,
          -0.707107
        ],
        [
          576.857,
          0.01,
          -175.57
        ]
      ]
    },
    {
      "name": "bulge_hangar_2_rendinst",
      "tm": [
        [
          0.707107,
          0.0,
          0.707107
        ],
        [
          0.0,
          1.0,
          0.0
        ],
        [
          -0.707107,
          0.0,
          0.707107
        ],
        [
          602.2,
          0.01,
          -137.8
        ]
      ]
    },
    {
      "name": "bulge_hangar_2_rendinst",
      "tm": [
        [
          0.707107,
          0.0,
          0.707107
        ],
        [
          0.0,
          1.0,
          0.0
        ],
        [
          -0.707107,
          0.0,
          0.707107
        ],
        [
          623.55,
          0.01,
          -116.35
        ]
      ]
    },
    {
      "name": "bulge_hangar_2_rendinst",
      "tm": [
        [
          0.707107,
          0.0,
          0.707107
        ],
        [
          0.0,
          1.0,
          0.0
        ],
        [
          -0.707107,
          0.0,
          0.707107
        ],
        [
          644.9,
          0.01,
          -94.9
        ]
      ]
    },
    {
      "name": "universal_airfield_tent_m_snow",
      "tm": [
        [
          0.906308,
          0.0,
          0.422618
        ],
        [
          0.0,
          1.0,
          0.0
        ],
        [
          -0.422618,
          0.0,
          0.906308
        ],
        [
          561.977,
          0.01,
          -196.352
        ]
      ]
    },
    {
      "name": "universal_airfield_tent_l_snow",
      "tm": [
        [
          1.0,
          0.0,
          0.0
        ],
        [
          0.0,
          1.0,
          0.0
        ],
        [
          0.0,
          0.0,
          1.0
        ],
        [
          578.401,
          0.01,
          -200.429
        ]
      ]
    },
    {
      "name": "universal_airfield_tent_l_snow",
      "tm": [
        [
          1.0,
          0.0,
          0.0
        ],
        [
          0.0,
          1.0,
          0.0
        ],
        [
          0.0,
          0.0,
          1.0
        ],
        [
          551.401,
          0.01,
          -175.581
        ]
      ]
    },
    {
      "name": "universal_airfield_tent_l_snow",
      "tm": [
        [
          1.0,
          0.0,
          0.0
        ],
        [
          0.0,
          1.0,
          0.0
        ],
        [
          0.0,
          0.0,
          1.0
        ],
        [
          543.434,
          0.01,
          -175.581
        ]
      ]
    },
    {
      "name": "universal_airfield_tent_l_snow",
      "tm": [
        [
          1.0,
          0.0,
          0.0
        ],
        [
          0.0,
          1.0,
          0.0
        ],
        [
          0.0,
          0.0,
          1.0
        ],
        [
          535.467,
          0.01,
          -179.247
        ]
      ]
    },
    {
      "name": "universal_airfield_tent_l_snow",
      "tm": [
        [
          1.0,
          0.0,
          0.0
        ],
        [
          0.0,
          1.0,
          0.0
        ],
        [
          0.0,
          0.0,
          1.0
        ],
        [
          527.5,
          0.01,
          -176.552
        ]
      ]
    },
    {
      "name": "universal_airfield_tent_l_snow",
      "tm": [
        [
          1.0,
          0.0,
          0.0
        ],
        [
          0.0,
          1.0,
          0.0
        ],
        [
          0.0,
          0.0,
          1.0
        ],
        [
          519.533,
          0.01,
          -175.581
        ]
      ]
    },
    {
      "name": "universal_airfield_tent_d_snow",
