{
  "className": "composit",
  "size": [
    1024.0,
    256.0
  ],
  "airfield": {
    "start": [
      1059.0,
      0.0,
      0.0
    ],
    "end": [
      -1024.0,
      0.0,
      0.0
    ],
    "width": 210.0,
    "spawn": [
      [
        865.0,
        0.0,
        -6.0
      ],
      [
        878.0,
        0.0,
        6.0
      ],
      [
        889.0,
        0.0,
        -6.0
      ],
      [
        902.0,
        0.0,
        6.0
      ],
      [
        913.0,
        0.0,
        -6.0
      ],
      [
        926.0,
        0.0,
        6.0
      ],
      [
        938.0,
        0.0,
        -6.0
      ],
      [
        951.0,
        0.0,
        6.0
      ],
      [
        962.0,
        0.0,
        -6.0
      ],
      [
        975.0,
        0.0,
        6.0
      ],
      [
        987.0,
        0.0,
        -6.0
      ],
      [
        1000.0,
        0.0,
        6.0
      ],
      [
        1011.0,
        0.0,
        -6.0
      ],
      [
        1023.0,
        0.0,
        6.0
      ],
      [
        1035.0,
        0.0,
        -6.0
      ],
      [
        1048.0,
        0.0,
        6.0
      ]
    ],
    "repairTags": {
      "type_attack_helicopter": false,
      "type_utility_helicopter": false
    }
  },
  "node": [
    {
      "name": "^^dynaf_pacific_marsden_1line_2k_mesh",
      "tm": [
        [
          1.0,
          0.0,
          0.0
        ],
        [
          0.0,
          1.0,
          0.0
        ],
        [
          0.0,
          0.0,
          1.0
        ],
        [
          0.0,
          3.0,
          -2.12579e-6
        ]
      ]
    },
    {
      "name": "+NoTreesBox001",
      "tm": [
        [
          2000.0,
          0.0,
          0.0
        ],
        [
          0.0,
          15.0,
          0.0
        ],
        [
          0.0,
          0.0,
          650.0
        ],
        [
          0.0,
          0.0,
          0.0
        ]
      ]
    },
    {
      "name": "usa_tent_1",
      "tm": [
        [
          1.0,
          0.0,
          0.0
        ],
        [
          0.0,
          1.0,
          0.0
        ],
        [
          0.0,
          0.0,
          1.0
        ],
        [
          95.3919,
          0.0,
          451.793
        ]
      ]
    },
    {
      "name": "usa_tent_2",
      "tm": [
        [
          1.0,
          0.0,
          0.0
        ],
        [
          0.0,
          1.0,
          0.0
        ],
        [
          0.0,
          0.0,
          1.0
        ],
        [
          98.3165,
          0.0,
          428.118
        ]
      ]
    },
    {
      "name": "usa_tent_3",
      "tm": [
        [
          1.0,
          0.0,
          0.0
        ],
        [
          0.0,
          1.0,
          0.0
        ],
        [
          0.0,
          0.0,
          1.0
        ],
        [
          73.9303,
          0.0,
          432.379
        ]
      ]
    },
    {
      "name": "usa_tent_4",
      "tm": [
        [
          1.0,
          0.0,
          0.0
        ],
        [
          0.0,
          1.0,
          0.0
        ],
        [
          0.0,
          0.0,
          1.0
        ],
        [
          89.3697,
          0.0,
          410.861
        ]
      ]
    },
    {
      "name": "usa_tent_5",
      "tm": [
        [
          1.0,
          0.0,
          0.0
        ],
        [
          0.0,
          1.0,
          0.0
        ],
        [
          0.0,
          0.0,
          1.0
        ],
        [
          67.1937,
          0.0,
          402.286
        ]
      ]
    },
    {
      "name": "usa_tent_6",
      "tm": [
        [
          1.0,
          0.0,
          0.0
        ],
        [
          0.0,
          1.0,
          0.0
        ],
        [
          0.0,
          0.0,
          1.0
        ],
        [
          87.2186,
          0.0,
          393.665
        ]
      ]
    },
    {
      "name": "usa_tent_warehouse",
      "tm": [
        [
          1.0,
          0.0,
          0.0
        ],
        [
          0.0,
          1.0,
          0.0
        ],
        [
          0.0,
          0.0,
          1.0
        ],
        [
          70.0055,
          0.0,
          387.348
        ]
      ]
    },
    {
      "name": "us_ravetment_small1",
      "tm": [
        [
          -1.52501,
          0.0,
          1.52501
        ],
        [
          0.0,
          2.15669,
          0.0
        ],
        [
          -1.52501,
          0.0,
          -1.52501
        ],
        [
          -816.53,
          -0.223642,
          -460.632
        ]
      ]
    },
    {
      "name": "us_ravetment_small1",
      "tm": [
        [
          1.95463,
          0.0,
          -0.911457
        ],
        [
          0.0,
          2.15669,
          0.0
        ],
        [
          0.911457,
          0.0,
          1.95463
        ],
        [
          -583.742,
          -0.223642,
          -439.869
        ]
      ]
    },
    {
      "name": "us_ravetment_small1",
      "tm": [
        [
          -2.15669,
          0.0,
          -3.25651e-7
        ],
        [
          0.0,
          2.15669,
          0.0
        ],
        [
          3.25651e-7,
          0.0,
          -2.15669
        ],
        [
          -513.734,
          -0.223642,
          -580.261
        ]
      ]
    },
    {
      "name": "us_ravetment_small1",
      "tm": [
        [
          2.0832,
          0.0,
          0.558193
        ],
        [
          0.0,
          2.15669,
          0.0
        ],
        [
          -0.558193,
          0.0,
          2.0832
        ],
        [
          -342.193,
          -0.223642,
          -441.036
        ]
      ]
    },
    {
      "name": "us_ravetment_small1",
      "tm": [
        [
          -2.02663,
          0.0,
          -0.737632
        ],
        [
          0.0,
          2.15669,
          0.0
        ],
        [
          0.737632,
          0.0,
          -2.02663
        ],
        [
          -109.174,
          -0.223642,
          -505.716
        ]
      ]
    },
    {
      "name": "us_ravetment_small1",
      "tm": [
        [
          -2.02663,
          0.0,
          -0.737632
        ],
        [
          0.0,
          2.15669,
          0.0
        ],
        [
          0.737632,
          0.0,
          -2.02663
        ],
        [
          137.337,
          -0.223642,
          -428.751
        ]
      ]
    },
    {
      "name": "us_ravetment_small1",
      "tm": [
        [
          1.86775,
          0.0,
          1.07835
        ],
        [
          0.0,
          2.15669,
          0.0
        ],
        [
          -1.07835,
          0.0,
          1.86775
        ],
        [
          -908.811,
          -0.223642,
          549.101
        ]
      ]
    },
    {
      "name": "us_ravetment_small1",
      "tm": [
        [
          -2.14848,
          0.0,
          -0.187968
        ],
        [
          0.0,
          2.15669,
          0.0
        ],
        [
          0.187968,
          0.0,
          -2.14848
        ],
        [
          -671.073,
          -0.223642,
          459.254
        ]
      ]
    },
    {
      "name": "us_ravetment_small1",
      "tm": [
        [
          -2.02663,
          0.0,
          0.737632
        ],
        [
          0.0,
          2.15669,
          0.0
        ],
        [
          -0.737632,
          0.0,
          -2.02663
        ],
        [
          -477.784,
          -0.223642,
          491.234
        ]
      ]
    },
    {
      "name": "us_ravetment_small1",
      "tm": [
        [
          2.12393,
          0.0,
          -0.374506
        ],
        [
          0.0,
          2.15669,
          0.0
        ],
        [
          0.374506,
          0.0,
          2.12393
        ],
        [
          -254.734,
          -0.223642,
          550.479
        ]
      ]
    },
    {
      "name": "us_ravetment_small1",
      "tm": [
        [
          2.02663,
          0.0,
          0.737632
        ],
        [
          0.0,
          2.15669,
          0.0
        ],
        [
          -0.737632,
          0.0,
          2.02663
        ],
        [
          -22.8934,
          -0.223642,
          564.192
        ]
      ]
    },
    {
      "name": "us_ravetment_small1",
      "tm": [
        [
          -2.15669,
          0.0,
          3.25651e-7
        ],
        [
          0.0,
          2.15669,
          0.0
        ],
        [
          -3.25651e-7,
          0.0,
          -2.15669
        ],
        [
          180.92,
          -0.223642,
          449.817
        ]
      ]
    },
    {
      "name": "us_ravetment_small1",
      "tm": [
        [
          2.02663,
          0.0,
          -0.737632
        ],
        [
          0.0,
          2.15669,
          0.0
        ],
        [
          0.737632,
          0.0,
          2.02663
        ],
        [
          313.827,
          -0.223642,
          562.391
        ]
      ]
    },
    {
      "name": "us_mbase_aircraft_tent",
      "tm": [
        [
          0.282655,
          0.0,
          -1.05488
        ],
        [
          0.0,
          0.627868,
          0.0
        ],
        [
          1.05766,
          0.0,
          0.2834
        ],
        [
          -210.159,
          -8.58307e-6,
          -510.221
        ]
      ]
    },
    {
      "name": "us_mbase_aircraft_tent",
      "tm": [
        [
          0.0951825,
          0.0,
          -1.08794
        ],
        [
          0.0,
          0.627868,
          0.0
        ],
        [
          1.09081,
          0.0,
          0.0954331
        ],
        [
          -253.005,
          -8.58307e-6,
          -519.079
        ]
      ]
    },
    {
      "name": "us_mbase_aircraft_tent",
      "tm": [
        [
          0.373519,
          0.0,
          -1.02623
        ],
        [
          0.0,
          0.627868,
          0.0
        ],
        [
          1.02894,
          0.0,
          0.374502
        ],
        [
          -311.24,
          -8.58307e-6,
          -532.768
        ]
      ]
    },
    {
      "name": "us_mbase_aircraft_tent",
      "tm": [
        [
          -0.0951823,
          0.0,
          -1.08794
        ],
        [
          0.0,
          0.627868,
          0.0
        ],
        [
          1.09081,
          0.0,
          -0.095433
        ],
        [
          -350.213,
          -8.58307e-6,
          -535.869
        ]
      ]
    },
    {
      "name": "us_mbase_aircraft_tent",
      "tm": [
        [
          0.626401,
          0.0,
          -0.894593
        ],
        [
          0.0,
          0.627868,
          0.0
        ],
        [
          0.896948,
          0.0,
          0.62805
        ],
        [
          -433.962,
          -8.58307e-6,
          -548.778
        ]
      ]
    },
    {
      "name": "us_mbase_aircraft_tent",
      "tm": [
        [
          -0.282656,
          0.0,
          1.05488
        ],
        [
          0.0,
          0.627868,
          0.0
        ],
        [
          -1.05766,
          0.0,
          -0.2834
        ],
        [
          -417.787,
          -8.58307e-6,
          -461.672
        ]
      ]
    },
    {
      "name": "us_mbase_aircraft_tent",
      "tm": [
        [
          0.546047,
          0.0,
          0.945783
        ],
        [
          0.0,
          0.627868,
          0.0
        ],
        [
          -0.948274,
          0.0,
          0.547485
        ],
        [
          -529.416,
          -8.58307e-6,
          -474.313
        ]
      ]
    },
    {
      "name": "us_mbase_aircraft_tent",
      "tm": [
        [
          -0.626401,
          0.0,
          0.894592
        ],
        [
          0.0,
          0.627868,
          0.0
        ],
        [
          -0.896948,
          0.0,
          -0.628051
        ],
        [
          -964.993,
          -8.58307e-6,
          505.756
        ]
      ]
    },
    {
      "name": "us_mbase_aircraft_tent",
      "tm": [
        [
          -0.189641,
          0.0,
          1.0755
        ],
        [
          0.0,
          0.627868,
          0.0
        ],
        [
          -1.07834,
          0.0,
          -0.190141
        ],
        [
          -1005.8,
          -8.58307e-6,
          485.718
        ]
      ]
    },
    {
      "name": "us_mbase_aircraft_tent",
      "tm": [
        [
          0.282654,
          0.0,
          1.05488
        ],
        [
          0.0,
          0.627868,
          0.0
        ],
        [
          -1.05766,
          0.0,
          0.283399
        ],
        [
          -1081.09,
          -8.58307e-6,
          455.101
        ]
      ]
    },
    {
      "name": "us_mbase_aircraft_tent",
      "tm": [
        [
          0.189642,
          0.0,
          -1.0755
        ],
        [
          0.0,
          0.627868,
          0.0
        ],
        [
          1.07834,
          0.0,
          0.190141
        ],
        [
          -747.483,
          -8.58307e-6,
          482.515
        ]
      ]
    },
    {
      "name": "us_mbase_aircraft_tent",
      "tm": [
        [
          1.19338e-6,
          0.0,
          -1.0921
        ],
        [
          0.0,
          0.627868,
          0.0
        ],
        [
          1.09497,
          0.0,
          1.19653e-6
        ],
        [
          -794.109,
          -8.58307e-6,
          478.786
        ]
      ]
    },
    {
      "name": "us_mbase_aircraft_tent",
      "tm": [
        [
          0.546047,
          0.0,
          0.945783
        ],
        [
          0.0,
          0.627868,
          0.0
        ],
        [
          -0.948274,
          0.0,
          0.547485
        ],
        [
          372.334,
          -8.58307e-6,
          516.407
        ]
      ]
    },
    {
      "name": "us_mbase_aircraft_tent",
      "tm": [
        [
          0.282654,
          0.0,
          1.05488
        ],
        [
          0.0,
          0.627868,
          0.0
        ],
        [
          -1.05766,
          0.0,
          0.283399
        ],
        [
          423.079,
          -8.58307e-6,
          494.255
        ]
      ]
    },
    {
      "name": "usa_tent_4",
      "tm": [
        [
          0.984808,
          0.0,
          0.173648
        ],
        [
          0.0,
          1.0,
          0.0
        ],
        [
          -0.173648,
          0.0,
          0.984808
        ],
        [
          691.351,
          0.0,
          482.843
        ]
      ]
    },
    {
      "name": "usa_tent_4",
      "tm": [
        [
          0.642788,
          0.0,
          -0.766044
        ],
        [
          0.0,
          1.0,
          0.0
        ],
        [
          0.766044,
          0.0,
          0.642788
        ],
        [
          679.085,
          0.0,
          484.975
        ]
      ]
    },
    {
      "name": "usa_tent_warehouse",
      "tm": [
        [
          -0.707107,
          0.0,
          -0.707107
        ],
        [
          0.0,
          1.0,
          0.0
        ],
        [
          0.707107,
          0.0,
          -0.707107
        ],
        [
          715.293,
          0.0,
          473.901
        ]
      ]
    },
    {
      "name": "usa_tent_3",
      "tm": [
        [
          0.422618,
          0.0,
          0.906308
        ],
        [
          0.0,
          1.0,
          0.0
        ],
        [
          -0.906308,
          0.0,
          0.422618
        ],
        [
          694.428,
          0.0,
          470.547
        ]
      ]
    },
    {
      "name": "usa_tent_2",
      "tm": [
        [
          1.0,
          0.0,
          0.0
        ],
        [
          0.0,
          1.0,
          0.0
        ],
        [
          0.0,
          0.0,
          1.0
        ],
        [
          740.991,
          0.0,
          470.172
        ]
      ]
    },
    {
      "name": "usa_tent_1",
      "tm": [
        [
          0.707107,
          0.0,
          0.707107
        ],
        [
          0.0,
          1.0,
          0.0
        ],
        [
          -0.707107,
          0.0,
          0.707107
        ],
        [
          702.897,
          0.03108,
          488.692
        ]
      ]
    },
    {
      "name": "usa_tent_warehouse",
      "tm": [
        [
          0.707107,
          0.0,
          -0.707107
        ],
        [
          0.0,
          1.0,
          0.0
        ],
        [
          0.707107,
          0.0,
          0.707107
        ],
        [
          647.87,
          0.0,
          473.874
        ]
      ]
    },
    {
      "name": "usa_tent_warehouse",
      "tm": [
        [
          0.258819,
          0.0,
          -0.965926
        ],
        [
          0.0,
          1.0,
          0.0
        ],
        [
          0.965926,
          0.0,
          0.258819
        ],
        [
          668.576,
          0.0,
          480.163
        ]
      ]
    },
    {
      "name": "usa_tent_4",
      "tm": [
        [
          -0.996195,
          0.0,
          -0.0871556
        ],
        [
          0.0,
          1.0,
          0.0
        ],
        [
          0.0871556,
          0.0,
          -0.996195
        ],
        [
          -749.004,
          0.0,
          -588.448
        ]
      ]
    },
    {
      "name": "usa_tent_4",
      "tm": [
        [
          -0.573576,
          0.0,
          0.819152
        ],
        [
          0.0,
          1.0,
          0.0
        ],
        [
          -0.819152,
          0.0,
          -0.573576
        ],
        [
          -737.351,
          0.0,
          -591.692
        ]
      ]
    },
    {
      "name": "usa_tent_warehouse",
      "tm": [
        [
          0.766044,
          0.0,
          0.642788
        ],
        [
          0.0,
          1.0,
          0.0
        ],
        [
          -0.642788,
          0.0,
          0.766044
        ],
        [
          -770.955,
          0.0,
          -577.097
        ]
      ]
    },
    {
      "name": "usa_tent_3",
      "tm": [
        [
          -0.5,
          0.0,
          -0.866025
        ],
        [
          0.0,
          1.0,
          0.0
        ],
        [
          0.866025,
          0.0,
          -0.5
        ],
        [
          -750.259,
          0.0,
          -575.761
        ]
      ]
    },
    {
      "name": "usa_tent_2",
      "tm": [
        [
          -0.996195,
          0.0,
          0.0871559
        ],
        [
          0.0,
          1.0,
          0.0
        ],
        [
          -0.0871559,
          0.0,
          -0.996195
        ],
        [
          -796.397,
          0.0,
          -570.966
        ]
      ]
    },
    {
      "name": "usa_tent_1",
      "tm": [
        [
          -0.766045,
          0.0,
          -0.642787
        ],
        [
          0.0,
          1.0,
          0.0
        ],
        [
          0.642787,
          0.0,
          -0.766045
        ],
        [
          -761.397,
          0.03108,
          -593.32
        ]
      ]
    },
    {
      "name": "usa_tent_warehouse",
      "tm": [
        [
          -0.642788,
          0.0,
          0.766044
        ],
        [
          0.0,
          1.0,
          0.0
        ],
        [
          -0.766044,
          0.0,
          -0.642788
        ],
        [
          -704.54,
          0.0,
          -582.568
        ]
      ]
    },
    {
      "name": "usa_tent_warehouse",
      "tm": [
        [
          -0.173648,
          0.0,
          0.984808
        ],
        [
          0.0,
          1.0,
          0.0
        ],
        [
          -0.984808,
          0.0,
          -0.173648
        ],
        [
          -725.36,
          0.0,
          -587.579
        ]
      ]
    },
    {
      "name": "usa_tent_2",
      "tm": [
        [
          -0.34202,
          0.0,
          0.939693
        ],
        [
          0.0,
          1.0,
          0.0
        ],
        [
          -0.939693,
          0.0,
          -0.34202
        ],
        [
          -776.799,
          0.0,
          -514.338
        ]
      ]
    },
    {
      "name": "usa_tent_1",
      "tm": [
        [
          0.965926,
          0.0,
          0.258819
        ],
        [
          0.0,
          1.0,
          0.0
        ],
        [
          -0.258819,
          0.0,
          0.965926
        ],
        [
          -659.131,
          0.03108,
          -561.262
        ]
      ]
    },
    {
      "name": "usa_tent_3",
      "tm": [
        [
          -0.906308,
          0.0,
          0.422618
        ],
        [
          0.0,
          1.0,
          0.0
        ],
        [
          -0.422618,
          0.0,
          -0.906308
        ],
        [
          -638.865,
          0.0,
          -562.052
        ]
      ]
    },
    {
      "name": "usa_tent_warehouse",
      "tm": [
        [
          -0.34202,
          0.0,
          -0.939693
        ],
        [
          0.0,
          1.0,
          0.0
        ],
        [
          0.939693,
          0.0,
          -0.34202
        ],
        [
          -622.22,
          0.0,
          -569.951
        ]
      ]
    },
    {
      "name": "usa_tent_warehouse",
      "tm": [
        [
          -0.866025,
          0.0,
          0.5
        ],
        [
          0.0,
          1.0,
          0.0
        ],
        [
          -0.5,
          0.0,
          -0.866025
        ],
        [
          -657.787,
          0.0,
          -574.685
        ]
      ]
    },
    {
      "name": "usa_tent_warehouse",
      "tm": [
        [
          -0.573576,
          0.0,
          0.819152
        ],
        [
          0.0,
          1.0,
          0.0
        ],
        [
          -0.819152,
          0.0,
          -0.573576
        ],
        [
          -600.025,
          0.0,
          -561.339
        ]
      ]
    },
    {
      "name": "usa_tent_3",
      "tm": [
        [
          0.819152,
          0.0,
          -0.573576
        ],
        [
          0.0,
          1.0,
          0.0
        ],
        [
          0.573576,
          0.0,
          0.819152
        ],
        [
          -135.304,
          0.0,
          572.075
        ]
      ]
    },
    {
      "name": "usa_tent_warehouse",
      "tm": [
        [
          0.0871558,
          0.0,
          -0.996195
        ],
        [
          0.0,
          1.0,
          0.0
        ],
        [
          0.996195,
          0.0,
          0.0871558
        ],
        [
          -141.715,
          0.0,
          593.824
        ]
      ]
    },
    {
      "name": "usa_tent_warehouse",
      "tm": [
        [
          -0.866025,
          0.0,
          -0.5
        ],
        [
          0.0,
          1.0,
          0.0
        ],
        [
          0.5,
          0.0,
          -0.866025
        ],
        [
          -119.165,
          0.0,
          587.22
        ]
      ]
    },
    {
      "name": "usa_tent_warehouse",
      "tm": [
        [
          0.422618,
          0.0,
          -0.906308
        ],
        [
          0.0,
          1.0,
          0.0
        ],
        [
          0.906308,
          0.0,
          0.422618
        ],
        [
          -161.313,
          0.0,
          589.427
        ]
      ]
    },
    {
      "name": "usa_tent_warehouse",
      "tm": [
        [
          -0.642788,
          0.0,
          0.766044
        ],
        [
          0.0,
          1.0,
          0.0
        ],
        [
          -0.766044,
          0.0,
          -0.642788
        ],
        [
          -119.79,
          0.0,
          561.79
        ]
      ]
    },
    {
      "name": "usa_tent_warehouse",
      "tm": [
        [
          -0.0871555,
          0.0,
          0.996195
        ],
        [
          0.0,
          1.0,
          0.0
        ],
        [
          -0.996195,
          0.0,
          -0.0871555
        ],
        [
          -150.352,
          0.0,
          560.178
        ]
      ]
    },
    {
      "name": "usa_tent_3",
      "tm": [
        [
          -1.62921e-7,
          0.0,
          1.0
        ],
        [
          0.0,
          1.0,
          0.0
        ],
        [
          -1.0,
          0.0,
          -1.62921e-7
        ],
        [
          -1012.72,
          0.0,
          -493.592
        ]
      ]
    },
    {
      "name": "usa_tent_warehouse",
      "tm": [
        [
          0.766044,
          0.0,
          0.642788
        ],
        [
          0.0,
          1.0,
          0.0
        ],
        [
          -0.642788,
          0.0,
          0.766044
        ],
        [
          -1020.67,
          0.0,
          -511.03
        ]
      ]
    },
    {
      "name": "usa_tent_warehouse",
      "tm": [
        [
          0.906308,
          0.0,
          -0.422618
        ],
        [
          0.0,
          1.0,
          0.0
        ],
        [
          0.422618,
          0.0,
          0.906308
        ],
        [
          -1038.17,
          0.0,
          -487.122
        ]
      ]
    },
    {
      "name": "usa_tent_warehouse",
      "tm": [
        [
          0.5,
          0.0,
          0.866025
        ],
        [
          0.0,
          1.0,
          0.0
        ],
        [
          -0.866025,
          0.0,
          0.5
        ],
        [
          -1003.54,
          0.0,
          -524.133
        ]
      ]
    },
    {
      "name": "usa_tent_warehouse",
      "tm": [
        [
          0.0871559,
          0.0,
          -0.996195
        ],
        [
          0.0,
          1.0,
          0.0
        ],
        [
          0.996195,
          0.0,
          0.0871559
        ],
        [
          -1020.35,
          0.0,
          -475.187
        ]
      ]
    },
    {
      "name": "usa_tent_warehouse",
      "tm": [
        [
          -0.766045,
          0.0,
          -0.642787
        ],
        [
          0.0,
          1.0,
          0.0
        ],
        [
          0.642787,
          0.0,
          -0.766045
        ],
        [
          -988.73,
          0.0,
          -498.66
        ]
      ]
    }
  ]
}