[
  {
    "className": "composit"
  },
  {
    "size": [1024.0,256.0]
  },
  {
    "airfield": [
      {
        "start": [710.0,0.0,-97.0]
      },
      {
        "end": [-445.0,0.0,-97.0]
      },
      {
        "width": 120.0
      },
      {
        "spawn": [515.0,0.0,-102.0]
      },
      {
        "spawn": [528.0,0.0,-91.0]
      },
      {
        "spawn": [539.0,0.0,-102.0]
      },
      {
        "spawn": [552.0,0.0,-91.0]
      },
      {
        "spawn": [564.0,0.0,-102.0]
      },
      {
        "spawn": [576.0,0.0,-91.0]
      },
      {
        "spawn": [588.0,0.0,-102.0]
      },
      {
        "spawn": [601.0,0.0,-91.0]
      },
      {
        "spawn": [612.0,0.0,-102.0]
      },
      {
        "spawn": [626.0,0.0,-91.0]
      },
      {
        "spawn": [637.0,0.0,-102.0]
      },
      {
        "spawn": [650.0,0.0,-91.0]
      },
      {
        "spawn": [661.0,0.0,-102.0]
      },
      {
        "spawn": [674.0,0.0,-91.0]
      },
      {
        "spawn": [686.0,0.0,-102.0]
      },
      {
        "spawn": [699.0,0.0,-91.0]
      },
      {
        "repairTags": {
          "type_attack_helicopter": false,
          "type_utility_helicopter": false
        }
      }
    ]
  },
  {
    "node": {
      "name": "^^dynaf_stalingrad_airfield_gumrak_mesh",
      "tm": [
        [1.0,0.0,0.0],
        [0.0,1.0,0.0],
        [0.0,0.0,1.0],
        [0.0,1.9495,-1.02986e-07]
      ]
    }
  },
  {
    "node": {
      "name": "+NoTreesBox000",
      "tm": [
        [1400.0,0.0,0.0],
        [0.0,150.0,0.0],
        [0.0,0.0,280.0],
        [126.0,-10.0,-94.0]
      ]
    }
  },
  {
    "node": {
      "name": "britain_control_tower_1_rendinst",
      "tm": [
        [-4.37114e-08,0.0,-1.0],
        [0.0,1.0,0.0],
        [1.0,0.0,-4.37114e-08],
        [-23.2198,-0.108985,-217.127]
      ]
    }
  },
  {
    "node": {
      "name": "britain_control_tower_1_rendinst",
      "tm": [
        [-4.37114e-08,0.0,-1.0],
        [0.0,1.0,0.0],
        [1.0,0.0,-4.37114e-08],
        [192.952,-0.108985,61.5726]
      ]
    }
  },
  {
    "node": {
      "name": "britain_control_tower_1_rendinst",
      "tm": [
        [1.0,0.0,-1.04308e-07],
        [0.0,1.0,0.0],
        [1.04308e-07,0.0,1.0],
        [798.596,-0.108985,-194.026]
      ]
    }
  },
  {
    "node": {
      "name": "britain_windvane_rendinst",
      "tm": [
        [-0.709277,0.0,-0.70493],
        [-7.29991e-08,1.0,7.34492e-08],
        [0.70493,1.03555e-07,-0.709277],
        [81.8208,-0.108985,-193.417]
      ]
    }
  },
  {
    "node": {
      "name": "britain_army_tent_rendinst",
      "tm": [
        [-0.983892,-2.03031e-07,0.178766],
        [-1.59001e-07,1.0,2.60626e-07],
        [-0.178766,2.28003e-07,-0.983892],
        [27.011,-0.108985,-246.739]
      ]
    }
  },
  {
    "node": {
      "name": "stalingrad_tent_camouflage_rendinst",
      "tm": [
        [-0.889197,0.0,0.457524],
        [0.0,1.0,0.0],
        [-0.457524,0.0,-0.889197],
        [48.0688,-0.0995525,-233.324]
      ]
    }
  },
  {
    "node": {
      "name": "britain_tent_1_rendinst",
      "tm": [
        [-0.790448,0.0,-0.612529],
        [0.0,1.0,0.0],
        [0.612529,0.0,-0.790448],
        [19.3544,-0.108985,-235.925]
      ]
    }
  },
  {
    "node": {
      "name": "britain_tent_2_rendinst",
      "tm": [
        [0.387075,4.76837e-07,-0.922048],
        [-2.54839e-07,1.0,4.10169e-07],
        [0.922048,7.62083e-08,0.387075],
        [15.5053,-0.108985,-245.604]
      ]
    }
  },
  {
    "node": {
      "name": "britain_army_tent_rendinst",
      "tm": [
        [-0.990813,0.0,-0.135241],
        [0.0,1.0,0.0],
        [0.135241,0.0,-0.990813],
        [24.265,-0.108985,-229.102]
      ]
    }
  },
  {
    "node": {
      "name": "stalingrad_radio_camouflage_rendinst",
      "tm": [
        [-0.221082,0.0,0.975255],
        [0.0,1.0,0.0],
        [-0.975255,0.0,-0.221082],
        [51.2847,-0.108985,-217.327]
      ]
    }
  },
  {
    "node": {
      "name": "britain_army_tent_rendinst",
      "tm": [
        [0.0819754,0.0,-0.996634],
        [-3.72856e-08,1.0,-3.0668e-09],
        [0.996634,3.74115e-08,0.0819754],
        [37.0083,-0.108985,-249.004]
      ]
    }
  },
  {
    "node": {
      "name": "boxes_rendinst",
      "tm": [
        [0.374855,0.0,-0.927084],
        [0.0,1.0,0.0],
        [0.927084,0.0,0.374855],
        [38.6766,-0.108985,-236.792]
      ]
    }
  },
  {
    "node": {
      "name": "britain_tent_2_rendinst",
      "tm": [
        [-0.60498,0.0,-0.79624],
        [0.0,1.0,0.0],
        [0.79624,0.0,-0.60498],
        [9.92867,-0.108985,-217.673]
      ]
    }
  },
  {
    "node": {
      "name": "britain_tent_1_rendinst",
      "tm": [
        [-0.740483,0.0,0.672075],
        [0.0,1.0,0.0],
        [-0.672075,0.0,-0.740483],
        [8.4995,-0.108985,-232.795]
      ]
    }
  },
  {
    "node": {
      "name": "britain_tent_2_rendinst",
      "tm": [
        [-0.790448,0.0,-0.612529],
        [0.0,1.0,0.0],
        [0.612529,0.0,-0.790448],
        [58.2558,-0.108985,-195.078]
      ]
    }
  },
  {
    "node": {
      "name": "britain_big_army_tent_rendinst",
      "tm": [
        [0.60498,0.0,0.79624],
        [0.0,1.0,0.0],
        [-0.79624,0.0,0.60498],
        [39.0245,-0.108985,-208.147]
      ]
    }
  },
  {
    "node": {
      "name": "britain_tent_1_rendinst",
      "tm": [
        [0.672075,0.0,0.740483],
        [0.0,1.0,0.0],
        [-0.740483,0.0,0.672075],
        [24.5243,-0.108985,-193.937]
      ]
    }
  },
  {
    "node": {
      "name": "britain_tent_2_rendinst",
      "tm": [
        [0.868613,0.0,0.495491],
        [0.0,1.0,0.0],
        [-0.495491,0.0,0.868613],
        [10.3176,-0.108985,-205.117]
      ]
    }
  },
  {
    "node": {
      "name": "britain_tent_1_rendinst",
      "tm": [
        [-0.0336701,0.0,0.999433],
        [0.0,1.0,0.0],
        [-0.999433,0.0,-0.0336701],
        [775.182,-0.108985,-198.057]
      ]
    }
  },
  {
    "node": {
      "name": "britain_tent_2_rendinst",
      "tm": [
        [0.470557,0.0,0.882369],
        [0.0,1.0,0.0],
        [-0.882369,0.0,0.470557],
        [757.249,-0.108985,-176.146]
      ]
    }
  },
  {
    "node": {
      "name": "britain_tent_1_rendinst",
      "tm": [
        [0.882369,0.0,-0.470558],
        [0.0,1.0,0.0],
        [0.470558,0.0,0.882369],
        [750.481,-0.108985,-172.859]
      ]
    }
  },
  {
    "node": {
      "name": "britain_big_army_tent_rendinst",
      "tm": [
        [-0.880426,0.0,0.474183],
        [0.0,1.0,0.0],
        [-0.474183,0.0,-0.880426],
        [769.855,-0.108985,-214.02]
      ]
    }
  },
  {
    "node": {
      "name": "britain_tent_1_rendinst",
      "tm": [
        [0.391863,0.0,0.920023],
        [0.0,1.0,0.0],
        [-0.920023,0.0,0.391863],
        [737.961,-0.108985,-210.012]
      ]
    }
  },
  {
    "node": {
      "name": "britain_tent_1_rendinst",
      "tm": [
        [0.470557,-1.50045e-07,0.882369],
        [7.06046e-08,1.0,1.32395e-07],
        [-0.882369,0.0,0.470557],
        [734.041,-0.108985,-218.77]
      ]
    }
  },
  {
    "node": {
      "name": "britain_tent_1_rendinst",
      "tm": [
        [0.920024,0.0,-0.391863],
        [0.0,1.0,0.0],
        [0.391863,0.0,0.920024],
        [771.481,-0.108985,-185.685]
      ]
    }
  },
  {
    "node": {
      "name": "boxes_rendinst",
      "tm": [
        [0.970776,0.0,-0.239987],
        [0.0,1.0,0.0],
        [0.239987,0.0,0.970776],
        [764.54,-0.108985,-220.123]
      ]
    }
  },
  {
    "node": {
      "name": "britain_tent_1_rendinst",
      "tm": [
        [-0.897443,-2.32017e-07,0.44113],
        [-1.92334e-07,1.0,1.34674e-07],
        [-0.44113,3.60177e-08,-0.897443],
        [764.608,-0.108985,-180.125]
      ]
    }
  },
  {
    "node": {
      "name": "britain_big_army_tent_rendinst",
      "tm": [
        [-0.918404,0.0,0.395645],
        [0.0,1.0,0.0],
        [-0.395645,0.0,-0.918404],
        [763.117,-0.108985,-228.469]
      ]
    }
  },
  {
    "node": {
      "name": "britain_tent_1_rendinst",
      "tm": [
        [-0.422618,0.0,-0.906308],
        [0.0,1.0,0.0],
        [0.906308,0.0,-0.422618],
        [742.11,-0.108985,-201.54]
      ]
    }
  },
  {
    "node": {
      "name": "britain_army_tent_rendinst",
      "tm": [
        [-0.891564,-2.81327e-07,-0.452894],
        [-3.38158e-07,1.0,4.45193e-08],
        [0.452894,1.92842e-07,-0.891564],
        [742.514,-0.108985,-169.21]
      ]
    }
  },
  {
    "node": {
      "name": "britain_tent_1_rendinst",
      "tm": [
        [-0.927644,0.0,-0.373466],
        [0.0,1.0,0.0],
        [0.373466,0.0,-0.927644],
        [762.954,-0.108985,-254.984]
      ]
    }
  },
  {
    "node": {
      "name": "britain_tent_2_rendinst",
      "tm": [
        [0.950676,0.0,-0.310186],
        [0.0,1.0,0.0],
        [0.310186,0.0,0.950676],
        [769.878,-0.108985,-243.998]
      ]
    }
  },
  {
    "node": {
      "name": "britain_tent_2_rendinst",
      "tm": [
        [-0.226149,0.0,-0.974093],
        [0.0,1.0,0.0],
        [0.974093,0.0,-0.226149],
        [752.805,-0.108985,-256.766]
      ]
    }
  },
  {
    "node": {
      "name": "boxes_rendinst",
      "tm": [
        [0.826247,0.0,-0.563307],
        [0.0,1.0,0.0],
        [0.563307,0.0,0.826247],
        [-797.294,-0.108985,58.8871]
      ]
    }
  },
  {
    "node": {
      "name": "britain_tent_1_rendinst",
      "tm": [
        [0.984808,0.0,-0.173648],
        [0.0,1.0,0.0],
        [0.173648,0.0,0.984808],
        [-736.52,-0.108985,105.074]
      ]
    }
  },
  {
    "node": {
      "name": "britain_army_tent_rendinst",
      "tm": [
        [0.998564,-2.65635e-07,-0.0535645],
        [2.65254e-07,1.0,-1.42286e-08],
        [0.0535645,0.0,0.998564],
        [-806.381,-0.108985,70.9367]
      ]
    }
  },
  {
    "node": {
      "name": "britain_tent_1_rendinst",
      "tm": [
        [0.996195,0.0,0.0871558],
        [0.0,1.0,0.0],
        [-0.0871558,0.0,0.996195],
        [-809.733,-0.108985,59.1918]
      ]
    }
  },
  {
    "node": {
      "name": "britain_tent_1_rendinst",
      "tm": [
        [0.920024,0.0,-0.391863],
        [0.0,1.0,0.0],
        [0.391863,0.0,0.920024],
        [-791.377,-0.108985,95.5379]
      ]
    }
  },
  {
    "node": {
      "name": "britain_big_army_tent_rendinst",
      "tm": [
        [0.0576721,0.0,0.998336],
        [0.0,1.0,0.0],
        [-0.998336,0.0,0.0576721],
        [-787.547,-0.108985,69.7161]
      ]
    }
  },
  {
    "node": {
      "name": "britain_tent_1_rendinst",
      "tm": [
        [0.891564,-3.73189e-07,0.452894],
        [3.60791e-07,1.0,1.13757e-07],
        [-0.452894,6.19785e-08,0.891564],
        [-802.529,-0.108985,95.767]
      ]
    }
  },
  {
    "node": {
      "name": "britain_tent_1_rendinst",
      "tm": [
        [-0.206707,0.0,0.978403],
        [0.0,1.0,0.0],
        [-0.978403,0.0,-0.206707],
        [-751.116,-0.108985,106.812]
      ]
    }
  },
  {
    "node": {
      "name": "britain_tent_2_rendinst",
      "tm": [
        [-0.206707,0.0,0.978403],
        [0.0,1.0,0.0],
        [-0.978403,0.0,-0.206707],
        [-780.737,-0.108985,92.4599]
      ]
    }
  },
  {
    "node": {
      "name": "britain_army_tent_rendinst",
      "tm": [
        [0.0535638,-7.80076e-08,0.998564],
        [5.75736e-08,1.0,7.50315e-08],
        [-0.998564,5.3472e-08,0.0535638],
        [-755.135,-0.108985,116.911]
      ]
    }
  },
  {
    "node": {
      "name": "britain_tent_1_rendinst",
      "tm": [
        [-0.206707,0.0,0.978403],
        [0.0,1.0,0.0],
        [-0.978403,0.0,-0.206707],
        [-806.496,-0.108985,83.7938]
      ]
    }
  },
  {
    "node": {
      "name": "stalingrad_tent_camouflage_rendinst",
      "tm": [
        [0.866025,0.0,0.5],
        [0.0,1.0,0.0],
        [-0.5,0.0,0.866025],
        [-785.174,-0.0995525,42.9937]
      ]
    }
  },
  {
    "node": {
      "name": "britain_tent_2_rendinst",
      "tm": [
        [-0.173648,0.0,0.984808],
        [0.0,1.0,0.0],
        [-0.984808,0.0,-0.173648],
        [-799.604,-0.108985,47.8741]
      ]
    }
  },
  {
    "node": {
      "name": "britain_big_army_tent_rendinst",
      "tm": [
        [0.939693,0.0,-0.34202],
        [0.0,1.0,0.0],
        [0.34202,0.0,0.939693],
        [-730.473,-0.108985,80.0585]
      ]
    }
  },
  {
    "node": {
      "name": "britain_army_tent_rendinst",
      "tm": [
        [0.642788,0.0,0.766044],
        [0.0,1.0,0.0],
        [-0.766044,0.0,0.642788],
        [-777.166,-0.108985,18.7498]
      ]
    }
  },
  {
    "node": {
      "name": "britain_tent_1_rendinst",
      "tm": [
        [-0.906308,-1.2595e-07,0.422618],
        [8.09591e-08,1.0,4.71641e-07],
        [-0.422618,4.61666e-07,-0.906308],
        [-765.035,-0.108985,24.9708]
      ]
    }
  },
  {
    "node": {
      "name": "britain_army_tent_rendinst",
      "tm": [
        [-0.258819,0.0,0.965926],
        [0.0,1.0,0.0],
        [-0.965926,0.0,-0.258819],
        [-742.801,-0.108985,29.9234]
      ]
    }
  },
  {
    "node": {
      "name": "britain_army_tent_rendinst",
      "tm": [
        [0.642788,0.0,0.766044],
        [0.0,1.0,0.0],
        [-0.766044,0.0,0.642788],
        [-753.698,-0.108985,27.252]
      ]
    }
  },
  {
    "node": {
      "name": "britain_tent_2_rendinst",
      "tm": [
        [0.226149,0.0,0.974093],
        [0.0,1.0,0.0],
        [-0.974093,0.0,0.226149],
        [-770.722,-0.108985,117.189]
      ]
    }
  },
  {
    "node": {
      "name": "britain_tent_1_rendinst",
      "tm": [
        [0.965926,0.0,-0.258819],
        [0.0,1.0,0.0],
        [0.258819,0.0,0.965926],
        [-721.14,-0.108985,94.8383]
      ]
    }
  },
  {
    "node": {
      "name": "stalingrad_radio_camouflage_rendinst",
      "tm": [
        [0.642788,0.0,-0.766044],
        [0.0,1.0,0.0],
        [0.766044,0.0,0.642788],
        [-729.456,-0.108985,114.185]
      ]
    }
  },
  {
    "node": {
      "name": "britain_tent_1_rendinst",
      "tm": [
        [0.927644,0.0,0.373466],
        [0.0,1.0,0.0],
        [-0.373466,0.0,0.927644],
        [-741.68,-0.108985,120.799]
      ]
    }
  },
  {
    "node": {
      "name": "britain_army_tent_rendinst",
      "tm": [
        [1.0,0.0,1.78814e-07],
        [0.0,1.0,0.0],
        [-1.78814e-07,0.0,1.0],
        [-720.633,-0.108985,105.956]
      ]
    }
  },
  {
    "node": {
      "name": "britain_army_tent_rendinst",
      "tm": [
        [-0.310186,-1.0707e-09,-0.950676],
        [-1.02563e-07,1.0,3.23381e-08],
        [0.950676,1.07535e-07,-0.310186],
        [133.239,-0.108985,114.02]
      ]
    }
  },
  {
    "node": {
      "name": "britain_tent_2_rendinst",
      "tm": [
        [0.452894,0.0,-0.891564],
        [0.0,1.0,0.0],
        [0.891564,0.0,0.452894],
        [160.076,-0.108985,77.5748]
      ]
    }
  },
  {
    "node": {
      "name": "britain_tent_1_rendinst",
      "tm": [
        [-0.61663,0.0,-0.787253],
        [0.0,1.0,0.0],
        [0.787253,0.0,-0.61663],
        [170.04,-0.108985,84.1867]
      ]
    }
  },
  {
    "node": {
      "name": "britain_big_army_tent_rendinst",
      "tm": [
        [0.949392,0.0,-0.314094],
        [0.0,1.0,0.0],
        [0.314094,0.0,0.949392],
        [146.212,-0.108985,96.1286]
      ]
    }
  },
  {
    "node": {
      "name": "britain_tent_1_rendinst",
      "tm": [
        [-0.590268,-1.66067e-08,-0.807207],
        [-9.76505e-08,1.0,5.08336e-08],
        [0.807207,1.0883e-07,-0.590268],
        [121.164,-0.108985,109.442]
      ]
    }
  },
  {
    "node": {
      "name": "britain_tent_1_rendinst",
      "tm": [
        [0.974093,-1.08897e-07,-0.226149],
        [1.06076e-07,1.0,-2.4627e-08],
        [0.226149,0.0,0.974093],
        [161.458,-0.108985,115.434]
      ]
    }
  },
  {
    "node": {
      "name": "britain_tent_1_rendinst",
      "tm": [
        [0.787253,0.0,-0.61663],
        [0.0,1.0,0.0],
        [0.61663,0.0,0.787253],
        [135.058,-0.108985,79.1559]
      ]
    }
  },
  {
    "node": {
      "name": "britain_tent_2_rendinst",
      "tm": [
        [0.998564,0.0,-0.053564],
        [0.0,1.0,0.0],
        [0.053564,0.0,0.998564],
        [173.942,-0.108985,96.7457]
      ]
    }
  },
  {
    "node": {
      "name": "britain_army_tent_rendinst",
      "tm": [
        [0.61663,-6.54125e-08,0.787253],
        [5.60101e-08,1.0,3.92187e-08],
        [-0.787253,1.99107e-08,0.61663],
        [147.067,-0.108985,75.6659]
      ]
    }
  },
  {
    "node": {
      "name": "britain_tent_2_rendinst",
      "tm": [
        [-0.799375,0.0,-0.600833],
        [0.0,1.0,0.0],
        [0.600833,0.0,-0.799375],
        [126.845,-0.108985,84.6705]
      ]
    }
  },
  {
    "node": {
      "name": "britain_tent_1_rendinst",
      "tm": [
        [0.998564,0.0,-0.0535645],
        [0.0,1.0,0.0],
        [0.0535645,0.0,0.998564],
        [146.54,-0.108985,117.978]
      ]
    }
  },
  {
    "node": {
      "name": "britain_tent_1_rendinst",
      "tm": [
        [0.528876,0.0,-0.848699],
        [0.0,1.0,0.0],
        [0.848699,0.0,0.528876],
        [172.825,-0.108985,108.433]
      ]
    }
  },
  {
    "node": {
      "name": "britain_tent_1_rendinst",
      "tm": [
        [0.5,0.0,-0.866025],
        [0.0,1.0,0.0],
        [0.866025,0.0,0.5],
        [119.254,-0.108985,89.6076]
      ]
    }
  },
  {
    "node": {
      "name": "britain_tent_2_rendinst",
      "tm": [
        [0.707107,0.0,-0.707107],
        [-1.17042e-08,1.0,-1.17042e-08],
        [0.707107,1.65523e-08,0.707107],
        [112.439,-0.108985,102.835]
      ]
    }
  },
  {
    "node": {
      "name": "britain_tent_1_rendinst",
      "tm": [
        [0.998564,0.0,-0.0535645],
        [0.0,1.0,0.0],
        [0.0535645,0.0,0.998564],
        [-262.993,-0.108985,-36.0134]
      ]
    }
  },
  {
    "node": {
      "name": "britain_tent_2_rendinst",
      "tm": [
        [0.0535648,0.0,0.998564],
        [0.0,1.0,0.0],
        [-0.998564,0.0,0.0535648],
        [-253.8,-0.108985,-35.4606]
      ]
    }
  },
  {
    "node": {
      "name": "britain_tent_1_rendinst",
      "tm": [
        [0.999433,0.0,0.03367],
        [0.0,1.0,0.0],
        [-0.03367,0.0,0.999433],
        [-228.563,-0.108985,-35.3391]
      ]
    }
  },
  {
    "node": {
      "name": "britain_tent_1_rendinst",
      "tm": [
        [-0.999789,-1.1528e-07,0.0205237],
        [-1.1202e-07,1.0,1.59981e-07],
        [-0.0205237,1.57648e-07,-0.999789],
        [-245.262,-0.108985,-35.2839]
      ]
    }
  },
  {
    "node": {
      "name": "stalingrad_radio_camouflage_rendinst",
      "tm": [
        [1.0,0.0,0.0],
        [0.0,1.0,0.0],
        [0.0,0.0,1.0],
        [-219.271,-0.108985,-35.9365]
      ]
    }
  },
  {
    "node": {
      "name": "britain_tent_2_rendinst",
      "tm": [
        [0.0535648,0.0,0.998564],
        [0.0,1.0,0.0],
        [-0.998564,0.0,0.0535648],
        [-236.719,-0.108985,-35.4606]
      ]
    }
  },
  {
    "node": {
      "name": "britain_tent_2_rendinst",
      "tm": [
        [0.0535648,0.0,0.998564],
        [0.0,1.0,0.0],
        [-0.998564,0.0,0.0535648],
        [-199.866,-0.108985,-35.4531]
      ]
    }
  },
  {
    "node": {
      "name": "britain_tent_1_rendinst",
      "tm": [
        [0.999433,0.0,0.03367],
        [0.0,1.0,0.0],
        [-0.03367,0.0,0.999433],
        [-174.629,-0.108985,-35.3315]
      ]
    }
  },
  {
    "node": {
      "name": "britain_tent_1_rendinst",
      "tm": [
        [-0.999789,-1.1528e-07,0.0205237],
        [-1.1202e-07,1.0,1.59981e-07],
        [-0.0205237,1.57648e-07,-0.999789],
        [-191.328,-0.108985,-35.2763]
      ]
    }
  },
  {
    "node": {
      "name": "britain_tent_2_rendinst",
      "tm": [
        [0.0535648,0.0,0.998564],
        [0.0,1.0,0.0],
        [-0.998564,0.0,0.0535648],
        [-208.2,-0.108985,-35.4531]
      ]
    }
  },
  {
    "node": {
      "name": "boxes_rendinst",
      "tm": [
        [-0.984091,0.0,-0.177665],
        [0.0,1.0,0.0],
        [0.177665,0.0,-0.984091],
        [97.5091,-0.108985,106.366]
      ]
    }
  },
  {
    "node": {
      "name": "britain_army_tent_rendinst",
      "tm": [
        [-0.61663,-3.0293e-08,-0.787253],
        [-1.46476e-07,1.0,7.62504e-08],
        [0.787253,1.62332e-07,-0.61663],
        [-272.479,-0.108985,-36.102]
      ]
    }
  },
  {
    "node": {
      "name": "barrels_rendinst",
      "tm": [
        [0.815734,0.0,0.578428],
        [0.0,1.0,0.0],
        [-0.578428,0.0,0.815734],
        [96.6723,-0.108985,117.246]
      ]
    }
  },
  {
    "node": {
      "name": "boxes_rendinst",
      "tm": [
        [0.900962,0.0,0.433898],
        [0.0,1.0,0.0],
        [-0.433898,0.0,0.900962],
        [641.88,-0.108985,28.0066]
      ]
    }
  },
  {
    "node": {
      "name": "britain_tent_1_rendinst",
      "tm": [
        [0.422618,0.0,0.906308],
        [0.0,1.0,0.0],
        [-0.906308,0.0,0.422618],
        [635.396,-0.108985,17.3863]
      ]
    }
  },
  {
    "node": {
      "name": "britain_tent_2_rendinst",
      "tm": [
        [-0.939693,0.0,0.34202],
        [0.0,1.0,0.0],
        [-0.34202,0.0,-0.939693],
        [650.263,-0.108985,20.4997]
      ]
    }
  },
  {
    "node": {
      "name": "britain_army_tent_rendinst",
      "tm": [
        [0.173648,0.0,0.984808],
        [0.0,1.0,0.0],
        [-0.984808,0.0,0.173648],
        [502.878,-0.108985,-1.52324]
      ]
    }
  },
  {
    "node": {
      "name": "britain_army_tent_rendinst",
      "tm": [
        [0.54567,-2.65635e-07,0.838],
        [1.44949e-07,1.0,2.22602e-07],
        [-0.838,0.0,0.54567],
        [626.901,-0.108985,26.1619]
      ]
    }
  },
  {
    "node": {
      "name": "britain_big_army_tent_rendinst",
      "tm": [
        [-0.835748,0.0,0.549113],
        [0.0,1.0,0.0],
        [-0.549113,0.0,-0.835748],
        [637.375,-0.108985,41.8622]
      ]
    }
  },
  {
    "node": {
      "name": "britain_tent_1_rendinst",
      "tm": [
        [-0.819152,-5.16191e-08,0.573576],
        [7.8329e-09,1.0,1.01182e-07],
        [-0.573576,8.7376e-08,-0.819152],
        [512.725,-0.108985,0.762239]
      ]
    }
  },
  {
    "node": {
      "name": "britain_tent_1_rendinst",
      "tm": [
        [-0.600832,0.0,0.799376],
        [0.0,1.0,0.0],
        [-0.799376,0.0,-0.600832],
        [637.354,-0.108985,63.3091]
      ]
    }
  },
  {
    "node": {
      "name": "britain_tent_2_rendinst",
      "tm": [
        [0.984808,0.0,0.173648],
        [0.0,1.0,0.0],
        [-0.173648,0.0,0.984808],
        [522.85,-0.108985,-1.44809]
      ]
    }
  },
  {
    "node": {
      "name": "britain_army_tent_rendinst",
      "tm": [
        [0.258819,0.0,0.965926],
        [0.0,1.0,0.0],
        [-0.965926,0.0,0.258819],
        [664.402,-0.108985,16.6477]
      ]
    }
  },
  {
    "node": {
      "name": "britain_tent_1_rendinst",
      "tm": [
        [0.682897,0.0,0.730515],
        [0.0,1.0,0.0],
        [-0.730515,0.0,0.682897],
        [641.339,-0.108985,77.7603]
      ]
    }
  },
  {
    "node": {
      "name": "britain_tent_1_rendinst",
      "tm": [
        [-0.950676,0.0,0.310187],
        [0.0,1.0,0.0],
        [-0.310187,0.0,-0.950676],
        [615.709,-0.108985,32.4903]
      ]
    }
  },
  {
    "node": {
      "name": "britain_tent_2_rendinst",
      "tm": [
        [-0.950676,0.0,0.310187],
        [0.0,1.0,0.0],
        [-0.310187,0.0,-0.950676],
        [621.083,-0.108985,59.1319]
      ]
    }
  },
  {
    "node": {
      "name": "britain_tent_1_rendinst",
      "tm": [
        [0.0535645,-3.73189e-07,0.998564],
        [8.18791e-08,1.0,3.69333e-07],
        [-0.998564,6.19785e-08,0.0535645],
        [607.323,-0.108985,41.9128]
      ]
    }
  },
  {
    "node": {
      "name": "britain_tent_1_rendinst",
      "tm": [
        [0.799375,0.0,0.600832],
        [0.0,1.0,0.0],
        [-0.600832,0.0,0.799375],
        [613.098,-0.108985,51.456]
      ]
    }
  },
  {
    "node": {
      "name": "britain_tent_1_rendinst",
      "tm": [
        [0.422618,0.0,0.906308],
        [0.0,1.0,0.0],
        [-0.906308,0.0,0.422618],
        [528.329,-0.108985,8.09232]
      ]
    }
  },
  {
    "node": {
      "name": "britain_army_tent_rendinst",
      "tm": [
        [0.787253,0.0,-0.61663],
        [-1.82955e-08,1.0,-2.33579e-08],
        [0.61663,2.96701e-08,0.787253],
        [561.4,-0.108985,-17.7441]
      ]
    }
  },
  {
    "node": {
      "name": "britain_army_tent_rendinst",
      "tm": [
        [-0.373466,-7.80076e-08,0.927644],
        [2.04698e-08,1.0,9.23333e-08],
        [-0.927644,5.3472e-08,-0.373466],
        [629.444,-0.108985,70.7632]
      ]
    }
  },
  {
    "node": {
      "name": "britain_big_army_tent_rendinst",
      "tm": [
        [-0.685896,0.0,-0.727699],
        [0.0,1.0,0.0],
        [0.727699,0.0,-0.685896],
        [559.289,-0.108985,4.76612]
      ]
    }
  },
  {
    "node": {
      "name": "britain_army_tent_rendinst",
      "tm": [
        [0.0535638,-1.0707e-09,0.998564],
        [1.07438e-07,1.0,-4.6908e-09],
        [-0.998564,1.07535e-07,0.0535638],
        [-518.752,-0.108985,-226.947]
      ]
    }
  },
  {
    "node": {
      "name": "britain_tent_2_rendinst",
      "tm": [
        [-0.668216,0.0,0.743967],
        [0.0,1.0,0.0],
        [-0.743967,0.0,-0.668216],
        [-554.107,-0.108985,-198.689]
      ]
    }
  },
  {
    "node": {
      "name": "britain_tent_1_rendinst",
      "tm": [
        [0.391863,0.0,0.920024],
        [0.0,1.0,0.0],
        [-0.920024,0.0,0.391863],
        [-562.02,-0.108985,-207.655]
      ]
    }
  },
  {
    "node": {
      "name": "britain_big_army_tent_rendinst",
      "tm": [
        [-0.998336,0.0,0.057671],
        [0.0,1.0,0.0],
        [-0.057671,0.0,-0.998336],
        [-535.913,-0.108985,-213.023]
      ]
    }
  },
  {
    "node": {
      "name": "britain_tent_1_rendinst",
      "tm": [
        [-0.730514,0.0,0.682898],
        [0.0,1.0,0.0],
        [-0.682898,0.0,-0.730514],
        [-558.435,-0.108985,-231.796]
      ]
    }
  },
  {
    "node": {
      "name": "britain_tent_1_rendinst",
      "tm": [
        [-0.999433,-1.08897e-07,-0.0336698],
        [-1.08836e-07,1.0,-3.6665e-09],
        [0.0336698,0.0,-0.999433],
        [-545.643,-0.108985,-235.616]
      ]
    }
  },
  {
    "node": {
      "name": "britain_tent_1_rendinst",
      "tm": [
        [-0.920023,0.0,0.391864],
        [0.0,1.0,0.0],
        [-0.391864,0.0,-0.920023],
        [-529.532,-0.108985,-193.742]
      ]
    }
  },
  {
    "node": {
      "name": "britain_tent_2_rendinst",
      "tm": [
        [-0.978402,0.0,-0.206709],
        [0.0,1.0,0.0],
        [0.206709,0.0,-0.978402],
        [-562.539,-0.108985,-220.796]
      ]
    }
  },
  {
    "node": {
      "name": "britain_army_tent_rendinst",
      "tm": [
        [-0.391863,-6.54125e-08,-0.920024],
        [-4.3951e-08,1.0,-5.23788e-08],
        [0.920024,1.99107e-08,-0.391863],
        [-542.035,-0.108985,-193.478]
      ]
    }
  },
  {
    "node": {
      "name": "britain_tent_2_rendinst",
      "tm": [
        [0.61663,0.0,0.787253],
        [0.0,1.0,0.0],
        [-0.787253,0.0,0.61663],
        [-520.171,-0.108985,-196.942]
      ]
    }
  },
  {
    "node": {
      "name": "britain_tent_1_rendinst",
      "tm": [
        [-0.978403,0.0,-0.206708],
        [0.0,1.0,0.0],
        [0.206708,0.0,-0.978403],
        [-530.575,-0.108985,-234.212]
      ]
    }
  },
  {
    "node": {
      "name": "britain_tent_1_rendinst",
      "tm": [
        [-0.707107,0.0,0.707107],
        [0.0,1.0,0.0],
        [-0.707107,0.0,-0.707107],
        [-511.561,-0.108985,-199.747]
      ]
    }
  },
  {
    "node": {
      "name": "britain_tent_2_rendinst",
      "tm": [
        [-0.866025,0.0,0.5],
        [8.2762e-09,1.0,1.43347e-08],
        [-0.5,1.65523e-08,-0.866025],
        [-501.555,-0.108985,-210.76]
      ]
    }
  },
  {
    "node": {
      "name": "britain_tent_1_rendinst",
      "tm": [
        [0.361234,-1.66067e-08,0.932475],
        [1.0748e-07,1.0,-2.38277e-08],
        [-0.932475,1.0883e-07,0.361234],
        [-508.273,-0.108985,-219.4]
      ]
    }
  },
  {
    "node": {
      "name": "britain_tent_2_rendinst",
      "tm": [
        [-0.373466,0.0,0.927644],
        [0.0,1.0,0.0],
        [-0.927644,0.0,-0.373466],
        [-553.534,-0.108985,-184.011]
      ]
    }
  },
  {
    "node": {
      "name": "britain_tent_2_rendinst",
      "tm": [
        [0.819152,0.0,0.573576],
        [9.494e-09,1.0,-1.35588e-08],
        [-0.573576,1.65523e-08,0.819152],
        [-495.294,-0.108985,-197.758]
      ]
    }
  },
  {
    "node": {
      "name": "britain_army_tent_rendinst",
      "tm": [
        [0.0535638,-1.0707e-09,0.998564],
        [1.07438e-07,1.0,-4.6908e-09],
        [-0.998564,1.07535e-07,0.0535638],
        [-539.515,-0.108985,-247.537]
      ]
    }
  },
  {
    "node": {
      "name": "britain_tent_1_rendinst",
      "tm": [
        [-0.920023,0.0,0.391864],
        [0.0,1.0,0.0],
        [-0.391864,0.0,-0.920023],
        [-554.854,-0.108985,-243.733]
      ]
    }
  },
  {
    "node": {
      "name": "barrels_rendinst",
      "tm": [
        [-0.0812426,0.0,-0.996694],
        [0.0,1.0,0.0],
        [0.996694,0.0,-0.0812426],
        [-207.66,-0.108985,-379.924]
      ]
    }
  },
  {
    "node": {
      "name": "barrels_rendinst",
      "tm": [
        [-0.0812426,0.0,-0.996694],
        [0.0,1.0,0.0],
        [0.996694,0.0,-0.0812426],
        [-283.328,-0.108985,-370.495]
      ]
    }
  },
  {
    "node": {
      "name": "barrels_rendinst",
      "tm": [
        [-0.0812426,0.0,-0.996694],
        [0.0,1.0,0.0],
        [0.996694,0.0,-0.0812426],
        [-349.646,-0.108985,-364.358]
      ]
    }
  },
  {
    "node": {
      "name": "barrels_rendinst",
      "tm": [
        [-0.0812426,0.0,-0.996694],
        [0.0,1.0,0.0],
        [0.996694,0.0,-0.0812426],
        [-413.187,-0.108985,-358.209]
      ]
    }
  },
  {
    "node": {
      "name": "barrels_rendinst",
      "tm": [
        [-0.0812426,0.0,-0.996694],
        [0.0,1.0,0.0],
        [0.996694,0.0,-0.0812426],
        [-476.163,-0.108985,-351.125]
      ]
    }
  },
  {
    "node": {
      "name": "boxes_rendinst",
      "tm": [
        [-0.0871558,0.0,-0.996195],
        [0.0,1.0,0.0],
        [0.996195,0.0,-0.0871558],
        [-343.139,-0.108985,-364.403]
      ]
    }
  },
  {
    "node": {
      "name": "boxes_rendinst",
      "tm": [
        [-0.0871558,0.0,-0.996195],
        [0.0,1.0,0.0],
        [0.996195,0.0,-0.0871558],
        [-419.688,-0.108985,-357.937]
      ]
    }
  },
  {
    "node": {
      "name": "boxes_rendinst",
      "tm": [
        [-0.965926,0.0,-0.258819],
        [0.0,1.0,0.0],
        [0.258819,0.0,-0.965926],
        [-262.687,-0.108985,-382.168]
      ]
    }
  },
  {
    "node": {
      "name": "britain_windvane_rendinst",
      "tm": [
        [-0.709277,0.0,-0.70493],
        [-7.29991e-08,1.0,7.34492e-08],
        [0.70493,1.03555e-07,-0.709277],
        [571.865,-0.108985,-6.42303]
      ]
    }
  },
  {
    "node": {
      "name": "britain_windvane_rendinst",
      "tm": [
        [-0.709277,0.0,-0.70493],
        [-7.29991e-08,1.0,7.34492e-08],
        [0.70493,1.03555e-07,-0.709277],
        [-521.773,-0.108985,-244.182]
      ]
    }
  },
  {
    "node": {
      "name": "britain_tent_1_rendinst",
      "tm": [
        [-0.790448,0.0,-0.612529],
        [0.0,1.0,0.0],
        [0.612529,0.0,-0.790448],
        [-362.989,-0.108985,57.6995]
      ]
    }
  },
  {
    "node": {
      "name": "britain_tent_2_rendinst",
      "tm": [
        [0.387075,4.76837e-07,-0.922048],
        [-2.54839e-07,1.0,4.10169e-07],
        [0.922048,7.62083e-08,0.387075],
        [-366.838,-0.108985,48.0203]
      ]
    }
  },
  {
    "node": {
      "name": "britain_army_tent_rendinst",
      "tm": [
        [-0.990813,0.0,-0.135241],
        [0.0,1.0,0.0],
        [0.135241,0.0,-0.990813],
        [-358.078,-0.108985,64.522]
      ]
    }
  },
  {
    "node": {
      "name": "britain_tent_1_rendinst",
      "tm": [
        [-0.740483,0.0,0.672075],
        [0.0,1.0,0.0],
        [-0.672075,0.0,-0.740483],
        [-373.843,-0.108985,60.8294]
      ]
    }
  },
  {
    "node": {
      "name": "britain_army_tent_rendinst",
      "tm": [
        [-0.983892,-2.03031e-07,0.178766],
        [-1.59001e-07,1.0,2.60626e-07],
        [-0.178766,2.28003e-07,-0.983892],
        [-355.332,-0.108985,46.8849]
      ]
    }
  },
  {
    "node": {
      "name": "britain_dot_rendinst",
      "tm": [
        [0.422618,0.0,0.906308],
        [0.0,1.0,0.0],
        [-0.906308,0.0,0.422618],
        [229.937,-0.227427,-355.86]
      ]
    }
  },
  {
    "node": {
      "name": "britain_weapon_empl_rendinst",
      "tm": [
        [0.422618,0.0,0.906308],
        [0.0,1.0,0.0],
        [-0.906308,0.0,0.422618],
        [-875.763,-0.11263,-314.001]
      ]
    }
  },
  {
    "node": {
      "name": "britain_weapon_empl_rendinst",
      "tm": [
        [0.0871558,0.0,0.996195],
        [0.0,1.0,0.0],
        [-0.996195,0.0,0.0871558],
        [62.4883,-0.11263,-363.132]
      ]
    }
  },
  {
    "node": {
      "name": "britain_dot_rendinst",
      "tm": [
        [-0.939693,0.0,-0.34202],
        [0.0,1.0,0.0],
        [0.34202,0.0,-0.939693],
        [233.161,-0.227427,290.794]
      ]
    }
  },
  {
    "node": {
      "name": "britain_dot_rendinst",
      "tm": [
        [0.996195,0.0,0.0871557],
        [0.0,1.0,0.0],
        [-0.0871557,0.0,0.996195],
        [299.776,-0.227427,-350.584]
      ]
    }
  },
  {
    "node": {
      "name": "britain_dot_rendinst",
      "tm": [
        [-0.0871556,0.0,0.996195],
        [0.0,1.0,0.0],
        [-0.996195,0.0,-0.0871556],
        [367.032,-0.227427,-341.737]
      ]
    }
  },
  {
    "node": {
      "name": "britain_dot_rendinst",
      "tm": [
        [0.996195,0.0,0.0871557],
        [0.0,1.0,0.0],
        [-0.0871557,0.0,0.996195],
        [445.34,-0.227427,-334.781]
      ]
    }
  },
  {
    "node": {
      "name": "britain_dot_rendinst",
      "tm": [
        [-0.0871556,0.0,0.996195],
        [0.0,1.0,0.0],
        [-0.996195,0.0,-0.0871556],
        [543.522,-0.227427,-330.358]
      ]
    }
  },
  {
    "node": {
      "name": "britain_dot_rendinst",
      "tm": [
        [0.996195,0.0,0.0871557],
        [0.0,1.0,0.0],
        [-0.0871557,0.0,0.996195],
        [629.038,-0.227427,-319.311]
      ]
    }
  },
  {
    "node": {
      "name": "britain_dot_rendinst",
      "tm": [
        [-0.0871556,0.0,0.996195],
        [0.0,1.0,0.0],
        [-0.996195,0.0,-0.0871556],
        [718.987,-0.227427,-310.144]
      ]
    }
  },
  {
    "node": {
      "name": "britain_dot_rendinst",
      "tm": [
        [0.642788,0.0,0.766044],
        [0.0,1.0,0.0],
        [-0.766044,0.0,0.642788],
        [-851.993,-0.227427,-319.696]
      ]
    }
  },
  {
    "node": {
      "name": "britain_dot_rendinst",
      "tm": [
        [0.996195,0.0,0.0871557],
        [0.0,1.0,0.0],
        [-0.0871557,0.0,0.996195],
        [-884.597,-0.227427,-298.087]
      ]
    }
  },
  {
    "node": {
      "name": "boxes_rendinst",
      "tm": [
        [0.943888,0.0,-0.330265],
        [0.0,1.0,0.0],
        [0.330265,0.0,0.943888],
        [405.117,-0.108985,-201.271]
      ]
    }
  },
  {
    "node": {
      "name": "britain_tent_1_rendinst",
      "tm": [
        [0.996195,0.0,0.0871558],
        [0.0,1.0,0.0],
        [-0.0871558,0.0,0.996195],
        [465.977,-0.108985,-173.0]
      ]
    }
  },
  {
    "node": {
      "name": "britain_army_tent_rendinst",
      "tm": [
        [0.978403,-2.65635e-07,0.206708],
        [2.59898e-07,1.0,5.49089e-08],
        [-0.206708,0.0,0.978403],
        [393.221,-0.108985,-191.983]
      ]
    }
  },
  {
    "node": {
      "name": "britain_tent_1_rendinst",
      "tm": [
        [0.939693,0.0,0.34202],
        [0.0,1.0,0.0],
        [-0.34202,0.0,0.939693],
        [393.023,-0.108985,-204.196]
      ]
    }
  },
  {
    "node": {
      "name": "britain_tent_1_rendinst",
      "tm": [
        [0.990096,0.0,-0.140391],
        [0.0,1.0,0.0],
        [0.140391,0.0,0.990096],
        [401.346,-0.108985,-164.337]
      ]
    }
  },
  {
    "node": {
      "name": "britain_big_army_tent_rendinst",
      "tm": [
        [-0.202681,0.0,0.979245],
        [0.0,1.0,0.0],
        [-0.979245,0.0,-0.202681],
        [411.729,-0.108985,-188.288]
      ]
    }
  },
  {
    "node": {
      "name": "britain_tent_1_rendinst",
      "tm": [
        [0.743968,-3.73189e-07,0.668216],
        [3.19055e-07,1.0,2.03261e-07],
        [-0.668216,6.19785e-08,0.743968],
        [390.515,-0.108985,-167.002]
      ]
    }
  },
  {
    "node": {
      "name": "britain_tent_1_rendinst",
      "tm": [
        [-0.452894,0.0,0.891565],
        [0.0,1.0,0.0],
        [-0.891565,0.0,-0.452894],
        [451.429,-0.108985,-175.099]
      ]
    }
  },
  {
    "node": {
      "name": "britain_tent_2_rendinst",
      "tm": [
        [-0.452894,0.0,0.891565],
        [0.0,1.0,0.0],
        [-0.891565,0.0,-0.452894],
        [412.421,-0.108985,-164.556]
      ]
    }
  },
  {
    "node": {
      "name": "britain_army_tent_rendinst",
      "tm": [
        [-0.206709,-7.80076e-08,0.978402],
        [3.61923e-08,1.0,8.7376e-08],
        [-0.978402,5.3472e-08,-0.206709],
        [444.933,-0.108985,-166.384]
      ]
    }
  },
  {
    "node": {
      "name": "britain_tent_1_rendinst",
      "tm": [
        [-0.452894,0.0,0.891565],
        [0.0,1.0,0.0],
        [-0.891565,0.0,-0.452894],
        [389.782,-0.108985,-179.594]
      ]
    }
  },
  {
    "node": {
      "name": "britain_tent_2_rendinst",
      "tm": [
        [-0.422618,0.0,0.906308],
        [0.0,1.0,0.0],
        [-0.906308,0.0,-0.422618],
        [405.736,-0.108985,-212.506]
      ]
    }
  },
  {
    "node": {
      "name": "britain_big_army_tent_rendinst",
      "tm": [
        [0.996195,0.0,-0.0871552],
        [0.0,1.0,0.0],
        [0.0871552,0.0,0.996195],
        [478.293,-0.108985,-195.598]
      ]
    }
  },
  {
    "node": {
      "name": "britain_army_tent_rendinst",
      "tm": [
        [0.422618,0.0,0.906308],
        [0.0,1.0,0.0],
        [-0.906308,0.0,0.422618],
        [434.948,-0.108985,-234.831]
      ]
    }
  },
  {
    "node": {
      "name": "britain_tent_1_rendinst",
      "tm": [
        [-0.984808,-1.2595e-07,0.173648],
        [-4.38691e-08,1.0,4.76524e-07],
        [-0.173648,4.61666e-07,-0.984808],
        [445.055,-0.108985,-225.682]
      ]
    }
  },
  {
    "node": {
      "name": "britain_army_tent_rendinst",
      "tm": [
        [-0.5,0.0,0.866025],
        [0.0,1.0,0.0],
        [-0.866025,0.0,-0.5],
        [465.25,-0.108985,-215.143]
      ]
    }
  },
  {
    "node": {
      "name": "britain_army_tent_rendinst",
      "tm": [
        [0.422618,0.0,0.906308],
        [0.0,1.0,0.0],
        [-0.906308,0.0,0.422618],
        [455.415,-0.108985,-220.544]
      ]
    }
  },
  {
    "node": {
      "name": "britain_tent_2_rendinst",
      "tm": [
        [-0.0336701,0.0,0.999433],
        [0.0,1.0,0.0],
        [-0.999433,0.0,-0.0336701],
        [415.694,-0.108985,-138.078]
      ]
    }
  },
  {
    "node": {
      "name": "britain_tent_1_rendinst",
      "tm": [
        [1.0,0.0,-4.17233e-07],
        [0.0,1.0,0.0],
        [4.17233e-07,0.0,1.0],
        [483.483,-0.108985,-178.906]
      ]
    }
  },
  {
    "node": {
      "name": "stalingrad_radio_camouflage_rendinst",
      "tm": [
        [0.819152,0.0,-0.573576],
        [0.0,1.0,0.0],
        [0.573576,0.0,0.819152],
        [470.443,-0.108985,-162.371]
      ]
    }
  },
  {
    "node": {
      "name": "britain_tent_1_rendinst",
      "tm": [
        [0.799375,0.0,0.600832],
        [0.0,1.0,0.0],
        [-0.600832,0.0,0.799375],
        [456.924,-0.108985,-159.146]
      ]
    }
  },
  {
    "node": {
      "name": "britain_army_tent_rendinst",
      "tm": [
        [0.965926,0.0,0.258819],
        [0.0,1.0,0.0],
        [-0.258819,0.0,0.965926],
        [481.095,-0.108985,-168.036]
      ]
