[
  {
    "className": "composit"
  },
  {
    "size": [1024.0,256.0]
  },
  {
    "airfield": [
      {
        "start": [1059.0,0.0,0.0]
      },
      {
        "end": [-1024.0,0.0,0.0]
      },
      {
        "width": 210.0
      },
      {
        "spawn": [865.0,0.0,-6.0]
      },
      {
        "spawn": [878.0,0.0,6.0]
      },
      {
        "spawn": [889.0,0.0,-6.0]
      },
      {
        "spawn": [902.0,0.0,6.0]
      },
      {
        "spawn": [913.0,0.0,-6.0]
      },
      {
        "spawn": [926.0,0.0,6.0]
      },
      {
        "spawn": [938.0,0.0,-6.0]
      },
      {
        "spawn": [951.0,0.0,6.0]
      },
      {
        "spawn": [962.0,0.0,-6.0]
      },
      {
        "spawn": [975.0,0.0,6.0]
      },
      {
        "spawn": [987.0,0.0,-6.0]
      },
      {
        "spawn": [1000.0,0.0,6.0]
      },
      {
        "spawn": [1011.0,0.0,-6.0]
      },
      {
        "spawn": [1023.0,0.0,6.0]
      },
      {
        "spawn": [1035.0,0.0,-6.0]
      },
      {
        "spawn": [1048.0,0.0,6.0]
      },
      {
        "repairTags": {
          "type_attack_helicopter": false,
          "type_utility_helicopter": false
        }
      }
    ]
  },
  {
    "node": {
      "name": "^^dynaf_khalkhin_gol_2line_2k_mesh",
      "tm": [
        [1.0,0.0,0.0],
        [0.0,1.0,0.0],
        [0.0,0.0,1.0],
        [0.0,3.0,-2.12579e-06]
      ]
    }
  },
  {
    "node": {
      "name": "+NoTreesBox001",
      "tm": [
        [2000.0,0.0,0.0],
        [0.0,15.0,0.0],
        [0.0,0.0,600.0],
        [0.0,0.0,-240.0]
      ]
    }
  },
  {
    "node": {
      "name": "us_mbase_aircraft_tent",
      "tm": [
        [0.915036,0.0,0.0],
        [0.0,0.526073,0.0],
        [0.0,0.0,0.917446],
        [1151.44,-8.58307e-06,-565.357]
      ]
    }
  },
  {
    "node": {
      "name": "us_mbase_aircraft_tent",
      "tm": [
        [0.911554,0.0,-0.0797507],
        [0.0,0.526073,0.0],
        [0.0799607,0.0,0.913955],
        [1150.5,-8.58307e-06,-585.962]
      ]
    }
  },
  {
    "node": {
      "name": "us_mbase_aircraft_tent",
      "tm": [
        [0.883857,0.0,0.236829],
        [0.0,0.526073,0.0],
        [-0.237452,0.0,0.886185],
        [1154.67,-8.58307e-06,-603.668]
      ]
    }
  },
  {
    "node": {
      "name": "us_mbase_aircraft_tent",
      "tm": [
        [6.90833e-08,0.0,-0.915036],
        [0.0,0.526073,0.0],
        [0.917446,0.0,6.92652e-08],
        [1088.48,-8.58307e-06,-627.094]
      ]
    }
  },
  {
    "node": {
      "name": "us_mbase_aircraft_tent",
      "tm": [
        [-0.859853,0.0,-0.312961],
        [0.0,0.526073,0.0],
        [0.313785,0.0,-0.862117],
        [1059.13,-8.58307e-06,-626.161]
      ]
    }
  },
  {
    "node": {
      "name": "us_mbase_aircraft_tent",
      "tm": [
        [-0.859853,0.0,-0.312961],
        [0.0,0.526073,0.0],
        [0.313785,0.0,-0.862117],
        [1054.18,-8.58307e-06,-609.601]
      ]
    }
  },
  {
    "node": {
      "name": "us_mbase_aircraft_tent",
      "tm": [
        [-0.915036,0.0,-1.38167e-07],
        [0.0,0.526073,0.0],
        [1.3853e-07,0.0,-0.917446],
        [1049.86,-8.58307e-06,-586.371]
      ]
    }
  },
  {
    "node": {
      "name": "usa_tent_5",
      "tm": [
        [-4.37114e-08,0.0,1.0],
        [0.0,1.0,0.0],
        [-1.0,0.0,-4.37114e-08],
        [1123.29,0.0,-608.164]
      ]
    }
  },
  {
    "node": {
      "name": "britain_observ_post_2_rendinst",
      "tm": [
        [-5.34383e-08,0.0,1.22253],
        [0.0,1.22253,0.0],
        [-1.22253,0.0,-5.34383e-08],
        [936.849,0.0,-608.478]
      ]
    }
  },
  {
    "node": {
      "name": "tr_village_18",
      "tm": [
        [-4.37114e-08,0.0,1.0],
        [0.0,1.0,0.0],
        [-1.0,0.0,-4.37114e-08],
        [599.916,0.0,-636.362]
      ]
    }
  },
  {
    "node": {
      "name": "tr_village_17",
      "tm": [
        [0.422618,0.0,-0.906308],
        [0.0,1.0,0.0],
        [0.906308,0.0,0.422618],
        [608.629,0.0,-619.775]
      ]
    }
  },
  {
    "node": {
      "name": "tr_village_16",
      "tm": [
        [-4.37114e-08,0.0,1.0],
        [0.0,1.0,0.0],
        [-1.0,0.0,-4.37114e-08],
        [592.971,0.0,-616.226]
      ]
    }
  },
  {
    "node": {
      "name": "usa_tent_3",
      "tm": [
        [-0.766044,0.0,0.642788],
        [0.0,1.0,0.0],
        [-0.642788,0.0,-0.766044],
        [1036.78,0.0,-565.894]
      ]
    }
  },
  {
    "node": {
      "name": "tr_village_18",
      "tm": [
        [-4.37114e-08,0.0,1.0],
        [0.0,1.0,0.0],
        [-1.0,0.0,-4.37114e-08],
        [621.134,0.0,-635.237]
      ]
    }
  },
  {
    "node": {
      "name": "tr_village_16",
      "tm": [
        [0.939693,0.0,0.34202],
        [0.0,1.0,0.0],
        [-0.34202,0.0,0.939693],
        [543.945,0.0,-582.203]
      ]
    }
  },
  {
    "node": {
      "name": "tr_village_17",
      "tm": [
        [-0.996195,0.0,-0.0871559],
        [0.0,1.0,0.0],
        [0.0871559,0.0,-0.996195],
        [511.176,0.0,-642.948]
      ]
    }
  },
  {
    "node": {
      "name": "tr_village_17",
      "tm": [
        [0.866025,0.0,0.5],
        [0.0,1.0,0.0],
        [-0.5,0.0,0.866025],
        [305.965,0.0,-670.658]
      ]
    }
  },
  {
    "node": {
      "name": "tr_village_16",
      "tm": [
        [-0.965926,0.0,-0.258819],
        [0.0,1.0,0.0],
        [0.258819,0.0,-0.965926],
        [337.044,0.0,-731.647]
      ]
    }
  },
  {
    "node": {
      "name": "tr_village_18",
      "tm": [
        [-4.37114e-08,0.0,1.0],
        [0.0,1.0,0.0],
        [-1.0,0.0,-4.37114e-08],
        [317.907,0.0,-732.485]
      ]
    }
  },
  {
    "node": {
      "name": "tr_village_16",
      "tm": [
        [0.258819,0.0,0.965926],
        [0.0,1.0,0.0],
        [-0.965926,0.0,0.258819],
        [323.258,0.0,-737.144]
      ]
    }
  },
  {
    "node": {
      "name": "tr_village_18",
      "tm": [
        [-0.965926,0.0,0.258819],
        [0.0,1.0,0.0],
        [-0.258819,0.0,-0.965926],
        [380.585,0.0,-735.988]
      ]
    }
  },
  {
    "node": {
      "name": "tr_village_18",
      "tm": [
        [-0.965926,0.0,0.258819],
        [0.0,1.0,0.0],
        [-0.258819,0.0,-0.965926],
        [187.52,0.0,-747.517]
      ]
    }
  },
  {
    "node": {
      "name": "tr_village_18",
      "tm": [
        [-0.573577,0.0,-0.819152],
        [0.0,1.0,0.0],
        [0.819152,0.0,-0.573577],
        [191.408,0.0,-758.248]
      ]
    }
  },
  {
    "node": {
      "name": "tr_village_18",
      "tm": [
        [-0.573577,0.0,-0.819152],
        [0.0,1.0,0.0],
        [0.819152,0.0,-0.573577],
        [299.767,0.0,-648.287]
      ]
    }
  },
  {
    "node": {
      "name": "tr_village_18",
      "tm": [
        [-0.573577,0.0,-0.819152],
        [0.0,1.0,0.0],
        [0.819152,0.0,-0.573577],
        [-164.259,0.0,-579.723]
      ]
    }
  },
  {
    "node": {
      "name": "tr_village_18",
      "tm": [
        [-0.573577,0.0,-0.819152],
        [0.0,1.0,0.0],
        [0.819152,0.0,-0.573577],
        [-465.515,0.0,-625.727]
      ]
    }
  },
  {
    "node": {
      "name": "tr_village_18",
      "tm": [
        [-0.173649,0.0,-0.984808],
        [0.0,1.0,0.0],
        [0.984808,0.0,-0.173649],
        [-550.871,0.0,-648.67]
      ]
    }
  },
  {
    "node": {
      "name": "tr_village_18",
      "tm": [
        [-0.965926,0.0,0.258819],
        [0.0,1.0,0.0],
        [-0.258819,0.0,-0.965926],
        [988.009,0.0,-755.058]
      ]
    }
  },
  {
    "node": {
      "name": "tr_village_18",
      "tm": [
        [-0.965926,0.0,0.258819],
        [0.0,1.0,0.0],
        [-0.258819,0.0,-0.965926],
        [1223.21,0.0,-740.399]
      ]
    }
  },
  {
    "node": {
      "name": "tr_village_18",
      "tm": [
        [-0.965926,0.0,0.258819],
        [0.0,1.0,0.0],
        [-0.258819,0.0,-0.965926],
        [1245.89,0.0,-605.928]
      ]
    }
  },
  {
    "node": {
      "name": "us_mbase_aircraft_tent",
      "tm": [
        [6.90833e-08,0.0,-0.915036],
        [0.0,0.526073,0.0],
        [0.917446,0.0,6.92652e-08],
        [1086.62,-8.58307e-06,-694.776]
      ]
    }
  },
  {
    "node": {
      "name": "us_mbase_aircraft_tent",
      "tm": [
        [6.90833e-08,0.0,-0.915036],
        [0.0,0.526073,0.0],
        [0.917446,0.0,6.92652e-08],
        [1102.27,-8.58307e-06,-694.776]
      ]
    }
  },
  {
    "node": {
      "name": "us_mbase_aircraft_tent",
      "tm": [
        [6.90833e-08,0.0,-0.915036],
        [0.0,0.526073,0.0],
        [0.917446,0.0,6.92652e-08],
        [1168.58,-8.58307e-06,-693.712]
      ]
    }
  },
  {
    "node": {
      "name": "us_mbase_aircraft_tent",
      "tm": [
        [6.90833e-08,0.0,-0.915036],
        [0.0,0.526073,0.0],
        [0.917446,0.0,6.92652e-08],
        [1152.92,-8.58307e-06,-693.712]
      ]
    }
  },
  {
    "node": {
      "name": "usa_tent_5",
      "tm": [
        [-0.422618,0.0,0.906308],
        [0.0,1.0,0.0],
        [-0.906308,0.0,-0.422618],
        [1246.01,0.0,-595.344]
      ]
    }
  },
  {
    "node": {
      "name": "usa_tent_5",
      "tm": [
        [-1.62921e-07,0.0,1.0],
        [0.0,1.0,0.0],
        [-1.0,0.0,-1.62921e-07],
        [1367.1,0.0,-659.665]
      ]
    }
  },
  {
    "node": {
      "name": "usa_tent_5",
      "tm": [
        [-1.62921e-07,0.0,1.0],
        [0.0,1.0,0.0],
        [-1.0,0.0,-1.62921e-07],
        [1355.72,0.0,-659.665]
      ]
    }
  },
  {
    "node": {
      "name": "usa_tent_5",
      "tm": [
        [-1.62921e-07,0.0,1.0],
        [0.0,1.0,0.0],
        [-1.0,0.0,-1.62921e-07],
        [1207.92,0.0,-689.331]
      ]
    }
  },
  {
    "node": {
      "name": "usa_tent_5",
      "tm": [
        [-0.0871559,0.0,0.996195],
        [0.0,1.0,0.0],
        [-0.996195,0.0,-0.0871559],
        [1365.18,0.0,-730.892]
      ]
    }
  },
  {
    "node": {
      "name": "usa_tent_5",
      "tm": [
        [0.5,0.0,0.866026],
        [0.0,1.0,0.0],
        [-0.866026,0.0,0.5],
        [299.102,0.0,-711.375]
      ]
    }
  },
  {
    "node": {
      "name": "barrels_rendinst",
      "tm": [
        [-4.37114e-08,0.0,1.0],
        [0.0,1.0,0.0],
        [-1.0,0.0,-4.37114e-08],
        [1111.97,0.0,-698.592]
      ]
    }
  },
  {
    "node": {
      "name": "barrels_rendinst",
      "tm": [
        [-0.573576,0.0,0.819152],
        [0.0,1.0,0.0],
        [-0.819152,0.0,-0.573576],
        [1156.91,0.0,-706.882]
      ]
    }
  },
  {
    "node": {
      "name": "barrels_rendinst",
      "tm": [
        [0.766044,0.0,0.642788],
        [0.0,1.0,0.0],
        [-0.642788,0.0,0.766044],
        [1166.21,0.0,-709.995]
      ]
    }
  },
  {
    "node": {
      "name": "barrels_rendinst",
      "tm": [
        [0.766044,0.0,0.642788],
        [0.0,1.0,0.0],
        [-0.642788,0.0,0.766044],
        [1175.82,0.0,-705.972]
      ]
    }
  },
  {
    "node": {
      "name": "barrels_rendinst",
      "tm": [
        [0.965926,0.0,0.258819],
        [0.0,1.0,0.0],
        [-0.258819,0.0,0.965926],
        [1162.45,0.0,-592.999]
      ]
    }
  },
  {
    "node": {
      "name": "barrels_rendinst",
      "tm": [
        [0.965926,0.0,0.258819],
        [0.0,1.0,0.0],
        [-0.258819,0.0,0.965926],
        [1040.05,0.0,-593.226]
      ]
    }
  },
  {
    "node": {
      "name": "usa_tent_3",
      "tm": [
        [0.996195,0.0,-0.0871556],
        [0.0,1.0,0.0],
        [0.0871556,0.0,0.996195],
        [337.692,0.0,-598.41]
      ]
    }
  },
  {
    "node": {
      "name": "usa_tent_3",
      "tm": [
        [0.642788,0.0,0.766044],
        [0.0,1.0,0.0],
        [-0.766044,0.0,0.642788],
        [213.54,0.0,-746.876]
      ]
    }
  },
  {
    "node": {
      "name": "usa_tent_3",
      "tm": [
        [0.173648,0.0,0.984808],
        [0.0,1.0,0.0],
        [-0.984808,0.0,0.173648],
        [-378.053,0.0,-715.13]
      ]
    }
  },
  {
    "node": {
      "name": "usa_tent_3",
      "tm": [
        [0.906308,0.0,0.422618],
        [0.0,1.0,0.0],
        [-0.422618,0.0,0.906308],
        [1207.9,0.0,-747.646]
      ]
    }
  },
  {
    "node": {
      "name": "britain_control_tower_1_rendinst",
      "tm": [
        [-0.5,0.0,0.866025],
        [0.0,1.0,0.0],
        [-0.866025,0.0,-0.5],
        [103.039,0.0,-507.851]
      ]
    }
  },
  {
    "node": {
      "name": "britain_control_tower_1_rendinst",
      "tm": [
        [-0.984808,0.0,0.173648],
        [0.0,1.0,0.0],
        [-0.173648,0.0,-0.984808],
        [192.119,0.0,-545.35]
      ]
    }
  },
  {
    "node": {
      "name": "britain_control_tower_1_rendinst",
      "tm": [
        [-0.766045,0.0,-0.642787],
        [0.0,1.0,0.0],
        [0.642787,0.0,-0.766045],
        [-352.739,0.0,-554.202]
      ]
    }
  },
  {
    "node": {
      "name": "britain_control_tower_1_rendinst",
      "tm": [
        [0.173648,0.0,-0.984808],
        [0.0,1.0,0.0],
        [0.984808,0.0,0.173648],
        [964.314,0.0,-567.349]
      ]
    }
  },
  {
    "node": {
      "name": "britain_control_tower_1_rendinst",
      "tm": [
        [-0.766044,0.0,-0.642788],
        [0.0,1.0,0.0],
        [0.642788,0.0,-0.766044],
        [928.989,0.0,-576.635]
      ]
    }
  },
  {
    "node": {
      "name": "britain_weapon_empl_rendinst",
      "tm": [
        [1.94707e-07,0.0,-1.0],
        [0.0,1.0,0.0],
        [1.0,0.0,1.94707e-07],
        [-366.969,0.0,-560.72]
      ]
    }
  },
  {
    "node": {
      "name": "britain_weapon_empl_rendinst",
      "tm": [
        [0.5,0.0,0.866026],
        [0.0,1.0,0.0],
        [-0.866026,0.0,0.5],
        [-550.114,0.0,-676.532]
      ]
    }
  },
  {
    "node": {
      "name": "britain_weapon_empl_rendinst",
      "tm": [
        [-1.62921e-07,0.0,1.0],
        [0.0,1.0,0.0],
        [-1.0,0.0,-1.62921e-07],
        [100.679,0.0,-704.599]
      ]
    }
  },
  {
    "node": {
      "name": "britain_weapon_empl_rendinst",
      "tm": [
        [3.13916e-07,0.0,-1.0],
        [0.0,1.0,0.0],
        [1.0,0.0,3.13916e-07],
        [87.5948,0.0,-527.013]
      ]
    }
  },
  {
    "node": {
      "name": "britain_weapon_empl_rendinst",
      "tm": [
        [0.0871556,0.0,0.996195],
        [0.0,1.0,0.0],
        [-0.996195,0.0,0.0871556],
        [703.274,0.0,-765.539]
      ]
    }
  },
  {
    "node": {
      "name": "britain_weapon_empl_rendinst",
      "tm": [
        [-0.984808,0.0,0.173648],
        [0.0,1.0,0.0],
        [-0.173648,0.0,-0.984808],
        [1505.24,0.0,-724.259]
      ]
    }
  },
  {
    "node": {
      "name": "britain_army_tent_rendinst",
      "tm": [
        [-4.37114e-08,0.0,1.0],
        [0.0,1.0,0.0],
        [-1.0,0.0,-4.37114e-08],
        [317.172,0.0,-641.943]
      ]
    }
  },
  {
    "node": {
      "name": "britain_big_army_tent_rendinst",
      "tm": [
        [-0.866025,0.0,0.5],
        [0.0,1.0,0.0],
        [-0.5,0.0,-0.866025],
        [227.323,0.0,-675.069]
      ]
    }
  },
  {
    "node": {
      "name": "britain_big_army_tent_rendinst",
      "tm": [
        [-0.939693,0.0,0.34202],
        [0.0,1.0,0.0],
        [-0.34202,0.0,-0.939693],
        [304.73,0.0,-642.87]
      ]
    }
  },
  {
    "node": {
      "name": "britain_army_tent_rendinst",
      "tm": [
        [-4.37114e-08,0.0,1.0],
        [0.0,1.0,0.0],
        [-1.0,0.0,-4.37114e-08],
        [314.759,0.0,-593.078]
      ]
    }
  },
  {
    "node": {
      "name": "britain_army_tent_rendinst",
      "tm": [
        [-4.37114e-08,0.0,1.0],
        [0.0,1.0,0.0],
        [-1.0,0.0,-4.37114e-08],
        [305.602,0.0,-601.038]
      ]
    }
  },
  {
    "node": {
      "name": "britain_big_army_tent_rendinst",
      "tm": [
        [-0.642788,0.0,-0.766045],
        [0.0,1.0,0.0],
        [0.766045,0.0,-0.642788],
        [440.431,0.0,-738.488]
      ]
    }
  },
  {
    "node": {
      "name": "britain_big_army_tent_rendinst",
      "tm": [
        [-0.642788,0.0,-0.766045],
        [0.0,1.0,0.0],
        [0.766045,0.0,-0.642788],
        [396.51,0.0,-742.821]
      ]
    }
  },
  {
    "node": {
      "name": "britain_big_army_tent_rendinst",
      "tm": [
        [-1.0,0.0,-3.25841e-07],
        [0.0,1.0,0.0],
        [3.25841e-07,0.0,-1.0],
        [1330.12,0.0,-711.126]
      ]
    }
  },
  {
    "node": {
      "name": "britain_big_army_tent_rendinst",
      "tm": [
        [-1.0,0.0,-3.25841e-07],
        [0.0,1.0,0.0],
        [3.25841e-07,0.0,-1.0],
        [1361.77,0.0,-711.126]
      ]
    }
  },
  {
    "node": {
      "name": "britain_big_army_tent_rendinst",
      "tm": [
        [-1.0,0.0,-3.25841e-07],
        [0.0,1.0,0.0],
        [3.25841e-07,0.0,-1.0],
        [1344.53,0.0,-697.264]
      ]
    }
  },
  {
    "node": {
      "name": "britain_big_army_tent_rendinst",
      "tm": [
        [-1.0,0.0,-3.25841e-07],
        [0.0,1.0,0.0],
        [3.25841e-07,0.0,-1.0],
        [1309.84,0.0,-698.394]
      ]
    }
  },
  {
    "node": {
      "name": "britain_big_army_tent_rendinst",
      "tm": [
        [-1.0,0.0,-3.25841e-07],
        [0.0,1.0,0.0],
        [3.25841e-07,0.0,-1.0],
        [1205.82,0.0,-708.106]
      ]
    }
  },
  {
    "node": {
      "name": "britain_big_army_tent_rendinst",
      "tm": [
        [-0.866026,0.0,0.5],
        [0.0,1.0,0.0],
        [-0.5,0.0,-0.866026],
        [-415.275,0.0,-717.735]
      ]
    }
  },
  {
    "node": {
      "name": "britain_army_tent_rendinst",
      "tm": [
        [-4.37114e-08,0.0,1.0],
        [0.0,1.0,0.0],
        [-1.0,0.0,-4.37114e-08],
        [-537.096,0.0,-648.428]
      ]
    }
  },
  {
    "node": {
      "name": "britain_army_tent_rendinst",
      "tm": [
        [-4.37114e-08,0.0,1.0],
        [0.0,1.0,0.0],
        [-1.0,0.0,-4.37114e-08],
        [-512.633,0.0,-654.016]
      ]
    }
  },
  {
    "node": {
      "name": "britain_army_tent_rendinst",
      "tm": [
        [-4.37114e-08,0.0,1.0],
        [0.0,1.0,0.0],
        [-1.0,0.0,-4.37114e-08],
        [-506.382,0.0,-646.316]
      ]
    }
  },
  {
    "node": {
      "name": "britain_army_tent_rendinst",
      "tm": [
        [-4.37114e-08,0.0,1.0],
        [0.0,1.0,0.0],
        [-1.0,0.0,-4.37114e-08],
        [-512.039,0.0,-642.817]
      ]
    }
  },
  {
    "node": {
      "name": "britain_army_tent_rendinst",
      "tm": [
        [-4.37114e-08,0.0,1.0],
        [0.0,1.0,0.0],
        [-1.0,0.0,-4.37114e-08],
        [-496.373,0.0,-641.01]
      ]
    }
  },
  {
    "node": {
      "name": "britain_army_tent_rendinst",
      "tm": [
        [-4.37114e-08,0.0,1.0],
        [0.0,1.0,0.0],
        [-1.0,0.0,-4.37114e-08],
        [-337.579,0.0,-708.799]
      ]
    }
  },
  {
    "node": {
      "name": "britain_army_tent_rendinst",
      "tm": [
        [-4.37114e-08,0.0,1.0],
        [0.0,1.0,0.0],
        [-1.0,0.0,-4.37114e-08],
        [-393.91,0.0,-737.421]
      ]
    }
  },
  {
    "node": {
      "name": "britain_army_tent_rendinst",
      "tm": [
        [-4.37114e-08,0.0,1.0],
        [0.0,1.0,0.0],
        [-1.0,0.0,-4.37114e-08],
        [143.261,0.0,-729.168]
      ]
    }
  },
  {
    "node": {
      "name": "britain_army_tent_rendinst",
      "tm": [
        [-4.37114e-08,0.0,1.0],
        [0.0,1.0,0.0],
        [-1.0,0.0,-4.37114e-08],
        [574.201,0.0,-647.306]
      ]
    }
  },
  {
    "node": {
      "name": "britain_army_tent_rendinst",
      "tm": [
        [-4.37114e-08,0.0,1.0],
        [0.0,1.0,0.0],
        [-1.0,0.0,-4.37114e-08],
        [580.179,0.0,-638.949]
      ]
    }
  },
  {
    "node": {
      "name": "britain_army_tent_rendinst",
      "tm": [
        [-4.37114e-08,0.0,1.0],
        [0.0,1.0,0.0],
        [-1.0,0.0,-4.37114e-08],
        [574.14,0.0,-630.395]
      ]
    }
  },
  {
    "node": {
      "name": "britain_army_tent_rendinst",
      "tm": [
        [-4.37114e-08,0.0,1.0],
        [0.0,1.0,0.0],
        [-1.0,0.0,-4.37114e-08],
        [567.049,0.0,-620.656]
      ]
    }
  },
  {
    "node": {
      "name": "britain_army_tent_rendinst",
      "tm": [
        [-4.37114e-08,0.0,1.0],
        [0.0,1.0,0.0],
        [-1.0,0.0,-4.37114e-08],
        [543.374,0.0,-630.2]
      ]
    }
  },
  {
    "node": {
      "name": "britain_army_tent_rendinst",
      "tm": [
        [-4.37114e-08,0.0,1.0],
        [0.0,1.0,0.0],
        [-1.0,0.0,-4.37114e-08],
        [547.521,0.0,-638.738]
      ]
    }
  },
  {
    "node": {
      "name": "us_mbase_aircraft_tent",
      "tm": [
        [1.08794,0.0,0.0951825],
        [0.0,0.627868,0.0],
        [-0.0954332,0.0,1.09081],
        [1340.72,-8.58307e-06,-596.175]
      ]
    }
  },
  {
    "node": {
      "name": "us_mbase_aircraft_tent",
      "tm": [
        [0.0951825,0.0,-1.08794],
        [0.0,0.627868,0.0],
        [1.09081,0.0,0.0954331],
        [1391.32,-8.58307e-06,-669.643]
      ]
    }
  },
  {
    "node": {
      "name": "us_mbase_aircraft_tent",
      "tm": [
        [-0.18964,0.0,-1.0755],
        [0.0,0.627868,0.0],
        [1.07834,0.0,-0.19014],
        [1412.2,-8.58307e-06,-669.019]
      ]
    }
  },
  {
    "node": {
      "name": "us_mbase_aircraft_tent",
      "tm": [
        [0.282655,0.0,-1.05488],
        [0.0,0.627868,0.0],
        [1.05766,0.0,0.2834],
        [218.448,-8.58307e-06,-722.385]
      ]
    }
  },
  {
    "node": {
      "name": "britain_observ_post_1_rendinst",
      "tm": [
        [-4.37114e-08,0.0,1.0],
        [0.0,1.0,0.0],
        [-1.0,0.0,-4.37114e-08],
        [1261.85,0.0,-622.816]
      ]
    }
  },
  {
    "node": {
      "name": "britain_observ_post_1_rendinst",
      "tm": [
        [-0.573576,0.0,-0.819152],
        [0.0,1.0,0.0],
        [0.819152,0.0,-0.573576],
        [1507.09,0.0,-713.779]
      ]
    }
  },
  {
    "node": {
      "name": "britain_observ_post_1_rendinst",
      "tm": [
        [0.766044,0.0,0.642788],
        [0.0,1.0,0.0],
        [-0.642788,0.0,0.766044],
        [737.365,0.0,-677.609]
      ]
    }
  },
  {
    "node": {
      "name": "britain_observ_post_1_rendinst",
      "tm": [
        [-0.173648,0.0,-0.984808],
        [0.0,1.0,0.0],
        [0.984808,0.0,-0.173648],
        [103.118,0.0,-536.725]
      ]
    }
  },
  {
    "node": {
      "name": "britain_observ_post_1_rendinst",
      "tm": [
        [0.766045,0.0,-0.642787],
        [0.0,1.0,0.0],
        [0.642787,0.0,0.766045],
        [106.616,0.0,-515.898]
      ]
    }
  },
  {
    "node": {
      "name": "britain_observ_post_1_rendinst",
      "tm": [
        [-0.642787,0.0,-0.766045],
        [0.0,1.0,0.0],
        [0.766045,0.0,-0.642787],
        [-392.663,0.0,-528.545]
      ]
    }
  },
  {
    "node": {
      "name": "britain_observ_post_1_rendinst",
      "tm": [
        [0.422618,0.0,0.906308],
        [0.0,1.0,0.0],
        [-0.906308,0.0,0.422618],
        [-542.357,0.0,-655.668]
      ]
    }
  },
  {
    "node": {
      "name": "boxes_rendinst",
      "tm": [
        [0.965926,0.0,0.258819],
        [0.0,1.0,0.0],
        [-0.258819,0.0,0.965926],
        [1052.83,0.0,-598.263]
      ]
    }
  },
  {
    "node": {
      "name": "boxes_rendinst",
      "tm": [
        [0.996195,0.0,0.0871558],
        [0.0,1.0,0.0],
        [-0.0871558,0.0,0.996195],
        [1149.2,0.0,-594.939]
      ]
    }
  },
  {
    "node": {
      "name": "boxes_rendinst",
      "tm": [
        [0.996195,0.0,0.0871558],
        [0.0,1.0,0.0],
        [-0.0871558,0.0,0.996195],
        [1150.84,0.0,-575.82]
      ]
    }
  },
  {
    "node": {
      "name": "boxes_rendinst",
      "tm": [
        [0.996195,0.0,0.0871558],
        [0.0,1.0,0.0],
        [-0.0871558,0.0,0.996195],
        [1072.17,0.0,-632.793]
      ]
    }
  },
  {
    "node": {
      "name": "boxes_rendinst",
      "tm": [
        [0.34202,0.0,-0.939693],
        [0.0,1.0,0.0],
        [0.939693,0.0,0.34202],
        [1115.81,0.0,-691.497]
      ]
    }
  },
  {
    "node": {
      "name": "boxes_rendinst",
      "tm": [
        [1.0,0.0,1.19209e-07],
        [0.0,1.0,0.0],
        [-1.19209e-07,0.0,1.0],
        [1094.02,0.0,-705.132]
      ]
    }
  },
  {
    "node": {
      "name": "usa_tent_6",
      "tm": [
        [-4.37114e-08,0.0,1.0],
        [0.0,1.0,0.0],
        [-1.0,0.0,-4.37114e-08],
        [1255.03,0.0,-686.742]
      ]
    }
  },
  {
    "node": {
      "name": "usa_tent_4",
      "tm": [
        [-4.37114e-08,0.0,1.0],
        [0.0,1.0,0.0],
        [-1.0,0.0,-4.37114e-08],
        [1262.98,0.0,-685.97]
      ]
    }
  },
  {
    "node": {
      "name": "usa_tent_4",
      "tm": [
        [-4.37114e-08,0.0,1.0],
        [0.0,1.0,0.0],
        [-1.0,0.0,-4.37114e-08],
        [1271.67,0.0,-685.97]
      ]
    }
  },
  {
    "node": {
      "name": "usa_tent_6",
      "tm": [
        [-4.37114e-08,0.0,1.0],
        [0.0,1.0,0.0],
        [-1.0,0.0,-4.37114e-08],
        [1268.25,0.0,-716.708]
      ]
    }
  },
  {
    "node": {
      "name": "usa_tent_6",
      "tm": [
        [-0.996195,0.0,-0.0871556],
        [0.0,1.0,0.0],
        [0.0871556,0.0,-0.996195],
        [1384.68,0.0,-589.156]
      ]
    }
  },
  {
    "node": {
      "name": "britain_observ_post_2_rendinst",
      "tm": [
        [-5.34383e-08,0.0,1.22253],
        [0.0,1.22253,0.0],
        [-1.22253,0.0,-5.34383e-08],
        [1195.39,0.0,-620.483]
      ]
    }
  },
  {
    "node": {
      "name": "britain_observ_post_2_rendinst",
      "tm": [
        [2.38034e-07,0.0,-1.22253],
        [0.0,1.22253,0.0],
        [1.22253,0.0,2.38034e-07],
        [1387.27,0.0,-578.576]
      ]
    }
  },
  {
    "node": {
      "name": "britain_observ_post_2_rendinst",
      "tm": [
        [-4.70635e-08,0.0,1.07669],
        [0.0,1.07669,0.0],
        [-1.07669,0.0,-4.70635e-08],
        [296.32,0.0,-613.813]
      ]
    }
  },
  {
    "node": {
      "name": "britain_observ_post_2_rendinst",
      "tm": [
        [1.04,0.0,0.278667],
        [0.0,1.07669,0.0],
        [-0.278667,0.0,1.04],
        [203.253,0.0,-519.457]
      ]
    }
  },
  {
    "node": {
      "name": "britain_observ_post_2_rendinst",
      "tm": [
        [0.278667,0.0,-1.04],
        [0.0,1.07669,0.0],
        [1.04,0.0,0.278667],
        [220.072,0.0,-527.206]
      ]
    }
  },
  {
    "node": {
      "name": "britain_observ_post_2_rendinst",
      "tm": [
        [0.455028,0.0,0.97581],
        [0.0,1.07669,0.0],
        [-0.97581,0.0,0.455028],
        [-492.582,0.0,-611.665]
      ]
    }
  },
  {
    "node": {
      "name": "britain_observ_post_2_rendinst",
      "tm": [
        [-0.0938394,0.0,-1.07259],
        [0.0,1.07669,0.0],
        [1.07259,0.0,-0.0938394],
        [-378.445,0.0,-734.074]
      ]
    }
  },
  {
    "node": {
      "name": "britain_tent_1_rendinst",
      "tm": [
        [-0.707107,0.0,0.707107],
        [0.0,1.0,0.0],
        [-0.707107,0.0,-0.707107],
        [153.205,0.0,-740.335]
      ]
    }
  },
  {
    "node": {
      "name": "britain_tent_1_rendinst",
      "tm": [
        [-0.707107,0.0,0.707107],
        [0.0,1.0,0.0],
        [-0.707107,0.0,-0.707107],
        [159.035,0.0,-744.355]
      ]
    }
  },
  {
    "node": {
      "name": "britain_tent_1_rendinst",
      "tm": [
        [-4.37114e-08,0.0,1.0],
        [0.0,1.0,0.0],
        [-1.0,0.0,-4.37114e-08],
        [166.659,0.0,-758.02]
      ]
    }
  },
  {
    "node": {
      "name": "britain_tent_1_rendinst",
      "tm": [
        [0.965926,0.0,0.258819],
        [0.0,1.0,0.0],
        [-0.258819,0.0,0.965926],
        [163.913,0.0,-750.102]
      ]
    }
  },
  {
    "node": {
      "name": "britain_tent_1_rendinst",
      "tm": [
        [-0.0871556,0.0,-0.996195],
        [0.0,1.0,0.0],
        [0.996195,0.0,-0.0871556],
        [-379.154,0.0,-722.802]
      ]
    }
  },
  {
    "node": {
      "name": "britain_tent_1_rendinst",
      "tm": [
        [-0.0871556,0.0,-0.996195],
        [0.0,1.0,0.0],
        [0.996195,0.0,-0.0871556],
        [-329.03,0.0,-716.061]
      ]
    }
  },
  {
    "node": {
      "name": "britain_tent_1_rendinst",
      "tm": [
        [0.573577,0.0,-0.819152],
        [0.0,1.0,0.0],
        [0.819152,0.0,0.573577],
        [-442.247,0.0,-711.361]
      ]
    }
  },
  {
    "node": {
      "name": "britain_tent_1_rendinst",
      "tm": [
        [-0.173648,0.0,-0.984808],
        [0.0,1.0,0.0],
        [0.984808,0.0,-0.173648],
        [-451.259,0.0,-707.814]
      ]
    }
  },
  {
    "node": {
      "name": "britain_tent_1_rendinst",
      "tm": [
        [-0.573576,0.0,-0.819152],
        [0.0,1.0,0.0],
        [0.819152,0.0,-0.573576],
        [-440.049,0.0,-584.779]
      ]
    }
  },
  {
    "node": {
      "name": "britain_tent_1_rendinst",
      "tm": [
        [-0.573576,0.0,-0.819152],
        [0.0,1.0,0.0],
        [0.819152,0.0,-0.573576],
        [-434.287,0.0,-577.642]
      ]
    }
  },
  {
    "node": {
      "name": "britain_tent_1_rendinst",
      "tm": [
        [-0.984808,0.0,0.173648],
        [0.0,1.0,0.0],
        [-0.173648,0.0,-0.984808],
        [-357.048,0.0,-566.569]
      ]
    }
  },
  {
    "node": {
      "name": "britain_tent_1_rendinst",
      "tm": [
        [-0.173648,0.0,-0.984808],
        [0.0,1.0,0.0],
        [0.984808,0.0,-0.173648],
        [-177.477,0.0,-574.708]
      ]
    }
  },
  {
    "node": {
      "name": "britain_tent_1_rendinst",
      "tm": [
        [0.34202,0.0,-0.939693],
        [0.0,1.0,0.0],
        [0.939693,0.0,0.34202],
        [230.959,0.0,-755.991]
      ]
    }
  },
  {
    "node": {
      "name": "britain_tent_1_rendinst",
      "tm": [
        [0.34202,0.0,-0.939693],
        [0.0,1.0,0.0],
        [0.939693,0.0,0.34202],
        [389.12,0.0,-733.262]
      ]
    }
  },
  {
    "node": {
      "name": "britain_tent_1_rendinst",
      "tm": [
        [-0.0871554,0.0,-0.996195],
        [0.0,1.0,0.0],
        [0.996195,0.0,-0.0871554],
        [551.857,0.0,-629.753]
      ]
    }
  },
  {
    "node": {
      "name": "britain_tent_1_rendinst",
      "tm": [
        [0.766045,0.0,-0.642787],
        [0.0,1.0,0.0],
        [0.642787,0.0,0.766045],
        [553.36,0.0,-645.233]
      ]
    }
  },
  {
    "node": {
      "name": "britain_tent_1_rendinst",
      "tm": [
        [0.087156,0.0,-0.996195],
        [0.0,1.0,0.0],
        [0.996195,0.0,0.087156],
        [560.733,0.0,-648.678]
      ]
    }
  },
  {
    "node": {
      "name": "britain_tent_1_rendinst",
      "tm": [
        [0.087156,0.0,-0.996195],
        [0.0,1.0,0.0],
        [0.996195,0.0,0.087156],
        [569.773,0.0,-641.128]
      ]
    }
  },
  {
    "node": {
      "name": "britain_tent_1_rendinst",
      "tm": [
        [0.766045,0.0,-0.642787],
        [0.0,1.0,0.0],
        [0.642787,0.0,0.766045],
        [566.136,0.0,-632.461]
      ]
    }
  },
  {
    "node": {
      "name": "britain_tent_1_rendinst",
      "tm": [
        [-0.173648,0.0,-0.984808],
        [0.0,1.0,0.0],
        [0.984808,0.0,-0.173648],
        [1198.43,0.0,-692.819]
      ]
    }
  },
  {
    "node": {
      "name": "britain_tent_1_rendinst",
      "tm": [
        [0.173648,0.0,-0.984808],
        [0.0,1.0,0.0],
        [0.984808,0.0,0.173648],
        [1190.01,0.0,-693.699]
      ]
    }
  },
  {
    "node": {
      "name": "usa_tent_2",
      "tm": [
        [-4.37114e-08,0.0,1.0],
        [0.0,1.0,0.0],
        [-1.0,0.0,-4.37114e-08],
        [1000.24,0.0,-695.234]
      ]
    }
  },
  {
    "node": {
      "name": "usa_tent_2",
      "tm": [
        [-4.37114e-08,0.0,1.0],
        [0.0,1.0,0.0],
        [-1.0,0.0,-4.37114e-08],
        [979.812,0.0,-694.8]
      ]
    }
  },
  {
    "node": {
      "name": "usa_tent_2",
      "tm": [
        [-4.37114e-08,0.0,1.0],
        [0.0,1.0,0.0],
        [-1.0,0.0,-4.37114e-08],
        [965.647,0.0,-694.018]
      ]
    }
  },
  {
    "node": {
      "name": "usa_tent_2",
      "tm": [
        [-4.37114e-08,0.0,1.0],
        [0.0,1.0,0.0],
        [-1.0,0.0,-4.37114e-08],
        [942.069,0.0,-697.45]
      ]
    }
  },
  {
    "node": {
      "name": "usa_tent_2",
      "tm": [
        [-4.37114e-08,0.0,1.0],
        [0.0,1.0,0.0],
        [-1.0,0.0,-4.37114e-08],
        [941.947,0.0,-690.638]
      ]
    }
  },
  {
    "node": {
      "name": "usa_tent_2",
      "tm": [
        [-4.37114e-08,0.0,1.0],
        [0.0,1.0,0.0],
        [-1.0,0.0,-4.37114e-08],
        [931.268,0.0,-690.638]
      ]
    }
  },
  {
    "node": {
      "name": "usa_tent_2",
      "tm": [
        [-4.37114e-08,0.0,1.0],
        [0.0,1.0,0.0],
        [-1.0,0.0,-4.37114e-08],
        [931.39,0.0,-697.45]
      ]
    }
  },
  {
    "node": {
      "name": "usa_tent_2",
      "tm": [
        [-4.37114e-08,0.0,1.0],
        [0.0,1.0,0.0],
        [-1.0,0.0,-4.37114e-08],
        [920.251,0.0,-690.638]
      ]
    }
  },
  {
    "node": {
      "name": "usa_tent_2",
      "tm": [
        [-4.37114e-08,0.0,1.0],
        [0.0,1.0,0.0],
        [-1.0,0.0,-4.37114e-08],
        [920.372,0.0,-697.45]
      ]
    }
  },
  {
    "node": {
      "name": "usa_tent_2",
      "tm": [
        [-4.37114e-08,0.0,1.0],
        [0.0,1.0,0.0],
        [-1.0,0.0,-4.37114e-08],
        [1286.85,0.0,-711.218]
      ]
    }
  },
  {
    "node": {
      "name": "usa_tent_2",
      "tm": [
        [-4.37114e-08,0.0,1.0],
        [0.0,1.0,0.0],
        [-1.0,0.0,-4.37114e-08],
        [1297.51,0.0,-711.218]
      ]
    }
  },
  {
    "node": {
      "name": "us_mbase_aircraft_tent",
      "tm": [
        [1.0921,0.0,1.62735e-08],
        [0.0,0.627868,0.0],
        [-1.63164e-08,0.0,1.09497],
        [1172.76,-8.58307e-06,-729.108]
      ]
    }
  },
  {
    "node": {
      "name": "usa_tent_1",
      "tm": [
        [-4.37114e-08,0.0,1.0],
        [0.0,1.0,0.0],
        [-1.0,0.0,-4.37114e-08],
        [1141.11,0.0,-690.728]
      ]
    }
  },
  {
    "node": {
      "name": "usa_tent_1",
      "tm": [
        [-4.37114e-08,0.0,1.0],
        [0.0,1.0,0.0],
        [-1.0,0.0,-4.37114e-08],
        [1189.58,0.0,-730.484]
      ]
    }
  },
  {
    "node": {
      "name": "usa_tent_1",
      "tm": [
        [-4.37114e-08,0.0,1.0],
        [0.0,1.0,0.0],
        [-1.0,0.0,-4.37114e-08],
        [1183.86,0.0,-749.046]
      ]
    }
  },
  {
    "node": {
      "name": "usa_tent_1",
      "tm": [
        [-4.37114e-08,0.0,1.0],
        [0.0,1.0,0.0],
        [-1.0,0.0,-4.37114e-08],
        [1191.5,0.0,-749.046]
      ]
    }
  },
  {
    "node": {
      "name": "usa_tent_1",
      "tm": [
        [0.766044,0.0,-0.642788],
        [0.0,1.0,0.0],
        [0.642788,0.0,0.766044],
        [1192.55,0.0,-713.551]
      ]
    }
  },
  {
    "node": {
      "name": "usa_tent_1",
      "tm": [
        [0.766044,0.0,-0.642788],
        [0.0,1.0,0.0],
        [0.642788,0.0,0.766044],
        [743.725,0.0,-672.666]
      ]
    }
  },
  {
    "node": {
      "name": "usa_tent_1",
      "tm": [
        [0.642788,0.0,0.766044],
        [0.0,1.0,0.0],
        [-0.766044,0.0,0.642788],
        [423.909,0.0,-725.538]
      ]
    }
  },
  {
    "node": {
      "name": "usa_tent_1",
      "tm": [
        [0.819152,0.0,0.573577],
        [0.0,1.0,0.0],
        [-0.573577,0.0,0.819152],
        [130.42,0.0,-737.462]
      ]
    }
  },
  {
    "node": {
      "name": "britain_windvane_rendinst",
      "tm": [
        [-4.37114e-08,0.0,1.0],
        [0.0,1.0,0.0],
        [-1.0,0.0,-4.37114e-08],
        [1408.12,0.0,-596.974]
      ]
    }
  },
  {
    "node": {
      "name": "britain_windvane_rendinst",
      "tm": [
        [-4.37114e-08,0.0,1.0],
        [0.0,1.0,0.0],
        [-1.0,0.0,-4.37114e-08],
        [1135.95,0.0,-554.583]
      ]
    }
  },
  {
    "node": {
      "name": "britain_windvane_rendinst",
      "tm": [
        [-4.37114e-08,0.0,1.0],
        [0.0,1.0,0.0],
        [-1.0,0.0,-4.37114e-08],
        [873.207,0.0,-749.903]
      ]
    }
  },
  {
    "node": {
      "name": "britain_windvane_rendinst",
      "tm": [
        [-4.37114e-08,0.0,1.0],
        [0.0,1.0,0.0],
        [-1.0,0.0,-4.37114e-08],
        [609.671,0.0,-646.021]
      ]
    }
  },
  {
    "node": {
      "name": "britain_windvane_rendinst",
      "tm": [
        [-4.37114e-08,0.0,1.0],
        [0.0,1.0,0.0],
        [-1.0,0.0,-4.37114e-08],
        [145.719,0.0,-719.258]
      ]
    }
  },
  {
    "node": {
      "name": "britain_windvane_rendinst",
      "tm": [
        [-4.37114e-08,0.0,1.0],
        [0.0,1.0,0.0],
        [-1.0,0.0,-4.37114e-08],
        [82.5388,0.0,-513.023]
      ]
    }
  },
  {
    "node": {
      "name": "britain_windvane_rendinst",
      "tm": [
        [-4.37114e-08,0.0,1.0],
        [0.0,1.0,0.0],
        [-1.0,0.0,-4.37114e-08],
        [-535.001,0.0,-644.189]
      ]
    }
  },
  {
    "node": {
      "name": "us_mbase_aircraft_tent",
      "tm": [
        [1.08794,0.0,-0.0951824],
        [0.0,0.627868,0.0],
        [0.0954331,0.0,1.09081],
        [1420.65,-8.58307e-06,-634.091]
      ]
    }
  },
  {
    "node": {
      "name": "barrels_rendinst",
      "tm": [
        [0.996195,0.0,-0.0871556],
        [0.0,1.0,0.0],
        [0.0871556,0.0,0.996195],
        [1409.77,0.0,-646.656]
      ]
    }
  },
  {
    "node": {
      "name": "barrels_rendinst",
      "tm": [
        [0.984808,0.0,0.173648],
        [0.0,1.0,0.0],
        [-0.173648,0.0,0.984808],
        [1424.59,0.0,-645.783]
      ]
    }
  },
  {
    "node": {
      "name": "usa_tent_4",
      "tm": [
        [-4.37114e-08,0.0,1.0],
        [0.0,1.0,0.0],
        [-1.0,0.0,-4.37114e-08],
        [1220.22,0.0,-711.215]
      ]
    }
  },
  {
    "node": {
      "name": "usa_tent_3",
      "tm": [
        [-4.37114e-08,0.0,1.0],
        [0.0,1.0,0.0],
        [-1.0,0.0,-4.37114e-08],
        [1292.49,0.0,-698.079]
      ]
    }
  },
  {
    "node": {
      "name": "usa_tent_3",
      "tm": [
        [-4.37114e-08,0.0,1.0],
        [0.0,1.0,0.0],
        [-1.0,0.0,-4.37114e-08],
        [1323.74,0.0,-687.937]
      ]
    }
  },
  {
    "node": {
      "name": "britain_observ_post_2_rendinst",
      "tm": [
        [0.10655,0.0,-1.21787],
        [0.0,1.22253,0.0],
        [1.21787,0.0,0.10655],
        [971.471,0.0,-606.587]
      ]
    }
  },
  {
    "node": {
      "name": "tr_village_18",
      "tm": [
        [-0.965926,0.0,0.258819],
        [0.0,1.0,0.0],
        [-0.258819,0.0,-0.965926],
        [1272.65,0.0,-588.298]
      ]
    }
  },
  {
    "node": {
      "name": "tr_village_18",
      "tm": [
        [-0.965926,0.0,0.258819],
        [0.0,1.0,0.0],
        [-0.258819,0.0,-0.965926],
        [1261.41,0.0,-614.338]
      ]
    }
  },
  {
    "node": {
      "name": "tr_village_16",
      "tm": [
        [-0.34202,0.0,0.939693],
        [0.0,1.0,0.0],
        [-0.939693,0.0,-0.34202],
        [765.196,0.0,-676.144]
      ]
    }
  },
  {
    "node": {
      "name": "tr_village_16",
      "tm": [
        [-0.34202,0.0,0.939693],
        [0.0,1.0,0.0],
        [-0.939693,0.0,-0.34202],
        [768.02,0.0,-682.488]
      ]
    }
  },
  {
    "node": {
      "name": "tr_village_16",
      "tm": [
        [3.13916e-07,0.0,-1.0],
        [0.0,1.0,0.0],
        [1.0,0.0,3.13916e-07],
        [785.027,0.0,-684.77]
      ]
    }
  },
  {
    "node": {
      "name": "tr_village_16",
      "tm": [
        [0.34202,0.0,-0.939693],
        [0.0,1.0,0.0],
        [0.939693,0.0,0.34202],
        [781.813,0.0,-677.289]
      ]
    }
  },
  {
    "node": {
      "name": "tr_village_18",
      "tm": [
        [-0.965926,0.0,0.258819],
        [0.0,1.0,0.0],
        [-0.258819,0.0,-0.965926],
        [779.663,0.0,-669.199]
      ]
    }
  },
  {
    "node": {
      "name": "tr_village_18",
      "tm": [
        [-0.965926,0.0,0.258819],
        [0.0,1.0,0.0],
        [-0.258819,0.0,-0.965926],
        [776.03,0.0,-662.868]
      ]
    }
  },
  {
    "node": {
      "name": "usa_tent_2",
      "tm": [
        [-4.37114e-08,0.0,1.0],
        [0.0,1.0,0.0],
        [-1.0,0.0,-4.37114e-08],
        [772.366,0.0,-698.069]
      ]
    }
  },
  {
    "node": {
      "name": "britain_big_army_tent_rendinst",
      "tm": [
        [-0.996195,0.0,0.0871556],
        [0.0,1.0,0.0],
        [-0.0871556,0.0,-0.996195],
        [527.741,0.0,-647.536]
      ]
    }
  },
  {
    "node": {
      "name": "usa_tent_3",
