[
  {
    "className": "composit"
  },
  {
    "size": [2048.0,256.0]
  },
  {
    "airfield": [
      {
        "start": [800.0,0.0,-65.0]
      },
      {
        "end": [-835.0,0.0,-65.0]
      },
      {
        "width": 140.0
      },
      {
        "spawn": [670.0,0.0,0.0]
      },
      {
        "spawn": [670.0,0.0,20.0]
      },
      {
        "spawn": [670.0,0.0,-20.0]
      },
      {
        "spawn": [650.0,0.0,0.0]
      },
      {
        "spawn": [650.0,0.0,20.0]
      },
      {
        "spawn": [650.0,0.0,-20.0]
      },
      {
        "spawn": [630.0,0.0,0.0]
      },
      {
        "spawn": [630.0,0.0,20.0]
      },
      {
        "spawn": [630.0,0.0,-20.0]
      },
      {
        "spawn": [610.0,0.0,0.0]
      },
      {
        "spawn": [610.0,0.0,20.0]
      },
      {
        "spawn": [610.0,0.0,-20.0]
      },
      {
        "spawn": [670.0,0.0,40.0]
      },
      {
        "spawn": [650.0,0.0,40.0]
      },
      {
        "spawn": [630.0,0.0,40.0]
      },
      {
        "spawn": [670.0,0.0,-40.0]
      },
      {
        "spawn": [650.0,0.0,-40.0]
      },
      {
        "spawn": [630.0,0.0,-40.0]
      },
      {
        "repairTags": {
          "type_attack_helicopter": false,
          "type_utility_helicopter": false
        }
      }
    ]
  },
  {
    "storage": {
      "start": [340.0,0.0,150.0],
      "end": [195.0,0.0,150.0],
      "width": 115.0
    }
  },
  {
    "parking": {
      "start": [30.0,0.0,170.0],
      "end": [-560.0,0.0,170.0],
      "width": 180.0
    }
  },
  {
    "dwelling": {
      "start": [-230.0,0.0,-340.0],
      "end": [-675.0,0.0,-340.0],
      "width": 140.0
    }
  },
  {
    "node": {
      "name": "^^dynaf_universal_1line_b_mesh",
      "tm": [
        [1.0,0.0,0.0],
        [0.0,1.0,0.0],
        [0.0,0.0,1.0],
        [0.0,0.0,0.0]
      ]
    }
  },
  {
    "node": {
      "name": "+NoTreesBox000",
      "tm": [
        [1478.0,0.0,0.0],
        [0.0,15.0,0.0],
        [0.0,0.0,313.0],
        [26.0,0.0,-2.0]
      ]
    }
  },
  {
    "node": {
      "name": "+NoTreesBox001",
      "tm": [
        [547.0,0.0,0.0],
        [0.0,15.0,0.0],
        [0.0,0.0,182.0],
        [265.0,0.0,-242.0]
      ]
    }
  },
  {
    "node": {
      "name": "+NoTreesBox002",
      "tm": [
        [458.0,0.0,0.0],
        [0.0,15.0,0.0],
        [0.0,0.0,198.0],
        [520.0,0.0,239.0]
      ]
    }
  },
  {
    "node": {
      "name": "zis6_fuel_a",
      "tm": [
        [0.422618,0.0,0.906308],
        [0.0,1.0,0.0],
        [-0.906308,0.0,0.422618],
        [255.802,0.0,210.705]
      ]
    }
  },
  {
    "node": {
      "name": "zis5_tent_a",
      "tm": [
        [0.0871558,0.0,-0.996195],
        [0.0,1.0,0.0],
        [0.996195,0.0,0.0871558],
        [296.773,0.0,176.435]
      ]
    }
  },
  {
    "node": {
      "name": "gaz_m1_a",
      "tm": [
        [-4.37114e-08,0.0,-1.0],
        [0.0,1.0,0.0],
        [1.0,0.0,-4.37114e-08],
        [-60.2845,0.0,310.734]
      ]
    }
  },
  {
    "node": {
      "name": "gaz67_a",
      "tm": [
        [-4.37114e-08,0.0,-1.0],
        [0.0,1.0,0.0],
        [1.0,0.0,-4.37114e-08],
        [-24.9064,0.0,312.704]
      ]
    }
  },
  {
    "node": {
      "name": "zis5_a",
      "tm": [
        [-4.37114e-08,0.0,1.0],
        [0.0,1.0,0.0],
        [-1.0,0.0,-4.37114e-08],
        [-53.8718,0.0,310.536]
      ]
    }
  },
  {
    "node": {
      "name": "studebaker_us6_a",
      "tm": [
        [1.0,0.0,0.0],
        [0.0,1.0,0.0],
        [0.0,0.0,1.0],
        [-713.886,0.0,-149.441]
      ]
    }
  },
  {
    "node": {
      "name": "zis5_a",
      "tm": [
        [-4.37114e-08,0.0,1.0],
        [0.0,1.0,0.0],
        [-1.0,0.0,-4.37114e-08],
        [650.122,0.0,-198.258]
      ]
    }
  },
  {
    "node": {
      "name": "zis5_tent_a",
      "tm": [
        [-4.37114e-08,0.0,-1.0],
        [0.0,1.0,0.0],
        [1.0,0.0,-4.37114e-08],
        [637.77,0.0,-198.314]
      ]
    }
  },
  {
    "node": {
      "name": "gaz67_a",
      "tm": [
        [1.0,0.0,0.0],
        [0.0,1.0,0.0],
        [0.0,0.0,1.0],
        [-431.022,0.0,-246.267]
      ]
    }
  },
  {
    "node": {
      "name": "gaz_m1_a",
      "tm": [
        [1.0,0.0,0.0],
        [0.0,1.0,0.0],
        [0.0,0.0,1.0],
        [-431.838,0.0,-240.738]
      ]
    }
  },
  {
    "node": {
      "name": "zis5_a",
      "tm": [
        [1.0,0.0,0.0],
        [0.0,1.0,0.0],
        [0.0,0.0,1.0],
        [92.6164,0.0,-195.083]
      ]
    }
  },
  {
    "node": {
      "name": "gaz_m1_a",
      "tm": [
        [1.0,0.0,0.0],
        [0.0,1.0,0.0],
        [0.0,0.0,1.0],
        [-517.79,0.0,214.105]
      ]
    }
  },
  {
    "node": {
      "name": "universal_airfield_tent_b",
      "tm": [
        [0.0871557,0.0,-0.996195],
        [0.0,1.0,0.0],
        [0.996195,0.0,0.0871557],
        [-75.8174,0.0,326.033]
      ]
    }
  },
  {
    "node": {
      "name": "universal_airfield_table_a",
      "tm": [
        [0.0871557,0.0,-0.996195],
        [0.0,1.0,0.0],
        [0.996195,0.0,0.0871557],
        [-75.8174,0.0,326.033]
      ]
    }
  },
  {
    "node": {
      "name": "universal_airfield_table_a",
      "tm": [
        [-0.173648,0.0,-0.984808],
        [0.0,1.0,0.0],
        [0.984808,0.0,-0.173648],
        [-617.276,0.0,-291.036]
      ]
    }
  },
  {
    "node": {
      "name": "universal_airfield_tent_b",
      "tm": [
        [-0.173648,0.0,-0.984808],
        [0.0,1.0,0.0],
        [0.984808,0.0,-0.173648],
        [-617.276,0.0,-291.036]
      ]
    }
  },
  {
    "node": {
      "name": "universal_airfield_table_a",
      "tm": [
        [0.0871556,0.0,-0.996195],
        [0.0,1.0,0.0],
        [0.996195,0.0,0.0871556],
        [-520.86,0.0,-319.359]
      ]
    }
  },
  {
    "node": {
      "name": "universal_airfield_tent_b",
      "tm": [
        [0.0871556,0.0,-0.996195],
        [0.0,1.0,0.0],
        [0.996195,0.0,0.0871556],
        [-520.86,0.0,-319.359]
      ]
    }
  },
  {
    "node": {
      "name": "universal_airfield_barrack_c",
      "tm": [
        [-1.0,0.0,1.50996e-07],
        [0.0,1.0,0.0],
        [-1.50996e-07,0.0,-1.0],
        [675.862,0.0,-222.017]
      ]
    }
  },
  {
    "node": {
      "name": "universal_airfield_barrack_d",
      "tm": [
        [7.54979e-08,0.0,1.0],
        [0.0,1.0,0.0],
        [-1.0,0.0,7.54979e-08],
        [604.858,0.0,-214.266]
      ]
    }
  },
  {
    "node": {
      "name": "universal_airfield_barrack_g",
      "tm": [
        [-4.37114e-08,0.0,1.0],
        [0.0,1.0,0.0],
        [-1.0,0.0,-4.37114e-08],
        [627.448,0.0,-218.711]
      ]
    }
  },
  {
    "node": {
      "name": "universal_airfield_barrack_b",
      "tm": [
        [1.0,0.0,0.0],
        [0.0,1.0,0.0],
        [0.0,0.0,1.0],
        [91.8376,0.0,-215.501]
      ]
    }
  },
  {
    "node": {
      "name": "universal_airfield_barrack_e",
      "tm": [
        [-1.0,0.0,-8.74228e-08],
        [0.0,1.0,0.0],
        [8.74228e-08,0.0,-1.0],
        [76.5187,0.0,-249.948]
      ]
    }
  },
  {
    "node": {
      "name": "universal_airfield_barrack_e",
      "tm": [
        [-1.0,0.0,-8.74228e-08],
        [0.0,1.0,0.0],
        [8.74228e-08,0.0,-1.0],
        [-180.856,0.0,-322.219]
      ]
    }
  },
  {
    "node": {
      "name": "universal_airfield_barrack_e",
      "tm": [
        [-1.0,0.0,-8.74228e-08],
        [0.0,1.0,0.0],
        [8.74228e-08,0.0,-1.0],
        [-206.058,0.0,-322.219]
      ]
    }
  },
  {
    "node": {
      "name": "universal_airfield_barrack_e",
      "tm": [
        [-1.0,0.0,-8.74228e-08],
        [0.0,1.0,0.0],
        [8.74228e-08,0.0,-1.0],
        [-232.424,0.0,-322.219]
      ]
    }
  },
  {
    "node": {
      "name": "universal_airfield_barrack_a",
      "tm": [
        [1.0,0.0,0.0],
        [0.0,1.0,0.0],
        [0.0,0.0,1.0],
        [-361.047,0.0,-197.474]
      ]
    }
  },
  {
    "node": {
      "name": "universal_airfield_barrack_d",
      "tm": [
        [1.0,0.0,0.0],
        [0.0,1.0,0.0],
        [0.0,0.0,1.0],
        [-732.381,0.0,-160.003]
      ]
    }
  },
  {
    "node": {
      "name": "universal_airfield_barrack_b",
      "tm": [
        [-0.707107,0.0,0.707107],
        [0.0,1.0,0.0],
        [-0.707107,0.0,-0.707107],
        [-699.168,0.0,209.698]
      ]
    }
  },
  {
    "node": {
      "name": "universal_airfield_barrack_f",
      "tm": [
        [0.642788,0.0,-0.766044],
        [0.0,1.0,0.0],
        [0.766044,0.0,0.642788],
        [-720.955,0.0,229.24]
      ]
    }
  },
  {
    "node": {
      "name": "universal_airfield_barrack_a",
      "tm": [
        [-0.5,0.0,0.866025],
        [0.0,1.0,0.0],
        [-0.866025,0.0,-0.5],
        [-722.353,0.0,261.548]
      ]
    }
  },
  {
    "node": {
      "name": "universal_airfield_barrack_c",
      "tm": [
        [-0.866025,0.0,-0.5],
        [0.0,1.0,0.0],
        [0.5,0.0,-0.866025],
        [-770.401,0.0,261.026]
      ]
    }
  },
  {
    "node": {
      "name": "universal_airfield_barrack_e",
      "tm": [
        [-4.37114e-08,0.0,1.0],
        [0.0,1.0,0.0],
        [-1.0,0.0,-4.37114e-08],
        [-525.697,0.0,275.713]
      ]
    }
  },
  {
    "node": {
      "name": "universal_airfield_tent_g",
      "tm": [
        [-4.37114e-08,0.0,-1.0],
        [0.0,1.0,0.0],
        [1.0,0.0,-4.37114e-08],
        [-421.004,0.0,-262.869]
      ]
    }
  },
  {
    "node": {
      "name": "universal_airfield_tent_g",
      "tm": [
        [0.984808,0.0,-0.173648],
        [0.0,1.0,0.0],
        [0.173648,0.0,0.984808],
        [-461.65,0.0,-265.641]
      ]
    }
  },
  {
    "node": {
      "name": "universal_airfield_tent_a",
      "tm": [
        [0.0871558,0.0,0.996195],
        [0.0,1.0,0.0],
        [-0.996195,0.0,0.0871558],
        [-458.479,0.0,-234.279]
      ]
    }
  },
  {
    "node": {
      "name": "universal_airfield_tent_a",
      "tm": [
        [-0.996195,0.0,0.0871559],
        [0.0,1.0,0.0],
        [-0.0871559,0.0,-0.996195],
        [-483.885,0.0,-320.484]
      ]
    }
  },
  {
    "node": {
      "name": "universal_airfield_tent_e",
      "tm": [
        [0.906308,0.0,-0.422618],
        [0.0,1.0,0.0],
        [0.422618,0.0,0.906308],
        [-316.095,0.0,-288.557]
      ]
    }
  },
  {
    "node": {
      "name": "universal_airfield_tent_e",
      "tm": [
        [7.54979e-08,0.0,-1.0],
        [0.0,1.0,0.0],
        [1.0,0.0,7.54979e-08],
        [-336.246,0.0,-288.239]
      ]
    }
  },
  {
    "node": {
      "name": "universal_airfield_tent_e",
      "tm": [
        [7.54979e-08,0.0,-1.0],
        [0.0,1.0,0.0],
        [1.0,0.0,7.54979e-08],
        [-535.826,0.0,-281.158]
      ]
    }
  },
  {
    "node": {
      "name": "universal_airfield_tent_e",
      "tm": [
        [0.965926,0.0,-0.258819],
        [0.0,1.0,0.0],
        [0.258819,0.0,0.965926],
        [-524.438,0.0,-229.67]
      ]
    }
  },
  {
    "node": {
      "name": "universal_airfield_tent_e",
      "tm": [
        [0.173648,0.0,-0.984808],
        [0.0,1.0,0.0],
        [0.984808,0.0,0.173648],
        [-560.069,0.0,-248.722]
      ]
    }
  },
  {
    "node": {
      "name": "universal_airfield_tent_e",
      "tm": [
        [1.0,0.0,0.0],
        [0.0,1.0,0.0],
        [0.0,0.0,1.0],
        [-561.697,0.0,-228.998]
      ]
    }
  },
  {
    "node": {
      "name": "universal_airfield_tent_e",
      "tm": [
        [-1.0,0.0,1.50996e-07],
        [0.0,1.0,0.0],
        [-1.50996e-07,0.0,-1.0],
        [-579.177,0.0,-229.207]
      ]
    }
  },
  {
    "node": {
      "name": "universal_airfield_tent_e",
      "tm": [
        [-0.996195,0.0,-0.0871556],
        [0.0,1.0,0.0],
        [0.0871556,0.0,-0.996195],
        [-596.671,0.0,-229.283]
      ]
    }
  },
  {
    "node": {
      "name": "universal_airfield_tent_e",
      "tm": [
        [-0.984808,0.0,0.173648],
        [0.0,1.0,0.0],
        [-0.173648,0.0,-0.984808],
        [-616.161,0.0,-229.265]
      ]
    }
  },
  {
    "node": {
      "name": "universal_airfield_tent_e",
      "tm": [
        [1.0,0.0,0.0],
        [0.0,1.0,0.0],
        [0.0,0.0,1.0],
        [-616.823,0.0,-244.469]
      ]
    }
  },
  {
    "node": {
      "name": "universal_airfield_tent_e",
      "tm": [
        [0.996195,0.0,0.0871557],
        [0.0,1.0,0.0],
        [-0.0871557,0.0,0.996195],
        [-634.619,0.0,-251.957]
      ]
    }
  },
  {
    "node": {
      "name": "universal_airfield_tent_e",
      "tm": [
        [-1.0,0.0,-1.50996e-07],
        [0.0,1.0,0.0],
        [1.50996e-07,0.0,-1.0],
        [-635.118,0.0,-265.967]
      ]
    }
  },
  {
    "node": {
      "name": "universal_airfield_tent_e",
      "tm": [
        [-1.0,0.0,-1.50996e-07],
        [0.0,1.0,0.0],
        [1.50996e-07,0.0,-1.0],
        [-593.893,0.0,-264.5]
      ]
    }
  },
  {
    "node": {
      "name": "universal_airfield_tent_e",
      "tm": [
        [-0.0871556,0.0,-0.996195],
        [0.0,1.0,0.0],
        [0.996195,0.0,-0.0871556],
        [-653.074,0.0,-286.678]
      ]
    }
  },
  {
    "node": {
      "name": "universal_airfield_tent_e",
      "tm": [
        [1.19249e-08,0.0,1.0],
        [0.0,1.0,0.0],
        [-1.0,0.0,1.19249e-08],
        [-676.874,0.0,-273.02]
      ]
    }
  },
  {
    "node": {
      "name": "universal_airfield_tent_e",
      "tm": [
        [0.0871558,0.0,-0.996195],
        [0.0,1.0,0.0],
        [0.996195,0.0,0.0871558],
        [-680.001,0.0,-247.993]
      ]
    }
  },
  {
    "node": {
      "name": "universal_airfield_tent_e",
      "tm": [
        [-0.642787,0.0,-0.766045],
        [0.0,1.0,0.0],
        [0.766045,0.0,-0.642787],
        [-865.425,0.0,-310.49]
      ]
    }
  },
  {
    "node": {
      "name": "universal_airfield_tent_e",
      "tm": [
        [0.866025,0.0,0.5],
        [0.0,1.0,0.0],
        [-0.5,0.0,0.866025],
        [-829.51,0.0,-288.037]
      ]
    }
  },
  {
    "node": {
      "name": "universal_airfield_tent_d",
      "tm": [
        [1.0,0.0,0.0],
        [0.0,1.0,0.0],
        [0.0,0.0,1.0],
        [-310.219,0.0,-278.238]
      ]
    }
  },
  {
    "node": {
      "name": "universal_airfield_tent_d",
      "tm": [
        [-4.37114e-08,0.0,1.0],
        [0.0,1.0,0.0],
        [-1.0,0.0,-4.37114e-08],
        [-535.868,0.0,-294.081]
      ]
    }
  },
  {
    "node": {
      "name": "universal_airfield_tent_d",
      "tm": [
        [1.0,0.0,0.0],
        [0.0,1.0,0.0],
        [0.0,0.0,1.0],
        [-559.367,0.0,-273.982]
      ]
    }
  },
  {
    "node": {
      "name": "universal_airfield_tent_d",
      "tm": [
        [-4.37114e-08,0.0,1.0],
        [0.0,1.0,0.0],
        [-1.0,0.0,-4.37114e-08],
        [-576.787,0.0,-288.077]
      ]
    }
  },
  {
    "node": {
      "name": "universal_airfield_tent_d",
      "tm": [
        [-1.0,0.0,-8.74228e-08],
        [0.0,1.0,0.0],
        [8.74228e-08,0.0,-1.0],
        [-596.482,0.0,-278.874]
      ]
    }
  },
  {
    "node": {
      "name": "universal_airfield_tent_d",
      "tm": [
        [1.0,0.0,2.23517e-07],
        [0.0,1.0,0.0],
        [-2.23517e-07,0.0,1.0],
        [-597.162,0.0,-244.384]
      ]
    }
  },
  {
    "node": {
      "name": "universal_airfield_tent_d",
      "tm": [
        [-2.8213e-07,0.0,1.0],
        [0.0,1.0,0.0],
        [-1.0,0.0,-2.8213e-07],
        [-635.223,0.0,-283.881]
      ]
    }
  },
  {
    "node": {
      "name": "universal_airfield_tent_d",
      "tm": [
        [0.984808,0.0,0.173648],
        [0.0,1.0,0.0],
        [-0.173648,0.0,0.984808],
        [-650.684,0.0,-258.518]
      ]
    }
  },
  {
    "node": {
      "name": "universal_airfield_tent_d",
      "tm": [
        [-0.996195,0.0,0.0871554],
        [0.0,1.0,0.0],
        [-0.0871554,0.0,-0.996195],
        [-650.683,0.0,-244.843]
      ]
    }
  },
  {
    "node": {
      "name": "universal_airfield_tent_d",
      "tm": [
        [-0.996195,0.0,-0.087156],
        [0.0,1.0,0.0],
        [0.087156,0.0,-0.996195],
        [-634.296,0.0,-229.384]
      ]
    }
  },
  {
    "node": {
      "name": "universal_airfield_tent_d",
      "tm": [
        [0.0871562,0.0,-0.996195],
        [0.0,1.0,0.0],
        [0.996195,0.0,0.0871562],
        [-642.189,0.0,-317.391]
      ]
    }
  },
  {
    "node": {
      "name": "universal_airfield_tent_d",
      "tm": [
        [-0.34202,0.0,-0.939693],
        [0.0,1.0,0.0],
        [0.939693,0.0,-0.34202],
        [-670.625,0.0,-311.637]
      ]
    }
  },
  {
    "node": {
      "name": "universal_airfield_tent_d",
      "tm": [
        [0.5,0.0,-0.866025],
        [0.0,1.0,0.0],
        [0.866025,0.0,0.5],
        [-826.307,0.0,-318.767]
      ]
    }
  },
  {
    "node": {
      "name": "universal_airfield_tent_f",
      "tm": [
        [1.0,0.0,0.0],
        [0.0,1.0,0.0],
        [0.0,0.0,1.0],
        [-324.319,0.0,-274.022]
      ]
    }
  },
  {
    "node": {
      "name": "universal_airfield_tent_f",
      "tm": [
        [1.0,0.0,0.0],
        [0.0,1.0,0.0],
        [0.0,0.0,1.0],
        [-521.676,0.0,-241.102]
      ]
    }
  },
  {
    "node": {
      "name": "universal_airfield_tent_f",
      "tm": [
        [0.819152,0.0,-0.573576],
        [0.0,1.0,0.0],
        [0.573576,0.0,0.819152],
        [-533.81,0.0,-240.938]
      ]
    }
  },
  {
    "node": {
      "name": "universal_airfield_tent_f",
      "tm": [
        [0.422618,0.0,-0.906308],
        [0.0,1.0,0.0],
        [0.906308,0.0,0.422618],
        [-609.779,0.0,-269.476]
      ]
    }
  },
  {
    "node": {
      "name": "universal_airfield_tent_f",
      "tm": [
        [0.996195,0.0,0.0871557],
        [0.0,1.0,0.0],
        [-0.0871557,0.0,0.996195],
        [-616.875,0.0,-259.448]
      ]
    }
  },
  {
    "node": {
      "name": "universal_airfield_tent_f",
      "tm": [
        [0.819152,0.0,-0.573576],
        [0.0,1.0,0.0],
        [0.573576,0.0,0.819152],
        [-654.231,0.0,-309.596]
      ]
    }
  },
  {
    "node": {
      "name": "universal_airfield_tent_f",
      "tm": [
        [0.5,0.0,-0.866025],
        [0.0,1.0,0.0],
        [0.866025,0.0,0.5],
        [-834.058,0.0,-329.961]
      ]
    }
  },
  {
    "node": {
      "name": "universal_airfield_tent_i",
      "tm": [
        [0.965926,0.0,-0.258819],
        [0.0,1.0,0.0],
        [0.258819,0.0,0.965926],
        [-326.183,0.0,-294.671]
      ]
    }
  },
  {
    "node": {
      "name": "universal_airfield_tent_i",
      "tm": [
        [1.0,0.0,-1.49012e-08],
        [0.0,1.0,0.0],
        [1.49012e-08,0.0,1.0],
        [-584.671,0.0,-273.722]
      ]
    }
  },
  {
    "node": {
      "name": "universal_airfield_tent_i",
      "tm": [
        [-0.996195,0.0,0.0871559],
        [0.0,1.0,0.0],
        [-0.0871559,0.0,-0.996195],
        [-596.886,0.0,-289.778]
      ]
    }
  },
  {
    "node": {
      "name": "universal_airfield_tent_i",
      "tm": [
        [-0.996195,0.0,0.0871559],
        [0.0,1.0,0.0],
        [-0.0871559,0.0,-0.996195],
        [-649.556,0.0,-269.415]
      ]
    }
  },
  {
    "node": {
      "name": "universal_airfield_tent_i",
      "tm": [
        [-0.906308,0.0,-0.422618],
        [0.0,1.0,0.0],
        [0.422618,0.0,-0.906308],
        [-843.943,0.0,-322.459]
      ]
    }
  },
  {
    "node": {
      "name": "universal_airfield_sandbags_b",
      "tm": [
        [-0.766044,0.0,0.642788],
        [0.0,1.0,0.0],
        [-0.642788,0.0,-0.766044],
        [-701.469,0.0,-184.723]
      ]
    }
  },
  {
    "node": {
      "name": "universal_airfield_sandbags_a",
      "tm": [
        [0.258819,0.0,-0.965926],
        [0.0,1.0,0.0],
        [0.965926,0.0,0.258819],
        [-506.095,0.0,-311.454]
      ]
    }
  },
  {
    "node": {
      "name": "universal_airfield_sandbags_a",
      "tm": [
        [0.5,0.0,0.866025],
        [0.0,1.0,0.0],
        [-0.866025,0.0,0.5],
        [-499.226,0.0,-312.396]
      ]
    }
  },
  {
    "node": {
      "name": "universal_airfield_tent_a",
      "tm": [
        [1.0,0.0,0.0],
        [0.0,1.0,0.0],
        [0.0,0.0,1.0],
        [-48.3213,0.0,324.2]
      ]
    }
  },
  {
    "node": {
      "name": "universal_airfield_tent_g",
      "tm": [
        [-0.996195,0.0,0.0871559],
        [0.0,1.0,0.0],
        [-0.0871559,0.0,-0.996195],
        [-21.304,0.0,324.728]
      ]
    }
  },
  {
    "node": {
      "name": "universal_airfield_tower_c",
      "tm": [
        [1.0,0.0,0.0],
        [0.0,1.0,0.0],
        [0.0,0.0,1.0],
        [-846.843,0.0,-296.742]
      ]
    }
  },
  {
    "node": {
      "name": "universal_airfield_tower_b",
      "tm": [
        [0.996195,0.0,0.0871557],
        [0.0,1.0,0.0],
        [-0.0871557,0.0,0.996195],
        [233.63,0.0,175.893]
      ]
    }
  },
  {
    "node": {
      "name": "universal_airfield_hangar_d",
      "tm": [
        [1.0,0.0,0.0],
        [0.0,1.0,0.0],
        [0.0,0.0,1.0],
        [-525.423,0.0,226.908]
      ]
    }
  },
  {
    "node": {
      "name": "universal_airfield_tower_a",
      "tm": [
        [0.984808,0.0,-0.173648],
        [0.0,1.0,0.0],
        [0.173648,0.0,0.984808],
        [-687.577,0.0,-149.598]
      ]
    }
  },
  {
    "node": {
      "name": "universal_airfield_hangar_c",
      "tm": [
        [1.0,0.0,0.0],
        [0.0,1.0,0.0],
        [0.0,0.0,1.0],
        [-109.942,0.0,282.896]
      ]
    }
  },
  {
    "node": {
      "name": "universal_airfield_hangar_c",
      "tm": [
        [-1.0,0.0,-8.74228e-08],
        [0.0,1.0,0.0],
        [8.74228e-08,0.0,-1.0],
        [-173.293,0.0,284.91]
      ]
    }
  },
  {
    "node": {
      "name": "universal_airfield_hangar_c",
      "tm": [
        [-1.0,0.0,-8.74228e-08],
        [0.0,1.0,0.0],
        [8.74228e-08,0.0,-1.0],
        [-238.431,0.0,284.91]
      ]
    }
  },
  {
    "node": {
      "name": "universal_airfield_hangar_c",
      "tm": [
        [1.0,0.0,1.74846e-07],
        [0.0,1.0,0.0],
        [-1.74846e-07,0.0,1.0],
        [-325.649,0.0,283.773]
      ]
    }
  },
  {
    "node": {
      "name": "universal_airfield_hangar_c",
      "tm": [
        [1.0,0.0,1.74846e-07],
        [0.0,1.0,0.0],
        [-1.74846e-07,0.0,1.0],
        [-391.739,0.0,288.035]
      ]
    }
  },
  {
    "node": {
      "name": "universal_airfield_hangar_c",
      "tm": [
        [-1.0,0.0,-2.38498e-08],
        [0.0,1.0,0.0],
        [2.38498e-08,0.0,-1.0],
        [-451.163,0.0,288.75]
      ]
    }
  },
  {
    "node": {
      "name": "universal_airfield_sandbags_b",
      "tm": [
        [0.939693,0.0,0.34202],
        [0.0,1.0,0.0],
        [-0.34202,0.0,0.939693],
        [218.976,0.0,193.682]
      ]
    }
  },
  {
    "node": {
      "name": "universal_airfield_sandbags_a",
      "tm": [
        [-1.0,0.0,1.50996e-07],
        [0.0,1.0,0.0],
        [-1.50996e-07,0.0,-1.0],
        [320.531,0.0,180.582]
      ]
    }
  },
  {
    "node": {
      "name": "universal_airfield_sandbags_a",
      "tm": [
        [-0.996195,0.0,0.0871559],
        [0.0,1.0,0.0],
        [-0.0871559,0.0,-0.996195],
        [320.195,0.0,193.081]
      ]
    }
  },
  {
    "node": {
      "name": "universal_airfield_shed_a",
      "tm": [
        [-0.939693,0.0,0.34202],
        [0.0,1.0,0.0],
        [-0.34202,0.0,-0.939693],
        [-507.032,0.0,-323.885]
      ]
    }
  },
  {
    "node": {
      "name": "universal_airfield_tent_c",
      "tm": [
        [1.0,0.0,0.0],
        [0.0,1.0,0.0],
        [0.0,0.0,1.0],
        [-457.262,0.0,-291.24]
      ]
    }
  },
  {
    "node": {
      "name": "universal_airfield_tower_b",
      "tm": [
        [1.94707e-07,0.0,-1.0],
        [0.0,1.0,0.0],
        [1.0,0.0,1.94707e-07],
        [-416.8,0.0,-289.262]
      ]
    }
  },
  {
    "node": {
      "name": "universal_airfield_sandbags_a",
      "tm": [
        [-1.62921e-07,0.0,-1.0],
        [0.0,1.0,0.0],
        [1.0,0.0,-1.62921e-07],
        [-711.871,0.0,-186.386]
      ]
    }
  },
  {
    "node": {
      "name": "universal_airfield_sandbags_a",
      "tm": [
        [0.965926,0.0,0.258819],
        [0.0,1.0,0.0],
        [-0.258819,0.0,0.965926],
        [-701.307,0.0,-176.402]
      ]
    }
  },
  {
    "node": {
      "name": "universal_airfield_tower_b",
      "tm": [
        [-4.37114e-08,0.0,-1.0],
        [0.0,1.0,0.0],
        [1.0,0.0,-4.37114e-08],
        [234.204,0.0,237.39]
      ]
    }
  },
  {
    "node": {
      "name": "universal_airfield_tower_b",
      "tm": [
        [1.19249e-08,0.0,-1.0],
        [0.0,1.0,0.0],
        [1.0,0.0,1.19249e-08],
        [307.111,0.0,236.604]
      ]
    }
  },
  {
    "node": {
      "name": "universal_airfield_tower_b",
      "tm": [
        [-0.996195,0.0,0.0871559],
        [0.0,1.0,0.0],
        [-0.0871559,0.0,-0.996195],
        [307.676,0.0,175.791]
      ]
    }
  },
  {
    "node": {
      "name": "universal_airfield_sandbags_b",
      "tm": [
        [0.965926,0.0,-0.258819],
        [0.0,1.0,0.0],
        [0.258819,0.0,0.965926],
        [218.335,0.0,179.021]
      ]
    }
  },
  {
    "node": {
      "name": "universal_airfield_fuel_box_b",
      "tm": [
        [-0.0523361,0.0,-0.99863],
        [0.0,1.0,0.0],
        [0.99863,0.0,-0.0523361],
        [305.749,0.0,201.844]
      ]
    }
  },
  {
    "node": {
      "name": "universal_airfield_fuel_box_d",
      "tm": [
        [0.0871558,0.0,-0.996195],
        [0.0,1.0,0.0],
        [0.996195,0.0,0.0871558],
        [305.432,0.0,222.793]
      ]
    }
  },
  {
    "node": {
      "name": "universal_airfield_fuel_box_a",
      "tm": [
        [1.19249e-08,0.0,-1.0],
        [0.0,1.0,0.0],
        [1.0,0.0,1.19249e-08],
        [306.247,0.0,212.321]
      ]
    }
  },
  {
    "node": {
      "name": "universal_airfield_fuel_box_c",
      "tm": [
        [1.0,0.0,0.0],
        [0.0,1.0,0.0],
        [0.0,0.0,1.0],
        [281.66,0.0055019,234.983]
      ]
    }
  },
  {
    "node": {
      "name": "universal_airfield_fuel_box_e",
      "tm": [
        [1.0,0.0,0.0],
        [0.0,1.0,0.0],
        [0.0,0.0,1.0],
        [294.672,0.0,234.708]
      ]
    }
  },
  {
    "node": {
      "name": "universal_airfield_fuel_tank_b",
      "tm": [
        [0.681998,0.0,0.731354],
        [0.0,1.0,0.0],
        [-0.731354,0.0,0.681998],
        [286.874,0.0,202.186]
      ]
    }
  },
  {
    "node": {
      "name": "universal_airfield_fuel_tank_a",
      "tm": [
        [-0.45399,0.0,0.891007],
        [0.0,1.0,0.0],
        [-0.891007,0.0,-0.45399],
        [276.833,0.0,206.771]
      ]
    }
  },
  {
    "node": {
      "name": "universal_airfield_fuel_tank_c",
      "tm": [
        [-0.83867,0.0,0.544639],
        [0.0,1.0,0.0],
        [-0.544639,0.0,-0.83867],
        [279.472,0.0,210.667]
      ]
    }
  },
  {
    "node": {
      "name": "universal_airfield_fuel_tank_b",
      "tm": [
        [0.224951,0.0,0.97437],
        [0.0,1.0,0.0],
        [-0.97437,0.0,0.224951],
        [271.82,0.0,217.467]
      ]
    }
  },
  {
    "node": {
      "name": "universal_airfield_fence_a",
      "tm": [
        [1.0,0.0,0.0],
        [0.0,1.0,0.0],
        [0.0,0.0,1.0],
        [227.847,0.0,169.823]
      ]
    }
  },
  {
    "node": {
      "name": "universal_airfield_fence_a",
      "tm": [
        [1.0,0.0,0.0],
        [0.0,1.0,0.0],
        [0.0,0.0,1.0],
        [231.496,0.0,169.823]
      ]
    }
  },
  {
    "node": {
      "name": "universal_airfield_fence_a",
      "tm": [
        [1.0,0.0,0.0],
        [0.0,1.0,0.0],
        [0.0,0.0,1.0],
        [235.145,0.0,169.823]
      ]
    }
  },
  {
    "node": {
      "name": "universal_airfield_fence_a",
      "tm": [
        [1.0,0.0,0.0],
        [0.0,1.0,0.0],
        [0.0,0.0,1.0],
        [238.794,0.0,169.823]
      ]
    }
  },
  {
    "node": {
      "name": "universal_airfield_fence_a",
      "tm": [
        [1.0,0.0,0.0],
        [0.0,1.0,0.0],
        [0.0,0.0,1.0],
        [242.443,0.0,169.823]
      ]
    }
  },
  {
    "node": {
      "name": "universal_airfield_fence_a",
      "tm": [
        [1.0,0.0,0.0],
        [0.0,1.0,0.0],
        [0.0,0.0,1.0],
        [246.092,0.0,169.823]
      ]
    }
  },
  {
    "node": {
      "name": "universal_airfield_fence_a",
      "tm": [
        [1.0,0.0,0.0],
        [0.0,1.0,0.0],
        [0.0,0.0,1.0],
        [249.741,0.0,169.823]
      ]
    }
  },
  {
    "node": {
      "name": "universal_airfield_fence_a",
      "tm": [
        [1.0,0.0,0.0],
        [0.0,1.0,0.0],
        [0.0,0.0,1.0],
        [253.39,0.0,169.823]
      ]
    }
  },
  {
    "node": {
      "name": "universal_airfield_fence_a",
      "tm": [
        [1.0,0.0,0.0],
        [0.0,1.0,0.0],
        [0.0,0.0,1.0],
        [257.039,0.0,169.823]
      ]
    }
  },
  {
    "node": {
      "name": "universal_airfield_fence_a",
      "tm": [
        [1.0,0.0,0.0],
        [0.0,1.0,0.0],
        [0.0,0.0,1.0],
        [260.688,0.0,169.823]
      ]
    }
  },
  {
    "node": {
      "name": "universal_airfield_fence_a",
      "tm": [
        [1.0,0.0,0.0],
        [0.0,1.0,0.0],
        [0.0,0.0,1.0],
        [264.337,0.0,169.823]
      ]
    }
  },
  {
    "node": {
      "name": "universal_airfield_fence_a",
      "tm": [
        [1.0,0.0,0.0],
        [0.0,1.0,0.0],
        [0.0,0.0,1.0],
        [267.986,0.0,169.823]
      ]
    }
  },
  {
    "node": {
      "name": "universal_airfield_fence_a",
      "tm": [
        [1.0,0.0,0.0],
        [0.0,1.0,0.0],
        [0.0,0.0,1.0],
        [271.635,0.0,169.823]
      ]
    }
  },
  {
    "node": {
      "name": "universal_airfield_fence_a",
      "tm": [
        [1.0,0.0,0.0],
        [0.0,1.0,0.0],
        [0.0,0.0,1.0],
        [275.284,0.0,169.823]
      ]
    }
  },
  {
    "node": {
      "name": "universal_airfield_fence_a",
      "tm": [
        [1.0,0.0,0.0],
        [0.0,1.0,0.0],
        [0.0,0.0,1.0],
        [278.933,0.0,169.823]
      ]
    }
  },
  {
    "node": {
      "name": "universal_airfield_fence_a",
      "tm": [
        [1.0,0.0,0.0],
        [0.0,1.0,0.0],
        [0.0,0.0,1.0],
        [282.582,0.0,169.823]
      ]
    }
  },
  {
    "node": {
      "name": "universal_airfield_fence_a",
      "tm": [
        [1.0,0.0,0.0],
        [0.0,1.0,0.0],
        [0.0,0.0,1.0],
        [286.231,0.0,169.823]
      ]
    }
  },
  {
    "node": {
      "name": "universal_airfield_fence_a",
      "tm": [
        [1.0,0.0,0.0],
        [0.0,1.0,0.0],
        [0.0,0.0,1.0],
        [289.88,0.0,169.823]
      ]
    }
  },
  {
    "node": {
      "name": "universal_airfield_fence_a",
      "tm": [
        [1.0,0.0,0.0],
        [0.0,1.0,0.0],
        [0.0,0.0,1.0],
        [293.529,0.0,169.823]
      ]
    }
  },
  {
    "node": {
      "name": "universal_airfield_fence_a",
      "tm": [
        [1.0,0.0,0.0],
        [0.0,1.0,0.0],
        [0.0,0.0,1.0],
        [297.178,0.0,169.823]
      ]
    }
  },
  {
    "node": {
      "name": "universal_airfield_fence_a",
      "tm": [
        [1.0,0.0,0.0],
        [0.0,1.0,0.0],
        [0.0,0.0,1.0],
        [300.827,0.0,169.823]
      ]
    }
  },
  {
    "node": {
      "name": "universal_airfield_fence_a",
      "tm": [
        [1.0,0.0,0.0],
        [0.0,1.0,0.0],
        [0.0,0.0,1.0],
        [304.476,0.0,169.823]
      ]
    }
  },
  {
    "node": {
      "name": "universal_airfield_fence_a",
      "tm": [
        [1.0,0.0,0.0],
        [0.0,1.0,0.0],
        [0.0,0.0,1.0],
        [308.125,0.0,169.823]
      ]
    }
  },
  {
    "node": {
      "name": "universal_airfield_fence_a",
      "tm": [
        [1.0,0.0,0.0],
        [0.0,1.0,0.0],
        [0.0,0.0,1.0],
        [311.774,0.0,169.823]
      ]
    }
  },
  {
    "node": {
      "name": "universal_airfield_fence_a",
      "tm": [
        [-4.37114e-08,0.0,1.0],
        [0.0,1.0,0.0],
        [-1.0,0.0,-4.37114e-08],
        [313.6,0.0,175.297]
      ]
    }
  },
  {
    "node": {
      "name": "universal_airfield_fence_a",
      "tm": [
        [-4.37114e-08,0.0,1.0],
        [0.0,1.0,0.0],
        [-1.0,0.0,-4.37114e-08],
        [313.6,0.0,178.946]
      ]
    }
  },
  {
    "node": {
      "name": "universal_airfield_fence_a",
      "tm": [
        [-4.37114e-08,0.0,1.0],
        [0.0,1.0,0.0],
        [-1.0,0.0,-4.37114e-08],
        [313.6,0.0,182.595]
      ]
    }
  },
  {
    "node": {
      "name": "universal_airfield_fence_a",
      "tm": [
        [-4.37114e-08,0.0,1.0],
        [0.0,1.0,0.0],
        [-1.0,0.0,-4.37114e-08],
        [313.6,0.0,190.38]
      ]
    }
  },
  {
    "node": {
      "name": "universal_airfield_fence_a",
      "tm": [
        [-4.37114e-08,0.0,1.0],
        [0.0,1.0,0.0],
        [-1.0,0.0,-4.37114e-08],
        [313.6,0.0,194.029]
      ]
    }
  },
  {
    "node": {
      "name": "universal_airfield_fence_a",
      "tm": [
        [-4.37114e-08,0.0,1.0],
        [0.0,1.0,0.0],
        [-1.0,0.0,-4.37114e-08],
        [313.6,0.0,197.678]
      ]
    }
  },
  {
    "node": {
      "name": "universal_airfield_fence_a",
      "tm": [
        [-4.37114e-08,0.0,1.0],
        [0.0,1.0,0.0],
        [-1.0,0.0,-4.37114e-08],
        [313.6,0.0,201.327]
      ]
    }
  },
  {
    "node": {
      "name": "universal_airfield_fence_a",
      "tm": [
        [-4.37114e-08,0.0,1.0],
        [0.0,1.0,0.0],
        [-1.0,0.0,-4.37114e-08],
        [313.6,0.0,204.976]
      ]
    }
  },
  {
    "node": {
      "name": "universal_airfield_fence_a",
      "tm": [
        [-4.37114e-08,0.0,1.0],
        [0.0,1.0,0.0],
        [-1.0,0.0,-4.37114e-08],
        [313.6,0.0,208.625]
      ]
    }
  },
  {
    "node": {
      "name": "universal_airfield_fence_a",
      "tm": [
        [-4.37114e-08,0.0,1.0],
        [0.0,1.0,0.0],
        [-1.0,0.0,-4.37114e-08],
        [313.6,0.0,212.274]
      ]
    }
  },
  {
    "node": {
      "name": "universal_airfield_fence_a",
      "tm": [
        [-4.37114e-08,0.0,1.0],
        [0.0,1.0,0.0],
        [-1.0,0.0,-4.37114e-08],
        [313.6,0.0,215.923]
      ]
    }
  },
  {
    "node": {
      "name": "universal_airfield_fence_a",
      "tm": [
        [-4.37114e-08,0.0,1.0],
        [0.0,1.0,0.0],
        [-1.0,0.0,-4.37114e-08],
        [313.6,0.0,219.572]
      ]
    }
  },
  {
    "node": {
      "name": "universal_airfield_fence_a",
      "tm": [
        [-4.37114e-08,0.0,1.0],
        [0.0,1.0,0.0],
        [-1.0,0.0,-4.37114e-08],
        [313.6,0.0,223.221]
      ]
    }
  },
  {
    "node": {
      "name": "universal_airfield_fence_a",
      "tm": [
        [-4.37114e-08,0.0,1.0],
        [0.0,1.0,0.0],
        [-1.0,0.0,-4.37114e-08],
        [313.6,0.0,226.87]
      ]
    }
  },
  {
    "node": {
      "name": "universal_airfield_fence_a",
      "tm": [
        [-4.37114e-08,0.0,1.0],
        [0.0,1.0,0.0],
        [-1.0,0.0,-4.37114e-08],
        [313.6,0.0,230.519]
      ]
    }
  },
  {
    "node": {
      "name": "universal_airfield_fence_a",
      "tm": [
        [-4.37114e-08,0.0,1.0],
        [0.0,1.0,0.0],
        [-1.0,0.0,-4.37114e-08],
        [313.6,0.0,234.168]
      ]
    }
  },
  {
    "node": {
      "name": "universal_airfield_fence_a",
      "tm": [
        [-4.37114e-08,0.0,1.0],
        [0.0,1.0,0.0],
        [-1.0,0.0,-4.37114e-08],
        [313.6,0.0,237.817]
      ]
    }
  },
  {
    "node": {
      "name": "universal_airfield_fence_a",
      "tm": [
        [-4.37114e-08,0.0,1.0],
        [0.0,1.0,0.0],
        [-1.0,0.0,-4.37114e-08],
        [313.6,0.0,241.466]
      ]
    }
  },
  {
    "node": {
      "name": "universal_airfield_fence_a",
      "tm": [
        [-1.0,0.0,-1.99477e-06],
        [0.0,1.0,0.0],
        [1.99477e-06,0.0,-1.0],
        [311.774,0.0,243.291]
      ]
    }
  },
  {
    "node": {
      "name": "universal_airfield_fence_a",
      "tm": [
        [1.0,0.0,2.08219e-06],
        [0.0,1.0,0.0],
        [-2.08219e-06,0.0,1.0],
        [308.125,0.0,243.291]
      ]
    }
  },
  {
    "node": {
      "name": "universal_airfield_fence_a",
      "tm": [
        [-1.0,0.0,-1.99477e-06],
        [0.0,1.0,0.0],
        [1.99477e-06,0.0,-1.0],
        [304.476,0.0,243.291]
      ]
    }
  },
  {
    "node": {
      "name": "universal_airfield_fence_a",
      "tm": [
        [1.0,0.0,2.08219e-06],
        [0.0,1.0,0.0],
        [-2.08219e-06,0.0,1.0],
        [300.827,0.0,243.291]
      ]
    }
  },
  {
    "node": {
      "name": "universal_airfield_fence_a",
      "tm": [
        [-1.0,0.0,-1.99477e-06],
        [0.0,1.0,0.0],
        [1.99477e-06,0.0,-1.0],
        [297.178,0.0,243.291]
      ]
    }
  },
  {
    "node": {
      "name": "universal_airfield_fence_a",
      "tm": [
        [1.0,0.0,2.08219e-06],
        [0.0,1.0,0.0],
        [-2.08219e-06,0.0,1.0],
        [293.53,0.0,243.291]
      ]
    }
  },
  {
    "node": {
      "name": "universal_airfield_fence_a",
      "tm": [
        [-1.0,0.0,-1.99477e-06],
        [0.0,1.0,0.0],
        [1.99477e-06,0.0,-1.0],
        [289.881,0.0,243.291]
      ]
    }
  },
  {
    "node": {
      "name": "universal_airfield_fence_a",
      "tm": [
        [1.0,0.0,2.08219e-06],
        [0.0,1.0,0.0],
        [-2.08219e-06,0.0,1.0],
        [286.232,0.0,243.291]
      ]
    }
  },
  {
    "node": {
      "name": "universal_airfield_fence_a",
      "tm": [
        [-1.0,0.0,-1.99477e-06],
        [0.0,1.0,0.0],
        [1.99477e-06,0.0,-1.0],
        [282.583,0.0,243.291]
      ]
    }
  },
  {
    "node": {
      "name": "universal_airfield_fence_a",
      "tm": [
        [1.0,0.0,2.08219e-06],
        [0.0,1.0,0.0],
        [-2.08219e-06,0.0,1.0],
        [278.934,0.0,243.291]
      ]
    }
  },
  {
    "node": {
      "name": "universal_airfield_fence_a",
      "tm": [
        [-1.0,0.0,-1.99477e-06],
        [0.0,1.0,0.0],
        [1.99477e-06,0.0,-1.0],
        [275.285,0.0,243.291]
      ]
    }
  },
  {
    "node": {
      "name": "universal_airfield_fence_a",
      "tm": [
        [1.0,0.0,2.08219e-06],
        [0.0,1.0,0.0],
        [-2.08219e-06,0.0,1.0],
        [271.636,0.0,243.291]
      ]
    }
  },
  {
    "node": {
      "name": "universal_airfield_fence_a",
      "tm": [
        [-1.0,0.0,-1.99477e-06],
        [0.0,1.0,0.0],
        [1.99477e-06,0.0,-1.0],
        [267.987,0.0,243.291]
      ]
    }
  },
  {
    "node": {
      "name": "universal_airfield_fence_a",
      "tm": [
        [1.0,0.0,2.08219e-06],
        [0.0,1.0,0.0],
        [-2.08219e-06,0.0,1.0],
        [264.338,0.0,243.291]
      ]
    }
  },
  {
    "node": {
      "name": "universal_airfield_fence_a",
      "tm": [
        [-1.0,0.0,-1.99477e-06],
        [0.0,1.0,0.0],
        [1.99477e-06,0.0,-1.0],
        [260.689,0.0,243.291]
      ]
    }
  },
  {
    "node": {
      "name": "universal_airfield_fence_a",
      "tm": [
        [1.0,0.0,2.08219e-06],
        [0.0,1.0,0.0],
        [-2.08219e-06,0.0,1.0],
        [257.04,0.0,243.291]
      ]
    }
  },
  {
    "node": {
      "name": "universal_airfield_fence_a",
      "tm": [
        [-1.0,0.0,-1.99477e-06],
        [0.0,1.0,0.0],
        [1.99477e-06,0.0,-1.0],
        [253.391,0.0,243.291]
      ]
    }
  },
  {
    "node": {
      "name": "universal_airfield_fence_a",
      "tm": [
        [1.0,0.0,2.08219e-06],
        [0.0,1.0,0.0],
        [-2.08219e-06,0.0,1.0],
        [249.742,0.0,243.291]
      ]
    }
  },
  {
    "node": {
      "name": "universal_airfield_fence_a",
      "tm": [
        [-1.0,0.0,-1.99477e-06],
        [0.0,1.0,0.0],
        [1.99477e-06,0.0,-1.0],
        [246.093,0.0,243.291]
      ]
    }
  },
  {
    "node": {
      "name": "universal_airfield_fence_a",
      "tm": [
        [1.0,0.0,2.08219e-06],
        [0.0,1.0,0.0],
        [-2.08219e-06,0.0,1.0],
        [242.444,0.0,243.291]
      ]
    }
  },
  {
    "node": {
      "name": "universal_airfield_fence_a",
      "tm": [
        [-1.0,0.0,-1.99477e-06],
        [0.0,1.0,0.0],
        [1.99477e-06,0.0,-1.0],
        [238.795,0.0,243.291]
      ]
    }
  },
  {
    "node": {
      "name": "universal_airfield_fence_a",
      "tm": [
        [1.0,0.0,2.08219e-06],
        [0.0,1.0,0.0],
        [-2.08219e-06,0.0,1.0],
        [235.146,0.0,243.291]
      ]
    }
  },
  {
    "node": {
      "name": "universal_airfield_fence_a",
      "tm": [
