{
  "className": "composit",
  "size": [
    1024.0,
    256.0
  ],
  "airfield": {
    "start": [
      1335.0,
      0.0,
      0.0
    ],
    "end": [
      -1357.0,
      0.0,
      0.0
    ],
    "width": 270.0,
    "spawn": [
      [
        1127.0,
        0.0,
        -6.0
      ],
      [
        1140.0,
        0.0,
        6.0
      ],
      [
        1151.0,
        0.0,
        -6.0
      ],
      [
        1164.0,
        0.0,
        6.0
      ],
      [
        1175.0,
        0.0,
        -6.0
      ],
      [
        1187.0,
        0.0,
        6.0
      ],
      [
        1199.0,
        0.0,
        -6.0
      ],
      [
        1211.0,
        0.0,
        6.0
      ],
      [
        1223.0,
        0.0,
        -6.0
      ],
      [
        1235.0,
        0.0,
        6.0
      ],
      [
        1246.0,
        0.0,
        -6.0
      ],
      [
        1258.0,
        0.0,
        6.0
      ],
      [
        1270.0,
        0.0,
        -6.0
      ],
      [
        1283.0,
        0.0,
        6.0
      ],
      [
        1295.0,
        0.0,
        -6.0
      ],
      [
        1308.0,
        0.0,
        6.0
      ]
    ],
    "repairTags": {
      "type_attack_helicopter": false,
      "type_utility_helicopter": false
    }
  },
  "node": [
    {
      "name": "^^dynaf_sicily_2line_2k_mesh",
      "tm": [
        [
          1.0,
          0.0,
          0.0
        ],
        [
          0.0,
          1.0,
          0.0
        ],
        [
          0.0,
          0.0,
          1.0
        ],
        [
          0.0,
          3.0,
          0.0
        ]
      ]
    },
    {
      "name": "+NoTreesBox001",
      "tm": [
        [
          1700.0,
          0.0,
          0.0
        ],
        [
          0.0,
          15.0,
          0.0
        ],
        [
          0.0,
          0.0,
          405.0
        ],
        [
          0.0,
          0.0,
          -42.0
        ]
      ]
    },
    {
      "name": "+NoTreesBox002",
      "tm": [
        [
          510.0,
          0.0,
          0.0
        ],
        [
          0.0,
          15.0,
          0.0
        ],
        [
          0.0,
          0.0,
          41.0
        ],
        [
          -801.0,
          0.0,
          497.0
        ]
      ]
    },
    {
      "name": "+NoTreesBox003",
      "tm": [
        [
          655.0,
          0.0,
          0.0
        ],
        [
          0.0,
          15.0,
          0.0
        ],
        [
          0.0,
          0.0,
          318.0
        ],
        [
          795.0,
          0.0,
          560.0
        ]
      ]
    },
    {
      "name": "sicily_caponeer_rendinst",
      "tm": [
        [
          -0.221156,
          0.0,
          1.26133
        ],
        [
          0.0,
          1.28058,
          0.0
        ],
        [
          -1.26133,
          0.0,
          -0.221156
        ],
        [
          -1060.93,
          0.0,
          600.249
        ]
      ]
    },
    {
      "name": "britain_big_hangar_rendinst",
      "tm": [
        [
          0.490656,
          0.0,
          0.871353
        ],
        [
          0.0,
          1.0,
          0.0
        ],
        [
          -0.871353,
          0.0,
          0.490656
        ],
        [
          -1153.01,
          0.0,
          527.176
        ]
      ]
    },
    {
      "name": "britain_big_hangar_rendinst",
      "tm": [
        [
          0.490656,
          0.0,
          0.871353
        ],
        [
          0.0,
          1.0,
          0.0
        ],
        [
          -0.871353,
          0.0,
          0.490656
        ],
        [
          -1115.22,
          0.0,
          506.392
        ]
      ]
    },
    {
      "name": "britain_big_hangar_rendinst",
      "tm": [
        [
          -0.43624,
          0.0,
          0.89983
        ],
        [
          0.0,
          1.0,
          0.0
        ],
        [
          -0.89983,
          0.0,
          -0.43624
        ],
        [
          643.603,
          0.0,
          749.205
        ]
      ]
    },
    {
      "name": "britain_big_hangar_rendinst",
      "tm": [
        [
          -0.43624,
          0.0,
          0.89983
        ],
        [
          0.0,
          1.0,
          0.0
        ],
        [
          -0.89983,
          0.0,
          -0.43624
        ],
        [
          682.396,
          0.0,
          767.543
        ]
      ]
    },
    {
      "name": "britain_big_hangar_rendinst",
      "tm": [
        [
          -0.43624,
          0.0,
          0.89983
        ],
        [
          0.0,
          1.0,
          0.0
        ],
        [
          -0.89983,
          0.0,
          -0.43624
        ],
        [
          721.189,
          0.0,
          785.882
        ]
      ]
    },
    {
      "name": "britain_big_hangar_rendinst",
      "tm": [
        [
          -0.703065,
          0.0,
          0.711126
        ],
        [
          0.0,
          1.0,
          0.0
        ],
        [
          -0.711126,
          0.0,
          -0.703065
        ],
        [
          1201.72,
          0.0,
          744.005
        ]
      ]
    },
    {
      "name": "britain_big_hangar_rendinst",
      "tm": [
        [
          -0.703065,
          0.0,
          0.711126
        ],
        [
          0.0,
          1.0,
          0.0
        ],
        [
          -0.711126,
          0.0,
          -0.703065
        ],
        [
          1231.27,
          0.0,
          772.897
        ]
      ]
    },
    {
      "name": "sicily_caponeer_rendinst",
      "tm": [
        [
          0.112837,
          0.0,
          1.27559
        ],
        [
          0.0,
          1.28058,
          0.0
        ],
        [
          -1.27559,
          0.0,
          0.112837
        ],
        [
          -931.55,
          0.0,
          646.62
        ]
      ]
    },
    {
      "name": "sicily_caponeer_rendinst",
      "tm": [
        [
          -1.16007,
          0.0,
          0.542311
        ],
        [
          0.0,
          1.28058,
          0.0
        ],
        [
          -0.542311,
          0.0,
          -1.16007
        ],
        [
          -938.546,
          0.0,
          508.231
        ]
      ]
    },
    {
      "name": "sicily_caponeer_rendinst",
      "tm": [
        [
          1.20293,
          0.0,
          -0.43914
        ],
        [
          0.0,
          1.28058,
          0.0
        ],
        [
          0.43914,
          0.0,
          1.20293
        ],
        [
          -1036.64,
          0.0,
          387.808
        ]
      ]
    },
    {
      "name": "sicily_caponeer_rendinst",
      "tm": [
        [
          0.221157,
          0.0,
          -1.26133
        ],
        [
          0.0,
          1.28058,
          0.0
        ],
        [
          1.26133,
          0.0,
          0.221157
        ],
        [
          -617.033,
          0.0,
          543.491
        ]
      ]
    },
    {
      "name": "sicily_caponeer_rendinst",
      "tm": [
        [
          -1.16007,
          0.0,
          0.54231
        ],
        [
          0.0,
          1.28058,
          0.0
        ],
        [
          -0.54231,
          0.0,
          -1.16007
        ],
        [
          -690.232,
          0.0,
          423.124
        ]
      ]
    },
    {
      "name": "sicily_caponeer_rendinst",
      "tm": [
        [
          0.00123187,
          0.0,
          1.28057
        ],
        [
          0.0,
          1.28058,
          0.0
        ],
        [
          -1.28057,
          0.0,
          0.00123187
        ],
        [
          -541.627,
          0.0,
          406.313
        ]
      ]
    },
    {
      "name": "sicily_caponeer_rendinst",
      "tm": [
        [
          0.221157,
          0.0,
          -1.26133
        ],
        [
          0.0,
          1.28058,
          0.0
        ],
        [
          1.26133,
          0.0,
          0.221157
        ],
        [
          -467.972,
          0.0,
          516.104
        ]
      ]
    },
    {
      "name": "berlin_command_center_rendinst",
      "tm": [
        [
          0.5,
          0.0,
          0.866025
        ],
        [
          0.0,
          1.0,
          0.0
        ],
        [
          -0.866025,
          0.0,
          0.5
        ],
        [
          -1102.18,
          0.0,
          579.358
        ]
      ]
    },
    {
      "name": "berlin_command_center_rendinst",
      "tm": [
        [
          1.0,
          0.0,
          0.0
        ],
        [
          0.0,
          1.0,
          0.0
        ],
        [
          0.0,
          0.0,
          1.0
        ],
        [
          309.995,
          0.0,
          376.55
        ]
      ]
    },
    {
      "name": "berlin_command_center_rendinst",
      "tm": [
        [
          -1.0,
          0.0,
          -1.50996E-07
        ],
        [
          0.0,
          1.0,
          0.0
        ],
        [
          1.50996E-07,
          0.0,
          -1.0
        ],
        [
          458.576,
          0.0,
          501.76
        ]
      ]
    },
    {
      "name": "berlin_command_center_rendinst",
      "tm": [
        [
          0.707107,
          0.0,
          0.707107
        ],
        [
          0.0,
          1.0,
          0.0
        ],
        [
          -0.707107,
          0.0,
          0.707107
        ],
        [
          1151.47,
          0.0,
          811.532
        ]
      ]
    },
    {
      "name": "sicily_hangar_3_rendinst",
      "tm": [
        [
          0.570459,
          0.0,
          0.821326
        ],
        [
          0.0,
          1.0,
          0.0
        ],
        [
          -0.821326,
          0.0,
          0.570459
        ],
        [
          -1175.51,
          0.0,
          393.864
        ]
      ]
    },
    {
      "name": "sicily_hangar_3_rendinst",
      "tm": [
        [
          0.496706,
          0.0,
          0.867919
        ],
        [
          0.0,
          1.0,
          0.0
        ],
        [
          -0.867919,
          0.0,
          0.496706
        ],
        [
          -1075.61,
          0.0,
          526.481
        ]
      ]
    },
    {
      "name": "sicily_hangar_3_rendinst",
      "tm": [
        [
          0.496706,
          0.0,
          0.867919
        ],
        [
          0.0,
          1.0,
          0.0
        ],
        [
          -0.867919,
          0.0,
          0.496706
        ],
        [
          -1090.7,
          0.0,
          536.084
        ]
      ]
    },
    {
      "name": "sicily_hangar_3_rendinst",
      "tm": [
        [
          -0.864119,
          0.0,
          -0.503287
        ],
        [
          0.0,
          1.0,
          0.0
        ],
        [
          0.503287,
          0.0,
          -0.864119
        ],
        [
          -1037.39,
          0.0,
          575.136
        ]
      ]
    },
    {
      "name": "sicily_hangar_3_rendinst",
      "tm": [
        [
          -0.00379989,
          0.0,
          0.999993
        ],
        [
          0.0,
          1.0,
          0.0
        ],
        [
          -0.999993,
          0.0,
          -0.00379989
        ],
        [
          469.83,
          0.0,
          458.463
        ]
      ]
    },
    {
      "name": "sicily_hangar_3_rendinst",
      "tm": [
        [
          -0.00379989,
          0.0,
          0.999993
        ],
        [
          0.0,
          1.0,
          0.0
        ],
        [
          -0.999993,
          0.0,
          -0.00379989
        ],
        [
          297.115,
          0.0,
          406.504
        ]
      ]
    },
    {
      "name": "sicily_hangar_3_rendinst",
      "tm": [
        [
          -0.00379989,
          0.0,
          0.999993
        ],
        [
          0.0,
          1.0,
          0.0
        ],
        [
          -0.999993,
          0.0,
          -0.00379989
        ],
        [
          277.746,
          0.0,
          406.504
        ]
      ]
    },
    {
      "name": "berlin_small_barracks_rendinst",
      "tm": [
        [
          0.866026,
          0.0,
          -0.5
        ],
        [
          0.0,
          1.0,
          0.0
        ],
        [
          0.5,
          0.0,
          0.866026
        ],
        [
          -1209.48,
          0.0,
          412.683
        ]
      ]
    },
    {
      "name": "berlin_small_barracks_rendinst",
      "tm": [
        [
          -0.819152,
          0.0,
          0.573576
        ],
        [
          0.0,
          1.0,
          0.0
        ],
        [
          -0.573576,
          0.0,
          -0.819152
        ],
        [
          -1133.79,
          0.0,
          576.799
        ]
      ]
    },
    {
      "name": "berlin_small_barracks_rendinst",
      "tm": [
        [
          -4.01339E-07,
          0.0,
          1.0
        ],
        [
          0.0,
          1.0,
          0.0
        ],
        [
          -1.0,
          0.0,
          -4.01339E-07
        ],
        [
          227.803,
          0.0,
          396.36
        ]
      ]
    },
    {
      "name": "sicily_tech_building_2_rendinst",
      "tm": [
        [
          -0.986512,
          0.0,
          -0.163688
        ],
        [
          0.0,
          1.0,
          0.0
        ],
        [
          0.163688,
          0.0,
          -0.986512
        ],
        [
          -1040.06,
          0.0,
          641.006
        ]
      ]
    },
    {
      "name": "sicily_tech_building_2_rendinst",
      "tm": [
        [
          -0.860929,
          0.0,
          0.508725
        ],
        [
          0.0,
          1.0,
          0.0
        ],
        [
          -0.508725,
          0.0,
          -0.860929
        ],
        [
          -1156.35,
          0.0,
          447.289
        ]
      ]
    },
    {
      "name": "sicily_tech_building_2_rendinst",
      "tm": [
        [
          0.508725,
          0.0,
          0.860929
        ],
        [
          0.0,
          1.0,
          0.0
        ],
        [
          -0.860929,
          0.0,
          0.508725
        ],
        [
          -1227.2,
          0.0,
          424.781
        ]
      ]
    },
    {
      "name": "sicily_tech_building_2_rendinst",
      "tm": [
        [
          0.0101045,
          0.0,
          0.999949
        ],
        [
          0.0,
          1.0,
          0.0
        ],
        [
          -0.999949,
          0.0,
          0.0101045
        ],
        [
          483.727,
          0.0,
          497.894
        ]
      ]
    },
    {
      "name": "sicily_control_tower_1_rendinst",
      "tm": [
        [
          -0.642787,
          0.0,
          -0.766045
        ],
        [
          0.0,
          1.0,
          0.0
        ],
        [
          0.766045,
          0.0,
          -0.642787
        ],
        [
          -1154.66,
          0.0,
          387.818
        ]
      ]
    },
    {
      "name": "sicily_control_tower_1_rendinst",
      "tm": [
        [
          -0.499999,
          0.0,
          -0.866026
        ],
        [
          0.0,
          1.0,
          0.0
        ],
        [
          0.866026,
          0.0,
          -0.499999
        ],
        [
          -716.765,
          0.0,
          611.845
        ]
      ]
    },
    {
      "name": "sicily_control_tower_1_rendinst",
      "tm": [
        [
          -0.0871548,
          0.0,
          -0.996195
        ],
        [
          0.0,
          1.0,
          0.0
        ],
        [
          0.996195,
          0.0,
          -0.0871548
        ],
        [
          244.655,
          0.0,
          413.175
        ]
      ]
    },
    {
      "name": "sicily_control_tower_1_rendinst",
      "tm": [
        [
          -0.0871548,
          0.0,
          -0.996195
        ],
        [
          0.0,
          1.0,
          0.0
        ],
        [
          0.996195,
          0.0,
          -0.0871548
        ],
        [
          1278.51,
          0.0,
          551.625
        ]
      ]
    },
    {
      "name": "sicily_control_tower_1_rendinst",
      "tm": [
        [
          0.996195,
          0.0,
          -0.0871546
        ],
        [
          0.0,
          1.0,
          0.0
        ],
        [
          0.0871546,
          0.0,
          0.996195
        ],
        [
          1269.54,
          0.0,
          552.629
        ]
      ]
    },
    {
      "name": "sicily_tech_building_1_rendinst",
      "tm": [
        [
          0.853064,
          0.0,
          -0.521806
        ],
        [
          0.0,
          1.0,
          0.0
        ],
        [
          0.521806,
          0.0,
          0.853064
        ],
        [
          -1165.57,
          0.0,
          436.397
        ]
      ]
    },
    {
      "name": "sicily_tech_building_1_rendinst",
      "tm": [
        [
          -0.521805,
          0.0,
          -0.853065
        ],
        [
          0.0,
          1.0,
          0.0
        ],
        [
          0.853065,
          0.0,
          -0.521805
        ],
        [
          -1257.06,
          0.0,
          431.784
        ]
      ]
    },
    {
      "name": "sicily_tech_building_1_rendinst",
      "tm": [
        [
          -0.521805,
          0.0,
          -0.853065
        ],
        [
          0.0,
          1.0,
          0.0
        ],
        [
          0.853065,
          0.0,
          -0.521805
        ],
        [
          -1187.67,
          0.0,
          499.308
        ]
      ]
    },
    {
      "name": "sicily_tech_building_1_rendinst",
      "tm": [
        [
          -0.999678,
          0.0,
          0.0253641
        ],
        [
          0.0,
          1.0,
          0.0
        ],
        [
          -0.0253641,
          0.0,
          -0.999678
        ],
        [
          -874.12,
          0.0,
          371.726
        ]
      ]
    },
    {
      "name": "sicily_tech_building_1_rendinst",
      "tm": [
        [
          -0.999678,
          0.0,
          0.0253641
        ],
        [
          0.0,
          1.0,
          0.0
        ],
        [
          -0.0253641,
          0.0,
          -0.999678
        ],
        [
          -53.3478,
          0.0,
          301.83
        ]
      ]
    },
    {
      "name": "sicily_tech_building_1_rendinst",
      "tm": [
        [
          -0.999678,
          0.0,
          0.0253641
        ],
        [
          0.0,
          1.0,
          0.0
        ],
        [
          -0.0253641,
          0.0,
          -0.999678
        ],
        [
          52.4022,
          0.0,
          318.326
        ]
      ]
    },
    {
      "name": "sicily_tech_building_1_rendinst",
      "tm": [
        [
          -0.999678,
          0.0,
          0.0253641
        ],
        [
          0.0,
          1.0,
          0.0
        ],
        [
          -0.0253641,
          0.0,
          -0.999678
        ],
        [
          253.898,
          0.0,
          397.111
        ]
      ]
    },
    {
      "name": "sicily_tech_building_1_rendinst",
      "tm": [
        [
          0.0618603,
          0.0,
          -0.998085
        ],
        [
          0.0,
          1.0,
          0.0
        ],
        [
          0.998085,
          0.0,
          0.0618603
        ],
        [
          814.112,
          0.0,
          781.437
        ]
      ]
    },
    {
      "name": "sicily_tech_building_1_rendinst",
      "tm": [
        [
          0.0618603,
          0.0,
          -0.998085
        ],
        [
          0.0,
          1.0,
          0.0
        ],
        [
          0.998085,
          0.0,
          0.0618603
        ],
        [
          826.972,
          0.0,
          782.328
        ]
      ]
    },
    {
      "name": "sicily_tech_building_1_rendinst",
      "tm": [
        [
          0.0618603,
          0.0,
          -0.998085
        ],
        [
          0.0,
          1.0,
          0.0
        ],
        [
          0.998085,
          0.0,
          0.0618603
        ],
        [
          840.722,
          0.0,
          782.623
        ]
      ]
    },
    {
      "name": "britain_big_hangar_rendinst",
      "tm": [
        [
          -0.996675,
          0.0,
          -0.0814758
        ],
        [
          0.0,
          1.0,
          0.0
        ],
        [
          0.0814758,
          0.0,
          -0.996675
        ],
        [
          873.697,
          0.0,
          815.219
        ]
      ]
    },
    {
      "name": "sicily_caponeer_rendinst",
      "tm": [
        [
          -1.27581,
          0.0,
          -0.110382
        ],
        [
          0.0,
          1.28058,
          0.0
        ],
        [
          0.110382,
          0.0,
          -1.27581
        ],
        [
          -1153.58,
          0.0,
          329.116
        ]
      ]
    },
    {
      "name": "sicily_weapon_empl_rendinst",
      "tm": [
        [
          -0.0159249,
          0.0,
          0.999873
        ],
        [
          0.0,
          1.0,
          0.0
        ],
        [
          -0.999873,
          0.0,
          -0.0159249
        ],
        [
          -1216.39,
          0.0,
          488.796
        ]
      ]
    },
    {
      "name": "sicily_weapon_empl_rendinst",
      "tm": [
        [
          0.157943,
          0.0,
          0.987448
        ],
        [
          0.0,
          1.0,
          0.0
        ],
        [
          -0.987448,
          0.0,
          0.157943
        ],
        [
          -630.527,
          0.0,
          404.678
        ]
      ]
    },
    {
      "name": "sicily_weapon_empl_rendinst",
      "tm": [
        [
          -0.0159249,
          0.0,
          0.999873
        ],
        [
          0.0,
          1.0,
          0.0
        ],
        [
          -0.999873,
          0.0,
          -0.0159249
        ],
        [
          -76.8538,
          0.0,
          304.249
        ]
      ]
    },
    {
      "name": "sicily_weapon_empl_rendinst",
      "tm": [
        [
          -0.0159249,
          0.0,
          0.999873
        ],
        [
          0.0,
          1.0,
          0.0
        ],
        [
          -0.999873,
          0.0,
          -0.0159249
        ],
        [
          471.907,
          0.0,
          363.048
        ]
      ]
    },
    {
      "name": "sicily_weapon_empl_rendinst",
      "tm": [
        [
          -0.0159249,
          0.0,
          0.999873
        ],
        [
          0.0,
          1.0,
          0.0
        ],
        [
          -0.999873,
          0.0,
          -0.0159249
        ],
        [
          1277.41,
          0.0,
          431.207
        ]
      ]
    },
    {
      "name": "sicily_observ_post_2_rendinst",
      "tm": [
        [
          -0.104148,
          0.0,
          -0.994562
        ],
        [
          0.0,
          1.0,
          0.0
        ],
        [
          0.994562,
          0.0,
          -0.104148
        ],
        [
          -1151.54,
          0.0,
          403.449
        ]
      ]
    },
    {
      "name": "sicily_observ_post_2_rendinst",
      "tm": [
        [
          0.997537,
          0.0,
          0.0701373
        ],
        [
          0.0,
          1.0,
          0.0
        ],
        [
          -0.0701373,
          0.0,
          0.997537
        ],
        [
          -24.4848,
          0.0,
          312.803
        ]
      ]
    },
    {
      "name": "sicily_observ_post_2_rendinst",
      "tm": [
        [
          -0.104148,
          0.0,
          -0.994562
        ],
        [
          0.0,
          1.0,
          0.0
        ],
        [
          0.994562,
          0.0,
          -0.104148
        ],
        [
          228.835,
          0.0,
          413.159
        ]
      ]
    },
    {
      "name": "sicily_observ_post_2_rendinst",
      "tm": [
        [
          -0.104148,
          0.0,
          -0.994562
        ],
        [
          0.0,
          1.0,
          0.0
        ],
        [
          0.994562,
          0.0,
          -0.104148
        ],
        [
          393.455,
          0.0,
          348.884
        ]
      ]
    },
    {
      "name": "britain_big_hangar_rendinst",
      "tm": [
        [
          -0.999996,
          0.0,
          -0.00275954
        ],
        [
          0.0,
          1.0,
          0.0
        ],
        [
          0.00275954,
          0.0,
          -0.999996
        ],
        [
          285.11,
          0.0,
          449.134
        ]
      ]
    },
    {
      "name": "britain_big_hangar_rendinst",
      "tm": [
        [
          -0.999996,
          0.0,
          -0.00275954
        ],
        [
          0.0,
          1.0,
          0.0
        ],
        [
          0.00275954,
          0.0,
          -0.999996
        ],
        [
          285.11,
          0.0,
          493.335
        ]
      ]
    },
    {
      "name": "sicily_hangar_3_rendinst",
      "tm": [
        [
          -0.00379989,
          0.0,
          0.999993
        ],
        [
          0.0,
          1.0,
          0.0
        ],
        [
          -0.999993,
          0.0,
          -0.00379989
        ],
        [
          472.216,
          0.0,
          583.163
        ]
      ]
    },
    {
      "name": "sicily_tech_building_2_rendinst",
      "tm": [
        [
          0.99991,
          0.0,
          0.0133914
        ],
        [
          0.0,
          1.0,
          0.0
        ],
        [
          -0.0133914,
          0.0,
          0.99991
        ],
        [
          92.5977,
          0.0,
          316.378
        ]
      ]
    },
    {
      "name": "sicily_tech_building_2_rendinst",
      "tm": [
        [
          0.99991,
          0.0,
          0.0133914
        ],
        [
          0.0,
          1.0,
          0.0
        ],
        [
          -0.0133914,
          0.0,
          0.99991
        ],
        [
          105.167,
          0.0,
          306.349
        ]
      ]
    },
    {
      "name": "sicily_tech_building_2_rendinst",
      "tm": [
        [
          0.705322,
          0.0,
          0.708887
        ],
        [
          0.0,
          1.0,
          0.0
        ],
        [
          -0.708887,
          0.0,
          0.705322
        ],
        [
          1143.28,
          0.0,
          806.293
        ]
      ]
    },
    {
      "name": "boxes_rendinst",
      "tm": [
        [
          0.19333,
          0.0,
          -0.981134
        ],
        [
          0.0,
          1.0,
          0.0
        ],
        [
          0.981134,
          0.0,
          0.19333
        ],
        [
          1297.62,
          0.0,
          614.404
        ]
      ]
    },
    {
      "name": "boxes_rendinst",
      "tm": [
        [
          -0.464462,
          0.0,
          -0.885593
        ],
        [
          0.0,
          1.0,
          0.0
        ],
        [
          0.885593,
          0.0,
          -0.464462
        ],
        [
          1298.51,
          0.0,
          618.069
        ]
      ]
    },
    {
      "name": "boxes_rendinst",
      "tm": [
        [
          0.863885,
          0.0,
          -0.503689
        ],
        [
          0.0,
          1.0,
          0.0
        ],
        [
          0.503689,
          0.0,
          0.863885
        ],
        [
          1267.83,
          0.0,
          612.861
        ]
      ]
    },
    {
      "name": "boxes_rendinst",
      "tm": [
        [
          0.988813,
          0.0,
          0.149159
        ],
        [
          0.0,
          1.0,
          0.0
        ],
        [
          -0.149159,
          0.0,
          0.988813
        ],
        [
          1271.45,
          0.0,
          611.811
        ]
      ]
    },
    {
      "name": "sicily_hangar_3_rendinst",
      "tm": [
        [
          -0.897379,
          0.0,
          -0.44126
        ],
        [
          0.0,
          1.0,
          0.0
        ],
        [
          0.44126,
          0.0,
          -0.897379
        ],
        [
          607.546,
          0.0,
          731.478
        ]
      ]
    },
    {
      "name": "sicily_tech_building_1_rendinst",
      "tm": [
        [
          0.496418,
          0.0,
          -0.868084
        ],
        [
          0.0,
          1.0,
          0.0
        ],
        [
          0.868084,
          0.0,
          0.496418
        ],
        [
          596.031,
          0.0,
          680.22
        ]
      ]
    }
  ]
}