{
  "className": "composit",
  "size": [
    1600.0,
    256.0
  ],
  "airfield": {
    "start": [
      710.0,
      0.0,
      0.0
    ],
    "end": [
      -710.0,
      0.0,
      0.0
    ],
    "width": 120.0,
    "spawn": [
      [
        530.0,
        0.0,
        -11.0
      ],
      [
        521.0,
        0.0,
        0.0
      ],
      [
        530.0,
        0.0,
        11.0
      ],
      [
        544.0,
        0.0,
        -11.0
      ],
      [
        535.0,
        0.0,
        0.0
      ],
      [
        544.0,
        0.0,
        11.0
      ],
      [
        558.0,
        0.0,
        -11.0
      ],
      [
        549.0,
        0.0,
        0.0
      ],
      [
        558.0,
        0.0,
        11.0
      ],
      [
        572.0,
        0.0,
        -11.0
      ],
      [
        563.0,
        0.0,
        0.0
      ],
      [
        572.0,
        0.0,
        11.0
      ],
      [
        586.0,
        0.0,
        -11.0
      ],
      [
        577.0,
        0.0,
        0.0
      ],
      [
        586.0,
        0.0,
        11.0
      ],
      [
        600.0,
        0.0,
        -11.0
      ],
      [
        591.0,
        0.0,
        0.0
      ],
      [
        600.0,
        0.0,
        11.0
      ],
      [
        614.0,
        0.0,
        -11.0
      ],
      [
        605.0,
        0.0,
        0.0
      ],
      [
        614.0,
        0.0,
        11.0
      ],
      [
        628.0,
        0.0,
        -11.0
      ],
      [
        619.0,
        0.0,
        0.0
      ],
      [
        628.0,
        0.0,
        11.0
      ],
      [
        642.0,
        0.0,
        -11.0
      ],
      [
        633.0,
        0.0,
        0.0
      ],
      [
        642.0,
        0.0,
        11.0
      ],
      [
        656.0,
        0.0,
        -11.0
      ],
      [
        647.0,
        0.0,
        0.0
      ],
      [
        656.0,
        0.0,
        11.0
      ],
      [
        670.0,
        0.0,
        -11.0
      ],
      [
        661.0,
        0.0,
        0.0
      ],
      [
        670.0,
        0.0,
        11.0
      ]
    ],
    "repairTags": {
      "type_attack_helicopter": false,
      "type_utility_helicopter": false
    }
  },
  "node": [
    {
      "name": "^^dynaf_stalingrad_dirt1_ally_mesh",
      "tm": [
        [
          1.0,
          0.0,
          0.0
        ],
        [
          0.0,
          1.0,
          0.0
        ],
        [
          0.0,
          0.0,
          1.0
        ],
        [
          0.0,
          0.0,
          0.0
        ]
      ]
    },
    {
      "name": "++NoTreesBox000",
      "tm": [
        [
          2200.0,
          0.0,
          0.0
        ],
        [
          0.0,
          150.0,
          0.0
        ],
        [
          0.0,
          0.0,
          80.0
        ],
        [
          -20.0,
          0.0,
          4.0
        ]
      ]
    },
    {
      "name": "++NoTreesBox001",
      "tm": [
        [
          882.834,
          0.0,
          0.0
        ],
        [
          0.0,
          29.3132,
          0.0
        ],
        [
          0.0,
          0.0,
          94.1334
        ],
        [
          -189.429,
          29.3132,
          46.585
        ]
      ]
    },
    {
      "name": "++NoTreesBox002",
      "tm": [
        [
          640.999,
          0.0,
          0.0
        ],
        [
          0.0,
          29.3132,
          0.0
        ],
        [
          0.0,
          0.0,
          90.7289
        ],
        [
          -201.89,
          29.3132,
          -137.487
        ]
      ]
    },
    {
      "name": "++NoTreesBox003",
      "tm": [
        [
          407.458,
          0.0,
          0.0
        ],
        [
          0.0,
          29.3132,
          0.0
        ],
        [
          0.0,
          0.0,
          98.527
        ],
        [
          -155.949,
          29.3132,
          235.005
        ]
      ]
    },
    {
      "name": "britain_army_tent_rendinst",
      "tm": [
        [
          -0.0535642,
          -1.32848e-8,
          -0.998564
        ],
        [
          -1.36728e-7,
          1.0,
          -5.96968e-9
        ],
        [
          0.998564,
          1.36212e-7,
          -0.0535642
        ],
        [
          -343.995,
          0.0,
          -73.652
        ]
      ]
    },
    {
      "name": "britain_tent_2_rendinst",
      "tm": [
        [
          0.668215,
          0.0,
          -0.743968
        ],
        [
          0.0,
          1.0,
          0.0
        ],
        [
          0.743968,
          0.0,
          0.668215
        ],
        [
          -312.343,
          0.0,
          -112.875
        ]
      ]
    },
    {
      "name": "britain_tent_1_rendinst",
      "tm": [
        [
          -0.391863,
          0.0,
          -0.920024
        ],
        [
          0.0,
          1.0,
          0.0
        ],
        [
          0.920024,
          0.0,
          -0.391863
        ],
        [
          -298.778,
          0.0,
          -104.516
        ]
      ]
    },
    {
      "name": "britain_big_army_tent_rendinst",
      "tm": [
        [
          -0.685896,
          0.0,
          -0.727699
        ],
        [
          0.0,
          1.0,
          0.0
        ],
        [
          0.727699,
          0.0,
          -0.685896
        ],
        [
          -326.007,
          0.0,
          -91.0391
        ]
      ]
    },
    {
      "name": "britain_tent_1_rendinst",
      "tm": [
        [
          -0.020524,
          -5.84974e-9,
          -0.999789
        ],
        [
          -9.1152e-8,
          1.0,
          -3.97978e-9
        ],
        [
          0.999789,
          9.10511e-8,
          -0.020524
        ],
        [
          -344.214,
          0.0,
          -85.2068
        ]
      ]
    },
    {
      "name": "britain_tent_1_rendinst",
      "tm": [
        [
          0.920023,
          0.0,
          -0.391864
        ],
        [
          0.0,
          1.0,
          0.0
        ],
        [
          0.391864,
          0.0,
          0.920023
        ],
        [
          -334.474,
          0.0,
          -111.049
        ]
      ]
    },
    {
      "name": "britain_tent_2_rendinst",
      "tm": [
        [
          0.978403,
          0.0,
          0.206708
        ],
        [
          0.0,
          1.0,
          0.0
        ],
        [
          -0.206708,
          0.0,
          0.978403
        ],
        [
          -299.175,
          0.0,
          -86.9524
        ]
      ]
    },
    {
      "name": "britain_army_tent_rendinst",
      "tm": [
        [
          0.787253,
          0.0,
          -0.61663
        ],
        [
          -1.82955e-8,
          1.0,
          -2.33579e-8
        ],
        [
          0.61663,
          2.96701e-8,
          0.787253
        ],
        [
          -323.897,
          0.0,
          -113.549
        ]
      ]
    },
    {
      "name": "britain_tent_2_rendinst",
      "tm": [
        [
          -0.927644,
          0.0,
          -0.373466
        ],
        [
          0.0,
          1.0,
          0.0
        ],
        [
          0.373466,
          0.0,
          -0.927644
        ],
        [
          -343.846,
          0.0,
          -110.381
        ]
      ]
    },
    {
      "name": "britain_tent_1_rendinst",
      "tm": [
        [
          0.978403,
          0.0,
          0.206707
        ],
        [
          0.0,
          1.0,
          0.0
        ],
        [
          -0.206707,
          0.0,
          0.978403
        ],
        [
          -331.138,
          0.0,
          -73.5363
        ]
      ]
    },
    {
      "name": "britain_army_tent_rendinst",
      "tm": [
        [
          -0.226149,
          0.0,
          -0.974093
        ],
        [
          -9.01118e-8,
          1.0,
          2.09207e-8
        ],
        [
          0.974093,
          9.25084e-8,
          -0.226149
        ],
        [
          451.677,
          0.0,
          -83.8104
        ]
      ]
    },
    {
      "name": "britain_tent_1_rendinst",
      "tm": [
        [
          -0.22615,
          0.0,
          -0.974093
        ],
        [
          0.0,
          1.0,
          0.0
        ],
        [
          0.974093,
          0.0,
          -0.22615
        ],
        [
          -303.278,
          0.0,
          -75.9529
        ]
      ]
    },
    {
      "name": "britain_control_tower_1_rendinst",
      "tm": [
        [
          -0.173648,
          0.0,
          0.984808
        ],
        [
          0.0,
          1.0,
          0.0
        ],
        [
          -0.984808,
          0.0,
          -0.173648
        ],
        [
          -212.145,
          0.0,
          -198.458
        ]
      ]
    },
    {
      "name": "britain_army_tent_rendinst",
      "tm": [
        [
          0.906308,
          0.0,
          0.422618
        ],
        [
          0.0,
          1.0,
          0.0
        ],
        [
          -0.422618,
          0.0,
          0.906308
        ],
        [
          -396.837,
          0.0,
          -89.1495
        ]
      ]
    },
    {
      "name": "britain_tent_2_rendinst",
      "tm": [
        [
          0.866025,
          0.0,
          -0.5
        ],
        [
          -1.22557e-8,
          1.0,
          -2.12274e-8
        ],
        [
          0.5,
          2.45113e-8,
          0.866025
        ],
        [
          -354.86,
          0.0,
          -128.366
        ]
      ]
    },
    {
      "name": "britain_tent_1_rendinst",
      "tm": [
        [
          -0.0871554,
          0.0,
          -0.996195
        ],
        [
          0.0,
          1.0,
          0.0
        ],
        [
          0.996195,
          0.0,
          -0.0871554
        ],
        [
          -355.507,
          0.0,
          -115.561
        ]
      ]
    },
    {
      "name": "britain_army_tent_rendinst",
      "tm": [
        [
          0.087156,
          0.0,
          -0.996195
        ],
        [
          0.0,
          1.0,
          0.0
        ],
        [
          0.996195,
          0.0,
          0.087156
        ],
        [
          425.645,
          0.0,
          -74.0405
        ]
      ]
    },
    {
      "name": "britain_tent_1_rendinst",
      "tm": [
        [
          0.573577,
          0.0,
          -0.819152
        ],
        [
          0.0,
          1.0,
          0.0
        ],
        [
          0.819152,
          0.0,
          0.573577
        ],
        [
          440.504,
          0.0,
          -90.9349
        ]
      ]
    },
    {
      "name": "britain_tent_1_rendinst",
      "tm": [
        [
          0.939692,
          -1.0193e-7,
          0.342021
        ],
        [
          9.57829e-8,
          1.0,
          3.48622e-8
        ],
        [
          -0.342021,
          0.0,
          0.939692
        ],
        [
          425.579,
          0.0,
          -90.4939
        ]
      ]
    },
    {
      "name": "britain_tent_2_rendinst",
      "tm": [
        [
          0.939692,
          -1.0193e-7,
          0.342021
        ],
        [
          9.57829e-8,
          1.0,
          3.48622e-8
        ],
        [
          -0.342021,
          0.0,
          0.939692
        ],
        [
          449.986,
          0.0,
          -95.2477
        ]
      ]
    },
    {
      "name": "britain_army_tent_rendinst",
      "tm": [
        [
          0.087156,
          0.0,
          -0.996195
        ],
        [
          0.0,
          1.0,
          0.0
        ],
        [
          0.996195,
          0.0,
          0.087156
        ],
        [
          433.927,
          0.0,
          -85.7
        ]
      ]
    },
    {
      "name": "britain_tent_2_rendinst",
      "tm": [
        [
          -0.866025,
          0.0,
          -0.5
        ],
        [
          0.0,
          1.0,
          0.0
        ],
        [
          0.5,
          0.0,
          -0.866025
        ],
        [
          435.132,
          0.0,
          -124.566
        ]
      ]
    },
    {
      "name": "britain_army_tent_rendinst",
      "tm": [
        [
          0.173648,
          0.0,
          0.984808
        ],
        [
          0.0,
          1.0,
          0.0
        ],
        [
          -0.984808,
          0.0,
          0.173648
        ],
        [
          -382.419,
          0.0,
          -97.3285
        ]
      ]
    },
    {
      "name": "britain_tent_1_rendinst",
      "tm": [
        [
          0.965926,
          0.0,
          -0.258819
        ],
        [
          0.0,
          1.0,
          0.0
        ],
        [
          0.258819,
          0.0,
          0.965926
        ],
        [
          447.606,
          0.0,
          -128.457
        ]
      ]
    },
    {
      "name": "britain_tent_2_rendinst",
      "tm": [
        [
          0.0871557,
          0.0,
          0.996195
        ],
        [
          0.0,
          1.0,
          0.0
        ],
        [
          -0.996195,
          0.0,
          0.0871557
        ],
        [
          429.897,
          0.0,
          -114.235
        ]
      ]
    },
    {
      "name": "britain_tent_1_rendinst",
      "tm": [
        [
          0.965926,
          0.0,
          0.258819
        ],
        [
          0.0,
          1.0,
          0.0
        ],
        [
          -0.258819,
          0.0,
          0.965926
        ],
        [
          -410.863,
          0.0,
          -96.6629
        ]
      ]
    },
    {
      "name": "britain_tent_2_rendinst",
      "tm": [
        [
          1.0,
          0.0,
          0.0
        ],
        [
          0.0,
          1.0,
          0.0
        ],
        [
          0.0,
          0.0,
          1.0
        ],
        [
          441.645,
          0.0,
          -76.2181
        ]
      ]
    },
    {
      "name": "britain_tent_1_rendinst",
      "tm": [
        [
          -0.0871554,
          0.0,
          -0.996195
        ],
        [
          0.0,
          1.0,
          0.0
        ],
        [
          0.996195,
          0.0,
          -0.0871554
        ],
        [
          454.55,
          0.0,
          -68.2079
        ]
      ]
    },
    {
      "name": "britain_tent_1_rendinst",
      "tm": [
        [
          -0.866025,
          0.0,
          -0.5
        ],
        [
          0.0,
          1.0,
          0.0
        ],
        [
          0.5,
          0.0,
          -0.866025
        ],
        [
          461.378,
          0.0,
          -124.76
        ]
      ]
    },
    {
      "name": "britain_army_tent_rendinst",
      "tm": [
        [
          0.545671,
          -2.65635e-7,
          0.838
        ],
        [
          1.44949e-7,
          1.0,
          2.22602e-7
        ],
        [
          -0.838,
          0.0,
          0.545671
        ],
        [
          -435.279,
          0.0,
          -138.403
        ]
      ]
    },
    {
      "name": "britain_tent_2_rendinst",
      "tm": [
        [
          -0.206708,
          0.0,
          0.978403
        ],
        [
          0.0,
          1.0,
          0.0
        ],
        [
          -0.978403,
          0.0,
          -0.206708
        ],
        [
          -443.079,
          0.0,
          -88.6093
        ]
      ]
    },
    {
      "name": "britain_big_army_tent_rendinst",
      "tm": [
        [
          -0.835748,
          0.0,
          0.549113
        ],
        [
          0.0,
          1.0,
          0.0
        ],
        [
          -0.549113,
          0.0,
          -0.835748
        ],
        [
          -424.805,
          0.0,
          -122.703
        ]
      ]
    },
    {
      "name": "britain_tent_1_rendinst",
      "tm": [
        [
          0.0535653,
          -3.73189e-7,
          0.998564
        ],
        [
          8.18794e-8,
          1.0,
          3.69333e-7
        ],
        [
          -0.998564,
          6.19785e-8,
          0.0535653
        ],
        [
          -454.857,
          0.0,
          -122.652
        ]
      ]
    },
    {
      "name": "britain_tent_1_rendinst",
      "tm": [
        [
          -0.600831,
          0.0,
          0.799376
        ],
        [
          0.0,
          1.0,
          0.0
        ],
        [
          -0.799376,
          0.0,
          -0.600831
        ],
        [
          -424.826,
          0.0,
          -101.256
        ]
      ]
    },
    {
      "name": "britain_army_tent_rendinst",
      "tm": [
        [
          -0.373467,
          -7.80076e-8,
          0.927644
        ],
        [
          2.04697e-8,
          1.0,
          9.23333e-8
        ],
        [
          -0.927644,
          5.3472e-8,
          -0.373467
        ],
        [
          -432.736,
          0.0,
          -93.8021
        ]
      ]
    },
    {
      "name": "britain_tent_1_rendinst",
      "tm": [
        [
          -0.950676,
          0.0,
          0.310187
        ],
        [
          0.0,
          1.0,
          0.0
        ],
        [
          -0.310187,
          0.0,
          -0.950676
        ],
        [
          -446.472,
          0.0,
          -132.075
        ]
      ]
    },
    {
      "name": "britain_tent_1_rendinst",
      "tm": [
        [
          0.682897,
          0.0,
          0.730514
        ],
        [
          0.0,
          1.0,
          0.0
        ],
        [
          -0.730514,
          0.0,
          0.682897
        ],
        [
          -422.185,
          0.0,
          -84.5916
        ]
      ]
    },
    {
      "name": "britain_army_tent_rendinst",
      "tm": [
        [
          0.258819,
          0.0,
          0.965926
        ],
        [
          0.0,
          1.0,
          0.0
        ],
        [
          -0.965926,
          0.0,
          0.258819
        ],
        [
          -379.952,
          0.0,
          -133.961
        ]
      ]
    },
    {
      "name": "britain_big_army_tent_rendinst",
      "tm": [
        [
          0.996195,
          0.0,
          0.0871562
        ],
        [
          0.0,
          1.0,
          0.0
        ],
        [
          -0.0871562,
          0.0,
          0.996195
        ],
        [
          -394.81,
          0.0,
          -116.779
        ]
      ]
    },
    {
      "name": "britain_army_tent_rendinst",
      "tm": [
        [
          0.258819,
          0.0,
          0.965926
        ],
        [
          0.0,
          1.0,
          0.0
        ],
        [
          -0.965926,
          0.0,
          0.258819
        ],
        [
          -397.628,
          0.0,
          -151.584
        ]
      ]
    },
    {
      "name": "britain_tent_1_rendinst",
      "tm": [
        [
          -1.0,
          -1.2595e-7,
          -3.25841e-7
        ],
        [
          -1.2595e-7,
          1.0,
          4.61666e-7
        ],
        [
          3.25841e-7,
          4.61666e-7,
          -1.0
        ],
        [
          -389.262,
          0.0,
          -140.819
        ]
      ]
    },
    {
      "name": "britain_tent_2_rendinst",
      "tm": [
        [
          0.984808,
          0.0,
          0.173648
        ],
        [
          0.0,
          1.0,
          0.0
        ],
        [
          -0.173648,
          0.0,
          0.984808
        ],
        [
          -362.447,
          0.0,
          -97.2533
        ]
      ]
    },
    {
      "name": "britain_army_tent_rendinst",
      "tm": [
        [
          -0.642788,
          0.0,
          0.766044
        ],
        [
          0.0,
          1.0,
          0.0
        ],
        [
          -0.766044,
          0.0,
          -0.642788
        ],
        [
          -371.204,
          0.0,
          -126.934
        ]
      ]
    },
    {
      "name": "britain_tent_1_rendinst",
      "tm": [
        [
          -0.819152,
          -5.16191e-8,
          0.573576
        ],
        [
          7.83289e-9,
          1.0,
          1.01182e-7
        ],
        [
          -0.573576,
          8.7376e-8,
          -0.819152
        ],
        [
          -372.572,
          0.0,
          -95.043
        ]
      ]
    },
    {
      "name": "britain_tent_2_rendinst",
      "tm": [
        [
          -0.422619,
          0.0,
          -0.906308
        ],
        [
          0.0,
          1.0,
          0.0
        ],
        [
          0.906308,
          0.0,
          -0.422619
        ],
        [
          -367.922,
          0.0,
          -116.792
        ]
      ]
    },
    {
      "name": "britain_tent_1_rendinst",
      "tm": [
        [
          0.422618,
          0.0,
          0.906308
        ],
        [
          0.0,
          1.0,
          0.0
        ],
        [
          -0.906308,
          0.0,
          0.422618
        ],
        [
          -356.967,
          0.0,
          -87.7128
        ]
      ]
    },
    {
      "name": "britain_tent_2_rendinst",
      "tm": [
        [
          -0.939692,
          0.0,
          0.342021
        ],
        [
          0.0,
          1.0,
          0.0
        ],
        [
          -0.342021,
          0.0,
          -0.939692
        ],
        [
          -411.918,
          0.0,
          -144.066
        ]
      ]
    },
    {
      "name": "britain_tent_1_rendinst",
      "tm": [
        [
          0.422618,
          0.0,
          0.906308
        ],
        [
          0.0,
          1.0,
          0.0
        ],
        [
          -0.906308,
          0.0,
          0.422618
        ],
        [
          -426.784,
          0.0,
          -147.179
        ]
      ]
    },
    {
      "name": "britain_tent_1_rendinst",
      "tm": [
        [
          0.984808,
          0.0,
          0.173648
        ],
        [
          0.0,
          1.0,
          0.0
        ],
        [
          -0.173648,
          0.0,
          0.984808
        ],
        [
          -392.598,
          0.0,
          -99.4397
        ]
      ]
    },
    {
      "name": "britain_tent_1_rendinst",
      "tm": [
        [
          0.891564,
          0.0,
          0.452894
        ],
        [
          0.0,
          1.0,
          0.0
        ],
        [
          -0.452894,
          0.0,
          0.891564
        ],
        [
          540.984,
          0.0,
          -113.918
        ]
      ]
    },
    {
      "name": "britain_tent_2_rendinst",
      "tm": [
        [
          0.998564,
          0.0,
          -0.0535645
        ],
        [
          0.0,
          1.0,
          0.0
        ],
        [
          0.0535645,
          0.0,
          0.998564
        ],
        [
          553.265,
          0.0,
          -88.4057
        ]
      ]
    },
    {
      "name": "britain_tent_1_rendinst",
      "tm": [
        [
          -0.730514,
          0.0,
          0.682897
        ],
        [
          0.0,
          1.0,
          0.0
        ],
        [
          -0.682897,
          0.0,
          -0.730514
        ],
        [
          484.224,
          0.0,
          -126.894
        ]
      ]
    },
    {
      "name": "britain_big_army_tent_rendinst",
      "tm": [
        [
          0.0576716,
          0.0,
          0.998336
        ],
        [
          0.0,
          1.0,
          0.0
        ],
        [
          -0.998336,
          0.0,
          0.0576716
        ],
        [
          524.267,
          0.0,
          -115.837
        ]
      ]
    },
    {
      "name": "britain_tent_1_rendinst",
      "tm": [
        [
          0.999433,
          0.0,
          0.03367
        ],
        [
          0.0,
          1.0,
          0.0
        ],
        [
          -0.03367,
          0.0,
          0.999433
        ],
        [
          514.42,
          0.0,
          -85.2369
        ]
      ]
    },
    {
      "name": "britain_tent_1_rendinst",
      "tm": [
        [
          0.998564,
          -1.50045e-7,
          -0.0535645
        ],
        [
          1.49829e-7,
          1.0,
          -8.03706e-9
        ],
        [
          0.0535645,
          0.0,
          0.998564
        ],
        [
          504.826,
          0.0,
          -85.3855
        ]
      ]
    },
    {
      "name": "britain_tent_1_rendinst",
      "tm": [
        [
          0.0336698,
          0.0,
          -0.999433
        ],
        [
          0.0,
          1.0,
          0.0
        ],
        [
          0.999433,
          0.0,
          0.0336698
        ],
        [
          550.633,
          0.0,
          -105.335
        ]
      ]
    },
    {
      "name": "britain_tent_2_rendinst",
      "tm": [
        [
          0.120648,
          0.0,
          -0.992695
        ],
        [
          0.0,
          1.0,
          0.0
        ],
        [
          0.992695,
          0.0,
          0.120648
        ],
        [
          497.106,
          0.0,
          -128.527
        ]
      ]
    },
    {
      "name": "britain_army_tent_rendinst",
      "tm": [
        [
          0.838,
          0.0,
          -0.54567
        ],
        [
          -3.66472e-9,
          1.0,
          -5.62801e-9
        ],
        [
          0.54567,
          6.716e-9,
          0.838
        ],
        [
          476.124,
          0.0,
          -108.332
        ]
      ]
    },
    {
      "name": "britain_tent_1_rendinst",
      "tm": [
        [
          0.020524,
          -2.32017e-7,
          0.999789
        ],
        [
          4.0772e-8,
          1.0,
          2.31229e-7
        ],
        [
          -0.999789,
          3.60177e-8,
          0.020524
        ],
        [
          552.768,
          0.0,
          -96.7569
        ]
      ]
    },
    {
      "name": "britain_army_tent_rendinst",
      "tm": [
        [
          -0.787253,
          -2.81327e-7,
          0.61663
        ],
        [
          -1.02563e-7,
          1.0,
          3.2529e-7
        ],
        [
          -0.61663,
          1.92842e-7,
          -0.787253
        ],
        [
          553.323,
          0.0,
          -72.1196
        ]
      ]
    },
    {
      "name": "britain_tent_2_rendinst",
      "tm": [
        [
          -0.978402,
          0.0,
          -0.206709
        ],
        [
          0.0,
          1.0,
          0.0
        ],
        [
          0.206709,
          0.0,
          -0.978402
        ],
        [
          478.32,
          0.0,
          -118.45
        ]
      ]
    },
    {
      "name": "britain_tent_1_rendinst",
      "tm": [
        [
          -1.0,
          0.0,
          -3.89414e-7
        ],
        [
          0.0,
          1.0,
          0.0
        ],
        [
          3.89414e-7,
          0.0,
          -1.0
        ],
        [
          523.852,
          0.0,
          -85.4171
        ]
      ]
    },
    {
      "name": "britain_big_army_tent_rendinst",
      "tm": [
        [
          -0.0295585,
          0.0,
          0.999563
        ],
        [
          0.0,
          1.0,
          0.0
        ],
        [
          -0.999563,
          0.0,
          -0.0295585
        ],
        [
          508.323,
          0.0,
          -115.837
        ]
      ]
    },
    {
      "name": "britain_tent_1_rendinst",
      "tm": [
        [
          -0.0535646,
          0.0,
          -0.998564
        ],
        [
          0.0,
          1.0,
          0.0
        ],
        [
          0.998564,
          0.0,
          -0.0535646
        ],
        [
          553.383,
          0.0,
          -80.8827
        ]
      ]
    },
    {
      "name": "britain_army_tent_rendinst",
      "tm": [
        [
          0.226149,
          -3.45246e-7,
          0.974093
        ],
        [
          8.9407e-8,
          1.0,
          3.33671e-7
        ],
        [
          -0.974093,
          1.16311e-8,
          0.226149
        ],
        [
          476.289,
          0.0,
          -96.3835
        ]
      ]
    },
    {
      "name": "britain_army_tent_rendinst",
      "tm": [
        [
          -0.310186,
          -1.07071e-9,
          -0.950676
        ],
        [
          -1.02563e-7,
          1.0,
          3.23381e-8
        ],
        [
          0.950676,
          1.07535e-7,
          -0.310186
        ],
        [
          266.442,
          0.0,
          -98.1333
        ]
      ]
    },
    {
      "name": "britain_tent_2_rendinst",
      "tm": [
        [
          0.452894,
          0.0,
          -0.891564
        ],
        [
          0.0,
          1.0,
          0.0
        ],
        [
          0.891564,
          0.0,
          0.452894
        ],
        [
          293.279,
          0.0,
          -134.579
        ]
      ]
    },
    {
      "name": "britain_tent_1_rendinst",
      "tm": [
        [
          -0.61663,
          0.0,
          -0.787253
        ],
        [
          0.0,
          1.0,
          0.0
        ],
        [
          0.787253,
          0.0,
          -0.61663
        ],
        [
          303.242,
          0.0,
          -127.967
        ]
      ]
    },
    {
      "name": "britain_big_army_tent_rendinst",
      "tm": [
        [
          0.949392,
          0.0,
          -0.314094
        ],
        [
          0.0,
          1.0,
          0.0
        ],
        [
          0.314094,
          0.0,
          0.949392
        ],
        [
          279.415,
          0.0,
          -116.025
        ]
      ]
    },
    {
      "name": "britain_tent_1_rendinst",
      "tm": [
        [
          -0.590268,
          -1.66067e-8,
          -0.807207
        ],
        [
          -9.76505e-8,
          1.0,
          5.08336e-8
        ],
        [
          0.807207,
          1.0883e-7,
          -0.590268
        ],
        [
          254.367,
          0.0,
          -102.711
        ]
      ]
    },
    {
      "name": "britain_tent_1_rendinst",
      "tm": [
        [
          0.120648,
          -1.08897e-7,
          -0.992695
        ],
        [
          1.31383e-8,
          1.0,
          -1.08102e-7
        ],
        [
          0.992695,
          0.0,
          0.120648
        ],
        [
          318.777,
          0.0,
          -108.56
        ]
      ]
    },
    {
      "name": "britain_tent_1_rendinst",
      "tm": [
        [
          0.787253,
          0.0,
          -0.61663
        ],
        [
          0.0,
          1.0,
          0.0
        ],
        [
          0.61663,
          0.0,
          0.787253
        ],
        [
          268.261,
          0.0,
          -132.998
        ]
      ]
    },
    {
      "name": "britain_tent_2_rendinst",
      "tm": [
        [
          0.998564,
          0.0,
          -0.053564
        ],
        [
          0.0,
          1.0,
          0.0
        ],
        [
          0.053564,
          0.0,
          0.998564
        ],
        [
          307.145,
          0.0,
          -115.408
        ]
      ]
    },
    {
      "name": "britain_army_tent_rendinst",
      "tm": [
        [
          0.61663,
          -6.54125e-8,
          0.787253
        ],
        [
          5.60101e-8,
          1.0,
          3.92187e-8
        ],
        [
          -0.787253,
          1.99107e-8,
          0.61663
        ],
        [
          280.27,
          0.0,
          -136.488
        ]
      ]
    },
    {
      "name": "britain_tent_2_rendinst",
      "tm": [
        [
          -0.799375,
          0.0,
          -0.600833
        ],
        [
          0.0,
          1.0,
          0.0
        ],
        [
          0.600833,
          0.0,
          -0.799375
        ],
        [
          260.047,
          0.0,
          -127.483
        ]
      ]
    },
    {
      "name": "britain_tent_1_rendinst",
      "tm": [
        [
          0.998564,
          0.0,
          -0.0535645
        ],
        [
          0.0,
          1.0,
          0.0
        ],
        [
          0.0535645,
          0.0,
          0.998564
        ],
        [
          323.885,
          0.0,
          -93.719
        ]
      ]
    },
    {
      "name": "britain_tent_1_rendinst",
      "tm": [
        [
          0.5,
          0.0,
          -0.866025
        ],
        [
          0.0,
          1.0,
          0.0
        ],
        [
          0.866025,
          0.0,
          0.5
        ],
        [
          252.456,
          0.0,
          -122.546
        ]
      ]
    },
    {
      "name": "britain_tent_2_rendinst",
      "tm": [
        [
          0.707107,
          0.0,
          -0.707107
        ],
        [
          -1.17042e-8,
          1.0,
          -1.17042e-8
        ],
        [
          0.707107,
          1.65523e-8,
          0.707107
        ],
        [
          245.642,
          0.0,
          -109.318
        ]
      ]
    },
    {
      "name": "britain_control_tower_1_rendinst",
      "tm": [
        [
          -4.37114e-8,
          0.0,
          -1.0
        ],
        [
          0.0,
          1.0,
          0.0
        ],
        [
          1.0,
          0.0,
          -4.37114e-8
        ],
        [
          179.798,
          0.0,
          -142.47
        ]
      ]
    },
    {
      "name": "britain_control_tower_1_rendinst",
      "tm": [
        [
          -0.0871558,
          0.0,
          -0.996195
        ],
        [
          0.0,
          1.0,
          0.0
        ],
        [
          0.996195,
          0.0,
          -0.0871558
        ],
        [
          -235.485,
          0.0,
          169.031
        ]
      ]
    },
    {
      "name": "britain_army_tent_rendinst",
      "tm": [
        [
          -0.983892,
          -2.03031e-7,
          0.178766
        ],
        [
          -1.59001e-7,
          1.0,
          2.60626e-7
        ],
        [
          -0.178766,
          2.28003e-7,
          -0.983892
        ],
        [
          -441.009,
          0.0,
          54.4852
        ]
      ]
    },
    {
      "name": "britain_big_army_tent_rendinst",
      "tm": [
        [
          0.60498,
          0.0,
          0.79624
        ],
        [
          0.0,
          1.0,
          0.0
        ],
        [
          -0.79624,
          0.0,
          0.60498
        ],
        [
          -428.995,
          0.0,
          93.0775
        ]
      ]
    },
    {
      "name": "britain_army_tent_rendinst",
      "tm": [
        [
          -0.845938,
          0.0,
          0.533281
        ],
        [
          0.0,
          1.0,
          0.0
        ],
        [
          -0.533281,
          0.0,
          -0.845938
        ],
        [
          -520.389,
          0.0,
          91.6603
        ]
      ]
    },
    {
      "name": "britain_tent_1_rendinst",
      "tm": [
        [
          -0.790448,
          0.0,
          -0.612529
        ],
        [
          0.0,
          1.0,
          0.0
        ],
        [
          0.612529,
          0.0,
          -0.790448
        ],
        [
          -448.666,
          0.0,
          65.2998
        ]
      ]
    },
    {
      "name": "britain_tent_1_rendinst",
      "tm": [
        [
          0.387075,
          4.76837e-7,
          -0.922048
        ],
        [
          -2.54839e-7,
          1.0,
          4.10169e-7
        ],
        [
          0.922048,
          7.62083e-8,
          0.387075
        ],
        [
          -523.816,
          0.0,
          67.1552
        ]
      ]
    },
    {
      "name": "britain_tent_2_rendinst",
      "tm": [
        [
          0.387075,
          4.76837e-7,
          -0.922048
        ],
        [
          -2.54839e-7,
          1.0,
          4.10169e-7
        ],
        [
          0.922048,
          7.62083e-8,
          0.387075
        ],
        [
          -452.515,
          0.0,
          55.6206
        ]
      ]
    },
    {
      "name": "britain_army_tent_rendinst",
      "tm": [
        [
          -0.990813,
          0.0,
          -0.135241
        ],
        [
          0.0,
          1.0,
          0.0
        ],
        [
          0.135241,
          0.0,
          -0.990813
        ],
        [
          -443.755,
          0.0,
          72.1223
        ]
      ]
    },
    {
      "name": "britain_tent_2_rendinst",
      "tm": [
        [
          0.672075,
          0.0,
          0.740483
        ],
        [
          0.0,
          1.0,
          0.0
        ],
        [
          -0.740483,
          0.0,
          0.672075
        ],
        [
          -417.759,
          0.0,
          113.312
        ]
      ]
    },
    {
      "name": "britain_tent_1_rendinst",
      "tm": [
        [
          -0.998829,
          0.0,
          -0.0483721
        ],
        [
          -5.66479e-9,
          1.0,
          1.16971e-7
        ],
        [
          0.0483721,
          1.17109e-7,
          -0.998829
        ],
        [
          -431.509,
          0.0,
          115.012
        ]
      ]
    },
    {
      "name": "britain_tent_2_rendinst",
      "tm": [
        [
          -0.790448,
          0.0,
          -0.612529
        ],
        [
          0.0,
          1.0,
          0.0
        ],
        [
          0.612529,
          0.0,
          -0.790448
        ],
        [
          -409.764,
          0.0,
          106.147
        ]
      ]
    },
    {
      "name": "britain_tent_2_rendinst",
      "tm": [
        [
          -0.60498,
          0.0,
          -0.79624
        ],
        [
          0.0,
          1.0,
          0.0
        ],
        [
          0.79624,
          0.0,
          -0.60498
        ],
        [
          -458.091,
          0.0,
          83.5511
        ]
      ]
    },
    {
      "name": "britain_tent_1_rendinst",
      "tm": [
        [
          0.998564,
          0.0,
          -0.0535645
        ],
        [
          0.0,
          1.0,
          0.0
        ],
        [
          0.0535645,
          0.0,
          0.998564
        ],
        [
          224.017,
          0.0,
          -75.8402
        ]
      ]
    },
    {
      "name": "britain_tent_1_rendinst",
      "tm": [
        [
          0.672075,
          0.0,
          0.740483
        ],
        [
          0.0,
          1.0,
          0.0
        ],
        [
          -0.740483,
          0.0,
          0.672075
        ],
        [
          -443.496,
          0.0,
          107.288
        ]
      ]
    },
    {
      "name": "britain_tent_1_rendinst",
      "tm": [
        [
          -0.710773,
          0.0,
          -0.703421
        ],
        [
          0.0,
          1.0,
          0.0
        ],
        [
          0.703421,
          0.0,
          -0.710773
        ],
        [
          -523.461,
          0.0,
          79.5804
        ]
      ]
    },
    {
      "name": "britain_tent_2_rendinst",
      "tm": [
        [
          0.0535648,
          0.0,
          0.998564
        ],
        [
          0.0,
          1.0,
          0.0
        ],
        [
          -0.998564,
          0.0,
          0.0535648
        ],
        [
          233.21,
          0.0,
          -75.2874
        ]
      ]
    },
    {
      "name": "britain_tent_1_rendinst",
      "tm": [
        [
          0.904098,
          0.0,
          -0.427324
        ],
        [
          0.0,
          1.0,
          0.0
        ],
        [
          0.427324,
          0.0,
          0.904098
        ],
        [
          -465.902,
          0.0,
          102.347
        ]
      ]
    },
    {
      "name": "britain_big_army_tent_rendinst",
      "tm": [
        [
          0.249812,
          0.0,
