{
  "className": "composit",
  "size": [
    1024.0,
    256.0
  ],
  "airfield": {
    "start": [
      515.0,
      0.0,
      111.0
    ],
    "end": [
      -905.0,
      0.0,
      111.0
    ],
    "width": 120.0,
    "spawn": [
      [
        317.0,
        0.0,
        104.0
      ],
      [
        330.0,
        0.0,
        129.0
      ],
      [
        341.0,
        0.0,
        104.0
      ],
      [
        353.0,
        0.0,
        129.0
      ],
      [
        364.0,
        0.0,
        104.0
      ],
      [
        377.0,
        0.0,
        129.0
      ],
      [
        388.0,
        0.0,
        104.0
      ],
      [
        400.0,
        0.0,
        129.0
      ],
      [
        413.0,
        0.0,
        104.0
      ],
      [
        426.0,
        0.0,
        129.0
      ],
      [
        439.0,
        0.0,
        104.0
      ],
      [
        452.0,
        0.0,
        129.0
      ],
      [
        465.0,
        0.0,
        104.0
      ],
      [
        478.0,
        0.0,
        129.0
      ],
      [
        491.0,
        0.0,
        104.0
      ],
      [
        504.0,
        0.0,
        129.0
      ]
    ],
    "repairTags": {
      "type_attack_helicopter": false,
      "type_utility_helicopter": false
    }
  },
  "node": [
    {
      "name": "^^dynaf_britain_ally_grd_mesh",
      "tm": [
        [
          1.0,
          0.0,
          0.0
        ],
        [
          0.0,
          1.0,
          0.0
        ],
        [
          0.0,
          0.0,
          1.0
        ],
        [
          0.0,
          0.0,
          0.0
        ]
      ]
    },
    {
      "name": "+NoTreesBox000",
      "tm": [
        [
          1200.0,
          0.0,
          0.0
        ],
        [
          0.0,
          150.0,
          0.0
        ],
        [
          0.0,
          0.0,
          250.0
        ],
        [
          -145.0,
          0.0,
          112.0
        ]
      ]
    },
    {
      "name": "+NoTreesBox001",
      "tm": [
        [
          395.0,
          0.0,
          0.0
        ],
        [
          0.0,
          15.0,
          0.0
        ],
        [
          0.0,
          0.0,
          95.0
        ],
        [
          -187.0,
          0.0,
          -50.0
        ]
      ]
    },
    {
      "name": "britain_shed_rendinst",
      "tm": [
        [
          0.00660208,
          0.0,
          -0.999978
        ],
        [
          0.0,
          1.0,
          0.0
        ],
        [
          0.999978,
          0.0,
          0.00660208
        ],
        [
          -217.706,
          0.0,
          28.644
        ]
      ]
    },
    {
      "name": "britain_army_tent_rendinst",
      "tm": [
        [
          -0.291195,
          -1.71065e-7,
          0.956664
        ],
        [
          7.10543e-15,
          1.0,
          1.78814e-7
        ],
        [
          -0.956664,
          5.20698e-8,
          -0.291195
        ],
        [
          321.117,
          0.0,
          -150.584
        ]
      ]
    },
    {
      "name": "britain_tent_2_rendinst",
      "tm": [
        [
          -0.882369,
          0.0,
          0.470557
        ],
        [
          0.0,
          1.0,
          0.0
        ],
        [
          -0.470557,
          0.0,
          -0.882369
        ],
        [
          282.002,
          0.0,
          -131.14
        ]
      ]
    },
    {
      "name": "britain_tent_1_rendinst",
      "tm": [
        [
          0.0535639,
          0.0,
          0.998564
        ],
        [
          0.0,
          1.0,
          0.0
        ],
        [
          -0.998564,
          0.0,
          0.0535639
        ],
        [
          272.707,
          0.0,
          -143.422
        ]
      ]
    },
    {
      "name": "britain_big_army_tent_rendinst",
      "tm": [
        [
          -0.998336,
          0.0,
          0.0576712
        ],
        [
          0.0,
          1.0,
          0.0
        ],
        [
          -0.0576712,
          0.0,
          -0.998336
        ],
        [
          299.394,
          0.0,
          -143.716
        ]
      ]
    },
    {
      "name": "britain_tent_1_rendinst",
      "tm": [
        [
          -0.322662,
          -1.12833e-7,
          0.946514
        ],
        [
          0.0,
          1.0,
          1.19209e-7
        ],
        [
          -0.946514,
          3.84643e-8,
          -0.322662
        ],
        [
          319.43,
          0.0,
          -138.084
        ]
      ]
    },
    {
      "name": "britain_tent_1_rendinst",
      "tm": [
        [
          -0.730514,
          -1.62815e-7,
          0.682897
        ],
        [
          -1.42109e-14,
          1.0,
          2.38419e-7
        ],
        [
          -0.682897,
          1.74168e-7,
          -0.730514
        ],
        [
          292.333,
          0.0,
          -166.67
        ]
      ]
    },
    {
      "name": "britain_tent_1_rendinst",
      "tm": [
        [
          -0.998564,
          0.0,
          0.0535643
        ],
        [
          0.0,
          1.0,
          0.0
        ],
        [
          -0.0535643,
          0.0,
          -0.998564
        ],
        [
          304.016,
          0.0,
          -125.074
        ]
      ]
    },
    {
      "name": "britain_tent_2_rendinst",
      "tm": [
        [
          -0.848699,
          0.0,
          -0.528876
        ],
        [
          0.0,
          1.0,
          0.0
        ],
        [
          0.528876,
          0.0,
          -0.848699
        ],
        [
          271.997,
          0.0,
          -163.42
        ]
      ]
    },
    {
      "name": "britain_army_tent_rendinst",
      "tm": [
        [
          -0.950676,
          -1.84886e-8,
          0.310187
        ],
        [
          3.55271e-15,
          1.0,
          5.96046e-8
        ],
        [
          -0.310187,
          5.66647e-8,
          -0.950676
        ],
        [
          313.387,
          0.0,
          -120.186
        ]
      ]
    },
    {
      "name": "britain_tent_2_rendinst",
      "tm": [
        [
          0.743967,
          0.0,
          0.668216
        ],
        [
          0.0,
          1.0,
          0.0
        ],
        [
          -0.668216,
          0.0,
          0.743967
        ],
        [
          313.787,
          0.0,
          -129.985
        ]
      ]
    },
    {
      "name": "britain_tent_1_rendinst",
      "tm": [
        [
          -0.848699,
          0.0,
          -0.528876
        ],
        [
          0.0,
          1.0,
          0.0
        ],
        [
          0.528876,
          0.0,
          -0.848699
        ],
        [
          311.607,
          0.0,
          -159.253
        ]
      ]
    },
    {
      "name": "britain_army_tent_rendinst",
      "tm": [
        [
          -0.291195,
          -1.71065e-7,
          0.956664
        ],
        [
          7.10543e-15,
          1.0,
          1.78814e-7
        ],
        [
          -0.956664,
          5.20698e-8,
          -0.291195
        ],
        [
          303.328,
          0.0,
          -164.186
        ]
      ]
    },
    {
      "name": "britain_tent_1_rendinst",
      "tm": [
        [
          -0.120648,
          0.0,
          0.992695
        ],
        [
          0.0,
          1.0,
          0.0
        ],
        [
          -0.992695,
          0.0,
          -0.120648
        ],
        [
          284.592,
          0.0,
          -169.616
        ]
      ]
    },
    {
      "name": "britain_hangar_2_rendinst",
      "tm": [
        [
          1.0,
          0.0,
          -1.74846e-7
        ],
        [
          0.0,
          1.0,
          0.0
        ],
        [
          1.74846e-7,
          0.0,
          1.0
        ],
        [
          -205.211,
          -7.62939e-6,
          19.5798
        ]
      ]
    },
    {
      "name": "britain_windvane_rendinst",
      "tm": [
        [
          -0.709277,
          0.0,
          -0.70493
        ],
        [
          -3.64996e-8,
          1.0,
          3.67246e-8
        ],
        [
          0.70493,
          5.17775e-8,
          -0.709277
        ],
        [
          463.444,
          0.0,
          225.264
        ]
      ]
    },
    {
      "name": "britain_control_tower_1_rendinst",
      "tm": [
        [
          -4.37114e-8,
          0.0,
          -1.0
        ],
        [
          0.0,
          1.0,
          0.0
        ],
        [
          1.0,
          0.0,
          -4.37114e-8
        ],
        [
          -18.6289,
          0.0,
          -139.472
        ]
      ]
    },
    {
      "name": "britain_army_tent_rendinst",
      "tm": [
        [
          -0.573577,
          0.0,
          0.819152
        ],
        [
          0.0,
          1.0,
          0.0
        ],
        [
          -0.819152,
          0.0,
          -0.573577
        ],
        [
          357.913,
          0.0,
          -111.721
        ]
      ]
    },
    {
      "name": "britain_tent_2_rendinst",
      "tm": [
        [
          -0.984808,
          -1.03502e-8,
          0.173648
        ],
        [
          1.42109e-14,
          1.0,
          5.96046e-8
        ],
        [
          -0.173648,
          5.86991e-8,
          -0.984808
        ],
        [
          320.454,
          0.0,
          -110.623
        ]
      ]
    },
    {
      "name": "britain_tent_1_rendinst",
      "tm": [
        [
          -0.258819,
          0.0,
          0.965926
        ],
        [
          0.0,
          1.0,
          0.0
        ],
        [
          -0.965926,
          0.0,
          -0.258819
        ],
        [
          325.192,
          0.0,
          -119.296
        ]
      ]
    },
    {
      "name": "britain_big_army_tent_rendinst",
      "tm": [
        [
          -0.573577,
          0.0,
          0.819152
        ],
        [
          0.0,
          1.0,
          0.0
        ],
        [
          -0.819152,
          0.0,
          -0.573577
        ],
        [
          338.3,
          0.0,
          -111.633
        ]
      ]
    },
    {
      "name": "britain_army_tent_rendinst",
      "tm": [
        [
          -0.573577,
          0.0,
          0.819152
        ],
        [
          0.0,
          1.0,
          0.0
        ],
        [
          -0.819152,
          0.0,
          -0.573577
        ],
        [
          360.052,
          0.0,
          -136.589
        ]
      ]
    },
    {
      "name": "britain_tent_1_rendinst",
      "tm": [
        [
          -0.906308,
          0.0,
          0.422618
        ],
        [
          0.0,
          1.0,
          0.0
        ],
        [
          -0.422618,
          0.0,
          -0.906308
        ],
        [
          337.267,
          0.0,
          -128.379
        ]
      ]
    },
    {
      "name": "britain_tent_1_rendinst",
      "tm": [
        [
          -0.642787,
          0.0,
          -0.766045
        ],
        [
          -1.46748e-7,
          1.0,
          1.23136e-7
        ],
        [
          0.766045,
          1.91566e-7,
          -0.642787
        ],
        [
          351.883,
          0.0,
          -122.307
        ]
      ]
    },
    {
      "name": "britain_tent_2_rendinst",
      "tm": [
        [
          -0.642787,
          0.0,
          -0.766045
        ],
        [
          -1.46748e-7,
          1.0,
          1.23136e-7
        ],
        [
          0.766045,
          1.91566e-7,
          -0.642787
        ],
        [
          326.853,
          0.0,
          -129.043
        ]
      ]
    },
    {
      "name": "britain_army_tent_rendinst",
      "tm": [
        [
          -0.573577,
          0.0,
          0.819152
        ],
        [
          0.0,
          1.0,
          0.0
        ],
        [
          -0.819152,
          0.0,
          -0.573577
        ],
        [
          347.05,
          0.0,
          -130.633
        ]
      ]
    },
    {
      "name": "britain_tent_2_rendinst",
      "tm": [
        [
          0.5,
          0.0,
          0.866025
        ],
        [
          0.0,
          1.0,
          0.0
        ],
        [
          -0.866025,
          0.0,
          0.5
        ],
        [
          348.835,
          0.0,
          -98.4166
        ]
      ]
    },
    {
      "name": "britain_army_tent_rendinst",
      "tm": [
        [
          -1.0,
          0.0,
          -6.27833e-7
        ],
        [
          0.0,
          1.0,
          0.0
        ],
        [
          6.27833e-7,
          0.0,
          -1.0
        ],
        [
          354.447,
          0.0,
          -101.553
        ]
      ]
    },
    {
      "name": "britain_tent_1_rendinst",
      "tm": [
        [
          -0.965926,
          0.0,
          -0.25882
        ],
        [
          -1.49012e-8,
          1.0,
          5.56119e-8
        ],
        [
          0.25882,
          5.75737e-8,
          -0.965926
        ],
        [
          334.969,
          0.0,
          -91.829
        ]
      ]
    },
    {
      "name": "britain_tent_2_rendinst",
      "tm": [
        [
          0.422618,
          0.0,
          -0.906308
        ],
        [
          0.0,
          1.0,
          0.0
        ],
        [
          0.906308,
          0.0,
          0.422618
        ],
        [
          371.822,
          0.0,
          -138.024
        ]
      ]
    },
    {
      "name": "britain_tent_1_rendinst",
      "tm": [
        [
          -0.422619,
          0.0,
          0.906308
        ],
        [
          0.0,
          1.0,
          0.0
        ],
        [
          -0.906308,
          0.0,
          -0.422619
        ],
        [
          329.828,
          0.0,
          -141.783
        ]
      ]
    },
    {
      "name": "britain_tent_2_rendinst",
      "tm": [
        [
          -0.866025,
          0.0,
          -0.5
        ],
        [
          0.0,
          1.0,
          0.0
        ],
        [
          0.5,
          0.0,
          -0.866025
        ],
        [
          334.455,
          0.0,
          -149.425
        ]
      ]
    },
    {
      "name": "britain_tent_1_rendinst",
      "tm": [
        [
          -0.422619,
          0.0,
          0.906308
        ],
        [
          0.0,
          1.0,
          0.0
        ],
        [
          -0.906308,
          0.0,
          -0.422619
        ],
        [
          337.936,
          0.0,
          -156.093
        ]
      ]
    },
    {
      "name": "britain_tent_1_rendinst",
      "tm": [
        [
          0.5,
          0.0,
          0.866025
        ],
        [
          0.0,
          1.0,
          0.0
        ],
        [
          -0.866025,
          0.0,
          0.5
        ],
        [
          316.317,
          0.0,
          -101.581
        ]
      ]
    },
    {
      "name": "britain_shed_rendinst",
      "tm": [
        [
          0.578972,
          0.0,
          -0.815348
        ],
        [
          0.0,
          1.0,
          0.0
        ],
        [
          0.815348,
          0.0,
          0.578972
        ],
        [
          354.097,
          0.0,
          -153.877
        ]
      ]
    },
    {
      "name": "britain_windvane_rendinst",
      "tm": [
        [
          -0.709277,
          0.0,
          -0.70493
        ],
        [
          -3.64996e-8,
          1.0,
          3.67246e-8
        ],
        [
          0.70493,
          5.17775e-8,
          -0.709277
        ],
        [
          -842.916,
          0.0,
          -8.28125
        ]
      ]
    },
    {
      "name": "britain_hangar_3_rendinst",
      "tm": [
        [
          1.0,
          0.0,
          0.0
        ],
        [
          0.0,
          1.0,
          0.0
        ],
        [
          0.0,
          0.0,
          1.0
        ],
        [
          -174.873,
          0.0,
          17.7888
        ]
      ]
    }
  ]
}