{
  "className": "composit",
  "size": [
    1500.0,
    256.0
  ],
  "airfield": {
    "start": [
      515.0,
      0.0,
      43.0
    ],
    "end": [
      -905.0,
      0.0,
      43.0
    ],
    "width": 120.0,
    "spawn": [
      [
        317.0,
        0.0,
        36.0
      ],
      [
        330.0,
        0.0,
        61.0
      ],
      [
        341.0,
        0.0,
        36.0
      ],
      [
        353.0,
        0.0,
        61.0
      ],
      [
        364.0,
        0.0,
        36.0
      ],
      [
        377.0,
        0.0,
        61.0
      ],
      [
        388.0,
        0.0,
        36.0
      ],
      [
        400.0,
        0.0,
        61.0
      ],
      [
        413.0,
        0.0,
        36.0
      ],
      [
        426.0,
        0.0,
        61.0
      ],
      [
        439.0,
        0.0,
        36.0
      ],
      [
        452.0,
        0.0,
        61.0
      ],
      [
        465.0,
        0.0,
        36.0
      ],
      [
        478.0,
        0.0,
        61.0
      ],
      [
        491.0,
        0.0,
        36.0
      ],
      [
        504.0,
        0.0,
        61.0
      ]
    ],
    "repairTags": {
      "type_attack_helicopter": false,
      "type_utility_helicopter": false
    }
  },
  "node": [
    {
      "name": "^^dynaf_pacific_ally_marsden_matting_mesh",
      "tm": [
        [
          1.0,
          0.0,
          0.0
        ],
        [
          0.0,
          1.0,
          0.0
        ],
        [
          0.0,
          0.0,
          1.0
        ],
        [
          0.0,
          0.0,
          0.0
        ]
      ]
    },
    {
      "name": "++NoTreesBox000",
      "tm": [
        [
          1600.0,
          0.0,
          0.0
        ],
        [
          0.0,
          15.0,
          0.0
        ],
        [
          0.0,
          0.0,
          100.0
        ],
        [
          -180.0,
          0.0,
          40.0
        ]
      ]
    },
    {
      "name": "++NoTreesBox001",
      "tm": [
        [
          1700.0,
          0.0,
          0.0
        ],
        [
          0.0,
          15.0,
          0.0
        ],
        [
          0.0,
          0.0,
          100.0
        ],
        [
          -100.0,
          0.0,
          50.0
        ]
      ]
    },
    {
      "name": "britain_windvane_rendinst",
      "tm": [
        [
          0.00307322,
          0.0,
          0.999995
        ],
        [
          1.03555e-7,
          1.0,
          -3.18248e-10
        ],
        [
          -0.999995,
          1.03555e-7,
          0.00307322
        ],
        [
          355.419,
          0.0,
          173.988
        ]
      ]
    },
    {
      "name": "boxes_rendinst",
      "tm": [
        [
          0.56,
          0.0,
          0.828492
        ],
        [
          0.0,
          1.0,
          0.0
        ],
        [
          -0.828492,
          0.0,
          0.56
        ],
        [
          -75.6306,
          0.0,
          292.078
        ]
      ]
    },
    {
      "name": "usa_tent_2",
      "tm": [
        [
          1.19249e-8,
          0.0,
          1.0
        ],
        [
          0.0,
          1.0,
          0.0
        ],
        [
          -1.0,
          0.0,
          1.19249e-8
        ],
        [
          207.095,
          0.0,
          -160.648
        ]
      ]
    },
    {
      "name": "usa_tent_3",
      "tm": [
        [
          0.906308,
          0.0,
          0.422618
        ],
        [
          0.0,
          1.0,
          0.0
        ],
        [
          -0.422618,
          0.0,
          0.906308
        ],
        [
          203.032,
          0.0,
          -137.801
        ]
      ]
    },
    {
      "name": "usa_tent_4",
      "tm": [
        [
          -1.0,
          0.0,
          -1.50996e-7
        ],
        [
          0.0,
          1.0,
          0.0
        ],
        [
          1.50996e-7,
          0.0,
          -1.0
        ],
        [
          184.288,
          0.0,
          -110.233
        ]
      ]
    },
    {
      "name": "usa_tent_5",
      "tm": [
        [
          0.5,
          0.0,
          0.866025
        ],
        [
          0.0,
          1.0,
          0.0
        ],
        [
          -0.866025,
          0.0,
          0.5
        ],
        [
          235.595,
          0.0,
          -102.601
        ]
      ]
    },
    {
      "name": "usa_tent_6",
      "tm": [
        [
          7.54979e-8,
          0.0,
          -1.0
        ],
        [
          0.0,
          1.0,
          0.0
        ],
        [
          1.0,
          0.0,
          7.54979e-8
        ],
        [
          173.299,
          0.0,
          -141.723
        ]
      ]
    },
    {
      "name": "usa_tower",
      "tm": [
        [
          1.0,
          0.0,
          0.0
        ],
        [
          0.0,
          1.0,
          0.0
        ],
        [
          0.0,
          0.0,
          1.0
        ],
        [
          5.50317,
          0.0,
          -236.652
        ]
      ]
    },
    {
      "name": "usa_tower",
      "tm": [
        [
          1.0,
          0.0,
          0.0
        ],
        [
          0.0,
          1.0,
          0.0
        ],
        [
          0.0,
          0.0,
          1.0
        ],
        [
          -64.3184,
          0.0,
          284.957
        ]
      ]
    },
    {
      "name": "usa_tower",
      "tm": [
        [
          1.0,
          0.0,
          0.0
        ],
        [
          0.0,
          1.0,
          0.0
        ],
        [
          0.0,
          0.0,
          1.0
        ],
        [
          -772.655,
          0.0,
          -254.099
        ]
      ]
    },
    {
      "name": "britain_windvane_rendinst",
      "tm": [
        [
          0.00307322,
          0.0,
          0.999995
        ],
        [
          1.03555e-7,
          1.0,
          -3.18248e-10
        ],
        [
          -0.999995,
          1.03555e-7,
          0.00307322
        ],
        [
          -713.725,
          0.0,
          -95.2082
        ]
      ]
    },
    {
      "name": "usa_tent_4",
      "tm": [
        [
          -0.707107,
          0.0,
          0.707107
        ],
        [
          0.0,
          1.0,
          0.0
        ],
        [
          -0.707107,
          0.0,
          -0.707107
        ],
        [
          176.558,
          0.0,
          -154.23
        ]
      ]
    },
    {
      "name": "usa_tent_3",
      "tm": [
        [
          -0.906308,
          0.0,
          -0.422618
        ],
        [
          0.0,
          1.0,
          0.0
        ],
        [
          0.422618,
          0.0,
          -0.906308
        ],
        [
          -476.436,
          0.0,
          -171.515
        ]
      ]
    },
    {
      "name": "usa_tent_3",
      "tm": [
        [
          0.892042,
          0.0,
          -0.451953
        ],
        [
          0.0,
          1.0,
          0.0
        ],
        [
          0.451953,
          0.0,
          0.892042
        ],
        [
          -466.419,
          0.0,
          -199.793
        ]
      ]
    },
    {
      "name": "boxes_rendinst",
      "tm": [
        [
          0.0164783,
          0.0,
          -0.999864
        ],
        [
          0.0,
          1.0,
          0.0
        ],
        [
          0.999864,
          0.0,
          0.0164783
        ],
        [
          -477.219,
          0.0,
          -193.889
        ]
      ]
    },
    {
      "name": "boxes_rendinst",
      "tm": [
        [
          -0.56,
          0.0,
          -0.828492
        ],
        [
          0.0,
          1.0,
          0.0
        ],
        [
          0.828492,
          0.0,
          -0.56
        ],
        [
          288.531,
          0.0,
          -136.823
        ]
      ]
    },
    {
      "name": "boxes_rendinst",
      "tm": [
        [
          0.776532,
          0.0,
          -0.630077
        ],
        [
          0.0,
          1.0,
          0.0
        ],
        [
          0.630077,
          0.0,
          0.776532
        ],
        [
          188.807,
          0.0,
          -144.041
        ]
      ]
    },
    {
      "name": "usa_tent_2",
      "tm": [
        [
          -4.37114e-8,
          0.0,
          -1.0
        ],
        [
          0.0,
          1.0,
          0.0
        ],
        [
          1.0,
          0.0,
          -4.37114e-8
        ],
        [
          -436.677,
          0.0,
          -177.641
        ]
      ]
    },
    {
      "name": "usa_tent_2",
      "tm": [
        [
          -0.996357,
          0.0,
          -0.0852756
        ],
        [
          0.0,
          1.0,
          0.0
        ],
        [
          0.0852756,
          0.0,
          -0.996357
        ],
        [
          -319.016,
          0.0,
          225.136
        ]
      ]
    },
    {
      "name": "boxes_rendinst",
      "tm": [
        [
          0.776532,
          0.0,
          -0.630077
        ],
        [
          0.0,
          1.0,
          0.0
        ],
        [
          0.630077,
          0.0,
          0.776532
        ],
        [
          -288.37,
          0.0,
          192.236
        ]
      ]
    },
    {
      "name": "usa_tent_4",
      "tm": [
        [
          0.965926,
          0.0,
          0.258819
        ],
        [
          0.0,
          1.0,
          0.0
        ],
        [
          -0.258819,
          0.0,
          0.965926
        ],
        [
          -225.29,
          0.0,
          193.585
        ]
      ]
    },
    {
      "name": "usa_tent_5",
      "tm": [
        [
          0.422618,
          0.0,
          0.906308
        ],
        [
          0.0,
          1.0,
          0.0
        ],
        [
          -0.906308,
          0.0,
          0.422618
        ],
        [
          -276.621,
          0.0,
          214.532
        ]
      ]
    },
    {
      "name": "usa_tent_3",
      "tm": [
        [
          0.342021,
          0.0,
          0.939692
        ],
        [
          0.0,
          1.0,
          0.0
        ],
        [
          -0.939692,
          0.0,
          0.342021
        ],
        [
          -311.727,
          0.0,
          196.822
        ]
      ]
    },
    {
      "name": "boxes_rendinst",
      "tm": [
        [
          0.695359,
          0.0,
          0.718663
        ],
        [
          0.0,
          1.0,
          0.0
        ],
        [
          -0.718663,
          0.0,
          0.695359
        ],
        [
          -296.55,
          0.0,
          183.411
        ]
      ]
    },
    {
      "name": "boxes_rendinst",
      "tm": [
        [
          -0.514202,
          0.0,
          0.857669
        ],
        [
          0.0,
          1.0,
          0.0
        ],
        [
          -0.857669,
          0.0,
          -0.514202
        ],
        [
          -252.63,
          0.0,
          198.489
        ]
      ]
    },
    {
      "name": "boxes_rendinst",
      "tm": [
        [
          -0.933929,
          0.0,
          -0.357458
        ],
        [
          0.0,
          1.0,
          0.0
        ],
        [
          0.357458,
          0.0,
          -0.933929
        ],
        [
          -243.408,
          0.0,
          202.652
        ]
      ]
    },
    {
      "name": "boxes_rendinst",
      "tm": [
        [
          -0.586997,
          0.0,
          0.809589
        ],
        [
          0.0,
          1.0,
          0.0
        ],
        [
          -0.809589,
          0.0,
          -0.586997
        ],
        [
          225.225,
          0.0,
          -110.945
        ]
      ]
    },
    {
      "name": "usa_tent_5",
      "tm": [
        [
          -0.422618,
          0.0,
          -0.906308
        ],
        [
          0.0,
          1.0,
          0.0
        ],
        [
          0.906308,
          0.0,
          -0.422618
        ],
        [
          -450.395,
          0.0,
          -209.777
        ]
      ]
    },
    {
      "name": "usa_tent_3",
      "tm": [
        [
          0.819152,
          0.0,
          0.573577
        ],
        [
          0.0,
          1.0,
          0.0
        ],
        [
          -0.573577,
          0.0,
          0.819152
        ],
        [
          222.484,
          0.0,
          -136.17
        ]
      ]
    },
    {
      "name": "usa_tent_5",
      "tm": [
        [
          0.0871558,
          0.0,
          0.996195
        ],
        [
          0.0,
          1.0,
          0.0
        ],
        [
          -0.996195,
          0.0,
          0.0871558
        ],
        [
          -299.633,
          0.0,
          219.157
        ]
      ]
    },
    {
      "name": "usa_tent_3",
      "tm": [
        [
          -0.495338,
          0.0,
          0.8687
        ],
        [
          0.0,
          1.0,
          0.0
        ],
        [
          -0.8687,
          0.0,
          -0.495338
        ],
        [
          -413.691,
          0.0,
          -192.443
        ]
      ]
    },
    {
      "name": "usa_tent_3",
      "tm": [
        [
          -0.72402,
          0.0,
          0.689779
        ],
        [
          0.0,
          1.0,
          0.0
        ],
        [
          -0.689779,
          0.0,
          -0.72402
        ],
        [
          -452.627,
          0.0,
          -170.49
        ]
      ]
    },
    {
      "name": "usa_tent_6",
      "tm": [
        [
          0.903452,
          0.0,
          -0.42869
        ],
        [
          0.0,
          1.0,
          0.0
        ],
        [
          0.42869,
          0.0,
          0.903452
        ],
        [
          -438.017,
          0.0,
          -193.62
        ]
      ]
    },
    {
      "name": "usa_tent_6",
      "tm": [
        [
          0.921526,
          0.0,
          0.388317
        ],
        [
          0.0,
          1.0,
          0.0
        ],
        [
          -0.388317,
          0.0,
          0.921526
        ],
        [
          -428.5,
          0.0,
          -211.561
        ]
      ]
    },
    {
      "name": "usa_tent_3",
      "tm": [
        [
          -0.631606,
          0.0,
          -0.77529
        ],
        [
          0.0,
          1.0,
          0.0
        ],
        [
          0.77529,
          0.0,
          -0.631606
        ],
        [
          -504.814,
          0.0,
          -189.339
        ]
      ]
    },
    {
      "name": "usa_tent_3",
      "tm": [
        [
          0.954996,
          0.0,
          -0.296618
        ],
        [
          0.0,
          1.0,
          0.0
        ],
        [
          0.296618,
          0.0,
          0.954996
        ],
        [
          267.587,
          0.0,
          -149.738
        ]
      ]
    },
    {
      "name": "usa_tent_3",
      "tm": [
        [
          0.0845391,
          0.0,
          -0.99642
        ],
        [
          0.0,
          1.0,
          0.0
        ],
        [
          0.99642,
          0.0,
          0.0845391
        ],
        [
          229.913,
          0.0,
          -154.535
        ]
      ]
    },
    {
      "name": "usa_tent_5",
      "tm": [
        [
          0.99607,
          0.0,
          0.088572
        ],
        [
          0.0,
          1.0,
          0.0
        ],
        [
          -0.088572,
          0.0,
          0.99607
        ],
        [
          248.399,
          0.0,
          -139.11
        ]
      ]
    },
    {
      "name": "usa_tent_3",
      "tm": [
        [
          -0.587734,
          0.0,
          -0.809054
        ],
        [
          0.0,
          1.0,
          0.0
        ],
        [
          0.809054,
          0.0,
          -0.587734
        ],
        [
          267.401,
          0.0,
          -115.817
        ]
      ]
    },
    {
      "name": "usa_tent_4",
      "tm": [
        [
          -0.697046,
          0.0,
          0.717027
        ],
        [
          0.0,
          1.0,
          0.0
        ],
        [
          -0.717027,
          0.0,
          -0.697046
        ],
        [
          246.373,
          0.0,
          -122.095
        ]
      ]
    },
    {
      "name": "usa_tent_3",
      "tm": [
        [
          -0.864464,
          0.0,
          0.502694
        ],
        [
          0.0,
          1.0,
          0.0
        ],
        [
          -0.502694,
          0.0,
          -0.864464
        ],
        [
          205.101,
          0.0,
          -107.591
        ]
      ]
    },
    {
      "name": "usa_tent_3",
      "tm": [
        [
          0.187463,
          0.0,
          -0.982272
        ],
        [
          0.0,
          1.0,
          0.0
        ],
        [
          0.982272,
          0.0,
          0.187463
        ],
        [
          -295.953,
          0.0,
          240.154
        ]
      ]
    },
    {
      "name": "usa_tent_4",
      "tm": [
        [
          0.573577,
          0.0,
          0.819152
        ],
        [
          0.0,
          1.0,
          0.0
        ],
        [
          -0.819152,
          0.0,
          0.573577
        ],
        [
          -238.502,
          0.0,
          193.595
        ]
      ]
    },
    {
      "name": "usa_tent_6",
      "tm": [
        [
          0.965926,
          0.0,
          0.258819
        ],
        [
          0.0,
          1.0,
          0.0
        ],
        [
          -0.258819,
          0.0,
          0.965926
        ],
        [
          -268.693,
          0.0,
          197.82
        ]
      ]
    },
    {
      "name": "us_mbase_aircraft_tent",
      "tm": [
        [
          1.19249e-8,
          0.0,
          1.0
        ],
        [
          0.0,
          1.0,
          0.0
        ],
        [
          -1.0,
          0.0,
          1.19249e-8
        ],
        [
          116.218,
          1.40801,
          139.141
        ]
      ]
    },
    {
      "name": "us_mbase_aircraft_tent",
      "tm": [
        [
          1.19249e-8,
          0.0,
          1.0
        ],
        [
          0.0,
          1.0,
          0.0
        ],
        [
          -1.0,
          0.0,
          1.19249e-8
        ],
        [
          194.693,
          1.40801,
          139.141
        ]
      ]
    },
    {
      "name": "usa_tent_3",
      "tm": [
        [
          -0.0871553,
          0.0,
          0.996195
        ],
        [
          0.0,
          1.0,
          0.0
        ],
        [
          -0.996195,
          0.0,
          -0.0871553
        ],
        [
          -263.256,
          0.0,
          182.402
        ]
      ]
    },
    {
      "name": "usa_tent_3",
      "tm": [
        [
          0.573577,
          0.0,
          0.819152
        ],
        [
          0.0,
          1.0,
          0.0
        ],
        [
          -0.819152,
          0.0,
          0.573577
        ],
        [
          -264.969,
          0.0,
          237.56
        ]
      ]
    },
    {
      "name": "usa_tent_2",
      "tm": [
        [
          -0.86508,
          0.0,
          0.501633
        ],
        [
          0.0,
          1.0,
          0.0
        ],
        [
          -0.501633,
          0.0,
          -0.86508
        ],
        [
          -243.755,
          0.0,
          235.504
        ]
      ]
    },
    {
      "name": "usa_tent_5",
      "tm": [
        [
          0.573577,
          0.0,
          -0.819152
        ],
        [
          0.0,
          1.0,
          0.0
        ],
        [
          0.819152,
          0.0,
          0.573577
        ],
        [
          -417.808,
          0.0,
          -175.078
        ]
      ]
    }
  ]
}