{
  "className": "composit",
  "size": [
    1500.0,
    256.0
  ],
  "airfield": {
    "start": [
      515.0,
      0.0,
      43.0
    ],
    "end": [
      -905.0,
      0.0,
      43.0
    ],
    "width": 120.0,
    "spawn": [
      [
        317.0,
        0.0,
        36.0
      ],
      [
        330.0,
        0.0,
        61.0
      ],
      [
        341.0,
        0.0,
        36.0
      ],
      [
        353.0,
        0.0,
        61.0
      ],
      [
        364.0,
        0.0,
        36.0
      ],
      [
        377.0,
        0.0,
        61.0
      ],
      [
        388.0,
        0.0,
        36.0
      ],
      [
        400.0,
        0.0,
        61.0
      ],
      [
        413.0,
        0.0,
        36.0
      ],
      [
        426.0,
        0.0,
        61.0
      ],
      [
        439.0,
        0.0,
        36.0
      ],
      [
        452.0,
        0.0,
        61.0
      ],
      [
        465.0,
        0.0,
        36.0
      ],
      [
        478.0,
        0.0,
        61.0
      ],
      [
        491.0,
        0.0,
        36.0
      ],
      [
        504.0,
        0.0,
        61.0
      ]
    ],
    "repairTags": {
      "type_attack_helicopter": false,
      "type_utility_helicopter": false
    }
  },
  "node": [
    {
      "name": "^^dynaf_stalingrad_grd1_ally_mesh",
      "tm": [
        [
          1.0,
          0.0,
          0.0
        ],
        [
          0.0,
          1.0,
          0.0
        ],
        [
          0.0,
          0.0,
          1.0
        ],
        [
          0.0,
          0.0,
          0.0
        ]
      ]
    },
    {
      "name": "++NoTreesBox000",
      "tm": [
        [
          2000.0,
          0.0,
          0.0
        ],
        [
          0.0,
          15.0,
          0.0
        ],
        [
          0.0,
          0.0,
          160.0
        ],
        [
          -200.0,
          0.0,
          43.0
        ]
      ]
    },
    {
      "name": "++NoTreesBox001",
      "tm": [
        [
          1764.0,
          0.0,
          0.0
        ],
        [
          0.0,
          94.1334,
          0.0
        ],
        [
          0.0,
          0.0,
          60.0
        ],
        [
          -189.429,
          3.52251,
          72.3757
        ]
      ]
    },
    {
      "name": "++NoTreesBox002",
      "tm": [
        [
          1270.0,
          0.0,
          0.0
        ],
        [
          0.0,
          90.7289,
          0.0
        ],
        [
          0.0,
          0.0,
          60.0
        ],
        [
          -196.35,
          65.5933,
          -173.767
        ]
      ]
    },
    {
      "name": "++NoTreesBox003",
      "tm": [
        [
          800.0,
          0.0,
          0.0
        ],
        [
          0.0,
          90.7289,
          0.0
        ],
        [
          0.0,
          0.0,
          60.0
        ],
        [
          -155.949,
          65.5933,
          190.927
        ]
      ]
    },
    {
      "name": "britain_army_tent_rendinst",
      "tm": [
        [
          -0.470557,
          -1.32848e-8,
          -0.88237
        ],
        [
          -1.26441e-7,
          1.0,
          5.23734e-8
        ],
        [
          0.88237,
          1.36212e-7,
          -0.470557
        ],
        [
          -687.77,
          0.0,
          -160.618
        ]
      ]
    },
    {
      "name": "britain_tent_2_rendinst",
      "tm": [
        [
          0.291195,
          0.0,
          -0.956664
        ],
        [
          0.0,
          1.0,
          0.0
        ],
        [
          0.956664,
          0.0,
          0.291195
        ],
        [
          -675.66,
          0.0,
          -209.543
        ]
      ]
    },
    {
      "name": "britain_tent_1_rendinst",
      "tm": [
        [
          -0.743967,
          0.0,
          -0.668216
        ],
        [
          0.0,
          1.0,
          0.0
        ],
        [
          0.668216,
          0.0,
          -0.743967
        ],
        [
          -659.833,
          0.0,
          -207.7
        ]
      ]
    },
    {
      "name": "britain_big_army_tent_rendinst",
      "tm": [
        [
          -0.929172,
          0.0,
          -0.369647
        ],
        [
          0.0,
          1.0,
          0.0
        ],
        [
          0.369647,
          0.0,
          -0.929172
        ],
        [
          -678.816,
          0.0,
          -183.979
        ]
      ]
    },
    {
      "name": "britain_tent_1_rendinst",
      "tm": [
        [
          -0.44113,
          -5.84974e-9,
          -0.897443
        ],
        [
          -8.42937e-8,
          1.0,
          3.49156e-8
        ],
        [
          0.897443,
          9.10511e-8,
          -0.44113
        ],
        [
          -692.852,
          0.0,
          -170.998
        ]
      ]
    },
    {
      "name": "britain_tent_1_rendinst",
      "tm": [
        [
          0.0336707,
          0.0,
          -0.999433
        ],
        [
          -1.66046e-7,
          1.0,
          -5.59408e-9
        ],
        [
          0.999433,
          1.66141e-7,
          0.0336707
        ],
        [
          -661.819,
          0.0,
          -171.043
        ]
      ]
    },
    {
      "name": "britain_tent_1_rendinst",
      "tm": [
        [
          0.668216,
          0.0,
          -0.743967
        ],
        [
          0.0,
          1.0,
          0.0
        ],
        [
          0.743967,
          0.0,
          0.668216
        ],
        [
          -694.946,
          0.0,
          -198.535
        ]
      ]
    },
    {
      "name": "britain_tent_2_rendinst",
      "tm": [
        [
          0.974093,
          0.0,
          -0.226149
        ],
        [
          0.0,
          1.0,
          0.0
        ],
        [
          0.226149,
          0.0,
          0.974093
        ],
        [
          -652.77,
          0.0,
          -191.615
        ]
      ]
    },
    {
      "name": "britain_army_tent_rendinst",
      "tm": [
        [
          0.452894,
          0.0,
          -0.891564
        ],
        [
          -2.64528e-8,
          1.0,
          -1.34374e-8
        ],
        [
          0.891564,
          2.96701e-8,
          0.452894
        ],
        [
          -686.416,
          0.0,
          -205.271
        ]
      ]
    },
    {
      "name": "britain_tent_2_rendinst",
      "tm": [
        [
          -0.998564,
          0.0,
          0.0535641
        ],
        [
          0.0,
          1.0,
          0.0
        ],
        [
          -0.0535641,
          0.0,
          -0.998564
        ],
        [
          -703.157,
          0.0,
          -193.969
        ]
      ]
    },
    {
      "name": "britain_tent_1_rendinst",
      "tm": [
        [
          0.974093,
          0.0,
          -0.22615
        ],
        [
          0.0,
          1.0,
          0.0
        ],
        [
          0.22615,
          0.0,
          0.974093
        ],
        [
          -676.069,
          0.0,
          -165.947
        ]
      ]
    },
    {
      "name": "britain_army_tent_rendinst",
      "tm": [
        [
          -0.226149,
          0.0,
          -0.974093
        ],
        [
          -9.01118e-8,
          1.0,
          2.09207e-8
        ],
        [
          0.974093,
          9.25084e-8,
          -0.226149
        ],
        [
          -217.568,
          0.0,
          -100.777
        ]
      ]
    },
    {
      "name": "britain_tent_1_rendinst",
      "tm": [
        [
          -0.61663,
          0.0,
          -0.787253
        ],
        [
          0.0,
          1.0,
          0.0
        ],
        [
          0.787253,
          0.0,
          -0.61663
        ],
        [
          -651.84,
          0.0,
          -179.911
        ]
      ]
    },
    {
      "name": "britain_windvane_rendinst",
      "tm": [
        [
          -0.709277,
          0.0,
          -0.70493
        ],
        [
          -7.29991e-8,
          1.0,
          7.34492e-8
        ],
        [
          0.70493,
          1.03555e-7,
          -0.709277
        ],
        [
          474.551,
          0.0,
          175.202
        ]
      ]
    },
    {
      "name": "britain_control_tower_1_rendinst",
      "tm": [
        [
          -4.37114e-8,
          0.0,
          -1.0
        ],
        [
          0.0,
          1.0,
          0.0
        ],
        [
          1.0,
          0.0,
          -4.37114e-8
        ],
        [
          -707.238,
          0.0,
          -119.022
        ]
      ]
    },
    {
      "name": "britain_army_tent_rendinst",
      "tm": [
        [
          1.0,
          0.0,
          1.78814e-7
        ],
        [
          0.0,
          1.0,
          0.0
        ],
        [
          -1.78814e-7,
          0.0,
          1.0
        ],
        [
          -742.21,
          0.0,
          -152.332
        ]
      ]
    },
    {
      "name": "britain_tent_2_rendinst",
      "tm": [
        [
          0.573576,
          0.0,
          -0.819152
        ],
        [
          -2.00785e-8,
          1.0,
          -1.40591e-8
        ],
        [
          0.819152,
          2.45113e-8,
          0.573576
        ],
        [
          -720.74,
          0.0,
          -205.614
        ]
      ]
    },
    {
      "name": "britain_tent_1_rendinst",
      "tm": [
        [
          -0.5,
          0.0,
          -0.866026
        ],
        [
          0.0,
          1.0,
          0.0
        ],
        [
          0.866026,
          0.0,
          -0.5
        ],
        [
          -715.914,
          0.0,
          -193.736
        ]
      ]
    },
    {
      "name": "britain_army_tent_rendinst",
      "tm": [
        [
          0.087156,
          0.0,
          -0.996195
        ],
        [
          0.0,
          1.0,
          0.0
        ],
        [
          0.996195,
          0.0,
          0.087156
        ],
        [
          -243.599,
          0.0,
          -91.0076
        ]
      ]
    },
    {
      "name": "britain_tent_1_rendinst",
      "tm": [
        [
          0.573577,
          0.0,
          -0.819152
        ],
        [
          0.0,
          1.0,
          0.0
        ],
        [
          0.819152,
          0.0,
          0.573577
        ],
        [
          -228.74,
          0.0,
          -107.902
        ]
      ]
    },
    {
      "name": "britain_tent_1_rendinst",
      "tm": [
        [
          0.939692,
          -1.0193e-7,
          0.342021
        ],
        [
          9.57829e-8,
          1.0,
          3.48622e-8
        ],
        [
          -0.342021,
          0.0,
          0.939692
        ],
        [
          -243.665,
          0.0,
          -107.461
        ]
      ]
    },
    {
      "name": "britain_tent_2_rendinst",
      "tm": [
        [
          0.939692,
          -1.0193e-7,
          0.342021
        ],
        [
          9.57829e-8,
          1.0,
          3.48622e-8
        ],
        [
          -0.342021,
          0.0,
          0.939692
        ],
        [
          -219.258,
          0.0,
          -112.215
        ]
      ]
    },
    {
      "name": "britain_army_tent_rendinst",
      "tm": [
        [
          0.087156,
          0.0,
          -0.996195
        ],
        [
          0.0,
          1.0,
          0.0
        ],
        [
          0.996195,
          0.0,
          0.087156
        ],
        [
          -235.317,
          0.0,
          -102.667
        ]
      ]
    },
    {
      "name": "britain_tent_2_rendinst",
      "tm": [
        [
          -0.866025,
          0.0,
          -0.5
        ],
        [
          0.0,
          1.0,
          0.0
        ],
        [
          0.5,
          0.0,
          -0.866025
        ],
        [
          -234.113,
          0.0,
          -141.533
        ]
      ]
    },
    {
      "name": "britain_army_tent_rendinst",
      "tm": [
        [
          0.573576,
          0.0,
          0.819152
        ],
        [
          0.0,
          1.0,
          0.0
        ],
        [
          -0.819152,
          0.0,
          0.573576
        ],
        [
          -732.6,
          0.0,
          -165.838
        ]
      ]
    },
    {
      "name": "britain_tent_1_rendinst",
      "tm": [
        [
          0.965926,
          0.0,
          -0.258819
        ],
        [
          0.0,
          1.0,
          0.0
        ],
        [
          0.258819,
          0.0,
          0.965926
        ],
        [
          -221.639,
          0.0,
          -145.424
        ]
      ]
    },
    {
      "name": "britain_tent_2_rendinst",
      "tm": [
        [
          0.0871557,
          0.0,
          0.996195
        ],
        [
          0.0,
          1.0,
          0.0
        ],
        [
          -0.996195,
          0.0,
          0.0871557
        ],
        [
          -239.348,
          0.0,
          -131.202
        ]
      ]
    },
    {
      "name": "britain_tent_1_rendinst",
      "tm": [
        [
          0.984808,
          0.0,
          -0.173648
        ],
        [
          0.0,
          1.0,
          0.0
        ],
        [
          0.173648,
          0.0,
          0.984808
        ],
        [
          -758.098,
          0.0,
          -153.214
        ]
      ]
    },
    {
      "name": "britain_tent_2_rendinst",
      "tm": [
        [
          1.0,
          0.0,
          0.0
        ],
        [
          0.0,
          1.0,
          0.0
        ],
        [
          0.0,
          0.0,
          1.0
        ],
        [
          -227.599,
          0.0,
          -93.1851
        ]
      ]
    },
    {
      "name": "britain_tent_1_rendinst",
      "tm": [
        [
          -0.0871554,
          0.0,
          -0.996195
        ],
        [
          0.0,
          1.0,
          0.0
        ],
        [
          0.996195,
          0.0,
          -0.0871554
        ],
        [
          -214.695,
          0.0,
          -85.1749
        ]
      ]
    },
    {
      "name": "britain_tent_1_rendinst",
      "tm": [
        [
          -0.866025,
          0.0,
          -0.5
        ],
        [
          0.0,
          1.0,
          0.0
        ],
        [
          0.5,
          0.0,
          -0.866025
        ],
        [
          -207.866,
          0.0,
          -141.727
        ]
      ]
    },
    {
      "name": "britain_windvane_rendinst",
      "tm": [
        [
          -0.709277,
          0.0,
          -0.70493
        ],
        [
          -7.29991e-8,
          1.0,
          7.34492e-8
        ],
        [
          0.70493,
          1.03555e-7,
          -0.709277
        ],
        [
          -801.082,
          0.0,
          -75.518
        ]
      ]
    },
    {
      "name": "britain_army_tent_rendinst",
      "tm": [
        [
          0.848699,
          -2.65635e-7,
          0.528875
        ],
        [
          2.25444e-7,
          1.0,
          1.40488e-7
        ],
        [
          -0.528875,
          0.0,
          0.848699
        ],
        [
          -797.867,
          0.0,
          -180.725
        ]
      ]
    },
    {
      "name": "britain_tent_2_rendinst",
      "tm": [
        [
          0.226149,
          0.0,
          0.974093
        ],
        [
          0.0,
          1.0,
          0.0
        ],
        [
          -0.974093,
          0.0,
          0.226149
        ],
        [
          -783.892,
          0.0,
          -132.3
        ]
      ]
    },
    {
      "name": "britain_tent_1_rendinst",
      "tm": [
        [
          0.978403,
          0.0,
          0.206708
        ],
        [
          0.0,
          1.0,
          0.0
        ],
        [
          -0.206708,
          0.0,
          0.978403
        ],
        [
          -799.687,
          0.0,
          -151.967
        ]
      ]
    },
    {
      "name": "britain_big_army_tent_rendinst",
      "tm": [
        [
          -0.525379,
          0.0,
          0.850868
        ],
        [
          0.0,
          1.0,
          0.0
        ],
        [
          -0.850868,
          0.0,
          -0.525379
        ],
        [
          -781.739,
          0.0,
          -170.922
        ]
      ]
    },
    {
      "name": "britain_tent_1_rendinst",
      "tm": [
        [
          0.470558,
          -3.73189e-7,
          0.882369
        ],
        [
          2.30295e-7,
          1.0,
          3.00126e-7
        ],
        [
          -0.882369,
          6.19785e-8,
          0.470558
        ],
        [
          -808.954,
          0.0,
          -158.176
        ]
      ]
    },
    {
      "name": "britain_tent_1_rendinst",
      "tm": [
        [
          -0.206707,
          0.0,
          0.978403
        ],
        [
          0.0,
          1.0,
          0.0
        ],
        [
          -0.978403,
          0.0,
          -0.206707
        ],
        [
          -772.694,
          0.0,
          -151.476
        ]
      ]
    },
    {
      "name": "britain_tent_2_rendinst",
      "tm": [
        [
          -0.730514,
          0.0,
          0.682898
        ],
        [
          0.0,
          1.0,
          0.0
        ],
        [
          -0.682898,
          0.0,
          -0.730514
        ],
        [
          -789.206,
          0.0,
          -148.385
        ]
      ]
    },
    {
      "name": "britain_army_tent_rendinst",
      "tm": [
        [
          0.0535638,
          -7.80076e-8,
          0.998564
        ],
        [
          5.75736e-8,
          1.0,
          7.50315e-8
        ],
        [
          -0.998564,
          5.3472e-8,
          0.0535638
        ],
        [
          -776.713,
          0.0,
          -141.377
        ]
      ]
    },
    {
      "name": "britain_tent_1_rendinst",
      "tm": [
        [
          -0.730514,
          0.0,
          0.682898
        ],
        [
          0.0,
          1.0,
          0.0
        ],
        [
          -0.682898,
          0.0,
          -0.730514
        ],
        [
          -805.336,
          0.0,
          -170.259
        ]
      ]
    },
    {
      "name": "britain_tent_1_rendinst",
      "tm": [
        [
          0.927644,
          0.0,
          0.373466
        ],
        [
          0.0,
          1.0,
          0.0
        ],
        [
          -0.373466,
          0.0,
          0.927644
        ],
        [
          -763.257,
          0.0,
          -137.489
        ]
      ]
    },
    {
      "name": "britain_army_tent_rendinst",
      "tm": [
        [
          0.642788,
          0.0,
          0.766044
        ],
        [
          0.0,
          1.0,
          0.0
        ],
        [
          -0.766044,
          0.0,
          0.642788
        ],
        [
          -745.846,
          0.0,
          -200.081
        ]
      ]
    },
    {
      "name": "britain_big_army_tent_rendinst",
      "tm": [
        [
          0.939693,
          0.0,
          -0.34202
        ],
        [
          0.0,
          1.0,
          0.0
        ],
        [
          0.34202,
          0.0,
          0.939693
        ],
        [
          -752.05,
          0.0,
          -178.229
        ]
      ]
    },
    {
      "name": "britain_army_tent_rendinst",
      "tm": [
        [
          0.642788,
          0.0,
          0.766044
        ],
        [
          0.0,
          1.0,
          0.0
        ],
        [
          -0.766044,
          0.0,
          0.642788
        ],
        [
          -769.313,
          0.0,
          -208.583
        ]
      ]
    },
    {
      "name": "britain_tent_1_rendinst",
      "tm": [
        [
          -0.906308,
          -1.2595e-7,
          0.422618
        ],
        [
          8.09591e-8,
          1.0,
          4.71641e-7
        ],
        [
          -0.422618,
          4.61666e-7,
          -0.906308
        ],
        [
          -757.182,
          0.0,
          -202.362
        ]
      ]
    },
    {
      "name": "britain_tent_2_rendinst",
      "tm": [
        [
          0.965926,
          0.0,
          -0.258819
        ],
        [
          0.0,
          1.0,
          0.0
        ],
        [
          0.258819,
          0.0,
          0.965926
        ],
        [
          -714.467,
          0.0,
          -174.211
        ]
      ]
    },
    {
      "name": "britain_army_tent_rendinst",
      "tm": [
        [
          -0.258819,
          0.0,
          0.965926
        ],
        [
          0.0,
          1.0,
          0.0
        ],
        [
          -0.965926,
          0.0,
          -0.258819
        ],
        [
          -734.948,
          0.0,
          -197.409
        ]
      ]
    },
    {
      "name": "britain_tent_1_rendinst",
      "tm": [
        [
          -0.5,
          -5.16191e-8,
          0.866025
        ],
        [
          4.98603e-8,
          1.0,
          8.83915e-8
        ],
        [
          -0.866025,
          8.7376e-8,
          -0.5
        ],
        [
          -722.709,
          0.0,
          -167.928
        ]
      ]
    },
    {
      "name": "britain_tent_2_rendinst",
      "tm": [
        [
          -0.766044,
          0.0,
          -0.642788
        ],
        [
          0.0,
          1.0,
          0.0
        ],
        [
          0.642788,
          0.0,
          -0.766044
        ],
        [
          -727.686,
          0.0,
          -189.604
        ]
      ]
    },
    {
      "name": "britain_tent_1_rendinst",
      "tm": [
        [
          0.766044,
          0.0,
          0.642788
        ],
        [
          0.0,
          1.0,
          0.0
        ],
        [
          -0.642788,
          0.0,
          0.766044
        ],
        [
          -705.469,
          0.0,
          -167.88
        ]
      ]
    },
    {
      "name": "britain_tent_2_rendinst",
      "tm": [
        [
          -0.707107,
          0.0,
          0.707107
        ],
        [
          0.0,
          1.0,
          0.0
        ],
        [
          -0.707107,
          0.0,
          -0.707107
        ],
        [
          -779.087,
          0.0,
          -195.729
        ]
      ]
    },
    {
      "name": "britain_tent_1_rendinst",
      "tm": [
        [
          0.766044,
          0.0,
          0.642788
        ],
        [
          0.0,
          1.0,
          0.0
        ],
        [
          -0.642788,
          0.0,
          0.766044
        ],
        [
          -793.876,
          0.0,
          -192.268
        ]
      ]
    },
    {
      "name": "britain_tent_1_rendinst",
      "tm": [
        [
          0.965926,
          0.0,
          -0.258819
        ],
        [
          0.0,
          1.0,
          0.0
        ],
        [
          0.258819,
          0.0,
          0.965926
        ],
        [
          -742.718,
          0.0,
          -163.449
        ]
      ]
    },
    {
      "name": "britain_tent_1_rendinst",
      "tm": [
        [
          0.891564,
          0.0,
          0.452894
        ],
        [
          0.0,
          1.0,
          0.0
        ],
        [
          -0.452894,
          0.0,
          0.891564
        ],
        [
          -128.26,
          0.0,
          -130.885
        ]
      ]
    },
    {
      "name": "britain_tent_2_rendinst",
      "tm": [
        [
          0.998564,
          0.0,
          -0.0535645
        ],
        [
          0.0,
          1.0,
          0.0
        ],
        [
          0.0535645,
          0.0,
          0.998564
        ],
        [
          -115.98,
          0.0,
          -105.373
        ]
      ]
    },
    {
      "name": "britain_tent_1_rendinst",
      "tm": [
        [
          -0.730514,
          0.0,
          0.682897
        ],
        [
          0.0,
          1.0,
          0.0
        ],
        [
          -0.682897,
          0.0,
          -0.730514
        ],
        [
          -185.021,
          0.0,
          -143.861
        ]
      ]
    },
    {
      "name": "britain_big_army_tent_rendinst",
      "tm": [
        [
          0.0576716,
          0.0,
          0.998336
        ],
        [
          0.0,
          1.0,
          0.0
        ],
        [
          -0.998336,
          0.0,
          0.0576716
        ],
        [
          -144.978,
          0.0,
          -132.804
        ]
      ]
    },
    {
      "name": "britain_tent_1_rendinst",
      "tm": [
        [
          0.999433,
          0.0,
          0.03367
        ],
        [
          0.0,
          1.0,
          0.0
        ],
        [
          -0.03367,
          0.0,
          0.999433
        ],
        [
          -154.825,
          0.0,
          -102.204
        ]
      ]
    },
    {
      "name": "britain_tent_1_rendinst",
      "tm": [
        [
          0.998564,
          -1.50045e-7,
          -0.0535645
        ],
        [
          1.49829e-7,
          1.0,
          -8.03706e-9
        ],
        [
          0.0535645,
          0.0,
          0.998564
        ],
        [
          -164.419,
          0.0,
          -102.353
        ]
      ]
    },
    {
      "name": "britain_tent_1_rendinst",
      "tm": [
        [
          0.0336698,
          0.0,
          -0.999433
        ],
        [
          0.0,
          1.0,
          0.0
        ],
        [
          0.999433,
          0.0,
          0.0336698
        ],
        [
          -118.611,
          0.0,
          -122.302
        ]
      ]
    },
    {
      "name": "britain_tent_2_rendinst",
      "tm": [
        [
          0.120648,
          0.0,
          -0.992695
        ],
        [
          0.0,
          1.0,
          0.0
        ],
        [
          0.992695,
          0.0,
          0.120648
        ],
        [
          -172.138,
          0.0,
          -145.494
        ]
      ]
    },
    {
      "name": "britain_army_tent_rendinst",
      "tm": [
        [
          0.838,
          0.0,
          -0.54567
        ],
        [
          -3.66472e-9,
          1.0,
          -5.62801e-9
        ],
        [
          0.54567,
          6.716e-9,
          0.838
        ],
        [
          -193.121,
          0.0,
          -125.299
        ]
      ]
    },
    {
      "name": "britain_tent_1_rendinst",
      "tm": [
        [
          0.020524,
          -2.32017e-7,
          0.999789
        ],
        [
          4.0772e-8,
          1.0,
          2.31229e-7
        ],
        [
          -0.999789,
          3.60177e-8,
          0.020524
        ],
        [
          -116.476,
          0.0,
          -113.724
        ]
      ]
    },
    {
      "name": "britain_army_tent_rendinst",
      "tm": [
        [
          -0.787253,
          -2.81327e-7,
          0.61663
        ],
        [
          -1.02563e-7,
          1.0,
          3.2529e-7
        ],
        [
          -0.61663,
          1.92842e-7,
          -0.787253
        ],
        [
          -115.921,
          0.0,
          -89.0867
        ]
      ]
    },
    {
      "name": "britain_tent_2_rendinst",
      "tm": [
        [
          -0.978402,
          0.0,
          -0.206709
        ],
        [
          0.0,
          1.0,
          0.0
        ],
        [
          0.206709,
          0.0,
          -0.978402
        ],
        [
          -190.925,
          0.0,
          -135.417
        ]
      ]
    },
    {
      "name": "britain_tent_1_rendinst",
      "tm": [
        [
          -1.0,
          0.0,
          -3.89414e-7
        ],
        [
          0.0,
          1.0,
          0.0
        ],
        [
          3.89414e-7,
          0.0,
          -1.0
        ],
        [
          -145.393,
          0.0,
          -102.384
        ]
      ]
    },
    {
      "name": "britain_big_army_tent_rendinst",
      "tm": [
        [
          -0.0295585,
          0.0,
          0.999563
        ],
        [
          0.0,
          1.0,
          0.0
        ],
        [
          -0.999563,
          0.0,
          -0.0295585
        ],
        [
          -160.921,
          0.0,
          -132.804
        ]
      ]
    },
    {
      "name": "britain_tent_1_rendinst",
      "tm": [
        [
          -0.0535646,
          0.0,
          -0.998564
        ],
        [
          0.0,
          1.0,
          0.0
        ],
        [
          0.998564,
          0.0,
          -0.0535646
        ],
        [
          -115.862,
          0.0,
          -97.8497
        ]
      ]
    },
    {
      "name": "britain_army_tent_rendinst",
      "tm": [
        [
          0.226149,
          -3.45246e-7,
          0.974093
        ],
        [
          8.9407e-8,
          1.0,
          3.33671e-7
        ],
        [
          -0.974093,
          1.16311e-8,
          0.226149
        ],
        [
          -192.956,
          0.0,
          -113.351
        ]
      ]
    },
    {
      "name": "britain_army_tent_rendinst",
      "tm": [
        [
          -0.310186,
          -1.07071e-9,
          -0.950676
        ],
        [
          -1.02563e-7,
          1.0,
          3.23381e-8
        ],
        [
          0.950676,
          1.07535e-7,
          -0.310186
        ],
        [
          235.653,
          0.0,
          -159.71
        ]
      ]
    },
    {
      "name": "britain_tent_2_rendinst",
      "tm": [
        [
          0.452894,
          0.0,
          -0.891564
        ],
        [
          0.0,
          1.0,
          0.0
        ],
        [
          0.891564,
          0.0,
          0.452894
        ],
        [
          262.489,
          0.0,
          -196.155
        ]
      ]
    },
    {
      "name": "britain_tent_1_rendinst",
      "tm": [
        [
          -0.61663,
          0.0,
          -0.787253
        ],
        [
          0.0,
          1.0,
          0.0
        ],
        [
          0.787253,
          0.0,
          -0.61663
        ],
        [
          272.453,
          0.0,
          -189.543
        ]
      ]
    },
    {
      "name": "britain_big_army_tent_rendinst",
      "tm": [
        [
          0.949392,
          0.0,
          -0.314094
        ],
        [
          0.0,
          1.0,
          0.0
        ],
        [
          0.314094,
          0.0,
          0.949392
        ],
        [
          248.625,
          0.0,
          -177.601
        ]
      ]
    },
    {
      "name": "britain_tent_1_rendinst",
      "tm": [
        [
          -0.590268,
          -1.66067e-8,
          -0.807207
        ],
        [
          -9.76505e-8,
          1.0,
          5.08336e-8
        ],
        [
          0.807207,
          1.0883e-7,
          -0.590268
        ],
        [
          223.577,
          0.0,
          -164.288
        ]
      ]
    },
    {
      "name": "britain_tent_1_rendinst",
      "tm": [
        [
          0.974093,
          -1.08897e-7,
          -0.226149
        ],
        [
          1.06076e-7,
          1.0,
          -2.4627e-8
        ],
        [
          0.226149,
          0.0,
          0.974093
        ],
        [
          263.872,
          0.0,
          -158.296
        ]
      ]
    },
    {
      "name": "britain_tent_1_rendinst",
      "tm": [
        [
          0.787253,
          0.0,
          -0.61663
        ],
        [
          0.0,
          1.0,
          0.0
        ],
        [
          0.61663,
          0.0,
          0.787253
        ],
        [
          237.472,
          0.0,
          -194.574
        ]
      ]
    },
    {
      "name": "britain_tent_2_rendinst",
      "tm": [
        [
          0.998564,
          0.0,
          -0.053564
        ],
        [
          0.0,
          1.0,
          0.0
        ],
        [
          0.053564,
          0.0,
          0.998564
        ],
        [
          276.355,
          0.0,
          -176.984
        ]
      ]
    },
    {
      "name": "britain_army_tent_rendinst",
      "tm": [
        [
          0.61663,
          -6.54125e-8,
          0.787253
        ],
        [
          5.60101e-8,
          1.0,
          3.92187e-8
        ],
        [
          -0.787253,
          1.99107e-8,
          0.61663
        ],
        [
          249.48,
          0.0,
          -198.064
        ]
      ]
    },
    {
      "name": "britain_tent_2_rendinst",
      "tm": [
        [
          -0.799375,
          0.0,
          -0.600833
        ],
        [
          0.0,
          1.0,
          0.0
        ],
        [
          0.600833,
          0.0,
          -0.799375
        ],
        [
          229.258,
          0.0,
          -189.059
        ]
      ]
    },
    {
      "name": "britain_tent_1_rendinst",
      "tm": [
        [
          0.998564,
          0.0,
          -0.0535645
        ],
        [
          0.0,
          1.0,
          0.0
        ],
        [
          0.0535645,
          0.0,
          0.998564
        ],
        [
          248.953,
          0.0,
          -155.752
        ]
      ]
    },
    {
      "name": "britain_tent_1_rendinst",
      "tm": [
        [
          0.528876,
          0.0,
          -0.848699
        ],
        [
          0.0,
          1.0,
          0.0
        ],
        [
          0.848699,
          0.0,
          0.528876
        ],
        [
          275.238,
          0.0,
          -165.297
        ]
      ]
    },
    {
      "name": "britain_tent_1_rendinst",
      "tm": [
        [
          0.5,
          0.0,
          -0.866025
        ],
        [
          0.0,
          1.0,
          0.0
        ],
        [
          0.866025,
          0.0,
          0.5
        ],
        [
          221.667,
          0.0,
          -184.122
        ]
      ]
    },
    {
      "name": "britain_tent_2_rendinst",
      "tm": [
        [
          0.707107,
          0.0,
          -0.707107
        ],
        [
          -1.17042e-8,
          1.0,
          -1.17042e-8
        ],
        [
          0.707107,
          1.65523e-8,
          0.707107
        ],
        [
          214.852,
          0.0,
          -170.895
        ]
      ]
    },
    {
      "name": "britain_control_tower_1_rendinst",
      "tm": [
        [
          -4.37114e-8,
          0.0,
          -1.0
        ],
        [
          0.0,
          1.0,
          0.0
        ],
        [
          1.0,
          0.0,
          -4.37114e-8
        ],
        [
          365.198,
          0.0,
          -199.774
        ]
      ]
    },
    {
      "name": "britain_control_tower_1_rendinst",
      "tm": [
        [
          -4.37114e-8,
          0.0,
          -1.0
        ],
        [
          0.0,
          1.0,
          0.0
        ],
        [
          1.0,
          0.0,
          -4.37114e-8
        ],
        [
          -193.133,
          0.0,
          255.448
        ]
      ]
    },
    {
      "name": "britain_army_tent_rendinst",
      "tm": [
        [
          -0.983892,
          -2.03031e-7,
          0.178766
        ],
        [
          -1.59001e-7,
          1.0,
          2.60626e-7
        ],
        [
          -0.178766,
          2.28003e-7,
          -0.983892
        ],
        [
          -403.936,
          0.0,
          233.737
        ]
      ]
    },
    {
      "name": "britain_big_army_tent_rendinst",
      "tm": [
        [
          0.60498,
          0.0,
          0.79624
        ],
        [
          0.0,
          1.0,
          0.0
        ],
        [
          -0.79624,
          0.0,
          0.60498
        ],
        [
          -391.922,
          0.0,
          272.329
        ]
      ]
    },
    {
      "name": "britain_army_tent_rendinst",
      "tm": [
        [
          -0.845938,
          0.0,
          0.533281
        ],
        [
          0.0,
          1.0,
          0.0
        ],
        [
          -0.533281,
          0.0,
          -0.845938
        ],
        [
          -483.316,
          0.0,
          270.912
        ]
      ]
    },
    {
      "name": "britain_tent_1_rendinst",
      "tm": [
        [
          -0.790448,
          0.0,
          -0.612529
        ],
        [
          0.0,
          1.0,
          0.0
        ],
        [
          0.612529,
          0.0,
          -0.790448
        ],
        [
          -411.592,
          0.0,
          244.551
        ]
      ]
    },
    {
      "name": "britain_tent_1_rendinst",
      "tm": [
        [
          0.387075,
          4.76837e-7,
          -0.922048
        ],
        [
          -2.54839e-7,
          1.0,
          4.10169e-7
        ],
        [
          0.922048,
          7.62083e-8,
          0.387075
        ],
        [
          -486.743,
          0.0,
          246.407
        ]
      ]
    },
    {
      "name": "britain_tent_2_rendinst",
      "tm": [
        [
          0.387075,
          4.76837e-7,
          -0.922048
        ],
        [
          -2.54839e-7,
          1.0,
          4.10169e-7
        ],
        [
          0.922048,
          7.62083e-8,
          0.387075
        ],
        [
          -415.441,
          0.0,
          234.872
        ]
      ]
    },
    {
      "name": "britain_army_tent_rendinst",
      "tm": [
        [
          -0.990813,
          0.0,
          -0.135241
        ],
        [
          0.0,
          1.0,
          0.0
        ],
        [
          0.135241,
          0.0,
          -0.990813
        ],
        [
          -406.682,
          0.0,
          251.374
        ]
      ]
    },
    {
      "name": "britain_tent_2_rendinst",
      "tm": [
        [
          0.672075,
          0.0,
          0.740483
        ],
        [
          0.0,
          1.0,
          0.0
        ],
        [
          -0.740483,
          0.0,
          0.672075
        ],
        [
          -380.685,
          0.0,
          292.563
        ]
      ]
    },
    {
      "name": "britain_tent_1_rendinst",
      "tm": [
        [
          -0.998829,
          0.0,
          -0.0483721
        ],
        [
          -5.66479e-9,
          1.0,
          1.16971e-7
        ],
        [
          0.0483721,
          1.17109e-7,
          -0.998829
        ],
        [
          -394.436,
          0.0,
          294.263
        ]
      ]
    },
    {
      "name": "britain_tent_2_rendinst",
      "tm": [
        [
          -0.790448,
          0.0,
          -0.612529
        ],
        [
          0.0,
          1.0,
          0.0
        ],
        [
          0.612529,
          0.0,
          -0.790448
        ],
        [
          -372.691,
          0.0,
          285.398
        ]
      ]
    },
    {
      "name": "britain_tent_2_rendinst",
      "tm": [
        [
          -0.60498,
          0.0,
          -0.79624
        ],
        [
          0.0,
          1.0,
          0.0
        ],
        [
          0.79624,
          0.0,
          -0.60498
        ],
        [
          -421.018,
          0.0,
          262.802
        ]
      ]
    },
    {
      "name": "britain_tent_1_rendinst",
      "tm": [
        [
          0.998564,
          0.0,
          -0.0535645
        ],
        [
          0.0,
          1.0,
          0.0
        ],
        [
          0.0535645,
          0.0,
          0.998564
        ],
        [
          205.702,
          0.0,
          -137.416
        ]
      ]
    },
    {
      "name": "britain_tent_1_rendinst",
      "tm": [
        [
          0.672075,
          0.0,
          0.740483
        ],
        [
          0.0,
          1.0,
          0.0
        ],
        [
          -0.740483,
          0.0,
          0.672075
        ],
        [
          -406.422,
