{
  "className": "composit",
  "size": [
    1500.0,
    256.0
  ],
  "airfield": {
    "start": [
      515.0,
      0.0,
      43.0
    ],
    "end": [
      -905.0,
      0.0,
      43.0
    ],
    "width": 120.0,
    "spawn": [
      [
        317.0,
        0.0,
        36.0
      ],
      [
        330.0,
        0.0,
        61.0
      ],
      [
        341.0,
        0.0,
        36.0
      ],
      [
        353.0,
        0.0,
        61.0
      ],
      [
        364.0,
        0.0,
        36.0
      ],
      [
        377.0,
        0.0,
        61.0
      ],
      [
        388.0,
        0.0,
        36.0
      ],
      [
        400.0,
        0.0,
        61.0
      ],
      [
        413.0,
        0.0,
        36.0
      ],
      [
        426.0,
        0.0,
        61.0
      ],
      [
        439.0,
        0.0,
        36.0
      ],
      [
        452.0,
        0.0,
        61.0
      ],
      [
        465.0,
        0.0,
        36.0
      ],
      [
        478.0,
        0.0,
        61.0
      ],
      [
        491.0,
        0.0,
        36.0
      ],
      [
        504.0,
        0.0,
        61.0
      ]
    ],
    "repairTags": {
      "type_attack_helicopter": false,
      "type_utility_helicopter": false
    }
  },
  "node": [
    {
      "name": "^^dynaf_stalingrad_winter_buildings_ally_grd_mesh",
      "tm": [
        [
          1.0,
          0.0,
          0.0
        ],
        [
          0.0,
          1.0,
          0.0
        ],
        [
          0.0,
          0.0,
          1.0
        ],
        [
          0.0,
          0.0,
          0.0
        ]
      ]
    },
    {
      "name": "++NoTreesBox001",
      "tm": [
        [
          1000.0,
          0.0,
          0.0
        ],
        [
          0.0,
          15.0,
          0.0
        ],
        [
          0.0,
          0.0,
          50.0
        ],
        [
          -206.0,
          0.0,
          39.0
        ]
      ]
    },
    {
      "name": "++NoTreesBox002",
      "tm": [
        [
          510.0,
          0.0,
          0.0
        ],
        [
          0.0,
          15.0,
          0.0
        ],
        [
          0.0,
          0.0,
          210.0
        ],
        [
          -57.0,
          0.0,
          75.0
        ]
      ]
    },
    {
      "name": "boxes_winter_rendinst",
      "tm": [
        [
          0.49232,
          0.0,
          -0.870414
        ],
        [
          0.0,
          1.0,
          0.0
        ],
        [
          0.870414,
          0.0,
          0.49232
        ],
        [
          402.919,
          0.0,
          -138.19
        ]
      ]
    },
    {
      "name": "bulge_big_army_tent_rendinst",
      "tm": [
        [
          -0.34202,
          0.0,
          0.939693
        ],
        [
          0.0,
          1.0,
          0.0
        ],
        [
          -0.939693,
          0.0,
          -0.34202
        ],
        [
          395.929,
          0.0,
          -143.15
        ]
      ]
    },
    {
      "name": "bulge_control_tower_1_rendinst",
      "tm": [
        [
          -4.37114e-8,
          0.0,
          -1.0
        ],
        [
          0.0,
          1.0,
          0.0
        ],
        [
          1.0,
          0.0,
          -4.37114e-8
        ],
        [
          249.422,
          0.0,
          -161.367
        ]
      ]
    },
    {
      "name": "bulge_tent_1_rendinst",
      "tm": [
        [
          0.965926,
          0.0,
          0.258819
        ],
        [
          0.0,
          1.0,
          0.0
        ],
        [
          -0.258819,
          0.0,
          0.965926
        ],
        [
          382.319,
          0.0,
          -115.721
        ]
      ]
    },
    {
      "name": "bulge_windvane_rendinst",
      "tm": [
        [
          1.0,
          0.0,
          0.0
        ],
        [
          0.0,
          1.0,
          0.0
        ],
        [
          0.0,
          0.0,
          1.0
        ],
        [
          -812.477,
          0.0,
          -93.4475
        ]
      ]
    },
    {
      "name": "bulge_tent_2_rendinst",
      "tm": [
        [
          0.866025,
          0.0,
          0.5
        ],
        [
          0.0,
          1.0,
          0.0
        ],
        [
          -0.5,
          0.0,
          0.866025
        ],
        [
          368.486,
          0.0,
          -155.747
        ]
      ]
    },
    {
      "name": "bulge_tent_2_rendinst",
      "tm": [
        [
          -0.422618,
          0.0,
          0.906308
        ],
        [
          0.0,
          1.0,
          0.0
        ],
        [
          -0.906308,
          0.0,
          -0.422618
        ],
        [
          389.581,
          0.0,
          -158.975
        ]
      ]
    },
    {
      "name": "bulge_tent_2_rendinst",
      "tm": [
        [
          -0.939693,
          0.0,
          -0.34202
        ],
        [
          0.0,
          1.0,
          0.0
        ],
        [
          0.34202,
          0.0,
          -0.939693
        ],
        [
          428.776,
          0.0,
          -102.132
        ]
      ]
    },
    {
      "name": "bulge_big_army_tent_rendinst",
      "tm": [
        [
          -0.34202,
          0.0,
          0.939693
        ],
        [
          0.0,
          1.0,
          0.0
        ],
        [
          -0.939693,
          0.0,
          -0.34202
        ],
        [
          411.23,
          0.0,
          -137.581
        ]
      ]
    },
    {
      "name": "bulge_tent_1_rendinst",
      "tm": [
        [
          0.939693,
          0.0,
          0.34202
        ],
        [
          0.0,
          1.0,
          0.0
        ],
        [
          -0.34202,
          0.0,
          0.939693
        ],
        [
          391.178,
          0.0,
          -112.156
        ]
      ]
    },
    {
      "name": "bulge_tent_1_rendinst",
      "tm": [
        [
          0.939693,
          0.0,
          0.34202
        ],
        [
          0.0,
          1.0,
          0.0
        ],
        [
          -0.34202,
          0.0,
          0.939693
        ],
        [
          400.057,
          0.0,
          -109.154
        ]
      ]
    },
    {
      "name": "bulge_tent_1_rendinst",
      "tm": [
        [
          0.34202,
          0.0,
          -0.939693
        ],
        [
          0.0,
          1.0,
          0.0
        ],
        [
          0.939693,
          0.0,
          0.34202
        ],
        [
          426.299,
          0.0,
          -94.7917
        ]
      ]
    },
    {
      "name": "bulge_tent_1_rendinst",
      "tm": [
        [
          0.34202,
          0.0,
          -0.939693
        ],
        [
          0.0,
          1.0,
          0.0
        ],
        [
          0.939693,
          0.0,
          0.34202
        ],
        [
          431.159,
          0.0,
          -109.878
        ]
      ]
    },
    {
      "name": "bulge_army_tent_rendinst",
      "tm": [
        [
          -0.0871556,
          0.0,
          0.996195
        ],
        [
          0.0,
          1.0,
          0.0
        ],
        [
          -0.996195,
          0.0,
          -0.0871556
        ],
        [
          359.077,
          0.0,
          -135.752
        ]
      ]
    },
    {
      "name": "bulge_army_tent_rendinst",
      "tm": [
        [
          -0.906308,
          0.0,
          -0.422618
        ],
        [
          0.0,
          1.0,
          0.0
        ],
        [
          0.422618,
          0.0,
          -0.906308
        ],
        [
          362.923,
          0.0,
          -147.139
        ]
      ]
    },
    {
      "name": "bulge_army_tent_rendinst",
      "tm": [
        [
          0.422618,
          0.0,
          -0.906308
        ],
        [
          0.0,
          1.0,
          0.0
        ],
        [
          0.906308,
          0.0,
          0.422618
        ],
        [
          410.909,
          0.0,
          -90.1879
        ]
      ]
    },
    {
      "name": "bulge_army_tent_rendinst",
      "tm": [
        [
          0.573577,
          0.0,
          -0.819152
        ],
        [
          0.0,
          1.0,
          0.0
        ],
        [
          0.819152,
          0.0,
          0.573577
        ],
        [
          423.405,
          0.0,
          -86.5971
        ]
      ]
    },
    {
      "name": "bulge_tent_1_rendinst",
      "tm": [
        [
          0.34202,
          0.0,
          -0.939693
        ],
        [
          0.0,
          1.0,
          0.0
        ],
        [
          0.939693,
          0.0,
          0.34202
        ],
        [
          432.108,
          0.0,
          -118.732
        ]
      ]
    },
    {
      "name": "bulge_tent_1_rendinst",
      "tm": [
        [
          -0.707107,
          0.0,
          -0.707107
        ],
        [
          0.0,
          1.0,
          0.0
        ],
        [
          0.707107,
          0.0,
          -0.707107
        ],
        [
          426.006,
          0.0,
          -130.219
        ]
      ]
    },
    {
      "name": "bulge_tent_1_rendinst",
      "tm": [
        [
          -0.930221,
          0.0,
          0.367001
        ],
        [
          0.0,
          1.0,
          0.0
        ],
        [
          -0.367001,
          0.0,
          -0.930221
        ],
        [
          377.02,
          0.0,
          -161.697
        ]
      ]
    },
    {
      "name": "bulge_control_tower_1_rendinst",
      "tm": [
        [
          1.94707e-7,
          0.0,
          1.0
        ],
        [
          0.0,
          1.0,
          0.0
        ],
        [
          -1.0,
          0.0,
          1.94707e-7
        ],
        [
          -557.512,
          0.0,
          206.94
        ]
      ]
    },
    {
      "name": "bulge_windvane_rendinst",
      "tm": [
        [
          1.0,
          0.0,
          0.0
        ],
        [
          0.0,
          1.0,
          0.0
        ],
        [
          0.0,
          0.0,
          1.0
        ],
        [
          418.792,
          0.0,
          180.253
        ]
      ]
    },
    {
      "name": "boxes_winter_rendinst",
      "tm": [
        [
          -0.7717,
          0.0,
          -0.635987
        ],
        [
          0.0,
          1.0,
          0.0
        ],
        [
          0.635987,
          0.0,
          -0.7717
        ],
        [
          -566.215,
          0.0,
          213.784
        ]
      ]
    },
    {
      "name": "st_winter_bonfire_rendinst",
      "tm": [
        [
          0.422618,
          0.0,
          0.906308
        ],
        [
          0.0,
          1.0,
          0.0
        ],
        [
          -0.906308,
          0.0,
          0.422618
        ],
        [
          416.901,
          0.0,
          -117.325
        ]
      ]
    },
    {
      "name": "barrels_winter_rendinst",
      "tm": [
        [
          -0.94575,
          0.0,
          -0.324896
        ],
        [
          0.0,
          1.0,
          0.0
        ],
        [
          0.324896,
          0.0,
          -0.94575
        ],
        [
          365.306,
          0.0,
          -107.138
        ]
      ]
    },
    {
      "name": "bulge_tech_building_1_rendinst",
      "tm": [
        [
          1.0,
          0.0,
          0.0
        ],
        [
          0.0,
          1.0,
          0.0
        ],
        [
          0.0,
          0.0,
          1.0
        ],
        [
          -403.532,
          0.0,
          235.934
        ]
      ]
    },
    {
      "name": "bulge_barracks_1_rendinst",
      "tm": [
        [
          -0.00726543,
          0.0,
          0.999974
        ],
        [
          0.0,
          1.0,
          0.0
        ],
        [
          -0.999974,
          0.0,
          -0.00726543
        ],
        [
          -440.883,
          0.0,
          222.094
        ]
      ]
    },
    {
      "name": "bulge_barracks_2_rendinst",
      "tm": [
        [
          1.0,
          0.0,
          5.96046e-8
        ],
        [
          0.0,
          1.0,
          0.0
        ],
        [
          -5.96046e-8,
          0.0,
          1.0
        ],
        [
          -341.376,
          0.0,
          219.575
        ]
      ]
    },
    {
      "name": "bulge_hangar_1_rendinst",
      "tm": [
        [
          -0.655144,
          0.0,
          -0.755504
        ],
        [
          0.0,
          1.0,
          0.0
        ],
        [
          0.755504,
          0.0,
          -0.655144
        ],
        [
          -338.597,
          0.0,
          264.468
        ]
      ]
    },
    {
      "name": "bulge_hangar_2_rendinst",
      "tm": [
        [
          -4.37114e-8,
          0.0,
          -1.0
        ],
        [
          0.0,
          1.0,
          0.0
        ],
        [
          1.0,
          0.0,
          -4.37114e-8
        ],
        [
          -365.45,
          0.0,
          267.674
        ]
      ]
    },
    {
      "name": "bulge_hangar_3_rendinst",
      "tm": [
        [
          -1.0,
          0.0,
          -1.50996e-7
        ],
        [
          0.0,
          1.0,
          0.0
        ],
        [
          1.50996e-7,
          0.0,
          -1.0
        ],
        [
          -386.785,
          0.0,
          268.897
        ]
      ]
    },
    {
      "name": "bulge_shed_rendinst",
      "tm": [
        [
          1.0,
          0.0,
          0.0
        ],
        [
          0.0,
          1.0,
          0.0
        ],
        [
          0.0,
          0.0,
          1.0
        ],
        [
          -376.815,
          0.0,
          228.928
        ]
      ]
    },
    {
      "name": "bulge_tech_building_2_rendinst",
      "tm": [
        [
          1.0,
          0.0,
          0.0
        ],
        [
          0.0,
          1.0,
          0.0
        ],
        [
          0.0,
          0.0,
          1.0
        ],
        [
          -417.956,
          0.0,
          282.575
        ]
      ]
    },
    {
      "name": "bulge_trailer_rendinst",
      "tm": [
        [
          0.994754,
          0.0,
          0.102292
        ],
        [
          0.0,
          1.0,
          0.0
        ],
        [
          -0.102292,
          0.0,
          0.994754
        ],
        [
          -467.227,
          0.0,
          281.565
        ]
      ]
    },
    {
      "name": "bulge_trailer_rendinst",
      "tm": [
        [
          0.982054,
          0.0,
          0.188601
        ],
        [
          0.0,
          1.0,
          0.0
        ],
        [
          -0.188601,
          0.0,
          0.982054
        ],
        [
          -473.136,
          0.0,
          280.958
        ]
      ]
    },
    {
      "name": "bulge_trailer_rendinst",
      "tm": [
        [
          0.994754,
          0.0,
          0.102292
        ],
        [
          0.0,
          1.0,
          0.0
        ],
        [
          -0.102292,
          0.0,
          0.994754
        ],
        [
          -478.92,
          0.0,
          280.363
        ]
      ]
    },
    {
      "name": "bulge_trailer_rendinst",
      "tm": [
        [
          0.999884,
          0.0,
          0.0152037
        ],
        [
          0.0,
          1.0,
          0.0
        ],
        [
          -0.0152037,
          0.0,
          0.999884
        ],
        [
          -484.623,
          0.0,
          279.777
        ]
      ]
    },
    {
      "name": "bulge_barracks_1_rendinst",
      "tm": [
        [
          0.00924784,
          0.0,
          0.999957
        ],
        [
          0.0,
          1.0,
          0.0
        ],
        [
          -0.999957,
          0.0,
          0.00924784
        ],
        [
          -431.433,
          0.0,
          222.163
        ]
      ]
    },
    {
      "name": "bulge_barracks_1_rendinst",
      "tm": [
        [
          -0.00726543,
          0.0,
          0.999974
        ],
        [
          0.0,
          1.0,
          0.0
        ],
        [
          -0.999974,
          0.0,
          -0.00726543
        ],
        [
          -422.92,
          0.0,
          222.225
        ]
      ]
    },
    {
      "name": "bulge_trailer_rendinst",
      "tm": [
        [
          0.994754,
          0.0,
          0.102292
        ],
        [
          0.0,
          1.0,
          0.0
        ],
        [
          -0.102292,
          0.0,
          0.994754
        ],
        [
          -461.935,
          0.0,
          282.11
        ]
      ]
    },
    {
      "name": "bulge_barracks_2_rendinst",
      "tm": [
        [
          1.0,
          0.0,
          5.96046e-8
        ],
        [
          0.0,
          1.0,
          0.0
        ],
        [
          -5.96046e-8,
          0.0,
          1.0
        ],
        [
          -328.683,
          0.0,
          219.575
        ]
      ]
    },
    {
      "name": "bulge_hangar_1_rendinst",
      "tm": [
        [
          -0.655144,
          0.0,
          -0.755504
        ],
        [
          0.0,
          1.0,
          0.0
        ],
        [
          0.755504,
          0.0,
          -0.655144
        ],
        [
          -331.072,
          0.0,
          252.745
        ]
      ]
    },
    {
      "name": "bulge_trailer_rendinst",
      "tm": [
        [
          0.994569,
          0.0,
          0.104078
        ],
        [
          0.0,
          1.0,
          0.0
        ],
        [
          -0.104078,
          0.0,
          0.994569
        ],
        [
          -471.557,
          0.0,
          269.338
        ]
      ]
    },
    {
      "name": "bulge_trailer_rendinst",
      "tm": [
        [
          0.994754,
          0.0,
          0.102292
        ],
        [
          0.0,
          1.0,
          0.0
        ],
        [
          -0.102292,
          0.0,
          0.994754
        ],
        [
          -477.341,
          0.0,
          268.743
        ]
      ]
    },
    {
      "name": "bulge_trailer_rendinst",
      "tm": [
        [
          0.990311,
          0.0,
          0.138868
        ],
        [
          0.0,
          1.0,
          0.0
        ],
        [
          -0.138868,
          0.0,
          0.990311
        ],
        [
          -483.044,
          0.0,
          268.157
        ]
      ]
    },
    {
      "name": "bulge_trailer_rendinst",
      "tm": [
        [
          0.982825,
          0.0,
          0.184539
        ],
        [
          0.0,
          1.0,
          0.0
        ],
        [
          -0.184539,
          0.0,
          0.982825
        ],
        [
          -460.356,
          0.0,
          270.49
        ]
      ]
    },
    {
      "name": "bulge_trailer_rendinst",
      "tm": [
        [
          0.999994,
          0.0,
          -0.00337257
        ],
        [
          0.0,
          1.0,
          0.0
        ],
        [
          0.00337257,
          0.0,
          0.999994
        ],
        [
          -465.648,
          0.0,
          269.946
        ]
      ]
    },
    {
      "name": "bulge_shed_rendinst",
      "tm": [
        [
          -0.847746,
          0.0,
          -0.530402
        ],
        [
          0.0,
          1.0,
          0.0
        ],
        [
          0.530402,
          0.0,
          -0.847746
        ],
        [
          -322.759,
          0.0,
          241.205
        ]
      ]
    },
    {
      "name": "bulge_barracks_1_rendinst",
      "tm": [
        [
          -0.999974,
          0.0,
          -0.00726535
        ],
        [
          0.0,
          1.0,
          0.0
        ],
        [
          0.00726535,
          0.0,
          -0.999974
        ],
        [
          -265.714,
          0.0,
          242.736
        ]
      ]
    },
    {
      "name": "bulge_barracks_1_rendinst",
      "tm": [
        [
          -0.999957,
          0.0,
          0.0092478
        ],
        [
          0.0,
          1.0,
          0.0
        ],
        [
          -0.0092478,
          0.0,
          -0.999957
        ],
        [
          -265.652,
          0.0,
          234.223
        ]
      ]
    },
    {
      "name": "bulge_barracks_1_rendinst",
      "tm": [
        [
          -0.999974,
          0.0,
          -0.00726535
        ],
        [
          0.0,
          1.0,
          0.0
        ],
        [
          0.00726535,
          0.0,
          -0.999974
        ],
        [
          -265.583,
          0.0,
          224.774
        ]
      ]
    }
  ]
}