{
  "className": "composit",
  "size": [
    1024.0,
    256.0
  ],
  "airfield": {
    "start": [
      515.0,
      0.0,
      43.0
    ],
    "end": [
      -905.0,
      0.0,
      43.0
    ],
    "width": 120.0,
    "spawn": [
      [
        317.0,
        0.0,
        36.0
      ],
      [
        330.0,
        0.0,
        61.0
      ],
      [
        341.0,
        0.0,
        36.0
      ],
      [
        353.0,
        0.0,
        61.0
      ],
      [
        364.0,
        0.0,
        36.0
      ],
      [
        377.0,
        0.0,
        61.0
      ],
      [
        388.0,
        0.0,
        36.0
      ],
      [
        400.0,
        0.0,
        61.0
      ],
      [
        413.0,
        0.0,
        36.0
      ],
      [
        426.0,
        0.0,
        61.0
      ],
      [
        439.0,
        0.0,
        36.0
      ],
      [
        452.0,
        0.0,
        61.0
      ],
      [
        465.0,
        0.0,
        36.0
      ],
      [
        478.0,
        0.0,
        61.0
      ],
      [
        491.0,
        0.0,
        36.0
      ],
      [
        504.0,
        0.0,
        61.0
      ]
    ],
    "repairTags": {
      "type_attack_helicopter": false,
      "type_utility_helicopter": false
    }
  },
  "node": [
    {
      "name": "^^dynaf_stalingrad_winter_ally_grd_mesh",
      "tm": [
        [
          1.0,
          0.0,
          0.0
        ],
        [
          0.0,
          1.0,
          0.0
        ],
        [
          0.0,
          0.0,
          1.0
        ],
        [
          0.0,
          0.0,
          0.0
        ]
      ]
    },
    {
      "name": "+NoTreesBox000",
      "tm": [
        [
          1000.0,
          0.0,
          0.0
        ],
        [
          0.0,
          15.0,
          0.0
        ],
        [
          0.0,
          0.0,
          80.0
        ],
        [
          -200.0,
          0.0,
          39.0
        ]
      ]
    },
    {
      "name": "+NoTreesBox001",
      "tm": [
        [
          882.834,
          0.0,
          0.0
        ],
        [
          0.0,
          94.1334,
          0.0
        ],
        [
          0.0,
          0.0,
          29.3132
        ],
        [
          -189.429,
          3.52251,
          64.7151
        ]
      ]
    },
    {
      "name": "+NoTreesBox002",
      "tm": [
        [
          325.406,
          0.0,
          0.0
        ],
        [
          0.0,
          83.6506,
          0.0
        ],
        [
          0.0,
          0.0,
          29.3132
        ],
        [
          -211.032,
          74.7033,
          -169.78
        ]
      ]
    },
    {
      "name": "+NoTreesBox003",
      "tm": [
        [
          361.763,
          0.0,
          0.0
        ],
        [
          0.0,
          63.5172,
          0.0
        ],
        [
          0.0,
          0.0,
          29.3132
        ],
        [
          -327.618,
          85.6016,
          131.981
        ]
      ]
    },
    {
      "name": "boxes_winter_rendinst",
      "tm": [
        [
          0.16493,
          0.0,
          -0.986305
        ],
        [
          0.0,
          1.0,
          0.0
        ],
        [
          0.986305,
          0.0,
          0.16493
        ],
        [
          -337.668,
          0.0,
          -134.09
        ]
      ]
    },
    {
      "name": "bulge_army_tent_rendinst",
      "tm": [
        [
          0.0871558,
          0.0,
          -0.996195
        ],
        [
          0.0,
          1.0,
          0.0
        ],
        [
          0.996195,
          0.0,
          0.0871558
        ],
        [
          -420.394,
          0.0,
          -105.883
        ]
      ]
    },
    {
      "name": "bulge_big_army_tent_rendinst",
      "tm": [
        [
          7.54979E-08,
          0.0,
          1.0
        ],
        [
          0.0,
          1.0,
          0.0
        ],
        [
          -1.0,
          0.0,
          7.54979E-08
        ],
        [
          -345.933,
          0.0,
          -136.36
        ]
      ]
    },
    {
      "name": "bulge_control_tower_1_rendinst",
      "tm": [
        [
          -4.37114E-08,
          0.0,
          -1.0
        ],
        [
          0.0,
          1.0,
          0.0
        ],
        [
          1.0,
          0.0,
          -4.37114E-08
        ],
        [
          48.2658,
          0.0,
          -152.297
        ]
      ]
    },
    {
      "name": "bulge_tent_1_rendinst",
      "tm": [
        [
          0.996195,
          0.0,
          -0.0871557
        ],
        [
          0.0,
          1.0,
          0.0
        ],
        [
          0.0871557,
          0.0,
          0.996195
        ],
        [
          -349.341,
          0.0,
          -105.93
        ]
      ]
    },
    {
      "name": "bulge_tent_2_rendinst",
      "tm": [
        [
          1.0,
          0.0,
          0.0
        ],
        [
          0.0,
          1.0,
          0.0
        ],
        [
          0.0,
          0.0,
          1.0
        ],
        [
          -412.619,
          0.0,
          -96.6108
        ]
      ]
    },
    {
      "name": "bulge_windvane_rendinst",
      "tm": [
        [
          1.0,
          0.0,
          0.0
        ],
        [
          0.0,
          1.0,
          0.0
        ],
        [
          0.0,
          0.0,
          1.0
        ],
        [
          -812.477,
          0.0,
          -93.4475
        ]
      ]
    },
    {
      "name": "bulge_tent_2_rendinst",
      "tm": [
        [
          0.866025,
          0.0,
          0.5
        ],
        [
          0.0,
          1.0,
          0.0
        ],
        [
          -0.5,
          0.0,
          0.866025
        ],
        [
          -419.404,
          0.0,
          -144.99
        ]
      ]
    },
    {
      "name": "bulge_tent_2_rendinst",
      "tm": [
        [
          0.939693,
          0.0,
          0.34202
        ],
        [
          0.0,
          1.0,
          0.0
        ],
        [
          -0.34202,
          0.0,
          0.939693
        ],
        [
          -427.26,
          0.0,
          -123.865
        ]
      ]
    },
    {
      "name": "bulge_tent_2_rendinst",
      "tm": [
        [
          0.984808,
          0.0,
          0.173648
        ],
        [
          0.0,
          1.0,
          0.0
        ],
        [
          -0.173648,
          0.0,
          0.984808
        ],
        [
          -376.029,
          0.0,
          -138.811
        ]
      ]
    },
    {
      "name": "bulge_tent_2_rendinst",
      "tm": [
        [
          7.54979E-08,
          0.0,
          1.0
        ],
        [
          0.0,
          1.0,
          0.0
        ],
        [
          -1.0,
          0.0,
          7.54979E-08
        ],
        [
          -424.263,
          0.0,
          -134.512
        ]
      ]
    },
    {
      "name": "bulge_tent_2_rendinst",
      "tm": [
        [
          -0.0871556,
          0.0,
          0.996195
        ],
        [
          0.0,
          1.0,
          0.0
        ],
        [
          -0.996195,
          0.0,
          -0.0871556
        ],
        [
          -357.311,
          0.0,
          -149.059
        ]
      ]
    },
    {
      "name": "bulge_tent_2_rendinst",
      "tm": [
        [
          -1.0,
          0.0,
          1.50996E-07
        ],
        [
          0.0,
          1.0,
          0.0
        ],
        [
          -1.50996E-07,
          0.0,
          -1.0
        ],
        [
          -301.038,
          0.0,
          -109.05
        ]
      ]
    },
    {
      "name": "bulge_big_army_tent_rendinst",
      "tm": [
        [
          7.54979E-08,
          0.0,
          1.0
        ],
        [
          0.0,
          1.0,
          0.0
        ],
        [
          -1.0,
          0.0,
          7.54979E-08
        ],
        [
          -329.65,
          0.0,
          -136.36
        ]
      ]
    },
    {
      "name": "bulge_tent_1_rendinst",
      "tm": [
        [
          1.0,
          0.0,
          0.0
        ],
        [
          0.0,
          1.0,
          0.0
        ],
        [
          0.0,
          0.0,
          1.0
        ],
        [
          -339.797,
          0.0,
          -105.61
        ]
      ]
    },
    {
      "name": "bulge_tent_1_rendinst",
      "tm": [
        [
          1.0,
          0.0,
          0.0
        ],
        [
          0.0,
          1.0,
          0.0
        ],
        [
          0.0,
          0.0,
          1.0
        ],
        [
          -330.427,
          0.0,
          -105.826
        ]
      ]
    },
    {
      "name": "bulge_tent_1_rendinst",
      "tm": [
        [
          -4.37114E-08,
          0.0,
          -1.0
        ],
        [
          0.0,
          1.0,
          0.0
        ],
        [
          1.0,
          0.0,
          -4.37114E-08
        ],
        [
          -300.856,
          0.0,
          -101.305
        ]
      ]
    },
    {
      "name": "bulge_tent_1_rendinst",
      "tm": [
        [
          -4.37114E-08,
          0.0,
          -1.0
        ],
        [
          0.0,
          1.0,
          0.0
        ],
        [
          1.0,
          0.0,
          -4.37114E-08
        ],
        [
          -301.448,
          0.0,
          -117.144
        ]
      ]
    },
    {
      "name": "bulge_army_tent_rendinst",
      "tm": [
        [
          -0.173648,
          0.0,
          -0.984808
        ],
        [
          0.0,
          1.0,
          0.0
        ],
        [
          0.984808,
          0.0,
          -0.173648
        ],
        [
          -402.375,
          0.0,
          -104.079
        ]
      ]
    },
    {
      "name": "bulge_army_tent_rendinst",
      "tm": [
        [
          0.258819,
          0.0,
          0.965926
        ],
        [
          0.0,
          1.0,
          0.0
        ],
        [
          -0.965926,
          0.0,
          0.258819
        ],
        [
          -378.033,
          0.0,
          -116.804
        ]
      ]
    },
    {
      "name": "bulge_army_tent_rendinst",
      "tm": [
        [
          -0.996195,
          0.0,
          -0.0871559
        ],
        [
          0.0,
          1.0,
          0.0
        ],
        [
          0.0871559,
          0.0,
          -0.996195
        ],
        [
          -378.312,
          0.0,
          -128.819
        ]
      ]
    },
    {
      "name": "bulge_army_tent_rendinst",
      "tm": [
        [
          0.0871559,
          0.0,
          -0.996195
        ],
        [
          0.0,
          1.0,
          0.0
        ],
        [
          0.996195,
          0.0,
          0.0871559
        ],
        [
          -313.743,
          0.0,
          -91.7151
        ]
      ]
    },
    {
      "name": "bulge_army_tent_rendinst",
      "tm": [
        [
          0.258819,
          0.0,
          -0.965926
        ],
        [
          0.0,
          1.0,
          0.0
        ],
        [
          0.965926,
          0.0,
          0.258819
        ],
        [
          -300.772,
          0.0,
          -92.615
        ]
      ]
    },
    {
      "name": "bulge_tent_1_rendinst",
      "tm": [
        [
          -4.37114E-08,
          0.0,
          -1.0
        ],
        [
          0.0,
          1.0,
          0.0
        ],
        [
          1.0,
          0.0,
          -4.37114E-08
        ],
        [
          -303.584,
          0.0,
          -125.788
        ]
      ]
    },
    {
      "name": "bulge_tent_1_rendinst",
      "tm": [
        [
          -0.906308,
          0.0,
          -0.422618
        ],
        [
          0.0,
          1.0,
          0.0
        ],
        [
          0.422618,
          0.0,
          -0.906308
        ],
        [
          -313.247,
          0.0,
          -134.496
        ]
      ]
    },
    {
      "name": "bulge_tent_1_rendinst",
      "tm": [
        [
          -0.881207,
          0.0,
          -0.47273
        ],
        [
          0.0,
          1.0,
          0.0
        ],
        [
          0.47273,
          0.0,
          -0.881207
        ],
        [
          -392.922,
          0.0,
          -145.224
        ]
      ]
    },
    {
      "name": "bulge_tent_1_rendinst",
      "tm": [
        [
          -0.7486,
          0.0,
          0.663022
        ],
        [
          0.0,
          1.0,
          0.0
        ],
        [
          -0.663022,
          0.0,
          -0.7486
        ],
        [
          -370.045,
          0.0,
          -147.321
        ]
      ]
    },
    {
      "name": "bulge_tent_1_rendinst",
      "tm": [
        [
          -0.930278,
          0.0,
          -0.366856
        ],
        [
          0.0,
          1.0,
          0.0
        ],
        [
          0.366856,
          0.0,
          -0.930278
        ],
        [
          -428.747,
          0.0,
          -110.931
        ]
      ]
    },
    {
      "name": "bulge_tent_1_rendinst",
      "tm": [
        [
          -0.0622591,
          0.0,
          -0.99806
        ],
        [
          0.0,
          1.0,
          0.0
        ],
        [
          0.99806,
          0.0,
          -0.0622591
        ],
        [
          -389.836,
          0.0,
          -110.484
        ]
      ]
    },
    {
      "name": "bulge_tent_1_rendinst",
      "tm": [
        [
          0.572007,
          0.0,
          -0.820249
        ],
        [
          0.0,
          1.0,
          0.0
        ],
        [
          0.820249,
          0.0,
          0.572007
        ],
        [
          -413.6,
          0.0,
          -111.349
        ]
      ]
    },
    {
      "name": "bulge_tent_1_rendinst",
      "tm": [
        [
          0.968346,
          0.0,
          -0.24961
        ],
        [
          0.0,
          1.0,
          0.0
        ],
        [
          0.24961,
          0.0,
          0.968346
        ],
        [
          -406.683,
          0.0,
          -148.9
        ]
      ]
    },
    {
      "name": "bulge_control_tower_1_rendinst",
      "tm": [
        [
          1.94707E-07,
          0.0,
          1.0
        ],
        [
          0.0,
          1.0,
          0.0
        ],
        [
          -1.0,
          0.0,
          1.94707E-07
        ],
        [
          -557.512,
          0.0,
          206.94
        ]
      ]
    },
    {
      "name": "bulge_windvane_rendinst",
      "tm": [
        [
          1.0,
          0.0,
          0.0
        ],
        [
          0.0,
          1.0,
          0.0
        ],
        [
          0.0,
          0.0,
          1.0
        ],
        [
          418.792,
          0.0,
          180.253
        ]
      ]
    },
    {
      "name": "boxes_winter_rendinst",
      "tm": [
        [
          -0.7717,
          0.0,
          -0.635987
        ],
        [
          0.0,
          1.0,
          0.0
        ],
        [
          0.635987,
          0.0,
          -0.7717
        ],
        [
          -566.215,
          0.0,
          213.784
        ]
      ]
    },
    {
      "name": "st_winter_tent_camouflage_rendinst",
      "tm": [
        [
          1.0,
          0.0,
          0.0
        ],
        [
          0.0,
          1.0,
          0.0
        ],
        [
          0.0,
          0.0,
          1.0
        ],
        [
          -404.699,
          0.0054649,
          -123.592
        ]
      ]
    },
    {
      "name": "st_winter_radio_camouflage_rendinst",
      "tm": [
        [
          1.0,
          0.0,
          0.0
        ],
        [
          0.0,
          1.0,
          0.0
        ],
        [
          0.0,
          0.0,
          1.0
        ],
        [
          -405.542,
          0.0,
          -134.321
        ]
      ]
    },
    {
      "name": "st_winter_bonfire_rendinst",
      "tm": [
        [
          1.0,
          0.0,
          0.0
        ],
        [
          0.0,
          1.0,
          0.0
        ],
        [
          0.0,
          0.0,
          1.0
        ],
        [
          -393.257,
          0.0,
          -130.89
        ]
      ]
    },
    {
      "name": "st_winter_bonfire_rendinst",
      "tm": [
        [
          0.707107,
          0.0,
          0.707107
        ],
        [
          0.0,
          1.0,
          0.0
        ],
        [
          -0.707107,
          0.0,
          0.707107
        ],
        [
          -317.393,
          0.0,
          -119.265
        ]
      ]
    },
    {
      "name": "barrels_winter_rendinst",
      "tm": [
        [
          -0.999835,
          0.0,
          0.0181628
        ],
        [
          0.0,
          1.0,
          0.0
        ],
        [
          -0.0181628,
          0.0,
          -0.999835
        ],
        [
          -362.392,
          0.0,
          -92.0459
        ]
      ]
    }
  ]
}