[
  {
    "className": "composit"
  },
  {
    "size": [1024.0,256.0]
  },
  {
    "airfield": [
      {
        "start": [710.0,0.0,0.0]
      },
      {
        "end": [-710.0,0.0,0.0]
      },
      {
        "width": 120.0
      },
      {
        "spawn": [530.0,0.0,-11.0]
      },
      {
        "spawn": [521.0,0.0,0.0]
      },
      {
        "spawn": [530.0,0.0,11.0]
      },
      {
        "spawn": [544.0,0.0,-11.0]
      },
      {
        "spawn": [535.0,0.0,0.0]
      },
      {
        "spawn": [544.0,0.0,11.0]
      },
      {
        "spawn": [558.0,0.0,-11.0]
      },
      {
        "spawn": [549.0,0.0,0.0]
      },
      {
        "spawn": [558.0,0.0,11.0]
      },
      {
        "spawn": [572.0,0.0,-11.0]
      },
      {
        "spawn": [563.0,0.0,0.0]
      },
      {
        "spawn": [572.0,0.0,11.0]
      },
      {
        "spawn": [586.0,0.0,-11.0]
      },
      {
        "spawn": [577.0,0.0,0.0]
      },
      {
        "spawn": [586.0,0.0,11.0]
      },
      {
        "spawn": [600.0,0.0,-11.0]
      },
      {
        "spawn": [591.0,0.0,0.0]
      },
      {
        "spawn": [600.0,0.0,11.0]
      },
      {
        "spawn": [614.0,0.0,-11.0]
      },
      {
        "spawn": [605.0,0.0,0.0]
      },
      {
        "spawn": [614.0,0.0,11.0]
      },
      {
        "spawn": [628.0,0.0,-11.0]
      },
      {
        "spawn": [619.0,0.0,0.0]
      },
      {
        "spawn": [628.0,0.0,11.0]
      },
      {
        "spawn": [642.0,0.0,-11.0]
      },
      {
        "spawn": [633.0,0.0,0.0]
      },
      {
        "spawn": [642.0,0.0,11.0]
      },
      {
        "spawn": [656.0,0.0,-11.0]
      },
      {
        "spawn": [647.0,0.0,0.0]
      },
      {
        "spawn": [656.0,0.0,11.0]
      },
      {
        "spawn": [670.0,0.0,-11.0]
      },
      {
        "spawn": [661.0,0.0,0.0]
      },
      {
        "spawn": [670.0,0.0,11.0]
      },
      {
        "repairTags": {
          "type_attack_helicopter": false,
          "type_utility_helicopter": false
        }
      }
    ]
  },
  {
    "node": {
      "name": "^^dynaf_stalingrad_dirt1_ally_mesh",
      "tm": [
        [1.0,0.0,0.0],
        [0.0,1.0,0.0],
        [0.0,0.0,1.0],
        [0.0,0.0,0.0]
      ]
    }
  },
  {
    "node": {
      "name": "+NoTreesBox000",
      "tm": [
        [2200.0,0.0,0.0],
        [0.0,150.0,0.0],
        [0.0,0.0,80.0],
        [-20.0,0.0,4.0]
      ]
    }
  },
  {
    "node": {
      "name": "+NoTreesBox001",
      "tm": [
        [882.834,0.0,0.0],
        [0.0,29.3132,0.0],
        [0.0,0.0,94.1334],
        [-189.429,29.3132,46.585]
      ]
    }
  },
  {
    "node": {
      "name": "+NoTreesBox002",
      "tm": [
        [640.999,0.0,0.0],
        [0.0,29.3132,0.0],
        [0.0,0.0,90.7289],
        [-201.89,29.3132,-137.487]
      ]
    }
  },
  {
    "node": {
      "name": "+NoTreesBox003",
      "tm": [
        [407.458,0.0,0.0],
        [0.0,29.3132,0.0],
        [0.0,0.0,98.527],
        [-155.949,29.3132,235.005]
      ]
    }
  },
  {
    "node": {
      "name": "britain_army_tent_rendinst",
      "tm": [
        [-0.0535642,-1.32848e-08,-0.998564],
        [-1.36728e-07,1.0,-5.96968e-09],
        [0.998564,1.36212e-07,-0.0535642],
        [-343.995,0.0,-73.652]
      ]
    }
  },
  {
    "node": {
      "name": "britain_tent_2_rendinst",
      "tm": [
        [0.668215,0.0,-0.743968],
        [0.0,1.0,0.0],
        [0.743968,0.0,0.668215],
        [-312.343,0.0,-112.875]
      ]
    }
  },
  {
    "node": {
      "name": "britain_tent_1_rendinst",
      "tm": [
        [-0.391863,0.0,-0.920024],
        [0.0,1.0,0.0],
        [0.920024,0.0,-0.391863],
        [-298.778,0.0,-104.516]
      ]
    }
  },
  {
    "node": {
      "name": "britain_big_army_tent_rendinst",
      "tm": [
        [-0.685896,0.0,-0.727699],
        [0.0,1.0,0.0],
        [0.727699,0.0,-0.685896],
        [-326.007,0.0,-91.0391]
      ]
    }
  },
  {
    "node": {
      "name": "britain_tent_1_rendinst",
      "tm": [
        [-0.020524,-5.84974e-09,-0.999789],
        [-9.1152e-08,1.0,-3.97978e-09],
        [0.999789,9.10511e-08,-0.020524],
        [-344.214,0.0,-85.2068]
      ]
    }
  },
  {
    "node": {
      "name": "britain_tent_1_rendinst",
      "tm": [
        [0.920023,0.0,-0.391864],
        [0.0,1.0,0.0],
        [0.391864,0.0,0.920023],
        [-334.474,0.0,-111.049]
      ]
    }
  },
  {
    "node": {
      "name": "britain_tent_2_rendinst",
      "tm": [
        [0.978403,0.0,0.206708],
        [0.0,1.0,0.0],
        [-0.206708,0.0,0.978403],
        [-299.175,0.0,-86.9524]
      ]
    }
  },
  {
    "node": {
      "name": "britain_army_tent_rendinst",
      "tm": [
        [0.787253,0.0,-0.61663],
        [-1.82955e-08,1.0,-2.33579e-08],
        [0.61663,2.96701e-08,0.787253],
        [-323.897,0.0,-113.549]
      ]
    }
  },
  {
    "node": {
      "name": "britain_tent_2_rendinst",
      "tm": [
        [-0.927644,0.0,-0.373466],
        [0.0,1.0,0.0],
        [0.373466,0.0,-0.927644],
        [-343.846,0.0,-110.381]
      ]
    }
  },
  {
    "node": {
      "name": "britain_tent_1_rendinst",
      "tm": [
        [0.978403,0.0,0.206707],
        [0.0,1.0,0.0],
        [-0.206707,0.0,0.978403],
        [-331.138,0.0,-73.5363]
      ]
    }
  },
  {
    "node": {
      "name": "britain_army_tent_rendinst",
      "tm": [
        [-0.226149,0.0,-0.974093],
        [-9.01118e-08,1.0,2.09207e-08],
        [0.974093,9.25084e-08,-0.226149],
        [451.677,0.0,-83.8104]
      ]
    }
  },
  {
    "node": {
      "name": "britain_tent_1_rendinst",
      "tm": [
        [-0.22615,0.0,-0.974093],
        [0.0,1.0,0.0],
        [0.974093,0.0,-0.22615],
        [-303.278,0.0,-75.9529]
      ]
    }
  },
  {
    "node": {
      "name": "britain_control_tower_1_rendinst",
      "tm": [
        [-0.173648,0.0,0.984808],
        [0.0,1.0,0.0],
        [-0.984808,0.0,-0.173648],
        [-212.145,0.0,-198.458]
      ]
    }
  },
  {
    "node": {
      "name": "britain_army_tent_rendinst",
      "tm": [
        [0.906308,0.0,0.422618],
        [0.0,1.0,0.0],
        [-0.422618,0.0,0.906308],
        [-396.837,0.0,-89.1495]
      ]
    }
  },
  {
    "node": {
      "name": "britain_tent_2_rendinst",
      "tm": [
        [0.866025,0.0,-0.5],
        [-1.22557e-08,1.0,-2.12274e-08],
        [0.5,2.45113e-08,0.866025],
        [-354.86,0.0,-128.366]
      ]
    }
  },
  {
    "node": {
      "name": "britain_tent_1_rendinst",
      "tm": [
        [-0.0871554,0.0,-0.996195],
        [0.0,1.0,0.0],
        [0.996195,0.0,-0.0871554],
        [-355.507,0.0,-115.561]
      ]
    }
  },
  {
    "node": {
      "name": "britain_army_tent_rendinst",
      "tm": [
        [0.087156,0.0,-0.996195],
        [0.0,1.0,0.0],
        [0.996195,0.0,0.087156],
        [425.645,0.0,-74.0405]
      ]
    }
  },
  {
    "node": {
      "name": "britain_tent_1_rendinst",
      "tm": [
        [0.573577,0.0,-0.819152],
        [0.0,1.0,0.0],
        [0.819152,0.0,0.573577],
        [440.504,0.0,-90.9349]
      ]
    }
  },
  {
    "node": {
      "name": "britain_tent_1_rendinst",
      "tm": [
        [0.939692,-1.0193e-07,0.342021],
        [9.57829e-08,1.0,3.48622e-08],
        [-0.342021,0.0,0.939692],
        [425.579,0.0,-90.4939]
      ]
    }
  },
  {
    "node": {
      "name": "britain_tent_2_rendinst",
      "tm": [
        [0.939692,-1.0193e-07,0.342021],
        [9.57829e-08,1.0,3.48622e-08],
        [-0.342021,0.0,0.939692],
        [449.986,0.0,-95.2477]
      ]
    }
  },
  {
    "node": {
      "name": "britain_army_tent_rendinst",
      "tm": [
        [0.087156,0.0,-0.996195],
        [0.0,1.0,0.0],
        [0.996195,0.0,0.087156],
        [433.927,0.0,-85.7]
      ]
    }
  },
  {
    "node": {
      "name": "britain_tent_2_rendinst",
      "tm": [
        [-0.866025,0.0,-0.5],
        [0.0,1.0,0.0],
        [0.5,0.0,-0.866025],
        [435.132,0.0,-124.566]
      ]
    }
  },
  {
    "node": {
      "name": "britain_army_tent_rendinst",
      "tm": [
        [0.173648,0.0,0.984808],
        [0.0,1.0,0.0],
        [-0.984808,0.0,0.173648],
        [-382.419,0.0,-97.3285]
      ]
    }
  },
  {
    "node": {
      "name": "britain_tent_1_rendinst",
      "tm": [
        [0.965926,0.0,-0.258819],
        [0.0,1.0,0.0],
        [0.258819,0.0,0.965926],
        [447.606,0.0,-128.457]
      ]
    }
  },
  {
    "node": {
      "name": "britain_tent_2_rendinst",
      "tm": [
        [0.0871557,0.0,0.996195],
        [0.0,1.0,0.0],
        [-0.996195,0.0,0.0871557],
        [429.897,0.0,-114.235]
      ]
    }
  },
  {
    "node": {
      "name": "britain_tent_1_rendinst",
      "tm": [
        [0.965926,0.0,0.258819],
        [0.0,1.0,0.0],
        [-0.258819,0.0,0.965926],
        [-410.863,0.0,-96.6629]
      ]
    }
  },
  {
    "node": {
      "name": "britain_tent_2_rendinst",
      "tm": [
        [1.0,0.0,0.0],
        [0.0,1.0,0.0],
        [0.0,0.0,1.0],
        [441.645,0.0,-76.2181]
      ]
    }
  },
  {
    "node": {
      "name": "britain_tent_1_rendinst",
      "tm": [
        [-0.0871554,0.0,-0.996195],
        [0.0,1.0,0.0],
        [0.996195,0.0,-0.0871554],
        [454.55,0.0,-68.2079]
      ]
    }
  },
  {
    "node": {
      "name": "britain_tent_1_rendinst",
      "tm": [
        [-0.866025,0.0,-0.5],
        [0.0,1.0,0.0],
        [0.5,0.0,-0.866025],
        [461.378,0.0,-124.76]
      ]
    }
  },
  {
    "node": {
      "name": "britain_army_tent_rendinst",
      "tm": [
        [0.545671,-2.65635e-07,0.838],
        [1.44949e-07,1.0,2.22602e-07],
        [-0.838,0.0,0.545671],
        [-435.279,0.0,-138.403]
      ]
    }
  },
  {
    "node": {
      "name": "britain_tent_2_rendinst",
      "tm": [
        [-0.206708,0.0,0.978403],
        [0.0,1.0,0.0],
        [-0.978403,0.0,-0.206708],
        [-443.079,0.0,-88.6093]
      ]
    }
  },
  {
    "node": {
      "name": "britain_big_army_tent_rendinst",
      "tm": [
        [-0.835748,0.0,0.549113],
        [0.0,1.0,0.0],
        [-0.549113,0.0,-0.835748],
        [-424.805,0.0,-122.703]
      ]
    }
  },
  {
    "node": {
      "name": "britain_tent_1_rendinst",
      "tm": [
        [0.0535653,-3.73189e-07,0.998564],
        [8.18794e-08,1.0,3.69333e-07],
        [-0.998564,6.19785e-08,0.0535653],
        [-454.857,0.0,-122.652]
      ]
    }
  },
  {
    "node": {
      "name": "britain_tent_1_rendinst",
      "tm": [
        [-0.600831,0.0,0.799376],
        [0.0,1.0,0.0],
        [-0.799376,0.0,-0.600831],
        [-424.826,0.0,-101.256]
      ]
    }
  },
  {
    "node": {
      "name": "britain_army_tent_rendinst",
      "tm": [
        [-0.373467,-7.80076e-08,0.927644],
        [2.04697e-08,1.0,9.23333e-08],
        [-0.927644,5.3472e-08,-0.373467],
        [-432.736,0.0,-93.8021]
      ]
    }
  },
  {
    "node": {
      "name": "britain_tent_1_rendinst",
      "tm": [
        [-0.950676,0.0,0.310187],
        [0.0,1.0,0.0],
        [-0.310187,0.0,-0.950676],
        [-446.472,0.0,-132.075]
      ]
    }
  },
  {
    "node": {
      "name": "britain_tent_1_rendinst",
      "tm": [
        [0.682897,0.0,0.730514],
        [0.0,1.0,0.0],
        [-0.730514,0.0,0.682897],
        [-422.185,0.0,-84.5916]
      ]
    }
  },
  {
    "node": {
      "name": "britain_army_tent_rendinst",
      "tm": [
        [0.258819,0.0,0.965926],
        [0.0,1.0,0.0],
        [-0.965926,0.0,0.258819],
        [-379.952,0.0,-133.961]
      ]
    }
  },
  {
    "node": {
      "name": "britain_big_army_tent_rendinst",
      "tm": [
        [0.996195,0.0,0.0871562],
        [0.0,1.0,0.0],
        [-0.0871562,0.0,0.996195],
        [-394.81,0.0,-116.779]
      ]
    }
  },
  {
    "node": {
      "name": "britain_army_tent_rendinst",
      "tm": [
        [0.258819,0.0,0.965926],
        [0.0,1.0,0.0],
        [-0.965926,0.0,0.258819],
        [-397.628,0.0,-151.584]
      ]
    }
  },
  {
    "node": {
      "name": "britain_tent_1_rendinst",
      "tm": [
        [-1.0,-1.2595e-07,-3.25841e-07],
        [-1.2595e-07,1.0,4.61666e-07],
        [3.25841e-07,4.61666e-07,-1.0],
        [-389.262,0.0,-140.819]
      ]
    }
  },
  {
    "node": {
      "name": "britain_tent_2_rendinst",
      "tm": [
        [0.984808,0.0,0.173648],
        [0.0,1.0,0.0],
        [-0.173648,0.0,0.984808],
        [-362.447,0.0,-97.2533]
      ]
    }
  },
  {
    "node": {
      "name": "britain_army_tent_rendinst",
      "tm": [
        [-0.642788,0.0,0.766044],
        [0.0,1.0,0.0],
        [-0.766044,0.0,-0.642788],
        [-371.204,0.0,-126.934]
      ]
    }
  },
  {
    "node": {
      "name": "britain_tent_1_rendinst",
      "tm": [
        [-0.819152,-5.16191e-08,0.573576],
        [7.83289e-09,1.0,1.01182e-07],
        [-0.573576,8.7376e-08,-0.819152],
        [-372.572,0.0,-95.043]
      ]
    }
  },
  {
    "node": {
      "name": "britain_tent_2_rendinst",
      "tm": [
        [-0.422619,0.0,-0.906308],
        [0.0,1.0,0.0],
        [0.906308,0.0,-0.422619],
        [-367.922,0.0,-116.792]
      ]
    }
  },
  {
    "node": {
      "name": "britain_tent_1_rendinst",
      "tm": [
        [0.422618,0.0,0.906308],
        [0.0,1.0,0.0],
        [-0.906308,0.0,0.422618],
        [-356.967,0.0,-87.7128]
      ]
    }
  },
  {
    "node": {
      "name": "britain_tent_2_rendinst",
      "tm": [
        [-0.939692,0.0,0.342021],
        [0.0,1.0,0.0],
        [-0.342021,0.0,-0.939692],
        [-411.918,0.0,-144.066]
      ]
    }
  },
  {
    "node": {
      "name": "britain_tent_1_rendinst",
      "tm": [
        [0.422618,0.0,0.906308],
        [0.0,1.0,0.0],
        [-0.906308,0.0,0.422618],
        [-426.784,0.0,-147.179]
      ]
    }
  },
  {
    "node": {
      "name": "britain_tent_1_rendinst",
      "tm": [
        [0.984808,0.0,0.173648],
        [0.0,1.0,0.0],
        [-0.173648,0.0,0.984808],
        [-392.598,0.0,-99.4397]
      ]
    }
  },
  {
    "node": {
      "name": "britain_tent_1_rendinst",
      "tm": [
        [0.891564,0.0,0.452894],
        [0.0,1.0,0.0],
        [-0.452894,0.0,0.891564],
        [540.984,0.0,-113.918]
      ]
    }
  },
  {
    "node": {
      "name": "britain_tent_2_rendinst",
      "tm": [
        [0.998564,0.0,-0.0535645],
        [0.0,1.0,0.0],
        [0.0535645,0.0,0.998564],
        [553.265,0.0,-88.4057]
      ]
    }
  },
  {
    "node": {
      "name": "britain_tent_1_rendinst",
      "tm": [
        [-0.730514,0.0,0.682897],
        [0.0,1.0,0.0],
        [-0.682897,0.0,-0.730514],
        [484.224,0.0,-126.894]
      ]
    }
  },
  {
    "node": {
      "name": "britain_big_army_tent_rendinst",
      "tm": [
        [0.0576716,0.0,0.998336],
        [0.0,1.0,0.0],
        [-0.998336,0.0,0.0576716],
        [524.267,0.0,-115.837]
      ]
    }
  },
  {
    "node": {
      "name": "britain_tent_1_rendinst",
      "tm": [
        [0.999433,0.0,0.03367],
        [0.0,1.0,0.0],
        [-0.03367,0.0,0.999433],
        [514.42,0.0,-85.2369]
      ]
    }
  },
  {
    "node": {
      "name": "britain_tent_1_rendinst",
      "tm": [
        [0.998564,-1.50045e-07,-0.0535645],
        [1.49829e-07,1.0,-8.03706e-09],
        [0.0535645,0.0,0.998564],
        [504.826,0.0,-85.3855]
      ]
    }
  },
  {
    "node": {
      "name": "britain_tent_1_rendinst",
      "tm": [
        [0.0336698,0.0,-0.999433],
        [0.0,1.0,0.0],
        [0.999433,0.0,0.0336698],
        [550.633,0.0,-105.335]
      ]
    }
  },
  {
    "node": {
      "name": "britain_tent_2_rendinst",
      "tm": [
        [0.120648,0.0,-0.992695],
        [0.0,1.0,0.0],
        [0.992695,0.0,0.120648],
        [497.106,0.0,-128.527]
      ]
    }
  },
  {
    "node": {
      "name": "britain_army_tent_rendinst",
      "tm": [
        [0.838,0.0,-0.54567],
        [-3.66472e-09,1.0,-5.62801e-09],
        [0.54567,6.716e-09,0.838],
        [476.124,0.0,-108.332]
      ]
    }
  },
  {
    "node": {
      "name": "britain_tent_1_rendinst",
      "tm": [
        [0.020524,-2.32017e-07,0.999789],
        [4.0772e-08,1.0,2.31229e-07],
        [-0.999789,3.60177e-08,0.020524],
        [552.768,0.0,-96.7569]
      ]
    }
  },
  {
    "node": {
      "name": "britain_army_tent_rendinst",
      "tm": [
        [-0.787253,-2.81327e-07,0.61663],
        [-1.02563e-07,1.0,3.2529e-07],
        [-0.61663,1.92842e-07,-0.787253],
        [553.323,0.0,-72.1196]
      ]
    }
  },
  {
    "node": {
      "name": "britain_tent_2_rendinst",
      "tm": [
        [-0.978402,0.0,-0.206709],
        [0.0,1.0,0.0],
        [0.206709,0.0,-0.978402],
        [478.32,0.0,-118.45]
      ]
    }
  },
  {
    "node": {
      "name": "britain_tent_1_rendinst",
      "tm": [
        [-1.0,0.0,-3.89414e-07],
        [0.0,1.0,0.0],
        [3.89414e-07,0.0,-1.0],
        [523.852,0.0,-85.4171]
      ]
    }
  },
  {
    "node": {
      "name": "britain_big_army_tent_rendinst",
      "tm": [
        [-0.0295585,0.0,0.999563],
        [0.0,1.0,0.0],
        [-0.999563,0.0,-0.0295585],
        [508.323,0.0,-115.837]
      ]
    }
  },
  {
    "node": {
      "name": "britain_tent_1_rendinst",
      "tm": [
        [-0.0535646,0.0,-0.998564],
        [0.0,1.0,0.0],
        [0.998564,0.0,-0.0535646],
        [553.383,0.0,-80.8827]
      ]
    }
  },
  {
    "node": {
      "name": "britain_army_tent_rendinst",
      "tm": [
        [0.226149,-3.45246e-07,0.974093],
        [8.9407e-08,1.0,3.33671e-07],
        [-0.974093,1.16311e-08,0.226149],
        [476.289,0.0,-96.3835]
      ]
    }
  },
  {
    "node": {
      "name": "britain_army_tent_rendinst",
      "tm": [
        [-0.310186,-1.07071e-09,-0.950676],
        [-1.02563e-07,1.0,3.23381e-08],
        [0.950676,1.07535e-07,-0.310186],
        [266.442,0.0,-98.1333]
      ]
    }
  },
  {
    "node": {
      "name": "britain_tent_2_rendinst",
      "tm": [
        [0.452894,0.0,-0.891564],
        [0.0,1.0,0.0],
        [0.891564,0.0,0.452894],
        [293.279,0.0,-134.579]
      ]
    }
  },
  {
    "node": {
      "name": "britain_tent_1_rendinst",
      "tm": [
        [-0.61663,0.0,-0.787253],
        [0.0,1.0,0.0],
        [0.787253,0.0,-0.61663],
        [303.242,0.0,-127.967]
      ]
    }
  },
  {
    "node": {
      "name": "britain_big_army_tent_rendinst",
      "tm": [
        [0.949392,0.0,-0.314094],
        [0.0,1.0,0.0],
        [0.314094,0.0,0.949392],
        [279.415,0.0,-116.025]
      ]
    }
  },
  {
    "node": {
      "name": "britain_tent_1_rendinst",
      "tm": [
        [-0.590268,-1.66067e-08,-0.807207],
        [-9.76505e-08,1.0,5.08336e-08],
        [0.807207,1.0883e-07,-0.590268],
        [254.367,0.0,-102.711]
      ]
    }
  },
  {
    "node": {
      "name": "britain_tent_1_rendinst",
      "tm": [
        [0.120648,-1.08897e-07,-0.992695],
        [1.31383e-08,1.0,-1.08102e-07],
        [0.992695,0.0,0.120648],
        [318.777,0.0,-108.56]
      ]
    }
  },
  {
    "node": {
      "name": "britain_tent_1_rendinst",
      "tm": [
        [0.787253,0.0,-0.61663],
        [0.0,1.0,0.0],
        [0.61663,0.0,0.787253],
        [268.261,0.0,-132.998]
      ]
    }
  },
  {
    "node": {
      "name": "britain_tent_2_rendinst",
      "tm": [
        [0.998564,0.0,-0.053564],
        [0.0,1.0,0.0],
        [0.053564,0.0,0.998564],
        [307.145,0.0,-115.408]
      ]
    }
  },
  {
    "node": {
      "name": "britain_army_tent_rendinst",
      "tm": [
        [0.61663,-6.54125e-08,0.787253],
        [5.60101e-08,1.0,3.92187e-08],
        [-0.787253,1.99107e-08,0.61663],
        [280.27,0.0,-136.488]
      ]
    }
  },
  {
    "node": {
      "name": "britain_tent_2_rendinst",
      "tm": [
        [-0.799375,0.0,-0.600833],
        [0.0,1.0,0.0],
        [0.600833,0.0,-0.799375],
        [260.047,0.0,-127.483]
      ]
    }
  },
  {
    "node": {
      "name": "britain_tent_1_rendinst",
      "tm": [
        [0.998564,0.0,-0.0535645],
        [0.0,1.0,0.0],
        [0.0535645,0.0,0.998564],
        [323.885,0.0,-93.719]
      ]
    }
  },
  {
    "node": {
      "name": "britain_tent_1_rendinst",
      "tm": [
        [0.5,0.0,-0.866025],
        [0.0,1.0,0.0],
        [0.866025,0.0,0.5],
        [252.456,0.0,-122.546]
      ]
    }
  },
  {
    "node": {
      "name": "britain_tent_2_rendinst",
      "tm": [
        [0.707107,0.0,-0.707107],
        [-1.17042e-08,1.0,-1.17042e-08],
        [0.707107,1.65523e-08,0.707107],
        [245.642,0.0,-109.318]
      ]
    }
  },
  {
    "node": {
      "name": "britain_control_tower_1_rendinst",
      "tm": [
        [-4.37114e-08,0.0,-1.0],
        [0.0,1.0,0.0],
        [1.0,0.0,-4.37114e-08],
        [179.798,0.0,-142.47]
      ]
    }
  },
  {
    "node": {
      "name": "britain_control_tower_1_rendinst",
      "tm": [
        [-0.0871558,0.0,-0.996195],
        [0.0,1.0,0.0],
        [0.996195,0.0,-0.0871558],
        [-235.485,0.0,169.031]
      ]
    }
  },
  {
    "node": {
      "name": "britain_army_tent_rendinst",
      "tm": [
        [-0.983892,-2.03031e-07,0.178766],
        [-1.59001e-07,1.0,2.60626e-07],
        [-0.178766,2.28003e-07,-0.983892],
        [-441.009,0.0,54.4852]
      ]
    }
  },
  {
    "node": {
      "name": "britain_big_army_tent_rendinst",
      "tm": [
        [0.60498,0.0,0.79624],
        [0.0,1.0,0.0],
        [-0.79624,0.0,0.60498],
        [-428.995,0.0,93.0775]
      ]
    }
  },
  {
    "node": {
      "name": "britain_army_tent_rendinst",
      "tm": [
        [-0.845938,0.0,0.533281],
        [0.0,1.0,0.0],
        [-0.533281,0.0,-0.845938],
        [-520.389,0.0,91.6603]
      ]
    }
  },
  {
    "node": {
      "name": "britain_tent_1_rendinst",
      "tm": [
        [-0.790448,0.0,-0.612529],
        [0.0,1.0,0.0],
        [0.612529,0.0,-0.790448],
        [-448.666,0.0,65.2998]
      ]
    }
  },
  {
    "node": {
      "name": "britain_tent_1_rendinst",
      "tm": [
        [0.387075,4.76837e-07,-0.922048],
        [-2.54839e-07,1.0,4.10169e-07],
        [0.922048,7.62083e-08,0.387075],
        [-523.816,0.0,67.1552]
      ]
    }
  },
  {
    "node": {
      "name": "britain_tent_2_rendinst",
      "tm": [
        [0.387075,4.76837e-07,-0.922048],
        [-2.54839e-07,1.0,4.10169e-07],
        [0.922048,7.62083e-08,0.387075],
        [-452.515,0.0,55.6206]
      ]
    }
  },
  {
    "node": {
      "name": "britain_army_tent_rendinst",
      "tm": [
        [-0.990813,0.0,-0.135241],
        [0.0,1.0,0.0],
        [0.135241,0.0,-0.990813],
        [-443.755,0.0,72.1223]
      ]
    }
  },
  {
    "node": {
      "name": "britain_tent_2_rendinst",
      "tm": [
        [0.672075,0.0,0.740483],
        [0.0,1.0,0.0],
        [-0.740483,0.0,0.672075],
        [-417.759,0.0,113.312]
      ]
    }
  },
  {
    "node": {
      "name": "britain_tent_1_rendinst",
      "tm": [
        [-0.998829,0.0,-0.0483721],
        [-5.66479e-09,1.0,1.16971e-07],
        [0.0483721,1.17109e-07,-0.998829],
        [-431.509,0.0,115.012]
      ]
    }
  },
  {
    "node": {
      "name": "britain_tent_2_rendinst",
      "tm": [
        [-0.790448,0.0,-0.612529],
        [0.0,1.0,0.0],
        [0.612529,0.0,-0.790448],
        [-409.764,0.0,106.147]
      ]
    }
  },
  {
    "node": {
      "name": "britain_tent_2_rendinst",
      "tm": [
        [-0.60498,0.0,-0.79624],
        [0.0,1.0,0.0],
        [0.79624,0.0,-0.60498],
        [-458.091,0.0,83.5511]
      ]
    }
  },
  {
    "node": {
      "name": "britain_tent_1_rendinst",
      "tm": [
        [0.998564,0.0,-0.0535645],
        [0.0,1.0,0.0],
        [0.0535645,0.0,0.998564],
        [224.017,0.0,-75.8402]
      ]
    }
  },
  {
    "node": {
      "name": "britain_tent_1_rendinst",
      "tm": [
        [0.672075,0.0,0.740483],
        [0.0,1.0,0.0],
        [-0.740483,0.0,0.672075],
        [-443.496,0.0,107.288]
      ]
    }
  },
  {
    "node": {
      "name": "britain_tent_1_rendinst",
      "tm": [
        [-0.710773,0.0,-0.703421],
        [0.0,1.0,0.0],
        [0.703421,0.0,-0.710773],
        [-523.461,0.0,79.5804]
      ]
    }
  },
  {
    "node": {
      "name": "britain_tent_2_rendinst",
      "tm": [
        [0.0535648,0.0,0.998564],
        [0.0,1.0,0.0],
        [-0.998564,0.0,0.0535648],
        [233.21,0.0,-75.2874]
      ]
    }
  },
  {
    "node": {
      "name": "britain_tent_1_rendinst",
      "tm": [
        [0.904098,0.0,-0.427324],
        [0.0,1.0,0.0],
        [0.427324,0.0,0.904098],
        [-465.902,0.0,102.347]
      ]
    }
  },
  {
    "node": {
      "name": "britain_big_army_tent_rendinst",
      "tm": [
        [0.249812,0.0,-0.968294],
        [0.0,1.0,0.0],
        [0.968294,0.0,0.249812],
        [-502.714,0.0,78.783]
      ]
    }
  },
  {
    "node": {
      "name": "britain_tent_1_rendinst",
      "tm": [
        [-0.941458,0.0,-0.33713],
        [0.0,1.0,0.0],
        [0.33713,0.0,-0.941458],
        [-501.046,0.0,102.9]
      ]
    }
  },
  {
    "node": {
      "name": "britain_tent_1_rendinst",
      "tm": [
        [-0.967258,-1.02306e-07,-0.253793],
        [-2.01687e-07,1.0,3.65563e-07],
        [0.253793,4.04781e-07,-0.967258],
        [-491.955,0.0,105.97]
      ]
    }
  },
  {
    "node": {
      "name": "britain_tent_1_rendinst",
      "tm": [
        [0.999433,0.0,0.03367],
        [0.0,1.0,0.0],
        [-0.03367,0.0,0.999433],
        [258.447,0.0,-75.1658]
      ]
    }
  },
  {
    "node": {
      "name": "britain_tent_2_rendinst",
      "tm": [
        [-0.4179,0.0,0.908493],
        [0.0,1.0,0.0],
        [-0.908493,0.0,-0.4179],
        [-478.669,0.0,99.9694]
      ]
    }
  },
  {
    "node": {
      "name": "britain_army_tent_rendinst",
      "tm": [
        [-0.964567,-3.42145e-08,0.263838],
        [-2.88317e-09,1.0,1.1914e-07],
        [-0.263838,1.14157e-07,-0.964567],
        [-517.759,0.0,58.5786]
      ]
    }
  },
  {
    "node": {
      "name": "britain_tent_1_rendinst",
      "tm": [
        [-0.999789,-1.1528e-07,0.0205237],
        [-1.1202e-07,1.0,1.59981e-07],
        [-0.0205237,1.57648e-07,-0.999789],
        [241.748,0.0,-75.1107]
      ]
    }
  },
  {
    "node": {
      "name": "britain_big_army_tent_rendinst",
      "tm": [
        [0.333254,0.0,-0.942837],
        [0.0,1.0,0.0],
        [0.942837,0.0,0.333254],
        [-485.477,0.0,84.4607]
      ]
    }
  },
  {
    "node": {
      "name": "britain_tent_2_rendinst",
      "tm": [
        [0.868613,0.0,0.495491],
        [0.0,1.0,0.0],
        [-0.495491,0.0,0.868613],
        [-457.702,0.0,96.1072]
      ]
    }
  },
  {
    "node": {
      "name": "britain_tent_1_rendinst",
      "tm": [
        [0.952276,0.0,0.30524],
        [0.0,1.0,0.0],
        [-0.30524,0.0,0.952276],
        [-510.083,0.0,100.192]
      ]
    }
  },
  {
    "node": {
      "name": "britain_army_tent_rendinst",
      "tm": [
        [0.0819754,0.0,-0.996634],
        [-3.72856e-08,1.0,-3.06683e-09],
        [0.996634,3.74115e-08,0.0819754],
        [-431.012,0.0,52.2204]
      ]
    }
  },
  {
    "node": {
      "name": "britain_tent_1_rendinst",
      "tm": [
        [-0.740483,0.0,0.672075],
        [0.0,1.0,0.0],
        [-0.672075,0.0,-0.740483],
        [-459.521,0.0,68.4297]
      ]
    }
  },
  {
    "node": {
      "name": "britain_army_tent_rendinst",
      "tm": [
        [-0.61663,-3.0293e-08,-0.787253],
        [-1.46476e-07,1.0,7.62504e-08],
        [0.787253,1.62332e-07,-0.61663],
        [214.531,0.0,-75.9288]
      ]
    }
  },
  {
    "node": {
      "name": "britain_army_tent_rendinst",
      "tm": [
        [-0.990813,0.0,-0.135241],
        [0.0,1.0,0.0],
        [0.135241,0.0,-0.990813],
        [-474.554,0.0,63.1882]
      ]
    }
  },
  {
    "node": {
      "name": "britain_tent_2_rendinst",
      "tm": [
        [0.889197,0.0,-0.457524],
        [0.0,1.0,0.0],
        [0.457524,0.0,0.889197],
        [-478.485,0.0,51.2137]
      ]
    }
  },
  {
    "node": {
      "name": "britain_big_army_tent_rendinst",
      "tm": [
        [-0.0385718,0.0,-0.999256],
        [0.0,1.0,0.0],
        [0.999256,0.0,-0.0385718],
        [190.609,0.0,118.734]
      ]
    }
  },
  {
    "node": {
      "name": "britain_big_army_tent_rendinst",
      "tm": [
        [-0.0385718,0.0,-0.999256],
        [0.0,1.0,0.0],
        [0.999256,0.0,-0.0385718],
        [206.471,0.0,116.682]
      ]
    }
  },
  {
    "node": {
      "name": "britain_big_army_tent_rendinst",
      "tm": [
        [-0.0385718,0.0,-0.999256],
        [0.0,1.0,0.0],
        [0.999256,0.0,-0.0385718],
        [222.442,0.0,117.916]
      ]
    }
  },
  {
    "node": {
      "name": "britain_tent_1_rendinst",
      "tm": [
        [-0.0590724,-7.87498e-08,-0.998254],
        [-1.57083e-07,1.0,-6.95921e-08],
        [0.998254,1.52697e-07,-0.0590724],
        [238.848,0.0,99.077]
      ]
    }
  },
  {
    "node": {
      "name": "britain_army_tent_rendinst",
      "tm": [
        [0.769189,0.0,0.639022],
        [3.31804e-09,1.0,-3.99391e-09],
        [-0.639022,5.19237e-09,0.769189],
        [239.189,0.0,79.993]
      ]
    }
  },
  {
    "node": {
      "name": "britain_tent_2_rendinst",
      "tm": [
        [0.995755,0.0,-0.0920415],
        [0.0,1.0,0.0],
        [0.0920415,0.0,0.995755],
        [238.479,0.0,89.6579]
      ]
    }
  },
  {
    "node": {
      "name": "britain_army_tent_rendinst",
      "tm": [
        [0.769189,0.0,0.639022],
        [3.31804e-09,1.0,-3.99391e-09],
        [-0.639022,5.19237e-09,0.769189],
        [238.795,0.0,69.7903]
      ]
    }
  },
  {
    "node": {
      "name": "britain_tent_1_rendinst",
      "tm": [
        [-0.0590724,-7.87498e-08,-0.998254],
        [-1.57083e-07,1.0,-6.95921e-08],
        [0.998254,1.52697e-07,-0.0590724],
        [237.393,0.0,61.4038]
      ]
    }
  },
  {
    "node": {
      "name": "britain_tent_1_rendinst",
      "tm": [
        [0.664101,-7.95774e-09,-0.747643],
        [-6.58449e-08,1.0,-6.91312e-08],
        [0.747643,9.51386e-08,0.664101],
        [234.274,0.0,108.212]
      ]
    }
  },
  {
    "node": {
      "name": "britain_tent_1_rendinst",
      "tm": [
        [-0.0590724,-7.87498e-08,-0.998254],
        [-1.57083e-07,1.0,-6.95921e-08],
        [0.998254,1.52697e-07,-0.0590724],
        [176.837,0.0,63.7414]
      ]
    }
  },
  {
    "node": {
      "name": "britain_tent_1_rendinst",
      "tm": [
        [-0.0590724,-7.87498e-08,-0.998254],
        [-1.57083e-07,1.0,-6.95921e-08],
        [0.998254,1.52697e-07,-0.0590724],
        [177.288,0.0,75.4135]
      ]
    }
  },
  {
    "node": {
      "name": "britain_army_tent_rendinst",
      "tm": [
        [0.816329,0.0,-0.577588],
        [-4.18022e-08,1.0,-5.90807e-08],
        [0.577588,7.23737e-08,0.816329],
        [177.678,0.0,84.5509]
      ]
    }
  },
  {
    "node": {
      "name": "britain_tent_2_rendinst",
      "tm": [
        [0.995755,0.0,-0.0920415],
        [0.0,1.0,0.0],
        [0.0920415,0.0,0.995755],
        [177.454,0.0,95.3918]
      ]
    }
  },
  {
    "node": {
      "name": "britain_army_tent_rendinst",
      "tm": [
        [0.168815,0.0,-0.985648],
        [-1.06873e-07,1.0,-1.83046e-08],
        [0.985648,1.08429e-07,0.168815],
        [181.645,0.0,106.265]
      ]
    }
  },
  {
    "node": {
      "name": "britain_tent_1_rendinst",
      "tm": [
        [-0.0590724,-7.87498e-08,-0.998254],
        [-1.57083e-07,1.0,-6.95921e-08],
        [0.998254,1.52697e-07,-0.0590724],
        [193.777,0.0,62.2067]
      ]
    }
  },
  {
    "node": {
      "name": "britain_tent_1_rendinst",
      "tm": [
        [-0.0590724,-7.87498e-08,-0.998254],
        [-1.57083e-07,1.0,-6.95921e-08],
        [0.998254,1.52697e-07,-0.0590724],
        [194.904,0.0,83.7467]
      ]
    }
  },
  {
    "node": {
      "name": "britain_army_tent_rendinst",
      "tm": [
        [0.769189,0.0,0.639022],
        [3.31804e-09,1.0,-3.99391e-09],
        [-0.639022,5.19237e-09,0.769189],
        [195.116,0.0,73.2538]
      ]
    }
  },
  {
    "node": {
      "name": "britain_army_tent_rendinst",
      "tm": [
        [0.769189,0.0,0.639022],
        [3.31804e-09,1.0,-3.99391e-09],
        [-0.639022,5.19237e-09,0.769189],
        [175.003,0.0,118.858]
      ]
    }
  },
  {
    "node": {
      "name": "britain_big_army_tent_rendinst",
      "tm": [
        [-0.992092,0.0,0.125516],
        [0.0,1.0,0.0],
        [-0.125516,0.0,-0.992092],
        [217.88,0.0,72.2964]
      ]
    }
  },
  {
    "node": {
      "name": "britain_tent_2_rendinst",
      "tm": [
        [-0.00490519,0.0,-0.999988],
        [0.0,1.0,0.0],
        [0.999988,0.0,-0.00490519],
        [210.263,0.0,52.2618]
      ]
    }
  },
  {
    "node": {
      "name": "britain_tent_2_rendinst",
      "tm": [
        [-0.00490519,0.0,-0.999988],
        [0.0,1.0,0.0],
        [0.999988,0.0,-0.00490519],
        [220.004,0.0,51.8857]
      ]
    }
  },
  {
    "node": {
      "name": "britain_tent_2_rendinst",
      "tm": [
        [-0.00490519,0.0,-0.999988],
        [0.0,1.0,0.0],
        [0.999988,0.0,-0.00490519],
        [229.315,0.0,51.5263]
      ]
    }
  },
  {
    "node": {
      "name": "britain_army_tent_rendinst",
      "tm": [
        [0.769189,0.0,0.639022],
        [3.31804e-09,1.0,-3.99391e-09],
        [-0.639022,5.19237e-09,0.769189],
        [180.115,0.0,51.3614]
      ]
    }
  },
  {
    "node": {
      "name": "britain_tent_1_rendinst",
      "tm": [
        [0.796418,-2.90071e-09,-0.604746],
        [2.31018e-09,1.0,-1.75419e-09],
        [0.604746,0.0,0.796418],
        [516.221,0.0,57.2932]
      ]
    }
  },
  {
    "node": {
      "name": "britain_tent_2_rendinst",
      "tm": [
        [0.457262,0.0,0.889332],
        [0.0,1.0,0.0],
        [-0.889332,0.0,0.457262],
        [505.202,0.0,77.1543]
      ]
    }
  },
  {
    "node": {
      "name": "britain_army_tent_rendinst",
      "tm": [
        [-0.295884,0.0,-0.955224],
        [0.0,1.0,0.0],
        [0.955224,0.0,-0.295884],
        [516.46,0.0,115.973]
      ]
    }
  },
  {
    "node": {
      "name": "britain_tent_1_rendinst",
      "tm": [
        [0.221369,0.0,-0.97519],
        [0.0,1.0,0.0],
        [0.97519,0.0,0.221369],
        [505.755,0.0,87.4469]
      ]
    }
  },
  {
    "node": {
      "name": "britain_tent_1_rendinst",
      "tm": [
        [0.999256,-1.82617e-07,-0.038572],
        [1.82481e-07,1.0,-7.04392e-09],
        [0.038572,0.0,0.999256],
        [510.179,0.0,100.766]
      ]
    }
  },
  {
    "node": {
      "name": "britain_tent_2_rendinst",
      "tm": [
        [0.925801,0.0,-0.378012],
        [0.0,1.0,0.0],
        [0.378012,0.0,0.925801],
        [532.752,0.0,115.587]
      ]
    }
  },
  {
    "node": {
      "name": "britain_army_tent_rendinst",
      "tm": [
        [-0.295884,0.0,-0.955224],
        [0.0,1.0,0.0],
        [0.955224,0.0,-0.295884],
        [526.699,0.0,103.794]
      ]
    }
  },
  {
    "node": {
      "name": "britain_tent_2_rendinst",
      "tm": [
        [-0.990773,0.0,-0.135532],
        [0.0,1.0,0.0],
        [0.135532,0.0,-0.990773],
        [506.143,0.0,65.6105]
      ]
    }
  },
  {
    "node": {
      "name": "britain_big_army_tent_rendinst",
      "tm": [
        [-0.466223,0.0,0.884667],
        [0.0,1.0,0.0],
        [-0.884667,0.0,-0.466223],
        [525.94,0.0,78.8114]
      ]
    }
  },
  {
    "node": {
      "name": "britain_tent_2_rendinst",
      "tm": [
        [0.999256,-1.82617e-07,-0.038572],
        [1.82481e-07,1.0,-7.04392e-09],
        [0.038572,0.0,0.999256],
        [543.231,0.0,87.8033]
      ]
    }
  },
  {
    "node": {
      "name": "britain_army_tent_rendinst",
      "tm": [
        [-0.577588,0.0,-0.816328],
        [-3.04973e-08,1.0,2.15782e-08],
        [0.816328,3.73591e-08,-0.577588],
        [536.867,0.0,97.0881]
      ]
    }
  },
  {
    "node": {
      "name": "britain_tent_1_rendinst",
      "tm": [
        [-0.457262,0.0,-0.889332],
        [0.0,1.0,0.0],
        [0.889332,0.0,-0.457262],
        [545.425,0.0,110.447]
      ]
    }
  },
  {
    "node": {
      "name": "britain_tent_1_rendinst",
      "tm": [
        [-0.990773,0.0,-0.135532],
        [0.0,1.0,0.0],
        [0.135532,0.0,-0.990773],
        [530.369,0.0,55.5094]
      ]
    }
  },
  {
    "node": {
      "name": "britain_army_tent_rendinst",
      "tm": [
        [0.569551,-2.7795e-09,-0.821956],
        [1.58307e-09,1.0,-2.28463e-09],
        [0.821956,0.0,0.569551],
        [550.23,0.0,65.1451]
      ]
    }
  },
  {
    "node": {
      "name": "britain_tent_2_rendinst",
      "tm": [
        [-0.983944,0.0,0.178477],
        [0.0,1.0,0.0],
        [-0.178477,0.0,-0.983944],
        [548.439,0.0,54.9478]
      ]
    }
  },
  {
    "node": {
      "name": "britain_army_tent_rendinst",
      "tm": [
        [0.577588,-3.49273e-07,0.816329],
        [2.5625e-07,1.0,2.4655e-07],
        [-0.816329,6.67804e-08,0.577588],
        [546.218,0.0,77.6282]
      ]
    }
  },
  {
    "node": {
      "name": "britain_tent_2_rendinst",
      "tm": [
        [0.0535648,0.0,0.998564],
        [0.0,1.0,0.0],
        [-0.998564,0.0,0.0535648],
        [250.291,0.0,-75.2874]
      ]
    }
  },
  {
    "node": {
      "name": "britain_tent_2_rendinst",
      "tm": [
        [0.0535648,0.0,0.998564],
        [0.0,1.0,0.0],
        [-0.998564,0.0,0.0535648],
        [305.199,0.0,-75.28]
      ]
    }
  },
  {
    "node": {
      "name": "britain_tent_1_rendinst",
      "tm": [
        [0.999433,0.0,0.03367],
        [0.0,1.0,0.0],
        [-0.03367,0.0,0.999433],
        [324.855,0.0,-75.1585]
      ]
    }
  },
  {
    "node": {
      "name": "britain_tent_1_rendinst",
      "tm": [
        [-0.999789,-1.1528e-07,0.0205237],
        [-1.1202e-07,1.0,1.59981e-07],
        [-0.0205237,1.57648e-07,-0.999789],
        [313.737,0.0,-75.1033]
      ]
    }
  },
  {
    "node": {
      "name": "britain_tent_2_rendinst",
      "tm": [
        [0.0535648,0.0,0.998564],
        [0.0,1.0,0.0],
        [-0.998564,0.0,0.0535648],
        [296.864,0.0,-75.28]
      ]
    }
  },
  {
    "node": {
      "name": "barrels_rendinst",
      "tm": [
        [0.815734,0.0,0.578428],
        [0.0,1.0,0.0],
        [-0.578428,0.0,0.815734],
        [229.875,0.0,-94.9074]
      ]
    }
  },
  {
    "node": {
      "name": "stalingrad_tent_camouflage_rendinst",
      "tm": [
        [0.0385725,0.0,0.999256],
        [0.0,1.0,0.0],
        [-0.999256,0.0,0.0385725],
        [218.316,0.0094322,89.2919]
      ]
    }
  },
  {
    "node": {
      "name": "stalingrad_tent_camouflage_rendinst",
      "tm": [
        [1.0,0.0,0.0],
        [0.0,1.0,0.0],
        [0.0,0.0,1.0],
        [477.214,0.0094322,-82.3024]
      ]
    }
  },
  {
    "node": {
      "name": "barrels_rendinst",
      "tm": [
        [-0.0930662,0.0,0.99566],
        [0.0,1.0,0.0],
        [-0.99566,0.0,-0.0930662],
        [414.32,0.0,-108.59]
      ]
    }
  },
  {
    "node": {
      "name": "barrels_rendinst",
      "tm": [
        [0.372511,0.0,0.928028],
        [0.0,1.0,0.0],
        [-0.928028,0.0,0.372511],
        [566.983,0.0,72.4056]
      ]
    }
  },
  {
    "node": {
      "name": "barrels_rendinst",
      "tm": [
        [-0.998509,0.0,-0.054592],
        [0.0,1.0,0.0],
        [0.054592,0.0,-0.998509],
        [269.363,0.0,65.5471]
      ]
    }
  },
  {
    "node": {
      "name": "barrels_rendinst",
      "tm": [
        [0.919735,0.0,0.392539],
        [0.0,1.0,0.0],
        [-0.392539,0.0,0.919735],
        [-464.407,0.0,119.322]
      ]
    }
  },
  {
    "node": {
      "name": "barrels_rendinst",
      "tm": [
        [0.919735,0.0,0.392539],
        [0.0,1.0,0.0],
        [-0.392539,0.0,0.919735],
        [-475.964,0.0,123.162]
      ]
    }
  },
  {
    "node": {
      "name": "stalingrad_radio_camouflage_rendinst",
      "tm": [
        [1.0,0.0,0.0],
        [0.0,1.0,0.0],
        [0.0,0.0,1.0],
        [267.739,0.0,-75.7633]
      ]
    }
  },
  {
    "node": {
      "name": "stalingrad_radio_camouflage_rendinst",
      "tm": [
        [0.642788,0.0,-0.766044],
        [0.0,1.0,0.0],
        [0.766044,0.0,0.642788],
        [457.054,0.0,-108.77]
      ]
    }
