{
  "className": "composit",
  "size": [
    1024.0,
    256.0
  ],
  "airfield": {
    "start": [
      1059.0,
      0.0,
      0.0
    ],
    "end": [
      -1024.0,
      0.0,
      0.0
    ],
    "width": 210.0,
    "spawn": [
      [
        865.0,
        0.0,
        -6.0
      ],
      [
        878.0,
        0.0,
        6.0
      ],
      [
        889.0,
        0.0,
        -6.0
      ],
      [
        902.0,
        0.0,
        6.0
      ],
      [
        913.0,
        0.0,
        -6.0
      ],
      [
        926.0,
        0.0,
        6.0
      ],
      [
        938.0,
        0.0,
        -6.0
      ],
      [
        951.0,
        0.0,
        6.0
      ],
      [
        962.0,
        0.0,
        -6.0
      ],
      [
        975.0,
        0.0,
        6.0
      ],
      [
        987.0,
        0.0,
        -6.0
      ],
      [
        1000.0,
        0.0,
        6.0
      ],
      [
        1011.0,
        0.0,
        -6.0
      ],
      [
        1023.0,
        0.0,
        6.0
      ],
      [
        1035.0,
        0.0,
        -6.0
      ],
      [
        1048.0,
        0.0,
        6.0
      ]
    ],
    "repairTags": {
      "type_attack_helicopter": false,
      "type_utility_helicopter": false
    }
  },
  "node": [
    {
      "name": "^^dynaf_stalingrad_winter_2line_2k_mesh",
      "tm": [
        [
          1.0,
          0.0,
          0.0
        ],
        [
          0.0,
          1.0,
          0.0
        ],
        [
          0.0,
          0.0,
          1.0
        ],
        [
          0.0,
          3.0,
          -2.12579
        ]
      ]
    },
    {
      "name": "+NoTreesBox001",
      "tm": [
        [
          2000.0,
          0.0,
          0.0
        ],
        [
          0.0,
          15.0,
          0.0
        ],
        [
          0.0,
          0.0,
          600.0
        ],
        [
          107.0,
          0.0,
          -233.0
        ]
      ]
    },
    {
      "name": "bulge_tent_1_rendinst",
      "tm": [
        [
          0.642788,
          0.0,
          0.766044
        ],
        [
          0.0,
          1.0,
          0.0
        ],
        [
          -0.766044,
          0.0,
          0.642788
        ],
        [
          474.558,
          1.52588E-05,
          -562.679
        ]
      ]
    },
    {
      "name": "bulge_tent_1_rendinst",
      "tm": [
        [
          1.0,
          0.0,
          0.0
        ],
        [
          0.0,
          1.0,
          0.0
        ],
        [
          0.0,
          0.0,
          1.0
        ],
        [
          456.807,
          1.52588E-05,
          -569.922
        ]
      ]
    },
    {
      "name": "bulge_tent_1_rendinst",
      "tm": [
        [
          1.0,
          0.0,
          0.0
        ],
        [
          0.0,
          1.0,
          0.0
        ],
        [
          0.0,
          0.0,
          1.0
        ],
        [
          463.221,
          1.52588E-05,
          -567.927
        ]
      ]
    },
    {
      "name": "bulge_tent_1_rendinst",
      "tm": [
        [
          0.258819,
          0.0,
          0.965926
        ],
        [
          0.0,
          1.0,
          0.0
        ],
        [
          -0.965926,
          0.0,
          0.258819
        ],
        [
          458.52,
          1.52588E-05,
          -552.262
        ]
      ]
    },
    {
      "name": "bulge_tent_1_rendinst",
      "tm": [
        [
          1.0,
          0.0,
          0.0
        ],
        [
          0.0,
          1.0,
          0.0
        ],
        [
          0.0,
          0.0,
          1.0
        ],
        [
          431.414,
          1.52588E-05,
          -564.499
        ]
      ]
    },
    {
      "name": "bulge_tent_1_rendinst",
      "tm": [
        [
          1.0,
          0.0,
          0.0
        ],
        [
          0.0,
          1.0,
          0.0
        ],
        [
          0.0,
          0.0,
          1.0
        ],
        [
          444.015,
          1.52588E-05,
          -572.035
        ]
      ]
    },
    {
      "name": "bulge_tent_1_rendinst",
      "tm": [
        [
          1.0,
          0.0,
          0.0
        ],
        [
          0.0,
          1.0,
          0.0
        ],
        [
          0.0,
          0.0,
          1.0
        ],
        [
          450.694,
          1.52588E-05,
          -570.939
        ]
      ]
    },
    {
      "name": "bulge_tent_2_rendinst",
      "tm": [
        [
          0.642788,
          0.0,
          0.766044
        ],
        [
          0.0,
          1.0,
          0.0
        ],
        [
          -0.766044,
          0.0,
          0.642788
        ],
        [
          424.015,
          1.52588E-05,
          -562.123
        ]
      ]
    },
    {
      "name": "bulge_tent_1_rendinst",
      "tm": [
        [
          1.0,
          0.0,
          0.0
        ],
        [
          0.0,
          1.0,
          0.0
        ],
        [
          0.0,
          0.0,
          1.0
        ],
        [
          438.216,
          1.52588E-05,
          -569.922
        ]
      ]
    },
    {
      "name": "bulge_army_tent_rendinst",
      "tm": [
        [
          1.0,
          0.0,
          0.0
        ],
        [
          0.0,
          1.0,
          0.0
        ],
        [
          0.0,
          0.0,
          1.0
        ],
        [
          430.105,
          1.52588E-05,
          -550.317
        ]
      ]
    },
    {
      "name": "bulge_tent_1_rendinst",
      "tm": [
        [
          0.984808,
          0.0,
          0.173648
        ],
        [
          0.0,
          1.0,
          0.0
        ],
        [
          -0.173648,
          0.0,
          0.984808
        ],
        [
          469.567,
          1.52588E-05,
          -574.167
        ]
      ]
    },
    {
      "name": "bulge_big_army_tent_rendinst",
      "tm": [
        [
          1.0,
          0.0,
          0.0
        ],
        [
          0.0,
          1.0,
          0.0
        ],
        [
          0.0,
          0.0,
          1.0
        ],
        [
          444.468,
          1.52588E-05,
          -557.496
        ]
      ]
    },
    {
      "name": "bulge_hangar_1_rendinst",
      "tm": [
        [
          -1.0,
          0.0,
          1.50996E-07
        ],
        [
          0.0,
          1.0,
          0.0
        ],
        [
          -1.50996E-07,
          0.0,
          -1.0
        ],
        [
          481.509,
          1.52588E-05,
          -548.734
        ]
      ]
    },
    {
      "name": "bulge_windvane_rendinst",
      "tm": [
        [
          1.0,
          0.0,
          0.0
        ],
        [
          0.0,
          1.0,
          0.0
        ],
        [
          0.0,
          0.0,
          1.0
        ],
        [
          417.269,
          1.52588E-05,
          -551.133
        ]
      ]
    },
    {
      "name": "bulge_big_army_tent_rendinst",
      "tm": [
        [
          -0.34202,
          0.0,
          0.939693
        ],
        [
          0.0,
          1.0,
          0.0
        ],
        [
          -0.939693,
          0.0,
          -0.34202
        ],
        [
          692.218,
          0.0,
          -550.32
        ]
      ]
    },
    {
      "name": "bulge_tent_1_rendinst",
      "tm": [
        [
          0.965926,
          0.0,
          0.258819
        ],
        [
          0.0,
          1.0,
          0.0
        ],
        [
          -0.258819,
          0.0,
          0.965926
        ],
        [
          678.608,
          0.0,
          -522.89
        ]
      ]
    },
    {
      "name": "bulge_tent_2_rendinst",
      "tm": [
        [
          1.0,
          0.0,
          5.96046E-08
        ],
        [
          0.0,
          1.0,
          0.0
        ],
        [
          -5.96046E-08,
          0.0,
          1.0
        ],
        [
          643.952,
          0.0,
          -548.563
        ]
      ]
    },
    {
      "name": "bulge_tent_2_rendinst",
      "tm": [
        [
          -0.422618,
          0.0,
          0.906308
        ],
        [
          0.0,
          1.0,
          0.0
        ],
        [
          -0.906308,
          0.0,
          -0.422618
        ],
        [
          685.87,
          0.0,
          -566.145
        ]
      ]
    },
    {
      "name": "bulge_tent_2_rendinst",
      "tm": [
        [
          -0.087156,
          0.0,
          0.996195
        ],
        [
          0.0,
          1.0,
          0.0
        ],
        [
          -0.996195,
          0.0,
          -0.087156
        ],
        [
          738.061,
          0.0,
          -519.443
        ]
      ]
    },
    {
      "name": "bulge_big_army_tent_rendinst",
      "tm": [
        [
          -0.34202,
          0.0,
          0.939693
        ],
        [
          0.0,
          1.0,
          0.0
        ],
        [
          -0.939693,
          0.0,
          -0.34202
        ],
        [
          707.519,
          0.0,
          -544.751
        ]
      ]
    },
    {
      "name": "bulge_tent_1_rendinst",
      "tm": [
        [
          0.939693,
          0.0,
          0.34202
        ],
        [
          0.0,
          1.0,
          0.0
        ],
        [
          -0.34202,
          0.0,
          0.939693
        ],
        [
          687.466,
          0.0,
          -519.326
        ]
      ]
    },
    {
      "name": "bulge_tent_1_rendinst",
      "tm": [
        [
          0.939693,
          0.0,
          0.34202
        ],
        [
          0.0,
          1.0,
          0.0
        ],
        [
          -0.34202,
          0.0,
          0.939693
        ],
        [
          696.346,
          0.0,
          -516.324
        ]
      ]
    },
    {
      "name": "bulge_tent_1_rendinst",
      "tm": [
        [
          -0.996195,
          0.0,
          -0.0871554
        ],
        [
          0.0,
          1.0,
          0.0
        ],
        [
          0.0871554,
          0.0,
          -0.996195
        ],
        [
          745.792,
          0.0,
          -518.95
        ]
      ]
    },
    {
      "name": "barrels_winter_rendinst",
      "tm": [
        [
          -0.94575,
          0.0,
          -0.324897
        ],
        [
          0.0,
          1.0,
          0.0
        ],
        [
          0.324897,
          0.0,
          -0.94575
        ],
        [
          661.595,
          0.0,
          -514.307
        ]
      ]
    },
    {
      "name": "bulge_army_tent_rendinst",
      "tm": [
        [
          0.422618,
          0.0,
          0.906308
        ],
        [
          0.0,
          1.0,
          0.0
        ],
        [
          -0.906308,
          0.0,
          0.422618
        ],
        [
          645.801,
          0.0,
          -526.543
        ]
      ]
    },
    {
      "name": "bulge_army_tent_rendinst",
      "tm": [
        [
          -0.996195,
          0.0,
          0.0871556
        ],
        [
          0.0,
          1.0,
          0.0
        ],
        [
          -0.0871556,
          0.0,
          -0.996195
        ],
        [
          643.439,
          0.0,
          -538.327
        ]
      ]
    },
    {
      "name": "bulge_army_tent_rendinst",
      "tm": [
        [
          -0.984808,
          0.0,
          -0.173648
        ],
        [
          0.0,
          1.0,
          0.0
        ],
        [
          0.173648,
          0.0,
          -0.984808
        ],
        [
          754.222,
          0.0,
          -505.276
        ]
      ]
    },
    {
      "name": "bulge_army_tent_rendinst",
      "tm": [
        [
          -0.939693,
          0.0,
          -0.34202
        ],
        [
          0.0,
          1.0,
          0.0
        ],
        [
          0.34202,
          0.0,
          -0.939693
        ],
        [
          754.456,
          0.0,
          -518.276
        ]
      ]
    },
    {
      "name": "bulge_tent_1_rendinst",
      "tm": [
        [
          -0.707107,
          0.0,
          -0.707107
        ],
        [
          0.0,
          1.0,
          0.0
        ],
        [
          0.707107,
          0.0,
          -0.707107
        ],
        [
          722.295,
          0.0,
          -537.389
        ]
      ]
    },
    {
      "name": "bulge_tent_1_rendinst",
      "tm": [
        [
          -0.622094,
          0.0,
          0.782943
        ],
        [
          0.0,
          1.0,
          0.0
        ],
        [
          -0.782943,
          0.0,
          -0.622094
        ],
        [
          672.192,
          0.0,
          -564.941
        ]
      ]
    },
    {
      "name": "bulge_tent_1_rendinst",
      "tm": [
        [
          -0.996195,
          0.0,
          -0.0871554
        ],
        [
          0.0,
          1.0,
          0.0
        ],
        [
          0.0871554,
          0.0,
          -0.996195
        ],
        [
          729.962,
          0.0,
          -519.74
        ]
      ]
    },
    {
      "name": "bulge_tent_1_rendinst",
      "tm": [
        [
          -0.996195,
          0.0,
          -0.0871554
        ],
        [
          0.0,
          1.0,
          0.0
        ],
        [
          0.0871554,
          0.0,
          -0.996195
        ],
        [
          721.164,
          0.0,
          -518.366
        ]
      ]
    },
    {
      "name": "bulge_tech_building_1_rendinst",
      "tm": [
        [
          -1.62921E-07,
          0.0,
          -1.0
        ],
        [
          0.0,
          1.0,
          0.0
        ],
        [
          1.0,
          0.0,
          -1.62921E-07
        ],
        [
          893.297,
          1.52588E-05,
          -603.552
        ]
      ]
    },
    {
      "name": "bulge_tech_building_1_rendinst",
      "tm": [
        [
          -1.62921E-07,
          0.0,
          -1.0
        ],
        [
          0.0,
          1.0,
          0.0
        ],
        [
          1.0,
          0.0,
          -1.62921E-07
        ],
        [
          902.165,
          1.52588E-05,
          -603.552
        ]
      ]
    },
    {
      "name": "bulge_tech_building_1_rendinst",
      "tm": [
        [
          -1.62921E-07,
          0.0,
          -1.0
        ],
        [
          0.0,
          1.0,
          0.0
        ],
        [
          1.0,
          0.0,
          -1.62921E-07
        ],
        [
          911.033,
          1.52588E-05,
          -603.552
        ]
      ]
    },
    {
      "name": "bulge_tech_building_1_rendinst",
      "tm": [
        [
          -1.62921E-07,
          0.0,
          -1.0
        ],
        [
          0.0,
          1.0,
          0.0
        ],
        [
          1.0,
          0.0,
          -1.62921E-07
        ],
        [
          919.9,
          1.52588E-05,
          -603.552
        ]
      ]
    },
    {
      "name": "bulge_hangar_1_rendinst",
      "tm": [
        [
          -1.62921E-07,
          0.0,
          1.0
        ],
        [
          0.0,
          1.0,
          0.0
        ],
        [
          -1.0,
          0.0,
          -1.62921E-07
        ],
        [
          944.739,
          1.52588E-05,
          -593.28
        ]
      ]
    },
    {
      "name": "bulge_hangar_1_rendinst",
      "tm": [
        [
          -1.62921E-07,
          0.0,
          1.0
        ],
        [
          0.0,
          1.0,
          0.0
        ],
        [
          -1.0,
          0.0,
          -1.62921E-07
        ],
        [
          934.464,
          1.52588E-05,
          -593.28
        ]
      ]
    },
    {
      "name": "bulge_tech_building_2_rendinst",
      "tm": [
        [
          1.0,
          0.0,
          0.0
        ],
        [
          0.0,
          1.0,
          0.0
        ],
        [
          0.0,
          0.0,
          1.0
        ],
        [
          870.715,
          1.52588E-05,
          -609.888
        ]
      ]
    },
    {
      "name": "bulge_hangar_2_rendinst",
      "tm": [
        [
          -1.62921E-07,
          0.0,
          1.0
        ],
        [
          0.0,
          1.0,
          0.0
        ],
        [
          -1.0,
          0.0,
          -1.62921E-07
        ],
        [
          810.331,
          1.52588E-05,
          -582.934
        ]
      ]
    },
    {
      "name": "bulge_hangar_2_rendinst",
      "tm": [
        [
          -1.62921E-07,
          0.0,
          1.0
        ],
        [
          0.0,
          1.0,
          0.0
        ],
        [
          -1.0,
          0.0,
          -1.62921E-07
        ],
        [
          798.105,
          1.52588E-05,
          -582.934
        ]
      ]
    },
    {
      "name": "bulge_hangar_2_rendinst",
      "tm": [
        [
          -1.62921E-07,
          0.0,
          1.0
        ],
        [
          0.0,
          1.0,
          0.0
        ],
        [
          -1.0,
          0.0,
          -1.62921E-07
        ],
        [
          822.557,
          1.52588E-05,
          -582.934
        ]
      ]
    },
    {
      "name": "bulge_hangar_2_rendinst",
      "tm": [
        [
          -1.62921E-07,
          0.0,
          1.0
        ],
        [
          0.0,
          1.0,
          0.0
        ],
        [
          -1.0,
          0.0,
          -1.62921E-07
        ],
        [
          834.783,
          1.52588E-05,
          -582.934
        ]
      ]
    },
    {
      "name": "st_winter_tent_camouflage_rendinst",
      "tm": [
        [
          -0.0871554,
          0.0,
          -0.996195
        ],
        [
          0.0,
          1.0,
          0.0
        ],
        [
          0.996195,
          0.0,
          -0.0871554
        ],
        [
          -39.4402,
          1.52588E-05,
          -594.017
        ]
      ]
    },
    {
      "name": "barrels_winter_rendinst",
      "tm": [
        [
          1.0,
          0.0,
          0.0
        ],
        [
          0.0,
          1.0,
          0.0
        ],
        [
          0.0,
          0.0,
          1.0
        ],
        [
          -31.5387,
          1.52588E-05,
          -581.615
        ]
      ]
    },
    {
      "name": "barrels_winter_rendinst",
      "tm": [
        [
          1.0,
          0.0,
          0.0
        ],
        [
          0.0,
          1.0,
          0.0
        ],
        [
          0.0,
          0.0,
          1.0
        ],
        [
          -47.9436,
          1.52588E-05,
          -581.615
        ]
      ]
    },
    {
      "name": "barrels_winter_rendinst",
      "tm": [
        [
          1.0,
          0.0,
          0.0
        ],
        [
          0.0,
          1.0,
          0.0
        ],
        [
          0.0,
          0.0,
          1.0
        ],
        [
          -64.3484,
          1.52588E-05,
          -581.615
        ]
      ]
    },
    {
      "name": "barrels_winter_rendinst",
      "tm": [
        [
          1.0,
          0.0,
          0.0
        ],
        [
          0.0,
          1.0,
          0.0
        ],
        [
          0.0,
          0.0,
          1.0
        ],
        [
          -80.7533,
          1.52588E-05,
          -581.615
        ]
      ]
    },
    {
      "name": "barrels_winter_rendinst",
      "tm": [
        [
          1.0,
          0.0,
          0.0
        ],
        [
          0.0,
          1.0,
          0.0
        ],
        [
          0.0,
          0.0,
          1.0
        ],
        [
          -97.1581,
          1.52588E-05,
          -581.615
        ]
      ]
    },
    {
      "name": "barrels_winter_rendinst",
      "tm": [
        [
          1.0,
          0.0,
          0.0
        ],
        [
          0.0,
          1.0,
          0.0
        ],
        [
          0.0,
          0.0,
          1.0
        ],
        [
          -113.563,
          1.52588E-05,
          -581.615
        ]
      ]
    },
    {
      "name": "st_winter_tent_camouflage_rendinst",
      "tm": [
        [
          0.5,
          0.0,
          -0.866025
        ],
        [
          0.0,
          1.0,
          0.0
        ],
        [
          0.866025,
          0.0,
          0.5
        ],
        [
          -16.3812,
          1.52588E-05,
          -597.227
        ]
      ]
    },
    {
      "name": "st_winter_tent_camouflage_rendinst",
      "tm": [
        [
          0.906308,
          0.0,
          -0.422618
        ],
        [
          0.0,
          1.0,
          0.0
        ],
        [
          0.422618,
          0.0,
          0.906308
        ],
        [
          -13.0576,
          1.52588E-05,
          -572.799
        ]
      ]
    },
    {
      "name": "bulge_tent_1_rendinst",
      "tm": [
        [
          -0.819152,
          0.0,
          0.573576
        ],
        [
          0.0,
          1.0,
          0.0
        ],
        [
          -0.573576,
          0.0,
          -0.819152
        ],
        [
          -145.254,
          0.0,
          -574.405
        ]
      ]
    },
    {
      "name": "bulge_army_tent_rendinst",
      "tm": [
        [
          -0.984808,
          0.0,
          -0.173648
        ],
        [
          0.0,
          1.0,
          0.0
        ],
        [
          0.173648,
          0.0,
          -0.984808
        ],
        [
          -107.891,
          0.0,
          -609.948
        ]
      ]
    },
    {
      "name": "bulge_tent_1_rendinst",
      "tm": [
        [
          -0.766044,
          0.0,
          0.642788
        ],
        [
          0.0,
          1.0,
          0.0
        ],
        [
          -0.642788,
          0.0,
          -0.766044
        ],
        [
          -129.701,
          0.0,
          -585.169
        ]
      ]
    },
    {
      "name": "bulge_tent_2_rendinst",
      "tm": [
        [
          -0.573576,
          0.0,
          0.819152
        ],
        [
          0.0,
          1.0,
          0.0
        ],
        [
          -0.819152,
          0.0,
          -0.573576
        ],
        [
          -88.7933,
          0.0,
          -598.832
        ]
      ]
    },
    {
      "name": "barrels_winter_rendinst",
      "tm": [
        [
          0.808599,
          0.0,
          -0.58836
        ],
        [
          0.0,
          1.0,
          0.0
        ],
        [
          0.58836,
          0.0,
          0.808599
        ],
        [
          -126.973,
          0.0,
          -604.028
        ]
      ]
    },
    {
      "name": "bulge_army_tent_rendinst",
      "tm": [
        [
          0.5,
          0.0,
          -0.866025
        ],
        [
          0.0,
          1.0,
          0.0
        ],
        [
          0.866025,
          0.0,
          0.5
        ],
        [
          -96.8836,
          0.0,
          -605.124
        ]
      ]
    },
    {
      "name": "bulge_tent_1_rendinst",
      "tm": [
        [
          -0.819152,
          0.0,
          0.573576
        ],
        [
          0.0,
          1.0,
          0.0
        ],
        [
          -0.573576,
          0.0,
          -0.819152
        ],
        [
          -137.702,
          0.0,
          -579.957
        ]
      ]
    },
    {
      "name": "bulge_tent_2_rendinst",
      "tm": [
        [
          -0.5,
          0.0,
          -0.866025
        ],
        [
          0.0,
          1.0,
          0.0
        ],
        [
          0.866025,
          0.0,
          -0.5
        ],
        [
          -98.4339,
          0.0,
          -554.411
        ]
      ]
    },
    {
      "name": "bulge_big_army_tent_rendinst",
      "tm": [
        [
          -0.573577,
          0.0,
          -0.819152
        ],
        [
          0.0,
          1.0,
          0.0
        ],
        [
          0.819152,
          0.0,
          -0.573577
        ],
        [
          -115.038,
          0.0,
          -558.287
        ]
      ]
    },
    {
      "name": "bulge_big_army_tent_rendinst",
      "tm": [
        [
          -0.573577,
          0.0,
          -0.819152
        ],
        [
          0.0,
          1.0,
          0.0
        ],
        [
          0.819152,
          0.0,
          -0.573577
        ],
        [
          -128.377,
          0.0,
          -548.948
        ]
      ]
    },
    {
      "name": "bulge_tent_1_rendinst",
      "tm": [
        [
          0.984808,
          0.0,
          -0.173648
        ],
        [
          0.0,
          1.0,
          0.0
        ],
        [
          0.173648,
          0.0,
          0.984808
        ],
        [
          -142.882,
          0.0,
          -541.067
        ]
      ]
    },
    {
      "name": "bulge_tent_1_rendinst",
      "tm": [
        [
          -0.284531,
          0.0,
          -0.958667
        ],
        [
          0.0,
          1.0,
          0.0
        ],
        [
          0.958667,
          0.0,
          -0.284531
        ],
        [
          -91.5744,
          0.0,
          -566.305
        ]
      ]
    },
    {
      "name": "bulge_tent_1_rendinst",
      "tm": [
        [
          0.642787,
          0.0,
          -0.766045
        ],
        [
          0.0,
          1.0,
          0.0
        ],
        [
          0.766045,
          0.0,
          0.642787
        ],
        [
          -157.817,
          0.0,
          -552.904
        ]
      ]
    },
    {
      "name": "bulge_tent_1_rendinst",
      "tm": [
        [
          -0.996195,
          0.0,
          0.0871559
        ],
        [
          0.0,
          1.0,
          0.0
        ],
        [
          -0.0871559,
          0.0,
          -0.996195
        ],
        [
          -76.6669,
          0.0,
          -621.871
        ]
      ]
    },
    {
      "name": "bulge_tent_1_rendinst",
      "tm": [
        [
          -1.0,
          0.0,
          1.50996E-07
        ],
        [
          0.0,
          1.0,
          0.0
        ],
        [
          -1.50996E-07,
          0.0,
          -1.0
        ],
        [
          -86.2103,
          0.0,
          -622.191
        ]
      ]
    },
    {
      "name": "bulge_tent_1_rendinst",
      "tm": [
        [
          -1.0,
          0.0,
          1.50996E-07
        ],
        [
          0.0,
          1.0,
          0.0
        ],
        [
          -1.50996E-07,
          0.0,
          -1.0
        ],
        [
          -95.5808,
          0.0,
          -621.975
        ]
      ]
    },
    {
      "name": "bulge_tent_1_rendinst",
      "tm": [
        [
          -0.996195,
          0.0,
          0.0871559
        ],
        [
          0.0,
          1.0,
          0.0
        ],
        [
          -0.0871559,
          0.0,
          -0.996195
        ],
        [
          -60.375,
          0.0,
          -638.259
        ]
      ]
    },
    {
      "name": "bulge_tent_1_rendinst",
      "tm": [
        [
          -1.0,
          0.0,
          1.50996E-07
        ],
        [
          0.0,
          1.0,
          0.0
        ],
        [
          -1.50996E-07,
          0.0,
          -1.0
        ],
        [
          -69.9184,
          0.0,
          -638.579
        ]
      ]
    },
    {
      "name": "bulge_tent_1_rendinst",
      "tm": [
        [
          -1.0,
          0.0,
          1.50996E-07
        ],
        [
          0.0,
          1.0,
          0.0
        ],
        [
          -1.50996E-07,
          0.0,
          -1.0
        ],
        [
          -79.289,
          0.0,
          -638.363
        ]
      ]
    },
    {
      "name": "bulge_control_tower_1_rendinst",
      "tm": [
        [
          -0.0871556,
          0.0,
          -0.996195
        ],
        [
          0.0,
          1.0,
          0.0
        ],
        [
          0.996195,
          0.0,
          -0.0871556
        ],
        [
          774.36,
          1.52588E-05,
          -487.607
        ]
      ]
    },
    {
      "name": "bulge_control_tower_1_rendinst",
      "tm": [
        [
          0.258819,
          0.0,
          -0.965926
        ],
        [
          0.0,
          1.0,
          0.0
        ],
        [
          0.965926,
          0.0,
          0.258819
        ],
        [
          983.7,
          1.52588E-05,
          -487.607
        ]
      ]
    },
    {
      "name": "bulge_tech_building_1_rendinst",
      "tm": [
        [
          1.0,
          0.0,
          -1.19209E-07
        ],
        [
          0.0,
          1.0,
          0.0
        ],
        [
          1.19209E-07,
          0.0,
          1.0
        ],
        [
          932.825,
          1.52588E-05,
          -648.927
        ]
      ]
    },
    {
      "name": "bulge_tech_building_1_rendinst",
      "tm": [
        [
          1.0,
          0.0,
          -1.19209E-07
        ],
        [
          0.0,
          1.0,
          0.0
        ],
        [
          1.19209E-07,
          0.0,
          1.0
        ],
        [
          932.825,
          1.52588E-05,
          -637.352
        ]
      ]
    },
    {
      "name": "bulge_tech_building_1_rendinst",
      "tm": [
        [
          1.0,
          0.0,
          -1.19209E-07
        ],
        [
          0.0,
          1.0,
          0.0
        ],
        [
          1.19209E-07,
          0.0,
          1.0
        ],
        [
          980.316,
          1.52588E-05,
          -605.144
        ]
      ]
    },
    {
      "name": "bulge_tech_building_1_rendinst",
      "tm": [
        [
          1.0,
          0.0,
          -1.19209E-07
        ],
        [
          0.0,
          1.0,
          0.0
        ],
        [
          1.19209E-07,
          0.0,
          1.0
        ],
        [
          980.316,
          1.52588E-05,
          -616.719
        ]
      ]
    },
    {
      "name": "bulge_tech_building_2_rendinst",
      "tm": [
        [
          1.0,
          0.0,
          0.0
        ],
        [
          0.0,
          1.0,
          0.0
        ],
        [
          0.0,
          0.0,
          1.0
        ],
        [
          984.383,
          1.52588E-05,
          -635.906
        ]
      ]
    },
    {
      "name": "bulge_hangar_1_rendinst",
      "tm": [
        [
          -1.62921E-07,
          0.0,
          1.0
        ],
        [
          0.0,
          1.0,
          0.0
        ],
        [
          -1.0,
          0.0,
          -1.62921E-07
        ],
        [
          -124.156,
          1.52588E-05,
          -648.848
        ]
      ]
    },
    {
      "name": "bulge_hangar_1_rendinst",
      "tm": [
        [
          -1.62921E-07,
          0.0,
          1.0
        ],
        [
          0.0,
          1.0,
          0.0
        ],
        [
          -1.0,
          0.0,
          -1.62921E-07
        ],
        [
          -113.882,
          1.52588E-05,
          -648.848
        ]
      ]
    },
    {
      "name": "bulge_hangar_1_rendinst",
      "tm": [
        [
          -1.62921E-07,
          0.0,
          1.0
        ],
        [
          0.0,
          1.0,
          0.0
        ],
        [
          -1.0,
          0.0,
          -1.62921E-07
        ],
        [
          -100.613,
          1.52588E-05,
          -648.848
        ]
      ]
    },
    {
      "name": "bulge_hangar_1_rendinst",
      "tm": [
        [
          -1.62921E-07,
          0.0,
          1.0
        ],
        [
          0.0,
          1.0,
          0.0
        ],
        [
          -1.0,
          0.0,
          -1.62921E-07
        ],
        [
          -90.3383,
          1.52588E-05,
          -648.848
        ]
      ]
    },
    {
      "name": "bulge_hangar_1_rendinst",
      "tm": [
        [
          1.0,
          0.0,
          2.23517E-07
        ],
        [
          0.0,
          1.0,
          0.0
        ],
        [
          -2.23517E-07,
          0.0,
          1.0
        ],
        [
          -371.925,
          1.52588E-05,
          -630.752
        ]
      ]
    },
    {
      "name": "bulge_hangar_1_rendinst",
      "tm": [
        [
          1.0,
          0.0,
          2.23517E-07
        ],
        [
          0.0,
          1.0,
          0.0
        ],
        [
          -2.23517E-07,
          0.0,
          1.0
        ],
        [
          -371.925,
          1.52588E-05,
          -641.027
        ]
      ]
    },
    {
      "name": "bulge_weapon_empl_rendinst",
      "tm": [
        [
          0.0871557,
          0.0,
          -0.996195
        ],
        [
          0.0,
          1.0,
          0.0
        ],
        [
          0.996195,
          0.0,
          0.0871557
        ],
        [
          791.586,
          1.52588E-05,
          -494.308
        ]
      ]
    },
    {
      "name": "bulge_weapon_empl_rendinst",
      "tm": [
        [
          0.0871557,
          0.0,
          -0.996195
        ],
        [
          0.0,
          1.0,
          0.0
        ],
        [
          0.996195,
          0.0,
          0.0871557
        ],
        [
          970.485,
          1.52588E-05,
          -494.779
        ]
      ]
    },
    {
      "name": "bulge_weapon_empl_rendinst",
      "tm": [
        [
          0.642788,
          0.0,
          -0.766044
        ],
        [
          0.0,
          1.0,
          0.0
        ],
        [
          0.766044,
          0.0,
          0.642788
        ],
        [
          -383.431,
          1.52588E-05,
          -604.833
        ]
      ]
    },
    {
      "name": "st_winter_tent_camouflage_rendinst",
      "tm": [
        [
          -1.62921E-07,
          0.0,
          1.0
        ],
        [
          0.0,
          1.0,
          0.0
        ],
        [
          -1.0,
          0.0,
          -1.62921E-07
        ],
        [
          801.642,
          1.52588E-05,
          -614.061
        ]
      ]
    },
    {
      "name": "st_winter_tent_camouflage_rendinst",
      "tm": [
        [
          -1.62921E-07,
          0.0,
          1.0
        ],
        [
          0.0,
          1.0,
          0.0
        ],
        [
          -1.0,
          0.0,
          -1.62921E-07
        ],
        [
          811.99,
          1.52588E-05,
          -614.061
        ]
      ]
    },
    {
      "name": "st_winter_tent_camouflage_rendinst",
      "tm": [
        [
          -1.62921E-07,
          0.0,
          1.0
        ],
        [
          0.0,
          1.0,
          0.0
        ],
        [
          -1.0,
          0.0,
          -1.62921E-07
        ],
        [
          822.024,
          1.52588E-05,
          -620.763
        ]
      ]
    },
    {
      "name": "st_winter_tent_camouflage_rendinst",
      "tm": [
        [
          -1.62921E-07,
          0.0,
          1.0
        ],
        [
          0.0,
          1.0,
          0.0
        ],
        [
          -1.0,
          0.0,
          -1.62921E-07
        ],
        [
          839.782,
          1.52588E-05,
          -612.395
        ]
      ]
    },
    {
      "name": "st_winter_tent_camouflage_rendinst",
      "tm": [
        [
          -1.62921E-07,
          0.0,
          1.0
        ],
        [
          0.0,
          1.0,
          0.0
        ],
        [
          -1.0,
          0.0,
          -1.62921E-07
        ],
        [
          914.875,
          1.52588E-05,
          -656.091
        ]
      ]
    },
    {
      "name": "st_winter_tent_camouflage_rendinst",
      "tm": [
        [
          -1.62921E-07,
          0.0,
          1.0
        ],
        [
          0.0,
          1.0,
          0.0
        ],
        [
          -1.0,
          0.0,
          -1.62921E-07
        ],
        [
          966.595,
          1.52588E-05,
          -653.432
        ]
      ]
    },
    {
      "name": "st_winter_tent_camouflage_rendinst",
      "tm": [
        [
          -1.0,
          0.0,
          -3.25841E-07
        ],
        [
          0.0,
          1.0,
          0.0
        ],
        [
          3.25841E-07,
          0.0,
          -1.0
        ],
        [
          973.717,
          1.52588E-05,
          -626.966
        ]
      ]
    },
    {
      "name": "st_winter_tent_camouflage_rendinst",
      "tm": [
        [
          -1.0,
          0.0,
          -3.25841E-07
        ],
        [
          0.0,
          1.0,
          0.0
        ],
        [
          3.25841E-07,
          0.0,
          -1.0
        ],
        [
          988.35,
          1.52588E-05,
          -592.725
        ]
      ]
    },
    {
      "name": "st_winter_tent_camouflage_rendinst",
      "tm": [
        [
          -1.0,
          0.0,
          -3.25841E-07
        ],
        [
          0.0,
          1.0,
          0.0
        ],
        [
          3.25841E-07,
          0.0,
          -1.0
        ],
        [
          974.577,
          1.52588E-05,
          -592.725
        ]
      ]
    },
    {
      "name": "st_winter_tent_camouflage_rendinst",
      "tm": [
        [
          -1.0,
          0.0,
          -3.25841E-07
        ],
        [
          0.0,
          1.0,
          0.0
        ],
        [
          3.25841E-07,
          0.0,
          -1.0
        ],
        [
          974.577,
          1.52588E-05,
          -580.89
        ]
      ]
    },
    {
      "name": "st_winter_tent_camouflage_rendinst",
      "tm": [
        [
          -1.0,
          0.0,
          -3.25841E-07
        ],
        [
          0.0,
          1.0,
          0.0
        ],
        [
          3.25841E-07,
          0.0,
          -1.0
        ],
        [
          988.35,
          1.52588E-05,
          -580.89
        ]
      ]
    },
    {
      "name": "bulge_control_tower_1_rendinst",
      "tm": [
        [
          1.19249E-08,
          0.0,
          1.0
        ],
        [
          0.0,
          1.0,
          0.0
        ],
        [
          -1.0,
          0.0,
          1.19249E-08
        ],
        [
          939.163,
          1.52588E-05,
          -677.447
        ]
      ]
    },
    {
      "name": "bulge_tent_1_rendinst",
      "tm": [
        [
          0.707107,
          0.0,
          -0.707107
        ],
        [
          0.0,
          1.0,
          0.0
        ],
        [
          0.707107,
          0.0,
          0.707107
        ],
        [
          -416.203,
          1.52588E-05,
          -658.644
        ]
      ]
    },
    {
      "name": "bulge_tent_1_rendinst",
      "tm": [
        [
          -0.0871556,
          0.0,
          -0.996195
        ],
        [
          0.0,
          1.0,
          0.0
        ],
        [
          0.996195,
          0.0,
          -0.0871556
        ],
        [
          -421.871,
          1.52588E-05,
          -640.328
        ]
      ]
    },
    {
      "name": "bulge_tent_1_rendinst",
      "tm": [
        [
          -0.0871556,
          0.0,
          -0.996195
        ],
        [
          0.0,
          1.0,
          0.0
        ],
        [
          0.996195,
          0.0,
          -0.0871556
        ],
        [
          -420.443,
          1.52588E-05,
          -646.892
        ]
      ]
    },
    {
      "name": "bulge_tent_1_rendinst",
      "tm": [
        [
          0.939693,
          0.0,
          -0.34202
        ],
        [
          0.0,
          1.0,
          0.0
        ],
        [
          0.34202,
          0.0,
          0.939693
        ],
        [
          -404.428,
          1.52588E-05,
          -643.574
        ]
      ]
    },
    {
      "name": "bulge_tent_1_rendinst",
      "tm": [
        [
