[
  {
    "className": "composit"
  },
  {
    "size": [1024.0,256.0]
  },
  {
    "airfield": [
      {
        "start": [1059.0,0.0,0.0]
      },
      {
        "end": [-1024.0,0.0,0.0]
      },
      {
        "width": 210.0
      },
      {
        "spawn": [865.0,0.0,-6.0]
      },
      {
        "spawn": [878.0,0.0,6.0]
      },
      {
        "spawn": [889.0,0.0,-6.0]
      },
      {
        "spawn": [902.0,0.0,6.0]
      },
      {
        "spawn": [913.0,0.0,-6.0]
      },
      {
        "spawn": [926.0,0.0,6.0]
      },
      {
        "spawn": [938.0,0.0,-6.0]
      },
      {
        "spawn": [951.0,0.0,6.0]
      },
      {
        "spawn": [962.0,0.0,-6.0]
      },
      {
        "spawn": [975.0,0.0,6.0]
      },
      {
        "spawn": [987.0,0.0,-6.0]
      },
      {
        "spawn": [1000.0,0.0,6.0]
      },
      {
        "spawn": [1011.0,0.0,-6.0]
      },
      {
        "spawn": [1023.0,0.0,6.0]
      },
      {
        "spawn": [1035.0,0.0,-6.0]
      },
      {
        "spawn": [1048.0,0.0,6.0]
      },
      {
        "repairTags": {
          "type_attack_helicopter": false,
          "type_utility_helicopter": false
        }
      }
    ]
  },
  {
    "node": {
      "name": "^^dynaf_pacific_marsden_1line_2k_ally_mesh",
      "tm": [
        [1.0,0.0,0.0],
        [0.0,1.0,0.0],
        [0.0,0.0,1.0],
        [0.0,3.0,-2.12579e-06]
      ]
    }
  },
  {
    "node": {
      "name": "+NoTreesBox001",
      "tm": [
        [2000.0,0.0,0.0],
        [0.0,15.0,0.0],
        [0.0,0.0,650.0],
        [0.0,0.0,0.0]
      ]
    }
  },
  {
    "node": {
      "name": "usa_tent_3",
      "tm": [
        [0.819152,0.0,-0.573576],
        [0.0,1.0,0.0],
        [0.573576,0.0,0.819152],
        [1512.67,0.0,-461.514]
      ]
    }
  },
  {
    "node": {
      "name": "usa_tent_warehouse",
      "tm": [
        [0.0871558,0.0,-0.996195],
        [0.0,1.0,0.0],
        [0.996195,0.0,0.0871558],
        [1506.26,0.0,-439.765]
      ]
    }
  },
  {
    "node": {
      "name": "usa_tent_warehouse",
      "tm": [
        [-0.866025,0.0,-0.5],
        [0.0,1.0,0.0],
        [0.5,0.0,-0.866025],
        [1528.8,0.0,-446.369]
      ]
    }
  },
  {
    "node": {
      "name": "usa_tent_warehouse",
      "tm": [
        [0.422618,0.0,-0.906308],
        [0.0,1.0,0.0],
        [0.906308,0.0,0.422618],
        [1486.66,0.0,-444.163]
      ]
    }
  },
  {
    "node": {
      "name": "usa_tent_warehouse",
      "tm": [
        [-0.642788,0.0,0.766044],
        [0.0,1.0,0.0],
        [-0.766044,0.0,-0.642788],
        [1528.18,0.0,-471.799]
      ]
    }
  },
  {
    "node": {
      "name": "usa_tent_warehouse",
      "tm": [
        [-0.0871555,0.0,0.996195],
        [0.0,1.0,0.0],
        [-0.996195,0.0,-0.0871555],
        [1497.62,0.0,-473.411]
      ]
    }
  },
  {
    "node": {
      "name": "us_ravetment_small1",
      "tm": [
        [0.187968,0.0,2.14848],
        [0.0,2.15669,0.0],
        [-2.14848,0.0,0.187968],
        [304.922,-0.223642,-519.525]
      ]
    }
  },
  {
    "node": {
      "name": "us_ravetment_small1",
      "tm": [
        [-2.14848,0.0,-0.187968],
        [0.0,2.15669,0.0],
        [0.187968,0.0,-2.14848],
        [454.606,-0.223642,-588.301]
      ]
    }
  },
  {
    "node": {
      "name": "us_ravetment_small1",
      "tm": [
        [-2.12393,0.0,-0.374506],
        [0.0,2.15669,0.0],
        [0.374506,0.0,-2.12393],
        [636.544,-0.223642,-582.611]
      ]
    }
  },
  {
    "node": {
      "name": "us_ravetment_small1",
      "tm": [
        [-2.14848,0.0,0.187968],
        [0.0,2.15669,0.0],
        [-0.187968,0.0,-2.14848],
        [835.782,-0.223642,-579.476]
      ]
    }
  },
  {
    "node": {
      "name": "us_ravetment_small1",
      "tm": [
        [-2.0832,0.0,-0.558193],
        [0.0,2.15669,0.0],
        [0.558193,0.0,-2.0832],
        [1026.84,-0.223642,-580.597]
      ]
    }
  },
  {
    "node": {
      "name": "us_ravetment_small1",
      "tm": [
        [0.558193,0.0,-2.0832],
        [0.0,2.15669,0.0],
        [2.0832,0.0,0.558193],
        [1566.43,-0.223642,-515.08]
      ]
    }
  },
  {
    "node": {
      "name": "us_ravetment_small1",
      "tm": [
        [0.187968,0.0,-2.14848],
        [0.0,2.15669,0.0],
        [2.14848,0.0,0.187968],
        [1535.35,-0.223642,471.555]
      ]
    }
  },
  {
    "node": {
      "name": "us_ravetment_small1",
      "tm": [
        [0.911457,0.0,-1.95463],
        [0.0,2.15669,0.0],
        [1.95463,0.0,0.911457],
        [1408.4,-0.223642,564.853]
      ]
    }
  },
  {
    "node": {
      "name": "us_ravetment_small1",
      "tm": [
        [1.86775,0.0,-1.07835],
        [0.0,2.15669,0.0],
        [1.07835,0.0,1.86775],
        [1112.1,-0.223642,507.62]
      ]
    }
  },
  {
    "node": {
      "name": "us_ravetment_small1",
      "tm": [
        [2.12393,0.0,-0.374506],
        [0.0,2.15669,0.0],
        [0.374506,0.0,2.12393],
        [960.751,-0.223642,525.715]
      ]
    }
  },
  {
    "node": {
      "name": "us_ravetment_small1",
      "tm": [
        [2.02663,0.0,-0.737632],
        [0.0,2.15669,0.0],
        [0.737632,0.0,2.02663],
        [776.371,-0.223642,558.697]
      ]
    }
  },
  {
    "node": {
      "name": "us_ravetment_small1",
      "tm": [
        [-0.374506,0.0,2.12393],
        [0.0,2.15669,0.0],
        [-2.12393,0.0,-0.374506],
        [557.536,-0.223642,529.674]
      ]
    }
  },
  {
    "node": {
      "name": "us_mbase_aircraft_tent",
      "tm": [
        [0.282654,0.0,1.05488],
        [0.0,0.627868,0.0],
        [-1.05766,0.0,0.283399],
        [632.608,0.911088,572.785]
      ]
    }
  },
  {
    "node": {
      "name": "us_mbase_aircraft_tent",
      "tm": [
        [-1.35828e-06,0.0,1.0921],
        [0.0,0.627868,0.0],
        [-1.09497,0.0,-1.36186e-06],
        [685.188,0.911088,555.699]
      ]
    }
  },
  {
    "node": {
      "name": "us_mbase_aircraft_tent",
      "tm": [
        [-0.37352,0.0,1.02623],
        [0.0,0.627868,0.0],
        [-1.02894,0.0,-0.374504],
        [899.957,0.911088,487.837]
      ]
    }
  },
  {
    "node": {
      "name": "us_mbase_aircraft_tent",
      "tm": [
        [0.282654,0.0,1.05488],
        [0.0,0.627868,0.0],
        [-1.05766,0.0,0.283399],
        [1024.17,0.911088,467.703]
      ]
    }
  },
  {
    "node": {
      "name": "us_mbase_aircraft_tent",
      "tm": [
        [-0.989775,0.0,0.461539],
        [0.0,0.627868,0.0],
        [-0.462755,0.0,-0.992382],
        [1281.74,0.911088,449.603]
      ]
    }
  },
  {
    "node": {
      "name": "us_mbase_aircraft_tent",
      "tm": [
        [-0.989775,0.0,0.461539],
        [0.0,0.627868,0.0],
        [-0.462755,0.0,-0.992382],
        [1298.45,0.911088,501.144]
      ]
    }
  },
  {
    "node": {
      "name": "us_mbase_aircraft_tent",
      "tm": [
        [-0.772229,0.0,0.772228],
        [0.0,0.627868,0.0],
        [-0.774261,0.0,-0.774262],
        [1321.13,0.911088,560.579]
      ]
    }
  },
  {
    "node": {
      "name": "us_mbase_aircraft_tent",
      "tm": [
        [1.0755,0.0,0.189641],
        [0.0,0.627868,0.0],
        [-0.19014,0.0,1.07834],
        [1383.56,0.911088,504.571]
      ]
    }
  },
  {
    "node": {
      "name": "us_mbase_aircraft_tent",
      "tm": [
        [0.701986,0.0,-0.836594],
        [0.0,0.627868,0.0],
        [0.838796,0.0,0.703835],
        [1380.11,0.911088,412.655]
      ]
    }
  },
  {
    "node": {
      "name": "us_mbase_aircraft_tent",
      "tm": [
        [0.0951829,0.0,-1.08794],
        [0.0,0.627868,0.0],
        [1.09081,0.0,0.0954335],
        [960.025,0.911088,-564.667]
      ]
    }
  },
  {
    "node": {
      "name": "us_mbase_aircraft_tent",
      "tm": [
        [-3.90693e-08,0.0,-1.0921],
        [0.0,0.627868,0.0],
        [1.09497,0.0,-3.91722e-08],
        [906.437,0.911088,-564.667]
      ]
    }
  },
  {
    "node": {
      "name": "us_mbase_aircraft_tent",
      "tm": [
        [0.0951829,0.0,-1.08794],
        [0.0,0.627868,0.0],
        [1.09081,0.0,0.0954335],
        [764.395,0.911088,-564.667]
      ]
    }
  },
  {
    "node": {
      "name": "us_mbase_aircraft_tent",
      "tm": [
        [-3.90693e-08,0.0,-1.0921],
        [0.0,0.627868,0.0],
        [1.09497,0.0,-3.91722e-08],
        [710.807,0.911088,-564.667]
      ]
    }
  },
  {
    "node": {
      "name": "us_mbase_aircraft_tent",
      "tm": [
        [0.0951829,0.0,-1.08794],
        [0.0,0.627868,0.0],
        [1.09081,0.0,0.0954335],
        [573.604,0.911088,-564.667]
      ]
    }
  },
  {
    "node": {
      "name": "us_mbase_aircraft_tent",
      "tm": [
        [-3.90693e-08,0.0,-1.0921],
        [0.0,0.627868,0.0],
        [1.09497,0.0,-3.91722e-08],
        [520.016,0.911088,-564.667]
      ]
    }
  },
  {
    "node": {
      "name": "usa_tent_warehouse",
      "tm": [
        [0.0871558,0.0,-0.996195],
        [0.0,1.0,0.0],
        [0.996195,0.0,0.0871558],
        [1207.39,0.0,535.663]
      ]
    }
  },
  {
    "node": {
      "name": "usa_tent_warehouse",
      "tm": [
        [0.422618,0.0,-0.906308],
        [0.0,1.0,0.0],
        [0.906308,0.0,0.422618],
        [1187.79,0.0,531.266]
      ]
    }
  },
  {
    "node": {
      "name": "usa_tent_3",
      "tm": [
        [0.819152,0.0,-0.573576],
        [0.0,1.0,0.0],
        [0.573576,0.0,0.819152],
        [1213.8,0.0,513.914]
      ]
    }
  },
  {
    "node": {
      "name": "usa_tent_warehouse",
      "tm": [
        [-0.642788,0.0,0.766044],
        [0.0,1.0,0.0],
        [-0.766044,0.0,-0.642788],
        [1229.31,0.0,503.629]
      ]
    }
  },
  {
    "node": {
      "name": "usa_tent_warehouse",
      "tm": [
        [-0.0871555,0.0,0.996195],
        [0.0,1.0,0.0],
        [-0.996195,0.0,-0.0871555],
        [1198.75,0.0,502.017]
      ]
    }
  },
  {
    "node": {
      "name": "usa_tent_warehouse",
      "tm": [
        [-0.866025,0.0,-0.5],
        [0.0,1.0,0.0],
        [0.5,0.0,-0.866025],
        [1229.94,0.0,529.06]
      ]
    }
  },
  {
    "node": {
      "name": "usa_tent_4",
      "tm": [
        [0.642788,0.0,-0.766044],
        [0.0,1.0,0.0],
        [0.766044,0.0,0.642788],
        [-910.488,0.0,523.683]
      ]
    }
  },
  {
    "node": {
      "name": "usa_tent_warehouse",
      "tm": [
        [-0.707107,0.0,-0.707107],
        [0.0,1.0,0.0],
        [0.707107,0.0,-0.707107],
        [-874.28,0.0,512.609]
      ]
    }
  },
  {
    "node": {
      "name": "usa_tent_3",
      "tm": [
        [0.422618,0.0,0.906308],
        [0.0,1.0,0.0],
        [-0.906308,0.0,0.422618],
        [-895.145,0.0,509.255]
      ]
    }
  },
  {
    "node": {
      "name": "usa_tent_2",
      "tm": [
        [1.0,0.0,0.0],
        [0.0,1.0,0.0],
        [0.0,0.0,1.0],
        [-848.582,0.0,508.88]
      ]
    }
  },
  {
    "node": {
      "name": "usa_tent_1",
      "tm": [
        [0.707107,0.0,0.707107],
        [0.0,1.0,0.0],
        [-0.707107,0.0,0.707107],
        [-886.676,0.03108,527.4]
      ]
    }
  },
  {
    "node": {
      "name": "usa_tent_warehouse",
      "tm": [
        [0.707107,0.0,-0.707107],
        [0.0,1.0,0.0],
        [0.707107,0.0,0.707107],
        [-941.703,0.0,512.582]
      ]
    }
  },
  {
    "node": {
      "name": "usa_tent_warehouse",
      "tm": [
        [0.258819,0.0,-0.965926],
        [0.0,1.0,0.0],
        [0.965926,0.0,0.258819],
        [-920.997,0.0,518.871]
      ]
    }
  },
  {
    "node": {
      "name": "usa_tent_4",
      "tm": [
        [0.984808,0.0,0.173648],
        [0.0,1.0,0.0],
        [-0.173648,0.0,0.984808],
        [-898.222,0.0,521.551]
      ]
    }
  },
  {
    "node": {
      "name": "usa_tent_2",
      "tm": [
        [1.0,0.0,0.0],
        [0.0,1.0,0.0],
        [0.0,0.0,1.0],
        [-972.824,0.0,515.931]
      ]
    }
  },
  {
    "node": {
      "name": "usa_tent_3",
      "tm": [
        [1.0,0.0,0.0],
        [0.0,1.0,0.0],
        [0.0,0.0,1.0],
        [-997.211,0.0,520.193]
      ]
    }
  },
  {
    "node": {
      "name": "usa_tent_4",
      "tm": [
        [1.0,0.0,0.0],
        [0.0,1.0,0.0],
        [0.0,0.0,1.0],
        [-981.771,0.0,498.674]
      ]
    }
  },
  {
    "node": {
      "name": "usa_tent_5",
      "tm": [
        [1.0,0.0,0.0],
        [0.0,1.0,0.0],
        [0.0,0.0,1.0],
        [-1003.95,0.0,490.099]
      ]
    }
  },
  {
    "node": {
      "name": "usa_tent_6",
      "tm": [
        [1.0,0.0,0.0],
        [0.0,1.0,0.0],
        [0.0,0.0,1.0],
        [-983.922,0.0,481.478]
      ]
    }
  },
  {
    "node": {
      "name": "usa_tent_warehouse",
      "tm": [
        [1.0,0.0,0.0],
        [0.0,1.0,0.0],
        [0.0,0.0,1.0],
        [-1001.14,0.0,475.161]
      ]
    }
  },
  {
    "node": {
      "name": "usa_tent_1",
      "tm": [
        [1.0,0.0,0.0],
        [0.0,1.0,0.0],
        [0.0,0.0,1.0],
        [-975.749,0.0,539.607]
      ]
    }
  },
  {
    "node": {
      "name": "usa_tent_2",
      "tm": [
        [-0.0871556,0.0,0.996195],
        [0.0,1.0,0.0],
        [-0.996195,0.0,-0.0871556],
        [353.238,0.0,-569.949]
      ]
    }
  },
  {
    "node": {
      "name": "usa_tent_3",
      "tm": [
        [-0.0871556,0.0,0.996195],
        [0.0,1.0,0.0],
        [-0.996195,0.0,-0.0871556],
        [351.118,0.0,-594.614]
      ]
    }
  },
  {
    "node": {
      "name": "usa_tent_4",
      "tm": [
        [-0.0871556,0.0,0.996195],
        [0.0,1.0,0.0],
        [-0.996195,0.0,-0.0871556],
        [371.209,0.0,-577.358]
      ]
    }
  },
  {
    "node": {
      "name": "usa_tent_5",
      "tm": [
        [-0.0871556,0.0,0.996195],
        [0.0,1.0,0.0],
        [-0.996195,0.0,-0.0871556],
        [381.684,0.0,-598.702]
      ]
    }
  },
  {
    "node": {
      "name": "usa_tent_6",
      "tm": [
        [-0.0871556,0.0,0.996195],
        [0.0,1.0,0.0],
        [-0.996195,0.0,-0.0871556],
        [388.527,0.0,-578.002]
      ]
    }
  },
  {
    "node": {
      "name": "usa_tent_warehouse",
      "tm": [
        [-0.0871556,0.0,0.996195],
        [0.0,1.0,0.0],
        [-0.996195,0.0,-0.0871556],
        [396.32,0.0,-594.599]
      ]
    }
  },
  {
    "node": {
      "name": "usa_tent_1",
      "tm": [
        [-0.0871556,0.0,0.996195],
        [0.0,1.0,0.0],
        [-0.996195,0.0,-0.0871556],
        [329.907,0.0,-574.926]
      ]
    }
  },
  {
    "node": {
      "name": "usa_tent_2",
      "tm": [
        [-0.642788,0.0,-0.766045],
        [0.0,1.0,0.0],
        [0.766045,0.0,-0.642788],
        [1404.16,0.0,-533.792]
      ]
    }
  },
  {
    "node": {
      "name": "usa_tent_3",
      "tm": [
        [-0.642788,0.0,-0.766045],
        [0.0,1.0,0.0],
        [0.766045,0.0,-0.642788],
        [1423.1,0.0,-517.85]
      ]
    }
  },
  {
    "node": {
      "name": "usa_tent_4",
      "tm": [
        [-0.642788,0.0,-0.766045],
        [0.0,1.0,0.0],
        [0.766045,0.0,-0.642788],
        [1396.69,0.0,-515.846]
      ]
    }
  },
  {
    "node": {
      "name": "usa_tent_5",
      "tm": [
        [-0.642788,0.0,-0.766045],
        [0.0,1.0,0.0],
        [0.766045,0.0,-0.642788],
        [1404.38,0.0,-493.346]
      ]
    }
  },
  {
    "node": {
      "name": "usa_tent_6",
      "tm": [
        [-0.642788,0.0,-0.766045],
        [0.0,1.0,0.0],
        [0.766045,0.0,-0.642788],
        [1384.9,0.0,-503.144]
      ]
    }
  },
  {
    "node": {
      "name": "usa_tent_warehouse",
      "tm": [
        [-0.642788,0.0,-0.766045],
        [0.0,1.0,0.0],
        [0.766045,0.0,-0.642788],
        [1391.13,0.0,-485.898]
      ]
    }
  },
  {
    "node": {
      "name": "usa_tent_1",
      "tm": [
        [-0.642788,0.0,-0.766045],
        [0.0,1.0,0.0],
        [0.766045,0.0,-0.642788],
        [1424.18,0.0,-546.77]
      ]
    }
  },
  {
    "node": {
      "name": "usa_tent_5",
      "tm": [
        [-0.939693,0.0,0.34202],
        [0.0,1.0,0.0],
        [-0.34202,0.0,-0.939693],
        [1522.38,0.0,-585.783]
      ]
    }
  },
  {
    "node": {
      "name": "usa_tent_5",
      "tm": [
        [-1.0,0.0,-8.74228e-08],
        [0.0,1.0,0.0],
        [8.74228e-08,0.0,-1.0],
        [772.832,0.0,-496.984]
      ]
    }
  },
  {
    "node": {
      "name": "britain_control_tower_1_rendinst",
      "tm": [
        [-0.996195,0.0,-0.0871556],
        [0.0,1.0,0.0],
        [0.0871556,0.0,-0.996195],
        [1365.79,0.0,-470.263]
      ]
    }
  },
  {
    "node": {
      "name": "britain_control_tower_1_rendinst",
      "tm": [
        [-0.996195,0.0,-0.0871556],
        [0.0,1.0,0.0],
        [0.0871556,0.0,-0.996195],
        [1355.07,0.0,439.717]
      ]
    }
  },
  {
    "node": {
      "name": "usa_tent_5",
      "tm": [
        [1.0,0.0,0.0],
        [0.0,1.0,0.0],
        [0.0,0.0,1.0],
        [705.427,0.0,-591.038]
      ]
    }
  },
  {
    "node": {
      "name": "usa_tent_4",
      "tm": [
        [-4.37114e-08,0.0,1.0],
        [0.0,1.0,0.0],
        [-1.0,0.0,-4.37114e-08],
        [682.33,0.0,-581.347]
      ]
    }
  },
  {
    "node": {
      "name": "usa_tent_5",
      "tm": [
        [0.642788,0.0,0.766044],
        [0.0,1.0,0.0],
        [-0.766044,0.0,0.642788],
        [674.665,0.0,-561.438]
      ]
    }
  },
  {
    "node": {
      "name": "boxes_rendinst",
      "tm": [
        [0.0871554,0.0,-0.996195],
        [0.0,1.0,0.0],
        [0.996195,0.0,0.0871554],
        [654.06,-0.462959,-568.095]
      ]
    }
  },
  {
    "node": {
      "name": "boxes_rendinst",
      "tm": [
        [0.0871554,0.0,-0.996195],
        [0.0,1.0,0.0],
        [0.996195,0.0,0.0871554],
        [819.099,-0.462959,-566.553]
      ]
    }
  },
  {
    "node": {
      "name": "boxes_rendinst",
      "tm": [
        [-0.996195,0.0,-0.0871552],
        [0.0,1.0,0.0],
        [0.0871552,0.0,-0.996195],
        [1549.98,-0.462959,-498.5]
      ]
    }
  },
  {
    "node": {
      "name": "boxes_rendinst",
      "tm": [
        [-0.996195,0.0,-0.0871552],
        [0.0,1.0,0.0],
        [0.0871552,0.0,-0.996195],
        [314.384,-0.462959,-483.311]
      ]
    }
  },
  {
    "node": {
      "name": "boxes_rendinst",
      "tm": [
        [0.342021,0.0,0.939692],
        [0.0,1.0,0.0],
        [-0.939692,0.0,0.342021],
        [752.641,-0.462959,553.958]
      ]
    }
  },
  {
    "node": {
      "name": "boxes_rendinst",
      "tm": [
        [0.342021,0.0,0.939692],
        [0.0,1.0,0.0],
        [-0.939692,0.0,0.342021],
        [790.66,-0.462959,540.643]
      ]
    }
  },
  {
    "node": {
      "name": "boxes_rendinst",
      "tm": [
        [0.342021,0.0,0.939692],
        [0.0,1.0,0.0],
        [-0.939692,0.0,0.342021],
        [1140.82,-0.462959,481.511]
      ]
    }
  },
  {
    "node": {
      "name": "usa_tent_warehouse",
      "tm": [
        [-0.642788,0.0,-0.766044],
        [0.0,1.0,0.0],
        [0.766044,0.0,-0.642788],
        [-572.669,0.0,518.715]
      ]
    }
  },
  {
    "node": {
      "name": "usa_tent_warehouse",
      "tm": [
        [0.34202,0.0,-0.939693],
        [0.0,1.0,0.0],
        [0.939693,0.0,0.34202],
        [-620.885,0.0,521.707]
      ]
    }
  },
  {
    "node": {
      "name": "usa_tent_warehouse",
      "tm": [
        [0.34202,0.0,-0.939693],
        [0.0,1.0,0.0],
        [0.939693,0.0,0.34202],
        [-553.315,0.0,498.22]
      ]
    }
  },
  {
    "node": {
      "name": "usa_tent_5",
      "tm": [
        [1.0,0.0,0.0],
        [0.0,1.0,0.0],
        [0.0,0.0,1.0],
        [-595.634,0.0,504.21]
      ]
    }
  },
  {
    "node": {
      "name": "usa_tent_6",
      "tm": [
        [1.0,0.0,0.0],
        [0.0,1.0,0.0],
        [0.0,0.0,1.0],
        [-573.705,0.0,493.633]
      ]
    }
  },
  {
    "node": {
      "name": "usa_tent_5",
      "tm": [
        [-0.906308,0.0,-0.422618],
        [0.0,1.0,0.0],
        [0.422618,0.0,-0.906308],
        [876.438,0.0,544.401]
      ]
    }
  },
  {
    "node": {
      "name": "usa_tent_warehouse",
      "tm": [
        [-0.707107,0.0,0.707107],
        [0.0,1.0,0.0],
        [-0.707107,0.0,-0.707107],
        [835.553,0.0,531.944]
      ]
    }
  },
  {
    "node": {
      "name": "usa_tent_6",
      "tm": [
        [-0.906308,0.0,-0.422618],
        [0.0,1.0,0.0],
        [0.422618,0.0,-0.906308],
        [852.093,0.0,544.719]
      ]
    }
  },
  {
    "node": {
      "name": "usa_tent_warehouse",
      "tm": [
        [-0.707107,0.0,0.707107],
        [0.0,1.0,0.0],
        [-0.707107,0.0,-0.707107],
        [906.718,0.0,539.214]
      ]
    }
  },
  {
    "node": {
      "name": "usa_tent_warehouse",
      "tm": [
        [0.258819,0.0,0.965926],
        [0.0,1.0,0.0],
        [-0.965926,0.0,0.258819],
        [861.754,0.0,521.549]
      ]
    }
  },
  {
    "node": {
      "name": "usa_tent_5",
      "tm": [
        [-0.906308,0.0,-0.422618],
        [0.0,1.0,0.0],
        [0.422618,0.0,-0.906308],
        [1468.58,0.0,521.168]
      ]
    }
  },
  {
    "node": {
      "name": "usa_tent_warehouse",
      "tm": [
        [-0.707107,0.0,0.707107],
        [0.0,1.0,0.0],
        [-0.707107,0.0,-0.707107],
        [1427.7,0.0,508.711]
      ]
    }
  },
  {
    "node": {
      "name": "usa_tent_6",
      "tm": [
        [-0.906308,0.0,-0.422618],
        [0.0,1.0,0.0],
        [0.422618,0.0,-0.906308],
        [1444.24,0.0,521.486]
      ]
    }
  },
  {
    "node": {
      "name": "usa_tent_warehouse",
      "tm": [
        [-0.707107,0.0,0.707107],
        [0.0,1.0,0.0],
        [-0.707107,0.0,-0.707107],
        [1498.86,0.0,515.981]
      ]
    }
  },
  {
    "node": {
      "name": "usa_tent_warehouse",
      "tm": [
        [0.258819,0.0,0.965926],
        [0.0,1.0,0.0],
        [-0.965926,0.0,0.258819],
        [1453.9,0.0,498.316]
      ]
    }
  }
]