{
  "className": "composit",
  "size": [
    2100.0,
    256.0
  ],
  "airfield": {
    "start": [
      1059.0,
      0.0,
      0.0
    ],
    "end": [
      -1024.0,
      0.0,
      0.0
    ],
    "width": 210.0,
    "spawn": [
      [
        865.0,
        0.0,
        -6.0
      ],
      [
        878.0,
        0.0,
        6.0
      ],
      [
        889.0,
        0.0,
        -6.0
      ],
      [
        902.0,
        0.0,
        6.0
      ],
      [
        913.0,
        0.0,
        -6.0
      ],
      [
        926.0,
        0.0,
        6.0
      ],
      [
        938.0,
        0.0,
        -6.0
      ],
      [
        951.0,
        0.0,
        6.0
      ],
      [
        962.0,
        0.0,
        -6.0
      ],
      [
        975.0,
        0.0,
        6.0
      ],
      [
        987.0,
        0.0,
        -6.0
      ],
      [
        1000.0,
        0.0,
        6.0
      ],
      [
        1011.0,
        0.0,
        -6.0
      ],
      [
        1023.0,
        0.0,
        6.0
      ],
      [
        1035.0,
        0.0,
        -6.0
      ],
      [
        1048.0,
        0.0,
        6.0
      ]
    ],
    "repairTags": {
      "type_attack_helicopter": false,
      "type_utility_helicopter": false
    }
  },
  "node": [
    {
      "name": "^^dynaf_khalkhin_gol_1line_2k_mesh",
      "tm": [
        [
          1.0,
          0.0,
          0.0
        ],
        [
          0.0,
          1.0,
          0.0
        ],
        [
          0.0,
          0.0,
          1.0
        ],
        [
          0.0,
          3.0,
          -0.00000212579
        ]
      ]
    },
    {
      "name": "++NoTreesBox001",
      "tm": [
        [
          4000.0,
          0.0,
          0.0
        ],
        [
          0.0,
          15.0,
          0.0
        ],
        [
          0.0,
          0.0,
          1200.0
        ],
        [
          0.0,
          0.0,
          -240.0
        ]
      ]
    },
    {
      "name": "tr_village_17",
      "tm": [
        [
          0.866025,
          0.0,
          0.5
        ],
        [
          0.0,
          1.0,
          0.0
        ],
        [
          -0.5,
          0.0,
          0.866025
        ],
        [
          305.965,
          0.0,
          -670.658
        ]
      ]
    },
    {
      "name": "tr_village_16",
      "tm": [
        [
          -0.965926,
          0.0,
          -0.258819
        ],
        [
          0.0,
          1.0,
          0.0
        ],
        [
          0.258819,
          0.0,
          -0.965926
        ],
        [
          337.044,
          0.0,
          -731.647
        ]
      ]
    },
    {
      "name": "tr_village_18",
      "tm": [
        [
          -4.37114e-8,
          0.0,
          1.0
        ],
        [
          0.0,
          1.0,
          0.0
        ],
        [
          -1.0,
          0.0,
          -4.37114e-8
        ],
        [
          317.907,
          0.0,
          -732.485
        ]
      ]
    },
    {
      "name": "tr_village_16",
      "tm": [
        [
          0.258819,
          0.0,
          0.965926
        ],
        [
          0.0,
          1.0,
          0.0
        ],
        [
          -0.965926,
          0.0,
          0.258819
        ],
        [
          323.258,
          0.0,
          -737.144
        ]
      ]
    },
    {
      "name": "tr_village_18",
      "tm": [
        [
          -0.965926,
          0.0,
          0.258819
        ],
        [
          0.0,
          1.0,
          0.0
        ],
        [
          -0.258819,
          0.0,
          -0.965926
        ],
        [
          380.585,
          0.0,
          -735.988
        ]
      ]
    },
    {
      "name": "tr_village_18",
      "tm": [
        [
          -0.965926,
          0.0,
          0.258819
        ],
        [
          0.0,
          1.0,
          0.0
        ],
        [
          -0.258819,
          0.0,
          -0.965926
        ],
        [
          187.52,
          0.0,
          -747.517
        ]
      ]
    },
    {
      "name": "tr_village_18",
      "tm": [
        [
          -0.573577,
          0.0,
          -0.819152
        ],
        [
          0.0,
          1.0,
          0.0
        ],
        [
          0.819152,
          0.0,
          -0.573577
        ],
        [
          191.408,
          0.0,
          -758.248
        ]
      ]
    },
    {
      "name": "tr_village_18",
      "tm": [
        [
          -0.573577,
          0.0,
          -0.819152
        ],
        [
          0.0,
          1.0,
          0.0
        ],
        [
          0.819152,
          0.0,
          -0.573577
        ],
        [
          299.767,
          0.0,
          -648.287
        ]
      ]
    },
    {
      "name": "tr_village_18",
      "tm": [
        [
          -0.573577,
          0.0,
          -0.819152
        ],
        [
          0.0,
          1.0,
          0.0
        ],
        [
          0.819152,
          0.0,
          -0.573577
        ],
        [
          -164.259,
          0.0,
          -579.723
        ]
      ]
    },
    {
      "name": "tr_village_18",
      "tm": [
        [
          -0.573577,
          0.0,
          -0.819152
        ],
        [
          0.0,
          1.0,
          0.0
        ],
        [
          0.819152,
          0.0,
          -0.573577
        ],
        [
          -465.515,
          0.0,
          -625.727
        ]
      ]
    },
    {
      "name": "tr_village_18",
      "tm": [
        [
          -0.173649,
          0.0,
          -0.984808
        ],
        [
          0.0,
          1.0,
          0.0
        ],
        [
          0.984808,
          0.0,
          -0.173649
        ],
        [
          -550.871,
          0.0,
          -648.67
        ]
      ]
    },
    {
      "name": "usa_tent_5",
      "tm": [
        [
          0.5,
          0.0,
          0.866026
        ],
        [
          0.0,
          1.0,
          0.0
        ],
        [
          -0.866026,
          0.0,
          0.5
        ],
        [
          299.102,
          0.0,
          -711.375
        ]
      ]
    },
    {
      "name": "usa_tent_3",
      "tm": [
        [
          0.996195,
          0.0,
          -0.0871556
        ],
        [
          0.0,
          1.0,
          0.0
        ],
        [
          0.0871556,
          0.0,
          0.996195
        ],
        [
          337.692,
          0.0,
          -598.41
        ]
      ]
    },
    {
      "name": "usa_tent_3",
      "tm": [
        [
          0.642788,
          0.0,
          0.766044
        ],
        [
          0.0,
          1.0,
          0.0
        ],
        [
          -0.766044,
          0.0,
          0.642788
        ],
        [
          213.54,
          0.0,
          -746.876
        ]
      ]
    },
    {
      "name": "usa_tent_3",
      "tm": [
        [
          0.173648,
          0.0,
          0.984808
        ],
        [
          0.0,
          1.0,
          0.0
        ],
        [
          -0.984808,
          0.0,
          0.173648
        ],
        [
          -378.053,
          0.0,
          -715.13
        ]
      ]
    },
    {
      "name": "britain_control_tower_1_rendinst",
      "tm": [
        [
          -0.5,
          0.0,
          0.866025
        ],
        [
          0.0,
          1.0,
          0.0
        ],
        [
          -0.866025,
          0.0,
          -0.5
        ],
        [
          103.039,
          0.0,
          -507.851
        ]
      ]
    },
    {
      "name": "britain_control_tower_1_rendinst",
      "tm": [
        [
          -0.984808,
          0.0,
          0.173648
        ],
        [
          0.0,
          1.0,
          0.0
        ],
        [
          -0.173648,
          0.0,
          -0.984808
        ],
        [
          192.119,
          0.0,
          -545.35
        ]
      ]
    },
    {
      "name": "britain_control_tower_1_rendinst",
      "tm": [
        [
          -0.766045,
          0.0,
          -0.642787
        ],
        [
          0.0,
          1.0,
          0.0
        ],
        [
          0.642787,
          0.0,
          -0.766045
        ],
        [
          -352.739,
          0.0,
          -554.202
        ]
      ]
    },
    {
      "name": "britain_weapon_empl_rendinst",
      "tm": [
        [
          1.94707e-7,
          0.0,
          -1.0
        ],
        [
          0.0,
          1.0,
          0.0
        ],
        [
          1.0,
          0.0,
          1.94707e-7
        ],
        [
          -366.969,
          0.0,
          -560.72
        ]
      ]
    },
    {
      "name": "britain_weapon_empl_rendinst",
      "tm": [
        [
          0.5,
          0.0,
          0.866026
        ],
        [
          0.0,
          1.0,
          0.0
        ],
        [
          -0.866026,
          0.0,
          0.5
        ],
        [
          -550.114,
          0.0,
          -676.532
        ]
      ]
    },
    {
      "name": "britain_weapon_empl_rendinst",
      "tm": [
        [
          -1.62921e-7,
          0.0,
          1.0
        ],
        [
          0.0,
          1.0,
          0.0
        ],
        [
          -1.0,
          0.0,
          -1.62921e-7
        ],
        [
          100.679,
          0.0,
          -704.599
        ]
      ]
    },
    {
      "name": "britain_weapon_empl_rendinst",
      "tm": [
        [
          3.13916e-7,
          0.0,
          -1.0
        ],
        [
          0.0,
          1.0,
          0.0
        ],
        [
          1.0,
          0.0,
          3.13916e-7
        ],
        [
          87.5948,
          0.0,
          -527.013
        ]
      ]
    },
    {
      "name": "britain_army_tent_rendinst",
      "tm": [
        [
          -4.37114e-8,
          0.0,
          1.0
        ],
        [
          0.0,
          1.0,
          0.0
        ],
        [
          -1.0,
          0.0,
          -4.37114e-8
        ],
        [
          317.172,
          0.0,
          -641.943
        ]
      ]
    },
    {
      "name": "britain_big_army_tent_rendinst",
      "tm": [
        [
          -0.866025,
          0.0,
          0.5
        ],
        [
          0.0,
          1.0,
          0.0
        ],
        [
          -0.5,
          0.0,
          -0.866025
        ],
        [
          227.323,
          0.0,
          -675.069
        ]
      ]
    },
    {
      "name": "britain_big_army_tent_rendinst",
      "tm": [
        [
          -0.939693,
          0.0,
          0.34202
        ],
        [
          0.0,
          1.0,
          0.0
        ],
        [
          -0.34202,
          0.0,
          -0.939693
        ],
        [
          304.73,
          0.0,
          -642.87
        ]
      ]
    },
    {
      "name": "britain_army_tent_rendinst",
      "tm": [
        [
          -4.37114e-8,
          0.0,
          1.0
        ],
        [
          0.0,
          1.0,
          0.0
        ],
        [
          -1.0,
          0.0,
          -4.37114e-8
        ],
        [
          314.759,
          0.0,
          -593.078
        ]
      ]
    },
    {
      "name": "britain_army_tent_rendinst",
      "tm": [
        [
          -4.37114e-8,
          0.0,
          1.0
        ],
        [
          0.0,
          1.0,
          0.0
        ],
        [
          -1.0,
          0.0,
          -4.37114e-8
        ],
        [
          305.602,
          0.0,
          -601.038
        ]
      ]
    },
    {
      "name": "britain_big_army_tent_rendinst",
      "tm": [
        [
          -0.642788,
          0.0,
          -0.766045
        ],
        [
          0.0,
          1.0,
          0.0
        ],
        [
          0.766045,
          0.0,
          -0.642788
        ],
        [
          440.431,
          0.0,
          -738.488
        ]
      ]
    },
    {
      "name": "britain_big_army_tent_rendinst",
      "tm": [
        [
          -0.642788,
          0.0,
          -0.766045
        ],
        [
          0.0,
          1.0,
          0.0
        ],
        [
          0.766045,
          0.0,
          -0.642788
        ],
        [
          396.51,
          0.0,
          -742.821
        ]
      ]
    },
    {
      "name": "britain_big_army_tent_rendinst",
      "tm": [
        [
          -0.866026,
          0.0,
          0.5
        ],
        [
          0.0,
          1.0,
          0.0
        ],
        [
          -0.5,
          0.0,
          -0.866026
        ],
        [
          -415.275,
          0.0,
          -717.735
        ]
      ]
    },
    {
      "name": "britain_army_tent_rendinst",
      "tm": [
        [
          -4.37114e-8,
          0.0,
          1.0
        ],
        [
          0.0,
          1.0,
          0.0
        ],
        [
          -1.0,
          0.0,
          -4.37114e-8
        ],
        [
          -537.096,
          0.0,
          -648.428
        ]
      ]
    },
    {
      "name": "britain_army_tent_rendinst",
      "tm": [
        [
          -4.37114e-8,
          0.0,
          1.0
        ],
        [
          0.0,
          1.0,
          0.0
        ],
        [
          -1.0,
          0.0,
          -4.37114e-8
        ],
        [
          -512.633,
          0.0,
          -654.016
        ]
      ]
    },
    {
      "name": "britain_army_tent_rendinst",
      "tm": [
        [
          -4.37114e-8,
          0.0,
          1.0
        ],
        [
          0.0,
          1.0,
          0.0
        ],
        [
          -1.0,
          0.0,
          -4.37114e-8
        ],
        [
          -506.382,
          0.0,
          -646.316
        ]
      ]
    },
    {
      "name": "britain_army_tent_rendinst",
      "tm": [
        [
          -4.37114e-8,
          0.0,
          1.0
        ],
        [
          0.0,
          1.0,
          0.0
        ],
        [
          -1.0,
          0.0,
          -4.37114e-8
        ],
        [
          -512.039,
          0.0,
          -642.817
        ]
      ]
    },
    {
      "name": "britain_army_tent_rendinst",
      "tm": [
        [
          -4.37114e-8,
          0.0,
          1.0
        ],
        [
          0.0,
          1.0,
          0.0
        ],
        [
          -1.0,
          0.0,
          -4.37114e-8
        ],
        [
          -496.373,
          0.0,
          -641.01
        ]
      ]
    },
    {
      "name": "britain_army_tent_rendinst",
      "tm": [
        [
          -4.37114e-8,
          0.0,
          1.0
        ],
        [
          0.0,
          1.0,
          0.0
        ],
        [
          -1.0,
          0.0,
          -4.37114e-8
        ],
        [
          -337.579,
          0.0,
          -708.799
        ]
      ]
    },
    {
      "name": "britain_army_tent_rendinst",
      "tm": [
        [
          -4.37114e-8,
          0.0,
          1.0
        ],
        [
          0.0,
          1.0,
          0.0
        ],
        [
          -1.0,
          0.0,
          -4.37114e-8
        ],
        [
          -393.91,
          0.0,
          -737.421
        ]
      ]
    },
    {
      "name": "britain_army_tent_rendinst",
      "tm": [
        [
          -4.37114e-8,
          0.0,
          1.0
        ],
        [
          0.0,
          1.0,
          0.0
        ],
        [
          -1.0,
          0.0,
          -4.37114e-8
        ],
        [
          143.261,
          0.0,
          -729.168
        ]
      ]
    },
    {
      "name": "us_mbase_aircraft_tent",
      "tm": [
        [
          0.282655,
          0.0,
          -1.05488
        ],
        [
          0.0,
          0.627868,
          0.0
        ],
        [
          1.05766,
          0.0,
          0.2834
        ],
        [
          218.448,
          -0.00000858307,
          -722.385
        ]
      ]
    },
    {
      "name": "britain_observ_post_1_rendinst",
      "tm": [
        [
          -0.173648,
          0.0,
          -0.984808
        ],
        [
          0.0,
          1.0,
          0.0
        ],
        [
          0.984808,
          0.0,
          -0.173648
        ],
        [
          103.118,
          0.0,
          -536.725
        ]
      ]
    },
    {
      "name": "britain_observ_post_1_rendinst",
      "tm": [
        [
          0.766045,
          0.0,
          -0.642787
        ],
        [
          0.0,
          1.0,
          0.0
        ],
        [
          0.642787,
          0.0,
          0.766045
        ],
        [
          106.616,
          0.0,
          -515.898
        ]
      ]
    },
    {
      "name": "britain_observ_post_1_rendinst",
      "tm": [
        [
          -0.642787,
          0.0,
          -0.766045
        ],
        [
          0.0,
          1.0,
          0.0
        ],
        [
          0.766045,
          0.0,
          -0.642787
        ],
        [
          -392.663,
          0.0,
          -528.545
        ]
      ]
    },
    {
      "name": "britain_observ_post_1_rendinst",
      "tm": [
        [
          0.422618,
          0.0,
          0.906308
        ],
        [
          0.0,
          1.0,
          0.0
        ],
        [
          -0.906308,
          0.0,
          0.422618
        ],
        [
          -542.357,
          0.0,
          -655.668
        ]
      ]
    },
    {
      "name": "britain_observ_post_2_rendinst",
      "tm": [
        [
          -4.70635e-8,
          0.0,
          1.07669
        ],
        [
          0.0,
          1.07669,
          0.0
        ],
        [
          -1.07669,
          0.0,
          -4.70635e-8
        ],
        [
          296.32,
          0.0,
          -613.813
        ]
      ]
    },
    {
      "name": "britain_observ_post_2_rendinst",
      "tm": [
        [
          1.04,
          0.0,
          0.278667
        ],
        [
          0.0,
          1.07669,
          0.0
        ],
        [
          -0.278667,
          0.0,
          1.04
        ],
        [
          203.253,
          0.0,
          -519.457
        ]
      ]
    },
    {
      "name": "britain_observ_post_2_rendinst",
      "tm": [
        [
          0.278667,
          0.0,
          -1.04
        ],
        [
          0.0,
          1.07669,
          0.0
        ],
        [
          1.04,
          0.0,
          0.278667
        ],
        [
          220.072,
          0.0,
          -527.206
        ]
      ]
    },
    {
      "name": "britain_observ_post_2_rendinst",
      "tm": [
        [
          0.455028,
          0.0,
          0.97581
        ],
        [
          0.0,
          1.07669,
          0.0
        ],
        [
          -0.97581,
          0.0,
          0.455028
        ],
        [
          -492.582,
          0.0,
          -611.665
        ]
      ]
    },
    {
      "name": "britain_observ_post_2_rendinst",
      "tm": [
        [
          -0.0938394,
          0.0,
          -1.07259
        ],
        [
          0.0,
          1.07669,
          0.0
        ],
        [
          1.07259,
          0.0,
          -0.0938394
        ],
        [
          -378.445,
          0.0,
          -734.074
        ]
      ]
    },
    {
      "name": "britain_tent_1_rendinst",
      "tm": [
        [
          -0.707107,
          0.0,
          0.707107
        ],
        [
          0.0,
          1.0,
          0.0
        ],
        [
          -0.707107,
          0.0,
          -0.707107
        ],
        [
          153.205,
          0.0,
          -740.335
        ]
      ]
    },
    {
      "name": "britain_tent_1_rendinst",
      "tm": [
        [
          -0.707107,
          0.0,
          0.707107
        ],
        [
          0.0,
          1.0,
          0.0
        ],
        [
          -0.707107,
          0.0,
          -0.707107
        ],
        [
          159.035,
          0.0,
          -744.355
        ]
      ]
    },
    {
      "name": "britain_tent_1_rendinst",
      "tm": [
        [
          -4.37114e-8,
          0.0,
          1.0
        ],
        [
          0.0,
          1.0,
          0.0
        ],
        [
          -1.0,
          0.0,
          -4.37114e-8
        ],
        [
          166.659,
          0.0,
          -758.02
        ]
      ]
    },
    {
      "name": "britain_tent_1_rendinst",
      "tm": [
        [
          0.965926,
          0.0,
          0.258819
        ],
        [
          0.0,
          1.0,
          0.0
        ],
        [
          -0.258819,
          0.0,
          0.965926
        ],
        [
          163.913,
          0.0,
          -750.102
        ]
      ]
    },
    {
      "name": "britain_tent_1_rendinst",
      "tm": [
        [
          -0.0871556,
          0.0,
          -0.996195
        ],
        [
          0.0,
          1.0,
          0.0
        ],
        [
          0.996195,
          0.0,
          -0.0871556
        ],
        [
          -379.154,
          0.0,
          -722.802
        ]
      ]
    },
    {
      "name": "britain_tent_1_rendinst",
      "tm": [
        [
          -0.0871556,
          0.0,
          -0.996195
        ],
        [
          0.0,
          1.0,
          0.0
        ],
        [
          0.996195,
          0.0,
          -0.0871556
        ],
        [
          -329.03,
          0.0,
          -716.061
        ]
      ]
    },
    {
      "name": "britain_tent_1_rendinst",
      "tm": [
        [
          0.573577,
          0.0,
          -0.819152
        ],
        [
          0.0,
          1.0,
          0.0
        ],
        [
          0.819152,
          0.0,
          0.573577
        ],
        [
          -442.247,
          0.0,
          -711.361
        ]
      ]
    },
    {
      "name": "britain_tent_1_rendinst",
      "tm": [
        [
          -0.173648,
          0.0,
          -0.984808
        ],
        [
          0.0,
          1.0,
          0.0
        ],
        [
          0.984808,
          0.0,
          -0.173648
        ],
        [
          -451.259,
          0.0,
          -707.814
        ]
      ]
    },
    {
      "name": "britain_tent_1_rendinst",
      "tm": [
        [
          -0.573576,
          0.0,
          -0.819152
        ],
        [
          0.0,
          1.0,
          0.0
        ],
        [
          0.819152,
          0.0,
          -0.573576
        ],
        [
          -440.049,
          0.0,
          -584.779
        ]
      ]
    },
    {
      "name": "britain_tent_1_rendinst",
      "tm": [
        [
          -0.573576,
          0.0,
          -0.819152
        ],
        [
          0.0,
          1.0,
          0.0
        ],
        [
          0.819152,
          0.0,
          -0.573576
        ],
        [
          -434.287,
          0.0,
          -577.642
        ]
      ]
    },
    {
      "name": "britain_tent_1_rendinst",
      "tm": [
        [
          -0.984808,
          0.0,
          0.173648
        ],
        [
          0.0,
          1.0,
          0.0
        ],
        [
          -0.173648,
          0.0,
          -0.984808
        ],
        [
          -357.048,
          0.0,
          -566.569
        ]
      ]
    },
    {
      "name": "britain_tent_1_rendinst",
      "tm": [
        [
          -0.173648,
          0.0,
          -0.984808
        ],
        [
          0.0,
          1.0,
          0.0
        ],
        [
          0.984808,
          0.0,
          -0.173648
        ],
        [
          -177.477,
          0.0,
          -574.708
        ]
      ]
    },
    {
      "name": "britain_tent_1_rendinst",
      "tm": [
        [
          0.34202,
          0.0,
          -0.939693
        ],
        [
          0.0,
          1.0,
          0.0
        ],
        [
          0.939693,
          0.0,
          0.34202
        ],
        [
          230.959,
          0.0,
          -755.991
        ]
      ]
    },
    {
      "name": "britain_tent_1_rendinst",
      "tm": [
        [
          0.34202,
          0.0,
          -0.939693
        ],
        [
          0.0,
          1.0,
          0.0
        ],
        [
          0.939693,
          0.0,
          0.34202
        ],
        [
          389.12,
          0.0,
          -733.262
        ]
      ]
    },
    {
      "name": "usa_tent_1",
      "tm": [
        [
          0.642788,
          0.0,
          0.766044
        ],
        [
          0.0,
          1.0,
          0.0
        ],
        [
          -0.766044,
          0.0,
          0.642788
        ],
        [
          423.909,
          0.0,
          -725.538
        ]
      ]
    },
    {
      "name": "usa_tent_1",
      "tm": [
        [
          0.819152,
          0.0,
          0.573577
        ],
        [
          0.0,
          1.0,
          0.0
        ],
        [
          -0.573577,
          0.0,
          0.819152
        ],
        [
          130.42,
          0.0,
          -737.462
        ]
      ]
    },
    {
      "name": "britain_windvane_rendinst",
      "tm": [
        [
          -4.37114e-8,
          0.0,
          1.0
        ],
        [
          0.0,
          1.0,
          0.0
        ],
        [
          -1.0,
          0.0,
          -4.37114e-8
        ],
        [
          145.719,
          0.0,
          -719.258
        ]
      ]
    },
    {
      "name": "britain_windvane_rendinst",
      "tm": [
        [
          -4.37114e-8,
          0.0,
          1.0
        ],
        [
          0.0,
          1.0,
          0.0
        ],
        [
          -1.0,
          0.0,
          -4.37114e-8
        ],
        [
          82.5388,
          0.0,
          -513.023
        ]
      ]
    },
    {
      "name": "britain_windvane_rendinst",
      "tm": [
        [
          -4.37114e-8,
          0.0,
          1.0
        ],
        [
          0.0,
          1.0,
          0.0
        ],
        [
          -1.0,
          0.0,
          -4.37114e-8
        ],
        [
          -535.001,
          0.0,
          -644.189
        ]
      ]
    },
    {
      "name": "usa_tent_3",
      "tm": [
        [
          0.422618,
          0.0,
          0.906308
        ],
        [
          0.0,
          1.0,
          0.0
        ],
        [
          -0.906308,
          0.0,
          0.422618
        ],
        [
          293.45,
          0.0,
          -737.237
        ]
      ]
    },
    {
      "name": "usa_tent_5",
      "tm": [
        [
          -1.62921e-7,
          0.0,
          1.0
        ],
        [
          0.0,
          1.0,
          0.0
        ],
        [
          -1.0,
          0.0,
          -1.62921e-7
        ],
        [
          278.121,
          0.0,
          -698.335
        ]
      ]
    },
    {
      "name": "tr_village_17",
      "tm": [
        [
          0.984808,
          0.0,
          -0.173648
        ],
        [
          0.0,
          1.0,
          0.0
        ],
        [
          0.173648,
          0.0,
          0.984808
        ],
        [
          267.339,
          0.0,
          -699.811
        ]
      ]
    },
    {
      "name": "usa_tent_5",
      "tm": [
        [
          -0.0871559,
          0.0,
          0.996195
        ],
        [
          0.0,
          1.0,
          0.0
        ],
        [
          -0.996195,
          0.0,
          -0.0871559
        ],
        [
          188.813,
          0.0,
          -641.484
        ]
      ]
    },
    {
      "name": "britain_army_tent_rendinst",
      "tm": [
        [
          -4.37114e-8,
          0.0,
          1.0
        ],
        [
          0.0,
          1.0,
          0.0
        ],
        [
          -1.0,
          0.0,
          -4.37114e-8
        ],
        [
          -163.356,
          0.0,
          -566.771
        ]
      ]
    },
    {
      "name": "britain_army_tent_rendinst",
      "tm": [
        [
          -4.37114e-8,
          0.0,
          1.0
        ],
        [
          0.0,
          1.0,
          0.0
        ],
        [
          -1.0,
          0.0,
          -4.37114e-8
        ],
        [
          -170.581,
          0.0,
          -568.165
        ]
      ]
    },
    {
      "name": "usa_tent_2",
      "tm": [
        [
          -0.173648,
          0.0,
          0.984808
        ],
        [
          0.0,
          1.0,
          0.0
        ],
        [
          -0.984808,
          0.0,
          -0.173648
        ],
        [
          -341.012,
          0.0,
          -732.797
        ]
      ]
    },
    {
      "name": "usa_tent_2",
      "tm": [
        [
          -0.173648,
          0.0,
          0.984808
        ],
        [
          0.0,
          1.0,
          0.0
        ],
        [
          -0.984808,
          0.0,
          -0.173648
        ],
        [
          -342.314,
          0.0,
          -720.476
        ]
      ]
    },
    {
      "name": "usa_tent_2",
      "tm": [
        [
          -0.173648,
          0.0,
          0.984808
        ],
        [
          0.0,
          1.0,
          0.0
        ],
        [
          -0.984808,
          0.0,
          -0.173648
        ],
        [
          -351.862,
          0.0,
          -734.71
        ]
      ]
    },
    {
      "name": "usa_tent_2",
      "tm": [
        [
          -0.173648,
          0.0,
          0.984808
        ],
        [
          0.0,
          1.0,
          0.0
        ],
        [
          -0.984808,
          0.0,
          -0.173648
        ],
        [
          -353.164,
          0.0,
          -722.389
        ]
      ]
    },
    {
      "name": "tr_village_18",
      "tm": [
        [
          -0.573577,
          0.0,
          -0.819152
        ],
        [
          0.0,
          1.0,
          0.0
        ],
        [
          0.819152,
          0.0,
          -0.573577
        ],
        [
          -503.214,
          0.0,
          -628.731
        ]
      ]
    },
    {
      "name": "usa_tent_3",
      "tm": [
        [
          -0.906308,
          0.0,
          0.422618
        ],
        [
          0.0,
          1.0,
          0.0
        ],
        [
          -0.422618,
          0.0,
          -0.906308
        ],
        [
          -453.293,
          0.0,
          -589.107
        ]
      ]
    },
    {
      "name": "usa_tent_3",
      "tm": [
        [
          -0.0871557,
          0.0,
          -0.996195
        ],
        [
          0.0,
          1.0,
          0.0
        ],
        [
          0.996195,
          0.0,
          -0.0871557
        ],
        [
          -377.109,
          0.0,
          -570.601
        ]
      ]
    },
    {
      "name": "britain_tent_1_rendinst",
      "tm": [
        [
          -0.984808,
          0.0,
          0.173648
        ],
        [
          0.0,
          1.0,
          0.0
        ],
        [
          -0.173648,
          0.0,
          -0.984808
        ],
        [
          -390.545,
          0.0,
          -581.451
        ]
      ]
    },
    {
      "name": "britain_tent_1_rendinst",
      "tm": [
        [
          -0.984808,
          0.0,
          0.173648
        ],
        [
          0.0,
          1.0,
          0.0
        ],
        [
          -0.173648,
          0.0,
          -0.984808
        ],
        [
          -398.267,
          0.0,
          -580.829
        ]
      ]
    },
    {
      "name": "tr_village_18",
      "tm": [
        [
          -0.573577,
          0.0,
          -0.819152
        ],
        [
          0.0,
          1.0,
          0.0
        ],
        [
          0.819152,
          0.0,
          -0.573577
        ],
        [
          -418.642,
          0.0,
          -555.34
        ]
      ]
    },
    {
      "name": "tr_village_18",
      "tm": [
        [
          -0.573577,
          0.0,
          -0.819152
        ],
        [
          0.0,
          1.0,
          0.0
        ],
        [
          0.819152,
          0.0,
          -0.573577
        ],
        [
          -427.342,
          0.0,
          -554.005
        ]
      ]
    },
    {
      "name": "tr_village_18",
      "tm": [
        [
          -0.573577,
          0.0,
          -0.819152
        ],
        [
          0.0,
          1.0,
          0.0
        ],
        [
          0.819152,
          0.0,
          -0.573577
        ],
        [
          -584.726,
          0.0,
          -685.402
        ]
      ]
    },
    {
      "name": "tr_village_17",
      "tm": [
        [
          0.906308,
          0.0,
          -0.422618
        ],
        [
          0.0,
          1.0,
          0.0
        ],
        [
          0.422618,
          0.0,
          0.906308
        ],
        [
          273.691,
          0.0,
          -581.623
        ]
      ]
    },
    {
      "name": "tr_village_18",
      "tm": [
        [
          -0.965926,
          0.0,
          0.258819
        ],
        [
          0.0,
          1.0,
          0.0
        ],
        [
          -0.258819,
          0.0,
          -0.965926
        ],
        [
          173.368,
          0.0,
          -555.719
        ]
      ]
    },
    {
      "name": "tr_village_18",
      "tm": [
        [
          -0.965926,
          0.0,
          0.258819
        ],
        [
          0.0,
          1.0,
          0.0
        ],
        [
          -0.258819,
          0.0,
          -0.965926
        ],
        [
          192.725,
          0.0,
          -565.423
        ]
      ]
    }
  ]
}