{
  "classname": "composit",
  "size": [
    4600.0,
    5000.0
  ],
  "airfield": {
    "placeAboveTerrain": false,
    "start": [
      1600.0,
      0.0,
      15.5
    ],
    "end": [
      -2500.0,
      0.0,
      15.5
    ],
    "width": 140.0,
    "spawn": [
      [
        1130.0,
        0.0,
        15.5
      ],
      [
        1130.0,
        0.0,
        -14.5
      ],
      [
        1130.0,
        0.0,
        45.5
      ],
      [
        1100.0,
        0.0,
        15.5
      ],
      [
        1100.0,
        0.0,
        -14.5
      ],
      [
        1100.0,
        0.0,
        45.5
      ],
      [
        1070.0,
        0.0,
        15.5
      ],
      [
        1070.0,
        0.0,
        -14.5
      ],
      [
        1070.0,
        0.0,
        45.5
      ],
      [
        1040.0,
        0.0,
        15.5
      ],
      [
        1040.0,
        0.0,
        -14.5
      ],
      [
        1040.0,
        0.0,
        45.5
      ],
      [
        1030.0,
        0.0,
        15.5
      ],
      [
        1030.0,
        0.0,
        -14.5
      ],
      [
        1030.0,
        0.0,
        45.5
      ],
      [
        1000.0,
        0.0,
        15.5
      ],
      [
        1000.0,
        0.0,
        -14.5
      ],
      [
        1000.0,
        0.0,
        45.5
      ]
    ],
    "cable": [
      {
        "start": [
          1045.0,
          0.2,
          87.0
        ],
        "end": [
          1045.0,
          0.2,
          -55.0
        ]
      },
      {
        "start": [
          700.0,
          0.2,
          87.0
        ],
        "end": [
          700.0,
          0.2,
          -55.0
        ]
      },
      {
        "start": [
          310.0,
          0.2,
          87.0
        ],
        "end": [
          310.0,
          0.2,
          -55.0
        ]
      },
      {
        "start": [
          -1238.0,
          0.2,
          87.0
        ],
        "end": [
          -1238.0,
          0.2,
          -55.0
        ]
      },
      {
        "start": [
          -1579.0,
          0.2,
          87.0
        ],
        "end": [
          -1579.0,
          0.2,
          -55.0
        ]
      },
      {
        "start": [
          -1920.0,
          0.2,
          87.0
        ],
        "end": [
          -1920.0,
          0.2,
          -55.0
        ]
      }
    ],
    "repairTags": {
      "type_attack_helicopter": false,
      "type_utility_helicopter": false
    }
  },
  "bombing_zone": {
    "start": [
      -2650.0,
      0.0,
      -70.0
    ],
    "end": [
      1750.0,
      0.0,
      -70.0
    ],
    "width": 3600.0
  },
  "storage": {
    "start": [
      1020.0,
      0.0,
      -700.0
    ],
    "end": [
      560.0,
      0.0,
      -700.0
    ],
    "width": 1000.0
  },
  "parking": {
    "start": [
      -540.0,
      0.0,
      -710.0
    ],
    "end": [
      -1520.0,
      0.0,
      -710.0
    ],
    "width": 1200.0
  },
  "dwelling": {
    "start": [
      -250.0,
      0.0,
      -1100.0
    ],
    "end": [
      -950.0,
      0.0,
      -1100.0
    ],
    "width": 800.0
  },
  "node": [
    {
      "name": "ground_level",
      "tm": [
        [
          2400.0,
          0.0,
          0.0
        ],
        [
          0.0,
          200.0,
          0.0
        ],
        [
          0.0,
          0.0,
          2500.0
        ],
        [
          200.0,
          -2.0,
          0.0
        ]
      ]
    },
    {
      "name": "++NoTreesBox000",
      "tm": [
        [
          4627.23,
          0.0,
          3328.48
        ],
        [
          0.0,
          46.2,
          0.0
        ],
        [
          -1284.68,
          0.0,
          1785.95
        ],
        [
          -42.2,
          320.2,
          -141.55
        ]
      ]
    },
    {
      "name": "++NoTreesBox001",
      "tm": [
        [
          3000.0,
          0.0,
          0.0
        ],
        [
          0.0,
          46.2,
          0.0
        ],
        [
          0.0,
          0.0,
          3000.0
        ],
        [
          403.55,
          320.2,
          -566.5
        ]
      ]
    },
    {
      "name": "++NoTreesBox002",
      "tm": [
        [
          2000.0,
          0.0,
          0.0
        ],
        [
          0.0,
          46.2,
          0.0
        ],
        [
          0.0,
          0.0,
          1000.0
        ],
        [
          -1827.35,
          320.2,
          235.95
        ]
      ]
    },
    {
      "tm": [
        [
          1.0,
          0.0,
          0.0
        ],
        [
          0.0,
          1.0,
          0.0
        ],
        [
          0.0,
          0.0,
          1.0
        ],
        [
          0.0,
          0.0,
          0.0
        ]
      ],
      "name": "$%^^dynaf_archipelago_b_mesh"
    },
    {
      "tm": [
        [
          1.0,
          0.0,
          0.0
        ],
        [
          0.0,
          1.0,
          0.0
        ],
        [
          0.0,
          0.0,
          1.0
        ],
        [
          893.3,
          0.1,
          16.1
        ]
      ],
      "name": "$%aerofinisher_long"
    },
    {
      "tm": [
        [
          1.0,
          0.0,
          0.0
        ],
        [
          0.0,
          1.0,
          0.0
        ],
        [
          0.0,
          0.0,
          1.0
        ],
        [
          841.3,
          0.1,
          16.1
        ]
      ],
      "name": "$%aerofinisher_long"
    },
    {
      "tm": [
        [
          1.0,
          0.0,
          0.0
        ],
        [
          0.0,
          1.0,
          0.0
        ],
        [
          0.0,
          0.0,
          1.0
        ],
        [
          793.3,
          0.1,
          16.1
        ]
      ],
      "name": "$%aerofinisher_long"
    },
    {
      "tm": [
        [
          1.0,
          0.0,
          0.0
        ],
        [
          0.0,
          1.0,
          0.0
        ],
        [
          0.0,
          0.0,
          1.0
        ],
        [
          -1761.3,
          0.1,
          16.1
        ]
      ],
      "name": "$%aerofinisher_long"
    },
    {
      "tm": [
        [
          1.0,
          0.0,
          0.0
        ],
        [
          0.0,
          1.0,
          0.0
        ],
        [
          0.0,
          0.0,
          1.0
        ],
        [
          -1813.3,
          0.1,
          16.1
        ]
      ],
      "name": "$%aerofinisher_long"
    },
    {
      "tm": [
        [
          1.0,
          0.0,
          0.0
        ],
        [
          0.0,
          1.0,
          0.0
        ],
        [
          0.0,
          0.0,
          1.0
        ],
        [
          -1861.3,
          0.1,
          16.1
        ]
      ],
      "name": "$%aerofinisher_long"
    },
    {
      "tm": [
        [
          1.0,
          0.0,
          0.0
        ],
        [
          0.0,
          1.0,
          0.0
        ],
        [
          0.0,
          0.0,
          1.0
        ],
        [
          893.3,
          0.1,
          16.1
        ]
      ],
      "name": "$%aerofinisher_marking_b"
    },
    {
      "tm": [
        [
          1.0,
          0.0,
          0.0
        ],
        [
          0.0,
          1.0,
          0.0
        ],
        [
          0.0,
          0.0,
          1.0
        ],
        [
          -1761.3,
          0.1,
          16.1
        ]
      ],
      "name": "$%aerofinisher_marking_b"
    },
    {
      "name": "$%archipelago_b_decals",
      "tm": [
        [
          1.0,
          0.0,
          0.0
        ],
        [
          0.0,
          1.0,
          0.0
        ],
        [
          0.0,
          0.0,
          1.0
        ],
        [
          0.0,
          0.0,
          0.0
        ]
      ]
    },
    {
      "name": "inf_airport_building_service_h",
      "tm": [
        [
          -0.809,
          0.0,
          -0.5878
        ],
        [
          0.0,
          1.0,
          0.0
        ],
        [
          0.5878,
          0.0,
          -0.809
        ],
        [
          319.7507,
          -0.04,
          -431.3327
        ]
      ]
    },
    {
      "name": "airfield_barrack_a",
      "tm": [
        [
          -0.5878,
          0.0,
          0.809
        ],
        [
          0.0,
          1.0,
          0.0
        ],
        [
          -0.809,
          0.0,
          -0.5878
        ],
        [
          110.9819,
          -0.04,
          -664.7286
        ]
      ]
    },
    {
      "name": "universal_airfield_barrack_c",
      "tm": [
        [
          -0.809,
          0.0,
          -0.5878
        ],
        [
          0.0,
          1.0,
          0.0
        ],
        [
          0.5878,
          0.0,
          -0.809
        ],
        [
          100.6218,
          -0.04,
          -708.8224
        ]
      ]
    },
    {
      "name": "universal_airfield_barrack_d",
      "tm": [
        [
          -0.809,
          0.0,
          -0.5878
        ],
        [
          0.0,
          1.0,
          0.0
        ],
        [
          0.5878,
          0.0,
          -0.809
        ],
        [
          119.234,
          -0.04,
          -735.2065
        ]
      ]
    },
    {
      "name": "universal_airfield_barrack_f",
      "tm": [
        [
          -0.5878,
          0.0,
          0.809
        ],
        [
          0.0,
          1.0,
          0.0
        ],
        [
          -0.809,
          0.0,
          -0.5878
        ],
        [
          82.7913,
          -0.04,
          -684.2021
        ]
      ]
    },
    {
      "name": "inf_airport_building_service_h",
      "tm": [
        [
          0.809,
          0.0,
          0.5878
        ],
        [
          0.0,
          1.0,
          0.0
        ],
        [
          -0.5878,
          0.0,
          0.809
        ],
        [
          174.8051,
          -0.04,
          -751.6346
        ]
      ]
    },
    {
      "name": "airfield_barrack_a",
      "tm": [
        [
          0.809,
          0.0,
          0.5878
        ],
        [
          0.0,
          1.0,
          0.0
        ],
        [
          -0.5878,
          0.0,
          0.809
        ],
        [
          204.2295,
          -0.04,
          -720.8875
        ]
      ]
    },
    {
      "name": "inf_airport_building_1_floors_b",
      "tm": [
        [
          -0.5878,
          0.0,
          0.809
        ],
        [
          0.0,
          1.0,
          0.0
        ],
        [
          -0.809,
          0.0,
          -0.5878
        ],
        [
          132.7476,
          -0.04,
          -683.9742
        ]
      ]
    },
    {
      "name": "universal_airfield_fuel_box_a",
      "tm": [
        [
          0.5878,
          0.0,
          -0.809
        ],
        [
          0.0,
          1.0,
          0.0
        ],
        [
          0.809,
          0.0,
          0.5878
        ],
        [
          122.5418,
          -0.04,
          -687.0378
        ]
      ]
    },
    {
      "name": "universal_airfield_barrack_b",
      "tm": [
        [
          0.5878,
          0.0,
          -0.809
        ],
        [
          0.0,
          1.0,
          0.0
        ],
        [
          0.809,
          0.0,
          0.5878
        ],
        [
          202.4965,
          -0.04,
          -831.3025
        ]
      ]
    },
    {
      "name": "inf_airport_building_1_floors_b",
      "tm": [
        [
          0.809,
          0.0,
          0.5878
        ],
        [
          0.0,
          1.0,
          0.0
        ],
        [
          -0.5878,
          0.0,
          0.809
        ],
        [
          184.0764,
          -0.04,
          -694.2516
        ]
      ]
    },
    {
      "name": "air_hangar_field_building_a",
      "tm": [
        [
          -0.809,
          0.0,
          -0.5878
        ],
        [
          0.0,
          1.0,
          0.0
        ],
        [
          0.5878,
          0.0,
          -0.809
        ],
        [
          144.3926,
          -0.04,
          -767.9811
        ]
      ]
    },
    {
      "name": "air_port_building_service_a_part_a",
      "tm": [
        [
          -0.809,
          0.0,
          -0.5878
        ],
        [
          0.0,
          1.0,
          0.0
        ],
        [
          0.5878,
          0.0,
          -0.809
        ],
        [
          172.6379,
          -0.04,
          -804.5046
        ]
      ]
    },
    {
      "name": "inf_airport_building_straddle_carriers_service_b",
      "tm": [
        [
          -0.6104,
          0.0,
          0.7921
        ],
        [
          0.0,
          1.0,
          0.0
        ],
        [
          -0.7921,
          0.0,
          -0.6104
        ],
        [
          -69.7746,
          -0.04,
          -813.2756
        ]
      ]
    },
    {
      "name": "inf_airport_building_straddle_carriers_service_b",
      "tm": [
        [
          -0.6104,
          0.0,
          0.7921
        ],
        [
          0.0,
          1.0,
          0.0
        ],
        [
          -0.7921,
          0.0,
          -0.6104
        ],
        [
          -137.3722,
          -0.04,
          -725.6832
        ]
      ]
    },
    {
      "name": "universal_airfield_hangar_g",
      "tm": [
        [
          0.7921,
          0.0,
          0.6104
        ],
        [
          0.0,
          1.0,
          0.0
        ],
        [
          -0.6104,
          0.0,
          0.7921
        ],
        [
          -135.0226,
          -0.04,
          -793.7513
        ]
      ]
    },
    {
      "name": "air_hangar_field_tower_c",
      "tm": [
        [
          -0.7921,
          0.0,
          -0.6104
        ],
        [
          0.0,
          1.0,
          0.0
        ],
        [
          0.6104,
          0.0,
          -0.7921
        ],
        [
          -105.9929,
          -0.04,
          -797.196
        ]
      ]
    },
    {
      "name": "universal_airfield_fence_a",
      "tm": [
        [
          0.809,
          0.0,
          0.5878
        ],
        [
          0.0,
          1.0,
          0.0
        ],
        [
          -0.5878,
          0.0,
          0.809
        ],
        [
          119.1476,
          -0.04,
          -644.2867
        ]
      ]
    },
    {
      "name": "universal_airfield_fence_column_a",
      "tm": [
        [
          0.809,
          0.0,
          0.5878
        ],
        [
          0.0,
          1.0,
          0.0
        ],
        [
          -0.5878,
          0.0,
          0.809
        ],
        [
          117.6583,
          -0.04,
          -645.3687
        ]
      ]
    },
    {
      "name": "universal_airfield_gate_a",
      "tm": [
        [
          0.809,
          0.0,
          0.5878
        ],
        [
          0.0,
          1.0,
          0.0
        ],
        [
          -0.5878,
          0.0,
          0.809
        ],
        [
          122.3165,
          -0.04,
          -641.9897
        ]
      ]
    },
    {
      "name": "universal_airfield_fence_a",
      "tm": [
        [
          0.809,
          0.0,
          0.5878
        ],
        [
          0.0,
          1.0,
          0.0
        ],
        [
          -0.5878,
          0.0,
          0.809
        ],
        [
          116.1691,
          -0.04,
          -646.4493
        ]
      ]
    },
    {
      "name": "universal_airfield_fence_column_a",
      "tm": [
        [
          0.809,
          0.0,
          0.5878
        ],
        [
          0.0,
          1.0,
          0.0
        ],
        [
          -0.5878,
          0.0,
          0.809
        ],
        [
          114.6799,
          -0.04,
          -647.5312
        ]
      ]
    },
    {
      "name": "universal_airfield_fence_a",
      "tm": [
        [
          0.809,
          0.0,
          0.5878
        ],
        [
          0.0,
          1.0,
          0.0
        ],
        [
          -0.5878,
          0.0,
          0.809
        ],
        [
          113.191,
          -0.04,
          -648.6141
        ]
      ]
    },
    {
      "name": "universal_airfield_fence_column_a",
      "tm": [
        [
          0.809,
          0.0,
          0.5878
        ],
        [
          0.0,
          1.0,
          0.0
        ],
        [
          -0.5878,
          0.0,
          0.809
        ],
        [
          111.7017,
          -0.04,
          -649.6963
        ]
      ]
    },
    {
      "name": "universal_airfield_fence_a",
      "tm": [
        [
          0.809,
          0.0,
          0.5878
        ],
        [
          0.0,
          1.0,
          0.0
        ],
        [
          -0.5878,
          0.0,
          0.809
        ],
        [
          110.2125,
          -0.04,
          -650.777
        ]
      ]
    },
    {
      "name": "universal_airfield_fence_column_a",
      "tm": [
        [
          0.809,
          0.0,
          0.5878
        ],
        [
          0.0,
          1.0,
          0.0
        ],
        [
          -0.5878,
          0.0,
          0.809
        ],
        [
          108.7233,
          -0.04,
          -651.8589
        ]
      ]
    },
    {
      "name": "universal_airfield_fence_a",
      "tm": [
        [
          0.809,
          0.0,
          0.5878
        ],
        [
          0.0,
          1.0,
          0.0
        ],
        [
          -0.5878,
          0.0,
          0.809
        ],
        [
          107.2373,
          -0.04,
          -652.9374
        ]
      ]
    },
    {
      "name": "universal_airfield_fence_column_a",
      "tm": [
        [
          0.809,
          0.0,
          0.5878
        ],
        [
          0.0,
          1.0,
          0.0
        ],
        [
          -0.5878,
          0.0,
          0.809
        ],
        [
          105.7481,
          -0.04,
          -654.0196
        ]
      ]
    },
    {
      "name": "universal_airfield_fence_a",
      "tm": [
        [
          0.809,
          0.0,
          0.5878
        ],
        [
          0.0,
          1.0,
          0.0
        ],
        [
          -0.5878,
          0.0,
          0.809
        ],
        [
          104.2588,
          -0.04,
          -655.1
        ]
      ]
    },
    {
      "name": "universal_airfield_fence_column_a",
      "tm": [
        [
          0.809,
          0.0,
          0.5878
        ],
        [
          0.0,
          1.0,
          0.0
        ],
        [
          -0.5878,
          0.0,
          0.809
        ],
        [
          102.7696,
          -0.04,
          -656.1822
        ]
      ]
    },
    {
      "name": "universal_airfield_fence_a",
      "tm": [
        [
          0.809,
          0.0,
          0.5878
        ],
        [
          0.0,
          1.0,
          0.0
        ],
        [
          -0.5878,
          0.0,
          0.809
        ],
        [
          101.2807,
          -0.04,
          -657.2651
        ]
      ]
    },
    {
      "name": "universal_airfield_fence_column_a",
      "tm": [
        [
          0.809,
          0.0,
          0.5878
        ],
        [
          0.0,
          1.0,
          0.0
        ],
        [
          -0.5878,
          0.0,
          0.809
        ],
        [
          99.7915,
          -0.04,
          -658.347
        ]
      ]
    },
    {
      "name": "universal_airfield_fence_a",
      "tm": [
        [
          0.809,
          0.0,
          0.5878
        ],
        [
          0.0,
          1.0,
          0.0
        ],
        [
          -0.5878,
          0.0,
          0.809
        ],
        [
          98.3022,
          -0.04,
          -659.4277
        ]
      ]
    },
    {
      "name": "universal_airfield_fence_column_a",
      "tm": [
        [
          0.809,
          0.0,
          0.5878
        ],
        [
          0.0,
          1.0,
          0.0
        ],
        [
          -0.5878,
          0.0,
          0.809
        ],
        [
          96.813,
          -0.04,
          -660.5099
        ]
      ]
    },
    {
      "name": "universal_airfield_fence_a",
      "tm": [
        [
          0.809,
          0.0,
          0.5878
        ],
        [
          0.0,
          1.0,
          0.0
        ],
        [
          -0.5878,
          0.0,
          0.809
        ],
        [
          95.3239,
          -0.04,
          -661.5909
        ]
      ]
    },
    {
      "name": "universal_airfield_fence_column_a",
      "tm": [
        [
          0.809,
          0.0,
          0.5878
        ],
        [
          0.0,
          1.0,
          0.0
        ],
        [
          -0.5878,
          0.0,
          0.809
        ],
        [
          93.8346,
          -0.04,
          -662.6729
        ]
      ]
    },
    {
      "name": "universal_airfield_fence_a",
      "tm": [
        [
          0.809,
          0.0,
          0.5878
        ],
        [
          0.0,
          1.0,
          0.0
        ],
        [
          -0.5878,
          0.0,
          0.809
        ],
        [
          92.3454,
          -0.04,
          -663.7535
        ]
      ]
    },
    {
      "name": "universal_airfield_fence_column_a",
      "tm": [
        [
          0.809,
          0.0,
          0.5878
        ],
        [
          0.0,
          1.0,
          0.0
        ],
        [
          -0.5878,
          0.0,
          0.809
        ],
        [
          90.8562,
          -0.04,
          -664.8354
        ]
      ]
    },
    {
      "name": "universal_airfield_fence_a",
      "tm": [
        [
          0.809,
          0.0,
          0.5878
        ],
        [
          0.0,
          1.0,
          0.0
        ],
        [
          -0.5878,
          0.0,
          0.809
        ],
        [
          89.3673,
          -0.04,
          -665.9183
        ]
      ]
    },
    {
      "name": "universal_airfield_fence_column_a",
      "tm": [
        [
          0.809,
          0.0,
          0.5878
        ],
        [
          0.0,
          1.0,
          0.0
        ],
        [
          -0.5878,
          0.0,
          0.809
        ],
        [
          87.878,
          -0.04,
          -667.0005
        ]
      ]
    },
    {
      "name": "universal_airfield_fence_a",
      "tm": [
        [
          0.809,
          0.0,
          0.5878
        ],
        [
          0.0,
          1.0,
          0.0
        ],
        [
          -0.5878,
          0.0,
          0.809
        ],
        [
          86.3888,
          -0.04,
          -668.0812
        ]
      ]
    },
    {
      "name": "universal_airfield_fence_column_a",
      "tm": [
        [
          0.809,
          0.0,
          0.5878
        ],
        [
          0.0,
          1.0,
          0.0
        ],
        [
          -0.5878,
          0.0,
          0.809
        ],
        [
          84.8996,
          -0.04,
          -669.1631
        ]
      ]
    },
    {
      "name": "universal_airfield_fence_a",
      "tm": [
        [
          0.809,
          0.0,
          0.5878
        ],
        [
          0.0,
          1.0,
          0.0
        ],
        [
          -0.5878,
          0.0,
          0.809
        ],
        [
          83.4136,
          -0.04,
          -670.2416
        ]
      ]
    },
    {
      "name": "universal_airfield_fence_column_a",
      "tm": [
        [
          0.809,
          0.0,
          0.5878
        ],
        [
          0.0,
          1.0,
          0.0
        ],
        [
          -0.5878,
          0.0,
          0.809
        ],
        [
          81.9244,
          -0.04,
          -671.3238
        ]
      ]
    },
    {
      "name": "universal_airfield_fence_a",
      "tm": [
        [
          0.809,
          0.0,
          0.5878
        ],
        [
          0.0,
          1.0,
          0.0
        ],
        [
          -0.5878,
          0.0,
          0.809
        ],
        [
          80.4351,
          -0.04,
          -672.4042
        ]
      ]
    },
    {
      "name": "universal_airfield_fence_column_a",
      "tm": [
        [
          0.809,
          0.0,
          0.5878
        ],
        [
          0.0,
          1.0,
          0.0
        ],
        [
          -0.5878,
          0.0,
          0.809
        ],
        [
          78.9459,
          -0.04,
          -673.4864
        ]
      ]
    },
    {
      "name": "universal_airfield_fence_a",
      "tm": [
        [
          0.809,
          0.0,
          0.5878
        ],
        [
          0.0,
          1.0,
          0.0
        ],
        [
          -0.5878,
          0.0,
          0.809
        ],
        [
          77.457,
          -0.04,
          -674.5692
        ]
      ]
    },
    {
      "name": "universal_airfield_fence_column_a",
      "tm": [
        [
          0.809,
          0.0,
          0.5878
        ],
        [
          0.0,
          1.0,
          0.0
        ],
        [
          -0.5878,
          0.0,
          0.809
        ],
        [
          75.9678,
          -0.04,
          -675.6512
        ]
      ]
    },
    {
      "name": "universal_airfield_fence_a",
      "tm": [
        [
          0.809,
          0.0,
          0.5878
        ],
        [
          0.0,
          1.0,
          0.0
        ],
        [
          -0.5878,
          0.0,
          0.809
        ],
        [
          74.4785,
          -0.04,
          -676.7319
        ]
      ]
    },
    {
      "name": "universal_airfield_fence_column_a",
      "tm": [
        [
          0.809,
          0.0,
          0.5878
        ],
        [
          0.0,
          1.0,
          0.0
        ],
        [
          -0.5878,
          0.0,
          0.809
        ],
        [
          72.9893,
          -0.04,
          -677.8141
        ]
      ]
    },
    {
      "name": "universal_airfield_fence_a",
      "tm": [
        [
          0.809,
          0.0,
          0.5878
        ],
        [
          0.0,
          1.0,
          0.0
        ],
        [
          -0.5878,
          0.0,
          0.809
        ],
        [
          71.4972,
          -0.04,
          -678.8984
        ]
      ]
    },
    {
      "name": "universal_airfield_fence_column_a",
      "tm": [
        [
          0.809,
          0.0,
          0.5878
        ],
        [
          0.0,
          1.0,
          0.0
        ],
        [
          -0.5878,
          0.0,
          0.809
        ],
        [
          70.0079,
          -0.04,
          -679.9806
        ]
      ]
    },
    {
      "name": "universal_airfield_fence_a",
      "tm": [
        [
          0.809,
          0.0,
          0.5878
        ],
        [
          0.0,
          1.0,
          0.0
        ],
        [
          -0.5878,
          0.0,
          0.809
        ],
        [
          68.5187,
          -0.04,
          -681.061
        ]
      ]
    },
    {
      "name": "universal_airfield_fence_column_a",
      "tm": [
        [
          0.809,
          0.0,
          0.5878
        ],
        [
          0.0,
          1.0,
          0.0
        ],
        [
          -0.5878,
          0.0,
          0.809
        ],
        [
          67.0294,
          -0.04,
          -682.1432
        ]
      ]
    },
    {
      "name": "universal_airfield_fence_a",
      "tm": [
        [
          0.809,
          0.0,
          0.5878
        ],
        [
          0.0,
          1.0,
          0.0
        ],
        [
          -0.5878,
          0.0,
          0.809
        ],
        [
          65.5406,
          -0.04,
          -683.226
        ]
      ]
    },
    {
      "name": "universal_airfield_fence_column_a",
      "tm": [
        [
          0.809,
          0.0,
          0.5878
        ],
        [
          0.0,
          1.0,
          0.0
        ],
        [
          -0.5878,
          0.0,
          0.809
        ],
        [
          64.0513,
          -0.04,
          -684.308
        ]
      ]
    },
    {
      "name": "universal_airfield_fence_a",
      "tm": [
        [
          0.809,
          0.0,
          0.5878
        ],
        [
          0.0,
          1.0,
          0.0
        ],
        [
          -0.5878,
          0.0,
          0.809
        ],
        [
          62.5621,
          -0.04,
          -685.3887
        ]
      ]
    },
    {
      "name": "universal_airfield_fence_column_a",
      "tm": [
        [
          0.809,
          0.0,
          0.5878
        ],
        [
          0.0,
          1.0,
          0.0
        ],
        [
          -0.5878,
          0.0,
          0.809
        ],
        [
          61.0728,
          -0.04,
          -686.4709
        ]
      ]
    },
    {
      "name": "universal_airfield_fence_a",
      "tm": [
        [
          -0.5878,
          0.0,
          0.809
        ],
        [
          0.0,
          1.0,
          0.0
        ],
        [
          -0.809,
          0.0,
          -0.5878
        ],
        [
          62.1544,
          -0.04,
          -687.9609
        ]
      ]
    },
    {
      "name": "universal_airfield_fence_column_a",
      "tm": [
        [
          -0.5878,
          0.0,
          0.809
        ],
        [
          0.0,
          1.0,
          0.0
        ],
        [
          -0.809,
          0.0,
          -0.5878
        ],
        [
          63.2365,
          -0.04,
          -689.4504
        ]
      ]
    },
    {
      "name": "universal_airfield_fence_a",
      "tm": [
        [
          -0.5878,
          0.0,
          0.809
        ],
        [
          0.0,
          1.0,
          0.0
        ],
        [
          -0.809,
          0.0,
          -0.5878
        ],
        [
          64.317,
          -0.04,
          -690.9395
        ]
      ]
    },
    {
      "name": "universal_airfield_fence_column_a",
      "tm": [
        [
          -0.5878,
          0.0,
          0.809
        ],
        [
          0.0,
          1.0,
          0.0
        ],
        [
          -0.809,
          0.0,
          -0.5878
        ],
        [
          65.3991,
          -0.04,
          -692.4286
        ]
      ]
    },
    {
      "name": "universal_airfield_fence_a",
      "tm": [
        [
          -0.5878,
          0.0,
          0.809
        ],
        [
          0.0,
          1.0,
          0.0
        ],
        [
          -0.809,
          0.0,
          -0.5878
        ],
        [
          66.482,
          -0.04,
          -693.9175
        ]
      ]
    },
    {
      "name": "universal_airfield_fence_column_a",
      "tm": [
        [
          -0.5878,
          0.0,
          0.809
        ],
        [
          0.0,
          1.0,
          0.0
        ],
        [
          -0.809,
          0.0,
          -0.5878
        ],
        [
          67.5641,
          -0.04,
          -695.4067
        ]
      ]
    },
    {
      "name": "universal_airfield_fence_a",
      "tm": [
        [
          -0.5878,
          0.0,
          0.809
        ],
        [
          0.0,
          1.0,
          0.0
        ],
        [
          -0.809,
          0.0,
          -0.5878
        ],
        [
          68.6447,
          -0.04,
          -696.8962
        ]
      ]
    },
    {
      "name": "universal_airfield_fence_column_a",
      "tm": [
        [
          -0.5878,
          0.0,
          0.809
        ],
        [
          0.0,
          1.0,
          0.0
        ],
        [
          -0.809,
          0.0,
          -0.5878
        ],
        [
          69.7268,
          -0.04,
          -698.3854
        ]
      ]
    },
    {
      "name": "universal_airfield_fence_a",
      "tm": [
        [
          -0.5878,
          0.0,
          0.809
        ],
        [
          0.0,
          1.0,
          0.0
        ],
        [
          -0.809,
          0.0,
          -0.5878
        ],
        [
          70.8092,
          -0.04,
          -699.8755
        ]
      ]
    },
    {
      "name": "universal_airfield_fence_column_a",
      "tm": [
        [
          -0.5878,
          0.0,
          0.809
        ],
        [
          0.0,
          1.0,
          0.0
        ],
        [
          -0.809,
          0.0,
          -0.5878
        ],
        [
          71.8913,
          -0.04,
          -701.3647
        ]
      ]
    },
    {
      "name": "universal_airfield_fence_a",
      "tm": [
        [
          -0.5878,
          0.0,
          0.809
        ],
        [
          0.0,
          1.0,
          0.0
        ],
        [
          -0.809,
          0.0,
          -0.5878
        ],
        [
          72.9719,
          -0.04,
          -702.8542
        ]
      ]
    },
    {
      "name": "universal_airfield_fence_column_a",
      "tm": [
        [
          -0.5878,
          0.0,
          0.809
        ],
        [
          0.0,
          1.0,
          0.0
        ],
        [
          -0.809,
          0.0,
          -0.5878
        ],
        [
          74.054,
          -0.04,
          -704.3434
        ]
      ]
    },
    {
      "name": "universal_airfield_fence_a",
      "tm": [
        [
          -0.5878,
          0.0,
          0.809
        ],
        [
          0.0,
          1.0,
          0.0
        ],
        [
          -0.809,
          0.0,
          -0.5878
        ],
        [
          75.1369,
          -0.04,
          -705.8323
        ]
      ]
    },
    {
      "name": "universal_airfield_fence_column_a",
      "tm": [
        [
          -0.5878,
          0.0,
          0.809
        ],
        [
          0.0,
          1.0,
          0.0
        ],
        [
          -0.809,
          0.0,
          -0.5878
        ],
        [
          76.219,
          -0.04,
          -707.3213
        ]
      ]
    },
    {
      "name": "universal_airfield_fence_a",
      "tm": [
        [
          -0.5878,
          0.0,
          0.809
        ],
        [
          0.0,
          1.0,
          0.0
        ],
        [
          -0.809,
          0.0,
          -0.5878
        ],
        [
          77.2995,
          -0.04,
          -708.8108
        ]
      ]
    },
    {
      "name": "universal_airfield_fence_column_a",
      "tm": [
        [
          -0.5878,
          0.0,
          0.809
        ],
        [
          0.0,
          1.0,
          0.0
        ],
        [
          -0.809,
          0.0,
          -0.5878
        ],
        [
          78.3816,
          -0.04,
          -710.3
        ]
      ]
    },
    {
      "name": "universal_airfield_fence_a",
      "tm": [
        [
          -0.5878,
          0.0,
          0.809
        ],
        [
          0.0,
          1.0,
          0.0
        ],
        [
          -0.809,
          0.0,
          -0.5878
        ],
        [
          79.46,
          -0.04,
          -711.7859
        ]
      ]
    },
    {
      "name": "universal_airfield_fence_column_a",
      "tm": [
        [
          -0.5878,
          0.0,
          0.809
        ],
        [
          0.0,
          1.0,
          0.0
        ],
        [
          -0.809,
          0.0,
          -0.5878
        ],
        [
          80.5421,
          -0.04,
          -713.2751
        ]
      ]
    },
    {
      "name": "universal_airfield_fence_a",
      "tm": [
        [
          -0.5878,
          0.0,
          0.809
        ],
        [
          0.0,
          1.0,
          0.0
        ],
        [
          -0.809,
          0.0,
          -0.5878
        ],
        [
          81.6227,
          -0.04,
          -714.7643
        ]
      ]
    },
    {
      "name": "universal_airfield_fence_column_a",
      "tm": [
        [
          -0.5878,
          0.0,
          0.809
        ],
        [
          0.0,
          1.0,
          0.0
        ],
        [
          -0.809,
          0.0,
          -0.5878
        ],
        [
          82.7048,
          -0.04,
          -716.2535
        ]
      ]
    },
    {
      "name": "universal_airfield_fence_a",
      "tm": [
        [
          -0.5878,
          0.0,
          0.809
        ],
        [
          0.0,
          1.0,
          0.0
        ],
        [
          -0.809,
          0.0,
          -0.5878
        ],
        [
          83.7877,
          -0.04,
          -717.7425
        ]
      ]
    },
    {
      "name": "universal_airfield_fence_column_a",
      "tm": [
        [
          -0.5878,
          0.0,
          0.809
        ],
        [
          0.0,
          1.0,
          0.0
        ],
        [
          -0.809,
          0.0,
          -0.5878
        ],
        [
          84.8698,
          -0.04,
          -719.2317
        ]
      ]
    },
    {
      "name": "universal_airfield_fence_a",
      "tm": [
        [
          -0.5878,
          0.0,
          0.809
        ],
        [
          0.0,
          1.0,
          0.0
        ],
        [
          -0.809,
          0.0,
          -0.5878
        ],
        [
          85.9503,
          -0.04,
          -720.7209
        ]
      ]
    },
    {
      "name": "universal_airfield_fence_column_a",
      "tm": [
        [
          -0.5878,
          0.0,
          0.809
        ],
        [
          0.0,
          1.0,
          0.0
        ],
        [
          -0.809,
          0.0,
          -0.5878
        ],
        [
          87.0324,
          -0.04,
          -722.2101
        ]
      ]
    },
    {
      "name": "universal_airfield_fence_a",
      "tm": [
        [
          -0.5878,
          0.0,
          0.809
        ],
        [
          0.0,
          1.0,
          0.0
        ],
        [
          -0.809,
          0.0,
          -0.5878
        ],
        [
          88.1134,
          -0.04,
          -723.6993
        ]
      ]
    },
    {
      "name": "universal_airfield_fence_column_a",
      "tm": [
        [
          -0.5878,
          0.0,
          0.809
        ],
        [
          0.0,
          1.0,
          0.0
        ],
        [
          -0.809,
          0.0,
          -0.5878
        ],
        [
          89.1955,
          -0.04,
          -725.1885
        ]
      ]
    },
    {
      "name": "universal_airfield_fence_a",
      "tm": [
        [
          -0.5878,
          0.0,
          0.809
        ],
        [
          0.0,
          1.0,
          0.0
        ],
        [
          -0.809,
          0.0,
          -0.5878
        ],
        [
          90.2761,
          -0.04,
          -726.6777
        ]
      ]
    },
    {
      "name": "universal_airfield_fence_column_a",
      "tm": [
        [
          -0.5878,
          0.0,
          0.809
        ],
        [
          0.0,
          1.0,
          0.0
        ],
        [
          -0.809,
          0.0,
          -0.5878
        ],
        [
          91.3582,
          -0.04,
          -728.1672
        ]
      ]
    },
    {
      "name": "universal_airfield_fence_a",
      "tm": [
        [
          -0.5878,
          0.0,
          0.809
        ],
        [
          0.0,
          1.0,
          0.0
        ],
        [
          -0.809,
          0.0,
          -0.5878
        ],
        [
          92.4411,
          -0.04,
          -729.6559
        ]
      ]
    },
    {
      "name": "universal_airfield_fence_column_a",
      "tm": [
        [
          -0.5878,
          0.0,
          0.809
        ],
        [
          0.0,
          1.0,
          0.0
        ],
        [
          -0.809,
          0.0,
          -0.5878
        ],
        [
