[
  {
    "className": "composit"
  },
  {
    "size": [1024.0,256.0]
  },
  {
    "airfield": [
      {
        "start": [1141.0,0.0,0.0]
      },
      {
        "end": [-939.0,0.0,0.0]
      },
      {
        "width": 210.0
      },
      {
        "spawn": [946.0,0.0,-6.0]
      },
      {
        "spawn": [959.0,0.0,6.0]
      },
      {
        "spawn": [971.0,0.0,-6.0]
      },
      {
        "spawn": [984.0,0.0,6.0]
      },
      {
        "spawn": [995.0,0.0,-6.0]
      },
      {
        "spawn": [1008.0,0.0,6.0]
      },
      {
        "spawn": [1019.0,0.0,-6.0]
      },
      {
        "spawn": [1032.0,0.0,6.0]
      },
      {
        "spawn": [1043.0,0.0,-6.0]
      },
      {
        "spawn": [1057.0,0.0,6.0]
      },
      {
        "spawn": [1068.0,0.0,-6.0]
      },
      {
        "spawn": [1081.0,0.0,6.0]
      },
      {
        "spawn": [1092.0,0.0,-6.0]
      },
      {
        "spawn": [1105.0,0.0,6.0]
      },
      {
        "spawn": [1117.0,0.0,-6.0]
      },
      {
        "spawn": [1130.0,0.0,6.0]
      },
      {
        "repairTags": {
          "type_attack_helicopter": false,
          "type_utility_helicopter": false
        }
      }
    ]
  },
  {
    "node": {
      "name": "^^dynaf_korea_2k_mesh",
      "tm": [
        [1.0,0.0,0.0],
        [0.0,1.0,0.0],
        [0.0,0.0,1.0],
        [0.0,3.0,-2.08201e-06]
      ]
    }
  },
  {
    "node": {
      "name": "+NoTreesBox001",
      "tm": [
        [2100.0,0.0,0.0],
        [0.0,15.0,0.0],
        [0.0,0.0,340.0],
        [0.0,0.0,-131.0]
      ]
    }
  },
  {
    "node": {
      "name": "us_mbase_hangar2",
      "tm": [
        [-0.0135847,0.0,-0.999908],
        [0.0,1.0,0.0],
        [0.999908,0.0,-0.0135847],
        [923.221,0.00521219,-314.697]
      ]
    }
  },
  {
    "node": {
      "name": "china_korea_hangar_01",
      "tm": [
        [1.6579,0.0,0.0],
        [0.0,1.6579,0.0],
        [0.0,0.0,1.6579],
        [1054.11,0.00522745,-286.504]
      ]
    }
  },
  {
    "node": {
      "name": "china_korea_hangar_02",
      "tm": [
        [1.71595,0.0,0.0],
        [0.0,1.71595,0.0],
        [0.0,0.0,1.71595],
        [1019.53,0.00522745,-290.191]
      ]
    }
  },
  {
    "node": {
      "name": "china_korea_hangar_03",
      "tm": [
        [1.48274,0.0,0.0],
        [0.0,1.48274,0.0],
        [0.0,0.0,1.48274],
        [956.585,0.00522745,-347.861]
      ]
    }
  },
  {
    "node": {
      "name": "ruhr_factory_building_11",
      "tm": [
        [1.0,0.0,0.0],
        [0.0,1.0,0.0],
        [0.0,0.0,1.0],
        [858.2,0.00522745,-294.997]
      ]
    }
  },
  {
    "node": {
      "name": "china_korea_hangar_01",
      "tm": [
        [1.6579,0.0,0.0],
        [0.0,1.6579,0.0],
        [0.0,0.0,1.6579],
        [1089.01,0.00522745,-286.504]
      ]
    }
  },
  {
    "node": {
      "name": "jpn_hangar2",
      "tm": [
        [-0.0500046,0.0,0.998749],
        [0.0,1.0,0.0],
        [-0.998749,0.0,-0.0500046],
        [770.318,0.00522745,-309.191]
      ]
    }
  },
  {
    "node": {
      "name": "china_korea_hangar_02",
      "tm": [
        [1.71595,0.0,0.0],
        [0.0,1.71595,0.0],
        [0.0,0.0,1.71595],
        [985.299,0.00522745,-290.191]
      ]
    }
  },
  {
    "node": {
      "name": "us_mbase_hangar2",
      "tm": [
        [-0.0135847,0.0,-0.999908],
        [0.0,1.0,0.0],
        [0.999908,0.0,-0.0135847],
        [455.487,0.00521219,-277.063]
      ]
    }
  },
  {
    "node": {
      "name": "us_mbase_hangar2",
      "tm": [
        [-0.0135847,0.0,-0.999908],
        [0.0,1.0,0.0],
        [0.999908,0.0,-0.0135847],
        [413.969,0.00521219,-277.063]
      ]
    }
  },
  {
    "node": {
      "name": "us_mbase_hangar2",
      "tm": [
        [-0.0135847,0.0,-0.999908],
        [0.0,1.0,0.0],
        [0.999908,0.0,-0.0135847],
        [379.608,0.00521219,-277.063]
      ]
    }
  },
  {
    "node": {
      "name": "us_mbase_hangar2",
      "tm": [
        [-0.0135847,0.0,-0.999908],
        [0.0,1.0,0.0],
        [0.999908,0.0,-0.0135847],
        [345.202,0.00521219,-277.063]
      ]
    }
  },
  {
    "node": {
      "name": "china_korea_hangar_01",
      "tm": [
        [0.918955,0.0,1.37991],
        [0.0,1.6579,0.0],
        [-1.37991,0.0,0.918955],
        [305.093,0.00522745,-299.332]
      ]
    }
  },
  {
    "node": {
      "name": "china_korea_hangar_01",
      "tm": [
        [0.918955,0.0,1.37991],
        [0.0,1.6579,0.0],
        [-1.37991,0.0,0.918955],
        [289.221,0.00522745,-323.166]
      ]
    }
  },
  {
    "node": {
      "name": "china_korea_hangar_01",
      "tm": [
        [0.877842,0.0,1.40642],
        [0.0,1.6579,0.0],
        [-1.40642,0.0,0.877842],
        [271.637,0.00522745,-349.57]
      ]
    }
  },
  {
    "node": {
      "name": "china_korea_hangar_01",
      "tm": [
        [0.877842,0.0,1.40642],
        [0.0,1.6579,0.0],
        [-1.40642,0.0,0.877842],
        [252.817,0.00522745,-379.722]
      ]
    }
  },
  {
    "node": {
      "name": "jpn_radio_station",
      "tm": [
        [0.914967,0.0,0.40353],
        [0.0,1.0,0.0],
        [-0.40353,0.0,0.914967],
        [80.8789,0.00522745,-262.096]
      ]
    }
  },
  {
    "node": {
      "name": "china_korea_hangar_03",
      "tm": [
        [1.48274,0.0,0.0],
        [0.0,1.48274,0.0],
        [0.0,0.0,1.48274],
        [967.869,0.00522745,-347.861]
      ]
    }
  },
  {
    "node": {
      "name": "china_korea_hangar_03",
      "tm": [
        [1.48274,0.0,0.0],
        [0.0,1.48274,0.0],
        [0.0,0.0,1.48274],
        [979.154,0.00522745,-347.861]
      ]
    }
  },
  {
    "node": {
      "name": "small_airfield_obj_tower",
      "tm": [
        [0.00611678,0.0,-0.999981],
        [0.0,1.0,0.0],
        [0.999981,0.0,0.00611678],
        [-885.055,-0.104308,141.525]
      ]
    }
  },
  {
    "node": {
      "name": "china_korea_tent_01",
      "tm": [
        [1.0,0.0,0.0],
        [0.0,1.0,0.0],
        [0.0,0.0,1.0],
        [-893.271,0.00522745,141.127]
      ]
    }
  },
  {
    "node": {
      "name": "china_korea_tent_01",
      "tm": [
        [1.0,0.0,0.0],
        [0.0,1.0,0.0],
        [0.0,0.0,1.0],
        [-512.388,0.00522745,-170.393]
      ]
    }
  },
  {
    "node": {
      "name": "china_korea_tent_01",
      "tm": [
        [1.0,0.0,0.0],
        [0.0,1.0,0.0],
        [0.0,0.0,1.0],
        [436.497,0.00522745,-251.513]
      ]
    }
  },
  {
    "node": {
      "name": "jpn_water_tank",
      "tm": [
        [1.0,0.0,0.0],
        [0.0,1.0,0.0],
        [0.0,0.0,1.0],
        [119.496,0.00522745,-207.416]
      ]
    }
  },
  {
    "node": {
      "name": "jpn_power_plant",
      "tm": [
        [0.999991,0.0,0.00414823],
        [0.0,1.0,0.0],
        [-0.00414823,0.0,0.999991],
        [-504.576,0.00522745,-169.13]
      ]
    }
  },
  {
    "node": {
      "name": "jpn_power_plant",
      "tm": [
        [0.999991,0.0,0.00414823],
        [0.0,1.0,0.0],
        [-0.00414823,0.0,0.999991],
        [948.204,0.00522745,-199.716]
      ]
    }
  },
  {
    "node": {
      "name": "jpn_power_plant",
      "tm": [
        [0.885175,0.0,0.465258],
        [0.0,1.0,0.0],
        [-0.465258,0.0,0.885175],
        [90.087,0.00522745,-218.322]
      ]
    }
  },
  {
    "node": {
      "name": "us_mbase_control_tower2",
      "tm": [
        [-0.0103232,0.0,0.999947],
        [0.0,1.0,0.0],
        [-0.999947,0.0,-0.0103232],
        [-864.68,0.00522745,142.078]
      ]
    }
  },
  {
    "node": {
      "name": "jpn_officiers_build_2",
      "tm": [
        [0.396905,0.0,-0.91786],
        [0.0,1.0,0.0],
        [0.91786,0.0,0.396905],
        [56.5698,0.00522745,-303.285]
      ]
    }
  },
  {
    "node": {
      "name": "jpn_officiers_build_2",
      "tm": [
        [0.406851,0.0,-0.913495],
        [0.0,1.0,0.0],
        [0.913495,0.0,0.406851],
        [42.5955,0.00522745,-309.378]
      ]
    }
  },
  {
    "node": {
      "name": "ruhr_factory_building_12",
      "tm": [
        [1.0,0.0,0.0],
        [0.0,1.0,0.0],
        [0.0,0.0,1.0],
        [54.3687,0.00522745,-253.151]
      ]
    }
  },
  {
    "node": {
      "name": "us_mbase_control_tower2",
      "tm": [
        [-0.0103232,0.0,0.999947],
        [0.0,1.0,0.0],
        [-0.999947,0.0,-0.0103232],
        [972.175,0.00522745,-170.912]
      ]
    }
  },
  {
    "node": {
      "name": "us_mbase_control_tower2",
      "tm": [
        [0.303446,0.0,-0.952849],
        [0.0,1.0,0.0],
        [0.952849,0.0,0.303446],
        [1201.5,0.00522745,-200.254]
      ]
    }
  },
  {
    "node": {
      "name": "us_mbase_control_tower1",
      "tm": [
        [0.0602785,0.0,-0.998182],
        [0.0,1.0,0.0],
        [0.998182,0.0,0.0602785],
        [885.011,0.00522745,-243.16]
      ]
    }
  },
  {
    "node": {
      "name": "jpn_baracks_4",
      "tm": [
        [0.999885,0.0,0.015176],
        [0.0,1.0,0.0],
        [-0.015176,0.0,0.999885],
        [815.372,0.00522745,-313.945]
      ]
    }
  },
  {
    "node": {
      "name": "jpn_officiers_build_2",
      "tm": [
        [0.999797,0.0,0.0201439],
        [0.0,1.0,0.0],
        [-0.0201439,0.0,0.999797],
        [772.94,0.00522745,-343.578]
      ]
    }
  },
  {
    "node": {
      "name": "jpn_officiers_build_2",
      "tm": [
        [-0.0177951,0.0,0.999842],
        [0.0,1.0,0.0],
        [-0.999842,0.0,-0.0177951],
        [788.268,0.00522745,-362.789]
      ]
    }
  },
  {
    "node": {
      "name": "jpn_officiers_build_2",
      "tm": [
        [-0.0177951,0.0,0.999842],
        [0.0,1.0,0.0],
        [-0.999842,0.0,-0.0177951],
        [754.662,0.00522745,-362.789]
      ]
    }
  },
  {
    "node": {
      "name": "ruhr_factory_building_18",
      "tm": [
        [0.921918,0.0,0.387384],
        [0.0,1.0,0.0],
        [-0.387384,0.0,0.921918],
        [49.4808,0.00522745,-226.534]
      ]
    }
  },
  {
    "node": {
      "name": "small_airfield_obj_kitchen",
      "tm": [
        [0.43405,0.0,-0.900889],
        [0.0,1.0,0.0],
        [0.900889,0.0,0.43405],
        [47.0295,0.476106,-194.376]
      ]
    }
  },
  {
    "node": {
      "name": "ruhr_factory_building_18",
      "tm": [
        [0.999979,0.0,-0.00646503],
        [0.0,1.0,0.0],
        [0.00646503,0.0,0.999979],
        [-53.6363,0.00522745,-182.154]
      ]
    }
  },
  {
    "node": {
      "name": "small_airfield_obj_warehouse2",
      "tm": [
        [-0.915257,0.0,-0.402871],
        [0.0,1.0,0.0],
        [0.402871,0.0,-0.915257],
        [13.163,0.0050596,-209.116]
      ]
    }
  },
  {
    "node": {
      "name": "small_airfield_obj_warehouse1",
      "tm": [
        [0.999965,0.0,0.00839063],
        [0.0,1.0,0.0],
        [-0.00839063,0.0,0.999965],
        [20.6548,-0.0910211,-183.099]
      ]
    }
  },
  {
    "node": {
      "name": "small_airfield_obj_warehouse1",
      "tm": [
        [0.999965,0.0,0.00839063],
        [0.0,1.0,0.0],
        [-0.00839063,0.0,0.999965],
        [10.5727,-0.0910211,-183.099]
      ]
    }
  },
  {
    "node": {
      "name": "small_airfield_obj_warehouse1",
      "tm": [
        [0.0243745,0.0,0.999703],
        [0.0,1.0,0.0],
        [-0.999703,0.0,0.0243745],
        [-1.83388,-0.0910211,-183.447]
      ]
    }
  },
  {
    "node": {
      "name": "jpn_radio_station",
      "tm": [
        [-0.891725,0.0,-0.452577],
        [0.0,1.0,0.0],
        [0.452577,0.0,-0.891725],
        [17.7422,0.00522745,-251.627]
      ]
    }
  },
  {
    "node": {
      "name": "jpn_baracks_officiers_2",
      "tm": [
        [0.999954,0.0,-0.00957913],
        [0.0,1.0,0.0],
        [0.00957913,0.0,0.999954],
        [-708.645,0.00522745,-170.794]
      ]
    }
  },
  {
    "node": {
      "name": "small_airfield_obj_kitchen",
      "tm": [
        [0.999854,0.0,-0.0171119],
        [0.0,1.0,0.0],
        [0.0171119,0.0,0.999854],
        [-75.7339,0.476106,-181.543]
      ]
    }
  },
  {
    "node": {
      "name": "small_airfield_obj_warehouse1",
      "tm": [
        [-0.00291203,0.0,0.999996],
        [0.0,1.0,0.0],
        [-0.999996,0.0,-0.00291203],
        [887.518,-0.0910211,-265.881]
      ]
    }
  },
  {
    "node": {
      "name": "small_airfield_obj_warehouse1",
      "tm": [
        [-0.130293,0.0,0.991475],
        [0.0,1.0,0.0],
        [-0.991475,0.0,-0.130293],
        [734.687,-0.0910211,-285.423]
      ]
    }
  },
  {
    "node": {
      "name": "small_airfield_obj_warehouse1",
      "tm": [
        [-0.156746,0.0,0.987639],
        [0.0,1.0,0.0],
        [-0.987639,0.0,-0.156746],
        [735.466,-0.0910211,-293.706]
      ]
    }
  },
  {
    "node": {
      "name": "small_airfield_obj_warehouse1",
      "tm": [
        [-0.999995,0.0,-0.00322881],
        [0.0,1.0,0.0],
        [0.00322881,0.0,-0.999995],
        [319.919,-0.0910211,-259.89]
      ]
    }
  },
  {
    "node": {
      "name": "small_airfield_obj_warehouse1",
      "tm": [
        [-0.553998,0.0,-0.832518],
        [0.0,1.0,0.0],
        [0.832518,0.0,-0.553998],
        [310.657,-0.0910211,-279.937]
      ]
    }
  },
  {
    "node": {
      "name": "small_airfield_obj_warehouse1",
      "tm": [
        [-0.923801,0.0,-0.382873],
        [0.0,1.0,0.0],
        [0.382873,0.0,-0.923801],
        [65.0395,-0.0910211,-219.505]
      ]
    }
  },
  {
    "node": {
      "name": "us_mbase_barracks4",
      "tm": [
        [0.888687,0.0,-0.458515],
        [0.0,1.0,0.0],
        [0.458515,0.0,0.888687],
        [136.999,0.00522745,-194.263]
      ]
    }
  },
  {
    "node": {
      "name": "jpn_baracks_officiers_1",
      "tm": [
        [0.000621855,0.0,1.0],
        [0.0,1.0,0.0],
        [-1.0,0.0,0.000621855],
        [-12.7404,0.00522745,-184.715]
      ]
    }
  },
  {
    "node": {
      "name": "jpn_baracks_officiers_1",
      "tm": [
        [0.000621855,0.0,1.0],
        [0.0,1.0,0.0],
        [-1.0,0.0,0.000621855],
        [-19.7611,0.00522745,-184.715]
      ]
    }
  },
  {
    "node": {
      "name": "jpn_baracks_officiers_1",
      "tm": [
        [0.000621855,0.0,1.0],
        [0.0,1.0,0.0],
        [-1.0,0.0,0.000621855],
        [-26.379,0.00522745,-183.771]
      ]
    }
  },
  {
    "node": {
      "name": "jpn_baracks_officiers_1",
      "tm": [
        [0.000621855,0.0,1.0],
        [0.0,1.0,0.0],
        [-1.0,0.0,0.000621855],
        [-36.497,0.00522745,-181.507]
      ]
    }
  },
  {
    "node": {
      "name": "jpn_baracks_officiers_1",
      "tm": [
        [0.912303,0.0,0.409517],
        [0.0,1.0,0.0],
        [-0.409517,0.0,0.912303],
        [32.595,0.00522745,-291.971]
      ]
    }
  },
  {
    "node": {
      "name": "jpn_baracks_officiers_1",
      "tm": [
        [0.912303,0.0,0.409517],
        [0.0,1.0,0.0],
        [-0.409517,0.0,0.912303],
        [27.6259,0.00522745,-282.36]
      ]
    }
  },
  {
    "node": {
      "name": "jpn_baracks_officiers_1",
      "tm": [
        [0.431471,0.0,-0.902127],
        [0.0,1.0,0.0],
        [0.902127,0.0,0.431471],
        [84.8274,0.00522745,-244.213]
      ]
    }
  },
  {
    "node": {
      "name": "jpn_baracks_officiers_1",
      "tm": [
        [0.431471,0.0,-0.902127],
        [0.0,1.0,0.0],
        [0.902127,0.0,0.431471],
        [90.3575,0.00522745,-242.015]
      ]
    }
  },
  {
    "node": {
      "name": "jpn_power_plant",
      "tm": [
        [0.885175,0.0,0.465258],
        [0.0,1.0,0.0],
        [-0.465258,0.0,0.885175],
        [-5.48496,0.00522745,-215.729]
      ]
    }
  },
  {
    "node": {
      "name": "jpn_water_tank",
      "tm": [
        [0.859105,0.0,0.511799],
        [0.0,1.0,0.0],
        [-0.511799,0.0,0.859105],
        [1011.59,0.00522745,-215.265]
      ]
    }
  },
  {
    "node": {
      "name": "jpn_officiers_build_2",
      "tm": [
        [-0.933019,0.0,0.359827],
        [0.0,1.0,0.0],
        [-0.359827,0.0,-0.933019],
        [1051.7,0.00522745,-213.143]
      ]
    }
  },
  {
    "node": {
      "name": "small_airfield_obj_warehouse1",
      "tm": [
        [-0.0169919,0.0,-0.999856],
        [0.0,1.0,0.0],
        [0.999856,0.0,-0.0169919],
        [813.465,-0.0910211,-290.644]
      ]
    }
  },
  {
    "node": {
      "name": "small_airfield_obj_warehouse1",
      "tm": [
        [-0.0169919,0.0,-0.999856],
        [0.0,1.0,0.0],
        [0.999856,0.0,-0.0169919],
        [813.218,-0.0910211,-279.843]
      ]
    }
  },
  {
    "node": {
      "name": "jpn_water_tank",
      "tm": [
        [1.0,0.0,0.0],
        [0.0,1.0,0.0],
        [0.0,0.0,1.0],
        [111.149,0.00522745,-210.437]
      ]
    }
  },
  {
    "node": {
      "name": "jpn_water_tank",
      "tm": [
        [1.0,0.0,0.0],
        [0.0,1.0,0.0],
        [0.0,0.0,1.0],
        [103.099,0.00522745,-213.707]
      ]
    }
  },
  {
    "node": {
      "name": "ruhr_factory_building_12",
      "tm": [
        [1.0,0.0,0.0],
        [0.0,1.0,0.0],
        [0.0,0.0,1.0],
        [855.743,0.00522745,-269.591]
      ]
    }
  },
  {
    "node": {
      "name": "jpn_water_tank",
      "tm": [
        [0.859105,0.0,0.511799],
        [0.0,1.0,0.0],
        [-0.511799,0.0,0.859105],
        [872.896,0.00522745,-286.646]
      ]
    }
  }
]