[
  {
    "className": "composit"
  },
  {
    "size": [1024.0,300.0]
  },
  {
    "airfield": [
      {
        "start": [740.0,0.0,-97.0]
      },
      {
        "end": [-450.0,0.0,-97.0]
      },
      {
        "width": 120.0
      },
      {
        "spawn": [599.0,0.0,-106.0]
      },
      {
        "spawn": [590.0,0.0,-97.0]
      },
      {
        "spawn": [599.0,0.0,-86.0]
      },
      {
        "spawn": [613.0,0.0,-108.0]
      },
      {
        "spawn": [604.0,0.0,-97.0]
      },
      {
        "spawn": [613.0,0.0,-86.0]
      },
      {
        "spawn": [627.0,0.0,-108.0]
      },
      {
        "spawn": [618.0,0.0,-97.0]
      },
      {
        "spawn": [627.0,0.0,-86.0]
      },
      {
        "spawn": [641.0,0.0,-108.0]
      },
      {
        "spawn": [632.0,0.0,-97.0]
      },
      {
        "spawn": [641.0,0.0,-86.0]
      },
      {
        "spawn": [655.0,0.0,-108.0]
      },
      {
        "spawn": [646.0,0.0,-97.0]
      },
      {
        "spawn": [655.0,0.0,-86.0]
      },
      {
        "spawn": [669.0,0.0,-108.0]
      },
      {
        "spawn": [660.0,0.0,-97.0]
      },
      {
        "spawn": [669.0,0.0,-86.0]
      },
      {
        "spawn": [683.0,0.0,-108.0]
      },
      {
        "spawn": [674.0,0.0,-97.0]
      },
      {
        "spawn": [683.0,0.0,-86.0]
      },
      {
        "spawn": [697.0,0.0,-108.0]
      },
      {
        "spawn": [688.0,0.0,-97.0]
      },
      {
        "spawn": [697.0,0.0,-86.0]
      },
      {
        "spawn": [711.0,0.0,-108.0]
      },
      {
        "spawn": [702.0,0.0,-97.0]
      },
      {
        "spawn": [711.0,0.0,-86.0]
      },
      {
        "spawn": [725.0,0.0,-108.0]
      },
      {
        "spawn": [716.0,0.0,-97.0]
      },
      {
        "spawn": [725.0,0.0,-86.0]
      },
      {
        "spawn": [739.0,0.0,-108.0]
      },
      {
        "spawn": [730.0,0.0,-97.0]
      },
      {
        "spawn": [739.0,0.0,-86.0]
      },
      {
        "repairTags": {
          "type_attack_helicopter": false,
          "type_utility_helicopter": false
        }
      }
    ]
  },
  {
    "node": {
      "name": "^^dynaf_kh_gol_airfield_gumrak_mesh",
      "tm": [
        [1.0,0.0,0.0],
        [0.0,1.0,0.0],
        [0.0,0.0,1.0],
        [0.0,1.9495,-1.02986e-07]
      ]
    }
  },
  {
    "node": {
      "name": "+NoTreesBox000",
      "tm": [
        [1250.0,0.0,0.0],
        [0.0,150.0,0.0],
        [0.0,0.0,280.0],
        [126.0,0.0,-94.0]
      ]
    }
  },
  {
    "node": {
      "name": "britain_control_tower_1_rendinst",
      "tm": [
        [-1.62921e-07,0.0,-1.0],
        [0.0,1.0,0.0],
        [1.0,0.0,-1.62921e-07],
        [-23.3323,-0.108985,-217.392]
      ]
    }
  },
  {
    "node": {
      "name": "britain_control_tower_1_rendinst",
      "tm": [
        [-1.62921e-07,0.0,-1.0],
        [0.0,1.0,0.0],
        [1.0,0.0,-1.62921e-07],
        [192.839,-0.108985,61.3075]
      ]
    }
  },
  {
    "node": {
      "name": "britain_control_tower_1_rendinst",
      "tm": [
        [1.0,0.0,0.0],
        [0.0,1.0,0.0],
        [0.0,0.0,1.0],
        [798.483,-0.108985,-194.291]
      ]
    }
  },
  {
    "node": {
      "name": "britain_windvane_rendinst",
      "tm": [
        [-0.709277,0.0,-0.70493],
        [-7.29991e-08,1.0,7.34492e-08],
        [0.70493,1.03555e-07,-0.709277],
        [81.7083,-0.108985,-193.682]
      ]
    }
  },
  {
    "node": {
      "name": "britain_army_tent_rendinst",
      "tm": [
        [-0.983892,-2.03031e-07,0.178766],
        [-1.59001e-07,1.0,2.60626e-07],
        [-0.178766,2.28003e-07,-0.983892],
        [26.8985,-0.108985,-247.005]
      ]
    }
  },
  {
    "node": {
      "name": "stalingrad_tent_camouflage_rendinst",
      "tm": [
        [-0.889197,0.0,0.457524],
        [0.0,1.0,0.0],
        [-0.457524,0.0,-0.889197],
        [47.9564,-0.0995526,-233.589]
      ]
    }
  },
  {
    "node": {
      "name": "britain_tent_1_rendinst",
      "tm": [
        [-0.790448,0.0,-0.612529],
        [0.0,1.0,0.0],
        [0.612529,0.0,-0.790448],
        [19.2419,-0.108985,-236.19]
      ]
    }
  },
  {
    "node": {
      "name": "britain_tent_2_rendinst",
      "tm": [
        [0.387075,4.76837e-07,-0.922048],
        [-2.54839e-07,1.0,4.10169e-07],
        [0.922048,7.62083e-08,0.387075],
        [15.3928,-0.108985,-245.869]
      ]
    }
  },
  {
    "node": {
      "name": "britain_army_tent_rendinst",
      "tm": [
        [-0.990813,0.0,-0.135241],
        [0.0,1.0,0.0],
        [0.135241,0.0,-0.990813],
        [24.1525,-0.108985,-229.367]
      ]
    }
  },
  {
    "node": {
      "name": "stalingrad_radio_camouflage_rendinst",
      "tm": [
        [-0.221082,0.0,0.975255],
        [0.0,1.0,0.0],
        [-0.975255,0.0,-0.221082],
        [51.1722,-0.108985,-217.592]
      ]
    }
  },
  {
    "node": {
      "name": "britain_army_tent_rendinst",
      "tm": [
        [0.0819754,0.0,-0.996634],
        [-3.72856e-08,1.0,-3.06683e-09],
        [0.996634,3.74115e-08,0.0819754],
        [36.8958,-0.108985,-249.269]
      ]
    }
  },
  {
    "node": {
      "name": "boxes_rendinst",
      "tm": [
        [0.374855,0.0,-0.927084],
        [0.0,1.0,0.0],
        [0.927084,0.0,0.374855],
        [38.5641,-0.108985,-237.057]
      ]
    }
  },
  {
    "node": {
      "name": "britain_tent_2_rendinst",
      "tm": [
        [-0.60498,0.0,-0.79624],
        [0.0,1.0,0.0],
        [0.79624,0.0,-0.60498],
        [9.81621,-0.108985,-217.939]
      ]
    }
  },
  {
    "node": {
      "name": "britain_tent_1_rendinst",
      "tm": [
        [-0.740483,0.0,0.672075],
        [0.0,1.0,0.0],
        [-0.672075,0.0,-0.740483],
        [8.38704,-0.108985,-233.06]
      ]
    }
  },
  {
    "node": {
      "name": "britain_tent_2_rendinst",
      "tm": [
        [-0.790448,0.0,-0.612529],
        [0.0,1.0,0.0],
        [0.612529,0.0,-0.790448],
        [58.1434,-0.108985,-195.343]
      ]
    }
  },
  {
    "node": {
      "name": "britain_big_army_tent_rendinst",
      "tm": [
        [0.60498,0.0,0.79624],
        [0.0,1.0,0.0],
        [-0.79624,0.0,0.60498],
        [38.912,-0.108985,-208.412]
      ]
    }
  },
  {
    "node": {
      "name": "britain_tent_1_rendinst",
      "tm": [
        [0.672075,0.0,0.740483],
        [0.0,1.0,0.0],
        [-0.740483,0.0,0.672075],
        [24.4118,-0.108985,-194.202]
      ]
    }
  },
  {
    "node": {
      "name": "britain_tent_2_rendinst",
      "tm": [
        [0.868613,0.0,0.495491],
        [0.0,1.0,0.0],
        [-0.495491,0.0,0.868613],
        [10.2051,-0.108985,-205.382]
      ]
    }
  },
  {
    "node": {
      "name": "britain_tent_1_rendinst",
      "tm": [
        [-0.0336701,0.0,0.999433],
        [0.0,1.0,0.0],
        [-0.999433,0.0,-0.0336701],
        [775.069,-0.108985,-198.322]
      ]
    }
  },
  {
    "node": {
      "name": "britain_tent_2_rendinst",
      "tm": [
        [0.470557,0.0,0.882369],
        [0.0,1.0,0.0],
        [-0.882369,0.0,0.470557],
        [757.137,-0.108985,-176.411]
      ]
    }
  },
  {
    "node": {
      "name": "britain_tent_1_rendinst",
      "tm": [
        [0.882369,0.0,-0.470558],
        [0.0,1.0,0.0],
        [0.470558,0.0,0.882369],
        [750.369,-0.108985,-173.124]
      ]
    }
  },
  {
    "node": {
      "name": "britain_big_army_tent_rendinst",
      "tm": [
        [-0.880426,0.0,0.474183],
        [0.0,1.0,0.0],
        [-0.474183,0.0,-0.880426],
        [769.743,-0.108985,-214.285]
      ]
    }
  },
  {
    "node": {
      "name": "britain_tent_1_rendinst",
      "tm": [
        [0.391863,0.0,0.920023],
        [0.0,1.0,0.0],
        [-0.920023,0.0,0.391863],
        [737.849,-0.108985,-210.277]
      ]
    }
  },
  {
    "node": {
      "name": "britain_tent_1_rendinst",
      "tm": [
        [0.470557,-1.50045e-07,0.882369],
        [7.06046e-08,1.0,1.32395e-07],
        [-0.882369,7.10543e-15,0.470557],
        [733.929,-0.108985,-219.035]
      ]
    }
  },
  {
    "node": {
      "name": "britain_tent_1_rendinst",
      "tm": [
        [0.920024,0.0,-0.391863],
        [0.0,1.0,0.0],
        [0.391863,0.0,0.920024],
        [771.368,-0.108985,-185.95]
      ]
    }
  },
  {
    "node": {
      "name": "boxes_rendinst",
      "tm": [
        [0.970776,0.0,-0.239987],
        [0.0,1.0,0.0],
        [0.239987,0.0,0.970776],
        [764.427,-0.108985,-220.388]
      ]
    }
  },
  {
    "node": {
      "name": "britain_tent_1_rendinst",
      "tm": [
        [-0.897443,-2.32017e-07,0.44113],
        [-1.92334e-07,1.0,1.34674e-07],
        [-0.44113,3.60176e-08,-0.897443],
        [764.496,-0.108985,-180.39]
      ]
    }
  },
  {
    "node": {
      "name": "britain_big_army_tent_rendinst",
      "tm": [
        [-0.918404,0.0,0.395645],
        [0.0,1.0,0.0],
        [-0.395645,0.0,-0.918404],
        [763.005,-0.108985,-228.734]
      ]
    }
  },
  {
    "node": {
      "name": "britain_tent_1_rendinst",
      "tm": [
        [-0.422618,0.0,-0.906308],
        [0.0,1.0,0.0],
        [0.906308,0.0,-0.422618],
        [741.998,-0.108985,-201.805]
      ]
    }
  },
  {
    "node": {
      "name": "britain_army_tent_rendinst",
      "tm": [
        [-0.891564,-2.81327e-07,-0.452895],
        [-3.38158e-07,1.0,4.45191e-08],
        [0.452895,1.92842e-07,-0.891564],
        [742.402,-0.108985,-169.474]
      ]
    }
  },
  {
    "node": {
      "name": "britain_tent_1_rendinst",
      "tm": [
        [-0.927644,0.0,-0.373467],
        [0.0,1.0,0.0],
        [0.373467,0.0,-0.927644],
        [762.841,-0.108985,-255.249]
      ]
    }
  },
  {
    "node": {
      "name": "britain_tent_2_rendinst",
      "tm": [
        [0.950676,0.0,-0.310186],
        [0.0,1.0,0.0],
        [0.310186,0.0,0.950676],
        [769.766,-0.108985,-244.263]
      ]
    }
  },
  {
    "node": {
      "name": "britain_tent_2_rendinst",
      "tm": [
        [-0.226149,0.0,-0.974093],
        [0.0,1.0,0.0],
        [0.974093,0.0,-0.226149],
        [752.693,-0.108985,-257.031]
      ]
    }
  },
  {
    "node": {
      "name": "boxes_rendinst",
      "tm": [
        [0.826247,0.0,-0.563308],
        [0.0,1.0,0.0],
        [0.563308,0.0,0.826247],
        [-797.406,-0.108985,58.622]
      ]
    }
  },
  {
    "node": {
      "name": "britain_tent_1_rendinst",
      "tm": [
        [0.984808,0.0,-0.173648],
        [0.0,1.0,0.0],
        [0.173648,0.0,0.984808],
        [-736.633,-0.108985,104.809]
      ]
    }
  },
  {
    "node": {
      "name": "britain_army_tent_rendinst",
      "tm": [
        [0.998564,-2.65635e-07,-0.0535645],
        [2.65254e-07,1.0,-1.42286e-08],
        [0.0535645,8.88178e-16,0.998564],
        [-806.493,-0.108985,70.6718]
      ]
    }
  },
  {
    "node": {
      "name": "britain_tent_1_rendinst",
      "tm": [
        [0.996195,0.0,0.0871558],
        [0.0,1.0,0.0],
        [-0.0871558,0.0,0.996195],
        [-809.846,-0.108985,58.9267]
      ]
    }
  },
  {
    "node": {
      "name": "britain_tent_1_rendinst",
      "tm": [
        [0.920024,0.0,-0.391863],
        [0.0,1.0,0.0],
        [0.391863,0.0,0.920024],
        [-791.49,-0.108985,95.2728]
      ]
    }
  },
  {
    "node": {
      "name": "britain_big_army_tent_rendinst",
      "tm": [
        [0.0576721,0.0,0.998336],
        [0.0,1.0,0.0],
        [-0.998336,0.0,0.0576721],
        [-787.66,-0.108985,69.4511]
      ]
    }
  },
  {
    "node": {
      "name": "britain_tent_1_rendinst",
      "tm": [
        [0.891564,-3.73189e-07,0.452894],
        [3.60791e-07,1.0,1.13757e-07],
        [-0.452894,6.19785e-08,0.891564],
        [-802.642,-0.108985,95.5021]
      ]
    }
  },
  {
    "node": {
      "name": "britain_tent_1_rendinst",
      "tm": [
        [-0.206707,0.0,0.978403],
        [0.0,1.0,0.0],
        [-0.978403,0.0,-0.206707],
        [-751.229,-0.108985,106.547]
      ]
    }
  },
  {
    "node": {
      "name": "britain_tent_2_rendinst",
      "tm": [
        [-0.206707,0.0,0.978403],
        [0.0,1.0,0.0],
        [-0.978403,0.0,-0.206707],
        [-780.849,-0.108985,92.195]
      ]
    }
  },
  {
    "node": {
      "name": "britain_army_tent_rendinst",
      "tm": [
        [0.0535638,-7.80076e-08,0.998564],
        [5.75737e-08,1.0,7.50315e-08],
        [-0.998564,5.3472e-08,0.0535638],
        [-755.248,-0.108985,116.646]
      ]
    }
  },
  {
    "node": {
      "name": "britain_tent_1_rendinst",
      "tm": [
        [-0.206707,0.0,0.978403],
        [0.0,1.0,0.0],
        [-0.978403,0.0,-0.206707],
        [-806.609,-0.108985,83.5287]
      ]
    }
  },
  {
    "node": {
      "name": "stalingrad_tent_camouflage_rendinst",
      "tm": [
        [0.866025,0.0,0.5],
        [0.0,1.0,0.0],
        [-0.5,0.0,0.866025],
        [-785.286,-0.0995526,42.7287]
      ]
    }
  },
  {
    "node": {
      "name": "britain_tent_2_rendinst",
      "tm": [
        [-0.173648,0.0,0.984808],
        [0.0,1.0,0.0],
        [-0.984808,0.0,-0.173648],
        [-799.716,-0.108985,47.609]
      ]
    }
  },
  {
    "node": {
      "name": "britain_big_army_tent_rendinst",
      "tm": [
        [0.939693,0.0,-0.34202],
        [0.0,1.0,0.0],
        [0.34202,0.0,0.939693],
        [-730.585,-0.108985,79.7936]
      ]
    }
  },
  {
    "node": {
      "name": "britain_army_tent_rendinst",
      "tm": [
        [0.642787,0.0,0.766045],
        [0.0,1.0,0.0],
        [-0.766045,0.0,0.642787],
        [-777.278,-0.108985,18.4848]
      ]
    }
  },
  {
    "node": {
      "name": "britain_tent_1_rendinst",
      "tm": [
        [-0.906308,-1.2595e-07,0.422618],
        [8.0959e-08,1.0,4.71641e-07],
        [-0.422618,4.61666e-07,-0.906308],
        [-765.147,-0.108985,24.7057]
      ]
    }
  },
  {
    "node": {
      "name": "britain_army_tent_rendinst",
      "tm": [
        [-0.258819,0.0,0.965926],
        [0.0,1.0,0.0],
        [-0.965926,0.0,-0.258819],
        [-742.913,-0.108985,29.6583]
      ]
    }
  },
  {
    "node": {
      "name": "britain_army_tent_rendinst",
      "tm": [
        [0.642787,0.0,0.766045],
        [0.0,1.0,0.0],
        [-0.766045,0.0,0.642787],
        [-753.811,-0.108985,26.987]
      ]
    }
  },
  {
    "node": {
      "name": "britain_tent_2_rendinst",
      "tm": [
        [0.226149,0.0,0.974093],
        [0.0,1.0,0.0],
        [-0.974093,0.0,0.226149],
        [-770.835,-0.108985,116.924]
      ]
    }
  },
  {
    "node": {
      "name": "britain_tent_1_rendinst",
      "tm": [
        [0.965926,0.0,-0.258819],
        [0.0,1.0,0.0],
        [0.258819,0.0,0.965926],
        [-721.253,-0.108985,94.5734]
      ]
    }
  },
  {
    "node": {
      "name": "stalingrad_radio_camouflage_rendinst",
      "tm": [
        [0.642788,0.0,-0.766044],
        [0.0,1.0,0.0],
        [0.766044,0.0,0.642788],
        [-729.568,-0.108985,113.92]
      ]
    }
  },
  {
    "node": {
      "name": "britain_tent_1_rendinst",
      "tm": [
        [0.927644,0.0,0.373466],
        [0.0,1.0,0.0],
        [-0.373466,0.0,0.927644],
        [-741.792,-0.108985,120.534]
      ]
    }
  },
  {
    "node": {
      "name": "britain_army_tent_rendinst",
      "tm": [
        [1.0,0.0,1.78814e-07],
        [0.0,1.0,0.0],
        [-1.78814e-07,0.0,1.0],
        [-720.745,-0.108985,105.691]
      ]
    }
  },
  {
    "node": {
      "name": "britain_army_tent_rendinst",
      "tm": [
        [-0.310186,-1.07072e-09,-0.950676],
        [-1.02563e-07,1.0,3.23381e-08],
        [0.950676,1.07535e-07,-0.310186],
        [133.127,-0.108985,113.755]
      ]
    }
  },
  {
    "node": {
      "name": "britain_tent_2_rendinst",
      "tm": [
        [0.452894,0.0,-0.891564],
        [0.0,1.0,0.0],
        [0.891564,0.0,0.452894],
        [159.963,-0.108985,77.3097]
      ]
    }
  },
  {
    "node": {
      "name": "britain_tent_1_rendinst",
      "tm": [
        [-0.61663,0.0,-0.787253],
        [0.0,1.0,0.0],
        [0.787253,0.0,-0.61663],
        [169.927,-0.108985,83.9215]
      ]
    }
  },
  {
    "node": {
      "name": "britain_big_army_tent_rendinst",
      "tm": [
        [0.949392,0.0,-0.314094],
        [0.0,1.0,0.0],
        [0.314094,0.0,0.949392],
        [146.099,-0.108985,95.8634]
      ]
    }
  },
  {
    "node": {
      "name": "britain_tent_1_rendinst",
      "tm": [
        [-0.590268,-1.66067e-08,-0.807207],
        [-9.76505e-08,1.0,5.08336e-08],
        [0.807207,1.0883e-07,-0.590268],
        [121.052,-0.108985,109.177]
      ]
    }
  },
  {
    "node": {
      "name": "britain_tent_1_rendinst",
      "tm": [
        [0.974093,-1.08897e-07,-0.226149],
        [1.06076e-07,1.0,-2.4627e-08],
        [0.226149,0.0,0.974093],
        [161.346,-0.108985,115.169]
      ]
    }
  },
  {
    "node": {
      "name": "britain_tent_1_rendinst",
      "tm": [
        [0.787253,0.0,-0.61663],
        [0.0,1.0,0.0],
        [0.61663,0.0,0.787253],
        [134.946,-0.108985,78.8908]
      ]
    }
  },
  {
    "node": {
      "name": "britain_tent_2_rendinst",
      "tm": [
        [0.998564,0.0,-0.053564],
        [0.0,1.0,0.0],
        [0.053564,0.0,0.998564],
        [173.829,-0.108985,96.4806]
      ]
    }
  },
  {
    "node": {
      "name": "britain_army_tent_rendinst",
      "tm": [
        [0.61663,-6.54125e-08,0.787253],
        [5.60101e-08,1.0,3.92187e-08],
        [-0.787253,1.99107e-08,0.61663],
        [146.954,-0.108985,75.4008]
      ]
    }
  },
  {
    "node": {
      "name": "britain_tent_2_rendinst",
      "tm": [
        [-0.799375,0.0,-0.600833],
        [0.0,1.0,0.0],
        [0.600833,0.0,-0.799375],
        [126.732,-0.108985,84.4054]
      ]
    }
  },
  {
    "node": {
      "name": "britain_tent_1_rendinst",
      "tm": [
        [0.998564,0.0,-0.0535645],
        [0.0,1.0,0.0],
        [0.0535645,0.0,0.998564],
        [146.427,-0.108985,117.713]
      ]
    }
  },
  {
    "node": {
      "name": "britain_tent_1_rendinst",
      "tm": [
        [0.528876,0.0,-0.848699],
        [0.0,1.0,0.0],
        [0.848699,0.0,0.528876],
        [172.712,-0.108985,108.168]
      ]
    }
  },
  {
    "node": {
      "name": "britain_tent_1_rendinst",
      "tm": [
        [0.5,0.0,-0.866025],
        [0.0,1.0,0.0],
        [0.866025,0.0,0.5],
        [119.141,-0.108985,89.3424]
      ]
    }
  },
  {
    "node": {
      "name": "britain_tent_2_rendinst",
      "tm": [
        [0.707106,0.0,-0.707107],
        [-1.17042e-08,1.0,-1.17042e-08],
        [0.707107,1.65523e-08,0.707106],
        [112.326,-0.108985,102.57]
      ]
    }
  },
  {
    "node": {
      "name": "boxes_rendinst",
      "tm": [
        [-0.984091,0.0,-0.177665],
        [0.0,1.0,0.0],
        [0.177665,0.0,-0.984091],
        [97.3967,-0.108985,106.101]
      ]
    }
  },
  {
    "node": {
      "name": "barrels_rendinst",
      "tm": [
        [0.815734,0.0,0.578428],
        [0.0,1.0,0.0],
        [-0.578428,0.0,0.815734],
        [96.5598,-0.108985,116.981]
      ]
    }
  },
  {
    "node": {
      "name": "boxes_rendinst",
      "tm": [
        [0.900962,0.0,0.433898],
        [0.0,1.0,0.0],
        [-0.433898,0.0,0.900962],
        [641.767,-0.108985,27.7416]
      ]
    }
  },
  {
    "node": {
      "name": "britain_tent_1_rendinst",
      "tm": [
        [0.422619,0.0,0.906308],
        [0.0,1.0,0.0],
        [-0.906308,0.0,0.422619],
        [635.284,-0.108985,17.1212]
      ]
    }
  },
  {
    "node": {
      "name": "britain_tent_2_rendinst",
      "tm": [
        [-0.939692,0.0,0.342021],
        [0.0,1.0,0.0],
        [-0.342021,0.0,-0.939692],
        [650.15,-0.108985,20.2348]
      ]
    }
  },
  {
    "node": {
      "name": "britain_army_tent_rendinst",
      "tm": [
        [0.173648,0.0,0.984808],
        [0.0,1.0,0.0],
        [-0.984808,0.0,0.173648],
        [502.765,-0.108985,-1.78819]
      ]
    }
  },
  {
    "node": {
      "name": "britain_army_tent_rendinst",
      "tm": [
        [0.54567,-2.65635e-07,0.838],
        [1.44949e-07,1.0,2.22602e-07],
        [-0.838,7.10543e-15,0.54567],
        [626.789,-0.108985,25.8969]
      ]
    }
  },
  {
    "node": {
      "name": "britain_big_army_tent_rendinst",
      "tm": [
        [-0.835748,0.0,0.549113],
        [0.0,1.0,0.0],
        [-0.549113,0.0,-0.835748],
        [637.263,-0.108985,41.5971]
      ]
    }
  },
  {
    "node": {
      "name": "britain_tent_1_rendinst",
      "tm": [
        [-0.819152,-5.16191e-08,0.573576],
        [7.83289e-09,1.0,1.01182e-07],
        [-0.573576,8.7376e-08,-0.819152],
        [512.613,-0.108985,0.497208]
      ]
    }
  },
  {
    "node": {
      "name": "britain_tent_1_rendinst",
      "tm": [
        [-0.600832,0.0,0.799376],
        [0.0,1.0,0.0],
        [-0.799376,0.0,-0.600832],
        [637.242,-0.108985,63.0441]
      ]
    }
  },
  {
    "node": {
      "name": "britain_tent_2_rendinst",
      "tm": [
        [0.984808,0.0,0.173648],
        [0.0,1.0,0.0],
        [-0.173648,0.0,0.984808],
        [522.737,-0.108985,-1.713]
      ]
    }
  },
  {
    "node": {
      "name": "britain_army_tent_rendinst",
      "tm": [
        [0.258819,0.0,0.965926],
        [0.0,1.0,0.0],
        [-0.965926,0.0,0.258819],
        [664.289,-0.108985,16.3827]
      ]
    }
  },
  {
    "node": {
      "name": "britain_tent_1_rendinst",
      "tm": [
        [0.682897,0.0,0.730515],
        [0.0,1.0,0.0],
        [-0.730515,0.0,0.682897],
        [641.227,-0.108985,77.4953]
      ]
    }
  },
  {
    "node": {
      "name": "britain_tent_1_rendinst",
      "tm": [
        [-0.950676,0.0,0.310187],
        [0.0,1.0,0.0],
        [-0.310187,0.0,-0.950676],
        [615.596,-0.108985,32.2252]
      ]
    }
  },
  {
    "node": {
      "name": "britain_tent_2_rendinst",
      "tm": [
        [-0.950676,0.0,0.310187],
        [0.0,1.0,0.0],
        [-0.310187,0.0,-0.950676],
        [620.971,-0.108985,58.8668]
      ]
    }
  },
  {
    "node": {
      "name": "britain_tent_1_rendinst",
      "tm": [
        [0.0535644,-3.73189e-07,0.998564],
        [8.18791e-08,1.0,3.69333e-07],
        [-0.998564,6.19785e-08,0.0535644],
        [607.211,-0.108985,41.6478]
      ]
    }
  },
  {
    "node": {
      "name": "britain_tent_1_rendinst",
      "tm": [
        [0.799375,0.0,0.600832],
        [0.0,1.0,0.0],
        [-0.600832,0.0,0.799375],
        [612.985,-0.108985,51.1911]
      ]
    }
  },
  {
    "node": {
      "name": "britain_tent_1_rendinst",
      "tm": [
        [0.422619,0.0,0.906308],
        [0.0,1.0,0.0],
        [-0.906308,0.0,0.422619],
        [528.217,-0.108985,7.82729]
      ]
    }
  },
  {
    "node": {
      "name": "britain_army_tent_rendinst",
      "tm": [
        [0.787253,-8.88178e-16,-0.61663],
        [-1.82955e-08,1.0,-2.33579e-08],
        [0.61663,2.96701e-08,0.787253],
        [561.287,-0.108985,-18.0091]
      ]
    }
  },
  {
    "node": {
      "name": "britain_army_tent_rendinst",
      "tm": [
        [-0.373467,-7.80076e-08,0.927644],
        [2.04698e-08,1.0,9.23333e-08],
        [-0.927644,5.3472e-08,-0.373467],
        [629.332,-0.108985,70.4982]
      ]
    }
  },
  {
    "node": {
      "name": "britain_big_army_tent_rendinst",
      "tm": [
        [-0.685896,0.0,-0.727699],
        [0.0,1.0,0.0],
        [0.727699,0.0,-0.685896],
        [559.177,-0.108985,4.50111]
      ]
    }
  },
  {
    "node": {
      "name": "britain_army_tent_rendinst",
      "tm": [
        [0.0535638,-1.07071e-09,0.998564],
        [1.07438e-07,1.0,-4.69084e-09],
        [-0.998564,1.07535e-07,0.0535638],
        [-518.865,-0.108985,-227.212]
      ]
    }
  },
  {
    "node": {
      "name": "britain_tent_2_rendinst",
      "tm": [
        [-0.668216,0.0,0.743967],
        [0.0,1.0,0.0],
        [-0.743967,0.0,-0.668216],
        [-554.219,-0.108985,-198.954]
      ]
    }
  },
  {
    "node": {
      "name": "britain_tent_1_rendinst",
      "tm": [
        [0.391863,0.0,0.920024],
        [0.0,1.0,0.0],
        [-0.920024,0.0,0.391863],
        [-562.132,-0.108985,-207.92]
      ]
    }
  },
  {
    "node": {
      "name": "britain_big_army_tent_rendinst",
      "tm": [
        [-0.998336,0.0,0.057671],
        [0.0,1.0,0.0],
        [-0.057671,0.0,-0.998336],
        [-536.026,-0.108985,-213.288]
      ]
    }
  },
  {
    "node": {
      "name": "britain_tent_1_rendinst",
      "tm": [
        [-0.730514,0.0,0.682898],
        [0.0,1.0,0.0],
        [-0.682898,0.0,-0.730514],
        [-558.547,-0.108985,-232.061]
      ]
    }
  },
  {
    "node": {
      "name": "britain_tent_1_rendinst",
      "tm": [
        [-0.999433,-1.08897e-07,-0.0336698],
        [-1.08836e-07,1.0,-3.66655e-09],
        [0.0336698,0.0,-0.999433],
        [-545.756,-0.108985,-235.881]
      ]
    }
  },
  {
    "node": {
      "name": "britain_tent_1_rendinst",
      "tm": [
        [-0.920023,0.0,0.391864],
        [0.0,1.0,0.0],
        [-0.391864,0.0,-0.920023],
        [-529.645,-0.108985,-194.006]
      ]
    }
  },
  {
    "node": {
      "name": "britain_tent_2_rendinst",
      "tm": [
        [-0.978402,0.0,-0.206709],
        [0.0,1.0,0.0],
        [0.206709,0.0,-0.978402],
        [-562.651,-0.108985,-221.061]
      ]
    }
  },
  {
    "node": {
      "name": "britain_army_tent_rendinst",
      "tm": [
        [-0.391863,-6.54125e-08,-0.920024],
        [-4.3951e-08,1.0,-5.23788e-08],
        [0.920024,1.99107e-08,-0.391863],
        [-542.147,-0.108985,-193.744]
      ]
    }
  },
  {
    "node": {
      "name": "britain_tent_2_rendinst",
      "tm": [
        [0.61663,0.0,0.787253],
        [0.0,1.0,0.0],
        [-0.787253,0.0,0.61663],
        [-520.284,-0.108985,-197.207]
      ]
    }
  },
  {
    "node": {
      "name": "britain_tent_1_rendinst",
      "tm": [
        [-0.978403,0.0,-0.206708],
        [0.0,1.0,0.0],
        [0.206708,0.0,-0.978403],
        [-530.688,-0.108985,-234.477]
      ]
    }
  },
  {
    "node": {
      "name": "britain_tent_1_rendinst",
      "tm": [
        [-0.707107,0.0,0.707107],
        [0.0,1.0,0.0],
        [-0.707107,0.0,-0.707107],
        [-511.674,-0.108985,-200.012]
      ]
    }
  },
  {
    "node": {
      "name": "britain_tent_2_rendinst",
      "tm": [
        [-0.866025,0.0,0.5],
        [8.27615e-09,1.0,1.43347e-08],
        [-0.5,1.65523e-08,-0.866025],
        [-501.668,-0.108985,-211.025]
      ]
    }
  },
  {
    "node": {
      "name": "britain_tent_1_rendinst",
      "tm": [
        [0.361234,-1.66067e-08,0.932475],
        [1.0748e-07,1.0,-2.38277e-08],
        [-0.932475,1.0883e-07,0.361234],
        [-508.385,-0.108985,-219.665]
      ]
    }
  },
  {
    "node": {
      "name": "britain_tent_2_rendinst",
      "tm": [
        [-0.373466,0.0,0.927644],
        [0.0,1.0,0.0],
        [-0.927644,0.0,-0.373466],
        [-553.646,-0.108985,-184.276]
      ]
    }
  },
  {
    "node": {
      "name": "britain_tent_2_rendinst",
      "tm": [
        [0.819152,0.0,0.573576],
        [9.49399e-09,1.0,-1.35588e-08],
        [-0.573576,1.65523e-08,0.819152],
        [-495.406,-0.108985,-198.023]
      ]
    }
  },
  {
    "node": {
      "name": "britain_army_tent_rendinst",
      "tm": [
        [0.0535638,-1.07071e-09,0.998564],
        [1.07438e-07,1.0,-4.69084e-09],
        [-0.998564,1.07535e-07,0.0535638],
        [-539.628,-0.108985,-247.802]
      ]
    }
  },
  {
    "node": {
      "name": "britain_tent_1_rendinst",
      "tm": [
        [-0.920023,0.0,0.391864],
        [0.0,1.0,0.0],
        [-0.391864,0.0,-0.920023],
        [-554.967,-0.108985,-243.998]
      ]
    }
  },
  {
    "node": {
      "name": "barrels_rendinst",
      "tm": [
        [-0.0812426,0.0,-0.996694],
        [0.0,1.0,0.0],
        [0.996694,0.0,-0.0812426],
        [-207.773,-0.108985,-380.189]
      ]
    }
  },
  {
    "node": {
      "name": "barrels_rendinst",
      "tm": [
        [-0.0812426,0.0,-0.996694],
        [0.0,1.0,0.0],
        [0.996694,0.0,-0.0812426],
        [-283.44,-0.108985,-370.76]
      ]
    }
  },
  {
    "node": {
      "name": "barrels_rendinst",
      "tm": [
        [-0.0812426,0.0,-0.996694],
        [0.0,1.0,0.0],
        [0.996694,0.0,-0.0812426],
        [-349.758,-0.108985,-364.623]
      ]
    }
  },
  {
    "node": {
      "name": "barrels_rendinst",
      "tm": [
        [-0.0812426,0.0,-0.996694],
        [0.0,1.0,0.0],
        [0.996694,0.0,-0.0812426],
        [-413.3,-0.108985,-358.474]
      ]
    }
  },
  {
    "node": {
      "name": "barrels_rendinst",
      "tm": [
        [-0.0812426,0.0,-0.996694],
        [0.0,1.0,0.0],
        [0.996694,0.0,-0.0812426],
        [-476.275,-0.108985,-351.39]
      ]
    }
  },
  {
    "node": {
      "name": "boxes_rendinst",
      "tm": [
        [-0.0871559,0.0,-0.996195],
        [0.0,1.0,0.0],
        [0.996195,0.0,-0.0871559],
        [-343.251,-0.108985,-364.668]
      ]
    }
  },
  {
    "node": {
      "name": "boxes_rendinst",
      "tm": [
        [-0.0871559,0.0,-0.996195],
        [0.0,1.0,0.0],
        [0.996195,0.0,-0.0871559],
        [-419.8,-0.108985,-358.202]
      ]
    }
  },
  {
    "node": {
      "name": "boxes_rendinst",
      "tm": [
        [-0.965926,0.0,-0.258819],
        [0.0,1.0,0.0],
        [0.258819,0.0,-0.965926],
        [-262.799,-0.108985,-382.433]
      ]
    }
  },
  {
    "node": {
      "name": "britain_windvane_rendinst",
      "tm": [
        [-0.709277,0.0,-0.70493],
        [-7.29991e-08,1.0,7.34492e-08],
        [0.70493,1.03555e-07,-0.709277],
        [571.753,-0.108985,-6.6881]
      ]
    }
  },
  {
    "node": {
      "name": "britain_windvane_rendinst",
      "tm": [
        [-0.709277,0.0,-0.70493],
        [-7.29991e-08,1.0,7.34492e-08],
        [0.70493,1.03555e-07,-0.709277],
        [-521.885,-0.108985,-244.447]
      ]
    }
  },
  {
    "node": {
      "name": "britain_tent_1_rendinst",
      "tm": [
        [-0.790448,0.0,-0.612529],
        [0.0,1.0,0.0],
        [0.612529,0.0,-0.790448],
        [-363.101,-0.108985,57.4345]
      ]
    }
  },
  {
    "node": {
      "name": "britain_tent_2_rendinst",
      "tm": [
        [0.387075,4.76837e-07,-0.922048],
        [-2.54839e-07,1.0,4.10169e-07],
        [0.922048,7.62083e-08,0.387075],
        [-366.95,-0.108985,47.7553]
      ]
    }
  },
  {
    "node": {
      "name": "britain_army_tent_rendinst",
      "tm": [
        [-0.990813,0.0,-0.135241],
        [0.0,1.0,0.0],
        [0.135241,0.0,-0.990813],
        [-358.19,-0.108985,64.257]
      ]
    }
  },
  {
    "node": {
      "name": "britain_tent_1_rendinst",
      "tm": [
        [-0.740483,0.0,0.672075],
        [0.0,1.0,0.0],
        [-0.672075,0.0,-0.740483],
        [-373.956,-0.108985,60.5643]
      ]
    }
  },
  {
    "node": {
      "name": "britain_army_tent_rendinst",
      "tm": [
        [-0.983892,-2.03031e-07,0.178766],
        [-1.59001e-07,1.0,2.60626e-07],
        [-0.178766,2.28003e-07,-0.983892],
        [-355.444,-0.108985,46.62]
      ]
    }
  },
  {
    "node": {
      "name": "boxes_rendinst",
      "tm": [
        [0.943888,0.0,-0.330265],
        [0.0,1.0,0.0],
        [0.330265,0.0,0.943888],
        [405.005,-0.108985,-201.536]
      ]
    }
  },
  {
    "node": {
      "name": "britain_tent_1_rendinst",
      "tm": [
        [0.996195,0.0,0.0871558],
        [0.0,1.0,0.0],
        [-0.0871558,0.0,0.996195],
        [465.865,-0.108985,-173.265]
      ]
    }
  },
  {
    "node": {
      "name": "britain_army_tent_rendinst",
      "tm": [
        [0.978403,-2.65635e-07,0.206708],
        [2.59898e-07,1.0,5.49089e-08],
        [-0.206708,0.0,0.978403],
        [393.109,-0.108985,-192.248]
      ]
    }
  },
  {
    "node": {
      "name": "britain_tent_1_rendinst",
      "tm": [
        [0.939693,0.0,0.34202],
        [0.0,1.0,0.0],
        [-0.34202,0.0,0.939693],
        [392.91,-0.108985,-204.461]
      ]
    }
  },
  {
    "node": {
      "name": "britain_tent_1_rendinst",
      "tm": [
        [0.990096,0.0,-0.140391],
        [0.0,1.0,0.0],
        [0.140391,0.0,0.990096],
        [401.234,-0.108985,-164.602]
      ]
    }
  },
  {
    "node": {
      "name": "britain_big_army_tent_rendinst",
      "tm": [
        [-0.202681,0.0,0.979245],
        [0.0,1.0,0.0],
        [-0.979245,0.0,-0.202681],
        [411.617,-0.108985,-188.553]
      ]
    }
  },
  {
    "node": {
      "name": "britain_tent_1_rendinst",
      "tm": [
        [0.743968,-3.73189e-07,0.668216],
        [3.19055e-07,1.0,2.03261e-07],
        [-0.668216,6.19785e-08,0.743968],
        [390.403,-0.108985,-167.267]
      ]
    }
  },
  {
    "node": {
      "name": "britain_tent_1_rendinst",
      "tm": [
        [-0.452894,0.0,0.891565],
        [0.0,1.0,0.0],
        [-0.891565,0.0,-0.452894],
        [451.316,-0.108985,-175.364]
      ]
    }
  },
  {
    "node": {
      "name": "britain_tent_2_rendinst",
      "tm": [
        [-0.452894,0.0,0.891565],
        [0.0,1.0,0.0],
        [-0.891565,0.0,-0.452894],
        [412.308,-0.108985,-164.821]
      ]
    }
  },
  {
    "node": {
      "name": "britain_army_tent_rendinst",
      "tm": [
        [-0.206709,-7.80076e-08,0.978402],
        [3.61923e-08,1.0,8.7376e-08],
        [-0.978402,5.3472e-08,-0.206709],
        [444.821,-0.108985,-166.65]
      ]
    }
  },
  {
    "node": {
      "name": "britain_tent_1_rendinst",
      "tm": [
        [-0.452894,0.0,0.891565],
        [0.0,1.0,0.0],
        [-0.891565,0.0,-0.452894],
        [389.669,-0.108985,-179.859]
      ]
    }
  },
  {
    "node": {
      "name": "britain_tent_2_rendinst",
      "tm": [
        [-0.422618,0.0,0.906308],
        [0.0,1.0,0.0],
        [-0.906308,0.0,-0.422618],
        [405.624,-0.108985,-212.771]
      ]
    }
  },
  {
    "node": {
      "name": "britain_big_army_tent_rendinst",
      "tm": [
        [0.996195,0.0,-0.0871552],
        [0.0,1.0,0.0],
        [0.0871552,0.0,0.996195],
        [478.181,-0.108985,-195.863]
      ]
    }
  },
  {
    "node": {
      "name": "britain_army_tent_rendinst",
      "tm": [
        [0.422618,0.0,0.906308],
        [0.0,1.0,0.0],
        [-0.906308,0.0,0.422618],
        [434.835,-0.108985,-235.096]
      ]
    }
  },
  {
    "node": {
      "name": "britain_tent_1_rendinst",
      "tm": [
        [-0.984808,-1.2595e-07,0.173648],
        [-4.3869e-08,1.0,4.76524e-07],
        [-0.173648,4.61666e-07,-0.984808],
        [444.943,-0.108985,-225.947]
      ]
    }
  },
  {
    "node": {
      "name": "britain_army_tent_rendinst",
      "tm": [
        [-0.5,0.0,0.866025],
        [0.0,1.0,0.0],
        [-0.866025,0.0,-0.5],
        [465.138,-0.108985,-215.409]
      ]
    }
  },
  {
    "node": {
      "name": "britain_army_tent_rendinst",
      "tm": [
        [0.422618,0.0,0.906308],
        [0.0,1.0,0.0],
        [-0.906308,0.0,0.422618],
        [455.302,-0.108985,-220.809]
      ]
    }
  },
  {
    "node": {
      "name": "britain_tent_1_rendinst",
      "tm": [
        [1.0,0.0,-4.76837e-07],
        [0.0,1.0,0.0],
        [4.76837e-07,0.0,1.0],
        [483.37,-0.108985,-179.171]
      ]
    }
  },
  {
    "node": {
      "name": "stalingrad_radio_camouflage_rendinst",
      "tm": [
        [0.819152,0.0,-0.573576],
        [0.0,1.0,0.0],
        [0.573576,0.0,0.819152],
        [470.331,-0.108985,-162.636]
      ]
    }
  },
  {
    "node": {
      "name": "britain_tent_1_rendinst",
      "tm": [
        [0.799375,0.0,0.600833],
        [0.0,1.0,0.0],
        [-0.600833,0.0,0.799375],
        [456.811,-0.108985,-159.411]
      ]
    }
  },
  {
    "node": {
      "name": "britain_army_tent_rendinst",
      "tm": [
        [0.965926,0.0,0.258819],
        [0.0,1.0,0.0],
        [-0.258819,0.0,0.965926],
        [480.983,-0.108985,-168.301]
      ]
    }
  }
]