{
  "className": "composit",
  "size": [
    1024.0,
    256.0
  ],
  "airfield": {
    "start": [
      456.0,
      0.0,
      45.0
    ],
    "end": [
      -456.0,
      0.0,
      45.0
    ],
    "width": 80.0,
    "spawn": [
      [
        317.0,
        0.0,
        36.0
      ],
      [
        330.0,
        0.0,
        61.0
      ],
      [
        341.0,
        0.0,
        36.0
      ],
      [
        353.0,
        0.0,
        61.0
      ],
      [
        364.0,
        0.0,
        36.0
      ],
      [
        377.0,
        0.0,
        61.0
      ],
      [
        388.0,
        0.0,
        36.0
      ],
      [
        400.0,
        0.0,
        61.0
      ],
      [
        413.0,
        0.0,
        36.0
      ],
      [
        426.0,
        0.0,
        61.0
      ],
      [
        439.0,
        0.0,
        36.0
      ],
      [
        452.0,
        0.0,
        61.0
      ],
      [
        465.0,
        0.0,
        36.0
      ],
      [
        478.0,
        0.0,
        61.0
      ],
      [
        491.0,
        0.0,
        36.0
      ],
      [
        504.0,
        0.0,
        61.0
      ]
    ],
    "repairTags": {
      "type_attack_helicopter": false,
      "type_utility_helicopter": false
    }
  },
  "node": [
    {
      "name": "^^dynaf_prototype_mesh",
      "tm": [
        [
          1.0,
          0.0,
          0.0
        ],
        [
          0.0,
          1.0,
          0.0
        ],
        [
          0.0,
          0.0,
          1.0
        ],
        [
          0.0,
          0.0,
          0.0
        ]
      ]
    },
    {
      "name": "+NoTreesBox001",
      "tm": [
        [
          1000.0,
          0.0,
          0.0
        ],
        [
          0.0,
          15.0,
          0.0
        ],
        [
          0.0,
          0.0,
          50.0
        ],
        [
          33.0,
          0.0,
          36.0
        ]
      ]
    },
    {
      "name": "+NoTreesBox002",
      "tm": [
        [
          415.0,
          0.0,
          0.0
        ],
        [
          0.0,
          15.0,
          0.0
        ],
        [
          0.0,
          0.0,
          95.0
        ],
        [
          19.0,
          0.0,
          28.0
        ]
      ]
    },
    {
      "name": "us_mbase_hangar5",
      "tm": [
        [
          1.94707E-07,
          0.0,
          1.0
        ],
        [
          0.0,
          1.0,
          0.0
        ],
        [
          -1.0,
          0.0,
          1.94707E-07
        ],
        [
          -365.436,
          0.0,
          -76.4008
        ]
      ]
    },
    {
      "name": "us_mbase_hangar4",
      "tm": [
        [
          1.0,
          0.0,
          0.0
        ],
        [
          0.0,
          1.0,
          0.0
        ],
        [
          0.0,
          0.0,
          1.0
        ],
        [
          109.935,
          0.0,
          -19.588
        ]
      ]
    },
    {
      "name": "us_mbase_hangar3",
      "tm": [
        [
          7.54979E-08,
          0.0,
          1.0
        ],
        [
          0.0,
          1.0,
          0.0
        ],
        [
          -1.0,
          0.0,
          7.54979E-08
        ],
        [
          298.642,
          0.0,
          -15.6236
        ]
      ]
    },
    {
      "name": "us_mbase_hangar1b",
      "tm": [
        [
          -4.37114E-08,
          0.0,
          1.0
        ],
        [
          0.0,
          1.0,
          0.0
        ],
        [
          -1.0,
          0.0,
          -4.37114E-08
        ],
        [
          -212.089,
          0.0,
          -70.6057
        ]
      ]
    },
    {
      "name": "us_mbase_hangar1b",
      "tm": [
        [
          -4.37114E-08,
          0.0,
          1.0
        ],
        [
          0.0,
          1.0,
          0.0
        ],
        [
          -1.0,
          0.0,
          -4.37114E-08
        ],
        [
          -316.545,
          0.0,
          -71.5661
        ]
      ]
    },
    {
      "name": "us_mbase_hangar5",
      "tm": [
        [
          1.94707E-07,
          0.0,
          1.0
        ],
        [
          0.0,
          1.0,
          0.0
        ],
        [
          -1.0,
          0.0,
          1.94707E-07
        ],
        [
          -268.726,
          0.0,
          -75.6862
        ]
      ]
    },
    {
      "name": "us_mbase_hangar4",
      "tm": [
        [
          -1.0,
          0.0,
          1.50996E-07
        ],
        [
          0.0,
          1.0,
          0.0
        ],
        [
          -1.50996E-07,
          0.0,
          -1.0
        ],
        [
          296.873,
          0.0,
          -71.798
        ]
      ]
    },
    {
      "name": "britain_big_hangar_rendinst",
      "tm": [
        [
          0.981017,
          0.0,
          1.16946E-07
        ],
        [
          0.0,
          0.981017,
          0.0
        ],
        [
          -1.16946E-07,
          0.0,
          0.981017
        ],
        [
          114.25,
          0.0,
          -64.4193
        ]
      ]
    },
    {
      "name": "britain_hangar_1_rendinst",
      "tm": [
        [
          1.19249E-08,
          -7.10543E-15,
          1.0
        ],
        [
          -9.53674E-07,
          1.0,
          1.84779E-14
        ],
        [
          -1.0,
          -9.53674E-07,
          1.19249E-08
        ],
        [
          370.465,
          0.0,
          -14.4498
        ]
      ]
    },
    {
      "name": "britain_hangar_2_rendinst",
      "tm": [
        [
          1.0,
          0.0,
          0.0
        ],
        [
          0.0,
          1.0,
          0.0
        ],
        [
          0.0,
          0.0,
          1.0
        ],
        [
          -174.191,
          0.0,
          -59.1869
        ]
      ]
    },
    {
      "name": "britain_tech_building_2_rendinst",
      "tm": [
        [
          1.0,
          0.0,
          3.01992E-07
        ],
        [
          0.0,
          1.0,
          0.0
        ],
        [
          -3.01992E-07,
          0.0,
          1.0
        ],
        [
          50.4899,
          0.0,
          -64.5077
        ]
      ]
    },
    {
      "name": "britain_tech_building_1_rendinst",
      "tm": [
        [
          0.00231553,
          0.0,
          0.999997
        ],
        [
          0.0,
          1.0,
          0.0
        ],
        [
          -0.999997,
          0.0,
          0.00231553
        ],
        [
          173.388,
          0.0,
          -103.867
        ]
      ]
    },
    {
      "name": "britain_tech_building_1_rendinst",
      "tm": [
        [
          0.00231553,
          0.0,
          0.999997
        ],
        [
          0.0,
          1.0,
          0.0
        ],
        [
          -0.999997,
          0.0,
          0.00231553
        ],
        [
          150.63,
          0.0,
          -103.564
        ]
      ]
    },
    {
      "name": "britain_hangar_2_rendinst",
      "tm": [
        [
          1.0,
          0.0,
          0.0
        ],
        [
          0.0,
          1.0,
          0.0
        ],
        [
          0.0,
          0.0,
          1.0
        ],
        [
          58.4425,
          0.0,
          -9.57566
        ]
      ]
    },
    {
      "name": "britain_observ_post_1_rendinst",
      "tm": [
        [
          1.0,
          0.0,
          0.0
        ],
        [
          0.0,
          1.0,
          -2.07795E-08
        ],
        [
          0.0,
          2.07795E-08,
          1.0
        ],
        [
          7.62576,
          0.0,
          107.789
        ]
      ]
    },
    {
      "name": "britain_army_tent_rendinst",
      "tm": [
        [
          1.0,
          0.0,
          0.0
        ],
        [
          0.0,
          1.0,
          0.0
        ],
        [
          0.0,
          0.0,
          1.0
        ],
        [
          -10.3788,
          0.0,
          -67.3736
        ]
      ]
    },
    {
      "name": "britain_tent_2_rendinst",
      "tm": [
        [
          0.707107,
          0.0,
          0.707107
        ],
        [
          0.0,
          1.0,
          0.0
        ],
        [
          -0.707107,
          0.0,
          0.707107
        ],
        [
          12.0059,
          0.0,
          -37.3182
        ]
      ]
    },
    {
      "name": "britain_tent_1_rendinst",
      "tm": [
        [
          0.939692,
          0.0,
          -0.34202
        ],
        [
          0.0,
          1.0,
          0.0
        ],
        [
          0.34202,
          0.0,
          0.939692
        ],
        [
          2.18399,
          0.0,
          -36.225
        ]
      ]
    },
    {
      "name": "britain_big_army_tent_rendinst",
      "tm": [
        [
          1.0,
          0.0,
          0.0
        ],
        [
          0.0,
          1.0,
          0.0
        ],
        [
          0.0,
          0.0,
          1.0
        ],
        [
          0.942581,
          0.0,
          -51.3574
        ]
      ]
    },
    {
      "name": "britain_tent_1_rendinst",
      "tm": [
        [
          0.422618,
          0.0,
          -0.906308
        ],
        [
          0.0,
          1.0,
          0.0
        ],
        [
          0.906308,
          0.0,
          0.422618
        ],
        [
          21.7862,
          0.0,
          -39.1156
        ]
      ]
    },
    {
      "name": "britain_tent_1_rendinst",
      "tm": [
        [
          0.866025,
          0.0,
          0.5
        ],
        [
          0.0,
          1.0,
          0.0
        ],
        [
          -0.5,
          0.0,
          0.866025
        ],
        [
          -12.1819,
          0.0,
          -40.9064
        ]
      ]
    },
    {
      "name": "britain_tent_1_rendinst",
      "tm": [
        [
          -0.258819,
          0.0,
          0.965926
        ],
        [
          0.0,
          1.0,
          0.0
        ],
        [
          -0.965926,
          0.0,
          -0.258819
        ],
        [
          -15.5914,
          0.0,
          -56.3615
        ]
      ]
    },
    {
      "name": "britain_tent_2_rendinst",
      "tm": [
        [
          -0.258819,
          0.0,
          0.965926
        ],
        [
          0.0,
          1.0,
          0.0
        ],
        [
          -0.965926,
          0.0,
          -0.258819
        ],
        [
          -6.7522,
          0.0,
          -31.9946
        ]
      ]
    },
    {
      "name": "britain_army_tent_rendinst",
      "tm": [
        [
          1.0,
          0.0,
          0.0
        ],
        [
          0.0,
          1.0,
          0.0
        ],
        [
          0.0,
          0.0,
          1.0
        ],
        [
          -19.6394,
          0.0,
          -47.6273
        ]
      ]
    },
    {
      "name": "britain_tent_2_rendinst",
      "tm": [
        [
          0.422618,
          0.0,
          -0.906308
        ],
        [
          0.0,
          1.0,
          0.0
        ],
        [
          0.906308,
          0.0,
          0.422618
        ],
        [
          5.72675,
          0.0,
          -67.5674
        ]
      ]
    },
    {
      "name": "britain_army_tent_rendinst",
      "tm": [
        [
          0.573576,
          0.0,
          0.819152
        ],
        [
          0.0,
          1.0,
          0.0
        ],
        [
          -0.819152,
          0.0,
          0.573576
        ],
        [
          -0.0618973,
          0.0,
          -70.3662
        ]
      ]
    },
    {
      "name": "britain_tent_1_rendinst",
      "tm": [
        [
          0.34202,
          0.0,
          0.939693
        ],
        [
          0.0,
          1.0,
          0.0
        ],
        [
          -0.939693,
          0.0,
          0.34202
        ],
        [
          19.0762,
          0.0,
          -59.9877
        ]
      ]
    },
    {
      "name": "britain_control_tower_1_rendinst",
      "tm": [
        [
          -0.358069,
          -1.13687E-13,
          -0.933695
        ],
        [
          1.33566E-06,
          1.0,
          -5.12222E-07
        ],
        [
          0.933695,
          -1.43051E-06,
          -0.358069
        ],
        [
          462.661,
          0.0,
          -51.3044
        ]
      ]
    },
    {
      "name": "britain_control_tower_1_rendinst",
      "tm": [
        [
          1.19249E-08,
          0.0,
          -1.0
        ],
        [
          1.43051E-06,
          1.0,
          1.70587E-14
        ],
        [
          1.0,
          -1.43051E-06,
          1.19249E-08
        ],
        [
          -465.105,
          0.0,
          -21.8961
        ]
      ]
    },
    {
      "name": "britain_tent_1_rendinst",
      "tm": [
        [
          -0.996195,
          0.0,
          0.0871559
        ],
        [
          0.0,
          1.0,
          0.0
        ],
        [
          -0.0871559,
          0.0,
          -0.996195
        ],
        [
          -42.6693,
          0.0,
          -74.1837
        ]
      ]
    },
    {
      "name": "britain_tent_2_rendinst",
      "tm": [
        [
          -0.984808,
          0.0,
          0.173648
        ],
        [
          0.0,
          1.0,
          0.0
        ],
        [
          -0.173648,
          0.0,
          -0.984808
        ],
        [
          -39.9028,
          0.0,
          -63.6797
        ]
      ]
    },
    {
      "name": "britain_army_tent_rendinst",
      "tm": [
        [
          1.0,
          0.0,
          0.0
        ],
        [
          0.0,
          1.0,
          0.0
        ],
        [
          0.0,
          0.0,
          1.0
        ],
        [
          -31.9764,
          0.0,
          -54.8616
        ]
      ]
    },
    {
      "name": "britain_tent_1_rendinst",
      "tm": [
        [
          0.984808,
          0.0,
          -0.173648
        ],
        [
          0.0,
          1.0,
          0.0
        ],
        [
          0.173648,
          0.0,
          0.984808
        ],
        [
          -35.2676,
          0.0,
          -25.5586
        ]
      ]
    },
    {
      "name": "britain_tent_2_rendinst",
      "tm": [
        [
          0.0871558,
          0.0,
          0.996195
        ],
        [
          0.0,
          1.0,
          0.0
        ],
        [
          -0.996195,
          0.0,
          0.0871558
        ],
        [
          -27.8092,
          0.0,
          -26.5309
        ]
      ]
    },
    {
      "name": "britain_tent_1_rendinst",
      "tm": [
        [
          0.984808,
          0.0,
          -0.173648
        ],
        [
          0.0,
          1.0,
          0.0
        ],
        [
          0.173648,
          0.0,
          0.984808
        ],
        [
          -18.8951,
          0.0,
          -27.1249
        ]
      ]
    },
    {
      "name": "britain_weapon_empl_rendinst",
      "tm": [
        [
          0.707107,
          0.0,
          0.707107
        ],
        [
          0.0,
          1.0,
          0.0
        ],
        [
          -0.707107,
          0.0,
          0.707107
        ],
        [
          -442.633,
          0.0,
          -39.5677
        ]
      ]
    },
    {
      "name": "britain_hangar_3_rendinst",
      "tm": [
        [
          1.52245,
          0.0,
          2.66194E-07
        ],
        [
          0.0,
          1.52245,
          0.0
        ],
        [
          -2.66194E-07,
          0.0,
          1.52245
        ],
        [
          199.65,
          0.0,
          -97.5757
        ]
      ]
    },
    {
      "name": "britain_army_tent_rendinst",
      "tm": [
        [
          -4.37114E-08,
          0.0,
          -1.0
        ],
        [
          0.0,
          1.0,
          0.0
        ],
        [
          1.0,
          0.0,
          -4.37114E-08
        ],
        [
          -441.784,
          0.0,
          -71.8593
        ]
      ]
    },
    {
      "name": "britain_tent_2_rendinst",
      "tm": [
        [
          0.707107,
          0.0,
          -0.707107
        ],
        [
          0.0,
          1.0,
          0.0
        ],
        [
          0.707107,
          0.0,
          0.707107
        ],
        [
          -412.133,
          0.0,
          -96.4685
        ]
      ]
    },
    {
      "name": "britain_tent_1_rendinst",
      "tm": [
        [
          -0.34202,
          0.0,
          -0.939692
        ],
        [
          0.0,
          1.0,
          0.0
        ],
        [
          0.939692,
          0.0,
          -0.34202
        ],
        [
          -408.815,
          0.0,
          -86.8488
        ]
      ]
    },
    {
      "name": "britain_big_army_tent_rendinst",
      "tm": [
        [
          -4.37114E-08,
          0.0,
          -1.0
        ],
        [
          0.0,
          1.0,
          0.0
        ],
        [
          1.0,
          0.0,
          -4.37114E-08
        ],
        [
          -423.92,
          0.0,
          -84.8098
        ]
      ]
    },
    {
      "name": "britain_tent_1_rendinst",
      "tm": [
        [
          0.5,
          0.0,
          -0.866025
        ],
        [
          0.0,
          1.0,
          0.0
        ],
        [
          0.866025,
          0.0,
          0.5
        ],
        [
          -412.036,
          0.0,
          -71.1189
        ]
      ]
    },
    {
      "name": "britain_tent_1_rendinst",
      "tm": [
        [
          0.573576,
          0.0,
          -0.819152
        ],
        [
          0.0,
          1.0,
          0.0
        ],
        [
          0.819152,
          0.0,
          0.573576
        ],
        [
          -439.453,
          0.0,
          -91.0844
        ]
      ]
    },
    {
      "name": "britain_tent_2_rendinst",
      "tm": [
        [
          0.965926,
          0.0,
          0.258819
        ],
        [
          0.0,
          1.0,
          0.0
        ],
        [
          -0.258819,
          0.0,
          0.965926
        ],
        [
          -405.394,
          0.0,
          -78.317
        ]
      ]
    },
    {
      "name": "britain_army_tent_rendinst",
      "tm": [
        [
          -4.37114E-08,
          0.0,
          -1.0
        ],
        [
          0.0,
          1.0,
          0.0
        ],
        [
          1.0,
          0.0,
          -4.37114E-08
        ],
        [
          -421.027,
          0.0,
          -64.621
        ]
      ]
    },
    {
      "name": "britain_tent_2_rendinst",
      "tm": [
        [
          -0.642788,
          0.0,
          -0.766044
        ],
        [
          0.0,
          1.0,
          0.0
        ],
        [
          0.766044,
          0.0,
          -0.642788
        ],
        [
          -434.751,
          0.0,
          -96.9839
        ]
      ]
    },
    {
      "name": "britain_army_tent_rendinst",
      "tm": [
        [
          0.819152,
          0.0,
          -0.573576
        ],
        [
          0.0,
          1.0,
          0.0
        ],
        [
          0.573576,
          0.0,
          0.819152
        ],
        [
          -443.766,
          0.0,
          -82.3786
        ]
      ]
    },
    {
      "name": "britain_tent_1_rendinst",
      "tm": [
        [
          0.939693,
          0.0,
          -0.34202
        ],
        [
          0.0,
          1.0,
          0.0
        ],
        [
          0.34202,
          0.0,
          0.939693
        ],
        [
          -428.496,
          0.0,
          -101.178
        ]
      ]
    },
    {
      "name": "britain_control_tower_1_rendinst",
      "tm": [
        [
          -0.0700752,
          0.0,
          0.997542
        ],
        [
          -1.42699E-06,
          1.0,
          -1.00243E-07
        ],
        [
          -0.997542,
          -1.43051E-06,
          -0.0700752
        ],
        [
          -11.7485,
          0.0,
          96.8404
        ]
      ]
    },
    {
      "name": "britain_army_tent_rendinst",
      "tm": [
        [
          0.310186,
          0.0,
          0.950676
        ],
        [
          0.0,
          1.0,
          0.0
        ],
        [
          -0.950676,
          0.0,
          0.310186
        ],
        [
          414.378,
          0.0,
          -78.9027
        ]
      ]
    },
    {
      "name": "britain_tent_2_rendinst",
      "tm": [
        [
          -0.452894,
          0.0,
          0.891564
        ],
        [
          0.0,
          1.0,
          0.0
        ],
        [
          -0.891564,
          0.0,
          -0.452894
        ],
        [
          393.489,
          0.0,
          -40.5394
        ]
      ]
    },
    {
      "name": "britain_tent_1_rendinst",
      "tm": [
        [
          0.61663,
          0.0,
          0.787253
        ],
        [
          0.0,
          1.0,
          0.0
        ],
        [
          -0.787253,
          0.0,
          0.61663
        ],
        [
          378.831,
          0.0,
          -45.2689
        ]
      ]
    },
    {
      "name": "britain_big_army_tent_rendinst",
      "tm": [
        [
          -0.78471,
          0.0,
          0.619863
        ],
        [
          0.0,
          1.0,
          0.0
        ],
        [
          -0.619863,
          0.0,
          -0.78471
        ],
        [
          400.523,
          0.0,
          -60.817
        ]
      ]
    },
    {
      "name": "britain_tent_1_rendinst",
      "tm": [
        [
          0.278589,
          0.0,
          0.96041
        ],
        [
          0.0,
          1.0,
          0.0
        ],
        [
          -0.96041,
          0.0,
          0.278589
        ],
        [
          420.165,
          0.0,
          -67.6954
        ]
      ]
    },
    {
      "name": "britain_tent_1_rendinst",
      "tm": [
        [
          -0.206708,
          0.0,
          0.978402
        ],
        [
          0.0,
          1.0,
          0.0
        ],
        [
          -0.978402,
          0.0,
          -0.206708
        ],
        [
          381.573,
          0.0,
          -75.5699
        ]
      ]
    },
    {
      "name": "britain_tent_1_rendinst",
      "tm": [
        [
          -0.787253,
          0.0,
          0.61663
        ],
        [
          0.0,
          1.0,
          0.0
        ],
        [
          -0.61663,
          0.0,
          -0.787253
        ],
        [
          415.001,
          0.0,
          -48.1976
        ]
      ]
    },
    {
      "name": "britain_tent_2_rendinst",
      "tm": [
        [
          -0.998564,
          0.0,
          0.0535641
        ],
        [
          0.0,
          1.0,
          0.0
        ],
        [
          -0.0535641,
          0.0,
          -0.998564
        ],
        [
          366.778,
          0.0,
          -61.2435
        ]
      ]
    },
    {
      "name": "britain_army_tent_rendinst",
      "tm": [
        [
          -0.600832,
          0.0,
          0.799375
        ],
        [
          0.0,
          1.0,
          0.0
        ],
        [
          -0.799375,
          0.0,
          -0.600832
        ],
        [
          425.482,
          0.0,
          -49.569
        ]
      ]
    },
    {
      "name": "britain_tent_2_rendinst",
      "tm": [
        [
          0.992695,
          0.0,
          0.120649
        ],
        [
          0.0,
          1.0,
          0.0
        ],
        [
          -0.120649,
          0.0,
          0.992695
        ],
        [
          420.188,
          0.0,
          -57.8245
        ]
      ]
    },
    {
      "name": "britain_tent_1_rendinst",
      "tm": [
        [
          -0.998564,
          0.0,
          0.0535643
        ],
        [
          0.0,
          1.0,
          0.0
        ],
        [
          -0.0535643,
          0.0,
          -0.998564
        ],
        [
          401.616,
          0.0,
          -80.549
        ]
      ]
    },
    {
      "name": "britain_army_tent_rendinst",
      "tm": [
        [
          0.310186,
          0.0,
          0.950676
        ],
        [
          0.0,
          1.0,
          0.0
        ],
        [
          -0.950676,
          0.0,
          0.310186
        ],
        [
          392.004,
          0.0,
          -79.8413
        ]
      ]
    },
    {
      "name": "britain_tent_1_rendinst",
      "tm": [
        [
          0.470557,
          0.0,
          0.88237
        ],
        [
          0.0,
          1.0,
          0.0
        ],
        [
          -0.88237,
          0.0,
          0.470557
        ],
        [
          373.542,
          0.0,
          -73.5425
        ]
      ]
    },
    {
      "name": "britain_observ_post_1_rendinst",
      "tm": [
        [
          1.0,
          0.0,
          0.0
        ],
        [
          0.0,
          1.0,
          -2.07795E-08
        ],
        [
          0.0,
          2.07795E-08,
          1.0
        ],
        [
          -421.195,
          0.0,
          91.4421
        ]
      ]
    },
    {
      "name": "britain_tech_building_2_rendinst",
      "tm": [
        [
          -1.0,
          0.0,
          8.74228E-08
        ],
        [
          0.0,
          1.0,
          0.0
        ],
        [
          -8.74228E-08,
          0.0,
          -1.0
        ],
        [
          300.969,
          0.0,
          -42.7464
        ]
      ]
    },
    {
      "name": "britain_hangar_2_rendinst",
      "tm": [
        [
          -1.0,
          0.0,
          1.50996E-07
        ],
        [
          0.0,
          1.0,
          0.0
        ],
        [
          -1.50996E-07,
          0.0,
          -1.0
        ],
        [
          -166.647,
          0.0,
          104.895
        ]
      ]
    },
    {
      "name": "britain_hangar_2_rendinst",
      "tm": [
        [
          1.0,
          0.0,
          0.0
        ],
        [
          0.0,
          1.0,
          0.0
        ],
        [
          0.0,
          0.0,
          1.0
        ],
        [
          345.263,
          0.0,
          -5.97843
        ]
      ]
    },
    {
      "name": "britain_tech_building_2_rendinst",
      "tm": [
        [
          1.94707E-07,
          0.0,
          1.0
        ],
        [
          0.0,
          1.0,
          0.0
        ],
        [
          -1.0,
          0.0,
          1.94707E-07
        ],
        [
          -234.653,
          0.0,
          -78.4898
        ]
      ]
    },
    {
      "name": "britain_weapon_empl_rendinst",
      "tm": [
        [
          -1.0,
          0.0,
          -1.50996E-07
        ],
        [
          0.0,
          1.0,
          0.0
        ],
        [
          1.50996E-07,
          0.0,
          -1.0
        ],
        [
          446.301,
          0.0,
          -15.4519
        ]
      ]
    },
    {
      "name": "britain_tech_building_1_rendinst",
      "tm": [
        [
          0.00231553,
          0.0,
          0.999997
        ],
        [
          0.0,
          1.0,
          0.0
        ],
        [
          -0.999997,
          0.0,
          0.00231553
        ],
        [
          162.099,
          0.0,
          -103.564
        ]
      ]
    },
    {
      "name": "britain_windvane_rendinst",
      "tm": [
        [
          -0.984269,
          0.0,
          0.176673
        ],
        [
          0.0,
          1.0,
          0.0
        ],
        [
          -0.176673,
          0.0,
          -0.984269
        ],
        [
          -464.959,
          0.0,
          91.4416
        ]
      ]
    },
    {
      "name": "britain_weapon_empl_rendinst",
      "tm": [
        [
          7.54979E-08,
          0.0,
          1.0
        ],
        [
          0.0,
          1.0,
          0.0
        ],
        [
          -1.0,
          0.0,
          7.54979E-08
        ],
        [
          -79.112,
          0.0,
          -9.84711
        ]
      ]
    },
    {
      "name": "britain_observ_post_1_rendinst",
      "tm": [
        [
          1.0,
          0.0,
          0.0
        ],
        [
          0.0,
          1.0,
          -2.07795E-08
        ],
        [
          0.0,
          2.07795E-08,
          1.0
        ],
        [
          470.353,
          0.0,
          96.8032
        ]
      ]
    },
    {
      "name": "britain_windvane_rendinst",
      "tm": [
        [
          -0.984269,
          0.0,
          0.176673
        ],
        [
          0.0,
          1.0,
          0.0
        ],
        [
          -0.176673,
          0.0,
          -0.984269
        ],
        [
          464.108,
          0.0,
          -17.5408
        ]
      ]
    }
  ]
}