[
  {
    "className": "composit"
  },
  {
    "size": [1024.0,256.0]
  },
  {
    "airfield": [
      {
        "start": [1103.0,0.0,0.0]
      },
      {
        "end": [-1104.0,0.0,0.0]
      },
      {
        "width": 220.0
      },
      {
        "spawn": [895.0,0.0,-6.0]
      },
      {
        "spawn": [908.0,0.0,6.0]
      },
      {
        "spawn": [919.0,0.0,-6.0]
      },
      {
        "spawn": [932.0,0.0,6.0]
      },
      {
        "spawn": [943.0,0.0,-6.0]
      },
      {
        "spawn": [955.0,0.0,6.0]
      },
      {
        "spawn": [967.0,0.0,-6.0]
      },
      {
        "spawn": [979.0,0.0,6.0]
      },
      {
        "spawn": [990.0,0.0,-6.0]
      },
      {
        "spawn": [1003.0,0.0,6.0]
      },
      {
        "spawn": [1014.0,0.0,-6.0]
      },
      {
        "spawn": [1026.0,0.0,6.0]
      },
      {
        "spawn": [1038.0,0.0,-6.0]
      },
      {
        "spawn": [1051.0,0.0,6.0]
      },
      {
        "spawn": [1063.0,0.0,-6.0]
      },
      {
        "spawn": [1076.0,0.0,6.0]
      },
      {
        "repairTags": {
          "type_attack_helicopter": false,
          "type_utility_helicopter": false
        }
      }
    ]
  },
  {
    "node": {
      "name": "^^dynaf_ruhr_base_1line_2k_mesh",
      "tm": [
        [1.0,0.0,0.0],
        [0.0,1.0,0.0],
        [0.0,0.0,1.0],
        [0.0,3.0,0.162369]
      ]
    }
  },
  {
    "node": {
      "name": "+NoTreesBox001",
      "tm": [
        [1700.0,0.0,0.0],
        [0.0,15.0,0.0],
        [0.0,0.0,485.0],
        [0.0,0.0,-0.0]
      ]
    }
  },
  {
    "node": {
      "name": "+NoTreesBox002",
      "tm": [
        [565.0,0.0,0.0],
        [0.0,15.0,0.0],
        [0.0,0.0,175.0],
        [-47.0,0.0,646.0]
      ]
    }
  },
  {
    "node": {
      "name": "berlin_big_hangar_rendinst",
      "tm": [
        [0.984047,0.0,0.177909],
        [0.0,1.0,0.0],
        [-0.177909,0.0,0.984047],
        [-273.7,0.0,551.037]
      ]
    }
  },
  {
    "node": {
      "name": "berlin_big_hangar_rendinst",
      "tm": [
        [0.984047,0.0,0.177909],
        [0.0,1.0,0.0],
        [-0.177909,0.0,0.984047],
        [-227.0,0.0,558.798]
      ]
    }
  },
  {
    "node": {
      "name": "berlin_big_hangar_rendinst",
      "tm": [
        [0.999991,0.0,0.00432806],
        [0.0,1.0,0.0],
        [-0.00432806,0.0,0.999991],
        [-153.49,0.0,539.889]
      ]
    }
  },
  {
    "node": {
      "name": "berlin_big_hangar_rendinst",
      "tm": [
        [0.999991,0.0,0.00432806],
        [0.0,1.0,0.0],
        [-0.00432806,0.0,0.999991],
        [-104.846,0.0,539.889]
      ]
    }
  },
  {
    "node": {
      "name": "berlin_big_hangar_rendinst",
      "tm": [
        [-0.46586,0.0,0.884858],
        [0.0,1.0,0.0],
        [-0.884858,0.0,-0.46586],
        [-377.514,0.0,540.344]
      ]
    }
  },
  {
    "node": {
      "name": "berlin_big_hangar_rendinst",
      "tm": [
        [-0.46586,0.0,0.884858],
        [0.0,1.0,0.0],
        [-0.884858,0.0,-0.46586],
        [-398.23,0.0,578.654]
      ]
    }
  },
  {
    "node": {
      "name": "berlin_big_hangar_rendinst",
      "tm": [
        [0.390048,0.0,0.920795],
        [0.0,1.0,0.0],
        [-0.920795,0.0,0.390048],
        [34.44,0.0,569.151]
      ]
    }
  },
  {
    "node": {
      "name": "berlin_big_hangar_rendinst",
      "tm": [
        [0.690412,0.0,0.723417],
        [0.0,1.0,0.0],
        [-0.723417,0.0,0.690412],
        [158.972,0.0,551.458]
      ]
    }
  },
  {
    "node": {
      "name": "berlin_big_hangar_rendinst",
      "tm": [
        [0.702175,0.0,0.712004],
        [0.0,1.0,0.0],
        [-0.712004,0.0,0.702175],
        [194.392,0.0,584.021]
      ]
    }
  },
  {
    "node": {
      "name": "berlin_command_center_rendinst",
      "tm": [
        [-0.279161,0.0,-0.960244],
        [0.0,1.0,0.0],
        [0.960244,0.0,-0.279161],
        [31.1559,0.0,612.238]
      ]
    }
  },
  {
    "node": {
      "name": "berlin_command_center_rendinst",
      "tm": [
        [-0.422209,0.0,0.906498],
        [0.0,1.0,0.0],
        [-0.906498,0.0,-0.422209],
        [-583.556,0.0,474.894]
      ]
    }
  },
  {
    "node": {
      "name": "berlin_big_caponeer_rendinst",
      "tm": [
        [0.910579,0.0,0.413335],
        [0.0,1.0,0.0],
        [-0.413335,0.0,0.910579],
        [-483.013,0.0,453.065]
      ]
    }
  },
  {
    "node": {
      "name": "berlin_big_caponeer_rendinst",
      "tm": [
        [0.910579,0.0,0.413335],
        [0.0,1.0,0.0],
        [-0.413335,0.0,0.910579],
        [-505.011,0.0,443.192]
      ]
    }
  },
  {
    "node": {
      "name": "berlin_big_caponeer_rendinst",
      "tm": [
        [0.913766,0.0,0.406241],
        [0.0,1.0,0.0],
        [-0.406241,0.0,0.913766],
        [-527.514,0.0,433.504]
      ]
    }
  },
  {
    "node": {
      "name": "berlin_big_caponeer_rendinst",
      "tm": [
        [0.913766,0.0,0.406241],
        [0.0,1.0,0.0],
        [-0.406241,0.0,0.913766],
        [-549.483,0.0,424.175]
      ]
    }
  },
  {
    "node": {
      "name": "berlin_big_caponeer_rendinst",
      "tm": [
        [0.921434,0.0,0.388535],
        [0.0,1.0,0.0],
        [-0.388535,0.0,0.921434],
        [-718.306,0.0,352.954]
      ]
    }
  },
  {
    "node": {
      "name": "berlin_big_caponeer_rendinst",
      "tm": [
        [0.918385,0.0,0.395689],
        [0.0,1.0,0.0],
        [-0.395689,0.0,0.918385],
        [-651.291,0.0,380.556]
      ]
    }
  },
  {
    "node": {
      "name": "berlin_big_caponeer_rendinst",
      "tm": [
        [0.918385,0.0,0.395689],
        [0.0,1.0,0.0],
        [-0.395689,0.0,0.918385],
        [-673.475,0.0,371.11]
      ]
    }
  },
  {
    "node": {
      "name": "berlin_big_caponeer_rendinst",
      "tm": [
        [0.921434,0.0,0.388535],
        [0.0,1.0,0.0],
        [-0.388535,0.0,0.921434],
        [-696.161,0.0,361.858]
      ]
    }
  },
  {
    "node": {
      "name": "berlin_small_caponeer_rendinst",
      "tm": [
        [-0.960579,0.0,0.278006],
        [0.0,1.0,0.0],
        [-0.278006,0.0,-0.960579],
        [51.1505,0.0,627.801]
      ]
    }
  },
  {
    "node": {
      "name": "berlin_small_caponeer_rendinst",
      "tm": [
        [-0.960579,0.0,0.278006],
        [0.0,1.0,0.0],
        [-0.278006,0.0,-0.960579],
        [30.8272,0.0,633.915]
      ]
    }
  },
  {
    "node": {
      "name": "berlin_small_caponeer_rendinst",
      "tm": [
        [-0.960579,0.0,0.278006],
        [0.0,1.0,0.0],
        [-0.278006,0.0,-0.960579],
        [10.2917,0.0,639.797]
      ]
    }
  },
  {
    "node": {
      "name": "berlin_small_caponeer_rendinst",
      "tm": [
        [-0.960579,0.0,0.278006],
        [0.0,1.0,0.0],
        [-0.278006,0.0,-0.960579],
        [-10.6812,0.0,645.446]
      ]
    }
  },
  {
    "node": {
      "name": "berlin_small_caponeer_rendinst",
      "tm": [
        [0.961367,0.0,-0.275269],
        [0.0,1.0,0.0],
        [0.275269,0.0,0.961367],
        [54.4013,0.0,637.836]
      ]
    }
  },
  {
    "node": {
      "name": "berlin_small_caponeer_rendinst",
      "tm": [
        [0.961367,0.0,-0.275269],
        [0.0,1.0,0.0],
        [0.275269,0.0,0.961367],
        [12.8602,0.0,649.249]
      ]
    }
  },
  {
    "node": {
      "name": "berlin_small_caponeer_rendinst",
      "tm": [
        [0.961367,0.0,-0.275269],
        [0.0,1.0,0.0],
        [0.275269,0.0,0.961367],
        [33.4124,0.0,643.426]
      ]
    }
  },
  {
    "node": {
      "name": "berlin_small_caponeer_rendinst",
      "tm": [
        [0.961367,0.0,-0.275269],
        [0.0,1.0,0.0],
        [0.275269,0.0,0.961367],
        [-7.48036,0.0,655.305]
      ]
    }
  },
  {
    "node": {
      "name": "berlin_small_caponeer_rendinst",
      "tm": [
        [0.962864,0.0,-0.269988],
        [0.0,1.0,0.0],
        [0.269988,0.0,0.962864],
        [63.403,0.0,670.042]
      ]
    }
  },
  {
    "node": {
      "name": "berlin_small_caponeer_rendinst",
      "tm": [
        [0.962864,0.0,-0.269988],
        [0.0,1.0,0.0],
        [0.269988,0.0,0.962864],
        [21.8,0.0,681.226]
      ]
    }
  },
  {
    "node": {
      "name": "berlin_small_caponeer_rendinst",
      "tm": [
        [0.962864,0.0,-0.269988],
        [0.0,1.0,0.0],
        [0.269988,0.0,0.962864],
        [42.3838,0.0,675.516]
      ]
    }
  },
  {
    "node": {
      "name": "berlin_small_caponeer_rendinst",
      "tm": [
        [0.962864,0.0,-0.269988],
        [0.0,1.0,0.0],
        [0.269988,0.0,0.962864],
        [1.42645,0.0,687.17]
      ]
    }
  },
  {
    "node": {
      "name": "berlin_small_caponeer_rendinst",
      "tm": [
        [-0.962091,0.0,0.272729],
        [0.0,1.0,0.0],
        [-0.272729,0.0,-0.962091],
        [-1.72021,0.0,677.293]
      ]
    }
  },
  {
    "node": {
      "name": "berlin_small_caponeer_rendinst",
      "tm": [
        [-0.962091,0.0,0.272729],
        [0.0,1.0,0.0],
        [-0.272729,0.0,-0.962091],
        [19.2834,0.0,671.76]
      ]
    }
  },
  {
    "node": {
      "name": "berlin_small_caponeer_rendinst",
      "tm": [
        [-0.962091,0.0,0.272729],
        [0.0,1.0,0.0],
        [-0.272729,0.0,-0.962091],
        [39.8508,0.0,665.991]
      ]
    }
  },
  {
    "node": {
      "name": "berlin_small_caponeer_rendinst",
      "tm": [
        [-0.962091,0.0,0.272729],
        [0.0,1.0,0.0],
        [-0.272729,0.0,-0.962091],
        [60.2073,0.0,659.988]
      ]
    }
  },
  {
    "node": {
      "name": "berlin_small_caponeer_rendinst",
      "tm": [
        [0.779221,0.0,-0.626749],
        [0.0,1.0,0.0],
        [0.626749,0.0,0.779221],
        [355.285,0.0,544.179]
      ]
    }
  },
  {
    "node": {
      "name": "berlin_small_caponeer_rendinst",
      "tm": [
        [0.778488,0.0,-0.62766],
        [0.0,1.0,0.0],
        [0.62766,0.0,0.778488],
        [340.112,0.0,555.955]
      ]
    }
  },
  {
    "node": {
      "name": "berlin_small_caponeer_rendinst",
      "tm": [
        [0.764058,0.0,-0.645148],
        [0.0,1.0,0.0],
        [0.645148,0.0,0.764058],
        [325.04,0.0,568.641]
      ]
    }
  },
  {
    "node": {
      "name": "berlin_small_caponeer_rendinst",
      "tm": [
        [0.764058,0.0,-0.645148],
        [0.0,1.0,0.0],
        [0.645148,0.0,0.764058],
        [310.23,0.0,581.05]
      ]
    }
  },
  {
    "node": {
      "name": "berlin_small_hangar_rendinst",
      "tm": [
        [-0.949269,0.0,0.314464],
        [0.0,1.0,0.0],
        [-0.314464,0.0,-0.949269],
        [-125.584,0.0,624.713]
      ]
    }
  },
  {
    "node": {
      "name": "berlin_small_hangar_rendinst",
      "tm": [
        [-0.949269,0.0,0.314464],
        [0.0,1.0,0.0],
        [-0.314464,0.0,-0.949269],
        [-155.781,0.0,634.096]
      ]
    }
  },
  {
    "node": {
      "name": "berlin_small_caponeer_rendinst",
      "tm": [
        [0.92091,0.0,0.389776],
        [0.0,1.0,0.0],
        [-0.389776,0.0,0.92091],
        [-564.167,0.0,455.655]
      ]
    }
  },
  {
    "node": {
      "name": "berlin_small_caponeer_rendinst",
      "tm": [
        [0.92091,0.0,0.389776],
        [0.0,1.0,0.0],
        [-0.389776,0.0,0.92091],
        [-544.536,0.0,463.721]
      ]
    }
  },
  {
    "node": {
      "name": "berlin_small_caponeer_rendinst",
      "tm": [
        [0.92091,0.0,0.389776],
        [0.0,1.0,0.0],
        [-0.389776,0.0,0.92091],
        [-524.888,0.0,472.102]
      ]
    }
  },
  {
    "node": {
      "name": "berlin_small_caponeer_rendinst",
      "tm": [
        [0.92091,0.0,0.389776],
        [0.0,1.0,0.0],
        [-0.389776,0.0,0.92091],
        [-505.046,0.0,480.939]
      ]
    }
  },
  {
    "node": {
      "name": "berlin_small_caponeer_rendinst",
      "tm": [
        [0.919398,0.0,0.393329],
        [0.0,1.0,0.0],
        [-0.393329,0.0,0.919398],
        [-731.148,0.0,383.356]
      ]
    }
  },
  {
    "node": {
      "name": "berlin_small_caponeer_rendinst",
      "tm": [
        [0.919398,0.0,0.393329],
        [0.0,1.0,0.0],
        [-0.393329,0.0,0.919398],
        [-711.548,0.0,391.498]
      ]
    }
  },
  {
    "node": {
      "name": "berlin_small_caponeer_rendinst",
      "tm": [
        [0.919398,0.0,0.393329],
        [0.0,1.0,0.0],
        [-0.393329,0.0,0.919398],
        [-691.932,0.0,399.954]
      ]
    }
  },
  {
    "node": {
      "name": "berlin_small_caponeer_rendinst",
      "tm": [
        [0.919398,0.0,0.393329],
        [0.0,1.0,0.0],
        [-0.393329,0.0,0.919398],
        [-672.125,0.0,408.868]
      ]
    }
  },
  {
    "node": {
      "name": "berlin_big_hangar_rendinst",
      "tm": [
        [0.687325,0.0,0.72635],
        [0.0,1.0,0.0],
        [-0.72635,0.0,0.687325],
        [157.909,0.0,620.03]
      ]
    }
  },
  {
    "node": {
      "name": "berlin_small_hangar_rendinst",
      "tm": [
        [-0.727025,0.0,-0.686611],
        [0.0,1.0,0.0],
        [0.686611,0.0,-0.727025],
        [241.501,0.0,602.698]
      ]
    }
  },
  {
    "node": {
      "name": "sicily_tech_building_2_rendinst",
      "tm": [
        [-0.287488,0.0,-0.957784],
        [0.0,1.0,0.0],
        [0.957784,0.0,-0.287488],
        [-217.623,0.0,672.951]
      ]
    }
  },
  {
    "node": {
      "name": "sicily_tech_building_2_rendinst",
      "tm": [
        [-0.287488,0.0,-0.957784],
        [0.0,1.0,0.0],
        [0.957784,0.0,-0.287488],
        [-204.626,0.0,668.268]
      ]
    }
  },
  {
    "node": {
      "name": "sicily_tech_building_2_rendinst",
      "tm": [
        [-0.287488,0.0,-0.957784],
        [0.0,1.0,0.0],
        [0.957784,0.0,-0.287488],
        [-192.069,0.0,664.038]
      ]
    }
  },
  {
    "node": {
      "name": "sicily_tech_building_2_rendinst",
      "tm": [
        [-0.287488,0.0,-0.957784],
        [0.0,1.0,0.0],
        [0.957784,0.0,-0.287488],
        [-179.954,0.0,660.235]
      ]
    }
  },
  {
    "node": {
      "name": "berlin_small_barracks_rendinst",
      "tm": [
        [0.897048,0.0,0.441933],
        [0.0,1.0,0.0],
        [-0.441933,0.0,0.897048],
        [-480.845,0.0,534.959]
      ]
    }
  },
  {
    "node": {
      "name": "berlin_small_barracks_rendinst",
      "tm": [
        [0.268355,0.0,0.96332],
        [0.0,1.0,0.0],
        [-0.96332,0.0,0.268355],
        [-11.4296,0.0,621.961]
      ]
    }
  },
  {
    "node": {
      "name": "berlin_small_barracks_rendinst",
      "tm": [
        [0.268355,0.0,0.96332],
        [0.0,1.0,0.0],
        [-0.96332,0.0,0.268355],
        [-40.4556,0.0,631.282]
      ]
    }
  },
  {
    "node": {
      "name": "berlin_command_center_rendinst",
      "tm": [
        [0.940873,0.0,-0.338758],
        [0.0,1.0,0.0],
        [0.338758,0.0,0.940873],
        [-64.2938,0.0,602.113]
      ]
    }
  },
  {
    "node": {
      "name": "berlin_small_hangar_rendinst",
      "tm": [
        [-0.384894,0.0,-0.922961],
        [0.0,1.0,0.0],
        [0.922961,0.0,-0.384894],
        [2.10726,0.0,594.268]
      ]
    }
  },
  {
    "node": {
      "name": "berlin_small_hangar_rendinst",
      "tm": [
        [0.390601,0.0,0.92056],
        [0.0,1.0,0.0],
        [-0.92056,0.0,0.390601],
        [-7.03458,0.0,571.651]
      ]
    }
  },
  {
    "node": {
      "name": "sicily_tech_building_2_rendinst",
      "tm": [
        [0.403333,0.0,-0.915053],
        [0.0,1.0,0.0],
        [0.915053,0.0,0.403333],
        [-308.448,0.0,641.379]
      ]
    }
  },
  {
    "node": {
      "name": "sicily_tech_building_2_rendinst",
      "tm": [
        [0.403333,0.0,-0.915053],
        [0.0,1.0,0.0],
        [0.915053,0.0,0.403333],
        [-320.131,0.0,636.404]
      ]
    }
  },
  {
    "node": {
      "name": "sicily_tech_building_2_rendinst",
      "tm": [
        [0.403333,0.0,-0.915053],
        [0.0,1.0,0.0],
        [0.915053,0.0,0.403333],
        [-332.427,0.0,631.467]
      ]
    }
  },
  {
    "node": {
      "name": "sicily_tech_building_2_rendinst",
      "tm": [
        [0.403333,0.0,-0.915053],
        [0.0,1.0,0.0],
        [0.915053,0.0,0.403333],
        [-345.352,0.0,626.588]
      ]
    }
  },
  {
    "node": {
      "name": "berlin_big_hangar_rendinst",
      "tm": [
        [0.905175,0.0,0.425038],
        [0.0,1.0,0.0],
        [-0.425038,0.0,0.905175],
        [-517.546,0.0,538.628]
      ]
    }
  },
  {
    "node": {
      "name": "berlin_big_hangar_rendinst",
      "tm": [
        [0.91301,0.0,0.407938],
        [0.0,1.0,0.0],
        [-0.407938,0.0,0.91301],
        [-559.599,0.0,519.464]
      ]
    }
  },
  {
    "node": {
      "name": "berlin_big_hangar_rendinst",
      "tm": [
        [-0.399418,0.0,-0.916769],
        [0.0,1.0,0.0],
        [0.916769,0.0,-0.399418],
        [225.737,0.0,679.756]
      ]
    }
  },
  {
    "node": {
      "name": "berlin_big_hangar_rendinst",
      "tm": [
        [-0.403577,0.0,-0.914946],
        [0.0,1.0,0.0],
        [0.914946,0.0,-0.403577],
        [290.804,0.0,657.323]
      ]
    }
  },
  {
    "node": {
      "name": "berlin_big_hangar_rendinst",
      "tm": [
        [0.901324,0.0,-0.433145],
        [0.0,1.0,0.0],
        [0.433145,0.0,0.901324],
        [295.295,0.0,723.233]
      ]
    }
  },
  {
    "node": {
      "name": "berlin_big_hangar_rendinst",
      "tm": [
        [0.901324,0.0,-0.433145],
        [0.0,1.0,0.0],
        [0.433145,0.0,0.901324],
        [317.635,0.0,768.126]
      ]
    }
  },
  {
    "node": {
      "name": "sicily_hangar_3_rendinst",
      "tm": [
        [0.276436,0.0,0.961032],
        [0.0,1.0,0.0],
        [-0.961032,0.0,0.276436],
        [-87.71,0.0,702.581]
      ]
    }
  },
  {
    "node": {
      "name": "sicily_hangar_3_rendinst",
      "tm": [
        [0.451529,0.0,0.892256],
        [0.0,1.0,0.0],
        [-0.892256,0.0,0.451529],
        [221.21,0.0,756.159]
      ]
    }
  },
  {
    "node": {
      "name": "sicily_hangar_3_rendinst",
      "tm": [
        [-0.418827,0.0,-0.908066],
        [0.0,1.0,0.0],
        [0.908066,0.0,-0.418827],
        [229.221,0.0,779.859]
      ]
    }
  },
  {
    "node": {
      "name": "sicily_tech_building_1_rendinst",
      "tm": [
        [0.747194,0.0,-0.664606],
        [0.0,1.0,0.0],
        [0.664606,0.0,0.747194],
        [398.728,0.0,596.547]
      ]
    }
  },
  {
    "node": {
      "name": "sicily_tech_building_1_rendinst",
      "tm": [
        [0.747194,0.0,-0.664606],
        [0.0,1.0,0.0],
        [0.664606,0.0,0.747194],
        [406.501,0.0,604.852]
      ]
    }
  },
  {
    "node": {
      "name": "sicily_tech_building_1_rendinst",
      "tm": [
        [0.747194,0.0,-0.664606],
        [0.0,1.0,0.0],
        [0.664606,0.0,0.747194],
        [390.149,0.0,586.895]
      ]
    }
  },
  {
    "node": {
      "name": "sicily_tech_building_1_rendinst",
      "tm": [
        [0.747194,0.0,-0.664606],
        [0.0,1.0,0.0],
        [0.664606,0.0,0.747194],
        [414.756,0.0,613.421]
      ]
    }
  },
  {
    "node": {
      "name": "sicily_tech_building_1_rendinst",
      "tm": [
        [0.770839,0.0,-0.63703],
        [0.0,1.0,0.0],
        [0.63703,0.0,0.770839],
        [450.6,0.0,586.643]
      ]
    }
  },
  {
    "node": {
      "name": "sicily_tech_building_1_rendinst",
      "tm": [
        [0.770839,0.0,-0.63703],
        [0.0,1.0,0.0],
        [0.63703,0.0,0.770839],
        [442.662,0.0,577.781]
      ]
    }
  },
  {
    "node": {
      "name": "sicily_tech_building_1_rendinst",
      "tm": [
        [0.770839,0.0,-0.63703],
        [0.0,1.0,0.0],
        [0.63703,0.0,0.770839],
        [435.196,0.0,569.198]
      ]
    }
  },
  {
    "node": {
      "name": "sicily_tech_building_1_rendinst",
      "tm": [
        [0.770839,0.0,-0.63703],
        [0.0,1.0,0.0],
        [0.63703,0.0,0.770839],
        [426.973,0.0,559.241]
      ]
    }
  },
  {
    "node": {
      "name": "berlin_big_hangar_rendinst",
      "tm": [
        [0.369072,0.0,0.929401],
        [0.0,1.0,0.0],
        [-0.929401,0.0,0.369072],
        [31.2928,0.0,513.562]
      ]
    }
  },
  {
    "node": {
      "name": "berlin_big_hangar_rendinst",
      "tm": [
        [0.369072,0.0,0.929401],
        [0.0,1.0,0.0],
        [-0.929401,0.0,0.369072],
        [-15.0149,0.0,531.645]
      ]
    }
  },
  {
    "node": {
      "name": "sicily_tech_building_1_rendinst",
      "tm": [
        [0.770839,0.0,-0.63703],
        [0.0,1.0,0.0],
        [0.63703,0.0,0.770839],
        [142.334,0.0,523.8]
      ]
    }
  },
  {
    "node": {
      "name": "berlin_control_tower2_rendinst",
      "tm": [
        [0.90466,0.0,0.426134],
        [0.0,1.0,0.0],
        [-0.426134,0.0,0.90466],
        [-754.987,0.0,344.671]
      ]
    }
  },
  {
    "node": {
      "name": "berlin_control_tower2_rendinst",
      "tm": [
        [0.90466,0.0,0.426134],
        [0.0,1.0,0.0],
        [-0.426134,0.0,0.90466],
        [-590.467,0.0,419.31]
      ]
    }
  },
  {
    "node": {
      "name": "berlin_control_tower2_rendinst",
      "tm": [
        [0.315279,0.0,0.948999],
        [0.0,1.0,0.0],
        [-0.948999,0.0,0.315279],
        [-146.326,0.0,714.722]
      ]
    }
  },
  {
    "node": {
      "name": "boxes_rendinst",
      "tm": [
        [0.434423,0.0,0.900709],
        [0.0,1.0,0.0],
        [-0.900709,0.0,0.434423],
        [-597.867,0.0,424.139]
      ]
    }
  },
  {
    "node": {
      "name": "boxes_rendinst",
      "tm": [
        [0.81629,0.0,-0.577642],
        [0.0,1.0,0.0],
        [0.577642,0.0,0.81629],
        [-603.641,0.0,432.832]
      ]
    }
  },
  {
    "node": {
      "name": "boxes_rendinst",
      "tm": [
        [0.897138,0.0,0.441751],
        [0.0,1.0,0.0],
        [-0.441751,0.0,0.897138],
        [-609.087,0.0,429.188]
      ]
    }
  },
  {
    "node": {
      "name": "boxes_rendinst",
      "tm": [
        [0.81629,0.0,-0.577642],
        [0.0,1.0,0.0],
        [0.577642,0.0,0.81629],
        [-611.117,0.0,419.382]
      ]
    }
  },
  {
    "node": {
      "name": "boxes_rendinst",
      "tm": [
        [0.434423,0.0,0.900709],
        [0.0,1.0,0.0],
        [-0.900709,0.0,0.434423],
        [-175.835,0.0,631.111]
      ]
    }
  },
  {
    "node": {
      "name": "boxes_rendinst",
      "tm": [
        [0.81629,0.0,-0.577642],
        [0.0,1.0,0.0],
        [0.577642,0.0,0.81629],
        [-181.61,0.0,639.805]
      ]
    }
  },
  {
    "node": {
      "name": "boxes_rendinst",
      "tm": [
        [0.897138,0.0,0.441751],
        [0.0,1.0,0.0],
        [-0.441751,0.0,0.897138],
        [-187.056,0.0,636.161]
      ]
    }
  },
  {
    "node": {
      "name": "boxes_rendinst",
      "tm": [
        [0.81629,0.0,-0.577642],
        [0.0,1.0,0.0],
        [0.577642,0.0,0.81629],
        [-189.086,0.0,626.354]
      ]
    }
  },
  {
    "node": {
      "name": "boxes_rendinst",
      "tm": [
        [0.434423,0.0,0.900709],
        [0.0,1.0,0.0],
        [-0.900709,0.0,0.434423],
        [81.3366,0.0,625.915]
      ]
    }
  },
  {
    "node": {
      "name": "boxes_rendinst",
      "tm": [
        [0.81629,0.0,-0.577642],
        [0.0,1.0,0.0],
        [0.577642,0.0,0.81629],
        [75.5622,0.0,634.608]
      ]
    }
  },
  {
    "node": {
      "name": "boxes_rendinst",
      "tm": [
        [0.897138,0.0,0.441751],
        [0.0,1.0,0.0],
        [-0.441751,0.0,0.897138],
        [70.1161,0.0,630.964]
      ]
    }
  },
  {
    "node": {
      "name": "boxes_rendinst",
      "tm": [
        [0.81629,0.0,-0.577642],
        [0.0,1.0,0.0],
        [0.577642,0.0,0.81629],
        [68.0859,0.0,621.157]
      ]
    }
  },
  {
    "node": {
      "name": "boxes_rendinst",
      "tm": [
        [0.434423,0.0,0.900709],
        [0.0,1.0,0.0],
        [-0.900709,0.0,0.434423],
        [-63.6109,0.0,504.478]
      ]
    }
  },
  {
    "node": {
      "name": "boxes_rendinst",
      "tm": [
        [0.81629,0.0,-0.577642],
        [0.0,1.0,0.0],
        [0.577642,0.0,0.81629],
        [-69.3854,0.0,513.172]
      ]
    }
  },
  {
    "node": {
      "name": "boxes_rendinst",
      "tm": [
        [0.897138,0.0,0.441751],
        [0.0,1.0,0.0],
        [-0.441751,0.0,0.897138],
        [-74.8314,0.0,509.528]
      ]
    }
  },
  {
    "node": {
      "name": "boxes_rendinst",
      "tm": [
        [0.81629,0.0,-0.577642],
        [0.0,1.0,0.0],
        [0.577642,0.0,0.81629],
        [-76.8617,0.0,499.721]
      ]
    }
  },
  {
    "node": {
      "name": "boxes_rendinst",
      "tm": [
        [0.434423,0.0,0.900709],
        [0.0,1.0,0.0],
        [-0.900709,0.0,0.434423],
        [285.651,0.0,594.581]
      ]
    }
  },
  {
    "node": {
      "name": "boxes_rendinst",
      "tm": [
        [0.81629,0.0,-0.577642],
        [0.0,1.0,0.0],
        [0.577642,0.0,0.81629],
        [279.876,0.0,603.274]
      ]
    }
  },
  {
    "node": {
      "name": "boxes_rendinst",
      "tm": [
        [0.897138,0.0,0.441751],
        [0.0,1.0,0.0],
        [-0.441751,0.0,0.897138],
        [274.43,0.0,599.63]
      ]
    }
  },
  {
    "node": {
      "name": "boxes_rendinst",
      "tm": [
        [0.81629,0.0,-0.577642],
        [0.0,1.0,0.0],
        [0.577642,0.0,0.81629],
        [272.4,0.0,589.823]
      ]
    }
  },
  {
    "node": {
      "name": "boxes_rendinst",
      "tm": [
        [-0.65896,0.0,0.752178],
        [0.0,1.0,0.0],
        [-0.752178,0.0,-0.65896],
        [93.9544,0.0,664.872]
      ]
    }
  },
  {
    "node": {
      "name": "boxes_rendinst",
      "tm": [
        [0.850954,0.0,0.52524],
        [0.0,1.0,0.0],
        [-0.52524,0.0,0.850954],
        [83.6949,0.0,662.959]
      ]
    }
  },
  {
    "node": {
      "name": "boxes_rendinst",
      "tm": [
        [-0.0555581,0.0,0.998455],
        [0.0,1.0,0.0],
        [-0.998455,0.0,-0.0555581],
        [84.9178,0.0,656.521]
      ]
    }
  },
  {
    "node": {
      "name": "boxes_rendinst",
      "tm": [
        [0.850954,0.0,0.52524],
        [0.0,1.0,0.0],
        [-0.52524,0.0,0.850954],
        [93.1485,0.0,650.816]
      ]
    }
  },
  {
    "node": {
      "name": "berlin_small_barracks_rendinst",
      "tm": [
        [-0.713195,0.0,0.700966],
        [0.0,1.0,0.0],
        [-0.700966,0.0,-0.713195],
        [135.17,0.0,578.44]
      ]
    }
  },
  {
    "node": {
      "name": "sicily_tech_building_1_rendinst",
      "tm": [
        [0.770839,0.0,-0.63703],
        [0.0,1.0,0.0],
        [0.63703,0.0,0.770839],
        [114.336,0.0,545.877]
      ]
    }
  },
  {
    "node": {
      "name": "berlin_small_caponeer_rendinst",
      "tm": [
        [0.465027,0.0,0.885297],
        [0.0,1.0,0.0],
        [-0.885297,0.0,0.465027],
        [375.804,0.0,759.724]
      ]
    }
  },
  {
    "node": {
      "name": "berlin_small_caponeer_rendinst",
      "tm": [
        [0.465027,0.0,0.885297],
        [0.0,1.0,0.0],
        [-0.885297,0.0,0.465027],
        [366.064,0.0,740.31]
      ]
    }
  },
  {
    "node": {
      "name": "berlin_small_caponeer_rendinst",
      "tm": [
        [0.465027,0.0,0.885297],
        [0.0,1.0,0.0],
        [-0.885297,0.0,0.465027],
        [356.183,0.0,721.372]
      ]
    }
  },
  {
    "node": {
      "name": "berlin_small_caponeer_rendinst",
      "tm": [
        [0.465027,0.0,0.885297],
        [0.0,1.0,0.0],
        [-0.885297,0.0,0.465027],
        [346.116,0.0,702.688]
      ]
    }
  },
  {
    "node": {
      "name": "berlin_small_caponeer_rendinst",
      "tm": [
        [0.465027,0.0,0.885297],
        [0.0,1.0,0.0],
        [-0.885297,0.0,0.465027],
        [405.675,0.0,701.255]
      ]
    }
  },
  {
    "node": {
      "name": "berlin_small_caponeer_rendinst",
      "tm": [
        [0.465027,0.0,0.885297],
        [0.0,1.0,0.0],
        [-0.885297,0.0,0.465027],
        [395.935,0.0,681.842]
      ]
    }
  },
  {
    "node": {
      "name": "berlin_small_caponeer_rendinst",
      "tm": [
        [0.465027,0.0,0.885297],
        [0.0,1.0,0.0],
        [-0.885297,0.0,0.465027],
        [386.054,0.0,662.903]
      ]
    }
  },
  {
    "node": {
      "name": "berlin_small_caponeer_rendinst",
      "tm": [
        [0.465027,0.0,0.885297],
        [0.0,1.0,0.0],
        [-0.885297,0.0,0.465027],
        [375.987,0.0,644.219]
      ]
    }
  },
  {
    "node": {
      "name": "berlin_command_center_rendinst",
      "tm": [
        [0.895128,0.0,-0.445809],
        [0.0,1.0,0.0],
        [0.445809,0.0,0.895128],
        [365.292,0.0,616.2]
      ]
    }
  }
]