{
  "className": "composit",
  "size": [
    1100.0,
    256.0
  ],
  "airfield": {
    "start": [
      540.0,
      0.0,
      -72.0
    ],
    "end": [
      -530.0,
      0.0,
      -72.0
    ],
    "width": 80.0,
    "spawn": [
      [
        305.0,
        0.0,
        -85.0
      ],
      [
        318.0,
        0.0,
        -60.0
      ],
      [
        330.0,
        0.0,
        -85.0
      ],
      [
        342.0,
        0.0,
        -60.0
      ],
      [
        352.0,
        0.0,
        -85.0
      ],
      [
        365.0,
        0.0,
        -60.0
      ],
      [
        376.0,
        0.0,
        -85.0
      ],
      [
        390.0,
        0.0,
        -60.0
      ],
      [
        400.0,
        0.0,
        -85.0
      ],
      [
        413.0,
        0.0,
        -60.0
      ],
      [
        423.0,
        0.0,
        -85.0
      ],
      [
        436.0,
        0.0,
        -60.0
      ],
      [
        447.0,
        0.0,
        -85.0
      ],
      [
        460.0,
        0.0,
        -60.0
      ],
      [
        471.0,
        0.0,
        -85.0
      ],
      [
        484.0,
        0.0,
        -60.0
      ]
    ],
    "repairTags": {
      "type_attack_helicopter": false,
      "type_utility_helicopter": false
    }
  },
  "node": [
    {
      "name": "^^dynaf_pacific_phi_phi_mesh",
      "tm": [
        [
          1.0,
          0.0,
          0.0
        ],
        [
          0.0,
          1.0,
          0.0
        ],
        [
          0.0,
          0.0,
          1.0
        ],
        [
          0.0,
          5.0,
          0.0
        ]
      ]
    },
    {
      "name": "++NoTreesBox000",
      "tm": [
        [
          3000.0,
          0.0,
          0.0
        ],
        [
          0.0,
          50.0,
          0.0
        ],
        [
          0.0,
          0.0,
          100.0
        ],
        [
          63.0,
          0.0,
          -70.0
        ]
      ]
    },
    {
      "name": "++NoTreesBox001",
      "tm": [
        [
          1200.0,
          0.0,
          0.0
        ],
        [
          0.0,
          15.0,
          0.0
        ],
        [
          0.0,
          0.0,
          54.0
        ],
        [
          -9.0,
          0.0,
          -119.0
        ]
      ]
    },
    {
      "name": "++NoTreesBox003",
      "tm": [
        [
          44.0,
          0.0,
          0.0
        ],
        [
          0.0,
          15.0,
          0.0
        ],
        [
          0.0,
          0.0,
          54.0
        ],
        [
          102.0,
          0.0,
          74.0
        ]
      ]
    },
    {
      "type": "rendInst",
      "name": "us_ravetment_small1",
      "tm": [
        [
          1.0,
          0.0,
          0.0
        ],
        [
          0.0,
          1.0,
          0.0
        ],
        [
          0.0,
          0.0,
          1.0
        ],
        [
          1.52598,
          -0.223642,
          -19.954
        ]
      ]
    },
    {
      "type": "rendInst",
      "name": "us_ravetment_small1",
      "tm": [
        [
          1.0,
          0.0,
          0.0
        ],
        [
          0.0,
          1.0,
          0.0
        ],
        [
          0.0,
          0.0,
          1.0
        ],
        [
          -66.5137,
          -0.223642,
          -19.954
        ]
      ]
    },
    {
      "type": "rendInst",
      "name": "us_ravetment_small1",
      "tm": [
        [
          1.1935,
          0.0,
          0.0
        ],
        [
          0.0,
          1.1935,
          0.0
        ],
        [
          0.0,
          0.0,
          1.1935
        ],
        [
          -142.122,
          -0.223642,
          -18.6315
        ]
      ]
    },
    {
      "type": "rendInst",
      "name": "usa_tent_3",
      "tm": [
        [
          0.422618,
          0.0,
          0.906308
        ],
        [
          0.0,
          1.0,
          0.0
        ],
        [
          -0.906308,
          0.0,
          0.422618
        ],
        [
          218.434,
          0.0,
          -25.1185
        ]
      ]
    },
    {
      "type": "rendInst",
      "name": "usa_tent_4",
      "tm": [
        [
          -4.37114e-8,
          0.0,
          1.0
        ],
        [
          0.0,
          1.0,
          0.0
        ],
        [
          -1.0,
          0.0,
          -4.37114e-8
        ],
        [
          -113.244,
          0.0,
          -22.9356
        ]
      ]
    },
    {
      "type": "rendInst",
      "name": "usa_tent_warehouse",
      "tm": [
        [
          0.258819,
          0.0,
          -0.965926
        ],
        [
          0.0,
          1.0,
          0.0
        ],
        [
          0.965926,
          0.0,
          0.258819
        ],
        [
          192.582,
          0.0,
          -15.5029
        ]
      ]
    },
    {
      "type": "rendInst",
      "name": "usa_tent_warehouse",
      "tm": [
        [
          0.707107,
          0.0,
          -0.707107
        ],
        [
          0.0,
          1.0,
          0.0
        ],
        [
          0.707107,
          0.0,
          0.707107
        ],
        [
          171.876,
          0.0,
          -21.7919
        ]
      ]
    },
    {
      "type": "rendInst",
      "name": "usa_tent_warehouse",
      "tm": [
        [
          -0.707107,
          0.0,
          -0.707107
        ],
        [
          0.0,
          1.0,
          0.0
        ],
        [
          0.707107,
          0.0,
          -0.707107
        ],
        [
          239.299,
          0.0,
          -21.7651
        ]
      ]
    },
    {
      "type": "rendInst",
      "name": "usa_tent_1",
      "tm": [
        [
          0.707107,
          0.0,
          0.707107
        ],
        [
          0.0,
          1.0,
          0.0
        ],
        [
          -0.707107,
          0.0,
          0.707107
        ],
        [
          226.903,
          0.03108,
          -6.97392
        ]
      ]
    },
    {
      "type": "rendInst",
      "name": "usa_tent_5",
      "tm": [
        [
          1.0,
          0.0,
          0.0
        ],
        [
          0.0,
          1.0,
          0.0
        ],
        [
          0.0,
          0.0,
          1.0
        ],
        [
          -90.1473,
          0.0,
          -32.6273
        ]
      ]
    },
    {
      "type": "rendInst",
      "name": "usa_tent_2",
      "tm": [
        [
          1.0,
          0.0,
          0.0
        ],
        [
          0.0,
          1.0,
          0.0
        ],
        [
          0.0,
          0.0,
          1.0
        ],
        [
          264.996,
          0.0,
          -25.4935
        ]
      ]
    },
    {
      "type": "rendInst",
      "name": "usa_tent_2",
      "tm": [
        [
          -0.0871556,
          0.0,
          0.996195
        ],
        [
          0.0,
          1.0,
          0.0
        ],
        [
          -0.996195,
          0.0,
          -0.0871556
        ],
        [
          -325.689,
          0.0,
          -32.6772
        ]
      ]
    },
    {
      "type": "rendInst",
      "name": "usa_tent_6",
      "tm": [
        [
          1.0,
          0.0,
          0.0
        ],
        [
          0.0,
          1.0,
          0.0
        ],
        [
          0.0,
          0.0,
          1.0
        ],
        [
          339.457,
          0.0,
          -24.2814
        ]
      ]
    },
    {
      "type": "rendInst",
      "name": "usa_tent_6",
      "tm": [
        [
          0.34202,
          0.0,
          0.939693
        ],
        [
          0.0,
          1.0,
          0.0
        ],
        [
          -0.939693,
          0.0,
          0.34202
        ],
        [
          329.846,
          0.0,
          -18.8037
        ]
      ]
    },
    {
      "type": "rendInst",
      "name": "usa_tent_4",
      "tm": [
        [
          0.642788,
          0.0,
          -0.766044
        ],
        [
          0.0,
          1.0,
          0.0
        ],
        [
          0.766044,
          0.0,
          0.642788
        ],
        [
          203.09,
          0.0,
          -10.6911
        ]
      ]
    },
    {
      "type": "rendInst",
      "name": "usa_tent_4",
      "tm": [
        [
          0.984808,
          0.0,
          0.173648
        ],
        [
          0.0,
          1.0,
          0.0
        ],
        [
          -0.173648,
          0.0,
          0.984808
        ],
        [
          215.356,
          0.0,
          -12.8227
        ]
      ]
    },
    {
      "type": "rendInst",
      "name": "usa_tent_1",
      "tm": [
        [
          1.0,
          0.0,
          0.0
        ],
        [
          0.0,
          1.0,
          0.0
        ],
        [
          0.0,
          0.0,
          1.0
        ],
        [
          -438.244,
          0.03108,
          -15.7542
        ]
      ]
    },
    {
      "type": "rendInst",
      "name": "usa_tent_5",
      "tm": [
        [
          0.642788,
          0.0,
          0.766044
        ],
        [
          0.0,
          1.0,
          0.0
        ],
        [
          -0.766044,
          0.0,
          0.642788
        ],
        [
          -120.909,
          0.0,
          -3.02708
        ]
      ]
    },
    {
      "type": "rendInst",
      "name": "usa_tent_1",
      "tm": [
        [
          0.0871558,
          0.0,
          0.996195
        ],
        [
          0.0,
          1.0,
          0.0
        ],
        [
          -0.996195,
          0.0,
          0.0871558
        ],
        [
          347.9,
          0.03108,
          -13.8353
        ]
      ]
    },
    {
      "type": "rendInst",
      "name": "usa_tent_1",
      "tm": [
        [
          0.34202,
          0.0,
          -0.939693
        ],
        [
          0.0,
          1.0,
          0.0
        ],
        [
          0.939693,
          0.0,
          0.34202
        ],
        [
          363.305,
          0.03108,
          -13.8353
        ]
      ]
    },
    {
      "type": "rendInst",
      "name": "usa_tent_3",
      "tm": [
        [
          -0.766044,
          0.0,
          0.642788
        ],
        [
          0.0,
          1.0,
          0.0
        ],
        [
          -0.642788,
          0.0,
          -0.766044
        ],
        [
          -420.998,
          0.0,
          -21.7959
        ]
      ]
    },
    {
      "type": "rendInst",
      "name": "usa_tent_warehouse",
      "tm": [
        [
          -0.573576,
          0.0,
          -0.819152
        ],
        [
          0.0,
          1.0,
          0.0
        ],
        [
          0.819152,
          0.0,
          -0.573576
        ],
        [
          -405.97,
          0.0,
          -33.6289
        ]
      ]
    },
    {
      "type": "rendInst",
      "name": "usa_tent_warehouse",
      "tm": [
        [
          -0.707107,
          0.0,
          0.707107
        ],
        [
          0.0,
          1.0,
          0.0
        ],
        [
          -0.707107,
          0.0,
          -0.707107
        ],
        [
          -442.061,
          0.0,
          -28.6738
        ]
      ]
    },
    {
      "type": "rendInst",
      "name": "usa_tent_warehouse",
      "tm": [
        [
          -0.34202,
          0.0,
          0.939693
        ],
        [
          0.0,
          1.0,
          0.0
        ],
        [
          -0.939693,
          0.0,
          -0.34202
        ],
        [
          -382.251,
          0.0,
          -31.6305
        ]
      ]
    },
    {
      "type": "rendInst",
      "name": "usa_tent_warehouse",
      "tm": [
        [
          -0.173648,
          0.0,
          -0.984808
        ],
        [
          0.0,
          1.0,
          0.0
        ],
        [
          0.984808,
          0.0,
          -0.173648
        ],
        [
          530.399,
          0.0,
          -32.6537
        ]
      ]
    },
    {
      "type": "rendInst",
      "name": "usa_tent_6",
      "tm": [
        [
          1.0,
          0.0,
          0.0
        ],
        [
          0.0,
          1.0,
          0.0
        ],
        [
          0.0,
          0.0,
          1.0
        ],
        [
          517.801,
          0.0,
          -23.3418
        ]
      ]
    },
    {
      "type": "rendInst",
      "name": "usa_tower",
      "tm": [
        [
          1.0,
          0.0,
          0.0
        ],
        [
          0.0,
          1.0,
          0.0
        ],
        [
          0.0,
          0.0,
          1.0
        ],
        [
          -530.399,
          0.0,
          10.1094
        ]
      ]
    },
    {
      "type": "rendInst",
      "name": "usa_tower",
      "tm": [
        [
          1.0,
          0.0,
          0.0
        ],
        [
          0.0,
          1.0,
          0.0
        ],
        [
          0.0,
          0.0,
          1.0
        ],
        [
          23.8487,
          0.0,
          10.0577
        ]
      ]
    },
    {
      "type": "rendInst",
      "name": "boxes_rendinst",
      "tm": [
        [
          0.0871557,
          0.0,
          0.996195
        ],
        [
          0.0,
          1.0,
          0.0
        ],
        [
          -0.996195,
          0.0,
          0.0871557
        ],
        [
          -164.089,
          -0.462959,
          -30.5164
        ]
      ]
    },
    {
      "type": "rendInst",
      "name": "boxes_rendinst",
      "tm": [
        [
          0.573576,
          0.0,
          -0.819152
        ],
        [
          0.0,
          1.0,
          0.0
        ],
        [
          0.819152,
          0.0,
          0.573576
        ],
        [
          -164.089,
          -0.462959,
          -30.5164
        ]
      ]
    },
    {
      "type": "rendInst",
      "name": "boxes_rendinst",
      "tm": [
        [
          0.573576,
          0.0,
          -0.819152
        ],
        [
          0.0,
          1.0,
          0.0
        ],
        [
          0.819152,
          0.0,
          0.573576
        ],
        [
          -160.593,
          -0.462959,
          -34.3024
        ]
      ]
    },
    {
      "type": "rendInst",
      "name": "boxes_rendinst",
      "tm": [
        [
          0.0871554,
          0.0,
          -0.996195
        ],
        [
          0.0,
          1.0,
          0.0
        ],
        [
          0.996195,
          0.0,
          0.0871554
        ],
        [
          -57.9681,
          -0.462959,
          -26.2478
        ]
      ]
    },
    {
      "type": "rendInst",
      "name": "usa_tent_warehouse",
      "tm": [
        [
          0.642788,
          0.0,
          -0.766044
        ],
        [
          0.0,
          1.0,
          0.0
        ],
        [
          0.766044,
          0.0,
          0.642788
        ],
        [
          323.254,
          0.0,
          -32.1544
        ]
      ]
    },
    {
      "type": "rendInst",
      "name": "usa_tent_warehouse",
      "tm": [
        [
          -0.707107,
          0.0,
          -0.707107
        ],
        [
          0.0,
          1.0,
          0.0
        ],
        [
          0.707107,
          0.0,
          -0.707107
        ],
        [
          379.247,
          0.0,
          -18.8132
        ]
      ]
    },
    {
      "type": "rendInst",
      "name": "usa_tent_4",
      "tm": [
        [
          1.0,
          0.0,
          -2.98023e-8
        ],
        [
          0.0,
          1.0,
          0.0
        ],
        [
          2.98023e-8,
          0.0,
          1.0
        ],
        [
          380.305,
          0.0,
          -34.67
        ]
      ]
    },
    {
      "type": "rendInst",
      "name": "usa_tent_3",
      "tm": [
        [
          0.0871557,
          0.0,
          -0.996195
        ],
        [
          0.0,
          1.0,
          0.0
        ],
        [
          0.996195,
          0.0,
          0.0871557
        ],
        [
          513.048,
          0.0,
          -34.3279
        ]
      ]
    },
    {
      "type": "rendInst",
      "name": "usa_tent_warehouse",
      "tm": [
        [
          1.0,
          0.0,
          -1.19209e-7
        ],
        [
          0.0,
          1.0,
          0.0
        ],
        [
          1.19209e-7,
          0.0,
          1.0
        ],
        [
          471.122,
          0.0,
          -32.8519
        ]
      ]
    },
    {
      "type": "rendInst",
      "name": "boxes_rendinst",
      "tm": [
        [
          0.573576,
          0.0,
          -0.819152
        ],
        [
          0.0,
          1.0,
          0.0
        ],
        [
          0.819152,
          0.0,
          0.573576
        ],
        [
          19.839,
          -0.462959,
          -18.7505
        ]
      ]
    },
    {
      "type": "rendInst",
      "name": "boxes_rendinst",
      "tm": [
        [
          0.642788,
          0.0,
          0.766044
        ],
        [
          0.0,
          1.0,
          0.0
        ],
        [
          -0.766044,
          0.0,
          0.642788
        ],
        [
          27.466,
          -0.462959,
          -13.8577
        ]
      ]
    },
    {
      "type": "rendInst",
      "name": "usa_tent_warehouse",
      "tm": [
        [
          0.0871558,
          0.0,
          -0.996195
        ],
        [
          0.0,
          1.0,
          0.0
        ],
        [
          0.996195,
          0.0,
          0.0871558
        ],
        [
          98.6261,
          0.0,
          63.2395
        ]
      ]
    },
    {
      "type": "rendInst",
      "name": "usa_tent_warehouse",
      "tm": [
        [
          -0.866025,
          0.0,
          -0.5
        ],
        [
          0.0,
          1.0,
          0.0
        ],
        [
          0.5,
          0.0,
          -0.866025
        ],
        [
          121.451,
          0.0,
          56.8891
        ]
      ]
    },
    {
      "type": "rendInst",
      "name": "usa_tent_warehouse",
      "tm": [
        [
          0.422618,
          0.0,
          -0.906308
        ],
        [
          0.0,
          1.0,
          0.0
        ],
        [
          0.906308,
          0.0,
          0.422618
        ],
        [
          78.754,
          0.0,
          59.0979
        ]
      ]
    },
    {
      "type": "rendInst",
      "name": "usa_tent_3",
      "tm": [
        [
          0.819152,
          0.0,
          -0.573576
        ],
        [
          0.0,
          1.0,
          0.0
        ],
        [
          0.573576,
          0.0,
          0.819152
        ],
        [
          105.307,
          0.0,
          42.797
        ]
      ]
    },
    {
      "type": "rendInst",
      "name": "usa_tent_warehouse",
      "tm": [
        [
          -0.0871555,
          0.0,
          0.996195
        ],
        [
          0.0,
          1.0,
          0.0
        ],
        [
          -0.996195,
          0.0,
          -0.0871555
        ],
        [
          89.1999,
          0.0,
          29.552
        ]
      ]
    },
    {
      "type": "rendInst",
      "name": "usa_tent_warehouse",
      "tm": [
        [
          -0.642788,
          0.0,
          0.766044
        ],
        [
          0.0,
          1.0,
          0.0
        ],
        [
          -0.766044,
          0.0,
          -0.642788
        ],
        [
          119.349,
          0.0,
          32.1164
        ]
      ]
    },
    {
      "type": "rendInst",
      "name": "usa_tent_4",
      "tm": [
        [
          0.965926,
          0.0,
          -0.258819
        ],
        [
          0.0,
          1.0,
          0.0
        ],
        [
          0.258819,
          0.0,
          0.965926
        ],
        [
          -79.2389,
          0.0,
          59.4727
        ]
      ]
    },
    {
      "type": "rendInst",
      "name": "usa_tent_4",
      "tm": [
        [
          0.707107,
          0.0,
          0.707107
        ],
        [
          0.0,
          1.0,
          0.0
        ],
        [
          -0.707107,
          0.0,
          0.707107
        ],
        [
          -67.9689,
          0.0,
          64.7619
        ]
      ]
    },
    {
      "type": "rendInst",
      "name": "usa_tent_warehouse",
      "tm": [
        [
          -0.173648,
          0.0,
          -0.984808
        ],
        [
          0.0,
          1.0,
          0.0
        ],
        [
          0.984808,
          0.0,
          -0.173648
        ],
        [
          -43.2269,
          0.0,
          71.1698
        ]
      ]
    },
    {
      "name": "#position",
      "type": "air_def",
      "tm": [
        [
          0.0,
          0.0,
          -1.0
        ],
        [
          0.0,
          1.0,
          0.0
        ],
        [
          1.0,
          0.0,
          0.0
        ],
        [
          644.52,
          0.0,
          -6.98
        ]
      ]
    },
    {
      "name": "#position",
      "type": "air_def",
      "tm": [
        [
          0.0,
          0.0,
          -1.0
        ],
        [
          0.0,
          1.0,
          0.0
        ],
        [
          1.0,
          0.0,
          0.0
        ],
        [
          502.0,
          0.0,
          -8.29
        ]
      ]
    },
    {
      "name": "#position",
      "type": "air_def",
      "tm": [
        [
          0.0,
          0.0,
          -1.0
        ],
        [
          0.0,
          1.0,
          0.0
        ],
        [
          1.0,
          0.0,
          0.0
        ],
        [
          379.85,
          0.0,
          7.45
        ]
      ]
    },
    {
      "name": "#position",
      "type": "air_def",
      "tm": [
        [
          0.0,
          0.0,
          -1.0
        ],
        [
          0.0,
          1.0,
          0.0
        ],
        [
          1.0,
          0.0,
          0.0
        ],
        [
          255.33,
          0.0,
          -5.96
        ]
      ]
    },
    {
      "name": "#position",
      "type": "air_def",
      "tm": [
        [
          0.0,
          0.0,
          -1.0
        ],
        [
          0.0,
          1.0,
          0.0
        ],
        [
          1.0,
          0.0,
          0.0
        ],
        [
          87.26,
          0.0,
          -1.34
        ]
      ]
    },
    {
      "name": "#position",
      "type": "air_def",
      "tm": [
        [
          0.0,
          0.0,
          -1.0
        ],
        [
          0.0,
          1.0,
          0.0
        ],
        [
          1.0,
          0.0,
          0.0
        ],
        [
          -36.77,
          0.0,
          28.43
        ]
      ]
    },
    {
      "name": "#position",
      "type": "air_def",
      "tm": [
        [
          0.0,
          0.0,
          -1.0
        ],
        [
          0.0,
          1.0,
          0.0
        ],
        [
          1.0,
          0.0,
          0.0
        ],
        [
          -189.59,
          0.0,
          17.38
        ]
      ]
    },
    {
      "name": "#position",
      "type": "air_def",
      "tm": [
        [
          0.0,
          0.0,
          -1.0
        ],
        [
          0.0,
          1.0,
          0.0
        ],
        [
          1.0,
          0.0,
          0.0
        ],
        [
          -331.82,
          0.0,
          13.44
        ]
      ]
    },
    {
      "name": "#position",
      "type": "air_def",
      "tm": [
        [
          0.0,
          0.0,
          -1.0
        ],
        [
          0.0,
          1.0,
          0.0
        ],
        [
          1.0,
          0.0,
          0.0
        ],
        [
          -438.28,
          0.0,
          34.25
        ]
      ]
    },
    {
      "name": "#position",
      "type": "air_def",
      "tm": [
        [
          0.0,
          0.0,
          -1.0
        ],
        [
          0.0,
          1.0,
          0.0
        ],
        [
          1.0,
          0.0,
          0.0
        ],
        [
          -619.05,
          0.0,
          -2.98
        ]
      ]
    }
  ]
}