{
  "className": "composit",
  "size": [
    1024.0,
    256.0
  ],
  "airfield": {
    "start": [
      1059.0,
      0.0,
      0.0
    ],
    "end": [
      -1024.0,
      0.0,
      0.0
    ],
    "width": 210.0,
    "spawn": [
      [
        865.0,
        0.0,
        -6.0
      ],
      [
        878.0,
        0.0,
        6.0
      ],
      [
        889.0,
        0.0,
        -6.0
      ],
      [
        902.0,
        0.0,
        6.0
      ],
      [
        913.0,
        0.0,
        -6.0
      ],
      [
        926.0,
        0.0,
        6.0
      ],
      [
        938.0,
        0.0,
        -6.0
      ],
      [
        951.0,
        0.0,
        6.0
      ],
      [
        962.0,
        0.0,
        -6.0
      ],
      [
        975.0,
        0.0,
        6.0
      ],
      [
        987.0,
        0.0,
        -6.0
      ],
      [
        1000.0,
        0.0,
        6.0
      ],
      [
        1011.0,
        0.0,
        -6.0
      ],
      [
        1023.0,
        0.0,
        6.0
      ],
      [
        1035.0,
        0.0,
        -6.0
      ],
      [
        1048.0,
        0.0,
        6.0
      ]
    ],
    "repairTags": {
      "type_attack_helicopter": false,
      "type_utility_helicopter": false
    }
  },
  "node": [
    {
      "name": "^^dynaf_khalkhin_gol_2line_2k_mesh",
      "tm": [
        [
          1.0,
          0.0,
          0.0
        ],
        [
          0.0,
          1.0,
          0.0
        ],
        [
          0.0,
          0.0,
          1.0
        ],
        [
          0.0,
          3.0,
          -2.12579E-06
        ]
      ]
    },
    {
      "name": "+NoTreesBox001",
      "tm": [
        [
          2000.0,
          0.0,
          0.0
        ],
        [
          0.0,
          15.0,
          0.0
        ],
        [
          0.0,
          0.0,
          600.0
        ],
        [
          0.0,
          0.0,
          -240.0
        ]
      ]
    },
    {
      "name": "us_mbase_aircraft_tent",
      "tm": [
        [
          0.915036,
          0.0,
          0.0
        ],
        [
          0.0,
          0.526073,
          0.0
        ],
        [
          0.0,
          0.0,
          0.917446
        ],
        [
          1151.44,
          -8.58307E-06,
          -565.357
        ]
      ]
    },
    {
      "name": "us_mbase_aircraft_tent",
      "tm": [
        [
          0.911554,
          0.0,
          -0.0797507
        ],
        [
          0.0,
          0.526073,
          0.0
        ],
        [
          0.0799607,
          0.0,
          0.913955
        ],
        [
          1150.5,
          -8.58307E-06,
          -585.962
        ]
      ]
    },
    {
      "name": "us_mbase_aircraft_tent",
      "tm": [
        [
          0.883857,
          0.0,
          0.236829
        ],
        [
          0.0,
          0.526073,
          0.0
        ],
        [
          -0.237452,
          0.0,
          0.886185
        ],
        [
          1154.67,
          -8.58307E-06,
          -603.668
        ]
      ]
    },
    {
      "name": "us_mbase_aircraft_tent",
      "tm": [
        [
          6.90833E-08,
          0.0,
          -0.915036
        ],
        [
          0.0,
          0.526073,
          0.0
        ],
        [
          0.917446,
          0.0,
          6.92652E-08
        ],
        [
          1088.48,
          -8.58307E-06,
          -627.094
        ]
      ]
    },
    {
      "name": "us_mbase_aircraft_tent",
      "tm": [
        [
          -0.859853,
          0.0,
          -0.312961
        ],
        [
          0.0,
          0.526073,
          0.0
        ],
        [
          0.313785,
          0.0,
          -0.862117
        ],
        [
          1059.13,
          -8.58307E-06,
          -626.161
        ]
      ]
    },
    {
      "name": "us_mbase_aircraft_tent",
      "tm": [
        [
          -0.859853,
          0.0,
          -0.312961
        ],
        [
          0.0,
          0.526073,
          0.0
        ],
        [
          0.313785,
          0.0,
          -0.862117
        ],
        [
          1054.18,
          -8.58307E-06,
          -609.601
        ]
      ]
    },
    {
      "name": "us_mbase_aircraft_tent",
      "tm": [
        [
          -0.915036,
          0.0,
          -1.38167E-07
        ],
        [
          0.0,
          0.526073,
          0.0
        ],
        [
          1.3853E-07,
          0.0,
          -0.917446
        ],
        [
          1049.86,
          -8.58307E-06,
          -586.371
        ]
      ]
    },
    {
      "name": "usa_tent_5",
      "tm": [
        [
          -4.37114E-08,
          0.0,
          1.0
        ],
        [
          0.0,
          1.0,
          0.0
        ],
        [
          -1.0,
          0.0,
          -4.37114E-08
        ],
        [
          1123.29,
          0.0,
          -608.164
        ]
      ]
    },
    {
      "name": "britain_observ_post_2_rendinst",
      "tm": [
        [
          -5.34383E-08,
          0.0,
          1.22253
        ],
        [
          0.0,
          1.22253,
          0.0
        ],
        [
          -1.22253,
          0.0,
          -5.34383E-08
        ],
        [
          936.849,
          0.0,
          -608.478
        ]
      ]
    },
    {
      "name": "tr_village_18",
      "tm": [
        [
          -4.37114E-08,
          0.0,
          1.0
        ],
        [
          0.0,
          1.0,
          0.0
        ],
        [
          -1.0,
          0.0,
          -4.37114E-08
        ],
        [
          599.916,
          0.0,
          -636.362
        ]
      ]
    },
    {
      "name": "tr_village_17",
      "tm": [
        [
          0.422618,
          0.0,
          -0.906308
        ],
        [
          0.0,
          1.0,
          0.0
        ],
        [
          0.906308,
          0.0,
          0.422618
        ],
        [
          608.629,
          0.0,
          -619.775
        ]
      ]
    },
    {
      "name": "tr_village_16",
      "tm": [
        [
          -4.37114E-08,
          0.0,
          1.0
        ],
        [
          0.0,
          1.0,
          0.0
        ],
        [
          -1.0,
          0.0,
          -4.37114E-08
        ],
        [
          592.971,
          0.0,
          -616.226
        ]
      ]
    },
    {
      "name": "usa_tent_3",
      "tm": [
        [
          -0.766044,
          0.0,
          0.642788
        ],
        [
          0.0,
          1.0,
          0.0
        ],
        [
          -0.642788,
          0.0,
          -0.766044
        ],
        [
          1036.78,
          0.0,
          -565.894
        ]
      ]
    },
    {
      "name": "tr_village_18",
      "tm": [
        [
          -4.37114E-08,
          0.0,
          1.0
        ],
        [
          0.0,
          1.0,
          0.0
        ],
        [
          -1.0,
          0.0,
          -4.37114E-08
        ],
        [
          621.134,
          0.0,
          -635.237
        ]
      ]
    },
    {
      "name": "tr_village_16",
      "tm": [
        [
          0.939693,
          0.0,
          0.34202
        ],
        [
          0.0,
          1.0,
          0.0
        ],
        [
          -0.34202,
          0.0,
          0.939693
        ],
        [
          543.945,
          0.0,
          -582.203
        ]
      ]
    },
    {
      "name": "tr_village_17",
      "tm": [
        [
          -0.996195,
          0.0,
          -0.0871559
        ],
        [
          0.0,
          1.0,
          0.0
        ],
        [
          0.0871559,
          0.0,
          -0.996195
        ],
        [
          511.176,
          0.0,
          -642.948
        ]
      ]
    },
    {
      "name": "tr_village_17",
      "tm": [
        [
          0.866025,
          0.0,
          0.5
        ],
        [
          0.0,
          1.0,
          0.0
        ],
        [
          -0.5,
          0.0,
          0.866025
        ],
        [
          305.965,
          0.0,
          -670.658
        ]
      ]
    },
    {
      "name": "tr_village_16",
      "tm": [
        [
          -0.965926,
          0.0,
          -0.258819
        ],
        [
          0.0,
          1.0,
          0.0
        ],
        [
          0.258819,
          0.0,
          -0.965926
        ],
        [
          337.044,
          0.0,
          -731.647
        ]
      ]
    },
    {
      "name": "tr_village_18",
      "tm": [
        [
          -4.37114E-08,
          0.0,
          1.0
        ],
        [
          0.0,
          1.0,
          0.0
        ],
        [
          -1.0,
          0.0,
          -4.37114E-08
        ],
        [
          317.907,
          0.0,
          -732.485
        ]
      ]
    },
    {
      "name": "tr_village_16",
      "tm": [
        [
          0.258819,
          0.0,
          0.965926
        ],
        [
          0.0,
          1.0,
          0.0
        ],
        [
          -0.965926,
          0.0,
          0.258819
        ],
        [
          323.258,
          0.0,
          -737.144
        ]
      ]
    },
    {
      "name": "tr_village_18",
      "tm": [
        [
          -0.965926,
          0.0,
          0.258819
        ],
        [
          0.0,
          1.0,
          0.0
        ],
        [
          -0.258819,
          0.0,
          -0.965926
        ],
        [
          380.585,
          0.0,
          -735.988
        ]
      ]
    },
    {
      "name": "tr_village_18",
      "tm": [
        [
          -0.965926,
          0.0,
          0.258819
        ],
        [
          0.0,
          1.0,
          0.0
        ],
        [
          -0.258819,
          0.0,
          -0.965926
        ],
        [
          187.52,
          0.0,
          -747.517
        ]
      ]
    },
    {
      "name": "tr_village_18",
      "tm": [
        [
          -0.573577,
          0.0,
          -0.819152
        ],
        [
          0.0,
          1.0,
          0.0
        ],
        [
          0.819152,
          0.0,
          -0.573577
        ],
        [
          191.408,
          0.0,
          -758.248
        ]
      ]
    },
    {
      "name": "tr_village_18",
      "tm": [
        [
          -0.573577,
          0.0,
          -0.819152
        ],
        [
          0.0,
          1.0,
          0.0
        ],
        [
          0.819152,
          0.0,
          -0.573577
        ],
        [
          299.767,
          0.0,
          -648.287
        ]
      ]
    },
    {
      "name": "tr_village_18",
      "tm": [
        [
          -0.573577,
          0.0,
          -0.819152
        ],
        [
          0.0,
          1.0,
          0.0
        ],
        [
          0.819152,
          0.0,
          -0.573577
        ],
        [
          -164.259,
          0.0,
          -579.723
        ]
      ]
    },
    {
      "name": "tr_village_18",
      "tm": [
        [
          -0.573577,
          0.0,
          -0.819152
        ],
        [
          0.0,
          1.0,
          0.0
        ],
        [
          0.819152,
          0.0,
          -0.573577
        ],
        [
          -465.515,
          0.0,
          -625.727
        ]
      ]
    },
    {
      "name": "tr_village_18",
      "tm": [
        [
          -0.173649,
          0.0,
          -0.984808
        ],
        [
          0.0,
          1.0,
          0.0
        ],
        [
          0.984808,
          0.0,
          -0.173649
        ],
        [
          -550.871,
          0.0,
          -648.67
        ]
      ]
    },
    {
      "name": "tr_village_18",
      "tm": [
        [
          -0.965926,
          0.0,
          0.258819
        ],
        [
          0.0,
          1.0,
          0.0
        ],
        [
          -0.258819,
          0.0,
          -0.965926
        ],
        [
          988.009,
          0.0,
          -755.058
        ]
      ]
    },
    {
      "name": "tr_village_18",
      "tm": [
        [
          -0.965926,
          0.0,
          0.258819
        ],
        [
          0.0,
          1.0,
          0.0
        ],
        [
          -0.258819,
          0.0,
          -0.965926
        ],
        [
          1223.21,
          0.0,
          -740.399
        ]
      ]
    },
    {
      "name": "tr_village_18",
      "tm": [
        [
          -0.965926,
          0.0,
          0.258819
        ],
        [
          0.0,
          1.0,
          0.0
        ],
        [
          -0.258819,
          0.0,
          -0.965926
        ],
        [
          1245.89,
          0.0,
          -605.928
        ]
      ]
    },
    {
      "name": "us_mbase_aircraft_tent",
      "tm": [
        [
          6.90833E-08,
          0.0,
          -0.915036
        ],
        [
          0.0,
          0.526073,
          0.0
        ],
        [
          0.917446,
          0.0,
          6.92652E-08
        ],
        [
          1086.62,
          -8.58307E-06,
          -694.776
        ]
      ]
    },
    {
      "name": "us_mbase_aircraft_tent",
      "tm": [
        [
          6.90833E-08,
          0.0,
          -0.915036
        ],
        [
          0.0,
          0.526073,
          0.0
        ],
        [
          0.917446,
          0.0,
          6.92652E-08
        ],
        [
          1102.27,
          -8.58307E-06,
          -694.776
        ]
      ]
    },
    {
      "name": "us_mbase_aircraft_tent",
      "tm": [
        [
          6.90833E-08,
          0.0,
          -0.915036
        ],
        [
          0.0,
          0.526073,
          0.0
        ],
        [
          0.917446,
          0.0,
          6.92652E-08
        ],
        [
          1168.58,
          -8.58307E-06,
          -693.712
        ]
      ]
    },
    {
      "name": "us_mbase_aircraft_tent",
      "tm": [
        [
          6.90833E-08,
          0.0,
          -0.915036
        ],
        [
          0.0,
          0.526073,
          0.0
        ],
        [
          0.917446,
          0.0,
          6.92652E-08
        ],
        [
          1152.92,
          -8.58307E-06,
          -693.712
        ]
      ]
    },
    {
      "name": "usa_tent_5",
      "tm": [
        [
          -0.422618,
          0.0,
          0.906308
        ],
        [
          0.0,
          1.0,
          0.0
        ],
        [
          -0.906308,
          0.0,
          -0.422618
        ],
        [
          1246.01,
          0.0,
          -595.344
        ]
      ]
    },
    {
      "name": "usa_tent_5",
      "tm": [
        [
          -1.62921E-07,
          0.0,
          1.0
        ],
        [
          0.0,
          1.0,
          0.0
        ],
        [
          -1.0,
          0.0,
          -1.62921E-07
        ],
        [
          1367.1,
          0.0,
          -659.665
        ]
      ]
    },
    {
      "name": "usa_tent_5",
      "tm": [
        [
          -1.62921E-07,
          0.0,
          1.0
        ],
        [
          0.0,
          1.0,
          0.0
        ],
        [
          -1.0,
          0.0,
          -1.62921E-07
        ],
        [
          1355.72,
          0.0,
          -659.665
        ]
      ]
    },
    {
      "name": "usa_tent_5",
      "tm": [
        [
          -1.62921E-07,
          0.0,
          1.0
        ],
        [
          0.0,
          1.0,
          0.0
        ],
        [
          -1.0,
          0.0,
          -1.62921E-07
        ],
        [
          1207.92,
          0.0,
          -689.331
        ]
      ]
    },
    {
      "name": "usa_tent_5",
      "tm": [
        [
          -0.0871559,
          0.0,
          0.996195
        ],
        [
          0.0,
          1.0,
          0.0
        ],
        [
          -0.996195,
          0.0,
          -0.0871559
        ],
        [
          1365.18,
          0.0,
          -730.892
        ]
      ]
    },
    {
      "name": "usa_tent_5",
      "tm": [
        [
          0.5,
          0.0,
          0.866026
        ],
        [
          0.0,
          1.0,
          0.0
        ],
        [
          -0.866026,
          0.0,
          0.5
        ],
        [
          299.102,
          0.0,
          -711.375
        ]
      ]
    },
    {
      "name": "barrels_rendinst",
      "tm": [
        [
          -4.37114E-08,
          0.0,
          1.0
        ],
        [
          0.0,
          1.0,
          0.0
        ],
        [
          -1.0,
          0.0,
          -4.37114E-08
        ],
        [
          1111.97,
          0.0,
          -698.592
        ]
      ]
    },
    {
      "name": "barrels_rendinst",
      "tm": [
        [
          -0.573576,
          0.0,
          0.819152
        ],
        [
          0.0,
          1.0,
          0.0
        ],
        [
          -0.819152,
          0.0,
          -0.573576
        ],
        [
          1156.91,
          0.0,
          -706.882
        ]
      ]
    },
    {
      "name": "barrels_rendinst",
      "tm": [
        [
          0.766044,
          0.0,
          0.642788
        ],
        [
          0.0,
          1.0,
          0.0
        ],
        [
          -0.642788,
          0.0,
          0.766044
        ],
        [
          1166.21,
          0.0,
          -709.995
        ]
      ]
    },
    {
      "name": "barrels_rendinst",
      "tm": [
        [
          0.766044,
          0.0,
          0.642788
        ],
        [
          0.0,
          1.0,
          0.0
        ],
        [
          -0.642788,
          0.0,
          0.766044
        ],
        [
          1175.82,
          0.0,
          -705.972
        ]
      ]
    },
    {
      "name": "barrels_rendinst",
      "tm": [
        [
          0.965926,
          0.0,
          0.258819
        ],
        [
          0.0,
          1.0,
          0.0
        ],
        [
          -0.258819,
          0.0,
          0.965926
        ],
        [
          1162.45,
          0.0,
          -592.999
        ]
      ]
    },
    {
      "name": "barrels_rendinst",
      "tm": [
        [
          0.965926,
          0.0,
          0.258819
        ],
        [
          0.0,
          1.0,
          0.0
        ],
        [
          -0.258819,
          0.0,
          0.965926
        ],
        [
          1040.05,
          0.0,
          -593.226
        ]
      ]
    },
    {
      "name": "usa_tent_3",
      "tm": [
        [
          0.996195,
          0.0,
          -0.0871556
        ],
        [
          0.0,
          1.0,
          0.0
        ],
        [
          0.0871556,
          0.0,
          0.996195
        ],
        [
          337.692,
          0.0,
          -598.41
        ]
      ]
    },
    {
      "name": "usa_tent_3",
      "tm": [
        [
          0.642788,
          0.0,
          0.766044
        ],
        [
          0.0,
          1.0,
          0.0
        ],
        [
          -0.766044,
          0.0,
          0.642788
        ],
        [
          213.54,
          0.0,
          -746.876
        ]
      ]
    },
    {
      "name": "usa_tent_3",
      "tm": [
        [
          0.173648,
          0.0,
          0.984808
        ],
        [
          0.0,
          1.0,
          0.0
        ],
        [
          -0.984808,
          0.0,
          0.173648
        ],
        [
          -378.053,
          0.0,
          -715.13
        ]
      ]
    },
    {
      "name": "usa_tent_3",
      "tm": [
        [
          0.906308,
          0.0,
          0.422618
        ],
        [
          0.0,
          1.0,
          0.0
        ],
        [
          -0.422618,
          0.0,
          0.906308
        ],
        [
          1207.9,
          0.0,
          -747.646
        ]
      ]
    },
    {
      "name": "britain_control_tower_1_rendinst",
      "tm": [
        [
          -0.5,
          0.0,
          0.866025
        ],
        [
          0.0,
          1.0,
          0.0
        ],
        [
          -0.866025,
          0.0,
          -0.5
        ],
        [
          103.039,
          0.0,
          -507.851
        ]
      ]
    },
    {
      "name": "britain_control_tower_1_rendinst",
      "tm": [
        [
          -0.984808,
          0.0,
          0.173648
        ],
        [
          0.0,
          1.0,
          0.0
        ],
        [
          -0.173648,
          0.0,
          -0.984808
        ],
        [
          192.119,
          0.0,
          -545.35
        ]
      ]
    },
    {
      "name": "britain_control_tower_1_rendinst",
      "tm": [
        [
          -0.766045,
          0.0,
          -0.642787
        ],
        [
          0.0,
          1.0,
          0.0
        ],
        [
          0.642787,
          0.0,
          -0.766045
        ],
        [
          -352.739,
          0.0,
          -554.202
        ]
      ]
    },
    {
      "name": "britain_control_tower_1_rendinst",
      "tm": [
        [
          0.173648,
          0.0,
          -0.984808
        ],
        [
          0.0,
          1.0,
          0.0
        ],
        [
          0.984808,
          0.0,
          0.173648
        ],
        [
          964.314,
          0.0,
          -567.349
        ]
      ]
    },
    {
      "name": "britain_control_tower_1_rendinst",
      "tm": [
        [
          -0.766044,
          0.0,
          -0.642788
        ],
        [
          0.0,
          1.0,
          0.0
        ],
        [
          0.642788,
          0.0,
          -0.766044
        ],
        [
          928.989,
          0.0,
          -576.635
        ]
      ]
    },
    {
      "name": "britain_weapon_empl_rendinst",
      "tm": [
        [
          1.94707E-07,
          0.0,
          -1.0
        ],
        [
          0.0,
          1.0,
          0.0
        ],
        [
          1.0,
          0.0,
          1.94707E-07
        ],
        [
          -366.969,
          0.0,
          -560.72
        ]
      ]
    },
    {
      "name": "britain_weapon_empl_rendinst",
      "tm": [
        [
          0.5,
          0.0,
          0.866026
        ],
        [
          0.0,
          1.0,
          0.0
        ],
        [
          -0.866026,
          0.0,
          0.5
        ],
        [
          -550.114,
          0.0,
          -676.532
        ]
      ]
    },
    {
      "name": "britain_weapon_empl_rendinst",
      "tm": [
        [
          -1.62921E-07,
          0.0,
          1.0
        ],
        [
          0.0,
          1.0,
          0.0
        ],
        [
          -1.0,
          0.0,
          -1.62921E-07
        ],
        [
          100.679,
          0.0,
          -704.599
        ]
      ]
    },
    {
      "name": "britain_weapon_empl_rendinst",
      "tm": [
        [
          3.13916E-07,
          0.0,
          -1.0
        ],
        [
          0.0,
          1.0,
          0.0
        ],
        [
          1.0,
          0.0,
          3.13916E-07
        ],
        [
          87.5948,
          0.0,
          -527.013
        ]
      ]
    },
    {
      "name": "britain_weapon_empl_rendinst",
      "tm": [
        [
          0.0871556,
          0.0,
          0.996195
        ],
        [
          0.0,
          1.0,
          0.0
        ],
        [
          -0.996195,
          0.0,
          0.0871556
        ],
        [
          703.274,
          0.0,
          -765.539
        ]
      ]
    },
    {
      "name": "britain_weapon_empl_rendinst",
      "tm": [
        [
          -0.984808,
          0.0,
          0.173648
        ],
        [
          0.0,
          1.0,
          0.0
        ],
        [
          -0.173648,
          0.0,
          -0.984808
        ],
        [
          1505.24,
          0.0,
          -724.259
        ]
      ]
    },
    {
      "name": "britain_army_tent_rendinst",
      "tm": [
        [
          -4.37114E-08,
          0.0,
          1.0
        ],
        [
          0.0,
          1.0,
          0.0
        ],
        [
          -1.0,
          0.0,
          -4.37114E-08
        ],
        [
          317.172,
          0.0,
          -641.943
        ]
      ]
    },
    {
      "name": "britain_big_army_tent_rendinst",
      "tm": [
        [
          -0.866025,
          0.0,
          0.5
        ],
        [
          0.0,
          1.0,
          0.0
        ],
        [
          -0.5,
          0.0,
          -0.866025
        ],
        [
          227.323,
          0.0,
          -675.069
        ]
      ]
    },
    {
      "name": "britain_big_army_tent_rendinst",
      "tm": [
        [
          -0.939693,
          0.0,
          0.34202
        ],
        [
          0.0,
          1.0,
          0.0
        ],
        [
          -0.34202,
          0.0,
          -0.939693
        ],
        [
          304.73,
          0.0,
          -642.87
        ]
      ]
    },
    {
      "name": "britain_army_tent_rendinst",
      "tm": [
        [
          -4.37114E-08,
          0.0,
          1.0
        ],
        [
          0.0,
          1.0,
          0.0
        ],
        [
          -1.0,
          0.0,
          -4.37114E-08
        ],
        [
          314.759,
          0.0,
          -593.078
        ]
      ]
    },
    {
      "name": "britain_army_tent_rendinst",
      "tm": [
        [
          -4.37114E-08,
          0.0,
          1.0
        ],
        [
          0.0,
          1.0,
          0.0
        ],
        [
          -1.0,
          0.0,
          -4.37114E-08
        ],
        [
          305.602,
          0.0,
          -601.038
        ]
      ]
    },
    {
      "name": "britain_big_army_tent_rendinst",
      "tm": [
        [
          -0.642788,
          0.0,
          -0.766045
        ],
        [
          0.0,
          1.0,
          0.0
        ],
        [
          0.766045,
          0.0,
          -0.642788
        ],
        [
          440.431,
          0.0,
          -738.488
        ]
      ]
    },
    {
      "name": "britain_big_army_tent_rendinst",
      "tm": [
        [
          -0.642788,
          0.0,
          -0.766045
        ],
        [
          0.0,
          1.0,
          0.0
        ],
        [
          0.766045,
          0.0,
          -0.642788
        ],
        [
          396.51,
          0.0,
          -742.821
        ]
      ]
    },
    {
      "name": "britain_big_army_tent_rendinst",
      "tm": [
        [
          -1.0,
          0.0,
          -3.25841E-07
        ],
        [
          0.0,
          1.0,
          0.0
        ],
        [
          3.25841E-07,
          0.0,
          -1.0
        ],
        [
          1330.12,
          0.0,
          -711.126
        ]
      ]
    },
    {
      "name": "britain_big_army_tent_rendinst",
      "tm": [
        [
          -1.0,
          0.0,
          -3.25841E-07
        ],
        [
          0.0,
          1.0,
          0.0
        ],
        [
          3.25841E-07,
          0.0,
          -1.0
        ],
        [
          1361.77,
          0.0,
          -711.126
        ]
      ]
    },
    {
      "name": "britain_big_army_tent_rendinst",
      "tm": [
        [
          -1.0,
          0.0,
          -3.25841E-07
        ],
        [
          0.0,
          1.0,
          0.0
        ],
        [
          3.25841E-07,
          0.0,
          -1.0
        ],
        [
          1344.53,
          0.0,
          -697.264
        ]
      ]
    },
    {
      "name": "britain_big_army_tent_rendinst",
      "tm": [
        [
          -1.0,
          0.0,
          -3.25841E-07
        ],
        [
          0.0,
          1.0,
          0.0
        ],
        [
          3.25841E-07,
          0.0,
          -1.0
        ],
        [
          1309.84,
          0.0,
          -698.394
        ]
      ]
    },
    {
      "name": "britain_big_army_tent_rendinst",
      "tm": [
        [
          -1.0,
          0.0,
          -3.25841E-07
        ],
        [
          0.0,
          1.0,
          0.0
        ],
        [
          3.25841E-07,
          0.0,
          -1.0
        ],
        [
          1205.82,
          0.0,
          -708.106
        ]
      ]
    },
    {
      "name": "britain_big_army_tent_rendinst",
      "tm": [
        [
          -0.866026,
          0.0,
          0.5
        ],
        [
          0.0,
          1.0,
          0.0
        ],
        [
          -0.5,
          0.0,
          -0.866026
        ],
        [
          -415.275,
          0.0,
          -717.735
        ]
      ]
    },
    {
      "name": "britain_army_tent_rendinst",
      "tm": [
        [
          -4.37114E-08,
          0.0,
          1.0
        ],
        [
          0.0,
          1.0,
          0.0
        ],
        [
          -1.0,
          0.0,
          -4.37114E-08
        ],
        [
          -537.096,
          0.0,
          -648.428
        ]
      ]
    },
    {
      "name": "britain_army_tent_rendinst",
      "tm": [
        [
          -4.37114E-08,
          0.0,
          1.0
        ],
        [
          0.0,
          1.0,
          0.0
        ],
        [
          -1.0,
          0.0,
          -4.37114E-08
        ],
        [
          -512.633,
          0.0,
          -654.016
        ]
      ]
    },
    {
      "name": "britain_army_tent_rendinst",
      "tm": [
        [
          -4.37114E-08,
          0.0,
          1.0
        ],
        [
          0.0,
          1.0,
          0.0
        ],
        [
          -1.0,
          0.0,
          -4.37114E-08
        ],
        [
          -506.382,
          0.0,
          -646.316
        ]
      ]
    },
    {
      "name": "britain_army_tent_rendinst",
      "tm": [
        [
          -4.37114E-08,
          0.0,
          1.0
        ],
        [
          0.0,
          1.0,
          0.0
        ],
        [
          -1.0,
          0.0,
          -4.37114E-08
        ],
        [
          -512.039,
          0.0,
          -642.817
        ]
      ]
    },
    {
      "name": "britain_army_tent_rendinst",
      "tm": [
        [
          -4.37114E-08,
          0.0,
          1.0
        ],
        [
          0.0,
          1.0,
          0.0
        ],
        [
          -1.0,
          0.0,
          -4.37114E-08
        ],
        [
          -496.373,
          0.0,
          -641.01
        ]
      ]
    },
    {
      "name": "britain_army_tent_rendinst",
      "tm": [
        [
          -4.37114E-08,
          0.0,
          1.0
        ],
        [
          0.0,
          1.0,
          0.0
        ],
        [
          -1.0,
          0.0,
          -4.37114E-08
        ],
        [
          -337.579,
          0.0,
          -708.799
        ]
      ]
    },
    {
      "name": "britain_army_tent_rendinst",
      "tm": [
        [
          -4.37114E-08,
          0.0,
          1.0
        ],
        [
          0.0,
          1.0,
          0.0
        ],
        [
          -1.0,
          0.0,
          -4.37114E-08
        ],
        [
          -393.91,
          0.0,
          -737.421
        ]
      ]
    },
    {
      "name": "britain_army_tent_rendinst",
      "tm": [
        [
          -4.37114E-08,
          0.0,
          1.0
        ],
        [
          0.0,
          1.0,
          0.0
        ],
        [
          -1.0,
          0.0,
          -4.37114E-08
        ],
        [
          143.261,
          0.0,
          -729.168
        ]
      ]
    },
    {
      "name": "britain_army_tent_rendinst",
      "tm": [
        [
          -4.37114E-08,
          0.0,
          1.0
        ],
        [
          0.0,
          1.0,
          0.0
        ],
        [
          -1.0,
          0.0,
          -4.37114E-08
        ],
        [
          574.201,
          0.0,
          -647.306
        ]
      ]
    },
    {
      "name": "britain_army_tent_rendinst",
      "tm": [
        [
          -4.37114E-08,
          0.0,
          1.0
        ],
        [
          0.0,
          1.0,
          0.0
        ],
        [
          -1.0,
          0.0,
          -4.37114E-08
        ],
        [
          580.179,
          0.0,
          -638.949
        ]
      ]
    },
    {
      "name": "britain_army_tent_rendinst",
      "tm": [
        [
          -4.37114E-08,
          0.0,
          1.0
        ],
        [
          0.0,
          1.0,
          0.0
        ],
        [
          -1.0,
          0.0,
          -4.37114E-08
        ],
        [
          574.14,
          0.0,
          -630.395
        ]
      ]
    },
    {
      "name": "britain_army_tent_rendinst",
      "tm": [
        [
          -4.37114E-08,
          0.0,
          1.0
        ],
        [
          0.0,
          1.0,
          0.0
        ],
        [
          -1.0,
          0.0,
          -4.37114E-08
        ],
        [
          567.049,
          0.0,
          -620.656
        ]
      ]
    },
    {
      "name": "britain_army_tent_rendinst",
      "tm": [
        [
          -4.37114E-08,
          0.0,
          1.0
        ],
        [
          0.0,
          1.0,
          0.0
        ],
        [
          -1.0,
          0.0,
          -4.37114E-08
        ],
        [
          543.374,
          0.0,
          -630.2
        ]
      ]
    },
    {
      "name": "britain_army_tent_rendinst",
      "tm": [
        [
          -4.37114E-08,
          0.0,
          1.0
        ],
        [
          0.0,
          1.0,
          0.0
        ],
        [
          -1.0,
          0.0,
          -4.37114E-08
        ],
        [
          547.521,
          0.0,
          -638.738
        ]
      ]
    },
    {
      "name": "us_mbase_aircraft_tent",
      "tm": [
        [
          1.08794,
          0.0,
          0.0951825
        ],
        [
          0.0,
          0.627868,
          0.0
        ],
        [
          -0.0954332,
          0.0,
          1.09081
        ],
        [
          1340.72,
          -8.58307E-06,
          -596.175
        ]
      ]
    },
    {
      "name": "us_mbase_aircraft_tent",
      "tm": [
        [
          0.0951825,
          0.0,
          -1.08794
        ],
        [
          0.0,
          0.627868,
          0.0
        ],
        [
          1.09081,
          0.0,
          0.0954331
        ],
        [
          1391.32,
          -8.58307E-06,
          -669.643
        ]
      ]
    },
    {
      "name": "us_mbase_aircraft_tent",
      "tm": [
        [
          -0.18964,
          0.0,
          -1.0755
        ],
        [
          0.0,
          0.627868,
          0.0
        ],
        [
          1.07834,
          0.0,
          -0.19014
        ],
        [
          1412.2,
          -8.58307E-06,
          -669.019
        ]
      ]
    },
    {
      "name": "us_mbase_aircraft_tent",
      "tm": [
        [
          0.282655,
          0.0,
          -1.05488
        ],
        [
          0.0,
          0.627868,
          0.0
        ],
        [
          1.05766,
          0.0,
          0.2834
        ],
        [
          218.448,
          -8.58307E-06,
          -722.385
        ]
      ]
    },
    {
      "name": "britain_observ_post_1_rendinst",
      "tm": [
        [
          -4.37114E-08,
          0.0,
          1.0
        ],
        [
          0.0,
          1.0,
          0.0
        ],
        [
          -1.0,
          0.0,
          -4.37114E-08
        ],
        [
          1261.85,
          0.0,
          -622.816
        ]
      ]
    },
    {
      "name": "britain_observ_post_1_rendinst",
      "tm": [
        [
          -0.573576,
          0.0,
          -0.819152
        ],
        [
          0.0,
          1.0,
          0.0
        ],
        [
          0.819152,
          0.0,
          -0.573576
        ],
        [
          1507.09,
          0.0,
          -713.779
        ]
      ]
    },
    {
      "name": "britain_observ_post_1_rendinst",
      "tm": [
        [
          0.766044,
          0.0,
          0.642788
        ],
        [
          0.0,
          1.0,
          0.0
        ],
        [
          -0.642788,
          0.0,
          0.766044
        ],
        [
          737.365,
          0.0,
          -677.609
        ]
      ]
    },
    {
      "name": "britain_observ_post_1_rendinst",
      "tm": [
        [
          -0.173648,
          0.0,
          -0.984808
        ],
        [
          0.0,
          1.0,
          0.0
        ],
        [
          0.984808,
          0.0,
          -0.173648
        ],
        [
          103.118,
          0.0,
          -536.725
        ]
      ]
    },
    {
      "name": "britain_observ_post_1_rendinst",
      "tm": [
        [
          0.766045,
          0.0,
          -0.642787
        ],
        [
          0.0,
          1.0,
          0.0
        ],
        [
          0.642787,
          0.0,
          0.766045
        ],
        [
          106.616,
          0.0,
          -515.898
        ]
      ]
    },
    {
