{
  "className": "composit",
  "size": [
    2048.0,
    256.0
  ],
  "airfield": {
    "start": [
      800.0,
      0.0,
      -10.0
    ],
    "end": [
      -835.0,
      0.0,
      -10.0
    ],
    "width": 140.0,
    "spawn": [
      [
        670.0,
        0.0,
        0.0
      ],
      [
        670.0,
        0.0,
        20.0
      ],
      [
        670.0,
        0.0,
        -20.0
      ],
      [
        650.0,
        0.0,
        0.0
      ],
      [
        650.0,
        0.0,
        20.0
      ],
      [
        650.0,
        0.0,
        -20.0
      ],
      [
        630.0,
        0.0,
        0.0
      ],
      [
        630.0,
        0.0,
        20.0
      ],
      [
        630.0,
        0.0,
        -20.0
      ],
      [
        610.0,
        0.0,
        0.0
      ],
      [
        610.0,
        0.0,
        20.0
      ],
      [
        610.0,
        0.0,
        -20.0
      ],
      [
        670.0,
        0.0,
        40.0
      ],
      [
        650.0,
        0.0,
        40.0
      ],
      [
        630.0,
        0.0,
        40.0
      ],
      [
        670.0,
        0.0,
        -40.0
      ],
      [
        650.0,
        0.0,
        -40.0
      ],
      [
        630.0,
        0.0,
        -40.0
      ]
    ],
    "repairTags": {
      "type_attack_helicopter": false,
      "type_utility_helicopter": false
    }
  },
  "storage": {
    "start": [
      -95.0,
      0.0,
      -180.0
    ],
    "end": [
      -240.0,
      0.0,
      -180.0
    ],
    "width": 115.0
  },
  "parking": {
    "start": [
      560.0,
      0.0,
      -260.0
    ],
    "end": [
      -10.0,
      0.0,
      -260.0
    ],
    "width": 180.0
  },
  "dwelling": {
    "start": [
      260.0,
      0.0,
      210.0
    ],
    "end": [
      -400.0,
      0.0,
      210.0
    ],
    "width": 210.0
  },
  "node": [
    {
      "name": "^^dynaf_universal_1line_c_mesh",
      "tm": [
        [
          1.0,
          0.0,
          0.0
        ],
        [
          0.0,
          1.0,
          0.0
        ],
        [
          0.0,
          0.0,
          1.0
        ],
        [
          0.0,
          0.0,
          0.0
        ]
      ]
    },
    {
      "name": "+NoTreesBox000",
      "tm": [
        [
          1478.0,
          0.0,
          0.0
        ],
        [
          0.0,
          15.0,
          0.0
        ],
        [
          0.0,
          0.0,
          313.0
        ],
        [
          26.0,
          0.0,
          -2.0
        ]
      ]
    },
    {
      "name": "+NoTreesBox001",
      "tm": [
        [
          547.0,
          0.0,
          0.0
        ],
        [
          0.0,
          15.0,
          0.0
        ],
        [
          0.0,
          0.0,
          182.0
        ],
        [
          265.0,
          0.0,
          -242.0
        ]
      ]
    },
    {
      "name": "+NoTreesBox002",
      "tm": [
        [
          458.0,
          0.0,
          0.0
        ],
        [
          0.0,
          15.0,
          0.0
        ],
        [
          0.0,
          0.0,
          198.0
        ],
        [
          520.0,
          0.0,
          239.0
        ]
      ]
    },
    {
      "name": "gaz_m1_a",
      "tm": [
        [
          1.0,
          0.0,
          0.0
        ],
        [
          0.0,
          1.0,
          0.0
        ],
        [
          0.0,
          0.0,
          1.0
        ],
        [
          13.4859,
          0.0,
          -218.117
        ]
      ]
    },
    {
      "name": "gaz67_a",
      "tm": [
        [
          0.996195,
          0.0,
          0.0871557
        ],
        [
          0.0,
          1.0,
          0.0
        ],
        [
          -0.0871557,
          0.0,
          0.996195
        ],
        [
          429.933,
          0.0,
          285.253
        ]
      ]
    },
    {
      "name": "gaz67_a",
      "tm": [
        [
          1.0,
          0.0,
          0.0
        ],
        [
          0.0,
          1.0,
          0.0
        ],
        [
          0.0,
          0.0,
          1.0
        ],
        [
          -17.6975,
          0.0,
          227.295
        ]
      ]
    },
    {
      "name": "gaz67_a",
      "tm": [
        [
          1.0,
          0.0,
          0.0
        ],
        [
          0.0,
          1.0,
          0.0
        ],
        [
          0.0,
          0.0,
          1.0
        ],
        [
          9.2107,
          0.0,
          -217.577
        ]
      ]
    },
    {
      "name": "gaz_m1_a",
      "tm": [
        [
          1.0,
          0.0,
          0.0
        ],
        [
          0.0,
          1.0,
          0.0
        ],
        [
          0.0,
          0.0,
          1.0
        ],
        [
          432.001,
          0.0,
          288.733
        ]
      ]
    },
    {
      "name": "zis5_a",
      "tm": [
        [
          0.0871557,
          0.0,
          0.996195
        ],
        [
          0.0,
          1.0,
          0.0
        ],
        [
          -0.996195,
          0.0,
          0.0871557
        ],
        [
          -353.061,
          0.0,
          166.394
        ]
      ]
    },
    {
      "name": "zis5_a",
      "tm": [
        [
          -0.139173,
          0.0,
          0.990268
        ],
        [
          0.0,
          1.0,
          0.0
        ],
        [
          -0.990268,
          0.0,
          -0.139173
        ],
        [
          -126.815,
          0.0,
          -170.953
        ]
      ]
    },
    {
      "name": "zis5_a",
      "tm": [
        [
          0.996195,
          0.0,
          0.0871557
        ],
        [
          0.0,
          1.0,
          0.0
        ],
        [
          -0.0871557,
          0.0,
          0.996195
        ],
        [
          -125.194,
          0.0,
          274.931
        ]
      ]
    },
    {
      "name": "zis5_a",
      "tm": [
        [
          1.0,
          0.0,
          0.0
        ],
        [
          0.0,
          1.0,
          0.0
        ],
        [
          0.0,
          0.0,
          1.0
        ],
        [
          -15.6905,
          0.0,
          221.561
        ]
      ]
    },
    {
      "name": "zis5_a",
      "tm": [
        [
          0.984808,
          0.0,
          0.173648
        ],
        [
          0.0,
          1.0,
          0.0
        ],
        [
          -0.173648,
          0.0,
          0.984808
        ],
        [
          238.877,
          0.0,
          187.643
        ]
      ]
    },
    {
      "name": "zis5_a",
      "tm": [
        [
          0.258819,
          0.0,
          -0.965926
        ],
        [
          0.0,
          1.0,
          0.0
        ],
        [
          0.965926,
          0.0,
          0.258819
        ],
        [
          634.239,
          0.0,
          -227.144
        ]
      ]
    },
    {
      "name": "zis5_tent_a",
      "tm": [
        [
          0.0871557,
          0.0,
          0.996195
        ],
        [
          0.0,
          1.0,
          0.0
        ],
        [
          -0.996195,
          0.0,
          0.0871557
        ],
        [
          -360.601,
          0.0,
          166.098
        ]
      ]
    },
    {
      "name": "zis5_tent_a",
      "tm": [
        [
          1.0,
          0.0,
          0.0
        ],
        [
          0.0,
          1.0,
          0.0
        ],
        [
          0.0,
          0.0,
          1.0
        ],
        [
          -124.521,
          0.0,
          268.709
        ]
      ]
    },
    {
      "name": "zis5_tent_a",
      "tm": [
        [
          -0.258819,
          0.0,
          0.965926
        ],
        [
          0.0,
          1.0,
          0.0
        ],
        [
          -0.965926,
          0.0,
          -0.258819
        ],
        [
          626.968,
          0.0,
          -228.453
        ]
      ]
    },
    {
      "name": "zis6_fuel_a",
      "tm": [
        [
          -0.996195,
          0.0,
          -0.0871559
        ],
        [
          0.0,
          1.0,
          0.0
        ],
        [
          0.0871559,
          0.0,
          -0.996195
        ],
        [
          -143.811,
          0.0,
          -188.776
        ]
      ]
    },
    {
      "name": "universal_airfield_shed_a",
      "tm": [
        [
          1.0,
          0.0,
          0.0
        ],
        [
          0.0,
          1.0,
          0.0
        ],
        [
          0.0,
          0.0,
          1.0
        ],
        [
          -143.091,
          0.0,
          133.762
        ]
      ]
    },
    {
      "name": "universal_airfield_tent_b",
      "tm": [
        [
          1.0,
          0.0,
          0.0
        ],
        [
          0.0,
          1.0,
          0.0
        ],
        [
          0.0,
          0.0,
          1.0
        ],
        [
          -114.221,
          0.0,
          210.036
        ]
      ]
    },
    {
      "name": "universal_airfield_table_a",
      "tm": [
        [
          1.0,
          0.0,
          0.0
        ],
        [
          0.0,
          1.0,
          0.0
        ],
        [
          0.0,
          0.0,
          1.0
        ],
        [
          -114.32,
          0.0,
          210.036
        ]
      ]
    },
    {
      "name": "universal_airfield_table_a",
      "tm": [
        [
          -0.0871556,
          0.0,
          0.996195
        ],
        [
          0.0,
          1.0,
          0.0
        ],
        [
          -0.996195,
          0.0,
          -0.0871556
        ],
        [
          -48.7553,
          0.0,
          280.233
        ]
      ]
    },
    {
      "name": "universal_airfield_tent_b",
      "tm": [
        [
          -0.0871556,
          0.0,
          0.996195
        ],
        [
          0.0,
          1.0,
          0.0
        ],
        [
          -0.996195,
          0.0,
          -0.0871556
        ],
        [
          -48.7639,
          0.0,
          280.332
        ]
      ]
    },
    {
      "name": "universal_airfield_table_a",
      "tm": [
        [
          0.766045,
          0.0,
          0.642788
        ],
        [
          0.0,
          1.0,
          0.0
        ],
        [
          -0.642788,
          0.0,
          0.766045
        ],
        [
          425.192,
          0.0,
          261.188
        ]
      ]
    },
    {
      "name": "universal_airfield_tent_b",
      "tm": [
        [
          0.766045,
          0.0,
          0.642788
        ],
        [
          0.0,
          1.0,
          0.0
        ],
        [
          -0.642788,
          0.0,
          0.766045
        ],
        [
          425.268,
          0.0,
          261.252
        ]
      ]
    },
    {
      "name": "universal_airfield_barrack_c",
      "tm": [
        [
          0.819152,
          0.0,
          0.573576
        ],
        [
          0.0,
          1.0,
          0.0
        ],
        [
          -0.573576,
          0.0,
          0.819152
        ],
        [
          -512.227,
          0.256334,
          -280.218
        ]
      ]
    },
    {
      "name": "universal_airfield_shed_a",
      "tm": [
        [
          -0.707107,
          0.0,
          -0.707107
        ],
        [
          0.0,
          1.0,
          0.0
        ],
        [
          0.707107,
          0.0,
          -0.707107
        ],
        [
          -481.371,
          0.0,
          -282.694
        ]
      ]
    },
    {
      "name": "universal_airfield_tent_a",
      "tm": [
        [
          0.965926,
          0.0,
          -0.258819
        ],
        [
          0.0,
          1.0,
          0.0
        ],
        [
          0.258819,
          0.0,
          0.965926
        ],
        [
          61.7195,
          0.0,
          -230.64
        ]
      ]
    },
    {
      "name": "universal_airfield_tent_g",
      "tm": [
        [
          1.0,
          0.0,
          0.0
        ],
        [
          0.0,
          1.0,
          0.0
        ],
        [
          0.0,
          0.0,
          1.0
        ],
        [
          31.4201,
          0.0,
          -224.766
        ]
      ]
    },
    {
      "name": "universal_airfield_tent_c",
      "tm": [
        [
          -0.984808,
          0.0,
          -0.173648
        ],
        [
          0.0,
          1.0,
          0.0
        ],
        [
          0.173648,
          0.0,
          -0.984808
        ],
        [
          61.6039,
          0.0,
          -210.545
        ]
      ]
    },
    {
      "name": "universal_airfield_barrack_a",
      "tm": [
        [
          -0.939693,
          0.0,
          0.34202
        ],
        [
          0.0,
          1.0,
          0.0
        ],
        [
          -0.34202,
          0.0,
          -0.939693
        ],
        [
          488.529,
          0.0,
          -257.404
        ]
      ]
    },
    {
      "name": "universal_airfield_barrack_e",
      "tm": [
        [
          -0.965926,
          0.0,
          0.258819
        ],
        [
          0.0,
          1.0,
          0.0
        ],
        [
          -0.258819,
          0.0,
          -0.965926
        ],
        [
          514.611,
          0.0,
          -265.602
        ]
      ]
    },
    {
      "name": "universal_airfield_barrack_e",
      "tm": [
        [
          -0.965926,
          0.0,
          0.258819
        ],
        [
          0.0,
          1.0,
          0.0
        ],
        [
          -0.258819,
          0.0,
          -0.965926
        ],
        [
          539.819,
          0.0,
          -272.971
        ]
      ]
    },
    {
      "name": "universal_airfield_barrack_c",
      "tm": [
        [
          0.0871558,
          0.0,
          -0.996195
        ],
        [
          0.0,
          1.0,
          0.0
        ],
        [
          0.996195,
          0.0,
          0.0871558
        ],
        [
          608.379,
          0.307211,
          -228.338
        ]
      ]
    },
    {
      "name": "universal_airfield_barrack_b",
      "tm": [
        [
          0.984808,
          0.0,
          0.173648
        ],
        [
          0.0,
          1.0,
          0.0
        ],
        [
          -0.173648,
          0.0,
          0.984808
        ],
        [
          647.193,
          0.0,
          -222.376
        ]
      ]
    },
    {
      "name": "universal_airfield_barrack_g",
      "tm": [
        [
          0.173648,
          0.0,
          -0.984808
        ],
        [
          0.0,
          1.0,
          0.0
        ],
        [
          0.984808,
          0.0,
          0.173648
        ],
        [
          631.154,
          0.0,
          -216.492
        ]
      ]
    },
    {
      "name": "universal_airfield_barrack_f",
      "tm": [
        [
          0.642788,
          0.0,
          -0.766044
        ],
        [
          0.0,
          1.0,
          0.0
        ],
        [
          0.766044,
          0.0,
          0.642788
        ],
        [
          835.73,
          0.0,
          -247.637
        ]
      ]
    },
    {
      "name": "universal_airfield_barrack_c",
      "tm": [
        [
          1.0,
          0.0,
          0.0
        ],
        [
          0.0,
          1.0,
          0.0
        ],
        [
          0.0,
          0.0,
          1.0
        ],
        [
          579.72,
          0.0,
          201.892
        ]
      ]
    },
    {
      "name": "universal_airfield_shed_a",
      "tm": [
        [
          -0.996195,
          0.0,
          -0.0871562
        ],
        [
          0.0,
          1.0,
          0.0
        ],
        [
          0.0871562,
          0.0,
          -0.996195
        ],
        [
          508.609,
          0.0,
          208.759
        ]
      ]
    },
    {
      "name": "universal_airfield_barrack_a",
      "tm": [
        [
          -1.0,
          0.0,
          1.50996E-07
        ],
        [
          0.0,
          1.0,
          0.0
        ],
        [
          -1.50996E-07,
          0.0,
          -1.0
        ],
        [
          218.887,
          0.0,
          192.128
        ]
      ]
    },
    {
      "name": "universal_airfield_barrack_e",
      "tm": [
        [
          1.0,
          0.0,
          0.0
        ],
        [
          0.0,
          1.0,
          0.0
        ],
        [
          0.0,
          0.0,
          1.0
        ],
        [
          175.634,
          0.0,
          228.581
        ]
      ]
    },
    {
      "name": "universal_airfield_barrack_e",
      "tm": [
        [
          1.0,
          0.0,
          0.0
        ],
        [
          0.0,
          1.0,
          0.0
        ],
        [
          0.0,
          0.0,
          1.0
        ],
        [
          197.825,
          0.0,
          229.354
        ]
      ]
    },
    {
      "name": "universal_airfield_barrack_b",
      "tm": [
        [
          1.0,
          0.0,
          0.0
        ],
        [
          0.0,
          1.0,
          0.0
        ],
        [
          0.0,
          0.0,
          1.0
        ],
        [
          -139.292,
          0.0,
          260.997
        ]
      ]
    },
    {
      "name": "universal_airfield_barrack_f",
      "tm": [
        [
          -4.37114E-08,
          0.0,
          1.0
        ],
        [
          0.0,
          1.0,
          0.0
        ],
        [
          -1.0,
          0.0,
          -4.37114E-08
        ],
        [
          -120.474,
          0.0,
          295.884
        ]
      ]
    },
    {
      "name": "universal_airfield_barrack_d",
      "tm": [
        [
          -4.37114E-08,
          0.0,
          1.0
        ],
        [
          0.0,
          1.0,
          0.0
        ],
        [
          -1.0,
          0.0,
          -4.37114E-08
        ],
        [
          -340.219,
          0.0,
          180.514
        ]
      ]
    },
    {
      "name": "universal_airfield_barrack_e",
      "tm": [
        [
          1.0,
          0.0,
          0.0
        ],
        [
          0.0,
          1.0,
          0.0
        ],
        [
          0.0,
          0.0,
          1.0
        ],
        [
          -363.043,
          0.0,
          210.663
        ]
      ]
    },
    {
      "name": "universal_airfield_shed_a",
      "tm": [
        [
          0.258819,
          0.0,
          0.965926
        ],
        [
          0.0,
          1.0,
          0.0
        ],
        [
          -0.965926,
          0.0,
          0.258819
        ],
        [
          -316.201,
          0.0,
          208.533
        ]
      ]
    },
    {
      "name": "universal_airfield_tent_d",
      "tm": [
        [
          -0.0871556,
          0.0,
          0.996195
        ],
        [
          0.0,
          1.0,
          0.0
        ],
        [
          -0.996195,
          0.0,
          -0.0871556
        ],
        [
          -85.5383,
          0.0,
          134.439
        ]
      ]
    },
    {
      "name": "universal_airfield_tent_d",
      "tm": [
        [
          0.996195,
          0.0,
          0.0871556
        ],
        [
          0.0,
          1.0,
          0.0
        ],
        [
          -0.0871556,
          0.0,
          0.996195
        ],
        [
          -87.8777,
          0.0,
          154.184
        ]
      ]
    },
    {
      "name": "universal_airfield_tent_d",
      "tm": [
        [
          0.965926,
          0.0,
          -0.258819
        ],
        [
          0.0,
          1.0,
          0.0
        ],
        [
          0.258819,
          0.0,
          0.965926
        ],
        [
          -118.249,
          0.0,
          136.929
        ]
      ]
    },
    {
      "name": "universal_airfield_tent_d",
      "tm": [
        [
          0.965926,
          0.0,
          -0.258819
        ],
        [
          0.0,
          1.0,
          0.0
        ],
        [
          0.258819,
          0.0,
          0.965926
        ],
        [
          -139.954,
          0.0,
          153.169
        ]
      ]
    },
    {
      "name": "universal_airfield_tent_d",
      "tm": [
        [
          0.819152,
          0.0,
          0.573576
        ],
        [
          0.0,
          1.0,
          0.0
        ],
        [
          -0.573576,
          0.0,
          0.819152
        ],
        [
          -160.108,
          0.0,
          166.847
        ]
      ]
    },
    {
      "name": "universal_airfield_tent_d",
      "tm": [
        [
          1.94707E-07,
          0.0,
          1.0
        ],
        [
          0.0,
          1.0,
          0.0
        ],
        [
          -1.0,
          0.0,
          1.94707E-07
        ],
        [
          -66.1931,
          0.0,
          176.787
        ]
      ]
    },
    {
      "name": "universal_airfield_tent_d",
      "tm": [
        [
          -4.37114E-08,
          0.0,
          -1.0
        ],
        [
          0.0,
          1.0,
          0.0
        ],
        [
          1.0,
          0.0,
          -4.37114E-08
        ],
        [
          -43.0744,
          0.0,
          184.083
        ]
      ]
    },
    {
      "name": "universal_airfield_tent_d",
      "tm": [
        [
          0.258819,
          0.0,
          -0.965926
        ],
        [
          0.0,
          1.0,
          0.0
        ],
        [
          0.965926,
          0.0,
          0.258819
        ],
        [
          -68.5905,
          0.0,
          237.025
        ]
      ]
    },
    {
      "name": "universal_airfield_tent_d",
      "tm": [
        [
          0.0871558,
          0.0,
          -0.996195
        ],
        [
          0.0,
          1.0,
          0.0
        ],
        [
          0.996195,
          0.0,
          0.0871558
        ],
        [
          -14.457,
          0.0,
          247.862
        ]
      ]
    },
    {
      "name": "universal_airfield_tent_d",
      "tm": [
        [
          0.866025,
          0.0,
          -0.5
        ],
        [
          0.0,
          1.0,
          0.0
        ],
        [
          0.5,
          0.0,
          0.866025
        ],
        [
          -35.6231,
          0.0,
          262.371
        ]
      ]
    },
    {
      "name": "universal_airfield_tent_d",
      "tm": [
        [
          0.819152,
          0.0,
          -0.573576
        ],
        [
          0.0,
          1.0,
          0.0
        ],
        [
          0.573576,
          0.0,
          0.819152
        ],
        [
          -6.60019,
          0.0,
          286.538
        ]
      ]
    },
    {
      "name": "universal_airfield_tent_d",
      "tm": [
        [
          -0.0871556,
          0.0,
          -0.996195
        ],
        [
          0.0,
          1.0,
          0.0
        ],
        [
          0.996195,
          0.0,
          -0.0871556
        ],
        [
          -32.2552,
          0.0,
          300.312
        ]
      ]
    },
    {
      "name": "universal_airfield_tent_d",
      "tm": [
        [
          7.54979E-08,
          0.0,
          -1.0
        ],
        [
          0.0,
          1.0,
          0.0
        ],
        [
          1.0,
          0.0,
          7.54979E-08
        ],
        [
          -67.6462,
          0.0,
          281.166
        ]
      ]
    },
    {
      "name": "universal_airfield_tent_e",
      "tm": [
        [
          0.996195,
          0.0,
          0.0871557
        ],
        [
          0.0,
          1.0,
          0.0
        ],
        [
          -0.0871557,
          0.0,
          0.996195
        ],
        [
          -65.8099,
          0.0,
          137.865
        ]
      ]
    },
    {
      "name": "universal_airfield_tent_e",
      "tm": [
        [
          -0.965926,
          0.0,
          0.258819
        ],
        [
          0.0,
          1.0,
          0.0
        ],
        [
          -0.258819,
          0.0,
          -0.965926
        ],
        [
          -42.177,
          0.0,
          136.109
        ]
      ]
    },
    {
      "name": "universal_airfield_tent_e",
      "tm": [
        [
          7.54979E-08,
          0.0,
          1.0
        ],
        [
          0.0,
          1.0,
          0.0
        ],
        [
          -1.0,
          0.0,
          7.54979E-08
        ],
        [
          -66.8279,
          0.0,
          154.082
        ]
      ]
    },
    {
      "name": "universal_airfield_tent_e",
      "tm": [
        [
          -0.996195,
          0.0,
          -0.0871556
        ],
        [
          0.0,
          1.0,
          0.0
        ],
        [
          0.0871556,
          0.0,
          -0.996195
        ],
        [
          -86.3547,
          0.0,
          171.947
        ]
      ]
    },
    {
      "name": "universal_airfield_tent_e",
      "tm": [
        [
          7.54979E-08,
          0.0,
          1.0
        ],
        [
          0.0,
          1.0,
          0.0
        ],
        [
          -1.0,
          0.0,
          7.54979E-08
        ],
        [
          -118.471,
          0.0,
          162.701
        ]
      ]
    },
    {
      "name": "universal_airfield_tent_e",
      "tm": [
        [
          -0.5,
          0.0,
          0.866025
        ],
        [
          0.0,
          1.0,
          0.0
        ],
        [
          -0.866025,
          0.0,
          -0.5
        ],
        [
          -155.636,
          0.0,
          178.755
        ]
      ]
    },
    {
      "name": "universal_airfield_tent_e",
      "tm": [
        [
          -0.422618,
          0.0,
          0.906308
        ],
        [
          0.0,
          1.0,
          0.0
        ],
        [
          -0.906308,
          0.0,
          -0.422618
        ],
        [
          -141.436,
          0.0,
          205.641
        ]
      ]
    },
    {
      "name": "universal_airfield_tent_e",
      "tm": [
        [
          -1.0,
          0.0,
          -8.74228E-08
        ],
        [
          0.0,
          1.0,
          0.0
        ],
        [
          8.74228E-08,
          0.0,
          -1.0
        ],
        [
          -85.8805,
          0.0,
          210.463
        ]
      ]
    },
    {
      "name": "universal_airfield_tent_e",
      "tm": [
        [
          -1.0,
          0.0,
          -8.74228E-08
        ],
        [
          0.0,
          1.0,
          0.0
        ],
        [
          8.74228E-08,
          0.0,
          -1.0
        ],
        [
          -84.1335,
          0.0,
          226.35
        ]
      ]
    },
    {
      "name": "universal_airfield_tent_e",
      "tm": [
        [
          1.0,
          0.0,
          1.19209E-07
        ],
        [
          0.0,
          1.0,
          0.0
        ],
        [
          -1.19209E-07,
          0.0,
          1.0
        ],
        [
          -53.5221,
          0.0,
          228.412
        ]
      ]
    },
    {
      "name": "universal_airfield_tent_e",
      "tm": [
        [
          0.173648,
          0.0,
          0.984808
        ],
        [
          0.0,
          1.0,
          0.0
        ],
        [
          -0.984808,
          0.0,
          0.173648
        ],
        [
          -49.2862,
          0.0,
          210.767
        ]
      ]
    },
    {
      "name": "universal_airfield_tent_e",
      "tm": [
        [
          0.258819,
          0.0,
          0.965926
        ],
        [
          0.0,
          1.0,
          0.0
        ],
        [
          -0.965926,
          0.0,
          0.258819
        ],
        [
          -41.1765,
          0.0,
          242.828
        ]
      ]
    },
    {
      "name": "universal_airfield_tent_e",
      "tm": [
        [
          0.996195,
          0.0,
          0.0871558
        ],
        [
          0.0,
          1.0,
          0.0
        ],
        [
          -0.0871558,
          0.0,
          0.996195
        ],
        [
          -87.3718,
          0.0,
          240.251
        ]
      ]
    },
    {
      "name": "universal_airfield_tent_e",
      "tm": [
        [
          1.94707E-07,
          0.0,
          -1.0
        ],
        [
          0.0,
          1.0,
          0.0
        ],
        [
          1.0,
          0.0,
          1.94707E-07
        ],
        [
          -85.6258,
          0.0,
          261.515
        ]
      ]
    },
    {
      "name": "universal_airfield_tent_e",
      "tm": [
        [
          -0.0871562,
          0.0,
          0.996195
        ],
        [
          0.0,
          1.0,
          0.0
        ],
        [
          -0.996195,
          0.0,
          -0.0871562
        ],
        [
          -88.9629,
          0.0,
          282.367
        ]
      ]
    },
    {
      "name": "universal_airfield_tent_e",
      "tm": [
        [
          0.173648,
          0.0,
          0.984808
        ],
        [
          0.0,
          1.0,
          0.0
        ],
        [
          -0.984808,
          0.0,
          0.173648
        ],
        [
          -85.4613,
          0.0,
          306.02
        ]
      ]
    },
    {
      "name": "universal_airfield_tent_e",
      "tm": [
        [
          -0.0871562,
          0.0,
          0.996195
        ],
        [
          0.0,
          1.0,
          0.0
        ],
        [
          -0.996195,
          0.0,
          -0.0871562
        ],
        [
          -31.7358,
          0.0,
          282.39
        ]
      ]
    },
    {
      "name": "universal_airfield_tent_e",
      "tm": [
        [
          0.173648,
          0.0,
          0.984808
        ],
        [
          0.0,
          1.0,
          0.0
        ],
        [
          -0.984808,
          0.0,
          0.173648
        ],
        [
          -12.3082,
          0.0,
          267.184
        ]
      ]
    },
    {
      "name": "universal_airfield_tent_e",
      "tm": [
        [
          7.54979E-08,
          0.0,
          1.0
        ],
        [
          0.0,
          1.0,
          0.0
        ],
        [
          -1.0,
          0.0,
          7.54979E-08
        ],
        [
          500.125,
          0.0,
          236.183
        ]
      ]
    },
    {
      "name": "universal_airfield_tent_e",
      "tm": [
        [
          -0.984808,
          0.0,
          0.173648
        ],
        [
          0.0,
          1.0,
          0.0
        ],
        [
          -0.173648,
          0.0,
          -0.984808
        ],
        [
          505.422,
          0.0,
          227.119
        ]
      ]
    },
    {
      "name": "universal_airfield_tent_f",
      "tm": [
        [
          1.0,
          0.0,
          0.0
        ],
        [
          0.0,
          1.0,
          0.0
        ],
        [
          0.0,
          0.0,
          1.0
        ],
        [
          -46.8256,
          0.0,
          150.725
        ]
      ]
    },
    {
      "name": "universal_airfield_tent_f",
      "tm": [
        [
          0.0871558,
          0.0,
          0.996195
        ],
        [
          0.0,
          1.0,
          0.0
        ],
        [
          -0.996195,
          0.0,
          0.0871558
        ],
        [
          -52.3066,
          0.0,
          166.788
        ]
      ]
    },
    {
      "name": "universal_airfield_tent_f",
      "tm": [
        [
          0.0871558,
          0.0,
          0.996195
        ],
        [
          0.0,
          1.0,
          0.0
        ],
        [
          -0.996195,
          0.0,
          0.0871558
        ],
        [
          -125.675,
          0.0,
          175.699
        ]
      ]
    },
    {
      "name": "universal_airfield_tent_f",
      "tm": [
        [
          0.766044,
          0.0,
          0.642788
        ],
        [
          0.0,
          1.0,
          0.0
        ],
        [
          -0.642788,
          0.0,
          0.766044
        ],
        [
          -138.384,
          0.0,
          177.502
        ]
      ]
    },
    {
      "name": "universal_airfield_tent_f",
      "tm": [
        [
          0.173648,
          0.0,
          0.984808
        ],
        [
          0.0,
          1.0,
          0.0
        ],
        [
          -0.984808,
          0.0,
          0.173648
        ],
        [
          -130.984,
          0.0,
          192.346
        ]
      ]
    },
    {
      "name": "universal_airfield_tent_f",
      "tm": [
        [
          0.819152,
          0.0,
          0.573576
        ],
        [
          0.0,
          1.0,
          0.0
        ],
        [
          -0.573576,
          0.0,
          0.819152
        ],
        [
          -79.2813,
          0.0,
          196.879
        ]
      ]
    },
    {
      "name": "universal_airfield_tent_f",
      "tm": [
        [
          0.34202,
          0.0,
          0.939693
        ],
        [
          0.0,
          1.0,
          0.0
        ],
        [
          -0.939693,
          0.0,
          0.34202
        ],
        [
          -62.549,
          0.0,
          198.605
        ]
      ]
    },
    {
      "name": "universal_airfield_tent_f",
      "tm": [
        [
          -0.0871556,
          0.0,
          0.996195
        ],
        [
          0.0,
          1.0,
          0.0
        ],
        [
          -0.996195,
          0.0,
          -0.0871556
        ],
        [
          -71.2396,
          0.0,
          207.936
        ]
      ]
    },
    {
      "name": "universal_airfield_tent_f",
      "tm": [
        [
          -0.0871556,
          0.0,
          0.996195
        ],
        [
          0.0,
          1.0,
          0.0
        ],
        [
          -0.996195,
          0.0,
          -0.0871556
        ],
        [
          -70.5702,
          0.0,
          296.642
        ]
      ]
    },
    {
      "name": "universal_airfield_tent_f",
      "tm": [
        [
          -0.939693,
          0.0,
          0.34202
        ],
        [
          0.0,
          1.0,
          0.0
        ],
        [
          -0.34202,
          0.0,
          -0.939693
        ],
        [
          -66.4267,
          0.0,
          307.162
        ]
      ]
    },
    {
      "name": "universal_airfield_tent_c",
      "tm": [
        [
          -0.996195,
          0.0,
          0.0871559
        ],
        [
          0.0,
          1.0,
          0.0
        ],
        [
          -0.0871559,
          0.0,
          -0.996195
        ],
        [
          454.916,
          0.0,
          290.885
        ]
      ]
    },
    {
      "name": "universal_airfield_tent_a",
      "tm": [
        [
          -0.707107,
          0.0,
          0.707107
        ],
        [
          0.0,
          1.0,
          0.0
        ],
        [
          -0.707107,
          0.0,
          -0.707107
        ],
        [
          457.078,
          0.0,
          237.243
        ]
      ]
    },
    {
      "name": "universal_airfield_tent_g",
      "tm": [
        [
          0.866025,
          0.0,
          -0.5
        ],
        [
          0.0,
          1.0,
          0.0
        ],
        [
          0.5,
          0.0,
          0.866025
        ],
        [
          450.647,
          0.0,
          271.533
        ]
      ]
    },
    {
      "name": "universal_airfield_tent_i",
      "tm": [
        [
          1.0,
          0.0,
          0.0
        ],
        [
          0.0,
          1.0,
          0.0
        ],
        [
          0.0,
          0.0,
          1.0
        ],
        [
          -85.6714,
          0.0,
          144.031
        ]
      ]
    },
    {
      "name": "universal_airfield_tent_i",
      "tm": [
        [
          0.984808,
          0.0,
          0.173648
        ],
        [
          0.0,
          1.0,
          0.0
        ],
        [
          -0.173648,
          0.0,
          0.984808
        ],
        [
          -84.5755,
          0.0,
          162.907
        ]
      ]
    },
    {
      "name": "universal_airfield_tent_i",
      "tm": [
        [
          0.573576,
          0.0,
          -0.819152
        ],
        [
          0.0,
          1.0,
          0.0
        ],
        [
          0.819152,
          0.0,
          0.573576
        ],
        [
          -56.2761,
          0.0,
          179.171
        ]
      ]
    },
    {
      "name": "universal_airfield_tent_i",
      "tm": [
        [
          0.996195,
          0.0,
          -0.0871558
        ],
        [
          0.0,
          1.0,
          0.0
        ],
        [
          0.0871558,
          0.0,
          0.996195
        ],
        [
          -115.918,
          0.0,
          193.554
        ]
      ]
    },
    {
      "name": "universal_airfield_tent_i",
      "tm": [
        [
          0.996195,
          0.0,
          -0.0871558
        ],
        [
          0.0,
          1.0,
          0.0
        ],
        [
          0.0871558,
          0.0,
          0.996195
        ],
        [
          -117.799,
          0.0,
          185.315
        ]
      ]
    },
    {
      "name": "universal_airfield_tent_i",
      "tm": [
        [
          0.996195,
          0.0,
          -0.0871558
        ],
        [
          0.0,
          1.0,
          0.0
        ],
        [
          0.0871558,
          0.0,
          0.996195
        ],
        [
          -44.3769,
          0.0,
          220.837
        ]
      ]
    },
    {
      "name": "universal_airfield_tent_i",
      "tm": [
        [
          0.258819,
          0.0,
          0.965926
        ],
        [
          0.0,
          1.0,
          0.0
        ],
        [
          -0.965926,
          0.0,
          0.258819
        ],
        [
          -45.0316,
          0.0,
          252.615
        ]
      ]
    },
    {
      "name": "universal_airfield_tent_i",
      "tm": [
        [
          0.984808,
          0.0,
          0.173648
        ],
        [
          0.0,
          1.0,
          0.0
        ],
        [
          -0.173648,
          0.0,
          0.984808
        ],
        [
          -52.7758,
          0.0,
          289.334
        ]
      ]
    },
    {
      "name": "universal_airfield_tent_i",
      "tm": [
        [
          0.984808,
          0.0,
          0.173648
        ],
        [
          0.0,
          1.0,
          0.0
        ],
        [
          -0.173648,
          0.0,
          0.984808
        ],
        [
          -44.3912,
          0.0,
          268.829
        ]
      ]
    },
    {
      "name": "universal_airfield_tent_i",
      "tm": [
        [
          1.0,
          0.0,
          -1.49012E-07
        ],
        [
          0.0,
          1.0,
          0.0
        ],
        [
          1.49012E-07,
          0.0,
          1.0
        ],
        [
          -80.8919,
          0.0,
          217.828
        ]
      ]
    },
    {
      "name": "universal_airfield_tent_i",
      "tm": [
        [
          -0.996195,
          0.0,
          -0.0871553
        ],
        [
          0.0,
          1.0,
          0.0
        ],
        [
          0.0871553,
          0.0,
          -0.996195
        ],
        [
          -84.6679,
          0.0,
          248.091
        ]
      ]
    },
    {
      "name": "universal_airfield_tent_i",
      "tm": [
        [
          -0.996195,
          0.0,
          -0.0871553
        ],
        [
          0.0,
          1.0,
          0.0
        ],
        [
          0.0871553,
          0.0,
