{
  "className": "composit",
  "size": [
    272.0,
    272.0
  ],
  "airfield": {
    "start": [
      150.0,
      0.0,
      0.0
    ],
    "end": [
      -150.0,
      0.0,
      0.0
    ],
    "width": 300.0,
    "spawn": [
      [
        -105.0,
        0.0,
        -45.0
      ],
      [
        -115.0,
        0.0,
        -35.0
      ],
      [
        -105.0,
        0.0,
        5.0
      ],
      [
        -95.0,
        0.0,
        15.0
      ],
      [
        -85.0,
        0.0,
        25.0
      ],
      [
        -55.0,
        0.0,
        55.0
      ],
      [
        -45.0,
        0.0,
        65.0
      ],
      [
        -15.0,
        0.0,
        65.0
      ],
      [
        -5.0,
        0.0,
        55.0
      ],
      [
        80.0,
        0.0,
        45.0
      ],
      [
        90.0,
        0.0,
        55.0
      ],
      [
        100.0,
        0.0,
        65.0
      ],
      [
        95.0,
        0.0,
        -45.0
      ],
      [
        80.0,
        0.0,
        -55.0
      ],
      [
        105.0,
        0.0,
        -65.0
      ],
      [
        90.0,
        0.0,
        -90.0
      ]
    ],
    "repairTags": {
      "type_attack_helicopter": true,
      "type_utility_helicopter": true,
      "vtol_jet": true
    }
  },
  "storage": {
    "start": [
      -55.0,
      0.0,
      -115.0
    ],
    "end": [
      -130.0,
      0.0,
      -115.0
    ],
    "width": 100.0
  },
  "parking": {
    "start": [
      65.0,
      0.0,
      -70.0
    ],
    "end": [
      20.0,
      0.0,
      -70.0
    ],
    "width": 100.0
  },
  "dwelling": {
    "start": [
      90.0,
      0.0,
      7.0
    ],
    "end": [
      -55.0,
      0.0,
      7.0
    ],
    "width": 50.0
  },
  "node": [
    {
      "name": "^^dynaf_arctic_d_mesh",
      "tm": [
        [
          1.0,
          0.0,
          0.0
        ],
        [
          0.0,
          1.0,
          0.0
        ],
        [
          0.0,
          0.0,
          1.0
        ],
        [
          0.0,
          0.0,
          0.0
        ]
      ]
    },
    {
      "name": "modern_intermodal_container_a",
      "tm": [
        [
          0.826525,
          0.0,
          -0.5629
        ],
        [
          0.0,
          1.0,
          0.0
        ],
        [
          0.5629,
          0.0,
          0.826525
        ],
        [
          56.623,
          0.01,
          -41.5015
        ]
      ]
    },
    {
      "name": "modern_intermodal_container_a",
      "tm": [
        [
          0.984793,
          0.0,
          -0.173731
        ],
        [
          0.0,
          1.0,
          0.0
        ],
        [
          0.173731,
          0.0,
          0.984793
        ],
        [
          56.6282,
          0.01,
          -111.944
        ]
      ]
    },
    {
      "name": "modern_intermodal_container_a",
      "tm": [
        [
          1.0,
          0.0,
          0.000447243
        ],
        [
          0.0,
          1.0,
          0.0
        ],
        [
          -0.000447243,
          0.0,
          1.0
        ],
        [
          60.732,
          0.01,
          -112.753
        ]
      ]
    },
    {
      "name": "modern_intermodal_container_a",
      "tm": [
        [
          0.0957942,
          0.0,
          0.995401
        ],
        [
          0.0,
          1.0,
          0.0
        ],
        [
          -0.995401,
          0.0,
          0.0957942
        ],
        [
          28.5692,
          0.01,
          -79.0029
        ]
      ]
    },
    {
      "name": "modern_intermodal_container_a",
      "tm": [
        [
          0.0957942,
          0.0,
          0.995401
        ],
        [
          0.0,
          1.0,
          0.0
        ],
        [
          -0.995401,
          0.0,
          0.0957942
        ],
        [
          27.8892,
          0.01,
          -82.6539
        ]
      ]
    },
    {
      "name": "modern_intermodal_container_a",
      "tm": [
        [
          0.174432,
          0.0,
          -0.984669
        ],
        [
          0.0,
          1.0,
          0.0
        ],
        [
          0.984669,
          0.0,
          0.174432
        ],
        [
          41.8602,
          0.01,
          -76.9359
        ]
      ]
    },
    {
      "name": "modern_intermodal_container_a",
      "tm": [
        [
          -0.994426,
          0.0,
          -0.10543
        ],
        [
          0.0,
          1.0,
          0.0
        ],
        [
          0.10543,
          0.0,
          -0.994426
        ],
        [
          55.661,
          0.01,
          -53.8505
        ]
      ]
    },
    {
      "name": "modern_intermodal_container_a",
      "tm": [
        [
          -0.997591,
          0.0,
          0.0693825
        ],
        [
          0.0,
          1.0,
          0.0
        ],
        [
          -0.0693825,
          0.0,
          -0.997591
        ],
        [
          54.028,
          0.01,
          -62.5165
        ]
      ]
    },
    {
      "name": "modern_intermodal_container_a",
      "tm": [
        [
          -0.927135,
          0.0,
          0.374728
        ],
        [
          0.0,
          1.0,
          0.0
        ],
        [
          -0.374728,
          0.0,
          -0.927135
        ],
        [
          49.9937,
          0.01,
          -54.2342
        ]
      ]
    },
    {
      "name": "modern_intermodal_container_a",
      "tm": [
        [
          0.0375714,
          0.0,
          -0.999294
        ],
        [
          0.0,
          1.0,
          0.0
        ],
        [
          0.999294,
          0.0,
          0.0375714
        ],
        [
          26.8363,
          0.01,
          -88.353
        ]
      ]
    },
    {
      "name": "modern_intermodal_container_a",
      "tm": [
        [
          -0.0403211,
          0.0,
          -0.999187
        ],
        [
          0.0,
          1.0,
          0.0
        ],
        [
          0.999187,
          0.0,
          -0.0403211
        ],
        [
          26.6863,
          0.01,
          -92.103
        ]
      ]
    },
    {
      "name": "modern_intermodal_container_a",
      "tm": [
        [
          0.0375714,
          0.0,
          -0.999294
        ],
        [
          0.0,
          1.0,
          0.0
        ],
        [
          0.999294,
          0.0,
          0.0375714
        ],
        [
          27.4803,
          0.01,
          -95.482
        ]
      ]
    },
    {
      "name": "modern_intermodal_container_a",
      "tm": [
        [
          0.0375714,
          0.0,
          -0.999294
        ],
        [
          0.0,
          1.0,
          0.0
        ],
        [
          0.999294,
          0.0,
          0.0375714
        ],
        [
          25.0863,
          0.01,
          -98.603
        ]
      ]
    },
    {
      "name": "barrels_winter_rendinst",
      "tm": [
        [
          -1.0,
          0.0,
          3.1665E-08
        ],
        [
          0.0,
          1.0,
          0.0
        ],
        [
          -3.1665E-08,
          0.0,
          -1.0
        ],
        [
          27.4333,
          0.01,
          -111.264
        ]
      ]
    },
    {
      "name": "modern_intermodal_container_a",
      "tm": [
        [
          -0.999194,
          0.0,
          0.0401282
        ],
        [
          0.0,
          1.0,
          0.0
        ],
        [
          -0.0401282,
          0.0,
          -0.999194
        ],
        [
          52.9462,
          0.01,
          -111.268
        ]
      ]
    },
    {
      "name": "modern_intermodal_container_a",
      "tm": [
        [
          0.77356,
          0.0,
          0.633724
        ],
        [
          0.0,
          1.0,
          0.0
        ],
        [
          -0.633724,
          0.0,
          0.77356
        ],
        [
          50.323,
          0.01,
          -74.4425
        ]
      ]
    },
    {
      "name": "modern_intermodal_container_a",
      "tm": [
        [
          -0.985409,
          0.0,
          0.170206
        ],
        [
          0.0,
          1.0,
          0.0
        ],
        [
          -0.170206,
          0.0,
          -0.985409
        ],
        [
          52.0193,
          0.01,
          -29.0038
        ]
      ]
    },
    {
      "name": "modern_intermodal_container_a",
      "tm": [
        [
          -0.999194,
          0.0,
          0.0401282
        ],
        [
          0.0,
          1.0,
          0.0
        ],
        [
          -0.0401282,
          0.0,
          -0.999194
        ],
        [
          47.7353,
          0.01,
          -29.9838
        ]
      ]
    },
    {
      "name": "modern_intermodal_container_a",
      "tm": [
        [
          -0.999194,
          0.0,
          0.0401282
        ],
        [
          0.0,
          1.0,
          0.0
        ],
        [
          -0.0401282,
          0.0,
          -0.999194
        ],
        [
          45.0583,
          0.01,
          -29.8688
        ]
      ]
    },
    {
      "name": "modern_intermodal_container_a",
      "tm": [
        [
          -0.999194,
          0.0,
          0.0401282
        ],
        [
          0.0,
          1.0,
          0.0
        ],
        [
          -0.0401282,
          0.0,
          -0.999194
        ],
        [
          41.9763,
          0.01,
          -30.5848
        ]
      ]
    },
    {
      "name": "modern_intermodal_container_a",
      "tm": [
        [
          0.0906356,
          0.0,
          -0.995884
        ],
        [
          0.0,
          1.0,
          0.0
        ],
        [
          0.995884,
          0.0,
          0.0906356
        ],
        [
          48.8593,
          0.01,
          -35.3108
        ]
      ]
    },
    {
      "name": "universal_airfield_tent_m_snow",
      "tm": [
        [
          1.0,
          0.0,
          -2.98023E-08
        ],
        [
          0.0,
          1.0,
          0.0
        ],
        [
          2.98023E-08,
          0.0,
          1.0
        ],
        [
          27.8162,
          0.01,
          -28.1262
        ]
      ]
    },
    {
      "name": "universal_airfield_barrels_group_a_snow",
      "tm": [
        [
          0.906308,
          0.0,
          0.422618
        ],
        [
          0.0,
          1.0,
          0.0
        ],
        [
          -0.422618,
          0.0,
          0.906308
        ],
        [
          40.6823,
          0.01,
          -40.3284
        ]
      ]
    },
    {
      "name": "modern_intermodal_container_a",
      "tm": [
        [
          -0.350792,
          0.0,
          0.936454
        ],
        [
          0.0,
          1.0,
          0.0
        ],
        [
          -0.936454,
          0.0,
          -0.350792
        ],
        [
          48.054,
          0.01,
          -64.2745
        ]
      ]
    },
    {
      "name": "modern_intermodal_container_a",
      "tm": [
        [
          0.638695,
          0.0,
          0.769459
        ],
        [
          0.0,
          1.0,
          0.0
        ],
        [
          -0.769459,
          0.0,
          0.638695
        ],
        [
          36.1042,
          0.01,
          -80.3369
        ]
      ]
    },
    {
      "name": "modern_intermodal_container_a",
      "tm": [
        [
          0.174432,
          0.0,
          -0.984669
        ],
        [
          0.0,
          1.0,
          0.0
        ],
        [
          0.984669,
          0.0,
          0.174432
        ],
        [
          44.0592,
          0.01,
          -79.9149
        ]
      ]
    },
    {
      "name": "universal_airfield_tent_i_snow",
      "tm": [
        [
          0.723526,
          0.0,
          -0.690297
        ],
        [
          0.0,
          1.0,
          0.0
        ],
        [
          0.690297,
          0.0,
          0.723526
        ],
        [
          -80.0347,
          0.01,
          -170.268
        ]
      ],
      "place_type": 1
    },
    {
      "name": "bulge_control_tower_1_rendinst",
      "tm": [
        [
          1.0,
          0.0,
          0.0
        ],
        [
          0.0,
          1.0,
          0.0
        ],
        [
          0.0,
          0.0,
          1.0
        ],
        [
          -68.2789,
          0.01,
          -84.615
        ]
      ]
    },
    {
      "name": "universal_airfield_tent_m_snow",
      "tm": [
        [
          -0.696829,
          0.0,
          -0.717237
        ],
        [
          0.0,
          1.0,
          0.0
        ],
        [
          0.717237,
          0.0,
          -0.696829
        ],
        [
          -84.4147,
          0.01,
          -157.274
        ]
      ]
    },
    {
      "name": "universal_airfield_tent_m_snow",
      "tm": [
        [
          0.351124,
          0.0,
          -0.936329
        ],
        [
          0.0,
          1.0,
          0.0
        ],
        [
          0.936329,
          0.0,
          0.351124
        ],
        [
          -76.3707,
          0.01,
          -124.118
        ]
      ]
    },
    {
      "name": "universal_airfield_tent_m_snow",
      "tm": [
        [
          0.351124,
          0.0,
          -0.936329
        ],
        [
          0.0,
          1.0,
          0.0
        ],
        [
          0.936329,
          0.0,
          0.351124
        ],
        [
          -95.8641,
          0.01,
          -127.802
        ]
      ]
    }
  ]
}