[
  {
    "className": "composit"
  },
  {
    "size": [270.0,270.0]
  },
  {
    "node": {
      "name": "^^dynBase_small_factory_square_mesh",
      "tm": [
        [1.0,0.0,0.0],
        [0.0,1.0,0.0],
        [0.0,0.0,1.0],
        [0.0,0.0,0.0]
      ],
      "toGround": false
    }
  },
  {
    "node": {
      "name": "+NoTreesBox000",
      "tm": [
        [110.0,0.0,0.0],
        [0.0,20.0,0.0],
        [0.0,0.0,110.0],
        [0.0,0.0,0.0]
      ]
    }
  },
  {
    "node": {
      "name": "universal_airfield_shed_a",
      "tm": [
        [-3.37766e-07,0.0,-1.0],
        [0.0,1.0,0.0],
        [1.0,0.0,-3.37766e-07],
        [12.0326,0.0,-65.3446]
      ]
    }
  },
  {
    "node": {
      "name": "large_box_a",
      "tm": [
        [0.707107,0.0,0.707107],
        [0.0,1.0,0.0],
        [-0.707107,0.0,0.707107],
        [3.57228,0.0,30.7994]
      ]
    }
  },
  {
    "node": {
      "name": "large_box_a",
      "tm": [
        [0.707107,0.0,0.707107],
        [0.0,1.0,0.0],
        [-0.707107,0.0,0.707107],
        [5.49117,0.0,22.274]
      ]
    }
  },
  {
    "node": {
      "name": "large_box_a",
      "tm": [
        [0.707107,0.0,0.707107],
        [0.0,1.0,0.0],
        [-0.707107,0.0,0.707107],
        [-4.46113,0.0,33.0284]
      ]
    }
  },
  {
    "node": {
      "name": "universal_airfield_oil_storage_b",
      "tm": [
        [0.766044,0.0,0.642788],
        [0.0,1.0,0.0],
        [-0.642788,0.0,0.766044],
        [-1.47486,0.0,29.6659]
      ]
    }
  },
  {
    "node": {
      "name": "universal_airfield_oil_storage_b",
      "tm": [
        [0.766044,0.0,0.642788],
        [0.0,1.0,0.0],
        [-0.642788,0.0,0.766044],
        [1.9558,0.0,25.7147]
      ]
    }
  },
  {
    "node": {
      "name": "universal_airfield_sandbags_a",
      "tm": [
        [-1.62921e-07,0.0,-1.0],
        [0.0,1.0,0.0],
        [1.0,0.0,-1.62921e-07],
        [-74.5252,0.0,90.2509]
      ]
    }
  },
  {
    "node": {
      "name": "universal_airfield_sandbags_a",
      "tm": [
        [1.19249e-08,0.0,1.0],
        [0.0,1.0,0.0],
        [-1.0,0.0,1.19249e-08],
        [-70.6765,0.0,90.2509]
      ]
    }
  },
  {
    "node": {
      "name": "universal_airfield_sandbags_a",
      "tm": [
        [-1.62921e-07,0.0,-1.0],
        [0.0,1.0,0.0],
        [1.0,0.0,-1.62921e-07],
        [-66.9165,0.0,90.2509]
      ]
    }
  },
  {
    "node": {
      "name": "universal_airfield_sandbags_a",
      "tm": [
        [1.19249e-08,0.0,1.0],
        [0.0,1.0,0.0],
        [-1.0,0.0,1.19249e-08],
        [-62.9448,0.0,90.2509]
      ]
    }
  },
  {
    "node": {
      "name": "universal_airfield_sandbags_a",
      "tm": [
        [-1.62921e-07,0.0,-1.0],
        [0.0,1.0,0.0],
        [1.0,0.0,-1.62921e-07],
        [-59.035,0.0,90.2509]
      ]
    }
  },
  {
    "node": {
      "name": "universal_airfield_sandbags_a",
      "tm": [
        [1.19249e-08,0.0,1.0],
        [0.0,1.0,0.0],
        [-1.0,0.0,1.19249e-08],
        [-55.1863,0.0,90.2509]
      ]
    }
  },
  {
    "node": {
      "name": "universal_airfield_sandbags_a",
      "tm": [
        [-1.62921e-07,0.0,-1.0],
        [0.0,1.0,0.0],
        [1.0,0.0,-1.62921e-07],
        [-51.4263,0.0,90.2509]
      ]
    }
  },
  {
    "node": {
      "name": "universal_airfield_sandbags_a",
      "tm": [
        [-1.0,0.0,-1.50996e-07],
        [0.0,1.0,0.0],
        [1.50996e-07,0.0,-1.0],
        [-48.0986,0.0,58.7892]
      ]
    }
  },
  {
    "node": {
      "name": "universal_airfield_sandbags_a",
      "tm": [
        [1.0,0.0,1.49012e-08],
        [0.0,1.0,0.0],
        [-1.49012e-08,0.0,1.0],
        [-48.0986,0.0,62.699]
      ]
    }
  },
  {
    "node": {
      "name": "universal_airfield_sandbags_a",
      "tm": [
        [-1.0,0.0,-1.50996e-07],
        [0.0,1.0,0.0],
        [1.50996e-07,0.0,-1.0],
        [-48.0986,0.0,66.5477]
      ]
    }
  },
  {
    "node": {
      "name": "universal_airfield_sandbags_a",
      "tm": [
        [1.0,0.0,1.49012e-08],
        [0.0,1.0,0.0],
        [-1.49012e-08,0.0,1.0],
        [-48.0986,0.0,70.3077]
      ]
    }
  },
  {
    "node": {
      "name": "universal_airfield_barrels_group_b",
      "tm": [
        [-0.656058,0.0,-0.75471],
        [0.0,1.0,0.0],
        [0.75471,0.0,-0.656058],
        [-24.9862,0.0,-24.7254]
      ]
    }
  },
  {
    "node": {
      "name": "universal_airfield_oil_storage_b",
      "tm": [
        [-1.62921e-07,0.0,-1.0],
        [0.0,1.0,0.0],
        [1.0,0.0,-1.62921e-07],
        [-17.6707,0.0,-9.01663]
      ]
    }
  },
  {
    "node": {
      "name": "universal_airfield_oil_storage_b",
      "tm": [
        [-1.62921e-07,0.0,-1.0],
        [0.0,1.0,0.0],
        [1.0,0.0,-1.62921e-07],
        [-18.2773,0.0,-37.9435]
      ]
    }
  },
  {
    "node": {
      "name": "universal_airfield_oil_storage_b",
      "tm": [
        [-1.62921e-07,0.0,-1.0],
        [0.0,1.0,0.0],
        [1.0,0.0,-1.62921e-07],
        [-17.426,0.0,-23.4961]
      ]
    }
  },
  {
    "node": {
      "name": "st_factory_building_13d",
      "tm": [
        [1.19249e-08,0.0,1.0],
        [0.0,1.0,0.0],
        [-1.0,0.0,1.19249e-08],
        [-59.9295,0.0,-42.9081]
      ]
    }
  },
  {
    "node": {
      "name": "universal_airfield_sandbags_a",
      "tm": [
        [-1.0,0.0,-1.50996e-07],
        [0.0,1.0,0.0],
        [1.50996e-07,0.0,-1.0],
        [-84.6965,0.0,-46.5351]
      ]
    }
  },
  {
    "node": {
      "name": "universal_airfield_sandbags_a",
      "tm": [
        [1.0,0.0,0.0],
        [0.0,1.0,0.0],
        [0.0,0.0,1.0],
        [-84.6965,0.0,-42.7751]
      ]
    }
  },
  {
    "node": {
      "name": "universal_airfield_sandbags_a",
      "tm": [
        [-1.62921e-07,0.0,-1.0],
        [0.0,1.0,0.0],
        [1.0,0.0,-1.62921e-07],
        [-72.2276,0.0,-48.4911]
      ]
    }
  },
  {
    "node": {
      "name": "universal_airfield_sandbags_a",
      "tm": [
        [7.54979e-08,0.0,1.0],
        [0.0,1.0,0.0],
        [-1.0,0.0,7.54979e-08],
        [-75.9876,0.0,-48.4911]
      ]
    }
  },
  {
    "node": {
      "name": "universal_airfield_sandbags_a",
      "tm": [
        [-0.707107,0.0,-0.707107],
        [0.0,1.0,0.0],
        [0.707107,0.0,-0.707107],
        [32.2169,0.0,-6.92604]
      ]
    }
  },
  {
    "node": {
      "name": "universal_airfield_sandbags_a",
      "tm": [
        [0.707107,0.0,0.707107],
        [0.0,1.0,0.0],
        [-0.707107,0.0,0.707107],
        [29.4523,0.0,-4.1614]
      ]
    }
  },
  {
    "node": {
      "name": "universal_airfield_sandbags_a",
      "tm": [
        [-0.707107,0.0,-0.707107],
        [0.0,1.0,0.0],
        [0.707107,0.0,-0.707107],
        [26.7308,0.0,-1.43994]
      ]
    }
  },
  {
    "node": {
      "name": "universal_airfield_sandbags_a",
      "tm": [
        [0.707107,0.0,0.707107],
        [0.0,1.0,0.0],
        [-0.707107,0.0,0.707107],
        [24.0721,0.0,1.21877]
      ]
    }
  },
  {
    "node": {
      "name": "universal_airfield_sandbags_a",
      "tm": [
        [-4.64912e-07,0.0,1.0],
        [0.0,1.0,0.0],
        [-1.0,0.0,-4.64912e-07],
        [-9.53955,0.0,65.4415]
      ]
    }
  },
  {
    "node": {
      "name": "universal_airfield_sandbags_a",
      "tm": [
        [-1.62921e-07,0.0,-1.0],
        [0.0,1.0,0.0],
        [1.0,0.0,-1.62921e-07],
        [-5.62976,0.0,65.4415]
      ]
    }
  },
  {
    "node": {
      "name": "universal_airfield_sandbags_a",
      "tm": [
        [-4.64912e-07,0.0,1.0],
        [0.0,1.0,0.0],
        [-1.0,0.0,-4.64912e-07],
        [-1.78104,0.0,65.4415]
      ]
    }
  },
  {
    "node": {
      "name": "universal_airfield_sandbags_a",
      "tm": [
        [-1.62921e-07,0.0,-1.0],
        [0.0,1.0,0.0],
        [1.0,0.0,-1.62921e-07],
        [1.97894,0.0,65.4415]
      ]
    }
  },
  {
    "node": {
      "name": "universal_airfield_sandbags_a",
      "tm": [
        [-1.0,0.0,-1.50996e-07],
        [0.0,1.0,0.0],
        [1.50996e-07,0.0,-1.0],
        [-32.5079,0.0,-72.5736]
      ]
    }
  },
  {
    "node": {
      "name": "universal_airfield_sandbags_a",
      "tm": [
        [1.0,0.0,1.49012e-08],
        [0.0,1.0,0.0],
        [-1.49012e-08,0.0,1.0],
        [-32.5079,0.0,-68.6638]
      ]
    }
  },
  {
    "node": {
      "name": "universal_airfield_sandbags_a",
      "tm": [
        [-1.0,0.0,-1.50996e-07],
        [0.0,1.0,0.0],
        [1.50996e-07,0.0,-1.0],
        [-32.5079,0.0,-64.815]
      ]
    }
  },
  {
    "node": {
      "name": "universal_airfield_sandbags_a",
      "tm": [
        [1.0,0.0,1.49012e-08],
        [0.0,1.0,0.0],
        [-1.49012e-08,0.0,1.0],
        [-32.5079,0.0,-61.0551]
      ]
    }
  },
  {
    "node": {
      "name": "large_box_b",
      "tm": [
        [0.707107,0.0,0.707107],
        [0.0,1.0,0.0],
        [-0.707107,0.0,0.707107],
        [-81.4538,0.0,2.60468]
      ]
    }
  },
  {
    "node": {
      "name": "large_box_b",
      "tm": [
        [0.707107,0.0,0.707107],
        [0.0,1.0,0.0],
        [-0.707107,0.0,0.707107],
        [-62.1199,0.0,-35.7931]
      ]
    }
  },
  {
    "node": {
      "name": "large_box_b",
      "tm": [
        [0.707107,0.0,0.707107],
        [0.0,1.0,0.0],
        [-0.707107,0.0,0.707107],
        [-63.2673,0.0,8.62108]
      ]
    }
  },
  {
    "node": {
      "name": "large_box_b",
      "tm": [
        [9.65599e-07,0.0,1.0],
        [0.0,1.0,0.0],
        [-1.0,0.0,9.65599e-07],
        [-1.44996,0.0,70.5742]
      ]
    }
  },
  {
    "node": {
      "name": "large_box_b",
      "tm": [
        [0.342021,0.0,0.939692],
        [0.0,1.0,0.0],
        [-0.939692,0.0,0.342021],
        [-2.30299,0.0,79.0648]
      ]
    }
  },
  {
    "node": {
      "name": "large_box_a",
      "tm": [
        [-0.906307,0.0,0.422619],
        [0.0,1.0,0.0],
        [-0.422619,0.0,-0.906307],
        [-1.87039,0.0,74.7924]
      ]
    }
  },
  {
    "node": {
      "name": "large_box_a",
      "tm": [
        [-0.573576,0.0,0.819152],
        [0.0,1.0,0.0],
        [-0.819152,0.0,-0.573576],
        [35.9478,0.0,35.6065]
      ]
    }
  },
  {
    "node": {
      "name": "large_box_a",
      "tm": [
        [-0.499999,0.0,0.866026],
        [0.0,1.0,0.0],
        [-0.866026,0.0,-0.499999],
        [38.0692,0.0,39.5237]
      ]
    }
  },
  {
    "node": {
      "name": "large_box_a",
      "tm": [
        [-0.499999,0.0,0.866026],
        [0.0,1.0,0.0],
        [-0.866026,0.0,-0.499999],
        [40.119,0.0,43.0508]
      ]
    }
  },
  {
    "node": {
      "name": "large_box_a",
      "tm": [
        [0.984808,0.0,-0.173648],
        [0.0,1.0,0.0],
        [0.173648,0.0,0.984808],
        [35.049,0.0,41.2445]
      ]
    }
  },
  {
    "node": {
      "name": "large_box_b",
      "tm": [
        [0.573577,0.0,0.819152],
        [0.0,1.0,0.0],
        [-0.819152,0.0,0.573577],
        [32.9739,0.0,37.548]
      ]
    }
  },
  {
    "node": {
      "name": "large_box_a",
      "tm": [
        [-0.996195,0.0,0.0871568],
        [0.0,1.0,0.0],
        [-0.0871568,0.0,-0.996195],
        [-13.2533,0.0,71.1963]
      ]
    }
  },
  {
    "node": {
      "name": "large_box_a",
      "tm": [
        [9.65599e-07,0.0,1.0],
        [0.0,1.0,0.0],
        [-1.0,0.0,9.65599e-07],
        [-13.7624,0.0,75.622]
      ]
    }
  },
  {
    "node": {
      "name": "large_box_b",
      "tm": [
        [0.819152,0.0,0.573576],
        [0.0,1.0,0.0],
        [-0.573576,0.0,0.819152],
        [32.5971,0.0,32.5025]
      ]
    }
  },
  {
    "node": {
      "name": "large_box_a",
      "tm": [
        [-0.642787,0.0,0.766045],
        [0.0,1.0,0.0],
        [-0.766045,0.0,-0.642787],
        [-14.1063,0.0,79.6869]
      ]
    }
  },
  {
    "node": {
      "name": "universal_airfield_barrels_group_a",
      "tm": [
        [0.629321,0.0,-0.777146],
        [0.0,1.0,0.0],
        [0.777146,0.0,0.629321],
        [-27.4272,0.0,-62.6438]
      ]
    }
  },
  {
    "node": {
      "name": "large_box_b",
      "tm": [
        [9.65599e-07,0.0,1.0],
        [0.0,1.0,0.0],
        [-1.0,0.0,9.65599e-07],
        [-50.1459,0.0,64.841]
      ]
    }
  },
  {
    "node": {
      "name": "large_box_a",
      "tm": [
        [0.996195,0.0,-0.0871559],
        [0.0,1.0,0.0],
        [0.0871559,0.0,0.996195],
        [-50.4097,0.0,69.8517]
      ]
    }
  },
  {
    "node": {
      "name": "universal_airfield_barrels_group_b",
      "tm": [
        [0.629321,0.0,-0.777146],
        [0.0,1.0,0.0],
        [0.777146,0.0,0.629321],
        [-54.2614,0.0,61.0038]
      ]
    }
  },
  {
    "node": {
      "name": "large_box_b",
      "tm": [
        [0.707107,0.0,0.707107],
        [0.0,1.0,0.0],
        [-0.707107,0.0,0.707107],
        [66.0584,0.0,18.9595]
      ]
    }
  },
  {
    "node": {
      "name": "universal_airfield_barrels_group_b",
      "tm": [
        [0.0174514,0.0,0.999848],
        [0.0,1.0,0.0],
        [-0.999848,0.0,0.0174514],
        [26.9446,0.0,-9.74897]
      ]
    }
  },
  {
    "node": {
      "name": "large_box_b",
      "tm": [
        [0.707107,0.0,0.707107],
        [0.0,1.0,0.0],
        [-0.707107,0.0,0.707107],
        [11.1664,0.0,-5.67075]
      ]
    }
  },
  {
    "node": {
      "name": "large_box_a",
      "tm": [
        [0.707106,0.0,-0.707107],
        [0.0,1.0,0.0],
        [0.707107,0.0,0.707106],
        [14.523,0.0,-1.94106]
      ]
    }
  },
  {
    "node": {
      "name": "st_factory_building_13d",
      "tm": [
        [-0.707106,0.0,0.707107],
        [0.0,1.0,0.0],
        [-0.707107,0.0,-0.707106],
        [16.9063,0.0,-9.58592]
      ]
    }
  },
  {
    "node": {
      "name": "large_box_b",
      "tm": [
        [0.707107,0.0,0.707107],
        [0.0,1.0,0.0],
        [-0.707107,0.0,0.707107],
        [-59.7092,0.0,-22.1553]
      ]
    }
  },
  {
    "node": {
      "name": "large_box_b",
      "tm": [
        [0.707107,0.0,0.707107],
        [0.0,1.0,0.0],
        [-0.707107,0.0,0.707107],
        [25.6107,0.0,19.3933]
      ]
    }
  },
  {
    "node": {
      "name": "large_box_a",
      "tm": [
        [0.707107,0.0,0.707107],
        [0.0,1.0,0.0],
        [-0.707107,0.0,0.707107],
        [37.2854,0.0,31.2126]
      ]
    }
  },
  {
    "node": {
      "name": "large_box_a",
      "tm": [
        [0.707107,0.0,0.707107],
        [0.0,1.0,0.0],
        [-0.707107,0.0,0.707107],
        [35.6941,0.0,58.4583]
      ]
    }
  },
  {
    "node": {
      "name": "zis5_a",
      "tm": [
        [0.998813,0.0,-0.0487001],
        [0.0,1.0,0.0],
        [0.0487001,0.0,0.998813],
        [-26.8185,0.0,-72.299]
      ]
    }
  },
  {
    "node": {
      "name": "large_box_b",
      "tm": [
        [9.65599e-07,0.0,1.0],
        [0.0,1.0,0.0],
        [-1.0,0.0,9.65599e-07],
        [-24.9498,0.0,-69.2823]
      ]
    }
  },
  {
    "node": {
      "name": "large_box_a",
      "tm": [
        [9.65599e-07,0.0,1.0],
        [0.0,1.0,0.0],
        [-1.0,0.0,9.65599e-07],
        [-28.356,0.0,-68.6602]
      ]
    }
  },
  {
    "node": {
      "name": "universal_airfield_shed_a",
      "tm": [
        [9.65599e-07,0.0,1.0],
        [0.0,1.0,0.0],
        [-1.0,0.0,9.65599e-07],
        [-79.9633,0.0,6.35428]
      ]
    }
  },
  {
    "node": {
      "name": "universal_airfield_barrack_g",
      "tm": [
        [-0.707107,0.0,-0.707107],
        [0.0,1.0,0.0],
        [0.707107,0.0,-0.707107],
        [80.2512,0.0,12.853]
      ]
    }
  },
  {
    "node": {
      "name": "universal_airfield_barrels_group_b",
      "tm": [
        [0.933581,0.0,-0.358367],
        [0.0,1.0,0.0],
        [0.358367,0.0,0.933581],
        [-60.4453,0.0,-6.00857]
      ]
    }
  },
  {
    "node": {
      "name": "universal_airfield_barrels_group_b",
      "tm": [
        [-0.275637,0.0,-0.961262],
        [0.0,1.0,0.0],
        [0.961262,0.0,-0.275637],
        [45.1502,0.0,45.7468]
      ]
    }
  },
  {
    "node": {
      "name": "universal_airfield_barrack_a",
      "tm": [
        [1.00333e-07,0.0,1.32895],
        [0.0,1.32895,0.0],
        [-1.32895,0.0,1.00333e-07],
        [20.9987,0.0,-55.4614]
      ]
    }
  },
  {
    "node": {
      "name": "stcity_building_13",
      "tm": [
        [0.707107,0.0,-0.707107],
        [0.0,1.0,0.0],
        [0.707107,0.0,0.707107],
        [69.4786,0.0,48.4517]
      ]
    }
  },
  {
    "node": {
      "name": "stcity_building_13",
      "tm": [
        [-1.62921e-07,0.0,-1.0],
        [0.0,1.0,0.0],
        [1.0,0.0,-1.62921e-07],
        [46.0818,0.0,-63.9939]
      ]
    }
  },
  {
    "node": {
      "name": "st_factory_building_13d",
      "tm": [
        [-0.707107,0.0,0.707107],
        [0.0,1.0,0.0],
        [-0.707107,0.0,-0.707107],
        [44.0518,0.0,55.4622]
      ]
    }
  },
  {
    "node": {
      "name": "st_factory_building_13d",
      "tm": [
        [0.707107,0.0,-0.707107],
        [0.0,1.0,0.0],
        [0.707107,0.0,0.707107],
        [52.1319,0.0,63.5422]
      ]
    }
  },
  {
    "node": {
      "name": "st_factory_building_13d",
      "tm": [
        [-0.707107,0.0,0.707107],
        [0.0,1.0,0.0],
        [-0.707107,0.0,-0.707107],
        [32.5748,0.0,66.3893]
      ]
    }
  },
  {
    "node": {
      "name": "st_factory_building_13d",
      "tm": [
        [0.707107,0.0,-0.707107],
        [0.0,1.0,0.0],
        [0.707107,0.0,0.707107],
        [40.6549,0.0,74.4693]
      ]
    }
  },
  {
    "node": {
      "name": "st_factory_building_13d",
      "tm": [
        [-1.62921e-07,0.0,-1.0],
        [0.0,1.0,0.0],
        [1.0,0.0,-1.62921e-07],
        [27.3469,0.0,-73.1896]
      ]
    }
  },
  {
    "node": {
      "name": "st_factory_building_13d",
      "tm": [
        [1.19249e-08,0.0,1.0],
        [0.0,1.0,0.0],
        [-1.0,0.0,1.19249e-08],
        [15.92,0.0,-73.1896]
      ]
    }
  },
  {
    "node": {
      "name": "universal_airfield_shed_a",
      "tm": [
        [-3.37766e-07,0.0,-1.0],
        [0.0,1.0,0.0],
        [1.0,0.0,-3.37766e-07],
        [-55.459,0.0,54.8154]
      ]
    }
  },
  {
    "node": {
      "name": "universal_airfield_shed_a",
      "tm": [
        [0.707107,0.0,0.707107],
        [0.0,1.0,0.0],
        [-0.707107,0.0,0.707107],
        [65.7454,0.0,14.6552]
      ]
    }
  },
  {
    "node": {
      "name": "universal_airfield_shed_a",
      "tm": [
        [-3.37766e-07,0.0,-1.0],
        [0.0,1.0,0.0],
        [1.0,0.0,-3.37766e-07],
        [-27.5136,0.0,-77.0529]
      ]
    }
  },
  {
    "node": {
      "name": "af_chimney_metal_b",
      "tm": [
        [1.0,0.0,0.0],
        [0.0,1.0,0.0],
        [0.0,0.0,1.0],
        [-53.5283,0.0,-42.7727]
      ]
    }
  },
  {
    "node": {
      "name": "af_chimney_metal_b",
      "tm": [
        [1.0,0.0,0.0],
        [0.0,1.0,0.0],
        [0.0,0.0,1.0],
        [67.2118,0.0,30.9415]
      ]
    }
  },
  {
    "node": {
      "name": "universal_airfield_oil_storage_a",
      "tm": [
        [1.0,0.0,0.0],
        [0.0,1.0,0.0],
        [0.0,0.0,1.0],
        [-19.3014,0.0,-16.5285]
      ]
    }
  },
  {
    "node": {
      "name": "universal_airfield_oil_storage_a",
      "tm": [
        [1.0,0.0,0.0],
        [0.0,1.0,0.0],
        [0.0,0.0,1.0],
        [-19.3014,0.0,-30.9355]
      ]
    }
  },
  {
    "node": {
      "name": "universal_airfield_shed_b",
      "tm": [
        [-1.62921e-07,0.0,-1.0],
        [0.0,1.0,0.0],
        [1.0,0.0,-1.62921e-07],
        [-58.0819,0.0,1.92114]
      ]
    }
  },
  {
    "node": {
      "name": "universal_airfield_shed_b",
      "tm": [
        [-1.62921e-07,0.0,-1.0],
        [0.0,1.0,0.0],
        [1.0,0.0,-1.62921e-07],
        [-58.0819,0.0,-14.2296]
      ]
    }
  },
  {
    "node": {
      "name": "universal_airfield_shed_b",
      "tm": [
        [-1.62921e-07,0.0,-1.0],
        [0.0,1.0,0.0],
        [1.0,0.0,-1.62921e-07],
        [-58.0819,0.0,-29.6114]
      ]
    }
  },
  {
    "node": {
      "name": "universal_airfield_barrack_d",
      "tm": [
        [0.644729,0.0,0.644729],
        [0.0,0.911785,0.0],
        [-0.644729,0.0,0.644729],
        [48.5244,0.0,29.3867]
      ]
    }
  },
  {
    "node": {
      "name": "universal_airfield_barrack_d",
      "tm": [
        [-0.644729,0.0,-0.644729],
        [0.0,0.911785,0.0],
        [0.644729,0.0,-0.644729],
        [58.3666,0.0,39.5948]
      ]
    }
  },
  {
    "node": {
      "name": "zis5_a",
      "tm": [
        [-0.0173195,0.0,-0.99985],
        [0.0,1.0,0.0],
        [0.99985,0.0,-0.0173195],
        [7.33871,0.0,-73.0669]
      ]
    }
  },
  {
    "node": {
      "name": "zis5_a",
      "tm": [
        [0.697914,0.0,-0.716182],
        [0.0,1.0,0.0],
        [0.716182,0.0,0.697914],
        [37.311,0.0,6.88366]
      ]
    }
  },
  {
    "node": {
      "name": "zis5_a",
      "tm": [
        [-0.0487003,0.0,-0.998813],
        [0.0,1.0,0.0],
        [0.998813,0.0,-0.0487003],
        [26.2401,0.0,33.2977]
      ]
    }
  },
  {
    "node": {
      "name": "zis5_a",
      "tm": [
        [-0.0487003,0.0,-0.998813],
        [0.0,1.0,0.0],
        [0.998813,0.0,-0.0487003],
        [1.71321,0.0,75.5999]
      ]
    }
  },
  {
    "node": {
      "name": "zis5_a",
      "tm": [
        [-0.0487003,0.0,-0.998813],
        [0.0,1.0,0.0],
        [0.998813,0.0,-0.0487003],
        [-18.1497,0.0,75.5999]
      ]
    }
  },
  {
    "node": {
      "name": "zis5_a",
      "tm": [
        [-0.463637,0.0,-0.886025],
        [0.0,1.0,0.0],
        [0.886025,0.0,-0.463637],
        [-53.563,0.0,84.2677]
      ]
    }
  },
  {
    "node": {
      "name": "zis5_a",
      "tm": [
        [-0.611643,0.0,-0.791134],
        [0.0,1.0,0.0],
        [0.791134,0.0,-0.611643],
        [-60.0695,0.0,84.4115]
      ]
    }
  },
  {
    "node": {
      "name": "zis5_a",
      "tm": [
        [-0.434214,0.0,-0.90081],
        [0.0,1.0,0.0],
        [0.90081,0.0,-0.434214],
        [-65.9761,0.0,85.2915]
      ]
    }
  },
  {
    "node": {
      "name": "zis5_a",
      "tm": [
        [-0.550878,0.0,-0.834586],
        [0.0,1.0,0.0],
        [0.834586,0.0,-0.550878],
        [-72.8895,0.0,84.4249]
      ]
    }
  },
  {
    "node": {
      "name": "universal_airfield_barrack_a",
      "tm": [
        [0.93971,0.0,0.939709],
        [0.0,1.32895,0.0],
        [-0.939709,0.0,0.93971],
        [38.1465,0.0,19.0744]
      ]
    }
  },
  {
    "node": {
      "name": "universal_airfield_sandbags_a",
      "tm": [
        [-1.62921e-07,0.0,-1.0],
        [0.0,1.0,0.0],
        [1.0,0.0,-1.62921e-07],
        [-70.4705,0.0,49.0177]
      ]
    }
  },
  {
    "node": {
      "name": "universal_airfield_sandbags_a",
      "tm": [
        [-4.64912e-07,0.0,1.0],
        [0.0,1.0,0.0],
        [-1.0,0.0,-4.64912e-07],
        [-74.2304,0.0,49.0177]
      ]
    }
  },
  {
    "node": {
      "name": "universal_airfield_oil_storage_b",
      "tm": [
        [1.0,0.0,5.96046e-08],
        [0.0,1.0,0.0],
        [-5.96046e-08,0.0,1.0],
        [-76.6489,0.0,52.8285]
      ]
    }
  },
  {
    "node": {
      "name": "large_box_a",
      "tm": [
        [0.707107,0.0,0.707107],
        [0.0,1.0,0.0],
        [-0.707107,0.0,0.707107],
        [-13.1516,0.0,-26.1631]
      ]
    }
  },
  {
    "node": {
      "name": "large_box_a",
      "tm": [
        [0.707107,0.0,0.707107],
        [0.0,1.0,0.0],
        [-0.707107,0.0,0.707107],
        [56.5321,0.0,-48.0792]
      ]
    }
  },
  {
    "node": {
      "name": "large_box_a",
      "tm": [
        [0.707107,0.0,0.707107],
        [0.0,1.0,0.0],
        [-0.707107,0.0,0.707107],
        [-84.5276,0.0,-38.1533]
      ]
    }
  },
  {
    "node": {
      "name": "large_box_b",
      "tm": [
        [0.573577,0.0,0.819152],
        [0.0,1.0,0.0],
        [-0.819152,0.0,0.573577],
        [-49.0532,0.0,88.2295]
      ]
    }
  },
  {
    "node": {
      "name": "large_box_b",
      "tm": [
        [0.573577,0.0,0.819152],
        [0.0,1.0,0.0],
        [-0.819152,0.0,0.573577],
        [-76.5015,0.0,58.5665]
      ]
    }
  },
  {
    "node": {
      "name": "large_box_b",
      "tm": [
        [0.573577,0.0,0.819152],
        [0.0,1.0,0.0],
        [-0.819152,0.0,0.573577],
        [30.5447,0.0,-80.9179]
      ]
    }
  },
  {
    "node": {
      "name": "large_box_b",
      "tm": [
        [0.573577,0.0,0.819152],
        [0.0,1.0,0.0],
        [-0.819152,0.0,0.573577],
        [73.1478,0.0,29.5669]
      ]
    }
  },
  {
    "node": {
      "name": "large_box_a",
      "tm": [
        [0.707106,0.0,-0.707107],
        [0.0,1.0,0.0],
        [0.707107,0.0,0.707106],
        [-26.816,0.0,-12.215]
      ]
    }
  }
]