[
  {
    "className": "composit"
  },
  {
    "size": [270.0,270.0]
  },
  {
    "node": {
      "name": "^^dynBase_ammunition_storage_square_mesh",
      "tm": [
        [1.0,0.0,0.0],
        [0.0,1.0,0.0],
        [0.0,0.0,1.0],
        [0.0,0.0,0.0]
      ],
      "toGround": false
    }
  },
  {
    "node": {
      "name": "+NoTreesBox000",
      "tm": [
        [110.0,0.0,0.0],
        [0.0,20.0,0.0],
        [0.0,0.0,110.0],
        [0.0,0.0,0.0]
      ]
    }
  },
  {
    "node": {
      "name": "universal_airfield_shed_a",
      "tm": [
        [-1.0,0.0,6.75532e-07],
        [0.0,1.0,0.0],
        [-6.75532e-07,0.0,-1.0],
        [14.7036,0.0,-79.442]
      ]
    }
  },
  {
    "node": {
      "name": "universal_airfield_barrack_f",
      "tm": [
        [-1.0,0.0,8.74228e-08],
        [0.0,1.0,0.0],
        [-8.74228e-08,0.0,-1.0],
        [-78.5892,0.0,-69.6039]
      ]
    }
  },
  {
    "node": {
      "name": "universal_airfield_tower_b",
      "tm": [
        [0.998531,0.0,0.0541748],
        [0.0,1.0,0.0],
        [-0.0541748,0.0,0.998531],
        [-79.3713,0.0,80.8885]
      ]
    }
  },
  {
    "node": {
      "name": "universal_airfield_shed_a",
      "tm": [
        [-1.0,0.0,6.75532e-07],
        [0.0,1.0,0.0],
        [-6.75532e-07,0.0,-1.0],
        [22.4608,0.0,-79.442]
      ]
    }
  },
  {
    "node": {
      "name": "universal_airfield_tower_b",
      "tm": [
        [-0.0541749,0.0,0.998531],
        [0.0,1.0,0.0],
        [-0.998531,0.0,-0.0541749],
        [9.63236,0.0,-66.6641]
      ]
    }
  },
  {
    "node": {
      "name": "universal_airfield_shed_a",
      "tm": [
        [0.707108,0.0,0.707106],
        [0.0,1.0,0.0],
        [-0.707106,0.0,0.707108],
        [34.8665,0.0,17.2476]
      ]
    }
  },
  {
    "node": {
      "name": "universal_airfield_shed_a",
      "tm": [
        [1.0,0.0,-1.95505e-06],
        [0.0,1.0,0.0],
        [1.95505e-06,0.0,1.0],
        [35.3633,0.0,70.1428]
      ]
    }
  },
  {
    "node": {
      "name": "universal_airfield_shed_a",
      "tm": [
        [0.707105,0.0,-0.707108],
        [0.0,1.0,0.0],
        [0.707108,0.0,0.707105],
        [4.31552,0.0,46.3742]
      ]
    }
  },
  {
    "node": {
      "name": "universal_airfield_shed_a",
      "tm": [
        [1.31529e-06,0.0,1.0],
        [0.0,1.0,0.0],
        [-1.0,0.0,1.31529e-06],
        [-71.288,0.0,68.7986]
      ]
    }
  },
  {
    "node": {
      "name": "universal_airfield_barrack_c",
      "tm": [
        [1.19249e-08,0.0,1.0],
        [0.0,1.0,0.0],
        [-1.0,0.0,1.19249e-08],
        [-22.1442,0.0,39.6405]
      ]
    }
  },
  {
    "node": {
      "name": "universal_airfield_barrack_c",
      "tm": [
        [1.19249e-08,0.0,1.0],
        [0.0,1.0,0.0],
        [-1.0,0.0,1.19249e-08],
        [-22.1442,0.0,-14.9094]
      ]
    }
  },
  {
    "node": {
      "name": "universal_airfield_barrack_c",
      "tm": [
        [-3.37766e-07,0.0,-1.0],
        [0.0,1.0,0.0],
        [1.0,0.0,-3.37766e-07],
        [57.8931,0.0,10.0601]
      ]
    }
  },
  {
    "node": {
      "name": "universal_airfield_barrack_c",
      "tm": [
        [-3.37766e-07,0.0,-1.0],
        [0.0,1.0,0.0],
        [1.0,0.0,-3.37766e-07],
        [57.8931,0.0,62.5908]
      ]
    }
  },
  {
    "node": {
      "name": "universal_airfield_barrack_c",
      "tm": [
        [-3.37766e-07,0.0,-1.0],
        [0.0,1.0,0.0],
        [1.0,0.0,-3.37766e-07],
        [57.8931,0.0,-41.8611]
      ]
    }
  },
  {
    "node": {
      "name": "universal_airfield_barrack_a",
      "tm": [
        [1.0,0.0,0.0],
        [0.0,1.0,0.0],
        [0.0,0.0,1.0],
        [-80.2232,0.0,9.56825]
      ]
    }
  },
  {
    "node": {
      "name": "universal_airfield_barrack_a",
      "tm": [
        [-4.37114e-08,0.0,1.0],
        [0.0,1.0,0.0],
        [-1.0,0.0,-4.37114e-08],
        [-72.4648,0.0,-82.8439]
      ]
    }
  },
  {
    "node": {
      "name": "zis5_a",
      "tm": [
        [-0.390731,0.0,-0.920505],
        [0.0,1.0,0.0],
        [0.920505,0.0,-0.390731],
        [-3.04415,0.0,85.134]
      ]
    }
  },
  {
    "node": {
      "name": "zis5_tent_a",
      "tm": [
        [-0.48481,0.0,-0.87462],
        [0.0,1.0,0.0],
        [0.87462,0.0,-0.48481],
        [-9.56439,0.0,85.2517]
      ]
    }
  },
  {
    "node": {
      "name": "zis6_fuel_a",
      "tm": [
        [-0.406737,0.0,-0.913545],
        [0.0,1.0,0.0],
        [0.913545,0.0,-0.406737],
        [-22.1329,0.0,85.0204]
      ]
    }
  },
  {
    "node": {
      "name": "zis5_a",
      "tm": [
        [-0.573577,0.0,-0.819152],
        [0.0,1.0,0.0],
        [0.819152,0.0,-0.573577],
        [-16.2558,0.0,85.0972]
      ]
    }
  },
  {
    "node": {
      "name": "zis5_tent_a",
      "tm": [
        [-0.656059,0.0,-0.75471],
        [0.0,1.0,0.0],
        [0.75471,0.0,-0.656059],
        [-29.4518,0.0,85.4495]
      ]
    }
  },
  {
    "node": {
      "name": "zis5_a",
      "tm": [
        [0.587785,0.0,0.809017],
        [0.0,1.0,0.0],
        [-0.809017,0.0,0.587785],
        [-34.8374,0.0,85.984]
      ]
    }
  },
  {
    "node": {
      "name": "universal_airfield_fuel_tank_a",
      "tm": [
        [-0.87462,0.0,-0.48481],
        [0.0,1.0,0.0],
        [0.48481,0.0,-0.87462],
        [-50.5037,0.0,83.6371]
      ]
    }
  },
  {
    "node": {
      "name": "universal_airfield_tent_h",
      "tm": [
        [-0.99863,0.0,-0.052336],
        [0.0,1.0,0.0],
        [0.052336,0.0,-0.99863],
        [-48.9268,-0.430349,-63.1783]
      ]
    }
  },
  {
    "node": {
      "name": "zis5_a",
      "tm": [
        [-0.422618,0.0,-0.906308],
        [0.0,1.0,0.0],
        [0.906308,0.0,-0.422618],
        [-52.1058,0.0,-70.9562]
      ]
    }
  },
  {
    "node": {
      "name": "universal_airfield_sandbags_a",
      "tm": [
        [1.19249e-08,0.0,1.0],
        [0.0,1.0,0.0],
        [-1.0,0.0,1.19249e-08],
        [-85.3702,0.0,87.0516]
      ]
    }
  },
  {
    "node": {
      "name": "universal_airfield_sandbags_a",
      "tm": [
        [1.19249e-08,0.0,1.0],
        [0.0,1.0,0.0],
        [-1.0,0.0,1.19249e-08],
        [-81.6645,0.0,87.0516]
      ]
    }
  },
  {
    "node": {
      "name": "universal_airfield_sandbags_a",
      "tm": [
        [1.19249e-08,0.0,1.0],
        [0.0,1.0,0.0],
        [-1.0,0.0,1.19249e-08],
        [-77.9409,0.0,87.0516]
      ]
    }
  },
  {
    "node": {
      "name": "universal_airfield_sandbags_a",
      "tm": [
        [1.19249e-08,0.0,1.0],
        [0.0,1.0,0.0],
        [-1.0,0.0,1.19249e-08],
        [-74.2415,0.0,87.0516]
      ]
    }
  },
  {
    "node": {
      "name": "universal_airfield_sandbags_a",
      "tm": [
        [-1.0,0.0,-1.50996e-07],
        [0.0,1.0,0.0],
        [1.50996e-07,0.0,-1.0],
        [-87.1687,0.0,73.7915]
      ]
    }
  },
  {
    "node": {
      "name": "universal_airfield_sandbags_a",
      "tm": [
        [-1.0,0.0,-1.50996e-07],
        [0.0,1.0,0.0],
        [1.50996e-07,0.0,-1.0],
        [-87.1687,0.0,77.4971]
      ]
    }
  },
  {
    "node": {
      "name": "universal_airfield_sandbags_a",
      "tm": [
        [-1.0,0.0,-1.50996e-07],
        [0.0,1.0,0.0],
        [1.50996e-07,0.0,-1.0],
        [-87.1687,0.0,81.2207]
      ]
    }
  },
  {
    "node": {
      "name": "universal_airfield_sandbags_a",
      "tm": [
        [-1.0,0.0,-1.50996e-07],
        [0.0,1.0,0.0],
        [1.50996e-07,0.0,-1.0],
        [-87.1687,0.0,84.9201]
      ]
    }
  },
  {
    "node": {
      "name": "zis5_tent_a",
      "tm": [
        [-0.48481,0.0,-0.87462],
        [0.0,1.0,0.0],
        [0.87462,0.0,-0.48481],
        [30.4342,0.0,-36.1728]
      ]
    }
  },
  {
    "node": {
      "name": "zis5_tent_a",
      "tm": [
        [0.694658,0.0,0.71934],
        [0.0,1.0,0.0],
        [-0.71934,0.0,0.694658],
        [-67.3081,0.0,17.4652]
      ]
    }
  },
  {
    "node": {
      "name": "universal_airfield_fuel_tank_a",
      "tm": [
        [0.544639,0.0,0.838671],
        [0.0,1.0,0.0],
        [-0.838671,0.0,0.544639],
        [34.3997,0.0,4.95731]
      ]
    }
  },
  {
    "node": {
      "name": "universal_airfield_fuel_tank_a",
      "tm": [
        [0.544639,0.0,0.838671],
        [0.0,1.0,0.0],
        [-0.838671,0.0,0.544639],
        [-67.8894,0.0,-37.8406]
      ]
    }
  },
  {
    "node": {
      "name": "universal_airfield_sandbags_c",
      "tm": [
        [1.0,0.0,0.0],
        [0.0,1.0,0.0],
        [0.0,0.0,0.95],
        [-33.7252,0.0,39.422]
      ]
    }
  },
  {
    "node": {
      "name": "universal_airfield_sandbags_c",
      "tm": [
        [1.0,0.0,0.0],
        [0.0,1.0,0.0],
        [0.0,0.0,0.95],
        [-33.7252,0.0,-14.8385]
      ]
    }
  },
  {
    "node": {
      "name": "universal_airfield_sandbags_c",
      "tm": [
        [-1.0,0.0,-8.74228e-08],
        [0.0,1.0,0.0],
        [8.30516e-08,0.0,-0.95],
        [73.1292,0.0,-42.2356]
      ]
    }
  },
  {
    "node": {
      "name": "universal_airfield_sandbags_c",
      "tm": [
        [-1.0,0.0,-8.74228e-08],
        [0.0,1.0,0.0],
        [8.30516e-08,0.0,-0.95],
        [73.1234,0.0,11.7301]
      ]
    }
  },
  {
    "node": {
      "name": "universal_airfield_sandbags_c",
      "tm": [
        [-1.0,0.0,-8.74228e-08],
        [0.0,1.0,0.0],
        [8.30516e-08,0.0,-0.95],
        [73.1304,0.0,61.9863]
      ]
    }
  },
  {
    "node": {
      "name": "universal_airfield_fuel_tank_b",
      "tm": [
        [0.656059,0.0,-0.75471],
        [0.0,1.0,0.0],
        [0.75471,0.0,0.656059],
        [26.6251,0.0,-27.8208]
      ]
    }
  },
  {
    "node": {
      "name": "boxes_rendinst",
      "tm": [
        [1.0,0.0,4.47035e-08],
        [0.0,1.0,0.0],
        [-4.47035e-08,0.0,1.0],
        [-0.183704,0.0,1.20014]
      ]
    }
  },
  {
    "node": {
      "name": "boxes_rendinst",
      "tm": [
        [0.999848,0.0,-0.0174522],
        [0.0,1.0,0.0],
        [0.0174522,0.0,0.999848],
        [-34.8363,0.0,-5.01334]
      ]
    }
  },
  {
    "node": {
      "name": "boxes_rendinst",
      "tm": [
        [-0.0174522,0.0,-0.999848],
        [0.0,1.0,0.0],
        [0.999848,0.0,-0.0174522],
        [-41.9811,0.0,29.8184]
      ]
    }
  },
  {
    "node": {
      "name": "boxes_rendinst",
      "tm": [
        [0.978148,0.0,-0.207911],
        [0.0,1.0,0.0],
        [0.207911,0.0,0.978148],
        [-45.9542,0.0,89.1438]
      ]
    }
  },
  {
    "node": {
      "name": "boxes_rendinst",
      "tm": [
        [0.999848,0.0,-0.0174522],
        [0.0,1.0,0.0],
        [0.0174522,0.0,0.999848],
        [-42.5564,0.0,88.781]
      ]
    }
  },
  {
    "node": {
      "name": "boxes_rendinst",
      "tm": [
        [0.999848,0.0,-0.0174522],
        [0.0,1.0,0.0],
        [0.0174522,0.0,0.999848],
        [68.7172,0.0,52.0002]
      ]
    }
  },
  {
    "node": {
      "name": "boxes_rendinst",
      "tm": [
        [-0.0174522,0.0,-0.999848],
        [0.0,1.0,0.0],
        [0.999848,0.0,-0.0174522],
        [49.8843,0.0,3.8039]
      ]
    }
  },
  {
    "node": {
      "name": "boxes_rendinst",
      "tm": [
        [0.0174523,0.0,0.999848],
        [0.0,1.0,0.0],
        [-0.999848,0.0,0.0174523],
        [24.8986,0.0,-32.6206]
      ]
    }
  },
  {
    "node": {
      "name": "boxes_rendinst",
      "tm": [
        [0.999848,0.0,-0.0174522],
        [0.0,1.0,0.0],
        [0.0174522,0.0,0.999848],
        [-41.9811,0.0,-10.2081]
      ]
    }
  },
  {
    "node": {
      "name": "boxes_rendinst",
      "tm": [
        [-0.0174522,0.0,-0.999848],
        [0.0,1.0,0.0],
        [0.999848,0.0,-0.0174522],
        [-52.5588,0.0,-63.1042]
      ]
    }
  },
  {
    "node": {
      "name": "boxes_rendinst",
      "tm": [
        [0.75471,0.0,-0.656059],
        [0.0,1.0,0.0],
        [0.656059,0.0,0.75471],
        [-52.4771,0.0,-63.2304]
      ]
    }
  },
  {
    "node": {
      "name": "boxes_rendinst",
      "tm": [
        [0.999848,0.0,-0.0174522],
        [0.0,1.0,0.0],
        [0.0174522,0.0,0.999848],
        [77.0155,0.0,52.0002]
      ]
    }
  },
  {
    "node": {
      "name": "boxes_rendinst",
      "tm": [
        [0.104528,0.0,0.994522],
        [0.0,1.0,0.0],
        [-0.994522,0.0,0.104528],
        [43.6972,0.0,43.6994]
      ]
    }
  },
  {
    "node": {
      "name": "boxes_rendinst",
      "tm": [
        [0.992546,0.0,0.121869],
        [0.0,1.0,0.0],
        [-0.121869,0.0,0.992546],
        [-77.9002,0.0,64.2379]
      ]
    }
  },
  {
    "node": {
      "name": "boxes_rendinst",
      "tm": [
        [1.0,0.0,1.19209e-07],
        [0.0,1.0,0.0],
        [-1.19209e-07,0.0,1.0],
        [-80.1228,0.0,85.3129]
      ]
    }
  },
  {
    "node": {
      "name": "boxes_rendinst",
      "tm": [
        [-1.0,0.0,-1.50996e-07],
        [0.0,1.0,0.0],
        [1.50996e-07,0.0,-1.0],
        [-74.3224,0.0,2.63684]
      ]
    }
  },
  {
    "node": {
      "name": "boxes_rendinst",
      "tm": [
        [0.939693,0.0,-0.34202],
        [0.0,1.0,0.0],
        [0.34202,0.0,0.939693],
        [33.7526,0.0,1.22106]
      ]
    }
  },
  {
    "node": {
      "name": "boxes_rendinst",
      "tm": [
        [0.992546,0.0,0.121869],
        [0.0,1.0,0.0],
        [-0.121869,0.0,0.992546],
        [9.50454,0.0,-63.4048]
      ]
    }
  },
  {
    "node": {
      "name": "boxes_rendinst",
      "tm": [
        [0.999848,0.0,-0.0174523],
        [0.0,1.0,0.0],
        [0.0174523,0.0,0.999848],
        [-46.032,0.0,-45.3565]
      ]
    }
  },
  {
    "node": {
      "name": "boxes_rendinst",
      "tm": [
        [0.743145,0.0,-0.669131],
        [0.0,1.0,0.0],
        [0.669131,0.0,0.743145],
        [33.4964,0.0,-54.9741]
      ]
    }
  },
  {
    "node": {
      "name": "universal_airfield_fuel_tent_b",
      "tm": [
        [-0.999848,0.0,0.0174525],
        [0.0,1.0,0.0],
        [-0.0174525,0.0,-0.999848],
        [-67.672,0.0,27.4949]
      ]
    }
  },
  {
    "node": {
      "name": "universal_airfield_fuel_tent_b",
      "tm": [
        [-0.0174523,0.0,-0.999848],
        [0.0,1.0,0.0],
        [0.999848,0.0,-0.0174523],
        [-8.4086,0.0,68.3455]
      ]
    }
  }
]