[
  {
    "className": "composit"
  },
  {
    "size": [270.0,270.0]
  },
  {
    "node": {
      "name": "^^dynBase_oil_storage_large_square_mesh",
      "tm": [
        [1.0,0.0,0.0],
        [0.0,1.0,0.0],
        [0.0,0.0,1.0],
        [0.0,0.0,0.0]
      ],
      "toGround": false
    }
  },
  {
    "node": {
      "name": "+NoTreesBox000",
      "tm": [
        [110.0,0.0,0.0],
        [0.0,20.0,0.0],
        [0.0,0.0,110.0],
        [0.0,0.0,0.0]
      ]
    }
  },
  {
    "node": {
      "name": "universal_airfield_oil_storage_d",
      "tm": [
        [-1.0,0.0,6.75532e-07],
        [0.0,1.0,0.0],
        [-6.75532e-07,0.0,-1.0],
        [-57.6938,0.0,42.2911]
      ]
    }
  },
  {
    "node": {
      "name": "universal_airfield_tower_b",
      "tm": [
        [-0.744376,0.0,0.667761],
        [0.0,1.0,0.0],
        [-0.667761,0.0,-0.744376],
        [35.7113,0.0,31.4141]
      ]
    }
  },
  {
    "node": {
      "name": "universal_airfield_barrack_d",
      "tm": [
        [-4.37114e-08,0.0,1.0],
        [0.0,1.0,0.0],
        [-1.0,0.0,-4.37114e-08],
        [-30.1472,0.0,-17.3042]
      ]
    }
  },
  {
    "node": {
      "name": "universal_airfield_barrack_d",
      "tm": [
        [-4.37114e-08,0.0,1.0],
        [0.0,1.0,0.0],
        [-1.0,0.0,-4.37114e-08],
        [11.1731,0.0,-17.3042]
      ]
    }
  },
  {
    "node": {
      "name": "universal_airfield_barrack_d",
      "tm": [
        [-4.37114e-08,0.0,-1.0],
        [0.0,1.0,0.0],
        [1.0,0.0,-4.37114e-08],
        [81.4236,0.0,-42.8021]
      ]
    }
  },
  {
    "node": {
      "name": "universal_airfield_barrack_f",
      "tm": [
        [1.19249e-08,0.0,-1.0],
        [0.0,1.0,0.0],
        [1.0,0.0,1.19249e-08],
        [64.0714,0.0,-87.2583]
      ]
    }
  },
  {
    "node": {
      "name": "universal_airfield_barrack_a",
      "tm": [
        [0.707107,0.0,-0.707107],
        [0.0,1.0,0.0],
        [0.707107,0.0,0.707107],
        [37.9885,0.0,-47.466]
      ]
    }
  },
  {
    "node": {
      "name": "universal_airfield_barrack_a",
      "tm": [
        [-0.707107,0.0,0.707107],
        [0.0,1.0,0.0],
        [-0.707107,0.0,-0.707107],
        [38.9938,0.0,-75.4491]
      ]
    }
  },
  {
    "node": {
      "name": "universal_airfield_hangar_b",
      "tm": [
        [1.0,0.0,0.0],
        [0.0,1.0,0.0],
        [0.0,0.0,1.0],
        [-73.6263,0.0,-11.4974]
      ]
    }
  },
  {
    "node": {
      "name": "universal_airfield_hangar_d",
      "tm": [
        [1.0,0.0,0.0],
        [0.0,1.0,0.0],
        [0.0,0.0,1.0],
        [-24.0823,0.0,83.1137]
      ]
    }
  },
  {
    "node": {
      "name": "universal_airfield_barrels_group_c",
      "tm": [
        [-0.373857,0.0,0.927486],
        [0.0,1.0,0.0],
        [-0.927486,0.0,-0.373857],
        [-21.5418,0.0,17.523]
      ]
    }
  },
  {
    "node": {
      "name": "universal_airfield_barrack_a",
      "tm": [
        [-1.0,0.0,-8.74228e-08],
        [0.0,1.0,0.0],
        [8.74228e-08,0.0,-1.0],
        [85.9266,0.0,-69.9743]
      ]
    }
  },
  {
    "node": {
      "name": "universal_airfield_hangar_d",
      "tm": [
        [-0.707107,0.0,-0.707107],
        [0.0,1.0,0.0],
        [0.707107,0.0,-0.707107],
        [5.02442,0.0,-62.6731]
      ]
    }
  },
  {
    "node": {
      "name": "universal_airfield_oil_storage_a",
      "tm": [
        [1.0,0.0,0.0],
        [0.0,1.0,0.0],
        [0.0,0.0,1.0],
        [-46.5942,0.0,-70.1723]
      ]
    }
  },
  {
    "node": {
      "name": "universal_airfield_oil_storage_a",
      "tm": [
        [1.0,0.0,0.0],
        [0.0,1.0,0.0],
        [0.0,0.0,1.0],
        [-46.7588,0.0,-83.9119]
      ]
    }
  },
  {
    "node": {
      "name": "universal_airfield_oil_storage_a",
      "tm": [
        [1.0,0.0,0.0],
        [0.0,1.0,0.0],
        [0.0,0.0,1.0],
        [-32.0003,0.0,-83.9119]
      ]
    }
  },
  {
    "node": {
      "name": "universal_airfield_oil_storage_a",
      "tm": [
        [1.0,0.0,0.0],
        [0.0,1.0,0.0],
        [0.0,0.0,1.0],
        [-32.0003,0.0,-70.1723]
      ]
    }
  },
  {
    "node": {
      "name": "universal_airfield_oil_storage_a",
      "tm": [
        [1.0,0.0,0.0],
        [0.0,1.0,0.0],
        [0.0,0.0,1.0],
        [-85.4778,0.0,-46.5069]
      ]
    }
  },
  {
    "node": {
      "name": "universal_airfield_oil_storage_d",
      "tm": [
        [-1.0,0.0,6.75532e-07],
        [0.0,1.0,0.0],
        [-6.75532e-07,0.0,-1.0],
        [42.4984,0.0,73.0276]
      ]
    }
  },
  {
    "node": {
      "name": "universal_airfield_oil_storage_b",
      "tm": [
        [1.0,0.0,0.0],
        [0.0,1.0,0.0],
        [0.0,0.0,1.0],
        [-20.2423,0.0,-83.9388]
      ]
    }
  },
  {
    "node": {
      "name": "universal_airfield_oil_storage_b",
      "tm": [
        [1.0,0.0,0.0],
        [0.0,1.0,0.0],
        [0.0,0.0,1.0],
        [-20.2423,0.0,-70.6065]
      ]
    }
  },
  {
    "node": {
      "name": "universal_airfield_oil_storage_b",
      "tm": [
        [1.0,0.0,0.0],
        [0.0,1.0,0.0],
        [0.0,0.0,1.0],
        [-28.4007,0.0,-50.8884]
      ]
    }
  },
  {
    "node": {
      "name": "universal_airfield_oil_storage_b",
      "tm": [
        [1.0,0.0,0.0],
        [0.0,1.0,0.0],
        [0.0,0.0,1.0],
        [-37.8657,0.0,-50.8884]
      ]
    }
  },
  {
    "node": {
      "name": "universal_airfield_oil_storage_b",
      "tm": [
        [1.0,0.0,0.0],
        [0.0,1.0,0.0],
        [0.0,0.0,1.0],
        [-32.8636,0.0,-42.2516]
      ]
    }
  },
  {
    "node": {
      "name": "gaz67_a",
      "tm": [
        [0.707107,0.0,-0.707107],
        [0.0,1.0,0.0],
        [0.707107,0.0,0.707107],
        [50.0753,0.0,-43.7669]
      ]
    }
  },
  {
    "node": {
      "name": "zis5_a",
      "tm": [
        [0.707107,0.0,-0.707107],
        [0.0,1.0,0.0],
        [0.707107,0.0,0.707107],
        [-86.6674,0.0,5.83749]
      ]
    }
  },
  {
    "node": {
      "name": "gaz67_a",
      "tm": [
        [0.84022,0.0,0.542246],
        [0.0,1.0,0.0],
        [-0.542246,0.0,0.84022],
        [57.8797,0.0,-82.2741]
      ]
    }
  },
  {
    "node": {
      "name": "zis5_a",
      "tm": [
        [0.941614,0.0,-0.336693],
        [0.0,1.0,0.0],
        [0.336693,0.0,0.941614],
        [-12.8263,0.0,16.9582]
      ]
    }
  },
  {
    "node": {
      "name": "zis5_a",
      "tm": [
        [0.998201,0.0,0.0599626],
        [0.0,1.0,0.0],
        [-0.0599626,0.0,0.998201],
        [-6.96228,0.0,16.9582]
      ]
    }
  },
  {
    "node": {
      "name": "gaz67_a",
      "tm": [
        [0.707107,0.0,0.707107],
        [0.0,1.0,0.0],
        [-0.707107,0.0,0.707107],
        [0.120447,0.0,-8.98751]
      ]
    }
  },
  {
    "node": {
      "name": "gaz67_a",
      "tm": [
        [1.19249e-08,0.0,1.0],
        [0.0,1.0,0.0],
        [-1.0,0.0,1.19249e-08],
        [-3.63879,0.0,-9.77332]
      ]
    }
  },
  {
    "node": {
      "name": "universal_airfield_barrels_group_a",
      "tm": [
        [-0.761355,0.0,0.648335],
        [0.0,1.0,0.0],
        [-0.648335,0.0,-0.761355],
        [-46.5845,0.0,-2.82077]
      ]
    }
  },
  {
    "node": {
      "name": "universal_airfield_fuel_tank_b",
      "tm": [
        [0.334936,0.0,-0.942241],
        [0.0,1.0,0.0],
        [0.942241,0.0,0.334936],
        [28.5896,0.0,28.8472]
      ]
    }
  },
  {
    "node": {
      "name": "gaz67_a",
      "tm": [
        [0.707107,0.0,-0.707107],
        [0.0,1.0,0.0],
        [0.707107,0.0,0.707107],
        [86.5681,0.0,-34.4397]
      ]
    }
  },
  {
    "node": {
      "name": "universal_airfield_tent_h",
      "tm": [
        [0.0537534,0.0,-0.998554],
        [0.0,1.0,0.0],
        [0.998554,0.0,0.0537534],
        [-10.9923,0.0,-28.701]
      ]
    }
  },
  {
    "node": {
      "name": "universal_airfield_fuel_tent_b",
      "tm": [
        [0.662489,0.0,0.749072],
        [0.0,1.0,0.0],
        [-0.749072,0.0,0.662489],
        [23.0504,0.0,-46.6336]
      ]
    }
  },
  {
    "node": {
      "name": "universal_airfield_fuel_tank_a",
      "tm": [
        [0.603774,0.0,0.797156],
        [0.0,1.0,0.0],
        [-0.797156,0.0,0.603774],
        [-74.022,0.0,-64.9544]
      ]
    }
  },
  {
    "node": {
      "name": "universal_airfield_fuel_tank_b",
      "tm": [
        [-0.707107,0.0,-0.707107],
        [0.0,1.0,0.0],
        [0.707107,0.0,-0.707107],
        [-37.6811,0.0,79.2926]
      ]
    }
  },
  {
    "node": {
      "name": "universal_airfield_fuel_tent_b",
      "tm": [
        [0.404509,0.0,-0.914534],
        [0.0,1.0,0.0],
        [0.914534,0.0,0.404509],
        [-52.632,0.0,79.9975]
      ]
    }
  },
  {
    "node": {
      "name": "universal_airfield_fuel_tank_a",
      "tm": [
        [-0.916597,0.0,0.399811],
        [0.0,1.0,0.0],
        [-0.399811,0.0,-0.916597],
        [76.764,0.0,-61.7884]
      ]
    }
  },
  {
    "node": {
      "name": "universal_airfield_fuel_tank_b",
      "tm": [
        [0.707547,0.0,0.706666],
        [0.0,1.0,0.0],
        [-0.706666,0.0,0.707547],
        [75.5122,0.0,-32.7337]
      ]
    }
  },
  {
    "node": {
      "name": "universal_airfield_fuel_tent_a",
      "tm": [
        [0.707107,0.0,-0.707107],
        [0.0,1.0,0.0],
        [0.707107,0.0,0.707107],
        [38.7627,0.0,-19.9665]
      ]
    }
  },
  {
    "node": {
      "name": "universal_airfield_fuel_box_d",
      "tm": [
        [0.432701,0.0,0.901537],
        [0.0,1.0,0.0],
        [-0.901537,0.0,0.432701],
        [-62.8806,0.0,63.5276]
      ]
    }
  },
  {
    "node": {
      "name": "universal_airfield_barrels_group_b",
      "tm": [
        [-0.701313,0.0,0.712853],
        [0.0,1.0,0.0],
        [-0.712853,0.0,-0.701313],
        [-10.98,0.0,39.6025]
      ]
    }
  },
  {
    "node": {
      "name": "universal_airfield_barrels_group_c",
      "tm": [
        [-0.617325,0.0,-0.786708],
        [0.0,1.0,0.0],
        [0.786708,0.0,-0.617325],
        [-6.73948,0.0,-59.492]
      ]
    }
  },
  {
    "node": {
      "name": "universal_airfield_barrels_group_d",
      "tm": [
        [-0.593001,0.0,0.805202],
        [0.0,1.0,0.0],
        [-0.805202,0.0,-0.593001],
        [-75.6902,0.0,-39.0139]
      ]
    }
  },
  {
    "node": {
      "name": "universal_airfield_fuel_tent_c",
      "tm": [
        [-0.958208,0.0,-0.286074],
        [0.0,1.0,0.0],
        [0.286074,0.0,-0.958208],
        [-45.684,0.0,-39.6665]
      ]
    }
  },
  {
    "node": {
      "name": "universal_airfield_fuel_box_a",
      "tm": [
        [-0.975898,0.0,-0.218229],
        [0.0,1.0,0.0],
        [0.218229,0.0,-0.975898],
        [-55.9081,0.0,1.53758]
      ]
    }
  },
  {
    "node": {
      "name": "universal_airfield_fuel_tank_a",
      "tm": [
        [0.946697,0.0,-0.322125],
        [0.0,1.0,0.0],
        [0.322125,0.0,0.946697],
        [12.0798,0.0,-84.599]
      ]
    }
  },
  {
    "node": {
      "name": "universal_airfield_barrels_group_b",
      "tm": [
        [0.949613,0.0,0.313425],
        [0.0,1.0,0.0],
        [-0.313425,0.0,0.949613],
        [-19.1084,0.0,71.2785]
      ]
    }
  },
  {
    "node": {
      "name": "universal_airfield_barrels_group_c",
      "tm": [
        [-0.216189,0.0,-0.976351],
        [0.0,1.0,0.0],
        [0.976351,0.0,-0.216189],
        [25.4945,0.0,0.19569]
      ]
    }
  },
  {
    "node": {
      "name": "universal_airfield_barrels_group_c",
      "tm": [
        [0.742597,0.0,0.669738],
        [0.0,1.0,0.0],
        [-0.669738,0.0,0.742597],
        [-14.6241,0.0,69.7292]
      ]
    }
  },
  {
    "node": {
      "name": "universal_airfield_barrels_group_c",
      "tm": [
        [-0.445834,0.0,0.895116],
        [0.0,1.0,0.0],
        [-0.895116,0.0,-0.445834],
        [51.95,0.0,46.3319]
      ]
    }
  },
  {
    "node": {
      "name": "universal_airfield_barrels_group_b",
      "tm": [
        [0.227023,0.0,0.973889],
        [0.0,1.0,0.0],
        [-0.973889,0.0,0.227023],
        [47.4006,0.0,41.988]
      ]
    }
  },
  {
    "node": {
      "name": "universal_airfield_fuel_tent_c",
      "tm": [
        [0.768536,0.0,-0.639807],
        [0.0,1.0,0.0],
        [0.639807,0.0,0.768536],
        [0.894348,0.0,16.6123]
      ]
    }
  }
]