[
  {
    "className": "composit"
  },
  {
    "size": [270.0,270.0]
  },
  {
    "node": {
      "name": "^^dynBase_hq_camp_square_mesh",
      "tm": [
        [1.0,0.0,0.0],
        [0.0,1.0,0.0],
        [0.0,0.0,1.0],
        [0.0,0.0,0.0]
      ],
      "toGround": false
    }
  },
  {
    "node": {
      "name": "+NoTreesBox000",
      "tm": [
        [110.0,0.0,0.0],
        [0.0,20.0,0.0],
        [0.0,0.0,110.0],
        [0.0,0.0,0.0]
      ]
    }
  },
  {
    "node": {
      "name": "universal_airfield_barrack_a",
      "tm": [
        [0.731199,0.0,-0.682164],
        [0.0,1.0,0.0],
        [0.682164,0.0,0.731199],
        [-13.7326,0.0,31.0901]
      ]
    }
  },
  {
    "node": {
      "name": "universal_airfield_barrack_e",
      "tm": [
        [0.739575,0.0,-0.673074],
        [0.0,1.0,0.0],
        [0.673074,0.0,0.739575],
        [55.8928,0.0,-43.0439]
      ]
    }
  },
  {
    "node": {
      "name": "universal_airfield_barrack_e",
      "tm": [
        [0.739575,0.0,-0.673074],
        [0.0,1.0,0.0],
        [0.673074,0.0,0.739575],
        [47.7968,0.0,-35.8574]
      ]
    }
  },
  {
    "node": {
      "name": "universal_airfield_fuel_box_a",
      "tm": [
        [0.589412,0.0,-0.807832],
        [0.0,1.0,0.0],
        [0.807832,0.0,0.589412],
        [-5.76695,0.0,3.97944]
      ]
    }
  },
  {
    "node": {
      "name": "universal_airfield_sandbags_b",
      "tm": [
        [0.5306,0.0,0.847622],
        [0.0,1.0,0.0],
        [-0.847622,0.0,0.5306],
        [-71.84,0.0,-40.5238]
      ]
    }
  },
  {
    "node": {
      "name": "universal_airfield_sandbags_b",
      "tm": [
        [0.562313,0.0,0.826924],
        [0.0,1.0,0.0],
        [-0.826924,0.0,0.562313],
        [20.7738,0.0,-83.3459]
      ]
    }
  },
  {
    "node": {
      "name": "universal_airfield_sandbags_b",
      "tm": [
        [-0.538374,0.0,-0.842706],
        [0.0,1.0,0.0],
        [0.842706,0.0,-0.538374],
        [23.6464,0.0,-79.5326]
      ]
    }
  },
  {
    "node": {
      "name": "universal_airfield_sandbags_b",
      "tm": [
        [0.97284,0.0,-0.231479],
        [0.0,1.0,0.0],
        [0.231479,0.0,0.97284],
        [-86.085,0.0,68.7731]
      ]
    }
  },
  {
    "node": {
      "name": "universal_airfield_sandbags_b",
      "tm": [
        [-0.979077,0.0,0.203492],
        [0.0,1.0,0.0],
        [-0.203492,0.0,-0.979077],
        [-81.4994,0.0,67.4444]
      ]
    }
  },
  {
    "node": {
      "name": "universal_airfield_sandbags_b",
      "tm": [
        [-0.974893,0.0,0.222672],
        [0.0,1.0,0.0],
        [-0.222672,0.0,-0.974893],
        [40.4765,0.0,12.3616]
      ]
    }
  },
  {
    "node": {
      "name": "universal_airfield_sandbags_b",
      "tm": [
        [0.00043662,0.0,-1.0],
        [0.0,1.0,0.0],
        [1.0,0.0,0.00043662],
        [23.7241,0.0,81.2705]
      ]
    }
  },
  {
    "node": {
      "name": "universal_airfield_sandbags_a",
      "tm": [
        [0.968917,0.0,-0.247388],
        [0.0,1.0,0.0],
        [0.247388,0.0,0.968917],
        [-72.3275,0.0,-14.6513]
      ]
    }
  },
  {
    "node": {
      "name": "universal_airfield_sandbags_a",
      "tm": [
        [0.986037,0.0,0.166527],
        [0.0,1.0,0.0],
        [-0.166527,0.0,0.986037],
        [-71.3979,0.0,-18.2192]
      ]
    }
  },
  {
    "node": {
      "name": "universal_airfield_sandbags_a",
      "tm": [
        [0.722734,0.0,0.691127],
        [0.0,1.0,0.0],
        [-0.691127,0.0,0.722734],
        [39.2111,0.0,17.3128]
      ]
    }
  },
  {
    "node": {
      "name": "universal_airfield_sandbags_a",
      "tm": [
        [0.580723,0.0,0.814101],
        [0.0,1.0,0.0],
        [-0.814101,0.0,0.580723],
        [29.6852,0.0,26.3773]
      ]
    }
  },
  {
    "node": {
      "name": "universal_airfield_sandbags_a",
      "tm": [
        [0.638074,0.0,0.769975],
        [0.0,1.0,0.0],
        [-0.769975,0.0,0.638074],
        [36.6165,0.0,20.3433]
      ]
    }
  },
  {
    "node": {
      "name": "universal_airfield_sandbags_a",
      "tm": [
        [0.580723,0.0,0.814101],
        [0.0,1.0,0.0],
        [-0.814101,0.0,0.580723],
        [24.5138,0.0,30.1445]
      ]
    }
  },
  {
    "node": {
      "name": "universal_airfield_sandbags_a",
      "tm": [
        [0.475167,0.0,0.879896],
        [0.0,1.0,0.0],
        [-0.879896,0.0,0.475167],
        [28.0791,0.0,28.5375]
      ]
    }
  },
  {
    "node": {
      "name": "universal_airfield_sandbags_a",
      "tm": [
        [0.612725,0.0,0.790296],
        [0.0,1.0,0.0],
        [-0.790296,0.0,0.612725],
        [-24.8007,0.0,-79.8344]
      ]
    }
  },
  {
    "node": {
      "name": "universal_airfield_sandbags_a",
      "tm": [
        [-0.0298292,0.0,0.999555],
        [0.0,1.0,0.0],
        [-0.999555,0.0,-0.0298292],
        [-21.1027,0.0,-81.213]
      ]
    }
  },
  {
    "node": {
      "name": "universal_airfield_tower_b",
      "tm": [
        [0.528992,0.0,0.848627],
        [0.0,1.0,0.0],
        [-0.848627,0.0,0.528992],
        [70.8555,0.0,-24.5323]
      ]
    }
  },
  {
    "node": {
      "name": "universal_airfield_sandbags_b",
      "tm": [
        [-0.895668,0.0,-0.444724],
        [0.0,1.0,0.0],
        [0.444724,0.0,-0.895668],
        [83.1909,0.0,-14.2932]
      ]
    }
  },
  {
    "node": {
      "name": "universal_airfield_barrack_e",
      "tm": [
        [0.714772,0.0,0.699358],
        [0.0,1.0,0.0],
        [-0.699358,0.0,0.714772],
        [-57.3889,0.0,18.1698]
      ]
    }
  },
  {
    "node": {
      "name": "universal_airfield_barrack_e",
      "tm": [
        [0.714772,0.0,0.699358],
        [0.0,1.0,0.0],
        [-0.699358,0.0,0.714772],
        [-65.0322,0.0,10.5036]
      ]
    }
  },
  {
    "node": {
      "name": "universal_airfield_sandbags_a",
      "tm": [
        [-0.492402,0.0,0.870368],
        [0.0,1.0,0.0],
        [-0.870368,0.0,-0.492402],
        [-25.6348,0.0,43.6726]
      ]
    }
  },
  {
    "node": {
      "name": "universal_airfield_sandbags_a",
      "tm": [
        [-0.492402,0.0,0.870368],
        [0.0,1.0,0.0],
        [-0.870368,0.0,-0.492402],
        [-32.0676,0.0,40.0879]
      ]
    }
  },
  {
    "node": {
      "name": "universal_airfield_sandbags_a",
      "tm": [
        [-0.596642,0.0,0.802507],
        [0.0,1.0,0.0],
        [-0.802507,0.0,-0.596642],
        [-28.7082,0.0,43.1818]
      ]
    }
  },
  {
    "node": {
      "name": "universal_airfield_sandbags_a",
      "tm": [
        [0.586549,0.0,0.809914],
        [0.0,1.0,0.0],
        [-0.809914,0.0,0.586549],
        [-12.2329,0.0,48.8731]
      ]
    }
  },
  {
    "node": {
      "name": "universal_airfield_sandbags_a",
      "tm": [
        [0.436998,0.0,0.899462],
        [0.0,1.0,0.0],
        [-0.899462,0.0,0.436998],
        [-15.1791,0.0,51.7433]
      ]
    }
  },
  {
    "node": {
      "name": "barracks2_s",
      "tm": [
        [0.853285,0.0,0.521444],
        [0.0,1.0,0.0],
        [-0.521444,0.0,0.853285],
        [68.4666,0.0,66.5415]
      ]
    }
  },
  {
    "node": {
      "name": "universal_airfield_barrack_g",
      "tm": [
        [0.496331,0.0,-0.868134],
        [0.0,1.0,0.0],
        [0.868134,0.0,0.496331],
        [75.0994,0.0,83.187]
      ]
    }
  },
  {
    "node": {
      "name": "universal_airfield_shed_a",
      "tm": [
        [0.754009,0.0,-0.656864],
        [0.0,1.0,0.0],
        [0.656864,0.0,0.754009],
        [31.9919,0.0,-27.6984]
      ]
    }
  },
  {
    "node": {
      "name": "universal_airfield_tower_a",
      "tm": [
        [1.0,0.0,0.0],
        [0.0,1.0,0.0],
        [0.0,0.0,1.0],
        [10.8631,0.0,-11.589]
      ]
    }
  },
  {
    "node": {
      "name": "universal_airfield_shed_a",
      "tm": [
        [-0.00737647,0.0,-0.999973],
        [0.0,1.0,0.0],
        [0.999973,0.0,-0.00737647],
        [-31.8796,0.0,-26.6148]
      ]
    }
  },
  {
    "node": {
      "name": "universal_airfield_fuel_box_a",
      "tm": [
        [0.00927383,0.0,0.999957],
        [0.0,1.0,0.0],
        [-0.999957,0.0,0.00927383],
        [-44.7044,0.0,-29.0917]
      ]
    }
  },
  {
    "node": {
      "name": "universal_airfield_shed_a",
      "tm": [
        [-0.758513,0.0,0.651658],
        [0.0,1.0,0.0],
        [-0.651658,0.0,-0.758513],
        [46.995,0.0,61.4065]
      ]
    }
  },
  {
    "node": {
      "name": "ussr_ml20",
      "tm": [
        [1.0,0.0,0.0],
        [0.0,1.0,0.0],
        [0.0,0.0,1.0],
        [-69.3602,0.0,-35.298]
      ]
    }
  },
  {
    "node": {
      "name": "ussr_ml20",
      "tm": [
        [-0.331283,0.0,0.943531],
        [0.0,1.0,0.0],
        [-0.943531,0.0,-0.331283],
        [78.5366,0.0,-17.1984]
      ]
    }
  },
  {
    "node": {
      "name": "ussr_ml20",
      "tm": [
        [-0.331283,0.0,0.943531],
        [0.0,1.0,0.0],
        [-0.943531,0.0,-0.331283],
        [35.3208,0.0,12.4182]
      ]
    }
  },
  {
    "node": {
      "name": "ussr_ml20",
      "tm": [
        [-0.999469,0.0,-0.0325838],
        [0.0,1.0,0.0],
        [0.0325838,0.0,-0.999469],
        [-17.8508,0.0,48.2919]
      ]
    }
  },
  {
    "node": {
      "name": "ussr_ml20",
      "tm": [
        [0.969336,0.0,-0.24574],
        [0.0,1.0,0.0],
        [0.24574,0.0,0.969336],
        [-22.079,0.0,-75.5262]
      ]
    }
  },
  {
    "node": {
      "name": "zis5_a",
      "tm": [
        [0.683053,0.0,0.730369],
        [0.0,1.0,0.0],
        [-0.730369,0.0,0.683053],
        [-25.3787,0.0,22.5858]
      ]
    }
  },
  {
    "node": {
      "name": "zis5_a",
      "tm": [
        [0.813461,0.0,0.581619],
        [0.0,1.0,0.0],
        [-0.581619,0.0,0.813461],
        [24.4363,0.0,-72.305]
      ]
    }
  },
  {
    "node": {
      "name": "ussr_ml20",
      "tm": [
        [0.173648,0.0,-0.984808],
        [0.0,1.0,0.0],
        [0.984808,0.0,0.173648],
        [-66.6743,0.0,-15.6225]
      ]
    }
  },
  {
    "node": {
      "name": "zis5_a",
      "tm": [
        [-0.683053,0.0,-0.730369],
        [0.0,1.0,0.0],
        [0.730369,0.0,-0.683053],
        [9.94214,0.0,22.0095]
      ]
    }
  },
  {
    "node": {
      "name": "zis5_a",
      "tm": [
        [-0.683053,0.0,-0.730369],
        [0.0,1.0,0.0],
        [0.730369,0.0,-0.683053],
        [17.3949,0.0,16.2236]
      ]
    }
  },
  {
    "node": {
      "name": "zis5_a",
      "tm": [
        [0.730369,0.0,-0.683053],
        [0.0,1.0,0.0],
        [0.683053,0.0,0.730369],
        [57.5951,0.0,-27.4188]
      ]
    }
  },
  {
    "node": {
      "name": "zis5_a",
      "tm": [
        [0.730369,0.0,-0.683053],
        [0.0,1.0,0.0],
        [0.683053,0.0,0.730369],
        [63.4142,0.0,-34.6871]
      ]
    }
  },
  {
    "node": {
      "name": "zis5_a",
      "tm": [
        [0.730369,0.0,-0.683053],
        [0.0,1.0,0.0],
        [0.683053,0.0,0.730369],
        [66.5131,0.0,-31.1521]
      ]
    }
  },
  {
    "node": {
      "name": "zis5_a",
      "tm": [
        [-0.694682,0.0,0.719317],
        [0.0,1.0,0.0],
        [-0.719317,0.0,-0.694682],
        [-54.2942,0.0,3.5411]
      ]
    }
  },
  {
    "node": {
      "name": "zis5_a",
      "tm": [
        [-0.694682,0.0,0.719317],
        [0.0,1.0,0.0],
        [-0.719317,0.0,-0.694682],
        [-50.875,0.0,7.3512]
      ]
    }
  },
  {
    "node": {
      "name": "zis5_a",
      "tm": [
        [0.525622,0.0,-0.850718],
        [0.0,1.0,0.0],
        [0.850718,0.0,0.525622],
        [74.4208,0.0,71.3577]
      ]
    }
  },
  {
    "node": {
      "name": "zis5_a",
      "tm": [
        [0.525622,0.0,-0.850718],
        [0.0,1.0,0.0],
        [0.850718,0.0,0.525622],
        [79.1617,0.0,74.1363]
      ]
    }
  },
  {
    "node": {
      "name": "zis5_a",
      "tm": [
        [0.843299,0.0,0.537445],
        [0.0,1.0,0.0],
        [-0.537445,0.0,0.843299],
        [66.013,0.0,78.3517]
      ]
    }
  }
]