[
  {
    "className": "composit"
  },
  {
    "size": [270.0,270.0]
  },
  {
    "node": {
      "name": "^^dynBase_petrol_camp_square_mesh",
      "tm": [
        [1.0,0.0,0.0],
        [0.0,1.0,0.0],
        [0.0,0.0,1.0],
        [0.0,0.0,0.0]
      ],
      "toGround": false
    }
  },
  {
    "node": {
      "name": "+NoTreesBox000",
      "tm": [
        [110.0,0.0,0.0],
        [0.0,20.0,0.0],
        [0.0,0.0,110.0],
        [0.0,0.0,0.0]
      ]
    }
  },
  {
    "node": {
      "name": "universal_airfield_sandbags_b",
      "tm": [
        [-1.0,0.0,8.74228e-08],
        [0.0,1.0,0.0],
        [-8.74228e-08,0.0,-1.0],
        [62.5826,0.0,-74.8012]
      ]
    }
  },
  {
    "node": {
      "name": "universal_airfield_sandbags_b",
      "tm": [
        [-0.707107,0.0,-0.707107],
        [0.0,1.0,0.0],
        [0.707107,0.0,-0.707107],
        [50.9928,0.0,62.043]
      ]
    }
  },
  {
    "node": {
      "name": "universal_airfield_sandbags_b",
      "tm": [
        [1.0,0.0,-1.74846e-07],
        [0.0,1.0,0.0],
        [1.74846e-07,0.0,1.0],
        [-17.4926,0.0,0.189127]
      ]
    }
  },
  {
    "node": {
      "name": "universal_airfield_sandbags_b",
      "tm": [
        [0.457352,0.0,0.889286],
        [0.0,1.0,0.0],
        [-0.889286,0.0,0.457352],
        [-12.1936,0.0,-64.432]
      ]
    }
  },
  {
    "node": {
      "name": "universal_airfield_barrack_f",
      "tm": [
        [-4.37114e-08,0.0,-1.0],
        [0.0,1.0,0.0],
        [1.0,0.0,-4.37114e-08],
        [56.0177,0.0,20.0502]
      ]
    }
  },
  {
    "node": {
      "name": "universal_airfield_tower_b",
      "tm": [
        [-0.965926,0.0,-0.258819],
        [0.0,1.0,0.0],
        [0.258819,0.0,-0.965926],
        [72.7784,0.0,42.7788]
      ]
    }
  },
  {
    "node": {
      "name": "universal_airfield_tower_b",
      "tm": [
        [-0.866026,0.0,0.5],
        [0.0,1.0,0.0],
        [-0.5,0.0,-0.866026],
        [63.4582,0.0,-27.242]
      ]
    }
  },
  {
    "node": {
      "name": "universal_airfield_tower_b",
      "tm": [
        [0.965926,0.0,0.258819],
        [0.0,1.0,0.0],
        [-0.258819,0.0,0.965926],
        [-53.2731,0.0,-34.6053]
      ]
    }
  },
  {
    "node": {
      "name": "universal_airfield_barrack_f",
      "tm": [
        [-4.37114e-08,0.0,-1.0],
        [0.0,1.0,0.0],
        [1.0,0.0,-4.37114e-08],
        [56.0177,0.0,11.238]
      ]
    }
  },
  {
    "node": {
      "name": "universal_airfield_barrack_f",
      "tm": [
        [-4.37114e-08,0.0,-1.0],
        [0.0,1.0,0.0],
        [1.0,0.0,-4.37114e-08],
        [56.0177,0.0,2.42576]
      ]
    }
  },
  {
    "node": {
      "name": "universal_airfield_sandbags_b",
      "tm": [
        [0.158282,0.0,-0.987394],
        [0.0,1.0,0.0],
        [0.987394,0.0,0.158282],
        [-0.782077,0.0,70.6057]
      ]
    }
  },
  {
    "node": {
      "name": "zis6_fuel_a",
      "tm": [
        [0.997194,0.0,-0.0748563],
        [0.0,1.0,0.0],
        [0.0748563,0.0,0.997194],
        [-48.4659,0.0,76.3003]
      ]
    }
  },
  {
    "node": {
      "name": "zis6_fuel_a",
      "tm": [
        [0.997194,0.0,-0.0748563],
        [0.0,1.0,0.0],
        [0.0748563,0.0,0.997194],
        [-40.2993,0.0,76.3003]
      ]
    }
  },
  {
    "node": {
      "name": "zis6_fuel_a",
      "tm": [
        [0.997194,0.0,-0.0748563],
        [0.0,1.0,0.0],
        [0.0748563,0.0,0.997194],
        [-32.1327,0.0,76.3003]
      ]
    }
  },
  {
    "node": {
      "name": "zis6_fuel_a",
      "tm": [
        [0.999956,0.0,-0.00940407],
        [0.0,1.0,0.0],
        [0.00940407,0.0,0.999956],
        [-49.9974,0.0,48.8773]
      ]
    }
  },
  {
    "node": {
      "name": "zis6_fuel_a",
      "tm": [
        [0.931377,0.0,-0.364057],
        [0.0,1.0,0.0],
        [0.364057,0.0,0.931377],
        [-63.8783,0.0,51.281]
      ]
    }
  },
  {
    "node": {
      "name": "zis6_fuel_a",
      "tm": [
        [-0.0535923,0.0,-0.998563],
        [0.0,1.0,0.0],
        [0.998563,0.0,-0.0535923],
        [22.5527,0.0,35.7997]
      ]
    }
  },
  {
    "node": {
      "name": "zis6_fuel_a",
      "tm": [
        [0.995105,0.0,-0.098823],
        [0.0,1.0,0.0],
        [0.098823,0.0,0.995105],
        [16.4356,0.0,8.46529]
      ]
    }
  },
  {
    "node": {
      "name": "zis6_fuel_a",
      "tm": [
        [0.995105,0.0,-0.098823],
        [0.0,1.0,0.0],
        [0.098823,0.0,0.995105],
        [22.4743,0.0,8.46529]
      ]
    }
  },
  {
    "node": {
      "name": "zis6_fuel_a",
      "tm": [
        [0.995105,0.0,-0.098823],
        [0.0,1.0,0.0],
        [0.098823,0.0,0.995105],
        [28.513,0.0,8.46529]
      ]
    }
  },
  {
    "node": {
      "name": "czech_hedgehog_dynamic",
      "tm": [
        [1.0,0.0,0.0],
        [0.0,1.0,0.0],
        [0.0,0.0,1.0],
        [-61.7062,0.0,-19.4838]
      ]
    }
  },
  {
    "node": {
      "name": "ussr_ml20",
      "tm": [
        [-0.173648,0.0,-0.984808],
        [0.0,1.0,0.0],
        [0.984808,0.0,-0.173648],
        [-13.4104,0.0,-0.0371342]
      ]
    }
  },
  {
    "node": {
      "name": "universal_airfield_tent_m",
      "tm": [
        [1.0,0.0,0.0],
        [0.0,1.0,0.0],
        [0.0,0.0,1.0],
        [56.8311,0.0,-10.7385]
      ]
    }
  },
  {
    "node": {
      "name": "universal_airfield_fuel_tank_b",
      "tm": [
        [-0.469472,0.0,-0.882948],
        [0.0,1.0,0.0],
        [0.882948,0.0,-0.469472],
        [-22.6842,0.0,71.3208]
      ]
    }
  },
  {
    "node": {
      "name": "czech_hedgehog_dynamic",
      "tm": [
        [0.992694,0.0,-0.120663],
        [0.0,1.0,0.0],
        [0.120663,0.0,0.992694],
        [-62.3429,0.0,-11.4993]
      ]
    }
  },
  {
    "node": {
      "name": "czech_hedgehog_dynamic",
      "tm": [
        [0.967822,0.0,0.251636],
        [0.0,1.0,0.0],
        [-0.251636,0.0,0.967822],
        [-65.0886,0.0,-4.36416]
      ]
    }
  },
  {
    "node": {
      "name": "czech_hedgehog_dynamic",
      "tm": [
        [0.967822,0.0,0.251636],
        [0.0,1.0,0.0],
        [-0.251636,0.0,0.967822],
        [-62.8067,0.0,3.87513]
      ]
    }
  },
  {
    "node": {
      "name": "czech_hedgehog_dynamic",
      "tm": [
        [0.998012,0.0,-0.0630209],
        [0.0,1.0,0.0],
        [0.0630209,0.0,0.998012],
        [-66.8273,0.0,11.4651]
      ]
    }
  },
  {
    "node": {
      "name": "czech_hedgehog_dynamic",
      "tm": [
        [0.98529,0.0,0.170891],
        [0.0,1.0,0.0],
        [-0.170891,0.0,0.98529],
        [-64.3734,0.0,20.0476]
      ]
    }
  },
  {
    "node": {
      "name": "czech_hedgehog_dynamic",
      "tm": [
        [0.998012,0.0,-0.0630209],
        [0.0,1.0,0.0],
        [0.0630209,0.0,0.998012],
        [-70.6662,0.0,26.194]
      ]
    }
  },
  {
    "node": {
      "name": "czech_hedgehog_dynamic",
      "tm": [
        [0.907449,0.0,0.420163],
        [0.0,1.0,0.0],
        [-0.420163,0.0,0.907449],
        [-74.8252,0.0,34.6556]
      ]
    }
  },
  {
    "node": {
      "name": "ussr_ml20",
      "tm": [
        [-0.939692,0.0,-0.34202],
        [0.0,1.0,0.0],
        [0.34202,0.0,-0.939692],
        [-0.470012,0.0,66.3325]
      ]
    }
  },
  {
    "node": {
      "name": "ussr_ml20",
      "tm": [
        [-0.766045,0.0,0.642787],
        [0.0,1.0,0.0],
        [-0.642787,0.0,-0.766045],
        [48.2826,0.0,59.1171]
      ]
    }
  },
  {
    "node": {
      "name": "ussr_ml20",
      "tm": [
        [1.19249e-08,0.0,1.0],
        [0.0,1.0,0.0],
        [-1.0,0.0,1.19249e-08],
        [57.9936,0.0,-74.6707]
      ]
    }
  },
  {
    "node": {
      "name": "ussr_ml20",
      "tm": [
        [0.819152,0.0,-0.573576],
        [0.0,1.0,0.0],
        [0.573576,0.0,0.819152],
        [-9.62335,0.0,-60.5759]
      ]
    }
  },
  {
    "node": {
      "name": "universal_airfield_fuel_tank_b",
      "tm": [
        [-0.469472,0.0,-0.882948],
        [0.0,1.0,0.0],
        [0.882948,0.0,-0.469472],
        [-18.6967,0.0,67.7542]
      ]
    }
  },
  {
    "node": {
      "name": "universal_airfield_fuel_tank_b",
      "tm": [
        [-0.469472,0.0,-0.882948],
        [0.0,1.0,0.0],
        [0.882948,0.0,-0.469472],
        [-14.3311,0.0,64.3494]
      ]
    }
  },
  {
    "node": {
      "name": "czech_hedgehog_dynamic",
      "tm": [
        [-0.330789,0.0,-0.943705],
        [0.0,1.0,0.0],
        [0.943705,0.0,-0.330789],
        [-10.9306,0.0,86.9331]
      ]
    }
  },
  {
    "node": {
      "name": "czech_hedgehog_dynamic",
      "tm": [
        [-0.442242,0.0,-0.896896],
        [0.0,1.0,0.0],
        [0.896896,0.0,-0.442242],
        [-3.18503,0.0,84.8928]
      ]
    }
  },
  {
    "node": {
      "name": "czech_hedgehog_dynamic",
      "tm": [
        [-0.0826748,0.0,-0.996577],
        [0.0,1.0,0.0],
        [0.996577,0.0,-0.0826748],
        [4.45673,0.0,85.1237]
      ]
    }
  },
  {
    "node": {
      "name": "czech_hedgehog_dynamic",
      "tm": [
        [-0.0826748,0.0,-0.996577],
        [0.0,1.0,0.0],
        [0.996577,0.0,-0.0826748],
        [11.4774,0.0,80.2448]
      ]
    }
  },
  {
    "node": {
      "name": "czech_hedgehog_dynamic",
      "tm": [
        [-0.389605,0.0,-0.920982],
        [0.0,1.0,0.0],
        [0.920982,0.0,-0.389605],
        [19.97,0.0,81.5283]
      ]
    }
  },
  {
    "node": {
      "name": "czech_hedgehog_dynamic",
      "tm": [
        [-0.164652,0.0,-0.986352],
        [0.0,1.0,0.0],
        [0.986352,0.0,-0.164652],
        [27.2577,0.0,76.3736]
      ]
    }
  },
  {
    "node": {
      "name": "czech_hedgehog_dynamic",
      "tm": [
        [-0.389605,0.0,-0.920982],
        [0.0,1.0,0.0],
        [0.920982,0.0,-0.389605],
        [36.1014,0.0,78.0335]
      ]
    }
  },
  {
    "node": {
      "name": "czech_hedgehog_dynamic",
      "tm": [
        [0.0963355,0.0,-0.995349],
        [0.0,1.0,0.0],
        [0.995349,0.0,0.0963355],
        [41.8762,0.0,72.8373]
      ]
    }
  },
  {
    "node": {
      "name": "czech_hedgehog_dynamic",
      "tm": [
        [0.265701,0.0,0.964056],
        [0.0,1.0,0.0],
        [-0.964056,0.0,0.265701],
        [33.3516,0.0,-78.6245]
      ]
    }
  },
  {
    "node": {
      "name": "czech_hedgehog_dynamic",
      "tm": [
        [0.380085,0.0,0.924952],
        [0.0,1.0,0.0],
        [-0.924952,0.0,0.380085],
        [25.1261,0.0,-77.0851]
      ]
    }
  },
  {
    "node": {
      "name": "czech_hedgehog_dynamic",
      "tm": [
        [0.0145599,0.0,0.999894],
        [0.0,1.0,0.0],
        [-0.999894,0.0,0.0145599],
        [15.8036,0.0,-77.7001]
      ]
    }
  },
  {
    "node": {
      "name": "czech_hedgehog_dynamic",
      "tm": [
        [0.0145599,0.0,0.999894],
        [0.0,1.0,0.0],
        [-0.999894,0.0,0.0145599],
        [8.4668,0.0,-73.3111]
      ]
    }
  },
  {
    "node": {
      "name": "czech_hedgehog_dynamic",
      "tm": [
        [0.325928,0.0,0.945395],
        [0.0,1.0,0.0],
        [-0.945395,0.0,0.325928],
        [0.0814219,0.0,-75.1705]
      ]
    }
  },
  {
    "node": {
      "name": "czech_hedgehog_dynamic",
      "tm": [
        [0.0970434,0.0,0.99528],
        [0.0,1.0,0.0],
        [-0.99528,0.0,0.0970434],
        [-9.24254,0.0,-77.0109]
      ]
    }
  },
  {
    "node": {
      "name": "czech_hedgehog_dynamic",
      "tm": [
        [0.325928,0.0,0.945395],
        [0.0,1.0,0.0],
        [-0.945395,0.0,0.325928],
        [-17.9526,0.0,-79.2697]
      ]
    }
  },
  {
    "node": {
      "name": "czech_hedgehog_dynamic",
      "tm": [
        [-0.16395,0.0,0.986469],
        [0.0,1.0,0.0],
        [-0.986469,0.0,-0.16395],
        [-24.0681,0.0,-74.4793]
      ]
    }
  },
  {
    "node": {
      "name": "czech_hedgehog_dynamic",
      "tm": [
        [0.265701,0.0,0.964056],
        [0.0,1.0,0.0],
        [-0.964056,0.0,0.265701],
        [48.9949,0.0,-79.0446]
      ]
    }
  },
  {
    "node": {
      "name": "czech_hedgehog_dynamic",
      "tm": [
        [0.380085,0.0,0.924952],
        [0.0,1.0,0.0],
        [-0.924952,0.0,0.380085],
        [41.1283,0.0,-77.5369]
      ]
    }
  },
  {
    "node": {
      "name": "czech_hedgehog_dynamic",
      "tm": [
        [0.612896,0.0,0.790164],
        [0.0,1.0,0.0],
        [-0.790164,0.0,0.612896],
        [-31.6154,0.0,-68.6714]
      ]
    }
  },
  {
    "node": {
      "name": "czech_hedgehog_dynamic",
      "tm": [
        [0.779907,0.0,0.625895],
        [0.0,1.0,0.0],
        [-0.625895,0.0,0.779907],
        [-40.188,0.0,-65.9368]
      ]
    }
  },
  {
    "node": {
      "name": "czech_hedgehog_dynamic",
      "tm": [
        [0.387419,0.0,0.921904],
        [0.0,1.0,0.0],
        [-0.921904,0.0,0.387419],
        [-42.8063,0.0,-58.623]
      ]
    }
  },
  {
    "node": {
      "name": "universal_airfield_tent_l",
      "tm": [
        [0.0174523,0.0,-0.999848],
        [0.0,1.0,0.0],
        [0.999848,0.0,0.0174523],
        [60.365,0.0,29.1454]
      ]
    }
  },
  {
    "node": {
      "name": "universal_airfield_tent_l",
      "tm": [
        [-0.0697565,0.0,-0.997564],
        [0.0,1.0,0.0],
        [0.997564,0.0,-0.0697565],
        [53.5059,0.0,28.7251]
      ]
    }
  },
  {
    "node": {
      "name": "universal_airfield_fuel_box_a",
      "tm": [
        [1.0,0.0,1.49012e-08],
        [0.0,1.0,0.0],
        [-1.49012e-08,0.0,1.0],
        [-55.4793,0.0,84.5073]
      ]
    }
  },
  {
    "node": {
      "name": "universal_airfield_fuel_box_c",
      "tm": [
        [1.0,0.0,0.0],
        [0.0,1.0,0.0],
        [0.0,0.0,1.0],
        [-70.7948,0.0,84.3448]
      ]
    }
  },
  {
    "node": {
      "name": "universal_airfield_fuel_box_d",
      "tm": [
        [1.0,0.0,0.0],
        [0.0,1.0,0.0],
        [0.0,0.0,1.0],
        [-62.8901,0.0,83.9422]
      ]
    }
  },
  {
    "node": {
      "name": "universal_airfield_fuel_box_a",
      "tm": [
        [1.0,0.0,-3.01992e-07],
        [0.0,1.0,0.0],
        [3.01992e-07,0.0,1.0],
        [-31.6541,0.0,84.5056]
      ]
    }
  },
  {
    "node": {
      "name": "universal_airfield_fuel_box_c",
      "tm": [
        [1.0,0.0,-3.01992e-07],
        [0.0,1.0,0.0],
        [3.01992e-07,0.0,1.0],
        [-47.8172,0.0,83.8417]
      ]
    }
  },
  {
    "node": {
      "name": "universal_airfield_fuel_box_d",
      "tm": [
        [1.0,0.0,-3.01992e-07],
        [0.0,1.0,0.0],
        [3.01992e-07,0.0,1.0],
        [-39.9125,0.0,84.918]
      ]
    }
  },
  {
    "node": {
      "name": "zis6_fuel_a",
      "tm": [
        [-0.901024,0.0,-0.43377],
        [0.0,1.0,0.0],
        [0.43377,0.0,-0.901024],
        [-70.7972,0.0,74.0669]
      ]
    }
  },
  {
    "node": {
      "name": "universal_airfield_fuel_box_a",
      "tm": [
        [-0.965926,0.0,-0.258819],
        [0.0,1.0,0.0],
        [0.258819,0.0,-0.965926],
        [-50.7141,0.0,40.105]
      ]
    }
  },
  {
    "node": {
      "name": "universal_airfield_fuel_box_d",
      "tm": [
        [-0.965926,0.0,-0.258819],
        [0.0,1.0,0.0],
        [0.258819,0.0,-0.965926],
        [-42.6303,0.0,41.8441]
      ]
    }
  },
  {
    "node": {
      "name": "universal_airfield_fuel_box_a",
      "tm": [
        [-0.906308,0.0,0.422619],
        [0.0,1.0,0.0],
        [-0.422619,0.0,-0.906308],
        [-16.2269,0.0,40.8627]
      ]
    }
  },
  {
    "node": {
      "name": "universal_airfield_fuel_box_d",
      "tm": [
        [-0.906308,0.0,0.422619],
        [0.0,1.0,0.0],
        [-0.422619,0.0,-0.906308],
        [-8.91656,0.0,36.9988]
      ]
    }
  },
  {
    "node": {
      "name": "czech_hedgehog_dynamic",
      "tm": [
        [-1.0,0.0,1.50996e-07],
        [0.0,1.0,0.0],
        [-1.50996e-07,0.0,-1.0],
        [76.1784,0.0,31.9863]
      ]
    }
  },
  {
    "node": {
      "name": "czech_hedgehog_dynamic",
      "tm": [
        [-0.992694,0.0,0.120663],
        [0.0,1.0,0.0],
        [-0.120663,0.0,-0.992694],
        [76.815,0.0,24.0019]
      ]
    }
  },
  {
    "node": {
      "name": "czech_hedgehog_dynamic",
      "tm": [
        [-0.967822,0.0,-0.251636],
        [0.0,1.0,0.0],
        [0.251636,0.0,-0.967822],
        [79.5607,0.0,16.8667]
      ]
    }
  },
  {
    "node": {
      "name": "czech_hedgehog_dynamic",
      "tm": [
        [-0.967822,0.0,-0.251636],
        [0.0,1.0,0.0],
        [0.251636,0.0,-0.967822],
        [77.2789,0.0,8.62739]
      ]
    }
  },
  {
    "node": {
      "name": "czech_hedgehog_dynamic",
      "tm": [
        [-0.998012,0.0,0.063021],
        [0.0,1.0,0.0],
        [-0.063021,0.0,-0.998012],
        [81.2994,0.0,1.03746]
      ]
    }
  },
  {
    "node": {
      "name": "czech_hedgehog_dynamic",
      "tm": [
        [-0.98529,0.0,-0.170891],
        [0.0,1.0,0.0],
        [0.170891,0.0,-0.98529],
        [78.8455,0.0,-7.5451]
      ]
    }
  },
  {
    "node": {
      "name": "czech_hedgehog_dynamic",
      "tm": [
        [-0.998012,0.0,0.063021],
        [0.0,1.0,0.0],
        [-0.063021,0.0,-0.998012],
        [83.3374,0.0,-15.3419]
      ]
    }
  },
  {
    "node": {
      "name": "czech_hedgehog_dynamic",
      "tm": [
        [-0.907449,0.0,-0.420162],
        [0.0,1.0,0.0],
        [0.420162,0.0,-0.907449],
        [80.344,0.0,-22.5104]
      ]
    }
  },
  {
    "node": {
      "name": "universal_airfield_fuel_tent_a",
      "tm": [
        [0.422618,0.0,0.906308],
        [0.0,1.0,0.0],
        [-0.906308,0.0,0.422618],
        [-84.657,0.0,74.7803]
      ]
    }
  },
  {
    "node": {
      "name": "universal_airfield_fuel_tent_c",
      "tm": [
        [7.54979e-08,0.0,1.0],
        [0.0,1.0,0.0],
        [-1.0,0.0,7.54979e-08],
        [-85.3474,0.0,66.1129]
      ]
    }
  },
  {
    "node": {
      "name": "universal_airfield_fuel_tent_a",
      "tm": [
        [-0.34202,0.0,0.939693],
        [0.0,1.0,0.0],
        [-0.939693,0.0,-0.34202],
        [-83.3529,0.0,57.359]
      ]
    }
  },
  {
    "node": {
      "name": "universal_airfield_fuel_tent_b",
      "tm": [
        [-0.819152,0.0,-0.573577],
        [0.0,1.0,0.0],
        [0.573577,0.0,-0.819152],
        [-77.0726,0.0,51.2807]
      ]
    }
  },
  {
    "node": {
      "name": "universal_airfield_fuel_tent_b",
      "tm": [
        [-0.5,0.0,0.866025],
        [0.0,1.0,0.0],
        [-0.866025,0.0,-0.5],
        [-79.453,0.0,81.2288]
      ]
    }
  },
  {
    "node": {
      "name": "universal_airfield_fuel_tent_c",
      "tm": [
        [-0.984808,0.0,-0.173648],
        [0.0,1.0,0.0],
        [0.173648,0.0,-0.984808],
        [-34.508,0.0,44.4259]
      ]
    }
  },
  {
    "node": {
      "name": "universal_airfield_fuel_tent_c",
      "tm": [
        [0.906308,0.0,-0.422618],
        [0.0,1.0,0.0],
        [0.422618,0.0,0.906308],
        [-21.257,0.0,78.1242]
      ]
    }
  }
]